Task ID,Job ID,Arrival min,Arrival max,Cost min,Cost max,Deadline,Priority
0,0,0,1500,1627,2711,15000,0
0,1,15000,16500,1627,2711,30000,2
0,10,150000,151500,1627,2711,165000,37
0,100,1500000,1501500,1627,2711,1515000,385
0,1000,15000000,15001500,1627,2711,15015000,3868
0,10000,150000000,150001500,1627,2711,150015000,38699
0,10001,150015000,150016500,1627,2711,150030000,38702
0,10002,150030000,150031500,1627,2711,150045000,38707
0,10003,150045000,150046500,1627,2711,150060000,38709
0,10004,150060000,150061500,1627,2711,150075000,38713
0,10005,150075000,150076500,1627,2711,150090000,38719
0,10006,150090000,150091500,1627,2711,150105000,38722
0,10007,150105000,150106500,1627,2711,150120000,38723
0,10008,150120000,150121500,1627,2711,150135000,38730
0,10009,150135000,150136500,1627,2711,150150000,38732
0,1001,15015000,15016500,1627,2711,15030000,3871
0,10010,150150000,150151500,1627,2711,150165000,38738
0,10011,150165000,150166500,1627,2711,150180000,38740
0,10012,150180000,150181500,1627,2711,150195000,38744
0,10013,150195000,150196500,1627,2711,150210000,38748
0,10014,150210000,150211500,1627,2711,150225000,38754
0,10015,150225000,150226500,1627,2711,150240000,38755
0,10016,150240000,150241500,1627,2711,150255000,38761
0,10017,150255000,150256500,1627,2711,150270000,38764
0,10018,150270000,150271500,1627,2711,150285000,38768
0,10019,150285000,150286500,1627,2711,150300000,38770
0,1002,15030000,15031500,1627,2711,15045000,3876
0,10020,150300000,150301500,1627,2711,150315000,38777
0,10021,150315000,150316500,1627,2711,150330000,38780
0,10022,150330000,150331500,1627,2711,150345000,38782
0,10023,150345000,150346500,1627,2711,150360000,38786
0,10024,150360000,150361500,1627,2711,150375000,38792
0,10025,150375000,150376500,1627,2711,150390000,38794
0,10026,150390000,150391500,1627,2711,150405000,38800
0,10027,150405000,150406500,1627,2711,150420000,38802
0,10028,150420000,150421500,1627,2711,150435000,38807
0,10029,150435000,150436500,1627,2711,150450000,38811
0,1003,15045000,15046500,1627,2711,15060000,3879
0,10030,150450000,150451500,1627,2711,150465000,38814
0,10031,150465000,150466500,1627,2711,150480000,38816
0,10032,150480000,150481500,1627,2711,150495000,38823
0,10033,150495000,150496500,1627,2711,150510000,38827
0,10034,150510000,150511500,1627,2711,150525000,38830
0,10035,150525000,150526500,1627,2711,150540000,38832
0,10036,150540000,150541500,1627,2711,150555000,38838
0,10037,150555000,150556500,1627,2711,150570000,38841
0,10038,150570000,150571500,1627,2711,150585000,38846
0,10039,150585000,150586500,1627,2711,150600000,38847
0,1004,15060000,15061500,1627,2711,15075000,3883
0,10040,150600000,150601500,1627,2711,150615000,38854
0,10041,150615000,150616500,1627,2711,150630000,38857
0,10042,150630000,150631500,1627,2711,150645000,38861
0,10043,150645000,150646500,1627,2711,150660000,38863
0,10044,150660000,150661500,1627,2711,150675000,38870
0,10045,150675000,150676500,1627,2711,150690000,38873
0,10046,150690000,150691500,1627,2711,150705000,38876
0,10047,150705000,150706500,1627,2711,150720000,38879
0,10048,150720000,150721500,1627,2711,150735000,38884
0,10049,150735000,150736500,1627,2711,150750000,38887
0,1005,15075000,15076500,1627,2711,15090000,3888
0,10050,150750000,150751500,1627,2711,150765000,38893
0,10051,150765000,150766500,1627,2711,150780000,38894
0,10052,150780000,150781500,1627,2711,150795000,38899
0,10053,150795000,150796500,1627,2711,150810000,38905
0,10054,150810000,150811500,1627,2711,150825000,38907
0,10055,150825000,150826500,1627,2711,150840000,38908
0,10056,150840000,150841500,1627,2711,150855000,38917
0,10057,150855000,150856500,1627,2711,150870000,38920
0,10058,150870000,150871500,1627,2711,150885000,38923
0,10059,150885000,150886500,1627,2711,150900000,38925
0,1006,15090000,15091500,1627,2711,15105000,3891
0,10060,150900000,150901500,1627,2711,150915000,38930
0,10061,150915000,150916500,1627,2711,150930000,38934
0,10062,150930000,150931500,1627,2711,150945000,38939
0,10063,150945000,150946500,1627,2711,150960000,38941
0,10064,150960000,150961500,1627,2711,150975000,38946
0,10065,150975000,150976500,1627,2711,150990000,38949
0,10066,150990000,150991500,1627,2711,151005000,38955
0,10067,151005000,151006500,1627,2711,151020000,38956
0,10068,151020000,151021500,1627,2711,151035000,38962
0,10069,151035000,151036500,1627,2711,151050000,38965
0,1007,15105000,15106500,1627,2711,15120000,3892
0,10070,151050000,151051500,1627,2711,151065000,38970
0,10071,151065000,151066500,1627,2711,151080000,38972
0,10072,151080000,151081500,1627,2711,151095000,38977
0,10073,151095000,151096500,1627,2711,151110000,38980
0,10074,151110000,151111500,1627,2711,151125000,38985
0,10075,151125000,151126500,1627,2711,151140000,38988
0,10076,151140000,151141500,1627,2711,151155000,38993
0,10077,151155000,151156500,1627,2711,151170000,38997
0,10078,151170000,151171500,1627,2711,151185000,38999
0,10079,151185000,151186500,1627,2711,151200000,39001
0,1008,15120000,15121500,1627,2711,15135000,3900
0,10080,151200000,151201500,1627,2711,151215000,39010
0,10081,151215000,151216500,1627,2711,151230000,39012
0,10082,151230000,151231500,1627,2711,151245000,39015
0,10083,151245000,151246500,1627,2711,151260000,39019
0,10084,151260000,151261500,1627,2711,151275000,39024
0,10085,151275000,151276500,1627,2711,151290000,39027
0,10086,151290000,151291500,1627,2711,151305000,39032
0,10087,151305000,151306500,1627,2711,151320000,39033
0,10088,151320000,151321500,1627,2711,151335000,39039
0,10089,151335000,151336500,1627,2711,151350000,39043
0,1009,15135000,15136500,1627,2711,15150000,3903
0,10090,151350000,151351500,1627,2711,151365000,39047
0,10091,151365000,151366500,1627,2711,151380000,39048
0,10092,151380000,151381500,1627,2711,151395000,39055
0,10093,151395000,151396500,1627,2711,151410000,39059
0,10094,151410000,151411500,1627,2711,151425000,39062
0,10095,151425000,151426500,1627,2711,151440000,39064
0,10096,151440000,151441500,1627,2711,151455000,39071
0,10097,151455000,151456500,1627,2711,151470000,39073
0,10098,151470000,151471500,1627,2711,151485000,39079
0,10099,151485000,151486500,1627,2711,151500000,39080
0,101,1515000,1516500,1627,2711,1530000,388
0,1010,15150000,15151500,1627,2711,15165000,3907
0,10100,151500000,151501500,1627,2711,151515000,39085
0,10101,151515000,151516500,1627,2711,151530000,39090
0,10102,151530000,151531500,1627,2711,151545000,39092
0,10103,151545000,151546500,1627,2711,151560000,39095
0,10104,151560000,151561500,1627,2711,151575000,39102
0,10105,151575000,151576500,1627,2711,151590000,39105
0,10106,151590000,151591500,1627,2711,151605000,39109
0,10107,151605000,151606500,1627,2711,151620000,39111
0,10108,151620000,151621500,1627,2711,151635000,39116
0,10109,151635000,151636500,1627,2711,151650000,39120
0,1011,15165000,15166500,1627,2711,15180000,3909
0,10110,151650000,151651500,1627,2711,151665000,39125
0,10111,151665000,151666500,1627,2711,151680000,39126
0,10112,151680000,151681500,1627,2711,151695000,39132
0,10113,151695000,151696500,1627,2711,151710000,39136
0,10114,151710000,151711500,1627,2711,151725000,39140
0,10115,151725000,151726500,1627,2711,151740000,39141
0,10116,151740000,151741500,1627,2711,151755000,39148
0,10117,151755000,151756500,1627,2711,151770000,39152
0,10118,151770000,151771500,1627,2711,151785000,39155
0,10119,151785000,151786500,1627,2711,151800000,39157
0,1012,15180000,15181500,1627,2711,15195000,3914
0,10120,151800000,151801500,1627,2711,151815000,39163
0,10121,151815000,151816500,1627,2711,151830000,39165
0,10122,151830000,151831500,1627,2711,151845000,39172
0,10123,151845000,151846500,1627,2711,151860000,39174
0,10124,151860000,151861500,1627,2711,151875000,39178
0,10125,151875000,151876500,1627,2711,151890000,39182
0,10126,151890000,151891500,1627,2711,151905000,39186
0,10127,151905000,151906500,1627,2711,151920000,39188
0,10128,151920000,151921500,1627,2711,151935000,39195
0,10129,151935000,151936500,1627,2711,151950000,39197
0,1013,15195000,15196500,1627,2711,15210000,3918
0,10130,151950000,151951500,1627,2711,151965000,39201
0,10131,151965000,151966500,1627,2711,151980000,39205
0,10132,151980000,151981500,1627,2711,151995000,39209
0,10133,151995000,151996500,1627,2711,152010000,39213
0,10134,152010000,152011500,1627,2711,152025000,39217
0,10135,152025000,152026500,1627,2711,152040000,39219
0,10136,152040000,152041500,1627,2711,152055000,39226
0,10137,152055000,152056500,1627,2711,152070000,39229
0,10138,152070000,152071500,1627,2711,152085000,39232
0,10139,152085000,152086500,1627,2711,152100000,39233
0,1014,15210000,15211500,1627,2711,15225000,3923
0,10140,152100000,152101500,1627,2711,152115000,39242
0,10141,152115000,152116500,1627,2711,152130000,39245
0,10142,152130000,152131500,1627,2711,152145000,39247
0,10143,152145000,152146500,1627,2711,152160000,39250
0,10144,152160000,152161500,1627,2711,152175000,39256
0,10145,152175000,152176500,1627,2711,152190000,39259
0,10146,152190000,152191500,1627,2711,152205000,39265
0,10147,152205000,152206500,1627,2711,152220000,39266
0,10148,152220000,152221500,1627,2711,152235000,39271
0,10149,152235000,152236500,1627,2711,152250000,39275
0,1015,15225000,15226500,1627,2711,15240000,3924
0,10150,152250000,152251500,1627,2711,152265000,39279
0,10151,152265000,152266500,1627,2711,152280000,39280
0,10152,152280000,152281500,1627,2711,152295000,39287
0,10153,152295000,152296500,1627,2711,152310000,39291
0,10154,152310000,152311500,1627,2711,152325000,39295
0,10155,152325000,152326500,1627,2711,152340000,39297
0,10156,152340000,152341500,1627,2711,152355000,39302
0,10157,152355000,152356500,1627,2711,152370000,39306
0,10158,152370000,152371500,1627,2711,152385000,39310
0,10159,152385000,152386500,1627,2711,152400000,39312
0,1016,15240000,15241500,1627,2711,15255000,3930
0,10160,152400000,152401500,1627,2711,152415000,39318
0,10161,152415000,152416500,1627,2711,152430000,39322
0,10162,152430000,152431500,1627,2711,152445000,39325
0,10163,152445000,152446500,1627,2711,152460000,39327
0,10164,152460000,152461500,1627,2711,152475000,39334
0,10165,152475000,152476500,1627,2711,152490000,39337
0,10166,152490000,152491500,1627,2711,152505000,39341
0,10167,152505000,152506500,1627,2711,152520000,39343
0,10168,152520000,152521500,1627,2711,152535000,39349
0,10169,152535000,152536500,1627,2711,152550000,39351
0,1017,15255000,15256500,1627,2711,15270000,3934
0,10170,152550000,152551500,1627,2711,152565000,39358
0,10171,152565000,152566500,1627,2711,152580000,39359
0,10172,152580000,152581500,1627,2711,152595000,39363
0,10173,152595000,152596500,1627,2711,152610000,39369
0,10174,152610000,152611500,1627,2711,152625000,39372
0,10175,152625000,152626500,1627,2711,152640000,39373
0,10176,152640000,152641500,1627,2711,152655000,39381
0,10177,152655000,152656500,1627,2711,152670000,39383
0,10178,152670000,152671500,1627,2711,152685000,39387
0,10179,152685000,152686500,1627,2711,152700000,39390
0,1018,15270000,15271500,1627,2711,15285000,3938
0,10180,152700000,152701500,1627,2711,152715000,39395
0,10181,152715000,152716500,1627,2711,152730000,39398
0,10182,152730000,152731500,1627,2711,152745000,39403
0,10183,152745000,152746500,1627,2711,152760000,39406
0,10184,152760000,152761500,1627,2711,152775000,39411
0,10185,152775000,152776500,1627,2711,152790000,39414
0,10186,152790000,152791500,1627,2711,152805000,39418
0,10187,152805000,152806500,1627,2711,152820000,39421
0,10188,152820000,152821500,1627,2711,152835000,39427
0,10189,152835000,152836500,1627,2711,152850000,39430
0,1019,15285000,15286500,1627,2711,15300000,3939
0,10190,152850000,152851500,1627,2711,152865000,39433
0,10191,152865000,152866500,1627,2711,152880000,39435
0,10192,152880000,152881500,1627,2711,152895000,39442
0,10193,152895000,152896500,1627,2711,152910000,39445
0,10194,152910000,152911500,1627,2711,152925000,39450
0,10195,152925000,152926500,1627,2711,152940000,39451
0,10196,152940000,152941500,1627,2711,152955000,39458
0,10197,152955000,152956500,1627,2711,152970000,39462
0,10198,152970000,152971500,1627,2711,152985000,39464
0,10199,152985000,152986500,1627,2711,153000000,39465
0,102,1530000,1531500,1627,2711,1545000,393
0,1020,15300000,15301500,1627,2711,15315000,3946
0,10200,153000000,153001500,1627,2711,153015000,39474
0,10201,153015000,153016500,1627,2711,153030000,39477
0,10202,153030000,153031500,1627,2711,153045000,39480
0,10203,153045000,153046500,1627,2711,153060000,39483
0,10204,153060000,153061500,1627,2711,153075000,39487
0,10205,153075000,153076500,1627,2711,153090000,39491
0,10206,153090000,153091500,1627,2711,153105000,39497
0,10207,153105000,153106500,1627,2711,153120000,39498
0,10208,153120000,153121500,1627,2711,153135000,39503
0,10209,153135000,153136500,1627,2711,153150000,39507
0,1021,15315000,15316500,1627,2711,15330000,3949
0,10210,153150000,153151500,1627,2711,153165000,39512
0,10211,153165000,153166500,1627,2711,153180000,39513
0,10212,153180000,153181500,1627,2711,153195000,39519
0,10213,153195000,153196500,1627,2711,153210000,39524
0,10214,153210000,153211500,1627,2711,153225000,39526
0,10215,153225000,153226500,1627,2711,153240000,39529
0,10216,153240000,153241500,1627,2711,153255000,39535
0,10217,153255000,153256500,1627,2711,153270000,39537
0,10218,153270000,153271500,1627,2711,153285000,39543
0,10219,153285000,153286500,1627,2711,153300000,39544
0,1022,15330000,15331500,1627,2711,15345000,3953
0,10220,153300000,153301500,1627,2711,153315000,39550
0,10221,153315000,153316500,1627,2711,153330000,39554
0,10222,153330000,153331500,1627,2711,153345000,39557
0,10223,153345000,153346500,1627,2711,153360000,39559
0,10224,153360000,153361500,1627,2711,153375000,39567
0,10225,153375000,153376500,1627,2711,153390000,39569
0,10226,153390000,153391500,1627,2711,153405000,39574
0,10227,153405000,153406500,1627,2711,153420000,39576
0,10228,153420000,153421500,1627,2711,153435000,39580
0,10229,153435000,153436500,1627,2711,153450000,39584
0,1023,15345000,15346500,1627,2711,15360000,3956
0,10230,153450000,153451500,1627,2711,153465000,39589
0,10231,153465000,153466500,1627,2711,153480000,39591
0,10232,153480000,153481500,1627,2711,153495000,39596
0,10233,153495000,153496500,1627,2711,153510000,39600
0,10234,153510000,153511500,1627,2711,153525000,39604
0,10235,153525000,153526500,1627,2711,153540000,39606
0,10236,153540000,153541500,1627,2711,153555000,39613
0,10237,153555000,153556500,1627,2711,153570000,39616
0,10238,153570000,153571500,1627,2711,153585000,39619
0,10239,153585000,153586500,1627,2711,153600000,39622
0,1024,15360000,15361500,1627,2711,15375000,3961
0,10240,153600000,153601500,1627,2711,153615000,39628
0,10241,153615000,153616500,1627,2711,153630000,39630
0,10242,153630000,153631500,1627,2711,153645000,39635
0,10243,153645000,153646500,1627,2711,153660000,39638
0,10244,153660000,153661500,1627,2711,153675000,39643
0,10245,153675000,153676500,1627,2711,153690000,39647
0,10246,153690000,153691500,1627,2711,153705000,39650
0,10247,153705000,153706500,1627,2711,153720000,39651
0,10248,153720000,153721500,1627,2711,153735000,39660
0,10249,153735000,153736500,1627,2711,153750000,39662
0,1025,15375000,15376500,1627,2711,15390000,3963
0,10250,153750000,153751500,1627,2711,153765000,39666
0,10251,153765000,153766500,1627,2711,153780000,39668
0,10252,153780000,153781500,1627,2711,153795000,39674
0,10253,153795000,153796500,1627,2711,153810000,39678
0,10254,153810000,153811500,1627,2711,153825000,39682
0,10255,153825000,153826500,1627,2711,153840000,39683
0,10256,153840000,153841500,1627,2711,153855000,39689
0,10257,153855000,153856500,1627,2711,153870000,39694
0,10258,153870000,153871500,1627,2711,153885000,39697
0,10259,153885000,153886500,1627,2711,153900000,39698
0,1026,15390000,15391500,1627,2711,15405000,3970
0,10260,153900000,153901500,1627,2711,153915000,39705
0,10261,153915000,153916500,1627,2711,153930000,39709
0,10262,153930000,153931500,1627,2711,153945000,39712
0,10263,153945000,153946500,1627,2711,153960000,39715
0,10264,153960000,153961500,1627,2711,153975000,39720
0,10265,153975000,153976500,1627,2711,153990000,39723
0,10266,153990000,153991500,1627,2711,154005000,39730
0,10267,154005000,154006500,1627,2711,154020000,39731
0,10268,154020000,154021500,1627,2711,154035000,39735
0,10269,154035000,154036500,1627,2711,154050000,39739
0,1027,15405000,15406500,1627,2711,15420000,3972
0,10270,154050000,154051500,1627,2711,154065000,39743
0,10271,154065000,154066500,1627,2711,154080000,39745
0,10272,154080000,154081500,1627,2711,154095000,39752
0,10273,154095000,154096500,1627,2711,154110000,39755
0,10274,154110000,154111500,1627,2711,154125000,39759
0,10275,154125000,154126500,1627,2711,154140000,39761
0,10276,154140000,154141500,1627,2711,154155000,39767
0,10277,154155000,154156500,1627,2711,154170000,39770
0,10278,154170000,154171500,1627,2711,154185000,39775
0,10279,154185000,154186500,1627,2711,154200000,39776
0,1028,15420000,15421500,1627,2711,15435000,3976
0,10280,154200000,154201500,1627,2711,154215000,39783
0,10281,154215000,154216500,1627,2711,154230000,39786
0,10282,154230000,154231500,1627,2711,154245000,39789
0,10283,154245000,154246500,1627,2711,154260000,39792
0,10284,154260000,154261500,1627,2711,154275000,39798
0,10285,154275000,154276500,1627,2711,154290000,39802
0,10286,154290000,154291500,1627,2711,154305000,39805
0,10287,154305000,154306500,1627,2711,154320000,39808
0,10288,154320000,154321500,1627,2711,154335000,39813
0,10289,154335000,154336500,1627,2711,154350000,39815
0,1029,15435000,15436500,1627,2711,15450000,3980
0,10290,154350000,154351500,1627,2711,154365000,39822
0,10291,154365000,154366500,1627,2711,154380000,39824
0,10292,154380000,154381500,1627,2711,154395000,39828
0,10293,154395000,154396500,1627,2711,154410000,39833
0,10294,154410000,154411500,1627,2711,154425000,39836
0,10295,154425000,154426500,1627,2711,154440000,39837
0,10296,154440000,154441500,1627,2711,154455000,39846
0,10297,154455000,154456500,1627,2711,154470000,39848
0,10298,154470000,154471500,1627,2711,154485000,39851
0,10299,154485000,154486500,1627,2711,154500000,39854
0,103,1545000,1546500,1627,2711,1560000,395
0,1030,15450000,15451500,1627,2711,15465000,3983
0,10300,154500000,154501500,1627,2711,154515000,39860
0,10301,154515000,154516500,1627,2711,154530000,39863
0,10302,154530000,154531500,1627,2711,154545000,39867
0,10303,154545000,154546500,1627,2711,154560000,39869
0,10304,154560000,154561500,1627,2711,154575000,39876
0,10305,154575000,154576500,1627,2711,154590000,39879
0,10306,154590000,154591500,1627,2711,154605000,39883
0,10307,154605000,154606500,1627,2711,154620000,39884
0,10308,154620000,154621500,1627,2711,154635000,39891
0,10309,154635000,154636500,1627,2711,154650000,39895
0,1031,15465000,15466500,1627,2711,15480000,3986
0,10310,154650000,154651500,1627,2711,154665000,39898
0,10311,154665000,154666500,1627,2711,154680000,39900
0,10312,154680000,154681500,1627,2711,154695000,39905
0,10313,154695000,154696500,1627,2711,154710000,39910
0,10314,154710000,154711500,1627,2711,154725000,39915
0,10315,154725000,154726500,1627,2711,154740000,39916
0,10316,154740000,154741500,1627,2711,154755000,39921
0,10317,154755000,154756500,1627,2711,154770000,39926
0,10318,154770000,154771500,1627,2711,154785000,39929
0,10319,154785000,154786500,1627,2711,154800000,39930
0,1032,15480000,15481500,1627,2711,15495000,3993
0,10320,154800000,154801500,1627,2711,154815000,39938
0,10321,154815000,154816500,1627,2711,154830000,39940
0,10322,154830000,154831500,1627,2711,154845000,39945
0,10323,154845000,154846500,1627,2711,154860000,39948
0,10324,154860000,154861500,1627,2711,154875000,39952
0,10325,154875000,154876500,1627,2711,154890000,39955
0,10326,154890000,154891500,1627,2711,154905000,39961
0,10327,154905000,154906500,1627,2711,154920000,39963
0,10328,154920000,154921500,1627,2711,154935000,39968
0,10329,154935000,154936500,1627,2711,154950000,39971
0,1033,15495000,15496500,1627,2711,15510000,3996
0,10330,154950000,154951500,1627,2711,154965000,39976
0,10331,154965000,154966500,1627,2711,154980000,39977
0,10332,154980000,154981500,1627,2711,154995000,39984
0,10333,154995000,154996500,1627,2711,155010000,39988
0,10334,155010000,155011500,1627,2711,155025000,39990
0,10335,155025000,155026500,1627,2711,155040000,39993
0,10336,155040000,155041500,1627,2711,155055000,40000
0,10337,155055000,155056500,1627,2711,155070000,40002
0,10338,155070000,155071500,1627,2711,155085000,40007
0,10339,155085000,155086500,1627,2711,155100000,40009
0,1034,15510000,15511500,1627,2711,15525000,3999
0,10340,155100000,155101500,1627,2711,155115000,40014
0,10341,155115000,155116500,1627,2711,155130000,40019
0,10342,155130000,155131500,1627,2711,155145000,40021
0,10343,155145000,155146500,1627,2711,155160000,40024
0,10344,155160000,155161500,1627,2711,155175000,40031
0,10345,155175000,155176500,1627,2711,155190000,40033
0,10346,155190000,155191500,1627,2711,155205000,40038
0,10347,155205000,155206500,1627,2711,155220000,40040
0,10348,155220000,155221500,1627,2711,155235000,40045
0,10349,155235000,155236500,1627,2711,155250000,40048
0,1035,15525000,15526500,1627,2711,15540000,4002
0,10350,155250000,155251500,1627,2711,155265000,40054
0,10351,155265000,155266500,1627,2711,155280000,40055
0,10352,155280000,155281500,1627,2711,155295000,40061
0,10353,155295000,155296500,1627,2711,155310000,40065
0,10354,155310000,155311500,1627,2711,155325000,40068
0,10355,155325000,155326500,1627,2711,155340000,40070
0,10356,155340000,155341500,1627,2711,155355000,40078
0,10357,155355000,155356500,1627,2711,155370000,40081
0,10358,155370000,155371500,1627,2711,155385000,40083
0,10359,155385000,155386500,1627,2711,155400000,40085
0,1036,15540000,15541500,1627,2711,15555000,4008
0,10360,155400000,155401500,1627,2711,155415000,40092
0,10361,155415000,155416500,1627,2711,155430000,40095
0,10362,155430000,155431500,1627,2711,155445000,40100
0,10363,155445000,155446500,1627,2711,155460000,40102
0,10364,155460000,155461500,1627,2711,155475000,40107
0,10365,155475000,155476500,1627,2711,155490000,40112
0,10366,155490000,155491500,1627,2711,155505000,40115
0,10367,155505000,155506500,1627,2711,155520000,40116
0,10368,155520000,155521500,1627,2711,155535000,40123
0,10369,155535000,155536500,1627,2711,155550000,40127
0,1037,15555000,15556500,1627,2711,15570000,4011
0,10370,155550000,155551500,1627,2711,155565000,40131
0,10371,155565000,155566500,1627,2711,155580000,40133
0,10372,155580000,155581500,1627,2711,155595000,40137
0,10373,155595000,155596500,1627,2711,155610000,40141
0,10374,155610000,155611500,1627,2711,155625000,40147
0,10375,155625000,155626500,1627,2711,155640000,40148
0,10376,155640000,155641500,1627,2711,155655000,40154
0,10377,155655000,155656500,1627,2711,155670000,40157
0,10378,155670000,155671500,1627,2711,155685000,40162
0,10379,155685000,155686500,1627,2711,155700000,40163
0,1038,15570000,15571500,1627,2711,15585000,4015
0,10380,155700000,155701500,1627,2711,155715000,40170
0,10381,155715000,155716500,1627,2711,155730000,40173
0,10382,155730000,155731500,1627,2711,155745000,40176
0,10383,155745000,155746500,1627,2711,155760000,40180
0,10384,155760000,155761500,1627,2711,155775000,40185
0,10385,155775000,155776500,1627,2711,155790000,40187
0,10386,155790000,155791500,1627,2711,155805000,40193
0,10387,155805000,155806500,1627,2711,155820000,40195
0,10388,155820000,155821500,1627,2711,155835000,40200
0,10389,155835000,155836500,1627,2711,155850000,40204
0,1039,15585000,15586500,1627,2711,15600000,4016
0,10390,155850000,155851500,1627,2711,155865000,40207
0,10391,155865000,155866500,1627,2711,155880000,40209
0,10392,155880000,155881500,1627,2711,155895000,40217
0,10393,155895000,155896500,1627,2711,155910000,40220
0,10394,155910000,155911500,1627,2711,155925000,40223
0,10395,155925000,155926500,1627,2711,155940000,40226
0,10396,155940000,155941500,1627,2711,155955000,40231
0,10397,155955000,155956500,1627,2711,155970000,40235
0,10398,155970000,155971500,1627,2711,155985000,40239
0,10399,155985000,155986500,1627,2711,156000000,40240
0,104,1560000,1561500,1627,2711,1575000,401
0,1040,15600000,15601500,1627,2711,15615000,4024
0,10400,156000000,156001500,1627,2711,156015000,40247
0,10401,156015000,156016500,1627,2711,156030000,40250
0,10402,156030000,156031500,1627,2711,156045000,40254
0,10403,156045000,156046500,1627,2711,156060000,40256
0,10404,156060000,156061500,1627,2711,156075000,40263
0,10405,156075000,156076500,1627,2711,156090000,40266
0,10406,156090000,156091500,1627,2711,156105000,40270
0,10407,156105000,156106500,1627,2711,156120000,40272
0,10408,156120000,156121500,1627,2711,156135000,40278
0,10409,156135000,156136500,1627,2711,156150000,40280
0,1041,15615000,15616500,1627,2711,15630000,4027
0,10410,156150000,156151500,1627,2711,156165000,40286
0,10411,156165000,156166500,1627,2711,156180000,40288
0,10412,156180000,156181500,1627,2711,156195000,40292
0,10413,156195000,156196500,1627,2711,156210000,40298
0,10414,156210000,156211500,1627,2711,156225000,40300
0,10415,156225000,156226500,1627,2711,156240000,40301
0,10416,156240000,156241500,1627,2711,156255000,40310
0,10417,156255000,156256500,1627,2711,156270000,40313
0,10418,156270000,156271500,1627,2711,156285000,40316
0,10419,156285000,156286500,1627,2711,156300000,40318
0,1042,15630000,15631500,1627,2711,15645000,4030
0,10420,156300000,156301500,1627,2711,156315000,40324
0,10421,156315000,156316500,1627,2711,156330000,40328
0,10422,156330000,156331500,1627,2711,156345000,40332
0,10423,156345000,156346500,1627,2711,156360000,40334
0,10424,156360000,156361500,1627,2711,156375000,40339
0,10425,156375000,156376500,1627,2711,156390000,40343
0,10426,156390000,156391500,1627,2711,156405000,40348
0,10427,156405000,156406500,1627,2711,156420000,40349
0,10428,156420000,156421500,1627,2711,156435000,40355
0,10429,156435000,156436500,1627,2711,156450000,40358
0,1043,15645000,15646500,1627,2711,15660000,4032
0,10430,156450000,156451500,1627,2711,156465000,40363
0,10431,156465000,156466500,1627,2711,156480000,40365
0,10432,156480000,156481500,1627,2711,156495000,40370
0,10433,156495000,156496500,1627,2711,156510000,40373
0,10434,156510000,156511500,1627,2711,156525000,40380
0,10435,156525000,156526500,1627,2711,156540000,40381
0,10436,156540000,156541500,1627,2711,156555000,40386
0,10437,156555000,156556500,1627,2711,156570000,40390
0,10438,156570000,156571500,1627,2711,156585000,40392
0,10439,156585000,156586500,1627,2711,156600000,40395
0,1044,15660000,15661500,1627,2711,15675000,4039
0,10440,156600000,156601500,1627,2711,156615000,40403
0,10441,156615000,156616500,1627,2711,156630000,40405
0,10442,156630000,156631500,1627,2711,156645000,40408
0,10443,156645000,156646500,1627,2711,156660000,40412
0,10444,156660000,156661500,1627,2711,156675000,40417
0,10445,156675000,156676500,1627,2711,156690000,40420
0,10446,156690000,156691500,1627,2711,156705000,40425
0,10447,156705000,156706500,1627,2711,156720000,40427
0,10448,156720000,156721500,1627,2711,156735000,40433
0,10449,156735000,156736500,1627,2711,156750000,40436
0,1045,15675000,15676500,1627,2711,15690000,4043
0,10450,156750000,156751500,1627,2711,156765000,40440
0,10451,156765000,156766500,1627,2711,156780000,40441
0,10452,156780000,156781500,1627,2711,156795000,40448
0,10453,156795000,156796500,1627,2711,156810000,40453
0,10454,156810000,156811500,1627,2711,156825000,40455
0,10455,156825000,156826500,1627,2711,156840000,40457
0,10456,156840000,156841500,1627,2711,156855000,40464
0,10457,156855000,156856500,1627,2711,156870000,40466
0,10458,156870000,156871500,1627,2711,156885000,40472
0,10459,156885000,156886500,1627,2711,156900000,40473
0,1046,15690000,15691500,1627,2711,15705000,4046
0,10460,156900000,156901500,1627,2711,156915000,40479
0,10461,156915000,156916500,1627,2711,156930000,40483
0,10462,156930000,156931500,1627,2711,156945000,40486
0,10463,156945000,156946500,1627,2711,156960000,40488
0,10464,156960000,156961500,1627,2711,156975000,40495
0,10465,156975000,156976500,1627,2711,156990000,40498
0,10466,156990000,156991500,1627,2711,157005000,40502
0,10467,157005000,157006500,1627,2711,157020000,40505
0,10468,157020000,157021500,1627,2711,157035000,40509
0,10469,157035000,157036500,1627,2711,157050000,40513
0,1047,15705000,15706500,1627,2711,15720000,4048
0,10470,157050000,157051500,1627,2711,157065000,40518
0,10471,157065000,157066500,1627,2711,157080000,40519
0,10472,157080000,157081500,1627,2711,157095000,40525
0,10473,157095000,157096500,1627,2711,157110000,40530
0,10474,157110000,157111500,1627,2711,157125000,40533
0,10475,157125000,157126500,1627,2711,157140000,40534
0,10476,157140000,157141500,1627,2711,157155000,40542
0,10477,157155000,157156500,1627,2711,157170000,40545
0,10478,157170000,157171500,1627,2711,157185000,40548
0,10479,157185000,157186500,1627,2711,157200000,40550
0,1048,15720000,15721500,1627,2711,15735000,4054
0,10480,157200000,157201500,1627,2711,157215000,40556
0,10481,157215000,157216500,1627,2711,157230000,40559
0,10482,157230000,157231500,1627,2711,157245000,40565
0,10483,157245000,157246500,1627,2711,157260000,40567
0,10484,157260000,157261500,1627,2711,157275000,40571
0,10485,157275000,157276500,1627,2711,157290000,40575
0,10486,157290000,157291500,1627,2711,157305000,40580
0,10487,157305000,157306500,1627,2711,157320000,40581
0,10488,157320000,157321500,1627,2711,157335000,40588
0,10489,157335000,157336500,1627,2711,157350000,40590
0,1049,15735000,15736500,1627,2711,15750000,4056
0,10490,157350000,157351500,1627,2711,157365000,40595
0,10491,157365000,157366500,1627,2711,157380000,40598
0,10492,157380000,157381500,1627,2711,157395000,40602
0,10493,157395000,157396500,1627,2711,157410000,40606
0,10494,157410000,157411500,1627,2711,157425000,40610
0,10495,157425000,157426500,1627,2711,157440000,40613
0,10496,157440000,157441500,1627,2711,157455000,40619
0,10497,157455000,157456500,1627,2711,157470000,40622
0,10498,157470000,157471500,1627,2711,157485000,40625
0,10499,157485000,157486500,1627,2711,157500000,40627
0,105,1575000,1576500,1627,2711,1590000,404
0,1050,15750000,15751500,1627,2711,15765000,4063
0,10500,157500000,157501500,1627,2711,157515000,40635
0,10501,157515000,157516500,1627,2711,157530000,40638
0,10502,157530000,157531500,1627,2711,157545000,40640
0,10503,157545000,157546500,1627,2711,157560000,40643
0,10504,157560000,157561500,1627,2711,157575000,40650
0,10505,157575000,157576500,1627,2711,157590000,40652
0,10506,157590000,157591500,1627,2711,157605000,40658
0,10507,157605000,157606500,1627,2711,157620000,40659
0,10508,157620000,157621500,1627,2711,157635000,40664
0,10509,157635000,157636500,1627,2711,157650000,40669
0,1051,15765000,15766500,1627,2711,15780000,4064
0,10510,157650000,157651500,1627,2711,157665000,40672
0,10511,157665000,157666500,1627,2711,157680000,40673
0,10512,157680000,157681500,1627,2711,157695000,40681
0,10513,157695000,157696500,1627,2711,157710000,40684
0,10514,157710000,157711500,1627,2711,157725000,40688
0,10515,157725000,157726500,1627,2711,157740000,40690
0,10516,157740000,157741500,1627,2711,157755000,40695
0,10517,157755000,157756500,1627,2711,157770000,40699
0,10518,157770000,157771500,1627,2711,157785000,40704
0,10519,157785000,157786500,1627,2711,157800000,40705
0,1052,15780000,15781500,1627,2711,15795000,4068
0,10520,157800000,157801500,1627,2711,157815000,40711
0,10521,157815000,157816500,1627,2711,157830000,40715
0,10522,157830000,157831500,1627,2711,157845000,40718
0,10523,157845000,157846500,1627,2711,157860000,40721
0,10524,157860000,157861500,1627,2711,157875000,40727
0,10525,157875000,157876500,1627,2711,157890000,40731
0,10526,157890000,157891500,1627,2711,157905000,40734
0,10527,157905000,157906500,1627,2711,157920000,40736
0,10528,157920000,157921500,1627,2711,157935000,40742
0,10529,157935000,157936500,1627,2711,157950000,40744
0,1053,15795000,15796500,1627,2711,15810000,4074
0,10530,157950000,157951500,1627,2711,157965000,40751
0,10531,157965000,157966500,1627,2711,157980000,40752
0,10532,157980000,157981500,1627,2711,157995000,40757
0,10533,157995000,157996500,1627,2711,158010000,40762
0,10534,158010000,158011500,1627,2711,158025000,40765
0,10535,158025000,158026500,1627,2711,158040000,40766
0,10536,158040000,158041500,1627,2711,158055000,40774
0,10537,158055000,158056500,1627,2711,158070000,40777
0,10538,158070000,158071500,1627,2711,158085000,40781
0,10539,158085000,158086500,1627,2711,158100000,40783
0,1054,15810000,15811500,1627,2711,15825000,4077
0,10540,158100000,158101500,1627,2711,158115000,40788
0,10541,158115000,158116500,1627,2711,158130000,40791
0,10542,158130000,158131500,1627,2711,158145000,40796
0,10543,158145000,158146500,1627,2711,158160000,40799
0,10544,158160000,158161500,1627,2711,158175000,40804
0,10545,158175000,158176500,1627,2711,158190000,40807
0,10546,158190000,158191500,1627,2711,158205000,40812
0,10547,158205000,158206500,1627,2711,158220000,40814
0,10548,158220000,158221500,1627,2711,158235000,40820
0,10549,158235000,158236500,1627,2711,158250000,40823
0,1055,15825000,15826500,1627,2711,15840000,4078
0,10550,158250000,158251500,1627,2711,158265000,40826
0,10551,158265000,158266500,1627,2711,158280000,40830
0,10552,158280000,158281500,1627,2711,158295000,40835
0,10553,158295000,158296500,1627,2711,158310000,40838
0,10554,158310000,158311500,1627,2711,158325000,40843
0,10555,158325000,158326500,1627,2711,158340000,40844
0,10556,158340000,158341500,1627,2711,158355000,40851
0,10557,158355000,158356500,1627,2711,158370000,40855
0,10558,158370000,158371500,1627,2711,158385000,40857
0,10559,158385000,158386500,1627,2711,158400000,40858
0,1056,15840000,15841500,1627,2711,15855000,4086
0,10560,158400000,158401500,1627,2711,158415000,40868
0,10561,158415000,158416500,1627,2711,158430000,40870
0,10562,158430000,158431500,1627,2711,158445000,40873
0,10563,158445000,158446500,1627,2711,158460000,40876
0,10564,158460000,158461500,1627,2711,158475000,40881
0,10565,158475000,158476500,1627,2711,158490000,40885
0,10566,158490000,158491500,1627,2711,158505000,40890
0,10567,158505000,158506500,1627,2711,158520000,40891
0,10568,158520000,158521500,1627,2711,158535000,40896
0,10569,158535000,158536500,1627,2711,158550000,40900
0,1057,15855000,15856500,1627,2711,15870000,4089
0,10570,158550000,158551500,1627,2711,158565000,40905
0,10571,158565000,158566500,1627,2711,158580000,40906
0,10572,158580000,158581500,1627,2711,158595000,40912
0,10573,158595000,158596500,1627,2711,158610000,40917
0,10574,158610000,158611500,1627,2711,158625000,40920
0,10575,158625000,158626500,1627,2711,158640000,40922
0,10576,158640000,158641500,1627,2711,158655000,40928
0,10577,158655000,158656500,1627,2711,158670000,40931
0,10578,158670000,158671500,1627,2711,158685000,40936
0,10579,158685000,158686500,1627,2711,158700000,40938
0,1058,15870000,15871500,1627,2711,15885000,4092
0,10580,158700000,158701500,1627,2711,158715000,40943
0,10581,158715000,158716500,1627,2711,158730000,40947
0,10582,158730000,158731500,1627,2711,158745000,40950
0,10583,158745000,158746500,1627,2711,158760000,40952
0,10584,158760000,158761500,1627,2711,158775000,40960
0,10585,158775000,158776500,1627,2711,158790000,40962
0,10586,158790000,158791500,1627,2711,158805000,40967
0,10587,158805000,158806500,1627,2711,158820000,40969
0,10588,158820000,158821500,1627,2711,158835000,40974
0,10589,158835000,158836500,1627,2711,158850000,40977
0,1059,15885000,15886500,1627,2711,15900000,4095
0,10590,158850000,158851500,1627,2711,158865000,40983
0,10591,158865000,158866500,1627,2711,158880000,40984
0,10592,158880000,158881500,1627,2711,158895000,40989
0,10593,158895000,158896500,1627,2711,158910000,40994
0,10594,158910000,158911500,1627,2711,158925000,40997
0,10595,158925000,158926500,1627,2711,158940000,40999
0,10596,158940000,158941500,1627,2711,158955000,41006
0,10597,158955000,158956500,1627,2711,158970000,41009
0,10598,158970000,158971500,1627,2711,158985000,41012
0,10599,158985000,158986500,1627,2711,159000000,41015
0,106,1590000,1591500,1627,2711,1605000,408
0,1060,15900000,15901500,1627,2711,15915000,4100
0,10600,159000000,159001500,1627,2711,159015000,41021
0,10601,159015000,159016500,1627,2711,159030000,41023
0,10602,159030000,159031500,1627,2711,159045000,41029
0,10603,159045000,159046500,1627,2711,159060000,41032
0,10604,159060000,159061500,1627,2711,159075000,41036
0,10605,159075000,159076500,1627,2711,159090000,41040
0,10606,159090000,159091500,1627,2711,159105000,41043
0,10607,159105000,159106500,1627,2711,159120000,41045
0,10608,159120000,159121500,1627,2711,159135000,41053
0,10609,159135000,159136500,1627,2711,159150000,41055
0,1061,15915000,15916500,1627,2711,15930000,4104
0,10610,159150000,159151500,1627,2711,159165000,41059
0,10611,159165000,159166500,1627,2711,159180000,41061
0,10612,159180000,159181500,1627,2711,159195000,41067
0,10613,159195000,159196500,1627,2711,159210000,41071
0,10614,159210000,159211500,1627,2711,159225000,41075
0,10615,159225000,159226500,1627,2711,159240000,41076
0,10616,159240000,159241500,1627,2711,159255000,41084
0,10617,159255000,159256500,1627,2711,159270000,41087
0,10618,159270000,159271500,1627,2711,159285000,41090
0,10619,159285000,159286500,1627,2711,159300000,41091
0,1062,15930000,15931500,1627,2711,15945000,4108
0,10620,159300000,159301500,1627,2711,159315000,41098
0,10621,159315000,159316500,1627,2711,159330000,41103
0,10622,159330000,159331500,1627,2711,159345000,41105
0,10623,159345000,159346500,1627,2711,159360000,41108
0,10624,159360000,159361500,1627,2711,159375000,41113
0,10625,159375000,159376500,1627,2711,159390000,41116
0,10626,159390000,159391500,1627,2711,159405000,41123
0,10627,159405000,159406500,1627,2711,159420000,41124
0,10628,159420000,159421500,1627,2711,159435000,41128
0,10629,159435000,159436500,1627,2711,159450000,41133
0,1063,15945000,15946500,1627,2711,15960000,4110
0,10630,159450000,159451500,1627,2711,159465000,41137
0,10631,159465000,159466500,1627,2711,159480000,41138
0,10632,159480000,159481500,1627,2711,159495000,41145
0,10633,159495000,159496500,1627,2711,159510000,41148
0,10634,159510000,159511500,1627,2711,159525000,41152
0,10635,159525000,159526500,1627,2711,159540000,41155
0,10636,159540000,159541500,1627,2711,159555000,41160
0,10637,159555000,159556500,1627,2711,159570000,41163
0,10638,159570000,159571500,1627,2711,159585000,41168
0,10639,159585000,159586500,1627,2711,159600000,41169
0,1064,15960000,15961500,1627,2711,15975000,4116
0,10640,159600000,159601500,1627,2711,159615000,41176
0,10641,159615000,159616500,1627,2711,159630000,41179
0,10642,159630000,159631500,1627,2711,159645000,41183
0,10643,159645000,159646500,1627,2711,159660000,41185
0,10644,159660000,159661500,1627,2711,159675000,41192
0,10645,159675000,159676500,1627,2711,159690000,41195
0,10646,159690000,159691500,1627,2711,159705000,41198
0,10647,159705000,159706500,1627,2711,159720000,41201
0,10648,159720000,159721500,1627,2711,159735000,41206
0,10649,159735000,159736500,1627,2711,159750000,41209
0,1065,15975000,15976500,1627,2711,15990000,4119
0,10650,159750000,159751500,1627,2711,159765000,41215
0,10651,159765000,159766500,1627,2711,159780000,41217
0,10652,159780000,159781500,1627,2711,159795000,41221
0,10653,159795000,159796500,1627,2711,159810000,41226
0,10654,159810000,159811500,1627,2711,159825000,41229
0,10655,159825000,159826500,1627,2711,159840000,41231
0,10656,159840000,159841500,1627,2711,159855000,41239
0,10657,159855000,159856500,1627,2711,159870000,41241
0,10658,159870000,159871500,1627,2711,159885000,41245
0,10659,159885000,159886500,1627,2711,159900000,41247
0,1066,15990000,15991500,1627,2711,16005000,4124
0,10660,159900000,159901500,1627,2711,159915000,41253
0,10661,159915000,159916500,1627,2711,159930000,41256
0,10662,159930000,159931500,1627,2711,159945000,41260
0,10663,159945000,159946500,1627,2711,159960000,41263
0,10664,159960000,159961500,1627,2711,159975000,41269
0,10665,159975000,159976500,1627,2711,159990000,41272
0,10666,159990000,159991500,1627,2711,160005000,41276
0,10667,160005000,160006500,1627,2711,160020000,41277
0,10668,160020000,160021500,1627,2711,160035000,41285
0,10669,160035000,160036500,1627,2711,160050000,41288
0,1067,16005000,16006500,1627,2711,16020000,4125
0,10670,160050000,160051500,1627,2711,160065000,41291
0,10671,160065000,160066500,1627,2711,160080000,41293
0,10672,160080000,160081500,1627,2711,160095000,41299
0,10673,160095000,160096500,1627,2711,160110000,41303
0,10674,160110000,160111500,1627,2711,160125000,41308
0,10675,160125000,160126500,1627,2711,160140000,41309
0,10676,160140000,160141500,1627,2711,160155000,41314
0,10677,160155000,160156500,1627,2711,160170000,41320
0,10678,160170000,160171500,1627,2711,160185000,41322
0,10679,160185000,160186500,1627,2711,160200000,41323
0,1068,16020000,16021500,1627,2711,16035000,4132
0,10680,160200000,160201500,1627,2711,160215000,41331
0,10681,160215000,160216500,1627,2711,160230000,41334
0,10682,160230000,160231500,1627,2711,160245000,41338
0,10683,160245000,160246500,1627,2711,160260000,41341
0,10684,160260000,160261500,1627,2711,160275000,41345
0,10685,160275000,160276500,1627,2711,160290000,41348
0,10686,160290000,160291500,1627,2711,160305000,41355
0,10687,160305000,160306500,1627,2711,160320000,41356
0,10688,160320000,160321500,1627,2711,160335000,41361
0,10689,160335000,160336500,1627,2711,160350000,41364
0,1069,16035000,16036500,1627,2711,16050000,4135
0,10690,160350000,160351500,1627,2711,160365000,41369
0,10691,160365000,160366500,1627,2711,160380000,41371
0,10692,160380000,160381500,1627,2711,160395000,41377
0,10693,160395000,160396500,1627,2711,160410000,41381
0,10694,160410000,160411500,1627,2711,160425000,41384
0,10695,160425000,160426500,1627,2711,160440000,41386
0,10696,160440000,160441500,1627,2711,160455000,41393
0,10697,160455000,160456500,1627,2711,160470000,41395
0,10698,160470000,160471500,1627,2711,160485000,41400
0,10699,160485000,160486500,1627,2711,160500000,41402
0,107,1605000,1606500,1627,2711,1620000,410
0,1070,16050000,16051500,1627,2711,16065000,4139
0,10700,160500000,160501500,1627,2711,160515000,41408
0,10701,160515000,160516500,1627,2711,160530000,41412
0,10702,160530000,160531500,1627,2711,160545000,41414
0,10703,160545000,160546500,1627,2711,160560000,41417
0,10704,160560000,160561500,1627,2711,160575000,41424
0,10705,160575000,160576500,1627,2711,160590000,41427
0,10706,160590000,160591500,1627,2711,160605000,41431
0,10707,160605000,160606500,1627,2711,160620000,41434
0,10708,160620000,160621500,1627,2711,160635000,41438
0,10709,160635000,160636500,1627,2711,160650000,41441
0,1071,16065000,16066500,1627,2711,16080000,4141
0,10710,160650000,160651500,1627,2711,160665000,41447
0,10711,160665000,160666500,1627,2711,160680000,41448
0,10712,160680000,160681500,1627,2711,160695000,41454
0,10713,160695000,160696500,1627,2711,160710000,41458
0,10714,160710000,160711500,1627,2711,160725000,41462
0,10715,160725000,160726500,1627,2711,160740000,41463
0,10716,160740000,160741500,1627,2711,160755000,41471
0,10717,160755000,160756500,1627,2711,160770000,41474
0,10718,160770000,160771500,1627,2711,160785000,41476
0,10719,160785000,160786500,1627,2711,160800000,41479
0,1072,16080000,16081500,1627,2711,16095000,4146
0,10720,160800000,160801500,1627,2711,160815000,41486
0,10721,160815000,160816500,1627,2711,160830000,41488
0,10722,160830000,160831500,1627,2711,160845000,41493
0,10723,160845000,160846500,1627,2711,160860000,41495
0,10724,160860000,160861500,1627,2711,160875000,41500
0,10725,160875000,160876500,1627,2711,160890000,41505
0,10726,160890000,160891500,1627,2711,160905000,41508
0,10727,160905000,160906500,1627,2711,160920000,41509
0,10728,160920000,160921500,1627,2711,160935000,41517
0,10729,160935000,160936500,1627,2711,160950000,41520
0,1073,16095000,16096500,1627,2711,16110000,4150
0,10730,160950000,160951500,1627,2711,160965000,41524
0,10731,160965000,160966500,1627,2711,160980000,41526
0,10732,160980000,160981500,1627,2711,160995000,41530
0,10733,160995000,160996500,1627,2711,161010000,41536
0,10734,161010000,161011500,1627,2711,161025000,41540
0,10735,161025000,161026500,1627,2711,161040000,41541
0,10736,161040000,161041500,1627,2711,161055000,41547
0,10737,161055000,161056500,1627,2711,161070000,41550
0,10738,161070000,161071500,1627,2711,161085000,41555
0,10739,161085000,161086500,1627,2711,161100000,41556
0,1074,16110000,16111500,1627,2711,16125000,4156
0,10740,161100000,161101500,1627,2711,161115000,41563
0,10741,161115000,161116500,1627,2711,161130000,41566
0,10742,161130000,161131500,1627,2711,161145000,41570
0,10743,161145000,161146500,1627,2711,161160000,41573
0,10744,161160000,161161500,1627,2711,161175000,41578
0,10745,161175000,161176500,1627,2711,161190000,41580
0,10746,161190000,161191500,1627,2711,161205000,41587
0,10747,161205000,161206500,1627,2711,161220000,41589
0,10748,161220000,161221500,1627,2711,161235000,41593
0,10749,161235000,161236500,1627,2711,161250000,41597
0,1075,16125000,16126500,1627,2711,16140000,4157
0,10750,161250000,161251500,1627,2711,161265000,41600
0,10751,161265000,161266500,1627,2711,161280000,41602
0,10752,161280000,161281500,1627,2711,161295000,41610
0,10753,161295000,161296500,1627,2711,161310000,41613
0,10754,161310000,161311500,1627,2711,161325000,41616
0,10755,161325000,161326500,1627,2711,161340000,41619
0,10756,161340000,161341500,1627,2711,161355000,41625
0,10757,161355000,161356500,1627,2711,161370000,41628
0,10758,161370000,161371500,1627,2711,161385000,41632
0,10759,161385000,161386500,1627,2711,161400000,41634
0,1076,16140000,16141500,1627,2711,16155000,4162
0,10760,161400000,161401500,1627,2711,161415000,41640
0,10761,161415000,161416500,1627,2711,161430000,41644
0,10762,161430000,161431500,1627,2711,161445000,41647
0,10763,161445000,161446500,1627,2711,161460000,41649
0,10764,161460000,161461500,1627,2711,161475000,41656
0,10765,161475000,161476500,1627,2711,161490000,41659
0,10766,161490000,161491500,1627,2711,161505000,41663
0,10767,161505000,161506500,1627,2711,161520000,41665
0,10768,161520000,161521500,1627,2711,161535000,41671
0,10769,161535000,161536500,1627,2711,161550000,41673
0,1077,16155000,16156500,1627,2711,16170000,4166
0,10770,161550000,161551500,1627,2711,161565000,41680
0,10771,161565000,161566500,1627,2711,161580000,41681
0,10772,161580000,161581500,1627,2711,161595000,41686
0,10773,161595000,161596500,1627,2711,161610000,41691
0,10774,161610000,161611500,1627,2711,161625000,41693
0,10775,161625000,161626500,1627,2711,161640000,41695
0,10776,161640000,161641500,1627,2711,161655000,41703
0,10777,161655000,161656500,1627,2711,161670000,41706
0,10778,161670000,161671500,1627,2711,161685000,41709
0,10779,161685000,161686500,1627,2711,161700000,41711
0,1078,16170000,16171500,1627,2711,16185000,4169
0,10780,161700000,161701500,1627,2711,161715000,41717
0,10781,161715000,161716500,1627,2711,161730000,41721
0,10782,161730000,161731500,1627,2711,161745000,41725
0,10783,161745000,161746500,1627,2711,161760000,41727
0,10784,161760000,161761500,1627,2711,161775000,41733
0,10785,161775000,161776500,1627,2711,161790000,41737
0,10786,161790000,161791500,1627,2711,161805000,41741
0,10787,161805000,161806500,1627,2711,161820000,41742
0,10788,161820000,161821500,1627,2711,161835000,41748
0,10789,161835000,161836500,1627,2711,161850000,41752
0,1079,16185000,16186500,1627,2711,16200000,4171
0,10790,161850000,161851500,1627,2711,161865000,41756
0,10791,161865000,161866500,1627,2711,161880000,41758
0,10792,161880000,161881500,1627,2711,161895000,41763
0,10793,161895000,161896500,1627,2711,161910000,41766
0,10794,161910000,161911500,1627,2711,161925000,41773
0,10795,161925000,161926500,1627,2711,161940000,41774
0,10796,161940000,161941500,1627,2711,161955000,41779
0,10797,161955000,161956500,1627,2711,161970000,41783
0,10798,161970000,161971500,1627,2711,161985000,41787
0,10799,161985000,161986500,1627,2711,162000000,41788
0,108,1620000,1621500,1627,2711,1635000,417
0,1080,16200000,16201500,1627,2711,16215000,4179
0,10800,162000000,162001500,1627,2711,162015000,41796
0,10801,162015000,162016500,1627,2711,162030000,41798
0,10802,162030000,162031500,1627,2711,162045000,41801
0,10803,162045000,162046500,1627,2711,162060000,41806
0,10804,162060000,162061500,1627,2711,162075000,41810
0,10805,162075000,162076500,1627,2711,162090000,41813
0,10806,162090000,162091500,1627,2711,162105000,41818
0,10807,162105000,162106500,1627,2711,162120000,41820
0,10808,162120000,162121500,1627,2711,162135000,41826
0,10809,162135000,162136500,1627,2711,162150000,41829
0,1081,16215000,16216500,1627,2711,16230000,4181
0,10810,162150000,162151500,1627,2711,162165000,41833
0,10811,162165000,162166500,1627,2711,162180000,41835
0,10812,162180000,162181500,1627,2711,162195000,41842
0,10813,162195000,162196500,1627,2711,162210000,41846
0,10814,162210000,162211500,1627,2711,162225000,41848
0,10815,162225000,162226500,1627,2711,162240000,41850
0,10816,162240000,162241500,1627,2711,162255000,41857
0,10817,162255000,162256500,1627,2711,162270000,41860
0,10818,162270000,162271500,1627,2711,162285000,41865
0,10819,162285000,162286500,1627,2711,162300000,41866
0,1082,16230000,16231500,1627,2711,16245000,4185
0,10820,162300000,162301500,1627,2711,162315000,41872
0,10821,162315000,162316500,1627,2711,162330000,41876
0,10822,162330000,162331500,1627,2711,162345000,41879
0,10823,162345000,162346500,1627,2711,162360000,41881
0,10824,162360000,162361500,1627,2711,162375000,41889
0,10825,162375000,162376500,1627,2711,162390000,41891
0,10826,162390000,162391500,1627,2711,162405000,41896
0,10827,162405000,162406500,1627,2711,162420000,41898
0,10828,162420000,162421500,1627,2711,162435000,41902
0,10829,162435000,162436500,1627,2711,162450000,41906
0,1083,16245000,16246500,1627,2711,16260000,4189
0,10830,162450000,162451500,1627,2711,162465000,41911
0,10831,162465000,162466500,1627,2711,162480000,41913
0,10832,162480000,162481500,1627,2711,162495000,41918
0,10833,162495000,162496500,1627,2711,162510000,41923
0,10834,162510000,162511500,1627,2711,162525000,41926
0,10835,162525000,162526500,1627,2711,162540000,41927
0,10836,162540000,162541500,1627,2711,162555000,41935
0,10837,162555000,162556500,1627,2711,162570000,41939
0,10838,162570000,162571500,1627,2711,162585000,41941
0,10839,162585000,162586500,1627,2711,162600000,41943
0,1084,16260000,16261500,1627,2711,16275000,4193
0,10840,162600000,162601500,1627,2711,162615000,41950
0,10841,162615000,162616500,1627,2711,162630000,41952
0,10842,162630000,162631500,1627,2711,162645000,41958
0,10843,162645000,162646500,1627,2711,162660000,41960
0,10844,162660000,162661500,1627,2711,162675000,41964
0,10845,162675000,162676500,1627,2711,162690000,41969
0,10846,162690000,162691500,1627,2711,162705000,41973
0,10847,162705000,162706500,1627,2711,162720000,41974
0,10848,162720000,162721500,1627,2711,162735000,41981
0,10849,162735000,162736500,1627,2711,162750000,41983
0,1085,16275000,16276500,1627,2711,16290000,4196
0,10850,162750000,162751500,1627,2711,162765000,41989
0,10851,162765000,162766500,1627,2711,162780000,41991
0,10852,162780000,162781500,1627,2711,162795000,41995
0,10853,162795000,162796500,1627,2711,162810000,41999
0,10854,162810000,162811500,1627,2711,162825000,42004
0,10855,162825000,162826500,1627,2711,162840000,42006
0,10856,162840000,162841500,1627,2711,162855000,42012
0,10857,162855000,162856500,1627,2711,162870000,42015
0,10858,162870000,162871500,1627,2711,162885000,42018
0,10859,162885000,162886500,1627,2711,162900000,42021
0,1086,16290000,16291500,1627,2711,16305000,4201
0,10860,162900000,162901500,1627,2711,162915000,42028
0,10861,162915000,162916500,1627,2711,162930000,42031
0,10862,162930000,162931500,1627,2711,162945000,42033
0,10863,162945000,162946500,1627,2711,162960000,42037
0,10864,162960000,162961500,1627,2711,162975000,42043
0,10865,162975000,162976500,1627,2711,162990000,42045
0,10866,162990000,162991500,1627,2711,163005000,42051
0,10867,163005000,163006500,1627,2711,163020000,42052
0,10868,163020000,163021500,1627,2711,163035000,42058
0,10869,163035000,163036500,1627,2711,163050000,42062
0,1087,16305000,16306500,1627,2711,16320000,4204
0,10870,163050000,163051500,1627,2711,163065000,42065
0,10871,163065000,163066500,1627,2711,163080000,42066
0,10872,163080000,163081500,1627,2711,163095000,42074
0,10873,163095000,163096500,1627,2711,163110000,42078
0,10874,163110000,163111500,1627,2711,163125000,42081
0,10875,163125000,163126500,1627,2711,163140000,42083
0,10876,163140000,163141500,1627,2711,163155000,42089
0,10877,163155000,163156500,1627,2711,163170000,42092
0,10878,163170000,163171500,1627,2711,163185000,42097
0,10879,163185000,163186500,1627,2711,163200000,42098
0,1088,16320000,16321500,1627,2711,16335000,4209
0,10880,163200000,163201500,1627,2711,163215000,42104
0,10881,163215000,163216500,1627,2711,163230000,42108
0,10882,163230000,163231500,1627,2711,163245000,42112
0,10883,163245000,163246500,1627,2711,163260000,42114
0,10884,163260000,163261500,1627,2711,163275000,42120
0,10885,163275000,163276500,1627,2711,163290000,42124
0,10886,163290000,163291500,1627,2711,163305000,42127
0,10887,163305000,163306500,1627,2711,163320000,42130
0,10888,163320000,163321500,1627,2711,163335000,42135
0,10889,163335000,163336500,1627,2711,163350000,42138
0,1089,16335000,16336500,1627,2711,16350000,4212
0,10890,163350000,163351500,1627,2711,163365000,42144
0,10891,163365000,163366500,1627,2711,163380000,42145
0,10892,163380000,163381500,1627,2711,163395000,42150
0,10893,163395000,163396500,1627,2711,163410000,42155
0,10894,163410000,163411500,1627,2711,163425000,42158
0,10895,163425000,163426500,1627,2711,163440000,42159
0,10896,163440000,163441500,1627,2711,163455000,42168
0,10897,163455000,163456500,1627,2711,163470000,42170
0,10898,163470000,163471500,1627,2711,163485000,42174
0,10899,163485000,163486500,1627,2711,163500000,42176
0,109,1635000,1636500,1627,2711,1650000,420
0,1090,16350000,16351500,1627,2711,16365000,4216
0,10900,163500000,163501500,1627,2711,163515000,42181
0,10901,163515000,163516500,1627,2711,163530000,42185
0,10902,163530000,163531500,1627,2711,163545000,42190
0,10903,163545000,163546500,1627,2711,163560000,42192
0,10904,163560000,163561500,1627,2711,163575000,42197
0,10905,163575000,163576500,1627,2711,163590000,42200
0,10906,163590000,163591500,1627,2711,163605000,42205
0,10907,163605000,163606500,1627,2711,163620000,42207
0,10908,163620000,163621500,1627,2711,163635000,42213
0,10909,163635000,163636500,1627,2711,163650000,42216
0,1091,16365000,16366500,1627,2711,16380000,4217
0,10910,163650000,163651500,1627,2711,163665000,42220
0,10911,163665000,163666500,1627,2711,163680000,42223
0,10912,163680000,163681500,1627,2711,163695000,42228
0,10913,163695000,163696500,1627,2711,163710000,42231
0,10914,163710000,163711500,1627,2711,163725000,42236
0,10915,163725000,163726500,1627,2711,163740000,42239
0,10916,163740000,163741500,1627,2711,163755000,42244
0,10917,163755000,163756500,1627,2711,163770000,42248
0,10918,163770000,163771500,1627,2711,163785000,42250
0,10919,163785000,163786500,1627,2711,163800000,42251
0,1092,16380000,16381500,1627,2711,16395000,4225
0,1093,16395000,16396500,1627,2711,16410000,4229
0,1094,16410000,16411500,1627,2711,16425000,4231
0,1095,16425000,16426500,1627,2711,16440000,4233
0,1096,16440000,16441500,1627,2711,16455000,4241
0,1097,16455000,16456500,1627,2711,16470000,4243
0,1098,16470000,16471500,1627,2711,16485000,4248
0,1099,16485000,16486500,1627,2711,16500000,4249
0,11,165000,166500,1627,2711,180000,38
0,110,1650000,1651500,1627,2711,1665000,423
0,1100,16500000,16501500,1627,2711,16515000,4255
0,1101,16515000,16516500,1627,2711,16530000,4260
0,1102,16530000,16531500,1627,2711,16545000,4262
0,1103,16545000,16546500,1627,2711,16560000,4264
0,1104,16560000,16561500,1627,2711,16575000,4271
0,1105,16575000,16576500,1627,2711,16590000,4274
0,1106,16590000,16591500,1627,2711,16605000,4279
0,1107,16605000,16606500,1627,2711,16620000,4281
0,1108,16620000,16621500,1627,2711,16635000,4285
0,1109,16635000,16636500,1627,2711,16650000,4289
0,111,1665000,1666500,1627,2711,1680000,425
0,1110,16650000,16651500,1627,2711,16665000,4295
0,1111,16665000,16666500,1627,2711,16680000,4296
0,1112,16680000,16681500,1627,2711,16695000,4301
0,1113,16695000,16696500,1627,2711,16710000,4306
0,1114,16710000,16711500,1627,2711,16725000,4309
0,1115,16725000,16726500,1627,2711,16740000,4311
0,1116,16740000,16741500,1627,2711,16755000,4318
0,1117,16755000,16756500,1627,2711,16770000,4321
0,1118,16770000,16771500,1627,2711,16785000,4324
0,1119,16785000,16786500,1627,2711,16800000,4326
0,112,1680000,1681500,1627,2711,1695000,432
0,1120,16800000,16801500,1627,2711,16815000,4333
0,1121,16815000,16816500,1627,2711,16830000,4335
0,1122,16830000,16831500,1627,2711,16845000,4341
0,1123,16845000,16846500,1627,2711,16860000,4343
0,1124,16860000,16861500,1627,2711,16875000,4348
0,1125,16875000,16876500,1627,2711,16890000,4352
0,1126,16890000,16891500,1627,2711,16905000,4356
0,1127,16905000,16906500,1627,2711,16920000,4357
0,1128,16920000,16921500,1627,2711,16935000,4364
0,1129,16935000,16936500,1627,2711,16950000,4367
0,113,1695000,1696500,1627,2711,1710000,435
0,1130,16950000,16951500,1627,2711,16965000,4371
0,1131,16965000,16966500,1627,2711,16980000,4374
0,1132,16980000,16981500,1627,2711,16995000,4378
0,1133,16995000,16996500,1627,2711,17010000,4382
0,1134,17010000,17011500,1627,2711,17025000,4387
0,1135,17025000,17026500,1627,2711,17040000,4389
0,1136,17040000,17041500,1627,2711,17055000,4395
0,1137,17055000,17056500,1627,2711,17070000,4398
0,1138,17070000,17071500,1627,2711,17085000,4402
0,1139,17085000,17086500,1627,2711,17100000,4404
0,114,1710000,1711500,1627,2711,1725000,440
0,1140,17100000,17101500,1627,2711,17115000,4411
0,1141,17115000,17116500,1627,2711,17130000,4414
0,1142,17130000,17131500,1627,2711,17145000,4416
0,1143,17145000,17146500,1627,2711,17160000,4420
0,1144,17160000,17161500,1627,2711,17175000,4426
0,1145,17175000,17176500,1627,2711,17190000,4428
0,1146,17190000,17191500,1627,2711,17205000,4434
0,1147,17205000,17206500,1627,2711,17220000,4435
0,1148,17220000,17221500,1627,2711,17235000,4441
0,1149,17235000,17236500,1627,2711,17250000,4445
0,115,1725000,1726500,1627,2711,1740000,441
0,1150,17250000,17251500,1627,2711,17265000,4448
0,1151,17265000,17266500,1627,2711,17280000,4449
0,1152,17280000,17281500,1627,2711,17295000,4458
0,1153,17295000,17296500,1627,2711,17310000,4461
0,1154,17310000,17311500,1627,2711,17325000,4464
0,1155,17325000,17326500,1627,2711,17340000,4466
0,1156,17340000,17341500,1627,2711,17355000,4471
0,1157,17355000,17356500,1627,2711,17370000,4476
0,1158,17370000,17371500,1627,2711,17385000,4480
0,1159,17385000,17386500,1627,2711,17400000,4481
0,116,1740000,1741500,1627,2711,1755000,447
0,1160,17400000,17401500,1627,2711,17415000,4487
0,1161,17415000,17416500,1627,2711,17430000,4491
0,1162,17430000,17431500,1627,2711,17445000,4495
0,1163,17445000,17446500,1627,2711,17460000,4497
0,1164,17460000,17461500,1627,2711,17475000,4503
0,1165,17475000,17476500,1627,2711,17490000,4507
0,1166,17490000,17491500,1627,2711,17505000,4511
0,1167,17505000,17506500,1627,2711,17520000,4513
0,1168,17520000,17521500,1627,2711,17535000,4518
0,1169,17535000,17536500,1627,2711,17550000,4520
0,117,1755000,1756500,1627,2711,1770000,452
0,1170,17550000,17551500,1627,2711,17565000,4527
0,1171,17565000,17566500,1627,2711,17580000,4529
0,1172,17580000,17581500,1627,2711,17595000,4533
0,1173,17595000,17596500,1627,2711,17610000,4538
0,1174,17610000,17611500,1627,2711,17625000,4541
0,1175,17625000,17626500,1627,2711,17640000,4542
0,1176,17640000,17641500,1627,2711,17655000,4551
0,1177,17655000,17656500,1627,2711,17670000,4553
0,1178,17670000,17671500,1627,2711,17685000,4557
0,1179,17685000,17686500,1627,2711,17700000,4559
0,118,1770000,1771500,1627,2711,1785000,454
0,1180,17700000,17701500,1627,2711,17715000,4565
0,1181,17715000,17716500,1627,2711,17730000,4568
0,1182,17730000,17731500,1627,2711,17745000,4572
0,1183,17745000,17746500,1627,2711,17760000,4575
0,1184,17760000,17761500,1627,2711,17775000,4580
0,1185,17775000,17776500,1627,2711,17790000,4584
0,1186,17790000,17791500,1627,2711,17805000,4588
0,1187,17805000,17806500,1627,2711,17820000,4590
0,1188,17820000,17821500,1627,2711,17835000,4596
0,1189,17835000,17836500,1627,2711,17850000,4599
0,119,1785000,1786500,1627,2711,1800000,455
0,1190,17850000,17851500,1627,2711,17865000,4603
0,1191,17865000,17866500,1627,2711,17880000,4606
0,1192,17880000,17881500,1627,2711,17895000,4611
0,1193,17895000,17896500,1627,2711,17910000,4614
0,1194,17910000,17911500,1627,2711,17925000,4620
0,1195,17925000,17926500,1627,2711,17940000,4621
0,1196,17940000,17941500,1627,2711,17955000,4627
0,1197,17955000,17956500,1627,2711,17970000,4631
0,1198,17970000,17971500,1627,2711,17985000,4633
0,1199,17985000,17986500,1627,2711,18000000,4635
0,12,180000,181500,1627,2711,195000,44
0,120,1800000,1801500,1627,2711,1815000,463
0,1200,18000000,18001500,1627,2711,18015000,4644
0,1201,18015000,18016500,1627,2711,18030000,4646
0,1202,18030000,18031500,1627,2711,18045000,4649
0,1203,18045000,18046500,1627,2711,18060000,4652
0,1204,18060000,18061500,1627,2711,18075000,4658
0,1205,18075000,18076500,1627,2711,18090000,4661
0,1206,18090000,18091500,1627,2711,18105000,4666
0,1207,18105000,18106500,1627,2711,18120000,4667
0,1208,18120000,18121500,1627,2711,18135000,4673
0,1209,18135000,18136500,1627,2711,18150000,4677
0,121,1815000,1816500,1627,2711,1830000,467
0,1210,18150000,18151500,1627,2711,18165000,4681
0,1211,18165000,18166500,1627,2711,18180000,4682
0,1212,18180000,18181500,1627,2711,18195000,4688
0,1213,18195000,18196500,1627,2711,18210000,4694
0,1214,18210000,18211500,1627,2711,18225000,4696
0,1215,18225000,18226500,1627,2711,18240000,4698
0,1216,18240000,18241500,1627,2711,18255000,4704
0,1217,18255000,18256500,1627,2711,18270000,4707
0,1218,18270000,18271500,1627,2711,18285000,4713
0,1219,18285000,18286500,1627,2711,18300000,4714
0,122,1830000,1831500,1627,2711,1845000,470
0,1220,18300000,18301500,1627,2711,18315000,4719
0,1221,18315000,18316500,1627,2711,18330000,4723
0,1222,18330000,18331500,1627,2711,18345000,4727
0,1223,18345000,18346500,1627,2711,18360000,4729
0,1224,18360000,18361500,1627,2711,18375000,4736
0,1225,18375000,18376500,1627,2711,18390000,4738
0,1226,18390000,18391500,1627,2711,18405000,4743
0,1227,18405000,18406500,1627,2711,18420000,4746
0,1228,18420000,18421500,1627,2711,18435000,4750
0,1229,18435000,18436500,1627,2711,18450000,4753
0,123,1845000,1846500,1627,2711,1860000,473
0,1230,18450000,18451500,1627,2711,18465000,4759
0,1231,18465000,18466500,1627,2711,18480000,4760
0,1232,18480000,18481500,1627,2711,18495000,4766
0,1233,18495000,18496500,1627,2711,18510000,4770
0,1234,18510000,18511500,1627,2711,18525000,4773
0,1235,18525000,18526500,1627,2711,18540000,4775
0,1236,18540000,18541500,1627,2711,18555000,4783
0,1237,18555000,18556500,1627,2711,18570000,4786
0,1238,18570000,18571500,1627,2711,18585000,4788
0,1239,18585000,18586500,1627,2711,18600000,4791
0,124,1860000,1861500,1627,2711,1875000,477
0,1240,18600000,18601500,1627,2711,18615000,4797
0,1241,18615000,18616500,1627,2711,18630000,4800
0,1242,18630000,18631500,1627,2711,18645000,4805
0,1243,18645000,18646500,1627,2711,18660000,4808
0,1244,18660000,18661500,1627,2711,18675000,4812
0,1245,18675000,18676500,1627,2711,18690000,4816
0,1246,18690000,18691500,1627,2711,18705000,4820
0,1247,18705000,18706500,1627,2711,18720000,4821
0,1248,18720000,18721500,1627,2711,18735000,4829
0,1249,18735000,18736500,1627,2711,18750000,4831
0,125,1875000,1876500,1627,2711,1890000,481
0,1250,18750000,18751500,1627,2711,18765000,4836
0,1251,18765000,18766500,1627,2711,18780000,4838
0,1252,18780000,18781500,1627,2711,18795000,4843
0,1253,18795000,18796500,1627,2711,18810000,4847
0,1254,18810000,18811500,1627,2711,18825000,4851
0,1255,18825000,18826500,1627,2711,18840000,4853
0,1256,18840000,18841500,1627,2711,18855000,4860
0,1257,18855000,18856500,1627,2711,18870000,4863
0,1258,18870000,18871500,1627,2711,18885000,4866
0,1259,18885000,18886500,1627,2711,18900000,4867
0,126,1890000,1891500,1627,2711,1905000,487
0,1260,18900000,18901500,1627,2711,18915000,4875
0,1261,18915000,18916500,1627,2711,18930000,4879
0,1262,18930000,18931500,1627,2711,18945000,4881
0,1263,18945000,18946500,1627,2711,18960000,4884
0,1264,18960000,18961500,1627,2711,18975000,4890
0,1265,18975000,18976500,1627,2711,18990000,4893
0,1266,18990000,18991500,1627,2711,19005000,4899
0,1267,19005000,19006500,1627,2711,19020000,4900
0,1268,19020000,19021500,1627,2711,19035000,4904
0,1269,19035000,19036500,1627,2711,19050000,4910
0,127,1905000,1906500,1627,2711,1920000,488
0,1270,19050000,19051500,1627,2711,19065000,4913
0,1271,19065000,19066500,1627,2711,19080000,4914
0,1272,19080000,19081500,1627,2711,19095000,4921
0,1273,19095000,19096500,1627,2711,19110000,4924
0,1274,19110000,19111500,1627,2711,19125000,4929
0,1275,19125000,19126500,1627,2711,19140000,4931
0,1276,19140000,19141500,1627,2711,19155000,4936
0,1277,19155000,19156500,1627,2711,19170000,4939
0,1278,19170000,19171500,1627,2711,19185000,4945
0,1279,19185000,19186500,1627,2711,19200000,4946
0,128,1920000,1921500,1627,2711,1935000,493
0,1280,19200000,19201500,1627,2711,19215000,4952
0,1281,19215000,19216500,1627,2711,19230000,4955
0,1282,19230000,19231500,1627,2711,19245000,4959
0,1283,19245000,19246500,1627,2711,19260000,4962
0,1284,19260000,19261500,1627,2711,19275000,4968
0,1285,19275000,19276500,1627,2711,19290000,4971
0,1286,19290000,19291500,1627,2711,19305000,4974
0,1287,19305000,19306500,1627,2711,19320000,4977
0,1288,19320000,19321500,1627,2711,19335000,4983
0,1289,19335000,19336500,1627,2711,19350000,4985
0,129,1935000,1936500,1627,2711,1950000,496
0,1290,19350000,19351500,1627,2711,19365000,4991
0,1291,19365000,19366500,1627,2711,19380000,4993
0,1292,19380000,19381500,1627,2711,19395000,4998
0,1293,19395000,19396500,1627,2711,19410000,5003
0,1294,19410000,19411500,1627,2711,19425000,5005
0,1295,19425000,19426500,1627,2711,19440000,5007
0,1296,19440000,19441500,1627,2711,19455000,5015
0,1297,19455000,19456500,1627,2711,19470000,5018
0,1298,19470000,19471500,1627,2711,19485000,5021
0,1299,19485000,19486500,1627,2711,19500000,5023
0,13,195000,196500,1627,2711,210000,49
0,130,1950000,1951500,1627,2711,1965000,502
0,1300,19500000,19501500,1627,2711,19515000,5029
0,1301,19515000,19516500,1627,2711,19530000,5032
0,1302,19530000,19531500,1627,2711,19545000,5037
0,1303,19545000,19546500,1627,2711,19560000,5039
0,1304,19560000,19561500,1627,2711,19575000,5045
0,1305,19575000,19576500,1627,2711,19590000,5048
0,1306,19590000,19591500,1627,2711,19605000,5053
0,1307,19605000,19606500,1627,2711,19620000,5054
0,1308,19620000,19621500,1627,2711,19635000,5061
0,1309,19635000,19636500,1627,2711,19650000,5064
0,131,1965000,1966500,1627,2711,1980000,503
0,1310,19650000,19651500,1627,2711,19665000,5067
0,1311,19665000,19666500,1627,2711,19680000,5070
0,1312,19680000,19681500,1627,2711,19695000,5075
0,1313,19695000,19696500,1627,2711,19710000,5079
0,1314,19710000,19711500,1627,2711,19725000,5084
0,1315,19725000,19726500,1627,2711,19740000,5085
0,1316,19740000,19741500,1627,2711,19755000,5091
0,1317,19755000,19756500,1627,2711,19770000,5096
0,1318,19770000,19771500,1627,2711,19785000,5098
0,1319,19785000,19786500,1627,2711,19800000,5099
0,132,1980000,1981500,1627,2711,1995000,509
0,1320,19800000,19801500,1627,2711,19815000,5108
0,1321,19815000,19816500,1627,2711,19830000,5111
0,1322,19830000,19831500,1627,2711,19845000,5114
0,1323,19845000,19846500,1627,2711,19860000,5117
0,1324,19860000,19861500,1627,2711,19875000,5121
0,1325,19875000,19876500,1627,2711,19890000,5125
0,1326,19890000,19891500,1627,2711,19905000,5131
0,1327,19905000,19906500,1627,2711,19920000,5132
0,1328,19920000,19921500,1627,2711,19935000,5137
0,1329,19935000,19936500,1627,2711,19950000,5140
0,133,1995000,1996500,1627,2711,2010000,513
0,1330,19950000,19951500,1627,2711,19965000,5146
0,1331,19965000,19966500,1627,2711,19980000,5147
0,1332,19980000,19981500,1627,2711,19995000,5153
0,1333,19995000,19996500,1627,2711,20010000,5157
0,1334,20010000,20011500,1627,2711,20025000,5161
0,1335,20025000,20026500,1627,2711,20040000,5163
0,1336,20040000,20041500,1627,2711,20055000,5169
0,1337,20055000,20056500,1627,2711,20070000,5171
0,1338,20070000,20071500,1627,2711,20085000,5176
0,1339,20085000,20086500,1627,2711,20100000,5179
0,134,2010000,2011500,1627,2711,2025000,516
0,1340,20100000,20101500,1627,2711,20115000,5184
0,1341,20115000,20116500,1627,2711,20130000,5188
0,1342,20130000,20131500,1627,2711,20145000,5190
0,1343,20145000,20146500,1627,2711,20160000,5193
0,1344,20160000,20161500,1627,2711,20175000,5201
0,1345,20175000,20176500,1627,2711,20190000,5203
0,1346,20190000,20191500,1627,2711,20205000,5207
0,1347,20205000,20206500,1627,2711,20220000,5210
0,1348,20220000,20221500,1627,2711,20235000,5215
0,1349,20235000,20236500,1627,2711,20250000,5218
0,135,2025000,2026500,1627,2711,2040000,519
0,1350,20250000,20251500,1627,2711,20265000,5223
0,1351,20265000,20266500,1627,2711,20280000,5224
0,1352,20280000,20281500,1627,2711,20295000,5230
0,1353,20295000,20296500,1627,2711,20310000,5235
0,1354,20310000,20311500,1627,2711,20325000,5238
0,1355,20325000,20326500,1627,2711,20340000,5239
0,1356,20340000,20341500,1627,2711,20355000,5247
0,1357,20355000,20356500,1627,2711,20370000,5250
0,1358,20370000,20371500,1627,2711,20385000,5253
0,1359,20385000,20386500,1627,2711,20400000,5255
0,136,2040000,2041500,1627,2711,2055000,525
0,1360,20400000,20401500,1627,2711,20415000,5262
0,1361,20415000,20416500,1627,2711,20430000,5264
0,1362,20430000,20431500,1627,2711,20445000,5270
0,1363,20445000,20446500,1627,2711,20460000,5272
0,1364,20460000,20461500,1627,2711,20475000,5276
0,1365,20475000,20476500,1627,2711,20490000,5281
0,1366,20490000,20491500,1627,2711,20505000,5284
0,1367,20505000,20506500,1627,2711,20520000,5286
0,1368,20520000,20521500,1627,2711,20535000,5293
0,1369,20535000,20536500,1627,2711,20550000,5296
0,137,2055000,2056500,1627,2711,2070000,527
0,1370,20550000,20551500,1627,2711,20565000,5300
0,1371,20565000,20566500,1627,2711,20580000,5302
0,1372,20580000,20581500,1627,2711,20595000,5307
0,1373,20595000,20596500,1627,2711,20610000,5312
0,1374,20610000,20611500,1627,2711,20625000,5316
0,1375,20625000,20626500,1627,2711,20640000,5317
0,1376,20640000,20641500,1627,2711,20655000,5324
0,1377,20655000,20656500,1627,2711,20670000,5327
0,1378,20670000,20671500,1627,2711,20685000,5331
0,1379,20685000,20686500,1627,2711,20700000,5332
0,138,2070000,2071500,1627,2711,2085000,533
0,1380,20700000,20701500,1627,2711,20715000,5339
0,1381,20715000,20716500,1627,2711,20730000,5343
0,1382,20730000,20731500,1627,2711,20745000,5346
0,1383,20745000,20746500,1627,2711,20760000,5349
0,1384,20760000,20761500,1627,2711,20775000,5354
0,1385,20775000,20776500,1627,2711,20790000,5356
0,1386,20790000,20791500,1627,2711,20805000,5364
0,1387,20805000,20806500,1627,2711,20820000,5365
0,1388,20820000,20821500,1627,2711,20835000,5369
0,1389,20835000,20836500,1627,2711,20850000,5373
0,139,2085000,2086500,1627,2711,2100000,534
0,1390,20850000,20851500,1627,2711,20865000,5377
0,1391,20865000,20866500,1627,2711,20880000,5379
0,1392,20880000,20881500,1627,2711,20895000,5386
0,1393,20895000,20896500,1627,2711,20910000,5389
0,1394,20910000,20911500,1627,2711,20925000,5392
0,1395,20925000,20926500,1627,2711,20940000,5396
0,1396,20940000,20941500,1627,2711,20955000,5401
0,1397,20955000,20956500,1627,2711,20970000,5404
0,1398,20970000,20971500,1627,2711,20985000,5408
0,1399,20985000,20986500,1627,2711,21000000,5410
0,14,210000,211500,1627,2711,225000,52
0,140,2100000,2101500,1627,2711,2115000,540
0,1400,21000000,21001500,1627,2711,21015000,5417
0,1401,21015000,21016500,1627,2711,21030000,5420
0,1402,21030000,21031500,1627,2711,21045000,5423
0,1403,21045000,21046500,1627,2711,21060000,5425
0,1404,21060000,21061500,1627,2711,21075000,5433
0,1405,21075000,21076500,1627,2711,21090000,5436
0,1406,21090000,21091500,1627,2711,21105000,5439
0,1407,21105000,21106500,1627,2711,21120000,5441
0,1408,21120000,21121500,1627,2711,21135000,5447
0,1409,21135000,21136500,1627,2711,21150000,5450
0,141,2115000,2116500,1627,2711,2130000,544
0,1410,21150000,21151500,1627,2711,21165000,5456
0,1411,21165000,21166500,1627,2711,21180000,5457
0,1412,21180000,21181500,1627,2711,21195000,5462
0,1413,21195000,21196500,1627,2711,21210000,5467
0,1414,21210000,21211500,1627,2711,21225000,5470
0,1415,21225000,21226500,1627,2711,21240000,5471
0,1416,21240000,21241500,1627,2711,21255000,5479
0,1417,21255000,21256500,1627,2711,21270000,5482
0,1418,21270000,21271500,1627,2711,21285000,5486
0,1419,21285000,21286500,1627,2711,21300000,5488
0,142,2130000,2131500,1627,2711,2145000,546
0,1420,21300000,21301500,1627,2711,21315000,5493
0,1421,21315000,21316500,1627,2711,21330000,5497
0,1422,21330000,21331500,1627,2711,21345000,5501
0,1423,21345000,21346500,1627,2711,21360000,5504
0,1424,21360000,21361500,1627,2711,21375000,5509
0,1425,21375000,21376500,1627,2711,21390000,5513
0,1426,21390000,21391500,1627,2711,21405000,5517
0,1427,21405000,21406500,1627,2711,21420000,5518
0,1428,21420000,21421500,1627,2711,21435000,5525
0,1429,21435000,21436500,1627,2711,21450000,5528
0,143,2145000,2146500,1627,2711,2160000,549
0,1430,21450000,21451500,1627,2711,21465000,5532
0,1431,21465000,21466500,1627,2711,21480000,5534
0,1432,21480000,21481500,1627,2711,21495000,5540
0,1433,21495000,21496500,1627,2711,21510000,5543
0,1434,21510000,21511500,1627,2711,21525000,5549
0,1435,21525000,21526500,1627,2711,21540000,5550
0,1436,21540000,21541500,1627,2711,21555000,5555
0,1437,21555000,21556500,1627,2711,21570000,5560
0,1438,21570000,21571500,1627,2711,21585000,5563
0,1439,21585000,21586500,1627,2711,21600000,5564
0,144,2160000,2161500,1627,2711,2175000,557
0,1440,21600000,21601500,1627,2711,21615000,5572
0,1441,21615000,21616500,1627,2711,21630000,5574
0,1442,21630000,21631500,1627,2711,21645000,5578
0,1443,21645000,21646500,1627,2711,21660000,5582
0,1444,21660000,21661500,1627,2711,21675000,5586
0,1445,21675000,21676500,1627,2711,21690000,5589
0,1446,21690000,21691500,1627,2711,21705000,5595
0,1447,21705000,21706500,1627,2711,21720000,5597
0,1448,21720000,21721500,1627,2711,21735000,5602
0,1449,21735000,21736500,1627,2711,21750000,5605
0,145,2175000,2176500,1627,2711,2190000,559
0,1450,21750000,21751500,1627,2711,21765000,5609
0,1451,21765000,21766500,1627,2711,21780000,5612
0,1452,21780000,21781500,1627,2711,21795000,5618
0,1453,21795000,21796500,1627,2711,21810000,5622
0,1454,21810000,21811500,1627,2711,21825000,5624
0,1455,21825000,21826500,1627,2711,21840000,5626
0,1456,21840000,21841500,1627,2711,21855000,5634
0,1457,21855000,21856500,1627,2711,21870000,5636
0,1458,21870000,21871500,1627,2711,21885000,5641
0,1459,21885000,21886500,1627,2711,21900000,5642
0,146,2190000,2191500,1627,2711,2205000,563
0,1460,21900000,21901500,1627,2711,21915000,5649
0,1461,21915000,21916500,1627,2711,21930000,5653
0,1462,21930000,21931500,1627,2711,21945000,5655
0,1463,21945000,21946500,1627,2711,21960000,5657
0,1464,21960000,21961500,1627,2711,21975000,5665
0,1465,21975000,21976500,1627,2711,21990000,5668
0,1466,21990000,21991500,1627,2711,22005000,5672
0,1467,22005000,22006500,1627,2711,22020000,5674
0,1468,22020000,22021500,1627,2711,22035000,5678
0,1469,22035000,22036500,1627,2711,22050000,5682
0,147,2205000,2206500,1627,2711,2220000,566
0,1470,22050000,22051500,1627,2711,22065000,5688
0,1471,22065000,22066500,1627,2711,22080000,5689
0,1472,22080000,22081500,1627,2711,22095000,5694
0,1473,22095000,22096500,1627,2711,22110000,5699
0,1474,22110000,22111500,1627,2711,22125000,5703
0,1475,22125000,22126500,1627,2711,22140000,5704
0,1476,22140000,22141500,1627,2711,22155000,5711
0,1477,22155000,22156500,1627,2711,22170000,5715
0,1478,22170000,22171500,1627,2711,22185000,5717
0,1479,22185000,22186500,1627,2711,22200000,5720
0,148,2220000,2221500,1627,2711,2235000,570
0,1480,22200000,22201500,1627,2711,22215000,5726
0,1481,22215000,22216500,1627,2711,22230000,5728
0,1482,22230000,22231500,1627,2711,22245000,5734
0,1483,22245000,22246500,1627,2711,22260000,5736
0,1484,22260000,22261500,1627,2711,22275000,5741
0,1485,22275000,22276500,1627,2711,22290000,5745
0,1486,22290000,22291500,1627,2711,22305000,5749
0,1487,22305000,22306500,1627,2711,22320000,5750
0,1488,22320000,22321500,1627,2711,22335000,5758
0,1489,22335000,22336500,1627,2711,22350000,5760
0,149,2235000,2236500,1627,2711,2250000,574
0,1490,22350000,22351500,1627,2711,22365000,5765
0,1491,22365000,22366500,1627,2711,22380000,5767
0,1492,22380000,22381500,1627,2711,22395000,5771
0,1493,22395000,22396500,1627,2711,22410000,5776
0,1494,22410000,22411500,1627,2711,22425000,5780
0,1495,22425000,22426500,1627,2711,22440000,5782
0,1496,22440000,22441500,1627,2711,22455000,5788
0,1497,22455000,22456500,1627,2711,22470000,5791
0,1498,22470000,22471500,1627,2711,22485000,5795
0,1499,22485000,22486500,1627,2711,22500000,5797
0,15,225000,226500,1627,2711,240000,54
0,150,2250000,2251500,1627,2711,2265000,579
0,1500,22500000,22501500,1627,2711,22515000,5804
0,1501,22515000,22516500,1627,2711,22530000,5807
0,1502,22530000,22531500,1627,2711,22545000,5810
0,1503,22545000,22546500,1627,2711,22560000,5814
0,1504,22560000,22561500,1627,2711,22575000,5819
0,1505,22575000,22576500,1627,2711,22590000,5821
0,1506,22590000,22591500,1627,2711,22605000,5827
0,1507,22605000,22606500,1627,2711,22620000,5829
0,1508,22620000,22621500,1627,2711,22635000,5834
0,1509,22635000,22636500,1627,2711,22650000,5838
0,151,2265000,2266500,1627,2711,2280000,581
0,1510,22650000,22651500,1627,2711,22665000,5841
0,1511,22665000,22666500,1627,2711,22680000,5842
0,1512,22680000,22681500,1627,2711,22695000,5851
0,1513,22695000,22696500,1627,2711,22710000,5854
0,1514,22710000,22711500,1627,2711,22725000,5857
0,1515,22725000,22726500,1627,2711,22740000,5859
0,1516,22740000,22741500,1627,2711,22755000,5866
0,1517,22755000,22756500,1627,2711,22770000,5869
0,1518,22770000,22771500,1627,2711,22785000,5873
0,1519,22785000,22786500,1627,2711,22800000,5874
0,152,2280000,2281500,1627,2711,2295000,586
0,1520,22800000,22801500,1627,2711,22815000,5880
0,1521,22815000,22816500,1627,2711,22830000,5885
0,1522,22830000,22831500,1627,2711,22845000,5888
0,1523,22845000,22846500,1627,2711,22860000,5890
0,1524,22860000,22861500,1627,2711,22875000,5896
0,1525,22875000,22876500,1627,2711,22890000,5900
0,1526,22890000,22891500,1627,2711,22905000,5904
0,1527,22905000,22906500,1627,2711,22920000,5906
0,1528,22920000,22921500,1627,2711,22935000,5911
0,1529,22935000,22936500,1627,2711,22950000,5914
0,153,2295000,2296500,1627,2711,2310000,590
0,1530,22950000,22951500,1627,2711,22965000,5921
0,1531,22965000,22966500,1627,2711,22980000,5922
0,1532,22980000,22981500,1627,2711,22995000,5926
0,1533,22995000,22996500,1627,2711,23010000,5931
0,1534,23010000,23011500,1627,2711,23025000,5934
0,1535,23025000,23026500,1627,2711,23040000,5936
0,1536,23040000,23041500,1627,2711,23055000,5944
0,1537,23055000,23056500,1627,2711,23070000,5946
0,1538,23070000,23071500,1627,2711,23085000,5950
0,1539,23085000,23086500,1627,2711,23100000,5952
0,154,2310000,2311500,1627,2711,2325000,594
0,1540,23100000,23101500,1627,2711,23115000,5958
0,1541,23115000,23116500,1627,2711,23130000,5961
0,1542,23130000,23131500,1627,2711,23145000,5966
0,1543,23145000,23146500,1627,2711,23160000,5968
0,1544,23160000,23161500,1627,2711,23175000,5974
0,1545,23175000,23176500,1627,2711,23190000,5977
0,1546,23190000,23191500,1627,2711,23205000,5981
0,1547,23205000,23206500,1627,2711,23220000,5983
0,1548,23220000,23221500,1627,2711,23235000,5989
0,1549,23235000,23236500,1627,2711,23250000,5993
0,155,2325000,2326500,1627,2711,2340000,595
0,1550,23250000,23251500,1627,2711,23265000,5996
0,1551,23265000,23266500,1627,2711,23280000,5999
0,1552,23280000,23281500,1627,2711,23295000,6004
0,1553,23295000,23296500,1627,2711,23310000,6007
0,1554,23310000,23311500,1627,2711,23325000,6013
0,1555,23325000,23326500,1627,2711,23340000,6015
0,1556,23340000,23341500,1627,2711,23355000,6020
0,1557,23355000,23356500,1627,2711,23370000,6024
0,1558,23370000,23371500,1627,2711,23385000,6027
0,1559,23385000,23386500,1627,2711,23400000,6028
0,156,2340000,2341500,1627,2711,2355000,603
0,1560,23400000,23401500,1627,2711,23415000,6037
0,1561,23415000,23416500,1627,2711,23430000,6039
0,1562,23430000,23431500,1627,2711,23445000,6042
0,1563,23445000,23446500,1627,2711,23460000,6046
0,1564,23460000,23461500,1627,2711,23475000,6051
0,1565,23475000,23476500,1627,2711,23490000,6054
0,1566,23490000,23491500,1627,2711,23505000,6059
0,1567,23505000,23506500,1627,2711,23520000,6060
0,1568,23520000,23521500,1627,2711,23535000,6067
0,1569,23535000,23536500,1627,2711,23550000,6070
0,157,2355000,2356500,1627,2711,2370000,606
0,1570,23550000,23551500,1627,2711,23565000,6074
0,1571,23565000,23566500,1627,2711,23580000,6075
0,1572,23580000,23581500,1627,2711,23595000,6082
0,1573,23595000,23596500,1627,2711,23610000,6087
0,1574,23610000,23611500,1627,2711,23625000,6089
0,1575,23625000,23626500,1627,2711,23640000,6091
0,1576,23640000,23641500,1627,2711,23655000,6097
0,1577,23655000,23656500,1627,2711,23670000,6101
0,1578,23670000,23671500,1627,2711,23685000,6106
0,1579,23685000,23686500,1627,2711,23700000,6107
0,158,2370000,2371500,1627,2711,2385000,609
0,1580,23700000,23701500,1627,2711,23715000,6112
0,1581,23715000,23716500,1627,2711,23730000,6117
0,1582,23730000,23731500,1627,2711,23745000,6120
0,1583,23745000,23746500,1627,2711,23760000,6122
0,1584,23760000,23761500,1627,2711,23775000,6129
0,1585,23775000,23776500,1627,2711,23790000,6131
0,1586,23790000,23791500,1627,2711,23805000,6137
0,1587,23805000,23806500,1627,2711,23820000,6139
0,1588,23820000,23821500,1627,2711,23835000,6143
0,1589,23835000,23836500,1627,2711,23850000,6146
0,159,2385000,2386500,1627,2711,2400000,611
0,1590,23850000,23851500,1627,2711,23865000,6152
0,1591,23865000,23866500,1627,2711,23880000,6154
0,1592,23880000,23881500,1627,2711,23895000,6159
0,1593,23895000,23896500,1627,2711,23910000,6163
0,1594,23910000,23911500,1627,2711,23925000,6167
0,1595,23925000,23926500,1627,2711,23940000,6168
0,1596,23940000,23941500,1627,2711,23955000,6176
0,1597,23955000,23956500,1627,2711,23970000,6179
0,1598,23970000,23971500,1627,2711,23985000,6181
0,1599,23985000,23986500,1627,2711,24000000,6184
0,16,240000,241500,1627,2711,255000,60
0,160,2400000,2401500,1627,2711,2415000,618
0,1600,24000000,24001500,1627,2711,24015000,6191
0,1601,24015000,24016500,1627,2711,24030000,6193
0,1602,24030000,24031500,1627,2711,24045000,6198
0,1603,24045000,24046500,1627,2711,24060000,6201
0,1604,24060000,24061500,1627,2711,24075000,6205
0,1605,24075000,24076500,1627,2711,24090000,6210
0,1606,24090000,24091500,1627,2711,24105000,6213
0,1607,24105000,24106500,1627,2711,24120000,6215
0,1608,24120000,24121500,1627,2711,24135000,6222
0,1609,24135000,24136500,1627,2711,24150000,6224
0,161,2415000,2416500,1627,2711,2430000,620
0,1610,24150000,24151500,1627,2711,24165000,6229
0,1611,24165000,24166500,1627,2711,24180000,6231
0,1612,24180000,24181500,1627,2711,24195000,6236
0,1613,24195000,24196500,1627,2711,24210000,6240
0,1614,24210000,24211500,1627,2711,24225000,6245
0,1615,24225000,24226500,1627,2711,24240000,6246
0,1616,24240000,24241500,1627,2711,24255000,6253
0,1617,24255000,24256500,1627,2711,24270000,6256
0,1618,24270000,24271500,1627,2711,24285000,6259
0,1619,24285000,24286500,1627,2711,24300000,6261
0,162,2430000,2431500,1627,2711,2445000,625
0,1620,24300000,24301500,1627,2711,24315000,6269
0,1621,24315000,24316500,1627,2711,24330000,6272
0,1622,24330000,24331500,1627,2711,24345000,6274
0,1623,24345000,24346500,1627,2711,24360000,6277
0,1624,24360000,24361500,1627,2711,24375000,6283
0,1625,24375000,24376500,1627,2711,24390000,6286
0,1626,24390000,24391500,1627,2711,24405000,6292
0,1627,24405000,24406500,1627,2711,24420000,6293
0,1628,24420000,24421500,1627,2711,24435000,6298
0,1629,24435000,24436500,1627,2711,24450000,6303
0,163,2445000,2446500,1627,2711,2460000,628
0,1630,24450000,24451500,1627,2711,24465000,6306
0,1631,24465000,24466500,1627,2711,24480000,6307
0,1632,24480000,24481500,1627,2711,24495000,6314
0,1633,24495000,24496500,1627,2711,24510000,6319
0,1634,24510000,24511500,1627,2711,24525000,6322
0,1635,24525000,24526500,1627,2711,24540000,6324
0,1636,24540000,24541500,1627,2711,24555000,6329
0,1637,24555000,24556500,1627,2711,24570000,6332
0,1638,24570000,24571500,1627,2711,24585000,6338
0,1639,24585000,24586500,1627,2711,24600000,6339
0,164,2460000,2461500,1627,2711,2475000,633
0,1640,24600000,24601500,1627,2711,24615000,6345
0,1641,24615000,24616500,1627,2711,24630000,6348
0,1642,24630000,24631500,1627,2711,24645000,6353
0,1643,24645000,24646500,1627,2711,24660000,6355
0,1644,24660000,24661500,1627,2711,24675000,6361
0,1645,24675000,24676500,1627,2711,24690000,6364
0,1646,24690000,24691500,1627,2711,24705000,6368
0,1647,24705000,24706500,1627,2711,24720000,6371
0,1648,24720000,24721500,1627,2711,24735000,6376
0,1649,24735000,24736500,1627,2711,24750000,6378
0,165,2475000,2476500,1627,2711,2490000,637
0,1650,24750000,24751500,1627,2711,24765000,6384
0,1651,24765000,24766500,1627,2711,24780000,6386
0,1652,24780000,24781500,1627,2711,24795000,6391
0,1653,24795000,24796500,1627,2711,24810000,6396
0,1654,24810000,24811500,1627,2711,24825000,6398
0,1655,24825000,24826500,1627,2711,24840000,6400
0,1656,24840000,24841500,1627,2711,24855000,6409
0,1657,24855000,24856500,1627,2711,24870000,6411
0,1658,24870000,24871500,1627,2711,24885000,6414
0,1659,24885000,24886500,1627,2711,24900000,6417
0,166,2490000,2491500,1627,2711,2505000,640
0,1660,24900000,24901500,1627,2711,24915000,6422
0,1661,24915000,24916500,1627,2711,24930000,6426
0,1662,24930000,24931500,1627,2711,24945000,6430
0,1663,24945000,24946500,1627,2711,24960000,6432
0,1664,24960000,24961500,1627,2711,24975000,6438
0,1665,24975000,24976500,1627,2711,24990000,6441
0,1666,24990000,24991500,1627,2711,25005000,6446
0,1667,25005000,25006500,1627,2711,25020000,6447
0,1668,25020000,25021500,1627,2711,25035000,6454
0,1669,25035000,25036500,1627,2711,25050000,6457
0,167,2505000,2506500,1627,2711,2520000,641
0,1670,25050000,25051500,1627,2711,25065000,6461
0,1671,25065000,25066500,1627,2711,25080000,6463
0,1672,25080000,25081500,1627,2711,25095000,6469
0,1673,25095000,25096500,1627,2711,25110000,6472
0,1674,25110000,25111500,1627,2711,25125000,6477
0,1675,25125000,25126500,1627,2711,25140000,6479
0,1676,25140000,25141500,1627,2711,25155000,6484
0,1677,25155000,25156500,1627,2711,25170000,6489
0,1678,25170000,25171500,1627,2711,25185000,6491
0,1679,25185000,25186500,1627,2711,25200000,6492
0,168,2520000,2521500,1627,2711,2535000,649
0,1680,25200000,25201500,1627,2711,25215000,6501
0,1681,25215000,25216500,1627,2711,25230000,6504
0,1682,25230000,25231500,1627,2711,25245000,6507
0,1683,25245000,25246500,1627,2711,25260000,6510
0,1684,25260000,25261500,1627,2711,25275000,6515
0,1685,25275000,25276500,1627,2711,25290000,6519
0,1686,25290000,25291500,1627,2711,25305000,6524
0,1687,25305000,25306500,1627,2711,25320000,6525
0,1688,25320000,25321500,1627,2711,25335000,6530
0,1689,25335000,25336500,1627,2711,25350000,6534
0,169,2535000,2536500,1627,2711,2550000,652
0,1690,25350000,25351500,1627,2711,25365000,6539
0,1691,25365000,25366500,1627,2711,25380000,6540
0,1692,25380000,25381500,1627,2711,25395000,6546
0,1693,25395000,25396500,1627,2711,25410000,6550
0,1694,25410000,25411500,1627,2711,25425000,6554
0,1695,25425000,25426500,1627,2711,25440000,6556
0,1696,25440000,25441500,1627,2711,25455000,6562
0,1697,25455000,25456500,1627,2711,25470000,6564
0,1698,25470000,25471500,1627,2711,25485000,6571
0,1699,25485000,25486500,1627,2711,25500000,6572
0,17,255000,256500,1627,2711,270000,63
0,170,2550000,2551500,1627,2711,2565000,656
0,1700,25500000,25501500,1627,2711,25515000,6577
0,1701,25515000,25516500,1627,2711,25530000,6581
0,1702,25530000,25531500,1627,2711,25545000,6583
0,1703,25545000,25546500,1627,2711,25560000,6587
0,1704,25560000,25561500,1627,2711,25575000,6594
0,1705,25575000,25576500,1627,2711,25590000,6596
0,1706,25590000,25591500,1627,2711,25605000,6600
0,1707,25605000,25606500,1627,2711,25620000,6603
0,1708,25620000,25621500,1627,2711,25635000,6608
0,1709,25635000,25636500,1627,2711,25650000,6611
0,171,2565000,2566500,1627,2711,2580000,658
0,1710,25650000,25651500,1627,2711,25665000,6616
0,1711,25665000,25666500,1627,2711,25680000,6618
0,1712,25680000,25681500,1627,2711,25695000,6624
0,1713,25695000,25696500,1627,2711,25710000,6628
0,1714,25710000,25711500,1627,2711,25725000,6631
0,1715,25725000,25726500,1627,2711,25740000,6632
0,1716,25740000,25741500,1627,2711,25755000,6640
0,1717,25755000,25756500,1627,2711,25770000,6644
0,1718,25770000,25771500,1627,2711,25785000,6646
0,1719,25785000,25786500,1627,2711,25800000,6648
0,172,2580000,2581500,1627,2711,2595000,663
0,1720,25800000,25801500,1627,2711,25815000,6655
0,1721,25815000,25816500,1627,2711,25830000,6657
0,1722,25830000,25831500,1627,2711,25845000,6663
0,1723,25845000,25846500,1627,2711,25860000,6665
0,1724,25860000,25861500,1627,2711,25875000,6670
0,1725,25875000,25876500,1627,2711,25890000,6674
0,1726,25890000,25891500,1627,2711,25905000,6678
0,1727,25905000,25906500,1627,2711,25920000,6679
0,1728,25920000,25921500,1627,2711,25935000,6686
0,1729,25935000,25936500,1627,2711,25950000,6689
0,173,2595000,2596500,1627,2711,2610000,668
0,1730,25950000,25951500,1627,2711,25965000,6693
0,1731,25965000,25966500,1627,2711,25980000,6696
0,1732,25980000,25981500,1627,2711,25995000,6700
0,1733,25995000,25996500,1627,2711,26010000,6705
0,1734,26010000,26011500,1627,2711,26025000,6709
0,1735,26025000,26026500,1627,2711,26040000,6710
0,1736,26040000,26041500,1627,2711,26055000,6717
0,1737,26055000,26056500,1627,2711,26070000,6721
0,1738,26070000,26071500,1627,2711,26085000,6724
0,1739,26085000,26086500,1627,2711,26100000,6725
0,174,2610000,2611500,1627,2711,2625000,672
0,1740,26100000,26101500,1627,2711,26115000,6733
0,1741,26115000,26116500,1627,2711,26130000,6736
0,1742,26130000,26131500,1627,2711,26145000,6739
0,1743,26145000,26146500,1627,2711,26160000,6742
0,1744,26160000,26161500,1627,2711,26175000,6747
0,1745,26175000,26176500,1627,2711,26190000,6750
0,1746,26190000,26191500,1627,2711,26205000,6757
0,1747,26205000,26206500,1627,2711,26220000,6758
0,1748,26220000,26221500,1627,2711,26235000,6762
0,1749,26235000,26236500,1627,2711,26250000,6766
0,175,2625000,2626500,1627,2711,2640000,673
0,1750,26250000,26251500,1627,2711,26265000,6771
0,1751,26265000,26266500,1627,2711,26280000,6772
0,1752,26280000,26281500,1627,2711,26295000,6779
0,1753,26295000,26296500,1627,2711,26310000,6782
0,1754,26310000,26311500,1627,2711,26325000,6786
0,1755,26325000,26326500,1627,2711,26340000,6789
0,1756,26340000,26341500,1627,2711,26355000,6794
0,1757,26355000,26356500,1627,2711,26370000,6797
0,1758,26370000,26371500,1627,2711,26385000,6801
0,1759,26385000,26386500,1627,2711,26400000,6804
0,176,2640000,2641500,1627,2711,2655000,679
0,1760,26400000,26401500,1627,2711,26415000,6810
0,1761,26415000,26416500,1627,2711,26430000,6813
0,1762,26430000,26431500,1627,2711,26445000,6816
0,1763,26445000,26446500,1627,2711,26460000,6819
0,1764,26460000,26461500,1627,2711,26475000,6826
0,1765,26475000,26476500,1627,2711,26490000,6829
0,1766,26490000,26491500,1627,2711,26505000,6832
0,1767,26505000,26506500,1627,2711,26520000,6834
0,1768,26520000,26521500,1627,2711,26535000,6841
0,1769,26535000,26536500,1627,2711,26550000,6843
0,177,2655000,2656500,1627,2711,2670000,684
0,1770,26550000,26551500,1627,2711,26565000,6849
0,1771,26565000,26566500,1627,2711,26580000,6850
0,1772,26580000,26581500,1627,2711,26595000,6855
0,1773,26595000,26596500,1627,2711,26610000,6861
0,1774,26610000,26611500,1627,2711,26625000,6863
0,1775,26625000,26626500,1627,2711,26640000,6864
0,1776,26640000,26641500,1627,2711,26655000,6873
0,1777,26655000,26656500,1627,2711,26670000,6875
0,1778,26670000,26671500,1627,2711,26685000,6879
0,1779,26685000,26686500,1627,2711,26700000,6881
0,178,2670000,2671500,1627,2711,2685000,687
0,1780,26700000,26701500,1627,2711,26715000,6886
0,1781,26715000,26716500,1627,2711,26730000,6890
0,1782,26730000,26731500,1627,2711,26745000,6895
0,1783,26745000,26746500,1627,2711,26760000,6897
0,1784,26760000,26761500,1627,2711,26775000,6902
0,1785,26775000,26776500,1627,2711,26790000,6906
0,1786,26790000,26791500,1627,2711,26805000,6910
0,1787,26805000,26806500,1627,2711,26820000,6912
0,1788,26820000,26821500,1627,2711,26835000,6918
0,1789,26835000,26836500,1627,2711,26850000,6922
0,179,2685000,2686500,1627,2711,2700000,688
0,1790,26850000,26851500,1627,2711,26865000,6925
0,1791,26865000,26866500,1627,2711,26880000,6927
0,1792,26880000,26881500,1627,2711,26895000,6933
0,1793,26895000,26896500,1627,2711,26910000,6936
0,1794,26910000,26911500,1627,2711,26925000,6942
0,1795,26925000,26926500,1627,2711,26940000,6943
0,1796,26940000,26941500,1627,2711,26955000,6949
0,1797,26955000,26956500,1627,2711,26970000,6953
0,1798,26970000,26971500,1627,2711,26985000,6956
0,1799,26985000,26986500,1627,2711,27000000,6957
0,18,270000,271500,1627,2711,285000,69
0,180,2700000,2701500,1627,2711,2715000,695
0,1800,27000000,27001500,1627,2711,27015000,6965
0,1801,27015000,27016500,1627,2711,27030000,6968
0,1802,27030000,27031500,1627,2711,27045000,6972
0,1803,27045000,27046500,1627,2711,27060000,6975
0,1804,27060000,27061500,1627,2711,27075000,6979
0,1805,27075000,27076500,1627,2711,27090000,6982
0,1806,27090000,27091500,1627,2711,27105000,6988
0,1807,27105000,27106500,1627,2711,27120000,6990
0,1808,27120000,27121500,1627,2711,27135000,6995
0,1809,27135000,27136500,1627,2711,27150000,6998
0,181,2715000,2716500,1627,2711,2730000,698
0,1810,27150000,27151500,1627,2711,27165000,7003
0,1811,27165000,27166500,1627,2711,27180000,7005
0,1812,27180000,27181500,1627,2711,27195000,7011
0,1813,27195000,27196500,1627,2711,27210000,7015
0,1814,27210000,27211500,1627,2711,27225000,7017
0,1815,27225000,27226500,1627,2711,27240000,7021
0,1816,27240000,27241500,1627,2711,27255000,7027
0,1817,27255000,27256500,1627,2711,27270000,7029
0,1818,27270000,27271500,1627,2711,27285000,7034
0,1819,27285000,27286500,1627,2711,27300000,7035
0,182,2730000,2731500,1627,2711,2745000,702
0,1820,27300000,27301500,1627,2711,27315000,7042
0,1821,27315000,27316500,1627,2711,27330000,7046
0,1822,27330000,27331500,1627,2711,27345000,7048
0,1823,27345000,27346500,1627,2711,27360000,7050
0,1824,27360000,27361500,1627,2711,27375000,7059
0,1825,27375000,27376500,1627,2711,27390000,7061
0,1826,27390000,27391500,1627,2711,27405000,7065
0,1827,27405000,27406500,1627,2711,27420000,7067
0,1828,27420000,27421500,1627,2711,27435000,7072
0,1829,27435000,27436500,1627,2711,27450000,7076
0,183,2745000,2746500,1627,2711,2760000,705
0,1830,27450000,27451500,1627,2711,27465000,7081
0,1831,27465000,27466500,1627,2711,27480000,7082
0,1832,27480000,27481500,1627,2711,27495000,7087
0,1833,27495000,27496500,1627,2711,27510000,7092
0,1834,27510000,27511500,1627,2711,27525000,7096
0,1835,27525000,27526500,1627,2711,27540000,7097
0,1836,27540000,27541500,1627,2711,27555000,7104
0,1837,27555000,27556500,1627,2711,27570000,7108
0,1838,27570000,27571500,1627,2711,27585000,7111
0,1839,27585000,27586500,1627,2711,27600000,7113
0,184,2760000,2761500,1627,2711,2775000,710
0,1840,27600000,27601500,1627,2711,27615000,7119
0,1841,27615000,27616500,1627,2711,27630000,7122
0,1842,27630000,27631500,1627,2711,27645000,7127
0,1843,27645000,27646500,1627,2711,27660000,7130
0,1844,27660000,27661500,1627,2711,27675000,7134
0,1845,27675000,27676500,1627,2711,27690000,7138
0,1846,27690000,27691500,1627,2711,27705000,7142
0,1847,27705000,27706500,1627,2711,27720000,7143
0,1848,27720000,27721500,1627,2711,27735000,7151
0,1849,27735000,27736500,1627,2711,27750000,7153
0,185,2775000,2776500,1627,2711,2790000,712
0,1850,27750000,27751500,1627,2711,27765000,7158
0,1851,27765000,27766500,1627,2711,27780000,7160
0,1852,27780000,27781500,1627,2711,27795000,7165
0,1853,27795000,27796500,1627,2711,27810000,7169
0,1854,27810000,27811500,1627,2711,27825000,7174
0,1855,27825000,27826500,1627,2711,27840000,7175
0,1856,27840000,27841500,1627,2711,27855000,7181
0,1857,27855000,27856500,1627,2711,27870000,7185
0,1858,27870000,27871500,1627,2711,27885000,7188
0,1859,27885000,27886500,1627,2711,27900000,7190
0,186,2790000,2791500,1627,2711,2805000,720
0,1860,27900000,27901500,1627,2711,27915000,7197
0,1861,27915000,27916500,1627,2711,27930000,7200
0,1862,27930000,27931500,1627,2711,27945000,7203
0,1863,27945000,27946500,1627,2711,27960000,7207
0,1864,27960000,27961500,1627,2711,27975000,7212
0,1865,27975000,27976500,1627,2711,27990000,7214
0,1866,27990000,27991500,1627,2711,28005000,7221
0,1867,28005000,28006500,1627,2711,28020000,7223
0,1868,28020000,28021500,1627,2711,28035000,7227
0,1869,28035000,28036500,1627,2711,28050000,7231
0,187,2805000,2806500,1627,2711,2820000,721
0,1870,28050000,28051500,1627,2711,28065000,7234
0,1871,28065000,28066500,1627,2711,28080000,7236
0,1872,28080000,28081500,1627,2711,28095000,7244
0,1873,28095000,28096500,1627,2711,28110000,7247
0,1874,28110000,28111500,1627,2711,28125000,7250
0,1875,28125000,28126500,1627,2711,28140000,7252
0,1876,28140000,28141500,1627,2711,28155000,7259
0,1877,28155000,28156500,1627,2711,28170000,7262
0,1878,28170000,28171500,1627,2711,28185000,7266
0,1879,28185000,28186500,1627,2711,28200000,7267
0,188,2820000,2821500,1627,2711,2835000,725
0,1880,28200000,28201500,1627,2711,28215000,7275
0,1881,28215000,28216500,1627,2711,28230000,7278
0,1882,28230000,28231500,1627,2711,28245000,7281
0,1883,28245000,28246500,1627,2711,28260000,7283
0,1884,28260000,28261500,1627,2711,28275000,7289
0,1885,28275000,28276500,1627,2711,28290000,7294
0,1886,28290000,28291500,1627,2711,28305000,7297
0,1887,28305000,28306500,1627,2711,28320000,7299
0,1888,28320000,28321500,1627,2711,28335000,7304
0,1889,28335000,28336500,1627,2711,28350000,7307
0,189,2835000,2836500,1627,2711,2850000,729
0,1890,28350000,28351500,1627,2711,28365000,7314
0,1891,28365000,28366500,1627,2711,28380000,7315
0,1892,28380000,28381500,1627,2711,28395000,7319
0,1893,28395000,28396500,1627,2711,28410000,7325
0,1894,28410000,28411500,1627,2711,28425000,7328
0,1895,28425000,28426500,1627,2711,28440000,7329
0,1896,28440000,28441500,1627,2711,28455000,7337
0,1897,28455000,28456500,1627,2711,28470000,7339
0,1898,28470000,28471500,1627,2711,28485000,7343
0,1899,28485000,28486500,1627,2711,28500000,7346
0,19,285000,286500,1627,2711,300000,70
0,190,2850000,2851500,1627,2711,2865000,733
0,1900,28500000,28501500,1627,2711,28515000,7351
0,1901,28515000,28516500,1627,2711,28530000,7354
0,1902,28530000,28531500,1627,2711,28545000,7359
0,1903,28545000,28546500,1627,2711,28560000,7361
0,1904,28560000,28561500,1627,2711,28575000,7367
0,1905,28575000,28576500,1627,2711,28590000,7370
0,1906,28590000,28591500,1627,2711,28605000,7375
0,1907,28605000,28606500,1627,2711,28620000,7376
0,1908,28620000,28621500,1627,2711,28635000,7383
0,1909,28635000,28636500,1627,2711,28650000,7386
0,191,2865000,2866500,1627,2711,2880000,735
0,1910,28650000,28651500,1627,2711,28665000,7389
0,1911,28665000,28666500,1627,2711,28680000,7392
0,1912,28680000,28681500,1627,2711,28695000,7397
0,1913,28695000,28696500,1627,2711,28710000,7401
0,1914,28710000,28711500,1627,2711,28725000,7406
0,1915,28725000,28726500,1627,2711,28740000,7408
0,1916,28740000,28741500,1627,2711,28755000,7413
0,1917,28755000,28756500,1627,2711,28770000,7417
0,1918,28770000,28771500,1627,2711,28785000,7420
0,1919,28785000,28786500,1627,2711,28800000,7422
0,192,2880000,2881500,1627,2711,2895000,742
0,1920,28800000,28801500,1627,2711,28815000,7430
0,1921,28815000,28816500,1627,2711,28830000,7432
0,1922,28830000,28831500,1627,2711,28845000,7436
0,1923,28845000,28846500,1627,2711,28860000,7439
0,1924,28860000,28861500,1627,2711,28875000,7444
0,1925,28875000,28876500,1627,2711,28890000,7447
0,1926,28890000,28891500,1627,2711,28905000,7452
0,1927,28905000,28906500,1627,2711,28920000,7454
0,1928,28920000,28921500,1627,2711,28935000,7460
0,1929,28935000,28936500,1627,2711,28950000,7463
0,193,2895000,2896500,1627,2711,2910000,745
0,1930,28950000,28951500,1627,2711,28965000,7467
0,1931,28965000,28966500,1627,2711,28980000,7468
0,1932,28980000,28981500,1627,2711,28995000,7476
0,1933,28995000,28996500,1627,2711,29010000,7480
0,1934,29010000,29011500,1627,2711,29025000,7482
0,1935,29025000,29026500,1627,2711,29040000,7484
0,1936,29040000,29041500,1627,2711,29055000,7491
0,1937,29055000,29056500,1627,2711,29070000,7494
0,1938,29070000,29071500,1627,2711,29085000,7499
0,1939,29085000,29086500,1627,2711,29100000,7500
0,194,2910000,2911500,1627,2711,2925000,748
0,1940,29100000,29101500,1627,2711,29115000,7505
0,1941,29115000,29116500,1627,2711,29130000,7511
0,1942,29130000,29131500,1627,2711,29145000,7513
0,1943,29145000,29146500,1627,2711,29160000,7515
0,1944,29160000,29161500,1627,2711,29175000,7522
0,1945,29175000,29176500,1627,2711,29190000,7525
0,1946,29190000,29191500,1627,2711,29205000,7530
0,1947,29205000,29206500,1627,2711,29220000,7532
0,1948,29220000,29221500,1627,2711,29235000,7536
0,1949,29235000,29236500,1627,2711,29250000,7539
0,195,2925000,2926500,1627,2711,2940000,751
0,1950,29250000,29251500,1627,2711,29265000,7546
0,1951,29265000,29266500,1627,2711,29280000,7547
0,1952,29280000,29281500,1627,2711,29295000,7552
0,1953,29295000,29296500,1627,2711,29310000,7556
0,1954,29310000,29311500,1627,2711,29325000,7560
0,1955,29325000,29326500,1627,2711,29340000,7562
0,1956,29340000,29341500,1627,2711,29355000,7569
0,1957,29355000,29356500,1627,2711,29370000,7572
0,1958,29370000,29371500,1627,2711,29385000,7575
0,1959,29385000,29386500,1627,2711,29400000,7577
0,196,2940000,2941500,1627,2711,2955000,757
0,1960,29400000,29401500,1627,2711,29415000,7584
0,1961,29415000,29416500,1627,2711,29430000,7586
0,1962,29430000,29431500,1627,2711,29445000,7591
0,1963,29445000,29446500,1627,2711,29460000,7594
0,1964,29460000,29461500,1627,2711,29475000,7599
0,1965,29475000,29476500,1627,2711,29490000,7603
0,1966,29490000,29491500,1627,2711,29505000,7606
0,1967,29505000,29506500,1627,2711,29520000,7608
0,1968,29520000,29521500,1627,2711,29535000,7615
0,1969,29535000,29536500,1627,2711,29550000,7618
0,197,2955000,2956500,1627,2711,2970000,760
0,1970,29550000,29551500,1627,2711,29565000,7622
0,1971,29565000,29566500,1627,2711,29580000,7625
0,1972,29580000,29581500,1627,2711,29595000,7629
0,1973,29595000,29596500,1627,2711,29610000,7633
0,1974,29610000,29611500,1627,2711,29625000,7638
0,1975,29625000,29626500,1627,2711,29640000,7639
0,1976,29640000,29641500,1627,2711,29655000,7646
0,1977,29655000,29656500,1627,2711,29670000,7649
0,1978,29670000,29671500,1627,2711,29685000,7653
0,1979,29685000,29686500,1627,2711,29700000,7654
0,198,2970000,2971500,1627,2711,2985000,764
0,1980,29700000,29701500,1627,2711,29715000,7662
0,1981,29715000,29716500,1627,2711,29730000,7665
0,1982,29730000,29731500,1627,2711,29745000,7667
0,1983,29745000,29746500,1627,2711,29760000,7671
0,1984,29760000,29761500,1627,2711,29775000,7677
0,1985,29775000,29776500,1627,2711,29790000,7679
0,1986,29790000,29791500,1627,2711,29805000,7685
0,1987,29805000,29806500,1627,2711,29820000,7686
0,1988,29820000,29821500,1627,2711,29835000,7691
0,1989,29835000,29836500,1627,2711,29850000,7696
0,199,2985000,2986500,1627,2711,3000000,766
0,1990,29850000,29851500,1627,2711,29865000,7699
0,1991,29865000,29866500,1627,2711,29880000,7700
0,1992,29880000,29881500,1627,2711,29895000,7708
0,1993,29895000,29896500,1627,2711,29910000,7712
0,1994,29910000,29911500,1627,2711,29925000,7715
0,1995,29925000,29926500,1627,2711,29940000,7717
0,1996,29940000,29941500,1627,2711,29955000,7722
0,1997,29955000,29956500,1627,2711,29970000,7727
0,1998,29970000,29971500,1627,2711,29985000,7731
0,1999,29985000,29986500,1627,2711,30000000,7732
0,2,30000,31500,1627,2711,45000,5
0,20,300000,301500,1627,2711,315000,75
0,200,3000000,3001500,1627,2711,3015000,773
0,2000,30000000,30001500,1627,2711,30015000,7738
0,2001,30015000,30016500,1627,2711,30030000,7741
0,2002,30030000,30031500,1627,2711,30045000,7746
0,2003,30045000,30046500,1627,2711,30060000,7748
0,2004,30060000,30061500,1627,2711,30075000,7754
0,2005,30075000,30076500,1627,2711,30090000,7757
0,2006,30090000,30091500,1627,2711,30105000,7762
0,2007,30105000,30106500,1627,2711,30120000,7764
0,2008,30120000,30121500,1627,2711,30135000,7769
0,2009,30135000,30136500,1627,2711,30150000,7771
0,201,3015000,3016500,1627,2711,3030000,776
0,2010,30150000,30151500,1627,2711,30165000,7778
0,2011,30165000,30166500,1627,2711,30180000,7780
0,2012,30180000,30181500,1627,2711,30195000,7784
0,2013,30195000,30196500,1627,2711,30210000,7789
0,2014,30210000,30211500,1627,2711,30225000,7791
0,2015,30225000,30226500,1627,2711,30240000,7793
0,2016,30240000,30241500,1627,2711,30255000,7802
0,2017,30255000,30256500,1627,2711,30270000,7804
0,2018,30270000,30271500,1627,2711,30285000,7807
0,2019,30285000,30286500,1627,2711,30300000,7810
0,202,3030000,3031500,1627,2711,3045000,779
0,2020,30300000,30301500,1627,2711,30315000,7816
0,2021,30315000,30316500,1627,2711,30330000,7819
0,2022,30330000,30331500,1627,2711,30345000,7823
0,2023,30345000,30346500,1627,2711,30360000,7826
0,2024,30360000,30361500,1627,2711,30375000,7831
0,2025,30375000,30376500,1627,2711,30390000,7835
0,2026,30390000,30391500,1627,2711,30405000,7839
0,2027,30405000,30406500,1627,2711,30420000,7840
0,2028,30420000,30421500,1627,2711,30435000,7847
0,2029,30435000,30436500,1627,2711,30450000,7850
0,203,3045000,3046500,1627,2711,3060000,782
0,2030,30450000,30451500,1627,2711,30465000,7854
0,2031,30465000,30466500,1627,2711,30480000,7856
0,2032,30480000,30481500,1627,2711,30495000,7862
0,2033,30495000,30496500,1627,2711,30510000,7865
0,2034,30510000,30511500,1627,2711,30525000,7871
0,2035,30525000,30526500,1627,2711,30540000,7872
0,2036,30540000,30541500,1627,2711,30555000,7878
0,2037,30555000,30556500,1627,2711,30570000,7882
0,2038,30570000,30571500,1627,2711,30585000,7884
0,2039,30585000,30586500,1627,2711,30600000,7886
0,204,3060000,3061500,1627,2711,3075000,788
0,2040,30600000,30601500,1627,2711,30615000,7894
0,2041,30615000,30616500,1627,2711,30630000,7897
0,2042,30630000,30631500,1627,2711,30645000,7900
0,2043,30645000,30646500,1627,2711,30660000,7903
0,2044,30660000,30661500,1627,2711,30675000,7908
0,2045,30675000,30676500,1627,2711,30690000,7912
0,2046,30690000,30691500,1627,2711,30705000,7917
0,2047,30705000,30706500,1627,2711,30720000,7918
0,2048,30720000,30721500,1627,2711,30735000,7924
0,2049,30735000,30736500,1627,2711,30750000,7928
0,205,3075000,3076500,1627,2711,3090000,792
0,2050,30750000,30751500,1627,2711,30765000,7932
0,2051,30765000,30766500,1627,2711,30780000,7933
0,2052,30780000,30781500,1627,2711,30795000,7939
0,2053,30795000,30796500,1627,2711,30810000,7944
0,2054,30810000,30811500,1627,2711,30825000,7947
0,2055,30825000,30826500,1627,2711,30840000,7949
0,2056,30840000,30841500,1627,2711,30855000,7955
0,2057,30855000,30856500,1627,2711,30870000,7957
0,2058,30870000,30871500,1627,2711,30885000,7964
0,2059,30885000,30886500,1627,2711,30900000,7965
0,206,3090000,3091500,1627,2711,3105000,795
0,2060,30900000,30901500,1627,2711,30915000,7970
0,2061,30915000,30916500,1627,2711,30930000,7974
0,2062,30930000,30931500,1627,2711,30945000,7978
0,2063,30945000,30946500,1627,2711,30960000,7980
0,2064,30960000,30961500,1627,2711,30975000,7987
0,2065,30975000,30976500,1627,2711,30990000,7989
0,2066,30990000,30991500,1627,2711,31005000,7993
0,2067,31005000,31006500,1627,2711,31020000,7997
0,2068,31020000,31021500,1627,2711,31035000,8001
0,2069,31035000,31036500,1627,2711,31050000,8004
0,207,3105000,3106500,1627,2711,3120000,797
0,2070,31050000,31051500,1627,2711,31065000,8009
0,2071,31065000,31066500,1627,2711,31080000,8011
0,2072,31080000,31081500,1627,2711,31095000,8017
0,2073,31095000,31096500,1627,2711,31110000,8021
0,2074,31110000,31111500,1627,2711,31125000,8024
0,2075,31125000,31126500,1627,2711,31140000,8026
0,2076,31140000,31141500,1627,2711,31155000,8034
0,2077,31155000,31156500,1627,2711,31170000,8037
0,2078,31170000,31171500,1627,2711,31185000,8039
0,2079,31185000,31186500,1627,2711,31200000,8041
0,208,3120000,3121500,1627,2711,3135000,803
0,2080,31200000,31201500,1627,2711,31215000,8048
0,2081,31215000,31216500,1627,2711,31230000,8051
0,2082,31230000,31231500,1627,2711,31245000,8056
0,2083,31245000,31246500,1627,2711,31260000,8058
0,2084,31260000,31261500,1627,2711,31275000,8063
0,2085,31275000,31276500,1627,2711,31290000,8067
0,2086,31290000,31291500,1627,2711,31305000,8071
0,2087,31305000,31306500,1627,2711,31320000,8072
0,2088,31320000,31321500,1627,2711,31335000,8080
0,2089,31335000,31336500,1627,2711,31350000,8082
0,209,3135000,3136500,1627,2711,3150000,805
0,2090,31350000,31351500,1627,2711,31365000,8087
0,2091,31365000,31366500,1627,2711,31380000,8089
0,2092,31380000,31381500,1627,2711,31395000,8093
0,2093,31395000,31396500,1627,2711,31410000,8098
0,2094,31410000,31411500,1627,2711,31425000,8102
0,2095,31425000,31426500,1627,2711,31440000,8104
0,2096,31440000,31441500,1627,2711,31455000,8110
0,2097,31455000,31456500,1627,2711,31470000,8114
0,2098,31470000,31471500,1627,2711,31485000,8117
0,2099,31485000,31486500,1627,2711,31500000,8118
0,21,315000,316500,1627,2711,330000,80
0,210,3150000,3151500,1627,2711,3165000,812
0,2100,31500000,31501500,1627,2711,31515000,8126
0,2101,31515000,31516500,1627,2711,31530000,8130
0,2102,31530000,31531500,1627,2711,31545000,8132
0,2103,31545000,31546500,1627,2711,31560000,8135
0,2104,31560000,31561500,1627,2711,31575000,8141
0,2105,31575000,31576500,1627,2711,31590000,8143
0,2106,31590000,31591500,1627,2711,31605000,8150
0,2107,31605000,31606500,1627,2711,31620000,8151
0,2108,31620000,31621500,1627,2711,31635000,8155
0,2109,31635000,31636500,1627,2711,31650000,8160
0,211,3165000,3166500,1627,2711,3180000,813
0,2110,31650000,31651500,1627,2711,31665000,8164
0,2111,31665000,31666500,1627,2711,31680000,8165
0,2112,31680000,31681500,1627,2711,31695000,8172
0,2113,31695000,31696500,1627,2711,31710000,8175
0,2114,31710000,31711500,1627,2711,31725000,8180
0,2115,31725000,31726500,1627,2711,31740000,8182
0,2116,31740000,31741500,1627,2711,31755000,8187
0,2117,31755000,31756500,1627,2711,31770000,8190
0,2118,31770000,31771500,1627,2711,31785000,8195
0,2119,31785000,31786500,1627,2711,31800000,8197
0,212,3180000,3181500,1627,2711,3195000,818
0,2120,31800000,31801500,1627,2711,31815000,8203
0,2121,31815000,31816500,1627,2711,31830000,8206
0,2122,31830000,31831500,1627,2711,31845000,8209
0,2123,31845000,31846500,1627,2711,31860000,8213
0,2124,31860000,31861500,1627,2711,31875000,8219
0,2125,31875000,31876500,1627,2711,31890000,8222
0,2126,31890000,31891500,1627,2711,31905000,8225
0,2127,31905000,31906500,1627,2711,31920000,8228
0,2128,31920000,31921500,1627,2711,31935000,8234
0,2129,31935000,31936500,1627,2711,31950000,8236
0,213,3195000,3196500,1627,2711,3210000,823
0,2130,31950000,31951500,1627,2711,31965000,8242
0,2131,31965000,31966500,1627,2711,31980000,8243
0,2132,31980000,31981500,1627,2711,31995000,8249
0,2133,31995000,31996500,1627,2711,32010000,8254
0,2134,32010000,32011500,1627,2711,32025000,8256
0,2135,32025000,32026500,1627,2711,32040000,8257
0,2136,32040000,32041500,1627,2711,32055000,8266
0,2137,32055000,32056500,1627,2711,32070000,8269
0,2138,32070000,32071500,1627,2711,32085000,8272
0,2139,32085000,32086500,1627,2711,32100000,8274
0,214,3210000,3211500,1627,2711,3225000,826
0,2140,32100000,32101500,1627,2711,32115000,8280
0,2141,32115000,32116500,1627,2711,32130000,8283
0,2142,32130000,32131500,1627,2711,32145000,8288
0,2143,32145000,32146500,1627,2711,32160000,8290
0,2144,32160000,32161500,1627,2711,32175000,8295
0,2145,32175000,32176500,1627,2711,32190000,8299
0,2146,32190000,32191500,1627,2711,32205000,8304
0,2147,32205000,32206500,1627,2711,32220000,8305
0,2148,32220000,32221500,1627,2711,32235000,8311
0,2149,32235000,32236500,1627,2711,32250000,8315
0,215,3225000,3226500,1627,2711,3240000,827
0,2150,32250000,32251500,1627,2711,32265000,8318
0,2151,32265000,32266500,1627,2711,32280000,8321
0,2152,32280000,32281500,1627,2711,32295000,8326
0,2153,32295000,32296500,1627,2711,32310000,8330
0,2154,32310000,32311500,1627,2711,32325000,8335
0,2155,32325000,32326500,1627,2711,32340000,8336
0,2156,32340000,32341500,1627,2711,32355000,8342
0,2157,32355000,32356500,1627,2711,32370000,8346
0,2158,32370000,32371500,1627,2711,32385000,8349
0,2159,32385000,32386500,1627,2711,32400000,8350
0,216,3240000,3241500,1627,2711,3255000,836
0,2160,32400000,32401500,1627,2711,32415000,8359
0,2161,32415000,32416500,1627,2711,32430000,8361
0,2162,32430000,32431500,1627,2711,32445000,8365
0,2163,32445000,32446500,1627,2711,32460000,8368
0,2164,32460000,32461500,1627,2711,32475000,8372
0,2165,32475000,32476500,1627,2711,32490000,8376
0,2166,32490000,32491500,1627,2711,32505000,8382
0,2167,32505000,32506500,1627,2711,32520000,8383
0,2168,32520000,32521500,1627,2711,32535000,8388
0,2169,32535000,32536500,1627,2711,32550000,8391
0,217,3255000,3256500,1627,2711,3270000,838
0,2170,32550000,32551500,1627,2711,32565000,8396
0,2171,32565000,32566500,1627,2711,32580000,8398
0,2172,32580000,32581500,1627,2711,32595000,8404
0,2173,32595000,32596500,1627,2711,32610000,8408
0,2174,32610000,32611500,1627,2711,32625000,8411
0,2175,32625000,32626500,1627,2711,32640000,8414
0,2176,32640000,32641500,1627,2711,32655000,8420
0,2177,32655000,32656500,1627,2711,32670000,8422
0,2178,32670000,32671500,1627,2711,32685000,8427
0,2179,32685000,32686500,1627,2711,32700000,8430
0,218,3270000,3271500,1627,2711,3285000,841
0,2180,32700000,32701500,1627,2711,32715000,8435
0,2181,32715000,32716500,1627,2711,32730000,8439
0,2182,32730000,32731500,1627,2711,32745000,8441
0,2183,32745000,32746500,1627,2711,32760000,8443
0,2184,32760000,32761500,1627,2711,32775000,8452
0,2185,32775000,32776500,1627,2711,32790000,8454
0,2186,32790000,32791500,1627,2711,32805000,8458
0,2187,32805000,32806500,1627,2711,32820000,8460
0,2188,32820000,32821500,1627,2711,32835000,8466
0,2189,32835000,32836500,1627,2711,32850000,8469
0,219,3285000,3286500,1627,2711,3300000,844
0,2190,32850000,32851500,1627,2711,32865000,8474
0,2191,32865000,32866500,1627,2711,32880000,8475
0,2192,32880000,32881500,1627,2711,32895000,8481
0,2193,32895000,32896500,1627,2711,32910000,8486
0,2194,32910000,32911500,1627,2711,32925000,8489
0,2195,32925000,32926500,1627,2711,32940000,8490
0,2196,32940000,32941500,1627,2711,32955000,8497
0,2197,32955000,32956500,1627,2711,32970000,8501
0,2198,32970000,32971500,1627,2711,32985000,8504
0,2199,32985000,32986500,1627,2711,33000000,8506
0,22,330000,331500,1627,2711,345000,82
0,220,3300000,3301500,1627,2711,3315000,849
0,2200,33000000,33001500,1627,2711,33015000,8512
0,2201,33015000,33016500,1627,2711,33030000,8515
0,2202,33030000,33031500,1627,2711,33045000,8521
0,2203,33045000,33046500,1627,2711,33060000,8523
0,2204,33060000,33061500,1627,2711,33075000,8527
0,2205,33075000,33076500,1627,2711,33090000,8532
0,2206,33090000,33091500,1627,2711,33105000,8535
0,2207,33105000,33106500,1627,2711,33120000,8537
0,2208,33120000,33121500,1627,2711,33135000,8544
0,2209,33135000,33136500,1627,2711,33150000,8546
0,221,3315000,3316500,1627,2711,3330000,853
0,2210,33150000,33151500,1627,2711,33165000,8551
0,2211,33165000,33166500,1627,2711,33180000,8553
0,2212,33180000,33181500,1627,2711,33195000,8558
0,2213,33195000,33196500,1627,2711,33210000,8562
0,2214,33210000,33211500,1627,2711,33225000,8567
0,2215,33225000,33226500,1627,2711,33240000,8568
0,2216,33240000,33241500,1627,2711,33255000,8575
0,2217,33255000,33256500,1627,2711,33270000,8578
0,2218,33270000,33271500,1627,2711,33285000,8582
0,2219,33285000,33286500,1627,2711,33300000,8583
0,222,3330000,3331500,1627,2711,3345000,857
0,2220,33300000,33301500,1627,2711,33315000,8590
0,2221,33315000,33316500,1627,2711,33330000,8594
0,2222,33330000,33331500,1627,2711,33345000,8596
0,2223,33345000,33346500,1627,2711,33360000,8600
0,2224,33360000,33361500,1627,2711,33375000,8605
0,2225,33375000,33376500,1627,2711,33390000,8607
0,2226,33390000,33391500,1627,2711,33405000,8614
0,2227,33405000,33406500,1627,2711,33420000,8616
0,2228,33420000,33421500,1627,2711,33435000,8620
0,2229,33435000,33436500,1627,2711,33450000,8624
0,223,3345000,3346500,1627,2711,3360000,859
0,2230,33450000,33451500,1627,2711,33465000,8628
0,2231,33465000,33466500,1627,2711,33480000,8630
0,2232,33480000,33481500,1627,2711,33495000,8637
0,2233,33495000,33496500,1627,2711,33510000,8640
0,2234,33510000,33511500,1627,2711,33525000,8643
0,2235,33525000,33526500,1627,2711,33540000,8646
0,2236,33540000,33541500,1627,2711,33555000,8652
0,2237,33555000,33556500,1627,2711,33570000,8655
0,2238,33570000,33571500,1627,2711,33585000,8659
0,2239,33585000,33586500,1627,2711,33600000,8660
0,224,3360000,3361500,1627,2711,3375000,865
0,2240,33600000,33601500,1627,2711,33615000,8668
0,2241,33615000,33616500,1627,2711,33630000,8671
0,2242,33630000,33631500,1627,2711,33645000,8674
0,2243,33645000,33646500,1627,2711,33660000,8676
0,2244,33660000,33661500,1627,2711,33675000,8684
0,2245,33675000,33676500,1627,2711,33690000,8687
0,2246,33690000,33691500,1627,2711,33705000,8690
0,2247,33705000,33706500,1627,2711,33720000,8692
0,2248,33720000,33721500,1627,2711,33735000,8697
0,2249,33735000,33736500,1627,2711,33750000,8701
0,225,3375000,3376500,1627,2711,3390000,869
0,2250,33750000,33751500,1627,2711,33765000,8707
0,2251,33765000,33766500,1627,2711,33780000,8708
0,2252,33780000,33781500,1627,2711,33795000,8712
0,2253,33795000,33796500,1627,2711,33810000,8718
0,2254,33810000,33811500,1627,2711,33825000,8721
0,2255,33825000,33826500,1627,2711,33840000,8722
0,2256,33840000,33841500,1627,2711,33855000,8730
0,2257,33855000,33856500,1627,2711,33870000,8733
0,2258,33870000,33871500,1627,2711,33885000,8737
0,2259,33885000,33886500,1627,2711,33900000,8739
0,226,3390000,3391500,1627,2711,3405000,873
0,2260,33900000,33901500,1627,2711,33915000,8744
0,2261,33915000,33916500,1627,2711,33930000,8747
0,2262,33930000,33931500,1627,2711,33945000,8752
0,2263,33945000,33946500,1627,2711,33960000,8755
0,2264,33960000,33961500,1627,2711,33975000,8760
0,2265,33975000,33976500,1627,2711,33990000,8763
0,2266,33990000,33991500,1627,2711,34005000,8768
0,2267,34005000,34006500,1627,2711,34020000,8769
0,2268,34020000,34021500,1627,2711,34035000,8776
0,2269,34035000,34036500,1627,2711,34050000,8779
0,227,3405000,3406500,1627,2711,3420000,874
0,2270,34050000,34051500,1627,2711,34065000,8783
0,2271,34065000,34066500,1627,2711,34080000,8785
0,2272,34080000,34081500,1627,2711,34095000,8791
0,2273,34095000,34096500,1627,2711,34110000,8794
0,2274,34110000,34111500,1627,2711,34125000,8799
0,2275,34125000,34126500,1627,2711,34140000,8801
0,2276,34140000,34141500,1627,2711,34155000,8806
0,2277,34155000,34156500,1627,2711,34170000,8811
0,2278,34170000,34171500,1627,2711,34185000,8813
0,2279,34185000,34186500,1627,2711,34200000,8815
0,228,3420000,3421500,1627,2711,3435000,881
0,2280,34200000,34201500,1627,2711,34215000,8823
0,2281,34215000,34216500,1627,2711,34230000,8825
0,2282,34230000,34231500,1627,2711,34245000,8829
0,2283,34245000,34246500,1627,2711,34260000,8833
0,2284,34260000,34261500,1627,2711,34275000,8837
0,2285,34275000,34276500,1627,2711,34290000,8840
0,2286,34290000,34291500,1627,2711,34305000,8846
0,2287,34305000,34306500,1627,2711,34320000,8847
0,2288,34320000,34321500,1627,2711,34335000,8853
0,2289,34335000,34336500,1627,2711,34350000,8856
0,229,3435000,3436500,1627,2711,3450000,885
0,2290,34350000,34351500,1627,2711,34365000,8860
0,2291,34365000,34366500,1627,2711,34380000,8862
0,2292,34380000,34381500,1627,2711,34395000,8869
0,2293,34395000,34396500,1627,2711,34410000,8873
0,2294,34410000,34411500,1627,2711,34425000,8875
0,2295,34425000,34426500,1627,2711,34440000,8877
0,2296,34440000,34441500,1627,2711,34455000,8885
0,2297,34455000,34456500,1627,2711,34470000,8887
0,2298,34470000,34471500,1627,2711,34485000,8892
0,2299,34485000,34486500,1627,2711,34500000,8893
0,23,345000,346500,1627,2711,360000,85
0,230,3450000,3451500,1627,2711,3465000,888
0,2300,34500000,34501500,1627,2711,34515000,8899
0,2301,34515000,34516500,1627,2711,34530000,8904
0,2302,34530000,34531500,1627,2711,34545000,8906
0,2303,34545000,34546500,1627,2711,34560000,8908
0,2304,34560000,34561500,1627,2711,34575000,8915
0,2305,34575000,34576500,1627,2711,34590000,8919
0,2306,34590000,34591500,1627,2711,34605000,8923
0,2307,34605000,34606500,1627,2711,34620000,8925
0,2308,34620000,34621500,1627,2711,34635000,8929
0,2309,34635000,34636500,1627,2711,34650000,8933
0,231,3465000,3466500,1627,2711,3480000,890
0,2310,34650000,34651500,1627,2711,34665000,8939
0,2311,34665000,34666500,1627,2711,34680000,8940
0,2312,34680000,34681500,1627,2711,34695000,8945
0,2313,34695000,34696500,1627,2711,34710000,8949
0,2314,34710000,34711500,1627,2711,34725000,8954
0,2315,34725000,34726500,1627,2711,34740000,8955
0,2316,34740000,34741500,1627,2711,34755000,8962
0,2317,34755000,34756500,1627,2711,34770000,8965
0,2318,34770000,34771500,1627,2711,34785000,8968
0,2319,34785000,34786500,1627,2711,34800000,8971
0,232,3480000,3481500,1627,2711,3495000,895
0,2320,34800000,34801500,1627,2711,34815000,8977
0,2321,34815000,34816500,1627,2711,34830000,8979
0,2322,34830000,34831500,1627,2711,34845000,8985
0,2323,34845000,34846500,1627,2711,34860000,8987
0,2324,34860000,34861500,1627,2711,34875000,8992
0,2325,34875000,34876500,1627,2711,34890000,8996
0,2326,34890000,34891500,1627,2711,34905000,8999
0,2327,34905000,34906500,1627,2711,34920000,9001
0,2328,34920000,34921500,1627,2711,34935000,9009
0,2329,34935000,34936500,1627,2711,34950000,9011
0,233,3495000,3496500,1627,2711,3510000,899
0,2330,34950000,34951500,1627,2711,34965000,9015
0,2331,34965000,34966500,1627,2711,34980000,9018
0,2332,34980000,34981500,1627,2711,34995000,9022
0,2333,34995000,34996500,1627,2711,35010000,9027
0,2334,35010000,35011500,1627,2711,35025000,9031
0,2335,35025000,35026500,1627,2711,35040000,9033
0,2336,35040000,35041500,1627,2711,35055000,9039
0,2337,35055000,35056500,1627,2711,35070000,9042
0,2338,35070000,35071500,1627,2711,35085000,9046
0,2339,35085000,35086500,1627,2711,35100000,9047
0,234,3510000,3511500,1627,2711,3525000,905
0,2340,35100000,35101500,1627,2711,35115000,9055
0,2341,35115000,35116500,1627,2711,35130000,9058
0,2342,35130000,35131500,1627,2711,35145000,9061
0,2343,35145000,35146500,1627,2711,35160000,9064
0,2344,35160000,35161500,1627,2711,35175000,9070
0,2345,35175000,35176500,1627,2711,35190000,9072
0,2346,35190000,35191500,1627,2711,35205000,9078
0,2347,35205000,35206500,1627,2711,35220000,9080
0,2348,35220000,35221500,1627,2711,35235000,9085
0,2349,35235000,35236500,1627,2711,35250000,9089
0,235,3525000,3526500,1627,2711,3540000,906
0,2350,35250000,35251500,1627,2711,35265000,9092
0,2351,35265000,35266500,1627,2711,35280000,9093
0,2352,35280000,35281500,1627,2711,35295000,9101
0,2353,35295000,35296500,1627,2711,35310000,9105
0,2354,35310000,35311500,1627,2711,35325000,9108
0,2355,35325000,35326500,1627,2711,35340000,9110
0,2356,35340000,35341500,1627,2711,35355000,9116
0,2357,35355000,35356500,1627,2711,35370000,9120
0,2358,35370000,35371500,1627,2711,35385000,9124
0,2359,35385000,35386500,1627,2711,35400000,9125
0,236,3540000,3541500,1627,2711,3555000,911
0,2360,35400000,35401500,1627,2711,35415000,9131
0,2361,35415000,35416500,1627,2711,35430000,9136
0,2362,35430000,35431500,1627,2711,35445000,9139
0,2363,35445000,35446500,1627,2711,35460000,9141
0,2364,35460000,35461500,1627,2711,35475000,9147
0,2365,35475000,35476500,1627,2711,35490000,9150
0,2366,35490000,35491500,1627,2711,35505000,9155
0,2367,35505000,35506500,1627,2711,35520000,9157
0,2368,35520000,35521500,1627,2711,35535000,9162
0,2369,35535000,35536500,1627,2711,35550000,9164
0,237,3555000,3556500,1627,2711,3570000,915
0,2370,35550000,35551500,1627,2711,35565000,9172
0,2371,35565000,35566500,1627,2711,35580000,9173
0,2372,35580000,35581500,1627,2711,35595000,9177
0,2373,35595000,35596500,1627,2711,35610000,9182
0,2374,35610000,35611500,1627,2711,35625000,9185
0,2375,35625000,35626500,1627,2711,35640000,9187
0,2376,35640000,35641500,1627,2711,35655000,9195
0,2377,35655000,35656500,1627,2711,35670000,9197
0,2378,35670000,35671500,1627,2711,35685000,9200
0,2379,35685000,35686500,1627,2711,35700000,9203
0,238,3570000,3571500,1627,2711,3585000,919
0,2380,35700000,35701500,1627,2711,35715000,9209
0,2381,35715000,35716500,1627,2711,35730000,9212
0,2382,35730000,35731500,1627,2711,35745000,9216
0,2383,35745000,35746500,1627,2711,35760000,9219
0,2384,35760000,35761500,1627,2711,35775000,9225
0,2385,35775000,35776500,1627,2711,35790000,9228
0,2386,35790000,35791500,1627,2711,35805000,9232
0,2387,35805000,35806500,1627,2711,35820000,9234
0,2388,35820000,35821500,1627,2711,35835000,9240
0,2389,35835000,35836500,1627,2711,35850000,9244
0,239,3585000,3586500,1627,2711,3600000,920
0,2390,35850000,35851500,1627,2711,35865000,9247
0,2391,35865000,35866500,1627,2711,35880000,9249
0,2392,35880000,35881500,1627,2711,35895000,9255
0,2393,35895000,35896500,1627,2711,35910000,9258
0,2394,35910000,35911500,1627,2711,35925000,9264
0,2395,35925000,35926500,1627,2711,35940000,9265
0,2396,35940000,35941500,1627,2711,35955000,9271
0,2397,35955000,35956500,1627,2711,35970000,9275
0,2398,35970000,35971500,1627,2711,35985000,9278
0,2399,35985000,35986500,1627,2711,36000000,9279
0,24,360000,361500,1627,2711,375000,92
0,240,3600000,3601500,1627,2711,3615000,928
0,2400,36000000,36001500,1627,2711,36015000,9288
0,2401,36015000,36016500,1627,2711,36030000,9290
0,2402,36030000,36031500,1627,2711,36045000,9293
0,2403,36045000,36046500,1627,2711,36060000,9297
0,2404,36060000,36061500,1627,2711,36075000,9301
0,2405,36075000,36076500,1627,2711,36090000,9305
0,2406,36090000,36091500,1627,2711,36105000,9310
0,2407,36105000,36106500,1627,2711,36120000,9311
0,2408,36120000,36121500,1627,2711,36135000,9317
0,2409,36135000,36136500,1627,2711,36150000,9321
0,241,3615000,3616500,1627,2711,3630000,930
0,2410,36150000,36151500,1627,2711,36165000,9325
0,2411,36165000,36166500,1627,2711,36180000,9326
0,2412,36180000,36181500,1627,2711,36195000,9333
0,2413,36195000,36196500,1627,2711,36210000,9338
0,2414,36210000,36211500,1627,2711,36225000,9340
0,2415,36225000,36226500,1627,2711,36240000,9342
0,2416,36240000,36241500,1627,2711,36255000,9348
0,2417,36255000,36256500,1627,2711,36270000,9351
0,2418,36270000,36271500,1627,2711,36285000,9357
0,2419,36285000,36286500,1627,2711,36300000,9358
0,242,3630000,3631500,1627,2711,3645000,935
0,2420,36300000,36301500,1627,2711,36315000,9363
0,2421,36315000,36316500,1627,2711,36330000,9367
0,2422,36330000,36331500,1627,2711,36345000,9371
0,2423,36345000,36346500,1627,2711,36360000,9373
0,2424,36360000,36361500,1627,2711,36375000,9380
0,2425,36375000,36376500,1627,2711,36390000,9382
0,2426,36390000,36391500,1627,2711,36405000,9388
0,2427,36405000,36406500,1627,2711,36420000,9390
0,2428,36420000,36421500,1627,2711,36435000,9394
0,2429,36435000,36436500,1627,2711,36450000,9397
0,243,3645000,3646500,1627,2711,3660000,938
0,2430,36450000,36451500,1627,2711,36465000,9402
0,2431,36465000,36466500,1627,2711,36480000,9405
0,2432,36480000,36481500,1627,2711,36495000,9410
0,2433,36495000,36496500,1627,2711,36510000,9414
0,2434,36510000,36511500,1627,2711,36525000,9417
0,2435,36525000,36526500,1627,2711,36540000,9419
0,2436,36540000,36541500,1627,2711,36555000,9427
0,2437,36555000,36556500,1627,2711,36570000,9430
0,2438,36570000,36571500,1627,2711,36585000,9432
0,2439,36585000,36586500,1627,2711,36600000,9435
0,244,3660000,3661500,1627,2711,3675000,942
0,2440,36600000,36601500,1627,2711,36615000,9442
0,2441,36615000,36616500,1627,2711,36630000,9444
0,2442,36630000,36631500,1627,2711,36645000,9449
0,2443,36645000,36646500,1627,2711,36660000,9451
0,2444,36660000,36661500,1627,2711,36675000,9456
0,2445,36675000,36676500,1627,2711,36690000,9461
0,2446,36690000,36691500,1627,2711,36705000,9464
0,2447,36705000,36706500,1627,2711,36720000,9465
0,2448,36720000,36721500,1627,2711,36735000,9473
0,2449,36735000,36736500,1627,2711,36750000,9475
0,245,3675000,3676500,1627,2711,3690000,945
0,2450,36750000,36751500,1627,2711,36765000,9480
0,2451,36765000,36766500,1627,2711,36780000,9482
0,2452,36780000,36781500,1627,2711,36795000,9487
0,2453,36795000,36796500,1627,2711,36810000,9491
0,2454,36810000,36811500,1627,2711,36825000,9496
0,2455,36825000,36826500,1627,2711,36840000,9497
0,2456,36840000,36841500,1627,2711,36855000,9503
0,2457,36855000,36856500,1627,2711,36870000,9507
0,2458,36870000,36871500,1627,2711,36885000,9510
0,2459,36885000,36886500,1627,2711,36900000,9512
0,246,3690000,3691500,1627,2711,3705000,950
0,2460,36900000,36901500,1627,2711,36915000,9519
0,2461,36915000,36916500,1627,2711,36930000,9523
0,2462,36930000,36931500,1627,2711,36945000,9525
0,2463,36945000,36946500,1627,2711,36960000,9528
0,2464,36960000,36961500,1627,2711,36975000,9534
0,2465,36975000,36976500,1627,2711,36990000,9537
0,2466,36990000,36991500,1627,2711,37005000,9543
0,2467,37005000,37006500,1627,2711,37020000,9544
0,2468,37020000,37021500,1627,2711,37035000,9549
0,2469,37035000,37036500,1627,2711,37050000,9553
0,247,3705000,3706500,1627,2711,3720000,953
0,2470,37050000,37051500,1627,2711,37065000,9557
0,2471,37065000,37066500,1627,2711,37080000,9558
0,2472,37080000,37081500,1627,2711,37095000,9565
0,2473,37095000,37096500,1627,2711,37110000,9569
0,2474,37110000,37111500,1627,2711,37125000,9573
0,2475,37125000,37126500,1627,2711,37140000,9575
0,2476,37140000,37141500,1627,2711,37155000,9580
0,2477,37155000,37156500,1627,2711,37170000,9583
0,2478,37170000,37171500,1627,2711,37185000,9589
0,2479,37185000,37186500,1627,2711,37200000,9590
0,248,3720000,3721500,1627,2711,3735000,958
0,2480,37200000,37201500,1627,2711,37215000,9596
0,2481,37215000,37216500,1627,2711,37230000,9599
0,2482,37230000,37231500,1627,2711,37245000,9603
0,2483,37245000,37246500,1627,2711,37260000,9606
0,2484,37260000,37261500,1627,2711,37275000,9612
0,2485,37275000,37276500,1627,2711,37290000,9615
0,2486,37290000,37291500,1627,2711,37305000,9618
0,2487,37305000,37306500,1627,2711,37320000,9622
0,2488,37320000,37321500,1627,2711,37335000,9627
0,2489,37335000,37336500,1627,2711,37350000,9629
0,249,3735000,3736500,1627,2711,3750000,961
0,2490,37350000,37351500,1627,2711,37365000,9635
0,2491,37365000,37366500,1627,2711,37380000,9637
0,2492,37380000,37381500,1627,2711,37395000,9642
0,2493,37395000,37396500,1627,2711,37410000,9647
0,2494,37410000,37411500,1627,2711,37425000,9649
0,2495,37425000,37426500,1627,2711,37440000,9650
0,2496,37440000,37441500,1627,2711,37455000,9660
0,2497,37455000,37456500,1627,2711,37470000,9662
0,2498,37470000,37471500,1627,2711,37485000,9665
0,2499,37485000,37486500,1627,2711,37500000,9667
0,25,375000,376500,1627,2711,390000,94
0,250,3750000,3751500,1627,2711,3765000,965
0,2500,37500000,37501500,1627,2711,37515000,9673
0,2501,37515000,37516500,1627,2711,37530000,9677
0,2502,37530000,37531500,1627,2711,37545000,9681
0,2503,37545000,37546500,1627,2711,37560000,9683
0,2504,37560000,37561500,1627,2711,37575000,9689
0,2505,37575000,37576500,1627,2711,37590000,9692
0,2506,37590000,37591500,1627,2711,37605000,9697
0,2507,37605000,37606500,1627,2711,37620000,9698
0,2508,37620000,37621500,1627,2711,37635000,9704
0,2509,37635000,37636500,1627,2711,37650000,9708
0,251,3765000,3766500,1627,2711,3780000,967
0,2510,37650000,37651500,1627,2711,37665000,9712
0,2511,37665000,37666500,1627,2711,37680000,9714
0,2512,37680000,37681500,1627,2711,37695000,9719
0,2513,37695000,37696500,1627,2711,37710000,9723
0,2514,37710000,37711500,1627,2711,37725000,9728
0,2515,37725000,37726500,1627,2711,37740000,9730
0,2516,37740000,37741500,1627,2711,37755000,9735
0,2517,37755000,37756500,1627,2711,37770000,9740
0,2518,37770000,37771500,1627,2711,37785000,9742
0,2519,37785000,37786500,1627,2711,37800000,9743
0,252,3780000,3781500,1627,2711,3795000,974
0,2520,37800000,37801500,1627,2711,37815000,9752
0,2521,37815000,37816500,1627,2711,37830000,9754
0,2522,37830000,37831500,1627,2711,37845000,9758
0,2523,37845000,37846500,1627,2711,37860000,9761
0,2524,37860000,37861500,1627,2711,37875000,9766
0,2525,37875000,37876500,1627,2711,37890000,9769
0,2526,37890000,37891500,1627,2711,37905000,9775
0,2527,37905000,37906500,1627,2711,37920000,9776
0,2528,37920000,37921500,1627,2711,37935000,9781
0,2529,37935000,37936500,1627,2711,37950000,9785
0,253,3795000,3796500,1627,2711,3810000,978
0,2530,37950000,37951500,1627,2711,37965000,9790
0,2531,37965000,37966500,1627,2711,37980000,9791
0,2532,37980000,37981500,1627,2711,37995000,9797
0,2533,37995000,37996500,1627,2711,38010000,9801
0,2534,38010000,38011500,1627,2711,38025000,9804
0,2535,38025000,38026500,1627,2711,38040000,9807
0,2536,38040000,38041500,1627,2711,38055000,9813
0,2537,38055000,38056500,1627,2711,38070000,9815
0,2538,38070000,38071500,1627,2711,38085000,9821
0,2539,38085000,38086500,1627,2711,38100000,9823
0,254,3810000,3811500,1627,2711,3825000,980
0,2540,38100000,38101500,1627,2711,38115000,9828
0,2541,38115000,38116500,1627,2711,38130000,9832
0,2542,38130000,38131500,1627,2711,38145000,9834
0,2543,38145000,38146500,1627,2711,38160000,9838
0,2544,38160000,38161500,1627,2711,38175000,9845
0,2545,38175000,38176500,1627,2711,38190000,9847
0,2546,38190000,38191500,1627,2711,38205000,9851
0,2547,38205000,38206500,1627,2711,38220000,9853
0,2548,38220000,38221500,1627,2711,38235000,9859
0,2549,38235000,38236500,1627,2711,38250000,9862
0,255,3825000,3826500,1627,2711,3840000,983
0,2550,38250000,38251500,1627,2711,38265000,9867
0,2551,38265000,38266500,1627,2711,38280000,9868
0,2552,38280000,38281500,1627,2711,38295000,9875
0,2553,38295000,38296500,1627,2711,38310000,9879
0,2554,38310000,38311500,1627,2711,38325000,9882
0,2555,38325000,38326500,1627,2711,38340000,9883
0,2556,38340000,38341500,1627,2711,38355000,9891
0,2557,38355000,38356500,1627,2711,38370000,9895
0,2558,38370000,38371500,1627,2711,38385000,9897
0,2559,38385000,38386500,1627,2711,38400000,9899
0,256,3840000,3841500,1627,2711,3855000,990
0,2560,38400000,38401500,1627,2711,38415000,9905
0,2561,38415000,38416500,1627,2711,38430000,9908
0,2562,38430000,38431500,1627,2711,38445000,9914
0,2563,38445000,38446500,1627,2711,38460000,9916
0,2564,38460000,38461500,1627,2711,38475000,9920
0,2565,38475000,38476500,1627,2711,38490000,9925
0,2566,38490000,38491500,1627,2711,38505000,9929
0,2567,38505000,38506500,1627,2711,38520000,9930
0,2568,38520000,38521500,1627,2711,38535000,9937
0,2569,38535000,38536500,1627,2711,38550000,9940
0,257,3855000,3856500,1627,2711,3870000,992
0,2570,38550000,38551500,1627,2711,38565000,9944
0,2571,38565000,38566500,1627,2711,38580000,9947
0,2572,38580000,38581500,1627,2711,38595000,9951
0,2573,38595000,38596500,1627,2711,38610000,9955
0,2574,38610000,38611500,1627,2711,38625000,9960
0,2575,38625000,38626500,1627,2711,38640000,9961
0,2576,38640000,38641500,1627,2711,38655000,9968
0,2577,38655000,38656500,1627,2711,38670000,9971
0,2578,38670000,38671500,1627,2711,38685000,9975
0,2579,38685000,38686500,1627,2711,38700000,9976
0,258,3870000,3871500,1627,2711,3885000,997
0,2580,38700000,38701500,1627,2711,38715000,9984
0,2581,38715000,38716500,1627,2711,38730000,9987
0,2582,38730000,38731500,1627,2711,38745000,9990
0,2583,38745000,38746500,1627,2711,38760000,9993
0,2584,38760000,38761500,1627,2711,38775000,9998
0,2585,38775000,38776500,1627,2711,38790000,10001
0,2586,38790000,38791500,1627,2711,38805000,10007
0,2587,38805000,38806500,1627,2711,38820000,10009
0,2588,38820000,38821500,1627,2711,38835000,10013
0,2589,38835000,38836500,1627,2711,38850000,10017
0,259,3885000,3886500,1627,2711,3900000,998
0,2590,38850000,38851500,1627,2711,38865000,10021
0,2591,38865000,38866500,1627,2711,38880000,10023
0,2592,38880000,38881500,1627,2711,38895000,10030
0,2593,38895000,38896500,1627,2711,38910000,10033
0,2594,38910000,38911500,1627,2711,38925000,10037
0,2595,38925000,38926500,1627,2711,38940000,10040
0,2596,38940000,38941500,1627,2711,38955000,10045
0,2597,38955000,38956500,1627,2711,38970000,10048
0,2598,38970000,38971500,1627,2711,38985000,10052
0,2599,38985000,38986500,1627,2711,39000000,10054
0,26,390000,391500,1627,2711,405000,99
0,260,3900000,3901500,1627,2711,3915000,1004
0,2600,39000000,39001500,1627,2711,39015000,10061
0,2601,39015000,39016500,1627,2711,39030000,10064
0,2602,39030000,39031500,1627,2711,39045000,10067
0,2603,39045000,39046500,1627,2711,39060000,10069
0,2604,39060000,39061500,1627,2711,39075000,10077
0,2605,39075000,39076500,1627,2711,39090000,10080
0,2606,39090000,39091500,1627,2711,39105000,10083
0,2607,39105000,39106500,1627,2711,39120000,10085
0,2608,39120000,39121500,1627,2711,39135000,10092
0,2609,39135000,39136500,1627,2711,39150000,10094
0,261,3915000,3916500,1627,2711,3930000,1009
0,2610,39150000,39151500,1627,2711,39165000,10100
0,2611,39165000,39166500,1627,2711,39180000,10101
0,2612,39180000,39181500,1627,2711,39195000,10105
0,2613,39195000,39196500,1627,2711,39210000,10112
0,2614,39210000,39211500,1627,2711,39225000,10114
0,2615,39225000,39226500,1627,2711,39240000,10115
0,2616,39240000,39241500,1627,2711,39255000,10123
0,2617,39255000,39256500,1627,2711,39270000,10126
0,2618,39270000,39271500,1627,2711,39285000,10130
0,2619,39285000,39286500,1627,2711,39300000,10132
0,262,3930000,3931500,1627,2711,3945000,1011
0,2620,39300000,39301500,1627,2711,39315000,10137
0,2621,39315000,39316500,1627,2711,39330000,10141
0,2622,39330000,39331500,1627,2711,39345000,10146
0,2623,39345000,39346500,1627,2711,39360000,10148
0,2624,39360000,39361500,1627,2711,39375000,10153
0,2625,39375000,39376500,1627,2711,39390000,10156
0,2626,39390000,39391500,1627,2711,39405000,10161
0,2627,39405000,39406500,1627,2711,39420000,10163
0,2628,39420000,39421500,1627,2711,39435000,10169
0,2629,39435000,39436500,1627,2711,39450000,10172
0,263,3945000,3946500,1627,2711,3960000,1013
0,2630,39450000,39451500,1627,2711,39465000,10176
0,2631,39465000,39466500,1627,2711,39480000,10178
0,2632,39480000,39481500,1627,2711,39495000,10184
0,2633,39495000,39496500,1627,2711,39510000,10187
0,2634,39510000,39511500,1627,2711,39525000,10193
0,2635,39525000,39526500,1627,2711,39540000,10194
0,2636,39540000,39541500,1627,2711,39555000,10200
0,2637,39555000,39556500,1627,2711,39570000,10204
0,2638,39570000,39571500,1627,2711,39585000,10206
0,2639,39585000,39586500,1627,2711,39600000,10208
0,264,3960000,3961500,1627,2711,3975000,1021
0,2640,39600000,39601500,1627,2711,39615000,10216
0,2641,39615000,39616500,1627,2711,39630000,10219
0,2642,39630000,39631500,1627,2711,39645000,10222
0,2643,39645000,39646500,1627,2711,39660000,10226
0,2644,39660000,39661500,1627,2711,39675000,10230
0,2645,39675000,39676500,1627,2711,39690000,10233
0,2646,39690000,39691500,1627,2711,39705000,10239
0,2647,39705000,39706500,1627,2711,39720000,10241
0,2648,39720000,39721500,1627,2711,39735000,10246
0,2649,39735000,39736500,1627,2711,39750000,10249
0,265,3975000,3976500,1627,2711,3990000,1023
0,2650,39750000,39751500,1627,2711,39765000,10254
0,2651,39765000,39766500,1627,2711,39780000,10255
0,2652,39780000,39781500,1627,2711,39795000,10262
0,2653,39795000,39796500,1627,2711,39810000,10266
0,2654,39810000,39811500,1627,2711,39825000,10268
0,2655,39825000,39826500,1627,2711,39840000,10271
0,2656,39840000,39841500,1627,2711,39855000,10278
0,2657,39855000,39856500,1627,2711,39870000,10280
0,2658,39870000,39871500,1627,2711,39885000,10285
0,2659,39885000,39886500,1627,2711,39900000,10286
0,266,3990000,3991500,1627,2711,4005000,1028
0,2660,39900000,39901500,1627,2711,39915000,10293
0,2661,39915000,39916500,1627,2711,39930000,10297
0,2662,39930000,39931500,1627,2711,39945000,10299
0,2663,39945000,39946500,1627,2711,39960000,10301
0,2664,39960000,39961500,1627,2711,39975000,10309
0,2665,39975000,39976500,1627,2711,39990000,10312
0,2666,39990000,39991500,1627,2711,40005000,10316
0,2667,40005000,40006500,1627,2711,40020000,10318
0,2668,40020000,40021500,1627,2711,40035000,10322
0,2669,40035000,40036500,1627,2711,40050000,10327
0,267,4005000,4006500,1627,2711,4020000,1030
0,2670,40050000,40051500,1627,2711,40065000,10332
0,2671,40065000,40066500,1627,2711,40080000,10333
0,2672,40080000,40081500,1627,2711,40095000,10338
0,2673,40095000,40096500,1627,2711,40110000,10343
0,2674,40110000,40111500,1627,2711,40125000,10347
0,2675,40125000,40126500,1627,2711,40140000,10348
0,2676,40140000,40141500,1627,2711,40155000,10355
0,2677,40155000,40156500,1627,2711,40170000,10358
0,2678,40170000,40171500,1627,2711,40185000,10362
0,2679,40185000,40186500,1627,2711,40200000,10364
0,268,4020000,4021500,1627,2711,4035000,1035
0,2680,40200000,40201500,1627,2711,40215000,10370
0,2681,40215000,40216500,1627,2711,40230000,10372
0,2682,40230000,40231500,1627,2711,40245000,10378
0,2683,40245000,40246500,1627,2711,40260000,10381
0,2684,40260000,40261500,1627,2711,40275000,10385
0,2685,40275000,40276500,1627,2711,40290000,10389
0,2686,40290000,40291500,1627,2711,40305000,10393
0,2687,40305000,40306500,1627,2711,40320000,10394
0,2688,40320000,40321500,1627,2711,40335000,10402
0,2689,40335000,40336500,1627,2711,40350000,10404
0,269,4035000,4036500,1627,2711,4050000,1038
0,2690,40350000,40351500,1627,2711,40365000,10408
0,2691,40365000,40366500,1627,2711,40380000,10411
0,2692,40380000,40381500,1627,2711,40395000,10416
0,2693,40395000,40396500,1627,2711,40410000,10420
0,2694,40410000,40411500,1627,2711,40425000,10424
0,2695,40425000,40426500,1627,2711,40440000,10426
0,2696,40440000,40441500,1627,2711,40455000,10432
0,2697,40455000,40456500,1627,2711,40470000,10436
0,2698,40470000,40471500,1627,2711,40485000,10439
0,2699,40485000,40486500,1627,2711,40500000,10441
0,27,405000,406500,1627,2711,420000,101
0,270,4050000,4051500,1627,2711,4065000,1044
0,2700,40500000,40501500,1627,2711,40515000,10448
0,2701,40515000,40516500,1627,2711,40530000,10451
0,2702,40530000,40531500,1627,2711,40545000,10454
0,2703,40545000,40546500,1627,2711,40560000,10457
0,2704,40560000,40561500,1627,2711,40575000,10463
0,2705,40575000,40576500,1627,2711,40590000,10465
0,2706,40590000,40591500,1627,2711,40605000,10472
0,2707,40605000,40606500,1627,2711,40620000,10473
0,2708,40620000,40621500,1627,2711,40635000,10478
0,2709,40635000,40636500,1627,2711,40650000,10482
0,271,4065000,4066500,1627,2711,4080000,1045
0,2710,40650000,40651500,1627,2711,40665000,10485
0,2711,40665000,40666500,1627,2711,40680000,10487
0,2712,40680000,40681500,1627,2711,40695000,10495
0,2713,40695000,40696500,1627,2711,40710000,10498
0,2714,40710000,40711500,1627,2711,40725000,10501
0,2715,40725000,40726500,1627,2711,40740000,10503
0,2716,40740000,40741500,1627,2711,40755000,10509
0,2717,40755000,40756500,1627,2711,40770000,10513
0,2718,40770000,40771500,1627,2711,40785000,10517
0,2719,40785000,40786500,1627,2711,40800000,10518
0,272,4080000,4081500,1627,2711,4095000,1050
0,2720,40800000,40801500,1627,2711,40815000,10525
0,2721,40815000,40816500,1627,2711,40830000,10529
0,2722,40830000,40831500,1627,2711,40845000,10532
0,2723,40845000,40846500,1627,2711,40860000,10534
0,2724,40860000,40861500,1627,2711,40875000,10540
0,2725,40875000,40876500,1627,2711,40890000,10545
0,2726,40890000,40891500,1627,2711,40905000,10548
0,2727,40905000,40906500,1627,2711,40920000,10550
0,2728,40920000,40921500,1627,2711,40935000,10555
0,2729,40935000,40936500,1627,2711,40950000,10557
0,273,4095000,4096500,1627,2711,4110000,1055
0,2730,40950000,40951500,1627,2711,40965000,10565
0,2731,40965000,40966500,1627,2711,40980000,10566
0,2732,40980000,40981500,1627,2711,40995000,10570
0,2733,40995000,40996500,1627,2711,41010000,10575
0,2734,41010000,41011500,1627,2711,41025000,10579
0,2735,41025000,41026500,1627,2711,41040000,10580
0,2736,41040000,41041500,1627,2711,41055000,10588
0,2737,41055000,41056500,1627,2711,41070000,10590
0,2738,41070000,41071500,1627,2711,41085000,10594
0,2739,41085000,41086500,1627,2711,41100000,10597
0,274,4110000,4111500,1627,2711,4125000,1058
0,2740,41100000,41101500,1627,2711,41115000,10602
0,2741,41115000,41116500,1627,2711,41130000,10605
0,2742,41130000,41131500,1627,2711,41145000,10609
0,2743,41145000,41146500,1627,2711,41160000,10612
0,2744,41160000,41161500,1627,2711,41175000,10618
0,2745,41175000,41176500,1627,2711,41190000,10621
0,2746,41190000,41191500,1627,2711,41205000,10625
0,2747,41205000,41206500,1627,2711,41220000,10627
0,2748,41220000,41221500,1627,2711,41235000,10634
0,2749,41235000,41236500,1627,2711,41250000,10637
0,275,4125000,4126500,1627,2711,4140000,1060
0,2750,41250000,41251500,1627,2711,41265000,10640
0,2751,41265000,41266500,1627,2711,41280000,10643
0,2752,41280000,41281500,1627,2711,41295000,10648
0,2753,41295000,41296500,1627,2711,41310000,10652
0,2754,41310000,41311500,1627,2711,41325000,10657
0,2755,41325000,41326500,1627,2711,41340000,10658
0,2756,41340000,41341500,1627,2711,41355000,10664
0,2757,41355000,41356500,1627,2711,41370000,10668
0,2758,41370000,41371500,1627,2711,41385000,10671
0,2759,41385000,41386500,1627,2711,41400000,10672
0,276,4140000,4141500,1627,2711,4155000,1067
0,2760,41400000,41401500,1627,2711,41415000,10681
0,2761,41415000,41416500,1627,2711,41430000,10683
0,2762,41430000,41431500,1627,2711,41445000,10687
0,2763,41445000,41446500,1627,2711,41460000,10690
0,2764,41460000,41461500,1627,2711,41475000,10695
0,2765,41475000,41476500,1627,2711,41490000,10698
0,2766,41490000,41491500,1627,2711,41505000,10703
0,2767,41505000,41506500,1627,2711,41520000,10705
0,2768,41520000,41521500,1627,2711,41535000,10710
0,2769,41535000,41536500,1627,2711,41550000,10714
0,277,4155000,4156500,1627,2711,4170000,1071
0,2770,41550000,41551500,1627,2711,41565000,10718
0,2771,41565000,41566500,1627,2711,41580000,10719
0,2772,41580000,41581500,1627,2711,41595000,10726
0,2773,41595000,41596500,1627,2711,41610000,10731
0,2774,41610000,41611500,1627,2711,41625000,10733
0,2775,41625000,41626500,1627,2711,41640000,10735
0,2776,41640000,41641500,1627,2711,41655000,10742
0,2777,41655000,41656500,1627,2711,41670000,10745
0,2778,41670000,41671500,1627,2711,41685000,10750
0,2779,41685000,41686500,1627,2711,41700000,10751
0,278,4170000,4171500,1627,2711,4185000,1073
0,2780,41700000,41701500,1627,2711,41715000,10756
0,2781,41715000,41716500,1627,2711,41730000,10761
0,2782,41730000,41731500,1627,2711,41745000,10764
0,2783,41745000,41746500,1627,2711,41760000,10766
0,2784,41760000,41761500,1627,2711,41775000,10773
0,2785,41775000,41776500,1627,2711,41790000,10775
0,2786,41790000,41791500,1627,2711,41805000,10781
0,2787,41805000,41806500,1627,2711,41820000,10783
0,2788,41820000,41821500,1627,2711,41835000,10787
0,2789,41835000,41836500,1627,2711,41850000,10790
0,279,4185000,4186500,1627,2711,4200000,1075
0,2790,41850000,41851500,1627,2711,41865000,10797
0,2791,41865000,41866500,1627,2711,41880000,10798
0,2792,41880000,41881500,1627,2711,41895000,10803
0,2793,41895000,41896500,1627,2711,41910000,10807
0,2794,41910000,41911500,1627,2711,41925000,10810
0,2795,41925000,41926500,1627,2711,41940000,10813
0,2796,41940000,41941500,1627,2711,41955000,10820
0,2797,41955000,41956500,1627,2711,41970000,10823
0,2798,41970000,41971500,1627,2711,41985000,10825
0,2799,41985000,41986500,1627,2711,42000000,10828
0,28,420000,421500,1627,2711,435000,106
0,280,4200000,4201500,1627,2711,4215000,1082
0,2800,42000000,42001500,1627,2711,42015000,10835
0,2801,42015000,42016500,1627,2711,42030000,10837
0,2802,42030000,42031500,1627,2711,42045000,10842
0,2803,42045000,42046500,1627,2711,42060000,10845
0,2804,42060000,42061500,1627,2711,42075000,10850
0,2805,42075000,42076500,1627,2711,42090000,10854
0,2806,42090000,42091500,1627,2711,42105000,10857
0,2807,42105000,42106500,1627,2711,42120000,10858
0,2808,42120000,42121500,1627,2711,42135000,10866
0,2809,42135000,42136500,1627,2711,42150000,10869
0,281,4215000,4216500,1627,2711,4230000,1085
0,2810,42150000,42151500,1627,2711,42165000,10873
0,2811,42165000,42166500,1627,2711,42180000,10875
0,2812,42180000,42181500,1627,2711,42195000,10880
0,2813,42195000,42196500,1627,2711,42210000,10884
0,2814,42210000,42211500,1627,2711,42225000,10889
0,2815,42225000,42226500,1627,2711,42240000,10890
0,2816,42240000,42241500,1627,2711,42255000,10897
0,2817,42255000,42256500,1627,2711,42270000,10900
0,2818,42270000,42271500,1627,2711,42285000,10904
0,2819,42285000,42286500,1627,2711,42300000,10905
0,282,4230000,4231500,1627,2711,4245000,1090
0,2820,42300000,42301500,1627,2711,42315000,10912
0,2821,42315000,42316500,1627,2711,42330000,10916
0,2822,42330000,42331500,1627,2711,42345000,10918
0,2823,42345000,42346500,1627,2711,42360000,10922
0,2824,42360000,42361500,1627,2711,42375000,10927
0,2825,42375000,42376500,1627,2711,42390000,10930
0,2826,42390000,42391500,1627,2711,42405000,10936
0,2827,42405000,42406500,1627,2711,42420000,10937
0,2828,42420000,42421500,1627,2711,42435000,10942
0,2829,42435000,42436500,1627,2711,42450000,10947
0,283,4245000,4246500,1627,2711,4260000,1092
0,2830,42450000,42451500,1627,2711,42465000,10950
0,2831,42465000,42466500,1627,2711,42480000,10951
0,2832,42480000,42481500,1627,2711,42495000,10959
0,2833,42495000,42496500,1627,2711,42510000,10962
0,2834,42510000,42511500,1627,2711,42525000,10966
0,2835,42525000,42526500,1627,2711,42540000,10968
0,2836,42540000,42541500,1627,2711,42555000,10973
0,2837,42555000,42556500,1627,2711,42570000,10977
0,2838,42570000,42571500,1627,2711,42585000,10982
0,2839,42585000,42586500,1627,2711,42600000,10983
0,284,4260000,4261500,1627,2711,4275000,1097
0,2840,42600000,42601500,1627,2711,42615000,10989
0,2841,42615000,42616500,1627,2711,42630000,10992
0,2842,42630000,42631500,1627,2711,42645000,10997
0,2843,42645000,42646500,1627,2711,42660000,10999
0,2844,42660000,42661500,1627,2711,42675000,11005
0,2845,42675000,42676500,1627,2711,42690000,11008
0,2846,42690000,42691500,1627,2711,42705000,11012
0,2847,42705000,42706500,1627,2711,42720000,11015
0,2848,42720000,42721500,1627,2711,42735000,11020
0,2849,42735000,42736500,1627,2711,42750000,11022
0,285,4275000,4276500,1627,2711,4290000,1101
0,2850,42750000,42751500,1627,2711,42765000,11028
0,2851,42765000,42766500,1627,2711,42780000,11031
0,2852,42780000,42781500,1627,2711,42795000,11035
0,2853,42795000,42796500,1627,2711,42810000,11040
0,2854,42810000,42811500,1627,2711,42825000,11042
0,2855,42825000,42826500,1627,2711,42840000,11044
0,2856,42840000,42841500,1627,2711,42855000,11053
0,2857,42855000,42856500,1627,2711,42870000,11055
0,2858,42870000,42871500,1627,2711,42885000,11058
0,2859,42885000,42886500,1627,2711,42900000,11060
0,286,4290000,4291500,1627,2711,4305000,1105
0,2860,42900000,42901500,1627,2711,42915000,11067
0,2861,42915000,42916500,1627,2711,42930000,11070
0,2862,42930000,42931500,1627,2711,42945000,11074
0,2863,42945000,42946500,1627,2711,42960000,11076
0,2864,42960000,42961500,1627,2711,42975000,11082
0,2865,42975000,42976500,1627,2711,42990000,11086
0,2866,42990000,42991500,1627,2711,43005000,11090
0,2867,43005000,43006500,1627,2711,43020000,11091
0,2868,43020000,43021500,1627,2711,43035000,11098
0,2869,43035000,43036500,1627,2711,43050000,11101
0,287,4305000,4306500,1627,2711,4320000,1106
0,2870,43050000,43051500,1627,2711,43065000,11105
0,2871,43065000,43066500,1627,2711,43080000,11107
0,2872,43080000,43081500,1627,2711,43095000,11112
0,2873,43095000,43096500,1627,2711,43110000,11116
0,2874,43110000,43111500,1627,2711,43125000,11122
0,2875,43125000,43126500,1627,2711,43140000,11123
0,2876,43140000,43141500,1627,2711,43155000,11128
0,2877,43155000,43156500,1627,2711,43170000,11133
0,2878,43170000,43171500,1627,2711,43185000,11135
0,2879,43185000,43186500,1627,2711,43200000,11137
0,288,4320000,4321500,1627,2711,4335000,1113
0,2880,43200000,43201500,1627,2711,43215000,11145
0,2881,43215000,43216500,1627,2711,43230000,11148
0,2882,43230000,43231500,1627,2711,43245000,11151
0,2883,43245000,43246500,1627,2711,43260000,11154
0,2884,43260000,43261500,1627,2711,43275000,11159
0,2885,43275000,43276500,1627,2711,43290000,11162
0,2886,43290000,43291500,1627,2711,43305000,11168
0,2887,43305000,43306500,1627,2711,43320000,11169
0,2888,43320000,43321500,1627,2711,43335000,11175
0,2889,43335000,43336500,1627,2711,43350000,11178
0,289,4335000,4336500,1627,2711,4350000,1116
0,2890,43350000,43351500,1627,2711,43365000,11183
0,2891,43365000,43366500,1627,2711,43380000,11184
0,2892,43380000,43381500,1627,2711,43395000,11190
0,2893,43395000,43396500,1627,2711,43410000,11195
0,2894,43410000,43411500,1627,2711,43425000,11198
0,2895,43425000,43426500,1627,2711,43440000,11200
0,2896,43440000,43441500,1627,2711,43455000,11206
0,2897,43455000,43456500,1627,2711,43470000,11208
0,2898,43470000,43471500,1627,2711,43485000,11214
0,2899,43485000,43486500,1627,2711,43500000,11216
0,29,435000,436500,1627,2711,450000,109
0,290,4350000,4351500,1627,2711,4365000,1121
0,2900,43500000,43501500,1627,2711,43515000,11221
0,2901,43515000,43516500,1627,2711,43530000,11225
0,2902,43530000,43531500,1627,2711,43545000,11228
0,2903,43545000,43546500,1627,2711,43560000,11231
0,2904,43560000,43561500,1627,2711,43575000,11238
0,2905,43575000,43576500,1627,2711,43590000,11240
0,2906,43590000,43591500,1627,2711,43605000,11244
0,2907,43605000,43606500,1627,2711,43620000,11248
0,2908,43620000,43621500,1627,2711,43635000,11252
0,2909,43635000,43636500,1627,2711,43650000,11255
0,291,4365000,4366500,1627,2711,4380000,1123
0,2910,43650000,43651500,1627,2711,43665000,11260
0,2911,43665000,43666500,1627,2711,43680000,11261
0,2912,43680000,43681500,1627,2711,43695000,11268
0,2913,43695000,43696500,1627,2711,43710000,11272
0,2914,43710000,43711500,1627,2711,43725000,11275
0,2915,43725000,43726500,1627,2711,43740000,11276
0,2916,43740000,43741500,1627,2711,43755000,11285
0,2917,43755000,43756500,1627,2711,43770000,11288
0,2918,43770000,43771500,1627,2711,43785000,11290
0,2919,43785000,43786500,1627,2711,43800000,11292
0,292,4380000,4381500,1627,2711,4395000,1127
0,2920,43800000,43801500,1627,2711,43815000,11299
0,2921,43815000,43816500,1627,2711,43830000,11302
0,2922,43830000,43831500,1627,2711,43845000,11307
0,2923,43845000,43846500,1627,2711,43860000,11309
0,2924,43860000,43861500,1627,2711,43875000,11313
0,2925,43875000,43876500,1627,2711,43890000,11318
0,2926,43890000,43891500,1627,2711,43905000,11322
0,2927,43905000,43906500,1627,2711,43920000,11323
0,2928,43920000,43921500,1627,2711,43935000,11330
0,2929,43935000,43936500,1627,2711,43950000,11333
0,293,4395000,4396500,1627,2711,4410000,1131
0,2930,43950000,43951500,1627,2711,43965000,11338
0,2931,43965000,43966500,1627,2711,43980000,11340
0,2932,43980000,43981500,1627,2711,43995000,11344
0,2933,43995000,43996500,1627,2711,44010000,11349
0,2934,44010000,44011500,1627,2711,44025000,11353
0,2935,44025000,44026500,1627,2711,44040000,11355
0,2936,44040000,44041500,1627,2711,44055000,11361
0,2937,44055000,44056500,1627,2711,44070000,11364
0,2938,44070000,44071500,1627,2711,44085000,11368
0,2939,44085000,44086500,1627,2711,44100000,11369
0,294,4410000,4411500,1627,2711,4425000,1137
0,2940,44100000,44101500,1627,2711,44115000,11377
0,2941,44115000,44116500,1627,2711,44130000,11380
0,2942,44130000,44131500,1627,2711,44145000,11383
0,2943,44145000,44146500,1627,2711,44160000,11386
0,2944,44160000,44161500,1627,2711,44175000,11392
0,2945,44175000,44176500,1627,2711,44190000,11394
0,2946,44190000,44191500,1627,2711,44205000,11401
0,2947,44205000,44206500,1627,2711,44220000,11402
0,2948,44220000,44221500,1627,2711,44235000,11406
0,2949,44235000,44236500,1627,2711,44250000,11411
0,295,4425000,4426500,1627,2711,4440000,1138
0,2950,44250000,44251500,1627,2711,44265000,11414
0,2951,44265000,44266500,1627,2711,44280000,11416
0,2952,44280000,44281500,1627,2711,44295000,11423
0,2953,44295000,44296500,1627,2711,44310000,11426
0,2954,44310000,44311500,1627,2711,44325000,11430
0,2955,44325000,44326500,1627,2711,44340000,11433
0,2956,44340000,44341500,1627,2711,44355000,11438
0,2957,44355000,44356500,1627,2711,44370000,11441
0,2958,44370000,44371500,1627,2711,44385000,11446
0,2959,44385000,44386500,1627,2711,44400000,11448
0,296,4440000,4441500,1627,2711,4455000,1144
0,2960,44400000,44401500,1627,2711,44415000,11454
0,2961,44415000,44416500,1627,2711,44430000,11457
0,2962,44430000,44431500,1627,2711,44445000,11460
0,2963,44445000,44446500,1627,2711,44460000,11463
0,2964,44460000,44461500,1627,2711,44475000,11470
0,2965,44475000,44476500,1627,2711,44490000,11473
0,2966,44490000,44491500,1627,2711,44505000,11476
0,2967,44505000,44506500,1627,2711,44520000,11478
0,2968,44520000,44521500,1627,2711,44535000,11485
0,2969,44535000,44536500,1627,2711,44550000,11487
0,297,4455000,4456500,1627,2711,4470000,1147
0,2970,44550000,44551500,1627,2711,44565000,11493
0,2971,44565000,44566500,1627,2711,44580000,11494
0,2972,44580000,44581500,1627,2711,44595000,11500
0,2973,44595000,44596500,1627,2711,44610000,11505
0,2974,44610000,44611500,1627,2711,44625000,11507
0,2975,44625000,44626500,1627,2711,44640000,11508
0,2976,44640000,44641500,1627,2711,44655000,11516
0,2977,44655000,44656500,1627,2711,44670000,11520
0,2978,44670000,44671500,1627,2711,44685000,11523
0,2979,44685000,44686500,1627,2711,44700000,11525
0,298,4470000,4471500,1627,2711,4485000,1151
0,2980,44700000,44701500,1627,2711,44715000,11530
0,2981,44715000,44716500,1627,2711,44730000,11534
0,2982,44730000,44731500,1627,2711,44745000,11539
0,2983,44745000,44746500,1627,2711,44760000,11541
0,2984,44760000,44761500,1627,2711,44775000,11546
0,2985,44775000,44776500,1627,2711,44790000,11550
0,2986,44790000,44791500,1627,2711,44805000,11555
0,2987,44805000,44806500,1627,2711,44820000,11556
0,2988,44820000,44821500,1627,2711,44835000,11562
0,2989,44835000,44836500,1627,2711,44850000,11565
0,299,4485000,4486500,1627,2711,4500000,1153
0,2990,44850000,44851500,1627,2711,44865000,11569
0,2991,44865000,44866500,1627,2711,44880000,11572
0,2992,44880000,44881500,1627,2711,44895000,11577
0,2993,44895000,44896500,1627,2711,44910000,11580
0,2994,44910000,44911500,1627,2711,44925000,11586
0,2995,44925000,44926500,1627,2711,44940000,11587
0,2996,44940000,44941500,1627,2711,44955000,11593
0,2997,44955000,44956500,1627,2711,44970000,11597
0,2998,44970000,44971500,1627,2711,44985000,11600
0,2999,44985000,44986500,1627,2711,45000000,11601
0,3,45000,46500,1627,2711,60000,8
0,30,450000,451500,1627,2711,465000,115
0,300,4500000,4501500,1627,2711,4515000,1160
0,3000,45000000,45001500,1627,2711,45015000,11610
0,3001,45015000,45016500,1627,2711,45030000,11612
0,3002,45030000,45031500,1627,2711,45045000,11615
0,3003,45045000,45046500,1627,2711,45060000,11619
0,3004,45060000,45061500,1627,2711,45075000,11623
0,3005,45075000,45076500,1627,2711,45090000,11627
0,3006,45090000,45091500,1627,2711,45105000,11632
0,3007,45105000,45106500,1627,2711,45120000,11634
0,3008,45120000,45121500,1627,2711,45135000,11639
0,3009,45135000,45136500,1627,2711,45150000,11642
0,301,4515000,4516500,1627,2711,4530000,1163
0,3010,45150000,45151500,1627,2711,45165000,11647
0,3011,45165000,45166500,1627,2711,45180000,11649
0,3012,45180000,45181500,1627,2711,45195000,11655
0,3013,45195000,45196500,1627,2711,45210000,11659
0,3014,45210000,45211500,1627,2711,45225000,11662
0,3015,45225000,45226500,1627,2711,45240000,11664
0,3016,45240000,45241500,1627,2711,45255000,11671
0,3017,45255000,45256500,1627,2711,45270000,11673
0,3018,45270000,45271500,1627,2711,45285000,11678
0,3019,45285000,45286500,1627,2711,45300000,11680
0,302,4530000,4531500,1627,2711,4545000,1165
0,3020,45300000,45301500,1627,2711,45315000,11686
0,3021,45315000,45316500,1627,2711,45330000,11690
0,3022,45330000,45331500,1627,2711,45345000,11692
0,3023,45345000,45346500,1627,2711,45360000,11694
0,3024,45360000,45361500,1627,2711,45375000,11703
0,3025,45375000,45376500,1627,2711,45390000,11705
0,3026,45390000,45391500,1627,2711,45405000,11709
0,3027,45405000,45406500,1627,2711,45420000,11711
0,3028,45420000,45421500,1627,2711,45435000,11716
0,3029,45435000,45436500,1627,2711,45450000,11720
0,303,4545000,4546500,1627,2711,4560000,1170
0,3030,45450000,45451500,1627,2711,45465000,11725
0,3031,45465000,45466500,1627,2711,45480000,11726
0,3032,45480000,45481500,1627,2711,45495000,11731
0,3033,45495000,45496500,1627,2711,45510000,11737
0,3034,45510000,45511500,1627,2711,45525000,11740
0,3035,45525000,45526500,1627,2711,45540000,11741
0,3036,45540000,45541500,1627,2711,45555000,11748
0,3037,45555000,45556500,1627,2711,45570000,11752
0,3038,45570000,45571500,1627,2711,45585000,11755
0,3039,45585000,45586500,1627,2711,45600000,11757
0,304,4560000,4561500,1627,2711,4575000,1175
0,3040,45600000,45601500,1627,2711,45615000,11763
0,3041,45615000,45616500,1627,2711,45630000,11765
0,3042,45630000,45631500,1627,2711,45645000,11772
0,3043,45645000,45646500,1627,2711,45660000,11774
0,3044,45660000,45661500,1627,2711,45675000,11778
0,3045,45675000,45676500,1627,2711,45690000,11782
0,3046,45690000,45691500,1627,2711,45705000,11786
0,3047,45705000,45706500,1627,2711,45720000,11788
0,3048,45720000,45721500,1627,2711,45735000,11795
0,3049,45735000,45736500,1627,2711,45750000,11797
0,305,4575000,4576500,1627,2711,4590000,1177
0,3050,45750000,45751500,1627,2711,45765000,11802
0,3051,45765000,45766500,1627,2711,45780000,11804
0,3052,45780000,45781500,1627,2711,45795000,11809
0,3053,45795000,45796500,1627,2711,45810000,11813
0,3054,45810000,45811500,1627,2711,45825000,11817
0,3055,45825000,45826500,1627,2711,45840000,11819
0,3056,45840000,45841500,1627,2711,45855000,11826
0,3057,45855000,45856500,1627,2711,45870000,11829
0,3058,45870000,45871500,1627,2711,45885000,11832
0,3059,45885000,45886500,1627,2711,45900000,11834
0,306,4590000,4591500,1627,2711,4605000,1183
0,3060,45900000,45901500,1627,2711,45915000,11841
0,3061,45915000,45916500,1627,2711,45930000,11845
0,3062,45930000,45931500,1627,2711,45945000,11847
0,3063,45945000,45946500,1627,2711,45960000,11851
0,3064,45960000,45961500,1627,2711,45975000,11856
0,3065,45975000,45976500,1627,2711,45990000,11858
0,3066,45990000,45991500,1627,2711,46005000,11865
0,3067,46005000,46006500,1627,2711,46020000,11866
0,3068,46020000,46021500,1627,2711,46035000,11871
0,3069,46035000,46036500,1627,2711,46050000,11875
0,307,4605000,4606500,1627,2711,4620000,1185
0,3070,46050000,46051500,1627,2711,46065000,11879
0,3071,46065000,46066500,1627,2711,46080000,11880
0,3072,46080000,46081500,1627,2711,46095000,11888
0,3073,46095000,46096500,1627,2711,46110000,11891
0,3074,46110000,46111500,1627,2711,46125000,11894
0,3075,46125000,46126500,1627,2711,46140000,11897
0,3076,46140000,46141500,1627,2711,46155000,11903
0,3077,46155000,46156500,1627,2711,46170000,11906
0,3078,46170000,46171500,1627,2711,46185000,11910
0,3079,46185000,46186500,1627,2711,46200000,11911
0,308,4620000,4621500,1627,2711,4635000,1190
0,3080,46200000,46201500,1627,2711,46215000,11918
0,3081,46215000,46216500,1627,2711,46230000,11922
0,3082,46230000,46231500,1627,2711,46245000,11925
0,3083,46245000,46246500,1627,2711,46260000,11927
0,3084,46260000,46261500,1627,2711,46275000,11934
0,3085,46275000,46276500,1627,2711,46290000,11938
0,3086,46290000,46291500,1627,2711,46305000,11941
0,3087,46305000,46306500,1627,2711,46320000,11943
0,3088,46320000,46321500,1627,2711,46335000,11948
0,3089,46335000,46336500,1627,2711,46350000,11952
0,309,4635000,4636500,1627,2711,4650000,1194
0,3090,46350000,46351500,1627,2711,46365000,11958
0,3091,46365000,46366500,1627,2711,46380000,11959
0,3092,46380000,46381500,1627,2711,46395000,11963
0,3093,46395000,46396500,1627,2711,46410000,11968
0,3094,46410000,46411500,1627,2711,46425000,11972
0,3095,46425000,46426500,1627,2711,46440000,11973
0,3096,46440000,46441500,1627,2711,46455000,11981
0,3097,46455000,46456500,1627,2711,46470000,11983
0,3098,46470000,46471500,1627,2711,46485000,11988
0,3099,46485000,46486500,1627,2711,46500000,11990
0,31,465000,466500,1627,2711,480000,116
0,310,4650000,4651500,1627,2711,4665000,1197
0,3100,46500000,46501500,1627,2711,46515000,11995
0,3101,46515000,46516500,1627,2711,46530000,11998
0,3102,46530000,46531500,1627,2711,46545000,12003
0,3103,46545000,46546500,1627,2711,46560000,12006
0,3104,46560000,46561500,1627,2711,46575000,12011
0,3105,46575000,46576500,1627,2711,46590000,12014
0,3106,46590000,46591500,1627,2711,46605000,12018
0,3107,46605000,46606500,1627,2711,46620000,12020
0,3108,46620000,46621500,1627,2711,46635000,12027
0,3109,46635000,46636500,1627,2711,46650000,12030
0,311,4665000,4666500,1627,2711,4680000,1198
0,3110,46650000,46651500,1627,2711,46665000,12033
0,3111,46665000,46666500,1627,2711,46680000,12036
0,3112,46680000,46681500,1627,2711,46695000,12042
0,3113,46695000,46696500,1627,2711,46710000,12045
0,3114,46710000,46711500,1627,2711,46725000,12050
0,3115,46725000,46726500,1627,2711,46740000,12052
0,3116,46740000,46741500,1627,2711,46755000,12057
0,3117,46755000,46756500,1627,2711,46770000,12062
0,3118,46770000,46771500,1627,2711,46785000,12064
0,3119,46785000,46786500,1627,2711,46800000,12065
0,312,4680000,4681500,1627,2711,4695000,1207
0,3120,46800000,46801500,1627,2711,46815000,12074
0,3121,46815000,46816500,1627,2711,46830000,12076
0,3122,46830000,46831500,1627,2711,46845000,12080
0,3123,46845000,46846500,1627,2711,46860000,12083
0,3124,46860000,46861500,1627,2711,46875000,12088
0,3125,46875000,46876500,1627,2711,46890000,12091
0,3126,46890000,46891500,1627,2711,46905000,12097
0,3127,46905000,46906500,1627,2711,46920000,12098
0,3128,46920000,46921500,1627,2711,46935000,12104
0,3129,46935000,46936500,1627,2711,46950000,12107
0,313,4695000,4696500,1627,2711,4710000,1210
0,3130,46950000,46951500,1627,2711,46965000,12111
0,3131,46965000,46966500,1627,2711,46980000,12113
0,3132,46980000,46981500,1627,2711,46995000,12119
0,3133,46995000,46996500,1627,2711,47010000,12124
0,3134,47010000,47011500,1627,2711,47025000,12126
0,3135,47025000,47026500,1627,2711,47040000,12128
0,3136,47040000,47041500,1627,2711,47055000,12135
0,3137,47055000,47056500,1627,2711,47070000,12138
0,3138,47070000,47071500,1627,2711,47085000,12143
0,3139,47085000,47086500,1627,2711,47100000,12144
0,314,4710000,4711500,1627,2711,4725000,1213
0,3140,47100000,47101500,1627,2711,47115000,12150
0,3141,47115000,47116500,1627,2711,47130000,12155
0,3142,47130000,47131500,1627,2711,47145000,12157
0,3143,47145000,47146500,1627,2711,47160000,12159
0,3144,47160000,47161500,1627,2711,47175000,12166
0,3145,47175000,47176500,1627,2711,47190000,12169
0,3146,47190000,47191500,1627,2711,47205000,12174
0,3147,47205000,47206500,1627,2711,47220000,12176
0,3148,47220000,47221500,1627,2711,47235000,12180
0,3149,47235000,47236500,1627,2711,47250000,12183
0,315,4725000,4726500,1627,2711,4740000,1215
0,3150,47250000,47251500,1627,2711,47265000,12190
0,3151,47265000,47266500,1627,2711,47280000,12191
0,3152,47280000,47281500,1627,2711,47295000,12196
0,3153,47295000,47296500,1627,2711,47310000,12200
0,3154,47310000,47311500,1627,2711,47325000,12205
0,3155,47325000,47326500,1627,2711,47340000,12206
0,3156,47340000,47341500,1627,2711,47355000,12213
0,3157,47355000,47356500,1627,2711,47370000,12216
0,3158,47370000,47371500,1627,2711,47385000,12218
0,3159,47385000,47386500,1627,2711,47400000,12222
0,316,4740000,4741500,1627,2711,4755000,1221
0,3160,47400000,47401500,1627,2711,47415000,12228
0,3161,47415000,47416500,1627,2711,47430000,12230
0,3162,47430000,47431500,1627,2711,47445000,12235
0,3163,47445000,47446500,1627,2711,47460000,12238
0,3164,47460000,47461500,1627,2711,47475000,12243
0,3165,47475000,47476500,1627,2711,47490000,12247
0,3166,47490000,47491500,1627,2711,47505000,12250
0,3167,47505000,47506500,1627,2711,47520000,12252
0,3168,47520000,47521500,1627,2711,47535000,12260
0,3169,47535000,47536500,1627,2711,47550000,12262
0,317,4755000,4756500,1627,2711,4770000,1225
0,3170,47550000,47551500,1627,2711,47565000,12266
0,3171,47565000,47566500,1627,2711,47580000,12268
0,3172,47580000,47581500,1627,2711,47595000,12273
0,3173,47595000,47596500,1627,2711,47610000,12278
0,3174,47610000,47611500,1627,2711,47625000,12282
0,3175,47625000,47626500,1627,2711,47640000,12283
0,3176,47640000,47641500,1627,2711,47655000,12290
0,3177,47655000,47656500,1627,2711,47670000,12293
0,3178,47670000,47671500,1627,2711,47685000,12297
0,3179,47685000,47686500,1627,2711,47700000,12298
0,318,4770000,4771500,1627,2711,4785000,1229
0,3180,47700000,47701500,1627,2711,47715000,12306
0,3181,47715000,47716500,1627,2711,47730000,12309
0,3182,47730000,47731500,1627,2711,47745000,12312
0,3183,47745000,47746500,1627,2711,47760000,12315
0,3184,47760000,47761500,1627,2711,47775000,12320
0,3185,47775000,47776500,1627,2711,47790000,12323
0,3186,47790000,47791500,1627,2711,47805000,12329
0,3187,47805000,47806500,1627,2711,47820000,12331
0,3188,47820000,47821500,1627,2711,47835000,12335
0,3189,47835000,47836500,1627,2711,47850000,12340
0,319,4785000,4786500,1627,2711,4800000,1230
0,3190,47850000,47851500,1627,2711,47865000,12343
0,3191,47865000,47866500,1627,2711,47880000,12344
0,3192,47880000,47881500,1627,2711,47895000,12352
0,3193,47895000,47896500,1627,2711,47910000,12356
0,3194,47910000,47911500,1627,2711,47925000,12359
0,3195,47925000,47926500,1627,2711,47940000,12361
0,3196,47940000,47941500,1627,2711,47955000,12367
0,3197,47955000,47956500,1627,2711,47970000,12370
0,3198,47970000,47971500,1627,2711,47985000,12375
0,3199,47985000,47986500,1627,2711,48000000,12376
0,32,480000,481500,1627,2711,495000,122
0,320,4800000,4801500,1627,2711,4815000,1237
0,3200,48000000,48001500,1627,2711,48015000,12382
0,3201,48015000,48016500,1627,2711,48030000,12386
0,3202,48030000,48031500,1627,2711,48045000,12390
0,3203,48045000,48046500,1627,2711,48060000,12392
0,3204,48060000,48061500,1627,2711,48075000,12398
0,3205,48075000,48076500,1627,2711,48090000,12401
0,3206,48090000,48091500,1627,2711,48105000,12406
0,3207,48105000,48106500,1627,2711,48120000,12408
0,3208,48120000,48121500,1627,2711,48135000,12413
0,3209,48135000,48136500,1627,2711,48150000,12415
0,321,4815000,4816500,1627,2711,4830000,1240
0,3210,48150000,48151500,1627,2711,48165000,12422
0,3211,48165000,48166500,1627,2711,48180000,12424
0,3212,48180000,48181500,1627,2711,48195000,12428
0,3213,48195000,48196500,1627,2711,48210000,12433
0,3214,48210000,48211500,1627,2711,48225000,12435
0,3215,48225000,48226500,1627,2711,48240000,12438
0,3216,48240000,48241500,1627,2711,48255000,12446
0,3217,48255000,48256500,1627,2711,48270000,12448
0,3218,48270000,48271500,1627,2711,48285000,12451
0,3219,48285000,48286500,1627,2711,48300000,12454
0,322,4830000,4831500,1627,2711,4845000,1244
0,3220,48300000,48301500,1627,2711,48315000,12460
0,3221,48315000,48316500,1627,2711,48330000,12463
0,3222,48330000,48331500,1627,2711,48345000,12467
0,3223,48345000,48346500,1627,2711,48360000,12469
0,3224,48360000,48361500,1627,2711,48375000,12476
0,3225,48375000,48376500,1627,2711,48390000,12479
0,3226,48390000,48391500,1627,2711,48405000,12483
0,3227,48405000,48406500,1627,2711,48420000,12484
0,3228,48420000,48421500,1627,2711,48435000,12491
0,3229,48435000,48436500,1627,2711,48450000,12495
0,323,4845000,4846500,1627,2711,4860000,1246
0,3230,48450000,48451500,1627,2711,48465000,12498
0,3231,48465000,48466500,1627,2711,48480000,12500
0,3232,48480000,48481500,1627,2711,48495000,12506
0,3233,48495000,48496500,1627,2711,48510000,12509
0,3234,48510000,48511500,1627,2711,48525000,12515
0,3235,48525000,48526500,1627,2711,48540000,12516
0,3236,48540000,48541500,1627,2711,48555000,12521
0,3237,48555000,48556500,1627,2711,48570000,12526
0,3238,48570000,48571500,1627,2711,48585000,12529
0,3239,48585000,48586500,1627,2711,48600000,12530
0,324,4860000,4861500,1627,2711,4875000,1252
0,3240,48600000,48601500,1627,2711,48615000,12538
0,3241,48615000,48616500,1627,2711,48630000,12541
0,3242,48630000,48631500,1627,2711,48645000,12544
0,3243,48645000,48646500,1627,2711,48660000,12548
0,3244,48660000,48661500,1627,2711,48675000,12552
0,3245,48675000,48676500,1627,2711,48690000,12556
0,3246,48690000,48691500,1627,2711,48705000,12561
0,3247,48705000,48706500,1627,2711,48720000,12562
0,3248,48720000,48721500,1627,2711,48735000,12568
0,3249,48735000,48736500,1627,2711,48750000,12571
0,325,4875000,4876500,1627,2711,4890000,1256
0,3250,48750000,48751500,1627,2711,48765000,12576
0,3251,48765000,48766500,1627,2711,48780000,12577
0,3252,48780000,48781500,1627,2711,48795000,12584
0,3253,48795000,48796500,1627,2711,48810000,12588
0,3254,48810000,48811500,1627,2711,48825000,12591
0,3255,48825000,48826500,1627,2711,48840000,12593
0,3256,48840000,48841500,1627,2711,48855000,12599
0,3257,48855000,48856500,1627,2711,48870000,12602
0,3258,48870000,48871500,1627,2711,48885000,12608
0,3259,48885000,48886500,1627,2711,48900000,12609
0,326,4890000,4891500,1627,2711,4905000,1260
0,3260,48900000,48901500,1627,2711,48915000,12614
0,3261,48915000,48916500,1627,2711,48930000,12618
0,3262,48930000,48931500,1627,2711,48945000,12621
0,3263,48945000,48946500,1627,2711,48960000,12624
0,3264,48960000,48961500,1627,2711,48975000,12631
0,3265,48975000,48976500,1627,2711,48990000,12633
0,3266,48990000,48991500,1627,2711,49005000,12638
0,3267,49005000,49006500,1627,2711,49020000,12641
0,3268,49020000,49021500,1627,2711,49035000,12645
0,3269,49035000,49036500,1627,2711,49050000,12648
0,327,4905000,4906500,1627,2711,4920000,1262
0,3270,49050000,49051500,1627,2711,49065000,12653
0,3271,49065000,49066500,1627,2711,49080000,12656
0,3272,49080000,49081500,1627,2711,49095000,12661
0,3273,49095000,49096500,1627,2711,49110000,12665
0,3274,49110000,49111500,1627,2711,49125000,12668
0,3275,49125000,49126500,1627,2711,49140000,12669
0,3276,49140000,49141500,1627,2711,49155000,12678
0,3277,49155000,49156500,1627,2711,49170000,12681
0,3278,49170000,49171500,1627,2711,49185000,12683
0,3279,49185000,49186500,1627,2711,49200000,12685
0,328,4920000,4921500,1627,2711,4935000,1267
0,3280,49200000,49201500,1627,2711,49215000,12693
0,3281,49215000,49216500,1627,2711,49230000,12695
0,3282,49230000,49231500,1627,2711,49245000,12700
0,3283,49245000,49246500,1627,2711,49260000,12702
0,3284,49260000,49261500,1627,2711,49275000,12707
0,3285,49275000,49276500,1627,2711,49290000,12712
0,3286,49290000,49291500,1627,2711,49305000,12715
0,3287,49305000,49306500,1627,2711,49320000,12716
0,3288,49320000,49321500,1627,2711,49335000,12723
0,3289,49335000,49336500,1627,2711,49350000,12726
0,329,4935000,4936500,1627,2711,4950000,1270
0,3290,49350000,49351500,1627,2711,49365000,12731
0,3291,49365000,49366500,1627,2711,49380000,12733
0,3292,49380000,49381500,1627,2711,49395000,12737
0,3293,49395000,49396500,1627,2711,49410000,12742
0,3294,49410000,49411500,1627,2711,49425000,12747
0,3295,49425000,49426500,1627,2711,49440000,12748
0,3296,49440000,49441500,1627,2711,49455000,12754
0,3297,49455000,49456500,1627,2711,49470000,12758
0,3298,49470000,49471500,1627,2711,49485000,12761
0,3299,49485000,49486500,1627,2711,49500000,12763
0,33,495000,496500,1627,2711,510000,126
0,330,4950000,4951500,1627,2711,4965000,1276
0,3300,49500000,49501500,1627,2711,49515000,12770
0,3301,49515000,49516500,1627,2711,49530000,12773
0,3302,49530000,49531500,1627,2711,49545000,12776
0,3303,49545000,49546500,1627,2711,49560000,12779
0,3304,49560000,49561500,1627,2711,49575000,12785
0,3305,49575000,49576500,1627,2711,49590000,12787
0,3306,49590000,49591500,1627,2711,49605000,12794
0,3307,49605000,49606500,1627,2711,49620000,12795
0,3308,49620000,49621500,1627,2711,49635000,12800
0,3309,49635000,49636500,1627,2711,49650000,12804
0,331,4965000,4966500,1627,2711,4980000,1278
0,3310,49650000,49651500,1627,2711,49665000,12808
0,3311,49665000,49666500,1627,2711,49680000,12809
0,3312,49680000,49681500,1627,2711,49695000,12816
0,3313,49695000,49696500,1627,2711,49710000,12820
0,3314,49710000,49711500,1627,2711,49725000,12823
0,3315,49725000,49726500,1627,2711,49740000,12826
0,3316,49740000,49741500,1627,2711,49755000,12831
0,3317,49755000,49756500,1627,2711,49770000,12834
0,3318,49770000,49771500,1627,2711,49785000,12839
0,3319,49785000,49786500,1627,2711,49800000,12841
0,332,4980000,4981500,1627,2711,4995000,1282
0,3320,49800000,49801500,1627,2711,49815000,12847
0,3321,49815000,49816500,1627,2711,49830000,12850
0,3322,49830000,49831500,1627,2711,49845000,12854
0,3323,49845000,49846500,1627,2711,49860000,12857
0,3324,49860000,49861500,1627,2711,49875000,12863
0,3325,49875000,49876500,1627,2711,49890000,12866
0,3326,49890000,49891500,1627,2711,49905000,12869
0,3327,49905000,49906500,1627,2711,49920000,12872
0,3328,49920000,49921500,1627,2711,49935000,12878
0,3329,49935000,49936500,1627,2711,49950000,12880
0,333,4995000,4996500,1627,2711,5010000,1288
0,3330,49950000,49951500,1627,2711,49965000,12886
0,3331,49965000,49966500,1627,2711,49980000,12887
0,3332,49980000,49981500,1627,2711,49995000,12893
0,3333,49995000,49996500,1627,2711,50010000,12898
0,3334,50010000,50011500,1627,2711,50025000,12900
0,3335,50025000,50026500,1627,2711,50040000,12901
0,3336,50040000,50041500,1627,2711,50055000,12911
0,3337,50055000,50056500,1627,2711,50070000,12913
0,3338,50070000,50071500,1627,2711,50085000,12916
0,3339,50085000,50086500,1627,2711,50100000,12918
0,334,5010000,5011500,1627,2711,5025000,1290
0,3340,50100000,50101500,1627,2711,50115000,12923
0,3341,50115000,50116500,1627,2711,50130000,12928
0,3342,50130000,50131500,1627,2711,50145000,12932
0,3343,50145000,50146500,1627,2711,50160000,12934
0,3344,50160000,50161500,1627,2711,50175000,12939
0,3345,50175000,50176500,1627,2711,50190000,12943
0,3346,50190000,50191500,1627,2711,50205000,12948
0,3347,50205000,50206500,1627,2711,50220000,12949
0,3348,50220000,50221500,1627,2711,50235000,12955
0,3349,50235000,50236500,1627,2711,50250000,12959
0,335,5025000,5026500,1627,2711,5040000,1291
0,3350,50250000,50251500,1627,2711,50265000,12963
0,3351,50265000,50266500,1627,2711,50280000,12965
0,3352,50280000,50281500,1627,2711,50295000,12970
0,3353,50295000,50296500,1627,2711,50310000,12973
0,3354,50310000,50311500,1627,2711,50325000,12979
0,3355,50325000,50326500,1627,2711,50340000,12981
0,3356,50340000,50341500,1627,2711,50355000,12986
0,3357,50355000,50356500,1627,2711,50370000,12990
0,3358,50370000,50371500,1627,2711,50385000,12993
0,3359,50385000,50386500,1627,2711,50400000,12994
0,336,5040000,5041500,1627,2711,5055000,1300
0,3360,50400000,50401500,1627,2711,50415000,13003
0,3361,50415000,50416500,1627,2711,50430000,13005
0,3362,50430000,50431500,1627,2711,50445000,13009
0,3363,50445000,50446500,1627,2711,50460000,13012
0,3364,50460000,50461500,1627,2711,50475000,13017
0,3365,50475000,50476500,1627,2711,50490000,13020
0,3366,50490000,50491500,1627,2711,50505000,13025
0,3367,50505000,50506500,1627,2711,50520000,13027
0,3368,50520000,50521500,1627,2711,50535000,13032
0,3369,50535000,50536500,1627,2711,50550000,13036
0,337,5055000,5056500,1627,2711,5070000,1302
0,3370,50550000,50551500,1627,2711,50565000,13040
0,3371,50565000,50566500,1627,2711,50580000,13042
0,3372,50580000,50581500,1627,2711,50595000,13048
0,3373,50595000,50596500,1627,2711,50610000,13052
0,3374,50610000,50611500,1627,2711,50625000,13055
0,3375,50625000,50626500,1627,2711,50640000,13058
0,3376,50640000,50641500,1627,2711,50655000,13064
0,3377,50655000,50656500,1627,2711,50670000,13066
0,3378,50670000,50671500,1627,2711,50685000,13072
0,3379,50685000,50686500,1627,2711,50700000,13073
0,338,5070000,5071500,1627,2711,5085000,1306
0,3380,50700000,50701500,1627,2711,50715000,13079
0,3381,50715000,50716500,1627,2711,50730000,13083
0,3382,50730000,50731500,1627,2711,50745000,13085
0,3383,50745000,50746500,1627,2711,50760000,13088
0,3384,50760000,50761500,1627,2711,50775000,13096
0,3385,50775000,50776500,1627,2711,50790000,13098
0,3386,50790000,50791500,1627,2711,50805000,13102
0,3387,50805000,50806500,1627,2711,50820000,13104
0,3388,50820000,50821500,1627,2711,50835000,13110
0,3389,50835000,50836500,1627,2711,50850000,13113
0,339,5085000,5086500,1627,2711,5100000,1308
0,3390,50850000,50851500,1627,2711,50865000,13118
0,3391,50865000,50866500,1627,2711,50880000,13119
0,3392,50880000,50881500,1627,2711,50895000,13125
0,3393,50895000,50896500,1627,2711,50910000,13130
0,3394,50910000,50911500,1627,2711,50925000,13133
0,3395,50925000,50926500,1627,2711,50940000,13134
0,3396,50940000,50941500,1627,2711,50955000,13141
0,3397,50955000,50956500,1627,2711,50970000,13146
0,3398,50970000,50971500,1627,2711,50985000,13148
0,3399,50985000,50986500,1627,2711,51000000,13150
0,34,510000,511500,1627,2711,525000,130
0,340,5100000,5101500,1627,2711,5115000,1314
0,3400,51000000,51001500,1627,2711,51015000,13156
0,3401,51015000,51016500,1627,2711,51030000,13159
0,3402,51030000,51031500,1627,2711,51045000,13165
0,3403,51045000,51046500,1627,2711,51060000,13167
0,3404,51060000,51061500,1627,2711,51075000,13171
0,3405,51075000,51076500,1627,2711,51090000,13175
0,3406,51090000,51091500,1627,2711,51105000,13180
0,3407,51105000,51106500,1627,2711,51120000,13181
0,3408,51120000,51121500,1627,2711,51135000,13188
0,3409,51135000,51136500,1627,2711,51150000,13190
0,341,5115000,5116500,1627,2711,5130000,1317
0,3410,51150000,51151500,1627,2711,51165000,13195
0,3411,51165000,51166500,1627,2711,51180000,13198
0,3412,51180000,51181500,1627,2711,51195000,13202
0,3413,51195000,51196500,1627,2711,51210000,13206
0,3414,51210000,51211500,1627,2711,51225000,13211
0,3415,51225000,51226500,1627,2711,51240000,13212
0,3416,51240000,51241500,1627,2711,51255000,13219
0,3417,51255000,51256500,1627,2711,51270000,13222
0,3418,51270000,51271500,1627,2711,51285000,13225
0,3419,51285000,51286500,1627,2711,51300000,13227
0,342,5130000,5131500,1627,2711,5145000,1322
0,3420,51300000,51301500,1627,2711,51315000,13235
0,3421,51315000,51316500,1627,2711,51330000,13238
0,3422,51330000,51331500,1627,2711,51345000,13240
0,3423,51345000,51346500,1627,2711,51360000,13244
0,3424,51360000,51361500,1627,2711,51375000,13249
0,3425,51375000,51376500,1627,2711,51390000,13252
0,3426,51390000,51391500,1627,2711,51405000,13258
0,3427,51405000,51406500,1627,2711,51420000,13260
0,3428,51420000,51421500,1627,2711,51435000,13264
0,3429,51435000,51436500,1627,2711,51450000,13268
0,343,5145000,5146500,1627,2711,5160000,1324
0,3430,51450000,51451500,1627,2711,51465000,13272
0,3431,51465000,51466500,1627,2711,51480000,13273
0,3432,51480000,51481500,1627,2711,51495000,13281
0,3433,51495000,51496500,1627,2711,51510000,13284
0,3434,51510000,51511500,1627,2711,51525000,13288
0,3435,51525000,51526500,1627,2711,51540000,13290
0,3436,51540000,51541500,1627,2711,51555000,13296
0,3437,51555000,51556500,1627,2711,51570000,13299
0,3438,51570000,51571500,1627,2711,51585000,13303
0,3439,51585000,51586500,1627,2711,51600000,13305
0,344,5160000,5161500,1627,2711,5175000,1329
0,3440,51600000,51601500,1627,2711,51615000,13312
0,3441,51615000,51616500,1627,2711,51630000,13315
0,3442,51630000,51631500,1627,2711,51645000,13318
0,3443,51645000,51646500,1627,2711,51660000,13320
0,3444,51660000,51661500,1627,2711,51675000,13327
0,3445,51675000,51676500,1627,2711,51690000,13331
0,3446,51690000,51691500,1627,2711,51705000,13334
0,3447,51705000,51706500,1627,2711,51720000,13336
0,3448,51720000,51721500,1627,2711,51735000,13342
0,3449,51735000,51736500,1627,2711,51750000,13345
0,345,5175000,5176500,1627,2711,5190000,1333
0,3450,51750000,51751500,1627,2711,51765000,13351
0,3451,51765000,51766500,1627,2711,51780000,13352
0,3452,51780000,51781500,1627,2711,51795000,13356
0,3453,51795000,51796500,1627,2711,51810000,13363
0,3454,51810000,51811500,1627,2711,51825000,13365
0,3455,51825000,51826500,1627,2711,51840000,13366
0,3456,51840000,51841500,1627,2711,51855000,13374
0,3457,51855000,51856500,1627,2711,51870000,13376
0,3458,51870000,51871500,1627,2711,51885000,13381
0,3459,51885000,51886500,1627,2711,51900000,13383
0,346,5190000,5191500,1627,2711,5205000,1338
0,3460,51900000,51901500,1627,2711,51915000,13388
0,3461,51915000,51916500,1627,2711,51930000,13391
0,3462,51930000,51931500,1627,2711,51945000,13397
0,3463,51945000,51946500,1627,2711,51960000,13399
0,3464,51960000,51961500,1627,2711,51975000,13404
0,3465,51975000,51976500,1627,2711,51990000,13407
0,3466,51990000,51991500,1627,2711,52005000,13412
0,3467,52005000,52006500,1627,2711,52020000,13414
0,3468,52020000,52021500,1627,2711,52035000,13420
0,3469,52035000,52036500,1627,2711,52050000,13423
0,347,5205000,5206500,1627,2711,5220000,1339
0,3470,52050000,52051500,1627,2711,52065000,13426
0,3471,52065000,52066500,1627,2711,52080000,13429
0,3472,52080000,52081500,1627,2711,52095000,13435
0,3473,52095000,52096500,1627,2711,52110000,13438
0,3474,52110000,52111500,1627,2711,52125000,13443
0,3475,52125000,52126500,1627,2711,52140000,13445
0,3476,52140000,52141500,1627,2711,52155000,13451
0,3477,52155000,52156500,1627,2711,52170000,13455
0,3478,52170000,52171500,1627,2711,52185000,13457
0,3479,52185000,52186500,1627,2711,52200000,13459
0,348,5220000,5221500,1627,2711,5235000,1345
0,3480,52200000,52201500,1627,2711,52215000,13467
0,3481,52215000,52216500,1627,2711,52230000,13470
0,3482,52230000,52231500,1627,2711,52245000,13473
0,3483,52245000,52246500,1627,2711,52260000,13476
0,3484,52260000,52261500,1627,2711,52275000,13481
0,3485,52275000,52276500,1627,2711,52290000,13484
0,3486,52290000,52291500,1627,2711,52305000,13490
0,3487,52305000,52306500,1627,2711,52320000,13491
0,3488,52320000,52321500,1627,2711,52335000,13497
0,3489,52335000,52336500,1627,2711,52350000,13500
0,349,5235000,5236500,1627,2711,5250000,1348
0,3490,52350000,52351500,1627,2711,52365000,13505
0,3491,52365000,52366500,1627,2711,52380000,13506
0,3492,52380000,52381500,1627,2711,52395000,13513
0,3493,52395000,52396500,1627,2711,52410000,13517
0,3494,52410000,52411500,1627,2711,52425000,13519
0,3495,52425000,52426500,1627,2711,52440000,13522
0,3496,52440000,52441500,1627,2711,52455000,13528
0,3497,52455000,52456500,1627,2711,52470000,13531
0,3498,52470000,52471500,1627,2711,52485000,13536
0,3499,52485000,52486500,1627,2711,52500000,13537
0,35,525000,526500,1627,2711,540000,131
0,350,5250000,5251500,1627,2711,5265000,1352
0,3500,52500000,52501500,1627,2711,52515000,13543
0,3501,52515000,52516500,1627,2711,52530000,13548
0,3502,52530000,52531500,1627,2711,52545000,13550
0,3503,52545000,52546500,1627,2711,52560000,13552
0,3504,52560000,52561500,1627,2711,52575000,13560
0,3505,52575000,52576500,1627,2711,52590000,13563
0,3506,52590000,52591500,1627,2711,52605000,13567
0,3507,52605000,52606500,1627,2711,52620000,13569
0,3508,52620000,52621500,1627,2711,52635000,13573
0,3509,52635000,52636500,1627,2711,52650000,13577
0,351,5265000,5266500,1627,2711,5280000,1355
0,3510,52650000,52651500,1627,2711,52665000,13583
0,3511,52665000,52666500,1627,2711,52680000,13584
0,3512,52680000,52681500,1627,2711,52695000,13589
0,3513,52695000,52696500,1627,2711,52710000,13593
0,3514,52710000,52711500,1627,2711,52725000,13598
0,3515,52725000,52726500,1627,2711,52740000,13599
0,3516,52740000,52741500,1627,2711,52755000,13606
0,3517,52755000,52756500,1627,2711,52770000,13609
0,3518,52770000,52771500,1627,2711,52785000,13613
0,3519,52785000,52786500,1627,2711,52800000,13615
0,352,5280000,5281500,1627,2711,5295000,1360
0,3520,52800000,52801500,1627,2711,52815000,13621
0,3521,52815000,52816500,1627,2711,52830000,13623
0,3522,52830000,52831500,1627,2711,52845000,13628
0,3523,52845000,52846500,1627,2711,52860000,13632
0,3524,52860000,52861500,1627,2711,52875000,13636
0,3525,52875000,52876500,1627,2711,52890000,13640
0,3526,52890000,52891500,1627,2711,52905000,13643
0,3527,52905000,52906500,1627,2711,52920000,13645
0,3528,52920000,52921500,1627,2711,52935000,13653
0,3529,52935000,52936500,1627,2711,52950000,13655
0,353,5295000,5296500,1627,2711,5310000,1363
0,3530,52950000,52951500,1627,2711,52965000,13659
0,3531,52965000,52966500,1627,2711,52980000,13662
0,3532,52980000,52981500,1627,2711,52995000,13667
0,3533,52995000,52996500,1627,2711,53010000,13671
0,3534,53010000,53011500,1627,2711,53025000,13675
0,3535,53025000,53026500,1627,2711,53040000,13676
0,3536,53040000,53041500,1627,2711,53055000,13683
0,3537,53055000,53056500,1627,2711,53070000,13687
0,3538,53070000,53071500,1627,2711,53085000,13690
0,3539,53085000,53086500,1627,2711,53100000,13691
0,354,5310000,5311500,1627,2711,5325000,1369
0,3540,53100000,53101500,1627,2711,53115000,13699
0,3541,53115000,53116500,1627,2711,53130000,13702
0,3542,53130000,53131500,1627,2711,53145000,13705
0,3543,53145000,53146500,1627,2711,53160000,13708
0,3544,53160000,53161500,1627,2711,53175000,13714
0,3545,53175000,53176500,1627,2711,53190000,13716
0,3546,53190000,53191500,1627,2711,53205000,13723
0,3547,53205000,53206500,1627,2711,53220000,13724
0,3548,53220000,53221500,1627,2711,53235000,13728
0,3549,53235000,53236500,1627,2711,53250000,13733
0,355,5325000,5326500,1627,2711,5340000,1371
0,3550,53250000,53251500,1627,2711,53265000,13736
0,3551,53265000,53266500,1627,2711,53280000,13738
0,3552,53280000,53281500,1627,2711,53295000,13745
0,3553,53295000,53296500,1627,2711,53310000,13749
0,3554,53310000,53311500,1627,2711,53325000,13752
0,3555,53325000,53326500,1627,2711,53340000,13754
0,3556,53340000,53341500,1627,2711,53355000,13760
0,3557,53355000,53356500,1627,2711,53370000,13764
0,3558,53370000,53371500,1627,2711,53385000,13768
0,3559,53385000,53386500,1627,2711,53400000,13769
0,356,5340000,5341500,1627,2711,5355000,1376
0,3560,53400000,53401500,1627,2711,53415000,13776
0,3561,53415000,53416500,1627,2711,53430000,13779
0,3562,53430000,53431500,1627,2711,53445000,13783
0,3563,53445000,53446500,1627,2711,53460000,13785
0,3564,53460000,53461500,1627,2711,53475000,13791
0,3565,53475000,53476500,1627,2711,53490000,13795
0,3566,53490000,53491500,1627,2711,53505000,13799
0,3567,53505000,53506500,1627,2711,53520000,13801
0,3568,53520000,53521500,1627,2711,53535000,13806
0,3569,53535000,53536500,1627,2711,53550000,13808
0,357,5355000,5356500,1627,2711,5370000,1380
0,3570,53550000,53551500,1627,2711,53565000,13816
0,3571,53565000,53566500,1627,2711,53580000,13817
0,3572,53580000,53581500,1627,2711,53595000,13821
0,3573,53595000,53596500,1627,2711,53610000,13826
0,3574,53610000,53611500,1627,2711,53625000,13829
0,3575,53625000,53626500,1627,2711,53640000,13831
0,3576,53640000,53641500,1627,2711,53655000,13839
0,3577,53655000,53656500,1627,2711,53670000,13841
0,3578,53670000,53671500,1627,2711,53685000,13844
0,3579,53685000,53686500,1627,2711,53700000,13848
0,358,5370000,5371500,1627,2711,5385000,1382
0,3580,53700000,53701500,1627,2711,53715000,13853
0,3581,53715000,53716500,1627,2711,53730000,13856
0,3582,53730000,53731500,1627,2711,53745000,13860
0,3583,53745000,53746500,1627,2711,53760000,13863
0,3584,53760000,53761500,1627,2711,53775000,13869
0,3585,53775000,53776500,1627,2711,53790000,13872
0,3586,53790000,53791500,1627,2711,53805000,13876
0,3587,53805000,53806500,1627,2711,53820000,13877
0,3588,53820000,53821500,1627,2711,53835000,13885
0,3589,53835000,53836500,1627,2711,53850000,13888
0,359,5385000,5386500,1627,2711,5400000,1385
0,3590,53850000,53851500,1627,2711,53865000,13891
0,3591,53865000,53866500,1627,2711,53880000,13893
0,3592,53880000,53881500,1627,2711,53895000,13899
0,3593,53895000,53896500,1627,2711,53910000,13903
0,3594,53910000,53911500,1627,2711,53925000,13908
0,3595,53925000,53926500,1627,2711,53940000,13909
0,3596,53940000,53941500,1627,2711,53955000,13915
0,3597,53955000,53956500,1627,2711,53970000,13919
0,3598,53970000,53971500,1627,2711,53985000,13922
0,3599,53985000,53986500,1627,2711,54000000,13923
0,36,540000,541500,1627,2711,555000,138
0,360,5400000,5401500,1627,2711,5415000,1393
0,3600,54000000,54001500,1627,2711,54015000,13931
0,3601,54015000,54016500,1627,2711,54030000,13934
0,3602,54030000,54031500,1627,2711,54045000,13938
0,3603,54045000,54046500,1627,2711,54060000,13941
0,3604,54060000,54061500,1627,2711,54075000,13945
0,3605,54075000,54076500,1627,2711,54090000,13949
0,3606,54090000,54091500,1627,2711,54105000,13954
0,3607,54105000,54106500,1627,2711,54120000,13956
0,3608,54120000,54121500,1627,2711,54135000,13961
0,3609,54135000,54136500,1627,2711,54150000,13965
0,361,5415000,5416500,1627,2711,5430000,1395
0,3610,54150000,54151500,1627,2711,54165000,13969
0,3611,54165000,54166500,1627,2711,54180000,13970
0,3612,54180000,54181500,1627,2711,54195000,13977
0,3613,54195000,54196500,1627,2711,54210000,13981
0,3614,54210000,54211500,1627,2711,54225000,13984
0,3615,54225000,54226500,1627,2711,54240000,13986
0,3616,54240000,54241500,1627,2711,54255000,13993
0,3617,54255000,54256500,1627,2711,54270000,13995
0,3618,54270000,54271500,1627,2711,54285000,14001
0,3619,54285000,54286500,1627,2711,54300000,14002
0,362,5430000,5431500,1627,2711,5445000,1398
0,3620,54300000,54301500,1627,2711,54315000,14007
0,3621,54315000,54316500,1627,2711,54330000,14012
0,3622,54330000,54331500,1627,2711,54345000,14015
0,3623,54345000,54346500,1627,2711,54360000,14017
0,3624,54360000,54361500,1627,2711,54375000,14024
0,3625,54375000,54376500,1627,2711,54390000,14026
0,3626,54390000,54391500,1627,2711,54405000,14031
0,3627,54405000,54406500,1627,2711,54420000,14034
0,3628,54420000,54421500,1627,2711,54435000,14038
0,3629,54435000,54436500,1627,2711,54450000,14041
0,363,5445000,5446500,1627,2711,5460000,1401
0,3630,54450000,54451500,1627,2711,54465000,14047
0,3631,54465000,54466500,1627,2711,54480000,14049
0,3632,54480000,54481500,1627,2711,54495000,14054
0,3633,54495000,54496500,1627,2711,54510000,14058
0,3634,54510000,54511500,1627,2711,54525000,14061
0,3635,54525000,54526500,1627,2711,54540000,14064
0,3636,54540000,54541500,1627,2711,54555000,14071
0,3637,54555000,54556500,1627,2711,54570000,14074
0,3638,54570000,54571500,1627,2711,54585000,14076
0,3639,54585000,54586500,1627,2711,54600000,14078
0,364,5460000,5461500,1627,2711,5475000,1407
0,3640,54600000,54601500,1627,2711,54615000,14086
0,3641,54615000,54616500,1627,2711,54630000,14088
0,3642,54630000,54631500,1627,2711,54645000,14093
0,3643,54645000,54646500,1627,2711,54660000,14095
0,3644,54660000,54661500,1627,2711,54675000,14101
0,3645,54675000,54676500,1627,2711,54690000,14105
0,3646,54690000,54691500,1627,2711,54705000,14108
0,3647,54705000,54706500,1627,2711,54720000,14109
0,3648,54720000,54721500,1627,2711,54735000,14117
0,3649,54735000,54736500,1627,2711,54750000,14120
0,365,5475000,5476500,1627,2711,5490000,1410
0,3650,54750000,54751500,1627,2711,54765000,14124
0,3651,54765000,54766500,1627,2711,54780000,14126
0,3652,54780000,54781500,1627,2711,54795000,14130
0,3653,54795000,54796500,1627,2711,54810000,14135
0,3654,54810000,54811500,1627,2711,54825000,14140
0,3655,54825000,54826500,1627,2711,54840000,14141
0,3656,54840000,54841500,1627,2711,54855000,14147
0,3657,54855000,54856500,1627,2711,54870000,14151
0,3658,54870000,54871500,1627,2711,54885000,14155
0,3659,54885000,54886500,1627,2711,54900000,14156
0,366,5490000,5491500,1627,2711,5505000,1415
0,3660,54900000,54901500,1627,2711,54915000,14163
0,3661,54915000,54916500,1627,2711,54930000,14167
0,3662,54930000,54931500,1627,2711,54945000,14169
0,3663,54945000,54946500,1627,2711,54960000,14173
0,3664,54960000,54961500,1627,2711,54975000,14178
0,3665,54975000,54976500,1627,2711,54990000,14180
0,3666,54990000,54991500,1627,2711,55005000,14187
0,3667,55005000,55006500,1627,2711,55020000,14188
0,3668,55020000,55021500,1627,2711,55035000,14193
0,3669,55035000,55036500,1627,2711,55050000,14197
0,367,5505000,5506500,1627,2711,5520000,1416
0,3670,55050000,55051500,1627,2711,55065000,14201
0,3671,55065000,55066500,1627,2711,55080000,14202
0,3672,55080000,55081500,1627,2711,55095000,14210
0,3673,55095000,55096500,1627,2711,55110000,14213
0,3674,55110000,55111500,1627,2711,55125000,14217
0,3675,55125000,55126500,1627,2711,55140000,14219
0,3676,55140000,55141500,1627,2711,55155000,14224
0,3677,55155000,55156500,1627,2711,55170000,14228
0,3678,55170000,55171500,1627,2711,55185000,14232
0,3679,55185000,55186500,1627,2711,55200000,14234
0,368,5520000,5521500,1627,2711,5535000,1423
0,3680,55200000,55201500,1627,2711,55215000,14240
0,3681,55215000,55216500,1627,2711,55230000,14243
0,3682,55230000,55231500,1627,2711,55245000,14247
0,3683,55245000,55246500,1627,2711,55260000,14250
0,3684,55260000,55261500,1627,2711,55275000,14256
0,3685,55275000,55276500,1627,2711,55290000,14259
0,3686,55290000,55291500,1627,2711,55305000,14263
0,3687,55305000,55306500,1627,2711,55320000,14266
0,3688,55320000,55321500,1627,2711,55335000,14271
0,3689,55335000,55336500,1627,2711,55350000,14273
0,369,5535000,5536500,1627,2711,5550000,1426
0,3690,55350000,55351500,1627,2711,55365000,14279
0,3691,55365000,55366500,1627,2711,55380000,14281
0,3692,55380000,55381500,1627,2711,55395000,14286
0,3693,55395000,55396500,1627,2711,55410000,14291
0,3694,55410000,55411500,1627,2711,55425000,14293
0,3695,55425000,55426500,1627,2711,55440000,14294
0,3696,55440000,55441500,1627,2711,55455000,14304
0,3697,55455000,55456500,1627,2711,55470000,14306
0,3698,55470000,55471500,1627,2711,55485000,14309
0,3699,55485000,55486500,1627,2711,55500000,14311
0,37,555000,556500,1627,2711,570000,142
0,370,5550000,5551500,1627,2711,5565000,1430
0,3700,55500000,55501500,1627,2711,55515000,14318
0,3701,55515000,55516500,1627,2711,55530000,14321
0,3702,55530000,55531500,1627,2711,55545000,14325
0,3703,55545000,55546500,1627,2711,55560000,14327
0,3704,55560000,55561500,1627,2711,55575000,14332
0,3705,55575000,55576500,1627,2711,55590000,14337
0,3706,55590000,55591500,1627,2711,55605000,14341
0,3707,55605000,55606500,1627,2711,55620000,14342
0,3708,55620000,55621500,1627,2711,55635000,14348
0,3709,55635000,55636500,1627,2711,55650000,14352
0,371,5565000,5566500,1627,2711,5580000,1431
0,3710,55650000,55651500,1627,2711,55665000,14356
0,3711,55665000,55666500,1627,2711,55680000,14358
0,3712,55680000,55681500,1627,2711,55695000,14363
0,3713,55695000,55696500,1627,2711,55710000,14367
0,3714,55710000,55711500,1627,2711,55725000,14373
0,3715,55725000,55726500,1627,2711,55740000,14374
0,3716,55740000,55741500,1627,2711,55755000,14379
0,3717,55755000,55756500,1627,2711,55770000,14383
0,3718,55770000,55771500,1627,2711,55785000,14386
0,3719,55785000,55786500,1627,2711,55800000,14388
0,372,5580000,5581500,1627,2711,5595000,1438
0,3720,55800000,55801500,1627,2711,55815000,14396
0,3721,55815000,55816500,1627,2711,55830000,14398
0,3722,55830000,55831500,1627,2711,55845000,14402
0,3723,55845000,55846500,1627,2711,55860000,14405
0,3724,55860000,55861500,1627,2711,55875000,14410
0,3725,55875000,55876500,1627,2711,55890000,14413
0,3726,55890000,55891500,1627,2711,55905000,14419
0,3727,55905000,55906500,1627,2711,55920000,14420
0,3728,55920000,55921500,1627,2711,55935000,14426
0,3729,55935000,55936500,1627,2711,55950000,14429
0,373,5595000,5596500,1627,2711,5610000,1443
0,3730,55950000,55951500,1627,2711,55965000,14433
0,3731,55965000,55966500,1627,2711,55980000,14435
0,3732,55980000,55981500,1627,2711,55995000,14441
0,3733,55995000,55996500,1627,2711,56010000,14446
0,3734,56010000,56011500,1627,2711,56025000,14448
0,3735,56025000,56026500,1627,2711,56040000,14451
0,3736,56040000,56041500,1627,2711,56055000,14457
0,3737,56055000,56056500,1627,2711,56070000,14459
0,3738,56070000,56071500,1627,2711,56085000,14465
0,3739,56085000,56086500,1627,2711,56100000,14467
0,374,5610000,5611500,1627,2711,5625000,1445
0,3740,56100000,56101500,1627,2711,56115000,14472
0,3741,56115000,56116500,1627,2711,56130000,14476
0,3742,56130000,56131500,1627,2711,56145000,14479
0,3743,56145000,56146500,1627,2711,56160000,14481
0,3744,56160000,56161500,1627,2711,56175000,14489
0,3745,56175000,56176500,1627,2711,56190000,14491
0,3746,56190000,56191500,1627,2711,56205000,14495
0,3747,56205000,56206500,1627,2711,56220000,14498
0,3748,56220000,56221500,1627,2711,56235000,14503
0,3749,56235000,56236500,1627,2711,56250000,14506
0,375,5625000,5626500,1627,2711,5640000,1447
0,3750,56250000,56251500,1627,2711,56265000,14511
0,3751,56265000,56266500,1627,2711,56280000,14512
0,3752,56280000,56281500,1627,2711,56295000,14519
0,3753,56295000,56296500,1627,2711,56310000,14523
0,3754,56310000,56311500,1627,2711,56325000,14526
0,3755,56325000,56326500,1627,2711,56340000,14527
0,3756,56340000,56341500,1627,2711,56355000,14535
0,3757,56355000,56356500,1627,2711,56370000,14539
0,3758,56370000,56371500,1627,2711,56385000,14541
0,3759,56385000,56386500,1627,2711,56400000,14543
0,376,5640000,5641500,1627,2711,5655000,1453
0,3760,56400000,56401500,1627,2711,56415000,14549
0,3761,56415000,56416500,1627,2711,56430000,14553
0,3762,56430000,56431500,1627,2711,56445000,14558
0,3763,56445000,56446500,1627,2711,56460000,14560
0,3764,56460000,56461500,1627,2711,56475000,14564
0,3765,56475000,56476500,1627,2711,56490000,14569
0,3766,56490000,56491500,1627,2711,56505000,14573
0,3767,56505000,56506500,1627,2711,56520000,14574
0,3768,56520000,56521500,1627,2711,56535000,14581
0,3769,56535000,56536500,1627,2711,56550000,14583
0,377,5655000,5656500,1627,2711,5670000,1456
0,3770,56550000,56551500,1627,2711,56565000,14589
0,3771,56565000,56566500,1627,2711,56580000,14591
0,3772,56580000,56581500,1627,2711,56595000,14595
0,3773,56595000,56596500,1627,2711,56610000,14599
0,3774,56610000,56611500,1627,2711,56625000,14604
0,3775,56625000,56626500,1627,2711,56640000,14606
0,3776,56640000,56641500,1627,2711,56655000,14612
0,3777,56655000,56656500,1627,2711,56670000,14615
0,3778,56670000,56671500,1627,2711,56685000,14619
0,3779,56685000,56686500,1627,2711,56700000,14620
0,378,5670000,5671500,1627,2711,5685000,1462
0,3780,56700000,56701500,1627,2711,56715000,14628
0,3781,56715000,56716500,1627,2711,56730000,14631
0,3782,56730000,56731500,1627,2711,56745000,14633
0,3783,56745000,56746500,1627,2711,56760000,14637
0,3784,56760000,56761500,1627,2711,56775000,14643
0,3785,56775000,56776500,1627,2711,56790000,14645
0,3786,56790000,56791500,1627,2711,56805000,14651
0,3787,56805000,56806500,1627,2711,56820000,14653
0,3788,56820000,56821500,1627,2711,56835000,14657
0,3789,56835000,56836500,1627,2711,56850000,14662
0,379,5685000,5686500,1627,2711,5700000,1463
0,3790,56850000,56851500,1627,2711,56865000,14665
0,3791,56865000,56866500,1627,2711,56880000,14667
0,3792,56880000,56881500,1627,2711,56895000,14674
0,3793,56895000,56896500,1627,2711,56910000,14677
0,3794,56910000,56911500,1627,2711,56925000,14681
0,3795,56925000,56926500,1627,2711,56940000,14683
0,3796,56940000,56941500,1627,2711,56955000,14689
0,3797,56955000,56956500,1627,2711,56970000,14692
0,3798,56970000,56971500,1627,2711,56985000,14697
0,3799,56985000,56986500,1627,2711,57000000,14698
0,38,570000,571500,1627,2711,585000,144
0,380,5700000,5701500,1627,2711,5715000,1468
0,3800,57000000,57001500,1627,2711,57015000,14705
0,3801,57015000,57016500,1627,2711,57030000,14708
0,3802,57030000,57031500,1627,2711,57045000,14711
0,3803,57045000,57046500,1627,2711,57060000,14714
0,3804,57060000,57061500,1627,2711,57075000,14721
0,3805,57075000,57076500,1627,2711,57090000,14724
0,3806,57090000,57091500,1627,2711,57105000,14727
0,3807,57105000,57106500,1627,2711,57120000,14729
0,3808,57120000,57121500,1627,2711,57135000,14735
0,3809,57135000,57136500,1627,2711,57150000,14738
0,381,5715000,5716500,1627,2711,5730000,1473
0,3810,57150000,57151500,1627,2711,57165000,14744
0,3811,57165000,57166500,1627,2711,57180000,14745
0,3812,57180000,57181500,1627,2711,57195000,14750
0,3813,57195000,57196500,1627,2711,57210000,14756
0,3814,57210000,57211500,1627,2711,57225000,14758
0,3815,57225000,57226500,1627,2711,57240000,14759
0,3816,57240000,57241500,1627,2711,57255000,14767
0,3817,57255000,57256500,1627,2711,57270000,14771
0,3818,57270000,57271500,1627,2711,57285000,14774
0,3819,57285000,57286500,1627,2711,57300000,14776
0,382,5730000,5731500,1627,2711,5745000,1476
0,3820,57300000,57301500,1627,2711,57315000,14781
0,3821,57315000,57316500,1627,2711,57330000,14784
0,3822,57330000,57331500,1627,2711,57345000,14790
0,3823,57345000,57346500,1627,2711,57360000,14792
0,3824,57360000,57361500,1627,2711,57375000,14797
0,3825,57375000,57376500,1627,2711,57390000,14800
0,3826,57390000,57391500,1627,2711,57405000,14806
0,3827,57405000,57406500,1627,2711,57420000,14807
0,3828,57420000,57421500,1627,2711,57435000,14813
0,3829,57435000,57436500,1627,2711,57450000,14816
0,383,5745000,5746500,1627,2711,5760000,1478
0,3830,57450000,57451500,1627,2711,57465000,14820
0,3831,57465000,57466500,1627,2711,57480000,14823
0,3832,57480000,57481500,1627,2711,57495000,14828
0,3833,57495000,57496500,1627,2711,57510000,14831
0,3834,57510000,57511500,1627,2711,57525000,14836
0,3835,57525000,57526500,1627,2711,57540000,14838
0,3836,57540000,57541500,1627,2711,57555000,14844
0,3837,57555000,57556500,1627,2711,57570000,14848
0,3838,57570000,57571500,1627,2711,57585000,14850
0,3839,57585000,57586500,1627,2711,57600000,14852
0,384,5760000,5761500,1627,2711,5775000,1485
0,3840,57600000,57601500,1627,2711,57615000,14861
0,3841,57615000,57616500,1627,2711,57630000,14863
0,3842,57630000,57631500,1627,2711,57645000,14866
0,3843,57645000,57646500,1627,2711,57660000,14870
0,3844,57660000,57661500,1627,2711,57675000,14874
0,3845,57675000,57676500,1627,2711,57690000,14878
0,3846,57690000,57691500,1627,2711,57705000,14883
0,3847,57705000,57706500,1627,2711,57720000,14884
0,3848,57720000,57721500,1627,2711,57735000,14890
0,3849,57735000,57736500,1627,2711,57750000,14893
0,385,5775000,5776500,1627,2711,5790000,1488
0,3850,57750000,57751500,1627,2711,57765000,14898
0,3851,57765000,57766500,1627,2711,57780000,14899
0,3852,57780000,57781500,1627,2711,57795000,14906
0,3853,57795000,57796500,1627,2711,57810000,14910
0,3854,57810000,57811500,1627,2711,57825000,14913
0,3855,57825000,57826500,1627,2711,57840000,14915
0,3856,57840000,57841500,1627,2711,57855000,14922
0,3857,57855000,57856500,1627,2711,57870000,14924
0,3858,57870000,57871500,1627,2711,57885000,14929
0,3859,57885000,57886500,1627,2711,57900000,14931
0,386,5790000,5791500,1627,2711,5805000,1492
0,3860,57900000,57901500,1627,2711,57915000,14936
0,3861,57915000,57916500,1627,2711,57930000,14941
0,3862,57930000,57931500,1627,2711,57945000,14943
0,3863,57945000,57946500,1627,2711,57960000,14945
0,3864,57960000,57961500,1627,2711,57975000,14953
0,3865,57975000,57976500,1627,2711,57990000,14956
0,3866,57990000,57991500,1627,2711,58005000,14960
0,3867,58005000,58006500,1627,2711,58020000,14962
0,3868,58020000,58021500,1627,2711,58035000,14967
0,3869,58035000,58036500,1627,2711,58050000,14971
0,387,5805000,5806500,1627,2711,5820000,1495
0,3870,58050000,58051500,1627,2711,58065000,14976
0,3871,58065000,58066500,1627,2711,58080000,14977
0,3872,58080000,58081500,1627,2711,58095000,14982
0,3873,58095000,58096500,1627,2711,58110000,14987
0,3874,58110000,58111500,1627,2711,58125000,14991
0,3875,58125000,58126500,1627,2711,58140000,14992
0,3876,58140000,58141500,1627,2711,58155000,14999
0,3877,58155000,58156500,1627,2711,58170000,15002
0,3878,58170000,58171500,1627,2711,58185000,15006
0,3879,58185000,58186500,1627,2711,58200000,15008
0,388,5820000,5821500,1627,2711,5835000,1499
0,3880,58200000,58201500,1627,2711,58215000,15014
0,3881,58215000,58216500,1627,2711,58230000,15016
0,3882,58230000,58231500,1627,2711,58245000,15023
0,3883,58245000,58246500,1627,2711,58260000,15025
0,3884,58260000,58261500,1627,2711,58275000,15029
0,3885,58275000,58276500,1627,2711,58290000,15033
0,3886,58290000,58291500,1627,2711,58305000,15036
0,3887,58305000,58306500,1627,2711,58320000,15039
0,3888,58320000,58321500,1627,2711,58335000,15046
0,3889,58335000,58336500,1627,2711,58350000,15048
0,389,5835000,5836500,1627,2711,5850000,1502
0,3890,58350000,58351500,1627,2711,58365000,15052
0,3891,58365000,58366500,1627,2711,58380000,15055
0,3892,58380000,58381500,1627,2711,58395000,15060
0,3893,58395000,58396500,1627,2711,58410000,15064
0,3894,58410000,58411500,1627,2711,58425000,15068
0,3895,58425000,58426500,1627,2711,58440000,15070
0,3896,58440000,58441500,1627,2711,58455000,15077
0,3897,58455000,58456500,1627,2711,58470000,15080
0,3898,58470000,58471500,1627,2711,58485000,15083
0,3899,58485000,58486500,1627,2711,58500000,15084
0,39,585000,586500,1627,2711,600000,147
0,390,5850000,5851500,1627,2711,5865000,1508
0,3900,58500000,58501500,1627,2711,58515000,15092
0,3901,58515000,58516500,1627,2711,58530000,15096
0,3902,58530000,58531500,1627,2711,58545000,15098
0,3903,58545000,58546500,1627,2711,58560000,15101
0,3904,58560000,58561500,1627,2711,58575000,15107
0,3905,58575000,58576500,1627,2711,58590000,15109
0,3906,58590000,58591500,1627,2711,58605000,15116
0,3907,58605000,58606500,1627,2711,58620000,15117
0,3908,58620000,58621500,1627,2711,58635000,15122
0,3909,58635000,58636500,1627,2711,58650000,15126
0,391,5865000,5866500,1627,2711,5880000,1509
0,3910,58650000,58651500,1627,2711,58665000,15130
0,3911,58665000,58666500,1627,2711,58680000,15131
0,3912,58680000,58681500,1627,2711,58695000,15138
0,3913,58695000,58696500,1627,2711,58710000,15142
0,3914,58710000,58711500,1627,2711,58725000,15145
0,3915,58725000,58726500,1627,2711,58740000,15148
0,3916,58740000,58741500,1627,2711,58755000,15153
0,3917,58755000,58756500,1627,2711,58770000,15157
0,3918,58770000,58771500,1627,2711,58785000,15161
0,3919,58785000,58786500,1627,2711,58800000,15162
0,392,5880000,5881500,1627,2711,5895000,1515
0,3920,58800000,58801500,1627,2711,58815000,15169
0,3921,58815000,58816500,1627,2711,58830000,15173
0,3922,58830000,58831500,1627,2711,58845000,15176
0,3923,58845000,58846500,1627,2711,58860000,15178
0,3924,58860000,58861500,1627,2711,58875000,15185
0,3925,58875000,58876500,1627,2711,58890000,15188
0,3926,58890000,58891500,1627,2711,58905000,15192
0,3927,58905000,58906500,1627,2711,58920000,15194
0,3928,58920000,58921500,1627,2711,58935000,15199
0,3929,58935000,58936500,1627,2711,58950000,15202
0,393,5895000,5896500,1627,2711,5910000,1519
0,3930,58950000,58951500,1627,2711,58965000,15209
0,3931,58965000,58966500,1627,2711,58980000,15210
0,3932,58980000,58981500,1627,2711,58995000,15214
0,3933,58995000,58996500,1627,2711,59010000,15219
0,3934,59010000,59011500,1627,2711,59025000,15223
0,3935,59025000,59026500,1627,2711,59040000,15224
0,3936,59040000,59041500,1627,2711,59055000,15232
0,3937,59055000,59056500,1627,2711,59070000,15234
0,3938,59070000,59071500,1627,2711,59085000,15238
0,3939,59085000,59086500,1627,2711,59100000,15241
0,394,5910000,5911500,1627,2711,5925000,1523
0,3940,59100000,59101500,1627,2711,59115000,15246
0,3941,59115000,59116500,1627,2711,59130000,15249
0,3942,59130000,59131500,1627,2711,59145000,15253
0,3943,59145000,59146500,1627,2711,59160000,15257
0,3944,59160000,59161500,1627,2711,59175000,15262
0,3945,59175000,59176500,1627,2711,59190000,15265
0,3946,59190000,59191500,1627,2711,59205000,15269
0,3947,59205000,59206500,1627,2711,59220000,15271
0,3948,59220000,59221500,1627,2711,59235000,15278
0,3949,59235000,59236500,1627,2711,59250000,15281
0,395,5925000,5926500,1627,2711,5940000,1524
0,3950,59250000,59251500,1627,2711,59265000,15284
0,3951,59265000,59266500,1627,2711,59280000,15286
0,3952,59280000,59281500,1627,2711,59295000,15293
0,3953,59295000,59296500,1627,2711,59310000,15296
0,3954,59310000,59311500,1627,2711,59325000,15301
0,3955,59325000,59326500,1627,2711,59340000,15302
0,3956,59340000,59341500,1627,2711,59355000,15308
0,3957,59355000,59356500,1627,2711,59370000,15313
0,3958,59370000,59371500,1627,2711,59385000,15315
0,3959,59385000,59386500,1627,2711,59400000,15316
0,396,5940000,5941500,1627,2711,5955000,1532
0,3960,59400000,59401500,1627,2711,59415000,15325
0,3961,59415000,59416500,1627,2711,59430000,15327
0,3962,59430000,59431500,1627,2711,59445000,15331
0,3963,59445000,59446500,1627,2711,59460000,15334
0,3964,59460000,59461500,1627,2711,59475000,15338
0,3965,59475000,59476500,1627,2711,59490000,15342
0,3966,59490000,59491500,1627,2711,59505000,15348
0,3967,59505000,59506500,1627,2711,59520000,15349
0,3968,59520000,59521500,1627,2711,59535000,15354
0,3969,59535000,59536500,1627,2711,59550000,15358
0,397,5955000,5956500,1627,2711,5970000,1535
0,3970,59550000,59551500,1627,2711,59565000,15362
0,3971,59565000,59566500,1627,2711,59580000,15364
0,3972,59580000,59581500,1627,2711,59595000,15370
0,3973,59595000,59596500,1627,2711,59610000,15375
0,3974,59610000,59611500,1627,2711,59625000,15377
0,3975,59625000,59626500,1627,2711,59640000,15379
0,3976,59640000,59641500,1627,2711,59655000,15386
0,3977,59655000,59656500,1627,2711,59670000,15388
0,3978,59670000,59671500,1627,2711,59685000,15394
0,3979,59685000,59686500,1627,2711,59700000,15395
0,398,5970000,5971500,1627,2711,5985000,1538
0,3980,59700000,59701500,1627,2711,59715000,15401
0,3981,59715000,59716500,1627,2711,59730000,15405
0,3982,59730000,59731500,1627,2711,59745000,15408
0,3983,59745000,59746500,1627,2711,59760000,15410
0,3984,59760000,59761500,1627,2711,59775000,15417
0,3985,59775000,59776500,1627,2711,59790000,15420
0,3986,59790000,59791500,1627,2711,59805000,15425
0,3987,59805000,59806500,1627,2711,59820000,15427
0,3988,59820000,59821500,1627,2711,59835000,15431
0,3989,59835000,59836500,1627,2711,59850000,15434
0,399,5985000,5986500,1627,2711,6000000,1540
0,3990,59850000,59851500,1627,2711,59865000,15440
0,3991,59865000,59866500,1627,2711,59880000,15442
0,3992,59880000,59881500,1627,2711,59895000,15447
0,3993,59895000,59896500,1627,2711,59910000,15451
0,3994,59910000,59911500,1627,2711,59925000,15455
0,3995,59925000,59926500,1627,2711,59940000,15457
0,3996,59940000,59941500,1627,2711,59955000,15464
0,3997,59955000,59956500,1627,2711,59970000,15467
0,3998,59970000,59971500,1627,2711,59985000,15469
0,3999,59985000,59986500,1627,2711,60000000,15473
0,4,60000,61500,1627,2711,75000,14
0,40,600000,601500,1627,2711,615000,153
0,400,6000000,6001500,1627,2711,6015000,1546
0,4000,60000000,60001500,1627,2711,60015000,15479
0,4001,60015000,60016500,1627,2711,60030000,15481
0,4002,60030000,60031500,1627,2711,60045000,15486
0,4003,60045000,60046500,1627,2711,60060000,15488
0,4004,60060000,60061500,1627,2711,60075000,15494
0,4005,60075000,60076500,1627,2711,60090000,15498
0,4006,60090000,60091500,1627,2711,60105000,15501
0,4007,60105000,60106500,1627,2711,60120000,15502
0,4008,60120000,60121500,1627,2711,60135000,15511
0,4009,60135000,60136500,1627,2711,60150000,15513
0,401,6015000,6016500,1627,2711,6030000,1549
0,4010,60150000,60151500,1627,2711,60165000,15517
0,4011,60165000,60166500,1627,2711,60180000,15519
0,4012,60180000,60181500,1627,2711,60195000,15524
0,4013,60195000,60196500,1627,2711,60210000,15529
0,4014,60210000,60211500,1627,2711,60225000,15533
0,4015,60225000,60226500,1627,2711,60240000,15534
0,4016,60240000,60241500,1627,2711,60255000,15540
0,4017,60255000,60256500,1627,2711,60270000,15544
0,4018,60270000,60271500,1627,2711,60285000,15548
0,4019,60285000,60286500,1627,2711,60300000,15549
0,402,6030000,6031500,1627,2711,6045000,1554
0,4020,60300000,60301500,1627,2711,60315000,15556
0,4021,60315000,60316500,1627,2711,60330000,15560
0,4022,60330000,60331500,1627,2711,60345000,15563
0,4023,60345000,60346500,1627,2711,60360000,15566
0,4024,60360000,60361500,1627,2711,60375000,15571
0,4025,60375000,60376500,1627,2711,60390000,15574
0,4026,60390000,60391500,1627,2711,60405000,15580
0,4027,60405000,60406500,1627,2711,60420000,15582
0,4028,60420000,60421500,1627,2711,60435000,15586
0,4029,60435000,60436500,1627,2711,60450000,15590
0,403,6045000,6046500,1627,2711,6060000,1557
0,4030,60450000,60451500,1627,2711,60465000,15594
0,4031,60465000,60466500,1627,2711,60480000,15595
0,4032,60480000,60481500,1627,2711,60495000,15603
0,4033,60495000,60496500,1627,2711,60510000,15606
0,4034,60510000,60511500,1627,2711,60525000,15610
0,4035,60525000,60526500,1627,2711,60540000,15612
0,4036,60540000,60541500,1627,2711,60555000,15618
0,4037,60555000,60556500,1627,2711,60570000,15621
0,4038,60570000,60571500,1627,2711,60585000,15626
0,4039,60585000,60586500,1627,2711,60600000,15627
0,404,6060000,6061500,1627,2711,6075000,1561
0,4040,60600000,60601500,1627,2711,60615000,15633
0,4041,60615000,60616500,1627,2711,60630000,15637
0,4042,60630000,60631500,1627,2711,60645000,15640
0,4043,60645000,60646500,1627,2711,60660000,15643
0,4044,60660000,60661500,1627,2711,60675000,15649
0,4045,60675000,60676500,1627,2711,60690000,15652
0,4046,60690000,60691500,1627,2711,60705000,15656
0,4047,60705000,60706500,1627,2711,60720000,15659
0,4048,60720000,60721500,1627,2711,60735000,15664
0,4049,60735000,60736500,1627,2711,60750000,15666
0,405,6075000,6076500,1627,2711,6090000,1565
0,4050,60750000,60751500,1627,2711,60765000,15673
0,4051,60765000,60766500,1627,2711,60780000,15675
0,4052,60780000,60781500,1627,2711,60795000,15679
0,4053,60795000,60796500,1627,2711,60810000,15684
0,4054,60810000,60811500,1627,2711,60825000,15686
0,4055,60825000,60826500,1627,2711,60840000,15688
0,4056,60840000,60841500,1627,2711,60855000,15697
0,4057,60855000,60856500,1627,2711,60870000,15699
0,4058,60870000,60871500,1627,2711,60885000,15702
0,4059,60885000,60886500,1627,2711,60900000,15704
0,406,6090000,6091500,1627,2711,6105000,1569
0,4060,60900000,60901500,1627,2711,60915000,15711
0,4061,60915000,60916500,1627,2711,60930000,15714
0,4062,60930000,60931500,1627,2711,60945000,15718
0,4063,60945000,60946500,1627,2711,60960000,15720
0,4064,60960000,60961500,1627,2711,60975000,15727
0,4065,60975000,60976500,1627,2711,60990000,15730
0,4066,60990000,60991500,1627,2711,61005000,15734
0,4067,61005000,61006500,1627,2711,61020000,15735
0,4068,61020000,61021500,1627,2711,61035000,15741
0,4069,61035000,61036500,1627,2711,61050000,15746
0,407,6105000,6106500,1627,2711,6120000,1571
0,4070,61050000,61051500,1627,2711,61065000,15749
0,4071,61065000,61066500,1627,2711,61080000,15751
0,4072,61080000,61081500,1627,2711,61095000,15756
0,4073,61095000,61096500,1627,2711,61110000,15760
0,4074,61110000,61111500,1627,2711,61125000,15766
0,4075,61125000,61126500,1627,2711,61140000,15767
0,4076,61140000,61141500,1627,2711,61155000,15772
0,4077,61155000,61156500,1627,2711,61170000,15777
0,4078,61170000,61171500,1627,2711,61185000,15780
0,4079,61185000,61186500,1627,2711,61200000,15781
0,408,6120000,6121500,1627,2711,6135000,1578
0,4080,61200000,61201500,1627,2711,61215000,15789
0,4081,61215000,61216500,1627,2711,61230000,15791
0,4082,61230000,61231500,1627,2711,61245000,15795
0,4083,61245000,61246500,1627,2711,61260000,15799
0,4084,61260000,61261500,1627,2711,61275000,15803
0,4085,61275000,61276500,1627,2711,61290000,15806
0,4086,61290000,61291500,1627,2711,61305000,15812
0,4087,61305000,61306500,1627,2711,61320000,15813
0,4088,61320000,61321500,1627,2711,61335000,15819
0,4089,61335000,61336500,1627,2711,61350000,15822
0,409,6135000,6136500,1627,2711,6150000,1580
0,4090,61350000,61351500,1627,2711,61365000,15827
0,4091,61365000,61366500,1627,2711,61380000,15828
0,4092,61380000,61381500,1627,2711,61395000,15835
0,4093,61395000,61396500,1627,2711,61410000,15839
0,4094,61410000,61411500,1627,2711,61425000,15841
0,4095,61425000,61426500,1627,2711,61440000,15844
0,4096,61440000,61441500,1627,2711,61455000,15850
0,4097,61455000,61456500,1627,2711,61470000,15853
0,4098,61470000,61471500,1627,2711,61485000,15858
0,4099,61485000,61486500,1627,2711,61500000,15860
0,41,615000,616500,1627,2711,630000,155
0,410,6150000,6151500,1627,2711,6165000,1585
0,4100,61500000,61501500,1627,2711,61515000,15865
0,4101,61515000,61516500,1627,2711,61530000,15869
0,4102,61530000,61531500,1627,2711,61545000,15872
0,4103,61545000,61546500,1627,2711,61560000,15875
0,4104,61560000,61561500,1627,2711,61575000,15882
0,4105,61575000,61576500,1627,2711,61590000,15884
0,4106,61590000,61591500,1627,2711,61605000,15889
0,4107,61605000,61606500,1627,2711,61620000,15891
0,4108,61620000,61621500,1627,2711,61635000,15896
0,4109,61635000,61636500,1627,2711,61650000,15899
0,411,6165000,6166500,1627,2711,6180000,1588
0,4110,61650000,61651500,1627,2711,61665000,15904
0,4111,61665000,61666500,1627,2711,61680000,15906
0,4112,61680000,61681500,1627,2711,61695000,15912
0,4113,61695000,61696500,1627,2711,61710000,15916
0,4114,61710000,61711500,1627,2711,61725000,15919
0,4115,61725000,61726500,1627,2711,61740000,15920
0,4116,61740000,61741500,1627,2711,61755000,15929
0,4117,61755000,61756500,1627,2711,61770000,15932
0,4118,61770000,61771500,1627,2711,61785000,15934
0,4119,61785000,61786500,1627,2711,61800000,15936
0,412,6180000,6181500,1627,2711,6195000,1592
0,4120,61800000,61801500,1627,2711,61815000,15943
0,4121,61815000,61816500,1627,2711,61830000,15946
0,4122,61830000,61831500,1627,2711,61845000,15951
0,4123,61845000,61846500,1627,2711,61860000,15953
0,4124,61860000,61861500,1627,2711,61875000,15957
0,4125,61875000,61876500,1627,2711,61890000,15963
0,4126,61890000,61891500,1627,2711,61905000,15966
0,4127,61905000,61906500,1627,2711,61920000,15967
0,4128,61920000,61921500,1627,2711,61935000,15974
0,4129,61935000,61936500,1627,2711,61950000,15977
0,413,6195000,6196500,1627,2711,6210000,1596
0,4130,61950000,61951500,1627,2711,61965000,15982
0,4131,61965000,61966500,1627,2711,61980000,15984
0,4132,61980000,61981500,1627,2711,61995000,15988
0,4133,61995000,61996500,1627,2711,62010000,15992
0,4134,62010000,62011500,1627,2711,62025000,15998
0,4135,62025000,62026500,1627,2711,62040000,15999
0,4136,62040000,62041500,1627,2711,62055000,16005
0,4137,62055000,62056500,1627,2711,62070000,16008
0,4138,62070000,62071500,1627,2711,62085000,16012
0,4139,62085000,62086500,1627,2711,62100000,16014
0,414,6210000,6211500,1627,2711,6225000,1600
0,4140,62100000,62101500,1627,2711,62115000,16021
0,4141,62115000,62116500,1627,2711,62130000,16024
0,4142,62130000,62131500,1627,2711,62145000,16027
0,4143,62145000,62146500,1627,2711,62160000,16030
0,4144,62160000,62161500,1627,2711,62175000,16036
0,4145,62175000,62176500,1627,2711,62190000,16038
0,4146,62190000,62191500,1627,2711,62205000,16044
0,4147,62205000,62206500,1627,2711,62220000,16046
0,4148,62220000,62221500,1627,2711,62235000,16051
0,4149,62235000,62236500,1627,2711,62250000,16055
0,415,6225000,6226500,1627,2711,6240000,1602
0,4150,62250000,62251500,1627,2711,62265000,16058
0,4151,62265000,62266500,1627,2711,62280000,16060
0,4152,62280000,62281500,1627,2711,62295000,16067
0,4153,62295000,62296500,1627,2711,62310000,16071
0,4154,62310000,62311500,1627,2711,62325000,16074
0,4155,62325000,62326500,1627,2711,62340000,16077
0,4156,62340000,62341500,1627,2711,62355000,16082
0,4157,62355000,62356500,1627,2711,62370000,16085
0,4158,62370000,62371500,1627,2711,62385000,16090
0,4159,62385000,62386500,1627,2711,62400000,16091
0,416,6240000,6241500,1627,2711,6255000,1609
0,4160,62400000,62401500,1627,2711,62415000,16098
0,4161,62415000,62416500,1627,2711,62430000,16101
0,4162,62430000,62431500,1627,2711,62445000,16105
0,4163,62445000,62446500,1627,2711,62460000,16107
0,4164,62460000,62461500,1627,2711,62475000,16114
0,4165,62475000,62476500,1627,2711,62490000,16117
0,4166,62490000,62491500,1627,2711,62505000,16120
0,4167,62505000,62506500,1627,2711,62520000,16123
0,4168,62520000,62521500,1627,2711,62535000,16129
0,4169,62535000,62536500,1627,2711,62550000,16131
0,417,6255000,6256500,1627,2711,6270000,1612
0,4170,62550000,62551500,1627,2711,62565000,16137
0,4171,62565000,62566500,1627,2711,62580000,16138
0,4172,62580000,62581500,1627,2711,62595000,16143
0,4173,62595000,62596500,1627,2711,62610000,16149
0,4174,62610000,62611500,1627,2711,62625000,16151
0,4175,62625000,62626500,1627,2711,62640000,16152
0,4176,62640000,62641500,1627,2711,62655000,16161
0,4177,62655000,62656500,1627,2711,62670000,16164
0,4178,62670000,62671500,1627,2711,62685000,16167
0,4179,62685000,62686500,1627,2711,62700000,16169
0,418,6270000,6271500,1627,2711,6285000,1615
0,4180,62700000,62701500,1627,2711,62715000,16174
0,4181,62715000,62716500,1627,2711,62730000,16179
0,4182,62730000,62731500,1627,2711,62745000,16183
0,4183,62745000,62746500,1627,2711,62760000,16185
0,4184,62760000,62761500,1627,2711,62775000,16190
0,4185,62775000,62776500,1627,2711,62790000,16193
0,4186,62790000,62791500,1627,2711,62805000,16199
0,4187,62805000,62806500,1627,2711,62820000,16200
0,4188,62820000,62821500,1627,2711,62835000,16206
0,4189,62835000,62836500,1627,2711,62850000,16209
0,419,6285000,6286500,1627,2711,6300000,1616
0,4190,62850000,62851500,1627,2711,62865000,16214
0,4191,62865000,62866500,1627,2711,62880000,16216
0,4192,62880000,62881500,1627,2711,62895000,16221
0,4193,62895000,62896500,1627,2711,62910000,16224
0,4194,62910000,62911500,1627,2711,62925000,16230
0,4195,62925000,62926500,1627,2711,62940000,16232
0,4196,62940000,62941500,1627,2711,62955000,16237
0,4197,62955000,62956500,1627,2711,62970000,16241
0,4198,62970000,62971500,1627,2711,62985000,16243
0,4199,62985000,62986500,1627,2711,63000000,16245
0,42,630000,631500,1627,2711,645000,161
0,420,6300000,6301500,1627,2711,6315000,1625
0,4200,63000000,63001500,1627,2711,63015000,16254
0,4201,63015000,63016500,1627,2711,63030000,16256
0,4202,63030000,63031500,1627,2711,63045000,16259
0,4203,63045000,63046500,1627,2711,63060000,16263
0,4204,63060000,63061500,1627,2711,63075000,16268
0,4205,63075000,63076500,1627,2711,63090000,16271
0,4206,63090000,63091500,1627,2711,63105000,16276
0,4207,63105000,63106500,1627,2711,63120000,16278
0,4208,63120000,63121500,1627,2711,63135000,16283
0,4209,63135000,63136500,1627,2711,63150000,16287
0,421,6315000,6316500,1627,2711,6330000,1628
0,4210,63150000,63151500,1627,2711,63165000,16291
0,4211,63165000,63166500,1627,2711,63180000,16292
0,4212,63180000,63181500,1627,2711,63195000,16299
0,4213,63195000,63196500,1627,2711,63210000,16303
0,4214,63210000,63211500,1627,2711,63225000,16306
0,4215,63225000,63226500,1627,2711,63240000,16308
0,4216,63240000,63241500,1627,2711,63255000,16315
0,4217,63255000,63256500,1627,2711,63270000,16317
0,4218,63270000,63271500,1627,2711,63285000,16323
0,4219,63285000,63286500,1627,2711,63300000,16324
0,422,6330000,6331500,1627,2711,6345000,1630
0,4220,63300000,63301500,1627,2711,63315000,16330
0,4221,63315000,63316500,1627,2711,63330000,16334
0,4222,63330000,63331500,1627,2711,63345000,16336
0,4223,63345000,63346500,1627,2711,63360000,16339
0,4224,63360000,63361500,1627,2711,63375000,16346
0,4225,63375000,63376500,1627,2711,63390000,16349
0,4226,63390000,63391500,1627,2711,63405000,16353
0,4227,63405000,63406500,1627,2711,63420000,16355
0,4228,63420000,63421500,1627,2711,63435000,16360
0,4229,63435000,63436500,1627,2711,63450000,16364
0,423,6345000,6346500,1627,2711,6360000,1633
0,4230,63450000,63451500,1627,2711,63465000,16369
0,4231,63465000,63466500,1627,2711,63480000,16370
0,4232,63480000,63481500,1627,2711,63495000,16376
0,4233,63495000,63496500,1627,2711,63510000,16381
0,4234,63510000,63511500,1627,2711,63525000,16384
0,4235,63525000,63526500,1627,2711,63540000,16385
0,4236,63540000,63541500,1627,2711,63555000,16392
0,4237,63555000,63556500,1627,2711,63570000,16396
0,4238,63570000,63571500,1627,2711,63585000,16399
0,4239,63585000,63586500,1627,2711,63600000,16401
0,424,6360000,6361500,1627,2711,6375000,1640
0,4240,63600000,63601500,1627,2711,63615000,16407
0,4241,63615000,63616500,1627,2711,63630000,16409
0,4242,63630000,63631500,1627,2711,63645000,16416
0,4243,63645000,63646500,1627,2711,63660000,16418
0,4244,63660000,63661500,1627,2711,63675000,16422
0,4245,63675000,63676500,1627,2711,63690000,16426
0,4246,63690000,63691500,1627,2711,63705000,16431
0,4247,63705000,63706500,1627,2711,63720000,16432
0,4248,63720000,63721500,1627,2711,63735000,16439
0,4249,63735000,63736500,1627,2711,63750000,16441
0,425,6375000,6376500,1627,2711,6390000,1642
0,4250,63750000,63751500,1627,2711,63765000,16445
0,4251,63765000,63766500,1627,2711,63780000,16449
0,4252,63780000,63781500,1627,2711,63795000,16453
0,4253,63795000,63796500,1627,2711,63810000,16457
0,4254,63810000,63811500,1627,2711,63825000,16461
0,4255,63825000,63826500,1627,2711,63840000,16463
0,4256,63840000,63841500,1627,2711,63855000,16470
0,4257,63855000,63856500,1627,2711,63870000,16473
0,4258,63870000,63871500,1627,2711,63885000,16476
0,4259,63885000,63886500,1627,2711,63900000,16478
0,426,6390000,6391500,1627,2711,6405000,1648
0,4260,63900000,63901500,1627,2711,63915000,16486
0,4261,63915000,63916500,1627,2711,63930000,16489
0,4262,63930000,63931500,1627,2711,63945000,16491
0,4263,63945000,63946500,1627,2711,63960000,16494
0,4264,63960000,63961500,1627,2711,63975000,16500
0,4265,63975000,63976500,1627,2711,63990000,16503
0,4266,63990000,63991500,1627,2711,64005000,16509
0,4267,64005000,64006500,1627,2711,64020000,16510
0,4268,64020000,64021500,1627,2711,64035000,16515
0,4269,64035000,64036500,1627,2711,64050000,16519
0,427,6405000,6406500,1627,2711,6420000,1649
0,4270,64050000,64051500,1627,2711,64065000,16523
0,4271,64065000,64066500,1627,2711,64080000,16524
0,4272,64080000,64081500,1627,2711,64095000,16532
0,4273,64095000,64096500,1627,2711,64110000,16535
0,4274,64110000,64111500,1627,2711,64125000,16539
0,4275,64125000,64126500,1627,2711,64140000,16541
0,4276,64140000,64141500,1627,2711,64155000,16546
0,4277,64155000,64156500,1627,2711,64170000,16550
0,4278,64170000,64171500,1627,2711,64185000,16554
0,4279,64185000,64186500,1627,2711,64200000,16556
0,428,6420000,6421500,1627,2711,6435000,1653
0,4280,64200000,64201500,1627,2711,64215000,16562
0,4281,64215000,64216500,1627,2711,64230000,16566
0,4282,64230000,64231500,1627,2711,64245000,16569
0,4283,64245000,64246500,1627,2711,64260000,16571
0,4284,64260000,64261500,1627,2711,64275000,16578
0,4285,64275000,64276500,1627,2711,64290000,16582
0,4286,64290000,64291500,1627,2711,64305000,16585
0,4287,64305000,64306500,1627,2711,64320000,16587
0,4288,64320000,64321500,1627,2711,64335000,16593
0,4289,64335000,64336500,1627,2711,64350000,16595
0,429,6435000,6436500,1627,2711,6450000,1659
0,4290,64350000,64351500,1627,2711,64365000,16602
0,4291,64365000,64366500,1627,2711,64380000,16603
0,4292,64380000,64381500,1627,2711,64395000,16607
0,4293,64395000,64396500,1627,2711,64410000,16613
0,4294,64410000,64411500,1627,2711,64425000,16616
0,4295,64425000,64426500,1627,2711,64440000,16617
0,4296,64440000,64441500,1627,2711,64455000,16625
0,4297,64455000,64456500,1627,2711,64470000,16627
0,4298,64470000,64471500,1627,2711,64485000,16632
0,4299,64485000,64486500,1627,2711,64500000,16634
0,43,645000,646500,1627,2711,660000,164
0,430,6450000,6451500,1627,2711,6465000,1662
0,4300,64500000,64501500,1627,2711,64515000,16639
0,4301,64515000,64516500,1627,2711,64530000,16642
0,4302,64530000,64531500,1627,2711,64545000,16647
0,4303,64545000,64546500,1627,2711,64560000,16650
0,4304,64560000,64561500,1627,2711,64575000,16655
0,4305,64575000,64576500,1627,2711,64590000,16658
0,4306,64590000,64591500,1627,2711,64605000,16662
0,4307,64605000,64606500,1627,2711,64620000,16665
0,4308,64620000,64621500,1627,2711,64635000,16671
0,4309,64635000,64636500,1627,2711,64650000,16674
0,431,6465000,6466500,1627,2711,6480000,1663
0,4310,64650000,64651500,1627,2711,64665000,16677
0,4311,64665000,64666500,1627,2711,64680000,16680
0,4312,64680000,64681500,1627,2711,64695000,16686
0,4313,64695000,64696500,1627,2711,64710000,16689
0,4314,64710000,64711500,1627,2711,64725000,16694
0,4315,64725000,64726500,1627,2711,64740000,16695
0,4316,64740000,64741500,1627,2711,64755000,16702
0,4317,64755000,64756500,1627,2711,64770000,16706
0,4318,64770000,64771500,1627,2711,64785000,16708
0,4319,64785000,64786500,1627,2711,64800000,16709
0,432,6480000,6481500,1627,2711,6495000,1670
0,4320,64800000,64801500,1627,2711,64815000,16718
0,4321,64815000,64816500,1627,2711,64830000,16721
0,4322,64830000,64831500,1627,2711,64845000,16724
0,4323,64845000,64846500,1627,2711,64860000,16727
0,4324,64860000,64861500,1627,2711,64875000,16732
0,4325,64875000,64876500,1627,2711,64890000,16735
0,4326,64890000,64891500,1627,2711,64905000,16741
0,4327,64905000,64906500,1627,2711,64920000,16742
0,4328,64920000,64921500,1627,2711,64935000,16747
0,4329,64935000,64936500,1627,2711,64950000,16751
0,433,6495000,6496500,1627,2711,6510000,1674
0,4330,64950000,64951500,1627,2711,64965000,16756
0,4331,64965000,64966500,1627,2711,64980000,16757
0,4332,64980000,64981500,1627,2711,64995000,16763
0,4333,64995000,64996500,1627,2711,65010000,16768
0,4334,65010000,65011500,1627,2711,65025000,16770
0,4335,65025000,65026500,1627,2711,65040000,16773
0,4336,65040000,65041500,1627,2711,65055000,16779
0,4337,65055000,65056500,1627,2711,65070000,16782
0,4338,65070000,65071500,1627,2711,65085000,16787
0,4339,65085000,65086500,1627,2711,65100000,16788
0,434,6510000,6511500,1627,2711,6525000,1678
0,4340,65100000,65101500,1627,2711,65115000,16794
0,4341,65115000,65116500,1627,2711,65130000,16798
0,4342,65130000,65131500,1627,2711,65145000,16801
0,4343,65145000,65146500,1627,2711,65160000,16803
0,4344,65160000,65161500,1627,2711,65175000,16811
0,4345,65175000,65176500,1627,2711,65190000,16813
0,4346,65190000,65191500,1627,2711,65205000,16818
0,4347,65205000,65206500,1627,2711,65220000,16820
0,4348,65220000,65221500,1627,2711,65235000,16824
0,4349,65235000,65236500,1627,2711,65250000,16828
0,435,6525000,6526500,1627,2711,6540000,1680
0,4350,65250000,65251500,1627,2711,65265000,16834
0,4351,65265000,65266500,1627,2711,65280000,16835
0,4352,65280000,65281500,1627,2711,65295000,16840
0,4353,65295000,65296500,1627,2711,65310000,16844
0,4354,65310000,65311500,1627,2711,65325000,16848
0,4355,65325000,65326500,1627,2711,65340000,16850
0,4356,65340000,65341500,1627,2711,65355000,16857
0,4357,65355000,65356500,1627,2711,65370000,16860
0,4358,65370000,65371500,1627,2711,65385000,16863
0,4359,65385000,65386500,1627,2711,65400000,16866
0,436,6540000,6541500,1627,2711,6555000,1685
0,4360,65400000,65401500,1627,2711,65415000,16872
0,4361,65415000,65416500,1627,2711,65430000,16874
0,4362,65430000,65431500,1627,2711,65445000,16879
0,4363,65445000,65446500,1627,2711,65460000,16883
0,4364,65460000,65461500,1627,2711,65475000,16887
0,4365,65475000,65476500,1627,2711,65490000,16891
0,4366,65490000,65491500,1627,2711,65505000,16894
0,4367,65505000,65506500,1627,2711,65520000,16895
0,4368,65520000,65521500,1627,2711,65535000,16904
0,4369,65535000,65536500,1627,2711,65550000,16906
0,437,6555000,6556500,1627,2711,6570000,1689
0,4370,65550000,65551500,1627,2711,65565000,16910
0,4371,65565000,65566500,1627,2711,65580000,16912
0,4372,65580000,65581500,1627,2711,65595000,16918
0,4373,65595000,65596500,1627,2711,65610000,16922
0,4374,65610000,65611500,1627,2711,65625000,16926
0,4375,65625000,65626500,1627,2711,65640000,16927
0,4376,65640000,65641500,1627,2711,65655000,16934
0,4377,65655000,65656500,1627,2711,65670000,16938
0,4378,65670000,65671500,1627,2711,65685000,16941
0,4379,65685000,65686500,1627,2711,65700000,16942
0,438,6570000,6571500,1627,2711,6585000,1694
0,4380,65700000,65701500,1627,2711,65715000,16949
0,4381,65715000,65716500,1627,2711,65730000,16953
0,4382,65730000,65731500,1627,2711,65745000,16956
0,4383,65745000,65746500,1627,2711,65760000,16959
0,4384,65760000,65761500,1627,2711,65775000,16964
0,4385,65775000,65776500,1627,2711,65790000,16967
0,4386,65790000,65791500,1627,2711,65805000,16974
0,4387,65805000,65806500,1627,2711,65820000,16975
0,4388,65820000,65821500,1627,2711,65835000,16979
0,4389,65835000,65836500,1627,2711,65850000,16984
0,439,6585000,6586500,1627,2711,6600000,1695
0,4390,65850000,65851500,1627,2711,65865000,16987
0,4391,65865000,65866500,1627,2711,65880000,16989
0,4392,65880000,65881500,1627,2711,65895000,16996
0,4393,65895000,65896500,1627,2711,65910000,16999
0,4394,65910000,65911500,1627,2711,65925000,17003
0,4395,65925000,65926500,1627,2711,65940000,17005
0,4396,65940000,65941500,1627,2711,65955000,17011
0,4397,65955000,65956500,1627,2711,65970000,17014
0,4398,65970000,65971500,1627,2711,65985000,17019
0,4399,65985000,65986500,1627,2711,66000000,17020
0,44,660000,661500,1627,2711,675000,168
0,440,6600000,6601500,1627,2711,6615000,1701
0,4400,66000000,66001500,1627,2711,66015000,17027
0,4401,66015000,66016500,1627,2711,66030000,17030
0,4402,66030000,66031500,1627,2711,66045000,17034
0,4403,66045000,66046500,1627,2711,66060000,17036
0,4404,66060000,66061500,1627,2711,66075000,17042
0,4405,66075000,66076500,1627,2711,66090000,17046
0,4406,66090000,66091500,1627,2711,66105000,17049
0,4407,66105000,66106500,1627,2711,66120000,17052
0,4408,66120000,66121500,1627,2711,66135000,17057
0,4409,66135000,66136500,1627,2711,66150000,17059
0,441,6615000,6616500,1627,2711,6630000,1704
0,4410,66150000,66151500,1627,2711,66165000,17066
0,4411,66165000,66166500,1627,2711,66180000,17068
0,4412,66180000,66181500,1627,2711,66195000,17072
0,4413,66195000,66196500,1627,2711,66210000,17077
0,4414,66210000,66211500,1627,2711,66225000,17080
0,4415,66225000,66226500,1627,2711,66240000,17082
0,4416,66240000,66241500,1627,2711,66255000,17090
0,4417,66255000,66256500,1627,2711,66270000,17092
0,4418,66270000,66271500,1627,2711,66285000,17095
0,4419,66285000,66286500,1627,2711,66300000,17098
0,442,6630000,6631500,1627,2711,6645000,1708
0,4420,66300000,66301500,1627,2711,66315000,17104
0,4421,66315000,66316500,1627,2711,66330000,17107
0,4422,66330000,66331500,1627,2711,66345000,17111
0,4423,66345000,66346500,1627,2711,66360000,17113
0,4424,66360000,66361500,1627,2711,66375000,17120
0,4425,66375000,66376500,1627,2711,66390000,17123
0,4426,66390000,66391500,1627,2711,66405000,17127
0,4427,66405000,66406500,1627,2711,66420000,17128
0,4428,66420000,66421500,1627,2711,66435000,17136
0,4429,66435000,66436500,1627,2711,66450000,17139
0,443,6645000,6646500,1627,2711,6660000,1711
0,4430,66450000,66451500,1627,2711,66465000,17142
0,4431,66465000,66466500,1627,2711,66480000,17144
0,4432,66480000,66481500,1627,2711,66495000,17149
0,4433,66495000,66496500,1627,2711,66510000,17154
0,4434,66510000,66511500,1627,2711,66525000,17159
0,4435,66525000,66526500,1627,2711,66540000,17160
0,4436,66540000,66541500,1627,2711,66555000,17165
0,4437,66555000,66556500,1627,2711,66570000,17170
0,4438,66570000,66571500,1627,2711,66585000,17173
0,4439,66585000,66586500,1627,2711,66600000,17174
0,444,6660000,6661500,1627,2711,6675000,1717
0,4440,66600000,66601500,1627,2711,66615000,17182
0,4441,66615000,66616500,1627,2711,66630000,17185
0,4442,66630000,66631500,1627,2711,66645000,17189
0,4443,66645000,66646500,1627,2711,66660000,17192
0,4444,66660000,66661500,1627,2711,66675000,17196
0,4445,66675000,66676500,1627,2711,66690000,17199
0,4446,66690000,66691500,1627,2711,66705000,17205
0,4447,66705000,66706500,1627,2711,66720000,17207
0,4448,66720000,66721500,1627,2711,66735000,17212
0,4449,66735000,66736500,1627,2711,66750000,17215
0,445,6675000,6676500,1627,2711,6690000,1720
0,4450,66750000,66751500,1627,2711,66765000,17220
0,4451,66765000,66766500,1627,2711,66780000,17221
0,4452,66780000,66781500,1627,2711,66795000,17228
0,4453,66795000,66796500,1627,2711,66810000,17232
0,4454,66810000,66811500,1627,2711,66825000,17235
0,4455,66825000,66826500,1627,2711,66840000,17237
0,4456,66840000,66841500,1627,2711,66855000,17244
0,4457,66855000,66856500,1627,2711,66870000,17246
0,4458,66870000,66871500,1627,2711,66885000,17251
0,4459,66885000,66886500,1627,2711,66900000,17253
0,446,6690000,6691500,1627,2711,6705000,1724
0,4460,66900000,66901500,1627,2711,66915000,17258
0,4461,66915000,66916500,1627,2711,66930000,17263
0,4462,66930000,66931500,1627,2711,66945000,17265
0,4463,66945000,66946500,1627,2711,66960000,17268
0,4464,66960000,66961500,1627,2711,66975000,17275
0,4465,66975000,66976500,1627,2711,66990000,17277
0,4466,66990000,66991500,1627,2711,67005000,17282
0,4467,67005000,67006500,1627,2711,67020000,17285
0,4468,67020000,67021500,1627,2711,67035000,17289
0,4469,67035000,67036500,1627,2711,67050000,17292
0,447,6705000,6706500,1627,2711,6720000,1726
0,4470,67050000,67051500,1627,2711,67065000,17298
0,4471,67065000,67066500,1627,2711,67080000,17299
0,4472,67080000,67081500,1627,2711,67095000,17305
0,4473,67095000,67096500,1627,2711,67110000,17309
0,4474,67110000,67111500,1627,2711,67125000,17312
0,4475,67125000,67126500,1627,2711,67140000,17314
0,4476,67140000,67141500,1627,2711,67155000,17322
0,4477,67155000,67156500,1627,2711,67170000,17325
0,4478,67170000,67171500,1627,2711,67185000,17327
0,4479,67185000,67186500,1627,2711,67200000,17329
0,448,6720000,6721500,1627,2711,6735000,1732
0,4480,67200000,67201500,1627,2711,67215000,17337
0,4481,67215000,67216500,1627,2711,67230000,17339
0,4482,67230000,67231500,1627,2711,67245000,17344
0,4483,67245000,67246500,1627,2711,67260000,17346
0,4484,67260000,67261500,1627,2711,67275000,17351
0,4485,67275000,67276500,1627,2711,67290000,17356
0,4486,67290000,67291500,1627,2711,67305000,17359
0,4487,67305000,67306500,1627,2711,67320000,17360
0,4488,67320000,67321500,1627,2711,67335000,17367
0,4489,67335000,67336500,1627,2711,67350000,17371
0,449,6735000,6736500,1627,2711,6750000,1734
0,4490,67350000,67351500,1627,2711,67365000,17375
0,4491,67365000,67366500,1627,2711,67380000,17377
0,4492,67380000,67381500,1627,2711,67395000,17381
0,4493,67395000,67396500,1627,2711,67410000,17386
0,4494,67410000,67411500,1627,2711,67425000,17391
0,4495,67425000,67426500,1627,2711,67440000,17392
0,4496,67440000,67441500,1627,2711,67455000,17398
0,4497,67455000,67456500,1627,2711,67470000,17401
0,4498,67470000,67471500,1627,2711,67485000,17406
0,4499,67485000,67486500,1627,2711,67500000,17407
0,45,675000,676500,1627,2711,690000,172
0,450,6750000,6751500,1627,2711,6765000,1741
0,4500,67500000,67501500,1627,2711,67515000,17414
0,4501,67515000,67516500,1627,2711,67530000,17417
0,4502,67530000,67531500,1627,2711,67545000,17420
0,4503,67545000,67546500,1627,2711,67560000,17424
0,4504,67560000,67561500,1627,2711,67575000,17429
0,4505,67575000,67576500,1627,2711,67590000,17431
0,4506,67590000,67591500,1627,2711,67605000,17438
0,4507,67605000,67606500,1627,2711,67620000,17439
0,4508,67620000,67621500,1627,2711,67635000,17444
0,4509,67635000,67636500,1627,2711,67650000,17448
0,451,6765000,6766500,1627,2711,6780000,1742
0,4510,67650000,67651500,1627,2711,67665000,17451
0,4511,67665000,67666500,1627,2711,67680000,17453
0,4512,67680000,67681500,1627,2711,67695000,17461
0,4513,67695000,67696500,1627,2711,67710000,17464
0,4514,67710000,67711500,1627,2711,67725000,17467
0,4515,67725000,67726500,1627,2711,67740000,17470
0,4516,67740000,67741500,1627,2711,67755000,17475
0,4517,67755000,67756500,1627,2711,67770000,17479
0,4518,67770000,67771500,1627,2711,67785000,17483
0,4519,67785000,67786500,1627,2711,67800000,17485
0,452,6780000,6781500,1627,2711,6795000,1747
0,4520,67800000,67801500,1627,2711,67815000,17491
0,4521,67815000,67816500,1627,2711,67830000,17494
0,4522,67830000,67831500,1627,2711,67845000,17498
0,4523,67845000,67846500,1627,2711,67860000,17500
0,4524,67860000,67861500,1627,2711,67875000,17507
0,4525,67875000,67876500,1627,2711,67890000,17510
0,4526,67890000,67891500,1627,2711,67905000,17514
0,4527,67905000,67906500,1627,2711,67920000,17516
0,4528,67920000,67921500,1627,2711,67935000,17522
0,4529,67935000,67936500,1627,2711,67950000,17524
0,453,6795000,6796500,1627,2711,6810000,1752
0,4530,67950000,67951500,1627,2711,67965000,17530
0,4531,67965000,67966500,1627,2711,67980000,17532
0,4532,67980000,67981500,1627,2711,67995000,17537
0,4533,67995000,67996500,1627,2711,68010000,17542
0,4534,68010000,68011500,1627,2711,68025000,17544
0,4535,68025000,68026500,1627,2711,68040000,17545
0,4536,68040000,68041500,1627,2711,68055000,17554
0,4537,68055000,68056500,1627,2711,68070000,17557
0,4538,68070000,68071500,1627,2711,68085000,17560
0,4539,68085000,68086500,1627,2711,68100000,17562
0,454,6810000,6811500,1627,2711,6825000,1754
0,4540,68100000,68101500,1627,2711,68115000,17568
0,4541,68115000,68116500,1627,2711,68130000,17572
0,4542,68130000,68131500,1627,2711,68145000,17576
0,4543,68145000,68146500,1627,2711,68160000,17578
0,4544,68160000,68161500,1627,2711,68175000,17583
0,4545,68175000,68176500,1627,2711,68190000,17588
0,4546,68190000,68191500,1627,2711,68205000,17592
0,4547,68205000,68206500,1627,2711,68220000,17593
0,4548,68220000,68221500,1627,2711,68235000,17599
0,4549,68235000,68236500,1627,2711,68250000,17602
0,455,6825000,6826500,1627,2711,6840000,1756
0,4550,68250000,68251500,1627,2711,68265000,17607
0,4551,68265000,68266500,1627,2711,68280000,17609
0,4552,68280000,68281500,1627,2711,68295000,17614
0,4553,68295000,68296500,1627,2711,68310000,17617
0,4554,68310000,68311500,1627,2711,68325000,17624
0,4555,68325000,68326500,1627,2711,68340000,17625
0,4556,68340000,68341500,1627,2711,68355000,17630
0,4557,68355000,68356500,1627,2711,68370000,17634
0,4558,68370000,68371500,1627,2711,68385000,17637
0,4559,68385000,68386500,1627,2711,68400000,17639
0,456,6840000,6841500,1627,2711,6855000,1764
0,4560,68400000,68401500,1627,2711,68415000,17647
0,4561,68415000,68416500,1627,2711,68430000,17649
0,4562,68430000,68431500,1627,2711,68445000,17652
0,4563,68445000,68446500,1627,2711,68460000,17656
0,4564,68460000,68461500,1627,2711,68475000,17661
0,4565,68475000,68476500,1627,2711,68490000,17664
0,4566,68490000,68491500,1627,2711,68505000,17669
0,4567,68505000,68506500,1627,2711,68520000,17671
0,4568,68520000,68521500,1627,2711,68535000,17677
0,4569,68535000,68536500,1627,2711,68550000,17680
0,457,6855000,6856500,1627,2711,6870000,1767
0,4570,68550000,68551500,1627,2711,68565000,17684
0,4571,68565000,68566500,1627,2711,68580000,17686
0,4572,68580000,68581500,1627,2711,68595000,17692
0,4573,68595000,68596500,1627,2711,68610000,17697
0,4574,68610000,68611500,1627,2711,68625000,17699
0,4575,68625000,68626500,1627,2711,68640000,17701
0,4576,68640000,68641500,1627,2711,68655000,17708
0,4577,68655000,68656500,1627,2711,68670000,17710
0,4578,68670000,68671500,1627,2711,68685000,17716
0,4579,68685000,68686500,1627,2711,68700000,17717
0,458,6870000,6871500,1627,2711,6885000,1770
0,4580,68700000,68701500,1627,2711,68715000,17723
0,4581,68715000,68716500,1627,2711,68730000,17727
0,4582,68730000,68731500,1627,2711,68745000,17730
0,4583,68745000,68746500,1627,2711,68760000,17732
0,4584,68760000,68761500,1627,2711,68775000,17740
0,4585,68775000,68776500,1627,2711,68790000,17742
0,4586,68790000,68791500,1627,2711,68805000,17746
0,4587,68805000,68806500,1627,2711,68820000,17749
0,4588,68820000,68821500,1627,2711,68835000,17753
0,4589,68835000,68836500,1627,2711,68850000,17757
0,459,6885000,6886500,1627,2711,6900000,1773
0,4590,68850000,68851500,1627,2711,68865000,17762
0,4591,68865000,68866500,1627,2711,68880000,17763
0,4592,68880000,68881500,1627,2711,68895000,17769
0,4593,68895000,68896500,1627,2711,68910000,17774
0,4594,68910000,68911500,1627,2711,68925000,17777
0,4595,68925000,68926500,1627,2711,68940000,17778
0,4596,68940000,68941500,1627,2711,68955000,17786
0,4597,68955000,68956500,1627,2711,68970000,17790
0,4598,68970000,68971500,1627,2711,68985000,17792
0,4599,68985000,68986500,1627,2711,69000000,17794
0,46,690000,691500,1627,2711,705000,176
0,460,6900000,6901500,1627,2711,6915000,1778
0,4600,69000000,69001500,1627,2711,69015000,17800
0,4601,69015000,69016500,1627,2711,69030000,17803
0,4602,69030000,69031500,1627,2711,69045000,17809
0,4603,69045000,69046500,1627,2711,69060000,17811
0,4604,69060000,69061500,1627,2711,69075000,17815
0,4605,69075000,69076500,1627,2711,69090000,17819
0,4606,69090000,69091500,1627,2711,69105000,17824
0,4607,69105000,69106500,1627,2711,69120000,17825
0,4608,69120000,69121500,1627,2711,69135000,17832
0,4609,69135000,69136500,1627,2711,69150000,17834
0,461,6915000,6916500,1627,2711,6930000,1781
0,4610,69150000,69151500,1627,2711,69165000,17840
0,4611,69165000,69166500,1627,2711,69180000,17842
0,4612,69180000,69181500,1627,2711,69195000,17846
0,4613,69195000,69196500,1627,2711,69210000,17850
0,4614,69210000,69211500,1627,2711,69225000,17854
0,4615,69225000,69226500,1627,2711,69240000,17857
0,4616,69240000,69241500,1627,2711,69255000,17863
0,4617,69255000,69256500,1627,2711,69270000,17866
0,4618,69270000,69271500,1627,2711,69285000,17869
0,4619,69285000,69286500,1627,2711,69300000,17871
0,462,6930000,6931500,1627,2711,6945000,1786
0,4620,69300000,69301500,1627,2711,69315000,17879
0,4621,69315000,69316500,1627,2711,69330000,17882
0,4622,69330000,69331500,1627,2711,69345000,17884
0,4623,69345000,69346500,1627,2711,69360000,17888
0,4624,69360000,69361500,1627,2711,69375000,17894
0,4625,69375000,69376500,1627,2711,69390000,17896
0,4626,69390000,69391500,1627,2711,69405000,17902
0,4627,69405000,69406500,1627,2711,69420000,17903
0,4628,69420000,69421500,1627,2711,69435000,17908
0,4629,69435000,69436500,1627,2711,69450000,17913
0,463,6945000,6946500,1627,2711,6960000,1789
0,4630,69450000,69451500,1627,2711,69465000,17916
0,4631,69465000,69466500,1627,2711,69480000,17917
0,4632,69480000,69481500,1627,2711,69495000,17925
0,4633,69495000,69496500,1627,2711,69510000,17928
0,4634,69510000,69511500,1627,2711,69525000,17932
0,4635,69525000,69526500,1627,2711,69540000,17934
0,4636,69540000,69541500,1627,2711,69555000,17940
0,4637,69555000,69556500,1627,2711,69570000,17943
0,4638,69570000,69571500,1627,2711,69585000,17948
0,4639,69585000,69586500,1627,2711,69600000,17949
0,464,6960000,6961500,1627,2711,6975000,1794
0,4640,69600000,69601500,1627,2711,69615000,17955
0,4641,69615000,69616500,1627,2711,69630000,17959
0,4642,69630000,69631500,1627,2711,69645000,17962
0,4643,69645000,69646500,1627,2711,69660000,17965
0,4644,69660000,69661500,1627,2711,69675000,17971
0,4645,69675000,69676500,1627,2711,69690000,17975
0,4646,69690000,69691500,1627,2711,69705000,17978
0,4647,69705000,69706500,1627,2711,69720000,17980
0,4648,69720000,69721500,1627,2711,69735000,17986
0,4649,69735000,69736500,1627,2711,69750000,17989
0,465,6975000,6976500,1627,2711,6990000,1797
0,4650,69750000,69751500,1627,2711,69765000,17995
0,4651,69765000,69766500,1627,2711,69780000,17996
0,4652,69780000,69781500,1627,2711,69795000,18001
0,4653,69795000,69796500,1627,2711,69810000,18006
0,4654,69810000,69811500,1627,2711,69825000,18009
0,4655,69825000,69826500,1627,2711,69840000,18010
0,4656,69840000,69841500,1627,2711,69855000,18018
0,4657,69855000,69856500,1627,2711,69870000,18021
0,4658,69870000,69871500,1627,2711,69885000,18025
0,4659,69885000,69886500,1627,2711,69900000,18027
0,466,6990000,6991500,1627,2711,7005000,1802
0,4660,69900000,69901500,1627,2711,69915000,18032
0,4661,69915000,69916500,1627,2711,69930000,18035
0,4662,69930000,69931500,1627,2711,69945000,18041
0,4663,69945000,69946500,1627,2711,69960000,18043
0,4664,69960000,69961500,1627,2711,69975000,18048
0,4665,69975000,69976500,1627,2711,69990000,18051
0,4666,69990000,69991500,1627,2711,70005000,18056
0,4667,70005000,70006500,1627,2711,70020000,18058
0,4668,70020000,70021500,1627,2711,70035000,18064
0,4669,70035000,70036500,1627,2711,70050000,18067
0,467,7005000,7006500,1627,2711,7020000,1803
0,4670,70050000,70051500,1627,2711,70065000,18070
0,4671,70065000,70066500,1627,2711,70080000,18074
0,4672,70080000,70081500,1627,2711,70095000,18079
0,4673,70095000,70096500,1627,2711,70110000,18082
0,4674,70110000,70111500,1627,2711,70125000,18087
0,4675,70125000,70126500,1627,2711,70140000,18089
0,4676,70140000,70141500,1627,2711,70155000,18095
0,4677,70155000,70156500,1627,2711,70170000,18099
0,4678,70170000,70171500,1627,2711,70185000,18101
0,4679,70185000,70186500,1627,2711,70200000,18102
0,468,7020000,7021500,1627,2711,7035000,1810
0,4680,70200000,70201500,1627,2711,70215000,18112
0,4681,70215000,70216500,1627,2711,70230000,18114
0,4682,70230000,70231500,1627,2711,70245000,18117
0,4683,70245000,70246500,1627,2711,70260000,18120
0,4684,70260000,70261500,1627,2711,70275000,18125
0,4685,70275000,70276500,1627,2711,70290000,18129
0,4686,70290000,70291500,1627,2711,70305000,18134
0,4687,70305000,70306500,1627,2711,70320000,18135
0,4688,70320000,70321500,1627,2711,70335000,18141
0,4689,70335000,70336500,1627,2711,70350000,18144
0,469,7035000,7036500,1627,2711,7050000,1813
0,4690,70350000,70351500,1627,2711,70365000,18149
0,4691,70365000,70366500,1627,2711,70380000,18150
0,4692,70380000,70381500,1627,2711,70395000,18156
0,4693,70395000,70396500,1627,2711,70410000,18161
0,4694,70410000,70411500,1627,2711,70425000,18164
0,4695,70425000,70426500,1627,2711,70440000,18166
0,4696,70440000,70441500,1627,2711,70455000,18172
0,4697,70455000,70456500,1627,2711,70470000,18175
0,4698,70470000,70471500,1627,2711,70485000,18180
0,4699,70485000,70486500,1627,2711,70500000,18182
0,47,705000,706500,1627,2711,720000,178
0,470,7050000,7051500,1627,2711,7065000,1816
0,4700,70500000,70501500,1627,2711,70515000,18187
0,4701,70515000,70516500,1627,2711,70530000,18192
0,4702,70530000,70531500,1627,2711,70545000,18194
0,4703,70545000,70546500,1627,2711,70560000,18196
0,4704,70560000,70561500,1627,2711,70575000,18204
0,4705,70575000,70576500,1627,2711,70590000,18206
0,4706,70590000,70591500,1627,2711,70605000,18211
0,4707,70605000,70606500,1627,2711,70620000,18213
0,4708,70620000,70621500,1627,2711,70635000,18218
0,4709,70635000,70636500,1627,2711,70650000,18221
0,471,7065000,7066500,1627,2711,7080000,1819
0,4710,70650000,70651500,1627,2711,70665000,18227
0,4711,70665000,70666500,1627,2711,70680000,18228
0,4712,70680000,70681500,1627,2711,70695000,18233
0,4713,70695000,70696500,1627,2711,70710000,18238
0,4714,70710000,70711500,1627,2711,70725000,18242
0,4715,70725000,70726500,1627,2711,70740000,18243
0,4716,70740000,70741500,1627,2711,70755000,18250
0,4717,70755000,70756500,1627,2711,70770000,18253
0,4718,70770000,70771500,1627,2711,70785000,18256
0,4719,70785000,70786500,1627,2711,70800000,18259
0,472,7080000,7081500,1627,2711,7095000,1825
0,4720,70800000,70801500,1627,2711,70815000,18265
0,4721,70815000,70816500,1627,2711,70830000,18267
0,4722,70830000,70831500,1627,2711,70845000,18273
0,4723,70845000,70846500,1627,2711,70860000,18276
0,4724,70860000,70861500,1627,2711,70875000,18280
0,4725,70875000,70876500,1627,2711,70890000,18284
0,4726,70890000,70891500,1627,2711,70905000,18287
0,4727,70905000,70906500,1627,2711,70920000,18290
0,4728,70920000,70921500,1627,2711,70935000,18297
0,4729,70935000,70936500,1627,2711,70950000,18299
0,473,7095000,7096500,1627,2711,7110000,1828
0,4730,70950000,70951500,1627,2711,70965000,18303
0,4731,70965000,70966500,1627,2711,70980000,18305
0,4732,70980000,70981500,1627,2711,70995000,18311
0,4733,70995000,70996500,1627,2711,71010000,18315
0,4734,71010000,71011500,1627,2711,71025000,18319
0,4735,71025000,71026500,1627,2711,71040000,18320
0,4736,71040000,71041500,1627,2711,71055000,18328
0,4737,71055000,71056500,1627,2711,71070000,18331
0,4738,71070000,71071500,1627,2711,71085000,18334
0,4739,71085000,71086500,1627,2711,71100000,18335
0,474,7110000,7111500,1627,2711,7125000,1833
0,4740,71100000,71101500,1627,2711,71115000,18343
0,4741,71115000,71116500,1627,2711,71130000,18347
0,4742,71130000,71131500,1627,2711,71145000,18349
0,4743,71145000,71146500,1627,2711,71160000,18352
0,4744,71160000,71161500,1627,2711,71175000,18357
0,4745,71175000,71176500,1627,2711,71190000,18360
0,4746,71190000,71191500,1627,2711,71205000,18367
0,4747,71205000,71206500,1627,2711,71220000,18368
0,4748,71220000,71221500,1627,2711,71235000,18372
0,4749,71235000,71236500,1627,2711,71250000,18377
0,475,7125000,7126500,1627,2711,7140000,1834
0,4750,71250000,71251500,1627,2711,71265000,18381
0,4751,71265000,71266500,1627,2711,71280000,18382
0,4752,71280000,71281500,1627,2711,71295000,18389
0,4753,71295000,71296500,1627,2711,71310000,18393
0,4754,71310000,71311500,1627,2711,71325000,18396
0,4755,71325000,71326500,1627,2711,71340000,18399
0,4756,71340000,71341500,1627,2711,71355000,18404
0,4757,71355000,71356500,1627,2711,71370000,18407
0,4758,71370000,71371500,1627,2711,71385000,18412
0,4759,71385000,71386500,1627,2711,71400000,18413
0,476,7140000,7141500,1627,2711,7155000,1841
0,4760,71400000,71401500,1627,2711,71415000,18420
0,4761,71415000,71416500,1627,2711,71430000,18423
0,4762,71430000,71431500,1627,2711,71445000,18427
0,4763,71445000,71446500,1627,2711,71460000,18429
0,4764,71460000,71461500,1627,2711,71475000,18436
0,4765,71475000,71476500,1627,2711,71490000,18439
0,4766,71490000,71491500,1627,2711,71505000,18443
0,4767,71505000,71506500,1627,2711,71520000,18445
0,4768,71520000,71521500,1627,2711,71535000,18450
0,4769,71535000,71536500,1627,2711,71550000,18453
0,477,7155000,7156500,1627,2711,7170000,1845
0,4770,71550000,71551500,1627,2711,71565000,18459
0,4771,71565000,71566500,1627,2711,71580000,18461
0,4772,71580000,71581500,1627,2711,71595000,18465
0,4773,71595000,71596500,1627,2711,71610000,18470
0,4774,71610000,71611500,1627,2711,71625000,18473
0,4775,71625000,71626500,1627,2711,71640000,18475
0,4776,71640000,71641500,1627,2711,71655000,18483
0,4777,71655000,71656500,1627,2711,71670000,18485
0,4778,71670000,71671500,1627,2711,71685000,18489
0,4779,71685000,71686500,1627,2711,71700000,18492
0,478,7170000,7171500,1627,2711,7185000,1847
0,4780,71700000,71701500,1627,2711,71715000,18497
0,4781,71715000,71716500,1627,2711,71730000,18500
0,4782,71730000,71731500,1627,2711,71745000,18504
0,4783,71745000,71746500,1627,2711,71760000,18507
0,4784,71760000,71761500,1627,2711,71775000,18513
0,4785,71775000,71776500,1627,2711,71790000,18516
0,4786,71790000,71791500,1627,2711,71805000,18520
0,4787,71805000,71806500,1627,2711,71820000,18521
0,4788,71820000,71821500,1627,2711,71835000,18529
0,4789,71835000,71836500,1627,2711,71850000,18532
0,479,7185000,7186500,1627,2711,7200000,1848
0,4790,71850000,71851500,1627,2711,71865000,18535
0,4791,71865000,71866500,1627,2711,71880000,18537
0,4792,71880000,71881500,1627,2711,71895000,18544
0,4793,71895000,71896500,1627,2711,71910000,18547
0,4794,71910000,71911500,1627,2711,71925000,18552
0,4795,71925000,71926500,1627,2711,71940000,18553
0,4796,71940000,71941500,1627,2711,71955000,18558
0,4797,71955000,71956500,1627,2711,71970000,18564
0,4798,71970000,71971500,1627,2711,71985000,18566
0,4799,71985000,71986500,1627,2711,72000000,18567
0,48,720000,721500,1627,2711,735000,185
0,480,7200000,7201500,1627,2711,7215000,1857
0,4800,72000000,72001500,1627,2711,72015000,18575
0,4801,72015000,72016500,1627,2711,72030000,18578
0,4802,72030000,72031500,1627,2711,72045000,18582
0,4803,72045000,72046500,1627,2711,72060000,18585
0,4804,72060000,72061500,1627,2711,72075000,18589
0,4805,72075000,72076500,1627,2711,72090000,18593
0,4806,72090000,72091500,1627,2711,72105000,18599
0,4807,72105000,72106500,1627,2711,72120000,18600
0,4808,72120000,72121500,1627,2711,72135000,18605
0,4809,72135000,72136500,1627,2711,72150000,18608
0,481,7215000,7216500,1627,2711,7230000,1860
0,4810,72150000,72151500,1627,2711,72165000,18613
0,4811,72165000,72166500,1627,2711,72180000,18615
0,4812,72180000,72181500,1627,2711,72195000,18621
0,4813,72195000,72196500,1627,2711,72210000,18625
0,4814,72210000,72211500,1627,2711,72225000,18628
0,4815,72225000,72226500,1627,2711,72240000,18630
0,4816,72240000,72241500,1627,2711,72255000,18637
0,4817,72255000,72256500,1627,2711,72270000,18639
0,4818,72270000,72271500,1627,2711,72285000,18645
0,4819,72285000,72286500,1627,2711,72300000,18646
0,482,7230000,7231500,1627,2711,7245000,1863
0,4820,72300000,72301500,1627,2711,72315000,18652
0,4821,72315000,72316500,1627,2711,72330000,18656
0,4822,72330000,72331500,1627,2711,72345000,18658
0,4823,72345000,72346500,1627,2711,72360000,18661
0,4824,72360000,72361500,1627,2711,72375000,18668
0,4825,72375000,72376500,1627,2711,72390000,18671
0,4826,72390000,72391500,1627,2711,72405000,18675
0,4827,72405000,72406500,1627,2711,72420000,18678
0,4828,72420000,72421500,1627,2711,72435000,18682
0,4829,72435000,72436500,1627,2711,72450000,18685
0,483,7245000,7246500,1627,2711,7260000,1866
0,4830,72450000,72451500,1627,2711,72465000,18691
0,4831,72465000,72466500,1627,2711,72480000,18693
0,4832,72480000,72481500,1627,2711,72495000,18698
0,4833,72495000,72496500,1627,2711,72510000,18702
0,4834,72510000,72511500,1627,2711,72525000,18706
0,4835,72525000,72526500,1627,2711,72540000,18707
0,4836,72540000,72541500,1627,2711,72555000,18715
0,4837,72555000,72556500,1627,2711,72570000,18718
0,4838,72570000,72571500,1627,2711,72585000,18720
0,4839,72585000,72586500,1627,2711,72600000,18723
0,484,7260000,7261500,1627,2711,7275000,1870
0,4840,72600000,72601500,1627,2711,72615000,18730
0,4841,72615000,72616500,1627,2711,72630000,18732
0,4842,72630000,72631500,1627,2711,72645000,18737
0,4843,72645000,72646500,1627,2711,72660000,18739
0,4844,72660000,72661500,1627,2711,72675000,18745
0,4845,72675000,72676500,1627,2711,72690000,18749
0,4846,72690000,72691500,1627,2711,72705000,18752
0,4847,72705000,72706500,1627,2711,72720000,18753
0,4848,72720000,72721500,1627,2711,72735000,18761
0,4849,72735000,72736500,1627,2711,72750000,18764
0,485,7275000,7276500,1627,2711,7290000,1875
0,4850,72750000,72751500,1627,2711,72765000,18768
0,4851,72765000,72766500,1627,2711,72780000,18770
0,4852,72780000,72781500,1627,2711,72795000,18774
0,4853,72795000,72796500,1627,2711,72810000,18780
0,4854,72810000,72811500,1627,2711,72825000,18784
0,4855,72825000,72826500,1627,2711,72840000,18785
0,4856,72840000,72841500,1627,2711,72855000,18791
0,4857,72855000,72856500,1627,2711,72870000,18795
0,4858,72870000,72871500,1627,2711,72885000,18799
0,4859,72885000,72886500,1627,2711,72900000,18800
0,486,7290000,7291500,1627,2711,7305000,1880
0,4860,72900000,72901500,1627,2711,72915000,18807
0,4861,72915000,72916500,1627,2711,72930000,18810
0,4862,72930000,72931500,1627,2711,72945000,18814
0,4863,72945000,72946500,1627,2711,72960000,18817
0,4864,72960000,72961500,1627,2711,72975000,18822
0,4865,72975000,72976500,1627,2711,72990000,18824
0,4866,72990000,72991500,1627,2711,73005000,18831
0,4867,73005000,73006500,1627,2711,73020000,18833
0,4868,73020000,73021500,1627,2711,73035000,18837
0,4869,73035000,73036500,1627,2711,73050000,18841
0,487,7305000,7306500,1627,2711,7320000,1881
0,4870,73050000,73051500,1627,2711,73065000,18845
0,4871,73065000,73066500,1627,2711,73080000,18846
0,4872,73080000,73081500,1627,2711,73095000,18854
0,4873,73095000,73096500,1627,2711,73110000,18857
0,4874,73110000,73111500,1627,2711,73125000,18860
0,4875,73125000,73126500,1627,2711,73140000,18863
0,4876,73140000,73141500,1627,2711,73155000,18869
0,4877,73155000,73156500,1627,2711,73170000,18872
0,4878,73170000,73171500,1627,2711,73185000,18876
0,4879,73185000,73186500,1627,2711,73200000,18878
0,488,7320000,7321500,1627,2711,7335000,1886
0,4880,73200000,73201500,1627,2711,73215000,18884
0,4881,73215000,73216500,1627,2711,73230000,18888
0,4882,73230000,73231500,1627,2711,73245000,18891
0,4883,73245000,73246500,1627,2711,73260000,18894
0,4884,73260000,73261500,1627,2711,73275000,18900
0,4885,73275000,73276500,1627,2711,73290000,18903
0,4886,73290000,73291500,1627,2711,73305000,18907
0,4887,73305000,73306500,1627,2711,73320000,18909
0,4888,73320000,73321500,1627,2711,73335000,18915
0,4889,73335000,73336500,1627,2711,73350000,18917
0,489,7335000,7336500,1627,2711,7350000,1890
0,4890,73350000,73351500,1627,2711,73365000,18924
0,4891,73365000,73366500,1627,2711,73380000,18925
0,4892,73380000,73381500,1627,2711,73395000,18930
0,4893,73395000,73396500,1627,2711,73410000,18935
0,4894,73410000,73411500,1627,2711,73425000,18937
0,4895,73425000,73426500,1627,2711,73440000,18939
0,4896,73440000,73441500,1627,2711,73455000,18948
0,4897,73455000,73456500,1627,2711,73470000,18950
0,4898,73470000,73471500,1627,2711,73485000,18953
0,4899,73485000,73486500,1627,2711,73500000,18955
0,49,735000,736500,1627,2711,750000,187
0,490,7350000,7351500,1627,2711,7365000,1895
0,4900,73500000,73501500,1627,2711,73515000,18961
0,4901,73515000,73516500,1627,2711,73530000,18965
0,4902,73530000,73531500,1627,2711,73545000,18969
0,4903,73545000,73546500,1627,2711,73560000,18971
0,4904,73560000,73561500,1627,2711,73575000,18977
0,4905,73575000,73576500,1627,2711,73590000,18981
0,4906,73590000,73591500,1627,2711,73605000,18985
0,4907,73605000,73606500,1627,2711,73620000,18986
0,4908,73620000,73621500,1627,2711,73635000,18992
0,4909,73635000,73636500,1627,2711,73650000,18997
0,491,7365000,7366500,1627,2711,7380000,1896
0,4910,73650000,73651500,1627,2711,73665000,19000
0,4911,73665000,73666500,1627,2711,73680000,19002
0,4912,73680000,73681500,1627,2711,73695000,19007
0,4913,73695000,73696500,1627,2711,73710000,19010
0,4914,73710000,73711500,1627,2711,73725000,19017
0,4915,73725000,73726500,1627,2711,73740000,19018
0,4916,73740000,73741500,1627,2711,73755000,19023
0,4917,73755000,73756500,1627,2711,73770000,19027
0,4918,73770000,73771500,1627,2711,73785000,19031
0,4919,73785000,73786500,1627,2711,73800000,19032
0,492,7380000,7381500,1627,2711,7395000,1902
0,4920,73800000,73801500,1627,2711,73815000,19040
0,4921,73815000,73816500,1627,2711,73830000,19042
0,4922,73830000,73831500,1627,2711,73845000,19046
0,4923,73845000,73846500,1627,2711,73860000,19050
0,4924,73860000,73861500,1627,2711,73875000,19054
0,4925,73875000,73876500,1627,2711,73890000,19057
0,4926,73890000,73891500,1627,2711,73905000,19062
0,4927,73905000,73906500,1627,2711,73920000,19064
0,4928,73920000,73921500,1627,2711,73935000,19070
0,4929,73935000,73936500,1627,2711,73950000,19073
0,493,7395000,7396500,1627,2711,7410000,1906
0,4930,73950000,73951500,1627,2711,73965000,19077
0,4931,73965000,73966500,1627,2711,73980000,19079
0,4932,73980000,73981500,1627,2711,73995000,19086
0,4933,73995000,73996500,1627,2711,74010000,19090
0,4934,74010000,74011500,1627,2711,74025000,19092
0,4935,74025000,74026500,1627,2711,74040000,19095
0,4936,74040000,74041500,1627,2711,74055000,19101
0,4937,74055000,74056500,1627,2711,74070000,19104
0,4938,74070000,74071500,1627,2711,74085000,19109
0,4939,74085000,74086500,1627,2711,74100000,19110
0,494,7410000,7411500,1627,2711,7425000,1910
0,4940,74100000,74101500,1627,2711,74115000,19116
0,4941,74115000,74116500,1627,2711,74130000,19120
0,4942,74130000,74131500,1627,2711,74145000,19123
0,4943,74145000,74146500,1627,2711,74160000,19125
0,4944,74160000,74161500,1627,2711,74175000,19133
0,4945,74175000,74176500,1627,2711,74190000,19135
0,4946,74190000,74191500,1627,2711,74205000,19140
0,4947,74205000,74206500,1627,2711,74220000,19142
0,4948,74220000,74221500,1627,2711,74235000,19147
0,4949,74235000,74236500,1627,2711,74250000,19150
0,495,7425000,7426500,1627,2711,7440000,1912
0,4950,74250000,74251500,1627,2711,74265000,19155
0,4951,74265000,74266500,1627,2711,74280000,19157
0,4952,74280000,74281500,1627,2711,74295000,19162
0,4953,74295000,74296500,1627,2711,74310000,19167
0,4954,74310000,74311500,1627,2711,74325000,19170
0,4955,74325000,74326500,1627,2711,74340000,19171
0,4956,74340000,74341500,1627,2711,74355000,19179
0,4957,74355000,74356500,1627,2711,74370000,19183
0,4958,74370000,74371500,1627,2711,74385000,19185
0,4959,74385000,74386500,1627,2711,74400000,19187
0,496,7440000,7441500,1627,2711,7455000,1918
0,4960,74400000,74401500,1627,2711,74415000,19194
0,4961,74415000,74416500,1627,2711,74430000,19197
0,4962,74430000,74431500,1627,2711,74445000,19202
0,4963,74445000,74446500,1627,2711,74460000,19204
0,4964,74460000,74461500,1627,2711,74475000,19208
0,4965,74475000,74476500,1627,2711,74490000,19213
0,4966,74490000,74491500,1627,2711,74505000,19217
0,4967,74505000,74506500,1627,2711,74520000,19218
0,4968,74520000,74521500,1627,2711,74535000,19225
0,4969,74535000,74536500,1627,2711,74550000,19227
0,497,7455000,7456500,1627,2711,7470000,1920
0,4970,74550000,74551500,1627,2711,74565000,19233
0,4971,74565000,74566500,1627,2711,74580000,19235
0,4972,74580000,74581500,1627,2711,74595000,19239
0,4973,74595000,74596500,1627,2711,74610000,19243
0,4974,74610000,74611500,1627,2711,74625000,19249
0,4975,74625000,74626500,1627,2711,74640000,19250
0,4976,74640000,74641500,1627,2711,74655000,19256
0,4977,74655000,74656500,1627,2711,74670000,19259
0,4978,74670000,74671500,1627,2711,74685000,19262
0,4979,74685000,74686500,1627,2711,74700000,19265
0,498,7470000,7471500,1627,2711,7485000,1926
0,4980,74700000,74701500,1627,2711,74715000,19272
0,4981,74715000,74716500,1627,2711,74730000,19275
0,4982,74730000,74731500,1627,2711,74745000,19277
0,4983,74745000,74746500,1627,2711,74760000,19281
0,4984,74760000,74761500,1627,2711,74775000,19287
0,4985,74775000,74776500,1627,2711,74790000,19289
0,4986,74790000,74791500,1627,2711,74805000,19295
0,4987,74805000,74806500,1627,2711,74820000,19297
0,4988,74820000,74821500,1627,2711,74835000,19302
0,4989,74835000,74836500,1627,2711,74850000,19306
0,499,7485000,7486500,1627,2711,7500000,1928
0,4990,74850000,74851500,1627,2711,74865000,19309
0,4991,74865000,74866500,1627,2711,74880000,19310
0,4992,74880000,74881500,1627,2711,74895000,19318
0,4993,74895000,74896500,1627,2711,74910000,19322
0,4994,74910000,74911500,1627,2711,74925000,19325
0,4995,74925000,74926500,1627,2711,74940000,19327
0,4996,74940000,74941500,1627,2711,74955000,19333
0,4997,74955000,74956500,1627,2711,74970000,19336
0,4998,74970000,74971500,1627,2711,74985000,19341
0,4999,74985000,74986500,1627,2711,75000000,19342
0,5,75000,76500,1627,2711,90000,17
0,50,750000,751500,1627,2711,765000,191
0,500,7500000,7501500,1627,2711,7515000,1933
0,5000,75000000,75001500,1627,2711,75015000,19349
0,5001,75015000,75016500,1627,2711,75030000,19352
0,5002,75030000,75031500,1627,2711,75045000,19356
0,5003,75045000,75046500,1627,2711,75060000,19358
0,5004,75060000,75061500,1627,2711,75075000,19364
0,5005,75075000,75076500,1627,2711,75090000,19368
0,5006,75090000,75091500,1627,2711,75105000,19371
0,5007,75105000,75106500,1627,2711,75120000,19374
0,5008,75120000,75121500,1627,2711,75135000,19379
0,5009,75135000,75136500,1627,2711,75150000,19382
0,501,7515000,7516500,1627,2711,7530000,1937
0,5010,75150000,75151500,1627,2711,75165000,19388
0,5011,75165000,75166500,1627,2711,75180000,19389
0,5012,75180000,75181500,1627,2711,75195000,19394
0,5013,75195000,75196500,1627,2711,75210000,19400
0,5014,75210000,75211500,1627,2711,75225000,19402
0,5015,75225000,75226500,1627,2711,75240000,19403
0,5016,75240000,75241500,1627,2711,75255000,19412
0,5017,75255000,75256500,1627,2711,75270000,19414
0,5018,75270000,75271500,1627,2711,75285000,19418
0,5019,75285000,75286500,1627,2711,75300000,19420
0,502,7530000,7531500,1627,2711,7545000,1940
0,5020,75300000,75301500,1627,2711,75315000,19425
0,5021,75315000,75316500,1627,2711,75330000,19429
0,5022,75330000,75331500,1627,2711,75345000,19434
0,5023,75345000,75346500,1627,2711,75360000,19436
0,5024,75360000,75361500,1627,2711,75375000,19441
0,5025,75375000,75376500,1627,2711,75390000,19444
0,5026,75390000,75391500,1627,2711,75405000,19450
0,5027,75405000,75406500,1627,2711,75420000,19451
0,5028,75420000,75421500,1627,2711,75435000,19457
0,5029,75435000,75436500,1627,2711,75450000,19460
0,503,7545000,7546500,1627,2711,7560000,1942
0,5030,75450000,75451500,1627,2711,75465000,19464
0,5031,75465000,75466500,1627,2711,75480000,19467
0,5032,75480000,75481500,1627,2711,75495000,19472
0,5033,75495000,75496500,1627,2711,75510000,19475
0,5034,75510000,75511500,1627,2711,75525000,19480
0,5035,75525000,75526500,1627,2711,75540000,19483
0,5036,75540000,75541500,1627,2711,75555000,19488
0,5037,75555000,75556500,1627,2711,75570000,19492
0,5038,75570000,75571500,1627,2711,75585000,19494
0,5039,75585000,75586500,1627,2711,75600000,19496
0,504,7560000,7561500,1627,2711,7575000,1950
0,5040,75600000,75601500,1627,2711,75615000,19505
0,5041,75615000,75616500,1627,2711,75630000,19507
0,5042,75630000,75631500,1627,2711,75645000,19510
0,5043,75645000,75646500,1627,2711,75660000,19513
0,5044,75660000,75661500,1627,2711,75675000,19519
0,5045,75675000,75676500,1627,2711,75690000,19522
0,5046,75690000,75691500,1627,2711,75705000,19527
0,5047,75705000,75706500,1627,2711,75720000,19528
0,5048,75720000,75721500,1627,2711,75735000,19534
0,5049,75735000,75736500,1627,2711,75750000,19538
0,505,7575000,7576500,1627,2711,7590000,1952
0,5050,75750000,75751500,1627,2711,75765000,19542
0,5051,75765000,75766500,1627,2711,75780000,19543
0,5052,75780000,75781500,1627,2711,75795000,19550
0,5053,75795000,75796500,1627,2711,75810000,19554
0,5054,75810000,75811500,1627,2711,75825000,19557
0,5055,75825000,75826500,1627,2711,75840000,19559
0,5056,75840000,75841500,1627,2711,75855000,19565
0,5057,75855000,75856500,1627,2711,75870000,19568
0,5058,75870000,75871500,1627,2711,75885000,19574
0,5059,75885000,75886500,1627,2711,75900000,19575
0,506,7590000,7591500,1627,2711,7605000,1956
0,5060,75900000,75901500,1627,2711,75915000,19580
0,5061,75915000,75916500,1627,2711,75930000,19585
0,5062,75930000,75931500,1627,2711,75945000,19587
0,5063,75945000,75946500,1627,2711,75960000,19590
0,5064,75960000,75961500,1627,2711,75975000,19597
0,5065,75975000,75976500,1627,2711,75990000,19600
0,5066,75990000,75991500,1627,2711,76005000,19604
0,5067,76005000,76006500,1627,2711,76020000,19606
0,5068,76020000,76021500,1627,2711,76035000,19611
0,5069,76035000,76036500,1627,2711,76050000,19614
0,507,7605000,7606500,1627,2711,7620000,1959
0,5070,76050000,76051500,1627,2711,76065000,19620
0,5071,76065000,76066500,1627,2711,76080000,19621
0,5072,76080000,76081500,1627,2711,76095000,19627
0,5073,76095000,76096500,1627,2711,76110000,19631
0,5074,76110000,76111500,1627,2711,76125000,19635
0,5075,76125000,76126500,1627,2711,76140000,19636
0,5076,76140000,76141500,1627,2711,76155000,19643
0,5077,76155000,76156500,1627,2711,76170000,19647
0,5078,76170000,76171500,1627,2711,76185000,19650
0,5079,76185000,76186500,1627,2711,76200000,19652
0,508,7620000,7621500,1627,2711,7635000,1964
0,5080,76200000,76201500,1627,2711,76215000,19658
0,5081,76215000,76216500,1627,2711,76230000,19660
0,5082,76230000,76231500,1627,2711,76245000,19666
0,5083,76245000,76246500,1627,2711,76260000,19669
0,5084,76260000,76261500,1627,2711,76275000,19673
0,5085,76275000,76276500,1627,2711,76290000,19677
0,5086,76290000,76291500,1627,2711,76305000,19681
0,5087,76305000,76306500,1627,2711,76320000,19683
0,5088,76320000,76321500,1627,2711,76335000,19690
0,5089,76335000,76336500,1627,2711,76350000,19692
0,509,7635000,7636500,1627,2711,7650000,1967
0,5090,76350000,76351500,1627,2711,76365000,19696
0,5091,76365000,76366500,1627,2711,76380000,19700
0,5092,76380000,76381500,1627,2711,76395000,19704
0,5093,76395000,76396500,1627,2711,76410000,19708
0,5094,76410000,76411500,1627,2711,76425000,19712
0,5095,76425000,76426500,1627,2711,76440000,19713
0,5096,76440000,76441500,1627,2711,76455000,19721
0,5097,76455000,76456500,1627,2711,76470000,19724
0,5098,76470000,76471500,1627,2711,76485000,19727
0,5099,76485000,76486500,1627,2711,76500000,19728
0,51,765000,766500,1627,2711,780000,194
0,510,7650000,7651500,1627,2711,7665000,1972
0,5100,76500000,76501500,1627,2711,76515000,19737
0,5101,76515000,76516500,1627,2711,76530000,19740
0,5102,76530000,76531500,1627,2711,76545000,19742
0,5103,76545000,76546500,1627,2711,76560000,19745
0,5104,76560000,76561500,1627,2711,76575000,19751
0,5105,76575000,76576500,1627,2711,76590000,19754
0,5106,76590000,76591500,1627,2711,76605000,19760
0,5107,76605000,76606500,1627,2711,76620000,19761
0,5108,76620000,76621500,1627,2711,76635000,19765
0,5109,76635000,76636500,1627,2711,76650000,19770
0,511,7665000,7666500,1627,2711,7680000,1974
0,5110,76650000,76651500,1627,2711,76665000,19774
0,5111,76665000,76666500,1627,2711,76680000,19775
0,5112,76680000,76681500,1627,2711,76695000,19782
0,5113,76695000,76696500,1627,2711,76710000,19786
0,5114,76710000,76711500,1627,2711,76725000,19790
0,5115,76725000,76726500,1627,2711,76740000,19792
0,5116,76740000,76741500,1627,2711,76755000,19797
0,5117,76755000,76756500,1627,2711,76770000,19801
0,5118,76770000,76771500,1627,2711,76785000,19805
0,5119,76785000,76786500,1627,2711,76800000,19807
0,512,7680000,7681500,1627,2711,7695000,1979
0,5120,76800000,76801500,1627,2711,76815000,19813
0,5121,76815000,76816500,1627,2711,76830000,19816
0,5122,76830000,76831500,1627,2711,76845000,19820
0,5123,76845000,76846500,1627,2711,76860000,19822
0,5124,76860000,76861500,1627,2711,76875000,19829
0,5125,76875000,76876500,1627,2711,76890000,19832
0,5126,76890000,76891500,1627,2711,76905000,19836
0,5127,76905000,76906500,1627,2711,76920000,19838
0,5128,76920000,76921500,1627,2711,76935000,19844
0,5129,76935000,76936500,1627,2711,76950000,19846
0,513,7695000,7696500,1627,2711,7710000,1984
0,5130,76950000,76951500,1627,2711,76965000,19853
0,5131,76965000,76966500,1627,2711,76980000,19854
0,5132,76980000,76981500,1627,2711,76995000,19858
0,5133,76995000,76996500,1627,2711,77010000,19864
0,5134,77010000,77011500,1627,2711,77025000,19866
0,5135,77025000,77026500,1627,2711,77040000,19868
0,5136,77040000,77041500,1627,2711,77055000,19876
0,5137,77055000,77056500,1627,2711,77070000,19878
0,5138,77070000,77071500,1627,2711,77085000,19882
0,5139,77085000,77086500,1627,2711,77100000,19885
0,514,7710000,7711500,1627,2711,7725000,1987
0,5140,77100000,77101500,1627,2711,77115000,19890
0,5141,77115000,77116500,1627,2711,77130000,19893
0,5142,77130000,77131500,1627,2711,77145000,19898
0,5143,77145000,77146500,1627,2711,77160000,19901
0,5144,77160000,77161500,1627,2711,77175000,19906
0,5145,77175000,77176500,1627,2711,77190000,19909
0,5146,77190000,77191500,1627,2711,77205000,19913
0,5147,77205000,77206500,1627,2711,77220000,19915
0,5148,77220000,77221500,1627,2711,77235000,19922
0,5149,77235000,77236500,1627,2711,77250000,19925
0,515,7725000,7726500,1627,2711,7740000,1989
0,5150,77250000,77251500,1627,2711,77265000,19928
0,5151,77265000,77266500,1627,2711,77280000,19930
0,5152,77280000,77281500,1627,2711,77295000,19937
0,5153,77295000,77296500,1627,2711,77310000,19940
0,5154,77310000,77311500,1627,2711,77325000,19945
0,5155,77325000,77326500,1627,2711,77340000,19946
0,5156,77340000,77341500,1627,2711,77355000,19953
0,5157,77355000,77356500,1627,2711,77370000,19957
0,5158,77370000,77371500,1627,2711,77385000,19959
0,5159,77385000,77386500,1627,2711,77400000,19960
0,516,7740000,7741500,1627,2711,7755000,1996
0,5160,77400000,77401500,1627,2711,77415000,19968
0,5161,77415000,77416500,1627,2711,77430000,19972
0,5162,77430000,77431500,1627,2711,77445000,19975
0,5163,77445000,77446500,1627,2711,77460000,19978
0,5164,77460000,77461500,1627,2711,77475000,19982
0,5165,77475000,77476500,1627,2711,77490000,19986
0,5166,77490000,77491500,1627,2711,77505000,19992
0,5167,77505000,77506500,1627,2711,77520000,19993
0,5168,77520000,77521500,1627,2711,77535000,19998
0,5169,77535000,77536500,1627,2711,77550000,20002
0,517,7755000,7756500,1627,2711,7770000,1999
0,5170,77550000,77551500,1627,2711,77565000,20007
0,5171,77565000,77566500,1627,2711,77580000,20008
0,5172,77580000,77581500,1627,2711,77595000,20014
0,5173,77595000,77596500,1627,2711,77610000,20018
0,5174,77610000,77611500,1627,2711,77625000,20021
0,5175,77625000,77626500,1627,2711,77640000,20024
0,5176,77640000,77641500,1627,2711,77655000,20030
0,5177,77655000,77656500,1627,2711,77670000,20032
0,5178,77670000,77671500,1627,2711,77685000,20038
0,5179,77685000,77686500,1627,2711,77700000,20039
0,518,7770000,7771500,1627,2711,7785000,2002
0,5180,77700000,77701500,1627,2711,77715000,20045
0,5181,77715000,77716500,1627,2711,77730000,20049
0,5182,77730000,77731500,1627,2711,77745000,20052
0,5183,77745000,77746500,1627,2711,77760000,20054
0,5184,77760000,77761500,1627,2711,77775000,20062
0,5185,77775000,77776500,1627,2711,77790000,20064
0,5186,77790000,77791500,1627,2711,77805000,20068
0,5187,77805000,77806500,1627,2711,77820000,20071
0,5188,77820000,77821500,1627,2711,77835000,20075
0,5189,77835000,77836500,1627,2711,77850000,20079
0,519,7785000,7786500,1627,2711,7800000,2004
0,5190,77850000,77851500,1627,2711,77865000,20084
0,5191,77865000,77866500,1627,2711,77880000,20086
0,5192,77880000,77881500,1627,2711,77895000,20091
0,5193,77895000,77896500,1627,2711,77910000,20095
0,5194,77910000,77911500,1627,2711,77925000,20099
0,5195,77925000,77926500,1627,2711,77940000,20101
0,5196,77940000,77941500,1627,2711,77955000,20108
0,5197,77955000,77956500,1627,2711,77970000,20111
0,5198,77970000,77971500,1627,2711,77985000,20114
0,5199,77985000,77986500,1627,2711,78000000,20116
0,52,780000,781500,1627,2711,795000,199
0,520,7800000,7801500,1627,2711,7815000,2011
0,5200,78000000,78001500,1627,2711,78015000,20123
0,5201,78015000,78016500,1627,2711,78030000,20125
0,5202,78030000,78031500,1627,2711,78045000,20130
0,5203,78045000,78046500,1627,2711,78060000,20133
0,5204,78060000,78061500,1627,2711,78075000,20138
0,5205,78075000,78076500,1627,2711,78090000,20142
0,5206,78090000,78091500,1627,2711,78105000,20145
0,5207,78105000,78106500,1627,2711,78120000,20146
0,5208,78120000,78121500,1627,2711,78135000,20155
0,5209,78135000,78136500,1627,2711,78150000,20157
0,521,7815000,7816500,1627,2711,7830000,2013
0,5210,78150000,78151500,1627,2711,78165000,20161
0,5211,78165000,78166500,1627,2711,78180000,20163
0,5212,78180000,78181500,1627,2711,78195000,20168
0,5213,78195000,78196500,1627,2711,78210000,20173
0,5214,78210000,78211500,1627,2711,78225000,20177
0,5215,78225000,78226500,1627,2711,78240000,20178
0,5216,78240000,78241500,1627,2711,78255000,20184
0,5217,78255000,78256500,1627,2711,78270000,20189
0,5218,78270000,78271500,1627,2711,78285000,20192
0,5219,78285000,78286500,1627,2711,78300000,20193
0,522,7830000,7831500,1627,2711,7845000,2019
0,5220,78300000,78301500,1627,2711,78315000,20200
0,5221,78315000,78316500,1627,2711,78330000,20204
0,5222,78330000,78331500,1627,2711,78345000,20207
0,5223,78345000,78346500,1627,2711,78360000,20210
0,5224,78360000,78361500,1627,2711,78375000,20215
0,5225,78375000,78376500,1627,2711,78390000,20217
0,5226,78390000,78391500,1627,2711,78405000,20225
0,5227,78405000,78406500,1627,2711,78420000,20226
0,5228,78420000,78421500,1627,2711,78435000,20230
0,5229,78435000,78436500,1627,2711,78450000,20234
0,523,7845000,7846500,1627,2711,7860000,2021
0,5230,78450000,78451500,1627,2711,78465000,20238
0,5231,78465000,78466500,1627,2711,78480000,20240
0,5232,78480000,78481500,1627,2711,78495000,20247
0,5233,78495000,78496500,1627,2711,78510000,20250
0,5234,78510000,78511500,1627,2711,78525000,20254
0,5235,78525000,78526500,1627,2711,78540000,20256
0,5236,78540000,78541500,1627,2711,78555000,20262
0,5237,78555000,78556500,1627,2711,78570000,20265
0,5238,78570000,78571500,1627,2711,78585000,20269
0,5239,78585000,78586500,1627,2711,78600000,20271
0,524,7860000,7861500,1627,2711,7875000,2026
0,5240,78600000,78601500,1627,2711,78615000,20278
0,5241,78615000,78616500,1627,2711,78630000,20281
0,5242,78630000,78631500,1627,2711,78645000,20284
0,5243,78645000,78646500,1627,2711,78660000,20287
0,5244,78660000,78661500,1627,2711,78675000,20293
0,5245,78675000,78676500,1627,2711,78690000,20297
0,5246,78690000,78691500,1627,2711,78705000,20300
0,5247,78705000,78706500,1627,2711,78720000,20303
0,5248,78720000,78721500,1627,2711,78735000,20308
0,5249,78735000,78736500,1627,2711,78750000,20310
0,525,7875000,7876500,1627,2711,7890000,2030
0,5250,78750000,78751500,1627,2711,78765000,20317
0,5251,78765000,78766500,1627,2711,78780000,20318
0,5252,78780000,78781500,1627,2711,78795000,20323
0,5253,78795000,78796500,1627,2711,78810000,20328
0,5254,78810000,78811500,1627,2711,78825000,20331
0,5255,78825000,78826500,1627,2711,78840000,20332
0,5256,78840000,78841500,1627,2711,78855000,20341
0,5257,78855000,78856500,1627,2711,78870000,20343
0,5258,78870000,78871500,1627,2711,78885000,20346
0,5259,78885000,78886500,1627,2711,78900000,20349
0,526,7890000,7891500,1627,2711,7905000,2033
0,5260,78900000,78901500,1627,2711,78915000,20355
0,5261,78915000,78916500,1627,2711,78930000,20358
0,5262,78930000,78931500,1627,2711,78945000,20362
0,5263,78945000,78946500,1627,2711,78960000,20364
0,5264,78960000,78961500,1627,2711,78975000,20370
0,5265,78975000,78976500,1627,2711,78990000,20374
0,5266,78990000,78991500,1627,2711,79005000,20378
0,5267,79005000,79006500,1627,2711,79020000,20379
0,5268,79020000,79021500,1627,2711,79035000,20386
0,5269,79035000,79036500,1627,2711,79050000,20390
0,527,7905000,7906500,1627,2711,7920000,2035
0,5270,79050000,79051500,1627,2711,79065000,20393
0,5271,79065000,79066500,1627,2711,79080000,20395
0,5272,79080000,79081500,1627,2711,79095000,20400
0,5273,79095000,79096500,1627,2711,79110000,20405
0,5274,79110000,79111500,1627,2711,79125000,20410
0,5275,79125000,79126500,1627,2711,79140000,20411
0,5276,79140000,79141500,1627,2711,79155000,20416
0,5277,79155000,79156500,1627,2711,79170000,20420
0,5278,79170000,79171500,1627,2711,79185000,20424
0,5279,79185000,79186500,1627,2711,79200000,20425
0,528,7920000,7921500,1627,2711,7935000,2043
0,5280,79200000,79201500,1627,2711,79215000,20433
0,5281,79215000,79216500,1627,2711,79230000,20435
0,5282,79230000,79231500,1627,2711,79245000,20440
0,5283,79245000,79246500,1627,2711,79260000,20443
0,5284,79260000,79261500,1627,2711,79275000,20447
0,5285,79275000,79276500,1627,2711,79290000,20450
0,5286,79290000,79291500,1627,2711,79305000,20456
0,5287,79305000,79306500,1627,2711,79320000,20458
0,5288,79320000,79321500,1627,2711,79335000,20463
0,5289,79335000,79336500,1627,2711,79350000,20466
0,529,7935000,7936500,1627,2711,7950000,2045
0,5290,79350000,79351500,1627,2711,79365000,20470
0,5291,79365000,79366500,1627,2711,79380000,20472
0,5292,79380000,79381500,1627,2711,79395000,20479
0,5293,79395000,79396500,1627,2711,79410000,20483
0,5294,79410000,79411500,1627,2711,79425000,20485
0,5295,79425000,79426500,1627,2711,79440000,20488
0,5296,79440000,79441500,1627,2711,79455000,20495
0,5297,79455000,79456500,1627,2711,79470000,20497
0,5298,79470000,79471500,1627,2711,79485000,20502
0,5299,79485000,79486500,1627,2711,79500000,20504
0,53,795000,796500,1627,2711,810000,203
0,530,7950000,7951500,1627,2711,7965000,2049
0,5300,79500000,79501500,1627,2711,79515000,20509
0,5301,79515000,79516500,1627,2711,79530000,20514
0,5302,79530000,79531500,1627,2711,79545000,20516
0,5303,79545000,79546500,1627,2711,79560000,20518
0,5304,79560000,79561500,1627,2711,79575000,20526
0,5305,79575000,79576500,1627,2711,79590000,20528
0,5306,79590000,79591500,1627,2711,79605000,20533
0,5307,79605000,79606500,1627,2711,79620000,20535
0,5308,79620000,79621500,1627,2711,79635000,20540
0,5309,79635000,79636500,1627,2711,79650000,20543
0,531,7965000,7966500,1627,2711,7980000,2051
0,5310,79650000,79651500,1627,2711,79665000,20549
0,5311,79665000,79666500,1627,2711,79680000,20550
0,5312,79680000,79681500,1627,2711,79695000,20556
0,5313,79695000,79696500,1627,2711,79710000,20560
0,5314,79710000,79711500,1627,2711,79725000,20563
0,5315,79725000,79726500,1627,2711,79740000,20565
0,5316,79740000,79741500,1627,2711,79755000,20572
0,5317,79755000,79756500,1627,2711,79770000,20576
0,5318,79770000,79771500,1627,2711,79785000,20578
0,5319,79785000,79786500,1627,2711,79800000,20580
0,532,7980000,7981500,1627,2711,7995000,2056
0,5320,79800000,79801500,1627,2711,79815000,20587
0,5321,79815000,79816500,1627,2711,79830000,20590
0,5322,79830000,79831500,1627,2711,79845000,20595
0,5323,79845000,79846500,1627,2711,79860000,20597
0,5324,79860000,79861500,1627,2711,79875000,20602
0,5325,79875000,79876500,1627,2711,79890000,20607
0,5326,79890000,79891500,1627,2711,79905000,20610
0,5327,79905000,79906500,1627,2711,79920000,20611
0,5328,79920000,79921500,1627,2711,79935000,20618
0,5329,79935000,79936500,1627,2711,79950000,20621
0,533,7995000,7996500,1627,2711,8010000,2061
0,5330,79950000,79951500,1627,2711,79965000,20626
0,5331,79965000,79966500,1627,2711,79980000,20628
0,5332,79980000,79981500,1627,2711,79995000,20632
0,5333,79995000,79996500,1627,2711,80010000,20636
0,5334,80010000,80011500,1627,2711,80025000,20642
0,5335,80025000,80026500,1627,2711,80040000,20643
0,5336,80040000,80041500,1627,2711,80055000,20649
0,5337,80055000,80056500,1627,2711,80070000,20652
0,5338,80070000,80071500,1627,2711,80085000,20657
0,5339,80085000,80086500,1627,2711,80100000,20658
0,534,8010000,8011500,1627,2711,8025000,2065
0,5340,80100000,80101500,1627,2711,80115000,20665
0,5341,80115000,80116500,1627,2711,80130000,20668
0,5342,80130000,80131500,1627,2711,80145000,20670
0,5343,80145000,80146500,1627,2711,80160000,20675
0,5344,80160000,80161500,1627,2711,80175000,20680
0,5345,80175000,80176500,1627,2711,80190000,20682
0,5346,80190000,80191500,1627,2711,80205000,20688
0,5347,80205000,80206500,1627,2711,80220000,20690
0,5348,80220000,80221500,1627,2711,80235000,20695
0,5349,80235000,80236500,1627,2711,80250000,20699
0,535,8025000,8026500,1627,2711,8040000,2066
0,5350,80250000,80251500,1627,2711,80265000,20702
0,5351,80265000,80266500,1627,2711,80280000,20704
0,5352,80280000,80281500,1627,2711,80295000,20712
0,5353,80295000,80296500,1627,2711,80310000,20715
0,5354,80310000,80311500,1627,2711,80325000,20718
0,5355,80325000,80326500,1627,2711,80340000,20720
0,5356,80340000,80341500,1627,2711,80355000,20726
0,5357,80355000,80356500,1627,2711,80370000,20730
0,5358,80370000,80371500,1627,2711,80385000,20734
0,5359,80385000,80386500,1627,2711,80400000,20735
0,536,8040000,8041500,1627,2711,8055000,2073
0,5360,80400000,80401500,1627,2711,80415000,20742
0,5361,80415000,80416500,1627,2711,80430000,20745
0,5362,80430000,80431500,1627,2711,80445000,20749
0,5363,80445000,80446500,1627,2711,80460000,20751
0,5364,80460000,80461500,1627,2711,80475000,20758
0,5365,80475000,80476500,1627,2711,80490000,20761
0,5366,80490000,80491500,1627,2711,80505000,20765
0,5367,80505000,80506500,1627,2711,80520000,20767
0,5368,80520000,80521500,1627,2711,80535000,20772
0,5369,80535000,80536500,1627,2711,80550000,20775
0,537,8055000,8056500,1627,2711,8070000,2077
0,5370,80550000,80551500,1627,2711,80565000,20781
0,5371,80565000,80566500,1627,2711,80580000,20783
0,5372,80580000,80581500,1627,2711,80595000,20787
0,5373,80595000,80596500,1627,2711,80610000,20793
0,5374,80610000,80611500,1627,2711,80625000,20795
0,5375,80625000,80626500,1627,2711,80640000,20796
0,5376,80640000,80641500,1627,2711,80655000,20805
0,5377,80655000,80656500,1627,2711,80670000,20808
0,5378,80670000,80671500,1627,2711,80685000,20811
0,5379,80685000,80686500,1627,2711,80700000,20813
0,538,8070000,8071500,1627,2711,8085000,2080
0,5380,80700000,80701500,1627,2711,80715000,20819
0,5381,80715000,80716500,1627,2711,80730000,20822
0,5382,80730000,80731500,1627,2711,80745000,20827
0,5383,80745000,80746500,1627,2711,80760000,20829
0,5384,80760000,80761500,1627,2711,80775000,20834
0,5385,80775000,80776500,1627,2711,80790000,20838
0,5386,80790000,80791500,1627,2711,80805000,20843
0,5387,80805000,80806500,1627,2711,80820000,20844
0,5388,80820000,80821500,1627,2711,80835000,20850
0,5389,80835000,80836500,1627,2711,80850000,20853
0,539,8085000,8086500,1627,2711,8100000,2081
0,5390,80850000,80851500,1627,2711,80865000,20858
0,5391,80865000,80866500,1627,2711,80880000,20860
0,5392,80880000,80881500,1627,2711,80895000,20865
0,5393,80895000,80896500,1627,2711,80910000,20868
0,5394,80910000,80911500,1627,2711,80925000,20874
0,5395,80925000,80926500,1627,2711,80940000,20876
0,5396,80940000,80941500,1627,2711,80955000,20881
0,5397,80955000,80956500,1627,2711,80970000,20885
0,5398,80970000,80971500,1627,2711,80985000,20887
0,5399,80985000,80986500,1627,2711,81000000,20890
0,54,810000,811500,1627,2711,825000,207
0,540,8100000,8101500,1627,2711,8115000,2088
0,5400,81000000,81001500,1627,2711,81015000,20898
0,5401,81015000,81016500,1627,2711,81030000,20900
0,5402,81030000,81031500,1627,2711,81045000,20903
0,5403,81045000,81046500,1627,2711,81060000,20907
0,5404,81060000,81061500,1627,2711,81075000,20912
0,5405,81075000,81076500,1627,2711,81090000,20915
0,5406,81090000,81091500,1627,2711,81105000,20920
0,5407,81105000,81106500,1627,2711,81120000,20921
0,5408,81120000,81121500,1627,2711,81135000,20928
0,5409,81135000,81136500,1627,2711,81150000,20931
0,541,8115000,8116500,1627,2711,8130000,2093
0,5410,81150000,81151500,1627,2711,81165000,20935
0,5411,81165000,81166500,1627,2711,81180000,20936
0,5412,81180000,81181500,1627,2711,81195000,20943
0,5413,81195000,81196500,1627,2711,81210000,20948
0,5414,81210000,81211500,1627,2711,81225000,20950
0,5415,81225000,81226500,1627,2711,81240000,20952
0,5416,81240000,81241500,1627,2711,81255000,20959
0,5417,81255000,81256500,1627,2711,81270000,20961
0,5418,81270000,81271500,1627,2711,81285000,20967
0,5419,81285000,81286500,1627,2711,81300000,20968
0,542,8130000,8131500,1627,2711,8145000,2095
0,5420,81300000,81301500,1627,2711,81315000,20973
0,5421,81315000,81316500,1627,2711,81330000,20978
0,5422,81330000,81331500,1627,2711,81345000,20981
0,5423,81345000,81346500,1627,2711,81360000,20983
0,5424,81360000,81361500,1627,2711,81375000,20990
0,5425,81375000,81376500,1627,2711,81390000,20993
0,5426,81390000,81391500,1627,2711,81405000,20997
0,5427,81405000,81406500,1627,2711,81420000,21000
0,5428,81420000,81421500,1627,2711,81435000,21004
0,5429,81435000,81436500,1627,2711,81450000,21008
0,543,8145000,8146500,1627,2711,8160000,2098
0,5430,81450000,81451500,1627,2711,81465000,21013
0,5431,81465000,81466500,1627,2711,81480000,21014
0,5432,81480000,81481500,1627,2711,81495000,21020
0,5433,81495000,81496500,1627,2711,81510000,21024
0,5434,81510000,81511500,1627,2711,81525000,21028
0,5435,81525000,81526500,1627,2711,81540000,21029
0,5436,81540000,81541500,1627,2711,81555000,21037
0,5437,81555000,81556500,1627,2711,81570000,21040
0,5438,81570000,81571500,1627,2711,81585000,21043
0,5439,81585000,81586500,1627,2711,81600000,21045
0,544,8160000,8161500,1627,2711,8175000,2103
0,5440,81600000,81601500,1627,2711,81615000,21051
0,5441,81615000,81616500,1627,2711,81630000,21054
0,5442,81630000,81631500,1627,2711,81645000,21060
0,5443,81645000,81646500,1627,2711,81660000,21062
0,5444,81660000,81661500,1627,2711,81675000,21066
0,5445,81675000,81676500,1627,2711,81690000,21070
0,5446,81690000,81691500,1627,2711,81705000,21074
0,5447,81705000,81706500,1627,2711,81720000,21076
0,5448,81720000,81721500,1627,2711,81735000,21083
0,5449,81735000,81736500,1627,2711,81750000,21085
0,545,8175000,8176500,1627,2711,8190000,2105
0,5450,81750000,81751500,1627,2711,81765000,21090
0,5451,81765000,81766500,1627,2711,81780000,21093
0,5452,81780000,81781500,1627,2711,81795000,21097
0,5453,81795000,81796500,1627,2711,81810000,21101
0,5454,81810000,81811500,1627,2711,81825000,21105
0,5455,81825000,81826500,1627,2711,81840000,21108
0,5456,81840000,81841500,1627,2711,81855000,21114
0,5457,81855000,81856500,1627,2711,81870000,21117
0,5458,81870000,81871500,1627,2711,81885000,21120
0,5459,81885000,81886500,1627,2711,81900000,21121
0,546,8190000,8191500,1627,2711,8205000,2113
0,5460,81900000,81901500,1627,2711,81915000,21130
0,5461,81915000,81916500,1627,2711,81930000,21133
0,5462,81930000,81931500,1627,2711,81945000,21135
0,5463,81945000,81946500,1627,2711,81960000,21138
0,5464,81960000,81961500,1627,2711,81975000,21145
0,5465,81975000,81976500,1627,2711,81990000,21147
0,5466,81990000,81991500,1627,2711,82005000,21153
0,5467,82005000,82006500,1627,2711,82020000,21154
0,5468,82020000,82021500,1627,2711,82035000,21159
0,5469,82035000,82036500,1627,2711,82050000,21164
0,547,8205000,8206500,1627,2711,8220000,2114
0,5470,82050000,82051500,1627,2711,82065000,21167
0,5471,82065000,82066500,1627,2711,82080000,21168
0,5472,82080000,82081500,1627,2711,82095000,21175
0,5473,82095000,82096500,1627,2711,82110000,21179
0,5474,82110000,82111500,1627,2711,82125000,21183
0,5475,82125000,82126500,1627,2711,82140000,21185
0,5476,82140000,82141500,1627,2711,82155000,21190
0,5477,82155000,82156500,1627,2711,82170000,21194
0,5478,82170000,82171500,1627,2711,82185000,21199
0,5479,82185000,82186500,1627,2711,82200000,21200
0,548,8220000,8221500,1627,2711,8235000,2118
0,5480,82200000,82201500,1627,2711,82215000,21206
0,5481,82215000,82216500,1627,2711,82230000,21210
0,5482,82230000,82231500,1627,2711,82245000,21213
0,5483,82245000,82246500,1627,2711,82260000,21216
0,5484,82260000,82261500,1627,2711,82275000,21222
0,5485,82275000,82276500,1627,2711,82290000,21225
0,5486,82290000,82291500,1627,2711,82305000,21229
0,5487,82305000,82306500,1627,2711,82320000,21231
0,5488,82320000,82321500,1627,2711,82335000,21237
0,5489,82335000,82336500,1627,2711,82350000,21239
0,549,8235000,8236500,1627,2711,8250000,2122
0,5490,82350000,82351500,1627,2711,82365000,21246
0,5491,82365000,82366500,1627,2711,82380000,21247
0,5492,82380000,82381500,1627,2711,82395000,21252
0,5493,82395000,82396500,1627,2711,82410000,21257
0,5494,82410000,82411500,1627,2711,82425000,21260
0,5495,82425000,82426500,1627,2711,82440000,21261
0,5496,82440000,82441500,1627,2711,82455000,21269
0,5497,82455000,82456500,1627,2711,82470000,21272
0,5498,82470000,82471500,1627,2711,82485000,21275
0,5499,82485000,82486500,1627,2711,82500000,21278
0,55,825000,826500,1627,2711,840000,208
0,550,8250000,8251500,1627,2711,8265000,2127
0,5500,82500000,82501500,1627,2711,82515000,21283
0,5501,82515000,82516500,1627,2711,82530000,21286
0,5502,82530000,82531500,1627,2711,82545000,21291
0,5503,82545000,82546500,1627,2711,82560000,21294
0,5504,82560000,82561500,1627,2711,82575000,21299
0,5505,82575000,82576500,1627,2711,82590000,21302
0,5506,82590000,82591500,1627,2711,82605000,21307
0,5507,82605000,82606500,1627,2711,82620000,21309
0,5508,82620000,82621500,1627,2711,82635000,21315
0,5509,82635000,82636500,1627,2711,82650000,21318
0,551,8265000,8266500,1627,2711,8280000,2128
0,5510,82650000,82651500,1627,2711,82665000,21321
0,5511,82665000,82666500,1627,2711,82680000,21324
0,5512,82680000,82681500,1627,2711,82695000,21330
0,5513,82695000,82696500,1627,2711,82710000,21333
0,5514,82710000,82711500,1627,2711,82725000,21338
0,5515,82725000,82726500,1627,2711,82740000,21339
0,5516,82740000,82741500,1627,2711,82755000,21346
0,5517,82755000,82756500,1627,2711,82770000,21350
0,5518,82770000,82771500,1627,2711,82785000,21352
0,5519,82785000,82786500,1627,2711,82800000,21353
0,552,8280000,8281500,1627,2711,8295000,2135
0,5520,82800000,82801500,1627,2711,82815000,21363
0,5521,82815000,82816500,1627,2711,82830000,21365
0,5522,82830000,82831500,1627,2711,82845000,21368
0,5523,82845000,82846500,1627,2711,82860000,21371
0,5524,82860000,82861500,1627,2711,82875000,21375
0,5525,82875000,82876500,1627,2711,82890000,21380
0,5526,82890000,82891500,1627,2711,82905000,21385
0,5527,82905000,82906500,1627,2711,82920000,21386
0,5528,82920000,82921500,1627,2711,82935000,21391
0,5529,82935000,82936500,1627,2711,82950000,21395
0,553,8295000,8296500,1627,2711,8310000,2138
0,5530,82950000,82951500,1627,2711,82965000,21400
0,5531,82965000,82966500,1627,2711,82980000,21401
0,5532,82980000,82981500,1627,2711,82995000,21407
0,5533,82995000,82996500,1627,2711,83010000,21412
0,5534,83010000,83011500,1627,2711,83025000,21415
0,5535,83025000,83026500,1627,2711,83040000,21417
0,5536,83040000,83041500,1627,2711,83055000,21423
0,5537,83055000,83056500,1627,2711,83070000,21425
0,5538,83070000,83071500,1627,2711,83085000,21431
0,5539,83085000,83086500,1627,2711,83100000,21433
0,554,8310000,8311500,1627,2711,8325000,2142
0,5540,83100000,83101500,1627,2711,83115000,21438
0,5541,83115000,83116500,1627,2711,83130000,21442
0,5542,83130000,83131500,1627,2711,83145000,21445
0,5543,83145000,83146500,1627,2711,83160000,21447
0,5544,83160000,83161500,1627,2711,83175000,21455
0,5545,83175000,83176500,1627,2711,83190000,21457
0,5546,83190000,83191500,1627,2711,83205000,21462
0,5547,83205000,83206500,1627,2711,83220000,21464
0,5548,83220000,83221500,1627,2711,83235000,21469
0,5549,83235000,83236500,1627,2711,83250000,21472
0,555,8325000,8326500,1627,2711,8340000,2145
0,5550,83250000,83251500,1627,2711,83265000,21477
0,5551,83265000,83266500,1627,2711,83280000,21479
0,5552,83280000,83281500,1627,2711,83295000,21484
0,5553,83295000,83296500,1627,2711,83310000,21489
0,5554,83310000,83311500,1627,2711,83325000,21492
0,5555,83325000,83326500,1627,2711,83340000,21494
0,5556,83340000,83341500,1627,2711,83355000,21501
0,5557,83355000,83356500,1627,2711,83370000,21504
0,5558,83370000,83371500,1627,2711,83385000,21507
0,5559,83385000,83386500,1627,2711,83400000,21510
0,556,8340000,8341500,1627,2711,8355000,2150
0,5560,83400000,83401500,1627,2711,83415000,21516
0,5561,83415000,83416500,1627,2711,83430000,21518
0,5562,83430000,83431500,1627,2711,83445000,21524
0,5563,83445000,83446500,1627,2711,83460000,21526
0,5564,83460000,83461500,1627,2711,83475000,21531
0,5565,83475000,83476500,1627,2711,83490000,21535
0,5566,83490000,83491500,1627,2711,83505000,21538
0,5567,83505000,83506500,1627,2711,83520000,21540
0,5568,83520000,83521500,1627,2711,83535000,21548
0,5569,83535000,83536500,1627,2711,83550000,21550
0,557,8355000,8356500,1627,2711,8370000,2153
0,5570,83550000,83551500,1627,2711,83565000,21554
0,5571,83565000,83566500,1627,2711,83580000,21556
0,5572,83580000,83581500,1627,2711,83595000,21562
0,5573,83595000,83596500,1627,2711,83610000,21566
0,5574,83610000,83611500,1627,2711,83625000,21570
0,5575,83625000,83626500,1627,2711,83640000,21571
0,5576,83640000,83641500,1627,2711,83655000,21578
0,5577,83655000,83656500,1627,2711,83670000,21582
0,5578,83670000,83671500,1627,2711,83685000,21585
0,5579,83685000,83686500,1627,2711,83700000,21586
0,558,8370000,8371500,1627,2711,8385000,2157
0,5580,83700000,83701500,1627,2711,83715000,21593
0,5581,83715000,83716500,1627,2711,83730000,21598
0,5582,83730000,83731500,1627,2711,83745000,21600
0,5583,83745000,83746500,1627,2711,83760000,21603
0,5584,83760000,83761500,1627,2711,83775000,21608
0,5585,83775000,83776500,1627,2711,83790000,21611
0,5586,83790000,83791500,1627,2711,83805000,21618
0,5587,83805000,83806500,1627,2711,83820000,21619
0,5588,83820000,83821500,1627,2711,83835000,21623
0,5589,83835000,83836500,1627,2711,83850000,21627
0,559,8385000,8386500,1627,2711,8400000,2159
0,5590,83850000,83851500,1627,2711,83865000,21632
0,5591,83865000,83866500,1627,2711,83880000,21633
0,5592,83880000,83881500,1627,2711,83895000,21640
0,5593,83895000,83896500,1627,2711,83910000,21643
0,5594,83910000,83911500,1627,2711,83925000,21647
0,5595,83925000,83926500,1627,2711,83940000,21650
0,5596,83940000,83941500,1627,2711,83955000,21655
0,5597,83955000,83956500,1627,2711,83970000,21658
0,5598,83970000,83971500,1627,2711,83985000,21663
0,5599,83985000,83986500,1627,2711,84000000,21664
0,56,840000,841500,1627,2711,855000,216
0,560,8400000,8401500,1627,2711,8415000,2166
0,5600,84000000,84001500,1627,2711,84015000,21671
0,5601,84015000,84016500,1627,2711,84030000,21674
0,5602,84030000,84031500,1627,2711,84045000,21677
0,5603,84045000,84046500,1627,2711,84060000,21680
0,5604,84060000,84061500,1627,2711,84075000,21687
0,5605,84075000,84076500,1627,2711,84090000,21690
0,5606,84090000,84091500,1627,2711,84105000,21693
0,5607,84105000,84106500,1627,2711,84120000,21696
0,5608,84120000,84121500,1627,2711,84135000,21701
0,5609,84135000,84136500,1627,2711,84150000,21704
0,561,8415000,8416500,1627,2711,8430000,2169
0,5610,84150000,84151500,1627,2711,84165000,21710
0,5611,84165000,84166500,1627,2711,84180000,21712
0,5612,84180000,84181500,1627,2711,84195000,21716
0,5613,84195000,84196500,1627,2711,84210000,21721
0,5614,84210000,84211500,1627,2711,84225000,21724
0,5615,84225000,84226500,1627,2711,84240000,21725
0,5616,84240000,84241500,1627,2711,84255000,21734
0,5617,84255000,84256500,1627,2711,84270000,21736
0,5618,84270000,84271500,1627,2711,84285000,21740
0,5619,84285000,84286500,1627,2711,84300000,21742
0,562,8430000,8431500,1627,2711,8445000,2172
0,5620,84300000,84301500,1627,2711,84315000,21748
0,5621,84315000,84316500,1627,2711,84330000,21751
0,5622,84330000,84331500,1627,2711,84345000,21755
0,5623,84345000,84346500,1627,2711,84360000,21758
0,5624,84360000,84361500,1627,2711,84375000,21764
0,5625,84375000,84376500,1627,2711,84390000,21767
0,5626,84390000,84391500,1627,2711,84405000,21771
0,5627,84405000,84406500,1627,2711,84420000,21772
0,5628,84420000,84421500,1627,2711,84435000,21779
0,5629,84435000,84436500,1627,2711,84450000,21783
0,563,8445000,8446500,1627,2711,8460000,2175
0,5630,84450000,84451500,1627,2711,84465000,21786
0,5631,84465000,84466500,1627,2711,84480000,21788
0,5632,84480000,84481500,1627,2711,84495000,21794
0,5633,84495000,84496500,1627,2711,84510000,21798
0,5634,84510000,84511500,1627,2711,84525000,21803
0,5635,84525000,84526500,1627,2711,84540000,21804
0,5636,84540000,84541500,1627,2711,84555000,21809
0,5637,84555000,84556500,1627,2711,84570000,21815
0,5638,84570000,84571500,1627,2711,84585000,21817
0,5639,84585000,84586500,1627,2711,84600000,21818
0,564,8460000,8461500,1627,2711,8475000,2182
0,5640,84600000,84601500,1627,2711,84615000,21826
0,5641,84615000,84616500,1627,2711,84630000,21828
0,5642,84630000,84631500,1627,2711,84645000,21833
0,5643,84645000,84646500,1627,2711,84660000,21836
0,5644,84660000,84661500,1627,2711,84675000,21840
0,5645,84675000,84676500,1627,2711,84690000,21843
0,5646,84690000,84691500,1627,2711,84705000,21850
0,5647,84705000,84706500,1627,2711,84720000,21851
0,5648,84720000,84721500,1627,2711,84735000,21856
0,5649,84735000,84736500,1627,2711,84750000,21859
0,565,8475000,8476500,1627,2711,8490000,2185
0,5650,84750000,84751500,1627,2711,84765000,21864
0,5651,84765000,84766500,1627,2711,84780000,21866
0,5652,84780000,84781500,1627,2711,84795000,21872
0,5653,84795000,84796500,1627,2711,84810000,21876
0,5654,84810000,84811500,1627,2711,84825000,21878
0,5655,84825000,84826500,1627,2711,84840000,21881
0,5656,84840000,84841500,1627,2711,84855000,21888
0,5657,84855000,84856500,1627,2711,84870000,21890
0,5658,84870000,84871500,1627,2711,84885000,21895
0,5659,84885000,84886500,1627,2711,84900000,21897
0,566,8490000,8491500,1627,2711,8505000,2188
0,5660,84900000,84901500,1627,2711,84915000,21903
0,5661,84915000,84916500,1627,2711,84930000,21907
0,5662,84930000,84931500,1627,2711,84945000,21909
0,5663,84945000,84946500,1627,2711,84960000,21912
0,5664,84960000,84961500,1627,2711,84975000,21919
0,5665,84975000,84976500,1627,2711,84990000,21922
0,5666,84990000,84991500,1627,2711,85005000,21926
0,5667,85005000,85006500,1627,2711,85020000,21928
0,5668,85020000,85021500,1627,2711,85035000,21933
0,5669,85035000,85036500,1627,2711,85050000,21936
0,567,8505000,8506500,1627,2711,8520000,2191
0,5670,85050000,85051500,1627,2711,85065000,21942
0,5671,85065000,85066500,1627,2711,85080000,21943
0,5672,85080000,85081500,1627,2711,85095000,21949
0,5673,85095000,85096500,1627,2711,85110000,21953
0,5674,85110000,85111500,1627,2711,85125000,21957
0,5675,85125000,85126500,1627,2711,85140000,21958
0,5676,85140000,85141500,1627,2711,85155000,21966
0,5677,85155000,85156500,1627,2711,85170000,21969
0,5678,85170000,85171500,1627,2711,85185000,21971
0,5679,85185000,85186500,1627,2711,85200000,21974
0,568,8520000,8521500,1627,2711,8535000,2196
0,5680,85200000,85201500,1627,2711,85215000,21980
0,5681,85215000,85216500,1627,2711,85230000,21983
0,5682,85230000,85231500,1627,2711,85245000,21988
0,5683,85245000,85246500,1627,2711,85260000,21990
0,5684,85260000,85261500,1627,2711,85275000,21995
0,5685,85275000,85276500,1627,2711,85290000,22000
0,5686,85290000,85291500,1627,2711,85305000,22003
0,5687,85305000,85306500,1627,2711,85320000,22004
0,5688,85320000,85321500,1627,2711,85335000,22012
0,5689,85335000,85336500,1627,2711,85350000,22015
0,569,8535000,8536500,1627,2711,8550000,2199
0,5690,85350000,85351500,1627,2711,85365000,22019
0,5691,85365000,85366500,1627,2711,85380000,22021
0,5692,85380000,85381500,1627,2711,85395000,22025
0,5693,85395000,85396500,1627,2711,85410000,22030
0,5694,85410000,85411500,1627,2711,85425000,22035
0,5695,85425000,85426500,1627,2711,85440000,22036
0,5696,85440000,85441500,1627,2711,85455000,22042
0,5697,85455000,85456500,1627,2711,85470000,22045
0,5698,85470000,85471500,1627,2711,85485000,22050
0,5699,85485000,85486500,1627,2711,85500000,22051
0,57,855000,856500,1627,2711,870000,219
0,570,8550000,8551500,1627,2711,8565000,2205
0,5700,85500000,85501500,1627,2711,85515000,22058
0,5701,85515000,85516500,1627,2711,85530000,22061
0,5702,85530000,85531500,1627,2711,85545000,22065
0,5703,85545000,85546500,1627,2711,85560000,22068
0,5704,85560000,85561500,1627,2711,85575000,22073
0,5705,85575000,85576500,1627,2711,85590000,22075
0,5706,85590000,85591500,1627,2711,85605000,22081
0,5707,85605000,85606500,1627,2711,85620000,22084
0,5708,85620000,85621500,1627,2711,85635000,22088
0,5709,85635000,85636500,1627,2711,85650000,22092
0,571,8565000,8566500,1627,2711,8580000,2206
0,5710,85650000,85651500,1627,2711,85665000,22095
0,5711,85665000,85666500,1627,2711,85680000,22097
0,5712,85680000,85681500,1627,2711,85695000,22105
0,5713,85695000,85696500,1627,2711,85710000,22108
0,5714,85710000,85711500,1627,2711,85725000,22111
0,5715,85725000,85726500,1627,2711,85740000,22114
0,5716,85740000,85741500,1627,2711,85755000,22120
0,5717,85755000,85756500,1627,2711,85770000,22123
0,5718,85770000,85771500,1627,2711,85785000,22127
0,5719,85785000,85786500,1627,2711,85800000,22128
0,572,8580000,8581500,1627,2711,8595000,2211
0,5720,85800000,85801500,1627,2711,85815000,22135
0,5721,85815000,85816500,1627,2711,85830000,22139
0,5722,85830000,85831500,1627,2711,85845000,22142
0,5723,85845000,85846500,1627,2711,85860000,22144
0,5724,85860000,85861500,1627,2711,85875000,22151
0,5725,85875000,85876500,1627,2711,85890000,22154
0,5726,85890000,85891500,1627,2711,85905000,22158
0,5727,85905000,85906500,1627,2711,85920000,22160
0,5728,85920000,85921500,1627,2711,85935000,22166
0,5729,85935000,85936500,1627,2711,85950000,22168
0,573,8595000,8596500,1627,2711,8610000,2216
0,5730,85950000,85951500,1627,2711,85965000,22175
0,5731,85965000,85966500,1627,2711,85980000,22176
0,5732,85980000,85981500,1627,2711,85995000,22180
0,5733,85995000,85996500,1627,2711,86010000,22186
0,5734,86010000,86011500,1627,2711,86025000,22188
0,5735,86025000,86026500,1627,2711,86040000,22190
0,5736,86040000,86041500,1627,2711,86055000,22198
0,5737,86055000,86056500,1627,2711,86070000,22201
0,5738,86070000,86071500,1627,2711,86085000,22204
0,5739,86085000,86086500,1627,2711,86100000,22206
0,574,8610000,8611500,1627,2711,8625000,2219
0,5740,86100000,86101500,1627,2711,86115000,22212
0,5741,86115000,86116500,1627,2711,86130000,22216
0,5742,86130000,86131500,1627,2711,86145000,22220
0,5743,86145000,86146500,1627,2711,86160000,22222
0,5744,86160000,86161500,1627,2711,86175000,22228
0,5745,86175000,86176500,1627,2711,86190000,22231
0,5746,86190000,86191500,1627,2711,86205000,22236
0,5747,86205000,86206500,1627,2711,86220000,22237
0,5748,86220000,86221500,1627,2711,86235000,22243
0,5749,86235000,86236500,1627,2711,86250000,22247
0,575,8625000,8626500,1627,2711,8640000,2220
0,5750,86250000,86251500,1627,2711,86265000,22251
0,5751,86265000,86266500,1627,2711,86280000,22253
0,5752,86280000,86281500,1627,2711,86295000,22258
0,5753,86295000,86296500,1627,2711,86310000,22261
0,5754,86310000,86311500,1627,2711,86325000,22268
0,5755,86325000,86326500,1627,2711,86340000,22269
0,5756,86340000,86341500,1627,2711,86355000,22274
0,5757,86355000,86356500,1627,2711,86370000,22278
0,5758,86370000,86371500,1627,2711,86385000,22281
0,5759,86385000,86386500,1627,2711,86400000,22283
0,576,8640000,8641500,1627,2711,8655000,2229
0,5760,86400000,86401500,1627,2711,86415000,22291
0,5761,86415000,86416500,1627,2711,86430000,22293
0,5762,86430000,86431500,1627,2711,86445000,22296
0,5763,86445000,86446500,1627,2711,86460000,22301
0,5764,86460000,86461500,1627,2711,86475000,22305
0,5765,86475000,86476500,1627,2711,86490000,22308
0,5766,86490000,86491500,1627,2711,86505000,22313
0,5767,86505000,86506500,1627,2711,86520000,22315
0,5768,86520000,86521500,1627,2711,86535000,22321
0,5769,86535000,86536500,1627,2711,86550000,22324
0,577,8655000,8656500,1627,2711,8670000,2231
0,5770,86550000,86551500,1627,2711,86565000,22328
0,5771,86565000,86566500,1627,2711,86580000,22329
0,5772,86580000,86581500,1627,2711,86595000,22337
0,5773,86595000,86596500,1627,2711,86610000,22341
0,5774,86610000,86611500,1627,2711,86625000,22343
0,5775,86625000,86626500,1627,2711,86640000,22345
0,5776,86640000,86641500,1627,2711,86655000,22352
0,5777,86655000,86656500,1627,2711,86670000,22355
0,5778,86670000,86671500,1627,2711,86685000,22360
0,5779,86685000,86686500,1627,2711,86700000,22361
0,578,8670000,8671500,1627,2711,8685000,2235
0,5780,86700000,86701500,1627,2711,86715000,22367
0,5781,86715000,86716500,1627,2711,86730000,22371
0,5782,86730000,86731500,1627,2711,86745000,22374
0,5783,86745000,86746500,1627,2711,86760000,22376
0,5784,86760000,86761500,1627,2711,86775000,22383
0,5785,86775000,86776500,1627,2711,86790000,22386
0,5786,86790000,86791500,1627,2711,86805000,22391
0,5787,86805000,86806500,1627,2711,86820000,22393
0,5788,86820000,86821500,1627,2711,86835000,22397
0,5789,86835000,86836500,1627,2711,86850000,22401
0,579,8685000,8686500,1627,2711,8700000,2237
0,5790,86850000,86851500,1627,2711,86865000,22406
0,5791,86865000,86866500,1627,2711,86880000,22408
0,5792,86880000,86881500,1627,2711,86895000,22413
0,5793,86895000,86896500,1627,2711,86910000,22418
0,5794,86910000,86911500,1627,2711,86925000,22421
0,5795,86925000,86926500,1627,2711,86940000,22422
0,5796,86940000,86941500,1627,2711,86955000,22430
0,5797,86955000,86956500,1627,2711,86970000,22433
0,5798,86970000,86971500,1627,2711,86985000,22436
0,5799,86985000,86986500,1627,2711,87000000,22438
0,58,870000,871500,1627,2711,885000,222
0,580,8700000,8701500,1627,2711,8715000,2243
0,5800,87000000,87001500,1627,2711,87015000,22445
0,5801,87015000,87016500,1627,2711,87030000,22447
0,5802,87030000,87031500,1627,2711,87045000,22453
0,5803,87045000,87046500,1627,2711,87060000,22455
0,5804,87060000,87061500,1627,2711,87075000,22459
0,5805,87075000,87076500,1627,2711,87090000,22464
0,5806,87090000,87091500,1627,2711,87105000,22468
0,5807,87105000,87106500,1627,2711,87120000,22469
0,5808,87120000,87121500,1627,2711,87135000,22476
0,5809,87135000,87136500,1627,2711,87150000,22478
0,581,8715000,8716500,1627,2711,8730000,2246
0,5810,87150000,87151500,1627,2711,87165000,22483
0,5811,87165000,87166500,1627,2711,87180000,22486
0,5812,87180000,87181500,1627,2711,87195000,22490
0,5813,87195000,87196500,1627,2711,87210000,22494
0,5814,87210000,87211500,1627,2711,87225000,22499
0,5815,87225000,87226500,1627,2711,87240000,22501
0,5816,87240000,87241500,1627,2711,87255000,22507
0,5817,87255000,87256500,1627,2711,87270000,22510
0,5818,87270000,87271500,1627,2711,87285000,22513
0,5819,87285000,87286500,1627,2711,87300000,22516
0,582,8730000,8731500,1627,2711,8745000,2250
0,5820,87300000,87301500,1627,2711,87315000,22523
0,5821,87315000,87316500,1627,2711,87330000,22526
0,5822,87330000,87331500,1627,2711,87345000,22528
0,5823,87345000,87346500,1627,2711,87360000,22531
0,5824,87360000,87361500,1627,2711,87375000,22538
0,5825,87375000,87376500,1627,2711,87390000,22540
0,5826,87390000,87391500,1627,2711,87405000,22546
0,5827,87405000,87406500,1627,2711,87420000,22547
0,5828,87420000,87421500,1627,2711,87435000,22553
0,5829,87435000,87436500,1627,2711,87450000,22557
0,583,8745000,8746500,1627,2711,8760000,2253
0,5830,87450000,87451500,1627,2711,87465000,22560
0,5831,87465000,87466500,1627,2711,87480000,22561
0,5832,87480000,87481500,1627,2711,87495000,22569
0,5833,87495000,87496500,1627,2711,87510000,22573
0,5834,87510000,87511500,1627,2711,87525000,22576
0,5835,87525000,87526500,1627,2711,87540000,22578
0,5836,87540000,87541500,1627,2711,87555000,22583
0,5837,87555000,87556500,1627,2711,87570000,22587
0,5838,87570000,87571500,1627,2711,87585000,22592
0,5839,87585000,87586500,1627,2711,87600000,22593
0,584,8760000,8761500,1627,2711,8775000,2258
0,5840,87600000,87601500,1627,2711,87615000,22599
0,5841,87615000,87616500,1627,2711,87630000,22603
0,5842,87630000,87631500,1627,2711,87645000,22607
0,5843,87645000,87646500,1627,2711,87660000,22609
0,5844,87660000,87661500,1627,2711,87675000,22615
0,5845,87675000,87676500,1627,2711,87690000,22619
0,5846,87690000,87691500,1627,2711,87705000,22622
0,5847,87705000,87706500,1627,2711,87720000,22625
0,5848,87720000,87721500,1627,2711,87735000,22630
0,5849,87735000,87736500,1627,2711,87750000,22632
0,585,8775000,8776500,1627,2711,8790000,2262
0,5850,87750000,87751500,1627,2711,87765000,22639
0,5851,87765000,87766500,1627,2711,87780000,22640
0,5852,87780000,87781500,1627,2711,87795000,22645
0,5853,87795000,87796500,1627,2711,87810000,22650
0,5854,87810000,87811500,1627,2711,87825000,22653
0,5855,87825000,87826500,1627,2711,87840000,22654
0,5856,87840000,87841500,1627,2711,87855000,22663
0,5857,87855000,87856500,1627,2711,87870000,22665
0,5858,87870000,87871500,1627,2711,87885000,22669
0,5859,87885000,87886500,1627,2711,87900000,22671
0,586,8790000,8791500,1627,2711,8805000,2266
0,5860,87900000,87901500,1627,2711,87915000,22676
0,5861,87915000,87916500,1627,2711,87930000,22680
0,5862,87930000,87931500,1627,2711,87945000,22684
0,5863,87945000,87946500,1627,2711,87960000,22687
0,5864,87960000,87961500,1627,2711,87975000,22692
0,5865,87975000,87976500,1627,2711,87990000,22695
0,5866,87990000,87991500,1627,2711,88005000,22700
0,5867,88005000,88006500,1627,2711,88020000,22702
0,5868,88020000,88021500,1627,2711,88035000,22708
0,5869,88035000,88036500,1627,2711,88050000,22711
0,587,8805000,8806500,1627,2711,8820000,2267
0,5870,88050000,88051500,1627,2711,88065000,22715
0,5871,88065000,88066500,1627,2711,88080000,22718
0,5872,88080000,88081500,1627,2711,88095000,22723
0,5873,88095000,88096500,1627,2711,88110000,22726
0,5874,88110000,88111500,1627,2711,88125000,22731
0,5875,88125000,88126500,1627,2711,88140000,22733
0,5876,88140000,88141500,1627,2711,88155000,22739
0,5877,88155000,88156500,1627,2711,88170000,22743
0,5878,88170000,88171500,1627,2711,88185000,22745
0,5879,88185000,88186500,1627,2711,88200000,22746
0,588,8820000,8821500,1627,2711,8835000,2274
0,5880,88200000,88201500,1627,2711,88215000,22756
0,5881,88215000,88216500,1627,2711,88230000,22758
0,5882,88230000,88231500,1627,2711,88245000,22761
0,5883,88245000,88246500,1627,2711,88260000,22764
0,5884,88260000,88261500,1627,2711,88275000,22770
0,5885,88275000,88276500,1627,2711,88290000,22773
0,5886,88290000,88291500,1627,2711,88305000,22778
0,5887,88305000,88306500,1627,2711,88320000,22779
0,5888,88320000,88321500,1627,2711,88335000,22784
0,5889,88335000,88336500,1627,2711,88350000,22789
0,589,8835000,8836500,1627,2711,8850000,2278
0,5890,88350000,88351500,1627,2711,88365000,22793
0,5891,88365000,88366500,1627,2711,88380000,22794
0,5892,88380000,88381500,1627,2711,88395000,22800
0,5893,88395000,88396500,1627,2711,88410000,22805
0,5894,88410000,88411500,1627,2711,88425000,22808
0,5895,88425000,88426500,1627,2711,88440000,22810
0,5896,88440000,88441500,1627,2711,88455000,22816
0,5897,88455000,88456500,1627,2711,88470000,22819
0,5898,88470000,88471500,1627,2711,88485000,22825
0,5899,88485000,88486500,1627,2711,88500000,22826
0,59,885000,886500,1627,2711,900000,223
0,590,8850000,8851500,1627,2711,8865000,2281
0,5900,88500000,88501500,1627,2711,88515000,22831
0,5901,88515000,88516500,1627,2711,88530000,22835
0,5902,88530000,88531500,1627,2711,88545000,22838
0,5903,88545000,88546500,1627,2711,88560000,22841
0,5904,88560000,88561500,1627,2711,88575000,22848
0,5905,88575000,88576500,1627,2711,88590000,22850
0,5906,88590000,88591500,1627,2711,88605000,22855
0,5907,88605000,88606500,1627,2711,88620000,22857
0,5908,88620000,88621500,1627,2711,88635000,22862
0,5909,88635000,88636500,1627,2711,88650000,22865
0,591,8865000,8866500,1627,2711,8880000,2283
0,5910,88650000,88651500,1627,2711,88665000,22871
0,5911,88665000,88666500,1627,2711,88680000,22872
0,5912,88680000,88681500,1627,2711,88695000,22878
0,5913,88695000,88696500,1627,2711,88710000,22882
0,5914,88710000,88711500,1627,2711,88725000,22885
0,5915,88725000,88726500,1627,2711,88740000,22887
0,5916,88740000,88741500,1627,2711,88755000,22894
0,5917,88755000,88756500,1627,2711,88770000,22898
0,5918,88770000,88771500,1627,2711,88785000,22900
0,5919,88785000,88786500,1627,2711,88800000,22903
0,592,8880000,8881500,1627,2711,8895000,2289
0,5920,88800000,88801500,1627,2711,88815000,22909
0,5921,88815000,88816500,1627,2711,88830000,22911
0,5922,88830000,88831500,1627,2711,88845000,22917
0,5923,88845000,88846500,1627,2711,88860000,22920
0,5924,88860000,88861500,1627,2711,88875000,22924
0,5925,88875000,88876500,1627,2711,88890000,22928
0,5926,88890000,88891500,1627,2711,88905000,22932
0,5927,88905000,88906500,1627,2711,88920000,22933
0,5928,88920000,88921500,1627,2711,88935000,22941
0,5929,88935000,88936500,1627,2711,88950000,22943
0,593,8895000,8896500,1627,2711,8910000,2293
0,5930,88950000,88951500,1627,2711,88965000,22947
0,5931,88965000,88966500,1627,2711,88980000,22950
0,5932,88980000,88981500,1627,2711,88995000,22955
0,5933,88995000,88996500,1627,2711,89010000,22959
0,5934,89010000,89011500,1627,2711,89025000,22963
0,5935,89025000,89026500,1627,2711,89040000,22964
0,5936,89040000,89041500,1627,2711,89055000,22972
0,5937,89055000,89056500,1627,2711,89070000,22975
0,5938,89070000,89071500,1627,2711,89085000,22978
0,5939,89085000,89086500,1627,2711,89100000,22979
0,594,8910000,8911500,1627,2711,8925000,2298
0,5940,89100000,89101500,1627,2711,89115000,22987
0,5941,89115000,89116500,1627,2711,89130000,22991
0,5942,89130000,89131500,1627,2711,89145000,22993
0,5943,89145000,89146500,1627,2711,89160000,22996
0,5944,89160000,89161500,1627,2711,89175000,23001
0,5945,89175000,89176500,1627,2711,89190000,23005
0,5946,89190000,89191500,1627,2711,89205000,23011
0,5947,89205000,89206500,1627,2711,89220000,23012
0,5948,89220000,89221500,1627,2711,89235000,23016
0,5949,89235000,89236500,1627,2711,89250000,23021
0,595,8925000,8926500,1627,2711,8940000,2299
0,5950,89250000,89251500,1627,2711,89265000,23025
0,5951,89265000,89266500,1627,2711,89280000,23026
0,5952,89280000,89281500,1627,2711,89295000,23033
0,5953,89295000,89296500,1627,2711,89310000,23036
0,5954,89310000,89311500,1627,2711,89325000,23041
0,5955,89325000,89326500,1627,2711,89340000,23043
0,5956,89340000,89341500,1627,2711,89355000,23048
0,5957,89355000,89356500,1627,2711,89370000,23051
0,5958,89370000,89371500,1627,2711,89385000,23056
0,5959,89385000,89386500,1627,2711,89400000,23058
0,596,8940000,8941500,1627,2711,8955000,2304
0,5960,89400000,89401500,1627,2711,89415000,23064
0,5961,89415000,89416500,1627,2711,89430000,23067
0,5962,89430000,89431500,1627,2711,89445000,23071
0,5963,89445000,89446500,1627,2711,89460000,23073
0,5964,89460000,89461500,1627,2711,89475000,23080
0,5965,89475000,89476500,1627,2711,89490000,23083
0,5966,89490000,89491500,1627,2711,89505000,23086
0,5967,89505000,89506500,1627,2711,89520000,23089
0,5968,89520000,89521500,1627,2711,89535000,23095
0,5969,89535000,89536500,1627,2711,89550000,23097
0,597,8955000,8956500,1627,2711,8970000,2309
0,5970,89550000,89551500,1627,2711,89565000,23103
0,5971,89565000,89566500,1627,2711,89580000,23105
0,5972,89580000,89581500,1627,2711,89595000,23109
0,5973,89595000,89596500,1627,2711,89610000,23115
0,5974,89610000,89611500,1627,2711,89625000,23117
0,5975,89625000,89626500,1627,2711,89640000,23119
0,5976,89640000,89641500,1627,2711,89655000,23127
0,5977,89655000,89656500,1627,2711,89670000,23129
0,5978,89670000,89671500,1627,2711,89685000,23133
0,5979,89685000,89686500,1627,2711,89700000,23135
0,598,8970000,8971500,1627,2711,8985000,2312
0,5980,89700000,89701500,1627,2711,89715000,23141
0,5981,89715000,89716500,1627,2711,89730000,23144
0,5982,89730000,89731500,1627,2711,89745000,23149
0,5983,89745000,89746500,1627,2711,89760000,23151
0,5984,89760000,89761500,1627,2711,89775000,23157
0,5985,89775000,89776500,1627,2711,89790000,23160
0,5986,89790000,89791500,1627,2711,89805000,23164
0,5987,89805000,89806500,1627,2711,89820000,23166
0,5988,89820000,89821500,1627,2711,89835000,23173
0,5989,89835000,89836500,1627,2711,89850000,23176
0,599,8985000,8986500,1627,2711,9000000,2313
0,5990,89850000,89851500,1627,2711,89865000,23179
0,5991,89865000,89866500,1627,2711,89880000,23181
0,5992,89880000,89881500,1627,2711,89895000,23187
0,5993,89895000,89896500,1627,2711,89910000,23191
0,5994,89910000,89911500,1627,2711,89925000,23196
0,5995,89925000,89926500,1627,2711,89940000,23197
0,5996,89940000,89941500,1627,2711,89955000,23203
0,5997,89955000,89956500,1627,2711,89970000,23208
0,5998,89970000,89971500,1627,2711,89985000,23210
0,5999,89985000,89986500,1627,2711,90000000,23211
0,6,90000,91500,1627,2711,105000,22
0,60,900000,901500,1627,2711,915000,232
0,600,9000000,9001500,1627,2711,9015000,2321
0,6000,90000000,90001500,1627,2711,90015000,23219
0,6001,90015000,90016500,1627,2711,90030000,23223
0,6002,90030000,90031500,1627,2711,90045000,23226
0,6003,90045000,90046500,1627,2711,90060000,23229
0,6004,90060000,90061500,1627,2711,90075000,23233
0,6005,90075000,90076500,1627,2711,90090000,23236
0,6006,90090000,90091500,1627,2711,90105000,23243
0,6007,90105000,90106500,1627,2711,90120000,23244
0,6008,90120000,90121500,1627,2711,90135000,23249
0,6009,90135000,90136500,1627,2711,90150000,23252
0,601,9015000,9016500,1627,2711,9030000,2323
0,6010,90150000,90151500,1627,2711,90165000,23258
0,6011,90165000,90166500,1627,2711,90180000,23259
0,6012,90180000,90181500,1627,2711,90195000,23265
0,6013,90195000,90196500,1627,2711,90210000,23269
0,6014,90210000,90211500,1627,2711,90225000,23272
0,6015,90225000,90226500,1627,2711,90240000,23275
0,6016,90240000,90241500,1627,2711,90255000,23281
0,6017,90255000,90256500,1627,2711,90270000,23283
0,6018,90270000,90271500,1627,2711,90285000,23288
0,6019,90285000,90286500,1627,2711,90300000,23290
0,602,9030000,9031500,1627,2711,9045000,2328
0,6020,90300000,90301500,1627,2711,90315000,23296
0,6021,90315000,90316500,1627,2711,90330000,23300
0,6022,90330000,90331500,1627,2711,90345000,23302
0,6023,90345000,90346500,1627,2711,90360000,23305
0,6024,90360000,90361500,1627,2711,90375000,23313
0,6025,90375000,90376500,1627,2711,90390000,23315
0,6026,90390000,90391500,1627,2711,90405000,23319
0,6027,90405000,90406500,1627,2711,90420000,23322
0,6028,90420000,90421500,1627,2711,90435000,23326
0,6029,90435000,90436500,1627,2711,90450000,23330
0,603,9045000,9046500,1627,2711,9060000,2331
0,6030,90450000,90451500,1627,2711,90465000,23335
0,6031,90465000,90466500,1627,2711,90480000,23336
0,6032,90480000,90481500,1627,2711,90495000,23342
0,6033,90495000,90496500,1627,2711,90510000,23346
0,6034,90510000,90511500,1627,2711,90525000,23350
0,6035,90525000,90526500,1627,2711,90540000,23351
0,6036,90540000,90541500,1627,2711,90555000,23359
0,6037,90555000,90556500,1627,2711,90570000,23362
0,6038,90570000,90571500,1627,2711,90585000,23365
0,6039,90585000,90586500,1627,2711,90600000,23367
0,604,9060000,9061500,1627,2711,9075000,2335
0,6040,90600000,90601500,1627,2711,90615000,23374
0,6041,90615000,90616500,1627,2711,90630000,23376
0,6042,90630000,90631500,1627,2711,90645000,23381
0,6043,90645000,90646500,1627,2711,90660000,23384
0,6044,90660000,90661500,1627,2711,90675000,23388
0,6045,90675000,90676500,1627,2711,90690000,23393
0,6046,90690000,90691500,1627,2711,90705000,23396
0,6047,90705000,90706500,1627,2711,90720000,23397
0,6048,90720000,90721500,1627,2711,90735000,23405
0,6049,90735000,90736500,1627,2711,90750000,23408
0,605,9075000,9076500,1627,2711,9090000,2338
0,6050,90750000,90751500,1627,2711,90765000,23412
0,6051,90765000,90766500,1627,2711,90780000,23414
0,6052,90780000,90781500,1627,2711,90795000,23419
0,6053,90795000,90796500,1627,2711,90810000,23424
0,6054,90810000,90811500,1627,2711,90825000,23428
0,6055,90825000,90826500,1627,2711,90840000,23429
0,6056,90840000,90841500,1627,2711,90855000,23435
0,6057,90855000,90856500,1627,2711,90870000,23439
0,6058,90870000,90871500,1627,2711,90885000,23443
0,6059,90885000,90886500,1627,2711,90900000,23444
0,606,9090000,9091500,1627,2711,9105000,2345
0,6060,90900000,90901500,1627,2711,90915000,23451
0,6061,90915000,90916500,1627,2711,90930000,23454
0,6062,90930000,90931500,1627,2711,90945000,23458
0,6063,90945000,90946500,1627,2711,90960000,23461
0,6064,90960000,90961500,1627,2711,90975000,23466
0,6065,90975000,90976500,1627,2711,90990000,23468
0,6066,90990000,90991500,1627,2711,91005000,23476
0,6067,91005000,91006500,1627,2711,91020000,23477
0,6068,91020000,91021500,1627,2711,91035000,23481
0,6069,91035000,91036500,1627,2711,91050000,23485
0,607,9105000,9106500,1627,2711,9120000,2346
0,6070,91050000,91051500,1627,2711,91065000,23488
0,6071,91065000,91066500,1627,2711,91080000,23491
0,6072,91080000,91081500,1627,2711,91095000,23498
0,6073,91095000,91096500,1627,2711,91110000,23501
0,6074,91110000,91111500,1627,2711,91125000,23504
0,6075,91125000,91126500,1627,2711,91140000,23507
0,6076,91140000,91141500,1627,2711,91155000,23513
0,6077,91155000,91156500,1627,2711,91170000,23516
0,6078,91170000,91171500,1627,2711,91185000,23520
0,6079,91185000,91186500,1627,2711,91200000,23522
0,608,9120000,9121500,1627,2711,9135000,2351
0,6080,91200000,91201500,1627,2711,91215000,23529
0,6081,91215000,91216500,1627,2711,91230000,23532
0,6082,91230000,91231500,1627,2711,91245000,23535
0,6083,91245000,91246500,1627,2711,91260000,23537
0,6084,91260000,91261500,1627,2711,91275000,23544
0,6085,91275000,91276500,1627,2711,91290000,23548
0,6086,91290000,91291500,1627,2711,91305000,23551
0,6087,91305000,91306500,1627,2711,91320000,23553
0,6088,91320000,91321500,1627,2711,91335000,23559
0,6089,91335000,91336500,1627,2711,91350000,23561
0,609,9135000,9136500,1627,2711,9150000,2354
0,6090,91350000,91351500,1627,2711,91365000,23568
0,6091,91365000,91366500,1627,2711,91380000,23569
0,6092,91380000,91381500,1627,2711,91395000,23574
0,6093,91395000,91396500,1627,2711,91410000,23579
0,6094,91410000,91411500,1627,2711,91425000,23582
0,6095,91425000,91426500,1627,2711,91440000,23583
0,6096,91440000,91441500,1627,2711,91455000,23591
0,6097,91455000,91456500,1627,2711,91470000,23594
0,6098,91470000,91471500,1627,2711,91485000,23597
0,6099,91485000,91486500,1627,2711,91500000,23600
0,61,915000,916500,1627,2711,930000,235
0,610,9150000,9151500,1627,2711,9165000,2358
0,6100,91500000,91501500,1627,2711,91515000,23605
0,6101,91515000,91516500,1627,2711,91530000,23609
0,6102,91530000,91531500,1627,2711,91545000,23613
0,6103,91545000,91546500,1627,2711,91560000,23615
0,6104,91560000,91561500,1627,2711,91575000,23621
0,6105,91575000,91576500,1627,2711,91590000,23625
0,6106,91590000,91591500,1627,2711,91605000,23629
0,6107,91605000,91606500,1627,2711,91620000,23630
0,6108,91620000,91621500,1627,2711,91635000,23637
0,6109,91635000,91636500,1627,2711,91650000,23640
0,611,9165000,9166500,1627,2711,9180000,2361
0,6110,91650000,91651500,1627,2711,91665000,23644
0,6111,91665000,91666500,1627,2711,91680000,23646
0,6112,91680000,91681500,1627,2711,91695000,23651
0,6113,91695000,91696500,1627,2711,91710000,23655
0,6114,91710000,91711500,1627,2711,91725000,23661
0,6115,91725000,91726500,1627,2711,91740000,23662
0,6116,91740000,91741500,1627,2711,91755000,23667
0,6117,91755000,91756500,1627,2711,91770000,23671
0,6118,91770000,91771500,1627,2711,91785000,23675
0,6119,91785000,91786500,1627,2711,91800000,23676
0,612,9180000,9181500,1627,2711,9195000,2367
0,6120,91800000,91801500,1627,2711,91815000,23684
0,6121,91815000,91816500,1627,2711,91830000,23686
0,6122,91830000,91831500,1627,2711,91845000,23690
0,6123,91845000,91846500,1627,2711,91860000,23694
0,6124,91860000,91861500,1627,2711,91875000,23698
0,6125,91875000,91876500,1627,2711,91890000,23701
0,6126,91890000,91891500,1627,2711,91905000,23706
0,6127,91905000,91906500,1627,2711,91920000,23709
0,6128,91920000,91921500,1627,2711,91935000,23714
0,6129,91935000,91936500,1627,2711,91950000,23717
0,613,9195000,9196500,1627,2711,9210000,2371
0,6130,91950000,91951500,1627,2711,91965000,23721
0,6131,91965000,91966500,1627,2711,91980000,23723
0,6132,91980000,91981500,1627,2711,91995000,23730
0,6133,91995000,91996500,1627,2711,92010000,23734
0,6134,92010000,92011500,1627,2711,92025000,23736
0,6135,92025000,92026500,1627,2711,92040000,23738
0,6136,92040000,92041500,1627,2711,92055000,23746
0,6137,92055000,92056500,1627,2711,92070000,23748
0,6138,92070000,92071500,1627,2711,92085000,23753
0,6139,92085000,92086500,1627,2711,92100000,23754
0,614,9210000,9211500,1627,2711,9225000,2373
0,6140,92100000,92101500,1627,2711,92115000,23760
0,6141,92115000,92116500,1627,2711,92130000,23765
0,6142,92130000,92131500,1627,2711,92145000,23767
0,6143,92145000,92146500,1627,2711,92160000,23769
0,6144,92160000,92161500,1627,2711,92175000,23777
0,6145,92175000,92176500,1627,2711,92190000,23779
0,6146,92190000,92191500,1627,2711,92205000,23784
0,6147,92205000,92206500,1627,2711,92220000,23786
0,6148,92220000,92221500,1627,2711,92235000,23790
0,6149,92235000,92236500,1627,2711,92250000,23794
0,615,9225000,9226500,1627,2711,9240000,2376
0,6150,92250000,92251500,1627,2711,92265000,23800
0,6151,92265000,92266500,1627,2711,92280000,23801
0,6152,92280000,92281500,1627,2711,92295000,23806
0,6153,92295000,92296500,1627,2711,92310000,23811
0,6154,92310000,92311500,1627,2711,92325000,23814
0,6155,92325000,92326500,1627,2711,92340000,23816
0,6156,92340000,92341500,1627,2711,92355000,23823
0,6157,92355000,92356500,1627,2711,92370000,23827
0,6158,92370000,92371500,1627,2711,92385000,23829
0,6159,92385000,92386500,1627,2711,92400000,23831
0,616,9240000,9241500,1627,2711,9255000,2383
0,6160,92400000,92401500,1627,2711,92415000,23838
0,6161,92415000,92416500,1627,2711,92430000,23840
0,6162,92430000,92431500,1627,2711,92445000,23846
0,6163,92445000,92446500,1627,2711,92460000,23848
0,6164,92460000,92461500,1627,2711,92475000,23853
0,6165,92475000,92476500,1627,2711,92490000,23857
0,6166,92490000,92491500,1627,2711,92505000,23861
0,6167,92505000,92506500,1627,2711,92520000,23862
0,6168,92520000,92521500,1627,2711,92535000,23869
0,6169,92535000,92536500,1627,2711,92550000,23872
0,617,9255000,9256500,1627,2711,9270000,2385
0,6170,92550000,92551500,1627,2711,92565000,23877
0,6171,92565000,92566500,1627,2711,92580000,23879
0,6172,92580000,92581500,1627,2711,92595000,23883
0,6173,92595000,92596500,1627,2711,92610000,23887
0,6174,92610000,92611500,1627,2711,92625000,23892
0,6175,92625000,92626500,1627,2711,92640000,23894
0,6176,92640000,92641500,1627,2711,92655000,23900
0,6177,92655000,92656500,1627,2711,92670000,23903
0,6178,92670000,92671500,1627,2711,92685000,23907
0,6179,92685000,92686500,1627,2711,92700000,23909
0,618,9270000,9271500,1627,2711,9285000,2390
0,6180,92700000,92701500,1627,2711,92715000,23916
0,6181,92715000,92716500,1627,2711,92730000,23919
0,6182,92730000,92731500,1627,2711,92745000,23921
0,6183,92745000,92746500,1627,2711,92760000,23926
0,6184,92760000,92761500,1627,2711,92775000,23931
0,6185,92775000,92776500,1627,2711,92790000,23933
0,6186,92790000,92791500,1627,2711,92805000,23939
0,6187,92805000,92806500,1627,2711,92820000,23940
0,6188,92820000,92821500,1627,2711,92835000,23946
0,6189,92835000,92836500,1627,2711,92850000,23950
0,619,9285000,9286500,1627,2711,9300000,2392
0,6190,92850000,92851500,1627,2711,92865000,23953
0,6191,92865000,92866500,1627,2711,92880000,23954
0,6192,92880000,92881500,1627,2711,92895000,23963
0,6193,92895000,92896500,1627,2711,92910000,23966
0,6194,92910000,92911500,1627,2711,92925000,23969
0,6195,92925000,92926500,1627,2711,92940000,23971
0,6196,92940000,92941500,1627,2711,92955000,23977
0,6197,92955000,92956500,1627,2711,92970000,23981
0,6198,92970000,92971500,1627,2711,92985000,23985
0,6199,92985000,92986500,1627,2711,93000000,23986
0,62,930000,931500,1627,2711,945000,237
0,620,9300000,9301500,1627,2711,9315000,2398
0,6200,93000000,93001500,1627,2711,93015000,23992
0,6201,93015000,93016500,1627,2711,93030000,23996
0,6202,93030000,93031500,1627,2711,93045000,24000
0,6203,93045000,93046500,1627,2711,93060000,24002
0,6204,93060000,93061500,1627,2711,93075000,24008
0,6205,93075000,93076500,1627,2711,93090000,24012
0,6206,93090000,93091500,1627,2711,93105000,24016
0,6207,93105000,93106500,1627,2711,93120000,24018
0,6208,93120000,93121500,1627,2711,93135000,24023
0,6209,93135000,93136500,1627,2711,93150000,24026
0,621,9315000,9316500,1627,2711,9330000,2402
0,6210,93150000,93151500,1627,2711,93165000,24032
0,6211,93165000,93166500,1627,2711,93180000,24034
0,6212,93180000,93181500,1627,2711,93195000,24038
0,6213,93195000,93196500,1627,2711,93210000,24043
0,6214,93210000,93211500,1627,2711,93225000,24046
0,6215,93225000,93226500,1627,2711,93240000,24047
0,6216,93240000,93241500,1627,2711,93255000,24056
0,6217,93255000,93256500,1627,2711,93270000,24058
0,6218,93270000,93271500,1627,2711,93285000,24062
0,6219,93285000,93286500,1627,2711,93300000,24064
0,622,9330000,9331500,1627,2711,9345000,2404
0,6220,93300000,93301500,1627,2711,93315000,24070
0,6221,93315000,93316500,1627,2711,93330000,24073
0,6222,93330000,93331500,1627,2711,93345000,24078
0,6223,93345000,93346500,1627,2711,93360000,24080
0,6224,93360000,93361500,1627,2711,93375000,24085
0,6225,93375000,93376500,1627,2711,93390000,24089
0,6226,93390000,93391500,1627,2711,93405000,24093
0,6227,93405000,93406500,1627,2711,93420000,24095
0,6228,93420000,93421500,1627,2711,93435000,24101
0,6229,93435000,93436500,1627,2711,93450000,24104
0,623,9345000,9346500,1627,2711,9360000,2406
0,6230,93450000,93451500,1627,2711,93465000,24108
0,6231,93465000,93466500,1627,2711,93480000,24111
0,6232,93480000,93481500,1627,2711,93495000,24116
0,6233,93495000,93496500,1627,2711,93510000,24119
0,6234,93510000,93511500,1627,2711,93525000,24125
0,6235,93525000,93526500,1627,2711,93540000,24127
0,6236,93540000,93541500,1627,2711,93555000,24132
0,6237,93555000,93556500,1627,2711,93570000,24136
0,6238,93570000,93571500,1627,2711,93585000,24138
0,6239,93585000,93586500,1627,2711,93600000,24140
0,624,9360000,9361500,1627,2711,9375000,2414
0,6240,93600000,93601500,1627,2711,93615000,24149
0,6241,93615000,93616500,1627,2711,93630000,24151
0,6242,93630000,93631500,1627,2711,93645000,24154
0,6243,93645000,93646500,1627,2711,93660000,24157
0,6244,93660000,93661500,1627,2711,93675000,24163
0,6245,93675000,93676500,1627,2711,93690000,24166
0,6246,93690000,93691500,1627,2711,93705000,24171
0,6247,93705000,93706500,1627,2711,93720000,24172
0,6248,93720000,93721500,1627,2711,93735000,24179
0,6249,93735000,93736500,1627,2711,93750000,24182
0,625,9375000,9376500,1627,2711,9390000,2417
0,6250,93750000,93751500,1627,2711,93765000,24186
0,6251,93765000,93766500,1627,2711,93780000,24187
0,6252,93780000,93781500,1627,2711,93795000,24193
0,6253,93795000,93796500,1627,2711,93810000,24199
0,6254,93810000,93811500,1627,2711,93825000,24201
0,6255,93825000,93826500,1627,2711,93840000,24203
0,6256,93840000,93841500,1627,2711,93855000,24209
0,6257,93855000,93856500,1627,2711,93870000,24212
0,6258,93870000,93871500,1627,2711,93885000,24218
0,6259,93885000,93886500,1627,2711,93900000,24219
0,626,9390000,9391500,1627,2711,9405000,2421
0,6260,93900000,93901500,1627,2711,93915000,24224
0,6261,93915000,93916500,1627,2711,93930000,24229
0,6262,93930000,93931500,1627,2711,93945000,24232
0,6263,93945000,93946500,1627,2711,93960000,24234
0,6264,93960000,93961500,1627,2711,93975000,24241
0,6265,93975000,93976500,1627,2711,93990000,24243
0,6266,93990000,93991500,1627,2711,94005000,24248
0,6267,94005000,94006500,1627,2711,94020000,24251
0,6268,94020000,94021500,1627,2711,94035000,24255
0,6269,94035000,94036500,1627,2711,94050000,24258
0,627,9405000,9406500,1627,2711,9420000,2423
0,6270,94050000,94051500,1627,2711,94065000,24264
0,6271,94065000,94066500,1627,2711,94080000,24265
0,6272,94080000,94081500,1627,2711,94095000,24271
0,6273,94095000,94096500,1627,2711,94110000,24275
0,6274,94110000,94111500,1627,2711,94125000,24279
0,6275,94125000,94126500,1627,2711,94140000,24280
0,6276,94140000,94141500,1627,2711,94155000,24288
0,6277,94155000,94156500,1627,2711,94170000,24291
0,6278,94170000,94171500,1627,2711,94185000,24293
0,6279,94185000,94186500,1627,2711,94200000,24296
0,628,9420000,9421500,1627,2711,9435000,2428
0,6280,94200000,94201500,1627,2711,94215000,24302
0,6281,94215000,94216500,1627,2711,94230000,24305
0,6282,94230000,94231500,1627,2711,94245000,24310
0,6283,94245000,94246500,1627,2711,94260000,24313
0,6284,94260000,94261500,1627,2711,94275000,24317
0,6285,94275000,94276500,1627,2711,94290000,24321
0,6286,94290000,94291500,1627,2711,94305000,24325
0,6287,94305000,94306500,1627,2711,94320000,24327
0,6288,94320000,94321500,1627,2711,94335000,24334
0,6289,94335000,94336500,1627,2711,94350000,24336
0,629,9435000,9436500,1627,2711,9450000,2431
0,6290,94350000,94351500,1627,2711,94365000,24341
0,6291,94365000,94366500,1627,2711,94380000,24343
0,6292,94380000,94381500,1627,2711,94395000,24348
0,6293,94395000,94396500,1627,2711,94410000,24352
0,6294,94410000,94411500,1627,2711,94425000,24356
0,6295,94425000,94426500,1627,2711,94440000,24358
0,6296,94440000,94441500,1627,2711,94455000,24365
0,6297,94455000,94456500,1627,2711,94470000,24368
0,6298,94470000,94471500,1627,2711,94485000,24371
0,6299,94485000,94486500,1627,2711,94500000,24372
0,63,945000,946500,1627,2711,960000,240
0,630,9450000,9451500,1627,2711,9465000,2437
0,6300,94500000,94501500,1627,2711,94515000,24381
0,6301,94515000,94516500,1627,2711,94530000,24384
0,6302,94530000,94531500,1627,2711,94545000,24386
0,6303,94545000,94546500,1627,2711,94560000,24389
0,6304,94560000,94561500,1627,2711,94575000,24395
0,6305,94575000,94576500,1627,2711,94590000,24398
0,6306,94590000,94591500,1627,2711,94605000,24404
0,6307,94605000,94606500,1627,2711,94620000,24405
0,6308,94620000,94621500,1627,2711,94635000,24409
0,6309,94635000,94636500,1627,2711,94650000,24415
0,631,9465000,9466500,1627,2711,9480000,2438
0,6310,94650000,94651500,1627,2711,94665000,24418
0,6311,94665000,94666500,1627,2711,94680000,24419
0,6312,94680000,94681500,1627,2711,94695000,24426
0,6313,94695000,94696500,1627,2711,94710000,24430
0,6314,94710000,94711500,1627,2711,94725000,24434
0,6315,94725000,94726500,1627,2711,94740000,24436
0,6316,94740000,94741500,1627,2711,94755000,24441
0,6317,94755000,94756500,1627,2711,94770000,24444
0,6318,94770000,94771500,1627,2711,94785000,24450
0,6319,94785000,94786500,1627,2711,94800000,24451
0,632,9480000,9481500,1627,2711,9495000,2444
0,6320,94800000,94801500,1627,2711,94815000,24457
0,6321,94815000,94816500,1627,2711,94830000,24460
0,6322,94830000,94831500,1627,2711,94845000,24464
0,6323,94845000,94846500,1627,2711,94860000,24467
0,6324,94860000,94861500,1627,2711,94875000,24473
0,6325,94875000,94876500,1627,2711,94890000,24476
0,6326,94890000,94891500,1627,2711,94905000,24480
0,6327,94905000,94906500,1627,2711,94920000,24482
0,6328,94920000,94921500,1627,2711,94935000,24488
0,6329,94935000,94936500,1627,2711,94950000,24490
0,633,9495000,9496500,1627,2711,9510000,2448
0,6330,94950000,94951500,1627,2711,94965000,24496
0,6331,94965000,94966500,1627,2711,94980000,24498
0,6332,94980000,94981500,1627,2711,94995000,24503
0,6333,94995000,94996500,1627,2711,95010000,24508
0,6334,95010000,95011500,1627,2711,95025000,24510
0,6335,95025000,95026500,1627,2711,95040000,24512
0,6336,95040000,95041500,1627,2711,95055000,24520
0,6337,95055000,95056500,1627,2711,95070000,24523
0,6338,95070000,95071500,1627,2711,95085000,24526
0,6339,95085000,95086500,1627,2711,95100000,24529
0,634,9510000,9511500,1627,2711,9525000,2452
0,6340,95100000,95101500,1627,2711,95115000,24534
0,6341,95115000,95116500,1627,2711,95130000,24537
0,6342,95130000,95131500,1627,2711,95145000,24542
0,6343,95145000,95146500,1627,2711,95160000,24544
0,6344,95160000,95161500,1627,2711,95175000,24550
0,6345,95175000,95176500,1627,2711,95190000,24553
0,6346,95190000,95191500,1627,2711,95205000,24558
0,6347,95205000,95206500,1627,2711,95220000,24559
0,6348,95220000,95221500,1627,2711,95235000,24566
0,6349,95235000,95236500,1627,2711,95250000,24569
0,635,9525000,9526500,1627,2711,9540000,2453
0,6350,95250000,95251500,1627,2711,95265000,24572
0,6351,95265000,95266500,1627,2711,95280000,24575
0,6352,95280000,95281500,1627,2711,95295000,24581
0,6353,95295000,95296500,1627,2711,95310000,24584
0,6354,95310000,95311500,1627,2711,95325000,24589
0,6355,95325000,95326500,1627,2711,95340000,24590
0,6356,95340000,95341500,1627,2711,95355000,24596
0,6357,95355000,95356500,1627,2711,95370000,24601
0,6358,95370000,95371500,1627,2711,95385000,24603
0,6359,95385000,95386500,1627,2711,95400000,24604
0,636,9540000,9541500,1627,2711,9555000,2460
0,6360,95400000,95401500,1627,2711,95415000,24613
0,6361,95415000,95416500,1627,2711,95430000,24616
0,6362,95430000,95431500,1627,2711,95445000,24619
0,6363,95445000,95446500,1627,2711,95460000,24622
0,6364,95460000,95461500,1627,2711,95475000,24626
0,6365,95475000,95476500,1627,2711,95490000,24631
0,6366,95490000,95491500,1627,2711,95505000,24636
0,6367,95505000,95506500,1627,2711,95520000,24637
0,6368,95520000,95521500,1627,2711,95535000,24642
0,6369,95535000,95536500,1627,2711,95550000,24645
0,637,9555000,9556500,1627,2711,9570000,2464
0,6370,95550000,95551500,1627,2711,95565000,24651
0,6371,95565000,95566500,1627,2711,95580000,24652
0,6372,95580000,95581500,1627,2711,95595000,24658
0,6373,95595000,95596500,1627,2711,95610000,24662
0,6374,95610000,95611500,1627,2711,95625000,24666
0,6375,95625000,95626500,1627,2711,95640000,24668
0,6376,95640000,95641500,1627,2711,95655000,24674
0,6377,95655000,95656500,1627,2711,95670000,24676
0,6378,95670000,95671500,1627,2711,95685000,24682
0,6379,95685000,95686500,1627,2711,95700000,24684
0,638,9570000,9571500,1627,2711,9585000,2466
0,6380,95700000,95701500,1627,2711,95715000,24689
0,6381,95715000,95716500,1627,2711,95730000,24693
0,6382,95730000,95731500,1627,2711,95745000,24695
0,6383,95745000,95746500,1627,2711,95760000,24698
0,6384,95760000,95761500,1627,2711,95775000,24706
0,6385,95775000,95776500,1627,2711,95790000,24708
0,6386,95790000,95791500,1627,2711,95805000,24712
0,6387,95805000,95806500,1627,2711,95820000,24715
0,6388,95820000,95821500,1627,2711,95835000,24720
0,6389,95835000,95836500,1627,2711,95850000,24723
0,639,9585000,9586500,1627,2711,9600000,2469
0,6390,95850000,95851500,1627,2711,95865000,24728
0,6391,95865000,95866500,1627,2711,95880000,24730
0,6392,95880000,95881500,1627,2711,95895000,24735
0,6393,95895000,95896500,1627,2711,95910000,24740
0,6394,95910000,95911500,1627,2711,95925000,24743
0,6395,95925000,95926500,1627,2711,95940000,24744
0,6396,95940000,95941500,1627,2711,95955000,24752
0,6397,95955000,95956500,1627,2711,95970000,24755
0,6398,95970000,95971500,1627,2711,95985000,24758
0,6399,95985000,95986500,1627,2711,96000000,24760
0,64,960000,961500,1627,2711,975000,245
0,640,9600000,9601500,1627,2711,9615000,2475
0,6400,96000000,96001500,1627,2711,96015000,24767
0,6401,96015000,96016500,1627,2711,96030000,24769
0,6402,96030000,96031500,1627,2711,96045000,24775
0,6403,96045000,96046500,1627,2711,96060000,24777
0,6404,96060000,96061500,1627,2711,96075000,24782
0,6405,96075000,96076500,1627,2711,96090000,24786
0,6406,96090000,96091500,1627,2711,96105000,24789
0,6407,96105000,96106500,1627,2711,96120000,24791
0,6408,96120000,96121500,1627,2711,96135000,24798
0,6409,96135000,96136500,1627,2711,96150000,24801
0,641,9615000,9616500,1627,2711,9630000,2478
0,6410,96150000,96151500,1627,2711,96165000,24805
0,6411,96165000,96166500,1627,2711,96180000,24807
0,6412,96180000,96181500,1627,2711,96195000,24812
0,6413,96195000,96196500,1627,2711,96210000,24817
0,6414,96210000,96211500,1627,2711,96225000,24821
0,6415,96225000,96226500,1627,2711,96240000,24822
0,6416,96240000,96241500,1627,2711,96255000,24829
0,6417,96255000,96256500,1627,2711,96270000,24833
0,6418,96270000,96271500,1627,2711,96285000,24836
0,6419,96285000,96286500,1627,2711,96300000,24837
0,642,9630000,9631500,1627,2711,9645000,2483
0,6420,96300000,96301500,1627,2711,96315000,24844
0,6421,96315000,96316500,1627,2711,96330000,24848
0,6422,96330000,96331500,1627,2711,96345000,24851
0,6423,96345000,96346500,1627,2711,96360000,24854
0,6424,96360000,96361500,1627,2711,96375000,24859
0,6425,96375000,96376500,1627,2711,96390000,24861
0,6426,96390000,96391500,1627,2711,96405000,24869
0,6427,96405000,96406500,1627,2711,96420000,24870
0,6428,96420000,96421500,1627,2711,96435000,24874
0,6429,96435000,96436500,1627,2711,96450000,24878
0,643,9645000,9646500,1627,2711,9660000,2485
0,6430,96450000,96451500,1627,2711,96465000,24883
0,6431,96465000,96466500,1627,2711,96480000,24884
0,6432,96480000,96481500,1627,2711,96495000,24891
0,6433,96495000,96496500,1627,2711,96510000,24894
0,6434,96510000,96511500,1627,2711,96525000,24897
0,6435,96525000,96526500,1627,2711,96540000,24901
0,6436,96540000,96541500,1627,2711,96555000,24906
0,6437,96555000,96556500,1627,2711,96570000,24909
0,6438,96570000,96571500,1627,2711,96585000,24913
0,6439,96585000,96586500,1627,2711,96600000,24915
0,644,9660000,9661500,1627,2711,9675000,2490
0,6440,96600000,96601500,1627,2711,96615000,24922
0,6441,96615000,96616500,1627,2711,96630000,24925
0,6442,96630000,96631500,1627,2711,96645000,24928
0,6443,96645000,96646500,1627,2711,96660000,24931
0,6444,96660000,96661500,1627,2711,96675000,24938
0,6445,96675000,96676500,1627,2711,96690000,24941
0,6446,96690000,96691500,1627,2711,96705000,24944
0,6447,96705000,96706500,1627,2711,96720000,24946
0,6448,96720000,96721500,1627,2711,96735000,24952
0,6449,96735000,96736500,1627,2711,96750000,24955
0,645,9675000,9676500,1627,2711,9690000,2495
0,6450,96750000,96751500,1627,2711,96765000,24961
0,6451,96765000,96766500,1627,2711,96780000,24962
0,6452,96780000,96781500,1627,2711,96795000,24967
0,6453,96795000,96796500,1627,2711,96810000,24972
0,6454,96810000,96811500,1627,2711,96825000,24975
0,6455,96825000,96826500,1627,2711,96840000,24976
0,6456,96840000,96841500,1627,2711,96855000,24985
0,6457,96855000,96856500,1627,2711,96870000,24987
0,6458,96870000,96871500,1627,2711,96885000,24991
0,6459,96885000,96886500,1627,2711,96900000,24993
0,646,9690000,9691500,1627,2711,9705000,2498
0,6460,96900000,96901500,1627,2711,96915000,24998
0,6461,96915000,96916500,1627,2711,96930000,25002
0,6462,96930000,96931500,1627,2711,96945000,25006
0,6463,96945000,96946500,1627,2711,96960000,25009
0,6464,96960000,96961500,1627,2711,96975000,25014
0,6465,96975000,96976500,1627,2711,96990000,25018
0,6466,96990000,96991500,1627,2711,97005000,25022
0,6467,97005000,97006500,1627,2711,97020000,25023
0,6468,97020000,97021500,1627,2711,97035000,25030
0,6469,97035000,97036500,1627,2711,97050000,25034
0,647,9705000,9706500,1627,2711,9720000,2499
0,6470,97050000,97051500,1627,2711,97065000,25037
0,6471,97065000,97066500,1627,2711,97080000,25039
0,6472,97080000,97081500,1627,2711,97095000,25045
0,6473,97095000,97096500,1627,2711,97110000,25048
0,6474,97110000,97111500,1627,2711,97125000,25054
0,6475,97125000,97126500,1627,2711,97140000,25055
0,6476,97140000,97141500,1627,2711,97155000,25060
0,6477,97155000,97156500,1627,2711,97170000,25065
0,6478,97170000,97171500,1627,2711,97185000,25068
0,6479,97185000,97186500,1627,2711,97200000,25069
0,648,9720000,9721500,1627,2711,9735000,2507
0,6480,97200000,97201500,1627,2711,97215000,25077
0,6481,97215000,97216500,1627,2711,97230000,25079
0,6482,97230000,97231500,1627,2711,97245000,25084
0,6483,97245000,97246500,1627,2711,97260000,25087
0,6484,97260000,97261500,1627,2711,97275000,25091
0,6485,97275000,97276500,1627,2711,97290000,25094
0,6486,97290000,97291500,1627,2711,97305000,25100
0,6487,97305000,97306500,1627,2711,97320000,25102
0,6488,97320000,97321500,1627,2711,97335000,25107
0,6489,97335000,97336500,1627,2711,97350000,25110
0,649,9735000,9736500,1627,2711,9750000,2509
0,6490,97350000,97351500,1627,2711,97365000,25114
0,6491,97365000,97366500,1627,2711,97380000,25117
0,6492,97380000,97381500,1627,2711,97395000,25123
0,6493,97395000,97396500,1627,2711,97410000,25127
0,6494,97410000,97411500,1627,2711,97425000,25129
0,6495,97425000,97426500,1627,2711,97440000,25132
0,6496,97440000,97441500,1627,2711,97455000,25139
0,6497,97455000,97456500,1627,2711,97470000,25141
0,6498,97470000,97471500,1627,2711,97485000,25146
0,6499,97485000,97486500,1627,2711,97500000,25147
0,65,975000,976500,1627,2711,990000,249
0,650,9750000,9751500,1627,2711,9765000,2514
0,6500,97500000,97501500,1627,2711,97515000,25154
0,6501,97515000,97516500,1627,2711,97530000,25158
0,6502,97530000,97531500,1627,2711,97545000,25160
0,6503,97545000,97546500,1627,2711,97560000,25162
0,6504,97560000,97561500,1627,2711,97575000,25170
0,6505,97575000,97576500,1627,2711,97590000,25173
0,6506,97590000,97591500,1627,2711,97605000,25177
0,6507,97605000,97606500,1627,2711,97620000,25179
0,6508,97620000,97621500,1627,2711,97635000,25184
0,6509,97635000,97636500,1627,2711,97650000,25187
0,651,9765000,9766500,1627,2711,9780000,2516
0,6510,97650000,97651500,1627,2711,97665000,25193
0,6511,97665000,97666500,1627,2711,97680000,25194
0,6512,97680000,97681500,1627,2711,97695000,25199
0,6513,97695000,97696500,1627,2711,97710000,25204
0,6514,97710000,97711500,1627,2711,97725000,25208
0,6515,97725000,97726500,1627,2711,97740000,25209
0,6516,97740000,97741500,1627,2711,97755000,25216
0,6517,97755000,97756500,1627,2711,97770000,25220
0,6518,97770000,97771500,1627,2711,97785000,25222
0,6519,97785000,97786500,1627,2711,97800000,25225
0,652,9780000,9781500,1627,2711,9795000,2520
0,6520,97800000,97801500,1627,2711,97815000,25231
0,6521,97815000,97816500,1627,2711,97830000,25234
0,6522,97830000,97831500,1627,2711,97845000,25239
0,6523,97845000,97846500,1627,2711,97860000,25241
0,6524,97860000,97861500,1627,2711,97875000,25246
0,6525,97875000,97876500,1627,2711,97890000,25250
0,6526,97890000,97891500,1627,2711,97905000,25254
0,6527,97905000,97906500,1627,2711,97920000,25255
0,6528,97920000,97921500,1627,2711,97935000,25263
0,6529,97935000,97936500,1627,2711,97950000,25265
0,653,9795000,9796500,1627,2711,9810000,2525
0,6530,97950000,97951500,1627,2711,97965000,25270
0,6531,97965000,97966500,1627,2711,97980000,25272
0,6532,97980000,97981500,1627,2711,97995000,25276
0,6533,97995000,97996500,1627,2711,98010000,25281
0,6534,98010000,98011500,1627,2711,98025000,25286
0,6535,98025000,98026500,1627,2711,98040000,25287
0,6536,98040000,98041500,1627,2711,98055000,25293
0,6537,98055000,98056500,1627,2711,98070000,25296
0,6538,98070000,98071500,1627,2711,98085000,25300
0,6539,98085000,98086500,1627,2711,98100000,25302
0,654,9810000,9811500,1627,2711,9825000,2530
0,6540,98100000,98101500,1627,2711,98115000,25309
0,6541,98115000,98116500,1627,2711,98130000,25312
0,6542,98130000,98131500,1627,2711,98145000,25315
0,6543,98145000,98146500,1627,2711,98160000,25319
0,6544,98160000,98161500,1627,2711,98175000,25324
0,6545,98175000,98176500,1627,2711,98190000,25326
0,6546,98190000,98191500,1627,2711,98205000,25332
0,6547,98205000,98206500,1627,2711,98220000,25335
0,6548,98220000,98221500,1627,2711,98235000,25339
0,6549,98235000,98236500,1627,2711,98250000,25343
0,655,9825000,9826500,1627,2711,9840000,2531
0,6550,98250000,98251500,1627,2711,98265000,25346
0,6551,98265000,98266500,1627,2711,98280000,25347
0,6552,98280000,98281500,1627,2711,98295000,25356
0,6553,98295000,98296500,1627,2711,98310000,25359
0,6554,98310000,98311500,1627,2711,98325000,25362
0,6555,98325000,98326500,1627,2711,98340000,25364
0,6556,98340000,98341500,1627,2711,98355000,25371
0,6557,98355000,98356500,1627,2711,98370000,25374
0,6558,98370000,98371500,1627,2711,98385000,25378
0,6559,98385000,98386500,1627,2711,98400000,25379
0,656,9840000,9841500,1627,2711,9855000,2537
0,6560,98400000,98401500,1627,2711,98415000,25386
0,6561,98415000,98416500,1627,2711,98430000,25390
0,6562,98430000,98431500,1627,2711,98445000,25393
0,6563,98445000,98446500,1627,2711,98460000,25395
0,6564,98460000,98461500,1627,2711,98475000,25401
0,6565,98475000,98476500,1627,2711,98490000,25405
0,6566,98490000,98491500,1627,2711,98505000,25409
0,6567,98505000,98506500,1627,2711,98520000,25411
0,6568,98520000,98521500,1627,2711,98535000,25416
0,6569,98535000,98536500,1627,2711,98550000,25419
0,657,9855000,9856500,1627,2711,9870000,2540
0,6570,98550000,98551500,1627,2711,98565000,25426
0,6571,98565000,98566500,1627,2711,98580000,25427
0,6572,98580000,98581500,1627,2711,98595000,25431
0,6573,98595000,98596500,1627,2711,98610000,25437
0,6574,98610000,98611500,1627,2711,98625000,25439
0,6575,98625000,98626500,1627,2711,98640000,25441
0,6576,98640000,98641500,1627,2711,98655000,25449
0,6577,98655000,98656500,1627,2711,98670000,25451
0,6578,98670000,98671500,1627,2711,98685000,25455
0,6579,98685000,98686500,1627,2711,98700000,25457
0,658,9870000,9871500,1627,2711,9885000,2545
0,6580,98700000,98701500,1627,2711,98715000,25463
0,6581,98715000,98716500,1627,2711,98730000,25466
0,6582,98730000,98731500,1627,2711,98745000,25471
0,6583,98745000,98746500,1627,2711,98760000,25473
0,6584,98760000,98761500,1627,2711,98775000,25479
0,6585,98775000,98776500,1627,2711,98790000,25482
0,6586,98790000,98791500,1627,2711,98805000,25487
0,6587,98805000,98806500,1627,2711,98820000,25488
0,6588,98820000,98821500,1627,2711,98835000,25494
0,6589,98835000,98836500,1627,2711,98850000,25498
0,659,9885000,9886500,1627,2711,9900000,2546
0,6590,98850000,98851500,1627,2711,98865000,25501
0,6591,98865000,98866500,1627,2711,98880000,25504
0,6592,98880000,98881500,1627,2711,98895000,25509
0,6593,98895000,98896500,1627,2711,98910000,25512
0,6594,98910000,98911500,1627,2711,98925000,25518
0,6595,98925000,98926500,1627,2711,98940000,25520
0,6596,98940000,98941500,1627,2711,98955000,25525
0,6597,98955000,98956500,1627,2711,98970000,25529
0,6598,98970000,98971500,1627,2711,98985000,25532
0,6599,98985000,98986500,1627,2711,99000000,25534
0,66,990000,991500,1627,2711,1005000,255
0,660,9900000,9901500,1627,2711,9915000,2553
0,6600,99000000,99001500,1627,2711,99015000,25542
0,6601,99015000,99016500,1627,2711,99030000,25544
0,6602,99030000,99031500,1627,2711,99045000,25547
0,6603,99045000,99046500,1627,2711,99060000,25551
0,6604,99060000,99061500,1627,2711,99075000,25556
0,6605,99075000,99076500,1627,2711,99090000,25559
0,6606,99090000,99091500,1627,2711,99105000,25564
0,6607,99105000,99106500,1627,2711,99120000,25565
0,6608,99120000,99121500,1627,2711,99135000,25572
0,6609,99135000,99136500,1627,2711,99150000,25575
0,661,9915000,9916500,1627,2711,9930000,2556
0,6610,99150000,99151500,1627,2711,99165000,25579
0,6611,99165000,99166500,1627,2711,99180000,25580
0,6612,99180000,99181500,1627,2711,99195000,25588
0,6613,99195000,99196500,1627,2711,99210000,25592
0,6614,99210000,99211500,1627,2711,99225000,25594
0,6615,99225000,99226500,1627,2711,99240000,25596
0,6616,99240000,99241500,1627,2711,99255000,25602
0,6617,99255000,99256500,1627,2711,99270000,25606
0,6618,99270000,99271500,1627,2711,99285000,25611
0,6619,99285000,99286500,1627,2711,99300000,25612
0,662,9930000,9931500,1627,2711,9945000,2559
0,6620,99300000,99301500,1627,2711,99315000,25617
0,6621,99315000,99316500,1627,2711,99330000,25622
0,6622,99330000,99331500,1627,2711,99345000,25625
0,6623,99345000,99346500,1627,2711,99360000,25627
0,6624,99360000,99361500,1627,2711,99375000,25634
0,6625,99375000,99376500,1627,2711,99390000,25637
0,6626,99390000,99391500,1627,2711,99405000,25642
0,6627,99405000,99406500,1627,2711,99420000,25644
0,6628,99420000,99421500,1627,2711,99435000,25648
0,6629,99435000,99436500,1627,2711,99450000,25651
0,663,9945000,9946500,1627,2711,9960000,2563
0,6630,99450000,99451500,1627,2711,99465000,25657
0,6631,99465000,99466500,1627,2711,99480000,25659
0,6632,99480000,99481500,1627,2711,99495000,25664
0,6633,99495000,99496500,1627,2711,99510000,25668
0,6634,99510000,99511500,1627,2711,99525000,25672
0,6635,99525000,99526500,1627,2711,99540000,25673
0,6636,99540000,99541500,1627,2711,99555000,25681
0,6637,99555000,99556500,1627,2711,99570000,25684
0,6638,99570000,99571500,1627,2711,99585000,25687
0,6639,99585000,99586500,1627,2711,99600000,25689
0,664,9960000,9961500,1627,2711,9975000,2568
0,6640,99600000,99601500,1627,2711,99615000,25696
0,6641,99615000,99616500,1627,2711,99630000,25698
0,6642,99630000,99631500,1627,2711,99645000,25703
0,6643,99645000,99646500,1627,2711,99660000,25706
0,6644,99660000,99661500,1627,2711,99675000,25710
0,6645,99675000,99676500,1627,2711,99690000,25715
0,6646,99690000,99691500,1627,2711,99705000,25718
0,6647,99705000,99706500,1627,2711,99720000,25720
0,6648,99720000,99721500,1627,2711,99735000,25727
0,6649,99735000,99736500,1627,2711,99750000,25729
0,665,9975000,9976500,1627,2711,9990000,2570
0,6650,99750000,99751500,1627,2711,99765000,25734
0,6651,99765000,99766500,1627,2711,99780000,25737
0,6652,99780000,99781500,1627,2711,99795000,25741
0,6653,99795000,99796500,1627,2711,99810000,25745
0,6654,99810000,99811500,1627,2711,99825000,25750
0,6655,99825000,99826500,1627,2711,99840000,25751
0,6656,99840000,99841500,1627,2711,99855000,25758
0,6657,99855000,99856500,1627,2711,99870000,25761
0,6658,99870000,99871500,1627,2711,99885000,25764
0,6659,99885000,99886500,1627,2711,99900000,25766
0,666,9990000,9991500,1627,2711,10005000,2576
0,6660,99900000,99901500,1627,2711,99915000,25774
0,6661,99915000,99916500,1627,2711,99930000,25777
0,6662,99930000,99931500,1627,2711,99945000,25779
0,6663,99945000,99946500,1627,2711,99960000,25782
0,6664,99960000,99961500,1627,2711,99975000,25789
0,6665,99975000,99976500,1627,2711,99990000,25791
0,6666,99990000,99991500,1627,2711,100005000,25797
0,6667,100005000,100006500,1627,2711,100020000,25798
0,6668,100020000,100021500,1627,2711,100035000,25803
0,6669,100035000,100036500,1627,2711,100050000,25808
0,667,10005000,10006500,1627,2711,10020000,2579
0,6670,100050000,100051500,1627,2711,100065000,25811
0,6671,100065000,100066500,1627,2711,100080000,25812
0,6672,100080000,100081500,1627,2711,100095000,25819
0,6673,100095000,100096500,1627,2711,100110000,25824
0,6674,100110000,100111500,1627,2711,100125000,25827
0,6675,100125000,100126500,1627,2711,100140000,25829
0,6676,100140000,100141500,1627,2711,100155000,25834
0,6677,100155000,100156500,1627,2711,100170000,25838
0,6678,100170000,100171500,1627,2711,100185000,25843
0,6679,100185000,100186500,1627,2711,100200000,25844
0,668,10020000,10021500,1627,2711,10035000,2583
0,6680,100200000,100201500,1627,2711,100215000,25850
0,6681,100215000,100216500,1627,2711,100230000,25853
0,6682,100230000,100231500,1627,2711,100245000,25858
0,6683,100245000,100246500,1627,2711,100260000,25860
0,6684,100260000,100261500,1627,2711,100275000,25866
0,6685,100275000,100276500,1627,2711,100290000,25869
0,6686,100290000,100291500,1627,2711,100305000,25873
0,6687,100305000,100306500,1627,2711,100320000,25876
0,6688,100320000,100321500,1627,2711,100335000,25881
0,6689,100335000,100336500,1627,2711,100350000,25883
0,669,10035000,10036500,1627,2711,10050000,2587
0,6690,100350000,100351500,1627,2711,100365000,25890
0,6691,100365000,100366500,1627,2711,100380000,25891
0,6692,100380000,100381500,1627,2711,100395000,25896
0,6693,100395000,100396500,1627,2711,100410000,25901
0,6694,100410000,100411500,1627,2711,100425000,25903
0,6695,100425000,100426500,1627,2711,100440000,25905
0,6696,100440000,100441500,1627,2711,100455000,25914
0,6697,100455000,100456500,1627,2711,100470000,25916
0,6698,100470000,100471500,1627,2711,100485000,25919
0,6699,100485000,100486500,1627,2711,100500000,25922
0,67,1005000,1006500,1627,2711,1020000,256
0,670,10050000,10051500,1627,2711,10065000,2590
0,6700,100500000,100501500,1627,2711,100515000,25927
0,6701,100515000,100516500,1627,2711,100530000,25931
0,6702,100530000,100531500,1627,2711,100545000,25935
0,6703,100545000,100546500,1627,2711,100560000,25938
0,6704,100560000,100561500,1627,2711,100575000,25943
0,6705,100575000,100576500,1627,2711,100590000,25946
0,6706,100590000,100591500,1627,2711,100605000,25951
0,6707,100605000,100606500,1627,2711,100620000,25952
0,6708,100620000,100621500,1627,2711,100635000,25959
0,6709,100635000,100636500,1627,2711,100650000,25962
0,671,10065000,10066500,1627,2711,10080000,2592
0,6710,100650000,100651500,1627,2711,100665000,25966
0,6711,100665000,100666500,1627,2711,100680000,25968
0,6712,100680000,100681500,1627,2711,100695000,25974
0,6713,100695000,100696500,1627,2711,100710000,25977
0,6714,100710000,100711500,1627,2711,100725000,25982
0,6715,100725000,100726500,1627,2711,100740000,25984
0,6716,100740000,100741500,1627,2711,100755000,25990
0,6717,100755000,100756500,1627,2711,100770000,25994
0,6718,100770000,100771500,1627,2711,100785000,25996
0,6719,100785000,100786500,1627,2711,100800000,25997
0,672,10080000,10081500,1627,2711,10095000,2600
0,6720,100800000,100801500,1627,2711,100815000,26006
0,6721,100815000,100816500,1627,2711,100830000,26009
0,6722,100830000,100831500,1627,2711,100845000,26012
0,6723,100845000,100846500,1627,2711,100860000,26015
0,6724,100860000,100861500,1627,2711,100875000,26020
0,6725,100875000,100876500,1627,2711,100890000,26024
0,6726,100890000,100891500,1627,2711,100905000,26029
0,6727,100905000,100906500,1627,2711,100920000,26030
0,6728,100920000,100921500,1627,2711,100935000,26035
0,6729,100935000,100936500,1627,2711,100950000,26040
0,673,10095000,10096500,1627,2711,10110000,2603
0,6730,100950000,100951500,1627,2711,100965000,26044
0,6731,100965000,100966500,1627,2711,100980000,26045
0,6732,100980000,100981500,1627,2711,100995000,26051
0,6733,100995000,100996500,1627,2711,101010000,26055
0,6734,101010000,101011500,1627,2711,101025000,26059
0,6735,101025000,101026500,1627,2711,101040000,26061
0,6736,101040000,101041500,1627,2711,101055000,26067
0,6737,101055000,101056500,1627,2711,101070000,26069
0,6738,101070000,101071500,1627,2711,101085000,26076
0,6739,101085000,101086500,1627,2711,101100000,26077
0,674,10110000,10111500,1627,2711,10125000,2606
0,6740,101100000,101101500,1627,2711,101115000,26082
0,6741,101115000,101116500,1627,2711,101130000,26086
0,6742,101130000,101131500,1627,2711,101145000,26089
0,6743,101145000,101146500,1627,2711,101160000,26092
0,6744,101160000,101161500,1627,2711,101175000,26099
0,6745,101175000,101176500,1627,2711,101190000,26101
0,6746,101190000,101191500,1627,2711,101205000,26105
0,6747,101205000,101206500,1627,2711,101220000,26108
0,6748,101220000,101221500,1627,2711,101235000,26113
0,6749,101235000,101236500,1627,2711,101250000,26116
0,675,10125000,10126500,1627,2711,10140000,2608
0,6750,101250000,101251500,1627,2711,101265000,26121
0,6751,101265000,101266500,1627,2711,101280000,26123
0,6752,101280000,101281500,1627,2711,101295000,26129
0,6753,101295000,101296500,1627,2711,101310000,26133
0,6754,101310000,101311500,1627,2711,101325000,26136
0,6755,101325000,101326500,1627,2711,101340000,26138
0,6756,101340000,101341500,1627,2711,101355000,26145
0,6757,101355000,101356500,1627,2711,101370000,26149
0,6758,101370000,101371500,1627,2711,101385000,26151
0,6759,101385000,101386500,1627,2711,101400000,26153
0,676,10140000,10141500,1627,2711,10155000,2615
0,6760,101400000,101401500,1627,2711,101415000,26160
0,6761,101415000,101416500,1627,2711,101430000,26162
0,6762,101430000,101431500,1627,2711,101445000,26168
0,6763,101445000,101446500,1627,2711,101460000,26170
0,6764,101460000,101461500,1627,2711,101475000,26175
0,6765,101475000,101476500,1627,2711,101490000,26179
0,6766,101490000,101491500,1627,2711,101505000,26183
0,6767,101505000,101506500,1627,2711,101520000,26184
0,6768,101520000,101521500,1627,2711,101535000,26192
0,6769,101535000,101536500,1627,2711,101550000,26194
0,677,10155000,10156500,1627,2711,10170000,2618
0,6770,101550000,101551500,1627,2711,101565000,26198
0,6771,101565000,101566500,1627,2711,101580000,26201
0,6772,101580000,101581500,1627,2711,101595000,26205
0,6773,101595000,101596500,1627,2711,101610000,26210
0,6774,101610000,101611500,1627,2711,101625000,26214
0,6775,101625000,101626500,1627,2711,101640000,26215
0,6776,101640000,101641500,1627,2711,101655000,26222
0,6777,101655000,101656500,1627,2711,101670000,26226
0,6778,101670000,101671500,1627,2711,101685000,26229
0,6779,101685000,101686500,1627,2711,101700000,26230
0,678,10170000,10171500,1627,2711,10185000,2622
0,6780,101700000,101701500,1627,2711,101715000,26238
0,6781,101715000,101716500,1627,2711,101730000,26242
0,6782,101730000,101731500,1627,2711,101745000,26244
0,6783,101745000,101746500,1627,2711,101760000,26247
0,6784,101760000,101761500,1627,2711,101775000,26252
0,6785,101775000,101776500,1627,2711,101790000,26255
0,6786,101790000,101791500,1627,2711,101805000,26262
0,6787,101805000,101806500,1627,2711,101820000,26263
0,6788,101820000,101821500,1627,2711,101835000,26267
0,6789,101835000,101836500,1627,2711,101850000,26271
0,679,10185000,10186500,1627,2711,10200000,2623
0,6790,101850000,101851500,1627,2711,101865000,26276
0,6791,101865000,101866500,1627,2711,101880000,26277
0,6792,101880000,101881500,1627,2711,101895000,26284
0,6793,101895000,101896500,1627,2711,101910000,26287
0,6794,101910000,101911500,1627,2711,101925000,26292
0,6795,101925000,101926500,1627,2711,101940000,26294
0,6796,101940000,101941500,1627,2711,101955000,26299
0,6797,101955000,101956500,1627,2711,101970000,26302
0,6798,101970000,101971500,1627,2711,101985000,26306
0,6799,101985000,101986500,1627,2711,102000000,26309
0,68,1020000,1021500,1627,2711,1035000,260
0,680,10200000,10201500,1627,2711,10215000,2630
0,6800,102000000,102001500,1627,2711,102015000,26315
0,6801,102015000,102016500,1627,2711,102030000,26318
0,6802,102030000,102031500,1627,2711,102045000,26321
0,6803,102045000,102046500,1627,2711,102060000,26324
0,6804,102060000,102061500,1627,2711,102075000,26331
0,6805,102075000,102076500,1627,2711,102090000,26334
0,6806,102090000,102091500,1627,2711,102105000,26337
0,6807,102105000,102106500,1627,2711,102120000,26340
0,6808,102120000,102121500,1627,2711,102135000,26346
0,6809,102135000,102136500,1627,2711,102150000,26348
0,681,10215000,10216500,1627,2711,10230000,2634
0,6810,102150000,102151500,1627,2711,102165000,26354
0,6811,102165000,102166500,1627,2711,102180000,26355
0,6812,102180000,102181500,1627,2711,102195000,26360
0,6813,102195000,102196500,1627,2711,102210000,26366
0,6814,102210000,102211500,1627,2711,102225000,26368
0,6815,102225000,102226500,1627,2711,102240000,26369
0,6816,102240000,102241500,1627,2711,102255000,26378
0,6817,102255000,102256500,1627,2711,102270000,26380
0,6818,102270000,102271500,1627,2711,102285000,26384
0,6819,102285000,102286500,1627,2711,102300000,26386
0,682,10230000,10231500,1627,2711,10245000,2637
0,6820,102300000,102301500,1627,2711,102315000,26392
0,6821,102315000,102316500,1627,2711,102330000,26395
0,6822,102330000,102331500,1627,2711,102345000,26400
0,6823,102345000,102346500,1627,2711,102360000,26402
0,6824,102360000,102361500,1627,2711,102375000,26407
0,6825,102375000,102376500,1627,2711,102390000,26411
0,6826,102390000,102391500,1627,2711,102405000,26415
0,6827,102405000,102406500,1627,2711,102420000,26417
0,6828,102420000,102421500,1627,2711,102435000,26423
0,6829,102435000,102436500,1627,2711,102450000,26427
0,683,10245000,10246500,1627,2711,10260000,2639
0,6830,102450000,102451500,1627,2711,102465000,26430
0,6831,102465000,102466500,1627,2711,102480000,26432
0,6832,102480000,102481500,1627,2711,102495000,26438
0,6833,102495000,102496500,1627,2711,102510000,26442
0,6834,102510000,102511500,1627,2711,102525000,26447
0,6835,102525000,102526500,1627,2711,102540000,26448
0,6836,102540000,102541500,1627,2711,102555000,26454
0,6837,102555000,102556500,1627,2711,102570000,26458
0,6838,102570000,102571500,1627,2711,102585000,26461
0,6839,102585000,102586500,1627,2711,102600000,26462
0,684,10260000,10261500,1627,2711,10275000,2646
0,6840,102600000,102601500,1627,2711,102615000,26470
0,6841,102615000,102616500,1627,2711,102630000,26473
0,6842,102630000,102631500,1627,2711,102645000,26477
0,6843,102645000,102646500,1627,2711,102660000,26480
0,6844,102660000,102661500,1627,2711,102675000,26484
0,6845,102675000,102676500,1627,2711,102690000,26487
0,6846,102690000,102691500,1627,2711,102705000,26494
0,6847,102705000,102706500,1627,2711,102720000,26495
0,6848,102720000,102721500,1627,2711,102735000,26500
0,6849,102735000,102736500,1627,2711,102750000,26503
0,685,10275000,10276500,1627,2711,10290000,2649
0,6850,102750000,102751500,1627,2711,102765000,26508
0,6851,102765000,102766500,1627,2711,102780000,26510
0,6852,102780000,102781500,1627,2711,102795000,26516
0,6853,102795000,102796500,1627,2711,102810000,26520
0,6854,102810000,102811500,1627,2711,102825000,26522
0,6855,102825000,102826500,1627,2711,102840000,26526
0,6856,102840000,102841500,1627,2711,102855000,26532
0,6857,102855000,102856500,1627,2711,102870000,26534
0,6858,102870000,102871500,1627,2711,102885000,26539
0,6859,102885000,102886500,1627,2711,102900000,26541
0,686,10290000,10291500,1627,2711,10305000,2653
0,6860,102900000,102901500,1627,2711,102915000,26547
0,6861,102915000,102916500,1627,2711,102930000,26551
0,6862,102930000,102931500,1627,2711,102945000,26553
0,6863,102945000,102946500,1627,2711,102960000,26555
0,6864,102960000,102961500,1627,2711,102975000,26564
0,6865,102975000,102976500,1627,2711,102990000,26566
0,6866,102990000,102991500,1627,2711,103005000,26570
0,6867,103005000,103006500,1627,2711,103020000,26572
0,6868,103020000,103021500,1627,2711,103035000,26577
0,6869,103035000,103036500,1627,2711,103050000,26581
0,687,10305000,10306500,1627,2711,10320000,2655
0,6870,103050000,103051500,1627,2711,103065000,26586
0,6871,103065000,103066500,1627,2711,103080000,26587
0,6872,103080000,103081500,1627,2711,103095000,26593
0,6873,103095000,103096500,1627,2711,103110000,26597
0,6874,103110000,103111500,1627,2711,103125000,26601
0,6875,103125000,103126500,1627,2711,103140000,26602
0,6876,103140000,103141500,1627,2711,103155000,26609
0,6877,103155000,103156500,1627,2711,103170000,26613
0,6878,103170000,103171500,1627,2711,103185000,26616
0,6879,103185000,103186500,1627,2711,103200000,26618
0,688,10320000,10321500,1627,2711,10335000,2660
0,6880,103200000,103201500,1627,2711,103215000,26624
0,6881,103215000,103216500,1627,2711,103230000,26627
0,6882,103230000,103231500,1627,2711,103245000,26632
0,6883,103245000,103246500,1627,2711,103260000,26635
0,6884,103260000,103261500,1627,2711,103275000,26639
0,6885,103275000,103276500,1627,2711,103290000,26644
0,6886,103290000,103291500,1627,2711,103305000,26647
0,6887,103305000,103306500,1627,2711,103320000,26648
0,6888,103320000,103321500,1627,2711,103335000,26656
0,6889,103335000,103336500,1627,2711,103350000,26658
0,689,10335000,10336500,1627,2711,10350000,2663
0,6890,103350000,103351500,1627,2711,103365000,26663
0,6891,103365000,103366500,1627,2711,103380000,26665
0,6892,103380000,103381500,1627,2711,103395000,26670
0,6893,103395000,103396500,1627,2711,103410000,26674
0,6894,103410000,103411500,1627,2711,103425000,26679
0,6895,103425000,103426500,1627,2711,103440000,26680
0,6896,103440000,103441500,1627,2711,103455000,26686
0,6897,103455000,103456500,1627,2711,103470000,26690
0,6898,103470000,103471500,1627,2711,103485000,26694
0,6899,103485000,103486500,1627,2711,103500000,26695
0,69,1035000,1036500,1627,2711,1050000,265
0,690,10350000,10351500,1627,2711,10365000,2670
0,6900,103500000,103501500,1627,2711,103515000,26702
0,6901,103515000,103516500,1627,2711,103530000,26705
0,6902,103530000,103531500,1627,2711,103545000,26708
0,6903,103545000,103546500,1627,2711,103560000,26712
0,6904,103560000,103561500,1627,2711,103575000,26717
0,6905,103575000,103576500,1627,2711,103590000,26719
0,6906,103590000,103591500,1627,2711,103605000,26726
0,6907,103605000,103606500,1627,2711,103620000,26728
0,6908,103620000,103621500,1627,2711,103635000,26732
0,6909,103635000,103636500,1627,2711,103650000,26736
0,691,10365000,10366500,1627,2711,10380000,2671
0,6910,103650000,103651500,1627,2711,103665000,26739
0,6911,103665000,103666500,1627,2711,103680000,26742
0,6912,103680000,103681500,1627,2711,103695000,26749
0,6913,103695000,103696500,1627,2711,103710000,26752
0,6914,103710000,103711500,1627,2711,103725000,26755
0,6915,103725000,103726500,1627,2711,103740000,26757
0,6916,103740000,103741500,1627,2711,103755000,26764
0,6917,103755000,103756500,1627,2711,103770000,26767
0,6918,103770000,103771500,1627,2711,103785000,26771
0,6919,103785000,103786500,1627,2711,103800000,26772
0,692,10380000,10381500,1627,2711,10395000,2675
0,6920,103800000,103801500,1627,2711,103815000,26780
0,6921,103815000,103816500,1627,2711,103830000,26783
0,6922,103830000,103831500,1627,2711,103845000,26786
0,6923,103845000,103846500,1627,2711,103860000,26788
0,6924,103860000,103861500,1627,2711,103875000,26795
0,6925,103875000,103876500,1627,2711,103890000,26799
0,6926,103890000,103891500,1627,2711,103905000,26802
0,6927,103905000,103906500,1627,2711,103920000,26804
0,6928,103920000,103921500,1627,2711,103935000,26809
0,6929,103935000,103936500,1627,2711,103950000,26812
0,693,10395000,10396500,1627,2711,10410000,2681
0,6930,103950000,103951500,1627,2711,103965000,26819
0,6931,103965000,103966500,1627,2711,103980000,26820
0,6932,103980000,103981500,1627,2711,103995000,26824
0,6933,103995000,103996500,1627,2711,104010000,26830
0,6934,104010000,104011500,1627,2711,104025000,26833
0,6935,104025000,104026500,1627,2711,104040000,26834
0,6936,104040000,104041500,1627,2711,104055000,26842
0,6937,104055000,104056500,1627,2711,104070000,26845
0,6938,104070000,104071500,1627,2711,104085000,26848
0,6939,104085000,104086500,1627,2711,104100000,26851
0,694,10410000,10411500,1627,2711,10425000,2683
0,6940,104100000,104101500,1627,2711,104115000,26856
0,6941,104115000,104116500,1627,2711,104130000,26859
0,6942,104130000,104131500,1627,2711,104145000,26864
0,6943,104145000,104146500,1627,2711,104160000,26866
0,6944,104160000,104161500,1627,2711,104175000,26872
0,6945,104175000,104176500,1627,2711,104190000,26875
0,6946,104190000,104191500,1627,2711,104205000,26880
0,6947,104205000,104206500,1627,2711,104220000,26881
0,6948,104220000,104221500,1627,2711,104235000,26888
0,6949,104235000,104236500,1627,2711,104250000,26891
0,695,10425000,10426500,1627,2711,10440000,2685
0,6950,104250000,104251500,1627,2711,104265000,26895
0,6951,104265000,104266500,1627,2711,104280000,26897
0,6952,104280000,104281500,1627,2711,104295000,26902
0,6953,104295000,104296500,1627,2711,104310000,26906
0,6954,104310000,104311500,1627,2711,104325000,26911
0,6955,104325000,104326500,1627,2711,104340000,26913
0,6956,104340000,104341500,1627,2711,104355000,26918
0,6957,104355000,104356500,1627,2711,104370000,26922
0,6958,104370000,104371500,1627,2711,104385000,26925
0,6959,104385000,104386500,1627,2711,104400000,26927
0,696,10440000,10441500,1627,2711,10455000,2693
0,6960,104400000,104401500,1627,2711,104415000,26935
0,6961,104415000,104416500,1627,2711,104430000,26937
0,6962,104430000,104431500,1627,2711,104445000,26941
0,6963,104445000,104446500,1627,2711,104460000,26945
0,6964,104460000,104461500,1627,2711,104475000,26949
0,6965,104475000,104476500,1627,2711,104490000,26952
0,6966,104490000,104491500,1627,2711,104505000,26957
0,6967,104505000,104506500,1627,2711,104520000,26959
0,6968,104520000,104521500,1627,2711,104535000,26965
0,6969,104535000,104536500,1627,2711,104550000,26968
0,697,10455000,10456500,1627,2711,10470000,2696
0,6970,104550000,104551500,1627,2711,104565000,26972
0,6971,104565000,104566500,1627,2711,104580000,26973
0,6972,104580000,104581500,1627,2711,104595000,26981
0,6973,104595000,104596500,1627,2711,104610000,26985
0,6974,104610000,104611500,1627,2711,104625000,26987
0,6975,104625000,104626500,1627,2711,104640000,26989
0,6976,104640000,104641500,1627,2711,104655000,26997
0,6977,104655000,104656500,1627,2711,104670000,26999
0,6978,104670000,104671500,1627,2711,104685000,27004
0,6979,104685000,104686500,1627,2711,104700000,27005
0,698,10470000,10471500,1627,2711,10485000,2699
0,6980,104700000,104701500,1627,2711,104715000,27010
0,6981,104715000,104716500,1627,2711,104730000,27016
0,6982,104730000,104731500,1627,2711,104745000,27018
0,6983,104745000,104746500,1627,2711,104760000,27020
0,6984,104760000,104761500,1627,2711,104775000,27027
0,6985,104775000,104776500,1627,2711,104790000,27030
0,6986,104790000,104791500,1627,2711,104805000,27035
0,6987,104805000,104806500,1627,2711,104820000,27037
0,6988,104820000,104821500,1627,2711,104835000,27041
0,6989,104835000,104836500,1627,2711,104850000,27045
0,699,10485000,10486500,1627,2711,10500000,2701
0,6990,104850000,104851500,1627,2711,104865000,27051
0,6991,104865000,104866500,1627,2711,104880000,27052
0,6992,104880000,104881500,1627,2711,104895000,27057
0,6993,104895000,104896500,1627,2711,104910000,27061
0,6994,104910000,104911500,1627,2711,104925000,27065
0,6995,104925000,104926500,1627,2711,104940000,27067
0,6996,104940000,104941500,1627,2711,104955000,27074
0,6997,104955000,104956500,1627,2711,104970000,27077
0,6998,104970000,104971500,1627,2711,104985000,27080
0,6999,104985000,104986500,1627,2711,105000000,27082
0,7,105000,106500,1627,2711,120000,23
0,70,1050000,1051500,1627,2711,1065000,269
0,700,10500000,10501500,1627,2711,10515000,2707
0,7000,105000000,105001500,1627,2711,105015000,27089
0,7001,105015000,105016500,1627,2711,105030000,27091
0,7002,105030000,105031500,1627,2711,105045000,27097
0,7003,105045000,105046500,1627,2711,105060000,27099
0,7004,105060000,105061500,1627,2711,105075000,27104
0,7005,105075000,105076500,1627,2711,105090000,27108
0,7006,105090000,105091500,1627,2711,105105000,27111
0,7007,105105000,105106500,1627,2711,105120000,27113
0,7008,105120000,105121500,1627,2711,105135000,27120
0,7009,105135000,105136500,1627,2711,105150000,27123
0,701,10515000,10516500,1627,2711,10530000,2710
0,7010,105150000,105151500,1627,2711,105165000,27127
0,7011,105165000,105166500,1627,2711,105180000,27130
0,7012,105180000,105181500,1627,2711,105195000,27134
0,7013,105195000,105196500,1627,2711,105210000,27138
0,7014,105210000,105211500,1627,2711,105225000,27143
0,7015,105225000,105226500,1627,2711,105240000,27145
0,7016,105240000,105241500,1627,2711,105255000,27151
0,7017,105255000,105256500,1627,2711,105270000,27154
0,7018,105270000,105271500,1627,2711,105285000,27158
0,7019,105285000,105286500,1627,2711,105300000,27159
0,702,10530000,10531500,1627,2711,10545000,2715
0,7020,105300000,105301500,1627,2711,105315000,27167
0,7021,105315000,105316500,1627,2711,105330000,27170
0,7022,105330000,105331500,1627,2711,105345000,27172
0,7023,105345000,105346500,1627,2711,105360000,27176
0,7024,105360000,105361500,1627,2711,105375000,27182
0,7025,105375000,105376500,1627,2711,105390000,27184
0,7026,105390000,105391500,1627,2711,105405000,27190
0,7027,105405000,105406500,1627,2711,105420000,27191
0,7028,105420000,105421500,1627,2711,105435000,27197
0,7029,105435000,105436500,1627,2711,105450000,27201
0,703,10545000,10546500,1627,2711,10560000,2717
0,7030,105450000,105451500,1627,2711,105465000,27204
0,7031,105465000,105466500,1627,2711,105480000,27205
0,7032,105480000,105481500,1627,2711,105495000,27213
0,7033,105495000,105496500,1627,2711,105510000,27217
0,7034,105510000,105511500,1627,2711,105525000,27220
0,7035,105525000,105526500,1627,2711,105540000,27222
0,7036,105540000,105541500,1627,2711,105555000,27227
0,7037,105555000,105556500,1627,2711,105570000,27232
0,7038,105570000,105571500,1627,2711,105585000,27236
0,7039,105585000,105586500,1627,2711,105600000,27237
0,704,10560000,10561500,1627,2711,10575000,2723
0,7040,105600000,105601500,1627,2711,105615000,27243
0,7041,105615000,105616500,1627,2711,105630000,27247
0,7042,105630000,105631500,1627,2711,105645000,27251
0,7043,105645000,105646500,1627,2711,105660000,27253
0,7044,105660000,105661500,1627,2711,105675000,27259
0,7045,105675000,105676500,1627,2711,105690000,27262
0,7046,105690000,105691500,1627,2711,105705000,27267
0,7047,105705000,105706500,1627,2711,105720000,27269
0,7048,105720000,105721500,1627,2711,105735000,27274
0,7049,105735000,105736500,1627,2711,105750000,27276
0,705,10575000,10576500,1627,2711,10590000,2726
0,7050,105750000,105751500,1627,2711,105765000,27283
0,7051,105765000,105766500,1627,2711,105780000,27285
0,7052,105780000,105781500,1627,2711,105795000,27289
0,7053,105795000,105796500,1627,2711,105810000,27294
0,7054,105810000,105811500,1627,2711,105825000,27297
0,7055,105825000,105826500,1627,2711,105840000,27298
0,7056,105840000,105841500,1627,2711,105855000,27307
0,7057,105855000,105856500,1627,2711,105870000,27309
0,7058,105870000,105871500,1627,2711,105885000,27312
0,7059,105885000,105886500,1627,2711,105900000,27315
0,706,10590000,10591500,1627,2711,10605000,2731
0,7060,105900000,105901500,1627,2711,105915000,27321
0,7061,105915000,105916500,1627,2711,105930000,27324
0,7062,105930000,105931500,1627,2711,105945000,27328
0,7063,105945000,105946500,1627,2711,105960000,27331
0,7064,105960000,105961500,1627,2711,105975000,27336
0,7065,105975000,105976500,1627,2711,105990000,27340
0,7066,105990000,105991500,1627,2711,106005000,27344
0,7067,106005000,106006500,1627,2711,106020000,27346
0,7068,106020000,106021500,1627,2711,106035000,27352
0,7069,106035000,106036500,1627,2711,106050000,27355
0,707,10605000,10606500,1627,2711,10620000,2732
0,7070,106050000,106051500,1627,2711,106065000,27359
0,7071,106065000,106066500,1627,2711,106080000,27361
0,7072,106080000,106081500,1627,2711,106095000,27367
0,7073,106095000,106096500,1627,2711,106110000,27370
0,7074,106110000,106111500,1627,2711,106125000,27376
0,7075,106125000,106126500,1627,2711,106140000,27377
0,7076,106140000,106141500,1627,2711,106155000,27383
0,7077,106155000,106156500,1627,2711,106170000,27387
0,7078,106170000,106171500,1627,2711,106185000,27389
0,7079,106185000,106186500,1627,2711,106200000,27391
0,708,10620000,10621500,1627,2711,10635000,2738
0,7080,106200000,106201500,1627,2711,106215000,27400
0,7081,106215000,106216500,1627,2711,106230000,27402
0,7082,106230000,106231500,1627,2711,106245000,27405
0,7083,106245000,106246500,1627,2711,106260000,27408
0,7084,106260000,106261500,1627,2711,106275000,27413
0,7085,106275000,106276500,1627,2711,106290000,27417
0,7086,106290000,106291500,1627,2711,106305000,27422
0,7087,106305000,106306500,1627,2711,106320000,27423
0,7088,106320000,106321500,1627,2711,106335000,27429
0,7089,106335000,106336500,1627,2711,106350000,27433
0,709,10635000,10636500,1627,2711,10650000,2742
0,7090,106350000,106351500,1627,2711,106365000,27437
0,7091,106365000,106366500,1627,2711,106380000,27438
0,7092,106380000,106381500,1627,2711,106395000,27444
0,7093,106395000,106396500,1627,2711,106410000,27450
0,7094,106410000,106411500,1627,2711,106425000,27452
0,7095,106425000,106426500,1627,2711,106440000,27454
0,7096,106440000,106441500,1627,2711,106455000,27460
0,7097,106455000,106456500,1627,2711,106470000,27462
0,7098,106470000,106471500,1627,2711,106485000,27469
0,7099,106485000,106486500,1627,2711,106500000,27470
0,71,1065000,1066500,1627,2711,1080000,270
0,710,10650000,10651500,1627,2711,10665000,2746
0,7100,106500000,106501500,1627,2711,106515000,27475
0,7101,106515000,106516500,1627,2711,106530000,27479
0,7102,106530000,106531500,1627,2711,106545000,27483
0,7103,106545000,106546500,1627,2711,106560000,27485
0,7104,106560000,106561500,1627,2711,106575000,27492
0,7105,106575000,106576500,1627,2711,106590000,27494
0,7106,106590000,106591500,1627,2711,106605000,27499
0,7107,106605000,106606500,1627,2711,106620000,27502
0,7108,106620000,106621500,1627,2711,106635000,27506
0,7109,106635000,106636500,1627,2711,106650000,27509
0,711,10665000,10666500,1627,2711,10680000,2748
0,7110,106650000,106651500,1627,2711,106665000,27514
0,7111,106665000,106666500,1627,2711,106680000,27516
0,7112,106680000,106681500,1627,2711,106695000,27522
0,7113,106695000,106696500,1627,2711,106710000,27526
0,7114,106710000,106711500,1627,2711,106725000,27529
0,7115,106725000,106726500,1627,2711,106740000,27531
0,7116,106740000,106741500,1627,2711,106755000,27539
0,7117,106755000,106756500,1627,2711,106770000,27542
0,7118,106770000,106771500,1627,2711,106785000,27544
0,7119,106785000,106786500,1627,2711,106800000,27547
0,712,10680000,10681500,1627,2711,10695000,2753
0,7120,106800000,106801500,1627,2711,106815000,27553
0,7121,106815000,106816500,1627,2711,106830000,27556
0,7122,106830000,106831500,1627,2711,106845000,27561
0,7123,106845000,106846500,1627,2711,106860000,27563
0,7124,106860000,106861500,1627,2711,106875000,27568
0,7125,106875000,106876500,1627,2711,106890000,27572
0,7126,106890000,106891500,1627,2711,106905000,27576
0,7127,106905000,106906500,1627,2711,106920000,27577
0,7128,106920000,106921500,1627,2711,106935000,27585
0,7129,106935000,106936500,1627,2711,106950000,27587
0,713,10695000,10696500,1627,2711,10710000,2756
0,7130,106950000,106951500,1627,2711,106965000,27592
0,7131,106965000,106966500,1627,2711,106980000,27594
0,7132,106980000,106981500,1627,2711,106995000,27599
0,7133,106995000,106996500,1627,2711,107010000,27603
0,7134,107010000,107011500,1627,2711,107025000,27607
0,7135,107025000,107026500,1627,2711,107040000,27609
0,7136,107040000,107041500,1627,2711,107055000,27615
0,7137,107055000,107056500,1627,2711,107070000,27619
0,7138,107070000,107071500,1627,2711,107085000,27622
0,7139,107085000,107086500,1627,2711,107100000,27623
0,714,10710000,10711500,1627,2711,10725000,2762
0,7140,107100000,107101500,1627,2711,107115000,27631
0,7141,107115000,107116500,1627,2711,107130000,27635
0,7142,107130000,107131500,1627,2711,107145000,27637
0,7143,107145000,107146500,1627,2711,107160000,27640
0,7144,107160000,107161500,1627,2711,107175000,27646
0,7145,107175000,107176500,1627,2711,107190000,27649
0,7146,107190000,107191500,1627,2711,107205000,27655
0,7147,107205000,107206500,1627,2711,107220000,27656
0,7148,107220000,107221500,1627,2711,107235000,27660
0,7149,107235000,107236500,1627,2711,107250000,27665
0,715,10725000,10726500,1627,2711,10740000,2764
0,7150,107250000,107251500,1627,2711,107265000,27669
0,7151,107265000,107266500,1627,2711,107280000,27670
0,7152,107280000,107281500,1627,2711,107295000,27677
0,7153,107295000,107296500,1627,2711,107310000,27680
0,7154,107310000,107311500,1627,2711,107325000,27685
0,7155,107325000,107326500,1627,2711,107340000,27687
0,7156,107340000,107341500,1627,2711,107355000,27692
0,7157,107355000,107356500,1627,2711,107370000,27695
0,7158,107370000,107371500,1627,2711,107385000,27701
0,7159,107385000,107386500,1627,2711,107400000,27702
0,716,10740000,10741500,1627,2711,10755000,2769
0,7160,107400000,107401500,1627,2711,107415000,27708
0,7161,107415000,107416500,1627,2711,107430000,27711
0,7162,107430000,107431500,1627,2711,107445000,27714
0,7163,107445000,107446500,1627,2711,107460000,27718
0,7164,107460000,107461500,1627,2711,107475000,27724
0,7165,107475000,107476500,1627,2711,107490000,27727
0,7166,107490000,107491500,1627,2711,107505000,27730
0,7167,107505000,107506500,1627,2711,107520000,27733
0,7168,107520000,107521500,1627,2711,107535000,27739
0,7169,107535000,107536500,1627,2711,107550000,27741
0,717,10755000,10756500,1627,2711,10770000,2773
0,7170,107550000,107551500,1627,2711,107565000,27747
0,7171,107565000,107566500,1627,2711,107580000,27749
0,7172,107580000,107581500,1627,2711,107595000,27754
0,7173,107595000,107596500,1627,2711,107610000,27759
0,7174,107610000,107611500,1627,2711,107625000,27761
0,7175,107625000,107626500,1627,2711,107640000,27762
0,7176,107640000,107641500,1627,2711,107655000,27771
0,7177,107655000,107656500,1627,2711,107670000,27774
0,7178,107670000,107671500,1627,2711,107685000,27777
0,7179,107685000,107686500,1627,2711,107700000,27779
0,718,10770000,10771500,1627,2711,10785000,2776
0,7180,107700000,107701500,1627,2711,107715000,27785
0,7181,107715000,107716500,1627,2711,107730000,27788
0,7182,107730000,107731500,1627,2711,107745000,27793
0,7183,107745000,107746500,1627,2711,107760000,27795
0,7184,107760000,107761500,1627,2711,107775000,27801
0,7185,107775000,107776500,1627,2711,107790000,27804
0,7186,107790000,107791500,1627,2711,107805000,27809
0,7187,107805000,107806500,1627,2711,107820000,27810
0,7188,107820000,107821500,1627,2711,107835000,27816
0,7189,107835000,107836500,1627,2711,107850000,27820
0,719,10785000,10786500,1627,2711,10800000,2778
0,7190,107850000,107851500,1627,2711,107865000,27823
0,7191,107865000,107866500,1627,2711,107880000,27826
0,7192,107880000,107881500,1627,2711,107895000,27831
0,7193,107895000,107896500,1627,2711,107910000,27835
0,7194,107910000,107911500,1627,2711,107925000,27840
0,7195,107925000,107926500,1627,2711,107940000,27841
0,7196,107940000,107941500,1627,2711,107955000,27847
0,7197,107955000,107956500,1627,2711,107970000,27852
0,7198,107970000,107971500,1627,2711,107985000,27854
0,7199,107985000,107986500,1627,2711,108000000,27855
0,72,1080000,1081500,1627,2711,1095000,277
0,720,10800000,10801500,1627,2711,10815000,2786
0,7200,108000000,108001500,1627,2711,108015000,27864
0,7201,108015000,108016500,1627,2711,108030000,27866
0,7202,108030000,108031500,1627,2711,108045000,27870
0,7203,108045000,108046500,1627,2711,108060000,27873
0,7204,108060000,108061500,1627,2711,108075000,27877
0,7205,108075000,108076500,1627,2711,108090000,27881
0,7206,108090000,108091500,1627,2711,108105000,27887
0,7207,108105000,108106500,1627,2711,108120000,27888
0,7208,108120000,108121500,1627,2711,108135000,27893
0,7209,108135000,108136500,1627,2711,108150000,27896
0,721,10815000,10816500,1627,2711,10830000,2788
0,7210,108150000,108151500,1627,2711,108165000,27902
0,7211,108165000,108166500,1627,2711,108180000,27903
0,7212,108180000,108181500,1627,2711,108195000,27909
0,7213,108195000,108196500,1627,2711,108210000,27913
0,7214,108210000,108211500,1627,2711,108225000,27916
0,7215,108225000,108226500,1627,2711,108240000,27919
0,7216,108240000,108241500,1627,2711,108255000,27925
0,7217,108255000,108256500,1627,2711,108270000,27927
0,7218,108270000,108271500,1627,2711,108285000,27932
0,7219,108285000,108286500,1627,2711,108300000,27935
0,722,10830000,10831500,1627,2711,10845000,2791
0,7220,108300000,108301500,1627,2711,108315000,27940
0,7221,108315000,108316500,1627,2711,108330000,27944
0,7222,108330000,108331500,1627,2711,108345000,27946
0,7223,108345000,108346500,1627,2711,108360000,27949
0,7224,108360000,108361500,1627,2711,108375000,27957
0,7225,108375000,108376500,1627,2711,108390000,27959
0,7226,108390000,108391500,1627,2711,108405000,27963
0,7227,108405000,108406500,1627,2711,108420000,27965
0,7228,108420000,108421500,1627,2711,108435000,27971
0,7229,108435000,108436500,1627,2711,108450000,27974
0,723,10845000,10846500,1627,2711,10860000,2796
0,7230,108450000,108451500,1627,2711,108465000,27979
0,7231,108465000,108466500,1627,2711,108480000,27980
0,7232,108480000,108481500,1627,2711,108495000,27986
0,7233,108495000,108496500,1627,2711,108510000,27991
0,7234,108510000,108511500,1627,2711,108525000,27994
0,7235,108525000,108526500,1627,2711,108540000,27995
0,7236,108540000,108541500,1627,2711,108555000,28003
0,7237,108555000,108556500,1627,2711,108570000,28006
0,7238,108570000,108571500,1627,2711,108585000,28009
0,7239,108585000,108586500,1627,2711,108600000,28011
0,724,10860000,10861500,1627,2711,10875000,2800
0,7240,108600000,108601500,1627,2711,108615000,28017
0,7241,108615000,108616500,1627,2711,108630000,28020
0,7242,108630000,108631500,1627,2711,108645000,28026
0,7243,108645000,108646500,1627,2711,108660000,28028
0,7244,108660000,108661500,1627,2711,108675000,28032
0,7245,108675000,108676500,1627,2711,108690000,28037
0,7246,108690000,108691500,1627,2711,108705000,28040
0,7247,108705000,108706500,1627,2711,108720000,28042
0,7248,108720000,108721500,1627,2711,108735000,28049
0,7249,108735000,108736500,1627,2711,108750000,28052
0,725,10875000,10876500,1627,2711,10890000,2803
0,7250,108750000,108751500,1627,2711,108765000,28056
0,7251,108765000,108766500,1627,2711,108780000,28058
0,7252,108780000,108781500,1627,2711,108795000,28063
0,7253,108795000,108796500,1627,2711,108810000,28067
0,7254,108810000,108811500,1627,2711,108825000,28072
0,7255,108825000,108826500,1627,2711,108840000,28073
0,7256,108840000,108841500,1627,2711,108855000,28080
0,7257,108855000,108856500,1627,2711,108870000,28083
0,7258,108870000,108871500,1627,2711,108885000,28087
0,7259,108885000,108886500,1627,2711,108900000,28088
0,726,10890000,10891500,1627,2711,10905000,2808
0,7260,108900000,108901500,1627,2711,108915000,28095
0,7261,108915000,108916500,1627,2711,108930000,28099
0,7262,108930000,108931500,1627,2711,108945000,28102
0,7263,108945000,108946500,1627,2711,108960000,28105
0,7264,108960000,108961500,1627,2711,108975000,28110
0,7265,108975000,108976500,1627,2711,108990000,28112
0,7266,108990000,108991500,1627,2711,109005000,28119
0,7267,109005000,109006500,1627,2711,109020000,28121
0,7268,109020000,109021500,1627,2711,109035000,28125
0,7269,109035000,109036500,1627,2711,109050000,28129
0,727,10905000,10906500,1627,2711,10920000,2809
0,7270,109050000,109051500,1627,2711,109065000,28133
0,7271,109065000,109066500,1627,2711,109080000,28135
0,7272,109080000,109081500,1627,2711,109095000,28142
0,7273,109095000,109096500,1627,2711,109110000,28145
0,7274,109110000,109111500,1627,2711,109125000,28148
0,7275,109125000,109126500,1627,2711,109140000,28152
0,7276,109140000,109141500,1627,2711,109155000,28157
0,7277,109155000,109156500,1627,2711,109170000,28160
0,7278,109170000,109171500,1627,2711,109185000,28164
0,7279,109185000,109186500,1627,2711,109200000,28165
0,728,10920000,10921500,1627,2711,10935000,2816
0,7280,109200000,109201500,1627,2711,109215000,28173
0,7281,109215000,109216500,1627,2711,109230000,28176
0,7282,109230000,109231500,1627,2711,109245000,28179
0,7283,109245000,109246500,1627,2711,109260000,28181
0,7284,109260000,109261500,1627,2711,109275000,28189
0,7285,109275000,109276500,1627,2711,109290000,28192
0,7286,109290000,109291500,1627,2711,109305000,28195
0,7287,109305000,109306500,1627,2711,109320000,28197
0,7288,109320000,109321500,1627,2711,109335000,28203
0,7289,109335000,109336500,1627,2711,109350000,28206
0,729,10935000,10936500,1627,2711,10950000,2819
0,7290,109350000,109351500,1627,2711,109365000,28212
0,7291,109365000,109366500,1627,2711,109380000,28213
0,7292,109380000,109381500,1627,2711,109395000,28217
0,7293,109395000,109396500,1627,2711,109410000,28223
0,7294,109410000,109411500,1627,2711,109425000,28226
0,7295,109425000,109426500,1627,2711,109440000,28227
0,7296,109440000,109441500,1627,2711,109455000,28235
0,7297,109455000,109456500,1627,2711,109470000,28238
0,7298,109470000,109471500,1627,2711,109485000,28242
0,7299,109485000,109486500,1627,2711,109500000,28244
0,73,1095000,1096500,1627,2711,1110000,281
0,730,10950000,10951500,1627,2711,10965000,2823
0,7300,109500000,109501500,1627,2711,109515000,28249
0,7301,109515000,109516500,1627,2711,109530000,28253
0,7302,109530000,109531500,1627,2711,109545000,28257
0,7303,109545000,109546500,1627,2711,109560000,28260
0,7304,109560000,109561500,1627,2711,109575000,28265
0,7305,109575000,109576500,1627,2711,109590000,28268
0,7306,109590000,109591500,1627,2711,109605000,28273
0,7307,109605000,109606500,1627,2711,109620000,28274
0,7308,109620000,109621500,1627,2711,109635000,28281
0,7309,109635000,109636500,1627,2711,109650000,28284
0,731,10965000,10966500,1627,2711,10980000,2824
0,7310,109650000,109651500,1627,2711,109665000,28288
0,7311,109665000,109666500,1627,2711,109680000,28290
0,7312,109680000,109681500,1627,2711,109695000,28296
0,7313,109695000,109696500,1627,2711,109710000,28299
0,7314,109710000,109711500,1627,2711,109725000,28305
0,7315,109725000,109726500,1627,2711,109740000,28306
0,7316,109740000,109741500,1627,2711,109755000,28311
0,7317,109755000,109756500,1627,2711,109770000,28316
0,7318,109770000,109771500,1627,2711,109785000,28318
0,7319,109785000,109786500,1627,2711,109800000,28320
0,732,10980000,10981500,1627,2711,10995000,2832
0,7320,109800000,109801500,1627,2711,109815000,28328
0,7321,109815000,109816500,1627,2711,109830000,28330
0,7322,109830000,109831500,1627,2711,109845000,28334
0,7323,109845000,109846500,1627,2711,109860000,28338
0,7324,109860000,109861500,1627,2711,109875000,28342
0,7325,109875000,109876500,1627,2711,109890000,28345
0,7326,109890000,109891500,1627,2711,109905000,28351
0,7327,109905000,109906500,1627,2711,109920000,28353
0,7328,109920000,109921500,1627,2711,109935000,28358
0,7329,109935000,109936500,1627,2711,109950000,28361
0,733,10995000,10996500,1627,2711,11010000,2836
0,7330,109950000,109951500,1627,2711,109965000,28365
0,7331,109965000,109966500,1627,2711,109980000,28367
0,7332,109980000,109981500,1627,2711,109995000,28374
0,7333,109995000,109996500,1627,2711,110010000,28378
0,7334,110010000,110011500,1627,2711,110025000,28380
0,7335,110025000,110026500,1627,2711,110040000,28382
0,7336,110040000,110041500,1627,2711,110055000,28390
0,7337,110055000,110056500,1627,2711,110070000,28392
0,7338,110070000,110071500,1627,2711,110085000,28397
0,7339,110085000,110086500,1627,2711,110100000,28398
0,734,11010000,11011500,1627,2711,11025000,2838
0,7340,110100000,110101500,1627,2711,110115000,28405
0,7341,110115000,110116500,1627,2711,110130000,28409
0,7342,110130000,110131500,1627,2711,110145000,28411
0,7343,110145000,110146500,1627,2711,110160000,28413
0,7344,110160000,110161500,1627,2711,110175000,28420
0,7345,110175000,110176500,1627,2711,110190000,28424
0,7346,110190000,110191500,1627,2711,110205000,28428
0,7347,110205000,110206500,1627,2711,110220000,28430
0,7348,110220000,110221500,1627,2711,110235000,28434
0,7349,110235000,110236500,1627,2711,110250000,28438
0,735,11025000,11026500,1627,2711,11040000,2840
0,7350,110250000,110251500,1627,2711,110265000,28444
0,7351,110265000,110266500,1627,2711,110280000,28445
0,7352,110280000,110281500,1627,2711,110295000,28450
0,7353,110295000,110296500,1627,2711,110310000,28455
0,7354,110310000,110311500,1627,2711,110325000,28459
0,7355,110325000,110326500,1627,2711,110340000,28460
0,7356,110340000,110341500,1627,2711,110355000,28467
0,7357,110355000,110356500,1627,2711,110370000,28470
0,7358,110370000,110371500,1627,2711,110385000,28473
0,7359,110385000,110386500,1627,2711,110400000,28476
0,736,11040000,11041500,1627,2711,11055000,2847
0,7360,110400000,110401500,1627,2711,110415000,28482
0,7361,110415000,110416500,1627,2711,110430000,28484
0,7362,110430000,110431500,1627,2711,110445000,28490
0,7363,110445000,110446500,1627,2711,110460000,28492
0,7364,110460000,110461500,1627,2711,110475000,28497
0,7365,110475000,110476500,1627,2711,110490000,28501
0,7366,110490000,110491500,1627,2711,110505000,28505
0,7367,110505000,110506500,1627,2711,110520000,28506
0,7368,110520000,110521500,1627,2711,110535000,28514
0,7369,110535000,110536500,1627,2711,110550000,28516
0,737,11055000,11056500,1627,2711,11070000,2850
0,7370,110550000,110551500,1627,2711,110565000,28520
0,7371,110565000,110566500,1627,2711,110580000,28523
0,7372,110580000,110581500,1627,2711,110595000,28527
0,7373,110595000,110596500,1627,2711,110610000,28532
0,7374,110610000,110611500,1627,2711,110625000,28536
0,7375,110625000,110626500,1627,2711,110640000,28538
0,7376,110640000,110641500,1627,2711,110655000,28544
0,7377,110655000,110656500,1627,2711,110670000,28547
0,7378,110670000,110671500,1627,2711,110685000,28551
0,7379,110685000,110686500,1627,2711,110700000,28553
0,738,11070000,11071500,1627,2711,11085000,2855
0,7380,110700000,110701500,1627,2711,110715000,28560
0,7381,110715000,110716500,1627,2711,110730000,28563
0,7382,110730000,110731500,1627,2711,110745000,28566
0,7383,110745000,110746500,1627,2711,110760000,28569
0,7384,110760000,110761500,1627,2711,110775000,28575
0,7385,110775000,110776500,1627,2711,110790000,28577
0,7386,110790000,110791500,1627,2711,110805000,28583
0,7387,110805000,110806500,1627,2711,110820000,28585
0,7388,110820000,110821500,1627,2711,110835000,28590
0,7389,110835000,110836500,1627,2711,110850000,28594
0,739,11085000,11086500,1627,2711,11100000,2856
0,7390,110850000,110851500,1627,2711,110865000,28597
0,7391,110865000,110866500,1627,2711,110880000,28598
0,7392,110880000,110881500,1627,2711,110895000,28607
0,7393,110895000,110896500,1627,2711,110910000,28610
0,7394,110910000,110911500,1627,2711,110925000,28613
0,7395,110925000,110926500,1627,2711,110940000,28615
0,7396,110940000,110941500,1627,2711,110955000,28621
0,7397,110955000,110956500,1627,2711,110970000,28625
0,7398,110970000,110971500,1627,2711,110985000,28629
0,7399,110985000,110986500,1627,2711,111000000,28630
0,74,1110000,1111500,1627,2711,1125000,285
0,740,11100000,11101500,1627,2711,11115000,2861
0,7400,111000000,111001500,1627,2711,111015000,28636
0,7401,111015000,111016500,1627,2711,111030000,28641
0,7402,111030000,111031500,1627,2711,111045000,28644
0,7403,111045000,111046500,1627,2711,111060000,28646
0,7404,111060000,111061500,1627,2711,111075000,28652
0,7405,111075000,111076500,1627,2711,111090000,28656
0,7406,111090000,111091500,1627,2711,111105000,28660
0,7407,111105000,111106500,1627,2711,111120000,28662
0,7408,111120000,111121500,1627,2711,111135000,28667
0,7409,111135000,111136500,1627,2711,111150000,28669
0,741,11115000,11116500,1627,2711,11130000,2866
0,7410,111150000,111151500,1627,2711,111165000,28677
0,7411,111165000,111166500,1627,2711,111180000,28678
0,7412,111180000,111181500,1627,2711,111195000,28682
0,7413,111195000,111196500,1627,2711,111210000,28687
0,7414,111210000,111211500,1627,2711,111225000,28690
0,7415,111225000,111226500,1627,2711,111240000,28692
0,7416,111240000,111241500,1627,2711,111255000,28700
0,7417,111255000,111256500,1627,2711,111270000,28702
0,7418,111270000,111271500,1627,2711,111285000,28706
0,7419,111285000,111286500,1627,2711,111300000,28708
0,742,11130000,11131500,1627,2711,11145000,2869
0,7420,111300000,111301500,1627,2711,111315000,28714
0,7421,111315000,111316500,1627,2711,111330000,28717
0,7422,111330000,111331500,1627,2711,111345000,28721
0,7423,111345000,111346500,1627,2711,111360000,28724
0,7424,111360000,111361500,1627,2711,111375000,28730
0,7425,111375000,111376500,1627,2711,111390000,28733
0,7426,111390000,111391500,1627,2711,111405000,28737
0,7427,111405000,111406500,1627,2711,111420000,28739
0,7428,111420000,111421500,1627,2711,111435000,28745
0,7429,111435000,111436500,1627,2711,111450000,28749
0,743,11145000,11146500,1627,2711,11160000,2871
0,7430,111450000,111451500,1627,2711,111465000,28752
0,7431,111465000,111466500,1627,2711,111480000,28755
0,7432,111480000,111481500,1627,2711,111495000,28760
0,7433,111495000,111496500,1627,2711,111510000,28763
0,7434,111510000,111511500,1627,2711,111525000,28769
0,7435,111525000,111526500,1627,2711,111540000,28770
0,7436,111540000,111541500,1627,2711,111555000,28776
0,7437,111555000,111556500,1627,2711,111570000,28780
0,7438,111570000,111571500,1627,2711,111585000,28783
0,7439,111585000,111586500,1627,2711,111600000,28784
0,744,11160000,11161500,1627,2711,11175000,2878
0,7440,111600000,111601500,1627,2711,111615000,28793
0,7441,111615000,111616500,1627,2711,111630000,28795
0,7442,111630000,111631500,1627,2711,111645000,28798
0,7443,111645000,111646500,1627,2711,111660000,28802
0,7444,111660000,111661500,1627,2711,111675000,28807
0,7445,111675000,111676500,1627,2711,111690000,28810
0,7446,111690000,111691500,1627,2711,111705000,28815
0,7447,111705000,111706500,1627,2711,111720000,28816
0,7448,111720000,111721500,1627,2711,111735000,28822
0,7449,111735000,111736500,1627,2711,111750000,28826
0,745,11175000,11176500,1627,2711,11190000,2881
0,7450,111750000,111751500,1627,2711,111765000,28830
0,7451,111765000,111766500,1627,2711,111780000,28831
0,7452,111780000,111781500,1627,2711,111795000,28838
0,7453,111795000,111796500,1627,2711,111810000,28843
0,7454,111810000,111811500,1627,2711,111825000,28845
0,7455,111825000,111826500,1627,2711,111840000,28847
0,7456,111840000,111841500,1627,2711,111855000,28853
0,7457,111855000,111856500,1627,2711,111870000,28857
0,7458,111870000,111871500,1627,2711,111885000,28862
0,7459,111885000,111886500,1627,2711,111900000,28863
0,746,11190000,11191500,1627,2711,11205000,2886
0,7460,111900000,111901500,1627,2711,111915000,28868
0,7461,111915000,111916500,1627,2711,111930000,28872
0,7462,111930000,111931500,1627,2711,111945000,28876
0,7463,111945000,111946500,1627,2711,111960000,28878
0,7464,111960000,111961500,1627,2711,111975000,28885
0,7465,111975000,111976500,1627,2711,111990000,28887
0,7466,111990000,111991500,1627,2711,112005000,28893
0,7467,112005000,112006500,1627,2711,112020000,28895
0,7468,112020000,112021500,1627,2711,112035000,28899
0,7469,112035000,112036500,1627,2711,112050000,28902
0,747,11205000,11206500,1627,2711,11220000,2888
0,7470,112050000,112051500,1627,2711,112065000,28908
0,7471,112065000,112066500,1627,2711,112080000,28910
0,7472,112080000,112081500,1627,2711,112095000,28915
0,7473,112095000,112096500,1627,2711,112110000,28919
0,7474,112110000,112111500,1627,2711,112125000,28922
0,7475,112125000,112126500,1627,2711,112140000,28924
0,7476,112140000,112141500,1627,2711,112155000,28932
0,7477,112155000,112156500,1627,2711,112170000,28935
0,7478,112170000,112171500,1627,2711,112185000,28937
0,7479,112185000,112186500,1627,2711,112200000,28940
0,748,11220000,11221500,1627,2711,11235000,2892
0,7480,112200000,112201500,1627,2711,112215000,28947
0,7481,112215000,112216500,1627,2711,112230000,28949
0,7482,112230000,112231500,1627,2711,112245000,28954
0,7483,112245000,112246500,1627,2711,112260000,28957
0,7484,112260000,112261500,1627,2711,112275000,28961
0,7485,112275000,112276500,1627,2711,112290000,28966
0,7486,112290000,112291500,1627,2711,112305000,28969
0,7487,112305000,112306500,1627,2711,112320000,28970
0,7488,112320000,112321500,1627,2711,112335000,28978
0,7489,112335000,112336500,1627,2711,112350000,28980
0,749,11235000,11236500,1627,2711,11250000,2896
0,7490,112350000,112351500,1627,2711,112365000,28985
0,7491,112365000,112366500,1627,2711,112380000,28987
0,7492,112380000,112381500,1627,2711,112395000,28992
0,7493,112395000,112396500,1627,2711,112410000,28996
0,7494,112410000,112411500,1627,2711,112425000,29001
0,7495,112425000,112426500,1627,2711,112440000,29002
0,7496,112440000,112441500,1627,2711,112455000,29009
0,7497,112455000,112456500,1627,2711,112470000,29012
0,7498,112470000,112471500,1627,2711,112485000,29015
0,7499,112485000,112486500,1627,2711,112500000,29017
0,75,1125000,1126500,1627,2711,1140000,287
0,750,11250000,11251500,1627,2711,11265000,2901
0,7500,112500000,112501500,1627,2711,112515000,29024
0,7501,112515000,112516500,1627,2711,112530000,29028
0,7502,112530000,112531500,1627,2711,112545000,29030
0,7503,112545000,112546500,1627,2711,112560000,29033
0,7504,112560000,112561500,1627,2711,112575000,29039
0,7505,112575000,112576500,1627,2711,112590000,29042
0,7506,112590000,112591500,1627,2711,112605000,29048
0,7507,112605000,112606500,1627,2711,112620000,29049
0,7508,112620000,112621500,1627,2711,112635000,29054
0,7509,112635000,112636500,1627,2711,112650000,29059
0,751,11265000,11266500,1627,2711,11280000,2903
0,7510,112650000,112651500,1627,2711,112665000,29062
0,7511,112665000,112666500,1627,2711,112680000,29063
0,7512,112680000,112681500,1627,2711,112695000,29070
0,7513,112695000,112696500,1627,2711,112710000,29074
0,7514,112710000,112711500,1627,2711,112725000,29078
0,7515,112725000,112726500,1627,2711,112740000,29080
0,7516,112740000,112741500,1627,2711,112755000,29085
0,7517,112755000,112756500,1627,2711,112770000,29088
0,7518,112770000,112771500,1627,2711,112785000,29094
0,7519,112785000,112786500,1627,2711,112800000,29095
0,752,11280000,11281500,1627,2711,11295000,2908
0,7520,112800000,112801500,1627,2711,112815000,29101
0,7521,112815000,112816500,1627,2711,112830000,29104
0,7522,112830000,112831500,1627,2711,112845000,29109
0,7523,112845000,112846500,1627,2711,112860000,29111
0,7524,112860000,112861500,1627,2711,112875000,29117
0,7525,112875000,112876500,1627,2711,112890000,29120
0,7526,112890000,112891500,1627,2711,112905000,29123
0,7527,112905000,112906500,1627,2711,112920000,29127
0,7528,112920000,112921500,1627,2711,112935000,29132
0,7529,112935000,112936500,1627,2711,112950000,29134
0,753,11295000,11296500,1627,2711,11310000,2912
0,7530,112950000,112951500,1627,2711,112965000,29140
0,7531,112965000,112966500,1627,2711,112980000,29142
0,7532,112980000,112981500,1627,2711,112995000,29147
0,7533,112995000,112996500,1627,2711,113010000,29152
0,7534,113010000,113011500,1627,2711,113025000,29154
0,7535,113025000,113026500,1627,2711,113040000,29156
0,7536,113040000,113041500,1627,2711,113055000,29165
0,7537,113055000,113056500,1627,2711,113070000,29167
0,7538,113070000,113071500,1627,2711,113085000,29170
0,7539,113085000,113086500,1627,2711,113100000,29172
0,754,11310000,11311500,1627,2711,11325000,2916
0,7540,113100000,113101500,1627,2711,113115000,29178
0,7541,113115000,113116500,1627,2711,113130000,29182
0,7542,113130000,113131500,1627,2711,113145000,29186
0,7543,113145000,113146500,1627,2711,113160000,29188
0,7544,113160000,113161500,1627,2711,113175000,29194
0,7545,113175000,113176500,1627,2711,113190000,29197
0,7546,113190000,113191500,1627,2711,113205000,29202
0,7547,113205000,113206500,1627,2711,113220000,29203
0,7548,113220000,113221500,1627,2711,113235000,29210
0,7549,113235000,113236500,1627,2711,113250000,29213
0,755,11325000,11326500,1627,2711,11340000,2917
0,7550,113250000,113251500,1627,2711,113265000,29217
0,7551,113265000,113266500,1627,2711,113280000,29219
0,7552,113280000,113281500,1627,2711,113295000,29224
0,7553,113295000,113296500,1627,2711,113310000,29228
0,7554,113310000,113311500,1627,2711,113325000,29233
0,7555,113325000,113326500,1627,2711,113340000,29235
0,7556,113340000,113341500,1627,2711,113355000,29240
0,7557,113355000,113356500,1627,2711,113370000,29245
0,7558,113370000,113371500,1627,2711,113385000,29247
0,7559,113385000,113386500,1627,2711,113400000,29248
0,756,11340000,11341500,1627,2711,11355000,2925
0,7560,113400000,113401500,1627,2711,113415000,29257
0,7561,113415000,113416500,1627,2711,113430000,29260
0,7562,113430000,113431500,1627,2711,113445000,29263
0,7563,113445000,113446500,1627,2711,113460000,29266
0,7564,113460000,113461500,1627,2711,113475000,29271
0,7565,113475000,113476500,1627,2711,113490000,29274
0,7566,113490000,113491500,1627,2711,113505000,29280
0,7567,113505000,113506500,1627,2711,113520000,29281
0,7568,113520000,113521500,1627,2711,113535000,29286
0,7569,113535000,113536500,1627,2711,113550000,29290
0,757,11355000,11356500,1627,2711,11370000,2928
0,7570,113550000,113551500,1627,2711,113565000,29295
0,7571,113565000,113566500,1627,2711,113580000,29296
0,7572,113580000,113581500,1627,2711,113595000,29302
0,7573,113595000,113596500,1627,2711,113610000,29306
0,7574,113610000,113611500,1627,2711,113625000,29310
0,7575,113625000,113626500,1627,2711,113640000,29312
0,7576,113640000,113641500,1627,2711,113655000,29318
0,7577,113655000,113656500,1627,2711,113670000,29320
0,7578,113670000,113671500,1627,2711,113685000,29326
0,7579,113685000,113686500,1627,2711,113700000,29328
0,758,11370000,11371500,1627,2711,11385000,2931
0,7580,113700000,113701500,1627,2711,113715000,29333
0,7581,113715000,113716500,1627,2711,113730000,29337
0,7582,113730000,113731500,1627,2711,113745000,29339
0,7583,113745000,113746500,1627,2711,113760000,29343
0,7584,113760000,113761500,1627,2711,113775000,29350
0,7585,113775000,113776500,1627,2711,113790000,29352
0,7586,113790000,113791500,1627,2711,113805000,29356
0,7587,113805000,113806500,1627,2711,113820000,29359
0,7588,113820000,113821500,1627,2711,113835000,29364
0,7589,113835000,113836500,1627,2711,113850000,29367
0,759,11385000,11386500,1627,2711,11400000,2933
0,7590,113850000,113851500,1627,2711,113865000,29372
0,7591,113865000,113866500,1627,2711,113880000,29373
0,7592,113880000,113881500,1627,2711,113895000,29380
0,7593,113895000,113896500,1627,2711,113910000,29384
0,7594,113910000,113911500,1627,2711,113925000,29387
0,7595,113925000,113926500,1627,2711,113940000,29388
0,7596,113940000,113941500,1627,2711,113955000,29396
0,7597,113955000,113956500,1627,2711,113970000,29400
0,7598,113970000,113971500,1627,2711,113985000,29402
0,7599,113985000,113986500,1627,2711,114000000,29404
0,76,1140000,1141500,1627,2711,1155000,292
0,760,11400000,11401500,1627,2711,11415000,2940
0,7600,114000000,114001500,1627,2711,114015000,29411
0,7601,114015000,114016500,1627,2711,114030000,29413
0,7602,114030000,114031500,1627,2711,114045000,29419
0,7603,114045000,114046500,1627,2711,114060000,29421
0,7604,114060000,114061500,1627,2711,114075000,29425
0,7605,114075000,114076500,1627,2711,114090000,29430
0,7606,114090000,114091500,1627,2711,114105000,29434
0,7607,114105000,114106500,1627,2711,114120000,29435
0,7608,114120000,114121500,1627,2711,114135000,29442
0,7609,114135000,114136500,1627,2711,114150000,29445
0,761,11415000,11416500,1627,2711,11430000,2942
0,7610,114150000,114151500,1627,2711,114165000,29449
0,7611,114165000,114166500,1627,2711,114180000,29452
0,7612,114180000,114181500,1627,2711,114195000,29456
0,7613,114195000,114196500,1627,2711,114210000,29461
0,7614,114210000,114211500,1627,2711,114225000,29465
0,7615,114225000,114226500,1627,2711,114240000,29466
0,7616,114240000,114241500,1627,2711,114255000,29473
0,7617,114255000,114256500,1627,2711,114270000,29476
0,7618,114270000,114271500,1627,2711,114285000,29480
0,7619,114285000,114286500,1627,2711,114300000,29481
0,762,11430000,11431500,1627,2711,11445000,2948
0,7620,114300000,114301500,1627,2711,114315000,29489
0,7621,114315000,114316500,1627,2711,114330000,29492
0,7622,114330000,114331500,1627,2711,114345000,29495
0,7623,114345000,114346500,1627,2711,114360000,29498
0,7624,114360000,114361500,1627,2711,114375000,29503
0,7625,114375000,114376500,1627,2711,114390000,29506
0,7626,114390000,114391500,1627,2711,114405000,29513
0,7627,114405000,114406500,1627,2711,114420000,29514
0,7628,114420000,114421500,1627,2711,114435000,29518
0,7629,114435000,114436500,1627,2711,114450000,29522
0,763,11445000,11446500,1627,2711,11460000,2950
0,7630,114450000,114451500,1627,2711,114465000,29526
0,7631,114465000,114466500,1627,2711,114480000,29528
0,7632,114480000,114481500,1627,2711,114495000,29535
0,7633,114495000,114496500,1627,2711,114510000,29538
0,7634,114510000,114511500,1627,2711,114525000,29542
0,7635,114525000,114526500,1627,2711,114540000,29545
0,7636,114540000,114541500,1627,2711,114555000,29550
0,7637,114555000,114556500,1627,2711,114570000,29553
0,7638,114570000,114571500,1627,2711,114585000,29557
0,7639,114585000,114586500,1627,2711,114600000,29560
0,764,11460000,11461500,1627,2711,11475000,2954
0,7640,114600000,114601500,1627,2711,114615000,29566
0,7641,114615000,114616500,1627,2711,114630000,29569
0,7642,114630000,114631500,1627,2711,114645000,29572
0,7643,114645000,114646500,1627,2711,114660000,29574
0,7644,114660000,114661500,1627,2711,114675000,29582
0,7645,114675000,114676500,1627,2711,114690000,29585
0,7646,114690000,114691500,1627,2711,114705000,29588
0,7647,114705000,114706500,1627,2711,114720000,29590
0,7648,114720000,114721500,1627,2711,114735000,29597
0,7649,114735000,114736500,1627,2711,114750000,29599
0,765,11475000,11476500,1627,2711,11490000,2959
0,7650,114750000,114751500,1627,2711,114765000,29605
0,7651,114765000,114766500,1627,2711,114780000,29606
0,7652,114780000,114781500,1627,2711,114795000,29611
0,7653,114795000,114796500,1627,2711,114810000,29617
0,7654,114810000,114811500,1627,2711,114825000,29619
0,7655,114825000,114826500,1627,2711,114840000,29620
0,7656,114840000,114841500,1627,2711,114855000,29628
0,7657,114855000,114856500,1627,2711,114870000,29631
0,7658,114870000,114871500,1627,2711,114885000,29635
0,7659,114885000,114886500,1627,2711,114900000,29637
0,766,11490000,11491500,1627,2711,11505000,2962
0,7660,114900000,114901500,1627,2711,114915000,29642
0,7661,114915000,114916500,1627,2711,114930000,29646
0,7662,114930000,114931500,1627,2711,114945000,29651
0,7663,114945000,114946500,1627,2711,114960000,29653
0,7664,114960000,114961500,1627,2711,114975000,29658
0,7665,114975000,114976500,1627,2711,114990000,29662
0,7666,114990000,114991500,1627,2711,115005000,29666
0,7667,115005000,115006500,1627,2711,115020000,29668
0,7668,115020000,115021500,1627,2711,115035000,29674
0,7669,115035000,115036500,1627,2711,115050000,29677
0,767,11505000,11506500,1627,2711,11520000,2964
0,7670,115050000,115051500,1627,2711,115065000,29681
0,7671,115065000,115066500,1627,2711,115080000,29683
0,7672,115080000,115081500,1627,2711,115095000,29689
0,7673,115095000,115096500,1627,2711,115110000,29692
0,7674,115110000,115111500,1627,2711,115125000,29698
0,7675,115125000,115126500,1627,2711,115140000,29699
0,7676,115140000,115141500,1627,2711,115155000,29705
0,7677,115155000,115156500,1627,2711,115170000,29709
0,7678,115170000,115171500,1627,2711,115185000,29712
0,7679,115185000,115186500,1627,2711,115200000,29713
0,768,11520000,11521500,1627,2711,11535000,2971
0,7680,115200000,115201500,1627,2711,115215000,29721
0,7681,115215000,115216500,1627,2711,115230000,29724
0,7682,115230000,115231500,1627,2711,115245000,29727
0,7683,115245000,115246500,1627,2711,115260000,29731
0,7684,115260000,115261500,1627,2711,115275000,29735
0,7685,115275000,115276500,1627,2711,115290000,29738
0,7686,115290000,115291500,1627,2711,115305000,29744
0,7687,115305000,115306500,1627,2711,115320000,29746
0,7688,115320000,115321500,1627,2711,115335000,29751
0,7689,115335000,115336500,1627,2711,115350000,29754
0,769,11535000,11536500,1627,2711,11550000,2973
0,7690,115350000,115351500,1627,2711,115365000,29759
0,7691,115365000,115366500,1627,2711,115380000,29761
0,7692,115380000,115381500,1627,2711,115395000,29767
0,7693,115395000,115396500,1627,2711,115410000,29771
0,7694,115410000,115411500,1627,2711,115425000,29773
0,7695,115425000,115426500,1627,2711,115440000,29776
0,7696,115440000,115441500,1627,2711,115455000,29783
0,7697,115455000,115456500,1627,2711,115470000,29785
0,7698,115470000,115471500,1627,2711,115485000,29790
0,7699,115485000,115486500,1627,2711,115500000,29791
0,77,1155000,1156500,1627,2711,1170000,295
0,770,11550000,11551500,1627,2711,11565000,2978
0,7700,115500000,115501500,1627,2711,115515000,29798
0,7701,115515000,115516500,1627,2711,115530000,29802
0,7702,115530000,115531500,1627,2711,115545000,29804
0,7703,115545000,115546500,1627,2711,115560000,29806
0,7704,115560000,115561500,1627,2711,115575000,29815
0,7705,115575000,115576500,1627,2711,115590000,29817
0,7706,115590000,115591500,1627,2711,115605000,29821
0,7707,115605000,115606500,1627,2711,115620000,29823
0,7708,115620000,115621500,1627,2711,115635000,29827
0,7709,115635000,115636500,1627,2711,115650000,29832
0,771,11565000,11566500,1627,2711,11580000,2981
0,7710,115650000,115651500,1627,2711,115665000,29837
0,7711,115665000,115666500,1627,2711,115680000,29838
0,7712,115680000,115681500,1627,2711,115695000,29843
0,7713,115695000,115696500,1627,2711,115710000,29848
0,7714,115710000,115711500,1627,2711,115725000,29852
0,7715,115725000,115726500,1627,2711,115740000,29853
0,7716,115740000,115741500,1627,2711,115755000,29860
0,7717,115755000,115756500,1627,2711,115770000,29864
0,7718,115770000,115771500,1627,2711,115785000,29867
0,7719,115785000,115786500,1627,2711,115800000,29869
0,772,11580000,11581500,1627,2711,11595000,2985
0,7720,115800000,115801500,1627,2711,115815000,29875
0,7721,115815000,115816500,1627,2711,115830000,29877
0,7722,115830000,115831500,1627,2711,115845000,29883
0,7723,115845000,115846500,1627,2711,115860000,29886
0,7724,115860000,115861500,1627,2711,115875000,29890
0,7725,115875000,115876500,1627,2711,115890000,29894
0,7726,115890000,115891500,1627,2711,115905000,29898
0,7727,115905000,115906500,1627,2711,115920000,29899
0,7728,115920000,115921500,1627,2711,115935000,29907
0,7729,115935000,115936500,1627,2711,115950000,29909
0,773,11595000,11596500,1627,2711,11610000,2989
0,7730,115950000,115951500,1627,2711,115965000,29914
0,7731,115965000,115966500,1627,2711,115980000,29916
0,7732,115980000,115981500,1627,2711,115995000,29921
0,7733,115995000,115996500,1627,2711,116010000,29925
0,7734,116010000,116011500,1627,2711,116025000,29929
0,7735,116025000,116026500,1627,2711,116040000,29931
0,7736,116040000,116041500,1627,2711,116055000,29937
0,7737,116055000,116056500,1627,2711,116070000,29941
0,7738,116070000,116071500,1627,2711,116085000,29944
0,7739,116085000,116086500,1627,2711,116100000,29946
0,774,11610000,11611500,1627,2711,11625000,2994
0,7740,116100000,116101500,1627,2711,116115000,29953
0,7741,116115000,116116500,1627,2711,116130000,29956
0,7742,116130000,116131500,1627,2711,116145000,29959
0,7743,116145000,116146500,1627,2711,116160000,29963
0,7744,116160000,116161500,1627,2711,116175000,29968
0,7745,116175000,116176500,1627,2711,116190000,29970
0,7746,116190000,116191500,1627,2711,116205000,29977
0,7747,116205000,116206500,1627,2711,116220000,29978
0,7748,116220000,116221500,1627,2711,116235000,29983
0,7749,116235000,116236500,1627,2711,116250000,29987
0,775,11625000,11626500,1627,2711,11640000,2996
0,7750,116250000,116251500,1627,2711,116265000,29990
0,7751,116265000,116266500,1627,2711,116280000,29992
0,7752,116280000,116281500,1627,2711,116295000,30000
0,7753,116295000,116296500,1627,2711,116310000,30003
0,7754,116310000,116311500,1627,2711,116325000,30006
0,7755,116325000,116326500,1627,2711,116340000,30008
0,7756,116340000,116341500,1627,2711,116355000,30015
0,7757,116355000,116356500,1627,2711,116370000,30018
0,7758,116370000,116371500,1627,2711,116385000,30022
0,7759,116385000,116386500,1627,2711,116400000,30023
0,776,11640000,11641500,1627,2711,11655000,3002
0,7760,116400000,116401500,1627,2711,116415000,30030
0,7761,116415000,116416500,1627,2711,116430000,30034
0,7762,116430000,116431500,1627,2711,116445000,30037
0,7763,116445000,116446500,1627,2711,116460000,30039
0,7764,116460000,116461500,1627,2711,116475000,30045
0,7765,116475000,116476500,1627,2711,116490000,30050
0,7766,116490000,116491500,1627,2711,116505000,30053
0,7767,116505000,116506500,1627,2711,116520000,30055
0,7768,116520000,116521500,1627,2711,116535000,30060
0,7769,116535000,116536500,1627,2711,116550000,30063
0,777,11655000,11656500,1627,2711,11670000,3005
0,7770,116550000,116551500,1627,2711,116565000,30070
0,7771,116565000,116566500,1627,2711,116580000,30071
0,7772,116580000,116581500,1627,2711,116595000,30075
0,7773,116595000,116596500,1627,2711,116610000,30080
0,7774,116610000,116611500,1627,2711,116625000,30084
0,7775,116625000,116626500,1627,2711,116640000,30085
0,7776,116640000,116641500,1627,2711,116655000,30093
0,7777,116655000,116656500,1627,2711,116670000,30095
0,7778,116670000,116671500,1627,2711,116685000,30099
0,7779,116685000,116686500,1627,2711,116700000,30102
0,778,11670000,11671500,1627,2711,11685000,3008
0,7780,116700000,116701500,1627,2711,116715000,30107
0,7781,116715000,116716500,1627,2711,116730000,30110
0,7782,116730000,116731500,1627,2711,116745000,30115
0,7783,116745000,116746500,1627,2711,116760000,30117
0,7784,116760000,116761500,1627,2711,116775000,30123
0,7785,116775000,116776500,1627,2711,116790000,30126
0,7786,116790000,116791500,1627,2711,116805000,30130
0,7787,116805000,116806500,1627,2711,116820000,30132
0,7788,116820000,116821500,1627,2711,116835000,30139
0,7789,116835000,116836500,1627,2711,116850000,30142
0,779,11685000,11686500,1627,2711,11700000,3010
0,7790,116850000,116851500,1627,2711,116865000,30145
0,7791,116865000,116866500,1627,2711,116880000,30148
0,7792,116880000,116881500,1627,2711,116895000,30153
0,7793,116895000,116896500,1627,2711,116910000,30157
0,7794,116910000,116911500,1627,2711,116925000,30162
0,7795,116925000,116926500,1627,2711,116940000,30164
0,7796,116940000,116941500,1627,2711,116955000,30169
0,7797,116955000,116956500,1627,2711,116970000,30173
0,7798,116970000,116971500,1627,2711,116985000,30176
0,7799,116985000,116986500,1627,2711,117000000,30177
0,78,1170000,1171500,1627,2711,1185000,300
0,780,11700000,11701500,1627,2711,11715000,3018
0,7800,117000000,117001500,1627,2711,117015000,30186
0,7801,117015000,117016500,1627,2711,117030000,30188
0,7802,117030000,117031500,1627,2711,117045000,30192
0,7803,117045000,117046500,1627,2711,117060000,30195
0,7804,117060000,117061500,1627,2711,117075000,30200
0,7805,117075000,117076500,1627,2711,117090000,30203
0,7806,117090000,117091500,1627,2711,117105000,30208
0,7807,117105000,117106500,1627,2711,117120000,30210
0,7808,117120000,117121500,1627,2711,117135000,30216
0,7809,117135000,117136500,1627,2711,117150000,30219
0,781,11715000,11716500,1627,2711,11730000,3021
0,7810,117150000,117151500,1627,2711,117165000,30223
0,7811,117165000,117166500,1627,2711,117180000,30224
0,7812,117180000,117181500,1627,2711,117195000,30231
0,7813,117195000,117196500,1627,2711,117210000,30236
0,7814,117210000,117211500,1627,2711,117225000,30238
0,7815,117225000,117226500,1627,2711,117240000,30240
0,7816,117240000,117241500,1627,2711,117255000,30247
0,7817,117255000,117256500,1627,2711,117270000,30250
0,7818,117270000,117271500,1627,2711,117285000,30255
0,7819,117285000,117286500,1627,2711,117300000,30256
0,782,11730000,11731500,1627,2711,11745000,3023
0,7820,117300000,117301500,1627,2711,117315000,30261
0,7821,117315000,117316500,1627,2711,117330000,30267
0,7822,117330000,117331500,1627,2711,117345000,30269
0,7823,117345000,117346500,1627,2711,117360000,30271
0,7824,117360000,117361500,1627,2711,117375000,30278
0,7825,117375000,117376500,1627,2711,117390000,30280
0,7826,117390000,117391500,1627,2711,117405000,30286
0,7827,117405000,117406500,1627,2711,117420000,30288
0,7828,117420000,117421500,1627,2711,117435000,30292
0,7829,117435000,117436500,1627,2711,117450000,30295
0,783,11745000,11746500,1627,2711,11760000,3026
0,7830,117450000,117451500,1627,2711,117465000,30302
0,7831,117465000,117466500,1627,2711,117480000,30303
0,7832,117480000,117481500,1627,2711,117495000,30308
0,7833,117495000,117496500,1627,2711,117510000,30312
0,7834,117510000,117511500,1627,2711,117525000,30316
0,7835,117525000,117526500,1627,2711,117540000,30318
0,7836,117540000,117541500,1627,2711,117555000,30325
0,7837,117555000,117556500,1627,2711,117570000,30328
0,7838,117570000,117571500,1627,2711,117585000,30330
0,7839,117585000,117586500,1627,2711,117600000,30333
0,784,11760000,11761500,1627,2711,11775000,3033
0,7840,117600000,117601500,1627,2711,117615000,30340
0,7841,117615000,117616500,1627,2711,117630000,30342
0,7842,117630000,117631500,1627,2711,117645000,30347
0,7843,117645000,117646500,1627,2711,117660000,30350
0,7844,117660000,117661500,1627,2711,117675000,30355
0,7845,117675000,117676500,1627,2711,117690000,30359
0,7846,117690000,117691500,1627,2711,117705000,30362
0,7847,117705000,117706500,1627,2711,117720000,30364
0,7848,117720000,117721500,1627,2711,117735000,30371
0,7849,117735000,117736500,1627,2711,117750000,30374
0,785,11775000,11776500,1627,2711,11790000,3035
0,7850,117750000,117751500,1627,2711,117765000,30378
0,7851,117765000,117766500,1627,2711,117780000,30380
0,7852,117780000,117781500,1627,2711,117795000,30385
0,7853,117795000,117796500,1627,2711,117810000,30389
0,7854,117810000,117811500,1627,2711,117825000,30394
0,7855,117825000,117826500,1627,2711,117840000,30395
0,7856,117840000,117841500,1627,2711,117855000,30402
0,7857,117855000,117856500,1627,2711,117870000,30405
0,7858,117870000,117871500,1627,2711,117885000,30409
0,7859,117885000,117886500,1627,2711,117900000,30410
0,786,11790000,11791500,1627,2711,11805000,3041
0,7860,117900000,117901500,1627,2711,117915000,30418
0,7861,117915000,117916500,1627,2711,117930000,30421
0,7862,117930000,117931500,1627,2711,117945000,30423
0,7863,117945000,117946500,1627,2711,117960000,30427
0,7864,117960000,117961500,1627,2711,117975000,30432
0,7865,117975000,117976500,1627,2711,117990000,30435
0,7866,117990000,117991500,1627,2711,118005000,30441
0,7867,118005000,118006500,1627,2711,118020000,30442
0,7868,118020000,118021500,1627,2711,118035000,30447
0,7869,118035000,118036500,1627,2711,118050000,30452
0,787,11805000,11806500,1627,2711,11820000,3042
0,7870,118050000,118051500,1627,2711,118065000,30455
0,7871,118065000,118066500,1627,2711,118080000,30456
0,7872,118080000,118081500,1627,2711,118095000,30464
0,7873,118095000,118096500,1627,2711,118110000,30468
0,7874,118110000,118111500,1627,2711,118125000,30471
0,7875,118125000,118126500,1627,2711,118140000,30473
0,7876,118140000,118141500,1627,2711,118155000,30478
0,7877,118155000,118156500,1627,2711,118170000,30482
0,7878,118170000,118171500,1627,2711,118185000,30487
0,7879,118185000,118186500,1627,2711,118200000,30488
0,788,11820000,11821500,1627,2711,11835000,3048
0,7880,118200000,118201500,1627,2711,118215000,30494
0,7881,118215000,118216500,1627,2711,118230000,30497
0,7882,118230000,118231500,1627,2711,118245000,30502
0,7883,118245000,118246500,1627,2711,118260000,30504
0,7884,118260000,118261500,1627,2711,118275000,30510
0,7885,118275000,118276500,1627,2711,118290000,30513
0,7886,118290000,118291500,1627,2711,118305000,30518
0,7887,118305000,118306500,1627,2711,118320000,30520
0,7888,118320000,118321500,1627,2711,118335000,30525
0,7889,118335000,118336500,1627,2711,118350000,30527
0,789,11835000,11836500,1627,2711,11850000,3052
0,7890,118350000,118351500,1627,2711,118365000,30533
0,7891,118365000,118366500,1627,2711,118380000,30536
0,7892,118380000,118381500,1627,2711,118395000,30540
0,7893,118395000,118396500,1627,2711,118410000,30545
0,7894,118410000,118411500,1627,2711,118425000,30547
0,7895,118425000,118426500,1627,2711,118440000,30549
0,7896,118440000,118441500,1627,2711,118455000,30558
0,7897,118455000,118456500,1627,2711,118470000,30560
0,7898,118470000,118471500,1627,2711,118485000,30563
0,7899,118485000,118486500,1627,2711,118500000,30566
0,79,1185000,1186500,1627,2711,1200000,302
0,790,11850000,11851500,1627,2711,11865000,3055
0,7900,118500000,118501500,1627,2711,118515000,30572
0,7901,118515000,118516500,1627,2711,118530000,30575
0,7902,118530000,118531500,1627,2711,118545000,30579
0,7903,118545000,118546500,1627,2711,118560000,30581
0,7904,118560000,118561500,1627,2711,118575000,30587
0,7905,118575000,118576500,1627,2711,118590000,30591
0,7906,118590000,118591500,1627,2711,118605000,30595
0,7907,118605000,118606500,1627,2711,118620000,30596
0,7908,118620000,118621500,1627,2711,118635000,30603
0,7909,118635000,118636500,1627,2711,118650000,30606
0,791,11865000,11866500,1627,2711,11880000,3056
0,7910,118650000,118651500,1627,2711,118665000,30610
0,7911,118665000,118666500,1627,2711,118680000,30612
0,7912,118680000,118681500,1627,2711,118695000,30618
0,7913,118695000,118696500,1627,2711,118710000,30621
0,7914,118710000,118711500,1627,2711,118725000,30627
0,7915,118725000,118726500,1627,2711,118740000,30628
0,7916,118740000,118741500,1627,2711,118755000,30633
0,7917,118755000,118756500,1627,2711,118770000,30638
0,7918,118770000,118771500,1627,2711,118785000,30640
0,7919,118785000,118786500,1627,2711,118800000,30642
0,792,11880000,11881500,1627,2711,11895000,3063
0,7920,118800000,118801500,1627,2711,118815000,30650
0,7921,118815000,118816500,1627,2711,118830000,30653
0,7922,118830000,118831500,1627,2711,118845000,30656
0,7923,118845000,118846500,1627,2711,118860000,30659
0,7924,118860000,118861500,1627,2711,118875000,30664
0,7925,118875000,118876500,1627,2711,118890000,30668
0,7926,118890000,118891500,1627,2711,118905000,30673
0,7927,118905000,118906500,1627,2711,118920000,30674
0,7928,118920000,118921500,1627,2711,118935000,30680
0,7929,118935000,118936500,1627,2711,118950000,30683
0,793,11895000,11896500,1627,2711,11910000,3068
0,7930,118950000,118951500,1627,2711,118965000,30688
0,7931,118965000,118966500,1627,2711,118980000,30689
0,7932,118980000,118981500,1627,2711,118995000,30695
0,7933,118995000,118996500,1627,2711,119010000,30700
0,7934,119010000,119011500,1627,2711,119025000,30703
0,7935,119025000,119026500,1627,2711,119040000,30705
0,7936,119040000,119041500,1627,2711,119055000,30711
0,7937,119055000,119056500,1627,2711,119070000,30713
0,7938,119070000,119071500,1627,2711,119085000,30720
0,7939,119085000,119086500,1627,2711,119100000,30721
0,794,11910000,11911500,1627,2711,11925000,3071
0,7940,119100000,119101500,1627,2711,119115000,30726
0,7941,119115000,119116500,1627,2711,119130000,30730
0,7942,119130000,119131500,1627,2711,119145000,30733
0,7943,119145000,119146500,1627,2711,119160000,30736
0,7944,119160000,119161500,1627,2711,119175000,30743
0,7945,119175000,119176500,1627,2711,119190000,30745
0,7946,119190000,119191500,1627,2711,119205000,30749
0,7947,119205000,119206500,1627,2711,119220000,30753
0,7948,119220000,119221500,1627,2711,119235000,30757
0,7949,119235000,119236500,1627,2711,119250000,30760
0,795,11925000,11926500,1627,2711,11940000,3073
0,7950,119250000,119251500,1627,2711,119265000,30765
0,7951,119265000,119266500,1627,2711,119280000,30767
0,7952,119280000,119281500,1627,2711,119295000,30773
0,7953,119295000,119296500,1627,2711,119310000,30777
0,7954,119310000,119311500,1627,2711,119325000,30780
0,7955,119325000,119326500,1627,2711,119340000,30781
0,7956,119340000,119341500,1627,2711,119355000,30790
0,7957,119355000,119356500,1627,2711,119370000,30793
0,7958,119370000,119371500,1627,2711,119385000,30795
0,7959,119385000,119386500,1627,2711,119400000,30797
0,796,11940000,11941500,1627,2711,11955000,3078
0,7960,119400000,119401500,1627,2711,119415000,30804
0,7961,119415000,119416500,1627,2711,119430000,30807
0,7962,119430000,119431500,1627,2711,119445000,30812
0,7963,119445000,119446500,1627,2711,119460000,30814
0,7964,119460000,119461500,1627,2711,119475000,30819
0,7965,119475000,119476500,1627,2711,119490000,30823
0,7966,119490000,119491500,1627,2711,119505000,30827
0,7967,119505000,119506500,1627,2711,119520000,30828
0,7968,119520000,119521500,1627,2711,119535000,30835
0,7969,119535000,119536500,1627,2711,119550000,30838
0,797,11955000,11956500,1627,2711,11970000,3082
0,7970,119550000,119551500,1627,2711,119565000,30843
0,7971,119565000,119566500,1627,2711,119580000,30845
0,7972,119580000,119581500,1627,2711,119595000,30849
0,7973,119595000,119596500,1627,2711,119610000,30854
0,7974,119610000,119611500,1627,2711,119625000,30858
0,7975,119625000,119626500,1627,2711,119640000,30860
0,7976,119640000,119641500,1627,2711,119655000,30866
0,7977,119655000,119656500,1627,2711,119670000,30870
0,7978,119670000,119671500,1627,2711,119685000,30873
0,7979,119685000,119686500,1627,2711,119700000,30874
0,798,11970000,11971500,1627,2711,11985000,3087
0,7980,119700000,119701500,1627,2711,119715000,30882
0,7981,119715000,119716500,1627,2711,119730000,30885
0,7982,119730000,119731500,1627,2711,119745000,30888
0,7983,119745000,119746500,1627,2711,119760000,30891
0,7984,119760000,119761500,1627,2711,119775000,30897
0,7985,119775000,119776500,1627,2711,119790000,30899
0,7986,119790000,119791500,1627,2711,119805000,30906
0,7987,119805000,119806500,1627,2711,119820000,30907
0,7988,119820000,119821500,1627,2711,119835000,30911
0,7989,119835000,119836500,1627,2711,119850000,30916
0,799,11985000,11986500,1627,2711,12000000,3088
0,7990,119850000,119851500,1627,2711,119865000,30920
0,7991,119865000,119866500,1627,2711,119880000,30921
0,7992,119880000,119881500,1627,2711,119895000,30928
0,7993,119895000,119896500,1627,2711,119910000,30931
0,7994,119910000,119911500,1627,2711,119925000,30935
0,7995,119925000,119926500,1627,2711,119940000,30938
0,7996,119940000,119941500,1627,2711,119955000,30943
0,7997,119955000,119956500,1627,2711,119970000,30946
0,7998,119970000,119971500,1627,2711,119985000,30951
0,7999,119985000,119986500,1627,2711,120000000,30953
0,8,120000,121500,1627,2711,135000,29
0,80,1200000,1201500,1627,2711,1215000,308
0,800,12000000,12001500,1627,2711,12015000,3094
0,8000,120000000,120001500,1627,2711,120015000,30959
0,8001,120015000,120016500,1627,2711,120030000,30962
0,8002,120030000,120031500,1627,2711,120045000,30965
0,8003,120045000,120046500,1627,2711,120060000,30969
0,8004,120060000,120061500,1627,2711,120075000,30975
0,8005,120075000,120076500,1627,2711,120090000,30978
0,8006,120090000,120091500,1627,2711,120105000,30981
0,8007,120105000,120106500,1627,2711,120120000,30983
0,8008,120120000,120121500,1627,2711,120135000,30990
0,8009,120135000,120136500,1627,2711,120150000,30992
0,801,12015000,12016500,1627,2711,12030000,3098
0,8010,120150000,120151500,1627,2711,120165000,30998
0,8011,120165000,120166500,1627,2711,120180000,30999
0,8012,120180000,120181500,1627,2711,120195000,31005
0,8013,120195000,120196500,1627,2711,120210000,31010
0,8014,120210000,120211500,1627,2711,120225000,31012
0,8015,120225000,120226500,1627,2711,120240000,31013
0,8016,120240000,120241500,1627,2711,120255000,31022
0,8017,120255000,120256500,1627,2711,120270000,31025
0,8018,120270000,120271500,1627,2711,120285000,31028
0,8019,120285000,120286500,1627,2711,120300000,31030
0,802,12030000,12031500,1627,2711,12045000,3102
0,8020,120300000,120301500,1627,2711,120315000,31035
0,8021,120315000,120316500,1627,2711,120330000,31039
0,8022,120330000,120331500,1627,2711,120345000,31044
0,8023,120345000,120346500,1627,2711,120360000,31046
0,8024,120360000,120361500,1627,2711,120375000,31051
0,8025,120375000,120376500,1627,2711,120390000,31055
0,8026,120390000,120391500,1627,2711,120405000,31060
0,8027,120405000,120406500,1627,2711,120420000,31061
0,8028,120420000,120421500,1627,2711,120435000,31067
0,8029,120435000,120436500,1627,2711,120450000,31071
0,803,12045000,12046500,1627,2711,12060000,3104
0,8030,120450000,120451500,1627,2711,120465000,31074
0,8031,120465000,120466500,1627,2711,120480000,31077
0,8032,120480000,120481500,1627,2711,120495000,31082
0,8033,120495000,120496500,1627,2711,120510000,31085
0,8034,120510000,120511500,1627,2711,120525000,31091
0,8035,120525000,120526500,1627,2711,120540000,31092
0,8036,120540000,120541500,1627,2711,120555000,31098
0,8037,120555000,120556500,1627,2711,120570000,31102
0,8038,120570000,120571500,1627,2711,120585000,31105
0,8039,120585000,120586500,1627,2711,120600000,31106
0,804,12060000,12061500,1627,2711,12075000,3110
0,8040,120600000,120601500,1627,2711,120615000,31115
0,8041,120615000,120616500,1627,2711,120630000,31117
0,8042,120630000,120631500,1627,2711,120645000,31121
0,8043,120645000,120646500,1627,2711,120660000,31124
0,8044,120660000,120661500,1627,2711,120675000,31128
0,8045,120675000,120676500,1627,2711,120690000,31132
0,8046,120690000,120691500,1627,2711,120705000,31137
0,8047,120705000,120706500,1627,2711,120720000,31139
0,8048,120720000,120721500,1627,2711,120735000,31144
0,8049,120735000,120736500,1627,2711,120750000,31147
0,805,12075000,12076500,1627,2711,12090000,3113
0,8050,120750000,120751500,1627,2711,120765000,31152
0,8051,120765000,120766500,1627,2711,120780000,31154
0,8052,120780000,120781500,1627,2711,120795000,31160
0,8053,120795000,120796500,1627,2711,120810000,31164
0,8054,120810000,120811500,1627,2711,120825000,31167
0,8055,120825000,120826500,1627,2711,120840000,31170
0,8056,120840000,120841500,1627,2711,120855000,31176
0,8057,120855000,120856500,1627,2711,120870000,31178
0,8058,120870000,120871500,1627,2711,120885000,31183
0,8059,120885000,120886500,1627,2711,120900000,31185
0,806,12090000,12091500,1627,2711,12105000,3117
0,8060,120900000,120901500,1627,2711,120915000,31191
0,8061,120915000,120916500,1627,2711,120930000,31195
0,8062,120930000,120931500,1627,2711,120945000,31197
0,8063,120945000,120946500,1627,2711,120960000,31199
0,8064,120960000,120961500,1627,2711,120975000,31208
0,8065,120975000,120976500,1627,2711,120990000,31210
0,8066,120990000,120991500,1627,2711,121005000,31214
0,8067,121005000,121006500,1627,2711,121020000,31216
0,8068,121020000,121021500,1627,2711,121035000,31222
0,8069,121035000,121036500,1627,2711,121050000,31225
0,807,12105000,12106500,1627,2711,12120000,3120
0,8070,121050000,121051500,1627,2711,121065000,31230
0,8071,121065000,121066500,1627,2711,121080000,31231
0,8072,121080000,121081500,1627,2711,121095000,31236
0,8073,121095000,121096500,1627,2711,121110000,31242
0,8074,121110000,121111500,1627,2711,121125000,31245
0,8075,121125000,121126500,1627,2711,121140000,31246
0,8076,121140000,121141500,1627,2711,121155000,31253
0,8077,121155000,121156500,1627,2711,121170000,31257
0,8078,121170000,121171500,1627,2711,121185000,31260
0,8079,121185000,121186500,1627,2711,121200000,31262
0,808,12120000,12121500,1627,2711,12135000,3125
0,8080,121200000,121201500,1627,2711,121215000,31268
0,8081,121215000,121216500,1627,2711,121230000,31271
0,8082,121230000,121231500,1627,2711,121245000,31277
0,8083,121245000,121246500,1627,2711,121260000,31279
0,8084,121260000,121261500,1627,2711,121275000,31283
0,8085,121275000,121276500,1627,2711,121290000,31287
0,8086,121290000,121291500,1627,2711,121305000,31291
0,8087,121305000,121306500,1627,2711,121320000,31293
0,8088,121320000,121321500,1627,2711,121335000,31300
0,8089,121335000,121336500,1627,2711,121350000,31302
0,809,12135000,12136500,1627,2711,12150000,3127
0,8090,121350000,121351500,1627,2711,121365000,31307
0,8091,121365000,121366500,1627,2711,121380000,31309
0,8092,121380000,121381500,1627,2711,121395000,31314
0,8093,121395000,121396500,1627,2711,121410000,31318
0,8094,121410000,121411500,1627,2711,121425000,31323
0,8095,121425000,121426500,1627,2711,121440000,31324
0,8096,121440000,121441500,1627,2711,121455000,31331
0,8097,121455000,121456500,1627,2711,121470000,31334
0,8098,121470000,121471500,1627,2711,121485000,31337
0,8099,121485000,121486500,1627,2711,121500000,31339
0,81,1215000,1216500,1627,2711,1230000,311
0,810,12150000,12151500,1627,2711,12165000,3134
0,8100,121500000,121501500,1627,2711,121515000,31346
0,8101,121515000,121516500,1627,2711,121530000,31350
0,8102,121530000,121531500,1627,2711,121545000,31352
0,8103,121545000,121546500,1627,2711,121560000,31356
0,8104,121560000,121561500,1627,2711,121575000,31361
0,8105,121575000,121576500,1627,2711,121590000,31363
0,8106,121590000,121591500,1627,2711,121605000,31370
0,8107,121605000,121606500,1627,2711,121620000,31372
0,8108,121620000,121621500,1627,2711,121635000,31376
0,8109,121635000,121636500,1627,2711,121650000,31380
0,811,12165000,12166500,1627,2711,12180000,3135
0,8110,121650000,121651500,1627,2711,121665000,31384
0,8111,121665000,121666500,1627,2711,121680000,31385
0,8112,121680000,121681500,1627,2711,121695000,31393
0,8113,121695000,121696500,1627,2711,121710000,31396
0,8114,121710000,121711500,1627,2711,121725000,31399
0,8115,121725000,121726500,1627,2711,121740000,31402
0,8116,121740000,121741500,1627,2711,121755000,31408
0,8117,121755000,121756500,1627,2711,121770000,31411
0,8118,121770000,121771500,1627,2711,121785000,31415
0,8119,121785000,121786500,1627,2711,121800000,31416
0,812,12180000,12181500,1627,2711,12195000,3140
0,8120,121800000,121801500,1627,2711,121815000,31424
0,8121,121815000,121816500,1627,2711,121830000,31427
0,8122,121830000,121831500,1627,2711,121845000,31430
0,8123,121845000,121846500,1627,2711,121860000,31432
0,8124,121860000,121861500,1627,2711,121875000,31439
0,8125,121875000,121876500,1627,2711,121890000,31443
0,8126,121890000,121891500,1627,2711,121905000,31446
0,8127,121905000,121906500,1627,2711,121920000,31448
0,8128,121920000,121921500,1627,2711,121935000,31453
0,8129,121935000,121936500,1627,2711,121950000,31457
0,813,12195000,12196500,1627,2711,12210000,3145
0,8130,121950000,121951500,1627,2711,121965000,31463
0,8131,121965000,121966500,1627,2711,121980000,31464
0,8132,121980000,121981500,1627,2711,121995000,31468
0,8133,121995000,121996500,1627,2711,122010000,31474
0,8134,122010000,122011500,1627,2711,122025000,31477
0,8135,122025000,122026500,1627,2711,122040000,31478
0,8136,122040000,122041500,1627,2711,122055000,31486
0,8137,122055000,122056500,1627,2711,122070000,31488
0,8138,122070000,122071500,1627,2711,122085000,31493
0,8139,122085000,122086500,1627,2711,122100000,31495
0,814,12210000,12211500,1627,2711,12225000,3148
0,8140,122100000,122101500,1627,2711,122115000,31500
0,8141,122115000,122116500,1627,2711,122130000,31503
0,8142,122130000,122131500,1627,2711,122145000,31508
0,8143,122145000,122146500,1627,2711,122160000,31511
0,8144,122160000,122161500,1627,2711,122175000,31516
0,8145,122175000,122176500,1627,2711,122190000,31519
0,8146,122190000,122191500,1627,2711,122205000,31524
0,8147,122205000,122206500,1627,2711,122220000,31525
0,8148,122220000,122221500,1627,2711,122235000,31532
0,8149,122235000,122236500,1627,2711,122250000,31535
0,815,12225000,12226500,1627,2711,12240000,3149
0,8150,122250000,122251500,1627,2711,122265000,31538
0,8151,122265000,122266500,1627,2711,122280000,31541
0,8152,122280000,122281500,1627,2711,122295000,31547
0,8153,122295000,122296500,1627,2711,122310000,31550
0,8154,122310000,122311500,1627,2711,122325000,31555
0,8155,122325000,122326500,1627,2711,122340000,31557
0,8156,122340000,122341500,1627,2711,122355000,31562
0,8157,122355000,122356500,1627,2711,122370000,31567
0,8158,122370000,122371500,1627,2711,122385000,31569
0,8159,122385000,122386500,1627,2711,122400000,31571
0,816,12240000,12241500,1627,2711,12255000,3158
0,8160,122400000,122401500,1627,2711,122415000,31579
0,8161,122415000,122416500,1627,2711,122430000,31581
0,8162,122430000,122431500,1627,2711,122445000,31585
0,8163,122445000,122446500,1627,2711,122460000,31588
0,8164,122460000,122461500,1627,2711,122475000,31593
0,8165,122475000,122476500,1627,2711,122490000,31596
0,8166,122490000,122491500,1627,2711,122505000,31602
0,8167,122505000,122506500,1627,2711,122520000,31603
0,8168,122520000,122521500,1627,2711,122535000,31609
0,8169,122535000,122536500,1627,2711,122550000,31612
0,817,12255000,12256500,1627,2711,12270000,3160
0,8170,122550000,122551500,1627,2711,122565000,31616
0,8171,122565000,122566500,1627,2711,122580000,31618
0,8172,122580000,122581500,1627,2711,122595000,31625
0,8173,122595000,122596500,1627,2711,122610000,31629
0,8174,122610000,122611500,1627,2711,122625000,31631
0,8175,122625000,122626500,1627,2711,122640000,31633
0,8176,122640000,122641500,1627,2711,122655000,31640
0,8177,122655000,122656500,1627,2711,122670000,31643
0,8178,122670000,122671500,1627,2711,122685000,31648
0,8179,122685000,122686500,1627,2711,122700000,31649
0,818,12270000,12271500,1627,2711,12285000,3163
0,8180,122700000,122701500,1627,2711,122715000,31655
0,8181,122715000,122716500,1627,2711,122730000,31660
0,8182,122730000,122731500,1627,2711,122745000,31662
0,8183,122745000,122746500,1627,2711,122760000,31664
0,8184,122760000,122761500,1627,2711,122775000,31671
0,8185,122775000,122776500,1627,2711,122790000,31675
0,8186,122790000,122791500,1627,2711,122805000,31679
0,8187,122805000,122806500,1627,2711,122820000,31681
0,8188,122820000,122821500,1627,2711,122835000,31685
0,8189,122835000,122836500,1627,2711,122850000,31688
0,819,12285000,12286500,1627,2711,12300000,3166
0,8190,122850000,122851500,1627,2711,122865000,31695
0,8191,122865000,122866500,1627,2711,122880000,31696
0,8192,122880000,122881500,1627,2711,122895000,31701
0,8193,122895000,122896500,1627,2711,122910000,31705
0,8194,122910000,122911500,1627,2711,122925000,31710
0,8195,122925000,122926500,1627,2711,122940000,31711
0,8196,122940000,122941500,1627,2711,122955000,31718
0,8197,122955000,122956500,1627,2711,122970000,31721
0,8198,122970000,122971500,1627,2711,122985000,31724
0,8199,122985000,122986500,1627,2711,123000000,31727
0,82,1230000,1231500,1627,2711,1245000,315
0,820,12300000,12301500,1627,2711,12315000,3171
0,8200,123000000,123001500,1627,2711,123015000,31733
0,8201,123015000,123016500,1627,2711,123030000,31735
0,8202,123030000,123031500,1627,2711,123045000,31740
0,8203,123045000,123046500,1627,2711,123060000,31743
0,8204,123060000,123061500,1627,2711,123075000,31748
0,8205,123075000,123076500,1627,2711,123090000,31752
0,8206,123090000,123091500,1627,2711,123105000,31755
0,8207,123105000,123106500,1627,2711,123120000,31757
0,8208,123120000,123121500,1627,2711,123135000,31765
0,8209,123135000,123136500,1627,2711,123150000,31767
0,821,12315000,12316500,1627,2711,12330000,3175
0,8210,123150000,123151500,1627,2711,123165000,31771
0,8211,123165000,123166500,1627,2711,123180000,31774
0,8212,123180000,123181500,1627,2711,123195000,31778
0,8213,123195000,123196500,1627,2711,123210000,31783
0,8214,123210000,123211500,1627,2711,123225000,31787
0,8215,123225000,123226500,1627,2711,123240000,31788
0,8216,123240000,123241500,1627,2711,123255000,31795
0,8217,123255000,123256500,1627,2711,123270000,31798
0,8218,123270000,123271500,1627,2711,123285000,31802
0,8219,123285000,123286500,1627,2711,123300000,31803
0,822,12330000,12331500,1627,2711,12345000,3179
0,8220,123300000,123301500,1627,2711,123315000,31811
0,8221,123315000,123316500,1627,2711,123330000,31814
0,8222,123330000,123331500,1627,2711,123345000,31817
0,8223,123345000,123346500,1627,2711,123360000,31820
0,8224,123360000,123361500,1627,2711,123375000,31826
0,8225,123375000,123376500,1627,2711,123390000,31828
0,8226,123390000,123391500,1627,2711,123405000,31834
0,8227,123405000,123406500,1627,2711,123420000,31836
0,8228,123420000,123421500,1627,2711,123435000,31840
0,8229,123435000,123436500,1627,2711,123450000,31845
0,823,12345000,12346500,1627,2711,12360000,3182
0,8230,123450000,123451500,1627,2711,123465000,31848
0,8231,123465000,123466500,1627,2711,123480000,31849
0,8232,123480000,123481500,1627,2711,123495000,31857
0,8233,123495000,123496500,1627,2711,123510000,31861
0,8234,123510000,123511500,1627,2711,123525000,31864
0,8235,123525000,123526500,1627,2711,123540000,31866
0,8236,123540000,123541500,1627,2711,123555000,31872
0,8237,123555000,123556500,1627,2711,123570000,31876
0,8238,123570000,123571500,1627,2711,123585000,31880
0,8239,123585000,123586500,1627,2711,123600000,31881
0,824,12360000,12361500,1627,2711,12375000,3187
0,8240,123600000,123601500,1627,2711,123615000,31887
0,8241,123615000,123616500,1627,2711,123630000,31891
0,8242,123630000,123631500,1627,2711,123645000,31895
0,8243,123645000,123646500,1627,2711,123660000,31897
0,8244,123660000,123661500,1627,2711,123675000,31903
0,8245,123675000,123676500,1627,2711,123690000,31906
0,8246,123690000,123691500,1627,2711,123705000,31911
0,8247,123705000,123706500,1627,2711,123720000,31913
0,8248,123720000,123721500,1627,2711,123735000,31918
0,8249,123735000,123736500,1627,2711,123750000,31920
0,825,12375000,12376500,1627,2711,12390000,3190
0,8250,123750000,123751500,1627,2711,123765000,31928
0,8251,123765000,123766500,1627,2711,123780000,31929
0,8252,123780000,123781500,1627,2711,123795000,31933
0,8253,123795000,123796500,1627,2711,123810000,31938
0,8254,123810000,123811500,1627,2711,123825000,31940
0,8255,123825000,123826500,1627,2711,123840000,31943
0,8256,123840000,123841500,1627,2711,123855000,31951
0,8257,123855000,123856500,1627,2711,123870000,31953
0,8258,123870000,123871500,1627,2711,123885000,31956
0,8259,123885000,123886500,1627,2711,123900000,31959
0,826,12390000,12391500,1627,2711,12405000,3195
0,8260,123900000,123901500,1627,2711,123915000,31965
0,8261,123915000,123916500,1627,2711,123930000,31968
0,8262,123930000,123931500,1627,2711,123945000,31972
0,8263,123945000,123946500,1627,2711,123960000,31975
0,8264,123960000,123961500,1627,2711,123975000,31981
0,8265,123975000,123976500,1627,2711,123990000,31984
0,8266,123990000,123991500,1627,2711,124005000,31988
0,8267,124005000,124006500,1627,2711,124020000,31989
0,8268,124020000,124021500,1627,2711,124035000,31996
0,8269,124035000,124036500,1627,2711,124050000,32000
0,827,12405000,12406500,1627,2711,12420000,3197
0,8270,124050000,124051500,1627,2711,124065000,32003
0,8271,124065000,124066500,1627,2711,124080000,32005
0,8272,124080000,124081500,1627,2711,124095000,32011
0,8273,124095000,124096500,1627,2711,124110000,32014
0,8274,124110000,124111500,1627,2711,124125000,32020
0,8275,124125000,124126500,1627,2711,124140000,32021
0,8276,124140000,124141500,1627,2711,124155000,32027
0,8277,124155000,124156500,1627,2711,124170000,32031
0,8278,124170000,124171500,1627,2711,124185000,32034
0,8279,124185000,124186500,1627,2711,124200000,32035
0,828,12420000,12421500,1627,2711,12435000,3203
0,8280,124200000,124201500,1627,2711,124215000,32043
0,8281,124215000,124216500,1627,2711,124230000,32046
0,8282,124230000,124231500,1627,2711,124245000,32049
0,8283,124245000,124246500,1627,2711,124260000,32053
0,8284,124260000,124261500,1627,2711,124275000,32057
0,8285,124275000,124276500,1627,2711,124290000,32061
0,8286,124290000,124291500,1627,2711,124305000,32066
0,8287,124305000,124306500,1627,2711,124320000,32067
0,8288,124320000,124321500,1627,2711,124335000,32073
0,8289,124335000,124336500,1627,2711,124350000,32077
0,829,12435000,12436500,1627,2711,12450000,3206
0,8290,124350000,124351500,1627,2711,124365000,32081
0,8291,124365000,124366500,1627,2711,124380000,32082
0,8292,124380000,124381500,1627,2711,124395000,32089
0,8293,124395000,124396500,1627,2711,124410000,32093
0,8294,124410000,124411500,1627,2711,124425000,32096
0,8295,124425000,124426500,1627,2711,124440000,32098
0,8296,124440000,124441500,1627,2711,124455000,32104
0,8297,124455000,124456500,1627,2711,124470000,32107
0,8298,124470000,124471500,1627,2711,124485000,32113
0,8299,124485000,124486500,1627,2711,124500000,32114
0,83,1245000,1246500,1627,2711,1260000,317
0,830,12450000,12451500,1627,2711,12465000,3210
0,8300,124500000,124501500,1627,2711,124515000,32119
0,8301,124515000,124516500,1627,2711,124530000,32123
0,8302,124530000,124531500,1627,2711,124545000,32127
0,8303,124545000,124546500,1627,2711,124560000,32129
0,8304,124560000,124561500,1627,2711,124575000,32136
0,8305,124575000,124576500,1627,2711,124590000,32138
0,8306,124590000,124591500,1627,2711,124605000,32143
0,8307,124605000,124606500,1627,2711,124620000,32146
0,8308,124620000,124621500,1627,2711,124635000,32150
0,8309,124635000,124636500,1627,2711,124650000,32153
0,831,12465000,12466500,1627,2711,12480000,3212
0,8310,124650000,124651500,1627,2711,124665000,32158
0,8311,124665000,124666500,1627,2711,124680000,32161
0,8312,124680000,124681500,1627,2711,124695000,32166
0,8313,124695000,124696500,1627,2711,124710000,32170
0,8314,124710000,124711500,1627,2711,124725000,32173
0,8315,124725000,124726500,1627,2711,124740000,32175
0,8316,124740000,124741500,1627,2711,124755000,32183
0,8317,124755000,124756500,1627,2711,124770000,32186
0,8318,124770000,124771500,1627,2711,124785000,32188
0,8319,124785000,124786500,1627,2711,124800000,32190
0,832,12480000,12481500,1627,2711,12495000,3218
0,8320,124800000,124801500,1627,2711,124815000,32198
0,8321,124815000,124816500,1627,2711,124830000,32200
0,8322,124830000,124831500,1627,2711,124845000,32205
0,8323,124845000,124846500,1627,2711,124860000,32207
0,8324,124860000,124861500,1627,2711,124875000,32212
0,8325,124875000,124876500,1627,2711,124890000,32217
0,8326,124890000,124891500,1627,2711,124905000,32220
0,8327,124905000,124906500,1627,2711,124920000,32221
0,8328,124920000,124921500,1627,2711,124935000,32229
0,8329,124935000,124936500,1627,2711,124950000,32231
0,833,12495000,12496500,1627,2711,12510000,3221
0,8330,124950000,124951500,1627,2711,124965000,32236
0,8331,124965000,124966500,1627,2711,124980000,32238
0,8332,124980000,124981500,1627,2711,124995000,32242
0,8333,124995000,124996500,1627,2711,125010000,32247
0,8334,125010000,125011500,1627,2711,125025000,32252
0,8335,125025000,125026500,1627,2711,125040000,32253
0,8336,125040000,125041500,1627,2711,125055000,32259
0,8337,125055000,125056500,1627,2711,125070000,32263
0,8338,125070000,125071500,1627,2711,125085000,32266
0,8339,125085000,125086500,1627,2711,125100000,32268
0,834,12510000,12511500,1627,2711,12525000,3226
0,8340,125100000,125101500,1627,2711,125115000,32275
0,8341,125115000,125116500,1627,2711,125130000,32279
0,8342,125130000,125131500,1627,2711,125145000,32281
0,8343,125145000,125146500,1627,2711,125160000,32284
0,8344,125160000,125161500,1627,2711,125175000,32290
0,8345,125175000,125176500,1627,2711,125190000,32292
0,8346,125190000,125191500,1627,2711,125205000,32299
0,8347,125205000,125206500,1627,2711,125220000,32300
0,8348,125220000,125221500,1627,2711,125235000,32305
0,8349,125235000,125236500,1627,2711,125250000,32309
0,835,12525000,12526500,1627,2711,12540000,3228
0,8350,125250000,125251500,1627,2711,125265000,32313
0,8351,125265000,125266500,1627,2711,125280000,32314
0,8352,125280000,125281500,1627,2711,125295000,32321
0,8353,125295000,125296500,1627,2711,125310000,32325
0,8354,125310000,125311500,1627,2711,125325000,32329
0,8355,125325000,125326500,1627,2711,125340000,32331
0,8356,125340000,125341500,1627,2711,125355000,32336
0,8357,125355000,125356500,1627,2711,125370000,32339
0,8358,125370000,125371500,1627,2711,125385000,32344
0,8359,125385000,125386500,1627,2711,125400000,32346
0,836,12540000,12541500,1627,2711,12555000,3234
0,8360,125400000,125401500,1627,2711,125415000,32352
0,8361,125415000,125416500,1627,2711,125430000,32355
0,8362,125430000,125431500,1627,2711,125445000,32359
0,8363,125445000,125446500,1627,2711,125460000,32362
0,8364,125460000,125461500,1627,2711,125475000,32368
0,8365,125475000,125476500,1627,2711,125490000,32371
0,8366,125490000,125491500,1627,2711,125505000,32374
0,8367,125505000,125506500,1627,2711,125520000,32378
0,8368,125520000,125521500,1627,2711,125535000,32383
0,8369,125535000,125536500,1627,2711,125550000,32385
0,837,12555000,12556500,1627,2711,12570000,3238
0,8370,125550000,125551500,1627,2711,125565000,32391
0,8371,125565000,125566500,1627,2711,125580000,32392
0,8372,125580000,125581500,1627,2711,125595000,32398
0,8373,125595000,125596500,1627,2711,125610000,32403
0,8374,125610000,125611500,1627,2711,125625000,32405
0,8375,125625000,125626500,1627,2711,125640000,32406
0,8376,125640000,125641500,1627,2711,125655000,32416
0,8377,125655000,125656500,1627,2711,125670000,32418
0,8378,125670000,125671500,1627,2711,125685000,32421
0,8379,125685000,125686500,1627,2711,125700000,32423
0,838,12570000,12571500,1627,2711,12585000,3240
0,8380,125700000,125701500,1627,2711,125715000,32429
0,8381,125715000,125716500,1627,2711,125730000,32433
0,8382,125730000,125731500,1627,2711,125745000,32437
0,8383,125745000,125746500,1627,2711,125760000,32439
0,8384,125760000,125761500,1627,2711,125775000,32444
0,8385,125775000,125776500,1627,2711,125790000,32448
0,8386,125790000,125791500,1627,2711,125805000,32453
0,8387,125805000,125806500,1627,2711,125820000,32454
0,8388,125820000,125821500,1627,2711,125835000,32460
0,8389,125835000,125836500,1627,2711,125850000,32464
0,839,12585000,12586500,1627,2711,12600000,3241
0,8390,125850000,125851500,1627,2711,125865000,32468
0,8391,125865000,125866500,1627,2711,125880000,32470
0,8392,125880000,125881500,1627,2711,125895000,32475
0,8393,125895000,125896500,1627,2711,125910000,32479
0,8394,125910000,125911500,1627,2711,125925000,32484
0,8395,125925000,125926500,1627,2711,125940000,32486
0,8396,125940000,125941500,1627,2711,125955000,32491
0,8397,125955000,125956500,1627,2711,125970000,32495
0,8398,125970000,125971500,1627,2711,125985000,32498
0,8399,125985000,125986500,1627,2711,126000000,32499
0,84,1260000,1261500,1627,2711,1275000,324
0,840,12600000,12601500,1627,2711,12615000,3251
0,8400,126000000,126001500,1627,2711,126015000,32508
0,8401,126015000,126016500,1627,2711,126030000,32510
0,8402,126030000,126031500,1627,2711,126045000,32514
0,8403,126045000,126046500,1627,2711,126060000,32517
0,8404,126060000,126061500,1627,2711,126075000,32522
0,8405,126075000,126076500,1627,2711,126090000,32525
0,8406,126090000,126091500,1627,2711,126105000,32531
0,8407,126105000,126106500,1627,2711,126120000,32532
0,8408,126120000,126121500,1627,2711,126135000,32537
0,8409,126135000,126136500,1627,2711,126150000,32541
0,841,12615000,12616500,1627,2711,12630000,3253
0,8410,126150000,126151500,1627,2711,126165000,32545
0,8411,126165000,126166500,1627,2711,126180000,32547
0,8412,126180000,126181500,1627,2711,126195000,32553
0,8413,126195000,126196500,1627,2711,126210000,32557
0,8414,126210000,126211500,1627,2711,126225000,32560
0,8415,126225000,126226500,1627,2711,126240000,32563
0,8416,126240000,126241500,1627,2711,126255000,32569
0,8417,126255000,126256500,1627,2711,126270000,32571
0,8418,126270000,126271500,1627,2711,126285000,32577
0,8419,126285000,126286500,1627,2711,126300000,32579
0,842,12630000,12631500,1627,2711,12645000,3256
0,8420,126300000,126301500,1627,2711,126315000,32584
0,8421,126315000,126316500,1627,2711,126330000,32588
0,8422,126330000,126331500,1627,2711,126345000,32590
0,8423,126345000,126346500,1627,2711,126360000,32593
0,8424,126360000,126361500,1627,2711,126375000,32601
0,8425,126375000,126376500,1627,2711,126390000,32603
0,8426,126390000,126391500,1627,2711,126405000,32607
0,8427,126405000,126406500,1627,2711,126420000,32609
0,8428,126420000,126421500,1627,2711,126435000,32615
0,8429,126435000,126436500,1627,2711,126450000,32618
0,843,12645000,12646500,1627,2711,12660000,3259
0,8430,126450000,126451500,1627,2711,126465000,32623
0,8431,126465000,126466500,1627,2711,126480000,32624
0,8432,126480000,126481500,1627,2711,126495000,32631
0,8433,126495000,126496500,1627,2711,126510000,32635
0,8434,126510000,126511500,1627,2711,126525000,32638
0,8435,126525000,126526500,1627,2711,126540000,32639
0,8436,126540000,126541500,1627,2711,126555000,32646
0,8437,126555000,126556500,1627,2711,126570000,32651
0,8438,126570000,126571500,1627,2711,126585000,32653
0,8439,126585000,126586500,1627,2711,126600000,32655
0,844,12660000,12661500,1627,2711,12675000,3264
0,8440,126600000,126601500,1627,2711,126615000,32661
0,8441,126615000,126616500,1627,2711,126630000,32664
0,8442,126630000,126631500,1627,2711,126645000,32670
0,8443,126645000,126646500,1627,2711,126660000,32672
0,8444,126660000,126661500,1627,2711,126675000,32676
0,8445,126675000,126676500,1627,2711,126690000,32681
0,8446,126690000,126691500,1627,2711,126705000,32685
0,8447,126705000,126706500,1627,2711,126720000,32686
0,8448,126720000,126721500,1627,2711,126735000,32693
0,8449,126735000,126736500,1627,2711,126750000,32695
0,845,12675000,12676500,1627,2711,12690000,3268
0,8450,126750000,126751500,1627,2711,126765000,32700
0,8451,126765000,126766500,1627,2711,126780000,32703
0,8452,126780000,126781500,1627,2711,126795000,32707
0,8453,126795000,126796500,1627,2711,126810000,32711
0,8454,126810000,126811500,1627,2711,126825000,32716
0,8455,126825000,126826500,1627,2711,126840000,32717
0,8456,126840000,126841500,1627,2711,126855000,32724
0,8457,126855000,126856500,1627,2711,126870000,32727
0,8458,126870000,126871500,1627,2711,126885000,32731
0,8459,126885000,126886500,1627,2711,126900000,32732
0,846,12690000,12691500,1627,2711,12705000,3273
0,8460,126900000,126901500,1627,2711,126915000,32740
0,8461,126915000,126916500,1627,2711,126930000,32743
0,8462,126930000,126931500,1627,2711,126945000,32745
0,8463,126945000,126946500,1627,2711,126960000,32749
0,8464,126960000,126961500,1627,2711,126975000,32754
0,8465,126975000,126976500,1627,2711,126990000,32757
0,8466,126990000,126991500,1627,2711,127005000,32763
0,8467,127005000,127006500,1627,2711,127020000,32765
0,8468,127020000,127021500,1627,2711,127035000,32769
0,8469,127035000,127036500,1627,2711,127050000,32773
0,847,12705000,12706500,1627,2711,12720000,3274
0,8470,127050000,127051500,1627,2711,127065000,32777
0,8471,127065000,127066500,1627,2711,127080000,32779
0,8472,127080000,127081500,1627,2711,127095000,32786
0,8473,127095000,127096500,1627,2711,127110000,32789
0,8474,127110000,127111500,1627,2711,127125000,32793
0,8475,127125000,127126500,1627,2711,127140000,32795
0,8476,127140000,127141500,1627,2711,127155000,32801
0,8477,127155000,127156500,1627,2711,127170000,32804
0,8478,127170000,127171500,1627,2711,127185000,32808
0,8479,127185000,127186500,1627,2711,127200000,32810
0,848,12720000,12721500,1627,2711,12735000,3279
0,8480,127200000,127201500,1627,2711,127215000,32817
0,8481,127215000,127216500,1627,2711,127230000,32820
0,8482,127230000,127231500,1627,2711,127245000,32823
0,8483,127245000,127246500,1627,2711,127260000,32825
0,8484,127260000,127261500,1627,2711,127275000,32833
0,8485,127275000,127276500,1627,2711,127290000,32836
0,8486,127290000,127291500,1627,2711,127305000,32839
0,8487,127305000,127306500,1627,2711,127320000,32841
0,8488,127320000,127321500,1627,2711,127335000,32847
0,8489,127335000,127336500,1627,2711,127350000,32850
0,849,12735000,12736500,1627,2711,12750000,3284
0,8490,127350000,127351500,1627,2711,127365000,32856
0,8491,127365000,127366500,1627,2711,127380000,32857
0,8492,127380000,127381500,1627,2711,127395000,32861
0,8493,127395000,127396500,1627,2711,127410000,32868
0,8494,127410000,127411500,1627,2711,127425000,32870
0,8495,127425000,127426500,1627,2711,127440000,32871
0,8496,127440000,127441500,1627,2711,127455000,32879
0,8497,127455000,127456500,1627,2711,127470000,32882
0,8498,127470000,127471500,1627,2711,127485000,32886
0,8499,127485000,127486500,1627,2711,127500000,32888
0,85,1275000,1276500,1627,2711,1290000,327
0,850,12750000,12751500,1627,2711,12765000,3288
0,8500,127500000,127501500,1627,2711,127515000,32893
0,8501,127515000,127516500,1627,2711,127530000,32896
0,8502,127530000,127531500,1627,2711,127545000,32902
0,8503,127545000,127546500,1627,2711,127560000,32904
0,8504,127560000,127561500,1627,2711,127575000,32909
0,8505,127575000,127576500,1627,2711,127590000,32912
0,8506,127590000,127591500,1627,2711,127605000,32917
0,8507,127605000,127606500,1627,2711,127620000,32919
0,8508,127620000,127621500,1627,2711,127635000,32925
0,8509,127635000,127636500,1627,2711,127650000,32928
0,851,12765000,12766500,1627,2711,12780000,3289
0,8510,127650000,127651500,1627,2711,127665000,32932
0,8511,127665000,127666500,1627,2711,127680000,32934
0,8512,127680000,127681500,1627,2711,127695000,32940
0,8513,127695000,127696500,1627,2711,127710000,32943
0,8514,127710000,127711500,1627,2711,127725000,32948
0,8515,127725000,127726500,1627,2711,127740000,32950
0,8516,127740000,127741500,1627,2711,127755000,32956
0,8517,127755000,127756500,1627,2711,127770000,32960
0,8518,127770000,127771500,1627,2711,127785000,32962
0,8519,127785000,127786500,1627,2711,127800000,32964
0,852,12780000,12781500,1627,2711,12795000,3295
0,8520,127800000,127801500,1627,2711,127815000,32972
0,8521,127815000,127816500,1627,2711,127830000,32975
0,8522,127830000,127831500,1627,2711,127845000,32978
0,8523,127845000,127846500,1627,2711,127860000,32982
0,8524,127860000,127861500,1627,2711,127875000,32986
0,8525,127875000,127876500,1627,2711,127890000,32989
0,8526,127890000,127891500,1627,2711,127905000,32995
0,8527,127905000,127906500,1627,2711,127920000,32996
0,8528,127920000,127921500,1627,2711,127935000,33002
0,8529,127935000,127936500,1627,2711,127950000,33005
0,853,12795000,12796500,1627,2711,12810000,3300
0,8530,127950000,127951500,1627,2711,127965000,33010
0,8531,127965000,127966500,1627,2711,127980000,33011
0,8532,127980000,127981500,1627,2711,127995000,33018
0,8533,127995000,127996500,1627,2711,128010000,33022
0,8534,128010000,128011500,1627,2711,128025000,33024
0,8535,128025000,128026500,1627,2711,128040000,33027
0,8536,128040000,128041500,1627,2711,128055000,33034
0,8537,128055000,128056500,1627,2711,128070000,33036
0,8538,128070000,128071500,1627,2711,128085000,33041
0,8539,128085000,128086500,1627,2711,128100000,33042
0,854,12810000,12811500,1627,2711,12825000,3303
0,8540,128100000,128101500,1627,2711,128115000,33048
0,8541,128115000,128116500,1627,2711,128130000,33053
0,8542,128130000,128131500,1627,2711,128145000,33055
0,8543,128145000,128146500,1627,2711,128160000,33057
0,8544,128160000,128161500,1627,2711,128175000,33065
0,8545,128175000,128176500,1627,2711,128190000,33068
0,8546,128190000,128191500,1627,2711,128205000,33072
0,8547,128205000,128206500,1627,2711,128220000,33074
0,8548,128220000,128221500,1627,2711,128235000,33078
0,8549,128235000,128236500,1627,2711,128250000,33083
0,855,12825000,12826500,1627,2711,12840000,3305
0,8550,128250000,128251500,1627,2711,128265000,33088
0,8551,128265000,128266500,1627,2711,128280000,33089
0,8552,128280000,128281500,1627,2711,128295000,33094
0,8553,128295000,128296500,1627,2711,128310000,33098
0,8554,128310000,128311500,1627,2711,128325000,33103
0,8555,128325000,128326500,1627,2711,128340000,33104
0,8556,128340000,128341500,1627,2711,128355000,33111
0,8557,128355000,128356500,1627,2711,128370000,33114
0,8558,128370000,128371500,1627,2711,128385000,33118
0,8559,128385000,128386500,1627,2711,128400000,33120
0,856,12840000,12841500,1627,2711,12855000,3311
0,8560,128400000,128401500,1627,2711,128415000,33126
0,8561,128415000,128416500,1627,2711,128430000,33128
0,8562,128430000,128431500,1627,2711,128445000,33134
0,8563,128445000,128446500,1627,2711,128460000,33137
0,8564,128460000,128461500,1627,2711,128475000,33141
0,8565,128475000,128476500,1627,2711,128490000,33145
0,8566,128490000,128491500,1627,2711,128505000,33148
0,8567,128505000,128506500,1627,2711,128520000,33150
0,8568,128520000,128521500,1627,2711,128535000,33158
0,8569,128535000,128536500,1627,2711,128550000,33160
0,857,12855000,12856500,1627,2711,12870000,3313
0,8570,128550000,128551500,1627,2711,128565000,33164
0,8571,128565000,128566500,1627,2711,128580000,33167
0,8572,128580000,128581500,1627,2711,128595000,33172
0,8573,128595000,128596500,1627,2711,128610000,33176
0,8574,128610000,128611500,1627,2711,128625000,33180
0,8575,128625000,128626500,1627,2711,128640000,33182
0,8576,128640000,128641500,1627,2711,128655000,33188
0,8577,128655000,128656500,1627,2711,128670000,33192
0,8578,128670000,128671500,1627,2711,128685000,33195
0,8579,128685000,128686500,1627,2711,128700000,33196
0,858,12870000,12871500,1627,2711,12885000,3320
0,8580,128700000,128701500,1627,2711,128715000,33204
0,8581,128715000,128716500,1627,2711,128730000,33207
0,8582,128730000,128731500,1627,2711,128745000,33210
0,8583,128745000,128746500,1627,2711,128760000,33213
0,8584,128760000,128761500,1627,2711,128775000,33219
0,8585,128775000,128776500,1627,2711,128790000,33221
0,8586,128790000,128791500,1627,2711,128805000,33228
0,8587,128805000,128806500,1627,2711,128820000,33229
0,8588,128820000,128821500,1627,2711,128835000,33234
0,8589,128835000,128836500,1627,2711,128850000,33238
0,859,12885000,12886500,1627,2711,12900000,3321
0,8590,128850000,128851500,1627,2711,128865000,33241
0,8591,128865000,128866500,1627,2711,128880000,33243
0,8592,128880000,128881500,1627,2711,128895000,33250
0,8593,128895000,128896500,1627,2711,128910000,33254
0,8594,128910000,128911500,1627,2711,128925000,33257
0,8595,128925000,128926500,1627,2711,128940000,33259
0,8596,128940000,128941500,1627,2711,128955000,33265
0,8597,128955000,128956500,1627,2711,128970000,33269
0,8598,128970000,128971500,1627,2711,128985000,33273
0,8599,128985000,128986500,1627,2711,129000000,33274
0,86,1290000,1291500,1627,2711,1305000,331
0,860,12900000,12901500,1627,2711,12915000,3326
0,8600,129000000,129001500,1627,2711,129015000,33281
0,8601,129015000,129016500,1627,2711,129030000,33285
0,8602,129030000,129031500,1627,2711,129045000,33288
0,8603,129045000,129046500,1627,2711,129060000,33290
0,8604,129060000,129061500,1627,2711,129075000,33296
0,8605,129075000,129076500,1627,2711,129090000,33300
0,8606,129090000,129091500,1627,2711,129105000,33304
0,8607,129105000,129106500,1627,2711,129120000,33306
0,8608,129120000,129121500,1627,2711,129135000,33311
0,8609,129135000,129136500,1627,2711,129150000,33313
0,861,12915000,12916500,1627,2711,12930000,3330
0,8610,129150000,129151500,1627,2711,129165000,33321
0,8611,129165000,129166500,1627,2711,129180000,33322
0,8612,129180000,129181500,1627,2711,129195000,33326
0,8613,129195000,129196500,1627,2711,129210000,33331
0,8614,129210000,129211500,1627,2711,129225000,33335
0,8615,129225000,129226500,1627,2711,129240000,33336
0,8616,129240000,129241500,1627,2711,129255000,33344
0,8617,129255000,129256500,1627,2711,129270000,33346
0,8618,129270000,129271500,1627,2711,129285000,33349
0,8619,129285000,129286500,1627,2711,129300000,33353
0,862,12930000,12931500,1627,2711,12945000,3333
0,8620,129300000,129301500,1627,2711,129315000,33358
0,8621,129315000,129316500,1627,2711,129330000,33361
0,8622,129330000,129331500,1627,2711,129345000,33365
0,8623,129345000,129346500,1627,2711,129360000,33368
0,8624,129360000,129361500,1627,2711,129375000,33374
0,8625,129375000,129376500,1627,2711,129390000,33377
0,8626,129390000,129391500,1627,2711,129405000,33381
0,8627,129405000,129406500,1627,2711,129420000,33383
0,8628,129420000,129421500,1627,2711,129435000,33390
0,8629,129435000,129436500,1627,2711,129450000,33393
0,863,12945000,12946500,1627,2711,12960000,3336
0,8630,129450000,129451500,1627,2711,129465000,33396
0,8631,129465000,129466500,1627,2711,129480000,33398
0,8632,129480000,129481500,1627,2711,129495000,33404
0,8633,129495000,129496500,1627,2711,129510000,33408
0,8634,129510000,129511500,1627,2711,129525000,33413
0,8635,129525000,129526500,1627,2711,129540000,33414
0,8636,129540000,129541500,1627,2711,129555000,33420
0,8637,129555000,129556500,1627,2711,129570000,33424
0,8638,129570000,129571500,1627,2711,129585000,33427
0,8639,129585000,129586500,1627,2711,129600000,33428
0,864,12960000,12961500,1627,2711,12975000,3343
0,8640,129600000,129601500,1627,2711,129615000,33437
0,8641,129615000,129616500,1627,2711,129630000,33439
0,8642,129630000,129631500,1627,2711,129645000,33443
0,8643,129645000,129646500,1627,2711,129660000,33446
0,8644,129660000,129661500,1627,2711,129675000,33450
0,8645,129675000,129676500,1627,2711,129690000,33454
0,8646,129690000,129691500,1627,2711,129705000,33459
0,8647,129705000,129706500,1627,2711,129720000,33461
0,8648,129720000,129721500,1627,2711,129735000,33466
0,8649,129735000,129736500,1627,2711,129750000,33470
0,865,12975000,12976500,1627,2711,12990000,3345
0,8650,129750000,129751500,1627,2711,129765000,33474
0,8651,129765000,129766500,1627,2711,129780000,33475
0,8652,129780000,129781500,1627,2711,129795000,33482
0,8653,129795000,129796500,1627,2711,129810000,33487
0,8654,129810000,129811500,1627,2711,129825000,33489
0,8655,129825000,129826500,1627,2711,129840000,33491
0,8656,129840000,129841500,1627,2711,129855000,33498
0,8657,129855000,129856500,1627,2711,129870000,33500
0,8658,129870000,129871500,1627,2711,129885000,33506
0,8659,129885000,129886500,1627,2711,129900000,33507
0,866,12990000,12991500,1627,2711,13005000,3350
0,8660,129900000,129901500,1627,2711,129915000,33512
0,8661,129915000,129916500,1627,2711,129930000,33517
0,8662,129930000,129931500,1627,2711,129945000,33520
0,8663,129945000,129946500,1627,2711,129960000,33522
0,8664,129960000,129961500,1627,2711,129975000,33529
0,8665,129975000,129976500,1627,2711,129990000,33531
0,8666,129990000,129991500,1627,2711,130005000,33537
0,8667,130005000,130006500,1627,2711,130020000,33539
0,8668,130020000,130021500,1627,2711,130035000,33543
0,8669,130035000,130036500,1627,2711,130050000,33546
0,867,13005000,13006500,1627,2711,13020000,3352
0,8670,130050000,130051500,1627,2711,130065000,33552
0,8671,130065000,130066500,1627,2711,130080000,33554
0,8672,130080000,130081500,1627,2711,130095000,33559
0,8673,130095000,130096500,1627,2711,130110000,33563
0,8674,130110000,130111500,1627,2711,130125000,33566
0,8675,130125000,130126500,1627,2711,130140000,33569
0,8676,130140000,130141500,1627,2711,130155000,33576
0,8677,130155000,130156500,1627,2711,130170000,33579
0,8678,130170000,130171500,1627,2711,130185000,33581
0,8679,130185000,130186500,1627,2711,130200000,33584
0,868,13020000,13021500,1627,2711,13035000,3357
0,8680,130200000,130201500,1627,2711,130215000,33591
0,8681,130215000,130216500,1627,2711,130230000,33593
0,8682,130230000,130231500,1627,2711,130245000,33598
0,8683,130245000,130246500,1627,2711,130260000,33600
0,8684,130260000,130261500,1627,2711,130275000,33606
0,8685,130275000,130276500,1627,2711,130290000,33610
0,8686,130290000,130291500,1627,2711,130305000,33613
0,8687,130305000,130306500,1627,2711,130320000,33614
0,8688,130320000,130321500,1627,2711,130335000,33622
0,8689,130335000,130336500,1627,2711,130350000,33625
0,869,13035000,13036500,1627,2711,13050000,3360
0,8690,130350000,130351500,1627,2711,130365000,33629
0,8691,130365000,130366500,1627,2711,130380000,33631
0,8692,130380000,130381500,1627,2711,130395000,33636
0,8693,130395000,130396500,1627,2711,130410000,33640
0,8694,130410000,130411500,1627,2711,130425000,33645
0,8695,130425000,130426500,1627,2711,130440000,33646
0,8696,130440000,130441500,1627,2711,130455000,33652
0,8697,130455000,130456500,1627,2711,130470000,33656
0,8698,130470000,130471500,1627,2711,130485000,33660
0,8699,130485000,130486500,1627,2711,130500000,33661
0,87,1305000,1306500,1627,2711,1320000,333
0,870,13050000,13051500,1627,2711,13065000,3365
0,8700,130500000,130501500,1627,2711,130515000,33668
0,8701,130515000,130516500,1627,2711,130530000,33672
0,8702,130530000,130531500,1627,2711,130545000,33674
0,8703,130545000,130546500,1627,2711,130560000,33678
0,8704,130560000,130561500,1627,2711,130575000,33683
0,8705,130575000,130576500,1627,2711,130590000,33686
0,8706,130590000,130591500,1627,2711,130605000,33692
0,8707,130605000,130606500,1627,2711,130620000,33693
0,8708,130620000,130621500,1627,2711,130635000,33698
0,8709,130635000,130636500,1627,2711,130650000,33702
0,871,13065000,13066500,1627,2711,13080000,3367
0,8710,130650000,130651500,1627,2711,130665000,33706
0,8711,130665000,130666500,1627,2711,130680000,33707
0,8712,130680000,130681500,1627,2711,130695000,33715
0,8713,130695000,130696500,1627,2711,130710000,33718
0,8714,130710000,130711500,1627,2711,130725000,33722
0,8715,130725000,130726500,1627,2711,130740000,33724
0,8716,130740000,130741500,1627,2711,130755000,33729
0,8717,130755000,130756500,1627,2711,130770000,33733
0,8718,130770000,130771500,1627,2711,130785000,33738
0,8719,130785000,130786500,1627,2711,130800000,33739
0,872,13080000,13081500,1627,2711,13095000,3373
0,8720,130800000,130801500,1627,2711,130815000,33745
0,8721,130815000,130816500,1627,2711,130830000,33748
0,8722,130830000,130831500,1627,2711,130845000,33752
0,8723,130845000,130846500,1627,2711,130860000,33755
0,8724,130860000,130861500,1627,2711,130875000,33761
0,8725,130875000,130876500,1627,2711,130890000,33764
0,8726,130890000,130891500,1627,2711,130905000,33768
0,8727,130905000,130906500,1627,2711,130920000,33771
0,8728,130920000,130921500,1627,2711,130935000,33776
0,8729,130935000,130936500,1627,2711,130950000,33778
0,873,13095000,13096500,1627,2711,13110000,3377
0,8730,130950000,130951500,1627,2711,130965000,33784
0,8731,130965000,130966500,1627,2711,130980000,33787
0,8732,130980000,130981500,1627,2711,130995000,33791
0,8733,130995000,130996500,1627,2711,131010000,33796
0,8734,131010000,131011500,1627,2711,131025000,33798
0,8735,131025000,131026500,1627,2711,131040000,33799
0,8736,131040000,131041500,1627,2711,131055000,33809
0,8737,131055000,131056500,1627,2711,131070000,33811
0,8738,131070000,131071500,1627,2711,131085000,33814
0,8739,131085000,131086500,1627,2711,131100000,33816
0,874,13110000,13111500,1627,2711,13125000,3380
0,8740,131100000,131101500,1627,2711,131115000,33823
0,8741,131115000,131116500,1627,2711,131130000,33826
0,8742,131130000,131131500,1627,2711,131145000,33830
0,8743,131145000,131146500,1627,2711,131160000,33832
0,8744,131160000,131161500,1627,2711,131175000,33838
0,8745,131175000,131176500,1627,2711,131190000,33842
0,8746,131190000,131191500,1627,2711,131205000,33846
0,8747,131205000,131206500,1627,2711,131220000,33847
0,8748,131220000,131221500,1627,2711,131235000,33853
0,8749,131235000,131236500,1627,2711,131250000,33857
0,875,13125000,13126500,1627,2711,13140000,3382
0,8750,131250000,131251500,1627,2711,131265000,33861
0,8751,131265000,131266500,1627,2711,131280000,33863
0,8752,131280000,131281500,1627,2711,131295000,33868
0,8753,131295000,131296500,1627,2711,131310000,33872
0,8754,131310000,131311500,1627,2711,131325000,33878
0,8755,131325000,131326500,1627,2711,131340000,33879
0,8756,131340000,131341500,1627,2711,131355000,33884
0,8757,131355000,131356500,1627,2711,131370000,33889
0,8758,131370000,131371500,1627,2711,131385000,33891
0,8759,131385000,131386500,1627,2711,131400000,33893
0,876,13140000,13141500,1627,2711,13155000,3389
0,8760,131400000,131401500,1627,2711,131415000,33901
0,8761,131415000,131416500,1627,2711,131430000,33903
0,8762,131430000,131431500,1627,2711,131445000,33907
0,8763,131445000,131446500,1627,2711,131460000,33910
0,8764,131460000,131461500,1627,2711,131475000,33915
0,8765,131475000,131476500,1627,2711,131490000,33918
0,8766,131490000,131491500,1627,2711,131505000,33924
0,8767,131505000,131506500,1627,2711,131520000,33925
0,8768,131520000,131521500,1627,2711,131535000,33931
0,8769,131535000,131536500,1627,2711,131550000,33934
0,877,13155000,13156500,1627,2711,13170000,3393
0,8770,131550000,131551500,1627,2711,131565000,33939
0,8771,131565000,131566500,1627,2711,131580000,33940
0,8772,131580000,131581500,1627,2711,131595000,33946
0,8773,131595000,131596500,1627,2711,131610000,33951
0,8774,131610000,131611500,1627,2711,131625000,33953
0,8775,131625000,131626500,1627,2711,131640000,33956
0,8776,131640000,131641500,1627,2711,131655000,33962
0,8777,131655000,131656500,1627,2711,131670000,33964
0,8778,131670000,131671500,1627,2711,131685000,33970
0,8779,131685000,131686500,1627,2711,131700000,33972
0,878,13170000,13171500,1627,2711,13185000,3395
0,8780,131700000,131701500,1627,2711,131715000,33977
0,8781,131715000,131716500,1627,2711,131730000,33981
0,8782,131730000,131731500,1627,2711,131745000,33984
0,8783,131745000,131746500,1627,2711,131760000,33987
0,8784,131760000,131761500,1627,2711,131775000,33994
0,8785,131775000,131776500,1627,2711,131790000,33996
0,8786,131790000,131791500,1627,2711,131805000,34000
0,8787,131805000,131806500,1627,2711,131820000,34003
0,8788,131820000,131821500,1627,2711,131835000,34008
0,8789,131835000,131836500,1627,2711,131850000,34011
0,879,13185000,13186500,1627,2711,13200000,3398
0,8790,131850000,131851500,1627,2711,131865000,34016
0,8791,131865000,131866500,1627,2711,131880000,34017
0,8792,131880000,131881500,1627,2711,131895000,34024
0,8793,131895000,131896500,1627,2711,131910000,34028
0,8794,131910000,131911500,1627,2711,131925000,34031
0,8795,131925000,131926500,1627,2711,131940000,34032
0,8796,131940000,131941500,1627,2711,131955000,34041
0,8797,131955000,131956500,1627,2711,131970000,34044
0,8798,131970000,131971500,1627,2711,131985000,34046
0,8799,131985000,131986500,1627,2711,132000000,34048
0,88,1320000,1321500,1627,2711,1335000,339
0,880,13200000,13201500,1627,2711,13215000,3404
0,8800,132000000,132001500,1627,2711,132015000,34054
0,8801,132015000,132016500,1627,2711,132030000,34058
0,8802,132030000,132031500,1627,2711,132045000,34063
0,8803,132045000,132046500,1627,2711,132060000,34065
0,8804,132060000,132061500,1627,2711,132075000,34069
0,8805,132075000,132076500,1627,2711,132090000,34074
0,8806,132090000,132091500,1627,2711,132105000,34078
0,8807,132105000,132106500,1627,2711,132120000,34079
0,8808,132120000,132121500,1627,2711,132135000,34086
0,8809,132135000,132136500,1627,2711,132150000,34089
0,881,13215000,13216500,1627,2711,13230000,3406
0,8810,132150000,132151500,1627,2711,132165000,34094
0,8811,132165000,132166500,1627,2711,132180000,34096
0,8812,132180000,132181500,1627,2711,132195000,34100
0,8813,132195000,132196500,1627,2711,132210000,34104
0,8814,132210000,132211500,1627,2711,132225000,34109
0,8815,132225000,132226500,1627,2711,132240000,34111
0,8816,132240000,132241500,1627,2711,132255000,34117
0,8817,132255000,132256500,1627,2711,132270000,34120
0,8818,132270000,132271500,1627,2711,132285000,34124
0,8819,132285000,132286500,1627,2711,132300000,34125
0,882,13230000,13231500,1627,2711,13245000,3412
0,8820,132300000,132301500,1627,2711,132315000,34133
0,8821,132315000,132316500,1627,2711,132330000,34136
0,8822,132330000,132331500,1627,2711,132345000,34139
0,8823,132345000,132346500,1627,2711,132360000,34142
0,8824,132360000,132361500,1627,2711,132375000,34148
0,8825,132375000,132376500,1627,2711,132390000,34150
0,8826,132390000,132391500,1627,2711,132405000,34156
0,8827,132405000,132406500,1627,2711,132420000,34158
0,8828,132420000,132421500,1627,2711,132435000,34162
0,8829,132435000,132436500,1627,2711,132450000,34167
0,883,13245000,13246500,1627,2711,13260000,3414
0,8830,132450000,132451500,1627,2711,132465000,34170
0,8831,132465000,132466500,1627,2711,132480000,34172
0,8832,132480000,132481500,1627,2711,132495000,34179
0,8833,132495000,132496500,1627,2711,132510000,34182
0,8834,132510000,132511500,1627,2711,132525000,34186
0,8835,132525000,132526500,1627,2711,132540000,34189
0,8836,132540000,132541500,1627,2711,132555000,34194
0,8837,132555000,132556500,1627,2711,132570000,34197
0,8838,132570000,132571500,1627,2711,132585000,34202
0,8839,132585000,132586500,1627,2711,132600000,34203
0,884,13260000,13261500,1627,2711,13275000,3419
0,8840,132600000,132601500,1627,2711,132615000,34210
0,8841,132615000,132616500,1627,2711,132630000,34213
0,8842,132630000,132631500,1627,2711,132645000,34216
0,8843,132645000,132646500,1627,2711,132660000,34219
0,8844,132660000,132661500,1627,2711,132675000,34226
0,8845,132675000,132676500,1627,2711,132690000,34229
0,8846,132690000,132691500,1627,2711,132705000,34232
0,8847,132705000,132706500,1627,2711,132720000,34234
0,8848,132720000,132721500,1627,2711,132735000,34241
0,8849,132735000,132736500,1627,2711,132750000,34243
0,885,13275000,13276500,1627,2711,13290000,3423
0,8850,132750000,132751500,1627,2711,132765000,34249
0,8851,132765000,132766500,1627,2711,132780000,34250
0,8852,132780000,132781500,1627,2711,132795000,34255
0,8853,132795000,132796500,1627,2711,132810000,34261
0,8854,132810000,132811500,1627,2711,132825000,34263
0,8855,132825000,132826500,1627,2711,132840000,34264
0,8856,132840000,132841500,1627,2711,132855000,34272
0,8857,132855000,132856500,1627,2711,132870000,34276
0,8858,132870000,132871500,1627,2711,132885000,34279
0,8859,132885000,132886500,1627,2711,132900000,34281
0,886,13290000,13291500,1627,2711,13305000,3427
0,8860,132900000,132901500,1627,2711,132915000,34286
0,8861,132915000,132916500,1627,2711,132930000,34290
0,8862,132930000,132931500,1627,2711,132945000,34295
0,8863,132945000,132946500,1627,2711,132960000,34297
0,8864,132960000,132961500,1627,2711,132975000,34302
0,8865,132975000,132976500,1627,2711,132990000,34305
0,8866,132990000,132991500,1627,2711,133005000,34311
0,8867,133005000,133006500,1627,2711,133020000,34312
0,8868,133020000,133021500,1627,2711,133035000,34318
0,8869,133035000,133036500,1627,2711,133050000,34321
0,887,13305000,13306500,1627,2711,13320000,3428
0,8870,133050000,133051500,1627,2711,133065000,34325
0,8871,133065000,133066500,1627,2711,133080000,34328
0,8872,133080000,133081500,1627,2711,133095000,34333
0,8873,133095000,133096500,1627,2711,133110000,34336
0,8874,133110000,133111500,1627,2711,133125000,34342
0,8875,133125000,133126500,1627,2711,133140000,34343
0,8876,133140000,133141500,1627,2711,133155000,34349
0,8877,133155000,133156500,1627,2711,133170000,34353
0,8878,133170000,133171500,1627,2711,133185000,34355
0,8879,133185000,133186500,1627,2711,133200000,34357
0,888,13320000,13321500,1627,2711,13335000,3436
0,8880,133200000,133201500,1627,2711,133215000,34366
0,8881,133215000,133216500,1627,2711,133230000,34368
0,8882,133230000,133231500,1627,2711,133245000,34371
0,8883,133245000,133246500,1627,2711,133260000,34375
0,8884,133260000,133261500,1627,2711,133275000,34379
0,8885,133275000,133276500,1627,2711,133290000,34383
0,8886,133290000,133291500,1627,2711,133305000,34388
0,8887,133305000,133306500,1627,2711,133320000,34390
0,8888,133320000,133321500,1627,2711,133335000,34395
0,8889,133335000,133336500,1627,2711,133350000,34398
0,889,13335000,13336500,1627,2711,13350000,3438
0,8890,133350000,133351500,1627,2711,133365000,34403
0,8891,133365000,133366500,1627,2711,133380000,34404
0,8892,133380000,133381500,1627,2711,133395000,34411
0,8893,133395000,133396500,1627,2711,133410000,34415
0,8894,133410000,133411500,1627,2711,133425000,34418
0,8895,133425000,133426500,1627,2711,133440000,34420
0,8896,133440000,133441500,1627,2711,133455000,34427
0,8897,133455000,133456500,1627,2711,133470000,34429
0,8898,133470000,133471500,1627,2711,133485000,34434
0,8899,133485000,133486500,1627,2711,133500000,34436
0,89,1335000,1336500,1627,2711,1350000,341
0,890,13350000,13351500,1627,2711,13365000,3442
0,8900,133500000,133501500,1627,2711,133515000,34442
0,8901,133515000,133516500,1627,2711,133530000,34446
0,8902,133530000,133531500,1627,2711,133545000,34448
0,8903,133545000,133546500,1627,2711,133560000,34450
0,8904,133560000,133561500,1627,2711,133575000,34458
0,8905,133575000,133576500,1627,2711,133590000,34461
0,8906,133590000,133591500,1627,2711,133605000,34465
0,8907,133605000,133606500,1627,2711,133620000,34467
0,8908,133620000,133621500,1627,2711,133635000,34472
0,8909,133635000,133636500,1627,2711,133650000,34476
0,891,13365000,13366500,1627,2711,13380000,3445
0,8910,133650000,133651500,1627,2711,133665000,34481
0,8911,133665000,133666500,1627,2711,133680000,34482
0,8912,133680000,133681500,1627,2711,133695000,34487
0,8913,133695000,133696500,1627,2711,133710000,34493
0,8914,133710000,133711500,1627,2711,133725000,34496
0,8915,133725000,133726500,1627,2711,133740000,34497
0,8916,133740000,133741500,1627,2711,133755000,34504
0,8917,133755000,133756500,1627,2711,133770000,34507
0,8918,133770000,133771500,1627,2711,133785000,34511
0,8919,133785000,133786500,1627,2711,133800000,34513
0,892,13380000,13381500,1627,2711,13395000,3450
0,8920,133800000,133801500,1627,2711,133815000,34519
0,8921,133815000,133816500,1627,2711,133830000,34521
0,8922,133830000,133831500,1627,2711,133845000,34528
0,8923,133845000,133846500,1627,2711,133860000,34530
0,8924,133860000,133861500,1627,2711,133875000,34534
0,8925,133875000,133876500,1627,2711,133890000,34538
0,8926,133890000,133891500,1627,2711,133905000,34542
0,8927,133905000,133906500,1627,2711,133920000,34544
0,8928,133920000,133921500,1627,2711,133935000,34551
0,8929,133935000,133936500,1627,2711,133950000,34553
0,893,13395000,13396500,1627,2711,13410000,3454
0,8930,133950000,133951500,1627,2711,133965000,34557
0,8931,133965000,133966500,1627,2711,133980000,34560
0,8932,133980000,133981500,1627,2711,133995000,34565
0,8933,133995000,133996500,1627,2711,134010000,34569
0,8934,134010000,134011500,1627,2711,134025000,34573
0,8935,134025000,134026500,1627,2711,134040000,34575
0,8936,134040000,134041500,1627,2711,134055000,34582
0,8937,134055000,134056500,1627,2711,134070000,34585
0,8938,134070000,134071500,1627,2711,134085000,34588
0,8939,134085000,134086500,1627,2711,134100000,34590
0,894,13410000,13411500,1627,2711,13425000,3458
0,8940,134100000,134101500,1627,2711,134115000,34597
0,8941,134115000,134116500,1627,2711,134130000,34601
0,8942,134130000,134131500,1627,2711,134145000,34603
0,8943,134145000,134146500,1627,2711,134160000,34606
0,8944,134160000,134161500,1627,2711,134175000,34612
0,8945,134175000,134176500,1627,2711,134190000,34614
0,8946,134190000,134191500,1627,2711,134205000,34621
0,8947,134205000,134206500,1627,2711,134220000,34622
0,8948,134220000,134221500,1627,2711,134235000,34627
0,8949,134235000,134236500,1627,2711,134250000,34631
0,895,13425000,13426500,1627,2711,13440000,3459
0,8950,134250000,134251500,1627,2711,134265000,34635
0,8951,134265000,134266500,1627,2711,134280000,34636
0,8952,134280000,134281500,1627,2711,134295000,34644
0,8953,134295000,134296500,1627,2711,134310000,34647
0,8954,134310000,134311500,1627,2711,134325000,34650
0,8955,134325000,134326500,1627,2711,134340000,34653
0,8956,134340000,134341500,1627,2711,134355000,34658
0,8957,134355000,134356500,1627,2711,134370000,34662
0,8958,134370000,134371500,1627,2711,134385000,34666
0,8959,134385000,134386500,1627,2711,134400000,34667
0,896,13440000,13441500,1627,2711,13455000,3466
0,8960,134400000,134401500,1627,2711,134415000,34674
0,8961,134415000,134416500,1627,2711,134430000,34678
0,8962,134430000,134431500,1627,2711,134445000,34681
0,8963,134445000,134446500,1627,2711,134460000,34683
0,8964,134460000,134461500,1627,2711,134475000,34690
0,8965,134475000,134476500,1627,2711,134490000,34694
0,8966,134490000,134491500,1627,2711,134505000,34697
0,8967,134505000,134506500,1627,2711,134520000,34699
0,8968,134520000,134521500,1627,2711,134535000,34704
0,8969,134535000,134536500,1627,2711,134550000,34707
0,897,13455000,13456500,1627,2711,13470000,3470
0,8970,134550000,134551500,1627,2711,134565000,34714
0,8971,134565000,134566500,1627,2711,134580000,34715
0,8972,134580000,134581500,1627,2711,134595000,34719
0,8973,134595000,134596500,1627,2711,134610000,34724
0,8974,134610000,134611500,1627,2711,134625000,34728
0,8975,134625000,134626500,1627,2711,134640000,34729
0,8976,134640000,134641500,1627,2711,134655000,34737
0,8977,134655000,134656500,1627,2711,134670000,34739
0,8978,134670000,134671500,1627,2711,134685000,34744
0,8979,134685000,134686500,1627,2711,134700000,34746
0,898,13470000,13471500,1627,2711,13485000,3473
0,8980,134700000,134701500,1627,2711,134715000,34751
0,8981,134715000,134716500,1627,2711,134730000,34754
0,8982,134730000,134731500,1627,2711,134745000,34758
0,8983,134745000,134746500,1627,2711,134760000,34762
0,8984,134760000,134761500,1627,2711,134775000,34767
0,8985,134775000,134776500,1627,2711,134790000,34770
0,8986,134790000,134791500,1627,2711,134805000,34774
0,8987,134805000,134806500,1627,2711,134820000,34776
0,8988,134820000,134821500,1627,2711,134835000,34783
0,8989,134835000,134836500,1627,2711,134850000,34786
0,899,13485000,13486500,1627,2711,13500000,3474
0,8990,134850000,134851500,1627,2711,134865000,34789
0,8991,134865000,134866500,1627,2711,134880000,34792
0,8992,134880000,134881500,1627,2711,134895000,34798
0,8993,134895000,134896500,1627,2711,134910000,34801
0,8994,134910000,134911500,1627,2711,134925000,34806
0,8995,134925000,134926500,1627,2711,134940000,34807
0,8996,134940000,134941500,1627,2711,134955000,34813
0,8997,134955000,134956500,1627,2711,134970000,34818
0,8998,134970000,134971500,1627,2711,134985000,34820
0,8999,134985000,134986500,1627,2711,135000000,34821
0,9,135000,136500,1627,2711,150000,33
0,90,1350000,1351500,1627,2711,1365000,347
0,900,13500000,13501500,1627,2711,13515000,3482
0,9000,135000000,135001500,1627,2711,135015000,34830
0,9001,135015000,135016500,1627,2711,135030000,34832
0,9002,135030000,135031500,1627,2711,135045000,34836
0,9003,135045000,135046500,1627,2711,135060000,34839
0,9004,135060000,135061500,1627,2711,135075000,34844
0,9005,135075000,135076500,1627,2711,135090000,34847
0,9006,135090000,135091500,1627,2711,135105000,34853
0,9007,135105000,135106500,1627,2711,135120000,34854
0,9008,135120000,135121500,1627,2711,135135000,34859
0,9009,135135000,135136500,1627,2711,135150000,34863
0,901,13515000,13516500,1627,2711,13530000,3486
0,9010,135150000,135151500,1627,2711,135165000,34867
0,9011,135165000,135166500,1627,2711,135180000,34869
0,9012,135180000,135181500,1627,2711,135195000,34875
0,9013,135195000,135196500,1627,2711,135210000,34880
0,9014,135210000,135211500,1627,2711,135225000,34882
0,9015,135225000,135226500,1627,2711,135240000,34884
0,9016,135240000,135241500,1627,2711,135255000,34891
0,9017,135255000,135256500,1627,2711,135270000,34894
0,9018,135270000,135271500,1627,2711,135285000,34899
0,9019,135285000,135286500,1627,2711,135300000,34900
0,902,13530000,13531500,1627,2711,13545000,3488
0,9020,135300000,135301500,1627,2711,135315000,34906
0,9021,135315000,135316500,1627,2711,135330000,34910
0,9022,135330000,135331500,1627,2711,135345000,34913
0,9023,135345000,135346500,1627,2711,135360000,34915
0,9024,135360000,135361500,1627,2711,135375000,34922
0,9025,135375000,135376500,1627,2711,135390000,34925
0,9026,135390000,135391500,1627,2711,135405000,34930
0,9027,135405000,135406500,1627,2711,135420000,34932
0,9028,135420000,135421500,1627,2711,135435000,34936
0,9029,135435000,135436500,1627,2711,135450000,34939
0,903,13545000,13546500,1627,2711,13560000,3491
0,9030,135450000,135451500,1627,2711,135465000,34946
0,9031,135465000,135466500,1627,2711,135480000,34947
0,9032,135480000,135481500,1627,2711,135495000,34952
0,9033,135495000,135496500,1627,2711,135510000,34956
0,9034,135510000,135511500,1627,2711,135525000,34960
0,9035,135525000,135526500,1627,2711,135540000,34962
0,9036,135540000,135541500,1627,2711,135555000,34969
0,9037,135555000,135556500,1627,2711,135570000,34972
0,9038,135570000,135571500,1627,2711,135585000,34974
0,9039,135585000,135586500,1627,2711,135600000,34978
0,904,13560000,13561500,1627,2711,13575000,3496
0,9040,135600000,135601500,1627,2711,135615000,34984
0,9041,135615000,135616500,1627,2711,135630000,34986
0,9042,135630000,135631500,1627,2711,135645000,34991
0,9043,135645000,135646500,1627,2711,135660000,34994
0,9044,135660000,135661500,1627,2711,135675000,34999
0,9045,135675000,135676500,1627,2711,135690000,35003
0,9046,135690000,135691500,1627,2711,135705000,35006
0,9047,135705000,135706500,1627,2711,135720000,35007
0,9048,135720000,135721500,1627,2711,135735000,35016
0,9049,135735000,135736500,1627,2711,135750000,35018
0,905,13575000,13576500,1627,2711,13590000,3500
0,9050,135750000,135751500,1627,2711,135765000,35022
0,9051,135765000,135766500,1627,2711,135780000,35024
0,9052,135780000,135781500,1627,2711,135795000,35029
0,9053,135795000,135796500,1627,2711,135810000,35034
0,9054,135810000,135811500,1627,2711,135825000,35038
0,9055,135825000,135826500,1627,2711,135840000,35039
0,9056,135840000,135841500,1627,2711,135855000,35046
0,9057,135855000,135856500,1627,2711,135870000,35049
0,9058,135870000,135871500,1627,2711,135885000,35053
0,9059,135885000,135886500,1627,2711,135900000,35054
0,906,13590000,13591500,1627,2711,13605000,3506
0,9060,135900000,135901500,1627,2711,135915000,35061
0,9061,135915000,135916500,1627,2711,135930000,35065
0,9062,135930000,135931500,1627,2711,135945000,35068
0,9063,135945000,135946500,1627,2711,135960000,35071
0,9064,135960000,135961500,1627,2711,135975000,35076
0,9065,135975000,135976500,1627,2711,135990000,35079
0,9066,135990000,135991500,1627,2711,136005000,35085
0,9067,136005000,136006500,1627,2711,136020000,35087
0,9068,136020000,136021500,1627,2711,136035000,35091
0,9069,136035000,136036500,1627,2711,136050000,35096
0,907,13605000,13606500,1627,2711,13620000,3507
0,9070,136050000,136051500,1627,2711,136065000,35099
0,9071,136065000,136066500,1627,2711,136080000,35100
0,9072,136080000,136081500,1627,2711,136095000,35108
0,9073,136095000,136096500,1627,2711,136110000,35111
0,9074,136110000,136111500,1627,2711,136125000,35115
0,9075,136125000,136126500,1627,2711,136140000,35117
0,9076,136140000,136141500,1627,2711,136155000,35123
0,9077,136155000,136156500,1627,2711,136170000,35126
0,9078,136170000,136171500,1627,2711,136185000,35131
0,9079,136185000,136186500,1627,2711,136200000,35132
0,908,13620000,13621500,1627,2711,13635000,3511
0,9080,136200000,136201500,1627,2711,136215000,35138
0,9081,136215000,136216500,1627,2711,136230000,35142
0,9082,136230000,136231500,1627,2711,136245000,35146
0,9083,136245000,136246500,1627,2711,136260000,35148
0,9084,136260000,136261500,1627,2711,136275000,35154
0,9085,136275000,136276500,1627,2711,136290000,35157
0,9086,136290000,136291500,1627,2711,136305000,35161
0,9087,136305000,136306500,1627,2711,136320000,35164
0,9088,136320000,136321500,1627,2711,136335000,35169
0,9089,136335000,136336500,1627,2711,136350000,35171
0,909,13635000,13636500,1627,2711,13650000,3515
0,9090,136350000,136351500,1627,2711,136365000,35178
0,9091,136365000,136366500,1627,2711,136380000,35180
0,9092,136380000,136381500,1627,2711,136395000,35184
0,9093,136395000,136396500,1627,2711,136410000,35189
0,9094,136410000,136411500,1627,2711,136425000,35191
0,9095,136425000,136426500,1627,2711,136440000,35194
0,9096,136440000,136441500,1627,2711,136455000,35202
0,9097,136455000,136456500,1627,2711,136470000,35204
0,9098,136470000,136471500,1627,2711,136485000,35207
0,9099,136485000,136486500,1627,2711,136500000,35209
0,91,1365000,1366500,1627,2711,1380000,349
0,910,13650000,13651500,1627,2711,13665000,3520
0,9100,136500000,136501500,1627,2711,136515000,35216
0,9101,136515000,136516500,1627,2711,136530000,35219
0,9102,136530000,136531500,1627,2711,136545000,35223
0,9103,136545000,136546500,1627,2711,136560000,35225
0,9104,136560000,136561500,1627,2711,136575000,35232
0,9105,136575000,136576500,1627,2711,136590000,35235
0,9106,136590000,136591500,1627,2711,136605000,35239
0,9107,136605000,136606500,1627,2711,136620000,35240
0,9108,136620000,136621500,1627,2711,136635000,35247
0,9109,136635000,136636500,1627,2711,136650000,35251
0,911,13665000,13666500,1627,2711,13680000,3521
0,9110,136650000,136651500,1627,2711,136665000,35254
0,9111,136665000,136666500,1627,2711,136680000,35256
0,9112,136680000,136681500,1627,2711,136695000,35261
0,9113,136695000,136696500,1627,2711,136710000,35265
0,9114,136710000,136711500,1627,2711,136725000,35271
0,9115,136725000,136726500,1627,2711,136740000,35272
0,9116,136740000,136741500,1627,2711,136755000,35277
0,9117,136755000,136756500,1627,2711,136770000,35282
0,9118,136770000,136771500,1627,2711,136785000,35285
0,9119,136785000,136786500,1627,2711,136800000,35286
0,912,13680000,13681500,1627,2711,13695000,3528
0,9120,136800000,136801500,1627,2711,136815000,35294
0,9121,136815000,136816500,1627,2711,136830000,35297
0,9122,136830000,136831500,1627,2711,136845000,35300
0,9123,136845000,136846500,1627,2711,136860000,35304
0,9124,136860000,136861500,1627,2711,136875000,35308
0,9125,136875000,136876500,1627,2711,136890000,35311
0,9126,136890000,136891500,1627,2711,136905000,35317
0,9127,136905000,136906500,1627,2711,136920000,35318
0,9128,136920000,136921500,1627,2711,136935000,35324
0,9129,136935000,136936500,1627,2711,136950000,35327
0,913,13695000,13696500,1627,2711,13710000,3531
0,9130,136950000,136951500,1627,2711,136965000,35332
0,9131,136965000,136966500,1627,2711,136980000,35333
0,9132,136980000,136981500,1627,2711,136995000,35340
0,9133,136995000,136996500,1627,2711,137010000,35344
0,9134,137010000,137011500,1627,2711,137025000,35347
0,9135,137025000,137026500,1627,2711,137040000,35349
0,9136,137040000,137041500,1627,2711,137055000,35355
0,9137,137055000,137056500,1627,2711,137070000,35358
0,9138,137070000,137071500,1627,2711,137085000,35363
0,9139,137085000,137086500,1627,2711,137100000,35365
0,914,13710000,13711500,1627,2711,13725000,3536
0,9140,137100000,137101500,1627,2711,137115000,35370
0,9141,137115000,137116500,1627,2711,137130000,35374
0,9142,137130000,137131500,1627,2711,137145000,35377
0,9143,137145000,137146500,1627,2711,137160000,35380
0,9144,137160000,137161500,1627,2711,137175000,35387
0,9145,137175000,137176500,1627,2711,137190000,35389
0,9146,137190000,137191500,1627,2711,137205000,35394
0,9147,137205000,137206500,1627,2711,137220000,35397
0,9148,137220000,137221500,1627,2711,137235000,35401
0,9149,137235000,137236500,1627,2711,137250000,35404
0,915,13725000,13726500,1627,2711,13740000,3538
0,9150,137250000,137251500,1627,2711,137265000,35409
0,9151,137265000,137266500,1627,2711,137280000,35411
0,9152,137280000,137281500,1627,2711,137295000,35417
0,9153,137295000,137296500,1627,2711,137310000,35421
0,9154,137310000,137311500,1627,2711,137325000,35424
0,9155,137325000,137326500,1627,2711,137340000,35425
0,9156,137340000,137341500,1627,2711,137355000,35434
0,9157,137355000,137356500,1627,2711,137370000,35437
0,9158,137370000,137371500,1627,2711,137385000,35439
0,9159,137385000,137386500,1627,2711,137400000,35441
0,916,13740000,13741500,1627,2711,13755000,3543
0,9160,137400000,137401500,1627,2711,137415000,35449
0,9161,137415000,137416500,1627,2711,137430000,35451
0,9162,137430000,137431500,1627,2711,137445000,35456
0,9163,137445000,137446500,1627,2711,137460000,35458
0,9164,137460000,137461500,1627,2711,137475000,35462
0,9165,137475000,137476500,1627,2711,137490000,35468
0,9166,137490000,137491500,1627,2711,137505000,35471
0,9167,137505000,137506500,1627,2711,137520000,35472
0,9168,137520000,137521500,1627,2711,137535000,35479
0,9169,137535000,137536500,1627,2711,137550000,35482
0,917,13755000,13756500,1627,2711,13770000,3546
0,9170,137550000,137551500,1627,2711,137565000,35487
0,9171,137565000,137566500,1627,2711,137580000,35489
0,9172,137580000,137581500,1627,2711,137595000,35493
0,9173,137595000,137596500,1627,2711,137610000,35498
0,9174,137610000,137611500,1627,2711,137625000,35503
0,9175,137625000,137626500,1627,2711,137640000,35504
0,9176,137640000,137641500,1627,2711,137655000,35510
0,9177,137655000,137656500,1627,2711,137670000,35513
0,9178,137670000,137671500,1627,2711,137685000,35517
0,9179,137685000,137686500,1627,2711,137700000,35519
0,918,13770000,13771500,1627,2711,13785000,3551
0,9180,137700000,137701500,1627,2711,137715000,35526
0,9181,137715000,137716500,1627,2711,137730000,35529
0,9182,137730000,137731500,1627,2711,137745000,35532
0,9183,137745000,137746500,1627,2711,137760000,35535
0,9184,137760000,137761500,1627,2711,137775000,35541
0,9185,137775000,137776500,1627,2711,137790000,35543
0,9186,137790000,137791500,1627,2711,137805000,35550
0,9187,137805000,137806500,1627,2711,137820000,35551
0,9188,137820000,137821500,1627,2711,137835000,35556
0,9189,137835000,137836500,1627,2711,137850000,35560
0,919,13785000,13786500,1627,2711,13800000,3553
0,9190,137850000,137851500,1627,2711,137865000,35563
0,9191,137865000,137866500,1627,2711,137880000,35565
0,9192,137880000,137881500,1627,2711,137895000,35572
0,9193,137895000,137896500,1627,2711,137910000,35576
0,9194,137910000,137911500,1627,2711,137925000,35579
0,9195,137925000,137926500,1627,2711,137940000,35582
0,9196,137940000,137941500,1627,2711,137955000,35587
0,9197,137955000,137956500,1627,2711,137970000,35590
0,9198,137970000,137971500,1627,2711,137985000,35595
0,9199,137985000,137986500,1627,2711,138000000,35597
0,92,1380000,1381500,1627,2711,1395000,353
0,920,13800000,13801500,1627,2711,13815000,3559
0,9200,138000000,138001500,1627,2711,138015000,35603
0,9201,138015000,138016500,1627,2711,138030000,35606
0,9202,138030000,138031500,1627,2711,138045000,35610
0,9203,138045000,138046500,1627,2711,138060000,35612
0,9204,138060000,138061500,1627,2711,138075000,35619
0,9205,138075000,138076500,1627,2711,138090000,35622
0,9206,138090000,138091500,1627,2711,138105000,35625
0,9207,138105000,138106500,1627,2711,138120000,35628
0,9208,138120000,138121500,1627,2711,138135000,35634
0,9209,138135000,138136500,1627,2711,138150000,35636
0,921,13815000,13816500,1627,2711,13830000,3562
0,9210,138150000,138151500,1627,2711,138165000,35642
0,9211,138165000,138166500,1627,2711,138180000,35643
0,9212,138180000,138181500,1627,2711,138195000,35649
0,9213,138195000,138196500,1627,2711,138210000,35654
0,9214,138210000,138211500,1627,2711,138225000,35656
0,9215,138225000,138226500,1627,2711,138240000,35657
0,9216,138240000,138241500,1627,2711,138255000,35666
0,9217,138255000,138256500,1627,2711,138270000,35669
0,9218,138270000,138271500,1627,2711,138285000,35672
0,9219,138285000,138286500,1627,2711,138300000,35674
0,922,13830000,13831500,1627,2711,13845000,3565
0,9220,138300000,138301500,1627,2711,138315000,35679
0,9221,138315000,138316500,1627,2711,138330000,35684
0,9222,138330000,138331500,1627,2711,138345000,35688
0,9223,138345000,138346500,1627,2711,138360000,35690
0,9224,138360000,138361500,1627,2711,138375000,35695
0,9225,138375000,138376500,1627,2711,138390000,35699
0,9226,138390000,138391500,1627,2711,138405000,35704
0,9227,138405000,138406500,1627,2711,138420000,35705
0,9228,138420000,138421500,1627,2711,138435000,35711
0,9229,138435000,138436500,1627,2711,138450000,35714
0,923,13845000,13846500,1627,2711,13860000,3568
0,9230,138450000,138451500,1627,2711,138465000,35719
0,9231,138465000,138466500,1627,2711,138480000,35721
0,9232,138480000,138481500,1627,2711,138495000,35726
0,9233,138495000,138496500,1627,2711,138510000,35729
0,9234,138510000,138511500,1627,2711,138525000,35735
0,9235,138525000,138526500,1627,2711,138540000,35737
0,9236,138540000,138541500,1627,2711,138555000,35742
0,9237,138555000,138556500,1627,2711,138570000,35746
0,9238,138570000,138571500,1627,2711,138585000,35749
0,9239,138585000,138586500,1627,2711,138600000,35750
0,924,13860000,13861500,1627,2711,13875000,3575
0,9240,138600000,138601500,1627,2711,138615000,35759
0,9241,138615000,138616500,1627,2711,138630000,35761
0,9242,138630000,138631500,1627,2711,138645000,35764
0,9243,138645000,138646500,1627,2711,138660000,35768
0,9244,138660000,138661500,1627,2711,138675000,35773
0,9245,138675000,138676500,1627,2711,138690000,35776
0,9246,138690000,138691500,1627,2711,138705000,35781
0,9247,138705000,138706500,1627,2711,138720000,35783
0,9248,138720000,138721500,1627,2711,138735000,35788
0,9249,138735000,138736500,1627,2711,138750000,35792
0,925,13875000,13876500,1627,2711,13890000,3578
0,9250,138750000,138751500,1627,2711,138765000,35796
0,9251,138765000,138766500,1627,2711,138780000,35798
0,9252,138780000,138781500,1627,2711,138795000,35804
0,9253,138795000,138796500,1627,2711,138810000,35808
0,9254,138810000,138811500,1627,2711,138825000,35811
0,9255,138825000,138826500,1627,2711,138840000,35813
0,9256,138840000,138841500,1627,2711,138855000,35820
0,9257,138855000,138856500,1627,2711,138870000,35822
0,9258,138870000,138871500,1627,2711,138885000,35828
0,9259,138885000,138886500,1627,2711,138900000,35829
0,926,13890000,13891500,1627,2711,13905000,3581
0,9260,138900000,138901500,1627,2711,138915000,35835
0,9261,138915000,138916500,1627,2711,138930000,35839
0,9262,138930000,138931500,1627,2711,138945000,35841
0,9263,138945000,138946500,1627,2711,138960000,35844
0,9264,138960000,138961500,1627,2711,138975000,35852
0,9265,138975000,138976500,1627,2711,138990000,35854
0,9266,138990000,138991500,1627,2711,139005000,35858
0,9267,139005000,139006500,1627,2711,139020000,35860
0,9268,139020000,139021500,1627,2711,139035000,35865
0,9269,139035000,139036500,1627,2711,139050000,35869
0,927,13905000,13906500,1627,2711,13920000,3584
0,9270,139050000,139051500,1627,2711,139065000,35874
0,9271,139065000,139066500,1627,2711,139080000,35875
0,9272,139080000,139081500,1627,2711,139095000,35881
0,9273,139095000,139096500,1627,2711,139110000,35886
0,9274,139110000,139111500,1627,2711,139125000,35889
0,9275,139125000,139126500,1627,2711,139140000,35890
0,9276,139140000,139141500,1627,2711,139155000,35897
0,9277,139155000,139156500,1627,2711,139170000,35902
0,9278,139170000,139171500,1627,2711,139185000,35904
0,9279,139185000,139186500,1627,2711,139200000,35906
0,928,13920000,13921500,1627,2711,13935000,3590
0,9280,139200000,139201500,1627,2711,139215000,35912
0,9281,139215000,139216500,1627,2711,139230000,35914
0,9282,139230000,139231500,1627,2711,139245000,35921
0,9283,139245000,139246500,1627,2711,139260000,35923
0,9284,139260000,139261500,1627,2711,139275000,35927
0,9285,139275000,139276500,1627,2711,139290000,35931
0,9286,139290000,139291500,1627,2711,139305000,35936
0,9287,139305000,139306500,1627,2711,139320000,35937
0,9288,139320000,139321500,1627,2711,139335000,35944
0,9289,139335000,139336500,1627,2711,139350000,35946
0,929,13935000,13936500,1627,2711,13950000,3592
0,9290,139350000,139351500,1627,2711,139365000,35951
0,9291,139365000,139366500,1627,2711,139380000,35954
0,9292,139380000,139381500,1627,2711,139395000,35958
0,9293,139395000,139396500,1627,2711,139410000,35962
0,9294,139410000,139411500,1627,2711,139425000,35966
0,9295,139425000,139426500,1627,2711,139440000,35968
0,9296,139440000,139441500,1627,2711,139455000,35975
0,9297,139455000,139456500,1627,2711,139470000,35978
0,9298,139470000,139471500,1627,2711,139485000,35981
0,9299,139485000,139486500,1627,2711,139500000,35983
0,93,1395000,1396500,1627,2711,1410000,359
0,930,13950000,13951500,1627,2711,13965000,3598
0,9300,139500000,139501500,1627,2711,139515000,35991
0,9301,139515000,139516500,1627,2711,139530000,35994
0,9302,139530000,139531500,1627,2711,139545000,35996
0,9303,139545000,139546500,1627,2711,139560000,36000
0,9304,139560000,139561500,1627,2711,139575000,36005
0,9305,139575000,139576500,1627,2711,139590000,36008
0,9306,139590000,139591500,1627,2711,139605000,36014
0,9307,139605000,139606500,1627,2711,139620000,36015
0,9308,139620000,139621500,1627,2711,139635000,36020
0,9309,139635000,139636500,1627,2711,139650000,36024
0,931,13965000,13966500,1627,2711,13980000,3600
0,9310,139650000,139651500,1627,2711,139665000,36028
0,9311,139665000,139666500,1627,2711,139680000,36029
0,9312,139680000,139681500,1627,2711,139695000,36037
0,9313,139695000,139696500,1627,2711,139710000,36040
0,9314,139710000,139711500,1627,2711,139725000,36044
0,9315,139725000,139726500,1627,2711,139740000,36046
0,9316,139740000,139741500,1627,2711,139755000,36052
0,9317,139755000,139756500,1627,2711,139770000,36055
0,9318,139770000,139771500,1627,2711,139785000,36059
0,9319,139785000,139786500,1627,2711,139800000,36061
0,932,13980000,13981500,1627,2711,13995000,3604
0,9320,139800000,139801500,1627,2711,139815000,36067
0,9321,139815000,139816500,1627,2711,139830000,36071
0,9322,139830000,139831500,1627,2711,139845000,36074
0,9323,139845000,139846500,1627,2711,139860000,36076
0,9324,139860000,139861500,1627,2711,139875000,36083
0,9325,139875000,139876500,1627,2711,139890000,36087
0,9326,139890000,139891500,1627,2711,139905000,36090
0,9327,139905000,139906500,1627,2711,139920000,36092
0,9328,139920000,139921500,1627,2711,139935000,36098
0,9329,139935000,139936500,1627,2711,139950000,36101
0,933,13995000,13996500,1627,2711,14010000,3610
0,9330,139950000,139951500,1627,2711,139965000,36107
0,9331,139965000,139966500,1627,2711,139980000,36108
0,9332,139980000,139981500,1627,2711,139995000,36112
0,9333,139995000,139996500,1627,2711,140010000,36118
0,9334,140010000,140011500,1627,2711,140025000,36121
0,9335,140025000,140026500,1627,2711,140040000,36122
0,9336,140040000,140041500,1627,2711,140055000,36130
0,9337,140055000,140056500,1627,2711,140070000,36132
0,9338,140070000,140071500,1627,2711,140085000,36137
0,9339,140085000,140086500,1627,2711,140100000,36139
0,934,14010000,14011500,1627,2711,14025000,3612
0,9340,140100000,140101500,1627,2711,140115000,36144
0,9341,140115000,140116500,1627,2711,140130000,36147
0,9342,140130000,140131500,1627,2711,140145000,36153
0,9343,140145000,140146500,1627,2711,140160000,36155
0,9344,140160000,140161500,1627,2711,140175000,36160
0,9345,140175000,140176500,1627,2711,140190000,36163
0,9346,140190000,140191500,1627,2711,140205000,36167
0,9347,140205000,140206500,1627,2711,140220000,36170
0,9348,140220000,140221500,1627,2711,140235000,36176
0,9349,140235000,140236500,1627,2711,140250000,36179
0,935,14025000,14026500,1627,2711,14040000,3613
0,9350,140250000,140251500,1627,2711,140265000,36182
0,9351,140265000,140266500,1627,2711,140280000,36185
0,9352,140280000,140281500,1627,2711,140295000,36191
0,9353,140295000,140296500,1627,2711,140310000,36194
0,9354,140310000,140311500,1627,2711,140325000,36199
0,9355,140325000,140326500,1627,2711,140340000,36201
0,9356,140340000,140341500,1627,2711,140355000,36207
0,9357,140355000,140356500,1627,2711,140370000,36211
0,9358,140370000,140371500,1627,2711,140385000,36213
0,9359,140385000,140386500,1627,2711,140400000,36214
0,936,14040000,14041500,1627,2711,14055000,3622
0,9360,140400000,140401500,1627,2711,140415000,36223
0,9361,140415000,140416500,1627,2711,140430000,36226
0,9362,140430000,140431500,1627,2711,140445000,36229
0,9363,140445000,140446500,1627,2711,140460000,36232
0,9364,140460000,140461500,1627,2711,140475000,36237
0,9365,140475000,140476500,1627,2711,140490000,36240
0,9366,140490000,140491500,1627,2711,140505000,36246
0,9367,140505000,140506500,1627,2711,140520000,36247
0,9368,140520000,140521500,1627,2711,140535000,36253
0,9369,140535000,140536500,1627,2711,140550000,36256
0,937,14055000,14056500,1627,2711,14070000,3624
0,9370,140550000,140551500,1627,2711,140565000,36261
0,9371,140565000,140566500,1627,2711,140580000,36262
0,9372,140580000,140581500,1627,2711,140595000,36268
0,9373,140595000,140596500,1627,2711,140610000,36273
0,9374,140610000,140611500,1627,2711,140625000,36275
0,9375,140625000,140626500,1627,2711,140640000,36278
0,9376,140640000,140641500,1627,2711,140655000,36284
0,9377,140655000,140656500,1627,2711,140670000,36287
0,9378,140670000,140671500,1627,2711,140685000,36292
0,9379,140685000,140686500,1627,2711,140700000,36293
0,938,14070000,14071500,1627,2711,14085000,3628
0,9380,140700000,140701500,1627,2711,140715000,36299
0,9381,140715000,140716500,1627,2711,140730000,36304
0,9382,140730000,140731500,1627,2711,140745000,36306
0,9383,140745000,140746500,1627,2711,140760000,36308
0,9384,140760000,140761500,1627,2711,140775000,36316
0,9385,140775000,140776500,1627,2711,140790000,36318
0,9386,140790000,140791500,1627,2711,140805000,36323
0,9387,140805000,140806500,1627,2711,140820000,36325
0,9388,140820000,140821500,1627,2711,140835000,36329
0,9389,140835000,140836500,1627,2711,140850000,36333
0,939,14085000,14086500,1627,2711,14100000,3630
0,9390,140850000,140851500,1627,2711,140865000,36339
0,9391,140865000,140866500,1627,2711,140880000,36340
0,9392,140880000,140881500,1627,2711,140895000,36345
0,9393,140895000,140896500,1627,2711,140910000,36349
0,9394,140910000,140911500,1627,2711,140925000,36354
0,9395,140925000,140926500,1627,2711,140940000,36355
0,9396,140940000,140941500,1627,2711,140955000,36362
0,9397,140955000,140956500,1627,2711,140970000,36365
0,9398,140970000,140971500,1627,2711,140985000,36368
0,9399,140985000,140986500,1627,2711,141000000,36371
0,94,1410000,1411500,1627,2711,1425000,361
0,940,14100000,14101500,1627,2711,14115000,3636
0,9400,141000000,141001500,1627,2711,141015000,36377
0,9401,141015000,141016500,1627,2711,141030000,36379
0,9402,141030000,141031500,1627,2711,141045000,36384
0,9403,141045000,141046500,1627,2711,141060000,36388
0,9404,141060000,141061500,1627,2711,141075000,36392
0,9405,141075000,141076500,1627,2711,141090000,36396
0,9406,141090000,141091500,1627,2711,141105000,36399
0,9407,141105000,141106500,1627,2711,141120000,36401
0,9408,141120000,141121500,1627,2711,141135000,36409
0,9409,141135000,141136500,1627,2711,141150000,36411
0,941,14115000,14116500,1627,2711,14130000,3639
0,9410,141150000,141151500,1627,2711,141165000,36415
0,9411,141165000,141166500,1627,2711,141180000,36417
0,9412,141180000,141181500,1627,2711,141195000,36423
0,9413,141195000,141196500,1627,2711,141210000,36427
0,9414,141210000,141211500,1627,2711,141225000,36431
0,9415,141225000,141226500,1627,2711,141240000,36432
0,9416,141240000,141241500,1627,2711,141255000,36439
0,9417,141255000,141256500,1627,2711,141270000,36443
0,9418,141270000,141271500,1627,2711,141285000,36446
0,9419,141285000,141286500,1627,2711,141300000,36447
0,942,14130000,14131500,1627,2711,14145000,3644
0,9420,141300000,141301500,1627,2711,141315000,36455
0,9421,141315000,141316500,1627,2711,141330000,36458
0,9422,141330000,141331500,1627,2711,141345000,36461
0,9423,141345000,141346500,1627,2711,141360000,36464
0,9424,141360000,141361500,1627,2711,141375000,36469
0,9425,141375000,141376500,1627,2711,141390000,36472
0,9426,141390000,141391500,1627,2711,141405000,36479
0,9427,141405000,141406500,1627,2711,141420000,36480
0,9428,141420000,141421500,1627,2711,141435000,36484
0,9429,141435000,141436500,1627,2711,141450000,36489
0,943,14145000,14146500,1627,2711,14160000,3646
0,9430,141450000,141451500,1627,2711,141465000,36492
0,9431,141465000,141466500,1627,2711,141480000,36494
0,9432,141480000,141481500,1627,2711,141495000,36501
0,9433,141495000,141496500,1627,2711,141510000,36505
0,9434,141510000,141511500,1627,2711,141525000,36508
0,9435,141525000,141526500,1627,2711,141540000,36510
0,9436,141540000,141541500,1627,2711,141555000,36516
0,9437,141555000,141556500,1627,2711,141570000,36519
0,9438,141570000,141571500,1627,2711,141585000,36524
0,9439,141585000,141586500,1627,2711,141600000,36525
0,944,14160000,14161500,1627,2711,14175000,3652
0,9440,141600000,141601500,1627,2711,141615000,36532
0,9441,141615000,141616500,1627,2711,141630000,36535
0,9442,141630000,141631500,1627,2711,141645000,36539
0,9443,141645000,141646500,1627,2711,141660000,36541
0,9444,141660000,141661500,1627,2711,141675000,36547
0,9445,141675000,141676500,1627,2711,141690000,36551
0,9446,141690000,141691500,1627,2711,141705000,36555
0,9447,141705000,141706500,1627,2711,141720000,36557
0,9448,141720000,141721500,1627,2711,141735000,36562
0,9449,141735000,141736500,1627,2711,141750000,36564
0,945,14175000,14176500,1627,2711,14190000,3655
0,9450,141750000,141751500,1627,2711,141765000,36571
0,9451,141765000,141766500,1627,2711,141780000,36573
0,9452,141780000,141781500,1627,2711,141795000,36577
0,9453,141795000,141796500,1627,2711,141810000,36582
0,9454,141810000,141811500,1627,2711,141825000,36585
0,9455,141825000,141826500,1627,2711,141840000,36587
0,9456,141840000,141841500,1627,2711,141855000,36595
0,9457,141855000,141856500,1627,2711,141870000,36597
0,9458,141870000,141871500,1627,2711,141885000,36600
0,9459,141885000,141886500,1627,2711,141900000,36604
0,946,14190000,14191500,1627,2711,14205000,3659
0,9460,141900000,141901500,1627,2711,141915000,36609
0,9461,141915000,141916500,1627,2711,141930000,36612
0,9462,141930000,141931500,1627,2711,141945000,36616
0,9463,141945000,141946500,1627,2711,141960000,36618
0,9464,141960000,141961500,1627,2711,141975000,36625
0,9465,141975000,141976500,1627,2711,141990000,36628
0,9466,141990000,141991500,1627,2711,142005000,36632
0,9467,142005000,142006500,1627,2711,142020000,36633
0,9468,142020000,142021500,1627,2711,142035000,36641
0,9469,142035000,142036500,1627,2711,142050000,36644
0,947,14205000,14206500,1627,2711,14220000,3661
0,9470,142050000,142051500,1627,2711,142065000,36647
0,9471,142065000,142066500,1627,2711,142080000,36649
0,9472,142080000,142081500,1627,2711,142095000,36655
0,9473,142095000,142096500,1627,2711,142110000,36659
0,9474,142110000,142111500,1627,2711,142125000,36664
0,9475,142125000,142126500,1627,2711,142140000,36665
0,9476,142140000,142141500,1627,2711,142155000,36670
0,9477,142155000,142156500,1627,2711,142170000,36675
0,9478,142170000,142171500,1627,2711,142185000,36678
0,9479,142185000,142186500,1627,2711,142200000,36679
0,948,14220000,14221500,1627,2711,14235000,3667
0,9480,142200000,142201500,1627,2711,142215000,36687
0,9481,142215000,142216500,1627,2711,142230000,36690
0,9482,142230000,142231500,1627,2711,142245000,36694
0,9483,142245000,142246500,1627,2711,142260000,36697
0,9484,142260000,142261500,1627,2711,142275000,36701
0,9485,142275000,142276500,1627,2711,142290000,36705
0,9486,142290000,142291500,1627,2711,142305000,36710
0,9487,142305000,142306500,1627,2711,142320000,36712
0,9488,142320000,142321500,1627,2711,142335000,36717
0,9489,142335000,142336500,1627,2711,142350000,36720
0,949,14235000,14236500,1627,2711,14250000,3671
0,9490,142350000,142351500,1627,2711,142365000,36725
0,9491,142365000,142366500,1627,2711,142380000,36726
0,9492,142380000,142381500,1627,2711,142395000,36733
0,9493,142395000,142396500,1627,2711,142410000,36737
0,9494,142410000,142411500,1627,2711,142425000,36740
0,9495,142425000,142426500,1627,2711,142440000,36742
0,9496,142440000,142441500,1627,2711,142455000,36749
0,9497,142455000,142456500,1627,2711,142470000,36751
0,9498,142470000,142471500,1627,2711,142485000,36757
0,9499,142485000,142486500,1627,2711,142500000,36758
0,95,1425000,1426500,1627,2711,1440000,363
0,950,14250000,14251500,1627,2711,14265000,3674
0,9500,142500000,142501500,1627,2711,142515000,36763
0,9501,142515000,142516500,1627,2711,142530000,36768
0,9502,142530000,142531500,1627,2711,142545000,36770
0,9503,142545000,142546500,1627,2711,142560000,36773
0,9504,142560000,142561500,1627,2711,142575000,36780
0,9505,142575000,142576500,1627,2711,142590000,36782
0,9506,142590000,142591500,1627,2711,142605000,36787
0,9507,142605000,142606500,1627,2711,142620000,36790
0,9508,142620000,142621500,1627,2711,142635000,36794
0,9509,142635000,142636500,1627,2711,142650000,36797
0,951,14265000,14266500,1627,2711,14280000,3676
0,9510,142650000,142651500,1627,2711,142665000,36803
0,9511,142665000,142666500,1627,2711,142680000,36805
0,9512,142680000,142681500,1627,2711,142695000,36810
0,9513,142695000,142696500,1627,2711,142710000,36814
0,9514,142710000,142711500,1627,2711,142725000,36817
0,9515,142725000,142726500,1627,2711,142740000,36819
0,9516,142740000,142741500,1627,2711,142755000,36827
0,9517,142755000,142756500,1627,2711,142770000,36830
0,9518,142770000,142771500,1627,2711,142785000,36832
0,9519,142785000,142786500,1627,2711,142800000,36834
0,952,14280000,14281500,1627,2711,14295000,3682
0,9520,142800000,142801500,1627,2711,142815000,36842
0,9521,142815000,142816500,1627,2711,142830000,36844
0,9522,142830000,142831500,1627,2711,142845000,36849
0,9523,142845000,142846500,1627,2711,142860000,36851
0,9524,142860000,142861500,1627,2711,142875000,36857
0,9525,142875000,142876500,1627,2711,142890000,36861
0,9526,142890000,142891500,1627,2711,142905000,36864
0,9527,142905000,142906500,1627,2711,142920000,36865
0,9528,142920000,142921500,1627,2711,142935000,36872
0,9529,142935000,142936500,1627,2711,142950000,36876
0,953,14295000,14296500,1627,2711,14310000,3686
0,9530,142950000,142951500,1627,2711,142965000,36880
0,9531,142965000,142966500,1627,2711,142980000,36882
0,9532,142980000,142981500,1627,2711,142995000,36886
0,9533,142995000,142996500,1627,2711,143010000,36891
0,9534,143010000,143011500,1627,2711,143025000,36896
0,9535,143025000,143026500,1627,2711,143040000,36897
0,9536,143040000,143041500,1627,2711,143055000,36903
0,9537,143055000,143056500,1627,2711,143070000,36907
0,9538,143070000,143071500,1627,2711,143085000,36911
0,9539,143085000,143086500,1627,2711,143100000,36912
0,954,14310000,14311500,1627,2711,14325000,3691
0,9540,143100000,143101500,1627,2711,143115000,36919
0,9541,143115000,143116500,1627,2711,143130000,36922
0,9542,143130000,143131500,1627,2711,143145000,36925
0,9543,143145000,143146500,1627,2711,143160000,36929
0,9544,143160000,143161500,1627,2711,143175000,36934
0,9545,143175000,143176500,1627,2711,143190000,36936
0,9546,143190000,143191500,1627,2711,143205000,36943
0,9547,143205000,143206500,1627,2711,143220000,36944
0,9548,143220000,143221500,1627,2711,143235000,36949
0,9549,143235000,143236500,1627,2711,143250000,36953
0,955,14325000,14326500,1627,2711,14340000,3692
0,9550,143250000,143251500,1627,2711,143265000,36957
0,9551,143265000,143266500,1627,2711,143280000,36958
0,9552,143280000,143281500,1627,2711,143295000,36966
0,9553,143295000,143296500,1627,2711,143310000,36969
0,9554,143310000,143311500,1627,2711,143325000,36972
0,9555,143325000,143326500,1627,2711,143340000,36975
0,9556,143340000,143341500,1627,2711,143355000,36980
0,9557,143355000,143356500,1627,2711,143370000,36984
0,9558,143370000,143371500,1627,2711,143385000,36988
0,9559,143385000,143386500,1627,2711,143400000,36990
0,956,14340000,14341500,1627,2711,14355000,3698
0,9560,143400000,143401500,1627,2711,143415000,36996
0,9561,143415000,143416500,1627,2711,143430000,36999
0,9562,143430000,143431500,1627,2711,143445000,37003
0,9563,143445000,143446500,1627,2711,143460000,37006
0,9564,143460000,143461500,1627,2711,143475000,37012
0,9565,143475000,143476500,1627,2711,143490000,37015
0,9566,143490000,143491500,1627,2711,143505000,37019
0,9567,143505000,143506500,1627,2711,143520000,37021
0,9568,143520000,143521500,1627,2711,143535000,37027
0,9569,143535000,143536500,1627,2711,143550000,37029
0,957,14355000,14356500,1627,2711,14370000,3703
0,9570,143550000,143551500,1627,2711,143565000,37035
0,9571,143565000,143566500,1627,2711,143580000,37037
0,9572,143580000,143581500,1627,2711,143595000,37042
0,9573,143595000,143596500,1627,2711,143610000,37047
0,9574,143610000,143611500,1627,2711,143625000,37049
0,9575,143625000,143626500,1627,2711,143640000,37050
0,9576,143640000,143641500,1627,2711,143655000,37060
0,9577,143655000,143656500,1627,2711,143670000,37062
0,9578,143670000,143671500,1627,2711,143685000,37065
0,9579,143685000,143686500,1627,2711,143700000,37067
0,958,14370000,14371500,1627,2711,14385000,3705
0,9580,143700000,143701500,1627,2711,143715000,37073
0,9581,143715000,143716500,1627,2711,143730000,37077
0,9582,143730000,143731500,1627,2711,143745000,37081
0,9583,143745000,143746500,1627,2711,143760000,37083
0,9584,143760000,143761500,1627,2711,143775000,37088
0,9585,143775000,143776500,1627,2711,143790000,37093
0,9586,143790000,143791500,1627,2711,143805000,37097
0,9587,143805000,143806500,1627,2711,143820000,37098
0,9588,143820000,143821500,1627,2711,143835000,37104
0,9589,143835000,143836500,1627,2711,143850000,37108
0,959,14385000,14386500,1627,2711,14400000,3706
0,9590,143850000,143851500,1627,2711,143865000,37112
0,9591,143865000,143866500,1627,2711,143880000,37114
0,9592,143880000,143881500,1627,2711,143895000,37119
0,9593,143895000,143896500,1627,2711,143910000,37122
0,9594,143910000,143911500,1627,2711,143925000,37129
0,9595,143925000,143926500,1627,2711,143940000,37130
0,9596,143940000,143941500,1627,2711,143955000,37135
0,9597,143955000,143956500,1627,2711,143970000,37139
0,9598,143970000,143971500,1627,2711,143985000,37142
0,9599,143985000,143986500,1627,2711,144000000,37144
0,96,1440000,1441500,1627,2711,1455000,371
0,960,14400000,14401500,1627,2711,14415000,3714
0,9600,144000000,144001500,1627,2711,144015000,37152
0,9601,144015000,144016500,1627,2711,144030000,37154
0,9602,144030000,144031500,1627,2711,144045000,37158
0,9603,144045000,144046500,1627,2711,144060000,37161
0,9604,144060000,144061500,1627,2711,144075000,37166
0,9605,144075000,144076500,1627,2711,144090000,37169
0,9606,144090000,144091500,1627,2711,144105000,37174
0,9607,144105000,144106500,1627,2711,144120000,37176
0,9608,144120000,144121500,1627,2711,144135000,37182
0,9609,144135000,144136500,1627,2711,144150000,37185
0,961,14415000,14416500,1627,2711,14430000,3717
0,9610,144150000,144151500,1627,2711,144165000,37189
0,9611,144165000,144166500,1627,2711,144180000,37191
0,9612,144180000,144181500,1627,2711,144195000,37197
0,9613,144195000,144196500,1627,2711,144210000,37202
0,9614,144210000,144211500,1627,2711,144225000,37204
0,9615,144225000,144226500,1627,2711,144240000,37207
0,9616,144240000,144241500,1627,2711,144255000,37213
0,9617,144255000,144256500,1627,2711,144270000,37215
0,9618,144270000,144271500,1627,2711,144285000,37221
0,9619,144285000,144286500,1627,2711,144300000,37222
0,962,14430000,14431500,1627,2711,14445000,3721
0,9620,144300000,144301500,1627,2711,144315000,37228
0,9621,144315000,144316500,1627,2711,144330000,37232
0,9622,144330000,144331500,1627,2711,144345000,37235
0,9623,144345000,144346500,1627,2711,144360000,37237
0,9624,144360000,144361500,1627,2711,144375000,37245
0,9625,144375000,144376500,1627,2711,144390000,37247
0,9626,144390000,144391500,1627,2711,144405000,37251
0,9627,144405000,144406500,1627,2711,144420000,37254
0,9628,144420000,144421500,1627,2711,144435000,37259
0,9629,144435000,144436500,1627,2711,144450000,37262
0,963,14445000,14446500,1627,2711,14460000,3724
0,9630,144450000,144451500,1627,2711,144465000,37267
0,9631,144465000,144466500,1627,2711,144480000,37268
0,9632,144480000,144481500,1627,2711,144495000,37274
0,9633,144495000,144496500,1627,2711,144510000,37279
0,9634,144510000,144511500,1627,2711,144525000,37282
0,9635,144525000,144526500,1627,2711,144540000,37283
0,9636,144540000,144541500,1627,2711,144555000,37291
0,9637,144555000,144556500,1627,2711,144570000,37295
0,9638,144570000,144571500,1627,2711,144585000,37297
0,9639,144585000,144586500,1627,2711,144600000,37299
0,964,14460000,14461500,1627,2711,14475000,3728
0,9640,144600000,144601500,1627,2711,144615000,37305
0,9641,144615000,144616500,1627,2711,144630000,37309
0,9642,144630000,144631500,1627,2711,144645000,37314
0,9643,144645000,144646500,1627,2711,144660000,37316
0,9644,144660000,144661500,1627,2711,144675000,37320
0,9645,144675000,144676500,1627,2711,144690000,37324
0,9646,144690000,144691500,1627,2711,144705000,37329
0,9647,144705000,144706500,1627,2711,144720000,37330
0,9648,144720000,144721500,1627,2711,144735000,37337
0,9649,144735000,144736500,1627,2711,144750000,37339
0,965,14475000,14476500,1627,2711,14490000,3731
0,9650,144750000,144751500,1627,2711,144765000,37345
0,9651,144765000,144766500,1627,2711,144780000,37347
0,9652,144780000,144781500,1627,2711,144795000,37351
0,9653,144795000,144796500,1627,2711,144810000,37355
0,9654,144810000,144811500,1627,2711,144825000,37360
0,9655,144825000,144826500,1627,2711,144840000,37362
0,9656,144840000,144841500,1627,2711,144855000,37368
0,9657,144855000,144856500,1627,2711,144870000,37371
0,9658,144870000,144871500,1627,2711,144885000,37374
0,9659,144885000,144886500,1627,2711,144900000,37376
0,966,14490000,14491500,1627,2711,14505000,3738
0,9660,144900000,144901500,1627,2711,144915000,37384
0,9661,144915000,144916500,1627,2711,144930000,37387
0,9662,144930000,144931500,1627,2711,144945000,37389
0,9663,144945000,144946500,1627,2711,144960000,37393
0,9664,144960000,144961500,1627,2711,144975000,37399
0,9665,144975000,144976500,1627,2711,144990000,37401
0,9666,144990000,144991500,1627,2711,145005000,37407
0,9667,145005000,145006500,1627,2711,145020000,37409
0,9668,145020000,145021500,1627,2711,145035000,37413
0,9669,145035000,145036500,1627,2711,145050000,37418
0,967,14505000,14506500,1627,2711,14520000,3739
0,9670,145050000,145051500,1627,2711,145065000,37421
0,9671,145065000,145066500,1627,2711,145080000,37422
0,9672,145080000,145081500,1627,2711,145095000,37430
0,9673,145095000,145096500,1627,2711,145110000,37433
0,9674,145110000,145111500,1627,2711,145125000,37437
0,9675,145125000,145126500,1627,2711,145140000,37439
0,9676,145140000,145141500,1627,2711,145155000,37445
0,9677,145155000,145156500,1627,2711,145170000,37448
0,9678,145170000,145171500,1627,2711,145185000,37453
0,9679,145185000,145186500,1627,2711,145200000,37454
0,968,14520000,14521500,1627,2711,14535000,3744
0,9680,145200000,145201500,1627,2711,145215000,37461
0,9681,145215000,145216500,1627,2711,145230000,37464
0,9682,145230000,145231500,1627,2711,145245000,37467
0,9683,145245000,145246500,1627,2711,145260000,37470
0,9684,145260000,145261500,1627,2711,145275000,37476
0,9685,145275000,145276500,1627,2711,145290000,37480
0,9686,145290000,145291500,1627,2711,145305000,37483
0,9687,145305000,145306500,1627,2711,145320000,37485
0,9688,145320000,145321500,1627,2711,145335000,37491
0,9689,145335000,145336500,1627,2711,145350000,37494
0,969,14535000,14536500,1627,2711,14550000,3747
0,9690,145350000,145351500,1627,2711,145365000,37500
0,9691,145365000,145366500,1627,2711,145380000,37501
0,9692,145380000,145381500,1627,2711,145395000,37506
0,9693,145395000,145396500,1627,2711,145410000,37512
0,9694,145410000,145411500,1627,2711,145425000,37514
0,9695,145425000,145426500,1627,2711,145440000,37515
0,9696,145440000,145441500,1627,2711,145455000,37523
0,9697,145455000,145456500,1627,2711,145470000,37526
0,9698,145470000,145471500,1627,2711,145485000,37530
0,9699,145485000,145486500,1627,2711,145500000,37532
0,97,1455000,1456500,1627,2711,1470000,373
0,970,14550000,14551500,1627,2711,14565000,3753
0,9700,145500000,145501500,1627,2711,145515000,37537
0,9701,145515000,145516500,1627,2711,145530000,37540
0,9702,145530000,145531500,1627,2711,145545000,37546
0,9703,145545000,145546500,1627,2711,145560000,37548
0,9704,145560000,145561500,1627,2711,145575000,37553
0,9705,145575000,145576500,1627,2711,145590000,37556
0,9706,145590000,145591500,1627,2711,145605000,37562
0,9707,145605000,145606500,1627,2711,145620000,37563
0,9708,145620000,145621500,1627,2711,145635000,37569
0,9709,145635000,145636500,1627,2711,145650000,37572
0,971,14565000,14566500,1627,2711,14580000,3754
0,9710,145650000,145651500,1627,2711,145665000,37575
0,9711,145665000,145666500,1627,2711,145680000,37579
0,9712,145680000,145681500,1627,2711,145695000,37584
0,9713,145695000,145696500,1627,2711,145710000,37587
0,9714,145710000,145711500,1627,2711,145725000,37592
0,9715,145725000,145726500,1627,2711,145740000,37594
0,9716,145740000,145741500,1627,2711,145755000,37600
0,9717,145755000,145756500,1627,2711,145770000,37604
0,9718,145770000,145771500,1627,2711,145785000,37606
0,9719,145785000,145786500,1627,2711,145800000,37608
0,972,14580000,14581500,1627,2711,14595000,3760
0,9720,145800000,145801500,1627,2711,145815000,37617
0,9721,145815000,145816500,1627,2711,145830000,37619
0,9722,145830000,145831500,1627,2711,145845000,37622
0,9723,145845000,145846500,1627,2711,145860000,37625
0,9724,145860000,145861500,1627,2711,145875000,37630
0,9725,145875000,145876500,1627,2711,145890000,37634
0,9726,145890000,145891500,1627,2711,145905000,37639
0,9727,145905000,145906500,1627,2711,145920000,37640
0,9728,145920000,145921500,1627,2711,145935000,37646
0,9729,145935000,145936500,1627,2711,145950000,37649
0,973,14595000,14596500,1627,2711,14610000,3764
0,9730,145950000,145951500,1627,2711,145965000,37654
0,9731,145965000,145966500,1627,2711,145980000,37655
0,9732,145980000,145981500,1627,2711,145995000,37662
0,9733,145995000,145996500,1627,2711,146010000,37666
0,9734,146010000,146011500,1627,2711,146025000,37669
0,9735,146025000,146026500,1627,2711,146040000,37671
0,9736,146040000,146041500,1627,2711,146055000,37677
0,9737,146055000,146056500,1627,2711,146070000,37680
0,9738,146070000,146071500,1627,2711,146085000,37685
0,9739,146085000,146086500,1627,2711,146100000,37687
0,974,14610000,14611500,1627,2711,14625000,3766
0,9740,146100000,146101500,1627,2711,146115000,37692
0,9741,146115000,146116500,1627,2711,146130000,37697
0,9742,146130000,146131500,1627,2711,146145000,37699
0,9743,146145000,146146500,1627,2711,146160000,37701
0,9744,146160000,146161500,1627,2711,146175000,37709
0,9745,146175000,146176500,1627,2711,146190000,37712
0,9746,146190000,146191500,1627,2711,146205000,37716
0,9747,146205000,146206500,1627,2711,146220000,37718
0,9748,146220000,146221500,1627,2711,146235000,37723
0,9749,146235000,146236500,1627,2711,146250000,37726
0,975,14625000,14626500,1627,2711,14640000,3770
0,9750,146250000,146251500,1627,2711,146265000,37732
0,9751,146265000,146266500,1627,2711,146280000,37733
0,9752,146280000,146281500,1627,2711,146295000,37738
0,9753,146295000,146296500,1627,2711,146310000,37743
0,9754,146310000,146311500,1627,2711,146325000,37747
0,9755,146325000,146326500,1627,2711,146340000,37748
0,9756,146340000,146341500,1627,2711,146355000,37755
0,9757,146355000,146356500,1627,2711,146370000,37758
0,9758,146370000,146371500,1627,2711,146385000,37762
0,9759,146385000,146386500,1627,2711,146400000,37764
0,976,14640000,14641500,1627,2711,14655000,3776
0,9760,146400000,146401500,1627,2711,146415000,37770
0,9761,146415000,146416500,1627,2711,146430000,37772
0,9762,146430000,146431500,1627,2711,146445000,37778
0,9763,146445000,146446500,1627,2711,146460000,37781
0,9764,146460000,146461500,1627,2711,146475000,37785
0,9765,146475000,146476500,1627,2711,146490000,37789
0,9766,146490000,146491500,1627,2711,146505000,37792
0,9767,146505000,146506500,1627,2711,146520000,37795
0,9768,146520000,146521500,1627,2711,146535000,37802
0,9769,146535000,146536500,1627,2711,146550000,37804
0,977,14655000,14656500,1627,2711,14670000,3778
0,9770,146550000,146551500,1627,2711,146565000,37808
0,9771,146565000,146566500,1627,2711,146580000,37811
0,9772,146580000,146581500,1627,2711,146595000,37816
0,9773,146595000,146596500,1627,2711,146610000,37820
0,9774,146610000,146611500,1627,2711,146625000,37824
0,9775,146625000,146626500,1627,2711,146640000,37825
0,9776,146640000,146641500,1627,2711,146655000,37833
0,9777,146655000,146656500,1627,2711,146670000,37836
0,9778,146670000,146671500,1627,2711,146685000,37839
0,9779,146685000,146686500,1627,2711,146700000,37840
0,978,14670000,14671500,1627,2711,14685000,3783
0,9780,146700000,146701500,1627,2711,146715000,37848
0,9781,146715000,146716500,1627,2711,146730000,37852
0,9782,146730000,146731500,1627,2711,146745000,37854
0,9783,146745000,146746500,1627,2711,146760000,37857
0,9784,146760000,146761500,1627,2711,146775000,37863
0,9785,146775000,146776500,1627,2711,146790000,37865
0,9786,146790000,146791500,1627,2711,146805000,37872
0,9787,146805000,146806500,1627,2711,146820000,37873
0,9788,146820000,146821500,1627,2711,146835000,37877
0,9789,146835000,146836500,1627,2711,146850000,37882
0,979,14685000,14686500,1627,2711,14700000,3785
0,9790,146850000,146851500,1627,2711,146865000,37886
0,9791,146865000,146866500,1627,2711,146880000,37887
0,9792,146880000,146881500,1627,2711,146895000,37894
0,9793,146895000,146896500,1627,2711,146910000,37898
0,9794,146910000,146911500,1627,2711,146925000,37901
0,9795,146925000,146926500,1627,2711,146940000,37904
0,9796,146940000,146941500,1627,2711,146955000,37909
0,9797,146955000,146956500,1627,2711,146970000,37913
0,9798,146970000,146971500,1627,2711,146985000,37917
0,9799,146985000,146986500,1627,2711,147000000,37918
0,98,1470000,1471500,1627,2711,1485000,377
0,980,14700000,14701500,1627,2711,14715000,3791
0,9800,147000000,147001500,1627,2711,147015000,37925
0,9801,147015000,147016500,1627,2711,147030000,37928
0,9802,147030000,147031500,1627,2711,147045000,37932
0,9803,147045000,147046500,1627,2711,147060000,37934
0,9804,147060000,147061500,1627,2711,147075000,37941
0,9805,147075000,147076500,1627,2711,147090000,37944
0,9806,147090000,147091500,1627,2711,147105000,37948
0,9807,147105000,147106500,1627,2711,147120000,37950
0,9808,147120000,147121500,1627,2711,147135000,37955
0,9809,147135000,147136500,1627,2711,147150000,37958
0,981,14715000,14716500,1627,2711,14730000,3795
0,9810,147150000,147151500,1627,2711,147165000,37965
0,9811,147165000,147166500,1627,2711,147180000,37966
0,9812,147180000,147181500,1627,2711,147195000,37970
0,9813,147195000,147196500,1627,2711,147210000,37975
0,9814,147210000,147211500,1627,2711,147225000,37978
0,9815,147225000,147226500,1627,2711,147240000,37980
0,9816,147240000,147241500,1627,2711,147255000,37988
0,9817,147255000,147256500,1627,2711,147270000,37990
0,9818,147270000,147271500,1627,2711,147285000,37994
0,9819,147285000,147286500,1627,2711,147300000,37997
0,982,14730000,14731500,1627,2711,14745000,3797
0,9820,147300000,147301500,1627,2711,147315000,38002
0,9821,147315000,147316500,1627,2711,147330000,38005
0,9822,147330000,147331500,1627,2711,147345000,38009
0,9823,147345000,147346500,1627,2711,147360000,38013
0,9824,147360000,147361500,1627,2711,147375000,38018
0,9825,147375000,147376500,1627,2711,147390000,38021
0,9826,147390000,147391500,1627,2711,147405000,38025
0,9827,147405000,147406500,1627,2711,147420000,38026
0,9828,147420000,147421500,1627,2711,147435000,38034
0,9829,147435000,147436500,1627,2711,147450000,38037
0,983,14745000,14746500,1627,2711,14760000,3800
0,9830,147450000,147451500,1627,2711,147465000,38040
0,9831,147465000,147466500,1627,2711,147480000,38042
0,9832,147480000,147481500,1627,2711,147495000,38049
0,9833,147495000,147496500,1627,2711,147510000,38052
0,9834,147510000,147511500,1627,2711,147525000,38057
0,9835,147525000,147526500,1627,2711,147540000,38058
0,9836,147540000,147541500,1627,2711,147555000,38064
0,9837,147555000,147556500,1627,2711,147570000,38069
0,9838,147570000,147571500,1627,2711,147585000,38071
0,9839,147585000,147586500,1627,2711,147600000,38072
0,984,14760000,14761500,1627,2711,14775000,3808
0,9840,147600000,147601500,1627,2711,147615000,38080
0,9841,147615000,147616500,1627,2711,147630000,38083
0,9842,147630000,147631500,1627,2711,147645000,38087
0,9843,147645000,147646500,1627,2711,147660000,38090
0,9844,147660000,147661500,1627,2711,147675000,38094
0,9845,147675000,147676500,1627,2711,147690000,38098
0,9846,147690000,147691500,1627,2711,147705000,38104
0,9847,147705000,147706500,1627,2711,147720000,38105
0,9848,147720000,147721500,1627,2711,147735000,38110
0,9849,147735000,147736500,1627,2711,147750000,38114
0,985,14775000,14776500,1627,2711,14790000,3810
0,9850,147750000,147751500,1627,2711,147765000,38118
0,9851,147765000,147766500,1627,2711,147780000,38120
0,9852,147780000,147781500,1627,2711,147795000,38126
0,9853,147795000,147796500,1627,2711,147810000,38130
0,9854,147810000,147811500,1627,2711,147825000,38133
0,9855,147825000,147826500,1627,2711,147840000,38135
0,9856,147840000,147841500,1627,2711,147855000,38142
0,9857,147855000,147856500,1627,2711,147870000,38144
0,9858,147870000,147871500,1627,2711,147885000,38150
0,9859,147885000,147886500,1627,2711,147900000,38151
0,986,14790000,14791500,1627,2711,14805000,3814
0,9860,147900000,147901500,1627,2711,147915000,38157
0,9861,147915000,147916500,1627,2711,147930000,38161
0,9862,147930000,147931500,1627,2711,147945000,38164
0,9863,147945000,147946500,1627,2711,147960000,38166
0,9864,147960000,147961500,1627,2711,147975000,38173
0,9865,147975000,147976500,1627,2711,147990000,38176
0,9866,147990000,147991500,1627,2711,148005000,38180
0,9867,148005000,148006500,1627,2711,148020000,38183
0,9868,148020000,148021500,1627,2711,148035000,38187
0,9869,148035000,148036500,1627,2711,148050000,38190
0,987,14805000,14806500,1627,2711,14820000,3816
0,9870,148050000,148051500,1627,2711,148065000,38196
0,9871,148065000,148066500,1627,2711,148080000,38198
0,9872,148080000,148081500,1627,2711,148095000,38203
0,9873,148095000,148096500,1627,2711,148110000,38207
0,9874,148110000,148111500,1627,2711,148125000,38211
0,9875,148125000,148126500,1627,2711,148140000,38213
0,9876,148140000,148141500,1627,2711,148155000,38220
0,9877,148155000,148156500,1627,2711,148170000,38223
0,9878,148170000,148171500,1627,2711,148185000,38225
0,9879,148185000,148186500,1627,2711,148200000,38228
0,988,14820000,14821500,1627,2711,14835000,3821
0,9880,148200000,148201500,1627,2711,148215000,38235
0,9881,148215000,148216500,1627,2711,148230000,38237
0,9882,148230000,148231500,1627,2711,148245000,38242
0,9883,148245000,148246500,1627,2711,148260000,38244
0,9884,148260000,148261500,1627,2711,148275000,38250
0,9885,148275000,148276500,1627,2711,148290000,38254
0,9886,148290000,148291500,1627,2711,148305000,38257
0,9887,148305000,148306500,1627,2711,148320000,38258
0,9888,148320000,148321500,1627,2711,148335000,38267
0,9889,148335000,148336500,1627,2711,148350000,38269
0,989,14835000,14836500,1627,2711,14850000,3825
0,9890,148350000,148351500,1627,2711,148365000,38273
0,9891,148365000,148366500,1627,2711,148380000,38275
0,9892,148380000,148381500,1627,2711,148395000,38279
0,9893,148395000,148396500,1627,2711,148410000,38285
0,9894,148410000,148411500,1627,2711,148425000,38289
0,9895,148425000,148426500,1627,2711,148440000,38290
0,9896,148440000,148441500,1627,2711,148455000,38296
0,9897,148455000,148456500,1627,2711,148470000,38300
0,9898,148470000,148471500,1627,2711,148485000,38304
0,9899,148485000,148486500,1627,2711,148500000,38305
0,99,1485000,1486500,1627,2711,1500000,380
0,990,14850000,14851500,1627,2711,14865000,3830
0,9900,148500000,148501500,1627,2711,148515000,38312
0,9901,148515000,148516500,1627,2711,148530000,38316
0,9902,148530000,148531500,1627,2711,148545000,38319
0,9903,148545000,148546500,1627,2711,148560000,38322
0,9904,148560000,148561500,1627,2711,148575000,38327
0,9905,148575000,148576500,1627,2711,148590000,38329
0,9906,148590000,148591500,1627,2711,148605000,38336
0,9907,148605000,148606500,1627,2711,148620000,38338
0,9908,148620000,148621500,1627,2711,148635000,38342
0,9909,148635000,148636500,1627,2711,148650000,38346
0,991,14865000,14866500,1627,2711,14880000,3831
0,9910,148650000,148651500,1627,2711,148665000,38350
0,9911,148665000,148666500,1627,2711,148680000,38351
0,9912,148680000,148681500,1627,2711,148695000,38359
0,9913,148695000,148696500,1627,2711,148710000,38362
0,9914,148710000,148711500,1627,2711,148725000,38366
0,9915,148725000,148726500,1627,2711,148740000,38368
0,9916,148740000,148741500,1627,2711,148755000,38374
0,9917,148755000,148756500,1627,2711,148770000,38377
0,9918,148770000,148771500,1627,2711,148785000,38381
0,9919,148785000,148786500,1627,2711,148800000,38383
0,992,14880000,14881500,1627,2711,14895000,3837
0,9920,148800000,148801500,1627,2711,148815000,38389
0,9921,148815000,148816500,1627,2711,148830000,38393
0,9922,148830000,148831500,1627,2711,148845000,38396
0,9923,148845000,148846500,1627,2711,148860000,38399
0,9924,148860000,148861500,1627,2711,148875000,38405
0,9925,148875000,148876500,1627,2711,148890000,38408
0,9926,148890000,148891500,1627,2711,148905000,38412
0,9927,148905000,148906500,1627,2711,148920000,38415
0,9928,148920000,148921500,1627,2711,148935000,38420
0,9929,148935000,148936500,1627,2711,148950000,38422
0,993,14895000,14896500,1627,2711,14910000,3841
0,9930,148950000,148951500,1627,2711,148965000,38429
0,9931,148965000,148966500,1627,2711,148980000,38430
0,9932,148980000,148981500,1627,2711,148995000,38435
0,9933,148995000,148996500,1627,2711,149010000,38440
0,9934,149010000,149011500,1627,2711,149025000,38442
0,9935,149025000,149026500,1627,2711,149040000,38444
0,9936,149040000,149041500,1627,2711,149055000,38453
0,9937,149055000,149056500,1627,2711,149070000,38455
0,9938,149070000,149071500,1627,2711,149085000,38458
0,9939,149085000,149086500,1627,2711,149100000,38460
0,994,14910000,14911500,1627,2711,14925000,3845
0,9940,149100000,149101500,1627,2711,149115000,38467
0,9941,149115000,149116500,1627,2711,149130000,38470
0,9942,149130000,149131500,1627,2711,149145000,38474
0,9943,149145000,149146500,1627,2711,149160000,38476
0,9944,149160000,149161500,1627,2711,149175000,38482
0,9945,149175000,149176500,1627,2711,149190000,38486
0,9946,149190000,149191500,1627,2711,149205000,38490
0,9947,149205000,149206500,1627,2711,149220000,38491
0,9948,149220000,149221500,1627,2711,149235000,38497
0,9949,149235000,149236500,1627,2711,149250000,38502
0,995,14925000,14926500,1627,2711,14940000,3846
0,9950,149250000,149251500,1627,2711,149265000,38505
0,9951,149265000,149266500,1627,2711,149280000,38507
0,9952,149280000,149281500,1627,2711,149295000,38512
0,9953,149295000,149296500,1627,2711,149310000,38516
0,9954,149310000,149311500,1627,2711,149325000,38522
0,9955,149325000,149326500,1627,2711,149340000,38523
0,9956,149340000,149341500,1627,2711,149355000,38528
0,9957,149355000,149356500,1627,2711,149370000,38532
0,9958,149370000,149371500,1627,2711,149385000,38536
0,9959,149385000,149386500,1627,2711,149400000,38537
0,996,14940000,14941500,1627,2711,14955000,3854
0,9960,149400000,149401500,1627,2711,149415000,38545
0,9961,149415000,149416500,1627,2711,149430000,38547
0,9962,149430000,149431500,1627,2711,149445000,38551
0,9963,149445000,149446500,1627,2711,149460000,38555
0,9964,149460000,149461500,1627,2711,149475000,38559
0,9965,149475000,149476500,1627,2711,149490000,38562
0,9966,149490000,149491500,1627,2711,149505000,38568
0,9967,149505000,149506500,1627,2711,149520000,38569
0,9968,149520000,149521500,1627,2711,149535000,38575
0,9969,149535000,149536500,1627,2711,149550000,38578
0,997,14955000,14956500,1627,2711,14970000,3857
0,9970,149550000,149551500,1627,2711,149565000,38582
0,9971,149565000,149566500,1627,2711,149580000,38584
0,9972,149580000,149581500,1627,2711,149595000,38591
0,9973,149595000,149596500,1627,2711,149610000,38595
0,9974,149610000,149611500,1627,2711,149625000,38597
0,9975,149625000,149626500,1627,2711,149640000,38600
0,9976,149640000,149641500,1627,2711,149655000,38606
0,9977,149655000,149656500,1627,2711,149670000,38609
0,9978,149670000,149671500,1627,2711,149685000,38614
0,9979,149685000,149686500,1627,2711,149700000,38616
0,998,14970000,14971500,1627,2711,14985000,3860
0,9980,149700000,149701500,1627,2711,149715000,38621
0,9981,149715000,149716500,1627,2711,149730000,38625
0,9982,149730000,149731500,1627,2711,149745000,38628
0,9983,149745000,149746500,1627,2711,149760000,38630
0,9984,149760000,149761500,1627,2711,149775000,38638
0,9985,149775000,149776500,1627,2711,149790000,38640
0,9986,149790000,149791500,1627,2711,149805000,38645
0,9987,149805000,149806500,1627,2711,149820000,38647
0,9988,149820000,149821500,1627,2711,149835000,38652
0,9989,149835000,149836500,1627,2711,149850000,38655
0,999,14985000,14986500,1627,2711,15000000,3862
0,9990,149850000,149851500,1627,2711,149865000,38660
0,9991,149865000,149866500,1627,2711,149880000,38662
0,9992,149880000,149881500,1627,2711,149895000,38668
0,9993,149895000,149896500,1627,2711,149910000,38672
0,9994,149910000,149911500,1627,2711,149925000,38675
0,9995,149925000,149926500,1627,2711,149940000,38676
0,9996,149940000,149941500,1627,2711,149955000,38684
0,9997,149955000,149956500,1627,2711,149970000,38688
0,9998,149970000,149971500,1627,2711,149985000,38690
0,9999,149985000,149986500,1627,2711,150000000,38692
1,0,0,2000,4690,7816,20000,1
1,1,20000,22000,4690,7816,40000,3
1,10,200000,202000,4690,7816,220000,51
1,100,2000000,2002000,4690,7816,2020000,515
1,1000,20000000,20002000,4690,7816,20020000,5158
1,1001,20020000,20022000,4690,7816,20040000,5164
1,1002,20040000,20042000,4690,7816,20060000,5170
1,1003,20060000,20062000,4690,7816,20080000,5174
1,1004,20080000,20082000,4690,7816,20100000,5180
1,1005,20100000,20102000,4690,7816,20120000,5186
1,1006,20120000,20122000,4690,7816,20140000,5189
1,1007,20140000,20142000,4690,7816,20160000,5194
1,1008,20160000,20162000,4690,7816,20180000,5202
1,1009,20180000,20182000,4690,7816,20200000,5204
1,101,2020000,2022000,4690,7816,2040000,520
1,1010,20200000,20202000,4690,7816,20220000,5211
1,1011,20220000,20222000,4690,7816,20240000,5216
1,1012,20240000,20242000,4690,7816,20260000,5222
1,1013,20260000,20262000,4690,7816,20280000,5225
1,1014,20280000,20282000,4690,7816,20300000,5232
1,1015,20300000,20302000,4690,7816,20320000,5236
1,1016,20320000,20322000,4690,7816,20340000,5240
1,1017,20340000,20342000,4690,7816,20360000,5248
1,1018,20360000,20362000,4690,7816,20380000,5252
1,1019,20380000,20382000,4690,7816,20400000,5256
1,102,2040000,2042000,4690,7816,2060000,526
1,1020,20400000,20402000,4690,7816,20420000,5263
1,1021,20420000,20422000,4690,7816,20440000,5267
1,1022,20440000,20442000,4690,7816,20460000,5273
1,1023,20460000,20462000,4690,7816,20480000,5279
1,1024,20480000,20482000,4690,7816,20500000,5282
1,1025,20500000,20502000,4690,7816,20520000,5287
1,1026,20520000,20522000,4690,7816,20540000,5294
1,1027,20540000,20542000,4690,7816,20560000,5298
1,1028,20560000,20562000,4690,7816,20580000,5303
1,1029,20580000,20582000,4690,7816,20600000,5308
1,103,2060000,2062000,4690,7816,2080000,530
1,1030,20600000,20602000,4690,7816,20620000,5315
1,1031,20620000,20622000,4690,7816,20640000,5318
1,1032,20640000,20642000,4690,7816,20660000,5326
1,1033,20660000,20662000,4690,7816,20680000,5329
1,1034,20680000,20682000,4690,7816,20700000,5333
1,1035,20700000,20702000,4690,7816,20720000,5340
1,1036,20720000,20722000,4690,7816,20740000,5345
1,1037,20740000,20742000,4690,7816,20760000,5350
1,1038,20760000,20762000,4690,7816,20780000,5355
1,1039,20780000,20782000,4690,7816,20800000,5360
1,104,2080000,2082000,4690,7816,2100000,535
1,1040,20800000,20802000,4690,7816,20820000,5366
1,1041,20820000,20822000,4690,7816,20840000,5371
1,1042,20840000,20842000,4690,7816,20860000,5375
1,1043,20860000,20862000,4690,7816,20880000,5380
1,1044,20880000,20882000,4690,7816,20900000,5387
1,1045,20900000,20902000,4690,7816,20920000,5390
1,1046,20920000,20922000,4690,7816,20940000,5397
1,1047,20940000,20942000,4690,7816,20960000,5402
1,1048,20960000,20962000,4690,7816,20980000,5407
1,1049,20980000,20982000,4690,7816,21000000,5411
1,105,2100000,2102000,4690,7816,2120000,542
1,1050,21000000,21002000,4690,7816,21020000,5419
1,1051,21020000,21022000,4690,7816,21040000,5421
1,1052,21040000,21042000,4690,7816,21060000,5426
1,1053,21060000,21062000,4690,7816,21080000,5434
1,1054,21080000,21082000,4690,7816,21100000,5437
1,1055,21100000,21102000,4690,7816,21120000,5442
1,1056,21120000,21122000,4690,7816,21140000,5448
1,1057,21140000,21142000,4690,7816,21160000,5454
1,1058,21160000,21162000,4690,7816,21180000,5458
1,1059,21180000,21182000,4690,7816,21200000,5464
1,106,2120000,2122000,4690,7816,2140000,545
1,1060,21200000,21202000,4690,7816,21220000,5469
1,1061,21220000,21222000,4690,7816,21240000,5472
1,1062,21240000,21242000,4690,7816,21260000,5481
1,1063,21260000,21262000,4690,7816,21280000,5483
1,1064,21280000,21282000,4690,7816,21300000,5489
1,1065,21300000,21302000,4690,7816,21320000,5494
1,1066,21320000,21322000,4690,7816,21340000,5500
1,1067,21340000,21342000,4690,7816,21360000,5505
1,1068,21360000,21362000,4690,7816,21380000,5511
1,1069,21380000,21382000,4690,7816,21400000,5514
1,107,2140000,2142000,4690,7816,2160000,550
1,1070,21400000,21402000,4690,7816,21420000,5519
1,1071,21420000,21422000,4690,7816,21440000,5526
1,1072,21440000,21442000,4690,7816,21460000,5531
1,1073,21460000,21462000,4690,7816,21480000,5535
1,1074,21480000,21482000,4690,7816,21500000,5541
1,1075,21500000,21502000,4690,7816,21520000,5547
1,1076,21520000,21522000,4690,7816,21540000,5551
1,1077,21540000,21542000,4690,7816,21560000,5557
1,1078,21560000,21562000,4690,7816,21580000,5561
1,1079,21580000,21582000,4690,7816,21600000,5565
1,108,2160000,2162000,4690,7816,2180000,558
1,1080,21600000,21602000,4690,7816,21620000,5573
1,1081,21620000,21622000,4690,7816,21640000,5576
1,1082,21640000,21642000,4690,7816,21660000,5583
1,1083,21660000,21662000,4690,7816,21680000,5587
1,1084,21680000,21682000,4690,7816,21700000,5592
1,1085,21700000,21702000,4690,7816,21720000,5598
1,1086,21720000,21722000,4690,7816,21740000,5604
1,1087,21740000,21742000,4690,7816,21760000,5607
1,1088,21760000,21762000,4690,7816,21780000,5613
1,1089,21780000,21782000,4690,7816,21800000,5619
1,109,2180000,2182000,4690,7816,2200000,560
1,1090,21800000,21802000,4690,7816,21820000,5623
1,1091,21820000,21822000,4690,7816,21840000,5627
1,1092,21840000,21842000,4690,7816,21860000,5635
1,1093,21860000,21862000,4690,7816,21880000,5639
1,1094,21880000,21882000,4690,7816,21900000,5643
1,1095,21900000,21902000,4690,7816,21920000,5651
1,1096,21920000,21922000,4690,7816,21940000,5654
1,1097,21940000,21942000,4690,7816,21960000,5658
1,1098,21960000,21962000,4690,7816,21980000,5666
1,1099,21980000,21982000,4690,7816,22000000,5669
1,11,220000,222000,4690,7816,240000,55
1,110,2200000,2202000,4690,7816,2220000,567
1,1100,22000000,22002000,4690,7816,22020000,5675
1,1101,22020000,22022000,4690,7816,22040000,5680
1,1102,22040000,22042000,4690,7816,22060000,5687
1,1103,22060000,22062000,4690,7816,22080000,5690
1,1104,22080000,22082000,4690,7816,22100000,5696
1,1105,22100000,22102000,4690,7816,22120000,5700
1,1106,22120000,22122000,4690,7816,22140000,5705
1,1107,22140000,22142000,4690,7816,22160000,5712
1,1108,22160000,22162000,4690,7816,22180000,5716
1,1109,22180000,22182000,4690,7816,22200000,5721
1,111,2220000,2222000,4690,7816,2240000,571
1,1110,22200000,22202000,4690,7816,22220000,5727
1,1111,22220000,22222000,4690,7816,22240000,5732
1,1112,22240000,22242000,4690,7816,22260000,5737
1,1113,22260000,22262000,4690,7816,22280000,5743
1,1114,22280000,22282000,4690,7816,22300000,5747
1,1115,22300000,22302000,4690,7816,22320000,5751
1,1116,22320000,22322000,4690,7816,22340000,5759
1,1117,22340000,22342000,4690,7816,22360000,5762
1,1118,22360000,22362000,4690,7816,22380000,5768
1,1119,22380000,22382000,4690,7816,22400000,5772
1,112,2240000,2242000,4690,7816,2260000,578
1,1120,22400000,22402000,4690,7816,22420000,5779
1,1121,22420000,22422000,4690,7816,22440000,5783
1,1122,22440000,22442000,4690,7816,22460000,5790
1,1123,22460000,22462000,4690,7816,22480000,5793
1,1124,22480000,22482000,4690,7816,22500000,5798
1,1125,22500000,22502000,4690,7816,22520000,5805
1,1126,22520000,22522000,4690,7816,22540000,5808
1,1127,22540000,22542000,4690,7816,22560000,5815
1,1128,22560000,22562000,4690,7816,22580000,5820
1,1129,22580000,22582000,4690,7816,22600000,5824
1,113,2260000,2262000,4690,7816,2280000,582
1,1130,22600000,22602000,4690,7816,22620000,5830
1,1131,22620000,22622000,4690,7816,22640000,5836
1,1132,22640000,22642000,4690,7816,22660000,5840
1,1133,22660000,22662000,4690,7816,22680000,5843
1,1134,22680000,22682000,4690,7816,22700000,5852
1,1135,22700000,22702000,4690,7816,22720000,5855
1,1136,22720000,22722000,4690,7816,22740000,5860
1,1137,22740000,22742000,4690,7816,22760000,5867
1,1138,22760000,22762000,4690,7816,22780000,5872
1,1139,22780000,22782000,4690,7816,22800000,5875
1,114,2280000,2282000,4690,7816,2300000,588
1,1140,22800000,22802000,4690,7816,22820000,5883
1,1141,22820000,22822000,4690,7816,22840000,5886
1,1142,22840000,22842000,4690,7816,22860000,5891
1,1143,22860000,22862000,4690,7816,22880000,5897
1,1144,22880000,22882000,4690,7816,22900000,5902
1,1145,22900000,22902000,4690,7816,22920000,5907
1,1146,22920000,22922000,4690,7816,22940000,5912
1,1147,22940000,22942000,4690,7816,22960000,5918
1,1148,22960000,22962000,4690,7816,22980000,5923
1,1149,22980000,22982000,4690,7816,23000000,5928
1,115,2300000,2302000,4690,7816,2320000,592
1,1150,23000000,23002000,4690,7816,23020000,5933
1,1151,23020000,23022000,4690,7816,23040000,5937
1,1152,23040000,23042000,4690,7816,23060000,5945
1,1153,23060000,23062000,4690,7816,23080000,5948
1,1154,23080000,23082000,4690,7816,23100000,5953
1,1155,23100000,23102000,4690,7816,23120000,5959
1,1156,23120000,23122000,4690,7816,23140000,5964
1,1157,23140000,23142000,4690,7816,23160000,5969
1,1158,23160000,23162000,4690,7816,23180000,5976
1,1159,23180000,23182000,4690,7816,23200000,5978
1,116,2320000,2322000,4690,7816,2340000,596
1,1160,23200000,23202000,4690,7816,23220000,5984
1,1161,23220000,23222000,4690,7816,23240000,5990
1,1162,23240000,23242000,4690,7816,23260000,5995
1,1163,23260000,23262000,4690,7816,23280000,6000
1,1164,23280000,23282000,4690,7816,23300000,6005
1,1165,23300000,23302000,4690,7816,23320000,6011
1,1166,23320000,23322000,4690,7816,23340000,6016
1,1167,23340000,23342000,4690,7816,23360000,6022
1,1168,23360000,23362000,4690,7816,23380000,6025
1,1169,23380000,23382000,4690,7816,23400000,6029
1,117,2340000,2342000,4690,7816,2360000,604
1,1170,23400000,23402000,4690,7816,23420000,6038
1,1171,23420000,23422000,4690,7816,23440000,6040
1,1172,23440000,23442000,4690,7816,23460000,6047
1,1173,23460000,23462000,4690,7816,23480000,6052
1,1174,23480000,23482000,4690,7816,23500000,6057
1,1175,23500000,23502000,4690,7816,23520000,6061
1,1176,23520000,23522000,4690,7816,23540000,6069
1,1177,23540000,23542000,4690,7816,23560000,6072
1,1178,23560000,23562000,4690,7816,23580000,6076
1,1179,23580000,23582000,4690,7816,23600000,6084
1,118,2360000,2362000,4690,7816,2380000,607
1,1180,23600000,23602000,4690,7816,23620000,6088
1,1181,23620000,23622000,4690,7816,23640000,6092
1,1182,23640000,23642000,4690,7816,23660000,6098
1,1183,23660000,23662000,4690,7816,23680000,6104
1,1184,23680000,23682000,4690,7816,23700000,6108
1,1185,23700000,23702000,4690,7816,23720000,6114
1,1186,23720000,23722000,4690,7816,23740000,6119
1,1187,23740000,23742000,4690,7816,23760000,6123
1,1188,23760000,23762000,4690,7816,23780000,6130
1,1189,23780000,23782000,4690,7816,23800000,6133
1,119,2380000,2382000,4690,7816,2400000,612
1,1190,23800000,23802000,4690,7816,23820000,6140
1,1191,23820000,23822000,4690,7816,23840000,6144
1,1192,23840000,23842000,4690,7816,23860000,6151
1,1193,23860000,23862000,4690,7816,23880000,6155
1,1194,23880000,23882000,4690,7816,23900000,6161
1,1195,23900000,23902000,4690,7816,23920000,6164
1,1196,23920000,23922000,4690,7816,23940000,6169
1,1197,23940000,23942000,4690,7816,23960000,6177
1,1198,23960000,23962000,4690,7816,23980000,6180
1,1199,23980000,23982000,4690,7816,24000000,6185
1,12,240000,242000,4690,7816,260000,61
1,120,2400000,2402000,4690,7816,2420000,619
1,1200,24000000,24002000,4690,7816,24020000,6192
1,1201,24020000,24022000,4690,7816,24040000,6196
1,1202,24040000,24042000,4690,7816,24060000,6202
1,1203,24060000,24062000,4690,7816,24080000,6207
1,1204,24080000,24082000,4690,7816,24100000,6211
1,1205,24100000,24102000,4690,7816,24120000,6216
1,1206,24120000,24122000,4690,7816,24140000,6223
1,1207,24140000,24142000,4690,7816,24160000,6227
1,1208,24160000,24162000,4690,7816,24180000,6232
1,1209,24180000,24182000,4690,7816,24200000,6237
1,121,2420000,2422000,4690,7816,2440000,623
1,1210,24200000,24202000,4690,7816,24220000,6243
1,1211,24220000,24222000,4690,7816,24240000,6247
1,1212,24240000,24242000,4690,7816,24260000,6255
1,1213,24260000,24262000,4690,7816,24280000,6257
1,1214,24280000,24282000,4690,7816,24300000,6262
1,1215,24300000,24302000,4690,7816,24320000,6270
1,1216,24320000,24322000,4690,7816,24340000,6273
1,1217,24340000,24342000,4690,7816,24360000,6278
1,1218,24360000,24362000,4690,7816,24380000,6285
1,1219,24380000,24382000,4690,7816,24400000,6289
1,122,2440000,2442000,4690,7816,2460000,629
1,1220,24400000,24402000,4690,7816,24420000,6294
1,1221,24420000,24422000,4690,7816,24440000,6300
1,1222,24440000,24442000,4690,7816,24460000,6305
1,1223,24460000,24462000,4690,7816,24480000,6308
1,1224,24480000,24482000,4690,7816,24500000,6315
1,1225,24500000,24502000,4690,7816,24520000,6320
1,1226,24520000,24522000,4690,7816,24540000,6325
1,1227,24540000,24542000,4690,7816,24560000,6330
1,1228,24560000,24562000,4690,7816,24580000,6337
1,1229,24580000,24582000,4690,7816,24600000,6340
1,123,2460000,2462000,4690,7816,2480000,635
1,1230,24600000,24602000,4690,7816,24620000,6347
1,1231,24620000,24622000,4690,7816,24640000,6350
1,1232,24640000,24642000,4690,7816,24660000,6356
1,1233,24660000,24662000,4690,7816,24680000,6362
1,1234,24680000,24682000,4690,7816,24700000,6365
1,1235,24700000,24702000,4690,7816,24720000,6372
1,1236,24720000,24722000,4690,7816,24740000,6377
1,1237,24740000,24742000,4690,7816,24760000,6382
1,1238,24760000,24762000,4690,7816,24780000,6387
1,1239,24780000,24782000,4690,7816,24800000,6393
1,124,2480000,2482000,4690,7816,2500000,638
1,1240,24800000,24802000,4690,7816,24820000,6397
1,1241,24820000,24822000,4690,7816,24840000,6401
1,1242,24840000,24842000,4690,7816,24860000,6410
1,1243,24860000,24862000,4690,7816,24880000,6412
1,1244,24880000,24882000,4690,7816,24900000,6418
1,1245,24900000,24902000,4690,7816,24920000,6423
1,1246,24920000,24922000,4690,7816,24940000,6429
1,1247,24940000,24942000,4690,7816,24960000,6433
1,1248,24960000,24962000,4690,7816,24980000,6440
1,1249,24980000,24982000,4690,7816,25000000,6443
1,125,2500000,2502000,4690,7816,2520000,642
1,1250,25000000,25002000,4690,7816,25020000,6448
1,1251,25020000,25022000,4690,7816,25040000,6455
1,1252,25040000,25042000,4690,7816,25060000,6459
1,1253,25060000,25062000,4690,7816,25080000,6464
1,1254,25080000,25082000,4690,7816,25100000,6470
1,1255,25100000,25102000,4690,7816,25120000,6475
1,1256,25120000,25122000,4690,7816,25140000,6480
1,1257,25140000,25142000,4690,7816,25160000,6487
1,1258,25160000,25162000,4690,7816,25180000,6490
1,1259,25180000,25182000,4690,7816,25200000,6493
1,126,2520000,2522000,4690,7816,2540000,651
1,1260,25200000,25202000,4690,7816,25220000,6502
1,1261,25220000,25222000,4690,7816,25240000,6505
1,1262,25240000,25242000,4690,7816,25260000,6511
1,1263,25260000,25262000,4690,7816,25280000,6516
1,1264,25280000,25282000,4690,7816,25300000,6522
1,1265,25300000,25302000,4690,7816,25320000,6526
1,1266,25320000,25322000,4690,7816,25340000,6532
1,1267,25340000,25342000,4690,7816,25360000,6537
1,1268,25360000,25362000,4690,7816,25380000,6541
1,1269,25380000,25382000,4690,7816,25400000,6547
1,127,2540000,2542000,4690,7816,2560000,654
1,1270,25400000,25402000,4690,7816,25420000,6553
1,1271,25420000,25422000,4690,7816,25440000,6557
1,1272,25440000,25442000,4690,7816,25460000,6563
1,1273,25460000,25462000,4690,7816,25480000,6567
1,1274,25480000,25482000,4690,7816,25500000,6573
1,1275,25500000,25502000,4690,7816,25520000,6579
1,1276,25520000,25522000,4690,7816,25540000,6582
1,1277,25540000,25542000,4690,7816,25560000,6588
1,1278,25560000,25562000,4690,7816,25580000,6595
1,1279,25580000,25582000,4690,7816,25600000,6597
1,128,2560000,2562000,4690,7816,2580000,659
1,1280,25600000,25602000,4690,7816,25620000,6604
1,1281,25620000,25622000,4690,7816,25640000,6609
1,1282,25640000,25642000,4690,7816,25660000,6615
1,1283,25660000,25662000,4690,7816,25680000,6619
1,1284,25680000,25682000,4690,7816,25700000,6626
1,1285,25700000,25702000,4690,7816,25720000,6629
1,1286,25720000,25722000,4690,7816,25740000,6633
1,1287,25740000,25742000,4690,7816,25760000,6641
1,1288,25760000,25762000,4690,7816,25780000,6645
1,1289,25780000,25782000,4690,7816,25800000,6649
1,129,2580000,2582000,4690,7816,2600000,664
1,1290,25800000,25802000,4690,7816,25820000,6656
1,1291,25820000,25822000,4690,7816,25840000,6661
1,1292,25840000,25842000,4690,7816,25860000,6666
1,1293,25860000,25862000,4690,7816,25880000,6672
1,1294,25880000,25882000,4690,7816,25900000,6675
1,1295,25900000,25902000,4690,7816,25920000,6680
1,1296,25920000,25922000,4690,7816,25940000,6688
1,1297,25940000,25942000,4690,7816,25960000,6691
1,1298,25960000,25962000,4690,7816,25980000,6697
1,1299,25980000,25982000,4690,7816,26000000,6701
1,13,260000,262000,4690,7816,280000,66
1,130,2600000,2602000,4690,7816,2620000,671
1,1300,26000000,26002000,4690,7816,26020000,6708
1,1301,26020000,26022000,4690,7816,26040000,6711
1,1302,26040000,26042000,4690,7816,26060000,6719
1,1303,26060000,26062000,4690,7816,26080000,6722
1,1304,26080000,26082000,4690,7816,26100000,6726
1,1305,26100000,26102000,4690,7816,26120000,6734
1,1306,26120000,26122000,4690,7816,26140000,6738
1,1307,26140000,26142000,4690,7816,26160000,6743
1,1308,26160000,26162000,4690,7816,26180000,6748
1,1309,26180000,26182000,4690,7816,26200000,6754
1,131,2620000,2622000,4690,7816,2640000,674
1,1310,26200000,26202000,4690,7816,26220000,6759
1,1311,26220000,26222000,4690,7816,26240000,6764
1,1312,26240000,26242000,4690,7816,26260000,6769
1,1313,26260000,26262000,4690,7816,26280000,6773
1,1314,26280000,26282000,4690,7816,26300000,6780
1,1315,26300000,26302000,4690,7816,26320000,6783
1,1316,26320000,26322000,4690,7816,26340000,6790
1,1317,26340000,26342000,4690,7816,26360000,6795
1,1318,26360000,26362000,4690,7816,26380000,6800
1,1319,26380000,26382000,4690,7816,26400000,6805
1,132,2640000,2642000,4690,7816,2660000,681
1,1320,26400000,26402000,4690,7816,26420000,6812
1,1321,26420000,26422000,4690,7816,26440000,6814
1,1322,26440000,26442000,4690,7816,26460000,6820
1,1323,26460000,26462000,4690,7816,26480000,6827
1,1324,26480000,26482000,4690,7816,26500000,6830
1,1325,26500000,26502000,4690,7816,26520000,6835
1,1326,26520000,26522000,4690,7816,26540000,6842
1,1327,26540000,26542000,4690,7816,26560000,6847
1,1328,26560000,26562000,4690,7816,26580000,6851
1,1329,26580000,26582000,4690,7816,26600000,6857
1,133,2660000,2662000,4690,7816,2680000,685
1,1330,26600000,26602000,4690,7816,26620000,6862
1,1331,26620000,26622000,4690,7816,26640000,6865
1,1332,26640000,26642000,4690,7816,26660000,6874
1,1333,26660000,26662000,4690,7816,26680000,6877
1,1334,26680000,26682000,4690,7816,26700000,6882
1,1335,26700000,26702000,4690,7816,26720000,6888
1,1336,26720000,26722000,4690,7816,26740000,6893
1,1337,26740000,26742000,4690,7816,26760000,6898
1,1338,26760000,26762000,4690,7816,26780000,6904
1,1339,26780000,26782000,4690,7816,26800000,6907
1,134,2680000,2682000,4690,7816,2700000,689
1,1340,26800000,26802000,4690,7816,26820000,6913
1,1341,26820000,26822000,4690,7816,26840000,6919
1,1342,26840000,26842000,4690,7816,26860000,6924
1,1343,26860000,26862000,4690,7816,26880000,6928
1,1344,26880000,26882000,4690,7816,26900000,6934
1,1345,26900000,26902000,4690,7816,26920000,6940
1,1346,26920000,26922000,4690,7816,26940000,6944
1,1347,26940000,26942000,4690,7816,26960000,6951
1,1348,26960000,26962000,4690,7816,26980000,6955
1,1349,26980000,26982000,4690,7816,27000000,6958
1,135,2700000,2702000,4690,7816,2720000,696
1,1350,27000000,27002000,4690,7816,27020000,6966
1,1351,27020000,27022000,4690,7816,27040000,6969
1,1352,27040000,27042000,4690,7816,27060000,6976
1,1353,27060000,27062000,4690,7816,27080000,6980
1,1354,27080000,27082000,4690,7816,27100000,6986
1,1355,27100000,27102000,4690,7816,27120000,6991
1,1356,27120000,27122000,4690,7816,27140000,6997
1,1357,27140000,27142000,4690,7816,27160000,7000
1,1358,27160000,27162000,4690,7816,27180000,7006
1,1359,27180000,27182000,4690,7816,27200000,7012
1,136,2720000,2722000,4690,7816,2740000,701
1,1360,27200000,27202000,4690,7816,27220000,7016
1,1361,27220000,27222000,4690,7816,27240000,7022
1,1362,27240000,27242000,4690,7816,27260000,7028
1,1363,27260000,27262000,4690,7816,27280000,7032
1,1364,27280000,27282000,4690,7816,27300000,7036
1,1365,27300000,27302000,4690,7816,27320000,7044
1,1366,27320000,27322000,4690,7816,27340000,7047
1,1367,27340000,27342000,4690,7816,27360000,7051
1,1368,27360000,27362000,4690,7816,27380000,7060
1,1369,27380000,27382000,4690,7816,27400000,7062
1,137,2740000,2742000,4690,7816,2760000,706
1,1370,27400000,27402000,4690,7816,27420000,7068
1,1371,27420000,27422000,4690,7816,27440000,7073
1,1372,27440000,27442000,4690,7816,27460000,7080
1,1373,27460000,27462000,4690,7816,27480000,7083
1,1374,27480000,27482000,4690,7816,27500000,7090
1,1375,27500000,27502000,4690,7816,27520000,7094
1,1376,27520000,27522000,4690,7816,27540000,7098
1,1377,27540000,27542000,4690,7816,27560000,7105
1,1378,27560000,27562000,4690,7816,27580000,7109
1,1379,27580000,27582000,4690,7816,27600000,7114
1,138,2760000,2762000,4690,7816,2780000,711
1,1380,27600000,27602000,4690,7816,27620000,7120
1,1381,27620000,27622000,4690,7816,27640000,7125
1,1382,27640000,27642000,4690,7816,27660000,7131
1,1383,27660000,27662000,4690,7816,27680000,7136
1,1384,27680000,27682000,4690,7816,27700000,7140
1,1385,27700000,27702000,4690,7816,27720000,7144
1,1386,27720000,27722000,4690,7816,27740000,7152
1,1387,27740000,27742000,4690,7816,27760000,7156
1,1388,27760000,27762000,4690,7816,27780000,7161
1,1389,27780000,27782000,4690,7816,27800000,7166
1,139,2780000,2782000,4690,7816,2800000,716
1,1390,27800000,27802000,4690,7816,27820000,7172
1,1391,27820000,27822000,4690,7816,27840000,7176
1,1392,27840000,27842000,4690,7816,27860000,7183
1,1393,27860000,27862000,4690,7816,27880000,7186
1,1394,27880000,27882000,4690,7816,27900000,7191
1,1395,27900000,27902000,4690,7816,27920000,7198
1,1396,27920000,27922000,4690,7816,27940000,7202
1,1397,27940000,27942000,4690,7816,27960000,7208
1,1398,27960000,27962000,4690,7816,27980000,7213
1,1399,27980000,27982000,4690,7816,28000000,7217
1,14,280000,282000,4690,7816,300000,71
1,140,2800000,2802000,4690,7816,2820000,722
1,1400,28000000,28002000,4690,7816,28020000,7224
1,1401,28020000,28022000,4690,7816,28040000,7229
1,1402,28040000,28042000,4690,7816,28060000,7233
1,1403,28060000,28062000,4690,7816,28080000,7237
1,1404,28080000,28082000,4690,7816,28100000,7245
1,1405,28100000,28102000,4690,7816,28120000,7248
1,1406,28120000,28122000,4690,7816,28140000,7253
1,1407,28140000,28142000,4690,7816,28160000,7260
1,1408,28160000,28162000,4690,7816,28180000,7265
1,1409,28180000,28182000,4690,7816,28200000,7268
1,141,2820000,2822000,4690,7816,2840000,727
1,1410,28200000,28202000,4690,7816,28220000,7277
1,1411,28220000,28222000,4690,7816,28240000,7279
1,1412,28240000,28242000,4690,7816,28260000,7284
1,1413,28260000,28262000,4690,7816,28280000,7291
1,1414,28280000,28282000,4690,7816,28300000,7295
1,1415,28300000,28302000,4690,7816,28320000,7300
1,1416,28320000,28322000,4690,7816,28340000,7305
1,1417,28340000,28342000,4690,7816,28360000,7312
1,1418,28360000,28362000,4690,7816,28380000,7316
1,1419,28380000,28382000,4690,7816,28400000,7321
1,142,2840000,2842000,4690,7816,2860000,731
1,1420,28400000,28402000,4690,7816,28420000,7326
1,1421,28420000,28422000,4690,7816,28440000,7330
1,1422,28440000,28442000,4690,7816,28460000,7338
1,1423,28460000,28462000,4690,7816,28480000,7341
1,1424,28480000,28482000,4690,7816,28500000,7347
1,1425,28500000,28502000,4690,7816,28520000,7352
1,1426,28520000,28522000,4690,7816,28540000,7358
1,1427,28540000,28542000,4690,7816,28560000,7362
1,1428,28560000,28562000,4690,7816,28580000,7369
1,1429,28580000,28582000,4690,7816,28600000,7371
1,143,2860000,2862000,4690,7816,2880000,736
1,1430,28600000,28602000,4690,7816,28620000,7377
1,1431,28620000,28622000,4690,7816,28640000,7384
1,1432,28640000,28642000,4690,7816,28660000,7388
1,1433,28660000,28662000,4690,7816,28680000,7393
1,1434,28680000,28682000,4690,7816,28700000,7398
1,1435,28700000,28702000,4690,7816,28720000,7404
1,1436,28720000,28722000,4690,7816,28740000,7409
1,1437,28740000,28742000,4690,7816,28760000,7415
1,1438,28760000,28762000,4690,7816,28780000,7419
1,1439,28780000,28782000,4690,7816,28800000,7423
1,144,2880000,2882000,4690,7816,2900000,743
1,1440,28800000,28802000,4690,7816,28820000,7431
1,1441,28820000,28822000,4690,7816,28840000,7433
1,1442,28840000,28842000,4690,7816,28860000,7440
1,1443,28860000,28862000,4690,7816,28880000,7445
1,1444,28880000,28882000,4690,7816,28900000,7450
1,1445,28900000,28902000,4690,7816,28920000,7455
1,1446,28920000,28922000,4690,7816,28940000,7462
1,1447,28940000,28942000,4690,7816,28960000,7465
1,1448,28960000,28962000,4690,7816,28980000,7469
1,1449,28980000,28982000,4690,7816,29000000,7477
1,145,2900000,2902000,4690,7816,2920000,746
1,1450,29000000,29002000,4690,7816,29020000,7481
1,1451,29020000,29022000,4690,7816,29040000,7485
1,1452,29040000,29042000,4690,7816,29060000,7493
1,1453,29060000,29062000,4690,7816,29080000,7497
1,1454,29080000,29082000,4690,7816,29100000,7501
1,1455,29100000,29102000,4690,7816,29120000,7507
1,1456,29120000,29122000,4690,7816,29140000,7512
1,1457,29140000,29142000,4690,7816,29160000,7516
1,1458,29160000,29162000,4690,7816,29180000,7523
1,1459,29180000,29182000,4690,7816,29200000,7527
1,146,2920000,2922000,4690,7816,2940000,752
1,1460,29200000,29202000,4690,7816,29220000,7533
1,1461,29220000,29222000,4690,7816,29240000,7537
1,1462,29240000,29242000,4690,7816,29260000,7544
1,1463,29260000,29262000,4690,7816,29280000,7548
1,1464,29280000,29282000,4690,7816,29300000,7554
1,1465,29300000,29302000,4690,7816,29320000,7558
1,1466,29320000,29322000,4690,7816,29340000,7563
1,1467,29340000,29342000,4690,7816,29360000,7570
1,1468,29360000,29362000,4690,7816,29380000,7573
1,1469,29380000,29382000,4690,7816,29400000,7578
1,147,2940000,2942000,4690,7816,2960000,758
1,1470,29400000,29402000,4690,7816,29420000,7585
1,1471,29420000,29422000,4690,7816,29440000,7589
1,1472,29440000,29442000,4690,7816,29460000,7595
1,1473,29460000,29462000,4690,7816,29480000,7601
1,1474,29480000,29482000,4690,7816,29500000,7604
1,1475,29500000,29502000,4690,7816,29520000,7609
1,1476,29520000,29522000,4690,7816,29540000,7616
1,1477,29540000,29542000,4690,7816,29560000,7620
1,1478,29560000,29562000,4690,7816,29580000,7626
1,1479,29580000,29582000,4690,7816,29600000,7630
1,148,2960000,2962000,4690,7816,2980000,763
1,1480,29600000,29602000,4690,7816,29620000,7637
1,1481,29620000,29622000,4690,7816,29640000,7640
1,1482,29640000,29642000,4690,7816,29660000,7648
1,1483,29660000,29662000,4690,7816,29680000,7650
1,1484,29680000,29682000,4690,7816,29700000,7655
1,1485,29700000,29702000,4690,7816,29720000,7663
1,1486,29720000,29722000,4690,7816,29740000,7666
1,1487,29740000,29742000,4690,7816,29760000,7672
1,1488,29760000,29762000,4690,7816,29780000,7678
1,1489,29780000,29782000,4690,7816,29800000,7682
1,149,2980000,2982000,4690,7816,3000000,767
1,1490,29800000,29802000,4690,7816,29820000,7687
1,1491,29820000,29822000,4690,7816,29840000,7694
1,1492,29840000,29842000,4690,7816,29860000,7698
1,1493,29860000,29862000,4690,7816,29880000,7701
1,1494,29880000,29882000,4690,7816,29900000,7709
1,1495,29900000,29902000,4690,7816,29920000,7713
1,1496,29920000,29922000,4690,7816,29940000,7718
1,1497,29940000,29942000,4690,7816,29960000,7723
1,1498,29960000,29962000,4690,7816,29980000,7730
1,1499,29980000,29982000,4690,7816,30000000,7733
1,15,300000,302000,4690,7816,320000,77
1,150,3000000,3002000,4690,7816,3020000,775
1,1500,30000000,30002000,4690,7816,30020000,7740
1,1501,30020000,30022000,4690,7816,30040000,7744
1,1502,30040000,30042000,4690,7816,30060000,7749
1,1503,30060000,30062000,4690,7816,30080000,7755
1,1504,30080000,30082000,4690,7816,30100000,7759
1,1505,30100000,30102000,4690,7816,30120000,7765
1,1506,30120000,30122000,4690,7816,30140000,7770
1,1507,30140000,30142000,4690,7816,30160000,7775
1,1508,30160000,30162000,4690,7816,30180000,7781
1,1509,30180000,30182000,4690,7816,30200000,7786
1,151,3020000,3022000,4690,7816,3040000,777
1,1510,30200000,30202000,4690,7816,30220000,7790
1,1511,30220000,30222000,4690,7816,30240000,7794
1,1512,30240000,30242000,4690,7816,30260000,7803
1,1513,30260000,30262000,4690,7816,30280000,7805
1,1514,30280000,30282000,4690,7816,30300000,7811
1,1515,30300000,30302000,4690,7816,30320000,7817
1,1516,30320000,30322000,4690,7816,30340000,7822
1,1517,30340000,30342000,4690,7816,30360000,7827
1,1518,30360000,30362000,4690,7816,30380000,7833
1,1519,30380000,30382000,4690,7816,30400000,7836
1,152,3040000,3042000,4690,7816,3060000,783
1,1520,30400000,30402000,4690,7816,30420000,7841
1,1521,30420000,30422000,4690,7816,30440000,7848
1,1522,30440000,30442000,4690,7816,30460000,7853
1,1523,30460000,30462000,4690,7816,30480000,7857
1,1524,30480000,30482000,4690,7816,30500000,7863
1,1525,30500000,30502000,4690,7816,30520000,7868
1,1526,30520000,30522000,4690,7816,30540000,7873
1,1527,30540000,30542000,4690,7816,30560000,7880
1,1528,30560000,30562000,4690,7816,30580000,7883
1,1529,30580000,30582000,4690,7816,30600000,7887
1,153,3060000,3062000,4690,7816,3080000,789
1,1530,30600000,30602000,4690,7816,30620000,7896
1,1531,30620000,30622000,4690,7816,30640000,7898
1,1532,30640000,30642000,4690,7816,30660000,7904
1,1533,30660000,30662000,4690,7816,30680000,7909
1,1534,30680000,30682000,4690,7816,30700000,7915
1,1535,30700000,30702000,4690,7816,30720000,7919
1,1536,30720000,30722000,4690,7816,30740000,7926
1,1537,30740000,30742000,4690,7816,30760000,7930
1,1538,30760000,30762000,4690,7816,30780000,7934
1,1539,30780000,30782000,4690,7816,30800000,7940
1,154,3080000,3082000,4690,7816,3100000,793
1,1540,30800000,30802000,4690,7816,30820000,7946
1,1541,30820000,30822000,4690,7816,30840000,7950
1,1542,30840000,30842000,4690,7816,30860000,7956
1,1543,30860000,30862000,4690,7816,30880000,7962
1,1544,30880000,30882000,4690,7816,30900000,7966
1,1545,30900000,30902000,4690,7816,30920000,7972
1,1546,30920000,30922000,4690,7816,30940000,7975
1,1547,30940000,30942000,4690,7816,30960000,7981
1,1548,30960000,30962000,4690,7816,30980000,7988
1,1549,30980000,30982000,4690,7816,31000000,7990
1,155,3100000,3102000,4690,7816,3120000,798
1,1550,31000000,31002000,4690,7816,31020000,7998
1,1551,31020000,31022000,4690,7816,31040000,8002
1,1552,31040000,31042000,4690,7816,31060000,8008
1,1553,31060000,31062000,4690,7816,31080000,8012
1,1554,31080000,31082000,4690,7816,31100000,8019
1,1555,31100000,31102000,4690,7816,31120000,8022
1,1556,31120000,31122000,4690,7816,31140000,8027
1,1557,31140000,31142000,4690,7816,31160000,8035
1,1558,31160000,31162000,4690,7816,31180000,8038
1,1559,31180000,31182000,4690,7816,31200000,8042
1,156,3120000,3122000,4690,7816,3140000,804
1,1560,31200000,31202000,4690,7816,31220000,8049
1,1561,31220000,31222000,4690,7816,31240000,8054
1,1562,31240000,31242000,4690,7816,31260000,8059
1,1563,31260000,31262000,4690,7816,31280000,8065
1,1564,31280000,31282000,4690,7816,31300000,8069
1,1565,31300000,31302000,4690,7816,31320000,8073
1,1566,31320000,31322000,4690,7816,31340000,8081
1,1567,31340000,31342000,4690,7816,31360000,8084
1,1568,31360000,31362000,4690,7816,31380000,8090
1,1569,31380000,31382000,4690,7816,31400000,8095
1,157,3140000,3142000,4690,7816,3160000,810
1,1570,31400000,31402000,4690,7816,31420000,8101
1,1571,31420000,31422000,4690,7816,31440000,8105
1,1572,31440000,31442000,4690,7816,31460000,8112
1,1573,31460000,31462000,4690,7816,31480000,8115
1,1574,31480000,31482000,4690,7816,31500000,8119
1,1575,31500000,31502000,4690,7816,31520000,8127
1,1576,31520000,31522000,4690,7816,31540000,8131
1,1577,31540000,31542000,4690,7816,31560000,8136
1,1578,31560000,31562000,4690,7816,31580000,8142
1,1579,31580000,31582000,4690,7816,31600000,8147
1,158,3160000,3162000,4690,7816,3180000,814
1,1580,31600000,31602000,4690,7816,31620000,8152
1,1581,31620000,31622000,4690,7816,31640000,8157
1,1582,31640000,31642000,4690,7816,31660000,8163
1,1583,31660000,31662000,4690,7816,31680000,8166
1,1584,31680000,31682000,4690,7816,31700000,8173
1,1585,31700000,31702000,4690,7816,31720000,8177
1,1586,31720000,31722000,4690,7816,31740000,8183
1,1587,31740000,31742000,4690,7816,31760000,8188
1,1588,31760000,31762000,4690,7816,31780000,8193
1,1589,31780000,31782000,4690,7816,31800000,8198
1,159,3180000,3182000,4690,7816,3200000,820
1,1590,31800000,31802000,4690,7816,31820000,8205
1,1591,31820000,31822000,4690,7816,31840000,8207
1,1592,31840000,31842000,4690,7816,31860000,8214
1,1593,31860000,31862000,4690,7816,31880000,8220
1,1594,31880000,31882000,4690,7816,31900000,8223
1,1595,31900000,31902000,4690,7816,31920000,8229
1,1596,31920000,31922000,4690,7816,31940000,8235
1,1597,31940000,31942000,4690,7816,31960000,8240
1,1598,31960000,31962000,4690,7816,31980000,8244
1,1599,31980000,31982000,4690,7816,32000000,8251
1,16,320000,322000,4690,7816,340000,81
1,160,3200000,3202000,4690,7816,3220000,824
1,1600,32000000,32002000,4690,7816,32020000,8255
1,1601,32020000,32022000,4690,7816,32040000,8258
1,1602,32040000,32042000,4690,7816,32060000,8267
1,1603,32060000,32062000,4690,7816,32080000,8270
1,1604,32080000,32082000,4690,7816,32100000,8275
1,1605,32100000,32102000,4690,7816,32120000,8281
1,1606,32120000,32122000,4690,7816,32140000,8287
1,1607,32140000,32142000,4690,7816,32160000,8291
1,1608,32160000,32162000,4690,7816,32180000,8298
1,1609,32180000,32182000,4690,7816,32200000,8300
1,161,3220000,3222000,4690,7816,3240000,828
1,1610,32200000,32202000,4690,7816,32220000,8306
1,1611,32220000,32222000,4690,7816,32240000,8312
1,1612,32240000,32242000,4690,7816,32260000,8317
1,1613,32260000,32262000,4690,7816,32280000,8322
1,1614,32280000,32282000,4690,7816,32300000,8327
1,1615,32300000,32302000,4690,7816,32320000,8333
1,1616,32320000,32322000,4690,7816,32340000,8337
1,1617,32340000,32342000,4690,7816,32360000,8344
1,1618,32360000,32362000,4690,7816,32380000,8348
1,1619,32380000,32382000,4690,7816,32400000,8351
1,162,3240000,3242000,4690,7816,3260000,837
1,1620,32400000,32402000,4690,7816,32420000,8360
1,1621,32420000,32422000,4690,7816,32440000,8363
1,1622,32440000,32442000,4690,7816,32460000,8369
1,1623,32460000,32462000,4690,7816,32480000,8373
1,1624,32480000,32482000,4690,7816,32500000,8379
1,1625,32500000,32502000,4690,7816,32520000,8384
1,1626,32520000,32522000,4690,7816,32540000,8390
1,1627,32540000,32542000,4690,7816,32560000,8394
1,1628,32560000,32562000,4690,7816,32580000,8399
1,1629,32580000,32582000,4690,7816,32600000,8405
1,163,3260000,3262000,4690,7816,3280000,839
1,1630,32600000,32602000,4690,7816,32620000,8409
1,1631,32620000,32622000,4690,7816,32640000,8415
1,1632,32640000,32642000,4690,7816,32660000,8421
1,1633,32660000,32662000,4690,7816,32680000,8425
1,1634,32680000,32682000,4690,7816,32700000,8431
1,1635,32700000,32702000,4690,7816,32720000,8437
1,1636,32720000,32722000,4690,7816,32740000,8440
1,1637,32740000,32742000,4690,7816,32760000,8444
1,1638,32760000,32762000,4690,7816,32780000,8453
1,1639,32780000,32782000,4690,7816,32800000,8455
1,164,3280000,3282000,4690,7816,3300000,845
1,1640,32800000,32802000,4690,7816,32820000,8461
1,1641,32820000,32822000,4690,7816,32840000,8467
1,1642,32840000,32842000,4690,7816,32860000,8473
1,1643,32860000,32862000,4690,7816,32880000,8476
1,1644,32880000,32882000,4690,7816,32900000,8483
1,1645,32900000,32902000,4690,7816,32920000,8487
1,1646,32920000,32922000,4690,7816,32940000,8491
1,1647,32940000,32942000,4690,7816,32960000,8499
1,1648,32960000,32962000,4690,7816,32980000,8503
1,1649,32980000,32982000,4690,7816,33000000,8507
1,165,3300000,3302000,4690,7816,3320000,851
1,1650,33000000,33002000,4690,7816,33020000,8513
1,1651,33020000,33022000,4690,7816,33040000,8518
1,1652,33040000,33042000,4690,7816,33060000,8524
1,1653,33060000,33062000,4690,7816,33080000,8529
1,1654,33080000,33082000,4690,7816,33100000,8533
1,1655,33100000,33102000,4690,7816,33120000,8538
1,1656,33120000,33122000,4690,7816,33140000,8545
1,1657,33140000,33142000,4690,7816,33160000,8549
1,1658,33160000,33162000,4690,7816,33180000,8554
1,1659,33180000,33182000,4690,7816,33200000,8559
1,166,3320000,3322000,4690,7816,3340000,856
1,1660,33200000,33202000,4690,7816,33220000,8566
1,1661,33220000,33222000,4690,7816,33240000,8569
1,1662,33240000,33242000,4690,7816,33260000,8577
1,1663,33260000,33262000,4690,7816,33280000,8579
1,1664,33280000,33282000,4690,7816,33300000,8584
1,1665,33300000,33302000,4690,7816,33320000,8591
1,1666,33320000,33322000,4690,7816,33340000,8595
1,1667,33340000,33342000,4690,7816,33360000,8601
1,1668,33360000,33362000,4690,7816,33380000,8606
1,1669,33380000,33382000,4690,7816,33400000,8611
1,167,3340000,3342000,4690,7816,3360000,860
1,1670,33400000,33402000,4690,7816,33420000,8617
1,1671,33420000,33422000,4690,7816,33440000,8622
1,1672,33440000,33442000,4690,7816,33460000,8626
1,1673,33460000,33462000,4690,7816,33480000,8631
1,1674,33480000,33482000,4690,7816,33500000,8638
1,1675,33500000,33502000,4690,7816,33520000,8641
1,1676,33520000,33522000,4690,7816,33540000,8647
1,1677,33540000,33542000,4690,7816,33560000,8653
1,1678,33560000,33562000,4690,7816,33580000,8658
1,1679,33580000,33582000,4690,7816,33600000,8661
1,168,3360000,3362000,4690,7816,3380000,867
1,1680,33600000,33602000,4690,7816,33620000,8670
1,1681,33620000,33622000,4690,7816,33640000,8672
1,1682,33640000,33642000,4690,7816,33660000,8677
1,1683,33660000,33662000,4690,7816,33680000,8685
1,1684,33680000,33682000,4690,7816,33700000,8688
1,1685,33700000,33702000,4690,7816,33720000,8693
1,1686,33720000,33722000,4690,7816,33740000,8699
1,1687,33740000,33742000,4690,7816,33760000,8705
1,1688,33760000,33762000,4690,7816,33780000,8709
1,1689,33780000,33782000,4690,7816,33800000,8714
1,169,3380000,3382000,4690,7816,3400000,870
1,1690,33800000,33802000,4690,7816,33820000,8720
1,1691,33820000,33822000,4690,7816,33840000,8723
1,1692,33840000,33842000,4690,7816,33860000,8731
1,1693,33860000,33862000,4690,7816,33880000,8734
1,1694,33880000,33882000,4690,7816,33900000,8740
1,1695,33900000,33902000,4690,7816,33920000,8745
1,1696,33920000,33922000,4690,7816,33940000,8751
1,1697,33940000,33942000,4690,7816,33960000,8756
1,1698,33960000,33962000,4690,7816,33980000,8762
1,1699,33980000,33982000,4690,7816,34000000,8765
1,17,340000,342000,4690,7816,360000,86
1,170,3400000,3402000,4690,7816,3420000,875
1,1700,34000000,34002000,4690,7816,34020000,8770
1,1701,34020000,34022000,4690,7816,34040000,8777
1,1702,34040000,34042000,4690,7816,34060000,8781
1,1703,34060000,34062000,4690,7816,34080000,8786
1,1704,34080000,34082000,4690,7816,34100000,8792
1,1705,34100000,34102000,4690,7816,34120000,8797
1,1706,34120000,34122000,4690,7816,34140000,8802
1,1707,34140000,34142000,4690,7816,34160000,8808
1,1708,34160000,34162000,4690,7816,34180000,8812
1,1709,34180000,34182000,4690,7816,34200000,8816
1,171,3420000,3422000,4690,7816,3440000,882
1,1710,34200000,34202000,4690,7816,34220000,8824
1,1711,34220000,34222000,4690,7816,34240000,8827
1,1712,34240000,34242000,4690,7816,34260000,8834
1,1713,34260000,34262000,4690,7816,34280000,8838
1,1714,34280000,34282000,4690,7816,34300000,8843
1,1715,34300000,34302000,4690,7816,34320000,8848
1,1716,34320000,34322000,4690,7816,34340000,8855
1,1717,34340000,34342000,4690,7816,34360000,8858
1,1718,34360000,34362000,4690,7816,34380000,8863
1,1719,34380000,34382000,4690,7816,34400000,8870
1,172,3440000,3442000,4690,7816,3460000,887
1,1720,34400000,34402000,4690,7816,34420000,8874
1,1721,34420000,34422000,4690,7816,34440000,8878
1,1722,34440000,34442000,4690,7816,34460000,8886
1,1723,34460000,34462000,4690,7816,34480000,8890
1,1724,34480000,34482000,4690,7816,34500000,8894
1,1725,34500000,34502000,4690,7816,34520000,8902
1,1726,34520000,34522000,4690,7816,34540000,8905
1,1727,34540000,34542000,4690,7816,34560000,8909
1,1728,34560000,34562000,4690,7816,34580000,8916
1,1729,34580000,34582000,4690,7816,34600000,8920
1,173,3460000,3462000,4690,7816,3480000,891
1,1730,34600000,34602000,4690,7816,34620000,8926
1,1731,34620000,34622000,4690,7816,34640000,8930
1,1732,34640000,34642000,4690,7816,34660000,8938
1,1733,34660000,34662000,4690,7816,34680000,8941
1,1734,34680000,34682000,4690,7816,34700000,8947
1,1735,34700000,34702000,4690,7816,34720000,8951
1,1736,34720000,34722000,4690,7816,34740000,8956
1,1737,34740000,34742000,4690,7816,34760000,8963
1,1738,34760000,34762000,4690,7816,34780000,8967
1,1739,34780000,34782000,4690,7816,34800000,8972
1,174,3480000,3482000,4690,7816,3500000,896
1,1740,34800000,34802000,4690,7816,34820000,8978
1,1741,34820000,34822000,4690,7816,34840000,8982
1,1742,34840000,34842000,4690,7816,34860000,8988
1,1743,34860000,34862000,4690,7816,34880000,8994
1,1744,34880000,34882000,4690,7816,34900000,8997
1,1745,34900000,34902000,4690,7816,34920000,9002
1,1746,34920000,34922000,4690,7816,34940000,9010
1,1747,34940000,34942000,4690,7816,34960000,9013
1,1748,34960000,34962000,4690,7816,34980000,9019
1,1749,34980000,34982000,4690,7816,35000000,9023
1,175,3500000,3502000,4690,7816,3520000,903
1,1750,35000000,35002000,4690,7816,35020000,9030
1,1751,35020000,35022000,4690,7816,35040000,9034
1,1752,35040000,35042000,4690,7816,35060000,9041
1,1753,35060000,35062000,4690,7816,35080000,9044
1,1754,35080000,35082000,4690,7816,35100000,9048
1,1755,35100000,35102000,4690,7816,35120000,9056
1,1756,35120000,35122000,4690,7816,35140000,9059
1,1757,35140000,35142000,4690,7816,35160000,9065
1,1758,35160000,35162000,4690,7816,35180000,9071
1,1759,35180000,35182000,4690,7816,35200000,9075
1,176,3520000,3522000,4690,7816,3540000,907
1,1760,35200000,35202000,4690,7816,35220000,9081
1,1761,35220000,35222000,4690,7816,35240000,9087
1,1762,35240000,35242000,4690,7816,35260000,9091
1,1763,35260000,35262000,4690,7816,35280000,9094
1,1764,35280000,35282000,4690,7816,35300000,9103
1,1765,35300000,35302000,4690,7816,35320000,9106
1,1766,35320000,35322000,4690,7816,35340000,9111
1,1767,35340000,35342000,4690,7816,35360000,9117
1,1768,35360000,35362000,4690,7816,35380000,9123
1,1769,35380000,35382000,4690,7816,35400000,9126
1,177,3540000,3542000,4690,7816,3560000,913
1,1770,35400000,35402000,4690,7816,35420000,9133
1,1771,35420000,35422000,4690,7816,35440000,9137
1,1772,35440000,35442000,4690,7816,35460000,9142
1,1773,35460000,35462000,4690,7816,35480000,9148
1,1774,35480000,35482000,4690,7816,35500000,9153
1,1775,35500000,35502000,4690,7816,35520000,9158
1,1776,35520000,35522000,4690,7816,35540000,9163
1,1777,35540000,35542000,4690,7816,35560000,9169
1,1778,35560000,35562000,4690,7816,35580000,9174
1,1779,35580000,35582000,4690,7816,35600000,9179
1,178,3560000,3562000,4690,7816,3580000,918
1,1780,35600000,35602000,4690,7816,35620000,9183
1,1781,35620000,35622000,4690,7816,35640000,9188
1,1782,35640000,35642000,4690,7816,35660000,9196
1,1783,35660000,35662000,4690,7816,35680000,9198
1,1784,35680000,35682000,4690,7816,35700000,9204
1,1785,35700000,35702000,4690,7816,35720000,9210
1,1786,35720000,35722000,4690,7816,35740000,9215
1,1787,35740000,35742000,4690,7816,35760000,9220
1,1788,35760000,35762000,4690,7816,35780000,9227
1,1789,35780000,35782000,4690,7816,35800000,9229
1,179,3580000,3582000,4690,7816,3600000,921
1,1790,35800000,35802000,4690,7816,35820000,9235
1,1791,35820000,35822000,4690,7816,35840000,9241
1,1792,35840000,35842000,4690,7816,35860000,9246
1,1793,35860000,35862000,4690,7816,35880000,9250
1,1794,35880000,35882000,4690,7816,35900000,9256
1,1795,35900000,35902000,4690,7816,35920000,9262
1,1796,35920000,35922000,4690,7816,35940000,9266
1,1797,35940000,35942000,4690,7816,35960000,9273
1,1798,35960000,35962000,4690,7816,35980000,9276
1,1799,35980000,35982000,4690,7816,36000000,9280
1,18,360000,362000,4690,7816,380000,93
1,180,3600000,3602000,4690,7816,3620000,929
1,1800,36000000,36002000,4690,7816,36020000,9289
1,1801,36020000,36022000,4690,7816,36040000,9291
1,1802,36040000,36042000,4690,7816,36060000,9298
1,1803,36060000,36062000,4690,7816,36080000,9303
1,1804,36080000,36082000,4690,7816,36100000,9308
1,1805,36100000,36102000,4690,7816,36120000,9312
1,1806,36120000,36122000,4690,7816,36140000,9319
1,1807,36140000,36142000,4690,7816,36160000,9323
1,1808,36160000,36162000,4690,7816,36180000,9327
1,1809,36180000,36182000,4690,7816,36200000,9334
1,181,3620000,3622000,4690,7816,3640000,931
1,1810,36200000,36202000,4690,7816,36220000,9339
1,1811,36220000,36222000,4690,7816,36240000,9343
1,1812,36240000,36242000,4690,7816,36260000,9349
1,1813,36260000,36262000,4690,7816,36280000,9355
1,1814,36280000,36282000,4690,7816,36300000,9359
1,1815,36300000,36302000,4690,7816,36320000,9365
1,1816,36320000,36322000,4690,7816,36340000,9370
1,1817,36340000,36342000,4690,7816,36360000,9374
1,1818,36360000,36362000,4690,7816,36380000,9381
1,1819,36380000,36382000,4690,7816,36400000,9383
1,182,3640000,3642000,4690,7816,3660000,939
1,1820,36400000,36402000,4690,7816,36420000,9391
1,1821,36420000,36422000,4690,7816,36440000,9395
1,1822,36440000,36442000,4690,7816,36460000,9401
1,1823,36460000,36462000,4690,7816,36480000,9406
1,1824,36480000,36482000,4690,7816,36500000,9412
1,1825,36500000,36502000,4690,7816,36520000,9415
1,1826,36520000,36522000,4690,7816,36540000,9420
1,1827,36540000,36542000,4690,7816,36560000,9428
1,1828,36560000,36562000,4690,7816,36580000,9431
1,1829,36580000,36582000,4690,7816,36600000,9436
1,183,3660000,3662000,4690,7816,3680000,943
1,1830,36600000,36602000,4690,7816,36620000,9443
1,1831,36620000,36622000,4690,7816,36640000,9447
1,1832,36640000,36642000,4690,7816,36660000,9452
1,1833,36660000,36662000,4690,7816,36680000,9458
1,1834,36680000,36682000,4690,7816,36700000,9462
1,1835,36700000,36702000,4690,7816,36720000,9466
1,1836,36720000,36722000,4690,7816,36740000,9474
1,1837,36740000,36742000,4690,7816,36760000,9478
1,1838,36760000,36762000,4690,7816,36780000,9483
1,1839,36780000,36782000,4690,7816,36800000,9488
1,184,3680000,3682000,4690,7816,3700000,948
1,1840,36800000,36802000,4690,7816,36820000,9494
1,1841,36820000,36822000,4690,7816,36840000,9498
1,1842,36840000,36842000,4690,7816,36860000,9506
1,1843,36860000,36862000,4690,7816,36880000,9508
1,1844,36880000,36882000,4690,7816,36900000,9513
1,1845,36900000,36902000,4690,7816,36920000,9520
1,1846,36920000,36922000,4690,7816,36940000,9524
1,1847,36940000,36942000,4690,7816,36960000,9529
1,1848,36960000,36962000,4690,7816,36980000,9535
1,1849,36980000,36982000,4690,7816,37000000,9540
1,185,3700000,3702000,4690,7816,3720000,954
1,1850,37000000,37002000,4690,7816,37020000,9545
1,1851,37020000,37022000,4690,7816,37040000,9551
1,1852,37040000,37042000,4690,7816,37060000,9556
1,1853,37060000,37062000,4690,7816,37080000,9559
1,1854,37080000,37082000,4690,7816,37100000,9566
1,1855,37100000,37102000,4690,7816,37120000,9571
1,1856,37120000,37122000,4690,7816,37140000,9576
1,1857,37140000,37142000,4690,7816,37160000,9581
1,1858,37160000,37162000,4690,7816,37180000,9587
1,1859,37180000,37182000,4690,7816,37200000,9591
1,186,3720000,3722000,4690,7816,3740000,960
1,1860,37200000,37202000,4690,7816,37220000,9598
1,1861,37220000,37222000,4690,7816,37240000,9600
1,1862,37240000,37242000,4690,7816,37260000,9607
1,1863,37260000,37262000,4690,7816,37280000,9613
1,1864,37280000,37282000,4690,7816,37300000,9616
1,1865,37300000,37302000,4690,7816,37320000,9623
1,1866,37320000,37322000,4690,7816,37340000,9628
1,1867,37340000,37342000,4690,7816,37360000,9633
1,1868,37360000,37362000,4690,7816,37380000,9638
1,1869,37380000,37382000,4690,7816,37400000,9644
1,187,3740000,3742000,4690,7816,3760000,963
1,1870,37400000,37402000,4690,7816,37420000,9648
1,1871,37420000,37422000,4690,7816,37440000,9651
1,1872,37440000,37442000,4690,7816,37460000,9661
1,1873,37460000,37462000,4690,7816,37480000,9663
1,1874,37480000,37482000,4690,7816,37500000,9668
1,1875,37500000,37502000,4690,7816,37520000,9674
1,1876,37520000,37522000,4690,7816,37540000,9680
1,1877,37540000,37542000,4690,7816,37560000,9684
1,1878,37560000,37562000,4690,7816,37580000,9691
1,1879,37580000,37582000,4690,7816,37600000,9694
1,188,3760000,3762000,4690,7816,3780000,968
1,1880,37600000,37602000,4690,7816,37620000,9699
1,1881,37620000,37622000,4690,7816,37640000,9706
1,1882,37640000,37642000,4690,7816,37660000,9710
1,1883,37660000,37662000,4690,7816,37680000,9715
1,1884,37680000,37682000,4690,7816,37700000,9720
1,1885,37700000,37702000,4690,7816,37720000,9726
1,1886,37720000,37722000,4690,7816,37740000,9731
1,1887,37740000,37742000,4690,7816,37760000,9737
1,1888,37760000,37762000,4690,7816,37780000,9741
1,1889,37780000,37782000,4690,7816,37800000,9744
1,189,3780000,3782000,4690,7816,3800000,975
1,1890,37800000,37802000,4690,7816,37820000,9753
1,1891,37820000,37822000,4690,7816,37840000,9756
1,1892,37840000,37842000,4690,7816,37860000,9762
1,1893,37860000,37862000,4690,7816,37880000,9767
1,1894,37880000,37882000,4690,7816,37900000,9773
1,1895,37900000,37902000,4690,7816,37920000,9777
1,1896,37920000,37922000,4690,7816,37940000,9783
1,1897,37940000,37942000,4690,7816,37960000,9787
1,1898,37960000,37962000,4690,7816,37980000,9792
1,1899,37980000,37982000,4690,7816,38000000,9798
1,19,380000,382000,4690,7816,400000,96
1,190,3800000,3802000,4690,7816,3820000,979
1,1900,38000000,38002000,4690,7816,38020000,9803
1,1901,38020000,38022000,4690,7816,38040000,9808
1,1902,38040000,38042000,4690,7816,38060000,9814
1,1903,38060000,38062000,4690,7816,38080000,9818
1,1904,38080000,38082000,4690,7816,38100000,9824
1,1905,38100000,38102000,4690,7816,38120000,9830
1,1906,38120000,38122000,4690,7816,38140000,9833
1,1907,38140000,38142000,4690,7816,38160000,9839
1,1908,38160000,38162000,4690,7816,38180000,9846
1,1909,38180000,38182000,4690,7816,38200000,9848
1,191,3820000,3822000,4690,7816,3840000,984
1,1910,38200000,38202000,4690,7816,38220000,9854
1,1911,38220000,38222000,4690,7816,38240000,9860
1,1912,38240000,38242000,4690,7816,38260000,9866
1,1913,38260000,38262000,4690,7816,38280000,9869
1,1914,38280000,38282000,4690,7816,38300000,9877
1,1915,38300000,38302000,4690,7816,38320000,9880
1,1916,38320000,38322000,4690,7816,38340000,9884
1,1917,38340000,38342000,4690,7816,38360000,9892
1,1918,38360000,38362000,4690,7816,38380000,9896
1,1919,38380000,38382000,4690,7816,38400000,9900
1,192,3840000,3842000,4690,7816,3860000,991
1,1920,38400000,38402000,4690,7816,38420000,9907
1,1921,38420000,38422000,4690,7816,38440000,9912
1,1922,38440000,38442000,4690,7816,38460000,9917
1,1923,38460000,38462000,4690,7816,38480000,9922
1,1924,38480000,38482000,4690,7816,38500000,9926
1,1925,38500000,38502000,4690,7816,38520000,9931
1,1926,38520000,38522000,4690,7816,38540000,9938
1,1927,38540000,38542000,4690,7816,38560000,9942
1,1928,38560000,38562000,4690,7816,38580000,9948
1,1929,38580000,38582000,4690,7816,38600000,9952
1,193,3860000,3862000,4690,7816,3880000,995
1,1930,38600000,38602000,4690,7816,38620000,9959
1,1931,38620000,38622000,4690,7816,38640000,9962
1,1932,38640000,38642000,4690,7816,38660000,9970
1,1933,38660000,38662000,4690,7816,38680000,9973
1,1934,38680000,38682000,4690,7816,38700000,9977
1,1935,38700000,38702000,4690,7816,38720000,9985
1,1936,38720000,38722000,4690,7816,38740000,9988
1,1937,38740000,38742000,4690,7816,38760000,9994
1,1938,38760000,38762000,4690,7816,38780000,9999
1,1939,38780000,38782000,4690,7816,38800000,10004
1,194,3880000,3882000,4690,7816,3900000,999
1,1940,38800000,38802000,4690,7816,38820000,10010
1,1941,38820000,38822000,4690,7816,38840000,10015
1,1942,38840000,38842000,4690,7816,38860000,10020
1,1943,38860000,38862000,4690,7816,38880000,10024
1,1944,38880000,38882000,4690,7816,38900000,10031
1,1945,38900000,38902000,4690,7816,38920000,10034
1,1946,38920000,38922000,4690,7816,38940000,10041
1,1947,38940000,38942000,4690,7816,38960000,10046
1,1948,38960000,38962000,4690,7816,38980000,10051
1,1949,38980000,38982000,4690,7816,39000000,10055
1,195,3900000,3902000,4690,7816,3920000,1006
1,1950,39000000,39002000,4690,7816,39020000,10063
1,1951,39020000,39022000,4690,7816,39040000,10065
1,1952,39040000,39042000,4690,7816,39060000,10070
1,1953,39060000,39062000,4690,7816,39080000,10078
1,1954,39080000,39082000,4690,7816,39100000,10081
1,1955,39100000,39102000,4690,7816,39120000,10086
1,1956,39120000,39122000,4690,7816,39140000,10093
1,1957,39140000,39142000,4690,7816,39160000,10098
1,1958,39160000,39162000,4690,7816,39180000,10102
1,1959,39180000,39182000,4690,7816,39200000,10108
1,196,3920000,3922000,4690,7816,3940000,1010
1,1960,39200000,39202000,4690,7816,39220000,10113
1,1961,39220000,39222000,4690,7816,39240000,10116
1,1962,39240000,39242000,4690,7816,39260000,10124
1,1963,39260000,39262000,4690,7816,39280000,10128
1,1964,39280000,39282000,4690,7816,39300000,10133
1,1965,39300000,39302000,4690,7816,39320000,10138
1,1966,39320000,39322000,4690,7816,39340000,10144
1,1967,39340000,39342000,4690,7816,39360000,10149
1,1968,39360000,39362000,4690,7816,39380000,10155
1,1969,39380000,39382000,4690,7816,39400000,10158
1,197,3940000,3942000,4690,7816,3960000,1014
1,1970,39400000,39402000,4690,7816,39420000,10164
1,1971,39420000,39422000,4690,7816,39440000,10170
1,1972,39440000,39442000,4690,7816,39460000,10175
1,1973,39460000,39462000,4690,7816,39480000,10179
1,1974,39480000,39482000,4690,7816,39500000,10185
1,1975,39500000,39502000,4690,7816,39520000,10190
1,1976,39520000,39522000,4690,7816,39540000,10195
1,1977,39540000,39542000,4690,7816,39560000,10202
1,1978,39560000,39562000,4690,7816,39580000,10205
1,1979,39580000,39582000,4690,7816,39600000,10209
1,198,3960000,3962000,4690,7816,3980000,1022
1,1980,39600000,39602000,4690,7816,39620000,10217
1,1981,39620000,39622000,4690,7816,39640000,10220
1,1982,39640000,39642000,4690,7816,39660000,10227
1,1983,39660000,39662000,4690,7816,39680000,10231
1,1984,39680000,39682000,4690,7816,39700000,10237
1,1985,39700000,39702000,4690,7816,39720000,10242
1,1986,39720000,39722000,4690,7816,39740000,10248
1,1987,39740000,39742000,4690,7816,39760000,10251
1,1988,39760000,39762000,4690,7816,39780000,10256
1,1989,39780000,39782000,4690,7816,39800000,10263
1,199,3980000,3982000,4690,7816,4000000,1025
1,1990,39800000,39802000,4690,7816,39820000,10267
1,1991,39820000,39822000,4690,7816,39840000,10272
1,1992,39840000,39842000,4690,7816,39860000,10279
1,1993,39860000,39862000,4690,7816,39880000,10283
1,1994,39880000,39882000,4690,7816,39900000,10287
1,1995,39900000,39902000,4690,7816,39920000,10295
1,1996,39920000,39922000,4690,7816,39940000,10298
1,1997,39940000,39942000,4690,7816,39960000,10302
1,1998,39960000,39962000,4690,7816,39980000,10311
1,1999,39980000,39982000,4690,7816,40000000,10313
1,2,40000,42000,4690,7816,60000,9
1,20,400000,402000,4690,7816,420000,102
1,200,4000000,4002000,4690,7816,4020000,1031
1,2000,40000000,40002000,4690,7816,40020000,10319
1,2001,40020000,40022000,4690,7816,40040000,10323
1,2002,40040000,40042000,4690,7816,40060000,10331
1,2003,40060000,40062000,4690,7816,40080000,10334
1,2004,40080000,40082000,4690,7816,40100000,10340
1,2005,40100000,40102000,4690,7816,40120000,10345
1,2006,40120000,40122000,4690,7816,40140000,10349
1,2007,40140000,40142000,4690,7816,40160000,10356
1,2008,40160000,40162000,4690,7816,40180000,10360
1,2009,40180000,40182000,4690,7816,40200000,10365
1,201,4020000,4022000,4690,7816,4040000,1036
1,2010,40200000,40202000,4690,7816,40220000,10371
1,2011,40220000,40222000,4690,7816,40240000,10376
1,2012,40240000,40242000,4690,7816,40260000,10382
1,2013,40260000,40262000,4690,7816,40280000,10387
1,2014,40280000,40282000,4690,7816,40300000,10390
1,2015,40300000,40302000,4690,7816,40320000,10395
1,2016,40320000,40322000,4690,7816,40340000,10403
1,2017,40340000,40342000,4690,7816,40360000,10406
1,2018,40360000,40362000,4690,7816,40380000,10412
1,2019,40380000,40382000,4690,7816,40400000,10417
1,202,4040000,4042000,4690,7816,4060000,1042
1,2020,40400000,40402000,4690,7816,40420000,10423
1,2021,40420000,40422000,4690,7816,40440000,10427
1,2022,40440000,40442000,4690,7816,40460000,10434
1,2023,40460000,40462000,4690,7816,40480000,10437
1,2024,40480000,40482000,4690,7816,40500000,10442
1,2025,40500000,40502000,4690,7816,40520000,10449
1,2026,40520000,40522000,4690,7816,40540000,10453
1,2027,40540000,40542000,4690,7816,40560000,10458
1,2028,40560000,40562000,4690,7816,40580000,10464
1,2029,40580000,40582000,4690,7816,40600000,10468
1,203,4060000,4062000,4690,7816,4080000,1046
1,2030,40600000,40602000,4690,7816,40620000,10474
1,2031,40620000,40622000,4690,7816,40640000,10480
1,2032,40640000,40642000,4690,7816,40660000,10484
1,2033,40660000,40662000,4690,7816,40680000,10488
1,2034,40680000,40682000,4690,7816,40700000,10496
1,2035,40700000,40702000,4690,7816,40720000,10499
1,2036,40720000,40722000,4690,7816,40740000,10504
1,2037,40740000,40742000,4690,7816,40760000,10511
1,2038,40760000,40762000,4690,7816,40780000,10516
1,2039,40780000,40782000,4690,7816,40800000,10519
1,204,4080000,4082000,4690,7816,4100000,1053
1,2040,40800000,40802000,4690,7816,40820000,10527
1,2041,40820000,40822000,4690,7816,40840000,10530
1,2042,40840000,40842000,4690,7816,40860000,10535
1,2043,40860000,40862000,4690,7816,40880000,10541
1,2044,40880000,40882000,4690,7816,40900000,10546
1,2045,40900000,40902000,4690,7816,40920000,10551
1,2046,40920000,40922000,4690,7816,40940000,10556
1,2047,40940000,40942000,4690,7816,40960000,10563
1,2048,40960000,40962000,4690,7816,40980000,10567
1,2049,40980000,40982000,4690,7816,41000000,10572
1,205,4100000,4102000,4690,7816,4120000,1056
1,2050,41000000,41002000,4690,7816,41020000,10577
1,2051,41020000,41022000,4690,7816,41040000,10581
1,2052,41040000,41042000,4690,7816,41060000,10589
1,2053,41060000,41062000,4690,7816,41080000,10591
1,2054,41080000,41082000,4690,7816,41100000,10598
1,2055,41100000,41102000,4690,7816,41120000,10603
1,2056,41120000,41122000,4690,7816,41140000,10608
1,2057,41140000,41142000,4690,7816,41160000,10613
1,2058,41160000,41162000,4690,7816,41180000,10620
1,2059,41180000,41182000,4690,7816,41200000,10622
1,206,4120000,4122000,4690,7816,4140000,1061
1,2060,41200000,41202000,4690,7816,41220000,10628
1,2061,41220000,41222000,4690,7816,41240000,10635
1,2062,41240000,41242000,4690,7816,41260000,10639
1,2063,41260000,41262000,4690,7816,41280000,10644
1,2064,41280000,41282000,4690,7816,41300000,10649
1,2065,41300000,41302000,4690,7816,41320000,10655
1,2066,41320000,41322000,4690,7816,41340000,10659
1,2067,41340000,41342000,4690,7816,41360000,10666
1,2068,41360000,41362000,4690,7816,41380000,10670
1,2069,41380000,41382000,4690,7816,41400000,10673
1,207,4140000,4142000,4690,7816,4160000,1068
1,2070,41400000,41402000,4690,7816,41420000,10682
1,2071,41420000,41422000,4690,7816,41440000,10684
1,2072,41440000,41442000,4690,7816,41460000,10691
1,2073,41460000,41462000,4690,7816,41480000,10696
1,2074,41480000,41482000,4690,7816,41500000,10701
1,2075,41500000,41502000,4690,7816,41520000,10706
1,2076,41520000,41522000,4690,7816,41540000,10713
1,2077,41540000,41542000,4690,7816,41560000,10716
1,2078,41560000,41562000,4690,7816,41580000,10720
1,2079,41580000,41582000,4690,7816,41600000,10727
1,208,4160000,4162000,4690,7816,4180000,1072
1,2080,41600000,41602000,4690,7816,41620000,10732
1,2081,41620000,41622000,4690,7816,41640000,10736
1,2082,41640000,41642000,4690,7816,41660000,10743
1,2083,41660000,41662000,4690,7816,41680000,10748
1,2084,41680000,41682000,4690,7816,41700000,10752
1,2085,41700000,41702000,4690,7816,41720000,10758
1,2086,41720000,41722000,4690,7816,41740000,10763
1,2087,41740000,41742000,4690,7816,41760000,10767
1,2088,41760000,41762000,4690,7816,41780000,10774
1,2089,41780000,41782000,4690,7816,41800000,10778
1,209,4180000,4182000,4690,7816,4200000,1076
1,2090,41800000,41802000,4690,7816,41820000,10784
1,2091,41820000,41822000,4690,7816,41840000,10788
1,2092,41840000,41842000,4690,7816,41860000,10794
1,2093,41860000,41862000,4690,7816,41880000,10799
1,2094,41880000,41882000,4690,7816,41900000,10805
1,2095,41900000,41902000,4690,7816,41920000,10808
1,2096,41920000,41922000,4690,7816,41940000,10814
1,2097,41940000,41942000,4690,7816,41960000,10821
1,2098,41960000,41962000,4690,7816,41980000,10824
1,2099,41980000,41982000,4690,7816,42000000,10829
1,21,420000,422000,4690,7816,440000,107
1,210,4200000,4202000,4690,7816,4220000,1083
1,2100,42000000,42002000,4690,7816,42020000,10836
1,2101,42020000,42022000,4690,7816,42040000,10840
1,2102,42040000,42042000,4690,7816,42060000,10846
1,2103,42060000,42062000,4690,7816,42080000,10852
1,2104,42080000,42082000,4690,7816,42100000,10855
1,2105,42100000,42102000,4690,7816,42120000,10859
1,2106,42120000,42122000,4690,7816,42140000,10867
1,2107,42140000,42142000,4690,7816,42160000,10871
1,2108,42160000,42162000,4690,7816,42180000,10876
1,2109,42180000,42182000,4690,7816,42200000,10881
1,211,4220000,4222000,4690,7816,4240000,1088
1,2110,42200000,42202000,4690,7816,42220000,10888
1,2111,42220000,42222000,4690,7816,42240000,10891
1,2112,42240000,42242000,4690,7816,42260000,10899
1,2113,42260000,42262000,4690,7816,42280000,10901
1,2114,42280000,42282000,4690,7816,42300000,10906
1,2115,42300000,42302000,4690,7816,42320000,10914
1,2116,42320000,42322000,4690,7816,42340000,10917
1,2117,42340000,42342000,4690,7816,42360000,10923
1,2118,42360000,42362000,4690,7816,42380000,10928
1,2119,42380000,42382000,4690,7816,42400000,10933
1,212,4240000,4242000,4690,7816,4260000,1093
1,2120,42400000,42402000,4690,7816,42420000,10938
1,2121,42420000,42422000,4690,7816,42440000,10944
1,2122,42440000,42442000,4690,7816,42460000,10949
1,2123,42460000,42462000,4690,7816,42480000,10952
1,2124,42480000,42482000,4690,7816,42500000,10960
1,2125,42500000,42502000,4690,7816,42520000,10964
1,2126,42520000,42522000,4690,7816,42540000,10969
1,2127,42540000,42542000,4690,7816,42560000,10974
1,2128,42560000,42562000,4690,7816,42580000,10981
1,2129,42580000,42582000,4690,7816,42600000,10984
1,213,4260000,4262000,4690,7816,4280000,1099
1,2130,42600000,42602000,4690,7816,42620000,10991
1,2131,42620000,42622000,4690,7816,42640000,10994
1,2132,42640000,42642000,4690,7816,42660000,11000
1,2133,42660000,42662000,4690,7816,42680000,11006
1,2134,42680000,42682000,4690,7816,42700000,11009
1,2135,42700000,42702000,4690,7816,42720000,11016
1,2136,42720000,42722000,4690,7816,42740000,11021
1,2137,42740000,42742000,4690,7816,42760000,11026
1,2138,42760000,42762000,4690,7816,42780000,11032
1,2139,42780000,42782000,4690,7816,42800000,11037
1,214,4280000,4282000,4690,7816,4300000,1103
1,2140,42800000,42802000,4690,7816,42820000,11041
1,2141,42820000,42822000,4690,7816,42840000,11045
1,2142,42840000,42842000,4690,7816,42860000,11054
1,2143,42860000,42862000,4690,7816,42880000,11056
1,2144,42880000,42882000,4690,7816,42900000,11061
1,2145,42900000,42902000,4690,7816,42920000,11068
1,2146,42920000,42922000,4690,7816,42940000,11073
1,2147,42940000,42942000,4690,7816,42960000,11077
1,2148,42960000,42962000,4690,7816,42980000,11084
1,2149,42980000,42982000,4690,7816,43000000,11087
1,215,4300000,4302000,4690,7816,4320000,1107
1,2150,43000000,43002000,4690,7816,43020000,11092
1,2151,43020000,43022000,4690,7816,43040000,11099
1,2152,43040000,43042000,4690,7816,43060000,11104
1,2153,43060000,43062000,4690,7816,43080000,11108
1,2154,43080000,43082000,4690,7816,43100000,11114
1,2155,43100000,43102000,4690,7816,43120000,11119
1,2156,43120000,43122000,4690,7816,43140000,11124
1,2157,43140000,43142000,4690,7816,43160000,11130
1,2158,43160000,43162000,4690,7816,43180000,11134
1,2159,43180000,43182000,4690,7816,43200000,11138
1,216,4320000,4322000,4690,7816,4340000,1114
1,2160,43200000,43202000,4690,7816,43220000,11146
1,2161,43220000,43222000,4690,7816,43240000,11149
1,2162,43240000,43242000,4690,7816,43260000,11155
1,2163,43260000,43262000,4690,7816,43280000,11160
1,2164,43280000,43282000,4690,7816,43300000,11166
1,2165,43300000,43302000,4690,7816,43320000,11170
1,2166,43320000,43322000,4690,7816,43340000,11177
1,2167,43340000,43342000,4690,7816,43360000,11181
1,2168,43360000,43362000,4690,7816,43380000,11185
1,2169,43380000,43382000,4690,7816,43400000,11191
1,217,4340000,4342000,4690,7816,4360000,1119
1,2170,43400000,43402000,4690,7816,43420000,11196
1,2171,43420000,43422000,4690,7816,43440000,11201
1,2172,43440000,43442000,4690,7816,43460000,11207
1,2173,43460000,43462000,4690,7816,43480000,11212
1,2174,43480000,43482000,4690,7816,43500000,11217
1,2175,43500000,43502000,4690,7816,43520000,11223
1,2176,43520000,43522000,4690,7816,43540000,11226
1,2177,43540000,43542000,4690,7816,43560000,11232
1,2178,43560000,43562000,4690,7816,43580000,11239
1,2179,43580000,43582000,4690,7816,43600000,11241
1,218,4360000,4362000,4690,7816,4380000,1124
1,2180,43600000,43602000,4690,7816,43620000,11249
1,2181,43620000,43622000,4690,7816,43640000,11253
1,2182,43640000,43642000,4690,7816,43660000,11259
1,2183,43660000,43662000,4690,7816,43680000,11262
1,2184,43680000,43682000,4690,7816,43700000,11270
1,2185,43700000,43702000,4690,7816,43720000,11273
1,2186,43720000,43722000,4690,7816,43740000,11277
1,2187,43740000,43742000,4690,7816,43760000,11286
1,2188,43760000,43762000,4690,7816,43780000,11289
1,2189,43780000,43782000,4690,7816,43800000,11293
1,219,4380000,4382000,4690,7816,4400000,1128
1,2190,43800000,43802000,4690,7816,43820000,11300
1,2191,43820000,43822000,4690,7816,43840000,11305
1,2192,43840000,43842000,4690,7816,43860000,11310
1,2193,43860000,43862000,4690,7816,43880000,11316
1,2194,43880000,43882000,4690,7816,43900000,11320
1,2195,43900000,43902000,4690,7816,43920000,11324
1,2196,43920000,43922000,4690,7816,43940000,11331
1,2197,43940000,43942000,4690,7816,43960000,11335
1,2198,43960000,43962000,4690,7816,43980000,11341
1,2199,43980000,43982000,4690,7816,44000000,11345
1,22,440000,442000,4690,7816,460000,114
1,220,4400000,4402000,4690,7816,4420000,1135
1,2200,44000000,44002000,4690,7816,44020000,11352
1,2201,44020000,44022000,4690,7816,44040000,11356
1,2202,44040000,44042000,4690,7816,44060000,11363
1,2203,44060000,44062000,4690,7816,44080000,11366
1,2204,44080000,44082000,4690,7816,44100000,11370
1,2205,44100000,44102000,4690,7816,44120000,11378
1,2206,44120000,44122000,4690,7816,44140000,11382
1,2207,44140000,44142000,4690,7816,44160000,11387
1,2208,44160000,44162000,4690,7816,44180000,11393
1,2209,44180000,44182000,4690,7816,44200000,11397
1,221,4420000,4422000,4690,7816,4440000,1139
1,2210,44200000,44202000,4690,7816,44220000,11403
1,2211,44220000,44222000,4690,7816,44240000,11408
1,2212,44240000,44242000,4690,7816,44260000,11413
1,2213,44260000,44262000,4690,7816,44280000,11417
1,2214,44280000,44282000,4690,7816,44300000,11424
1,2215,44300000,44302000,4690,7816,44320000,11428
1,2216,44320000,44322000,4690,7816,44340000,11434
1,2217,44340000,44342000,4690,7816,44360000,11439
1,2218,44360000,44362000,4690,7816,44380000,11444
1,2219,44380000,44382000,4690,7816,44400000,11449
1,222,4440000,4442000,4690,7816,4460000,1146
1,2220,44400000,44402000,4690,7816,44420000,11456
1,2221,44420000,44422000,4690,7816,44440000,11458
1,2222,44440000,44442000,4690,7816,44460000,11464
1,2223,44460000,44462000,4690,7816,44480000,11471
1,2224,44480000,44482000,4690,7816,44500000,11474
1,2225,44500000,44502000,4690,7816,44520000,11479
1,2226,44520000,44522000,4690,7816,44540000,11486
1,2227,44540000,44542000,4690,7816,44560000,11491
1,2228,44560000,44562000,4690,7816,44580000,11495
1,2229,44580000,44582000,4690,7816,44600000,11502
1,223,4460000,4462000,4690,7816,4480000,1148
1,2230,44600000,44602000,4690,7816,44620000,11506
1,2231,44620000,44622000,4690,7816,44640000,11509
1,2232,44640000,44642000,4690,7816,44660000,11518
1,2233,44660000,44662000,4690,7816,44680000,11521
1,2234,44680000,44682000,4690,7816,44700000,11526
1,2235,44700000,44702000,4690,7816,44720000,11531
1,2236,44720000,44722000,4690,7816,44740000,11538
1,2237,44740000,44742000,4690,7816,44760000,11542
1,2238,44760000,44762000,4690,7816,44780000,11548
1,2239,44780000,44782000,4690,7816,44800000,11551
1,224,4480000,4482000,4690,7816,4500000,1154
1,2240,44800000,44802000,4690,7816,44820000,11557
1,2241,44820000,44822000,4690,7816,44840000,11563
1,2242,44840000,44842000,4690,7816,44860000,11568
1,2243,44860000,44862000,4690,7816,44880000,11573
1,2244,44880000,44882000,4690,7816,44900000,11578
1,2245,44900000,44902000,4690,7816,44920000,11584
1,2246,44920000,44922000,4690,7816,44940000,11588
1,2247,44940000,44942000,4690,7816,44960000,11595
1,2248,44960000,44962000,4690,7816,44980000,11598
1,2249,44980000,44982000,4690,7816,45000000,11602
1,225,4500000,4502000,4690,7816,4520000,1161
1,2250,45000000,45002000,4690,7816,45020000,11611
1,2251,45020000,45022000,4690,7816,45040000,11613
1,2252,45040000,45042000,4690,7816,45060000,11620
1,2253,45060000,45062000,4690,7816,45080000,11624
1,2254,45080000,45082000,4690,7816,45100000,11630
1,2255,45100000,45102000,4690,7816,45120000,11635
1,2256,45120000,45122000,4690,7816,45140000,11641
1,2257,45140000,45142000,4690,7816,45160000,11645
1,2258,45160000,45162000,4690,7816,45180000,11650
1,2259,45180000,45182000,4690,7816,45200000,11656
1,226,4520000,4522000,4690,7816,4540000,1164
1,2260,45200000,45202000,4690,7816,45220000,11660
1,2261,45220000,45222000,4690,7816,45240000,11665
1,2262,45240000,45242000,4690,7816,45260000,11672
1,2263,45260000,45262000,4690,7816,45280000,11676
1,2264,45280000,45282000,4690,7816,45300000,11681
1,2265,45300000,45302000,4690,7816,45320000,11688
1,2266,45320000,45322000,4690,7816,45340000,11691
1,2267,45340000,45342000,4690,7816,45360000,11695
1,2268,45360000,45362000,4690,7816,45380000,11704
1,2269,45380000,45382000,4690,7816,45400000,11706
1,227,4540000,4542000,4690,7816,4560000,1171
1,2270,45400000,45402000,4690,7816,45420000,11712
1,2271,45420000,45422000,4690,7816,45440000,11718
1,2272,45440000,45442000,4690,7816,45460000,11724
1,2273,45460000,45462000,4690,7816,45480000,11727
1,2274,45480000,45482000,4690,7816,45500000,11733
1,2275,45500000,45502000,4690,7816,45520000,11738
1,2276,45520000,45522000,4690,7816,45540000,11742
1,2277,45540000,45542000,4690,7816,45560000,11749
1,2278,45560000,45562000,4690,7816,45580000,11754
1,2279,45580000,45582000,4690,7816,45600000,11758
1,228,4560000,4562000,4690,7816,4580000,1176
1,2280,45600000,45602000,4690,7816,45620000,11764
1,2281,45620000,45622000,4690,7816,45640000,11769
1,2282,45640000,45642000,4690,7816,45660000,11775
1,2283,45660000,45662000,4690,7816,45680000,11780
1,2284,45680000,45682000,4690,7816,45700000,11784
1,2285,45700000,45702000,4690,7816,45720000,11789
1,2286,45720000,45722000,4690,7816,45740000,11796
1,2287,45740000,45742000,4690,7816,45760000,11799
1,2288,45760000,45762000,4690,7816,45780000,11805
1,2289,45780000,45782000,4690,7816,45800000,11810
1,229,4580000,4582000,4690,7816,4600000,1180
1,2290,45800000,45802000,4690,7816,45820000,11816
1,2291,45820000,45822000,4690,7816,45840000,11820
1,2292,45840000,45842000,4690,7816,45860000,11828
1,2293,45860000,45862000,4690,7816,45880000,11830
1,2294,45880000,45882000,4690,7816,45900000,11835
1,2295,45900000,45902000,4690,7816,45920000,11842
1,2296,45920000,45922000,4690,7816,45940000,11846
1,2297,45940000,45942000,4690,7816,45960000,11852
1,2298,45960000,45962000,4690,7816,45980000,11857
1,2299,45980000,45982000,4690,7816,46000000,11862
1,23,460000,462000,4690,7816,480000,117
1,230,4600000,4602000,4690,7816,4620000,1186
1,2300,46000000,46002000,4690,7816,46020000,11867
1,2301,46020000,46022000,4690,7816,46040000,11873
1,2302,46040000,46042000,4690,7816,46060000,11877
1,2303,46060000,46062000,4690,7816,46080000,11881
1,2304,46080000,46082000,4690,7816,46100000,11889
1,2305,46100000,46102000,4690,7816,46120000,11892
1,2306,46120000,46122000,4690,7816,46140000,11898
1,2307,46140000,46142000,4690,7816,46160000,11904
1,2308,46160000,46162000,4690,7816,46180000,11909
1,2309,46180000,46182000,4690,7816,46200000,11912
1,231,4620000,4622000,4690,7816,4640000,1192
1,2310,46200000,46202000,4690,7816,46220000,11921
1,2311,46220000,46222000,4690,7816,46240000,11923
1,2312,46240000,46242000,4690,7816,46260000,11928
1,2313,46260000,46262000,4690,7816,46280000,11935
1,2314,46280000,46282000,4690,7816,46300000,11939
1,2315,46300000,46302000,4690,7816,46320000,11944
1,2316,46320000,46322000,4690,7816,46340000,11949
1,2317,46340000,46342000,4690,7816,46360000,11956
1,2318,46360000,46362000,4690,7816,46380000,11960
1,2319,46380000,46382000,4690,7816,46400000,11965
1,232,4640000,4642000,4690,7816,4660000,1196
1,2320,46400000,46402000,4690,7816,46420000,11971
1,2321,46420000,46422000,4690,7816,46440000,11974
1,2322,46440000,46442000,4690,7816,46460000,11982
1,2323,46460000,46462000,4690,7816,46480000,11985
1,2324,46480000,46482000,4690,7816,46500000,11991
1,2325,46500000,46502000,4690,7816,46520000,11996
1,2326,46520000,46522000,4690,7816,46540000,12001
1,2327,46540000,46542000,4690,7816,46560000,12007
1,2328,46560000,46562000,4690,7816,46580000,12013
1,2329,46580000,46582000,4690,7816,46600000,12015
1,233,4660000,4662000,4690,7816,4680000,1199
1,2330,46600000,46602000,4690,7816,46620000,12021
1,2331,46620000,46622000,4690,7816,46640000,12028
1,2332,46640000,46642000,4690,7816,46660000,12032
1,2333,46660000,46662000,4690,7816,46680000,12037
1,2334,46680000,46682000,4690,7816,46700000,12043
1,2335,46700000,46702000,4690,7816,46720000,12048
1,2336,46720000,46722000,4690,7816,46740000,12053
1,2337,46740000,46742000,4690,7816,46760000,12059
1,2338,46760000,46762000,4690,7816,46780000,12063
1,2339,46780000,46782000,4690,7816,46800000,12066
1,234,4680000,4682000,4690,7816,4700000,1208
1,2340,46800000,46802000,4690,7816,46820000,12075
1,2341,46820000,46822000,4690,7816,46840000,12078
1,2342,46840000,46842000,4690,7816,46860000,12084
1,2343,46860000,46862000,4690,7816,46880000,12089
1,2344,46880000,46882000,4690,7816,46900000,12094
1,2345,46900000,46902000,4690,7816,46920000,12099
1,2346,46920000,46922000,4690,7816,46940000,12106
1,2347,46940000,46942000,4690,7816,46960000,12109
1,2348,46960000,46962000,4690,7816,46980000,12114
1,2349,46980000,46982000,4690,7816,47000000,12121
1,235,4700000,4702000,4690,7816,4720000,1211
1,2350,47000000,47002000,4690,7816,47020000,12125
1,2351,47020000,47022000,4690,7816,47040000,12129
1,2352,47040000,47042000,4690,7816,47060000,12136
1,2353,47060000,47062000,4690,7816,47080000,12141
1,2354,47080000,47082000,4690,7816,47100000,12145
1,2355,47100000,47102000,4690,7816,47120000,12152
1,2356,47120000,47122000,4690,7816,47140000,12156
1,2357,47140000,47142000,4690,7816,47160000,12160
1,2358,47160000,47162000,4690,7816,47180000,12167
1,2359,47180000,47182000,4690,7816,47200000,12171
1,236,4720000,4722000,4690,7816,4740000,1216
1,2360,47200000,47202000,4690,7816,47220000,12177
1,2361,47220000,47222000,4690,7816,47240000,12181
1,2362,47240000,47242000,4690,7816,47260000,12189
1,2363,47260000,47262000,4690,7816,47280000,12192
1,2364,47280000,47282000,4690,7816,47300000,12198
1,2365,47300000,47302000,4690,7816,47320000,12201
1,2366,47320000,47322000,4690,7816,47340000,12207
1,2367,47340000,47342000,4690,7816,47360000,12214
1,2368,47360000,47362000,4690,7816,47380000,12217
1,2369,47380000,47382000,4690,7816,47400000,12223
1,237,4740000,4742000,4690,7816,4760000,1222
1,2370,47400000,47402000,4690,7816,47420000,12229
1,2371,47420000,47422000,4690,7816,47440000,12233
1,2372,47440000,47442000,4690,7816,47460000,12239
1,2373,47460000,47462000,4690,7816,47480000,12245
1,2374,47480000,47482000,4690,7816,47500000,12248
1,2375,47500000,47502000,4690,7816,47520000,12253
1,2376,47520000,47522000,4690,7816,47540000,12261
1,2377,47540000,47542000,4690,7816,47560000,12264
1,2378,47560000,47562000,4690,7816,47580000,12269
1,2379,47580000,47582000,4690,7816,47600000,12274
1,238,4760000,4762000,4690,7816,4780000,1228
1,2380,47600000,47602000,4690,7816,47620000,12281
1,2381,47620000,47622000,4690,7816,47640000,12284
1,2382,47640000,47642000,4690,7816,47660000,12292
1,2383,47660000,47662000,4690,7816,47680000,12295
1,2384,47680000,47682000,4690,7816,47700000,12299
1,2385,47700000,47702000,4690,7816,47720000,12307
1,2386,47720000,47722000,4690,7816,47740000,12310
1,2387,47740000,47742000,4690,7816,47760000,12316
1,2388,47760000,47762000,4690,7816,47780000,12322
1,2389,47780000,47782000,4690,7816,47800000,12326
1,239,4780000,4782000,4690,7816,4800000,1231
1,2390,47800000,47802000,4690,7816,47820000,12332
1,2391,47820000,47822000,4690,7816,47840000,12337
1,2392,47840000,47842000,4690,7816,47860000,12342
1,2393,47860000,47862000,4690,7816,47880000,12345
1,2394,47880000,47882000,4690,7816,47900000,12353
1,2395,47900000,47902000,4690,7816,47920000,12357
1,2396,47920000,47922000,4690,7816,47940000,12362
1,2397,47940000,47942000,4690,7816,47960000,12368
1,2398,47960000,47962000,4690,7816,47980000,12374
1,2399,47980000,47982000,4690,7816,48000000,12377
1,24,480000,482000,4690,7816,500000,124
1,240,4800000,4802000,4690,7816,4820000,1239
1,2400,48000000,48002000,4690,7816,48020000,12384
1,2401,48020000,48022000,4690,7816,48040000,12388
1,2402,48040000,48042000,4690,7816,48060000,12393
1,2403,48060000,48062000,4690,7816,48080000,12399
1,2404,48080000,48082000,4690,7816,48100000,12403
1,2405,48100000,48102000,4690,7816,48120000,12409
1,2406,48120000,48122000,4690,7816,48140000,12414
1,2407,48140000,48142000,4690,7816,48160000,12419
1,2408,48160000,48162000,4690,7816,48180000,12425
1,2409,48180000,48182000,4690,7816,48200000,12430
1,241,4820000,4822000,4690,7816,4840000,1242
1,2410,48200000,48202000,4690,7816,48220000,12434
1,2411,48220000,48222000,4690,7816,48240000,12439
1,2412,48240000,48242000,4690,7816,48260000,12447
1,2413,48260000,48262000,4690,7816,48280000,12449
1,2414,48280000,48282000,4690,7816,48300000,12455
1,2415,48300000,48302000,4690,7816,48320000,12461
1,2416,48320000,48322000,4690,7816,48340000,12466
1,2417,48340000,48342000,4690,7816,48360000,12470
1,2418,48360000,48362000,4690,7816,48380000,12478
1,2419,48380000,48382000,4690,7816,48400000,12480
1,242,4840000,4842000,4690,7816,4860000,1247
1,2420,48400000,48402000,4690,7816,48420000,12485
1,2421,48420000,48422000,4690,7816,48440000,12492
1,2422,48440000,48442000,4690,7816,48460000,12497
1,2423,48460000,48462000,4690,7816,48480000,12501
1,2424,48480000,48482000,4690,7816,48500000,12507
1,2425,48500000,48502000,4690,7816,48520000,12513
1,2426,48520000,48522000,4690,7816,48540000,12517
1,2427,48540000,48542000,4690,7816,48560000,12524
1,2428,48560000,48562000,4690,7816,48580000,12527
1,2429,48580000,48582000,4690,7816,48600000,12531
1,243,4860000,4862000,4690,7816,4880000,1254
1,2430,48600000,48602000,4690,7816,48620000,12539
1,2431,48620000,48622000,4690,7816,48640000,12542
1,2432,48640000,48642000,4690,7816,48660000,12549
1,2433,48660000,48662000,4690,7816,48680000,12553
1,2434,48680000,48682000,4690,7816,48700000,12559
1,2435,48700000,48702000,4690,7816,48720000,12563
1,2436,48720000,48722000,4690,7816,48740000,12570
1,2437,48740000,48742000,4690,7816,48760000,12574
1,2438,48760000,48762000,4690,7816,48780000,12578
1,2439,48780000,48782000,4690,7816,48800000,12585
1,244,4880000,4882000,4690,7816,4900000,1257
1,2440,48800000,48802000,4690,7816,48820000,12590
1,2441,48820000,48822000,4690,7816,48840000,12594
1,2442,48840000,48842000,4690,7816,48860000,12600
1,2443,48860000,48862000,4690,7816,48880000,12605
1,2444,48880000,48882000,4690,7816,48900000,12610
1,2445,48900000,48902000,4690,7816,48920000,12616
1,2446,48920000,48922000,4690,7816,48940000,12620
1,2447,48940000,48942000,4690,7816,48960000,12625
1,2448,48960000,48962000,4690,7816,48980000,12632
1,2449,48980000,48982000,4690,7816,49000000,12634
1,245,4900000,4902000,4690,7816,4920000,1263
1,2450,49000000,49002000,4690,7816,49020000,12642
1,2451,49020000,49022000,4690,7816,49040000,12646
1,2452,49040000,49042000,4690,7816,49060000,12652
1,2453,49060000,49062000,4690,7816,49080000,12657
1,2454,49080000,49082000,4690,7816,49100000,12663
1,2455,49100000,49102000,4690,7816,49120000,12666
1,2456,49120000,49122000,4690,7816,49140000,12670
1,2457,49140000,49142000,4690,7816,49160000,12679
1,2458,49160000,49162000,4690,7816,49180000,12682
1,2459,49180000,49182000,4690,7816,49200000,12686
1,246,4920000,4922000,4690,7816,4940000,1268
1,2460,49200000,49202000,4690,7816,49220000,12694
1,2461,49220000,49222000,4690,7816,49240000,12698
1,2462,49240000,49242000,4690,7816,49260000,12703
1,2463,49260000,49262000,4690,7816,49280000,12709
1,2464,49280000,49282000,4690,7816,49300000,12713
1,2465,49300000,49302000,4690,7816,49320000,12717
1,2466,49320000,49322000,4690,7816,49340000,12725
1,2467,49340000,49342000,4690,7816,49360000,12729
1,2468,49360000,49362000,4690,7816,49380000,12734
1,2469,49380000,49382000,4690,7816,49400000,12738
1,247,4940000,4942000,4690,7816,4960000,1274
1,2470,49400000,49402000,4690,7816,49420000,12745
1,2471,49420000,49422000,4690,7816,49440000,12749
1,2472,49440000,49442000,4690,7816,49460000,12756
1,2473,49460000,49462000,4690,7816,49480000,12759
1,2474,49480000,49482000,4690,7816,49500000,12764
1,2475,49500000,49502000,4690,7816,49520000,12771
1,2476,49520000,49522000,4690,7816,49540000,12775
1,2477,49540000,49542000,4690,7816,49560000,12780
1,2478,49560000,49562000,4690,7816,49580000,12786
1,2479,49580000,49582000,4690,7816,49600000,12791
1,248,4960000,4962000,4690,7816,4980000,1279
1,2480,49600000,49602000,4690,7816,49620000,12796
1,2481,49620000,49622000,4690,7816,49640000,12802
1,2482,49640000,49642000,4690,7816,49660000,12806
1,2483,49660000,49662000,4690,7816,49680000,12810
1,2484,49680000,49682000,4690,7816,49700000,12817
1,2485,49700000,49702000,4690,7816,49720000,12821
1,2486,49720000,49722000,4690,7816,49740000,12827
1,2487,49740000,49742000,4690,7816,49760000,12832
1,2488,49760000,49762000,4690,7816,49780000,12838
1,2489,49780000,49782000,4690,7816,49800000,12842
1,249,4980000,4982000,4690,7816,5000000,1284
1,2490,49800000,49802000,4690,7816,49820000,12849
1,2491,49820000,49822000,4690,7816,49840000,12851
1,2492,49840000,49842000,4690,7816,49860000,12858
1,2493,49860000,49862000,4690,7816,49880000,12864
1,2494,49880000,49882000,4690,7816,49900000,12867
1,2495,49900000,49902000,4690,7816,49920000,12873
1,2496,49920000,49922000,4690,7816,49940000,12879
1,2497,49940000,49942000,4690,7816,49960000,12884
1,2498,49960000,49962000,4690,7816,49980000,12888
1,2499,49980000,49982000,4690,7816,50000000,12895
1,25,500000,502000,4690,7816,520000,127
1,250,5000000,5002000,4690,7816,5020000,1289
1,2500,50000000,50002000,4690,7816,50020000,12899
1,2501,50020000,50022000,4690,7816,50040000,12902
1,2502,50040000,50042000,4690,7816,50060000,12912
1,2503,50060000,50062000,4690,7816,50080000,12914
1,2504,50080000,50082000,4690,7816,50100000,12919
1,2505,50100000,50102000,4690,7816,50120000,12925
1,2506,50120000,50122000,4690,7816,50140000,12931
1,2507,50140000,50142000,4690,7816,50160000,12935
1,2508,50160000,50162000,4690,7816,50180000,12941
1,2509,50180000,50182000,4690,7816,50200000,12945
1,251,5020000,5022000,4690,7816,5040000,1292
1,2510,50200000,50202000,4690,7816,50220000,12950
1,2511,50220000,50222000,4690,7816,50240000,12956
1,2512,50240000,50242000,4690,7816,50260000,12961
1,2513,50260000,50262000,4690,7816,50280000,12966
1,2514,50280000,50282000,4690,7816,50300000,12971
1,2515,50300000,50302000,4690,7816,50320000,12977
1,2516,50320000,50322000,4690,7816,50340000,12982
1,2517,50340000,50342000,4690,7816,50360000,12988
1,2518,50360000,50362000,4690,7816,50380000,12992
1,2519,50380000,50382000,4690,7816,50400000,12995
1,252,5040000,5042000,4690,7816,5060000,1301
1,2520,50400000,50402000,4690,7816,50420000,13004
1,2521,50420000,50422000,4690,7816,50440000,13006
1,2522,50440000,50442000,4690,7816,50460000,13013
1,2523,50460000,50462000,4690,7816,50480000,13018
1,2524,50480000,50482000,4690,7816,50500000,13023
1,2525,50500000,50502000,4690,7816,50520000,13028
1,2526,50520000,50522000,4690,7816,50540000,13034
1,2527,50540000,50542000,4690,7816,50560000,13038
1,2528,50560000,50562000,4690,7816,50580000,13043
1,2529,50580000,50582000,4690,7816,50600000,13049
1,253,5060000,5062000,4690,7816,5080000,1304
1,2530,50600000,50602000,4690,7816,50620000,13054
1,2531,50620000,50622000,4690,7816,50640000,13059
1,2532,50640000,50642000,4690,7816,50660000,13065
1,2533,50660000,50662000,4690,7816,50680000,13069
1,2534,50680000,50682000,4690,7816,50700000,13074
1,2535,50700000,50702000,4690,7816,50720000,13081
1,2536,50720000,50722000,4690,7816,50740000,13084
1,2537,50740000,50742000,4690,7816,50760000,13089
1,2538,50760000,50762000,4690,7816,50780000,13097
1,2539,50780000,50782000,4690,7816,50800000,13099
1,254,5080000,5082000,4690,7816,5100000,1309
1,2540,50800000,50802000,4690,7816,50820000,13105
1,2541,50820000,50822000,4690,7816,50840000,13111
1,2542,50840000,50842000,4690,7816,50860000,13117
1,2543,50860000,50862000,4690,7816,50880000,13120
1,2544,50880000,50882000,4690,7816,50900000,13128
1,2545,50900000,50902000,4690,7816,50920000,13131
1,2546,50920000,50922000,4690,7816,50940000,13135
1,2547,50940000,50942000,4690,7816,50960000,13142
1,2548,50960000,50962000,4690,7816,50980000,13147
1,2549,50980000,50982000,4690,7816,51000000,13151
1,255,5100000,5102000,4690,7816,5120000,1315
1,2550,51000000,51002000,4690,7816,51020000,13157
1,2551,51020000,51022000,4690,7816,51040000,13163
1,2552,51040000,51042000,4690,7816,51060000,13168
1,2553,51060000,51062000,4690,7816,51080000,13173
1,2554,51080000,51082000,4690,7816,51100000,13177
1,2555,51100000,51102000,4690,7816,51120000,13182
1,2556,51120000,51122000,4690,7816,51140000,13189
1,2557,51140000,51142000,4690,7816,51160000,13193
1,2558,51160000,51162000,4690,7816,51180000,13199
1,2559,51180000,51182000,4690,7816,51200000,13203
1,256,5120000,5122000,4690,7816,5140000,1321
1,2560,51200000,51202000,4690,7816,51220000,13209
1,2561,51220000,51222000,4690,7816,51240000,13213
1,2562,51240000,51242000,4690,7816,51260000,13221
1,2563,51260000,51262000,4690,7816,51280000,13223
1,2564,51280000,51282000,4690,7816,51300000,13228
1,2565,51300000,51302000,4690,7816,51320000,13236
1,2566,51320000,51322000,4690,7816,51340000,13239
1,2567,51340000,51342000,4690,7816,51360000,13245
1,2568,51360000,51362000,4690,7816,51380000,13250
1,2569,51380000,51382000,4690,7816,51400000,13255
1,257,5140000,5142000,4690,7816,5160000,1325
1,2570,51400000,51402000,4690,7816,51420000,13261
1,2571,51420000,51422000,4690,7816,51440000,13266
1,2572,51440000,51442000,4690,7816,51460000,13271
1,2573,51460000,51462000,4690,7816,51480000,13274
1,2574,51480000,51482000,4690,7816,51500000,13282
1,2575,51500000,51502000,4690,7816,51520000,13285
1,2576,51520000,51522000,4690,7816,51540000,13291
1,2577,51540000,51542000,4690,7816,51560000,13297
1,2578,51560000,51562000,4690,7816,51580000,13302
1,2579,51580000,51582000,4690,7816,51600000,13306
1,258,5160000,5162000,4690,7816,5180000,1331
1,2580,51600000,51602000,4690,7816,51620000,13314
1,2581,51620000,51622000,4690,7816,51640000,13316
1,2582,51640000,51642000,4690,7816,51660000,13321
1,2583,51660000,51662000,4690,7816,51680000,13329
1,2584,51680000,51682000,4690,7816,51700000,13332
1,2585,51700000,51702000,4690,7816,51720000,13337
1,2586,51720000,51722000,4690,7816,51740000,13343
1,2587,51740000,51742000,4690,7816,51760000,13349
1,2588,51760000,51762000,4690,7816,51780000,13353
1,2589,51780000,51782000,4690,7816,51800000,13358
1,259,5180000,5182000,4690,7816,5200000,1334
1,2590,51800000,51802000,4690,7816,51820000,13364
1,2591,51820000,51822000,4690,7816,51840000,13367
1,2592,51840000,51842000,4690,7816,51860000,13375
1,2593,51860000,51862000,4690,7816,51880000,13379
1,2594,51880000,51882000,4690,7816,51900000,13384
1,2595,51900000,51902000,4690,7816,51920000,13389
1,2596,51920000,51922000,4690,7816,51940000,13395
1,2597,51940000,51942000,4690,7816,51960000,13400
1,2598,51960000,51962000,4690,7816,51980000,13406
1,2599,51980000,51982000,4690,7816,52000000,13408
1,26,520000,522000,4690,7816,540000,132
1,260,5200000,5202000,4690,7816,5220000,1340
1,2600,52000000,52002000,4690,7816,52020000,13415
1,2601,52020000,52022000,4690,7816,52040000,13421
1,2602,52040000,52042000,4690,7816,52060000,13425
1,2603,52060000,52062000,4690,7816,52080000,13430
1,2604,52080000,52082000,4690,7816,52100000,13436
1,2605,52100000,52102000,4690,7816,52120000,13441
1,2606,52120000,52122000,4690,7816,52140000,13446
1,2607,52140000,52142000,4690,7816,52160000,13453
1,2608,52160000,52162000,4690,7816,52180000,13456
1,2609,52180000,52182000,4690,7816,52200000,13460
1,261,5220000,5222000,4690,7816,5240000,1346
1,2610,52200000,52202000,4690,7816,52220000,13468
1,2611,52220000,52222000,4690,7816,52240000,13471
1,2612,52240000,52242000,4690,7816,52260000,13477
1,2613,52260000,52262000,4690,7816,52280000,13482
1,2614,52280000,52282000,4690,7816,52300000,13488
1,2615,52300000,52302000,4690,7816,52320000,13492
1,2616,52320000,52322000,4690,7816,52340000,13499
1,2617,52340000,52342000,4690,7816,52360000,13502
1,2618,52360000,52362000,4690,7816,52380000,13507
1,2619,52380000,52382000,4690,7816,52400000,13514
1,262,5240000,5242000,4690,7816,5260000,1351
1,2620,52400000,52402000,4690,7816,52420000,13518
1,2621,52420000,52422000,4690,7816,52440000,13523
1,2622,52440000,52442000,4690,7816,52460000,13530
1,2623,52460000,52462000,4690,7816,52480000,13534
1,2624,52480000,52482000,4690,7816,52500000,13538
1,2625,52500000,52502000,4690,7816,52520000,13545
1,2626,52520000,52522000,4690,7816,52540000,13549
1,2627,52540000,52542000,4690,7816,52560000,13553
1,2628,52560000,52562000,4690,7816,52580000,13561
1,2629,52580000,52582000,4690,7816,52600000,13564
1,263,5260000,5262000,4690,7816,5280000,1356
1,2630,52600000,52602000,4690,7816,52620000,13570
1,2631,52620000,52622000,4690,7816,52640000,13574
1,2632,52640000,52642000,4690,7816,52660000,13582
1,2633,52660000,52662000,4690,7816,52680000,13585
1,2634,52680000,52682000,4690,7816,52700000,13591
1,2635,52700000,52702000,4690,7816,52720000,13596
1,2636,52720000,52722000,4690,7816,52740000,13600
1,2637,52740000,52742000,4690,7816,52760000,13607
1,2638,52760000,52762000,4690,7816,52780000,13610
1,2639,52780000,52782000,4690,7816,52800000,13616
1,264,5280000,5282000,4690,7816,5300000,1361
1,2640,52800000,52802000,4690,7816,52820000,13622
1,2641,52820000,52822000,4690,7816,52840000,13626
1,2642,52840000,52842000,4690,7816,52860000,13633
1,2643,52860000,52862000,4690,7816,52880000,13638
1,2644,52880000,52882000,4690,7816,52900000,13641
1,2645,52900000,52902000,4690,7816,52920000,13646
1,2646,52920000,52922000,4690,7816,52940000,13654
1,2647,52940000,52942000,4690,7816,52960000,13657
1,2648,52960000,52962000,4690,7816,52980000,13663
1,2649,52980000,52982000,4690,7816,53000000,13668
1,265,5300000,5302000,4690,7816,5320000,1366
1,2650,53000000,53002000,4690,7816,53020000,13674
1,2651,53020000,53022000,4690,7816,53040000,13677
1,2652,53040000,53042000,4690,7816,53060000,13685
1,2653,53060000,53062000,4690,7816,53080000,13688
1,2654,53080000,53082000,4690,7816,53100000,13692
1,2655,53100000,53102000,4690,7816,53120000,13700
1,2656,53120000,53122000,4690,7816,53140000,13704
1,2657,53140000,53142000,4690,7816,53160000,13709
1,2658,53160000,53162000,4690,7816,53180000,13715
1,2659,53180000,53182000,4690,7816,53200000,13719
1,266,5320000,5322000,4690,7816,5340000,1372
1,2660,53200000,53202000,4690,7816,53220000,13725
1,2661,53220000,53222000,4690,7816,53240000,13731
1,2662,53240000,53242000,4690,7816,53260000,13735
1,2663,53260000,53262000,4690,7816,53280000,13739
1,2664,53280000,53282000,4690,7816,53300000,13746
1,2665,53300000,53302000,4690,7816,53320000,13750
1,2666,53320000,53322000,4690,7816,53340000,13755
1,2667,53340000,53342000,4690,7816,53360000,13761
1,2668,53360000,53362000,4690,7816,53380000,13767
1,2669,53380000,53382000,4690,7816,53400000,13770
1,267,5340000,5342000,4690,7816,5360000,1378
1,2670,53400000,53402000,4690,7816,53420000,13778
1,2671,53420000,53422000,4690,7816,53440000,13781
1,2672,53440000,53442000,4690,7816,53460000,13786
1,2673,53460000,53462000,4690,7816,53480000,13792
1,2674,53480000,53482000,4690,7816,53500000,13797
1,2675,53500000,53502000,4690,7816,53520000,13802
1,2676,53520000,53522000,4690,7816,53540000,13807
1,2677,53540000,53542000,4690,7816,53560000,13813
1,2678,53560000,53562000,4690,7816,53580000,13818
1,2679,53580000,53582000,4690,7816,53600000,13823
1,268,5360000,5362000,4690,7816,5380000,1381
1,2680,53600000,53602000,4690,7816,53620000,13827
1,2681,53620000,53622000,4690,7816,53640000,13832
1,2682,53640000,53642000,4690,7816,53660000,13840
1,2683,53660000,53662000,4690,7816,53680000,13842
1,2684,53680000,53682000,4690,7816,53700000,13849
1,2685,53700000,53702000,4690,7816,53720000,13854
1,2686,53720000,53722000,4690,7816,53740000,13859
1,2687,53740000,53742000,4690,7816,53760000,13864
1,2688,53760000,53762000,4690,7816,53780000,13871
1,2689,53780000,53782000,4690,7816,53800000,13873
1,269,5380000,5382000,4690,7816,5400000,1386
1,2690,53800000,53802000,4690,7816,53820000,13878
1,2691,53820000,53822000,4690,7816,53840000,13886
1,2692,53840000,53842000,4690,7816,53860000,13890
1,2693,53860000,53862000,4690,7816,53880000,13894
1,2694,53880000,53882000,4690,7816,53900000,13900
1,2695,53900000,53902000,4690,7816,53920000,13906
1,2696,53920000,53922000,4690,7816,53940000,13910
1,2697,53940000,53942000,4690,7816,53960000,13917
1,2698,53960000,53962000,4690,7816,53980000,13921
1,2699,53980000,53982000,4690,7816,54000000,13924
1,27,540000,542000,4690,7816,560000,139
1,270,5400000,5402000,4690,7816,5420000,1394
1,2700,54000000,54002000,4690,7816,54020000,13933
1,2701,54020000,54022000,4690,7816,54040000,13935
1,2702,54040000,54042000,4690,7816,54060000,13942
1,2703,54060000,54062000,4690,7816,54080000,13946
1,2704,54080000,54082000,4690,7816,54100000,13952
1,2705,54100000,54102000,4690,7816,54120000,13957
1,2706,54120000,54122000,4690,7816,54140000,13963
1,2707,54140000,54142000,4690,7816,54160000,13967
1,2708,54160000,54162000,4690,7816,54180000,13971
1,2709,54180000,54182000,4690,7816,54200000,13978
1,271,5420000,5422000,4690,7816,5440000,1396
1,2710,54200000,54202000,4690,7816,54220000,13983
1,2711,54220000,54222000,4690,7816,54240000,13987
1,2712,54240000,54242000,4690,7816,54260000,13994
1,2713,54260000,54262000,4690,7816,54280000,13999
1,2714,54280000,54282000,4690,7816,54300000,14003
1,2715,54300000,54302000,4690,7816,54320000,14009
1,2716,54320000,54322000,4690,7816,54340000,14013
1,2717,54340000,54342000,4690,7816,54360000,14018
1,2718,54360000,54362000,4690,7816,54380000,14025
1,2719,54380000,54382000,4690,7816,54400000,14028
1,272,5440000,5442000,4690,7816,5460000,1402
1,2720,54400000,54402000,4690,7816,54420000,14035
1,2721,54420000,54422000,4690,7816,54440000,14039
1,2722,54440000,54442000,4690,7816,54460000,14045
1,2723,54460000,54462000,4690,7816,54480000,14050
1,2724,54480000,54482000,4690,7816,54500000,14056
1,2725,54500000,54502000,4690,7816,54520000,14059
1,2726,54520000,54522000,4690,7816,54540000,14065
1,2727,54540000,54542000,4690,7816,54560000,14072
1,2728,54560000,54562000,4690,7816,54580000,14075
1,2729,54580000,54582000,4690,7816,54600000,14079
1,273,5460000,5462000,4690,7816,5480000,1408
1,2730,54600000,54602000,4690,7816,54620000,14087
1,2731,54620000,54622000,4690,7816,54640000,14091
1,2732,54640000,54642000,4690,7816,54660000,14096
1,2733,54660000,54662000,4690,7816,54680000,14103
1,2734,54680000,54682000,4690,7816,54700000,14106
1,2735,54700000,54702000,4690,7816,54720000,14110
1,2736,54720000,54722000,4690,7816,54740000,14118
1,2737,54740000,54742000,4690,7816,54760000,14122
1,2738,54760000,54762000,4690,7816,54780000,14127
1,2739,54780000,54782000,4690,7816,54800000,14132
1,274,5480000,5482000,4690,7816,5500000,1413
1,2740,54800000,54802000,4690,7816,54820000,14139
1,2741,54820000,54822000,4690,7816,54840000,14142
1,2742,54840000,54842000,4690,7816,54860000,14149
1,2743,54860000,54862000,4690,7816,54880000,14152
1,2744,54880000,54882000,4690,7816,54900000,14157
1,2745,54900000,54902000,4690,7816,54920000,14164
1,2746,54920000,54922000,4690,7816,54940000,14168
1,2747,54940000,54942000,4690,7816,54960000,14174
1,2748,54960000,54962000,4690,7816,54980000,14179
1,2749,54980000,54982000,4690,7816,55000000,14184
1,275,5500000,5502000,4690,7816,5520000,1417
1,2750,55000000,55002000,4690,7816,55020000,14189
1,2751,55020000,55022000,4690,7816,55040000,14195
1,2752,55040000,55042000,4690,7816,55060000,14200
1,2753,55060000,55062000,4690,7816,55080000,14203
1,2754,55080000,55082000,4690,7816,55100000,14211
1,2755,55100000,55102000,4690,7816,55120000,14214
1,2756,55120000,55122000,4690,7816,55140000,14220
1,2757,55140000,55142000,4690,7816,55160000,14225
1,2758,55160000,55162000,4690,7816,55180000,14231
1,2759,55180000,55182000,4690,7816,55200000,14235
1,276,5520000,5522000,4690,7816,5540000,1425
1,2760,55200000,55202000,4690,7816,55220000,14242
1,2761,55220000,55222000,4690,7816,55240000,14245
1,2762,55240000,55242000,4690,7816,55260000,14251
1,2763,55260000,55262000,4690,7816,55280000,14257
1,2764,55280000,55282000,4690,7816,55300000,14260
1,2765,55300000,55302000,4690,7816,55320000,14267
1,2766,55320000,55322000,4690,7816,55340000,14272
1,2767,55340000,55342000,4690,7816,55360000,14277
1,2768,55360000,55362000,4690,7816,55380000,14282
1,2769,55380000,55382000,4690,7816,55400000,14288
1,277,5540000,5542000,4690,7816,5560000,1428
1,2770,55400000,55402000,4690,7816,55420000,14292
1,2771,55420000,55422000,4690,7816,55440000,14295
1,2772,55440000,55442000,4690,7816,55460000,14305
1,2773,55460000,55462000,4690,7816,55480000,14307
1,2774,55480000,55482000,4690,7816,55500000,14312
1,2775,55500000,55502000,4690,7816,55520000,14319
1,2776,55520000,55522000,4690,7816,55540000,14324
1,2777,55540000,55542000,4690,7816,55560000,14328
1,2778,55560000,55562000,4690,7816,55580000,14335
1,2779,55580000,55582000,4690,7816,55600000,14338
1,278,5560000,5562000,4690,7816,5580000,1432
1,2780,55600000,55602000,4690,7816,55620000,14343
1,2781,55620000,55622000,4690,7816,55640000,14349
1,2782,55640000,55642000,4690,7816,55660000,14355
1,2783,55660000,55662000,4690,7816,55680000,14359
1,2784,55680000,55682000,4690,7816,55700000,14364
1,2785,55700000,55702000,4690,7816,55720000,14370
1,2786,55720000,55722000,4690,7816,55740000,14375
1,2787,55740000,55742000,4690,7816,55760000,14381
1,2788,55760000,55762000,4690,7816,55780000,14385
1,2789,55780000,55782000,4690,7816,55800000,14389
1,279,5580000,5582000,4690,7816,5600000,1439
1,2790,55800000,55802000,4690,7816,55820000,14397
1,2791,55820000,55822000,4690,7816,55840000,14400
1,2792,55840000,55842000,4690,7816,55860000,14406
1,2793,55860000,55862000,4690,7816,55880000,14411
1,2794,55880000,55882000,4690,7816,55900000,14416
1,2795,55900000,55902000,4690,7816,55920000,14421
1,2796,55920000,55922000,4690,7816,55940000,14428
1,2797,55940000,55942000,4690,7816,55960000,14431
1,2798,55960000,55962000,4690,7816,55980000,14436
1,2799,55980000,55982000,4690,7816,56000000,14442
1,28,560000,562000,4690,7816,580000,143
1,280,5600000,5602000,4690,7816,5620000,1444
1,2800,56000000,56002000,4690,7816,56020000,14447
1,2801,56020000,56022000,4690,7816,56040000,14452
1,2802,56040000,56042000,4690,7816,56060000,14458
1,2803,56060000,56062000,4690,7816,56080000,14463
1,2804,56080000,56082000,4690,7816,56100000,14468
1,2805,56100000,56102000,4690,7816,56120000,14474
1,2806,56120000,56122000,4690,7816,56140000,14477
1,2807,56140000,56142000,4690,7816,56160000,14482
1,2808,56160000,56162000,4690,7816,56180000,14490
1,2809,56180000,56182000,4690,7816,56200000,14492
1,281,5620000,5622000,4690,7816,5640000,1448
1,2810,56200000,56202000,4690,7816,56220000,14499
1,2811,56220000,56222000,4690,7816,56240000,14504
1,2812,56240000,56242000,4690,7816,56260000,14510
1,2813,56260000,56262000,4690,7816,56280000,14513
1,2814,56280000,56282000,4690,7816,56300000,14521
1,2815,56300000,56302000,4690,7816,56320000,14524
1,2816,56320000,56322000,4690,7816,56340000,14528
1,2817,56340000,56342000,4690,7816,56360000,14537
1,2818,56360000,56362000,4690,7816,56380000,14540
1,2819,56380000,56382000,4690,7816,56400000,14544
1,282,5640000,5642000,4690,7816,5660000,1455
1,2820,56400000,56402000,4690,7816,56420000,14550
1,2821,56420000,56422000,4690,7816,56440000,14556
1,2822,56440000,56442000,4690,7816,56460000,14561
1,2823,56460000,56462000,4690,7816,56480000,14566
1,2824,56480000,56482000,4690,7816,56500000,14571
1,2825,56500000,56502000,4690,7816,56520000,14575
1,2826,56520000,56522000,4690,7816,56540000,14582
1,2827,56540000,56542000,4690,7816,56560000,14586
1,2828,56560000,56562000,4690,7816,56580000,14592
1,2829,56580000,56582000,4690,7816,56600000,14596
1,283,5660000,5662000,4690,7816,5680000,1460
1,2830,56600000,56602000,4690,7816,56620000,14603
1,2831,56620000,56622000,4690,7816,56640000,14607
1,2832,56640000,56642000,4690,7816,56660000,14614
1,2833,56660000,56662000,4690,7816,56680000,14616
1,2834,56680000,56682000,4690,7816,56700000,14621
1,2835,56700000,56702000,4690,7816,56720000,14629
1,2836,56720000,56722000,4690,7816,56740000,14632
1,2837,56740000,56742000,4690,7816,56760000,14638
1,2838,56760000,56762000,4690,7816,56780000,14644
1,2839,56780000,56782000,4690,7816,56800000,14648
1,284,5680000,5682000,4690,7816,5700000,1464
1,2840,56800000,56802000,4690,7816,56820000,14654
1,2841,56820000,56822000,4690,7816,56840000,14659
1,2842,56840000,56842000,4690,7816,56860000,14664
1,2843,56860000,56862000,4690,7816,56880000,14668
1,2844,56880000,56882000,4690,7816,56900000,14675
1,2845,56900000,56902000,4690,7816,56920000,14679
1,2846,56920000,56922000,4690,7816,56940000,14684
1,2847,56940000,56942000,4690,7816,56960000,14690
1,2848,56960000,56962000,4690,7816,56980000,14695
1,2849,56980000,56982000,4690,7816,57000000,14699
1,285,5700000,5702000,4690,7816,5720000,1470
1,2850,57000000,57002000,4690,7816,57020000,14707
1,2851,57020000,57022000,4690,7816,57040000,14709
1,2852,57040000,57042000,4690,7816,57060000,14715
1,2853,57060000,57062000,4690,7816,57080000,14722
1,2854,57080000,57082000,4690,7816,57100000,14725
1,2855,57100000,57102000,4690,7816,57120000,14730
1,2856,57120000,57122000,4690,7816,57140000,14737
1,2857,57140000,57142000,4690,7816,57160000,14742
1,2858,57160000,57162000,4690,7816,57180000,14746
1,2859,57180000,57182000,4690,7816,57200000,14752
1,286,5720000,5722000,4690,7816,5740000,1474
1,2860,57200000,57202000,4690,7816,57220000,14757
1,2861,57220000,57222000,4690,7816,57240000,14760
1,2862,57240000,57242000,4690,7816,57260000,14768
1,2863,57260000,57262000,4690,7816,57280000,14772
1,2864,57280000,57282000,4690,7816,57300000,14777
1,2865,57300000,57302000,4690,7816,57320000,14782
1,2866,57320000,57322000,4690,7816,57340000,14789
1,2867,57340000,57342000,4690,7816,57360000,14793
1,2868,57360000,57362000,4690,7816,57380000,14799
1,2869,57380000,57382000,4690,7816,57400000,14802
1,287,5740000,5742000,4690,7816,5760000,1479
1,2870,57400000,57402000,4690,7816,57420000,14808
1,2871,57420000,57422000,4690,7816,57440000,14814
1,2872,57440000,57442000,4690,7816,57460000,14818
1,2873,57460000,57462000,4690,7816,57480000,14824
1,2874,57480000,57482000,4690,7816,57500000,14829
1,2875,57500000,57502000,4690,7816,57520000,14834
1,2876,57520000,57522000,4690,7816,57540000,14839
1,2877,57540000,57542000,4690,7816,57560000,14846
1,2878,57560000,57562000,4690,7816,57580000,14849
1,2879,57580000,57582000,4690,7816,57600000,14853
1,288,5760000,5762000,4690,7816,5780000,1486
1,2880,57600000,57602000,4690,7816,57620000,14862
1,2881,57620000,57622000,4690,7816,57640000,14864
1,2882,57640000,57642000,4690,7816,57660000,14871
1,2883,57660000,57662000,4690,7816,57680000,14875
1,2884,57680000,57682000,4690,7816,57700000,14881
1,2885,57700000,57702000,4690,7816,57720000,14885
1,2886,57720000,57722000,4690,7816,57740000,14892
1,2887,57740000,57742000,4690,7816,57760000,14896
1,2888,57760000,57762000,4690,7816,57780000,14900
1,2889,57780000,57782000,4690,7816,57800000,14907
1,289,5780000,5782000,4690,7816,5800000,1489
1,2890,57800000,57802000,4690,7816,57820000,14911
1,2891,57820000,57822000,4690,7816,57840000,14916
1,2892,57840000,57842000,4690,7816,57860000,14923
1,2893,57860000,57862000,4690,7816,57880000,14927
1,2894,57880000,57882000,4690,7816,57900000,14932
1,2895,57900000,57902000,4690,7816,57920000,14939
1,2896,57920000,57922000,4690,7816,57940000,14942
1,2897,57940000,57942000,4690,7816,57960000,14946
1,2898,57960000,57962000,4690,7816,57980000,14954
1,2899,57980000,57982000,4690,7816,58000000,14957
1,29,580000,582000,4690,7816,600000,148
1,290,5800000,5802000,4690,7816,5820000,1496
1,2900,58000000,58002000,4690,7816,58020000,14963
1,2901,58020000,58022000,4690,7816,58040000,14968
1,2902,58040000,58042000,4690,7816,58060000,14975
1,2903,58060000,58062000,4690,7816,58080000,14978
1,2904,58080000,58082000,4690,7816,58100000,14984
1,2905,58100000,58102000,4690,7816,58120000,14989
1,2906,58120000,58122000,4690,7816,58140000,14993
1,2907,58140000,58142000,4690,7816,58160000,15000
1,2908,58160000,58162000,4690,7816,58180000,15005
1,2909,58180000,58182000,4690,7816,58200000,15009
1,291,5820000,5822000,4690,7816,5840000,1500
1,2910,58200000,58202000,4690,7816,58220000,15015
1,2911,58220000,58222000,4690,7816,58240000,15019
1,2912,58240000,58242000,4690,7816,58260000,15026
1,2913,58260000,58262000,4690,7816,58280000,15031
1,2914,58280000,58282000,4690,7816,58300000,15034
1,2915,58300000,58302000,4690,7816,58320000,15040
1,2916,58320000,58322000,4690,7816,58340000,15047
1,2917,58340000,58342000,4690,7816,58360000,15050
1,2918,58360000,58362000,4690,7816,58380000,15056
1,2919,58380000,58382000,4690,7816,58400000,15061
1,292,5840000,5842000,4690,7816,5860000,1507
1,2920,58400000,58402000,4690,7816,58420000,15067
1,2921,58420000,58422000,4690,7816,58440000,15071
1,2922,58440000,58442000,4690,7816,58460000,15079
1,2923,58460000,58462000,4690,7816,58480000,15081
1,2924,58480000,58482000,4690,7816,58500000,15085
1,2925,58500000,58502000,4690,7816,58520000,15093
1,2926,58520000,58522000,4690,7816,58540000,15097
1,2927,58540000,58542000,4690,7816,58560000,15102
1,2928,58560000,58562000,4690,7816,58580000,15108
1,2929,58580000,58582000,4690,7816,58600000,15113
1,293,5860000,5862000,4690,7816,5880000,1510
1,2930,58600000,58602000,4690,7816,58620000,15118
1,2931,58620000,58622000,4690,7816,58640000,15124
1,2932,58640000,58642000,4690,7816,58660000,15128
1,2933,58660000,58662000,4690,7816,58680000,15132
1,2934,58680000,58682000,4690,7816,58700000,15140
1,2935,58700000,58702000,4690,7816,58720000,15143
1,2936,58720000,58722000,4690,7816,58740000,15149
1,2937,58740000,58742000,4690,7816,58760000,15154
1,2938,58760000,58762000,4690,7816,58780000,15160
1,2939,58780000,58782000,4690,7816,58800000,15163
1,294,5880000,5882000,4690,7816,5900000,1517
1,2940,58800000,58802000,4690,7816,58820000,15171
1,2941,58820000,58822000,4690,7816,58840000,15174
1,2942,58840000,58842000,4690,7816,58860000,15179
1,2943,58860000,58862000,4690,7816,58880000,15186
1,2944,58880000,58882000,4690,7816,58900000,15190
1,2945,58900000,58902000,4690,7816,58920000,15195
1,2946,58920000,58922000,4690,7816,58940000,15200
1,2947,58940000,58942000,4690,7816,58960000,15207
1,2948,58960000,58962000,4690,7816,58980000,15211
1,2949,58980000,58982000,4690,7816,59000000,15216
1,295,5900000,5902000,4690,7816,5920000,1521
1,2950,59000000,59002000,4690,7816,59020000,15221
1,2951,59020000,59022000,4690,7816,59040000,15225
1,2952,59040000,59042000,4690,7816,59060000,15233
1,2953,59060000,59062000,4690,7816,59080000,15235
1,2954,59080000,59082000,4690,7816,59100000,15242
1,2955,59100000,59102000,4690,7816,59120000,15247
1,2956,59120000,59122000,4690,7816,59140000,15252
1,2957,59140000,59142000,4690,7816,59160000,15258
1,2958,59160000,59162000,4690,7816,59180000,15264
1,2959,59180000,59182000,4690,7816,59200000,15266
1,296,5920000,5922000,4690,7816,5940000,1525
1,2960,59200000,59202000,4690,7816,59220000,15272
1,2961,59220000,59222000,4690,7816,59240000,15279
1,2962,59240000,59242000,4690,7816,59260000,15283
1,2963,59260000,59262000,4690,7816,59280000,15287
1,2964,59280000,59282000,4690,7816,59300000,15294
1,2965,59300000,59302000,4690,7816,59320000,15299
1,2966,59320000,59322000,4690,7816,59340000,15303
1,2967,59340000,59342000,4690,7816,59360000,15310
1,2968,59360000,59362000,4690,7816,59380000,15314
1,2969,59380000,59382000,4690,7816,59400000,15317
1,297,5940000,5942000,4690,7816,5960000,1533
1,2970,59400000,59402000,4690,7816,59420000,15326
1,2971,59420000,59422000,4690,7816,59440000,15329
1,2972,59440000,59442000,4690,7816,59460000,15335
1,2973,59460000,59462000,4690,7816,59480000,15340
1,2974,59480000,59482000,4690,7816,59500000,15345
1,2975,59500000,59502000,4690,7816,59520000,15350
1,2976,59520000,59522000,4690,7816,59540000,15356
1,2977,59540000,59542000,4690,7816,59560000,15360
1,2978,59560000,59562000,4690,7816,59580000,15365
1,2979,59580000,59582000,4690,7816,59600000,15371
1,298,5960000,5962000,4690,7816,5980000,1536
1,2980,59600000,59602000,4690,7816,59620000,15376
1,2981,59620000,59622000,4690,7816,59640000,15380
1,2982,59640000,59642000,4690,7816,59660000,15387
1,2983,59660000,59662000,4690,7816,59680000,15392
1,2984,59680000,59682000,4690,7816,59700000,15396
1,2985,59700000,59702000,4690,7816,59720000,15403
1,2986,59720000,59722000,4690,7816,59740000,15407
1,2987,59740000,59742000,4690,7816,59760000,15411
1,2988,59760000,59762000,4690,7816,59780000,15418
1,2989,59780000,59782000,4690,7816,59800000,15421
1,299,5980000,5982000,4690,7816,6000000,1541
1,2990,59800000,59802000,4690,7816,59820000,15428
1,2991,59820000,59822000,4690,7816,59840000,15432
1,2992,59840000,59842000,4690,7816,59860000,15439
1,2993,59860000,59862000,4690,7816,59880000,15443
1,2994,59880000,59882000,4690,7816,59900000,15449
1,2995,59900000,59902000,4690,7816,59920000,15452
1,2996,59920000,59922000,4690,7816,59940000,15458
1,2997,59940000,59942000,4690,7816,59960000,15465
1,2998,59960000,59962000,4690,7816,59980000,15468
1,2999,59980000,59982000,4690,7816,60000000,15474
1,3,60000,62000,4690,7816,80000,15
1,30,600000,602000,4690,7816,620000,154
1,300,6000000,6002000,4690,7816,6020000,1547
1,3000,60000000,60002000,4690,7816,60020000,15480
1,3001,60020000,60022000,4690,7816,60040000,15484
1,3002,60040000,60042000,4690,7816,60060000,15489
1,3003,60060000,60062000,4690,7816,60080000,15496
1,3004,60080000,60082000,4690,7816,60100000,15499
1,3005,60100000,60102000,4690,7816,60120000,15503
1,3006,60120000,60122000,4690,7816,60140000,15512
1,3007,60140000,60142000,4690,7816,60160000,15515
1,3008,60160000,60162000,4690,7816,60180000,15520
1,3009,60180000,60182000,4690,7816,60200000,15525
1,301,6020000,6022000,4690,7816,6040000,1552
1,3010,60200000,60202000,4690,7816,60220000,15532
1,3011,60220000,60222000,4690,7816,60240000,15535
1,3012,60240000,60242000,4690,7816,60260000,15543
1,3013,60260000,60262000,4690,7816,60280000,15546
1,3014,60280000,60282000,4690,7816,60300000,15550
1,3015,60300000,60302000,4690,7816,60320000,15557
1,3016,60320000,60322000,4690,7816,60340000,15561
1,3017,60340000,60342000,4690,7816,60360000,15567
1,3018,60360000,60362000,4690,7816,60380000,15572
1,3019,60380000,60382000,4690,7816,60400000,15577
1,302,6040000,6042000,4690,7816,6060000,1558
1,3020,60400000,60402000,4690,7816,60420000,15583
1,3021,60420000,60422000,4690,7816,60440000,15588
1,3022,60440000,60442000,4690,7816,60460000,15593
1,3023,60460000,60462000,4690,7816,60480000,15596
1,3024,60480000,60482000,4690,7816,60500000,15604
1,3025,60500000,60502000,4690,7816,60520000,15608
1,3026,60520000,60522000,4690,7816,60540000,15613
1,3027,60540000,60542000,4690,7816,60560000,15619
1,3028,60560000,60562000,4690,7816,60580000,15624
1,3029,60580000,60582000,4690,7816,60600000,15628
1,303,6060000,6062000,4690,7816,6080000,1563
1,3030,60600000,60602000,4690,7816,60620000,15635
1,3031,60620000,60622000,4690,7816,60640000,15638
1,3032,60640000,60642000,4690,7816,60660000,15644
1,3033,60660000,60662000,4690,7816,60680000,15650
1,3034,60680000,60682000,4690,7816,60700000,15654
1,3035,60700000,60702000,4690,7816,60720000,15660
1,3036,60720000,60722000,4690,7816,60740000,15665
1,3037,60740000,60742000,4690,7816,60760000,15670
1,3038,60760000,60762000,4690,7816,60780000,15676
1,3039,60780000,60782000,4690,7816,60800000,15681
1,304,6080000,6082000,4690,7816,6100000,1567
1,3040,60800000,60802000,4690,7816,60820000,15685
1,3041,60820000,60822000,4690,7816,60840000,15689
1,3042,60840000,60842000,4690,7816,60860000,15698
1,3043,60860000,60862000,4690,7816,60880000,15700
1,3044,60880000,60882000,4690,7816,60900000,15705
1,3045,60900000,60902000,4690,7816,60920000,15712
1,3046,60920000,60922000,4690,7816,60940000,15717
1,3047,60940000,60942000,4690,7816,60960000,15721
1,3048,60960000,60962000,4690,7816,60980000,15729
1,3049,60980000,60982000,4690,7816,61000000,15731
1,305,6100000,6102000,4690,7816,6120000,1572
1,3050,61000000,61002000,4690,7816,61020000,15736
1,3051,61020000,61022000,4690,7816,61040000,15743
1,3052,61040000,61042000,4690,7816,61060000,15748
1,3053,61060000,61062000,4690,7816,61080000,15752
1,3054,61080000,61082000,4690,7816,61100000,15757
1,3055,61100000,61102000,4690,7816,61120000,15764
1,3056,61120000,61122000,4690,7816,61140000,15768
1,3057,61140000,61142000,4690,7816,61160000,15774
1,3058,61160000,61162000,4690,7816,61180000,15778
1,3059,61180000,61182000,4690,7816,61200000,15782
1,306,6120000,6122000,4690,7816,6140000,1579
1,3060,61200000,61202000,4690,7816,61220000,15790
1,3061,61220000,61222000,4690,7816,61240000,15793
1,3062,61240000,61242000,4690,7816,61260000,15800
1,3063,61260000,61262000,4690,7816,61280000,15804
1,3064,61280000,61282000,4690,7816,61300000,15810
1,3065,61300000,61302000,4690,7816,61320000,15814
1,3066,61320000,61322000,4690,7816,61340000,15821
1,3067,61340000,61342000,4690,7816,61360000,15824
1,3068,61360000,61362000,4690,7816,61380000,15829
1,3069,61380000,61382000,4690,7816,61400000,15836
1,307,6140000,6142000,4690,7816,6160000,1582
1,3070,61400000,61402000,4690,7816,61420000,15840
1,3071,61420000,61422000,4690,7816,61440000,15845
1,3072,61440000,61442000,4690,7816,61460000,15851
1,3073,61460000,61462000,4690,7816,61480000,15856
1,3074,61480000,61482000,4690,7816,61500000,15861
1,3075,61500000,61502000,4690,7816,61520000,15867
1,3076,61520000,61522000,4690,7816,61540000,15871
1,3077,61540000,61542000,4690,7816,61560000,15876
1,3078,61560000,61562000,4690,7816,61580000,15883
1,3079,61580000,61582000,4690,7816,61600000,15885
1,308,6160000,6162000,4690,7816,6180000,1589
1,3080,61600000,61602000,4690,7816,61620000,15892
1,3081,61620000,61622000,4690,7816,61640000,15897
1,3082,61640000,61642000,4690,7816,61660000,15903
1,3083,61660000,61662000,4690,7816,61680000,15907
1,3084,61680000,61682000,4690,7816,61700000,15914
1,3085,61700000,61702000,4690,7816,61720000,15917
1,3086,61720000,61722000,4690,7816,61740000,15921
1,3087,61740000,61742000,4690,7816,61760000,15930
1,3088,61760000,61762000,4690,7816,61780000,15933
1,3089,61780000,61782000,4690,7816,61800000,15937
1,309,6180000,6182000,4690,7816,6200000,1593
1,3090,61800000,61802000,4690,7816,61820000,15945
1,3091,61820000,61822000,4690,7816,61840000,15949
1,3092,61840000,61842000,4690,7816,61860000,15954
1,3093,61860000,61862000,4690,7816,61880000,15959
1,3094,61880000,61882000,4690,7816,61900000,15964
1,3095,61900000,61902000,4690,7816,61920000,15968
1,3096,61920000,61922000,4690,7816,61940000,15975
1,3097,61940000,61942000,4690,7816,61960000,15980
1,3098,61960000,61962000,4690,7816,61980000,15985
1,3099,61980000,61982000,4690,7816,62000000,15989
1,31,620000,622000,4690,7816,640000,159
1,310,6200000,6202000,4690,7816,6220000,1599
1,3100,62000000,62002000,4690,7816,62020000,15996
1,3101,62020000,62022000,4690,7816,62040000,16000
1,3102,62040000,62042000,4690,7816,62060000,16007
1,3103,62060000,62062000,4690,7816,62080000,16010
1,3104,62080000,62082000,4690,7816,62100000,16015
1,3105,62100000,62102000,4690,7816,62120000,16022
1,3106,62120000,62122000,4690,7816,62140000,16025
1,3107,62140000,62142000,4690,7816,62160000,16031
1,3108,62160000,62162000,4690,7816,62180000,16037
1,3109,62180000,62182000,4690,7816,62200000,16041
1,311,6220000,6222000,4690,7816,6240000,1603
1,3110,62200000,62202000,4690,7816,62220000,16047
1,3111,62220000,62222000,4690,7816,62240000,16053
1,3112,62240000,62242000,4690,7816,62260000,16057
1,3113,62260000,62262000,4690,7816,62280000,16061
1,3114,62280000,62282000,4690,7816,62300000,16068
1,3115,62300000,62302000,4690,7816,62320000,16072
1,3116,62320000,62322000,4690,7816,62340000,16078
1,3117,62340000,62342000,4690,7816,62360000,16083
1,3118,62360000,62362000,4690,7816,62380000,16089
1,3119,62380000,62382000,4690,7816,62400000,16092
1,312,6240000,6242000,4690,7816,6260000,1611
1,3120,62400000,62402000,4690,7816,62420000,16100
1,3121,62420000,62422000,4690,7816,62440000,16102
1,3122,62440000,62442000,4690,7816,62460000,16108
1,3123,62460000,62462000,4690,7816,62480000,16115
1,3124,62480000,62482000,4690,7816,62500000,16118
1,3125,62500000,62502000,4690,7816,62520000,16124
1,3126,62520000,62522000,4690,7816,62540000,16130
1,3127,62540000,62542000,4690,7816,62560000,16135
1,3128,62560000,62562000,4690,7816,62580000,16139
1,3129,62580000,62582000,4690,7816,62600000,16146
1,313,6260000,6262000,4690,7816,6280000,1613
1,3130,62600000,62602000,4690,7816,62620000,16150
1,3131,62620000,62622000,4690,7816,62640000,16153
1,3132,62640000,62642000,4690,7816,62660000,16162
1,3133,62660000,62662000,4690,7816,62680000,16165
1,3134,62680000,62682000,4690,7816,62700000,16170
1,3135,62700000,62702000,4690,7816,62720000,16175
1,3136,62720000,62722000,4690,7816,62740000,16182
1,3137,62740000,62742000,4690,7816,62760000,16186
1,3138,62760000,62762000,4690,7816,62780000,16192
1,3139,62780000,62782000,4690,7816,62800000,16196
1,314,6280000,6282000,4690,7816,6300000,1617
1,3140,62800000,62802000,4690,7816,62820000,16201
1,3141,62820000,62822000,4690,7816,62840000,16207
1,3142,62840000,62842000,4690,7816,62860000,16212
1,3143,62860000,62862000,4690,7816,62880000,16217
1,3144,62880000,62882000,4690,7816,62900000,16222
1,3145,62900000,62902000,4690,7816,62920000,16227
1,3146,62920000,62922000,4690,7816,62940000,16233
1,3147,62940000,62942000,4690,7816,62960000,16239
1,3148,62960000,62962000,4690,7816,62980000,16242
1,3149,62980000,62982000,4690,7816,63000000,16246
1,315,6300000,6302000,4690,7816,6320000,1626
1,3150,63000000,63002000,4690,7816,63020000,16255
1,3151,63020000,63022000,4690,7816,63040000,16257
1,3152,63040000,63042000,4690,7816,63060000,16264
1,3153,63060000,63062000,4690,7816,63080000,16269
1,3154,63080000,63082000,4690,7816,63100000,16274
1,3155,63100000,63102000,4690,7816,63120000,16279
1,3156,63120000,63122000,4690,7816,63140000,16285
1,3157,63140000,63142000,4690,7816,63160000,16289
1,3158,63160000,63162000,4690,7816,63180000,16293
1,3159,63180000,63182000,4690,7816,63200000,16300
1,316,6320000,6322000,4690,7816,6340000,1629
1,3160,63200000,63202000,4690,7816,63220000,16305
1,3161,63220000,63222000,4690,7816,63240000,16309
1,3162,63240000,63242000,4690,7816,63260000,16316
1,3163,63260000,63262000,4690,7816,63280000,16320
1,3164,63280000,63282000,4690,7816,63300000,16325
1,3165,63300000,63302000,4690,7816,63320000,16332
1,3166,63320000,63322000,4690,7816,63340000,16335
1,3167,63340000,63342000,4690,7816,63360000,16340
1,3168,63360000,63362000,4690,7816,63380000,16348
1,3169,63380000,63382000,4690,7816,63400000,16350
1,317,6340000,6342000,4690,7816,6360000,1634
1,3170,63400000,63402000,4690,7816,63420000,16356
1,3171,63420000,63422000,4690,7816,63440000,16361
1,3172,63440000,63442000,4690,7816,63460000,16368
1,3173,63460000,63462000,4690,7816,63480000,16371
1,3174,63480000,63482000,4690,7816,63500000,16378
1,3175,63500000,63502000,4690,7816,63520000,16382
1,3176,63520000,63522000,4690,7816,63540000,16386
1,3177,63540000,63542000,4690,7816,63560000,16393
1,3178,63560000,63562000,4690,7816,63580000,16398
1,3179,63580000,63582000,4690,7816,63600000,16402
1,318,6360000,6362000,4690,7816,6380000,1641
1,3180,63600000,63602000,4690,7816,63620000,16408
1,3181,63620000,63622000,4690,7816,63640000,16414
1,3182,63640000,63642000,4690,7816,63660000,16419
1,3183,63660000,63662000,4690,7816,63680000,16424
1,3184,63680000,63682000,4690,7816,63700000,16427
1,3185,63700000,63702000,4690,7816,63720000,16433
1,3186,63720000,63722000,4690,7816,63740000,16440
1,3187,63740000,63742000,4690,7816,63760000,16443
1,3188,63760000,63762000,4690,7816,63780000,16450
1,3189,63780000,63782000,4690,7816,63800000,16454
1,319,6380000,6382000,4690,7816,6400000,1645
1,3190,63800000,63802000,4690,7816,63820000,16460
1,3191,63820000,63822000,4690,7816,63840000,16464
1,3192,63840000,63842000,4690,7816,63860000,16472
1,3193,63860000,63862000,4690,7816,63880000,16474
1,3194,63880000,63882000,4690,7816,63900000,16479
1,3195,63900000,63902000,4690,7816,63920000,16487
1,3196,63920000,63922000,4690,7816,63940000,16490
1,3197,63940000,63942000,4690,7816,63960000,16495
1,3198,63960000,63962000,4690,7816,63980000,16501
1,3199,63980000,63982000,4690,7816,64000000,16506
1,32,640000,642000,4690,7816,660000,165
1,320,6400000,6402000,4690,7816,6420000,1650
1,3200,64000000,64002000,4690,7816,64020000,16511
1,3201,64020000,64022000,4690,7816,64040000,16517
1,3202,64040000,64042000,4690,7816,64060000,16522
1,3203,64060000,64062000,4690,7816,64080000,16525
1,3204,64080000,64082000,4690,7816,64100000,16533
1,3205,64100000,64102000,4690,7816,64120000,16536
1,3206,64120000,64122000,4690,7816,64140000,16542
1,3207,64140000,64142000,4690,7816,64160000,16548
1,3208,64160000,64162000,4690,7816,64180000,16553
1,3209,64180000,64182000,4690,7816,64200000,16557
1,321,6420000,6422000,4690,7816,6440000,1656
1,3210,64200000,64202000,4690,7816,64220000,16564
1,3211,64220000,64222000,4690,7816,64240000,16567
1,3212,64240000,64242000,4690,7816,64260000,16572
1,3213,64260000,64262000,4690,7816,64280000,16579
1,3214,64280000,64282000,4690,7816,64300000,16583
1,3215,64300000,64302000,4690,7816,64320000,16588
1,3216,64320000,64322000,4690,7816,64340000,16594
1,3217,64340000,64342000,4690,7816,64360000,16600
1,3218,64360000,64362000,4690,7816,64380000,16604
1,3219,64380000,64382000,4690,7816,64400000,16609
1,322,6440000,6442000,4690,7816,6460000,1661
1,3220,64400000,64402000,4690,7816,64420000,16615
1,3221,64420000,64422000,4690,7816,64440000,16618
1,3222,64440000,64442000,4690,7816,64460000,16626
1,3223,64460000,64462000,4690,7816,64480000,16629
1,3224,64480000,64482000,4690,7816,64500000,16635
1,3225,64500000,64502000,4690,7816,64520000,16640
1,3226,64520000,64522000,4690,7816,64540000,16645
1,3227,64540000,64542000,4690,7816,64560000,16651
1,3228,64560000,64562000,4690,7816,64580000,16657
1,3229,64580000,64582000,4690,7816,64600000,16659
1,323,6460000,6462000,4690,7816,6480000,1664
1,3230,64600000,64602000,4690,7816,64620000,16666
1,3231,64620000,64622000,4690,7816,64640000,16672
1,3232,64640000,64642000,4690,7816,64660000,16676
1,3233,64660000,64662000,4690,7816,64680000,16681
1,3234,64680000,64682000,4690,7816,64700000,16687
1,3235,64700000,64702000,4690,7816,64720000,16692
1,3236,64720000,64722000,4690,7816,64740000,16696
1,3237,64740000,64742000,4690,7816,64760000,16704
1,3238,64760000,64762000,4690,7816,64780000,16707
1,3239,64780000,64782000,4690,7816,64800000,16710
1,324,6480000,6482000,4690,7816,6500000,1671
1,3240,64800000,64802000,4690,7816,64820000,16719
1,3241,64820000,64822000,4690,7816,64840000,16722
1,3242,64840000,64842000,4690,7816,64860000,16728
1,3243,64860000,64862000,4690,7816,64880000,16733
1,3244,64880000,64882000,4690,7816,64900000,16739
1,3245,64900000,64902000,4690,7816,64920000,16743
1,3246,64920000,64922000,4690,7816,64940000,16750
1,3247,64940000,64942000,4690,7816,64960000,16753
1,3248,64960000,64962000,4690,7816,64980000,16758
1,3249,64980000,64982000,4690,7816,65000000,16764
1,325,6500000,6502000,4690,7816,6520000,1676
1,3250,65000000,65002000,4690,7816,65020000,16769
1,3251,65020000,65022000,4690,7816,65040000,16774
1,3252,65040000,65042000,4690,7816,65060000,16780
1,3253,65060000,65062000,4690,7816,65080000,16785
1,3254,65080000,65082000,4690,7816,65100000,16789
1,3255,65100000,65102000,4690,7816,65120000,16796
1,3256,65120000,65122000,4690,7816,65140000,16800
1,3257,65140000,65142000,4690,7816,65160000,16804
1,3258,65160000,65162000,4690,7816,65180000,16812
1,3259,65180000,65182000,4690,7816,65200000,16815
1,326,6520000,6522000,4690,7816,6540000,1681
1,3260,65200000,65202000,4690,7816,65220000,16821
1,3261,65220000,65222000,4690,7816,65240000,16825
1,3262,65240000,65242000,4690,7816,65260000,16832
1,3263,65260000,65262000,4690,7816,65280000,16836
1,3264,65280000,65282000,4690,7816,65300000,16842
1,3265,65300000,65302000,4690,7816,65320000,16846
1,3266,65320000,65322000,4690,7816,65340000,16851
1,3267,65340000,65342000,4690,7816,65360000,16858
1,3268,65360000,65362000,4690,7816,65380000,16861
1,3269,65380000,65382000,4690,7816,65400000,16867
1,327,6540000,6542000,4690,7816,6560000,1686
1,3270,65400000,65402000,4690,7816,65420000,16873
1,3271,65420000,65422000,4690,7816,65440000,16877
1,3272,65440000,65442000,4690,7816,65460000,16884
1,3273,65460000,65462000,4690,7816,65480000,16889
1,3274,65480000,65482000,4690,7816,65500000,16892
1,3275,65500000,65502000,4690,7816,65520000,16896
1,3276,65520000,65522000,4690,7816,65540000,16905
1,3277,65540000,65542000,4690,7816,65560000,16908
1,3278,65560000,65562000,4690,7816,65580000,16913
1,3279,65580000,65582000,4690,7816,65600000,16919
1,328,6560000,6562000,4690,7816,6580000,1692
1,3280,65600000,65602000,4690,7816,65620000,16925
1,3281,65620000,65622000,4690,7816,65640000,16928
1,3282,65640000,65642000,4690,7816,65660000,16936
1,3283,65660000,65662000,4690,7816,65680000,16939
1,3284,65680000,65682000,4690,7816,65700000,16943
1,3285,65700000,65702000,4690,7816,65720000,16951
1,3286,65720000,65722000,4690,7816,65740000,16955
1,3287,65740000,65742000,4690,7816,65760000,16960
1,3288,65760000,65762000,4690,7816,65780000,16965
1,3289,65780000,65782000,4690,7816,65800000,16970
1,329,6580000,6582000,4690,7816,6600000,1696
1,3290,65800000,65802000,4690,7816,65820000,16976
1,3291,65820000,65822000,4690,7816,65840000,16981
1,3292,65840000,65842000,4690,7816,65860000,16986
1,3293,65860000,65862000,4690,7816,65880000,16990
1,3294,65880000,65882000,4690,7816,65900000,16997
1,3295,65900000,65902000,4690,7816,65920000,17001
1,3296,65920000,65922000,4690,7816,65940000,17006
1,3297,65940000,65942000,4690,7816,65960000,17012
1,3298,65960000,65962000,4690,7816,65980000,17018
1,3299,65980000,65982000,4690,7816,66000000,17021
1,33,660000,662000,4690,7816,680000,170
1,330,6600000,6602000,4690,7816,6620000,1703
1,3300,66000000,66002000,4690,7816,66020000,17029
1,3301,66020000,66022000,4690,7816,66040000,17031
1,3302,66040000,66042000,4690,7816,66060000,17037
1,3303,66060000,66062000,4690,7816,66080000,17043
1,3304,66080000,66082000,4690,7816,66100000,17047
1,3305,66100000,66102000,4690,7816,66120000,17053
1,3306,66120000,66122000,4690,7816,66140000,17058
1,3307,66140000,66142000,4690,7816,66160000,17064
1,3308,66160000,66162000,4690,7816,66180000,17069
1,3309,66180000,66182000,4690,7816,66200000,17074
1,331,6620000,6622000,4690,7816,6640000,1706
1,3310,66200000,66202000,4690,7816,66220000,17078
1,3311,66220000,66222000,4690,7816,66240000,17083
1,3312,66240000,66242000,4690,7816,66260000,17091
1,3313,66260000,66262000,4690,7816,66280000,17093
1,3314,66280000,66282000,4690,7816,66300000,17099
1,3315,66300000,66302000,4690,7816,66320000,17105
1,3316,66320000,66322000,4690,7816,66340000,17110
1,3317,66340000,66342000,4690,7816,66360000,17114
1,3318,66360000,66362000,4690,7816,66380000,17122
1,3319,66380000,66382000,4690,7816,66400000,17124
1,332,6640000,6642000,4690,7816,6660000,1712
1,3320,66400000,66402000,4690,7816,66420000,17129
1,3321,66420000,66422000,4690,7816,66440000,17137
1,3322,66440000,66442000,4690,7816,66460000,17141
1,3323,66460000,66462000,4690,7816,66480000,17145
1,3324,66480000,66482000,4690,7816,66500000,17151
1,3325,66500000,66502000,4690,7816,66520000,17157
1,3326,66520000,66522000,4690,7816,66540000,17161
1,3327,66540000,66542000,4690,7816,66560000,17167
1,3328,66560000,66562000,4690,7816,66580000,17172
1,3329,66580000,66582000,4690,7816,66600000,17175
1,333,6660000,6662000,4690,7816,6680000,1718
1,3330,66600000,66602000,4690,7816,66620000,17183
1,3331,66620000,66622000,4690,7816,66640000,17186
1,3332,66640000,66642000,4690,7816,66660000,17193
1,3333,66660000,66662000,4690,7816,66680000,17197
1,3334,66680000,66682000,4690,7816,66700000,17203
1,3335,66700000,66702000,4690,7816,66720000,17208
1,3336,66720000,66722000,4690,7816,66740000,17214
1,3337,66740000,66742000,4690,7816,66760000,17218
1,3338,66760000,66762000,4690,7816,66780000,17222
1,3339,66780000,66782000,4690,7816,66800000,17229
1,334,6680000,6682000,4690,7816,6700000,1722
1,3340,66800000,66802000,4690,7816,66820000,17233
1,3341,66820000,66822000,4690,7816,66840000,17238
1,3342,66840000,66842000,4690,7816,66860000,17245
1,3343,66860000,66862000,4690,7816,66880000,17249
1,3344,66880000,66882000,4690,7816,66900000,17254
1,3345,66900000,66902000,4690,7816,66920000,17260
1,3346,66920000,66922000,4690,7816,66940000,17264
1,3347,66940000,66942000,4690,7816,66960000,17269
1,3348,66960000,66962000,4690,7816,66980000,17276
1,3349,66980000,66982000,4690,7816,67000000,17279
1,335,6700000,6702000,4690,7816,6720000,1727
1,3350,67000000,67002000,4690,7816,67020000,17286
1,3351,67020000,67022000,4690,7816,67040000,17290
1,3352,67040000,67042000,4690,7816,67060000,17296
1,3353,67060000,67062000,4690,7816,67080000,17300
1,3354,67080000,67082000,4690,7816,67100000,17307
1,3355,67100000,67102000,4690,7816,67120000,17310
1,3356,67120000,67122000,4690,7816,67140000,17315
1,3357,67140000,67142000,4690,7816,67160000,17323
1,3358,67160000,67162000,4690,7816,67180000,17326
1,3359,67180000,67182000,4690,7816,67200000,17330
1,336,6720000,6722000,4690,7816,6740000,1733
1,3360,67200000,67202000,4690,7816,67220000,17338
1,3361,67220000,67222000,4690,7816,67240000,17342
1,3362,67240000,67242000,4690,7816,67260000,17347
1,3363,67260000,67262000,4690,7816,67280000,17354
1,3364,67280000,67282000,4690,7816,67300000,17357
1,3365,67300000,67302000,4690,7816,67320000,17361
1,3366,67320000,67322000,4690,7816,67340000,17368
1,3367,67340000,67342000,4690,7816,67360000,17373
1,3368,67360000,67362000,4690,7816,67380000,17378
1,3369,67380000,67382000,4690,7816,67400000,17382
1,337,6740000,6742000,4690,7816,6760000,1738
1,3370,67400000,67402000,4690,7816,67420000,17390
1,3371,67420000,67422000,4690,7816,67440000,17393
1,3372,67440000,67442000,4690,7816,67460000,17400
1,3373,67460000,67462000,4690,7816,67480000,17403
1,3374,67480000,67482000,4690,7816,67500000,17408
1,3375,67500000,67502000,4690,7816,67520000,17415
1,3376,67520000,67522000,4690,7816,67540000,17419
1,3377,67540000,67542000,4690,7816,67560000,17425
1,3378,67560000,67562000,4690,7816,67580000,17430
1,3379,67580000,67582000,4690,7816,67600000,17434
1,338,6760000,6762000,4690,7816,6780000,1743
1,3380,67600000,67602000,4690,7816,67620000,17440
1,3381,67620000,67622000,4690,7816,67640000,17446
1,3382,67640000,67642000,4690,7816,67660000,17450
1,3383,67660000,67662000,4690,7816,67680000,17454
1,3384,67680000,67682000,4690,7816,67700000,17462
1,3385,67700000,67702000,4690,7816,67720000,17465
1,3386,67720000,67722000,4690,7816,67740000,17471
1,3387,67740000,67742000,4690,7816,67760000,17476
1,3388,67760000,67762000,4690,7816,67780000,17482
1,3389,67780000,67782000,4690,7816,67800000,17486
1,339,6780000,6782000,4690,7816,6800000,1749
1,3390,67800000,67802000,4690,7816,67820000,17493
1,3391,67820000,67822000,4690,7816,67840000,17496
1,3392,67840000,67842000,4690,7816,67860000,17501
1,3393,67860000,67862000,4690,7816,67880000,17508
1,3394,67880000,67882000,4690,7816,67900000,17511
1,3395,67900000,67902000,4690,7816,67920000,17517
1,3396,67920000,67922000,4690,7816,67940000,17523
1,3397,67940000,67942000,4690,7816,67960000,17528
1,3398,67960000,67962000,4690,7816,67980000,17533
1,3399,67980000,67982000,4690,7816,68000000,17539
1,34,680000,682000,4690,7816,700000,173
1,340,6800000,6802000,4690,7816,6820000,1753
1,3400,68000000,68002000,4690,7816,68020000,17543
1,3401,68020000,68022000,4690,7816,68040000,17546
1,3402,68040000,68042000,4690,7816,68060000,17556
1,3403,68060000,68062000,4690,7816,68080000,17558
1,3404,68080000,68082000,4690,7816,68100000,17563
1,3405,68100000,68102000,4690,7816,68120000,17569
1,3406,68120000,68122000,4690,7816,68140000,17575
1,3407,68140000,68142000,4690,7816,68160000,17579
1,3408,68160000,68162000,4690,7816,68180000,17585
1,3409,68180000,68182000,4690,7816,68200000,17589
1,341,6820000,6822000,4690,7816,6840000,1757
1,3410,68200000,68202000,4690,7816,68220000,17594
1,3411,68220000,68222000,4690,7816,68240000,17600
1,3412,68240000,68242000,4690,7816,68260000,17606
1,3413,68260000,68262000,4690,7816,68280000,17610
1,3414,68280000,68282000,4690,7816,68300000,17615
1,3415,68300000,68302000,4690,7816,68320000,17621
1,3416,68320000,68322000,4690,7816,68340000,17626
1,3417,68340000,68342000,4690,7816,68360000,17632
1,3418,68360000,68362000,4690,7816,68380000,17635
1,3419,68380000,68382000,4690,7816,68400000,17640
1,342,6840000,6842000,4690,7816,6860000,1765
1,3420,68400000,68402000,4690,7816,68420000,17648
1,3421,68420000,68422000,4690,7816,68440000,17650
1,3422,68440000,68442000,4690,7816,68460000,17657
1,3423,68460000,68462000,4690,7816,68480000,17662
1,3424,68480000,68482000,4690,7816,68500000,17667
1,3425,68500000,68502000,4690,7816,68520000,17672
1,3426,68520000,68522000,4690,7816,68540000,17679
1,3427,68540000,68542000,4690,7816,68560000,17682
1,3428,68560000,68562000,4690,7816,68580000,17687
1,3429,68580000,68582000,4690,7816,68600000,17693
1,343,6860000,6862000,4690,7816,6880000,1768
1,3430,68600000,68602000,4690,7816,68620000,17698
1,3431,68620000,68622000,4690,7816,68640000,17702
1,3432,68640000,68642000,4690,7816,68660000,17709
1,3433,68660000,68662000,4690,7816,68680000,17714
1,3434,68680000,68682000,4690,7816,68700000,17718
1,3435,68700000,68702000,4690,7816,68720000,17725
1,3436,68720000,68722000,4690,7816,68740000,17728
1,3437,68740000,68742000,4690,7816,68760000,17733
1,3438,68760000,68762000,4690,7816,68780000,17741
1,3439,68780000,68782000,4690,7816,68800000,17743
1,344,6880000,6882000,4690,7816,6900000,1774
1,3440,68800000,68802000,4690,7816,68820000,17750
1,3441,68820000,68822000,4690,7816,68840000,17755
1,3442,68840000,68842000,4690,7816,68860000,17761
1,3443,68860000,68862000,4690,7816,68880000,17764
1,3444,68880000,68882000,4690,7816,68900000,17771
1,3445,68900000,68902000,4690,7816,68920000,17775
1,3446,68920000,68922000,4690,7816,68940000,17779
1,3447,68940000,68942000,4690,7816,68960000,17787
1,3448,68960000,68962000,4690,7816,68980000,17791
1,3449,68980000,68982000,4690,7816,69000000,17795
1,345,6900000,6902000,4690,7816,6920000,1779
1,3450,69000000,69002000,4690,7816,69020000,17801
1,3451,69020000,69022000,4690,7816,69040000,17807
1,3452,69040000,69042000,4690,7816,69060000,17812
1,3453,69060000,69062000,4690,7816,69080000,17817
1,3454,69080000,69082000,4690,7816,69100000,17822
1,3455,69100000,69102000,4690,7816,69120000,17826
1,3456,69120000,69122000,4690,7816,69140000,17833
1,3457,69140000,69142000,4690,7816,69160000,17836
1,3458,69160000,69162000,4690,7816,69180000,17843
1,3459,69180000,69182000,4690,7816,69200000,17847
1,346,6920000,6922000,4690,7816,6940000,1785
1,3460,69200000,69202000,4690,7816,69220000,17853
1,3461,69220000,69222000,4690,7816,69240000,17858
1,3462,69240000,69242000,4690,7816,69260000,17865
1,3463,69260000,69262000,4690,7816,69280000,17867
1,3464,69280000,69282000,4690,7816,69300000,17872
1,3465,69300000,69302000,4690,7816,69320000,17880
1,3466,69320000,69322000,4690,7816,69340000,17883
1,3467,69340000,69342000,4690,7816,69360000,17889
1,3468,69360000,69362000,4690,7816,69380000,17895
1,3469,69380000,69382000,4690,7816,69400000,17899
1,347,6940000,6942000,4690,7816,6960000,1790
1,3470,69400000,69402000,4690,7816,69420000,17904
1,3471,69420000,69422000,4690,7816,69440000,17910
1,3472,69440000,69442000,4690,7816,69460000,17915
1,3473,69460000,69462000,4690,7816,69480000,17918
1,3474,69480000,69482000,4690,7816,69500000,17926
1,3475,69500000,69502000,4690,7816,69520000,17930
1,3476,69520000,69522000,4690,7816,69540000,17935
1,3477,69540000,69542000,4690,7816,69560000,17941
1,3478,69560000,69562000,4690,7816,69580000,17946
1,3479,69580000,69582000,4690,7816,69600000,17950
1,348,6960000,6962000,4690,7816,6980000,1796
1,3480,69600000,69602000,4690,7816,69620000,17958
1,3481,69620000,69622000,4690,7816,69640000,17960
1,3482,69640000,69642000,4690,7816,69660000,17966
1,3483,69660000,69662000,4690,7816,69680000,17972
1,3484,69680000,69682000,4690,7816,69700000,17976
1,3485,69700000,69702000,4690,7816,69720000,17981
1,3486,69720000,69722000,4690,7816,69740000,17987
1,3487,69740000,69742000,4690,7816,69760000,17993
1,3488,69760000,69762000,4690,7816,69780000,17997
1,3489,69780000,69782000,4690,7816,69800000,18003
1,349,6980000,6982000,4690,7816,7000000,1798
1,3490,69800000,69802000,4690,7816,69820000,18008
1,3491,69820000,69822000,4690,7816,69840000,18011
1,3492,69840000,69842000,4690,7816,69860000,18019
1,3493,69860000,69862000,4690,7816,69880000,18023
1,3494,69880000,69882000,4690,7816,69900000,18028
1,3495,69900000,69902000,4690,7816,69920000,18033
1,3496,69920000,69922000,4690,7816,69940000,18039
1,3497,69940000,69942000,4690,7816,69960000,18044
1,3498,69960000,69962000,4690,7816,69980000,18050
1,3499,69980000,69982000,4690,7816,70000000,18052
1,35,700000,702000,4690,7816,720000,179
1,350,7000000,7002000,4690,7816,7020000,1804
1,3500,70000000,70002000,4690,7816,70020000,18059
1,3501,70020000,70022000,4690,7816,70040000,18065
1,3502,70040000,70042000,4690,7816,70060000,18069
1,3503,70060000,70062000,4690,7816,70080000,18075
1,3504,70080000,70082000,4690,7816,70100000,18080
1,3505,70100000,70102000,4690,7816,70120000,18085
1,3506,70120000,70122000,4690,7816,70140000,18090
1,3507,70140000,70142000,4690,7816,70160000,18097
1,3508,70160000,70162000,4690,7816,70180000,18100
1,3509,70180000,70182000,4690,7816,70200000,18103
1,351,7020000,7022000,4690,7816,7040000,1811
1,3510,70200000,70202000,4690,7816,70220000,18113
1,3511,70220000,70222000,4690,7816,70240000,18115
1,3512,70240000,70242000,4690,7816,70260000,18121
1,3513,70260000,70262000,4690,7816,70280000,18126
1,3514,70280000,70282000,4690,7816,70300000,18132
1,3515,70300000,70302000,4690,7816,70320000,18136
1,3516,70320000,70322000,4690,7816,70340000,18143
1,3517,70340000,70342000,4690,7816,70360000,18147
1,3518,70360000,70362000,4690,7816,70380000,18151
1,3519,70380000,70382000,4690,7816,70400000,18158
1,352,7040000,7042000,4690,7816,7060000,1815
1,3520,70400000,70402000,4690,7816,70420000,18162
1,3521,70420000,70422000,4690,7816,70440000,18167
1,3522,70440000,70442000,4690,7816,70460000,18173
1,3523,70460000,70462000,4690,7816,70480000,18178
1,3524,70480000,70482000,4690,7816,70500000,18183
1,3525,70500000,70502000,4690,7816,70520000,18189
1,3526,70520000,70522000,4690,7816,70540000,18193
1,3527,70540000,70542000,4690,7816,70560000,18197
1,3528,70560000,70562000,4690,7816,70580000,18205
1,3529,70580000,70582000,4690,7816,70600000,18208
1,353,7060000,7062000,4690,7816,7080000,1820
1,3530,70600000,70602000,4690,7816,70620000,18214
1,3531,70620000,70622000,4690,7816,70640000,18219
1,3532,70640000,70642000,4690,7816,70660000,18226
1,3533,70660000,70662000,4690,7816,70680000,18229
1,3534,70680000,70682000,4690,7816,70700000,18235
1,3535,70700000,70702000,4690,7816,70720000,18239
1,3536,70720000,70722000,4690,7816,70740000,18244
1,3537,70740000,70742000,4690,7816,70760000,18251
1,3538,70760000,70762000,4690,7816,70780000,18255
1,3539,70780000,70782000,4690,7816,70800000,18260
1,354,7080000,7082000,4690,7816,7100000,1826
1,3540,70800000,70802000,4690,7816,70820000,18266
1,3541,70820000,70822000,4690,7816,70840000,18270
1,3542,70840000,70842000,4690,7816,70860000,18277
1,3543,70860000,70862000,4690,7816,70880000,18282
1,3544,70880000,70882000,4690,7816,70900000,18285
1,3545,70900000,70902000,4690,7816,70920000,18291
1,3546,70920000,70922000,4690,7816,70940000,18298
1,3547,70940000,70942000,4690,7816,70960000,18301
1,3548,70960000,70962000,4690,7816,70980000,18306
1,3549,70980000,70982000,4690,7816,71000000,18312
1,355,7100000,7102000,4690,7816,7120000,1831
1,3550,71000000,71002000,4690,7816,71020000,18318
1,3551,71020000,71022000,4690,7816,71040000,18321
1,3552,71040000,71042000,4690,7816,71060000,18330
1,3553,71060000,71062000,4690,7816,71080000,18332
1,3554,71080000,71082000,4690,7816,71100000,18336
1,3555,71100000,71102000,4690,7816,71120000,18344
1,3556,71120000,71122000,4690,7816,71140000,18348
1,3557,71140000,71142000,4690,7816,71160000,18353
1,3558,71160000,71162000,4690,7816,71180000,18359
1,3559,71180000,71182000,4690,7816,71200000,18364
1,356,7120000,7122000,4690,7816,7140000,1835
1,3560,71200000,71202000,4690,7816,71220000,18369
1,3561,71220000,71222000,4690,7816,71240000,18374
1,3562,71240000,71242000,4690,7816,71260000,18379
1,3563,71260000,71262000,4690,7816,71280000,18383
1,3564,71280000,71282000,4690,7816,71300000,18390
1,3565,71300000,71302000,4690,7816,71320000,18394
1,3566,71320000,71322000,4690,7816,71340000,18400
1,3567,71340000,71342000,4690,7816,71360000,18405
1,3568,71360000,71362000,4690,7816,71380000,18411
1,3569,71380000,71382000,4690,7816,71400000,18414
1,357,7140000,7142000,4690,7816,7160000,1843
1,3570,71400000,71402000,4690,7816,71420000,18422
1,3571,71420000,71422000,4690,7816,71440000,18425
1,3572,71440000,71442000,4690,7816,71460000,18430
1,3573,71460000,71462000,4690,7816,71480000,18437
1,3574,71480000,71482000,4690,7816,71500000,18440
1,3575,71500000,71502000,4690,7816,71520000,18446
1,3576,71520000,71522000,4690,7816,71540000,18451
1,3577,71540000,71542000,4690,7816,71560000,18457
1,3578,71560000,71562000,4690,7816,71580000,18462
1,3579,71580000,71582000,4690,7816,71600000,18467
1,358,7160000,7162000,4690,7816,7180000,1846
1,3580,71600000,71602000,4690,7816,71620000,18472
1,3581,71620000,71622000,4690,7816,71640000,18476
1,3582,71640000,71642000,4690,7816,71660000,18484
1,3583,71660000,71662000,4690,7816,71680000,18486
1,3584,71680000,71682000,4690,7816,71700000,18493
1,3585,71700000,71702000,4690,7816,71720000,18498
1,3586,71720000,71722000,4690,7816,71740000,18503
1,3587,71740000,71742000,4690,7816,71760000,18508
1,3588,71760000,71762000,4690,7816,71780000,18515
1,3589,71780000,71782000,4690,7816,71800000,18517
1,359,7180000,7182000,4690,7816,7200000,1849
1,3590,71800000,71802000,4690,7816,71820000,18522
1,3591,71820000,71822000,4690,7816,71840000,18530
1,3592,71840000,71842000,4690,7816,71860000,18534
1,3593,71860000,71862000,4690,7816,71880000,18538
1,3594,71880000,71882000,4690,7816,71900000,18545
1,3595,71900000,71902000,4690,7816,71920000,18550
1,3596,71920000,71922000,4690,7816,71940000,18554
1,3597,71940000,71942000,4690,7816,71960000,18561
1,3598,71960000,71962000,4690,7816,71980000,18565
1,3599,71980000,71982000,4690,7816,72000000,18568
1,36,720000,722000,4690,7816,740000,186
1,360,7200000,7202000,4690,7816,7220000,1859
1,3600,72000000,72002000,4690,7816,72020000,18576
1,3601,72020000,72022000,4690,7816,72040000,18580
1,3602,72040000,72042000,4690,7816,72060000,18586
1,3603,72060000,72062000,4690,7816,72080000,18590
1,3604,72080000,72082000,4690,7816,72100000,18596
1,3605,72100000,72102000,4690,7816,72120000,18601
1,3606,72120000,72122000,4690,7816,72140000,18607
1,3607,72140000,72142000,4690,7816,72160000,18611
1,3608,72160000,72162000,4690,7816,72180000,18616
1,3609,72180000,72182000,4690,7816,72200000,18622
1,361,7220000,7222000,4690,7816,7240000,1861
1,3610,72200000,72202000,4690,7816,72220000,18627
1,3611,72220000,72222000,4690,7816,72240000,18631
1,3612,72240000,72242000,4690,7816,72260000,18638
1,3613,72260000,72262000,4690,7816,72280000,18642
1,3614,72280000,72282000,4690,7816,72300000,18647
1,3615,72300000,72302000,4690,7816,72320000,18654
1,3616,72320000,72322000,4690,7816,72340000,18657
1,3617,72340000,72342000,4690,7816,72360000,18662
1,3618,72360000,72362000,4690,7816,72380000,18669
1,3619,72380000,72382000,4690,7816,72400000,18672
1,362,7240000,7242000,4690,7816,7260000,1867
1,3620,72400000,72402000,4690,7816,72420000,18679
1,3621,72420000,72422000,4690,7816,72440000,18683
1,3622,72440000,72442000,4690,7816,72460000,18690
1,3623,72460000,72462000,4690,7816,72480000,18694
1,3624,72480000,72482000,4690,7816,72500000,18700
1,3625,72500000,72502000,4690,7816,72520000,18703
1,3626,72520000,72522000,4690,7816,72540000,18708
1,3627,72540000,72542000,4690,7816,72560000,18716
1,3628,72560000,72562000,4690,7816,72580000,18719
1,3629,72580000,72582000,4690,7816,72600000,18724
1,363,7260000,7262000,4690,7816,7280000,1871
1,3630,72600000,72602000,4690,7816,72620000,18731
1,3631,72620000,72622000,4690,7816,72640000,18735
1,3632,72640000,72642000,4690,7816,72660000,18740
1,3633,72660000,72662000,4690,7816,72680000,18747
1,3634,72680000,72682000,4690,7816,72700000,18750
1,3635,72700000,72702000,4690,7816,72720000,18754
1,3636,72720000,72722000,4690,7816,72740000,18763
1,3637,72740000,72742000,4690,7816,72760000,18766
1,3638,72760000,72762000,4690,7816,72780000,18771
1,3639,72780000,72782000,4690,7816,72800000,18775
1,364,7280000,7282000,4690,7816,7300000,1878
1,3640,72800000,72802000,4690,7816,72820000,18783
1,3641,72820000,72822000,4690,7816,72840000,18786
1,3642,72840000,72842000,4690,7816,72860000,18793
1,3643,72860000,72862000,4690,7816,72880000,18797
1,3644,72880000,72882000,4690,7816,72900000,18801
1,3645,72900000,72902000,4690,7816,72920000,18808
1,3646,72920000,72922000,4690,7816,72940000,18812
1,3647,72940000,72942000,4690,7816,72960000,18818
1,3648,72960000,72962000,4690,7816,72980000,18823
1,3649,72980000,72982000,4690,7816,73000000,18828
1,365,7300000,7302000,4690,7816,7320000,1882
1,3650,73000000,73002000,4690,7816,73020000,18834
1,3651,73020000,73022000,4690,7816,73040000,18839
1,3652,73040000,73042000,4690,7816,73060000,18843
1,3653,73060000,73062000,4690,7816,73080000,18847
1,3654,73080000,73082000,4690,7816,73100000,18855
1,3655,73100000,73102000,4690,7816,73120000,18858
1,3656,73120000,73122000,4690,7816,73140000,18864
1,3657,73140000,73142000,4690,7816,73160000,18870
1,3658,73160000,73162000,4690,7816,73180000,18875
1,3659,73180000,73182000,4690,7816,73200000,18879
1,366,7320000,7322000,4690,7816,7340000,1888
1,3660,73200000,73202000,4690,7816,73220000,18886
1,3661,73220000,73222000,4690,7816,73240000,18889
1,3662,73240000,73242000,4690,7816,73260000,18895
1,3663,73260000,73262000,4690,7816,73280000,18901
1,3664,73280000,73282000,4690,7816,73300000,18905
1,3665,73300000,73302000,4690,7816,73320000,18910
1,3666,73320000,73322000,4690,7816,73340000,18916
1,3667,73340000,73342000,4690,7816,73360000,18921
1,3668,73360000,73362000,4690,7816,73380000,18926
1,3669,73380000,73382000,4690,7816,73400000,18932
1,367,7340000,7342000,4690,7816,7360000,1893
1,3670,73400000,73402000,4690,7816,73420000,18936
1,3671,73420000,73422000,4690,7816,73440000,18940
1,3672,73440000,73442000,4690,7816,73460000,18949
1,3673,73460000,73462000,4690,7816,73480000,18951
1,3674,73480000,73482000,4690,7816,73500000,18956
1,3675,73500000,73502000,4690,7816,73520000,18963
1,3676,73520000,73522000,4690,7816,73540000,18968
1,3677,73540000,73542000,4690,7816,73560000,18972
1,3678,73560000,73562000,4690,7816,73580000,18979
1,3679,73580000,73582000,4690,7816,73600000,18982
1,368,7360000,7362000,4690,7816,7380000,1897
1,3680,73600000,73602000,4690,7816,73620000,18987
1,3681,73620000,73622000,4690,7816,73640000,18993
1,3682,73640000,73642000,4690,7816,73660000,18999
1,3683,73660000,73662000,4690,7816,73680000,19003
1,3684,73680000,73682000,4690,7816,73700000,19008
1,3685,73700000,73702000,4690,7816,73720000,19015
1,3686,73720000,73722000,4690,7816,73740000,19019
1,3687,73740000,73742000,4690,7816,73760000,19025
1,3688,73760000,73762000,4690,7816,73780000,19029
1,3689,73780000,73782000,4690,7816,73800000,19033
1,369,7380000,7382000,4690,7816,7400000,1903
1,3690,73800000,73802000,4690,7816,73820000,19041
1,3691,73820000,73822000,4690,7816,73840000,19043
1,3692,73840000,73842000,4690,7816,73860000,19051
1,3693,73860000,73862000,4690,7816,73880000,19055
1,3694,73880000,73882000,4690,7816,73900000,19060
1,3695,73900000,73902000,4690,7816,73920000,19065
1,3696,73920000,73922000,4690,7816,73940000,19072
1,3697,73940000,73942000,4690,7816,73960000,19075
1,3698,73960000,73962000,4690,7816,73980000,19080
1,3699,73980000,73982000,4690,7816,74000000,19087
1,37,740000,742000,4690,7816,760000,189
1,370,7400000,7402000,4690,7816,7420000,1908
1,3700,74000000,74002000,4690,7816,74020000,19091
1,3701,74020000,74022000,4690,7816,74040000,19096
1,3702,74040000,74042000,4690,7816,74060000,19102
1,3703,74060000,74062000,4690,7816,74080000,19107
1,3704,74080000,74082000,4690,7816,74100000,19111
1,3705,74100000,74102000,4690,7816,74120000,19118
1,3706,74120000,74122000,4690,7816,74140000,19122
1,3707,74140000,74142000,4690,7816,74160000,19126
1,3708,74160000,74162000,4690,7816,74180000,19134
1,3709,74180000,74182000,4690,7816,74200000,19136
1,371,7420000,7422000,4690,7816,7440000,1913
1,3710,74200000,74202000,4690,7816,74220000,19143
1,3711,74220000,74222000,4690,7816,74240000,19148
1,3712,74240000,74242000,4690,7816,74260000,19154
1,3713,74260000,74262000,4690,7816,74280000,19158
1,3714,74280000,74282000,4690,7816,74300000,19165
1,3715,74300000,74302000,4690,7816,74320000,19168
1,3716,74320000,74322000,4690,7816,74340000,19172
1,3717,74340000,74342000,4690,7816,74360000,19180
1,3718,74360000,74362000,4690,7816,74380000,19184
1,3719,74380000,74382000,4690,7816,74400000,19188
1,372,7440000,7442000,4690,7816,7460000,1919
1,3720,74400000,74402000,4690,7816,74420000,19195
1,3721,74420000,74422000,4690,7816,74440000,19200
1,3722,74440000,74442000,4690,7816,74460000,19205
1,3723,74460000,74462000,4690,7816,74480000,19210
1,3724,74480000,74482000,4690,7816,74500000,19215
1,3725,74500000,74502000,4690,7816,74520000,19219
1,3726,74520000,74522000,4690,7816,74540000,19226
1,3727,74540000,74542000,4690,7816,74560000,19231
1,3728,74560000,74562000,4690,7816,74580000,19236
1,3729,74580000,74582000,4690,7816,74600000,19240
1,373,7460000,7462000,4690,7816,7480000,1924
1,3730,74600000,74602000,4690,7816,74620000,19246
1,3731,74620000,74622000,4690,7816,74640000,19251
1,3732,74640000,74642000,4690,7816,74660000,19258
1,3733,74660000,74662000,4690,7816,74680000,19260
1,3734,74680000,74682000,4690,7816,74700000,19266
1,3735,74700000,74702000,4690,7816,74720000,19273
1,3736,74720000,74722000,4690,7816,74740000,19276
1,3737,74740000,74742000,4690,7816,74760000,19282
1,3738,74760000,74762000,4690,7816,74780000,19288
1,3739,74780000,74782000,4690,7816,74800000,19292
1,374,7480000,7482000,4690,7816,7500000,1929
1,3740,74800000,74802000,4690,7816,74820000,19298
1,3741,74820000,74822000,4690,7816,74840000,19304
1,3742,74840000,74842000,4690,7816,74860000,19308
1,3743,74860000,74862000,4690,7816,74880000,19311
1,3744,74880000,74882000,4690,7816,74900000,19319
1,3745,74900000,74902000,4690,7816,74920000,19323
1,3746,74920000,74922000,4690,7816,74940000,19328
1,3747,74940000,74942000,4690,7816,74960000,19334
1,3748,74960000,74962000,4690,7816,74980000,19340
1,3749,74980000,74982000,4690,7816,75000000,19343
1,375,7500000,7502000,4690,7816,7520000,1935
1,3750,75000000,75002000,4690,7816,75020000,19351
1,3751,75020000,75022000,4690,7816,75040000,19353
1,3752,75040000,75042000,4690,7816,75060000,19359
1,3753,75060000,75062000,4690,7816,75080000,19366
1,3754,75080000,75082000,4690,7816,75100000,19369
1,3755,75100000,75102000,4690,7816,75120000,19375
1,3756,75120000,75122000,4690,7816,75140000,19380
1,3757,75140000,75142000,4690,7816,75160000,19386
1,3758,75160000,75162000,4690,7816,75180000,19390
1,3759,75180000,75182000,4690,7816,75200000,19396
1,376,7520000,7522000,4690,7816,7540000,1938
1,3760,75200000,75202000,4690,7816,75220000,19401
1,3761,75220000,75222000,4690,7816,75240000,19404
1,3762,75240000,75242000,4690,7816,75260000,19413
1,3763,75260000,75262000,4690,7816,75280000,19416
1,3764,75280000,75282000,4690,7816,75300000,19421
1,3765,75300000,75302000,4690,7816,75320000,19426
1,3766,75320000,75322000,4690,7816,75340000,19433
1,3767,75340000,75342000,4690,7816,75360000,19437
1,3768,75360000,75362000,4690,7816,75380000,19443
1,3769,75380000,75382000,4690,7816,75400000,19446
1,377,7540000,7542000,4690,7816,7560000,1943
1,3770,75400000,75402000,4690,7816,75420000,19452
1,3771,75420000,75422000,4690,7816,75440000,19458
1,3772,75440000,75442000,4690,7816,75460000,19462
1,3773,75460000,75462000,4690,7816,75480000,19468
1,3774,75480000,75482000,4690,7816,75500000,19473
1,3775,75500000,75502000,4690,7816,75520000,19478
1,3776,75520000,75522000,4690,7816,75540000,19484
1,3777,75540000,75542000,4690,7816,75560000,19490
1,3778,75560000,75562000,4690,7816,75580000,19493
1,3779,75580000,75582000,4690,7816,75600000,19497
1,378,7560000,7562000,4690,7816,7580000,1951
1,3780,75600000,75602000,4690,7816,75620000,19506
1,3781,75620000,75622000,4690,7816,75640000,19508
1,3782,75640000,75642000,4690,7816,75660000,19514
1,3783,75660000,75662000,4690,7816,75680000,19520
1,3784,75680000,75682000,4690,7816,75700000,19525
1,3785,75700000,75702000,4690,7816,75720000,19529
1,3786,75720000,75722000,4690,7816,75740000,19536
1,3787,75740000,75742000,4690,7816,75760000,19540
1,3788,75760000,75762000,4690,7816,75780000,19544
1,3789,75780000,75782000,4690,7816,75800000,19551
1,379,7580000,7582000,4690,7816,7600000,1953
1,3790,75800000,75802000,4690,7816,75820000,19556
1,3791,75820000,75822000,4690,7816,75840000,19560
1,3792,75840000,75842000,4690,7816,75860000,19567
1,3793,75860000,75862000,4690,7816,75880000,19571
1,3794,75880000,75882000,4690,7816,75900000,19576
1,3795,75900000,75902000,4690,7816,75920000,19582
1,3796,75920000,75922000,4690,7816,75940000,19586
1,3797,75940000,75942000,4690,7816,75960000,19591
1,3798,75960000,75962000,4690,7816,75980000,19598
1,3799,75980000,75982000,4690,7816,76000000,19601
1,38,760000,762000,4690,7816,780000,195
1,380,7600000,7602000,4690,7816,7620000,1960
1,3800,76000000,76002000,4690,7816,76020000,19607
1,3801,76020000,76022000,4690,7816,76040000,19612
1,3802,76040000,76042000,4690,7816,76060000,19619
1,3803,76060000,76062000,4690,7816,76080000,19622
1,3804,76080000,76082000,4690,7816,76100000,19629
1,3805,76100000,76102000,4690,7816,76120000,19633
1,3806,76120000,76122000,4690,7816,76140000,19637
1,3807,76140000,76142000,4690,7816,76160000,19644
1,3808,76160000,76162000,4690,7816,76180000,19648
1,3809,76180000,76182000,4690,7816,76200000,19653
1,381,7620000,7622000,4690,7816,7640000,1965
1,3810,76200000,76202000,4690,7816,76220000,19659
1,3811,76220000,76222000,4690,7816,76240000,19664
1,3812,76240000,76242000,4690,7816,76260000,19670
1,3813,76260000,76262000,4690,7816,76280000,19675
1,3814,76280000,76282000,4690,7816,76300000,19678
1,3815,76300000,76302000,4690,7816,76320000,19684
1,3816,76320000,76322000,4690,7816,76340000,19691
1,3817,76340000,76342000,4690,7816,76360000,19694
1,3818,76360000,76362000,4690,7816,76380000,19701
1,3819,76380000,76382000,4690,7816,76400000,19705
1,382,7640000,7642000,4690,7816,7660000,1971
1,3820,76400000,76402000,4690,7816,76420000,19711
1,3821,76420000,76422000,4690,7816,76440000,19714
1,3822,76440000,76442000,4690,7816,76460000,19723
1,3823,76460000,76462000,4690,7816,76480000,19725
1,3824,76480000,76482000,4690,7816,76500000,19729
1,3825,76500000,76502000,4690,7816,76520000,19738
1,3826,76520000,76522000,4690,7816,76540000,19741
1,3827,76540000,76542000,4690,7816,76560000,19746
1,3828,76560000,76562000,4690,7816,76580000,19752
1,3829,76580000,76582000,4690,7816,76600000,19757
1,383,7660000,7662000,4690,7816,7680000,1975
1,3830,76600000,76602000,4690,7816,76620000,19762
1,3831,76620000,76622000,4690,7816,76640000,19768
1,3832,76640000,76642000,4690,7816,76660000,19773
1,3833,76660000,76662000,4690,7816,76680000,19776
1,3834,76680000,76682000,4690,7816,76700000,19783
1,3835,76700000,76702000,4690,7816,76720000,19787
1,3836,76720000,76722000,4690,7816,76740000,19793
1,3837,76740000,76742000,4690,7816,76760000,19798
1,3838,76760000,76762000,4690,7816,76780000,19804
1,3839,76780000,76782000,4690,7816,76800000,19808
1,384,7680000,7682000,4690,7816,7700000,1981
1,3840,76800000,76802000,4690,7816,76820000,19815
1,3841,76820000,76822000,4690,7816,76840000,19818
1,3842,76840000,76842000,4690,7816,76860000,19823
1,3843,76860000,76862000,4690,7816,76880000,19830
1,3844,76880000,76882000,4690,7816,76900000,19834
1,3845,76900000,76902000,4690,7816,76920000,19839
1,3846,76920000,76922000,4690,7816,76940000,19845
1,3847,76940000,76942000,4690,7816,76960000,19850
1,3848,76960000,76962000,4690,7816,76980000,19855
1,3849,76980000,76982000,4690,7816,77000000,19860
1,385,7700000,7702000,4690,7816,7720000,1985
1,3850,77000000,77002000,4690,7816,77020000,19865
1,3851,77020000,77022000,4690,7816,77040000,19869
1,3852,77040000,77042000,4690,7816,77060000,19877
1,3853,77060000,77062000,4690,7816,77080000,19880
1,3854,77080000,77082000,4690,7816,77100000,19886
1,3855,77100000,77102000,4690,7816,77120000,19891
1,3856,77120000,77122000,4690,7816,77140000,19896
1,3857,77140000,77142000,4690,7816,77160000,19902
1,3858,77160000,77162000,4690,7816,77180000,19908
1,3859,77180000,77182000,4690,7816,77200000,19910
1,386,7720000,7722000,4690,7816,7740000,1990
1,3860,77200000,77202000,4690,7816,77220000,19916
1,3861,77220000,77222000,4690,7816,77240000,19923
1,3862,77240000,77242000,4690,7816,77260000,19927
1,3863,77260000,77262000,4690,7816,77280000,19931
1,3864,77280000,77282000,4690,7816,77300000,19938
1,3865,77300000,77302000,4690,7816,77320000,19943
1,3866,77320000,77322000,4690,7816,77340000,19947
1,3867,77340000,77342000,4690,7816,77360000,19955
1,3868,77360000,77362000,4690,7816,77380000,19958
1,3869,77380000,77382000,4690,7816,77400000,19961
1,387,7740000,7742000,4690,7816,7760000,1997
1,3870,77400000,77402000,4690,7816,77420000,19970
1,3871,77420000,77422000,4690,7816,77440000,19973
1,3872,77440000,77442000,4690,7816,77460000,19979
1,3873,77460000,77462000,4690,7816,77480000,19983
1,3874,77480000,77482000,4690,7816,77500000,19990
1,3875,77500000,77502000,4690,7816,77520000,19994
1,3876,77520000,77522000,4690,7816,77540000,20000
1,3877,77540000,77542000,4690,7816,77560000,20004
1,3878,77560000,77562000,4690,7816,77580000,20009
1,3879,77580000,77582000,4690,7816,77600000,20015
1,388,7760000,7762000,4690,7816,7780000,2001
1,3880,77600000,77602000,4690,7816,77620000,20020
1,3881,77620000,77622000,4690,7816,77640000,20025
1,3882,77640000,77642000,4690,7816,77660000,20031
1,3883,77660000,77662000,4690,7816,77680000,20036
1,3884,77680000,77682000,4690,7816,77700000,20040
1,3885,77700000,77702000,4690,7816,77720000,20047
1,3886,77720000,77722000,4690,7816,77740000,20050
1,3887,77740000,77742000,4690,7816,77760000,20055
1,3888,77760000,77762000,4690,7816,77780000,20063
1,3889,77780000,77782000,4690,7816,77800000,20065
1,389,7780000,7782000,4690,7816,7800000,2005
1,3890,77800000,77802000,4690,7816,77820000,20072
1,3891,77820000,77822000,4690,7816,77840000,20076
1,3892,77840000,77842000,4690,7816,77860000,20083
1,3893,77860000,77862000,4690,7816,77880000,20087
1,3894,77880000,77882000,4690,7816,77900000,20093
1,3895,77900000,77902000,4690,7816,77920000,20097
1,3896,77920000,77922000,4690,7816,77940000,20102
1,3897,77940000,77942000,4690,7816,77960000,20109
1,3898,77960000,77962000,4690,7816,77980000,20112
1,3899,77980000,77982000,4690,7816,78000000,20117
1,39,780000,782000,4690,7816,800000,200
1,390,7800000,7802000,4690,7816,7820000,2012
1,3900,78000000,78002000,4690,7816,78020000,20124
1,3901,78020000,78022000,4690,7816,78040000,20128
1,3902,78040000,78042000,4690,7816,78060000,20134
1,3903,78060000,78062000,4690,7816,78080000,20140
1,3904,78080000,78082000,4690,7816,78100000,20143
1,3905,78100000,78102000,4690,7816,78120000,20147
1,3906,78120000,78122000,4690,7816,78140000,20156
1,3907,78140000,78142000,4690,7816,78160000,20159
1,3908,78160000,78162000,4690,7816,78180000,20164
1,3909,78180000,78182000,4690,7816,78200000,20170
1,391,7820000,7822000,4690,7816,7840000,2016
1,3910,78200000,78202000,4690,7816,78220000,20176
1,3911,78220000,78222000,4690,7816,78240000,20179
1,3912,78240000,78242000,4690,7816,78260000,20186
1,3913,78260000,78262000,4690,7816,78280000,20190
1,3914,78280000,78282000,4690,7816,78300000,20194
1,3915,78300000,78302000,4690,7816,78320000,20201
1,3916,78320000,78322000,4690,7816,78340000,20206
1,3917,78340000,78342000,4690,7816,78360000,20211
1,3918,78360000,78362000,4690,7816,78380000,20216
1,3919,78380000,78382000,4690,7816,78400000,20221
1,392,7840000,7842000,4690,7816,7860000,2022
1,3920,78400000,78402000,4690,7816,78420000,20227
1,3921,78420000,78422000,4690,7816,78440000,20232
1,3922,78440000,78442000,4690,7816,78460000,20237
1,3923,78460000,78462000,4690,7816,78480000,20241
1,3924,78480000,78482000,4690,7816,78500000,20248
1,3925,78500000,78502000,4690,7816,78520000,20251
1,3926,78520000,78522000,4690,7816,78540000,20257
1,3927,78540000,78542000,4690,7816,78560000,20263
1,3928,78560000,78562000,4690,7816,78580000,20268
1,3929,78580000,78582000,4690,7816,78600000,20272
1,393,7860000,7862000,4690,7816,7880000,2028
1,3930,78600000,78602000,4690,7816,78620000,20280
1,3931,78620000,78622000,4690,7816,78640000,20282
1,3932,78640000,78642000,4690,7816,78660000,20288
1,3933,78660000,78662000,4690,7816,78680000,20294
1,3934,78680000,78682000,4690,7816,78700000,20298
1,3935,78700000,78702000,4690,7816,78720000,20304
1,3936,78720000,78722000,4690,7816,78740000,20309
1,3937,78740000,78742000,4690,7816,78760000,20315
1,3938,78760000,78762000,4690,7816,78780000,20319
1,3939,78780000,78782000,4690,7816,78800000,20325
1,394,7880000,7882000,4690,7816,7900000,2031
1,3940,78800000,78802000,4690,7816,78820000,20329
1,3941,78820000,78822000,4690,7816,78840000,20333
1,3942,78840000,78842000,4690,7816,78860000,20342
1,3943,78860000,78862000,4690,7816,78880000,20344
1,3944,78880000,78882000,4690,7816,78900000,20350
1,3945,78900000,78902000,4690,7816,78920000,20356
1,3946,78920000,78922000,4690,7816,78940000,20361
1,3947,78940000,78942000,4690,7816,78960000,20365
1,3948,78960000,78962000,4690,7816,78980000,20373
1,3949,78980000,78982000,4690,7816,79000000,20375
1,395,7900000,7902000,4690,7816,7920000,2036
1,3950,79000000,79002000,4690,7816,79020000,20380
1,3951,79020000,79022000,4690,7816,79040000,20387
1,3952,79040000,79042000,4690,7816,79060000,20392
1,3953,79060000,79062000,4690,7816,79080000,20396
1,3954,79080000,79082000,4690,7816,79100000,20401
1,3955,79100000,79102000,4690,7816,79120000,20408
1,3956,79120000,79122000,4690,7816,79140000,20412
1,3957,79140000,79142000,4690,7816,79160000,20418
1,3958,79160000,79162000,4690,7816,79180000,20423
1,3959,79180000,79182000,4690,7816,79200000,20426
1,396,7920000,7922000,4690,7816,7940000,2044
1,3960,79200000,79202000,4690,7816,79220000,20434
1,3961,79220000,79222000,4690,7816,79240000,20437
1,3962,79240000,79242000,4690,7816,79260000,20444
1,3963,79260000,79262000,4690,7816,79280000,20448
1,3964,79280000,79282000,4690,7816,79300000,20453
1,3965,79300000,79302000,4690,7816,79320000,20459
1,3966,79320000,79322000,4690,7816,79340000,20465
1,3967,79340000,79342000,4690,7816,79360000,20468
1,3968,79360000,79362000,4690,7816,79380000,20473
1,3969,79380000,79382000,4690,7816,79400000,20480
1,397,7940000,7942000,4690,7816,7960000,2047
1,3970,79400000,79402000,4690,7816,79420000,20484
1,3971,79420000,79422000,4690,7816,79440000,20489
1,3972,79440000,79442000,4690,7816,79460000,20496
1,3973,79460000,79462000,4690,7816,79480000,20500
1,3974,79480000,79482000,4690,7816,79500000,20505
1,3975,79500000,79502000,4690,7816,79520000,20511
1,3976,79520000,79522000,4690,7816,79540000,20515
1,3977,79540000,79542000,4690,7816,79560000,20519
1,3978,79560000,79562000,4690,7816,79580000,20527
1,3979,79580000,79582000,4690,7816,79600000,20530
1,398,7960000,7962000,4690,7816,7980000,2052
1,3980,79600000,79602000,4690,7816,79620000,20536
1,3981,79620000,79622000,4690,7816,79640000,20541
1,3982,79640000,79642000,4690,7816,79660000,20547
1,3983,79660000,79662000,4690,7816,79680000,20551
1,3984,79680000,79682000,4690,7816,79700000,20558
1,3985,79700000,79702000,4690,7816,79720000,20561
1,3986,79720000,79722000,4690,7816,79740000,20566
1,3987,79740000,79742000,4690,7816,79760000,20574
1,3988,79760000,79762000,4690,7816,79780000,20577
1,3989,79780000,79782000,4690,7816,79800000,20581
1,399,7980000,7982000,4690,7816,8000000,2058
1,3990,79800000,79802000,4690,7816,79820000,20588
1,3991,79820000,79822000,4690,7816,79840000,20593
1,3992,79840000,79842000,4690,7816,79860000,20598
1,3993,79860000,79862000,4690,7816,79880000,20604
1,3994,79880000,79882000,4690,7816,79900000,20608
1,3995,79900000,79902000,4690,7816,79920000,20612
1,3996,79920000,79922000,4690,7816,79940000,20619
1,3997,79940000,79942000,4690,7816,79960000,20624
1,3998,79960000,79962000,4690,7816,79980000,20629
1,3999,79980000,79982000,4690,7816,80000000,20633
1,4,80000,82000,4690,7816,100000,20
1,40,800000,802000,4690,7816,820000,206
1,400,8000000,8002000,4690,7816,8020000,2064
1,4000,80000000,80002000,4690,7816,80020000,20641
1,4001,80020000,80022000,4690,7816,80040000,20644
1,4002,80040000,80042000,4690,7816,80060000,20651
1,4003,80060000,80062000,4690,7816,80080000,20653
1,4004,80080000,80082000,4690,7816,80100000,20659
1,4005,80100000,80102000,4690,7816,80120000,20666
1,4006,80120000,80122000,4690,7816,80140000,20669
1,4007,80140000,80142000,4690,7816,80160000,20676
1,4008,80160000,80162000,4690,7816,80180000,20681
1,4009,80180000,80182000,4690,7816,80200000,20685
1,401,8020000,8022000,4690,7816,8040000,2067
1,4010,80200000,80202000,4690,7816,80220000,20691
1,4011,80220000,80222000,4690,7816,80240000,20697
1,4012,80240000,80242000,4690,7816,80260000,20701
1,4013,80260000,80262000,4690,7816,80280000,20705
1,4014,80280000,80282000,4690,7816,80300000,20713
1,4015,80300000,80302000,4690,7816,80320000,20716
1,4016,80320000,80322000,4690,7816,80340000,20721
1,4017,80340000,80342000,4690,7816,80360000,20727
1,4018,80360000,80362000,4690,7816,80380000,20733
1,4019,80380000,80382000,4690,7816,80400000,20736
1,402,8040000,8042000,4690,7816,8060000,2075
1,4020,80400000,80402000,4690,7816,80420000,20744
1,4021,80420000,80422000,4690,7816,80440000,20747
1,4022,80440000,80442000,4690,7816,80460000,20752
1,4023,80460000,80462000,4690,7816,80480000,20759
1,4024,80480000,80482000,4690,7816,80500000,20762
1,4025,80500000,80502000,4690,7816,80520000,20768
1,4026,80520000,80522000,4690,7816,80540000,20774
1,4027,80540000,80542000,4690,7816,80560000,20779
1,4028,80560000,80562000,4690,7816,80580000,20784
1,4029,80580000,80582000,4690,7816,80600000,20789
1,403,8060000,8062000,4690,7816,8080000,2078
1,4030,80600000,80602000,4690,7816,80620000,20794
1,4031,80620000,80622000,4690,7816,80640000,20797
1,4032,80640000,80642000,4690,7816,80660000,20806
1,4033,80660000,80662000,4690,7816,80680000,20809
1,4034,80680000,80682000,4690,7816,80700000,20814
1,4035,80700000,80702000,4690,7816,80720000,20820
1,4036,80720000,80722000,4690,7816,80740000,20826
1,4037,80740000,80742000,4690,7816,80760000,20830
1,4038,80760000,80762000,4690,7816,80780000,20836
1,4039,80780000,80782000,4690,7816,80800000,20840
1,404,8080000,8082000,4690,7816,8100000,2082
1,4040,80800000,80802000,4690,7816,80820000,20845
1,4041,80820000,80822000,4690,7816,80840000,20851
1,4042,80840000,80842000,4690,7816,80860000,20856
1,4043,80860000,80862000,4690,7816,80880000,20861
1,4044,80880000,80882000,4690,7816,80900000,20866
1,4045,80900000,80902000,4690,7816,80920000,20871
1,4046,80920000,80922000,4690,7816,80940000,20877
1,4047,80940000,80942000,4690,7816,80960000,20883
1,4048,80960000,80962000,4690,7816,80980000,20886
1,4049,80980000,80982000,4690,7816,81000000,20891
1,405,8100000,8102000,4690,7816,8120000,2089
1,4050,81000000,81002000,4690,7816,81020000,20899
1,4051,81020000,81022000,4690,7816,81040000,20901
1,4052,81040000,81042000,4690,7816,81060000,20908
1,4053,81060000,81062000,4690,7816,81080000,20913
1,4054,81080000,81082000,4690,7816,81100000,20918
1,4055,81100000,81102000,4690,7816,81120000,20922
1,4056,81120000,81122000,4690,7816,81140000,20930
1,4057,81140000,81142000,4690,7816,81160000,20933
1,4058,81160000,81162000,4690,7816,81180000,20937
1,4059,81180000,81182000,4690,7816,81200000,20944
1,406,8120000,8122000,4690,7816,8140000,2094
1,4060,81200000,81202000,4690,7816,81220000,20949
1,4061,81220000,81222000,4690,7816,81240000,20953
1,4062,81240000,81242000,4690,7816,81260000,20960
1,4063,81260000,81262000,4690,7816,81280000,20965
1,4064,81280000,81282000,4690,7816,81300000,20969
1,4065,81300000,81302000,4690,7816,81320000,20976
1,4066,81320000,81322000,4690,7816,81340000,20979
1,4067,81340000,81342000,4690,7816,81360000,20984
1,4068,81360000,81362000,4690,7816,81380000,20991
1,4069,81380000,81382000,4690,7816,81400000,20994
1,407,8140000,8142000,4690,7816,8160000,2099
1,4070,81400000,81402000,4690,7816,81420000,21001
1,4071,81420000,81422000,4690,7816,81440000,21005
1,4072,81440000,81442000,4690,7816,81460000,21012
1,4073,81460000,81462000,4690,7816,81480000,21015
1,4074,81480000,81482000,4690,7816,81500000,21022
1,4075,81500000,81502000,4690,7816,81520000,21026
1,4076,81520000,81522000,4690,7816,81540000,21030
1,4077,81540000,81542000,4690,7816,81560000,21038
1,4078,81560000,81562000,4690,7816,81580000,21042
1,4079,81580000,81582000,4690,7816,81600000,21046
1,408,8160000,8162000,4690,7816,8180000,2104
1,4080,81600000,81602000,4690,7816,81620000,21052
1,4081,81620000,81622000,4690,7816,81640000,21057
1,4082,81640000,81642000,4690,7816,81660000,21063
1,4083,81660000,81662000,4690,7816,81680000,21068
1,4084,81680000,81682000,4690,7816,81700000,21072
1,4085,81700000,81702000,4690,7816,81720000,21077
1,4086,81720000,81722000,4690,7816,81740000,21084
1,4087,81740000,81742000,4690,7816,81760000,21087
1,4088,81760000,81762000,4690,7816,81780000,21094
1,4089,81780000,81782000,4690,7816,81800000,21098
1,409,8180000,8182000,4690,7816,8200000,2110
1,4090,81800000,81802000,4690,7816,81820000,21104
1,4091,81820000,81822000,4690,7816,81840000,21109
1,4092,81840000,81842000,4690,7816,81860000,21116
1,4093,81860000,81862000,4690,7816,81880000,21118
1,4094,81880000,81882000,4690,7816,81900000,21122
1,4095,81900000,81902000,4690,7816,81920000,21131
1,4096,81920000,81922000,4690,7816,81940000,21134
1,4097,81940000,81942000,4690,7816,81960000,21139
1,4098,81960000,81962000,4690,7816,81980000,21146
1,4099,81980000,81982000,4690,7816,82000000,21150
1,41,820000,822000,4690,7816,840000,209
1,410,8200000,8202000,4690,7816,8220000,2115
1,4100,82000000,82002000,4690,7816,82020000,21155
1,4101,82020000,82022000,4690,7816,82040000,21161
1,4102,82040000,82042000,4690,7816,82060000,21166
1,4103,82060000,82062000,4690,7816,82080000,21169
1,4104,82080000,82082000,4690,7816,82100000,21177
1,4105,82100000,82102000,4690,7816,82120000,21181
1,4106,82120000,82122000,4690,7816,82140000,21186
1,4107,82140000,82142000,4690,7816,82160000,21191
1,4108,82160000,82162000,4690,7816,82180000,21197
1,4109,82180000,82182000,4690,7816,82200000,21201
1,411,8220000,8222000,4690,7816,8240000,2120
1,4110,82200000,82202000,4690,7816,82220000,21208
1,4111,82220000,82222000,4690,7816,82240000,21211
1,4112,82240000,82242000,4690,7816,82260000,21217
1,4113,82260000,82262000,4690,7816,82280000,21223
1,4114,82280000,82282000,4690,7816,82300000,21227
1,4115,82300000,82302000,4690,7816,82320000,21232
1,4116,82320000,82322000,4690,7816,82340000,21238
1,4117,82340000,82342000,4690,7816,82360000,21244
1,4118,82360000,82362000,4690,7816,82380000,21248
1,4119,82380000,82382000,4690,7816,82400000,21254
1,412,8240000,8242000,4690,7816,8260000,2125
1,4120,82400000,82402000,4690,7816,82420000,21258
1,4121,82420000,82422000,4690,7816,82440000,21262
1,4122,82440000,82442000,4690,7816,82460000,21270
1,4123,82460000,82462000,4690,7816,82480000,21273
1,4124,82480000,82482000,4690,7816,82500000,21279
1,4125,82500000,82502000,4690,7816,82520000,21284
1,4126,82520000,82522000,4690,7816,82540000,21290
1,4127,82540000,82542000,4690,7816,82560000,21295
1,4128,82560000,82562000,4690,7816,82580000,21301
1,4129,82580000,82582000,4690,7816,82600000,21303
1,413,8260000,8262000,4690,7816,8280000,2129
1,4130,82600000,82602000,4690,7816,82620000,21310
1,4131,82620000,82622000,4690,7816,82640000,21316
1,4132,82640000,82642000,4690,7816,82660000,21320
1,4133,82660000,82662000,4690,7816,82680000,21325
1,4134,82680000,82682000,4690,7816,82700000,21331
1,4135,82700000,82702000,4690,7816,82720000,21336
1,4136,82720000,82722000,4690,7816,82740000,21340
1,4137,82740000,82742000,4690,7816,82760000,21348
1,4138,82760000,82762000,4690,7816,82780000,21351
1,4139,82780000,82782000,4690,7816,82800000,21354
1,414,8280000,8282000,4690,7816,8300000,2136
1,4140,82800000,82802000,4690,7816,82820000,21364
1,4141,82820000,82822000,4690,7816,82840000,21366
1,4142,82840000,82842000,4690,7816,82860000,21372
1,4143,82860000,82862000,4690,7816,82880000,21377
1,4144,82880000,82882000,4690,7816,82900000,21383
1,4145,82900000,82902000,4690,7816,82920000,21387
1,4146,82920000,82922000,4690,7816,82940000,21393
1,4147,82940000,82942000,4690,7816,82960000,21398
1,4148,82960000,82962000,4690,7816,82980000,21402
1,4149,82980000,82982000,4690,7816,83000000,21408
1,415,8300000,8302000,4690,7816,8320000,2139
1,4150,83000000,83002000,4690,7816,83020000,21413
1,4151,83020000,83022000,4690,7816,83040000,21418
1,4152,83040000,83042000,4690,7816,83060000,21424
1,4153,83060000,83062000,4690,7816,83080000,21429
1,4154,83080000,83082000,4690,7816,83100000,21434
1,4155,83100000,83102000,4690,7816,83120000,21440
1,4156,83120000,83122000,4690,7816,83140000,21444
1,4157,83140000,83142000,4690,7816,83160000,21448
1,4158,83160000,83162000,4690,7816,83180000,21456
1,4159,83180000,83182000,4690,7816,83200000,21458
1,416,8320000,8322000,4690,7816,8340000,2146
1,4160,83200000,83202000,4690,7816,83220000,21465
1,4161,83220000,83222000,4690,7816,83240000,21470
1,4162,83240000,83242000,4690,7816,83260000,21476
1,4163,83260000,83262000,4690,7816,83280000,21480
1,4164,83280000,83282000,4690,7816,83300000,21486
1,4165,83300000,83302000,4690,7816,83320000,21490
1,4166,83320000,83322000,4690,7816,83340000,21495
1,4167,83340000,83342000,4690,7816,83360000,21502
1,4168,83360000,83362000,4690,7816,83380000,21506
1,4169,83380000,83382000,4690,7816,83400000,21511
1,417,8340000,8342000,4690,7816,8360000,2151
1,4170,83400000,83402000,4690,7816,83420000,21517
1,4171,83420000,83422000,4690,7816,83440000,21521
1,4172,83440000,83442000,4690,7816,83460000,21527
1,4173,83460000,83462000,4690,7816,83480000,21533
1,4174,83480000,83482000,4690,7816,83500000,21536
1,4175,83500000,83502000,4690,7816,83520000,21541
1,4176,83520000,83522000,4690,7816,83540000,21549
1,4177,83540000,83542000,4690,7816,83560000,21552
1,4178,83560000,83562000,4690,7816,83580000,21557
1,4179,83580000,83582000,4690,7816,83600000,21563
1,418,8360000,8362000,4690,7816,8380000,2156
1,4180,83600000,83602000,4690,7816,83620000,21569
1,4181,83620000,83622000,4690,7816,83640000,21572
1,4182,83640000,83642000,4690,7816,83660000,21581
1,4183,83660000,83662000,4690,7816,83680000,21583
1,4184,83680000,83682000,4690,7816,83700000,21587
1,4185,83700000,83702000,4690,7816,83720000,21594
1,4186,83720000,83722000,4690,7816,83740000,21599
1,4187,83740000,83742000,4690,7816,83760000,21604
1,4188,83760000,83762000,4690,7816,83780000,21609
1,4189,83780000,83782000,4690,7816,83800000,21615
1,419,8380000,8382000,4690,7816,8400000,2160
1,4190,83800000,83802000,4690,7816,83820000,21620
1,4191,83820000,83822000,4690,7816,83840000,21625
1,4192,83840000,83842000,4690,7816,83860000,21630
1,4193,83860000,83862000,4690,7816,83880000,21634
1,4194,83880000,83882000,4690,7816,83900000,21641
1,4195,83900000,83902000,4690,7816,83920000,21645
1,4196,83920000,83922000,4690,7816,83940000,21651
1,4197,83940000,83942000,4690,7816,83960000,21656
1,4198,83960000,83962000,4690,7816,83980000,21661
1,4199,83980000,83982000,4690,7816,84000000,21665
1,42,840000,842000,4690,7816,860000,218
1,420,8400000,8402000,4690,7816,8420000,2168
1,4200,84000000,84002000,4690,7816,84020000,21673
1,4201,84020000,84022000,4690,7816,84040000,21675
1,4202,84040000,84042000,4690,7816,84060000,21681
1,4203,84060000,84062000,4690,7816,84080000,21688
1,4204,84080000,84082000,4690,7816,84100000,21691
1,4205,84100000,84102000,4690,7816,84120000,21697
1,4206,84120000,84122000,4690,7816,84140000,21702
1,4207,84140000,84142000,4690,7816,84160000,21708
1,4208,84160000,84162000,4690,7816,84180000,21713
1,4209,84180000,84182000,4690,7816,84200000,21718
1,421,8420000,8422000,4690,7816,8440000,2170
1,4210,84200000,84202000,4690,7816,84220000,21723
1,4211,84220000,84222000,4690,7816,84240000,21726
1,4212,84240000,84242000,4690,7816,84260000,21735
1,4213,84260000,84262000,4690,7816,84280000,21737
1,4214,84280000,84282000,4690,7816,84300000,21743
1,4215,84300000,84302000,4690,7816,84320000,21749
1,4216,84320000,84322000,4690,7816,84340000,21754
1,4217,84340000,84342000,4690,7816,84360000,21759
1,4218,84360000,84362000,4690,7816,84380000,21766
1,4219,84380000,84382000,4690,7816,84400000,21768
1,422,8440000,8442000,4690,7816,8460000,2176
1,4220,84400000,84402000,4690,7816,84420000,21773
1,4221,84420000,84422000,4690,7816,84440000,21781
1,4222,84440000,84442000,4690,7816,84460000,21785
1,4223,84460000,84462000,4690,7816,84480000,21789
1,4224,84480000,84482000,4690,7816,84500000,21795
1,4225,84500000,84502000,4690,7816,84520000,21801
1,4226,84520000,84522000,4690,7816,84540000,21805
1,4227,84540000,84542000,4690,7816,84560000,21811
1,4228,84560000,84562000,4690,7816,84580000,21816
1,4229,84580000,84582000,4690,7816,84600000,21819
1,423,8460000,8462000,4690,7816,8480000,2183
1,4230,84600000,84602000,4690,7816,84620000,21827
1,4231,84620000,84622000,4690,7816,84640000,21831
1,4232,84640000,84642000,4690,7816,84660000,21837
1,4233,84660000,84662000,4690,7816,84680000,21841
1,4234,84680000,84682000,4690,7816,84700000,21847
1,4235,84700000,84702000,4690,7816,84720000,21852
1,4236,84720000,84722000,4690,7816,84740000,21858
1,4237,84740000,84742000,4690,7816,84760000,21861
1,4238,84760000,84762000,4690,7816,84780000,21867
1,4239,84780000,84782000,4690,7816,84800000,21873
1,424,8480000,8482000,4690,7816,8500000,2186
1,4240,84800000,84802000,4690,7816,84820000,21877
1,4241,84820000,84822000,4690,7816,84840000,21882
1,4242,84840000,84842000,4690,7816,84860000,21889
1,4243,84860000,84862000,4690,7816,84880000,21893
1,4244,84880000,84882000,4690,7816,84900000,21898
1,4245,84900000,84902000,4690,7816,84920000,21905
1,4246,84920000,84922000,4690,7816,84940000,21908
1,4247,84940000,84942000,4690,7816,84960000,21913
1,4248,84960000,84962000,4690,7816,84980000,21920
1,4249,84980000,84982000,4690,7816,85000000,21923
1,425,8500000,8502000,4690,7816,8520000,2192
1,4250,85000000,85002000,4690,7816,85020000,21929
1,4251,85020000,85022000,4690,7816,85040000,21934
1,4252,85040000,85042000,4690,7816,85060000,21941
1,4253,85060000,85062000,4690,7816,85080000,21944
1,4254,85080000,85082000,4690,7816,85100000,21951
1,4255,85100000,85102000,4690,7816,85120000,21954
1,4256,85120000,85122000,4690,7816,85140000,21959
1,4257,85140000,85142000,4690,7816,85160000,21967
1,4258,85160000,85162000,4690,7816,85180000,21970
1,4259,85180000,85182000,4690,7816,85200000,21975
1,426,8520000,8522000,4690,7816,8540000,2197
1,4260,85200000,85202000,4690,7816,85220000,21982
1,4261,85220000,85222000,4690,7816,85240000,21986
1,4262,85240000,85242000,4690,7816,85260000,21991
1,4263,85260000,85262000,4690,7816,85280000,21997
1,4264,85280000,85282000,4690,7816,85300000,22001
1,4265,85300000,85302000,4690,7816,85320000,22005
1,4266,85320000,85322000,4690,7816,85340000,22013
1,4267,85340000,85342000,4690,7816,85360000,22017
1,4268,85360000,85362000,4690,7816,85380000,22022
1,4269,85380000,85382000,4690,7816,85400000,22026
1,427,8540000,8542000,4690,7816,8560000,2203
1,4270,85400000,85402000,4690,7816,85420000,22034
1,4271,85420000,85422000,4690,7816,85440000,22037
1,4272,85440000,85442000,4690,7816,85460000,22044
1,4273,85460000,85462000,4690,7816,85480000,22048
1,4274,85480000,85482000,4690,7816,85500000,22052
1,4275,85500000,85502000,4690,7816,85520000,22059
1,4276,85520000,85522000,4690,7816,85540000,22062
1,4277,85540000,85542000,4690,7816,85560000,22069
1,4278,85560000,85562000,4690,7816,85580000,22074
1,4279,85580000,85582000,4690,7816,85600000,22078
1,428,8560000,8562000,4690,7816,8580000,2207
1,4280,85600000,85602000,4690,7816,85620000,22085
1,4281,85620000,85622000,4690,7816,85640000,22090
1,4282,85640000,85642000,4690,7816,85660000,22094
1,4283,85660000,85662000,4690,7816,85680000,22098
1,4284,85680000,85682000,4690,7816,85700000,22106
1,4285,85700000,85702000,4690,7816,85720000,22109
1,4286,85720000,85722000,4690,7816,85740000,22115
1,4287,85740000,85742000,4690,7816,85760000,22121
1,4288,85760000,85762000,4690,7816,85780000,22126
1,4289,85780000,85782000,4690,7816,85800000,22129
1,429,8580000,8582000,4690,7816,8600000,2213
1,4290,85800000,85802000,4690,7816,85820000,22137
1,4291,85820000,85822000,4690,7816,85840000,22140
1,4292,85840000,85842000,4690,7816,85860000,22145
1,4293,85860000,85862000,4690,7816,85880000,22152
1,4294,85880000,85882000,4690,7816,85900000,22156
1,4295,85900000,85902000,4690,7816,85920000,22161
1,4296,85920000,85922000,4690,7816,85940000,22167
1,4297,85940000,85942000,4690,7816,85960000,22172
1,4298,85960000,85962000,4690,7816,85980000,22177
1,4299,85980000,85982000,4690,7816,86000000,22183
1,43,860000,862000,4690,7816,880000,220
1,430,8600000,8602000,4690,7816,8620000,2218
1,4300,86000000,86002000,4690,7816,86020000,22187
1,4301,86020000,86022000,4690,7816,86040000,22191
1,4302,86040000,86042000,4690,7816,86060000,22199
1,4303,86060000,86062000,4690,7816,86080000,22202
1,4304,86080000,86082000,4690,7816,86100000,22207
1,4305,86100000,86102000,4690,7816,86120000,22213
1,4306,86120000,86122000,4690,7816,86140000,22219
1,4307,86140000,86142000,4690,7816,86160000,22223
1,4308,86160000,86162000,4690,7816,86180000,22230
1,4309,86180000,86182000,4690,7816,86200000,22233
1,431,8620000,8622000,4690,7816,8640000,2221
1,4310,86200000,86202000,4690,7816,86220000,22238
1,4311,86220000,86222000,4690,7816,86240000,22244
1,4312,86240000,86242000,4690,7816,86260000,22250
1,4313,86260000,86262000,4690,7816,86280000,22254
1,4314,86280000,86282000,4690,7816,86300000,22259
1,4315,86300000,86302000,4690,7816,86320000,22265
1,4316,86320000,86322000,4690,7816,86340000,22270
1,4317,86340000,86342000,4690,7816,86360000,22276
1,4318,86360000,86362000,4690,7816,86380000,22279
1,4319,86380000,86382000,4690,7816,86400000,22284
1,432,8640000,8642000,4690,7816,8660000,2230
1,4320,86400000,86402000,4690,7816,86420000,22292
1,4321,86420000,86422000,4690,7816,86440000,22294
1,4322,86440000,86442000,4690,7816,86460000,22302
1,4323,86460000,86462000,4690,7816,86480000,22306
1,4324,86480000,86482000,4690,7816,86500000,22311
1,4325,86500000,86502000,4690,7816,86520000,22316
1,4326,86520000,86522000,4690,7816,86540000,22323
1,4327,86540000,86542000,4690,7816,86560000,22326
1,4328,86560000,86562000,4690,7816,86580000,22330
1,4329,86580000,86582000,4690,7816,86600000,22338
1,433,8660000,8662000,4690,7816,8680000,2232
1,4330,86600000,86602000,4690,7816,86620000,22342
1,4331,86620000,86622000,4690,7816,86640000,22346
1,4332,86640000,86642000,4690,7816,86660000,22353
1,4333,86660000,86662000,4690,7816,86680000,22358
1,4334,86680000,86682000,4690,7816,86700000,22362
1,4335,86700000,86702000,4690,7816,86720000,22369
1,4336,86720000,86722000,4690,7816,86740000,22373
1,4337,86740000,86742000,4690,7816,86760000,22377
1,4338,86760000,86762000,4690,7816,86780000,22385
1,4339,86780000,86782000,4690,7816,86800000,22387
1,434,8680000,8682000,4690,7816,8700000,2238
1,4340,86800000,86802000,4690,7816,86820000,22394
1,4341,86820000,86822000,4690,7816,86840000,22398
1,4342,86840000,86842000,4690,7816,86860000,22405
1,4343,86860000,86862000,4690,7816,86880000,22409
1,4344,86880000,86882000,4690,7816,86900000,22415
1,4345,86900000,86902000,4690,7816,86920000,22419
1,4346,86920000,86922000,4690,7816,86940000,22423
1,4347,86940000,86942000,4690,7816,86960000,22431
1,4348,86960000,86962000,4690,7816,86980000,22435
1,4349,86980000,86982000,4690,7816,87000000,22439
1,435,8700000,8702000,4690,7816,8720000,2244
1,4350,87000000,87002000,4690,7816,87020000,22446
1,4351,87020000,87022000,4690,7816,87040000,22451
1,4352,87040000,87042000,4690,7816,87060000,22456
1,4353,87060000,87062000,4690,7816,87080000,22461
1,4354,87080000,87082000,4690,7816,87100000,22465
1,4355,87100000,87102000,4690,7816,87120000,22470
1,4356,87120000,87122000,4690,7816,87140000,22477
1,4357,87140000,87142000,4690,7816,87160000,22481
1,4358,87160000,87162000,4690,7816,87180000,22487
1,4359,87180000,87182000,4690,7816,87200000,22491
1,436,8720000,8722000,4690,7816,8740000,2249
1,4360,87200000,87202000,4690,7816,87220000,22497
1,4361,87220000,87222000,4690,7816,87240000,22502
1,4362,87240000,87242000,4690,7816,87260000,22509
1,4363,87260000,87262000,4690,7816,87280000,22511
1,4364,87280000,87282000,4690,7816,87300000,22517
1,4365,87300000,87302000,4690,7816,87320000,22524
1,4366,87320000,87322000,4690,7816,87340000,22527
1,4367,87340000,87342000,4690,7816,87360000,22532
1,4368,87360000,87362000,4690,7816,87380000,22539
1,4369,87380000,87382000,4690,7816,87400000,22543
1,437,8740000,8742000,4690,7816,8760000,2254
1,4370,87400000,87402000,4690,7816,87420000,22548
1,4371,87420000,87422000,4690,7816,87440000,22555
1,4372,87440000,87442000,4690,7816,87460000,22559
1,4373,87460000,87462000,4690,7816,87480000,22562
1,4374,87480000,87482000,4690,7816,87500000,22570
1,4375,87500000,87502000,4690,7816,87520000,22574
1,4376,87520000,87522000,4690,7816,87540000,22579
1,4377,87540000,87542000,4690,7816,87560000,22585
1,4378,87560000,87562000,4690,7816,87580000,22591
1,4379,87580000,87582000,4690,7816,87600000,22594
1,438,8760000,8762000,4690,7816,8780000,2261
1,4380,87600000,87602000,4690,7816,87620000,22601
1,4381,87620000,87622000,4690,7816,87640000,22604
1,4382,87640000,87642000,4690,7816,87660000,22610
1,4383,87660000,87662000,4690,7816,87680000,22616
1,4384,87680000,87682000,4690,7816,87700000,22620
1,4385,87700000,87702000,4690,7816,87720000,22626
1,4386,87720000,87722000,4690,7816,87740000,22631
1,4387,87740000,87742000,4690,7816,87760000,22637
1,4388,87760000,87762000,4690,7816,87780000,22641
1,4389,87780000,87782000,4690,7816,87800000,22647
1,439,8780000,8782000,4690,7816,8800000,2263
1,4390,87800000,87802000,4690,7816,87820000,22652
1,4391,87820000,87822000,4690,7816,87840000,22655
1,4392,87840000,87842000,4690,7816,87860000,22664
1,4393,87860000,87862000,4690,7816,87880000,22666
1,4394,87880000,87882000,4690,7816,87900000,22672
1,4395,87900000,87902000,4690,7816,87920000,22677
1,4396,87920000,87922000,4690,7816,87940000,22683
1,4397,87940000,87942000,4690,7816,87960000,22688
1,4398,87960000,87962000,4690,7816,87980000,22694
1,4399,87980000,87982000,4690,7816,88000000,22697
1,44,880000,882000,4690,7816,900000,224
1,440,8800000,8802000,4690,7816,8820000,2268
1,4400,88000000,88002000,4690,7816,88020000,22703
1,4401,88020000,88022000,4690,7816,88040000,22709
1,4402,88040000,88042000,4690,7816,88060000,22713
1,4403,88060000,88062000,4690,7816,88080000,22719
1,4404,88080000,88082000,4690,7816,88100000,22724
1,4405,88100000,88102000,4690,7816,88120000,22729
1,4406,88120000,88122000,4690,7816,88140000,22734
1,4407,88140000,88142000,4690,7816,88160000,22741
1,4408,88160000,88162000,4690,7816,88180000,22744
1,4409,88180000,88182000,4690,7816,88200000,22747
1,441,8820000,8822000,4690,7816,8840000,2275
1,4410,88200000,88202000,4690,7816,88220000,22757
1,4411,88220000,88222000,4690,7816,88240000,22759
1,4412,88240000,88242000,4690,7816,88260000,22765
1,4413,88260000,88262000,4690,7816,88280000,22771
1,4414,88280000,88282000,4690,7816,88300000,22776
1,4415,88300000,88302000,4690,7816,88320000,22780
1,4416,88320000,88322000,4690,7816,88340000,22787
1,4417,88340000,88342000,4690,7816,88360000,22791
1,4418,88360000,88362000,4690,7816,88380000,22795
1,4419,88380000,88382000,4690,7816,88400000,22801
1,442,8840000,8842000,4690,7816,8860000,2280
1,4420,88400000,88402000,4690,7816,88420000,22807
1,4421,88420000,88422000,4690,7816,88440000,22811
1,4422,88440000,88442000,4690,7816,88460000,22817
1,4423,88460000,88462000,4690,7816,88480000,22822
1,4424,88480000,88482000,4690,7816,88500000,22827
1,4425,88500000,88502000,4690,7816,88520000,22833
1,4426,88520000,88522000,4690,7816,88540000,22837
1,4427,88540000,88542000,4690,7816,88560000,22842
1,4428,88560000,88562000,4690,7816,88580000,22849
1,4429,88580000,88582000,4690,7816,88600000,22852
1,443,8860000,8862000,4690,7816,8880000,2284
1,4430,88600000,88602000,4690,7816,88620000,22858
1,4431,88620000,88622000,4690,7816,88640000,22863
1,4432,88640000,88642000,4690,7816,88660000,22869
1,4433,88660000,88662000,4690,7816,88680000,22873
1,4434,88680000,88682000,4690,7816,88700000,22880
1,4435,88700000,88702000,4690,7816,88720000,22883
1,4436,88720000,88722000,4690,7816,88740000,22888
1,4437,88740000,88742000,4690,7816,88760000,22895
1,4438,88760000,88762000,4690,7816,88780000,22899
1,4439,88780000,88782000,4690,7816,88800000,22904
1,444,8880000,8882000,4690,7816,8900000,2290
1,4440,88800000,88802000,4690,7816,88820000,22910
1,4441,88820000,88822000,4690,7816,88840000,22915
1,4442,88840000,88842000,4690,7816,88860000,22921
1,4443,88860000,88862000,4690,7816,88880000,22926
1,4444,88880000,88882000,4690,7816,88900000,22929
1,4445,88900000,88902000,4690,7816,88920000,22934
1,4446,88920000,88922000,4690,7816,88940000,22942
1,4447,88940000,88942000,4690,7816,88960000,22945
1,4448,88960000,88962000,4690,7816,88980000,22951
1,4449,88980000,88982000,4690,7816,89000000,22956
1,445,8900000,8902000,4690,7816,8920000,2296
1,4450,89000000,89002000,4690,7816,89020000,22962
1,4451,89020000,89022000,4690,7816,89040000,22965
1,4452,89040000,89042000,4690,7816,89060000,22974
1,4453,89060000,89062000,4690,7816,89080000,22976
1,4454,89080000,89082000,4690,7816,89100000,22980
1,4455,89100000,89102000,4690,7816,89120000,22989
1,4456,89120000,89122000,4690,7816,89140000,22992
1,4457,89140000,89142000,4690,7816,89160000,22997
1,4458,89160000,89162000,4690,7816,89180000,23002
1,4459,89180000,89182000,4690,7816,89200000,23008
1,446,8920000,8922000,4690,7816,8940000,2300
1,4460,89200000,89202000,4690,7816,89220000,23013
1,4461,89220000,89222000,4690,7816,89240000,23018
1,4462,89240000,89242000,4690,7816,89260000,23024
1,4463,89260000,89262000,4690,7816,89280000,23027
1,4464,89280000,89282000,4690,7816,89300000,23034
1,4465,89300000,89302000,4690,7816,89320000,23038
1,4466,89320000,89322000,4690,7816,89340000,23044
1,4467,89340000,89342000,4690,7816,89360000,23049
1,4468,89360000,89362000,4690,7816,89380000,23055
1,4469,89380000,89382000,4690,7816,89400000,23059
1,447,8940000,8942000,4690,7816,8960000,2306
1,4470,89400000,89402000,4690,7816,89420000,23066
1,4471,89420000,89422000,4690,7816,89440000,23068
1,4472,89440000,89442000,4690,7816,89460000,23074
1,4473,89460000,89462000,4690,7816,89480000,23081
1,4474,89480000,89482000,4690,7816,89500000,23084
1,4475,89500000,89502000,4690,7816,89520000,23090
1,4476,89520000,89522000,4690,7816,89540000,23096
1,4477,89540000,89542000,4690,7816,89560000,23101
1,4478,89560000,89562000,4690,7816,89580000,23106
1,4479,89580000,89582000,4690,7816,89600000,23111
1,448,8960000,8962000,4690,7816,8980000,2311
1,4480,89600000,89602000,4690,7816,89620000,23116
1,4481,89620000,89622000,4690,7816,89640000,23120
1,4482,89640000,89642000,4690,7816,89660000,23128
1,4483,89660000,89662000,4690,7816,89680000,23131
1,4484,89680000,89682000,4690,7816,89700000,23136
1,4485,89700000,89702000,4690,7816,89720000,23142
1,4486,89720000,89722000,4690,7816,89740000,23147
1,4487,89740000,89742000,4690,7816,89760000,23152
1,4488,89760000,89762000,4690,7816,89780000,23159
1,4489,89780000,89782000,4690,7816,89800000,23161
1,449,8980000,8982000,4690,7816,9000000,2314
1,4490,89800000,89802000,4690,7816,89820000,23167
1,4491,89820000,89822000,4690,7816,89840000,23174
1,4492,89840000,89842000,4690,7816,89860000,23178
1,4493,89860000,89862000,4690,7816,89880000,23182
1,4494,89880000,89882000,4690,7816,89900000,23189
1,4495,89900000,89902000,4690,7816,89920000,23194
1,4496,89920000,89922000,4690,7816,89940000,23198
1,4497,89940000,89942000,4690,7816,89960000,23205
1,4498,89960000,89962000,4690,7816,89980000,23209
1,4499,89980000,89982000,4690,7816,90000000,23212
1,45,900000,902000,4690,7816,920000,233
1,450,9000000,9002000,4690,7816,9020000,2322
1,4500,90000000,90002000,4690,7816,90020000,23220
1,4501,90020000,90022000,4690,7816,90040000,23224
1,4502,90040000,90042000,4690,7816,90060000,23230
1,4503,90060000,90062000,4690,7816,90080000,23234
1,4504,90080000,90082000,4690,7816,90100000,23241
1,4505,90100000,90102000,4690,7816,90120000,23245
1,4506,90120000,90122000,4690,7816,90140000,23251
1,4507,90140000,90142000,4690,7816,90160000,23255
1,4508,90160000,90162000,4690,7816,90180000,23260
1,4509,90180000,90182000,4690,7816,90200000,23266
1,451,9020000,9022000,4690,7816,9040000,2326
1,4510,90200000,90202000,4690,7816,90220000,23270
1,4511,90220000,90222000,4690,7816,90240000,23276
1,4512,90240000,90242000,4690,7816,90260000,23282
1,4513,90260000,90262000,4690,7816,90280000,23286
1,4514,90280000,90282000,4690,7816,90300000,23291
1,4515,90300000,90302000,4690,7816,90320000,23298
1,4516,90320000,90322000,4690,7816,90340000,23301
1,4517,90340000,90342000,4690,7816,90360000,23306
1,4518,90360000,90362000,4690,7816,90380000,23314
1,4519,90380000,90382000,4690,7816,90400000,23316
1,452,9040000,9042000,4690,7816,9060000,2332
1,4520,90400000,90402000,4690,7816,90420000,23323
1,4521,90420000,90422000,4690,7816,90440000,23327
1,4522,90440000,90442000,4690,7816,90460000,23334
1,4523,90460000,90462000,4690,7816,90480000,23337
1,4524,90480000,90482000,4690,7816,90500000,23344
1,4525,90500000,90502000,4690,7816,90520000,23348
1,4526,90520000,90522000,4690,7816,90540000,23352
1,4527,90540000,90542000,4690,7816,90560000,23360
1,4528,90560000,90562000,4690,7816,90580000,23363
1,4529,90580000,90582000,4690,7816,90600000,23368
1,453,9060000,9062000,4690,7816,9080000,2336
1,4530,90600000,90602000,4690,7816,90620000,23375
1,4531,90620000,90622000,4690,7816,90640000,23379
1,4532,90640000,90642000,4690,7816,90660000,23385
1,4533,90660000,90662000,4690,7816,90680000,23391
1,4534,90680000,90682000,4690,7816,90700000,23394
1,4535,90700000,90702000,4690,7816,90720000,23398
1,4536,90720000,90722000,4690,7816,90740000,23406
1,4537,90740000,90742000,4690,7816,90760000,23410
1,4538,90760000,90762000,4690,7816,90780000,23415
1,4539,90780000,90782000,4690,7816,90800000,23420
1,454,9080000,9082000,4690,7816,9100000,2341
1,4540,90800000,90802000,4690,7816,90820000,23427
1,4541,90820000,90822000,4690,7816,90840000,23430
1,4542,90840000,90842000,4690,7816,90860000,23437
1,4543,90860000,90862000,4690,7816,90880000,23441
1,4544,90880000,90882000,4690,7816,90900000,23445
1,4545,90900000,90902000,4690,7816,90920000,23452
1,4546,90920000,90922000,4690,7816,90940000,23457
1,4547,90940000,90942000,4690,7816,90960000,23462
1,4548,90960000,90962000,4690,7816,90980000,23467
1,4549,90980000,90982000,4690,7816,91000000,23471
1,455,9100000,9102000,4690,7816,9120000,2347
1,4550,91000000,91002000,4690,7816,91020000,23478
1,4551,91020000,91022000,4690,7816,91040000,23483
1,4552,91040000,91042000,4690,7816,91060000,23487
1,4553,91060000,91062000,4690,7816,91080000,23492
1,4554,91080000,91082000,4690,7816,91100000,23499
1,4555,91100000,91102000,4690,7816,91120000,23502
1,4556,91120000,91122000,4690,7816,91140000,23508
1,4557,91140000,91142000,4690,7816,91160000,23514
1,4558,91160000,91162000,4690,7816,91180000,23519
1,4559,91180000,91182000,4690,7816,91200000,23523
1,456,9120000,9122000,4690,7816,9140000,2353
1,4560,91200000,91202000,4690,7816,91220000,23531
1,4561,91220000,91222000,4690,7816,91240000,23533
1,4562,91240000,91242000,4690,7816,91260000,23538
1,4563,91260000,91262000,4690,7816,91280000,23545
1,4564,91280000,91282000,4690,7816,91300000,23549
1,4565,91300000,91302000,4690,7816,91320000,23554
1,4566,91320000,91322000,4690,7816,91340000,23560
1,4567,91340000,91342000,4690,7816,91360000,23566
1,4568,91360000,91362000,4690,7816,91380000,23570
1,4569,91380000,91382000,4690,7816,91400000,23576
1,457,9140000,9142000,4690,7816,9160000,2356
1,4570,91400000,91402000,4690,7816,91420000,23580
1,4571,91420000,91422000,4690,7816,91440000,23584
1,4572,91440000,91442000,4690,7816,91460000,23593
1,4573,91460000,91462000,4690,7816,91480000,23595
1,4574,91480000,91482000,4690,7816,91500000,23601
1,4575,91500000,91502000,4690,7816,91520000,23606
1,4576,91520000,91522000,4690,7816,91540000,23612
1,4577,91540000,91542000,4690,7816,91560000,23616
1,4578,91560000,91562000,4690,7816,91580000,23623
1,4579,91580000,91582000,4690,7816,91600000,23626
1,458,9160000,9162000,4690,7816,9180000,2362
1,4580,91600000,91602000,4690,7816,91620000,23631
1,4581,91620000,91622000,4690,7816,91640000,23638
1,4582,91640000,91642000,4690,7816,91660000,23643
1,4583,91660000,91662000,4690,7816,91680000,23647
1,4584,91680000,91682000,4690,7816,91700000,23652
1,4585,91700000,91702000,4690,7816,91720000,23659
1,4586,91720000,91722000,4690,7816,91740000,23663
1,4587,91740000,91742000,4690,7816,91760000,23669
1,4588,91760000,91762000,4690,7816,91780000,23673
1,4589,91780000,91782000,4690,7816,91800000,23677
1,459,9180000,9182000,4690,7816,9200000,2368
1,4590,91800000,91802000,4690,7816,91820000,23685
1,4591,91820000,91822000,4690,7816,91840000,23687
1,4592,91840000,91842000,4690,7816,91860000,23695
1,4593,91860000,91862000,4690,7816,91880000,23699
1,4594,91880000,91882000,4690,7816,91900000,23704
1,4595,91900000,91902000,4690,7816,91920000,23710
1,4596,91920000,91922000,4690,7816,91940000,23716
1,4597,91940000,91942000,4690,7816,91960000,23719
1,4598,91960000,91962000,4690,7816,91980000,23724
1,4599,91980000,91982000,4690,7816,92000000,23731
1,46,920000,922000,4690,7816,940000,236
1,460,9200000,9202000,4690,7816,9220000,2372
1,4600,92000000,92002000,4690,7816,92020000,23735
1,4601,92020000,92022000,4690,7816,92040000,23739
1,4602,92040000,92042000,4690,7816,92060000,23747
1,4603,92060000,92062000,4690,7816,92080000,23751
1,4604,92080000,92082000,4690,7816,92100000,23755
1,4605,92100000,92102000,4690,7816,92120000,23762
1,4606,92120000,92122000,4690,7816,92140000,23766
1,4607,92140000,92142000,4690,7816,92160000,23770
1,4608,92160000,92162000,4690,7816,92180000,23778
1,4609,92180000,92182000,4690,7816,92200000,23781
1,461,9220000,9222000,4690,7816,9240000,2377
1,4610,92200000,92202000,4690,7816,92220000,23787
1,4611,92220000,92222000,4690,7816,92240000,23792
1,4612,92240000,92242000,4690,7816,92260000,23798
1,4613,92260000,92262000,4690,7816,92280000,23802
1,4614,92280000,92282000,4690,7816,92300000,23808
1,4615,92300000,92302000,4690,7816,92320000,23812
1,4616,92320000,92322000,4690,7816,92340000,23817
1,4617,92340000,92342000,4690,7816,92360000,23824
1,4618,92360000,92362000,4690,7816,92380000,23828
1,4619,92380000,92382000,4690,7816,92400000,23832
1,462,9240000,9242000,4690,7816,9260000,2384
1,4620,92400000,92402000,4690,7816,92420000,23839
1,4621,92420000,92422000,4690,7816,92440000,23844
1,4622,92440000,92442000,4690,7816,92460000,23849
1,4623,92460000,92462000,4690,7816,92480000,23855
1,4624,92480000,92482000,4690,7816,92500000,23859
1,4625,92500000,92502000,4690,7816,92520000,23863
1,4626,92520000,92522000,4690,7816,92540000,23870
1,4627,92540000,92542000,4690,7816,92560000,23874
1,4628,92560000,92562000,4690,7816,92580000,23880
1,4629,92580000,92582000,4690,7816,92600000,23884
1,463,9260000,9262000,4690,7816,9280000,2388
1,4630,92600000,92602000,4690,7816,92620000,23891
1,4631,92620000,92622000,4690,7816,92640000,23895
1,4632,92640000,92642000,4690,7816,92660000,23902
1,4633,92660000,92662000,4690,7816,92680000,23904
1,4634,92680000,92682000,4690,7816,92700000,23910
1,4635,92700000,92702000,4690,7816,92720000,23917
1,4636,92720000,92722000,4690,7816,92740000,23920
1,4637,92740000,92742000,4690,7816,92760000,23927
1,4638,92760000,92762000,4690,7816,92780000,23932
1,4639,92780000,92782000,4690,7816,92800000,23936
1,464,9280000,9282000,4690,7816,9300000,2393
1,4640,92800000,92802000,4690,7816,92820000,23941
1,4641,92820000,92822000,4690,7816,92840000,23948
1,4642,92840000,92842000,4690,7816,92860000,23952
1,4643,92860000,92862000,4690,7816,92880000,23955
1,4644,92880000,92882000,4690,7816,92900000,23964
1,4645,92900000,92902000,4690,7816,92920000,23967
1,4646,92920000,92922000,4690,7816,92940000,23972
1,4647,92940000,92942000,4690,7816,92960000,23978
1,4648,92960000,92962000,4690,7816,92980000,23984
1,4649,92980000,92982000,4690,7816,93000000,23987
1,465,9300000,9302000,4690,7816,9320000,2400
1,4650,93000000,93002000,4690,7816,93020000,23995
1,4651,93020000,93022000,4690,7816,93040000,23998
1,4652,93040000,93042000,4690,7816,93060000,24003
1,4653,93060000,93062000,4690,7816,93080000,24009
1,4654,93080000,93082000,4690,7816,93100000,24013
1,4655,93100000,93102000,4690,7816,93120000,24019
1,4656,93120000,93122000,4690,7816,93140000,24024
1,4657,93140000,93142000,4690,7816,93160000,24030
1,4658,93160000,93162000,4690,7816,93180000,24035
1,4659,93180000,93182000,4690,7816,93200000,24040
1,466,9320000,9322000,4690,7816,9340000,2403
1,4660,93200000,93202000,4690,7816,93220000,24045
1,4661,93220000,93222000,4690,7816,93240000,24048
1,4662,93240000,93242000,4690,7816,93260000,24057
1,4663,93260000,93262000,4690,7816,93280000,24060
1,4664,93280000,93282000,4690,7816,93300000,24065
1,4665,93300000,93302000,4690,7816,93320000,24071
1,4666,93320000,93322000,4690,7816,93340000,24076
1,4667,93340000,93342000,4690,7816,93360000,24081
1,4668,93360000,93362000,4690,7816,93380000,24087
1,4669,93380000,93382000,4690,7816,93400000,24090
1,467,9340000,9342000,4690,7816,9360000,2407
1,4670,93400000,93402000,4690,7816,93420000,24096
1,4671,93420000,93422000,4690,7816,93440000,24102
1,4672,93440000,93442000,4690,7816,93460000,24107
1,4673,93460000,93462000,4690,7816,93480000,24112
1,4674,93480000,93482000,4690,7816,93500000,24117
1,4675,93500000,93502000,4690,7816,93520000,24122
1,4676,93520000,93522000,4690,7816,93540000,24128
1,4677,93540000,93542000,4690,7816,93560000,24134
1,4678,93560000,93562000,4690,7816,93580000,24137
1,4679,93580000,93582000,4690,7816,93600000,24141
1,468,9360000,9362000,4690,7816,9380000,2415
1,4680,93600000,93602000,4690,7816,93620000,24150
1,4681,93620000,93622000,4690,7816,93640000,24152
1,4682,93640000,93642000,4690,7816,93660000,24158
1,4683,93660000,93662000,4690,7816,93680000,24164
1,4684,93680000,93682000,4690,7816,93700000,24169
1,4685,93700000,93702000,4690,7816,93720000,24173
1,4686,93720000,93722000,4690,7816,93740000,24181
1,4687,93740000,93742000,4690,7816,93760000,24184
1,4688,93760000,93762000,4690,7816,93780000,24188
1,4689,93780000,93782000,4690,7816,93800000,24195
1,469,9380000,9382000,4690,7816,9400000,2418
1,4690,93800000,93802000,4690,7816,93820000,24200
1,4691,93820000,93822000,4690,7816,93840000,24204
1,4692,93840000,93842000,4690,7816,93860000,24210
1,4693,93860000,93862000,4690,7816,93880000,24216
1,4694,93880000,93882000,4690,7816,93900000,24220
1,4695,93900000,93902000,4690,7816,93920000,24226
1,4696,93920000,93922000,4690,7816,93940000,24230
1,4697,93940000,93942000,4690,7816,93960000,24235
1,4698,93960000,93962000,4690,7816,93980000,24242
1,4699,93980000,93982000,4690,7816,94000000,24245
1,47,940000,942000,4690,7816,960000,241
1,470,9400000,9402000,4690,7816,9420000,2424
1,4700,94000000,94002000,4690,7816,94020000,24252
1,4701,94020000,94022000,4690,7816,94040000,24256
1,4702,94040000,94042000,4690,7816,94060000,24263
1,4703,94060000,94062000,4690,7816,94080000,24266
1,4704,94080000,94082000,4690,7816,94100000,24273
1,4705,94100000,94102000,4690,7816,94120000,24276
1,4706,94120000,94122000,4690,7816,94140000,24281
1,4707,94140000,94142000,4690,7816,94160000,24289
1,4708,94160000,94162000,4690,7816,94180000,24292
1,4709,94180000,94182000,4690,7816,94200000,24297
1,471,9420000,9422000,4690,7816,9440000,2429
1,4710,94200000,94202000,4690,7816,94220000,24303
1,4711,94220000,94222000,4690,7816,94240000,24308
1,4712,94240000,94242000,4690,7816,94260000,24314
1,4713,94260000,94262000,4690,7816,94280000,24319
1,4714,94280000,94282000,4690,7816,94300000,24323
1,4715,94300000,94302000,4690,7816,94320000,24328
1,4716,94320000,94322000,4690,7816,94340000,24335
1,4717,94340000,94342000,4690,7816,94360000,24338
1,4718,94360000,94362000,4690,7816,94380000,24344
1,4719,94380000,94382000,4690,7816,94400000,24349
1,472,9440000,9442000,4690,7816,9460000,2436
1,4720,94400000,94402000,4690,7816,94420000,24355
1,4721,94420000,94422000,4690,7816,94440000,24359
1,4722,94440000,94442000,4690,7816,94460000,24367
1,4723,94460000,94462000,4690,7816,94480000,24369
1,4724,94480000,94482000,4690,7816,94500000,24373
1,4725,94500000,94502000,4690,7816,94520000,24382
1,4726,94520000,94522000,4690,7816,94540000,24385
1,4727,94540000,94542000,4690,7816,94560000,24390
1,4728,94560000,94562000,4690,7816,94580000,24397
1,4729,94580000,94582000,4690,7816,94600000,24401
1,473,9460000,9462000,4690,7816,9480000,2439
1,4730,94600000,94602000,4690,7816,94620000,24406
1,4731,94620000,94622000,4690,7816,94640000,24411
1,4732,94640000,94642000,4690,7816,94660000,24417
1,4733,94660000,94662000,4690,7816,94680000,24420
1,4734,94680000,94682000,4690,7816,94700000,24427
1,4735,94700000,94702000,4690,7816,94720000,24432
1,4736,94720000,94722000,4690,7816,94740000,24437
1,4737,94740000,94742000,4690,7816,94760000,24442
1,4738,94760000,94762000,4690,7816,94780000,24448
1,4739,94780000,94782000,4690,7816,94800000,24452
1,474,9480000,9482000,4690,7816,9500000,2446
1,4740,94800000,94802000,4690,7816,94820000,24459
1,4741,94820000,94822000,4690,7816,94840000,24462
1,4742,94840000,94842000,4690,7816,94860000,24468
1,4743,94860000,94862000,4690,7816,94880000,24474
1,4744,94880000,94882000,4690,7816,94900000,24477
1,4745,94900000,94902000,4690,7816,94920000,24483
1,4746,94920000,94922000,4690,7816,94940000,24489
1,4747,94940000,94942000,4690,7816,94960000,24494
1,4748,94960000,94962000,4690,7816,94980000,24499
1,4749,94980000,94982000,4690,7816,95000000,24505
1,475,9500000,9502000,4690,7816,9520000,2449
1,4750,95000000,95002000,4690,7816,95020000,24509
1,4751,95020000,95022000,4690,7816,95040000,24513
1,4752,95040000,95042000,4690,7816,95060000,24521
1,4753,95060000,95062000,4690,7816,95080000,24524
1,4754,95080000,95082000,4690,7816,95100000,24530
1,4755,95100000,95102000,4690,7816,95120000,24535
1,4756,95120000,95122000,4690,7816,95140000,24541
1,4757,95140000,95142000,4690,7816,95160000,24545
1,4758,95160000,95162000,4690,7816,95180000,24552
1,4759,95180000,95182000,4690,7816,95200000,24554
1,476,9520000,9522000,4690,7816,9540000,2454
1,4760,95200000,95202000,4690,7816,95220000,24560
1,4761,95220000,95222000,4690,7816,95240000,24567
1,4762,95240000,95242000,4690,7816,95260000,24571
1,4763,95260000,95262000,4690,7816,95280000,24576
1,4764,95280000,95282000,4690,7816,95300000,24582
1,4765,95300000,95302000,4690,7816,95320000,24587
1,4766,95320000,95322000,4690,7816,95340000,24591
1,4767,95340000,95342000,4690,7816,95360000,24599
1,4768,95360000,95362000,4690,7816,95380000,24602
1,4769,95380000,95382000,4690,7816,95400000,24605
1,477,9540000,9542000,4690,7816,9560000,2462
1,4770,95400000,95402000,4690,7816,95420000,24614
1,4771,95420000,95422000,4690,7816,95440000,24617
1,4772,95440000,95442000,4690,7816,95460000,24623
1,4773,95460000,95462000,4690,7816,95480000,24627
1,4774,95480000,95482000,4690,7816,95500000,24634
1,4775,95500000,95502000,4690,7816,95520000,24638
1,4776,95520000,95522000,4690,7816,95540000,24644
1,4777,95540000,95542000,4690,7816,95560000,24649
1,4778,95560000,95562000,4690,7816,95580000,24653
1,4779,95580000,95582000,4690,7816,95600000,24659
1,478,9560000,9562000,4690,7816,9580000,2465
1,4780,95600000,95602000,4690,7816,95620000,24664
1,4781,95620000,95622000,4690,7816,95640000,24669
1,4782,95640000,95642000,4690,7816,95660000,24675
1,4783,95660000,95662000,4690,7816,95680000,24679
1,4784,95680000,95682000,4690,7816,95700000,24685
1,4785,95700000,95702000,4690,7816,95720000,24691
1,4786,95720000,95722000,4690,7816,95740000,24694
1,4787,95740000,95742000,4690,7816,95760000,24699
1,4788,95760000,95762000,4690,7816,95780000,24707
1,4789,95780000,95782000,4690,7816,95800000,24709
1,479,9580000,9582000,4690,7816,9600000,2470
1,4790,95800000,95802000,4690,7816,95820000,24716
1,4791,95820000,95822000,4690,7816,95840000,24721
1,4792,95840000,95842000,4690,7816,95860000,24727
1,4793,95860000,95862000,4690,7816,95880000,24731
1,4794,95880000,95882000,4690,7816,95900000,24737
1,4795,95900000,95902000,4690,7816,95920000,24741
1,4796,95920000,95922000,4690,7816,95940000,24745
1,4797,95940000,95942000,4690,7816,95960000,24753
1,4798,95960000,95962000,4690,7816,95980000,24757
1,4799,95980000,95982000,4690,7816,96000000,24761
1,48,960000,962000,4690,7816,980000,247
1,480,9600000,9602000,4690,7816,9620000,2476
1,4800,96000000,96002000,4690,7816,96020000,24768
1,4801,96020000,96022000,4690,7816,96040000,24772
1,4802,96040000,96042000,4690,7816,96060000,24778
1,4803,96060000,96062000,4690,7816,96080000,24784
1,4804,96080000,96082000,4690,7816,96100000,24787
1,4805,96100000,96102000,4690,7816,96120000,24792
1,4806,96120000,96122000,4690,7816,96140000,24800
1,4807,96140000,96142000,4690,7816,96160000,24803
1,4808,96160000,96162000,4690,7816,96180000,24808
1,4809,96180000,96182000,4690,7816,96200000,24813
1,481,9620000,9622000,4690,7816,9640000,2481
1,4810,96200000,96202000,4690,7816,96220000,24820
1,4811,96220000,96222000,4690,7816,96240000,24823
1,4812,96240000,96242000,4690,7816,96260000,24831
1,4813,96260000,96262000,4690,7816,96280000,24834
1,4814,96280000,96282000,4690,7816,96300000,24838
1,4815,96300000,96302000,4690,7816,96320000,24845
1,4816,96320000,96322000,4690,7816,96340000,24850
1,4817,96340000,96342000,4690,7816,96360000,24855
1,4818,96360000,96362000,4690,7816,96380000,24860
1,4819,96380000,96382000,4690,7816,96400000,24866
1,482,9640000,9642000,4690,7816,9660000,2486
1,4820,96400000,96402000,4690,7816,96420000,24871
1,4821,96420000,96422000,4690,7816,96440000,24876
1,4822,96440000,96442000,4690,7816,96460000,24880
1,4823,96460000,96462000,4690,7816,96480000,24885
1,4824,96480000,96482000,4690,7816,96500000,24892
1,4825,96500000,96502000,4690,7816,96520000,24895
1,4826,96520000,96522000,4690,7816,96540000,24902
1,4827,96540000,96542000,4690,7816,96560000,24907
1,4828,96560000,96562000,4690,7816,96580000,24912
1,4829,96580000,96582000,4690,7816,96600000,24916
1,483,9660000,9662000,4690,7816,9680000,2492
1,4830,96600000,96602000,4690,7816,96620000,24924
1,4831,96620000,96622000,4690,7816,96640000,24926
1,4832,96640000,96642000,4690,7816,96660000,24932
1,4833,96660000,96662000,4690,7816,96680000,24939
1,4834,96680000,96682000,4690,7816,96700000,24942
1,4835,96700000,96702000,4690,7816,96720000,24947
1,4836,96720000,96722000,4690,7816,96740000,24953
1,4837,96740000,96742000,4690,7816,96760000,24959
1,4838,96760000,96762000,4690,7816,96780000,24963
1,4839,96780000,96782000,4690,7816,96800000,24969
1,484,9680000,9682000,4690,7816,9700000,2496
1,4840,96800000,96802000,4690,7816,96820000,24974
1,4841,96820000,96822000,4690,7816,96840000,24977
1,4842,96840000,96842000,4690,7816,96860000,24986
1,4843,96860000,96862000,4690,7816,96880000,24988
1,4844,96880000,96882000,4690,7816,96900000,24994
1,4845,96900000,96902000,4690,7816,96920000,25000
1,4846,96920000,96922000,4690,7816,96940000,25005
1,4847,96940000,96942000,4690,7816,96960000,25010
1,4848,96960000,96962000,4690,7816,96980000,25016
1,4849,96980000,96982000,4690,7816,97000000,25019
1,485,9700000,9702000,4690,7816,9720000,2500
1,4850,97000000,97002000,4690,7816,97020000,25024
1,4851,97020000,97022000,4690,7816,97040000,25031
1,4852,97040000,97042000,4690,7816,97060000,25036
1,4853,97060000,97062000,4690,7816,97080000,25040
1,4854,97080000,97082000,4690,7816,97100000,25046
1,4855,97100000,97102000,4690,7816,97120000,25052
1,4856,97120000,97122000,4690,7816,97140000,25056
1,4857,97140000,97142000,4690,7816,97160000,25062
1,4858,97160000,97162000,4690,7816,97180000,25067
1,4859,97180000,97182000,4690,7816,97200000,25070
1,486,9720000,9722000,4690,7816,9740000,2508
1,4860,97200000,97202000,4690,7816,97220000,25078
1,4861,97220000,97222000,4690,7816,97240000,25081
1,4862,97240000,97242000,4690,7816,97260000,25088
1,4863,97260000,97262000,4690,7816,97280000,25092
1,4864,97280000,97282000,4690,7816,97300000,25097
1,4865,97300000,97302000,4690,7816,97320000,25103
1,4866,97320000,97322000,4690,7816,97340000,25109
1,4867,97340000,97342000,4690,7816,97360000,25112
1,4868,97360000,97362000,4690,7816,97380000,25118
1,4869,97380000,97382000,4690,7816,97400000,25124
1,487,9740000,9742000,4690,7816,9760000,2512
1,4870,97400000,97402000,4690,7816,97420000,25128
1,4871,97420000,97422000,4690,7816,97440000,25133
1,4872,97440000,97442000,4690,7816,97460000,25140
1,4873,97460000,97462000,4690,7816,97480000,25144
1,4874,97480000,97482000,4690,7816,97500000,25148
1,4875,97500000,97502000,4690,7816,97520000,25156
1,4876,97520000,97522000,4690,7816,97540000,25159
1,4877,97540000,97542000,4690,7816,97560000,25163
1,4878,97560000,97562000,4690,7816,97580000,25171
1,4879,97580000,97582000,4690,7816,97600000,25174
1,488,9760000,9762000,4690,7816,9780000,2517
1,4880,97600000,97602000,4690,7816,97620000,25180
1,4881,97620000,97622000,4690,7816,97640000,25185
1,4882,97640000,97642000,4690,7816,97660000,25192
1,4883,97660000,97662000,4690,7816,97680000,25195
1,4884,97680000,97682000,4690,7816,97700000,25202
1,4885,97700000,97702000,4690,7816,97720000,25205
1,4886,97720000,97722000,4690,7816,97740000,25210
1,4887,97740000,97742000,4690,7816,97760000,25217
1,4888,97760000,97762000,4690,7816,97780000,25221
1,4889,97780000,97782000,4690,7816,97800000,25226
1,489,9780000,9782000,4690,7816,9800000,2521
1,4890,97800000,97802000,4690,7816,97820000,25232
1,4891,97820000,97822000,4690,7816,97840000,25237
1,4892,97840000,97842000,4690,7816,97860000,25242
1,4893,97860000,97862000,4690,7816,97880000,25248
1,4894,97880000,97882000,4690,7816,97900000,25252
1,4895,97900000,97902000,4690,7816,97920000,25256
1,4896,97920000,97922000,4690,7816,97940000,25264
1,4897,97940000,97942000,4690,7816,97960000,25268
1,4898,97960000,97962000,4690,7816,97980000,25273
1,4899,97980000,97982000,4690,7816,98000000,25277
1,49,980000,982000,4690,7816,1000000,252
1,490,9800000,9802000,4690,7816,9820000,2529
1,4900,98000000,98002000,4690,7816,98020000,25284
1,4901,98020000,98022000,4690,7816,98040000,25288
1,4902,98040000,98042000,4690,7816,98060000,25295
1,4903,98060000,98062000,4690,7816,98080000,25298
1,4904,98080000,98082000,4690,7816,98100000,25303
1,4905,98100000,98102000,4690,7816,98120000,25310
1,4906,98120000,98122000,4690,7816,98140000,25313
1,4907,98140000,98142000,4690,7816,98160000,25320
1,4908,98160000,98162000,4690,7816,98180000,25325
1,4909,98180000,98182000,4690,7816,98200000,25329
1,491,9820000,9822000,4690,7816,9840000,2532
1,4910,98200000,98202000,4690,7816,98220000,25336
1,4911,98220000,98222000,4690,7816,98240000,25341
1,4912,98240000,98242000,4690,7816,98260000,25345
1,4913,98260000,98262000,4690,7816,98280000,25348
1,4914,98280000,98282000,4690,7816,98300000,25357
1,4915,98300000,98302000,4690,7816,98320000,25360
1,4916,98320000,98322000,4690,7816,98340000,25365
1,4917,98340000,98342000,4690,7816,98360000,25372
1,4918,98360000,98362000,4690,7816,98380000,25377
1,4919,98380000,98382000,4690,7816,98400000,25380
1,492,9840000,9842000,4690,7816,9860000,2539
1,4920,98400000,98402000,4690,7816,98420000,25388
1,4921,98420000,98422000,4690,7816,98440000,25391
1,4922,98440000,98442000,4690,7816,98460000,25396
1,4923,98460000,98462000,4690,7816,98480000,25403
1,4924,98480000,98482000,4690,7816,98500000,25407
1,4925,98500000,98502000,4690,7816,98520000,25412
1,4926,98520000,98522000,4690,7816,98540000,25417
1,4927,98540000,98542000,4690,7816,98560000,25423
1,4928,98560000,98562000,4690,7816,98580000,25428
1,4929,98580000,98582000,4690,7816,98600000,25433
1,493,9860000,9862000,4690,7816,9880000,2542
1,4930,98600000,98602000,4690,7816,98620000,25438
1,4931,98620000,98622000,4690,7816,98640000,25442
1,4932,98640000,98642000,4690,7816,98660000,25450
1,4933,98660000,98662000,4690,7816,98680000,25453
1,4934,98680000,98682000,4690,7816,98700000,25458
1,4935,98700000,98702000,4690,7816,98720000,25464
1,4936,98720000,98722000,4690,7816,98740000,25470
1,4937,98740000,98742000,4690,7816,98760000,25474
1,4938,98760000,98762000,4690,7816,98780000,25481
1,4939,98780000,98782000,4690,7816,98800000,25483
1,494,9880000,9882000,4690,7816,9900000,2547
1,4940,98800000,98802000,4690,7816,98820000,25489
1,4941,98820000,98822000,4690,7816,98840000,25495
1,4942,98840000,98842000,4690,7816,98860000,25500
1,4943,98860000,98862000,4690,7816,98880000,25505
1,4944,98880000,98882000,4690,7816,98900000,25510
1,4945,98900000,98902000,4690,7816,98920000,25516
1,4946,98920000,98922000,4690,7816,98940000,25521
1,4947,98940000,98942000,4690,7816,98960000,25527
1,4948,98960000,98962000,4690,7816,98980000,25530
1,4949,98980000,98982000,4690,7816,99000000,25535
1,495,9900000,9902000,4690,7816,9920000,2554
1,4950,99000000,99002000,4690,7816,99020000,25543
1,4951,99020000,99022000,4690,7816,99040000,25545
1,4952,99040000,99042000,4690,7816,99060000,25552
1,4953,99060000,99062000,4690,7816,99080000,25557
1,4954,99080000,99082000,4690,7816,99100000,25562
1,4955,99100000,99102000,4690,7816,99120000,25566
1,4956,99120000,99122000,4690,7816,99140000,25574
1,4957,99140000,99142000,4690,7816,99160000,25577
1,4958,99160000,99162000,4690,7816,99180000,25581
1,4959,99180000,99182000,4690,7816,99200000,25589
1,496,9920000,9922000,4690,7816,9940000,2557
1,4960,99200000,99202000,4690,7816,99220000,25593
1,4961,99220000,99222000,4690,7816,99240000,25597
1,4962,99240000,99242000,4690,7816,99260000,25604
1,4963,99260000,99262000,4690,7816,99280000,25609
1,4964,99280000,99282000,4690,7816,99300000,25613
1,4965,99300000,99302000,4690,7816,99320000,25619
1,4966,99320000,99322000,4690,7816,99340000,25624
1,4967,99340000,99342000,4690,7816,99360000,25628
1,4968,99360000,99362000,4690,7816,99380000,25635
1,4969,99380000,99382000,4690,7816,99400000,25638
1,497,9940000,9942000,4690,7816,9960000,2564
1,4970,99400000,99402000,4690,7816,99420000,25645
1,4971,99420000,99422000,4690,7816,99440000,25649
1,4972,99440000,99442000,4690,7816,99460000,25656
1,4973,99460000,99462000,4690,7816,99480000,25660
1,4974,99480000,99482000,4690,7816,99500000,25666
1,4975,99500000,99502000,4690,7816,99520000,25670
1,4976,99520000,99522000,4690,7816,99540000,25674
1,4977,99540000,99542000,4690,7816,99560000,25682
1,4978,99560000,99562000,4690,7816,99580000,25685
1,4979,99580000,99582000,4690,7816,99600000,25690
1,498,9960000,9962000,4690,7816,9980000,2569
1,4980,99600000,99602000,4690,7816,99620000,25697
1,4981,99620000,99622000,4690,7816,99640000,25701
1,4982,99640000,99642000,4690,7816,99660000,25707
1,4983,99660000,99662000,4690,7816,99680000,25712
1,4984,99680000,99682000,4690,7816,99700000,25716
1,4985,99700000,99702000,4690,7816,99720000,25721
1,4986,99720000,99722000,4690,7816,99740000,25728
1,4987,99740000,99742000,4690,7816,99760000,25732
1,4988,99760000,99762000,4690,7816,99780000,25738
1,4989,99780000,99782000,4690,7816,99800000,25742
1,499,9980000,9982000,4690,7816,10000000,2573
1,4990,99800000,99802000,4690,7816,99820000,25748
1,4991,99820000,99822000,4690,7816,99840000,25752
1,4992,99840000,99842000,4690,7816,99860000,25760
1,4993,99860000,99862000,4690,7816,99880000,25762
1,4994,99880000,99882000,4690,7816,99900000,25767
1,4995,99900000,99902000,4690,7816,99920000,25775
1,4996,99920000,99922000,4690,7816,99940000,25778
1,4997,99940000,99942000,4690,7816,99960000,25783
1,4998,99960000,99962000,4690,7816,99980000,25790
1,4999,99980000,99982000,4690,7816,100000000,25794
1,5,100000,102000,4690,7816,120000,24
1,50,1000000,1002000,4690,7816,1020000,257
1,500,10000000,10002000,4690,7816,10020000,2580
1,5000,100000000,100002000,4690,7816,100020000,25799
1,5001,100020000,100022000,4690,7816,100040000,25806
1,5002,100040000,100042000,4690,7816,100060000,25810
1,5003,100060000,100062000,4690,7816,100080000,25813
1,5004,100080000,100082000,4690,7816,100100000,25820
1,5005,100100000,100102000,4690,7816,100120000,25825
1,5006,100120000,100122000,4690,7816,100140000,25830
1,5007,100140000,100142000,4690,7816,100160000,25835
1,5008,100160000,100162000,4690,7816,100180000,25842
1,5009,100180000,100182000,4690,7816,100200000,25845
1,501,10020000,10022000,4690,7816,10040000,2585
1,5010,100200000,100202000,4690,7816,100220000,25852
1,5011,100220000,100222000,4690,7816,100240000,25855
1,5012,100240000,100242000,4690,7816,100260000,25861
1,5013,100260000,100262000,4690,7816,100280000,25867
1,5014,100280000,100282000,4690,7816,100300000,25871
1,5015,100300000,100302000,4690,7816,100320000,25877
1,5016,100320000,100322000,4690,7816,100340000,25882
1,5017,100340000,100342000,4690,7816,100360000,25887
1,5018,100360000,100362000,4690,7816,100380000,25892
1,5019,100380000,100382000,4690,7816,100400000,25898
1,502,10040000,10042000,4690,7816,10060000,2589
1,5020,100400000,100402000,4690,7816,100420000,25902
1,5021,100420000,100422000,4690,7816,100440000,25906
1,5022,100440000,100442000,4690,7816,100460000,25915
1,5023,100460000,100462000,4690,7816,100480000,25917
1,5024,100480000,100482000,4690,7816,100500000,25923
1,5025,100500000,100502000,4690,7816,100520000,25928
1,5026,100520000,100522000,4690,7816,100540000,25934
1,5027,100540000,100542000,4690,7816,100560000,25939
1,5028,100560000,100562000,4690,7816,100580000,25945
1,5029,100580000,100582000,4690,7816,100600000,25948
1,503,10060000,10062000,4690,7816,10080000,2593
1,5030,100600000,100602000,4690,7816,100620000,25953
1,5031,100620000,100622000,4690,7816,100640000,25960
1,5032,100640000,100642000,4690,7816,100660000,25964
1,5033,100660000,100662000,4690,7816,100680000,25969
1,5034,100680000,100682000,4690,7816,100700000,25975
1,5035,100700000,100702000,4690,7816,100720000,25980
1,5036,100720000,100722000,4690,7816,100740000,25985
1,5037,100740000,100742000,4690,7816,100760000,25992
1,5038,100760000,100762000,4690,7816,100780000,25995
1,5039,100780000,100782000,4690,7816,100800000,25998
1,504,10080000,10082000,4690,7816,10100000,2601
1,5040,100800000,100802000,4690,7816,100820000,26008
1,5041,100820000,100822000,4690,7816,100840000,26010
1,5042,100840000,100842000,4690,7816,100860000,26016
1,5043,100860000,100862000,4690,7816,100880000,26021
1,5044,100880000,100882000,4690,7816,100900000,26027
1,5045,100900000,100902000,4690,7816,100920000,26031
1,5046,100920000,100922000,4690,7816,100940000,26037
1,5047,100940000,100942000,4690,7816,100960000,26042
1,5048,100960000,100962000,4690,7816,100980000,26046
1,5049,100980000,100982000,4690,7816,101000000,26052
1,505,10100000,10102000,4690,7816,10120000,2604
1,5050,101000000,101002000,4690,7816,101020000,26058
1,5051,101020000,101022000,4690,7816,101040000,26062
1,5052,101040000,101042000,4690,7816,101060000,26068
1,5053,101060000,101062000,4690,7816,101080000,26073
1,5054,101080000,101082000,4690,7816,101100000,26078
1,5055,101100000,101102000,4690,7816,101120000,26084
1,5056,101120000,101122000,4690,7816,101140000,26087
1,5057,101140000,101142000,4690,7816,101160000,26093
1,5058,101160000,101162000,4690,7816,101180000,26100
1,5059,101180000,101182000,4690,7816,101200000,26102
1,506,10120000,10122000,4690,7816,10140000,2609
1,5060,101200000,101202000,4690,7816,101220000,26109
1,5061,101220000,101222000,4690,7816,101240000,26114
1,5062,101240000,101242000,4690,7816,101260000,26120
1,5063,101260000,101262000,4690,7816,101280000,26124
1,5064,101280000,101282000,4690,7816,101300000,26131
1,5065,101300000,101302000,4690,7816,101320000,26134
1,5066,101320000,101322000,4690,7816,101340000,26139
1,5067,101340000,101342000,4690,7816,101360000,26146
1,5068,101360000,101362000,4690,7816,101380000,26150
1,5069,101380000,101382000,4690,7816,101400000,26154
1,507,10140000,10142000,4690,7816,10160000,2616
1,5070,101400000,101402000,4690,7816,101420000,26161
1,5071,101420000,101422000,4690,7816,101440000,26166
1,5072,101440000,101442000,4690,7816,101460000,26171
1,5073,101460000,101462000,4690,7816,101480000,26177
1,5074,101480000,101482000,4690,7816,101500000,26180
1,5075,101500000,101502000,4690,7816,101520000,26185
1,5076,101520000,101522000,4690,7816,101540000,26193
1,5077,101540000,101542000,4690,7816,101560000,26196
1,5078,101560000,101562000,4690,7816,101580000,26202
1,5079,101580000,101582000,4690,7816,101600000,26207
1,508,10160000,10162000,4690,7816,10180000,2621
1,5080,101600000,101602000,4690,7816,101620000,26213
1,5081,101620000,101622000,4690,7816,101640000,26216
1,5082,101640000,101642000,4690,7816,101660000,26224
1,5083,101660000,101662000,4690,7816,101680000,26227
1,5084,101680000,101682000,4690,7816,101700000,26231
1,5085,101700000,101702000,4690,7816,101720000,26239
1,5086,101720000,101722000,4690,7816,101740000,26243
1,5087,101740000,101742000,4690,7816,101760000,26248
1,5088,101760000,101762000,4690,7816,101780000,26253
1,5089,101780000,101782000,4690,7816,101800000,26259
1,509,10180000,10182000,4690,7816,10200000,2624
1,5090,101800000,101802000,4690,7816,101820000,26264
1,5091,101820000,101822000,4690,7816,101840000,26269
1,5092,101840000,101842000,4690,7816,101860000,26275
1,5093,101860000,101862000,4690,7816,101880000,26278
1,5094,101880000,101882000,4690,7816,101900000,26285
1,5095,101900000,101902000,4690,7816,101920000,26288
1,5096,101920000,101922000,4690,7816,101940000,26295
1,5097,101940000,101942000,4690,7816,101960000,26300
1,5098,101960000,101962000,4690,7816,101980000,26305
1,5099,101980000,101982000,4690,7816,102000000,26310
1,51,1020000,1022000,4690,7816,1040000,262
1,510,10200000,10202000,4690,7816,10220000,2632
1,5100,102000000,102002000,4690,7816,102020000,26317
1,5101,102020000,102022000,4690,7816,102040000,26319
1,5102,102040000,102042000,4690,7816,102060000,26325
1,5103,102060000,102062000,4690,7816,102080000,26332
1,5104,102080000,102082000,4690,7816,102100000,26335
1,5105,102100000,102102000,4690,7816,102120000,26341
1,5106,102120000,102122000,4690,7816,102140000,26347
1,5107,102140000,102142000,4690,7816,102160000,26352
1,5108,102160000,102162000,4690,7816,102180000,26356
1,5109,102180000,102182000,4690,7816,102200000,26362
1,511,10220000,10222000,4690,7816,10240000,2635
1,5110,102200000,102202000,4690,7816,102220000,26367
1,5111,102220000,102222000,4690,7816,102240000,26370
1,5112,102240000,102242000,4690,7816,102260000,26379
1,5113,102260000,102262000,4690,7816,102280000,26382
1,5114,102280000,102282000,4690,7816,102300000,26387
1,5115,102300000,102302000,4690,7816,102320000,26393
1,5116,102320000,102322000,4690,7816,102340000,26398
1,5117,102340000,102342000,4690,7816,102360000,26403
1,5118,102360000,102362000,4690,7816,102380000,26410
1,5119,102380000,102382000,4690,7816,102400000,26412
1,512,10240000,10242000,4690,7816,10260000,2640
1,5120,102400000,102402000,4690,7816,102420000,26418
1,5121,102420000,102422000,4690,7816,102440000,26424
1,5122,102440000,102442000,4690,7816,102460000,26429
1,5123,102460000,102462000,4690,7816,102480000,26433
1,5124,102480000,102482000,4690,7816,102500000,26439
1,5125,102500000,102502000,4690,7816,102520000,26445
1,5126,102520000,102522000,4690,7816,102540000,26449
1,5127,102540000,102542000,4690,7816,102560000,26456
1,5128,102560000,102562000,4690,7816,102580000,26460
1,5129,102580000,102582000,4690,7816,102600000,26463
1,513,10260000,10262000,4690,7816,10280000,2647
1,5130,102600000,102602000,4690,7816,102620000,26471
1,5131,102620000,102622000,4690,7816,102640000,26475
1,5132,102640000,102642000,4690,7816,102660000,26481
1,5133,102660000,102662000,4690,7816,102680000,26485
1,5134,102680000,102682000,4690,7816,102700000,26491
1,5135,102700000,102702000,4690,7816,102720000,26496
1,5136,102720000,102722000,4690,7816,102740000,26502
1,5137,102740000,102742000,4690,7816,102760000,26505
1,5138,102760000,102762000,4690,7816,102780000,26511
1,5139,102780000,102782000,4690,7816,102800000,26517
1,514,10280000,10282000,4690,7816,10300000,2651
1,5140,102800000,102802000,4690,7816,102820000,26521
1,5141,102820000,102822000,4690,7816,102840000,26527
1,5142,102840000,102842000,4690,7816,102860000,26533
1,5143,102860000,102862000,4690,7816,102880000,26537
1,5144,102880000,102882000,4690,7816,102900000,26542
1,5145,102900000,102902000,4690,7816,102920000,26549
1,5146,102920000,102922000,4690,7816,102940000,26552
1,5147,102940000,102942000,4690,7816,102960000,26556
1,5148,102960000,102962000,4690,7816,102980000,26565
1,5149,102980000,102982000,4690,7816,103000000,26567
1,515,10300000,10302000,4690,7816,10320000,2656
1,5150,103000000,103002000,4690,7816,103020000,26573
1,5151,103020000,103022000,4690,7816,103040000,26578
1,5152,103040000,103042000,4690,7816,103060000,26585
1,5153,103060000,103062000,4690,7816,103080000,26588
1,5154,103080000,103082000,4690,7816,103100000,26595
1,5155,103100000,103102000,4690,7816,103120000,26599
1,5156,103120000,103122000,4690,7816,103140000,26603
1,5157,103140000,103142000,4690,7816,103160000,26611
1,5158,103160000,103162000,4690,7816,103180000,26614
1,5159,103180000,103182000,4690,7816,103200000,26619
1,516,10320000,10322000,4690,7816,10340000,2662
1,5160,103200000,103202000,4690,7816,103220000,26625
1,5161,103220000,103222000,4690,7816,103240000,26630
1,5162,103240000,103242000,4690,7816,103260000,26636
1,5163,103260000,103262000,4690,7816,103280000,26641
1,5164,103280000,103282000,4690,7816,103300000,26645
1,5165,103300000,103302000,4690,7816,103320000,26649
1,5166,103320000,103322000,4690,7816,103340000,26657
1,5167,103340000,103342000,4690,7816,103360000,26661
1,5168,103360000,103362000,4690,7816,103380000,26666
1,5169,103380000,103382000,4690,7816,103400000,26671
1,517,10340000,10342000,4690,7816,10360000,2667
1,5170,103400000,103402000,4690,7816,103420000,26678
1,5171,103420000,103422000,4690,7816,103440000,26681
1,5172,103440000,103442000,4690,7816,103460000,26688
1,5173,103460000,103462000,4690,7816,103480000,26691
1,5174,103480000,103482000,4690,7816,103500000,26696
1,5175,103500000,103502000,4690,7816,103520000,26703
1,5176,103520000,103522000,4690,7816,103540000,26707
1,5177,103540000,103542000,4690,7816,103560000,26713
1,5178,103560000,103562000,4690,7816,103580000,26718
1,5179,103580000,103582000,4690,7816,103600000,26722
1,518,10360000,10362000,4690,7816,10380000,2672
1,5180,103600000,103602000,4690,7816,103620000,26729
1,5181,103620000,103622000,4690,7816,103640000,26734
1,5182,103640000,103642000,4690,7816,103660000,26738
1,5183,103660000,103662000,4690,7816,103680000,26743
1,5184,103680000,103682000,4690,7816,103700000,26750
1,5185,103700000,103702000,4690,7816,103720000,26753
1,5186,103720000,103722000,4690,7816,103740000,26758
1,5187,103740000,103742000,4690,7816,103760000,26765
1,5188,103760000,103762000,4690,7816,103780000,26770
1,5189,103780000,103782000,4690,7816,103800000,26773
1,519,10380000,10382000,4690,7816,10400000,2677
1,5190,103800000,103802000,4690,7816,103820000,26782
1,5191,103820000,103822000,4690,7816,103840000,26784
1,5192,103840000,103842000,4690,7816,103860000,26789
1,5193,103860000,103862000,4690,7816,103880000,26796
1,5194,103880000,103882000,4690,7816,103900000,26800
1,5195,103900000,103902000,4690,7816,103920000,26805
1,5196,103920000,103922000,4690,7816,103940000,26811
1,5197,103940000,103942000,4690,7816,103960000,26817
1,5198,103960000,103962000,4690,7816,103980000,26821
1,5199,103980000,103982000,4690,7816,104000000,26826
1,52,1040000,1042000,4690,7816,1060000,268
1,520,10400000,10402000,4690,7816,10420000,2682
1,5200,104000000,104002000,4690,7816,104020000,26831
1,5201,104020000,104022000,4690,7816,104040000,26835
1,5202,104040000,104042000,4690,7816,104060000,26843
1,5203,104060000,104062000,4690,7816,104080000,26846
1,5204,104080000,104082000,4690,7816,104100000,26852
1,5205,104100000,104102000,4690,7816,104120000,26857
1,5206,104120000,104122000,4690,7816,104140000,26863
1,5207,104140000,104142000,4690,7816,104160000,26867
1,5208,104160000,104162000,4690,7816,104180000,26874
1,5209,104180000,104182000,4690,7816,104200000,26877
1,521,10420000,10422000,4690,7816,10440000,2686
1,5210,104200000,104202000,4690,7816,104220000,26882
1,5211,104220000,104222000,4690,7816,104240000,26889
1,5212,104240000,104242000,4690,7816,104260000,26893
1,5213,104260000,104262000,4690,7816,104280000,26898
1,5214,104280000,104282000,4690,7816,104300000,26903
1,5215,104300000,104302000,4690,7816,104320000,26909
1,5216,104320000,104322000,4690,7816,104340000,26914
1,5217,104340000,104342000,4690,7816,104360000,26920
1,5218,104360000,104362000,4690,7816,104380000,26924
1,5219,104380000,104382000,4690,7816,104400000,26928
1,522,10440000,10442000,4690,7816,10460000,2694
1,5220,104400000,104402000,4690,7816,104420000,26936
1,5221,104420000,104422000,4690,7816,104440000,26938
1,5222,104440000,104442000,4690,7816,104460000,26946
1,5223,104460000,104462000,4690,7816,104480000,26950
1,5224,104480000,104482000,4690,7816,104500000,26955
1,5225,104500000,104502000,4690,7816,104520000,26960
1,5226,104520000,104522000,4690,7816,104540000,26967
1,5227,104540000,104542000,4690,7816,104560000,26970
1,5228,104560000,104562000,4690,7816,104580000,26974
1,5229,104580000,104582000,4690,7816,104600000,26982
1,523,10460000,10462000,4690,7816,10480000,2697
1,5230,104600000,104602000,4690,7816,104620000,26986
1,5231,104620000,104622000,4690,7816,104640000,26990
1,5232,104640000,104642000,4690,7816,104660000,26998
1,5233,104660000,104662000,4690,7816,104680000,27002
1,5234,104680000,104682000,4690,7816,104700000,27006
1,5235,104700000,104702000,4690,7816,104720000,27013
1,5236,104720000,104722000,4690,7816,104740000,27017
1,5237,104740000,104742000,4690,7816,104760000,27021
1,5238,104760000,104762000,4690,7816,104780000,27028
1,5239,104780000,104782000,4690,7816,104800000,27032
1,524,10480000,10482000,4690,7816,10500000,2702
1,5240,104800000,104802000,4690,7816,104820000,27038
1,5241,104820000,104822000,4690,7816,104840000,27042
1,5242,104840000,104842000,4690,7816,104860000,27049
1,5243,104860000,104862000,4690,7816,104880000,27053
1,5244,104880000,104882000,4690,7816,104900000,27059
1,5245,104900000,104902000,4690,7816,104920000,27063
1,5246,104920000,104922000,4690,7816,104940000,27068
1,5247,104940000,104942000,4690,7816,104960000,27075
1,5248,104960000,104962000,4690,7816,104980000,27079
1,5249,104980000,104982000,4690,7816,105000000,27083
1,525,10500000,10502000,4690,7816,10520000,2708
1,5250,105000000,105002000,4690,7816,105020000,27090
1,5251,105020000,105022000,4690,7816,105040000,27094
1,5252,105040000,105042000,4690,7816,105060000,27100
1,5253,105060000,105062000,4690,7816,105080000,27106
1,5254,105080000,105082000,4690,7816,105100000,27109
1,5255,105100000,105102000,4690,7816,105120000,27114
1,5256,105120000,105122000,4690,7816,105140000,27121
1,5257,105140000,105142000,4690,7816,105160000,27125
1,5258,105160000,105162000,4690,7816,105180000,27131
1,5259,105180000,105182000,4690,7816,105200000,27135
1,526,10520000,10522000,4690,7816,10540000,2714
1,5260,105200000,105202000,4690,7816,105220000,27142
1,5261,105220000,105222000,4690,7816,105240000,27146
1,5262,105240000,105242000,4690,7816,105260000,27153
1,5263,105260000,105262000,4690,7816,105280000,27155
1,5264,105280000,105282000,4690,7816,105300000,27160
1,5265,105300000,105302000,4690,7816,105320000,27168
1,5266,105320000,105322000,4690,7816,105340000,27171
1,5267,105340000,105342000,4690,7816,105360000,27177
1,5268,105360000,105362000,4690,7816,105380000,27183
1,5269,105380000,105382000,4690,7816,105400000,27187
1,527,10540000,10542000,4690,7816,10560000,2718
1,5270,105400000,105402000,4690,7816,105420000,27192
1,5271,105420000,105422000,4690,7816,105440000,27199
1,5272,105440000,105442000,4690,7816,105460000,27203
1,5273,105460000,105462000,4690,7816,105480000,27206
1,5274,105480000,105482000,4690,7816,105500000,27215
1,5275,105500000,105502000,4690,7816,105520000,27218
1,5276,105520000,105522000,4690,7816,105540000,27223
1,5277,105540000,105542000,4690,7816,105560000,27228
1,5278,105560000,105562000,4690,7816,105580000,27235
1,5279,105580000,105582000,4690,7816,105600000,27238
1,528,10560000,10562000,4690,7816,10580000,2725
1,5280,105600000,105602000,4690,7816,105620000,27245
1,5281,105620000,105622000,4690,7816,105640000,27249
1,5282,105640000,105642000,4690,7816,105660000,27254
1,5283,105660000,105662000,4690,7816,105680000,27260
1,5284,105680000,105682000,4690,7816,105700000,27264
1,5285,105700000,105702000,4690,7816,105720000,27270
1,5286,105720000,105722000,4690,7816,105740000,27275
1,5287,105740000,105742000,4690,7816,105760000,27281
1,5288,105760000,105762000,4690,7816,105780000,27286
1,5289,105780000,105782000,4690,7816,105800000,27291
1,529,10580000,10582000,4690,7816,10600000,2728
1,5290,105800000,105802000,4690,7816,105820000,27295
1,5291,105820000,105822000,4690,7816,105840000,27299
1,5292,105840000,105842000,4690,7816,105860000,27308
1,5293,105860000,105862000,4690,7816,105880000,27310
1,5294,105880000,105882000,4690,7816,105900000,27316
1,5295,105900000,105902000,4690,7816,105920000,27322
1,5296,105920000,105922000,4690,7816,105940000,27327
1,5297,105940000,105942000,4690,7816,105960000,27332
1,5298,105960000,105962000,4690,7816,105980000,27338
1,5299,105980000,105982000,4690,7816,106000000,27341
1,53,1060000,1062000,4690,7816,1080000,271
1,530,10600000,10602000,4690,7816,10620000,2733
1,5300,106000000,106002000,4690,7816,106020000,27347
1,5301,106020000,106022000,4690,7816,106040000,27353
1,5302,106040000,106042000,4690,7816,106060000,27358
1,5303,106060000,106062000,4690,7816,106080000,27362
1,5304,106080000,106082000,4690,7816,106100000,27368
1,5305,106100000,106102000,4690,7816,106120000,27373
1,5306,106120000,106122000,4690,7816,106140000,27378
1,5307,106140000,106142000,4690,7816,106160000,27385
1,5308,106160000,106162000,4690,7816,106180000,27388
1,5309,106180000,106182000,4690,7816,106200000,27392
1,531,10620000,10622000,4690,7816,10640000,2739
1,5310,106200000,106202000,4690,7816,106220000,27401
1,5311,106220000,106222000,4690,7816,106240000,27403
1,5312,106240000,106242000,4690,7816,106260000,27409
1,5313,106260000,106262000,4690,7816,106280000,27415
1,5314,106280000,106282000,4690,7816,106300000,27420
1,5315,106300000,106302000,4690,7816,106320000,27424
1,5316,106320000,106322000,4690,7816,106340000,27431
1,5317,106340000,106342000,4690,7816,106360000,27435
1,5318,106360000,106362000,4690,7816,106380000,27439
1,5319,106380000,106382000,4690,7816,106400000,27445
1,532,10640000,10642000,4690,7816,10660000,2744
1,5320,106400000,106402000,4690,7816,106420000,27451
1,5321,106420000,106422000,4690,7816,106440000,27455
1,5322,106440000,106442000,4690,7816,106460000,27461
1,5323,106460000,106462000,4690,7816,106480000,27467
1,5324,106480000,106482000,4690,7816,106500000,27471
1,5325,106500000,106502000,4690,7816,106520000,27477
1,5326,106520000,106522000,4690,7816,106540000,27481
1,5327,106540000,106542000,4690,7816,106560000,27486
1,5328,106560000,106562000,4690,7816,106580000,27493
1,5329,106580000,106582000,4690,7816,106600000,27495
1,533,10660000,10662000,4690,7816,10680000,2749
1,5330,106600000,106602000,4690,7816,106620000,27503
1,5331,106620000,106622000,4690,7816,106640000,27507
1,5332,106640000,106642000,4690,7816,106660000,27513
1,5333,106660000,106662000,4690,7816,106680000,27517
1,5334,106680000,106682000,4690,7816,106700000,27524
1,5335,106700000,106702000,4690,7816,106720000,27527
1,5336,106720000,106722000,4690,7816,106740000,27532
1,5337,106740000,106742000,4690,7816,106760000,27540
1,5338,106760000,106762000,4690,7816,106780000,27543
1,5339,106780000,106782000,4690,7816,106800000,27548
1,534,10680000,10682000,4690,7816,10700000,2754
1,5340,106800000,106802000,4690,7816,106820000,27554
1,5341,106820000,106822000,4690,7816,106840000,27559
1,5342,106840000,106842000,4690,7816,106860000,27564
1,5343,106860000,106862000,4690,7816,106880000,27570
1,5344,106880000,106882000,4690,7816,106900000,27574
1,5345,106900000,106902000,4690,7816,106920000,27578
1,5346,106920000,106922000,4690,7816,106940000,27586
1,5347,106940000,106942000,4690,7816,106960000,27589
1,5348,106960000,106962000,4690,7816,106980000,27595
1,5349,106980000,106982000,4690,7816,107000000,27600
1,535,10700000,10702000,4690,7816,10720000,2760
1,5350,107000000,107002000,4690,7816,107020000,27606
1,5351,107020000,107022000,4690,7816,107040000,27610
1,5352,107040000,107042000,4690,7816,107060000,27618
1,5353,107060000,107062000,4690,7816,107080000,27620
1,5354,107080000,107082000,4690,7816,107100000,27624
1,5355,107100000,107102000,4690,7816,107120000,27632
1,5356,107120000,107122000,4690,7816,107140000,27636
1,5357,107140000,107142000,4690,7816,107160000,27641
1,5358,107160000,107162000,4690,7816,107180000,27647
1,5359,107180000,107182000,4690,7816,107200000,27652
1,536,10720000,10722000,4690,7816,10740000,2765
1,5360,107200000,107202000,4690,7816,107220000,27657
1,5361,107220000,107222000,4690,7816,107240000,27662
1,5362,107240000,107242000,4690,7816,107260000,27668
1,5363,107260000,107262000,4690,7816,107280000,27671
1,5364,107280000,107282000,4690,7816,107300000,27678
1,5365,107300000,107302000,4690,7816,107320000,27683
1,5366,107320000,107322000,4690,7816,107340000,27688
1,5367,107340000,107342000,4690,7816,107360000,27693
1,5368,107360000,107362000,4690,7816,107380000,27698
1,5369,107380000,107382000,4690,7816,107400000,27703
1,537,10740000,10742000,4690,7816,10760000,2771
1,5370,107400000,107402000,4690,7816,107420000,27710
1,5371,107420000,107422000,4690,7816,107440000,27712
1,5372,107440000,107442000,4690,7816,107460000,27719
1,5373,107460000,107462000,4690,7816,107480000,27725
1,5374,107480000,107482000,4690,7816,107500000,27728
1,5375,107500000,107502000,4690,7816,107520000,27734
1,5376,107520000,107522000,4690,7816,107540000,27740
1,5377,107540000,107542000,4690,7816,107560000,27745
1,5378,107560000,107562000,4690,7816,107580000,27750
1,5379,107580000,107582000,4690,7816,107600000,27756
1,538,10760000,10762000,4690,7816,10780000,2774
1,5380,107600000,107602000,4690,7816,107620000,27760
1,5381,107620000,107622000,4690,7816,107640000,27763
1,5382,107640000,107642000,4690,7816,107660000,27772
1,5383,107660000,107662000,4690,7816,107680000,27775
1,5384,107680000,107682000,4690,7816,107700000,27780
1,5385,107700000,107702000,4690,7816,107720000,27786
1,5386,107720000,107722000,4690,7816,107740000,27792
1,5387,107740000,107742000,4690,7816,107760000,27796
1,5388,107760000,107762000,4690,7816,107780000,27803
1,5389,107780000,107782000,4690,7816,107800000,27805
1,539,10780000,10782000,4690,7816,10800000,2779
1,5390,107800000,107802000,4690,7816,107820000,27811
1,5391,107820000,107822000,4690,7816,107840000,27818
1,5392,107840000,107842000,4690,7816,107860000,27822
1,5393,107860000,107862000,4690,7816,107880000,27827
1,5394,107880000,107882000,4690,7816,107900000,27832
1,5395,107900000,107902000,4690,7816,107920000,27838
1,5396,107920000,107922000,4690,7816,107940000,27842
1,5397,107940000,107942000,4690,7816,107960000,27849
1,5398,107960000,107962000,4690,7816,107980000,27853
1,5399,107980000,107982000,4690,7816,108000000,27856
1,54,1080000,1082000,4690,7816,1100000,278
1,540,10800000,10802000,4690,7816,10820000,2787
1,5400,108000000,108002000,4690,7816,108020000,27865
1,5401,108020000,108022000,4690,7816,108040000,27868
1,5402,108040000,108042000,4690,7816,108060000,27874
1,5403,108060000,108062000,4690,7816,108080000,27878
1,5404,108080000,108082000,4690,7816,108100000,27885
1,5405,108100000,108102000,4690,7816,108120000,27889
1,5406,108120000,108122000,4690,7816,108140000,27895
1,5407,108140000,108142000,4690,7816,108160000,27899
1,5408,108160000,108162000,4690,7816,108180000,27904
1,5409,108180000,108182000,4690,7816,108200000,27910
1,541,10820000,10822000,4690,7816,10840000,2789
1,5410,108200000,108202000,4690,7816,108220000,27914
1,5411,108220000,108222000,4690,7816,108240000,27920
1,5412,108240000,108242000,4690,7816,108260000,27926
1,5413,108260000,108262000,4690,7816,108280000,27930
1,5414,108280000,108282000,4690,7816,108300000,27936
1,5415,108300000,108302000,4690,7816,108320000,27942
1,5416,108320000,108322000,4690,7816,108340000,27945
1,5417,108340000,108342000,4690,7816,108360000,27950
1,5418,108360000,108362000,4690,7816,108380000,27958
1,5419,108380000,108382000,4690,7816,108400000,27960
1,542,10840000,10842000,4690,7816,10860000,2797
1,5420,108400000,108402000,4690,7816,108420000,27966
1,5421,108420000,108422000,4690,7816,108440000,27972
1,5422,108440000,108442000,4690,7816,108460000,27978
1,5423,108460000,108462000,4690,7816,108480000,27981
1,5424,108480000,108482000,4690,7816,108500000,27988
1,5425,108500000,108502000,4690,7816,108520000,27992
1,5426,108520000,108522000,4690,7816,108540000,27996
1,5427,108540000,108542000,4690,7816,108560000,28004
1,5428,108560000,108562000,4690,7816,108580000,28008
1,5429,108580000,108582000,4690,7816,108600000,28012
1,543,10860000,10862000,4690,7816,10880000,2801
1,5430,108600000,108602000,4690,7816,108620000,28019
1,5431,108620000,108622000,4690,7816,108640000,28023
1,5432,108640000,108642000,4690,7816,108660000,28029
1,5433,108660000,108662000,4690,7816,108680000,28034
1,5434,108680000,108682000,4690,7816,108700000,28038
1,5435,108700000,108702000,4690,7816,108720000,28043
1,5436,108720000,108722000,4690,7816,108740000,28050
1,5437,108740000,108742000,4690,7816,108760000,28054
1,5438,108760000,108762000,4690,7816,108780000,28059
1,5439,108780000,108782000,4690,7816,108800000,28064
1,544,10880000,10882000,4690,7816,10900000,2806
1,5440,108800000,108802000,4690,7816,108820000,28071
1,5441,108820000,108822000,4690,7816,108840000,28074
1,5442,108840000,108842000,4690,7816,108860000,28082
1,5443,108860000,108862000,4690,7816,108880000,28085
1,5444,108880000,108882000,4690,7816,108900000,28089
1,5445,108900000,108902000,4690,7816,108920000,28096
1,5446,108920000,108922000,4690,7816,108940000,28100
1,5447,108940000,108942000,4690,7816,108960000,28106
1,5448,108960000,108962000,4690,7816,108980000,28111
1,5449,108980000,108982000,4690,7816,109000000,28116
1,545,10900000,10902000,4690,7816,10920000,2810
1,5450,109000000,109002000,4690,7816,109020000,28122
1,5451,109020000,109022000,4690,7816,109040000,28127
1,5452,109040000,109042000,4690,7816,109060000,28131
1,5453,109060000,109062000,4690,7816,109080000,28136
1,5454,109080000,109082000,4690,7816,109100000,28143
1,5455,109100000,109102000,4690,7816,109120000,28146
1,5456,109120000,109122000,4690,7816,109140000,28153
1,5457,109140000,109142000,4690,7816,109160000,28158
1,5458,109160000,109162000,4690,7816,109180000,28163
1,5459,109180000,109182000,4690,7816,109200000,28166
1,546,10920000,10922000,4690,7816,10940000,2818
1,5460,109200000,109202000,4690,7816,109220000,28175
1,5461,109220000,109222000,4690,7816,109240000,28177
1,5462,109240000,109242000,4690,7816,109260000,28182
1,5463,109260000,109262000,4690,7816,109280000,28190
1,5464,109280000,109282000,4690,7816,109300000,28193
1,5465,109300000,109302000,4690,7816,109320000,28198
1,5466,109320000,109322000,4690,7816,109340000,28204
1,5467,109340000,109342000,4690,7816,109360000,28210
1,5468,109360000,109362000,4690,7816,109380000,28214
1,5469,109380000,109382000,4690,7816,109400000,28220
1,547,10940000,10942000,4690,7816,10960000,2821
1,5470,109400000,109402000,4690,7816,109420000,28225
1,5471,109420000,109422000,4690,7816,109440000,28228
1,5472,109440000,109442000,4690,7816,109460000,28236
1,5473,109460000,109462000,4690,7816,109480000,28239
1,5474,109480000,109482000,4690,7816,109500000,28245
1,5475,109500000,109502000,4690,7816,109520000,28250
1,5476,109520000,109522000,4690,7816,109540000,28256
1,5477,109540000,109542000,4690,7816,109560000,28261
1,5478,109560000,109562000,4690,7816,109580000,28267
1,5479,109580000,109582000,4690,7816,109600000,28270
1,548,10960000,10962000,4690,7816,10980000,2825
1,5480,109600000,109602000,4690,7816,109620000,28275
1,5481,109620000,109622000,4690,7816,109640000,28282
1,5482,109640000,109642000,4690,7816,109660000,28287
1,5483,109660000,109662000,4690,7816,109680000,28291
1,5484,109680000,109682000,4690,7816,109700000,28297
1,5485,109700000,109702000,4690,7816,109720000,28302
1,5486,109720000,109722000,4690,7816,109740000,28307
1,5487,109740000,109742000,4690,7816,109760000,28313
1,5488,109760000,109762000,4690,7816,109780000,28317
1,5489,109780000,109782000,4690,7816,109800000,28321
1,549,10980000,10982000,4690,7816,11000000,2833
1,5490,109800000,109802000,4690,7816,109820000,28329
1,5491,109820000,109822000,4690,7816,109840000,28332
1,5492,109840000,109842000,4690,7816,109860000,28339
1,5493,109860000,109862000,4690,7816,109880000,28343
1,5494,109880000,109882000,4690,7816,109900000,28348
1,5495,109900000,109902000,4690,7816,109920000,28354
1,5496,109920000,109922000,4690,7816,109940000,28360
1,5497,109940000,109942000,4690,7816,109960000,28363
1,5498,109960000,109962000,4690,7816,109980000,28368
1,5499,109980000,109982000,4690,7816,110000000,28375
1,55,1100000,1102000,4690,7816,1120000,282
1,550,11000000,11002000,4690,7816,11020000,2837
1,5500,110000000,110002000,4690,7816,110020000,28379
1,5501,110020000,110022000,4690,7816,110040000,28383
1,5502,110040000,110042000,4690,7816,110060000,28391
1,5503,110060000,110062000,4690,7816,110080000,28395
1,5504,110080000,110082000,4690,7816,110100000,28399
1,5505,110100000,110102000,4690,7816,110120000,28407
1,5506,110120000,110122000,4690,7816,110140000,28410
1,5507,110140000,110142000,4690,7816,110160000,28414
1,5508,110160000,110162000,4690,7816,110180000,28422
1,5509,110180000,110182000,4690,7816,110200000,28425
1,551,11020000,11022000,4690,7816,11040000,2841
1,5510,110200000,110202000,4690,7816,110220000,28431
1,5511,110220000,110222000,4690,7816,110240000,28435
1,5512,110240000,110242000,4690,7816,110260000,28443
1,5513,110260000,110262000,4690,7816,110280000,28446
1,5514,110280000,110282000,4690,7816,110300000,28452
1,5515,110300000,110302000,4690,7816,110320000,28456
1,5516,110320000,110322000,4690,7816,110340000,28461
1,5517,110340000,110342000,4690,7816,110360000,28468
1,5518,110360000,110362000,4690,7816,110380000,28472
1,5519,110380000,110382000,4690,7816,110400000,28477
1,552,11040000,11042000,4690,7816,11060000,2848
1,5520,110400000,110402000,4690,7816,110420000,28483
1,5521,110420000,110422000,4690,7816,110440000,28488
1,5522,110440000,110442000,4690,7816,110460000,28493
1,5523,110460000,110462000,4690,7816,110480000,28499
1,5524,110480000,110482000,4690,7816,110500000,28502
1,5525,110500000,110502000,4690,7816,110520000,28507
1,5526,110520000,110522000,4690,7816,110540000,28515
1,5527,110540000,110542000,4690,7816,110560000,28518
1,5528,110560000,110562000,4690,7816,110580000,28524
1,5529,110580000,110582000,4690,7816,110600000,28528
1,553,11060000,11062000,4690,7816,11080000,2853
1,5530,110600000,110602000,4690,7816,110620000,28535
1,5531,110620000,110622000,4690,7816,110640000,28539
1,5532,110640000,110642000,4690,7816,110660000,28546
1,5533,110660000,110662000,4690,7816,110680000,28549
1,5534,110680000,110682000,4690,7816,110700000,28554
1,5535,110700000,110702000,4690,7816,110720000,28561
1,5536,110720000,110722000,4690,7816,110740000,28564
1,5537,110740000,110742000,4690,7816,110760000,28570
1,5538,110760000,110762000,4690,7816,110780000,28576
1,5539,110780000,110782000,4690,7816,110800000,28580
1,554,11080000,11082000,4690,7816,11100000,2857
1,5540,110800000,110802000,4690,7816,110820000,28586
1,5541,110820000,110822000,4690,7816,110840000,28592
1,5542,110840000,110842000,4690,7816,110860000,28596
1,5543,110860000,110862000,4690,7816,110880000,28599
1,5544,110880000,110882000,4690,7816,110900000,28608
1,5545,110900000,110902000,4690,7816,110920000,28611
1,5546,110920000,110922000,4690,7816,110940000,28616
1,5547,110940000,110942000,4690,7816,110960000,28623
1,5548,110960000,110962000,4690,7816,110980000,28628
1,5549,110980000,110982000,4690,7816,111000000,28631
1,555,11100000,11102000,4690,7816,11120000,2864
1,5550,111000000,111002000,4690,7816,111020000,28638
1,5551,111020000,111022000,4690,7816,111040000,28642
1,5552,111040000,111042000,4690,7816,111060000,28647
1,5553,111060000,111062000,4690,7816,111080000,28653
1,5554,111080000,111082000,4690,7816,111100000,28658
1,5555,111100000,111102000,4690,7816,111120000,28663
1,5556,111120000,111122000,4690,7816,111140000,28668
1,5557,111140000,111142000,4690,7816,111160000,28674
1,5558,111160000,111162000,4690,7816,111180000,28679
1,5559,111180000,111182000,4690,7816,111200000,28684
1,556,11120000,11122000,4690,7816,11140000,2868
1,5560,111200000,111202000,4690,7816,111220000,28689
1,5561,111220000,111222000,4690,7816,111240000,28693
1,5562,111240000,111242000,4690,7816,111260000,28701
1,5563,111260000,111262000,4690,7816,111280000,28703
1,5564,111280000,111282000,4690,7816,111300000,28709
1,5565,111300000,111302000,4690,7816,111320000,28715
1,5566,111320000,111322000,4690,7816,111340000,28720
1,5567,111340000,111342000,4690,7816,111360000,28725
1,5568,111360000,111362000,4690,7816,111380000,28732
1,5569,111380000,111382000,4690,7816,111400000,28734
1,557,11140000,11142000,4690,7816,11160000,2872
1,5570,111400000,111402000,4690,7816,111420000,28740
1,5571,111420000,111422000,4690,7816,111440000,28746
1,5572,111440000,111442000,4690,7816,111460000,28751
1,5573,111460000,111462000,4690,7816,111480000,28756
1,5574,111480000,111482000,4690,7816,111500000,28761
1,5575,111500000,111502000,4690,7816,111520000,28767
1,5576,111520000,111522000,4690,7816,111540000,28771
1,5577,111540000,111542000,4690,7816,111560000,28778
1,5578,111560000,111562000,4690,7816,111580000,28781
1,5579,111580000,111582000,4690,7816,111600000,28785
1,558,11160000,11162000,4690,7816,11180000,2879
1,5580,111600000,111602000,4690,7816,111620000,28794
1,5581,111620000,111622000,4690,7816,111640000,28796
1,5582,111640000,111642000,4690,7816,111660000,28803
1,5583,111660000,111662000,4690,7816,111680000,28808
1,5584,111680000,111682000,4690,7816,111700000,28813
1,5585,111700000,111702000,4690,7816,111720000,28817
1,5586,111720000,111722000,4690,7816,111740000,28825
1,5587,111740000,111742000,4690,7816,111760000,28828
1,5588,111760000,111762000,4690,7816,111780000,28832
1,5589,111780000,111782000,4690,7816,111800000,28839
1,559,11180000,11182000,4690,7816,11200000,2882
1,5590,111800000,111802000,4690,7816,111820000,28844
1,5591,111820000,111822000,4690,7816,111840000,28848
1,5592,111840000,111842000,4690,7816,111860000,28854
1,5593,111860000,111862000,4690,7816,111880000,28860
1,5594,111880000,111882000,4690,7816,111900000,28864
1,5595,111900000,111902000,4690,7816,111920000,28870
1,5596,111920000,111922000,4690,7816,111940000,28875
1,5597,111940000,111942000,4690,7816,111960000,28879
1,5598,111960000,111962000,4690,7816,111980000,28886
1,5599,111980000,111982000,4690,7816,112000000,28889
1,56,1120000,1122000,4690,7816,1140000,288
1,560,11200000,11202000,4690,7816,11220000,2889
1,5600,112000000,112002000,4690,7816,112020000,28896
1,5601,112020000,112022000,4690,7816,112040000,28900
1,5602,112040000,112042000,4690,7816,112060000,28906
1,5603,112060000,112062000,4690,7816,112080000,28911
1,5604,112080000,112082000,4690,7816,112100000,28917
1,5605,112100000,112102000,4690,7816,112120000,28920
1,5606,112120000,112122000,4690,7816,112140000,28925
1,5607,112140000,112142000,4690,7816,112160000,28933
1,5608,112160000,112162000,4690,7816,112180000,28936
1,5609,112180000,112182000,4690,7816,112200000,28941
1,561,11220000,11222000,4690,7816,11240000,2893
1,5610,112200000,112202000,4690,7816,112220000,28948
1,5611,112220000,112222000,4690,7816,112240000,28952
1,5612,112240000,112242000,4690,7816,112260000,28958
1,5613,112260000,112262000,4690,7816,112280000,28963
1,5614,112280000,112282000,4690,7816,112300000,28967
1,5615,112300000,112302000,4690,7816,112320000,28971
1,5616,112320000,112322000,4690,7816,112340000,28979
1,5617,112340000,112342000,4690,7816,112360000,28983
1,5618,112360000,112362000,4690,7816,112380000,28988
1,5619,112380000,112382000,4690,7816,112400000,28993
1,562,11240000,11242000,4690,7816,11260000,2900
1,5620,112400000,112402000,4690,7816,112420000,28999
1,5621,112420000,112422000,4690,7816,112440000,29003
1,5622,112440000,112442000,4690,7816,112460000,29011
1,5623,112460000,112462000,4690,7816,112480000,29013
1,5624,112480000,112482000,4690,7816,112500000,29018
1,5625,112500000,112502000,4690,7816,112520000,29026
1,5626,112520000,112522000,4690,7816,112540000,29029
1,5627,112540000,112542000,4690,7816,112560000,29034
1,5628,112560000,112562000,4690,7816,112580000,29040
1,5629,112580000,112582000,4690,7816,112600000,29045
1,563,11260000,11262000,4690,7816,11280000,2904
1,5630,112600000,112602000,4690,7816,112620000,29050
1,5631,112620000,112622000,4690,7816,112640000,29056
1,5632,112640000,112642000,4690,7816,112660000,29061
1,5633,112660000,112662000,4690,7816,112680000,29064
1,5634,112680000,112682000,4690,7816,112700000,29071
1,5635,112700000,112702000,4690,7816,112720000,29076
1,5636,112720000,112722000,4690,7816,112740000,29081
1,5637,112740000,112742000,4690,7816,112760000,29086
1,5638,112760000,112762000,4690,7816,112780000,29093
1,5639,112780000,112782000,4690,7816,112800000,29096
1,564,11280000,11282000,4690,7816,11300000,2910
1,5640,112800000,112802000,4690,7816,112820000,29103
1,5641,112820000,112822000,4690,7816,112840000,29105
1,5642,112840000,112842000,4690,7816,112860000,29112
1,5643,112860000,112862000,4690,7816,112880000,29118
1,5644,112880000,112882000,4690,7816,112900000,29121
1,5645,112900000,112902000,4690,7816,112920000,29128
1,5646,112920000,112922000,4690,7816,112940000,29133
1,5647,112940000,112942000,4690,7816,112960000,29138
1,5648,112960000,112962000,4690,7816,112980000,29143
1,5649,112980000,112982000,4690,7816,113000000,29149
1,565,11300000,11302000,4690,7816,11320000,2914
1,5650,113000000,113002000,4690,7816,113020000,29153
1,5651,113020000,113022000,4690,7816,113040000,29157
1,5652,113040000,113042000,4690,7816,113060000,29166
1,5653,113060000,113062000,4690,7816,113080000,29168
1,5654,113080000,113082000,4690,7816,113100000,29173
1,5655,113100000,113102000,4690,7816,113120000,29179
1,5656,113120000,113122000,4690,7816,113140000,29185
1,5657,113140000,113142000,4690,7816,113160000,29189
1,5658,113160000,113162000,4690,7816,113180000,29196
1,5659,113180000,113182000,4690,7816,113200000,29199
1,566,11320000,11322000,4690,7816,11340000,2918
1,5660,113200000,113202000,4690,7816,113220000,29204
1,5661,113220000,113222000,4690,7816,113240000,29211
1,5662,113240000,113242000,4690,7816,113260000,29215
1,5663,113260000,113262000,4690,7816,113280000,29220
1,5664,113280000,113282000,4690,7816,113300000,29226
1,5665,113300000,113302000,4690,7816,113320000,29231
1,5666,113320000,113322000,4690,7816,113340000,29236
1,5667,113340000,113342000,4690,7816,113360000,29242
1,5668,113360000,113362000,4690,7816,113380000,29246
1,5669,113380000,113382000,4690,7816,113400000,29249
1,567,11340000,11342000,4690,7816,11360000,2926
1,5670,113400000,113402000,4690,7816,113420000,29258
1,5671,113420000,113422000,4690,7816,113440000,29261
1,5672,113440000,113442000,4690,7816,113460000,29267
1,5673,113460000,113462000,4690,7816,113480000,29272
1,5674,113480000,113482000,4690,7816,113500000,29278
1,5675,113500000,113502000,4690,7816,113520000,29282
1,5676,113520000,113522000,4690,7816,113540000,29288
1,5677,113540000,113542000,4690,7816,113560000,29293
1,5678,113560000,113562000,4690,7816,113580000,29297
1,5679,113580000,113582000,4690,7816,113600000,29303
1,568,11360000,11362000,4690,7816,11380000,2930
1,5680,113600000,113602000,4690,7816,113620000,29308
1,5681,113620000,113622000,4690,7816,113640000,29313
1,5682,113640000,113642000,4690,7816,113660000,29319
1,5683,113660000,113662000,4690,7816,113680000,29323
1,5684,113680000,113682000,4690,7816,113700000,29329
1,5685,113700000,113702000,4690,7816,113720000,29335
1,5686,113720000,113722000,4690,7816,113740000,29338
1,5687,113740000,113742000,4690,7816,113760000,29344
1,5688,113760000,113762000,4690,7816,113780000,29351
1,5689,113780000,113782000,4690,7816,113800000,29353
1,569,11380000,11382000,4690,7816,11400000,2934
1,5690,113800000,113802000,4690,7816,113820000,29360
1,5691,113820000,113822000,4690,7816,113840000,29365
1,5692,113840000,113842000,4690,7816,113860000,29371
1,5693,113860000,113862000,4690,7816,113880000,29374
1,5694,113880000,113882000,4690,7816,113900000,29382
1,5695,113900000,113902000,4690,7816,113920000,29385
1,5696,113920000,113922000,4690,7816,113940000,29389
1,5697,113940000,113942000,4690,7816,113960000,29397
1,5698,113960000,113962000,4690,7816,113980000,29401
1,5699,113980000,113982000,4690,7816,114000000,29405
1,57,1140000,1142000,4690,7816,1160000,293
1,570,11400000,11402000,4690,7816,11420000,2941
1,5700,114000000,114002000,4690,7816,114020000,29412
1,5701,114020000,114022000,4690,7816,114040000,29417
1,5702,114040000,114042000,4690,7816,114060000,29422
1,5703,114060000,114062000,4690,7816,114080000,29428
1,5704,114080000,114082000,4690,7816,114100000,29431
1,5705,114100000,114102000,4690,7816,114120000,29436
1,5706,114120000,114122000,4690,7816,114140000,29443
1,5707,114140000,114142000,4690,7816,114160000,29447
1,5708,114160000,114162000,4690,7816,114180000,29453
1,5709,114180000,114182000,4690,7816,114200000,29457
1,571,11420000,11422000,4690,7816,11440000,2945
1,5710,114200000,114202000,4690,7816,114220000,29464
1,5711,114220000,114222000,4690,7816,114240000,29467
1,5712,114240000,114242000,4690,7816,114260000,29475
1,5713,114260000,114262000,4690,7816,114280000,29478
1,5714,114280000,114282000,4690,7816,114300000,29482
1,5715,114300000,114302000,4690,7816,114320000,29490
1,5716,114320000,114322000,4690,7816,114340000,29494
1,5717,114340000,114342000,4690,7816,114360000,29499
1,5718,114360000,114362000,4690,7816,114380000,29504
1,5719,114380000,114382000,4690,7816,114400000,29509
1,572,11440000,11442000,4690,7816,11460000,2951
1,5720,114400000,114402000,4690,7816,114420000,29515
1,5721,114420000,114422000,4690,7816,114440000,29520
1,5722,114440000,114442000,4690,7816,114460000,29525
1,5723,114460000,114462000,4690,7816,114480000,29529
1,5724,114480000,114482000,4690,7816,114500000,29536
1,5725,114500000,114502000,4690,7816,114520000,29539
1,5726,114520000,114522000,4690,7816,114540000,29546
1,5727,114540000,114542000,4690,7816,114560000,29551
1,5728,114560000,114562000,4690,7816,114580000,29556
1,5729,114580000,114582000,4690,7816,114600000,29561
1,573,11460000,11462000,4690,7816,11480000,2956
1,5730,114600000,114602000,4690,7816,114620000,29568
1,5731,114620000,114622000,4690,7816,114640000,29570
1,5732,114640000,114642000,4690,7816,114660000,29575
1,5733,114660000,114662000,4690,7816,114680000,29583
1,5734,114680000,114682000,4690,7816,114700000,29586
1,5735,114700000,114702000,4690,7816,114720000,29591
1,5736,114720000,114722000,4690,7816,114740000,29598
1,5737,114740000,114742000,4690,7816,114760000,29603
1,5738,114760000,114762000,4690,7816,114780000,29607
1,5739,114780000,114782000,4690,7816,114800000,29613
1,574,11480000,11482000,4690,7816,11500000,2960
1,5740,114800000,114802000,4690,7816,114820000,29618
1,5741,114820000,114822000,4690,7816,114840000,29621
1,5742,114840000,114842000,4690,7816,114860000,29630
1,5743,114860000,114862000,4690,7816,114880000,29633
1,5744,114880000,114882000,4690,7816,114900000,29638
1,5745,114900000,114902000,4690,7816,114920000,29643
1,5746,114920000,114922000,4690,7816,114940000,29649
1,5747,114940000,114942000,4690,7816,114960000,29654
1,5748,114960000,114962000,4690,7816,114980000,29660
1,5749,114980000,114982000,4690,7816,115000000,29663
1,575,11500000,11502000,4690,7816,11520000,2965
1,5750,115000000,115002000,4690,7816,115020000,29669
1,5751,115020000,115022000,4690,7816,115040000,29675
1,5752,115040000,115042000,4690,7816,115060000,29680
1,5753,115060000,115062000,4690,7816,115080000,29684
1,5754,115080000,115082000,4690,7816,115100000,29690
1,5755,115100000,115102000,4690,7816,115120000,29696
1,5756,115120000,115122000,4690,7816,115140000,29700
1,5757,115140000,115142000,4690,7816,115160000,29707
1,5758,115160000,115162000,4690,7816,115180000,29710
1,5759,115180000,115182000,4690,7816,115200000,29714
1,576,11520000,11522000,4690,7816,11540000,2972
1,5760,115200000,115202000,4690,7816,115220000,29722
1,5761,115220000,115222000,4690,7816,115240000,29725
1,5762,115240000,115242000,4690,7816,115260000,29732
1,5763,115260000,115262000,4690,7816,115280000,29736
1,5764,115280000,115282000,4690,7816,115300000,29742
1,5765,115300000,115302000,4690,7816,115320000,29747
1,5766,115320000,115322000,4690,7816,115340000,29753
1,5767,115340000,115342000,4690,7816,115360000,29756
1,5768,115360000,115362000,4690,7816,115380000,29762
1,5769,115380000,115382000,4690,7816,115400000,29768
1,577,11540000,11542000,4690,7816,11560000,2976
1,5770,115400000,115402000,4690,7816,115420000,29772
1,5771,115420000,115422000,4690,7816,115440000,29777
1,5772,115440000,115442000,4690,7816,115460000,29784
1,5773,115460000,115462000,4690,7816,115480000,29788
1,5774,115480000,115482000,4690,7816,115500000,29792
1,5775,115500000,115502000,4690,7816,115520000,29800
1,5776,115520000,115522000,4690,7816,115540000,29803
1,5777,115540000,115542000,4690,7816,115560000,29807
1,5778,115560000,115562000,4690,7816,115580000,29816
1,5779,115580000,115582000,4690,7816,115600000,29818
1,578,11560000,11562000,4690,7816,11580000,2982
1,5780,115600000,115602000,4690,7816,115620000,29824
1,5781,115620000,115622000,4690,7816,115640000,29829
1,5782,115640000,115642000,4690,7816,115660000,29836
1,5783,115660000,115662000,4690,7816,115680000,29839
1,5784,115680000,115682000,4690,7816,115700000,29845
1,5785,115700000,115702000,4690,7816,115720000,29850
1,5786,115720000,115722000,4690,7816,115740000,29854
1,5787,115740000,115742000,4690,7816,115760000,29861
1,5788,115760000,115762000,4690,7816,115780000,29865
1,5789,115780000,115782000,4690,7816,115800000,29870
1,579,11580000,11582000,4690,7816,11600000,2986
1,5790,115800000,115802000,4690,7816,115820000,29876
1,5791,115820000,115822000,4690,7816,115840000,29881
1,5792,115840000,115842000,4690,7816,115860000,29887
1,5793,115860000,115862000,4690,7816,115880000,29892
1,5794,115880000,115882000,4690,7816,115900000,29896
1,5795,115900000,115902000,4690,7816,115920000,29900
1,5796,115920000,115922000,4690,7816,115940000,29908
1,5797,115940000,115942000,4690,7816,115960000,29911
1,5798,115960000,115962000,4690,7816,115980000,29917
1,5799,115980000,115982000,4690,7816,116000000,29922
1,58,1160000,1162000,4690,7816,1180000,299
1,580,11600000,11602000,4690,7816,11620000,2992
1,5800,116000000,116002000,4690,7816,116020000,29928
1,5801,116020000,116022000,4690,7816,116040000,29932
1,5802,116040000,116042000,4690,7816,116060000,29939
1,5803,116060000,116062000,4690,7816,116080000,29942
1,5804,116080000,116082000,4690,7816,116100000,29947
1,5805,116100000,116102000,4690,7816,116120000,29954
1,5806,116120000,116122000,4690,7816,116140000,29958
1,5807,116140000,116142000,4690,7816,116160000,29964
1,5808,116160000,116162000,4690,7816,116180000,29969
1,5809,116180000,116182000,4690,7816,116200000,29973
1,581,11620000,11622000,4690,7816,11640000,2997
1,5810,116200000,116202000,4690,7816,116220000,29979
1,5811,116220000,116222000,4690,7816,116240000,29985
1,5812,116240000,116242000,4690,7816,116260000,29989
1,5813,116260000,116262000,4690,7816,116280000,29993
1,5814,116280000,116282000,4690,7816,116300000,30001
1,5815,116300000,116302000,4690,7816,116320000,30004
1,5816,116320000,116322000,4690,7816,116340000,30009
1,5817,116340000,116342000,4690,7816,116360000,30016
1,5818,116360000,116362000,4690,7816,116380000,30021
1,5819,116380000,116382000,4690,7816,116400000,30024
1,582,11640000,11642000,4690,7816,11660000,3004
1,5820,116400000,116402000,4690,7816,116420000,30033
1,5821,116420000,116422000,4690,7816,116440000,30035
1,5822,116440000,116442000,4690,7816,116460000,30040
1,5823,116460000,116462000,4690,7816,116480000,30046
1,5824,116480000,116482000,4690,7816,116500000,30051
1,5825,116500000,116502000,4690,7816,116520000,30056
1,5826,116520000,116522000,4690,7816,116540000,30061
1,5827,116540000,116542000,4690,7816,116560000,30068
1,5828,116560000,116562000,4690,7816,116580000,30072
1,5829,116580000,116582000,4690,7816,116600000,30077
1,583,11660000,11662000,4690,7816,11680000,3006
1,5830,116600000,116602000,4690,7816,116620000,30082
1,5831,116620000,116622000,4690,7816,116640000,30086
1,5832,116640000,116642000,4690,7816,116660000,30094
1,5833,116660000,116662000,4690,7816,116680000,30097
1,5834,116680000,116682000,4690,7816,116700000,30103
1,5835,116700000,116702000,4690,7816,116720000,30108
1,5836,116720000,116722000,4690,7816,116740000,30113
1,5837,116740000,116742000,4690,7816,116760000,30118
1,5838,116760000,116762000,4690,7816,116780000,30125
1,5839,116780000,116782000,4690,7816,116800000,30127
1,584,11680000,11682000,4690,7816,11700000,3011
1,5840,116800000,116802000,4690,7816,116820000,30133
1,5841,116820000,116822000,4690,7816,116840000,30140
1,5842,116840000,116842000,4690,7816,116860000,30144
1,5843,116860000,116862000,4690,7816,116880000,30149
1,5844,116880000,116882000,4690,7816,116900000,30154
1,5845,116900000,116902000,4690,7816,116920000,30160
1,5846,116920000,116922000,4690,7816,116940000,30165
1,5847,116940000,116942000,4690,7816,116960000,30171
1,5848,116960000,116962000,4690,7816,116980000,30175
1,5849,116980000,116982000,4690,7816,117000000,30178
1,585,11700000,11702000,4690,7816,11720000,3019
1,5850,117000000,117002000,4690,7816,117020000,30187
1,5851,117020000,117022000,4690,7816,117040000,30189
1,5852,117040000,117042000,4690,7816,117060000,30196
1,5853,117060000,117062000,4690,7816,117080000,30201
1,5854,117080000,117082000,4690,7816,117100000,30206
1,5855,117100000,117102000,4690,7816,117120000,30211
1,5856,117120000,117122000,4690,7816,117140000,30218
1,5857,117140000,117142000,4690,7816,117160000,30221
1,5858,117160000,117162000,4690,7816,117180000,30225
1,5859,117180000,117182000,4690,7816,117200000,30233
1,586,11720000,11722000,4690,7816,11740000,3022
1,5860,117200000,117202000,4690,7816,117220000,30237
1,5861,117220000,117222000,4690,7816,117240000,30241
1,5862,117240000,117242000,4690,7816,117260000,30248
1,5863,117260000,117262000,4690,7816,117280000,30253
1,5864,117280000,117282000,4690,7816,117300000,30257
1,5865,117300000,117302000,4690,7816,117320000,30263
1,5866,117320000,117322000,4690,7816,117340000,30268
1,5867,117340000,117342000,4690,7816,117360000,30272
1,5868,117360000,117362000,4690,7816,117380000,30279
1,5869,117380000,117382000,4690,7816,117400000,30283
1,587,11740000,11742000,4690,7816,11760000,3027
1,5870,117400000,117402000,4690,7816,117420000,30289
1,5871,117420000,117422000,4690,7816,117440000,30293
1,5872,117440000,117442000,4690,7816,117460000,30300
1,5873,117460000,117462000,4690,7816,117480000,30304
1,5874,117480000,117482000,4690,7816,117500000,30310
1,5875,117500000,117502000,4690,7816,117520000,30313
1,5876,117520000,117522000,4690,7816,117540000,30319
1,5877,117540000,117542000,4690,7816,117560000,30326
1,5878,117560000,117562000,4690,7816,117580000,30329
1,5879,117580000,117582000,4690,7816,117600000,30334
1,588,11760000,11762000,4690,7816,11780000,3034
1,5880,117600000,117602000,4690,7816,117620000,30341
1,5881,117620000,117622000,4690,7816,117640000,30345
1,5882,117640000,117642000,4690,7816,117660000,30351
1,5883,117660000,117662000,4690,7816,117680000,30357
1,5884,117680000,117682000,4690,7816,117700000,30360
1,5885,117700000,117702000,4690,7816,117720000,30365
1,5886,117720000,117722000,4690,7816,117740000,30372
1,5887,117740000,117742000,4690,7816,117760000,30376
1,5888,117760000,117762000,4690,7816,117780000,30381
1,5889,117780000,117782000,4690,7816,117800000,30386
1,589,11780000,11782000,4690,7816,11800000,3038
1,5890,117800000,117802000,4690,7816,117820000,30393
1,5891,117820000,117822000,4690,7816,117840000,30396
1,5892,117840000,117842000,4690,7816,117860000,30404
1,5893,117860000,117862000,4690,7816,117880000,30406
1,5894,117880000,117882000,4690,7816,117900000,30411
1,5895,117900000,117902000,4690,7816,117920000,30419
1,5896,117920000,117922000,4690,7816,117940000,30422
1,5897,117940000,117942000,4690,7816,117960000,30428
1,5898,117960000,117962000,4690,7816,117980000,30434
1,5899,117980000,117982000,4690,7816,118000000,30438
1,59,1180000,1182000,4690,7816,1200000,303
1,590,11800000,11802000,4690,7816,11820000,3043
1,5900,118000000,118002000,4690,7816,118020000,30443
1,5901,118020000,118022000,4690,7816,118040000,30449
1,5902,118040000,118042000,4690,7816,118060000,30454
1,5903,118060000,118062000,4690,7816,118080000,30457
1,5904,118080000,118082000,4690,7816,118100000,30465
1,5905,118100000,118102000,4690,7816,118120000,30469
1,5906,118120000,118122000,4690,7816,118140000,30474
1,5907,118140000,118142000,4690,7816,118160000,30479
1,5908,118160000,118162000,4690,7816,118180000,30486
1,5909,118180000,118182000,4690,7816,118200000,30489
1,591,11820000,11822000,4690,7816,11840000,3050
1,5910,118200000,118202000,4690,7816,118220000,30496
1,5911,118220000,118222000,4690,7816,118240000,30500
1,5912,118240000,118242000,4690,7816,118260000,30505
1,5913,118260000,118262000,4690,7816,118280000,30511
1,5914,118280000,118282000,4690,7816,118300000,30514
1,5915,118300000,118302000,4690,7816,118320000,30521
1,5916,118320000,118322000,4690,7816,118340000,30526
1,5917,118340000,118342000,4690,7816,118360000,30531
1,5918,118360000,118362000,4690,7816,118380000,30537
1,5919,118380000,118382000,4690,7816,118400000,30542
1,592,11840000,11842000,4690,7816,11860000,3054
1,5920,118400000,118402000,4690,7816,118420000,30546
1,5921,118420000,118422000,4690,7816,118440000,30550
1,5922,118440000,118442000,4690,7816,118460000,30559
1,5923,118460000,118462000,4690,7816,118480000,30561
1,5924,118480000,118482000,4690,7816,118500000,30567
1,5925,118500000,118502000,4690,7816,118520000,30573
1,5926,118520000,118522000,4690,7816,118540000,30578
1,5927,118540000,118542000,4690,7816,118560000,30582
1,5928,118560000,118562000,4690,7816,118580000,30589
1,5929,118580000,118582000,4690,7816,118600000,30592
1,593,11860000,11862000,4690,7816,11880000,3057
1,5930,118600000,118602000,4690,7816,118620000,30597
1,5931,118620000,118622000,4690,7816,118640000,30604
1,5932,118640000,118642000,4690,7816,118660000,30609
1,5933,118660000,118662000,4690,7816,118680000,30613
1,5934,118680000,118682000,4690,7816,118700000,30619
1,5935,118700000,118702000,4690,7816,118720000,30624
1,5936,118720000,118722000,4690,7816,118740000,30629
1,5937,118740000,118742000,4690,7816,118760000,30636
1,5938,118760000,118762000,4690,7816,118780000,30639
1,5939,118780000,118782000,4690,7816,118800000,30643
1,594,11880000,11882000,4690,7816,11900000,3065
1,5940,118800000,118802000,4690,7816,118820000,30651
1,5941,118820000,118822000,4690,7816,118840000,30654
1,5942,118840000,118842000,4690,7816,118860000,30660
1,5943,118860000,118862000,4690,7816,118880000,30665
1,5944,118880000,118882000,4690,7816,118900000,30671
1,5945,118900000,118902000,4690,7816,118920000,30675
1,5946,118920000,118922000,4690,7816,118940000,30682
1,5947,118940000,118942000,4690,7816,118960000,30686
1,5948,118960000,118962000,4690,7816,118980000,30690
1,5949,118980000,118982000,4690,7816,119000000,30696
1,595,11900000,11902000,4690,7816,11920000,3069
1,5950,119000000,119002000,4690,7816,119020000,30702
1,5951,119020000,119022000,4690,7816,119040000,30706
1,5952,119040000,119042000,4690,7816,119060000,30712
1,5953,119060000,119062000,4690,7816,119080000,30717
1,5954,119080000,119082000,4690,7816,119100000,30722
1,5955,119100000,119102000,4690,7816,119120000,30728
1,5956,119120000,119122000,4690,7816,119140000,30731
1,5957,119140000,119142000,4690,7816,119160000,30737
1,5958,119160000,119162000,4690,7816,119180000,30744
1,5959,119180000,119182000,4690,7816,119200000,30746
1,596,11920000,11922000,4690,7816,11940000,3074
1,5960,119200000,119202000,4690,7816,119220000,30754
1,5961,119220000,119222000,4690,7816,119240000,30758
1,5962,119240000,119242000,4690,7816,119260000,30764
1,5963,119260000,119262000,4690,7816,119280000,30768
1,5964,119280000,119282000,4690,7816,119300000,30775
1,5965,119300000,119302000,4690,7816,119320000,30778
1,5966,119320000,119322000,4690,7816,119340000,30782
1,5967,119340000,119342000,4690,7816,119360000,30791
1,5968,119360000,119362000,4690,7816,119380000,30794
1,5969,119380000,119382000,4690,7816,119400000,30798
1,597,11940000,11942000,4690,7816,11960000,3079
1,5970,119400000,119402000,4690,7816,119420000,30805
1,5971,119420000,119422000,4690,7816,119440000,30810
1,5972,119440000,119442000,4690,7816,119460000,30815
1,5973,119460000,119462000,4690,7816,119480000,30821
1,5974,119480000,119482000,4690,7816,119500000,30825
1,5975,119500000,119502000,4690,7816,119520000,30829
1,5976,119520000,119522000,4690,7816,119540000,30837
1,5977,119540000,119542000,4690,7816,119560000,30840
1,5978,119560000,119562000,4690,7816,119580000,30846
1,5979,119580000,119582000,4690,7816,119600000,30850
1,598,11960000,11962000,4690,7816,11980000,3086
1,5980,119600000,119602000,4690,7816,119620000,30857
1,5981,119620000,119622000,4690,7816,119640000,30861
1,5982,119640000,119642000,4690,7816,119660000,30868
1,5983,119660000,119662000,4690,7816,119680000,30871
1,5984,119680000,119682000,4690,7816,119700000,30875
1,5985,119700000,119702000,4690,7816,119720000,30883
1,5986,119720000,119722000,4690,7816,119740000,30887
1,5987,119740000,119742000,4690,7816,119760000,30892
1,5988,119760000,119762000,4690,7816,119780000,30898
1,5989,119780000,119782000,4690,7816,119800000,30903
1,599,11980000,11982000,4690,7816,12000000,3089
1,5990,119800000,119802000,4690,7816,119820000,30908
1,5991,119820000,119822000,4690,7816,119840000,30913
1,5992,119840000,119842000,4690,7816,119860000,30918
1,5993,119860000,119862000,4690,7816,119880000,30922
1,5994,119880000,119882000,4690,7816,119900000,30929
1,5995,119900000,119902000,4690,7816,119920000,30933
1,5996,119920000,119922000,4690,7816,119940000,30939
1,5997,119940000,119942000,4690,7816,119960000,30944
1,5998,119960000,119962000,4690,7816,119980000,30949
1,5999,119980000,119982000,4690,7816,120000000,30954
1,6,120000,122000,4690,7816,140000,31
1,60,1200000,1202000,4690,7816,1220000,310
1,600,12000000,12002000,4690,7816,12020000,3096
1,6000,120000000,120002000,4690,7816,120020000,30961
1,6001,120020000,120022000,4690,7816,120040000,30963
1,6002,120040000,120042000,4690,7816,120060000,30970
1,6003,120060000,120062000,4690,7816,120080000,30976
1,6004,120080000,120082000,4690,7816,120100000,30979
1,6005,120100000,120102000,4690,7816,120120000,30984
1,6006,120120000,120122000,4690,7816,120140000,30991
1,6007,120140000,120142000,4690,7816,120160000,30996
1,6008,120160000,120162000,4690,7816,120180000,31000
1,6009,120180000,120182000,4690,7816,120200000,31007
1,601,12020000,12022000,4690,7816,12040000,3099
1,6010,120200000,120202000,4690,7816,120220000,31011
1,6011,120220000,120222000,4690,7816,120240000,31014
1,6012,120240000,120242000,4690,7816,120260000,31023
1,6013,120260000,120262000,4690,7816,120280000,31026
1,6014,120280000,120282000,4690,7816,120300000,31031
1,6015,120300000,120302000,4690,7816,120320000,31037
1,6016,120320000,120322000,4690,7816,120340000,31043
1,6017,120340000,120342000,4690,7816,120360000,31047
1,6018,120360000,120362000,4690,7816,120380000,31053
1,6019,120380000,120382000,4690,7816,120400000,31056
1,602,12040000,12042000,4690,7816,12060000,3105
1,6020,120400000,120402000,4690,7816,120420000,31062
1,6021,120420000,120422000,4690,7816,120440000,31068
1,6022,120440000,120442000,4690,7816,120460000,31073
1,6023,120460000,120462000,4690,7816,120480000,31078
1,6024,120480000,120482000,4690,7816,120500000,31083
1,6025,120500000,120502000,4690,7816,120520000,31089
1,6026,120520000,120522000,4690,7816,120540000,31093
1,6027,120540000,120542000,4690,7816,120560000,31100
1,6028,120560000,120562000,4690,7816,120580000,31104
1,6029,120580000,120582000,4690,7816,120600000,31107
1,603,12060000,12062000,4690,7816,12080000,3111
1,6030,120600000,120602000,4690,7816,120620000,31116
1,6031,120620000,120622000,4690,7816,120640000,31118
1,6032,120640000,120642000,4690,7816,120660000,31125
1,6033,120660000,120662000,4690,7816,120680000,31129
1,6034,120680000,120682000,4690,7816,120700000,31135
1,6035,120700000,120702000,4690,7816,120720000,31140
1,6036,120720000,120722000,4690,7816,120740000,31146
1,6037,120740000,120742000,4690,7816,120760000,31150
1,6038,120760000,120762000,4690,7816,120780000,31155
1,6039,120780000,120782000,4690,7816,120800000,31161
1,604,12080000,12082000,4690,7816,12100000,3115
1,6040,120800000,120802000,4690,7816,120820000,31165
1,6041,120820000,120822000,4690,7816,120840000,31171
1,6042,120840000,120842000,4690,7816,120860000,31177
1,6043,120860000,120862000,4690,7816,120880000,31181
1,6044,120880000,120882000,4690,7816,120900000,31186
1,6045,120900000,120902000,4690,7816,120920000,31193
1,6046,120920000,120922000,4690,7816,120940000,31196
1,6047,120940000,120942000,4690,7816,120960000,31200
1,6048,120960000,120962000,4690,7816,120980000,31209
1,6049,120980000,120982000,4690,7816,121000000,31211
1,605,12100000,12102000,4690,7816,12120000,3121
1,6050,121000000,121002000,4690,7816,121020000,31217
1,6051,121020000,121022000,4690,7816,121040000,31223
1,6052,121040000,121042000,4690,7816,121060000,31229
1,6053,121060000,121062000,4690,7816,121080000,31232
1,6054,121080000,121082000,4690,7816,121100000,31239
1,6055,121100000,121102000,4690,7816,121120000,31243
1,6056,121120000,121122000,4690,7816,121140000,31247
1,6057,121140000,121142000,4690,7816,121160000,31254
1,6058,121160000,121162000,4690,7816,121180000,31259
1,6059,121180000,121182000,4690,7816,121200000,31263
1,606,12120000,12122000,4690,7816,12140000,3126
1,6060,121200000,121202000,4690,7816,121220000,31269
1,6061,121220000,121222000,4690,7816,121240000,31274
1,6062,121240000,121242000,4690,7816,121260000,31280
1,6063,121260000,121262000,4690,7816,121280000,31285
1,6064,121280000,121282000,4690,7816,121300000,31289
1,6065,121300000,121302000,4690,7816,121320000,31294
1,6066,121320000,121322000,4690,7816,121340000,31301
1,6067,121340000,121342000,4690,7816,121360000,31305
1,6068,121360000,121362000,4690,7816,121380000,31310
1,6069,121380000,121382000,4690,7816,121400000,31315
1,607,12140000,12142000,4690,7816,12160000,3132
1,6070,121400000,121402000,4690,7816,121420000,31321
1,6071,121420000,121422000,4690,7816,121440000,31325
1,6072,121440000,121442000,4690,7816,121460000,31333
1,6073,121460000,121462000,4690,7816,121480000,31335
1,6074,121480000,121482000,4690,7816,121500000,31340
1,6075,121500000,121502000,4690,7816,121520000,31347
1,6076,121520000,121522000,4690,7816,121540000,31351
1,6077,121540000,121542000,4690,7816,121560000,31357
1,6078,121560000,121562000,4690,7816,121580000,31362
1,6079,121580000,121582000,4690,7816,121600000,31367
1,608,12160000,12162000,4690,7816,12180000,3136
1,6080,121600000,121602000,4690,7816,121620000,31373
1,6081,121620000,121622000,4690,7816,121640000,31378
1,6082,121640000,121642000,4690,7816,121660000,31382
1,6083,121660000,121662000,4690,7816,121680000,31386
1,6084,121680000,121682000,4690,7816,121700000,31394
1,6085,121700000,121702000,4690,7816,121720000,31397
1,6086,121720000,121722000,4690,7816,121740000,31403
1,6087,121740000,121742000,4690,7816,121760000,31409
1,6088,121760000,121762000,4690,7816,121780000,31414
1,6089,121780000,121782000,4690,7816,121800000,31417
1,609,12180000,12182000,4690,7816,12200000,3142
1,6090,121800000,121802000,4690,7816,121820000,31426
1,6091,121820000,121822000,4690,7816,121840000,31428
1,6092,121840000,121842000,4690,7816,121860000,31433
1,6093,121860000,121862000,4690,7816,121880000,31441
1,6094,121880000,121882000,4690,7816,121900000,31444
1,6095,121900000,121902000,4690,7816,121920000,31449
1,6096,121920000,121922000,4690,7816,121940000,31454
1,6097,121940000,121942000,4690,7816,121960000,31461
1,6098,121960000,121962000,4690,7816,121980000,31465
1,6099,121980000,121982000,4690,7816,122000000,31470
1,61,1220000,1222000,4690,7816,1240000,313
1,610,12200000,12202000,4690,7816,12220000,3146
1,6100,122000000,122002000,4690,7816,122020000,31476
1,6101,122020000,122022000,4690,7816,122040000,31479
1,6102,122040000,122042000,4690,7816,122060000,31487
1,6103,122060000,122062000,4690,7816,122080000,31490
1,6104,122080000,122082000,4690,7816,122100000,31496
1,6105,122100000,122102000,4690,7816,122120000,31501
1,6106,122120000,122122000,4690,7816,122140000,31507
1,6107,122140000,122142000,4690,7816,122160000,31512
1,6108,122160000,122162000,4690,7816,122180000,31518
1,6109,122180000,122182000,4690,7816,122200000,31520
1,611,12220000,12222000,4690,7816,12240000,3150
1,6110,122200000,122202000,4690,7816,122220000,31526
1,6111,122220000,122222000,4690,7816,122240000,31533
1,6112,122240000,122242000,4690,7816,122260000,31537
1,6113,122260000,122262000,4690,7816,122280000,31542
1,6114,122280000,122282000,4690,7816,122300000,31548
1,6115,122300000,122302000,4690,7816,122320000,31553
1,6116,122320000,122322000,4690,7816,122340000,31558
1,6117,122340000,122342000,4690,7816,122360000,31564
1,6118,122360000,122362000,4690,7816,122380000,31568
1,6119,122380000,122382000,4690,7816,122400000,31572
1,612,12240000,12242000,4690,7816,12260000,3159
1,6120,122400000,122402000,4690,7816,122420000,31580
1,6121,122420000,122422000,4690,7816,122440000,31583
1,6122,122440000,122442000,4690,7816,122460000,31589
1,6123,122460000,122462000,4690,7816,122480000,31594
1,6124,122480000,122482000,4690,7816,122500000,31599
1,6125,122500000,122502000,4690,7816,122520000,31604
1,6126,122520000,122522000,4690,7816,122540000,31611
1,6127,122540000,122542000,4690,7816,122560000,31614
1,6128,122560000,122562000,4690,7816,122580000,31619
1,6129,122580000,122582000,4690,7816,122600000,31626
1,613,12260000,12262000,4690,7816,12280000,3161
1,6130,122600000,122602000,4690,7816,122620000,31630
1,6131,122620000,122622000,4690,7816,122640000,31634
1,6132,122640000,122642000,4690,7816,122660000,31642
1,6133,122660000,122662000,4690,7816,122680000,31646
1,6134,122680000,122682000,4690,7816,122700000,31650
1,6135,122700000,122702000,4690,7816,122720000,31657
1,6136,122720000,122722000,4690,7816,122740000,31661
1,6137,122740000,122742000,4690,7816,122760000,31665
1,6138,122760000,122762000,4690,7816,122780000,31672
1,6139,122780000,122782000,4690,7816,122800000,31676
1,614,12280000,12282000,4690,7816,12300000,3167
1,6140,122800000,122802000,4690,7816,122820000,31682
1,6141,122820000,122822000,4690,7816,122840000,31686
1,6142,122840000,122842000,4690,7816,122860000,31694
1,6143,122860000,122862000,4690,7816,122880000,31697
1,6144,122880000,122882000,4690,7816,122900000,31703
1,6145,122900000,122902000,4690,7816,122920000,31707
1,6146,122920000,122922000,4690,7816,122940000,31712
1,6147,122940000,122942000,4690,7816,122960000,31719
1,6148,122960000,122962000,4690,7816,122980000,31722
1,6149,122980000,122982000,4690,7816,123000000,31728
1,615,12300000,12302000,4690,7816,12320000,3172
1,6150,123000000,123002000,4690,7816,123020000,31734
1,6151,123020000,123022000,4690,7816,123040000,31738
1,6152,123040000,123042000,4690,7816,123060000,31744
1,6153,123060000,123062000,4690,7816,123080000,31750
1,6154,123080000,123082000,4690,7816,123100000,31753
1,6155,123100000,123102000,4690,7816,123120000,31758
1,6156,123120000,123122000,4690,7816,123140000,31766
1,6157,123140000,123142000,4690,7816,123160000,31769
1,6158,123160000,123162000,4690,7816,123180000,31775
1,6159,123180000,123182000,4690,7816,123200000,31779
1,616,12320000,12322000,4690,7816,12340000,3178
1,6160,123200000,123202000,4690,7816,123220000,31786
1,6161,123220000,123222000,4690,7816,123240000,31789
1,6162,123240000,123242000,4690,7816,123260000,31797
1,6163,123260000,123262000,4690,7816,123280000,31800
1,6164,123280000,123282000,4690,7816,123300000,31804
1,6165,123300000,123302000,4690,7816,123320000,31812
1,6166,123320000,123322000,4690,7816,123340000,31815
1,6167,123340000,123342000,4690,7816,123360000,31821
1,6168,123360000,123362000,4690,7816,123380000,31827
1,6169,123380000,123382000,4690,7816,123400000,31831
1,617,12340000,12342000,4690,7816,12360000,3183
1,6170,123400000,123402000,4690,7816,123420000,31837
1,6171,123420000,123422000,4690,7816,123440000,31843
1,6172,123440000,123442000,4690,7816,123460000,31847
1,6173,123460000,123462000,4690,7816,123480000,31850
1,6174,123480000,123482000,4690,7816,123500000,31858
1,6175,123500000,123502000,4690,7816,123520000,31862
1,6176,123520000,123522000,4690,7816,123540000,31867
1,6177,123540000,123542000,4690,7816,123560000,31873
1,6178,123560000,123562000,4690,7816,123580000,31879
1,6179,123580000,123582000,4690,7816,123600000,31882
1,618,12360000,12362000,4690,7816,12380000,3189
1,6180,123600000,123602000,4690,7816,123620000,31889
1,6181,123620000,123622000,4690,7816,123640000,31893
1,6182,123640000,123642000,4690,7816,123660000,31898
1,6183,123660000,123662000,4690,7816,123680000,31904
1,6184,123680000,123682000,4690,7816,123700000,31909
1,6185,123700000,123702000,4690,7816,123720000,31914
1,6186,123720000,123722000,4690,7816,123740000,31919
1,6187,123740000,123742000,4690,7816,123760000,31924
1,6188,123760000,123762000,4690,7816,123780000,31930
1,6189,123780000,123782000,4690,7816,123800000,31935
1,619,12380000,12382000,4690,7816,12400000,3192
1,6190,123800000,123802000,4690,7816,123820000,31939
1,6191,123820000,123822000,4690,7816,123840000,31944
1,6192,123840000,123842000,4690,7816,123860000,31952
1,6193,123860000,123862000,4690,7816,123880000,31954
1,6194,123880000,123882000,4690,7816,123900000,31960
1,6195,123900000,123902000,4690,7816,123920000,31966
1,6196,123920000,123922000,4690,7816,123940000,31971
1,6197,123940000,123942000,4690,7816,123960000,31976
1,6198,123960000,123962000,4690,7816,123980000,31983
1,6199,123980000,123982000,4690,7816,124000000,31985
1,62,1240000,1242000,4690,7816,1260000,318
1,620,12400000,12402000,4690,7816,12420000,3198
1,6200,124000000,124002000,4690,7816,124020000,31990
1,6201,124020000,124022000,4690,7816,124040000,31997
1,6202,124040000,124042000,4690,7816,124060000,32002
1,6203,124060000,124062000,4690,7816,124080000,32006
1,6204,124080000,124082000,4690,7816,124100000,32012
1,6205,124100000,124102000,4690,7816,124120000,32018
1,6206,124120000,124122000,4690,7816,124140000,32022
1,6207,124140000,124142000,4690,7816,124160000,32029
1,6208,124160000,124162000,4690,7816,124180000,32032
1,6209,124180000,124182000,4690,7816,124200000,32036
1,621,12420000,12422000,4690,7816,12440000,3204
1,6210,124200000,124202000,4690,7816,124220000,32045
1,6211,124220000,124222000,4690,7816,124240000,32047
1,6212,124240000,124242000,4690,7816,124260000,32054
1,6213,124260000,124262000,4690,7816,124280000,32058
1,6214,124280000,124282000,4690,7816,124300000,32064
1,6215,124300000,124302000,4690,7816,124320000,32068
1,6216,124320000,124322000,4690,7816,124340000,32075
1,6217,124340000,124342000,4690,7816,124360000,32079
1,6218,124360000,124362000,4690,7816,124380000,32083
1,6219,124380000,124382000,4690,7816,124400000,32090
1,622,12440000,12442000,4690,7816,12460000,3208
1,6220,124400000,124402000,4690,7816,124420000,32095
1,6221,124420000,124422000,4690,7816,124440000,32099
1,6222,124440000,124442000,4690,7816,124460000,32105
1,6223,124460000,124462000,4690,7816,124480000,32111
1,6224,124480000,124482000,4690,7816,124500000,32115
1,6225,124500000,124502000,4690,7816,124520000,32121
1,6226,124520000,124522000,4690,7816,124540000,32125
1,6227,124540000,124542000,4690,7816,124560000,32130
1,6228,124560000,124562000,4690,7816,124580000,32137
1,6229,124580000,124582000,4690,7816,124600000,32139
1,623,12460000,12462000,4690,7816,12480000,3213
1,6230,124600000,124602000,4690,7816,124620000,32147
1,6231,124620000,124622000,4690,7816,124640000,32151
1,6232,124640000,124642000,4690,7816,124660000,32157
1,6233,124660000,124662000,4690,7816,124680000,32162
1,6234,124680000,124682000,4690,7816,124700000,32168
1,6235,124700000,124702000,4690,7816,124720000,32171
1,6236,124720000,124722000,4690,7816,124740000,32176
1,6237,124740000,124742000,4690,7816,124760000,32184
1,6238,124760000,124762000,4690,7816,124780000,32187
1,6239,124780000,124782000,4690,7816,124800000,32191
1,624,12480000,12482000,4690,7816,12500000,3219
1,6240,124800000,124802000,4690,7816,124820000,32199
1,6241,124820000,124822000,4690,7816,124840000,32203
1,6242,124840000,124842000,4690,7816,124860000,32208
1,6243,124860000,124862000,4690,7816,124880000,32214
1,6244,124880000,124882000,4690,7816,124900000,32218
1,6245,124900000,124902000,4690,7816,124920000,32222
1,6246,124920000,124922000,4690,7816,124940000,32230
1,6247,124940000,124942000,4690,7816,124960000,32234
1,6248,124960000,124962000,4690,7816,124980000,32239
1,6249,124980000,124982000,4690,7816,125000000,32244
1,625,12500000,12502000,4690,7816,12520000,3224
1,6250,125000000,125002000,4690,7816,125020000,32250
1,6251,125020000,125022000,4690,7816,125040000,32254
1,6252,125040000,125042000,4690,7816,125060000,32261
1,6253,125060000,125062000,4690,7816,125080000,32264
1,6254,125080000,125082000,4690,7816,125100000,32269
1,6255,125100000,125102000,4690,7816,125120000,32276
1,6256,125120000,125122000,4690,7816,125140000,32280
1,6257,125140000,125142000,4690,7816,125160000,32285
1,6258,125160000,125162000,4690,7816,125180000,32291
1,6259,125180000,125182000,4690,7816,125200000,32296
1,626,12520000,12522000,4690,7816,12540000,3229
1,6260,125200000,125202000,4690,7816,125220000,32301
1,6261,125220000,125222000,4690,7816,125240000,32307
1,6262,125240000,125242000,4690,7816,125260000,32312
1,6263,125260000,125262000,4690,7816,125280000,32315
1,6264,125280000,125282000,4690,7816,125300000,32322
1,6265,125300000,125302000,4690,7816,125320000,32326
1,6266,125320000,125322000,4690,7816,125340000,32332
1,6267,125340000,125342000,4690,7816,125360000,32337
1,6268,125360000,125362000,4690,7816,125380000,32343
1,6269,125380000,125382000,4690,7816,125400000,32347
1,627,12540000,12542000,4690,7816,12560000,3236
1,6270,125400000,125402000,4690,7816,125420000,32354
1,6271,125420000,125422000,4690,7816,125440000,32356
1,6272,125440000,125442000,4690,7816,125460000,32363
1,6273,125460000,125462000,4690,7816,125480000,32369
1,6274,125480000,125482000,4690,7816,125500000,32372
1,6275,125500000,125502000,4690,7816,125520000,32379
1,6276,125520000,125522000,4690,7816,125540000,32384
1,6277,125540000,125542000,4690,7816,125560000,32389
1,6278,125560000,125562000,4690,7816,125580000,32393
1,6279,125580000,125582000,4690,7816,125600000,32400
1,628,12560000,12562000,4690,7816,12580000,3239
1,6280,125600000,125602000,4690,7816,125620000,32404
1,6281,125620000,125622000,4690,7816,125640000,32407
1,6282,125640000,125642000,4690,7816,125660000,32417
1,6283,125660000,125662000,4690,7816,125680000,32419
1,6284,125680000,125682000,4690,7816,125700000,32424
1,6285,125700000,125702000,4690,7816,125720000,32430
1,6286,125720000,125722000,4690,7816,125740000,32436
1,6287,125740000,125742000,4690,7816,125760000,32440
1,6288,125760000,125762000,4690,7816,125780000,32447
1,6289,125780000,125782000,4690,7816,125800000,32450
1,629,12580000,12582000,4690,7816,12600000,3242
1,6290,125800000,125802000,4690,7816,125820000,32455
1,6291,125820000,125822000,4690,7816,125840000,32461
1,6292,125840000,125842000,4690,7816,125860000,32466
1,6293,125860000,125862000,4690,7816,125880000,32471
1,6294,125880000,125882000,4690,7816,125900000,32476
1,6295,125900000,125902000,4690,7816,125920000,32482
1,6296,125920000,125922000,4690,7816,125940000,32487
1,6297,125940000,125942000,4690,7816,125960000,32493
1,6298,125960000,125962000,4690,7816,125980000,32497
1,6299,125980000,125982000,4690,7816,126000000,32500
1,63,1260000,1262000,4690,7816,1280000,325
1,630,12600000,12602000,4690,7816,12620000,3252
1,6300,126000000,126002000,4690,7816,126020000,32509
1,6301,126020000,126022000,4690,7816,126040000,32512
1,6302,126040000,126042000,4690,7816,126060000,32518
1,6303,126060000,126062000,4690,7816,126080000,32523
1,6304,126080000,126082000,4690,7816,126100000,32528
1,6305,126100000,126102000,4690,7816,126120000,32533
1,6306,126120000,126122000,4690,7816,126140000,32539
1,6307,126140000,126142000,4690,7816,126160000,32543
1,6308,126160000,126162000,4690,7816,126180000,32548
1,6309,126180000,126182000,4690,7816,126200000,32554
1,631,12620000,12622000,4690,7816,12640000,3254
1,6310,126200000,126202000,4690,7816,126220000,32559
1,6311,126220000,126222000,4690,7816,126240000,32564
1,6312,126240000,126242000,4690,7816,126260000,32570
1,6313,126260000,126262000,4690,7816,126280000,32574
1,6314,126280000,126282000,4690,7816,126300000,32580
1,6315,126300000,126302000,4690,7816,126320000,32586
1,6316,126320000,126322000,4690,7816,126340000,32589
1,6317,126340000,126342000,4690,7816,126360000,32594
1,6318,126360000,126362000,4690,7816,126380000,32602
1,6319,126380000,126382000,4690,7816,126400000,32604
1,632,12640000,12642000,4690,7816,12660000,3260
1,6320,126400000,126402000,4690,7816,126420000,32610
1,6321,126420000,126422000,4690,7816,126440000,32616
1,6322,126440000,126442000,4690,7816,126460000,32622
1,6323,126460000,126462000,4690,7816,126480000,32625
1,6324,126480000,126482000,4690,7816,126500000,32633
1,6325,126500000,126502000,4690,7816,126520000,32636
1,6326,126520000,126522000,4690,7816,126540000,32640
1,6327,126540000,126542000,4690,7816,126560000,32648
1,6328,126560000,126562000,4690,7816,126580000,32652
1,6329,126580000,126582000,4690,7816,126600000,32656
1,633,12660000,12662000,4690,7816,12680000,3266
1,6330,126600000,126602000,4690,7816,126620000,32662
1,6331,126620000,126622000,4690,7816,126640000,32668
1,6332,126640000,126642000,4690,7816,126660000,32673
1,6333,126660000,126662000,4690,7816,126680000,32678
1,6334,126680000,126682000,4690,7816,126700000,32682
1,6335,126700000,126702000,4690,7816,126720000,32687
1,6336,126720000,126722000,4690,7816,126740000,32694
1,6337,126740000,126742000,4690,7816,126760000,32698
1,6338,126760000,126762000,4690,7816,126780000,32704
1,6339,126780000,126782000,4690,7816,126800000,32708
1,634,12680000,12682000,4690,7816,12700000,3271
1,6340,126800000,126802000,4690,7816,126820000,32715
1,6341,126820000,126822000,4690,7816,126840000,32718
1,6342,126840000,126842000,4690,7816,126860000,32726
1,6343,126860000,126862000,4690,7816,126880000,32728
1,6344,126880000,126882000,4690,7816,126900000,32733
1,6345,126900000,126902000,4690,7816,126920000,32741
1,6346,126920000,126922000,4690,7816,126940000,32744
1,6347,126940000,126942000,4690,7816,126960000,32750
1,6348,126960000,126962000,4690,7816,126980000,32755
1,6349,126980000,126982000,4690,7816,127000000,32760
1,635,12700000,12702000,4690,7816,12720000,3275
1,6350,127000000,127002000,4690,7816,127020000,32766
1,6351,127020000,127022000,4690,7816,127040000,32771
1,6352,127040000,127042000,4690,7816,127060000,32776
1,6353,127060000,127062000,4690,7816,127080000,32780
1,6354,127080000,127082000,4690,7816,127100000,32787
1,6355,127100000,127102000,4690,7816,127120000,32790
1,6356,127120000,127122000,4690,7816,127140000,32796
1,6357,127140000,127142000,4690,7816,127160000,32802
1,6358,127160000,127162000,4690,7816,127180000,32807
1,6359,127180000,127182000,4690,7816,127200000,32811
1,636,12720000,12722000,4690,7816,12740000,3281
1,6360,127200000,127202000,4690,7816,127220000,32819
1,6361,127220000,127222000,4690,7816,127240000,32821
1,6362,127240000,127242000,4690,7816,127260000,32826
1,6363,127260000,127262000,4690,7816,127280000,32834
1,6364,127280000,127282000,4690,7816,127300000,32837
1,6365,127300000,127302000,4690,7816,127320000,32842
1,6366,127320000,127322000,4690,7816,127340000,32849
1,6367,127340000,127342000,4690,7816,127360000,32854
1,6368,127360000,127362000,4690,7816,127380000,32858
1,6369,127380000,127382000,4690,7816,127400000,32863
1,637,12740000,12742000,4690,7816,12760000,3286
1,6370,127400000,127402000,4690,7816,127420000,32869
1,6371,127420000,127422000,4690,7816,127440000,32872
1,6372,127440000,127442000,4690,7816,127460000,32880
1,6373,127460000,127462000,4690,7816,127480000,32884
1,6374,127480000,127482000,4690,7816,127500000,32889
1,6375,127500000,127502000,4690,7816,127520000,32894
1,6376,127520000,127522000,4690,7816,127540000,32900
1,6377,127540000,127542000,4690,7816,127560000,32905
1,6378,127560000,127562000,4690,7816,127580000,32911
1,6379,127580000,127582000,4690,7816,127600000,32914
1,638,12760000,12762000,4690,7816,12780000,3290
1,6380,127600000,127602000,4690,7816,127620000,32920
1,6381,127620000,127622000,4690,7816,127640000,32926
1,6382,127640000,127642000,4690,7816,127660000,32930
1,6383,127660000,127662000,4690,7816,127680000,32935
1,6384,127680000,127682000,4690,7816,127700000,32941
1,6385,127700000,127702000,4690,7816,127720000,32946
1,6386,127720000,127722000,4690,7816,127740000,32951
1,6387,127740000,127742000,4690,7816,127760000,32958
1,6388,127760000,127762000,4690,7816,127780000,32961
1,6389,127780000,127782000,4690,7816,127800000,32965
1,639,12780000,12782000,4690,7816,12800000,3296
1,6390,127800000,127802000,4690,7816,127820000,32973
1,6391,127820000,127822000,4690,7816,127840000,32976
1,6392,127840000,127842000,4690,7816,127860000,32983
1,6393,127860000,127862000,4690,7816,127880000,32987
1,6394,127880000,127882000,4690,7816,127900000,32993
1,6395,127900000,127902000,4690,7816,127920000,32997
1,6396,127920000,127922000,4690,7816,127940000,33004
1,6397,127940000,127942000,4690,7816,127960000,33007
1,6398,127960000,127962000,4690,7816,127980000,33012
1,6399,127980000,127982000,4690,7816,128000000,33019
1,64,1280000,1282000,4690,7816,1300000,328
1,640,12800000,12802000,4690,7816,12820000,3302
1,6400,128000000,128002000,4690,7816,128020000,33023
1,6401,128020000,128022000,4690,7816,128040000,33028
1,6402,128040000,128042000,4690,7816,128060000,33035
1,6403,128060000,128062000,4690,7816,128080000,33039
1,6404,128080000,128082000,4690,7816,128100000,33043
1,6405,128100000,128102000,4690,7816,128120000,33051
1,6406,128120000,128122000,4690,7816,128140000,33054
1,6407,128140000,128142000,4690,7816,128160000,33058
1,6408,128160000,128162000,4690,7816,128180000,33066
1,6409,128180000,128182000,4690,7816,128200000,33069
1,641,12820000,12822000,4690,7816,12840000,3306
1,6410,128200000,128202000,4690,7816,128220000,33075
1,6411,128220000,128222000,4690,7816,128240000,33079
1,6412,128240000,128242000,4690,7816,128260000,33087
1,6413,128260000,128262000,4690,7816,128280000,33090
1,6414,128280000,128282000,4690,7816,128300000,33096
1,6415,128300000,128302000,4690,7816,128320000,33101
1,6416,128320000,128322000,4690,7816,128340000,33105
1,6417,128340000,128342000,4690,7816,128360000,33112
1,6418,128360000,128362000,4690,7816,128380000,33116
1,6419,128380000,128382000,4690,7816,128400000,33121
1,642,12840000,12842000,4690,7816,12860000,3312
1,6420,128400000,128402000,4690,7816,128420000,33127
1,6421,128420000,128422000,4690,7816,128440000,33131
1,6422,128440000,128442000,4690,7816,128460000,33138
1,6423,128460000,128462000,4690,7816,128480000,33143
1,6424,128480000,128482000,4690,7816,128500000,33146
1,6425,128500000,128502000,4690,7816,128520000,33151
1,6426,128520000,128522000,4690,7816,128540000,33159
1,6427,128540000,128542000,4690,7816,128560000,33162
1,6428,128560000,128562000,4690,7816,128580000,33168
1,6429,128580000,128582000,4690,7816,128600000,33173
1,643,12860000,12862000,4690,7816,12880000,3317
1,6430,128600000,128602000,4690,7816,128620000,33179
1,6431,128620000,128622000,4690,7816,128640000,33183
1,6432,128640000,128642000,4690,7816,128660000,33190
1,6433,128660000,128662000,4690,7816,128680000,33193
1,6434,128680000,128682000,4690,7816,128700000,33197
1,6435,128700000,128702000,4690,7816,128720000,33205
1,6436,128720000,128722000,4690,7816,128740000,33209
1,6437,128740000,128742000,4690,7816,128760000,33214
1,6438,128760000,128762000,4690,7816,128780000,33220
1,6439,128780000,128782000,4690,7816,128800000,33224
1,644,12880000,12882000,4690,7816,12900000,3322
1,6440,128800000,128802000,4690,7816,128820000,33230
1,6441,128820000,128822000,4690,7816,128840000,33236
1,6442,128840000,128842000,4690,7816,128860000,33240
1,6443,128860000,128862000,4690,7816,128880000,33244
1,6444,128880000,128882000,4690,7816,128900000,33252
1,6445,128900000,128902000,4690,7816,128920000,33255
1,6446,128920000,128922000,4690,7816,128940000,33260
1,6447,128940000,128942000,4690,7816,128960000,33266
1,6448,128960000,128962000,4690,7816,128980000,33272
1,6449,128980000,128982000,4690,7816,129000000,33275
1,645,12900000,12902000,4690,7816,12920000,3328
1,6450,129000000,129002000,4690,7816,129020000,33283
1,6451,129020000,129022000,4690,7816,129040000,33286
1,6452,129040000,129042000,4690,7816,129060000,33291
1,6453,129060000,129062000,4690,7816,129080000,33297
1,6454,129080000,129082000,4690,7816,129100000,33302
1,6455,129100000,129102000,4690,7816,129120000,33307
1,6456,129120000,129122000,4690,7816,129140000,33312
1,6457,129140000,129142000,4690,7816,129160000,33319
1,6458,129160000,129162000,4690,7816,129180000,33323
1,6459,129180000,129182000,4690,7816,129200000,33328
1,646,12920000,12922000,4690,7816,12940000,3332
1,6460,129200000,129202000,4690,7816,129220000,33332
1,6461,129220000,129222000,4690,7816,129240000,33337
1,6462,129240000,129242000,4690,7816,129260000,33345
1,6463,129260000,129262000,4690,7816,129280000,33347
1,6464,129280000,129282000,4690,7816,129300000,33354
1,6465,129300000,129302000,4690,7816,129320000,33359
1,6466,129320000,129322000,4690,7816,129340000,33364
1,6467,129340000,129342000,4690,7816,129360000,33369
1,6468,129360000,129362000,4690,7816,129380000,33376
1,6469,129380000,129382000,4690,7816,129400000,33378
1,647,12940000,12942000,4690,7816,12960000,3337
1,6470,129400000,129402000,4690,7816,129420000,33384
1,6471,129420000,129422000,4690,7816,129440000,33391
1,6472,129440000,129442000,4690,7816,129460000,33395
1,6473,129460000,129462000,4690,7816,129480000,33399
1,6474,129480000,129482000,4690,7816,129500000,33405
1,6475,129500000,129502000,4690,7816,129520000,33411
1,6476,129520000,129522000,4690,7816,129540000,33415
1,6477,129540000,129542000,4690,7816,129560000,33422
1,6478,129560000,129562000,4690,7816,129580000,33426
1,6479,129580000,129582000,4690,7816,129600000,33429
1,648,12960000,12962000,4690,7816,12980000,3344
1,6480,129600000,129602000,4690,7816,129620000,33438
1,6481,129620000,129622000,4690,7816,129640000,33440
1,6482,129640000,129642000,4690,7816,129660000,33447
1,6483,129660000,129662000,4690,7816,129680000,33452
1,6484,129680000,129682000,4690,7816,129700000,33457
1,6485,129700000,129702000,4690,7816,129720000,33462
1,6486,129720000,129722000,4690,7816,129740000,33468
1,6487,129740000,129742000,4690,7816,129760000,33472
1,6488,129760000,129762000,4690,7816,129780000,33476
1,6489,129780000,129782000,4690,7816,129800000,33483
1,649,12980000,12982000,4690,7816,13000000,3346
1,6490,129800000,129802000,4690,7816,129820000,33488
1,6491,129820000,129822000,4690,7816,129840000,33492
1,6492,129840000,129842000,4690,7816,129860000,33499
1,6493,129860000,129862000,4690,7816,129880000,33504
1,6494,129880000,129882000,4690,7816,129900000,33508
1,6495,129900000,129902000,4690,7816,129920000,33514
1,6496,129920000,129922000,4690,7816,129940000,33519
1,6497,129940000,129942000,4690,7816,129960000,33523
1,6498,129960000,129962000,4690,7816,129980000,33530
1,6499,129980000,129982000,4690,7816,130000000,33533
1,65,1300000,1302000,4690,7816,1320000,334
1,650,13000000,13002000,4690,7816,13020000,3353
1,6500,130000000,130002000,4690,7816,130020000,33540
1,6501,130020000,130022000,4690,7816,130040000,33544
1,6502,130040000,130042000,4690,7816,130060000,33550
1,6503,130060000,130062000,4690,7816,130080000,33555
1,6504,130080000,130082000,4690,7816,130100000,33561
1,6505,130100000,130102000,4690,7816,130120000,33564
1,6506,130120000,130122000,4690,7816,130140000,33570
1,6507,130140000,130142000,4690,7816,130160000,33577
1,6508,130160000,130162000,4690,7816,130180000,33580
1,6509,130180000,130182000,4690,7816,130200000,33585
1,651,13020000,13022000,4690,7816,13040000,3358
1,6510,130200000,130202000,4690,7816,130220000,33592
1,6511,130220000,130222000,4690,7816,130240000,33596
1,6512,130240000,130242000,4690,7816,130260000,33601
1,6513,130260000,130262000,4690,7816,130280000,33608
1,6514,130280000,130282000,4690,7816,130300000,33611
1,6515,130300000,130302000,4690,7816,130320000,33615
1,6516,130320000,130322000,4690,7816,130340000,33623
1,6517,130340000,130342000,4690,7816,130360000,33627
1,6518,130360000,130362000,4690,7816,130380000,33632
1,6519,130380000,130382000,4690,7816,130400000,33637
1,652,13040000,13042000,4690,7816,13060000,3364
1,6520,130400000,130402000,4690,7816,130420000,33644
1,6521,130420000,130422000,4690,7816,130440000,33647
1,6522,130440000,130442000,4690,7816,130460000,33655
1,6523,130460000,130462000,4690,7816,130480000,33657
1,6524,130480000,130482000,4690,7816,130500000,33662
1,6525,130500000,130502000,4690,7816,130520000,33669
1,6526,130520000,130522000,4690,7816,130540000,33673
1,6527,130540000,130542000,4690,7816,130560000,33679
1,6528,130560000,130562000,4690,7816,130580000,33684
1,6529,130580000,130582000,4690,7816,130600000,33689
1,653,13060000,13062000,4690,7816,13080000,3368
1,6530,130600000,130602000,4690,7816,130620000,33694
1,6531,130620000,130622000,4690,7816,130640000,33700
1,6532,130640000,130642000,4690,7816,130660000,33705
1,6533,130660000,130662000,4690,7816,130680000,33708
1,6534,130680000,130682000,4690,7816,130700000,33716
1,6535,130700000,130702000,4690,7816,130720000,33720
1,6536,130720000,130722000,4690,7816,130740000,33725
1,6537,130740000,130742000,4690,7816,130760000,33730
1,6538,130760000,130762000,4690,7816,130780000,33736
1,6539,130780000,130782000,4690,7816,130800000,33740
1,654,13080000,13082000,4690,7816,13100000,3375
1,6540,130800000,130802000,4690,7816,130820000,33747
1,6541,130820000,130822000,4690,7816,130840000,33750
1,6542,130840000,130842000,4690,7816,130860000,33756
1,6543,130860000,130862000,4690,7816,130880000,33762
1,6544,130880000,130882000,4690,7816,130900000,33765
1,6545,130900000,130902000,4690,7816,130920000,33772
1,6546,130920000,130922000,4690,7816,130940000,33777
1,6547,130940000,130942000,4690,7816,130960000,33782
1,6548,130960000,130962000,4690,7816,130980000,33788
1,6549,130980000,130982000,4690,7816,131000000,33793
1,655,13100000,13102000,4690,7816,13120000,3378
1,6550,131000000,131002000,4690,7816,131020000,33797
1,6551,131020000,131022000,4690,7816,131040000,33800
1,6552,131040000,131042000,4690,7816,131060000,33810
1,6553,131060000,131062000,4690,7816,131080000,33812
1,6554,131080000,131082000,4690,7816,131100000,33817
1,6555,131100000,131102000,4690,7816,131120000,33824
1,6556,131120000,131122000,4690,7816,131140000,33829
1,6557,131140000,131142000,4690,7816,131160000,33833
1,6558,131160000,131162000,4690,7816,131180000,33840
1,6559,131180000,131182000,4690,7816,131200000,33843
1,656,13120000,13122000,4690,7816,13140000,3383
1,6560,131200000,131202000,4690,7816,131220000,33848
1,6561,131220000,131222000,4690,7816,131240000,33855
1,6562,131240000,131242000,4690,7816,131260000,33860
1,6563,131260000,131262000,4690,7816,131280000,33864
1,6564,131280000,131282000,4690,7816,131300000,33869
1,6565,131300000,131302000,4690,7816,131320000,33875
1,6566,131320000,131322000,4690,7816,131340000,33880
1,6567,131340000,131342000,4690,7816,131360000,33886
1,6568,131360000,131362000,4690,7816,131380000,33890
1,6569,131380000,131382000,4690,7816,131400000,33894
1,657,13140000,13142000,4690,7816,13160000,3390
1,6570,131400000,131402000,4690,7816,131420000,33902
1,6571,131420000,131422000,4690,7816,131440000,33905
1,6572,131440000,131442000,4690,7816,131460000,33911
1,6573,131460000,131462000,4690,7816,131480000,33916
1,6574,131480000,131482000,4690,7816,131500000,33922
1,6575,131500000,131502000,4690,7816,131520000,33926
1,6576,131520000,131522000,4690,7816,131540000,33933
1,6577,131540000,131542000,4690,7816,131560000,33936
1,6578,131560000,131562000,4690,7816,131580000,33941
1,6579,131580000,131582000,4690,7816,131600000,33947
1,658,13160000,13162000,4690,7816,13180000,3394
1,6580,131600000,131602000,4690,7816,131620000,33952
1,6581,131620000,131622000,4690,7816,131640000,33957
1,6582,131640000,131642000,4690,7816,131660000,33963
1,6583,131660000,131662000,4690,7816,131680000,33968
1,6584,131680000,131682000,4690,7816,131700000,33973
1,6585,131700000,131702000,4690,7816,131720000,33979
1,6586,131720000,131722000,4690,7816,131740000,33982
1,6587,131740000,131742000,4690,7816,131760000,33988
1,6588,131760000,131762000,4690,7816,131780000,33995
1,6589,131780000,131782000,4690,7816,131800000,33997
1,659,13180000,13182000,4690,7816,13200000,3399
1,6590,131800000,131802000,4690,7816,131820000,34004
1,6591,131820000,131822000,4690,7816,131840000,34009
1,6592,131840000,131842000,4690,7816,131860000,34015
1,6593,131860000,131862000,4690,7816,131880000,34018
1,6594,131880000,131882000,4690,7816,131900000,34026
1,6595,131900000,131902000,4690,7816,131920000,34029
1,6596,131920000,131922000,4690,7816,131940000,34033
1,6597,131940000,131942000,4690,7816,131960000,34042
1,6598,131960000,131962000,4690,7816,131980000,34045
1,6599,131980000,131982000,4690,7816,132000000,34049
1,66,1320000,1322000,4690,7816,1340000,340
1,660,13200000,13202000,4690,7816,13220000,3405
1,6600,132000000,132002000,4690,7816,132020000,34056
1,6601,132020000,132022000,4690,7816,132040000,34061
1,6602,132040000,132042000,4690,7816,132060000,34066
1,6603,132060000,132062000,4690,7816,132080000,34071
1,6604,132080000,132082000,4690,7816,132100000,34076
1,6605,132100000,132102000,4690,7816,132120000,34080
1,6606,132120000,132122000,4690,7816,132140000,34087
1,6607,132140000,132142000,4690,7816,132160000,34091
1,6608,132160000,132162000,4690,7816,132180000,34097
1,6609,132180000,132182000,4690,7816,132200000,34101
1,661,13220000,13222000,4690,7816,13240000,3410
1,6610,132200000,132202000,4690,7816,132220000,34108
1,6611,132220000,132222000,4690,7816,132240000,34112
1,6612,132240000,132242000,4690,7816,132260000,34119
1,6613,132260000,132262000,4690,7816,132280000,34122
1,6614,132280000,132282000,4690,7816,132300000,34126
1,6615,132300000,132302000,4690,7816,132320000,34134
1,6616,132320000,132322000,4690,7816,132340000,34137
1,6617,132340000,132342000,4690,7816,132360000,34143
1,6618,132360000,132362000,4690,7816,132380000,34149
1,6619,132380000,132382000,4690,7816,132400000,34153
1,662,13240000,13242000,4690,7816,13260000,3415
1,6620,132400000,132402000,4690,7816,132420000,34159
1,6621,132420000,132422000,4690,7816,132440000,34164
1,6622,132440000,132442000,4690,7816,132460000,34169
1,6623,132460000,132462000,4690,7816,132480000,34173
1,6624,132480000,132482000,4690,7816,132500000,34180
1,6625,132500000,132502000,4690,7816,132520000,34184
1,6626,132520000,132522000,4690,7816,132540000,34190
1,6627,132540000,132542000,4690,7816,132560000,34195
1,6628,132560000,132562000,4690,7816,132580000,34200
1,6629,132580000,132582000,4690,7816,132600000,34204
1,663,13260000,13262000,4690,7816,13280000,3421
1,6630,132600000,132602000,4690,7816,132620000,34212
1,6631,132620000,132622000,4690,7816,132640000,34214
1,6632,132640000,132642000,4690,7816,132660000,34220
1,6633,132660000,132662000,4690,7816,132680000,34227
1,6634,132680000,132682000,4690,7816,132700000,34230
1,6635,132700000,132702000,4690,7816,132720000,34235
1,6636,132720000,132722000,4690,7816,132740000,34242
1,6637,132740000,132742000,4690,7816,132760000,34247
1,6638,132760000,132762000,4690,7816,132780000,34251
1,6639,132780000,132782000,4690,7816,132800000,34258
1,664,13280000,13282000,4690,7816,13300000,3424
1,6640,132800000,132802000,4690,7816,132820000,34262
1,6641,132820000,132822000,4690,7816,132840000,34265
1,6642,132840000,132842000,4690,7816,132860000,34273
1,6643,132860000,132862000,4690,7816,132880000,34277
1,6644,132880000,132882000,4690,7816,132900000,34282
1,6645,132900000,132902000,4690,7816,132920000,34287
1,6646,132920000,132922000,4690,7816,132940000,34294
1,6647,132940000,132942000,4690,7816,132960000,34298
1,6648,132960000,132962000,4690,7816,132980000,34304
1,6649,132980000,132982000,4690,7816,133000000,34307
1,665,13300000,13302000,4690,7816,13320000,3429
1,6650,133000000,133002000,4690,7816,133020000,34313
1,6651,133020000,133022000,4690,7816,133040000,34319
1,6652,133040000,133042000,4690,7816,133060000,34324
1,6653,133060000,133062000,4690,7816,133080000,34329
1,6654,133080000,133082000,4690,7816,133100000,34334
1,6655,133100000,133102000,4690,7816,133120000,34339
1,6656,133120000,133122000,4690,7816,133140000,34344
1,6657,133140000,133142000,4690,7816,133160000,34351
1,6658,133160000,133162000,4690,7816,133180000,34354
1,6659,133180000,133182000,4690,7816,133200000,34358
1,666,13320000,13322000,4690,7816,13340000,3437
1,6660,133200000,133202000,4690,7816,133220000,34367
1,6661,133220000,133222000,4690,7816,133240000,34369
1,6662,133240000,133242000,4690,7816,133260000,34376
1,6663,133260000,133262000,4690,7816,133280000,34380
1,6664,133280000,133282000,4690,7816,133300000,34386
1,6665,133300000,133302000,4690,7816,133320000,34391
1,6666,133320000,133322000,4690,7816,133340000,34397
1,6667,133340000,133342000,4690,7816,133360000,34401
1,6668,133360000,133362000,4690,7816,133380000,34405
1,6669,133380000,133382000,4690,7816,133400000,34412
1,667,13340000,13342000,4690,7816,13360000,3440
1,6670,133400000,133402000,4690,7816,133420000,34416
1,6671,133420000,133422000,4690,7816,133440000,34421
1,6672,133440000,133442000,4690,7816,133460000,34428
1,6673,133460000,133462000,4690,7816,133480000,34432
1,6674,133480000,133482000,4690,7816,133500000,34437
1,6675,133500000,133502000,4690,7816,133520000,34444
1,6676,133520000,133522000,4690,7816,133540000,34447
1,6677,133540000,133542000,4690,7816,133560000,34451
1,6678,133560000,133562000,4690,7816,133580000,34460
1,6679,133580000,133582000,4690,7816,133600000,34462
1,668,13360000,13362000,4690,7816,13380000,3446
1,6680,133600000,133602000,4690,7816,133620000,34468
1,6681,133620000,133622000,4690,7816,133640000,34473
1,6682,133640000,133642000,4690,7816,133660000,34480
1,6683,133660000,133662000,4690,7816,133680000,34483
1,6684,133680000,133682000,4690,7816,133700000,34489
1,6685,133700000,133702000,4690,7816,133720000,34494
1,6686,133720000,133722000,4690,7816,133740000,34498
1,6687,133740000,133742000,4690,7816,133760000,34505
1,6688,133760000,133762000,4690,7816,133780000,34510
1,6689,133780000,133782000,4690,7816,133800000,34514
1,669,13380000,13382000,4690,7816,13400000,3451
1,6690,133800000,133802000,4690,7816,133820000,34520
1,6691,133820000,133822000,4690,7816,133840000,34525
1,6692,133840000,133842000,4690,7816,133860000,34531
1,6693,133860000,133862000,4690,7816,133880000,34536
1,6694,133880000,133882000,4690,7816,133900000,34539
1,6695,133900000,133902000,4690,7816,133920000,34545
1,6696,133920000,133922000,4690,7816,133940000,34552
1,6697,133940000,133942000,4690,7816,133960000,34555
1,6698,133960000,133962000,4690,7816,133980000,34561
1,6699,133980000,133982000,4690,7816,134000000,34566
1,67,1340000,1342000,4690,7816,1360000,345
1,670,13400000,13402000,4690,7816,13420000,3457
1,6700,134000000,134002000,4690,7816,134020000,34572
1,6701,134020000,134022000,4690,7816,134040000,34576
1,6702,134040000,134042000,4690,7816,134060000,34584
1,6703,134060000,134062000,4690,7816,134080000,34586
1,6704,134080000,134082000,4690,7816,134100000,34591
1,6705,134100000,134102000,4690,7816,134120000,34598
1,6706,134120000,134122000,4690,7816,134140000,34602
1,6707,134140000,134142000,4690,7816,134160000,34607
1,6708,134160000,134162000,4690,7816,134180000,34613
1,6709,134180000,134182000,4690,7816,134200000,34618
1,671,13420000,13422000,4690,7816,13440000,3460
1,6710,134200000,134202000,4690,7816,134220000,34623
1,6711,134220000,134222000,4690,7816,134240000,34629
1,6712,134240000,134242000,4690,7816,134260000,34633
1,6713,134260000,134262000,4690,7816,134280000,34637
1,6714,134280000,134282000,4690,7816,134300000,34645
1,6715,134300000,134302000,4690,7816,134320000,34648
1,6716,134320000,134322000,4690,7816,134340000,34654
1,6717,134340000,134342000,4690,7816,134360000,34660
1,6718,134360000,134362000,4690,7816,134380000,34665
1,6719,134380000,134382000,4690,7816,134400000,34668
1,672,13440000,13442000,4690,7816,13460000,3469
1,6720,134400000,134402000,4690,7816,134420000,34676
1,6721,134420000,134422000,4690,7816,134440000,34679
1,6722,134440000,134442000,4690,7816,134460000,34684
1,6723,134460000,134462000,4690,7816,134480000,34691
1,6724,134480000,134482000,4690,7816,134500000,34695
1,6725,134500000,134502000,4690,7816,134520000,34700
1,6726,134520000,134522000,4690,7816,134540000,34705
1,6727,134540000,134542000,4690,7816,134560000,34712
1,6728,134560000,134562000,4690,7816,134580000,34716
1,6729,134580000,134582000,4690,7816,134600000,34721
1,673,13460000,13462000,4690,7816,13480000,3471
1,6730,134600000,134602000,4690,7816,134620000,34727
1,6731,134620000,134622000,4690,7816,134640000,34730
1,6732,134640000,134642000,4690,7816,134660000,34738
1,6733,134660000,134662000,4690,7816,134680000,34740
1,6734,134680000,134682000,4690,7816,134700000,34747
1,6735,134700000,134702000,4690,7816,134720000,34752
1,6736,134720000,134722000,4690,7816,134740000,34757
1,6737,134740000,134742000,4690,7816,134760000,34763
1,6738,134760000,134762000,4690,7816,134780000,34769
1,6739,134780000,134782000,4690,7816,134800000,34771
1,674,13480000,13482000,4690,7816,13500000,3475
1,6740,134800000,134802000,4690,7816,134820000,34777
1,6741,134820000,134822000,4690,7816,134840000,34784
1,6742,134840000,134842000,4690,7816,134860000,34788
1,6743,134860000,134862000,4690,7816,134880000,34793
1,6744,134880000,134882000,4690,7816,134900000,34799
1,6745,134900000,134902000,4690,7816,134920000,34804
1,6746,134920000,134922000,4690,7816,134940000,34808
1,6747,134940000,134942000,4690,7816,134960000,34815
1,6748,134960000,134962000,4690,7816,134980000,34819
1,6749,134980000,134982000,4690,7816,135000000,34822
1,675,13500000,13502000,4690,7816,13520000,3483
1,6750,135000000,135002000,4690,7816,135020000,34831
1,6751,135020000,135022000,4690,7816,135040000,34834
1,6752,135040000,135042000,4690,7816,135060000,34840
1,6753,135060000,135062000,4690,7816,135080000,34845
1,6754,135080000,135082000,4690,7816,135100000,34850
1,6755,135100000,135102000,4690,7816,135120000,34855
1,6756,135120000,135122000,4690,7816,135140000,34862
1,6757,135140000,135142000,4690,7816,135160000,34865
1,6758,135160000,135162000,4690,7816,135180000,34870
1,6759,135180000,135182000,4690,7816,135200000,34876
1,676,13520000,13522000,4690,7816,13540000,3487
1,6760,135200000,135202000,4690,7816,135220000,34881
1,6761,135220000,135222000,4690,7816,135240000,34885
1,6762,135240000,135242000,4690,7816,135260000,34892
1,6763,135260000,135262000,4690,7816,135280000,34897
1,6764,135280000,135282000,4690,7816,135300000,34901
1,6765,135300000,135302000,4690,7816,135320000,34908
1,6766,135320000,135322000,4690,7816,135340000,34912
1,6767,135340000,135342000,4690,7816,135360000,34916
1,6768,135360000,135362000,4690,7816,135380000,34923
1,6769,135380000,135382000,4690,7816,135400000,34927
1,677,13540000,13542000,4690,7816,13560000,3492
1,6770,135400000,135402000,4690,7816,135420000,34933
1,6771,135420000,135422000,4690,7816,135440000,34937
1,6772,135440000,135442000,4690,7816,135460000,34944
1,6773,135460000,135462000,4690,7816,135480000,34948
1,6774,135480000,135482000,4690,7816,135500000,34954
1,6775,135500000,135502000,4690,7816,135520000,34957
1,6776,135520000,135522000,4690,7816,135540000,34963
1,6777,135540000,135542000,4690,7816,135560000,34970
1,6778,135560000,135562000,4690,7816,135580000,34973
1,6779,135580000,135582000,4690,7816,135600000,34979
1,678,13560000,13562000,4690,7816,13580000,3497
1,6780,135600000,135602000,4690,7816,135620000,34985
1,6781,135620000,135622000,4690,7816,135640000,34989
1,6782,135640000,135642000,4690,7816,135660000,34995
1,6783,135660000,135662000,4690,7816,135680000,35001
1,6784,135680000,135682000,4690,7816,135700000,35004
1,6785,135700000,135702000,4690,7816,135720000,35008
1,6786,135720000,135722000,4690,7816,135740000,35017
1,6787,135740000,135742000,4690,7816,135760000,35020
1,6788,135760000,135762000,4690,7816,135780000,35025
1,6789,135780000,135782000,4690,7816,135800000,35030
1,679,13580000,13582000,4690,7816,13600000,3503
1,6790,135800000,135802000,4690,7816,135820000,35037
1,6791,135820000,135822000,4690,7816,135840000,35040
1,6792,135840000,135842000,4690,7816,135860000,35048
1,6793,135860000,135862000,4690,7816,135880000,35051
1,6794,135880000,135882000,4690,7816,135900000,35055
1,6795,135900000,135902000,4690,7816,135920000,35063
1,6796,135920000,135922000,4690,7816,135940000,35066
1,6797,135940000,135942000,4690,7816,135960000,35072
1,6798,135960000,135962000,4690,7816,135980000,35077
1,6799,135980000,135982000,4690,7816,136000000,35082
1,68,1360000,1362000,4690,7816,1380000,350
1,680,13600000,13602000,4690,7816,13620000,3508
1,6800,136000000,136002000,4690,7816,136020000,35088
1,6801,136020000,136022000,4690,7816,136040000,35093
1,6802,136040000,136042000,4690,7816,136060000,35098
1,6803,136060000,136062000,4690,7816,136080000,35101
1,6804,136080000,136082000,4690,7816,136100000,35109
1,6805,136100000,136102000,4690,7816,136120000,35113
1,6806,136120000,136122000,4690,7816,136140000,35118
1,6807,136140000,136142000,4690,7816,136160000,35124
1,6808,136160000,136162000,4690,7816,136180000,35130
1,6809,136180000,136182000,4690,7816,136200000,35133
1,681,13620000,13622000,4690,7816,13640000,3513
1,6810,136200000,136202000,4690,7816,136220000,35140
1,6811,136220000,136222000,4690,7816,136240000,35143
1,6812,136240000,136242000,4690,7816,136260000,35149
1,6813,136260000,136262000,4690,7816,136280000,35155
1,6814,136280000,136282000,4690,7816,136300000,35159
1,6815,136300000,136302000,4690,7816,136320000,35165
1,6816,136320000,136322000,4690,7816,136340000,35170
1,6817,136340000,136342000,4690,7816,136360000,35175
1,6818,136360000,136362000,4690,7816,136380000,35181
1,6819,136380000,136382000,4690,7816,136400000,35186
1,682,13640000,13642000,4690,7816,13660000,3519
1,6820,136400000,136402000,4690,7816,136420000,35190
1,6821,136420000,136422000,4690,7816,136440000,35195
1,6822,136440000,136442000,4690,7816,136460000,35203
1,6823,136460000,136462000,4690,7816,136480000,35205
1,6824,136480000,136482000,4690,7816,136500000,35210
1,6825,136500000,136502000,4690,7816,136520000,35217
1,6826,136520000,136522000,4690,7816,136540000,35222
1,6827,136540000,136542000,4690,7816,136560000,35226
1,6828,136560000,136562000,4690,7816,136580000,35234
1,6829,136580000,136582000,4690,7816,136600000,35236
1,683,13660000,13662000,4690,7816,13680000,3522
1,6830,136600000,136602000,4690,7816,136620000,35241
1,6831,136620000,136622000,4690,7816,136640000,35248
1,6832,136640000,136642000,4690,7816,136660000,35253
1,6833,136660000,136662000,4690,7816,136680000,35257
1,6834,136680000,136682000,4690,7816,136700000,35263
1,6835,136700000,136702000,4690,7816,136720000,35269
1,6836,136720000,136722000,4690,7816,136740000,35273
1,6837,136740000,136742000,4690,7816,136760000,35279
1,6838,136760000,136762000,4690,7816,136780000,35283
1,6839,136780000,136782000,4690,7816,136800000,35287
1,684,13680000,13682000,4690,7816,13700000,3529
1,6840,136800000,136802000,4690,7816,136820000,35295
1,6841,136820000,136822000,4690,7816,136840000,35298
1,6842,136840000,136842000,4690,7816,136860000,35305
1,6843,136860000,136862000,4690,7816,136880000,35309
1,6844,136880000,136882000,4690,7816,136900000,35315
1,6845,136900000,136902000,4690,7816,136920000,35319
1,6846,136920000,136922000,4690,7816,136940000,35326
1,6847,136940000,136942000,4690,7816,136960000,35330
1,6848,136960000,136962000,4690,7816,136980000,35334
1,6849,136980000,136982000,4690,7816,137000000,35341
1,685,13700000,13702000,4690,7816,13720000,3533
1,6850,137000000,137002000,4690,7816,137020000,35345
1,6851,137020000,137022000,4690,7816,137040000,35350
1,6852,137040000,137042000,4690,7816,137060000,35356
1,6853,137060000,137062000,4690,7816,137080000,35361
1,6854,137080000,137082000,4690,7816,137100000,35366
1,6855,137100000,137102000,4690,7816,137120000,35372
1,6856,137120000,137122000,4690,7816,137140000,35376
1,6857,137140000,137142000,4690,7816,137160000,35381
1,6858,137160000,137162000,4690,7816,137180000,35388
1,6859,137180000,137182000,4690,7816,137200000,35390
1,686,13720000,13722000,4690,7816,13740000,3539
1,6860,137200000,137202000,4690,7816,137220000,35398
1,6861,137220000,137222000,4690,7816,137240000,35402
1,6862,137240000,137242000,4690,7816,137260000,35408
1,6863,137260000,137262000,4690,7816,137280000,35412
1,6864,137280000,137282000,4690,7816,137300000,35419
1,6865,137300000,137302000,4690,7816,137320000,35422
1,6866,137320000,137322000,4690,7816,137340000,35426
1,6867,137340000,137342000,4690,7816,137360000,35435
1,6868,137360000,137362000,4690,7816,137380000,35438
1,6869,137380000,137382000,4690,7816,137400000,35442
1,687,13740000,13742000,4690,7816,13760000,3544
1,6870,137400000,137402000,4690,7816,137420000,35450
1,6871,137420000,137422000,4690,7816,137440000,35454
1,6872,137440000,137442000,4690,7816,137460000,35459
1,6873,137460000,137462000,4690,7816,137480000,35465
1,6874,137480000,137482000,4690,7816,137500000,35469
1,6875,137500000,137502000,4690,7816,137520000,35473
1,6876,137520000,137522000,4690,7816,137540000,35480
1,6877,137540000,137542000,4690,7816,137560000,35485
1,6878,137560000,137562000,4690,7816,137580000,35490
1,6879,137580000,137582000,4690,7816,137600000,35494
1,688,13760000,13762000,4690,7816,13780000,3549
1,6880,137600000,137602000,4690,7816,137620000,35501
1,6881,137620000,137622000,4690,7816,137640000,35505
1,6882,137640000,137642000,4690,7816,137660000,35512
1,6883,137660000,137662000,4690,7816,137680000,35515
1,6884,137680000,137682000,4690,7816,137700000,35520
1,6885,137700000,137702000,4690,7816,137720000,35527
1,6886,137720000,137722000,4690,7816,137740000,35531
1,6887,137740000,137742000,4690,7816,137760000,35536
1,6888,137760000,137762000,4690,7816,137780000,35542
1,6889,137780000,137782000,4690,7816,137800000,35546
1,689,13780000,13782000,4690,7816,13800000,3554
1,6890,137800000,137802000,4690,7816,137820000,35552
1,6891,137820000,137822000,4690,7816,137840000,35558
1,6892,137840000,137842000,4690,7816,137860000,35562
1,6893,137860000,137862000,4690,7816,137880000,35566
1,6894,137880000,137882000,4690,7816,137900000,35573
1,6895,137900000,137902000,4690,7816,137920000,35577
1,6896,137920000,137922000,4690,7816,137940000,35583
1,6897,137940000,137942000,4690,7816,137960000,35588
1,6898,137960000,137962000,4690,7816,137980000,35594
1,6899,137980000,137982000,4690,7816,138000000,35598
1,69,1380000,1382000,4690,7816,1400000,355
1,690,13800000,13802000,4690,7816,13820000,3561
1,6900,138000000,138002000,4690,7816,138020000,35605
1,6901,138020000,138022000,4690,7816,138040000,35607
1,6902,138040000,138042000,4690,7816,138060000,35613
1,6903,138060000,138062000,4690,7816,138080000,35620
1,6904,138080000,138082000,4690,7816,138100000,35623
1,6905,138100000,138102000,4690,7816,138120000,35629
1,6906,138120000,138122000,4690,7816,138140000,35635
1,6907,138140000,138142000,4690,7816,138160000,35640
1,6908,138160000,138162000,4690,7816,138180000,35644
1,6909,138180000,138182000,4690,7816,138200000,35651
1,691,13820000,13822000,4690,7816,13840000,3563
1,6910,138200000,138202000,4690,7816,138220000,35655
1,6911,138220000,138222000,4690,7816,138240000,35658
1,6912,138240000,138242000,4690,7816,138260000,35668
1,6913,138260000,138262000,4690,7816,138280000,35670
1,6914,138280000,138282000,4690,7816,138300000,35675
1,6915,138300000,138302000,4690,7816,138320000,35680
1,6916,138320000,138322000,4690,7816,138340000,35687
1,6917,138340000,138342000,4690,7816,138360000,35691
1,6918,138360000,138362000,4690,7816,138380000,35697
1,6919,138380000,138382000,4690,7816,138400000,35701
1,692,13840000,13842000,4690,7816,13860000,3569
1,6920,138400000,138402000,4690,7816,138420000,35706
1,6921,138420000,138422000,4690,7816,138440000,35712
1,6922,138440000,138442000,4690,7816,138460000,35717
1,6923,138460000,138462000,4690,7816,138480000,35722
1,6924,138480000,138482000,4690,7816,138500000,35727
1,6925,138500000,138502000,4690,7816,138520000,35733
1,6926,138520000,138522000,4690,7816,138540000,35738
1,6927,138540000,138542000,4690,7816,138560000,35744
1,6928,138560000,138562000,4690,7816,138580000,35747
1,6929,138580000,138582000,4690,7816,138600000,35751
1,693,13860000,13862000,4690,7816,13880000,3576
1,6930,138600000,138602000,4690,7816,138620000,35760
1,6931,138620000,138622000,4690,7816,138640000,35762
1,6932,138640000,138642000,4690,7816,138660000,35769
1,6933,138660000,138662000,4690,7816,138680000,35774
1,6934,138680000,138682000,4690,7816,138700000,35779
1,6935,138700000,138702000,4690,7816,138720000,35784
1,6936,138720000,138722000,4690,7816,138740000,35790
1,6937,138740000,138742000,4690,7816,138760000,35794
1,6938,138760000,138762000,4690,7816,138780000,35799
1,6939,138780000,138782000,4690,7816,138800000,35805
1,694,13880000,13882000,4690,7816,13900000,3579
1,6940,138800000,138802000,4690,7816,138820000,35810
1,6941,138820000,138822000,4690,7816,138840000,35814
1,6942,138840000,138842000,4690,7816,138860000,35821
1,6943,138860000,138862000,4690,7816,138880000,35825
1,6944,138880000,138882000,4690,7816,138900000,35830
1,6945,138900000,138902000,4690,7816,138920000,35837
1,6946,138920000,138922000,4690,7816,138940000,35840
1,6947,138940000,138942000,4690,7816,138960000,35845
1,6948,138960000,138962000,4690,7816,138980000,35853
1,6949,138980000,138982000,4690,7816,139000000,35855
1,695,13900000,13902000,4690,7816,13920000,3585
1,6950,139000000,139002000,4690,7816,139020000,35861
1,6951,139020000,139022000,4690,7816,139040000,35867
1,6952,139040000,139042000,4690,7816,139060000,35873
1,6953,139060000,139062000,4690,7816,139080000,35876
1,6954,139080000,139082000,4690,7816,139100000,35883
1,6955,139100000,139102000,4690,7816,139120000,35887
1,6956,139120000,139122000,4690,7816,139140000,35891
1,6957,139140000,139142000,4690,7816,139160000,35898
1,6958,139160000,139162000,4690,7816,139180000,35903
1,6959,139180000,139182000,4690,7816,139200000,35907
1,696,13920000,13922000,4690,7816,13940000,3591
1,6960,139200000,139202000,4690,7816,139220000,35913
1,6961,139220000,139222000,4690,7816,139240000,35919
1,6962,139240000,139242000,4690,7816,139260000,35924
1,6963,139260000,139262000,4690,7816,139280000,35929
1,6964,139280000,139282000,4690,7816,139300000,35933
1,6965,139300000,139302000,4690,7816,139320000,35938
1,6966,139320000,139322000,4690,7816,139340000,35945
1,6967,139340000,139342000,4690,7816,139360000,35948
1,6968,139360000,139362000,4690,7816,139380000,35955
1,6969,139380000,139382000,4690,7816,139400000,35959
1,697,13940000,13942000,4690,7816,13960000,3596
1,6970,139400000,139402000,4690,7816,139420000,35965
1,6971,139420000,139422000,4690,7816,139440000,35969
1,6972,139440000,139442000,4690,7816,139460000,35977
1,6973,139460000,139462000,4690,7816,139480000,35979
1,6974,139480000,139482000,4690,7816,139500000,35984
1,6975,139500000,139502000,4690,7816,139520000,35992
1,6976,139520000,139522000,4690,7816,139540000,35995
1,6977,139540000,139542000,4690,7816,139560000,36001
1,6978,139560000,139562000,4690,7816,139580000,36006
1,6979,139580000,139582000,4690,7816,139600000,36011
1,698,13960000,13962000,4690,7816,13980000,3601
1,6980,139600000,139602000,4690,7816,139620000,36016
1,6981,139620000,139622000,4690,7816,139640000,36022
1,6982,139640000,139642000,4690,7816,139660000,36027
1,6983,139660000,139662000,4690,7816,139680000,36030
1,6984,139680000,139682000,4690,7816,139700000,36038
1,6985,139700000,139702000,4690,7816,139720000,36041
1,6986,139720000,139722000,4690,7816,139740000,36047
1,6987,139740000,139742000,4690,7816,139760000,36053
1,6988,139760000,139762000,4690,7816,139780000,36058
1,6989,139780000,139782000,4690,7816,139800000,36062
1,699,13980000,13982000,4690,7816,14000000,3606
1,6990,139800000,139802000,4690,7816,139820000,36070
1,6991,139820000,139822000,4690,7816,139840000,36072
1,6992,139840000,139842000,4690,7816,139860000,36077
1,6993,139860000,139862000,4690,7816,139880000,36084
1,6994,139880000,139882000,4690,7816,139900000,36088
1,6995,139900000,139902000,4690,7816,139920000,36093
1,6996,139920000,139922000,4690,7816,139940000,36099
1,6997,139940000,139942000,4690,7816,139960000,36105
1,6998,139960000,139962000,4690,7816,139980000,36109
1,6999,139980000,139982000,4690,7816,140000000,36114
1,7,140000,142000,4690,7816,160000,35
1,70,1400000,1402000,4690,7816,1420000,360
1,700,14000000,14002000,4690,7816,14020000,3611
1,7000,140000000,140002000,4690,7816,140020000,36120
1,7001,140020000,140022000,4690,7816,140040000,36123
1,7002,140040000,140042000,4690,7816,140060000,36131
1,7003,140060000,140062000,4690,7816,140080000,36135
1,7004,140080000,140082000,4690,7816,140100000,36140
1,7005,140100000,140102000,4690,7816,140120000,36145
1,7006,140120000,140122000,4690,7816,140140000,36150
1,7007,140140000,140142000,4690,7816,140160000,36156
1,7008,140160000,140162000,4690,7816,140180000,36162
1,7009,140180000,140182000,4690,7816,140200000,36164
1,701,14020000,14022000,4690,7816,14040000,3614
1,7010,140200000,140202000,4690,7816,140220000,36171
1,7011,140220000,140222000,4690,7816,140240000,36177
1,7012,140240000,140242000,4690,7816,140260000,36181
1,7013,140260000,140262000,4690,7816,140280000,36186
1,7014,140280000,140282000,4690,7816,140300000,36192
1,7015,140300000,140302000,4690,7816,140320000,36197
1,7016,140320000,140322000,4690,7816,140340000,36202
1,7017,140340000,140342000,4690,7816,140360000,36209
1,7018,140360000,140362000,4690,7816,140380000,36212
1,7019,140380000,140382000,4690,7816,140400000,36215
1,702,14040000,14042000,4690,7816,14060000,3623
1,7020,140400000,140402000,4690,7816,140420000,36224
1,7021,140420000,140422000,4690,7816,140440000,36227
1,7022,140440000,140442000,4690,7816,140460000,36233
1,7023,140460000,140462000,4690,7816,140480000,36238
1,7024,140480000,140482000,4690,7816,140500000,36244
1,7025,140500000,140502000,4690,7816,140520000,36248
1,7026,140520000,140522000,4690,7816,140540000,36255
1,7027,140540000,140542000,4690,7816,140560000,36258
1,7028,140560000,140562000,4690,7816,140580000,36263
1,7029,140580000,140582000,4690,7816,140600000,36270
1,703,14060000,14062000,4690,7816,14080000,3626
1,7030,140600000,140602000,4690,7816,140620000,36274
1,7031,140620000,140622000,4690,7816,140640000,36279
1,7032,140640000,140642000,4690,7816,140660000,36285
1,7033,140660000,140662000,4690,7816,140680000,36290
1,7034,140680000,140682000,4690,7816,140700000,36294
1,7035,140700000,140702000,4690,7816,140720000,36301
1,7036,140720000,140722000,4690,7816,140740000,36305
1,7037,140740000,140742000,4690,7816,140760000,36309
1,7038,140760000,140762000,4690,7816,140780000,36317
1,7039,140780000,140782000,4690,7816,140800000,36320
1,704,14080000,14082000,4690,7816,14100000,3631
1,7040,140800000,140802000,4690,7816,140820000,36326
1,7041,140820000,140822000,4690,7816,140840000,36330
1,7042,140840000,140842000,4690,7816,140860000,36338
1,7043,140860000,140862000,4690,7816,140880000,36341
1,7044,140880000,140882000,4690,7816,140900000,36347
1,7045,140900000,140902000,4690,7816,140920000,36351
1,7046,140920000,140922000,4690,7816,140940000,36356
1,7047,140940000,140942000,4690,7816,140960000,36363
1,7048,140960000,140962000,4690,7816,140980000,36366
1,7049,140980000,140982000,4690,7816,141000000,36372
1,705,14100000,14102000,4690,7816,14120000,3637
1,7050,141000000,141002000,4690,7816,141020000,36378
1,7051,141020000,141022000,4690,7816,141040000,36382
1,7052,141040000,141042000,4690,7816,141060000,36389
1,7053,141060000,141062000,4690,7816,141080000,36394
1,7054,141080000,141082000,4690,7816,141100000,36397
1,7055,141100000,141102000,4690,7816,141120000,36402
1,7056,141120000,141122000,4690,7816,141140000,36410
1,7057,141140000,141142000,4690,7816,141160000,36413
1,7058,141160000,141162000,4690,7816,141180000,36418
1,7059,141180000,141182000,4690,7816,141200000,36424
1,706,14120000,14122000,4690,7816,14140000,3642
1,7060,141200000,141202000,4690,7816,141220000,36430
1,7061,141220000,141222000,4690,7816,141240000,36433
1,7062,141240000,141242000,4690,7816,141260000,36441
1,7063,141260000,141262000,4690,7816,141280000,36444
1,7064,141280000,141282000,4690,7816,141300000,36448
1,7065,141300000,141302000,4690,7816,141320000,36456
1,7066,141320000,141322000,4690,7816,141340000,36460
1,7067,141340000,141342000,4690,7816,141360000,36465
1,7068,141360000,141362000,4690,7816,141380000,36471
1,7069,141380000,141382000,4690,7816,141400000,36475
1,707,14140000,14142000,4690,7816,14160000,3647
1,7070,141400000,141402000,4690,7816,141420000,36481
1,7071,141420000,141422000,4690,7816,141440000,36486
1,7072,141440000,141442000,4690,7816,141460000,36491
1,7073,141460000,141462000,4690,7816,141480000,36495
1,7074,141480000,141482000,4690,7816,141500000,36502
1,7075,141500000,141502000,4690,7816,141520000,36506
1,7076,141520000,141522000,4690,7816,141540000,36511
1,7077,141540000,141542000,4690,7816,141560000,36517
1,7078,141560000,141562000,4690,7816,141580000,36523
1,7079,141580000,141582000,4690,7816,141600000,36526
1,708,14160000,14162000,4690,7816,14180000,3654
1,7080,141600000,141602000,4690,7816,141620000,36534
1,7081,141620000,141622000,4690,7816,141640000,36537
1,7082,141640000,141642000,4690,7816,141660000,36542
1,7083,141660000,141662000,4690,7816,141680000,36548
1,7084,141680000,141682000,4690,7816,141700000,36552
1,7085,141700000,141702000,4690,7816,141720000,36558
1,7086,141720000,141722000,4690,7816,141740000,36563
1,7087,141740000,141742000,4690,7816,141760000,36569
1,7088,141760000,141762000,4690,7816,141780000,36574
1,7089,141780000,141782000,4690,7816,141800000,36579
1,709,14180000,14182000,4690,7816,14200000,3656
1,7090,141800000,141802000,4690,7816,141820000,36583
1,7091,141820000,141822000,4690,7816,141840000,36588
1,7092,141840000,141842000,4690,7816,141860000,36596
1,7093,141860000,141862000,4690,7816,141880000,36598
1,7094,141880000,141882000,4690,7816,141900000,36605
1,7095,141900000,141902000,4690,7816,141920000,36610
1,7096,141920000,141922000,4690,7816,141940000,36615
1,7097,141940000,141942000,4690,7816,141960000,36619
1,7098,141960000,141962000,4690,7816,141980000,36627
1,7099,141980000,141982000,4690,7816,142000000,36629
1,71,1420000,1422000,4690,7816,1440000,364
1,710,14200000,14202000,4690,7816,14220000,3662
1,7100,142000000,142002000,4690,7816,142020000,36634
1,7101,142020000,142022000,4690,7816,142040000,36642
1,7102,142040000,142042000,4690,7816,142060000,36646
1,7103,142060000,142062000,4690,7816,142080000,36650
1,7104,142080000,142082000,4690,7816,142100000,36656
1,7105,142100000,142102000,4690,7816,142120000,36662
1,7106,142120000,142122000,4690,7816,142140000,36666
1,7107,142140000,142142000,4690,7816,142160000,36673
1,7108,142160000,142162000,4690,7816,142180000,36677
1,7109,142180000,142182000,4690,7816,142200000,36680
1,711,14220000,14222000,4690,7816,14240000,3669
1,7110,142200000,142202000,4690,7816,142220000,36688
1,7111,142220000,142222000,4690,7816,142240000,36691
1,7112,142240000,142242000,4690,7816,142260000,36698
1,7113,142260000,142262000,4690,7816,142280000,36702
1,7114,142280000,142282000,4690,7816,142300000,36708
1,7115,142300000,142302000,4690,7816,142320000,36713
1,7116,142320000,142322000,4690,7816,142340000,36719
1,7117,142340000,142342000,4690,7816,142360000,36723
1,7118,142360000,142362000,4690,7816,142380000,36727
1,7119,142380000,142382000,4690,7816,142400000,36734
1,712,14240000,14242000,4690,7816,14260000,3673
1,7120,142400000,142402000,4690,7816,142420000,36739
1,7121,142420000,142422000,4690,7816,142440000,36743
1,7122,142440000,142442000,4690,7816,142460000,36750
1,7123,142460000,142462000,4690,7816,142480000,36754
1,7124,142480000,142482000,4690,7816,142500000,36759
1,7125,142500000,142502000,4690,7816,142520000,36765
1,7126,142520000,142522000,4690,7816,142540000,36769
1,7127,142540000,142542000,4690,7816,142560000,36774
1,7128,142560000,142562000,4690,7816,142580000,36781
1,7129,142580000,142582000,4690,7816,142600000,36784
1,713,14260000,14262000,4690,7816,14280000,3677
1,7130,142600000,142602000,4690,7816,142620000,36791
1,7131,142620000,142622000,4690,7816,142640000,36795
1,7132,142640000,142642000,4690,7816,142660000,36801
1,7133,142660000,142662000,4690,7816,142680000,36806
1,7134,142680000,142682000,4690,7816,142700000,36812
1,7135,142700000,142702000,4690,7816,142720000,36815
1,7136,142720000,142722000,4690,7816,142740000,36820
1,7137,142740000,142742000,4690,7816,142760000,36828
1,7138,142760000,142762000,4690,7816,142780000,36831
1,7139,142780000,142782000,4690,7816,142800000,36835
1,714,14280000,14282000,4690,7816,14300000,3683
1,7140,142800000,142802000,4690,7816,142820000,36843
1,7141,142820000,142822000,4690,7816,142840000,36847
1,7142,142840000,142842000,4690,7816,142860000,36852
1,7143,142860000,142862000,4690,7816,142880000,36859
1,7144,142880000,142882000,4690,7816,142900000,36862
1,7145,142900000,142902000,4690,7816,142920000,36866
1,7146,142920000,142922000,4690,7816,142940000,36874
1,7147,142940000,142942000,4690,7816,142960000,36878
1,7148,142960000,142962000,4690,7816,142980000,36883
1,7149,142980000,142982000,4690,7816,143000000,36887
1,715,14300000,14302000,4690,7816,14320000,3689
1,7150,143000000,143002000,4690,7816,143020000,36895
1,7151,143020000,143022000,4690,7816,143040000,36898
1,7152,143040000,143042000,4690,7816,143060000,36905
1,7153,143060000,143062000,4690,7816,143080000,36908
1,7154,143080000,143082000,4690,7816,143100000,36913
1,7155,143100000,143102000,4690,7816,143120000,36920
1,7156,143120000,143122000,4690,7816,143140000,36924
1,7157,143140000,143142000,4690,7816,143160000,36930
1,7158,143160000,143162000,4690,7816,143180000,36935
1,7159,143180000,143182000,4690,7816,143200000,36940
1,716,14320000,14322000,4690,7816,14340000,3693
1,7160,143200000,143202000,4690,7816,143220000,36945
1,7161,143220000,143222000,4690,7816,143240000,36951
1,7162,143240000,143242000,4690,7816,143260000,36955
1,7163,143260000,143262000,4690,7816,143280000,36959
1,7164,143280000,143282000,4690,7816,143300000,36967
1,7165,143300000,143302000,4690,7816,143320000,36970
1,7166,143320000,143322000,4690,7816,143340000,36976
1,7167,143340000,143342000,4690,7816,143360000,36981
1,7168,143360000,143362000,4690,7816,143380000,36987
1,7169,143380000,143382000,4690,7816,143400000,36991
1,717,14340000,14342000,4690,7816,14360000,3700
1,7170,143400000,143402000,4690,7816,143420000,36998
1,7171,143420000,143422000,4690,7816,143440000,37001
1,7172,143440000,143442000,4690,7816,143460000,37007
1,7173,143460000,143462000,4690,7816,143480000,37013
1,7174,143480000,143482000,4690,7816,143500000,37016
1,7175,143500000,143502000,4690,7816,143520000,37022
1,7176,143520000,143522000,4690,7816,143540000,37028
1,7177,143540000,143542000,4690,7816,143560000,37033
1,7178,143560000,143562000,4690,7816,143580000,37038
1,7179,143580000,143582000,4690,7816,143600000,37044
1,718,14360000,14362000,4690,7816,14380000,3704
1,7180,143600000,143602000,4690,7816,143620000,37048
1,7181,143620000,143622000,4690,7816,143640000,37051
1,7182,143640000,143642000,4690,7816,143660000,37061
1,7183,143660000,143662000,4690,7816,143680000,37063
1,7184,143680000,143682000,4690,7816,143700000,37068
1,7185,143700000,143702000,4690,7816,143720000,37075
1,7186,143720000,143722000,4690,7816,143740000,37080
1,7187,143740000,143742000,4690,7816,143760000,37084
1,7188,143760000,143762000,4690,7816,143780000,37090
1,7189,143780000,143782000,4690,7816,143800000,37094
1,719,14380000,14382000,4690,7816,14400000,3707
1,7190,143800000,143802000,4690,7816,143820000,37099
1,7191,143820000,143822000,4690,7816,143840000,37105
1,7192,143840000,143842000,4690,7816,143860000,37111
1,7193,143860000,143862000,4690,7816,143880000,37115
1,7194,143880000,143882000,4690,7816,143900000,37120
1,7195,143900000,143902000,4690,7816,143920000,37126
1,7196,143920000,143922000,4690,7816,143940000,37131
1,7197,143940000,143942000,4690,7816,143960000,37137
1,7198,143960000,143962000,4690,7816,143980000,37141
1,7199,143980000,143982000,4690,7816,144000000,37145
1,72,1440000,1442000,4690,7816,1460000,372
1,720,14400000,14402000,4690,7816,14420000,3715
1,7200,144000000,144002000,4690,7816,144020000,37153
1,7201,144020000,144022000,4690,7816,144040000,37155
1,7202,144040000,144042000,4690,7816,144060000,37162
1,7203,144060000,144062000,4690,7816,144080000,37167
1,7204,144080000,144082000,4690,7816,144100000,37172
1,7205,144100000,144102000,4690,7816,144120000,37177
1,7206,144120000,144122000,4690,7816,144140000,37184
1,7207,144140000,144142000,4690,7816,144160000,37187
1,7208,144160000,144162000,4690,7816,144180000,37192
1,7209,144180000,144182000,4690,7816,144200000,37198
1,721,14420000,14422000,4690,7816,14440000,3719
1,7210,144200000,144202000,4690,7816,144220000,37203
1,7211,144220000,144222000,4690,7816,144240000,37208
1,7212,144240000,144242000,4690,7816,144260000,37214
1,7213,144260000,144262000,4690,7816,144280000,37219
1,7214,144280000,144282000,4690,7816,144300000,37223
1,7215,144300000,144302000,4690,7816,144320000,37230
1,7216,144320000,144322000,4690,7816,144340000,37233
1,7217,144340000,144342000,4690,7816,144360000,37238
1,7218,144360000,144362000,4690,7816,144380000,37246
1,7219,144380000,144382000,4690,7816,144400000,37248
1,722,14440000,14442000,4690,7816,14460000,3725
1,7220,144400000,144402000,4690,7816,144420000,37255
1,7221,144420000,144422000,4690,7816,144440000,37260
1,7222,144440000,144442000,4690,7816,144460000,37266
1,7223,144460000,144462000,4690,7816,144480000,37269
1,7224,144480000,144482000,4690,7816,144500000,37277
1,7225,144500000,144502000,4690,7816,144520000,37280
1,7226,144520000,144522000,4690,7816,144540000,37284
1,7227,144540000,144542000,4690,7816,144560000,37292
1,7228,144560000,144562000,4690,7816,144580000,37296
1,7229,144580000,144582000,4690,7816,144600000,37300
1,723,14460000,14462000,4690,7816,14480000,3729
1,7230,144600000,144602000,4690,7816,144620000,37306
1,7231,144620000,144622000,4690,7816,144640000,37312
1,7232,144640000,144642000,4690,7816,144660000,37317
1,7233,144660000,144662000,4690,7816,144680000,37322
1,7234,144680000,144682000,4690,7816,144700000,37327
1,7235,144700000,144702000,4690,7816,144720000,37331
1,7236,144720000,144722000,4690,7816,144740000,37338
1,7237,144740000,144742000,4690,7816,144760000,37342
1,7238,144760000,144762000,4690,7816,144780000,37348
1,7239,144780000,144782000,4690,7816,144800000,37352
1,724,14480000,14482000,4690,7816,14500000,3736
1,7240,144800000,144802000,4690,7816,144820000,37358
1,7241,144820000,144822000,4690,7816,144840000,37363
1,7242,144840000,144842000,4690,7816,144860000,37370
1,7243,144860000,144862000,4690,7816,144880000,37372
1,7244,144880000,144882000,4690,7816,144900000,37377
1,7245,144900000,144902000,4690,7816,144920000,37385
1,7246,144920000,144922000,4690,7816,144940000,37388
1,7247,144940000,144942000,4690,7816,144960000,37394
1,7248,144960000,144962000,4690,7816,144980000,37400
1,7249,144980000,144982000,4690,7816,145000000,37404
1,725,14500000,14502000,4690,7816,14520000,3740
1,7250,145000000,145002000,4690,7816,145020000,37410
1,7251,145020000,145022000,4690,7816,145040000,37415
1,7252,145040000,145042000,4690,7816,145060000,37420
1,7253,145060000,145062000,4690,7816,145080000,37423
1,7254,145080000,145082000,4690,7816,145100000,37431
1,7255,145100000,145102000,4690,7816,145120000,37435
1,7256,145120000,145122000,4690,7816,145140000,37440
1,7257,145140000,145142000,4690,7816,145160000,37446
1,7258,145160000,145162000,4690,7816,145180000,37451
1,7259,145180000,145182000,4690,7816,145200000,37455
1,726,14520000,14522000,4690,7816,14540000,3746
1,7260,145200000,145202000,4690,7816,145220000,37463
1,7261,145220000,145222000,4690,7816,145240000,37465
1,7262,145240000,145242000,4690,7816,145260000,37471
1,7263,145260000,145262000,4690,7816,145280000,37478
1,7264,145280000,145282000,4690,7816,145300000,37481
1,7265,145300000,145302000,4690,7816,145320000,37486
1,7266,145320000,145322000,4690,7816,145340000,37492
1,7267,145340000,145342000,4690,7816,145360000,37498
1,7268,145360000,145362000,4690,7816,145380000,37502
1,7269,145380000,145382000,4690,7816,145400000,37508
1,727,14540000,14542000,4690,7816,14560000,3749
1,7270,145400000,145402000,4690,7816,145420000,37513
1,7271,145420000,145422000,4690,7816,145440000,37516
1,7272,145440000,145442000,4690,7816,145460000,37524
1,7273,145460000,145462000,4690,7816,145480000,37528
1,7274,145480000,145482000,4690,7816,145500000,37533
1,7275,145500000,145502000,4690,7816,145520000,37538
1,7276,145520000,145522000,4690,7816,145540000,37545
1,7277,145540000,145542000,4690,7816,145560000,37549
1,7278,145560000,145562000,4690,7816,145580000,37555
1,7279,145580000,145582000,4690,7816,145600000,37557
1,728,14560000,14562000,4690,7816,14580000,3755
1,7280,145600000,145602000,4690,7816,145620000,37564
1,7281,145620000,145622000,4690,7816,145640000,37570
1,7282,145640000,145642000,4690,7816,145660000,37574
1,7283,145660000,145662000,4690,7816,145680000,37580
1,7284,145680000,145682000,4690,7816,145700000,37585
1,7285,145700000,145702000,4690,7816,145720000,37590
1,7286,145720000,145722000,4690,7816,145740000,37595
1,7287,145740000,145742000,4690,7816,145760000,37602
1,7288,145760000,145762000,4690,7816,145780000,37605
1,7289,145780000,145782000,4690,7816,145800000,37609
1,729,14580000,14582000,4690,7816,14600000,3761
1,7290,145800000,145802000,4690,7816,145820000,37618
1,7291,145820000,145822000,4690,7816,145840000,37620
1,7292,145840000,145842000,4690,7816,145860000,37626
1,7293,145860000,145862000,4690,7816,145880000,37631
1,7294,145880000,145882000,4690,7816,145900000,37637
1,7295,145900000,145902000,4690,7816,145920000,37641
1,7296,145920000,145922000,4690,7816,145940000,37648
1,7297,145940000,145942000,4690,7816,145960000,37652
1,7298,145960000,145962000,4690,7816,145980000,37656
1,7299,145980000,145982000,4690,7816,146000000,37663
1,73,1460000,1462000,4690,7816,1480000,375
1,730,14600000,14602000,4690,7816,14620000,3765
1,7300,146000000,146002000,4690,7816,146020000,37667
1,7301,146020000,146022000,4690,7816,146040000,37672
1,7302,146040000,146042000,4690,7816,146060000,37679
1,7303,146060000,146062000,4690,7816,146080000,37683
1,7304,146080000,146082000,4690,7816,146100000,37688
1,7305,146100000,146102000,4690,7816,146120000,37694
1,7306,146120000,146122000,4690,7816,146140000,37698
1,7307,146140000,146142000,4690,7816,146160000,37702
1,7308,146160000,146162000,4690,7816,146180000,37710
1,7309,146180000,146182000,4690,7816,146200000,37713
1,731,14620000,14622000,4690,7816,14640000,3771
1,7310,146200000,146202000,4690,7816,146220000,37719
1,7311,146220000,146222000,4690,7816,146240000,37724
1,7312,146240000,146242000,4690,7816,146260000,37731
1,7313,146260000,146262000,4690,7816,146280000,37734
1,7314,146280000,146282000,4690,7816,146300000,37740
1,7315,146300000,146302000,4690,7816,146320000,37745
1,7316,146320000,146322000,4690,7816,146340000,37749
1,7317,146340000,146342000,4690,7816,146360000,37756
1,7318,146360000,146362000,4690,7816,146380000,37760
1,7319,146380000,146382000,4690,7816,146400000,37765
1,732,14640000,14642000,4690,7816,14660000,3777
1,7320,146400000,146402000,4690,7816,146420000,37771
1,7321,146420000,146422000,4690,7816,146440000,37775
1,7322,146440000,146442000,4690,7816,146460000,37782
1,7323,146460000,146462000,4690,7816,146480000,37787
1,7324,146480000,146482000,4690,7816,146500000,37790
1,7325,146500000,146502000,4690,7816,146520000,37796
1,7326,146520000,146522000,4690,7816,146540000,37803
1,7327,146540000,146542000,4690,7816,146560000,37806
1,7328,146560000,146562000,4690,7816,146580000,37812
1,7329,146580000,146582000,4690,7816,146600000,37817
1,733,14660000,14662000,4690,7816,14680000,3781
1,7330,146600000,146602000,4690,7816,146620000,37823
1,7331,146620000,146622000,4690,7816,146640000,37826
1,7332,146640000,146642000,4690,7816,146660000,37835
1,7333,146660000,146662000,4690,7816,146680000,37837
1,7334,146680000,146682000,4690,7816,146700000,37841
1,7335,146700000,146702000,4690,7816,146720000,37849
1,7336,146720000,146722000,4690,7816,146740000,37853
1,7337,146740000,146742000,4690,7816,146760000,37858
1,7338,146760000,146762000,4690,7816,146780000,37864
1,7339,146780000,146782000,4690,7816,146800000,37869
1,734,14680000,14682000,4690,7816,14700000,3786
1,7340,146800000,146802000,4690,7816,146820000,37874
1,7341,146820000,146822000,4690,7816,146840000,37880
1,7342,146840000,146842000,4690,7816,146860000,37884
1,7343,146860000,146862000,4690,7816,146880000,37888
1,7344,146880000,146882000,4690,7816,146900000,37895
1,7345,146900000,146902000,4690,7816,146920000,37899
1,7346,146920000,146922000,4690,7816,146940000,37905
1,7347,146940000,146942000,4690,7816,146960000,37910
1,7348,146960000,146962000,4690,7816,146980000,37916
1,7349,146980000,146982000,4690,7816,147000000,37919
1,735,14700000,14702000,4690,7816,14720000,3793
1,7350,147000000,147002000,4690,7816,147020000,37927
1,7351,147020000,147022000,4690,7816,147040000,37930
1,7352,147040000,147042000,4690,7816,147060000,37935
1,7353,147060000,147062000,4690,7816,147080000,37942
1,7354,147080000,147082000,4690,7816,147100000,37946
1,7355,147100000,147102000,4690,7816,147120000,37951
1,7356,147120000,147122000,4690,7816,147140000,37956
1,7357,147140000,147142000,4690,7816,147160000,37962
1,7358,147160000,147162000,4690,7816,147180000,37967
1,7359,147180000,147182000,4690,7816,147200000,37972
1,736,14720000,14722000,4690,7816,14740000,3796
1,7360,147200000,147202000,4690,7816,147220000,37977
1,7361,147220000,147222000,4690,7816,147240000,37981
1,7362,147240000,147242000,4690,7816,147260000,37989
1,7363,147260000,147262000,4690,7816,147280000,37991
1,7364,147280000,147282000,4690,7816,147300000,37998
1,7365,147300000,147302000,4690,7816,147320000,38003
1,7366,147320000,147322000,4690,7816,147340000,38008
1,7367,147340000,147342000,4690,7816,147360000,38014
1,7368,147360000,147362000,4690,7816,147380000,38020
1,7369,147380000,147382000,4690,7816,147400000,38022
1,737,14740000,14742000,4690,7816,14760000,3801
1,7370,147400000,147402000,4690,7816,147420000,38027
1,7371,147420000,147422000,4690,7816,147440000,38035
1,7372,147440000,147442000,4690,7816,147460000,38039
1,7373,147460000,147462000,4690,7816,147480000,38043
1,7374,147480000,147482000,4690,7816,147500000,38050
1,7375,147500000,147502000,4690,7816,147520000,38055
1,7376,147520000,147522000,4690,7816,147540000,38059
1,7377,147540000,147542000,4690,7816,147560000,38066
1,7378,147560000,147562000,4690,7816,147580000,38070
1,7379,147580000,147582000,4690,7816,147600000,38073
1,738,14760000,14762000,4690,7816,14780000,3809
1,7380,147600000,147602000,4690,7816,147620000,38082
1,7381,147620000,147622000,4690,7816,147640000,38085
1,7382,147640000,147642000,4690,7816,147660000,38091
1,7383,147660000,147662000,4690,7816,147680000,38095
1,7384,147680000,147682000,4690,7816,147700000,38101
1,7385,147700000,147702000,4690,7816,147720000,38106
1,7386,147720000,147722000,4690,7816,147740000,38112
1,7387,147740000,147742000,4690,7816,147760000,38116
1,7388,147760000,147762000,4690,7816,147780000,38121
1,7389,147780000,147782000,4690,7816,147800000,38127
1,739,14780000,14782000,4690,7816,14800000,3811
1,7390,147800000,147802000,4690,7816,147820000,38132
1,7391,147820000,147822000,4690,7816,147840000,38136
1,7392,147840000,147842000,4690,7816,147860000,38143
1,7393,147860000,147862000,4690,7816,147880000,38148
1,7394,147880000,147882000,4690,7816,147900000,38152
1,7395,147900000,147902000,4690,7816,147920000,38159
1,7396,147920000,147922000,4690,7816,147940000,38162
1,7397,147940000,147942000,4690,7816,147960000,38167
1,7398,147960000,147962000,4690,7816,147980000,38174
1,7399,147980000,147982000,4690,7816,148000000,38177
1,74,1480000,1482000,4690,7816,1500000,381
1,740,14800000,14802000,4690,7816,14820000,3817
1,7400,148000000,148002000,4690,7816,148020000,38184
1,7401,148020000,148022000,4690,7816,148040000,38188
1,7402,148040000,148042000,4690,7816,148060000,38195
1,7403,148060000,148062000,4690,7816,148080000,38199
1,7404,148080000,148082000,4690,7816,148100000,38205
1,7405,148100000,148102000,4690,7816,148120000,38208
1,7406,148120000,148122000,4690,7816,148140000,38214
1,7407,148140000,148142000,4690,7816,148160000,38221
1,7408,148160000,148162000,4690,7816,148180000,38224
1,7409,148180000,148182000,4690,7816,148200000,38229
1,741,14820000,14822000,4690,7816,14840000,3822
1,7410,148200000,148202000,4690,7816,148220000,38236
1,7411,148220000,148222000,4690,7816,148240000,38240
1,7412,148240000,148242000,4690,7816,148260000,38245
1,7413,148260000,148262000,4690,7816,148280000,38252
1,7414,148280000,148282000,4690,7816,148300000,38255
1,7415,148300000,148302000,4690,7816,148320000,38259
1,7416,148320000,148322000,4690,7816,148340000,38268
1,7417,148340000,148342000,4690,7816,148360000,38271
1,7418,148360000,148362000,4690,7816,148380000,38276
1,7419,148380000,148382000,4690,7816,148400000,38281
1,742,14840000,14842000,4690,7816,14860000,3829
1,7420,148400000,148402000,4690,7816,148420000,38288
1,7421,148420000,148422000,4690,7816,148440000,38291
1,7422,148440000,148442000,4690,7816,148460000,38298
1,7423,148460000,148462000,4690,7816,148480000,38302
1,7424,148480000,148482000,4690,7816,148500000,38306
1,7425,148500000,148502000,4690,7816,148520000,38313
1,7426,148520000,148522000,4690,7816,148540000,38317
1,7427,148540000,148542000,4690,7816,148560000,38323
1,7428,148560000,148562000,4690,7816,148580000,38328
1,7429,148580000,148582000,4690,7816,148600000,38333
1,743,14860000,14862000,4690,7816,14880000,3832
1,7430,148600000,148602000,4690,7816,148620000,38339
1,7431,148620000,148622000,4690,7816,148640000,38344
1,7432,148640000,148642000,4690,7816,148660000,38349
1,7433,148660000,148662000,4690,7816,148680000,38352
1,7434,148680000,148682000,4690,7816,148700000,38360
1,7435,148700000,148702000,4690,7816,148720000,38363
1,7436,148720000,148722000,4690,7816,148740000,38369
1,7437,148740000,148742000,4690,7816,148760000,38375
1,7438,148760000,148762000,4690,7816,148780000,38380
1,7439,148780000,148782000,4690,7816,148800000,38384
1,744,14880000,14882000,4690,7816,14900000,3839
1,7440,148800000,148802000,4690,7816,148820000,38391
1,7441,148820000,148822000,4690,7816,148840000,38394
1,7442,148840000,148842000,4690,7816,148860000,38400
1,7443,148860000,148862000,4690,7816,148880000,38406
1,7444,148880000,148882000,4690,7816,148900000,38410
1,7445,148900000,148902000,4690,7816,148920000,38416
1,7446,148920000,148922000,4690,7816,148940000,38421
1,7447,148940000,148942000,4690,7816,148960000,38426
1,7448,148960000,148962000,4690,7816,148980000,38431
1,7449,148980000,148982000,4690,7816,149000000,38437
1,745,14900000,14902000,4690,7816,14920000,3843
1,7450,149000000,149002000,4690,7816,149020000,38441
1,7451,149020000,149022000,4690,7816,149040000,38445
1,7452,149040000,149042000,4690,7816,149060000,38454
1,7453,149060000,149062000,4690,7816,149080000,38456
1,7454,149080000,149082000,4690,7816,149100000,38461
1,7455,149100000,149102000,4690,7816,149120000,38468
1,7456,149120000,149122000,4690,7816,149140000,38473
1,7457,149140000,149142000,4690,7816,149160000,38477
1,7458,149160000,149162000,4690,7816,149180000,38485
1,7459,149180000,149182000,4690,7816,149200000,38487
1,746,14920000,14922000,4690,7816,14940000,3847
1,7460,149200000,149202000,4690,7816,149220000,38492
1,7461,149220000,149222000,4690,7816,149240000,38498
1,7462,149240000,149242000,4690,7816,149260000,38504
1,7463,149260000,149262000,4690,7816,149280000,38508
1,7464,149280000,149282000,4690,7816,149300000,38513
1,7465,149300000,149302000,4690,7816,149320000,38520
1,7466,149320000,149322000,4690,7816,149340000,38524
1,7467,149340000,149342000,4690,7816,149360000,38530
1,7468,149360000,149362000,4690,7816,149380000,38534
1,7469,149380000,149382000,4690,7816,149400000,38538
1,747,14940000,14942000,4690,7816,14960000,3855
1,7470,149400000,149402000,4690,7816,149420000,38546
1,7471,149420000,149422000,4690,7816,149440000,38549
1,7472,149440000,149442000,4690,7816,149460000,38556
1,7473,149460000,149462000,4690,7816,149480000,38560
1,7474,149480000,149482000,4690,7816,149500000,38565
1,7475,149500000,149502000,4690,7816,149520000,38570
1,7476,149520000,149522000,4690,7816,149540000,38577
1,7477,149540000,149542000,4690,7816,149560000,38580
1,7478,149560000,149562000,4690,7816,149580000,38585
1,7479,149580000,149582000,4690,7816,149600000,38592
1,748,14960000,14962000,4690,7816,14980000,3858
1,7480,149600000,149602000,4690,7816,149620000,38596
1,7481,149620000,149622000,4690,7816,149640000,38601
1,7482,149640000,149642000,4690,7816,149660000,38607
1,7483,149660000,149662000,4690,7816,149680000,38612
1,7484,149680000,149682000,4690,7816,149700000,38617
1,7485,149700000,149702000,4690,7816,149720000,38623
1,7486,149720000,149722000,4690,7816,149740000,38627
1,7487,149740000,149742000,4690,7816,149760000,38631
1,7488,149760000,149762000,4690,7816,149780000,38639
1,7489,149780000,149782000,4690,7816,149800000,38641
1,749,14980000,14982000,4690,7816,15000000,3863
1,7490,149800000,149802000,4690,7816,149820000,38648
1,7491,149820000,149822000,4690,7816,149840000,38653
1,7492,149840000,149842000,4690,7816,149860000,38659
1,7493,149860000,149862000,4690,7816,149880000,38663
1,7494,149880000,149882000,4690,7816,149900000,38670
1,7495,149900000,149902000,4690,7816,149920000,38673
1,7496,149920000,149922000,4690,7816,149940000,38677
1,7497,149940000,149942000,4690,7816,149960000,38686
1,7498,149960000,149962000,4690,7816,149980000,38689
1,7499,149980000,149982000,4690,7816,150000000,38693
1,75,1500000,1502000,4690,7816,1520000,386
1,750,15000000,15002000,4690,7816,15020000,3870
1,7500,150000000,150002000,4690,7816,150020000,38700
1,7501,150020000,150022000,4690,7816,150040000,38705
1,7502,150040000,150042000,4690,7816,150060000,38710
1,7503,150060000,150062000,4690,7816,150080000,38715
1,7504,150080000,150082000,4690,7816,150100000,38720
1,7505,150100000,150102000,4690,7816,150120000,38724
1,7506,150120000,150122000,4690,7816,150140000,38731
1,7507,150140000,150142000,4690,7816,150160000,38736
1,7508,150160000,150162000,4690,7816,150180000,38741
1,7509,150180000,150182000,4690,7816,150200000,38745
1,751,15020000,15022000,4690,7816,15040000,3874
1,7510,150200000,150202000,4690,7816,150220000,38752
1,7511,150220000,150222000,4690,7816,150240000,38756
1,7512,150240000,150242000,4690,7816,150260000,38763
1,7513,150260000,150262000,4690,7816,150280000,38765
1,7514,150280000,150282000,4690,7816,150300000,38771
1,7515,150300000,150302000,4690,7816,150320000,38778
1,7516,150320000,150322000,4690,7816,150340000,38781
1,7517,150340000,150342000,4690,7816,150360000,38787
1,7518,150360000,150362000,4690,7816,150380000,38793
1,7519,150380000,150382000,4690,7816,150400000,38797
1,752,15040000,15042000,4690,7816,15060000,3880
1,7520,150400000,150402000,4690,7816,150420000,38803
1,7521,150420000,150422000,4690,7816,150440000,38809
1,7522,150440000,150442000,4690,7816,150460000,38813
1,7523,150460000,150462000,4690,7816,150480000,38817
1,7524,150480000,150482000,4690,7816,150500000,38824
1,7525,150500000,150502000,4690,7816,150520000,38828
1,7526,150520000,150522000,4690,7816,150540000,38833
1,7527,150540000,150542000,4690,7816,150560000,38839
1,7528,150560000,150562000,4690,7816,150580000,38845
1,7529,150580000,150582000,4690,7816,150600000,38848
1,753,15060000,15062000,4690,7816,15080000,3885
1,7530,150600000,150602000,4690,7816,150620000,38856
1,7531,150620000,150622000,4690,7816,150640000,38858
1,7532,150640000,150642000,4690,7816,150660000,38864
1,7533,150660000,150662000,4690,7816,150680000,38871
1,7534,150680000,150682000,4690,7816,150700000,38874
1,7535,150700000,150702000,4690,7816,150720000,38880
1,7536,150720000,150722000,4690,7816,150740000,38886
1,7537,150740000,150742000,4690,7816,150760000,38891
1,7538,150760000,150762000,4690,7816,150780000,38895
1,7539,150780000,150782000,4690,7816,150800000,38901
1,754,15080000,15082000,4690,7816,15100000,3889
1,7540,150800000,150802000,4690,7816,150820000,38906
1,7541,150820000,150822000,4690,7816,150840000,38909
1,7542,150840000,150842000,4690,7816,150860000,38918
1,7543,150860000,150862000,4690,7816,150880000,38921
1,7544,150880000,150882000,4690,7816,150900000,38926
1,7545,150900000,150902000,4690,7816,150920000,38931
1,7546,150920000,150922000,4690,7816,150940000,38938
1,7547,150940000,150942000,4690,7816,150960000,38942
1,7548,150960000,150962000,4690,7816,150980000,38948
1,7549,150980000,150982000,4690,7816,151000000,38952
1,755,15100000,15102000,4690,7816,15120000,3893
1,7550,151000000,151002000,4690,7816,151020000,38957
1,7551,151020000,151022000,4690,7816,151040000,38963
1,7552,151040000,151042000,4690,7816,151060000,38967
1,7553,151060000,151062000,4690,7816,151080000,38973
1,7554,151080000,151082000,4690,7816,151100000,38978
1,7555,151100000,151102000,4690,7816,151120000,38983
1,7556,151120000,151122000,4690,7816,151140000,38989
1,7557,151140000,151142000,4690,7816,151160000,38995
1,7558,151160000,151162000,4690,7816,151180000,38998
1,7559,151180000,151182000,4690,7816,151200000,39002
1,756,15120000,15122000,4690,7816,15140000,3901
1,7560,151200000,151202000,4690,7816,151220000,39011
1,7561,151220000,151222000,4690,7816,151240000,39013
1,7562,151240000,151242000,4690,7816,151260000,39020
1,7563,151260000,151262000,4690,7816,151280000,39025
1,7564,151280000,151282000,4690,7816,151300000,39030
1,7565,151300000,151302000,4690,7816,151320000,39034
1,7566,151320000,151322000,4690,7816,151340000,39041
1,7567,151340000,151342000,4690,7816,151360000,39045
1,7568,151360000,151362000,4690,7816,151380000,39049
1,7569,151380000,151382000,4690,7816,151400000,39056
1,757,15140000,15142000,4690,7816,15160000,3905
1,7570,151400000,151402000,4690,7816,151420000,39061
1,7571,151420000,151422000,4690,7816,151440000,39065
1,7572,151440000,151442000,4690,7816,151460000,39072
1,7573,151460000,151462000,4690,7816,151480000,39076
1,7574,151480000,151482000,4690,7816,151500000,39081
1,7575,151500000,151502000,4690,7816,151520000,39088
1,7576,151520000,151522000,4690,7816,151540000,39091
1,7577,151540000,151542000,4690,7816,151560000,39096
1,7578,151560000,151562000,4690,7816,151580000,39103
1,7579,151580000,151582000,4690,7816,151600000,39106
1,758,15160000,15162000,4690,7816,15180000,3910
1,7580,151600000,151602000,4690,7816,151620000,39112
1,7581,151620000,151622000,4690,7816,151640000,39117
1,7582,151640000,151642000,4690,7816,151660000,39124
1,7583,151660000,151662000,4690,7816,151680000,39127
1,7584,151680000,151682000,4690,7816,151700000,39134
1,7585,151700000,151702000,4690,7816,151720000,39138
1,7586,151720000,151722000,4690,7816,151740000,39142
1,7587,151740000,151742000,4690,7816,151760000,39149
1,7588,151760000,151762000,4690,7816,151780000,39154
1,7589,151780000,151782000,4690,7816,151800000,39158
1,759,15180000,15182000,4690,7816,15200000,3915
1,7590,151800000,151802000,4690,7816,151820000,39164
1,7591,151820000,151822000,4690,7816,151840000,39169
1,7592,151840000,151842000,4690,7816,151860000,39175
1,7593,151860000,151862000,4690,7816,151880000,39180
1,7594,151880000,151882000,4690,7816,151900000,39183
1,7595,151900000,151902000,4690,7816,151920000,39189
1,7596,151920000,151922000,4690,7816,151940000,39196
1,7597,151940000,151942000,4690,7816,151960000,39199
1,7598,151960000,151962000,4690,7816,151980000,39206
1,7599,151980000,151982000,4690,7816,152000000,39210
1,76,1520000,1522000,4690,7816,1540000,391
1,760,15200000,15202000,4690,7816,15220000,3922
1,7600,152000000,152002000,4690,7816,152020000,39216
1,7601,152020000,152022000,4690,7816,152040000,39220
1,7602,152040000,152042000,4690,7816,152060000,39228
1,7603,152060000,152062000,4690,7816,152080000,39230
1,7604,152080000,152082000,4690,7816,152100000,39234
1,7605,152100000,152102000,4690,7816,152120000,39243
1,7606,152120000,152122000,4690,7816,152140000,39246
1,7607,152140000,152142000,4690,7816,152160000,39251
1,7608,152160000,152162000,4690,7816,152180000,39257
1,7609,152180000,152182000,4690,7816,152200000,39262
1,761,15220000,15222000,4690,7816,15240000,3925
1,7610,152200000,152202000,4690,7816,152220000,39267
1,7611,152220000,152222000,4690,7816,152240000,39273
1,7612,152240000,152242000,4690,7816,152260000,39278
1,7613,152260000,152262000,4690,7816,152280000,39281
1,7614,152280000,152282000,4690,7816,152300000,39289
1,7615,152300000,152302000,4690,7816,152320000,39292
1,7616,152320000,152322000,4690,7816,152340000,39298
1,7617,152340000,152342000,4690,7816,152360000,39303
1,7618,152360000,152362000,4690,7816,152380000,39309
1,7619,152380000,152382000,4690,7816,152400000,39313
1,762,15240000,15242000,4690,7816,15260000,3932
1,7620,152400000,152402000,4690,7816,152420000,39320
1,7621,152420000,152422000,4690,7816,152440000,39323
1,7622,152440000,152442000,4690,7816,152460000,39328
1,7623,152460000,152462000,4690,7816,152480000,39335
1,7624,152480000,152482000,4690,7816,152500000,39339
1,7625,152500000,152502000,4690,7816,152520000,39344
1,7626,152520000,152522000,4690,7816,152540000,39350
1,7627,152540000,152542000,4690,7816,152560000,39356
1,7628,152560000,152562000,4690,7816,152580000,39360
1,7629,152580000,152582000,4690,7816,152600000,39365
1,763,15260000,15262000,4690,7816,15280000,3936
1,7630,152600000,152602000,4690,7816,152620000,39370
1,7631,152620000,152622000,4690,7816,152640000,39374
1,7632,152640000,152642000,4690,7816,152660000,39382
1,7633,152660000,152662000,4690,7816,152680000,39385
1,7634,152680000,152682000,4690,7816,152700000,39391
1,7635,152700000,152702000,4690,7816,152720000,39396
1,7636,152720000,152722000,4690,7816,152740000,39401
1,7637,152740000,152742000,4690,7816,152760000,39407
1,7638,152760000,152762000,4690,7816,152780000,39413
1,7639,152780000,152782000,4690,7816,152800000,39415
1,764,15280000,15282000,4690,7816,15300000,3940
1,7640,152800000,152802000,4690,7816,152820000,39422
1,7641,152820000,152822000,4690,7816,152840000,39428
1,7642,152840000,152842000,4690,7816,152860000,39432
1,7643,152860000,152862000,4690,7816,152880000,39436
1,7644,152880000,152882000,4690,7816,152900000,39443
1,7645,152900000,152902000,4690,7816,152920000,39448
1,7646,152920000,152922000,4690,7816,152940000,39452
1,7647,152940000,152942000,4690,7816,152960000,39460
1,7648,152960000,152962000,4690,7816,152980000,39463
1,7649,152980000,152982000,4690,7816,153000000,39466
1,765,15300000,15302000,4690,7816,15320000,3947
1,7650,153000000,153002000,4690,7816,153020000,39475
1,7651,153020000,153022000,4690,7816,153040000,39478
1,7652,153040000,153042000,4690,7816,153060000,39484
1,7653,153060000,153062000,4690,7816,153080000,39489
1,7654,153080000,153082000,4690,7816,153100000,39495
1,7655,153100000,153102000,4690,7816,153120000,39499
1,7656,153120000,153122000,4690,7816,153140000,39505
1,7657,153140000,153142000,4690,7816,153160000,39509
1,7658,153160000,153162000,4690,7816,153180000,39514
1,7659,153180000,153182000,4690,7816,153200000,39520
1,766,15320000,15322000,4690,7816,15340000,3951
1,7660,153200000,153202000,4690,7816,153220000,39525
1,7661,153220000,153222000,4690,7816,153240000,39530
1,7662,153240000,153242000,4690,7816,153260000,39536
1,7663,153260000,153262000,4690,7816,153280000,39541
1,7664,153280000,153282000,4690,7816,153300000,39545
1,7665,153300000,153302000,4690,7816,153320000,39552
1,7666,153320000,153322000,4690,7816,153340000,39556
1,7667,153340000,153342000,4690,7816,153360000,39560
1,7668,153360000,153362000,4690,7816,153380000,39568
1,7669,153380000,153382000,4690,7816,153400000,39570
1,767,15340000,15342000,4690,7816,15360000,3957
1,7670,153400000,153402000,4690,7816,153420000,39577
1,7671,153420000,153422000,4690,7816,153440000,39581
1,7672,153440000,153442000,4690,7816,153460000,39588
1,7673,153460000,153462000,4690,7816,153480000,39592
1,7674,153480000,153482000,4690,7816,153500000,39598
1,7675,153500000,153502000,4690,7816,153520000,39602
1,7676,153520000,153522000,4690,7816,153540000,39607
1,7677,153540000,153542000,4690,7816,153560000,39614
1,7678,153560000,153562000,4690,7816,153580000,39617
1,7679,153580000,153582000,4690,7816,153600000,39623
1,768,15360000,15362000,4690,7816,15380000,3962
1,7680,153600000,153602000,4690,7816,153620000,39629
1,7681,153620000,153622000,4690,7816,153640000,39633
1,7682,153640000,153642000,4690,7816,153660000,39639
1,7683,153660000,153662000,4690,7816,153680000,39645
1,7684,153680000,153682000,4690,7816,153700000,39648
1,7685,153700000,153702000,4690,7816,153720000,39652
1,7686,153720000,153722000,4690,7816,153740000,39661
1,7687,153740000,153742000,4690,7816,153760000,39664
1,7688,153760000,153762000,4690,7816,153780000,39669
1,7689,153780000,153782000,4690,7816,153800000,39675
1,769,15380000,15382000,4690,7816,15400000,3966
1,7690,153800000,153802000,4690,7816,153820000,39681
1,7691,153820000,153822000,4690,7816,153840000,39684
1,7692,153840000,153842000,4690,7816,153860000,39692
1,7693,153860000,153862000,4690,7816,153880000,39695
1,7694,153880000,153882000,4690,7816,153900000,39699
1,7695,153900000,153902000,4690,7816,153920000,39706
1,7696,153920000,153922000,4690,7816,153940000,39711
1,7697,153940000,153942000,4690,7816,153960000,39716
1,7698,153960000,153962000,4690,7816,153980000,39721
1,7699,153980000,153982000,4690,7816,154000000,39726
1,77,1540000,1542000,4690,7816,1560000,396
1,770,15400000,15402000,4690,7816,15420000,3973
1,7700,154000000,154002000,4690,7816,154020000,39732
1,7701,154020000,154022000,4690,7816,154040000,39737
1,7702,154040000,154042000,4690,7816,154060000,39742
1,7703,154060000,154062000,4690,7816,154080000,39746
1,7704,154080000,154082000,4690,7816,154100000,39753
1,7705,154100000,154102000,4690,7816,154120000,39757
1,7706,154120000,154122000,4690,7816,154140000,39762
1,7707,154140000,154142000,4690,7816,154160000,39768
1,7708,154160000,154162000,4690,7816,154180000,39773
1,7709,154180000,154182000,4690,7816,154200000,39777
1,771,15420000,15422000,4690,7816,15440000,3978
1,7710,154200000,154202000,4690,7816,154220000,39785
1,7711,154220000,154222000,4690,7816,154240000,39787
1,7712,154240000,154242000,4690,7816,154260000,39793
1,7713,154260000,154262000,4690,7816,154280000,39799
1,7714,154280000,154282000,4690,7816,154300000,39803
1,7715,154300000,154302000,4690,7816,154320000,39809
1,7716,154320000,154322000,4690,7816,154340000,39814
1,7717,154340000,154342000,4690,7816,154360000,39820
1,7718,154360000,154362000,4690,7816,154380000,39825
1,7719,154380000,154382000,4690,7816,154400000,39830
1,772,15440000,15442000,4690,7816,15460000,3982
1,7720,154400000,154402000,4690,7816,154420000,39834
1,7721,154420000,154422000,4690,7816,154440000,39838
1,7722,154440000,154442000,4690,7816,154460000,39847
1,7723,154460000,154462000,4690,7816,154480000,39849
1,7724,154480000,154482000,4690,7816,154500000,39855
1,7725,154500000,154502000,4690,7816,154520000,39861
1,7726,154520000,154522000,4690,7816,154540000,39866
1,7727,154540000,154542000,4690,7816,154560000,39870
1,7728,154560000,154562000,4690,7816,154580000,39878
1,7729,154580000,154582000,4690,7816,154600000,39880
1,773,15460000,15462000,4690,7816,15480000,3987
1,7730,154600000,154602000,4690,7816,154620000,39885
1,7731,154620000,154622000,4690,7816,154640000,39893
1,7732,154640000,154642000,4690,7816,154660000,39897
1,7733,154660000,154662000,4690,7816,154680000,39901
1,7734,154680000,154682000,4690,7816,154700000,39906
1,7735,154700000,154702000,4690,7816,154720000,39913
1,7736,154720000,154722000,4690,7816,154740000,39917
1,7737,154740000,154742000,4690,7816,154760000,39923
1,7738,154760000,154762000,4690,7816,154780000,39928
1,7739,154780000,154782000,4690,7816,154800000,39931
1,774,15480000,15482000,4690,7816,15500000,3994
1,7740,154800000,154802000,4690,7816,154820000,39939
1,7741,154820000,154822000,4690,7816,154840000,39942
1,7742,154840000,154842000,4690,7816,154860000,39949
1,7743,154860000,154862000,4690,7816,154880000,39953
1,7744,154880000,154882000,4690,7816,154900000,39959
1,7745,154900000,154902000,4690,7816,154920000,39964
1,7746,154920000,154922000,4690,7816,154940000,39970
1,7747,154940000,154942000,4690,7816,154960000,39973
1,7748,154960000,154962000,4690,7816,154980000,39978
1,7749,154980000,154982000,4690,7816,155000000,39985
1,775,15500000,15502000,4690,7816,15520000,3997
1,7750,155000000,155002000,4690,7816,155020000,39989
1,7751,155020000,155022000,4690,7816,155040000,39994
1,7752,155040000,155042000,4690,7816,155060000,40001
1,7753,155060000,155062000,4690,7816,155080000,40005
1,7754,155080000,155082000,4690,7816,155100000,40010
1,7755,155100000,155102000,4690,7816,155120000,40016
1,7756,155120000,155122000,4690,7816,155140000,40020
1,7757,155140000,155142000,4690,7816,155160000,40025
1,7758,155160000,155162000,4690,7816,155180000,40032
1,7759,155180000,155182000,4690,7816,155200000,40035
1,776,15520000,15522000,4690,7816,15540000,4003
1,7760,155200000,155202000,4690,7816,155220000,40041
1,7761,155220000,155222000,4690,7816,155240000,40046
1,7762,155240000,155242000,4690,7816,155260000,40052
1,7763,155260000,155262000,4690,7816,155280000,40056
1,7764,155280000,155282000,4690,7816,155300000,40063
1,7765,155300000,155302000,4690,7816,155320000,40066
1,7766,155320000,155322000,4690,7816,155340000,40071
1,7767,155340000,155342000,4690,7816,155360000,40079
1,7768,155360000,155362000,4690,7816,155380000,40082
1,7769,155380000,155382000,4690,7816,155400000,40086
1,777,15540000,15542000,4690,7816,15560000,4009
1,7770,155400000,155402000,4690,7816,155420000,40094
1,7771,155420000,155422000,4690,7816,155440000,40098
1,7772,155440000,155442000,4690,7816,155460000,40103
1,7773,155460000,155462000,4690,7816,155480000,40109
1,7774,155480000,155482000,4690,7816,155500000,40113
1,7775,155500000,155502000,4690,7816,155520000,40117
1,7776,155520000,155522000,4690,7816,155540000,40124
1,7777,155540000,155542000,4690,7816,155560000,40129
1,7778,155560000,155562000,4690,7816,155580000,40134
1,7779,155580000,155582000,4690,7816,155600000,40138
1,778,15560000,15562000,4690,7816,15580000,4014
1,7780,155600000,155602000,4690,7816,155620000,40146
1,7781,155620000,155622000,4690,7816,155640000,40149
1,7782,155640000,155642000,4690,7816,155660000,40156
1,7783,155660000,155662000,4690,7816,155680000,40159
1,7784,155680000,155682000,4690,7816,155700000,40164
1,7785,155700000,155702000,4690,7816,155720000,40171
1,7786,155720000,155722000,4690,7816,155740000,40174
1,7787,155740000,155742000,4690,7816,155760000,40181
1,7788,155760000,155762000,4690,7816,155780000,40186
1,7789,155780000,155782000,4690,7816,155800000,40190
1,779,15580000,15582000,4690,7816,15600000,4017
1,7790,155800000,155802000,4690,7816,155820000,40196
1,7791,155820000,155822000,4690,7816,155840000,40202
1,7792,155840000,155842000,4690,7816,155860000,40206
1,7793,155860000,155862000,4690,7816,155880000,40210
1,7794,155880000,155882000,4690,7816,155900000,40218
1,7795,155900000,155902000,4690,7816,155920000,40221
1,7796,155920000,155922000,4690,7816,155940000,40227
1,7797,155940000,155942000,4690,7816,155960000,40232
1,7798,155960000,155962000,4690,7816,155980000,40238
1,7799,155980000,155982000,4690,7816,156000000,40241
1,78,1560000,1562000,4690,7816,1580000,403
1,780,15600000,15602000,4690,7816,15620000,4026
1,7800,156000000,156002000,4690,7816,156020000,40249
1,7801,156020000,156022000,4690,7816,156040000,40252
1,7802,156040000,156042000,4690,7816,156060000,40257
1,7803,156060000,156062000,4690,7816,156080000,40264
1,7804,156080000,156082000,4690,7816,156100000,40267
1,7805,156100000,156102000,4690,7816,156120000,40273
1,7806,156120000,156122000,4690,7816,156140000,40279
1,7807,156140000,156142000,4690,7816,156160000,40284
1,7808,156160000,156162000,4690,7816,156180000,40289
1,7809,156180000,156182000,4690,7816,156200000,40295
1,781,15620000,15622000,4690,7816,15640000,4028
1,7810,156200000,156202000,4690,7816,156220000,40299
1,7811,156220000,156222000,4690,7816,156240000,40302
1,7812,156240000,156242000,4690,7816,156260000,40311
1,7813,156260000,156262000,4690,7816,156280000,40314
1,7814,156280000,156282000,4690,7816,156300000,40319
1,7815,156300000,156302000,4690,7816,156320000,40325
1,7816,156320000,156322000,4690,7816,156340000,40331
1,7817,156340000,156342000,4690,7816,156360000,40335
1,7818,156360000,156362000,4690,7816,156380000,40341
1,7819,156380000,156382000,4690,7816,156400000,40345
1,782,15640000,15642000,4690,7816,15660000,4033
1,7820,156400000,156402000,4690,7816,156420000,40350
1,7821,156420000,156422000,4690,7816,156440000,40356
1,7822,156440000,156442000,4690,7816,156460000,40362
1,7823,156460000,156462000,4690,7816,156480000,40366
1,7824,156480000,156482000,4690,7816,156500000,40371
1,7825,156500000,156502000,4690,7816,156520000,40376
1,7826,156520000,156522000,4690,7816,156540000,40382
1,7827,156540000,156542000,4690,7816,156560000,40388
1,7828,156560000,156562000,4690,7816,156580000,40391
1,7829,156580000,156582000,4690,7816,156600000,40396
1,783,15660000,15662000,4690,7816,15680000,4040
1,7830,156600000,156602000,4690,7816,156620000,40404
1,7831,156620000,156622000,4690,7816,156640000,40406
1,7832,156640000,156642000,4690,7816,156660000,40413
1,7833,156660000,156662000,4690,7816,156680000,40418
1,7834,156680000,156682000,4690,7816,156700000,40423
1,7835,156700000,156702000,4690,7816,156720000,40428
1,7836,156720000,156722000,4690,7816,156740000,40435
1,7837,156740000,156742000,4690,7816,156760000,40438
1,7838,156760000,156762000,4690,7816,156780000,40442
1,7839,156780000,156782000,4690,7816,156800000,40449
1,784,15680000,15682000,4690,7816,15700000,4044
1,7840,156800000,156802000,4690,7816,156820000,40454
1,7841,156820000,156822000,4690,7816,156840000,40458
1,7842,156840000,156842000,4690,7816,156860000,40465
1,7843,156860000,156862000,4690,7816,156880000,40470
1,7844,156880000,156882000,4690,7816,156900000,40474
1,7845,156900000,156902000,4690,7816,156920000,40481
1,7846,156920000,156922000,4690,7816,156940000,40484
1,7847,156940000,156942000,4690,7816,156960000,40489
1,7848,156960000,156962000,4690,7816,156980000,40497
1,7849,156980000,156982000,4690,7816,157000000,40499
1,785,15700000,15702000,4690,7816,15720000,4049
1,7850,157000000,157002000,4690,7816,157020000,40506
1,7851,157020000,157022000,4690,7816,157040000,40510
1,7852,157040000,157042000,4690,7816,157060000,40517
1,7853,157060000,157062000,4690,7816,157080000,40520
1,7854,157080000,157082000,4690,7816,157100000,40527
1,7855,157100000,157102000,4690,7816,157120000,40531
1,7856,157120000,157122000,4690,7816,157140000,40535
1,7857,157140000,157142000,4690,7816,157160000,40543
1,7858,157160000,157162000,4690,7816,157180000,40547
1,7859,157180000,157182000,4690,7816,157200000,40551
1,786,15720000,15722000,4690,7816,15740000,4055
1,7860,157200000,157202000,4690,7816,157220000,40557
1,7861,157220000,157222000,4690,7816,157240000,40563
1,7862,157240000,157242000,4690,7816,157260000,40568
1,7863,157260000,157262000,4690,7816,157280000,40573
1,7864,157280000,157282000,4690,7816,157300000,40577
1,7865,157300000,157302000,4690,7816,157320000,40582
1,7866,157320000,157322000,4690,7816,157340000,40589
1,7867,157340000,157342000,4690,7816,157360000,40592
1,7868,157360000,157362000,4690,7816,157380000,40599
1,7869,157380000,157382000,4690,7816,157400000,40603
1,787,15740000,15742000,4690,7816,15760000,4061
1,7870,157400000,157402000,4690,7816,157420000,40609
1,7871,157420000,157422000,4690,7816,157440000,40614
1,7872,157440000,157442000,4690,7816,157460000,40621
1,7873,157460000,157462000,4690,7816,157480000,40623
1,7874,157480000,157482000,4690,7816,157500000,40628
1,7875,157500000,157502000,4690,7816,157520000,40636
1,7876,157520000,157522000,4690,7816,157540000,40639
1,7877,157540000,157542000,4690,7816,157560000,40644
1,7878,157560000,157562000,4690,7816,157580000,40651
1,7879,157580000,157582000,4690,7816,157600000,40655
1,788,15760000,15762000,4690,7816,15780000,4065
1,7880,157600000,157602000,4690,7816,157620000,40660
1,7881,157620000,157622000,4690,7816,157640000,40666
1,7882,157640000,157642000,4690,7816,157660000,40671
1,7883,157660000,157662000,4690,7816,157680000,40674
1,7884,157680000,157682000,4690,7816,157700000,40682
1,7885,157700000,157702000,4690,7816,157720000,40686
1,7886,157720000,157722000,4690,7816,157740000,40691
1,7887,157740000,157742000,4690,7816,157760000,40697
1,7888,157760000,157762000,4690,7816,157780000,40702
1,7889,157780000,157782000,4690,7816,157800000,40706
1,789,15780000,15782000,4690,7816,15800000,4071
1,7890,157800000,157802000,4690,7816,157820000,40713
1,7891,157820000,157822000,4690,7816,157840000,40716
1,7892,157840000,157842000,4690,7816,157860000,40722
1,7893,157860000,157862000,4690,7816,157880000,40728
1,7894,157880000,157882000,4690,7816,157900000,40732
1,7895,157900000,157902000,4690,7816,157920000,40737
1,7896,157920000,157922000,4690,7816,157940000,40743
1,7897,157940000,157942000,4690,7816,157960000,40749
1,7898,157960000,157962000,4690,7816,157980000,40753
1,7899,157980000,157982000,4690,7816,158000000,40759
1,79,1580000,1582000,4690,7816,1600000,405
1,790,15800000,15802000,4690,7816,15820000,4075
1,7900,158000000,158002000,4690,7816,158020000,40764
1,7901,158020000,158022000,4690,7816,158040000,40767
1,7902,158040000,158042000,4690,7816,158060000,40775
1,7903,158060000,158062000,4690,7816,158080000,40778
1,7904,158080000,158082000,4690,7816,158100000,40784
1,7905,158100000,158102000,4690,7816,158120000,40789
1,7906,158120000,158122000,4690,7816,158140000,40795
1,7907,158140000,158142000,4690,7816,158160000,40800
1,7908,158160000,158162000,4690,7816,158180000,40806
1,7909,158180000,158182000,4690,7816,158200000,40808
1,791,15820000,15822000,4690,7816,15840000,4079
1,7910,158200000,158202000,4690,7816,158220000,40815
1,7911,158220000,158222000,4690,7816,158240000,40821
1,7912,158240000,158242000,4690,7816,158260000,40825
1,7913,158260000,158262000,4690,7816,158280000,40831
1,7914,158280000,158282000,4690,7816,158300000,40836
1,7915,158300000,158302000,4690,7816,158320000,40841
1,7916,158320000,158322000,4690,7816,158340000,40845
1,7917,158340000,158342000,4690,7816,158360000,40853
1,7918,158360000,158362000,4690,7816,158380000,40856
1,7919,158380000,158382000,4690,7816,158400000,40859
1,792,15840000,15842000,4690,7816,15860000,4087
1,7920,158400000,158402000,4690,7816,158420000,40869
1,7921,158420000,158422000,4690,7816,158440000,40871
1,7922,158440000,158442000,4690,7816,158460000,40877
1,7923,158460000,158462000,4690,7816,158480000,40882
1,7924,158480000,158482000,4690,7816,158500000,40888
1,7925,158500000,158502000,4690,7816,158520000,40892
1,7926,158520000,158522000,4690,7816,158540000,40899
1,7927,158540000,158542000,4690,7816,158560000,40903
1,7928,158560000,158562000,4690,7816,158580000,40907
1,7929,158580000,158582000,4690,7816,158600000,40913
1,793,15860000,15862000,4690,7816,15880000,4090
1,7930,158600000,158602000,4690,7816,158620000,40918
1,7931,158620000,158622000,4690,7816,158640000,40923
1,7932,158640000,158642000,4690,7816,158660000,40929
1,7933,158660000,158662000,4690,7816,158680000,40934
1,7934,158680000,158682000,4690,7816,158700000,40939
1,7935,158700000,158702000,4690,7816,158720000,40945
1,7936,158720000,158722000,4690,7816,158740000,40949
1,7937,158740000,158742000,4690,7816,158760000,40953
1,7938,158760000,158762000,4690,7816,158780000,40961
1,7939,158780000,158782000,4690,7816,158800000,40964
1,794,15880000,15882000,4690,7816,15900000,4096
1,7940,158800000,158802000,4690,7816,158820000,40970
1,7941,158820000,158822000,4690,7816,158840000,40975
1,7942,158840000,158842000,4690,7816,158860000,40981
1,7943,158860000,158862000,4690,7816,158880000,40985
1,7944,158880000,158882000,4690,7816,158900000,40991
1,7945,158900000,158902000,4690,7816,158920000,40995
1,7946,158920000,158922000,4690,7816,158940000,41000
1,7947,158940000,158942000,4690,7816,158960000,41007
1,7948,158960000,158962000,4690,7816,158980000,41011
1,7949,158980000,158982000,4690,7816,159000000,41016
1,795,15900000,15902000,4690,7816,15920000,4101
1,7950,159000000,159002000,4690,7816,159020000,41022
1,7951,159020000,159022000,4690,7816,159040000,41026
1,7952,159040000,159042000,4690,7816,159060000,41033
1,7953,159060000,159062000,4690,7816,159080000,41038
1,7954,159080000,159082000,4690,7816,159100000,41041
1,7955,159100000,159102000,4690,7816,159120000,41046
1,7956,159120000,159122000,4690,7816,159140000,41054
1,7957,159140000,159142000,4690,7816,159160000,41057
1,7958,159160000,159162000,4690,7816,159180000,41062
1,7959,159180000,159182000,4690,7816,159200000,41068
1,796,15920000,15922000,4690,7816,15940000,4107
1,7960,159200000,159202000,4690,7816,159220000,41074
1,7961,159220000,159222000,4690,7816,159240000,41077
1,7962,159240000,159242000,4690,7816,159260000,41086
1,7963,159260000,159262000,4690,7816,159280000,41088
1,7964,159280000,159282000,4690,7816,159300000,41092
1,7965,159300000,159302000,4690,7816,159320000,41100
1,7966,159320000,159322000,4690,7816,159340000,41104
1,7967,159340000,159342000,4690,7816,159360000,41109
1,7968,159360000,159362000,4690,7816,159380000,41114
1,7969,159380000,159382000,4690,7816,159400000,41120
1,797,15940000,15942000,4690,7816,15960000,4111
1,7970,159400000,159402000,4690,7816,159420000,41125
1,7971,159420000,159422000,4690,7816,159440000,41130
1,7972,159440000,159442000,4690,7816,159460000,41135
1,7973,159460000,159462000,4690,7816,159480000,41139
1,7974,159480000,159482000,4690,7816,159500000,41146
1,7975,159500000,159502000,4690,7816,159520000,41150
1,7976,159520000,159522000,4690,7816,159540000,41156
1,7977,159540000,159542000,4690,7816,159560000,41161
1,7978,159560000,159562000,4690,7816,159580000,41167
1,7979,159580000,159582000,4690,7816,159600000,41170
1,798,15960000,15962000,4690,7816,15980000,4118
1,7980,159600000,159602000,4690,7816,159620000,41178
1,7981,159620000,159622000,4690,7816,159640000,41180
1,7982,159640000,159642000,4690,7816,159660000,41186
1,7983,159660000,159662000,4690,7816,159680000,41193
1,7984,159680000,159682000,4690,7816,159700000,41196
1,7985,159700000,159702000,4690,7816,159720000,41202
1,7986,159720000,159722000,4690,7816,159740000,41207
1,7987,159740000,159742000,4690,7816,159760000,41213
1,7988,159760000,159762000,4690,7816,159780000,41218
1,7989,159780000,159782000,4690,7816,159800000,41223
1,799,15980000,15982000,4690,7816,16000000,4121
1,7990,159800000,159802000,4690,7816,159820000,41228
1,7991,159820000,159822000,4690,7816,159840000,41232
1,7992,159840000,159842000,4690,7816,159860000,41240
1,7993,159860000,159862000,4690,7816,159880000,41242
1,7994,159880000,159882000,4690,7816,159900000,41248
1,7995,159900000,159902000,4690,7816,159920000,41254
1,7996,159920000,159922000,4690,7816,159940000,41259
1,7997,159940000,159942000,4690,7816,159960000,41264
1,7998,159960000,159962000,4690,7816,159980000,41271
1,7999,159980000,159982000,4690,7816,160000000,41273
1,8,160000,162000,4690,7816,180000,39
1,80,1600000,1602000,4690,7816,1620000,411
1,800,16000000,16002000,4690,7816,16020000,4126
1,8000,160000000,160002000,4690,7816,160020000,41278
1,8001,160020000,160022000,4690,7816,160040000,41286
1,8002,160040000,160042000,4690,7816,160060000,41290
1,8003,160060000,160062000,4690,7816,160080000,41294
1,8004,160080000,160082000,4690,7816,160100000,41301
1,8005,160100000,160102000,4690,7816,160120000,41306
1,8006,160120000,160122000,4690,7816,160140000,41310
1,8007,160140000,160142000,4690,7816,160160000,41316
1,8008,160160000,160162000,4690,7816,160180000,41321
1,8009,160180000,160182000,4690,7816,160200000,41324
1,801,16020000,16022000,4690,7816,16040000,4133
1,8010,160200000,160202000,4690,7816,160220000,41332
1,8011,160220000,160222000,4690,7816,160240000,41336
1,8012,160240000,160242000,4690,7816,160260000,41342
1,8013,160260000,160262000,4690,7816,160280000,41346
1,8014,160280000,160282000,4690,7816,160300000,41352
1,8015,160300000,160302000,4690,7816,160320000,41357
1,8016,160320000,160322000,4690,7816,160340000,41363
1,8017,160340000,160342000,4690,7816,160360000,41367
1,8018,160360000,160362000,4690,7816,160380000,41372
1,8019,160380000,160382000,4690,7816,160400000,41378
1,802,16040000,16042000,4690,7816,16060000,4138
1,8020,160400000,160402000,4690,7816,160420000,41382
1,8021,160420000,160422000,4690,7816,160440000,41387
1,8022,160440000,160442000,4690,7816,160460000,41394
1,8023,160460000,160462000,4690,7816,160480000,41398
1,8024,160480000,160482000,4690,7816,160500000,41403
1,8025,160500000,160502000,4690,7816,160520000,41410
1,8026,160520000,160522000,4690,7816,160540000,41413
1,8027,160540000,160542000,4690,7816,160560000,41418
1,8028,160560000,160562000,4690,7816,160580000,41425
1,8029,160580000,160582000,4690,7816,160600000,41428
1,803,16060000,16062000,4690,7816,16080000,4142
1,8030,160600000,160602000,4690,7816,160620000,41435
1,8031,160620000,160622000,4690,7816,160640000,41439
1,8032,160640000,160642000,4690,7816,160660000,41446
1,8033,160660000,160662000,4690,7816,160680000,41449
1,8034,160680000,160682000,4690,7816,160700000,41456
1,8035,160700000,160702000,4690,7816,160720000,41459
1,8036,160720000,160722000,4690,7816,160740000,41464
1,8037,160740000,160742000,4690,7816,160760000,41472
1,8038,160760000,160762000,4690,7816,160780000,41475
1,8039,160780000,160782000,4690,7816,160800000,41480
1,804,16080000,16082000,4690,7816,16100000,4147
1,8040,160800000,160802000,4690,7816,160820000,41487
1,8041,160820000,160822000,4690,7816,160840000,41491
1,8042,160840000,160842000,4690,7816,160860000,41496
1,8043,160860000,160862000,4690,7816,160880000,41503
1,8044,160880000,160882000,4690,7816,160900000,41506
1,8045,160900000,160902000,4690,7816,160920000,41510
1,8046,160920000,160922000,4690,7816,160940000,41518
1,8047,160940000,160942000,4690,7816,160960000,41522
1,8048,160960000,160962000,4690,7816,160980000,41527
1,8049,160980000,160982000,4690,7816,161000000,41531
1,805,16100000,16102000,4690,7816,16120000,4153
1,8050,161000000,161002000,4690,7816,161020000,41539
1,8051,161020000,161022000,4690,7816,161040000,41542
1,8052,161040000,161042000,4690,7816,161060000,41549
1,8053,161060000,161062000,4690,7816,161080000,41553
1,8054,161080000,161082000,4690,7816,161100000,41557
1,8055,161100000,161102000,4690,7816,161120000,41564
1,8056,161120000,161122000,4690,7816,161140000,41568
1,8057,161140000,161142000,4690,7816,161160000,41574
1,8058,161160000,161162000,4690,7816,161180000,41579
1,8059,161180000,161182000,4690,7816,161200000,41583
1,806,16120000,16122000,4690,7816,16140000,4158
1,8060,161200000,161202000,4690,7816,161220000,41590
1,8061,161220000,161222000,4690,7816,161240000,41595
1,8062,161240000,161242000,4690,7816,161260000,41599
1,8063,161260000,161262000,4690,7816,161280000,41603
1,8064,161280000,161282000,4690,7816,161300000,41611
1,8065,161300000,161302000,4690,7816,161320000,41614
1,8066,161320000,161322000,4690,7816,161340000,41620
1,8067,161340000,161342000,4690,7816,161360000,41626
1,8068,161360000,161362000,4690,7816,161380000,41631
1,8069,161380000,161382000,4690,7816,161400000,41635
1,807,16140000,16142000,4690,7816,16160000,4164
1,8070,161400000,161402000,4690,7816,161420000,41642
1,8071,161420000,161422000,4690,7816,161440000,41645
1,8072,161440000,161442000,4690,7816,161460000,41650
1,8073,161460000,161462000,4690,7816,161480000,41657
1,8074,161480000,161482000,4690,7816,161500000,41661
1,8075,161500000,161502000,4690,7816,161520000,41666
1,8076,161520000,161522000,4690,7816,161540000,41672
1,8077,161540000,161542000,4690,7816,161560000,41677
1,8078,161560000,161562000,4690,7816,161580000,41682
1,8079,161580000,161582000,4690,7816,161600000,41688
1,808,16160000,16162000,4690,7816,16180000,4168
1,8080,161600000,161602000,4690,7816,161620000,41692
1,8081,161620000,161622000,4690,7816,161640000,41696
1,8082,161640000,161642000,4690,7816,161660000,41705
1,8083,161660000,161662000,4690,7816,161680000,41707
1,8084,161680000,161682000,4690,7816,161700000,41712
1,8085,161700000,161702000,4690,7816,161720000,41718
1,8086,161720000,161722000,4690,7816,161740000,41724
1,8087,161740000,161742000,4690,7816,161760000,41728
1,8088,161760000,161762000,4690,7816,161780000,41735
1,8089,161780000,161782000,4690,7816,161800000,41738
1,809,16180000,16182000,4690,7816,16200000,4172
1,8090,161800000,161802000,4690,7816,161820000,41743
1,8091,161820000,161822000,4690,7816,161840000,41749
1,8092,161840000,161842000,4690,7816,161860000,41755
1,8093,161860000,161862000,4690,7816,161880000,41759
1,8094,161880000,161882000,4690,7816,161900000,41764
1,8095,161900000,161902000,4690,7816,161920000,41771
1,8096,161920000,161922000,4690,7816,161940000,41775
1,8097,161940000,161942000,4690,7816,161960000,41781
1,8098,161960000,161962000,4690,7816,161980000,41784
1,8099,161980000,161982000,4690,7816,162000000,41789
1,81,1620000,1622000,4690,7816,1640000,418
1,810,16200000,16202000,4690,7816,16220000,4180
1,8100,162000000,162002000,4690,7816,162020000,41797
1,8101,162020000,162022000,4690,7816,162040000,41799
1,8102,162040000,162042000,4690,7816,162060000,41807
1,8103,162060000,162062000,4690,7816,162080000,41811
1,8104,162080000,162082000,4690,7816,162100000,41816
1,8105,162100000,162102000,4690,7816,162120000,41821
1,8106,162120000,162122000,4690,7816,162140000,41828
1,8107,162140000,162142000,4690,7816,162160000,41831
1,8108,162160000,162162000,4690,7816,162180000,41836
1,8109,162180000,162182000,4690,7816,162200000,41843
1,811,16220000,16222000,4690,7816,16240000,4182
1,8110,162200000,162202000,4690,7816,162220000,41847
1,8111,162220000,162222000,4690,7816,162240000,41851
1,8112,162240000,162242000,4690,7816,162260000,41858
1,8113,162260000,162262000,4690,7816,162280000,41863
1,8114,162280000,162282000,4690,7816,162300000,41867
1,8115,162300000,162302000,4690,7816,162320000,41874
1,8116,162320000,162322000,4690,7816,162340000,41878
1,8117,162340000,162342000,4690,7816,162360000,41882
1,8118,162360000,162362000,4690,7816,162380000,41890
1,8119,162380000,162382000,4690,7816,162400000,41892
1,812,16240000,16242000,4690,7816,16260000,4190
1,8120,162400000,162402000,4690,7816,162420000,41899
1,8121,162420000,162422000,4690,7816,162440000,41904
1,8122,162440000,162442000,4690,7816,162460000,41910
1,8123,162460000,162462000,4690,7816,162480000,41914
1,8124,162480000,162482000,4690,7816,162500000,41920
1,8125,162500000,162502000,4690,7816,162520000,41924
1,8126,162520000,162522000,4690,7816,162540000,41928
1,8127,162540000,162542000,4690,7816,162560000,41936
1,8128,162560000,162562000,4690,7816,162580000,41940
1,8129,162580000,162582000,4690,7816,162600000,41944
1,813,16260000,16262000,4690,7816,16280000,4194
1,8130,162600000,162602000,4690,7816,162620000,41951
1,8131,162620000,162622000,4690,7816,162640000,41956
1,8132,162640000,162642000,4690,7816,162660000,41961
1,8133,162660000,162662000,4690,7816,162680000,41966
1,8134,162680000,162682000,4690,7816,162700000,41971
1,8135,162700000,162702000,4690,7816,162720000,41975
1,8136,162720000,162722000,4690,7816,162740000,41982
1,8137,162740000,162742000,4690,7816,162760000,41986
1,8138,162760000,162762000,4690,7816,162780000,41992
1,8139,162780000,162782000,4690,7816,162800000,41996
1,814,16280000,16282000,4690,7816,16300000,4199
1,8140,162800000,162802000,4690,7816,162820000,42002
1,8141,162820000,162822000,4690,7816,162840000,42007
1,8142,162840000,162842000,4690,7816,162860000,42014
1,8143,162860000,162862000,4690,7816,162880000,42016
1,8144,162880000,162882000,4690,7816,162900000,42022
1,8145,162900000,162902000,4690,7816,162920000,42029
1,8146,162920000,162922000,4690,7816,162940000,42032
1,8147,162940000,162942000,4690,7816,162960000,42038
1,8148,162960000,162962000,4690,7816,162980000,42044
1,8149,162980000,162982000,4690,7816,163000000,42048
1,815,16300000,16302000,4690,7816,16320000,4205
1,8150,163000000,163002000,4690,7816,163020000,42053
1,8151,163020000,163022000,4690,7816,163040000,42060
1,8152,163040000,163042000,4690,7816,163060000,42064
1,8153,163060000,163062000,4690,7816,163080000,42067
1,8154,163080000,163082000,4690,7816,163100000,42075
1,8155,163100000,163102000,4690,7816,163120000,42079
1,8156,163120000,163122000,4690,7816,163140000,42084
1,8157,163140000,163142000,4690,7816,163160000,42090
1,8158,163160000,163162000,4690,7816,163180000,42096
1,8159,163180000,163182000,4690,7816,163200000,42099
1,816,16320000,16322000,4690,7816,16340000,4211
1,8160,163200000,163202000,4690,7816,163220000,42107
1,8161,163220000,163222000,4690,7816,163240000,42109
1,8162,163240000,163242000,4690,7816,163260000,42115
1,8163,163260000,163262000,4690,7816,163280000,42121
1,8164,163280000,163282000,4690,7816,163300000,42125
1,8165,163300000,163302000,4690,7816,163320000,42131
1,8166,163320000,163322000,4690,7816,163340000,42136
1,8167,163340000,163342000,4690,7816,163360000,42142
1,8168,163360000,163362000,4690,7816,163380000,42146
1,8169,163380000,163382000,4690,7816,163400000,42152
1,817,16340000,16342000,4690,7816,16360000,4214
1,8170,163400000,163402000,4690,7816,163420000,42157
1,8171,163420000,163422000,4690,7816,163440000,42160
1,8172,163440000,163442000,4690,7816,163460000,42169
1,8173,163460000,163462000,4690,7816,163480000,42172
1,8174,163480000,163482000,4690,7816,163500000,42177
1,8175,163500000,163502000,4690,7816,163520000,42182
1,8176,163520000,163522000,4690,7816,163540000,42188
1,8177,163540000,163542000,4690,7816,163560000,42193
1,8178,163560000,163562000,4690,7816,163580000,42199
1,8179,163580000,163582000,4690,7816,163600000,42202
1,818,16360000,16362000,4690,7816,16380000,4218
1,8180,163600000,163602000,4690,7816,163620000,42208
1,8181,163620000,163622000,4690,7816,163640000,42214
1,8182,163640000,163642000,4690,7816,163660000,42218
1,8183,163660000,163662000,4690,7816,163680000,42224
1,8184,163680000,163682000,4690,7816,163700000,42229
1,8185,163700000,163702000,4690,7816,163720000,42234
1,8186,163720000,163722000,4690,7816,163740000,42240
1,8187,163740000,163742000,4690,7816,163760000,42246
1,8188,163760000,163762000,4690,7816,163780000,42249
1,8189,163780000,163782000,4690,7816,163800000,42252
1,819,16380000,16382000,4690,7816,16400000,4226
1,82,1640000,1642000,4690,7816,1660000,422
1,820,16400000,16402000,4690,7816,16420000,4230
1,821,16420000,16422000,4690,7816,16440000,4234
1,822,16440000,16442000,4690,7816,16460000,4242
1,823,16460000,16462000,4690,7816,16480000,4246
1,824,16480000,16482000,4690,7816,16500000,4250
1,825,16500000,16502000,4690,7816,16520000,4257
1,826,16520000,16522000,4690,7816,16540000,4261
1,827,16540000,16542000,4690,7816,16560000,4265
1,828,16560000,16562000,4690,7816,16580000,4273
1,829,16580000,16582000,4690,7816,16600000,4276
1,83,1660000,1662000,4690,7816,1680000,426
1,830,16600000,16602000,4690,7816,16620000,4282
1,831,16620000,16622000,4690,7816,16640000,4286
1,832,16640000,16642000,4690,7816,16660000,4293
1,833,16660000,16662000,4690,7816,16680000,4297
1,834,16680000,16682000,4690,7816,16700000,4303
1,835,16700000,16702000,4690,7816,16720000,4307
1,836,16720000,16722000,4690,7816,16740000,4312
1,837,16740000,16742000,4690,7816,16760000,4319
1,838,16760000,16762000,4690,7816,16780000,4323
1,839,16780000,16782000,4690,7816,16800000,4327
1,84,1680000,1682000,4690,7816,1700000,433
1,840,16800000,16802000,4690,7816,16820000,4334
1,841,16820000,16822000,4690,7816,16840000,4339
1,842,16840000,16842000,4690,7816,16860000,4344
1,843,16860000,16862000,4690,7816,16880000,4350
1,844,16880000,16882000,4690,7816,16900000,4353
1,845,16900000,16902000,4690,7816,16920000,4358
1,846,16920000,16922000,4690,7816,16940000,4365
1,847,16940000,16942000,4690,7816,16960000,4369
1,848,16960000,16962000,4690,7816,16980000,4375
1,849,16980000,16982000,4690,7816,17000000,4379
1,85,1700000,1702000,4690,7816,1720000,438
1,850,17000000,17002000,4690,7816,17020000,4386
1,851,17020000,17022000,4690,7816,17040000,4390
1,852,17040000,17042000,4690,7816,17060000,4397
1,853,17060000,17062000,4690,7816,17080000,4399
1,854,17080000,17082000,4690,7816,17100000,4405
1,855,17100000,17102000,4690,7816,17120000,4412
1,856,17120000,17122000,4690,7816,17140000,4415
1,857,17140000,17142000,4690,7816,17160000,4421
1,858,17160000,17162000,4690,7816,17180000,4427
1,859,17180000,17182000,4690,7816,17200000,4431
1,86,1720000,1722000,4690,7816,1740000,442
1,860,17200000,17202000,4690,7816,17220000,4436
1,861,17220000,17222000,4690,7816,17240000,4443
1,862,17240000,17242000,4690,7816,17260000,4447
1,863,17260000,17262000,4690,7816,17280000,4450
1,864,17280000,17282000,4690,7816,17300000,4459
1,865,17300000,17302000,4690,7816,17320000,4462
1,866,17320000,17322000,4690,7816,17340000,4467
1,867,17340000,17342000,4690,7816,17360000,4473
1,868,17360000,17362000,4690,7816,17380000,4479
1,869,17380000,17382000,4690,7816,17400000,4482
1,87,1740000,1742000,4690,7816,1760000,450
1,870,17400000,17402000,4690,7816,17420000,4489
1,871,17420000,17422000,4690,7816,17440000,4493
1,872,17440000,17442000,4690,7816,17460000,4498
1,873,17460000,17462000,4690,7816,17480000,4504
1,874,17480000,17482000,4690,7816,17500000,4508
1,875,17500000,17502000,4690,7816,17520000,4514
1,876,17520000,17522000,4690,7816,17540000,4519
1,877,17540000,17542000,4690,7816,17560000,4525
1,878,17560000,17562000,4690,7816,17580000,4530
1,879,17580000,17582000,4690,7816,17600000,4535
1,88,1760000,1762000,4690,7816,1780000,453
1,880,17600000,17602000,4690,7816,17620000,4540
1,881,17620000,17622000,4690,7816,17640000,4543
1,882,17640000,17642000,4690,7816,17660000,4552
1,883,17660000,17662000,4690,7816,17680000,4554
1,884,17680000,17682000,4690,7816,17700000,4560
1,885,17700000,17702000,4690,7816,17720000,4566
1,886,17720000,17722000,4690,7816,17740000,4571
1,887,17740000,17742000,4690,7816,17760000,4576
1,888,17760000,17762000,4690,7816,17780000,4582
1,889,17780000,17782000,4690,7816,17800000,4585
1,89,1780000,1782000,4690,7816,1800000,456
1,890,17800000,17802000,4690,7816,17820000,4591
1,891,17820000,17822000,4690,7816,17840000,4597
1,892,17840000,17842000,4690,7816,17860000,4602
1,893,17860000,17862000,4690,7816,17880000,4607
1,894,17880000,17882000,4690,7816,17900000,4612
1,895,17900000,17902000,4690,7816,17920000,4617
1,896,17920000,17922000,4690,7816,17940000,4622
1,897,17940000,17942000,4690,7816,17960000,4629
1,898,17960000,17962000,4690,7816,17980000,4632
1,899,17980000,17982000,4690,7816,18000000,4636
1,9,180000,182000,4690,7816,200000,46
1,90,1800000,1802000,4690,7816,1820000,464
1,900,18000000,18002000,4690,7816,18020000,4645
1,901,18020000,18022000,4690,7816,18040000,4647
1,902,18040000,18042000,4690,7816,18060000,4653
1,903,18060000,18062000,4690,7816,18080000,4659
1,904,18080000,18082000,4690,7816,18100000,4664
1,905,18100000,18102000,4690,7816,18120000,4668
1,906,18120000,18122000,4690,7816,18140000,4676
1,907,18140000,18142000,4690,7816,18160000,4679
1,908,18160000,18162000,4690,7816,18180000,4683
1,909,18180000,18182000,4690,7816,18200000,4689
1,91,1820000,1822000,4690,7816,1840000,468
1,910,18200000,18202000,4690,7816,18220000,4695
1,911,18220000,18222000,4690,7816,18240000,4699
1,912,18240000,18242000,4690,7816,18260000,4705
1,913,18260000,18262000,4690,7816,18280000,4711
1,914,18280000,18282000,4690,7816,18300000,4715
1,915,18300000,18302000,4690,7816,18320000,4721
1,916,18320000,18322000,4690,7816,18340000,4725
1,917,18340000,18342000,4690,7816,18360000,4730
1,918,18360000,18362000,4690,7816,18380000,4737
1,919,18380000,18382000,4690,7816,18400000,4740
1,92,1840000,1842000,4690,7816,1860000,474
1,920,18400000,18402000,4690,7816,18420000,4747
1,921,18420000,18422000,4690,7816,18440000,4751
1,922,18440000,18442000,4690,7816,18460000,4757
1,923,18460000,18462000,4690,7816,18480000,4761
1,924,18480000,18482000,4690,7816,18500000,4768
1,925,18500000,18502000,4690,7816,18520000,4771
1,926,18520000,18522000,4690,7816,18540000,4776
1,927,18540000,18542000,4690,7816,18560000,4784
1,928,18560000,18562000,4690,7816,18580000,4787
1,929,18580000,18582000,4690,7816,18600000,4792
1,93,1860000,1862000,4690,7816,1880000,478
1,930,18600000,18602000,4690,7816,18620000,4798
1,931,18620000,18622000,4690,7816,18640000,4803
1,932,18640000,18642000,4690,7816,18660000,4809
1,933,18660000,18662000,4690,7816,18680000,4814
1,934,18680000,18682000,4690,7816,18700000,4818
1,935,18700000,18702000,4690,7816,18720000,4822
1,936,18720000,18722000,4690,7816,18740000,4830
1,937,18740000,18742000,4690,7816,18760000,4833
1,938,18760000,18762000,4690,7816,18780000,4839
1,939,18780000,18782000,4690,7816,18800000,4844
1,94,1880000,1882000,4690,7816,1900000,485
1,940,18800000,18802000,4690,7816,18820000,4850
1,941,18820000,18822000,4690,7816,18840000,4854
1,942,18840000,18842000,4690,7816,18860000,4862
1,943,18860000,18862000,4690,7816,18880000,4864
1,944,18880000,18882000,4690,7816,18900000,4868
1,945,18900000,18902000,4690,7816,18920000,4877
1,946,18920000,18922000,4690,7816,18940000,4880
1,947,18940000,18942000,4690,7816,18960000,4885
1,948,18960000,18962000,4690,7816,18980000,4891
1,949,18980000,18982000,4690,7816,19000000,4896
1,95,1900000,1902000,4690,7816,1920000,489
1,950,19000000,19002000,4690,7816,19020000,4901
1,951,19020000,19022000,4690,7816,19040000,4906
1,952,19040000,19042000,4690,7816,19060000,4912
1,953,19060000,19062000,4690,7816,19080000,4915
1,954,19080000,19082000,4690,7816,19100000,4922
1,955,19100000,19102000,4690,7816,19120000,4927
1,956,19120000,19122000,4690,7816,19140000,4932
1,957,19140000,19142000,4690,7816,19160000,4937
1,958,19160000,19162000,4690,7816,19180000,4943
1,959,19180000,19182000,4690,7816,19200000,4947
1,96,1920000,1922000,4690,7816,1940000,495
1,960,19200000,19202000,4690,7816,19220000,4954
1,961,19220000,19222000,4690,7816,19240000,4956
1,962,19240000,19242000,4690,7816,19260000,4963
1,963,19260000,19262000,4690,7816,19280000,4969
1,964,19280000,19282000,4690,7816,19300000,4972
1,965,19300000,19302000,4690,7816,19320000,4978
1,966,19320000,19322000,4690,7816,19340000,4984
1,967,19340000,19342000,4690,7816,19360000,4989
1,968,19360000,19362000,4690,7816,19380000,4994
1,969,19380000,19382000,4690,7816,19400000,5000
1,97,1940000,1942000,4690,7816,1960000,499
1,970,19400000,19402000,4690,7816,19420000,5004
1,971,19420000,19422000,4690,7816,19440000,5008
1,972,19440000,19442000,4690,7816,19460000,5016
1,973,19460000,19462000,4690,7816,19480000,5019
1,974,19480000,19482000,4690,7816,19500000,5024
1,975,19500000,19502000,4690,7816,19520000,5030
1,976,19520000,19522000,4690,7816,19540000,5036
1,977,19540000,19542000,4690,7816,19560000,5040
1,978,19560000,19562000,4690,7816,19580000,5047
1,979,19580000,19582000,4690,7816,19600000,5049
1,98,1960000,1962000,4690,7816,1980000,504
1,980,19600000,19602000,4690,7816,19620000,5055
1,981,19620000,19622000,4690,7816,19640000,5062
1,982,19640000,19642000,4690,7816,19660000,5066
1,983,19660000,19662000,4690,7816,19680000,5071
1,984,19680000,19682000,4690,7816,19700000,5077
1,985,19700000,19702000,4690,7816,19720000,5082
1,986,19720000,19722000,4690,7816,19740000,5086
1,987,19740000,19742000,4690,7816,19760000,5093
1,988,19760000,19762000,4690,7816,19780000,5097
1,989,19780000,19782000,4690,7816,19800000,5100
1,99,1980000,1982000,4690,7816,2000000,510
1,990,19800000,19802000,4690,7816,19820000,5109
1,991,19820000,19822000,4690,7816,19840000,5112
1,992,19840000,19842000,4690,7816,19860000,5118
1,993,19860000,19862000,4690,7816,19880000,5122
1,994,19880000,19882000,4690,7816,19900000,5129
1,995,19900000,19902000,4690,7816,19920000,5133
1,996,19920000,19922000,4690,7816,19940000,5139
1,997,19940000,19942000,4690,7816,19960000,5144
1,998,19960000,19962000,4690,7816,19980000,5148
1,999,19980000,19982000,4690,7816,20000000,5154
2,0,0,4000,1856,3092,40000,4
2,1,40000,44000,1856,3092,80000,16
2,10,400000,404000,1856,3092,440000,108
2,100,4000000,4004000,1856,3092,4040000,1037
2,1000,40000000,40004000,1856,3092,40040000,10324
2,1001,40040000,40044000,1856,3092,40080000,10335
2,1002,40080000,40084000,1856,3092,40120000,10346
2,1003,40120000,40124000,1856,3092,40160000,10357
2,1004,40160000,40164000,1856,3092,40200000,10366
2,1005,40200000,40204000,1856,3092,40240000,10377
2,1006,40240000,40244000,1856,3092,40280000,10388
2,1007,40280000,40284000,1856,3092,40320000,10396
2,1008,40320000,40324000,1856,3092,40360000,10407
2,1009,40360000,40364000,1856,3092,40400000,10418
2,101,4040000,4044000,1856,3092,4080000,1047
2,1010,40400000,40404000,1856,3092,40440000,10428
2,1011,40440000,40444000,1856,3092,40480000,10438
2,1012,40480000,40484000,1856,3092,40520000,10450
2,1013,40520000,40524000,1856,3092,40560000,10459
2,1014,40560000,40564000,1856,3092,40600000,10469
2,1015,40600000,40604000,1856,3092,40640000,10481
2,1016,40640000,40644000,1856,3092,40680000,10489
2,1017,40680000,40684000,1856,3092,40720000,10500
2,1018,40720000,40724000,1856,3092,40760000,10512
2,1019,40760000,40764000,1856,3092,40800000,10520
2,102,4080000,4084000,1856,3092,4120000,1057
2,1020,40800000,40804000,1856,3092,40840000,10531
2,1021,40840000,40844000,1856,3092,40880000,10542
2,1022,40880000,40884000,1856,3092,40920000,10552
2,1023,40920000,40924000,1856,3092,40960000,10564
2,1024,40960000,40964000,1856,3092,41000000,10573
2,1025,41000000,41004000,1856,3092,41040000,10582
2,1026,41040000,41044000,1856,3092,41080000,10592
2,1027,41080000,41084000,1856,3092,41120000,10604
2,1028,41120000,41124000,1856,3092,41160000,10614
2,1029,41160000,41164000,1856,3092,41200000,10623
2,103,4120000,4124000,1856,3092,4160000,1069
2,1030,41200000,41204000,1856,3092,41240000,10636
2,1031,41240000,41244000,1856,3092,41280000,10645
2,1032,41280000,41284000,1856,3092,41320000,10656
2,1033,41320000,41324000,1856,3092,41360000,10667
2,1034,41360000,41364000,1856,3092,41400000,10674
2,1035,41400000,41404000,1856,3092,41440000,10685
2,1036,41440000,41444000,1856,3092,41480000,10697
2,1037,41480000,41484000,1856,3092,41520000,10707
2,1038,41520000,41524000,1856,3092,41560000,10717
2,1039,41560000,41564000,1856,3092,41600000,10728
2,104,4160000,4164000,1856,3092,4200000,1077
2,1040,41600000,41604000,1856,3092,41640000,10737
2,1041,41640000,41644000,1856,3092,41680000,10749
2,1042,41680000,41684000,1856,3092,41720000,10759
2,1043,41720000,41724000,1856,3092,41760000,10768
2,1044,41760000,41764000,1856,3092,41800000,10779
2,1045,41800000,41804000,1856,3092,41840000,10789
2,1046,41840000,41844000,1856,3092,41880000,10800
2,1047,41880000,41884000,1856,3092,41920000,10809
2,1048,41920000,41924000,1856,3092,41960000,10822
2,1049,41960000,41964000,1856,3092,42000000,10830
2,105,4200000,4204000,1856,3092,4240000,1089
2,1050,42000000,42004000,1856,3092,42040000,10841
2,1051,42040000,42044000,1856,3092,42080000,10853
2,1052,42080000,42084000,1856,3092,42120000,10860
2,1053,42120000,42124000,1856,3092,42160000,10872
2,1054,42160000,42164000,1856,3092,42200000,10882
2,1055,42200000,42204000,1856,3092,42240000,10892
2,1056,42240000,42244000,1856,3092,42280000,10902
2,1057,42280000,42284000,1856,3092,42320000,10915
2,1058,42320000,42324000,1856,3092,42360000,10924
2,1059,42360000,42364000,1856,3092,42400000,10934
2,106,4240000,4244000,1856,3092,4280000,1100
2,1060,42400000,42404000,1856,3092,42440000,10945
2,1061,42440000,42444000,1856,3092,42480000,10953
2,1062,42480000,42484000,1856,3092,42520000,10965
2,1063,42520000,42524000,1856,3092,42560000,10975
2,1064,42560000,42564000,1856,3092,42600000,10985
2,1065,42600000,42604000,1856,3092,42640000,10995
2,1066,42640000,42644000,1856,3092,42680000,11007
2,1067,42680000,42684000,1856,3092,42720000,11017
2,1068,42720000,42724000,1856,3092,42760000,11027
2,1069,42760000,42764000,1856,3092,42800000,11038
2,107,4280000,4284000,1856,3092,4320000,1108
2,1070,42800000,42804000,1856,3092,42840000,11046
2,1071,42840000,42844000,1856,3092,42880000,11057
2,1072,42880000,42884000,1856,3092,42920000,11069
2,1073,42920000,42924000,1856,3092,42960000,11078
2,1074,42960000,42964000,1856,3092,43000000,11088
2,1075,43000000,43004000,1856,3092,43040000,11100
2,1076,43040000,43044000,1856,3092,43080000,11109
2,1077,43080000,43084000,1856,3092,43120000,11120
2,1078,43120000,43124000,1856,3092,43160000,11131
2,1079,43160000,43164000,1856,3092,43200000,11139
2,108,4320000,4324000,1856,3092,4360000,1120
2,1080,43200000,43204000,1856,3092,43240000,11150
2,1081,43240000,43244000,1856,3092,43280000,11161
2,1082,43280000,43284000,1856,3092,43320000,11171
2,1083,43320000,43324000,1856,3092,43360000,11182
2,1084,43360000,43364000,1856,3092,43400000,11192
2,1085,43400000,43404000,1856,3092,43440000,11202
2,1086,43440000,43444000,1856,3092,43480000,11213
2,1087,43480000,43484000,1856,3092,43520000,11224
2,1088,43520000,43524000,1856,3092,43560000,11233
2,1089,43560000,43564000,1856,3092,43600000,11242
2,109,4360000,4364000,1856,3092,4400000,1129
2,1090,43600000,43604000,1856,3092,43640000,11254
2,1091,43640000,43644000,1856,3092,43680000,11263
2,1092,43680000,43684000,1856,3092,43720000,11274
2,1093,43720000,43724000,1856,3092,43760000,11287
2,1094,43760000,43764000,1856,3092,43800000,11294
2,1095,43800000,43804000,1856,3092,43840000,11306
2,1096,43840000,43844000,1856,3092,43880000,11317
2,1097,43880000,43884000,1856,3092,43920000,11325
2,1098,43920000,43924000,1856,3092,43960000,11336
2,1099,43960000,43964000,1856,3092,44000000,11346
2,11,440000,444000,1856,3092,480000,118
2,110,4400000,4404000,1856,3092,4440000,1140
2,1100,44000000,44004000,1856,3092,44040000,11357
2,1101,44040000,44044000,1856,3092,44080000,11367
2,1102,44080000,44084000,1856,3092,44120000,11379
2,1103,44120000,44124000,1856,3092,44160000,11388
2,1104,44160000,44164000,1856,3092,44200000,11398
2,1105,44200000,44204000,1856,3092,44240000,11409
2,1106,44240000,44244000,1856,3092,44280000,11418
2,1107,44280000,44284000,1856,3092,44320000,11429
2,1108,44320000,44324000,1856,3092,44360000,11440
2,1109,44360000,44364000,1856,3092,44400000,11450
2,111,4440000,4444000,1856,3092,4480000,1149
2,1110,44400000,44404000,1856,3092,44440000,11459
2,1111,44440000,44444000,1856,3092,44480000,11472
2,1112,44480000,44484000,1856,3092,44520000,11480
2,1113,44520000,44524000,1856,3092,44560000,11492
2,1114,44560000,44564000,1856,3092,44600000,11503
2,1115,44600000,44604000,1856,3092,44640000,11510
2,1116,44640000,44644000,1856,3092,44680000,11522
2,1117,44680000,44684000,1856,3092,44720000,11532
2,1118,44720000,44724000,1856,3092,44760000,11543
2,1119,44760000,44764000,1856,3092,44800000,11552
2,112,4480000,4484000,1856,3092,4520000,1162
2,1120,44800000,44804000,1856,3092,44840000,11564
2,1121,44840000,44844000,1856,3092,44880000,11574
2,1122,44880000,44884000,1856,3092,44920000,11585
2,1123,44920000,44924000,1856,3092,44960000,11596
2,1124,44960000,44964000,1856,3092,45000000,11603
2,1125,45000000,45004000,1856,3092,45040000,11614
2,1126,45040000,45044000,1856,3092,45080000,11625
2,1127,45080000,45084000,1856,3092,45120000,11636
2,1128,45120000,45124000,1856,3092,45160000,11646
2,1129,45160000,45164000,1856,3092,45200000,11657
2,113,4520000,4524000,1856,3092,4560000,1172
2,1130,45200000,45204000,1856,3092,45240000,11666
2,1131,45240000,45244000,1856,3092,45280000,11677
2,1132,45280000,45284000,1856,3092,45320000,11689
2,1133,45320000,45324000,1856,3092,45360000,11696
2,1134,45360000,45364000,1856,3092,45400000,11707
2,1135,45400000,45404000,1856,3092,45440000,11719
2,1136,45440000,45444000,1856,3092,45480000,11728
2,1137,45480000,45484000,1856,3092,45520000,11739
2,1138,45520000,45524000,1856,3092,45560000,11750
2,1139,45560000,45564000,1856,3092,45600000,11759
2,114,4560000,4564000,1856,3092,4600000,1181
2,1140,45600000,45604000,1856,3092,45640000,11770
2,1141,45640000,45644000,1856,3092,45680000,11781
2,1142,45680000,45684000,1856,3092,45720000,11790
2,1143,45720000,45724000,1856,3092,45760000,11800
2,1144,45760000,45764000,1856,3092,45800000,11811
2,1145,45800000,45804000,1856,3092,45840000,11821
2,1146,45840000,45844000,1856,3092,45880000,11831
2,1147,45880000,45884000,1856,3092,45920000,11843
2,1148,45920000,45924000,1856,3092,45960000,11853
2,1149,45960000,45964000,1856,3092,46000000,11863
2,115,4600000,4604000,1856,3092,4640000,1193
2,1150,46000000,46004000,1856,3092,46040000,11874
2,1151,46040000,46044000,1856,3092,46080000,11882
2,1152,46080000,46084000,1856,3092,46120000,11893
2,1153,46120000,46124000,1856,3092,46160000,11905
2,1154,46160000,46164000,1856,3092,46200000,11913
2,1155,46200000,46204000,1856,3092,46240000,11924
2,1156,46240000,46244000,1856,3092,46280000,11936
2,1157,46280000,46284000,1856,3092,46320000,11945
2,1158,46320000,46324000,1856,3092,46360000,11957
2,1159,46360000,46364000,1856,3092,46400000,11966
2,116,4640000,4644000,1856,3092,4680000,1200
2,1160,46400000,46404000,1856,3092,46440000,11975
2,1161,46440000,46444000,1856,3092,46480000,11986
2,1162,46480000,46484000,1856,3092,46520000,11997
2,1163,46520000,46524000,1856,3092,46560000,12008
2,1164,46560000,46564000,1856,3092,46600000,12016
2,1165,46600000,46604000,1856,3092,46640000,12029
2,1166,46640000,46644000,1856,3092,46680000,12038
2,1167,46680000,46684000,1856,3092,46720000,12049
2,1168,46720000,46724000,1856,3092,46760000,12060
2,1169,46760000,46764000,1856,3092,46800000,12067
2,117,4680000,4684000,1856,3092,4720000,1212
2,1170,46800000,46804000,1856,3092,46840000,12079
2,1171,46840000,46844000,1856,3092,46880000,12090
2,1172,46880000,46884000,1856,3092,46920000,12100
2,1173,46920000,46924000,1856,3092,46960000,12110
2,1174,46960000,46964000,1856,3092,47000000,12122
2,1175,47000000,47004000,1856,3092,47040000,12130
2,1176,47040000,47044000,1856,3092,47080000,12142
2,1177,47080000,47084000,1856,3092,47120000,12153
2,1178,47120000,47124000,1856,3092,47160000,12161
2,1179,47160000,47164000,1856,3092,47200000,12172
2,118,4720000,4724000,1856,3092,4760000,1223
2,1180,47200000,47204000,1856,3092,47240000,12182
2,1181,47240000,47244000,1856,3092,47280000,12193
2,1182,47280000,47284000,1856,3092,47320000,12202
2,1183,47320000,47324000,1856,3092,47360000,12215
2,1184,47360000,47364000,1856,3092,47400000,12224
2,1185,47400000,47404000,1856,3092,47440000,12234
2,1186,47440000,47444000,1856,3092,47480000,12246
2,1187,47480000,47484000,1856,3092,47520000,12254
2,1188,47520000,47524000,1856,3092,47560000,12265
2,1189,47560000,47564000,1856,3092,47600000,12275
2,119,4760000,4764000,1856,3092,4800000,1232
2,1190,47600000,47604000,1856,3092,47640000,12285
2,1191,47640000,47644000,1856,3092,47680000,12296
2,1192,47680000,47684000,1856,3092,47720000,12308
2,1193,47720000,47724000,1856,3092,47760000,12317
2,1194,47760000,47764000,1856,3092,47800000,12327
2,1195,47800000,47804000,1856,3092,47840000,12338
2,1196,47840000,47844000,1856,3092,47880000,12346
2,1197,47880000,47884000,1856,3092,47920000,12358
2,1198,47920000,47924000,1856,3092,47960000,12369
2,1199,47960000,47964000,1856,3092,48000000,12378
2,12,480000,484000,1856,3092,520000,128
2,120,4800000,4804000,1856,3092,4840000,1243
2,1200,48000000,48004000,1856,3092,48040000,12389
2,1201,48040000,48044000,1856,3092,48080000,12400
2,1202,48080000,48084000,1856,3092,48120000,12410
2,1203,48120000,48124000,1856,3092,48160000,12420
2,1204,48160000,48164000,1856,3092,48200000,12431
2,1205,48200000,48204000,1856,3092,48240000,12440
2,1206,48240000,48244000,1856,3092,48280000,12450
2,1207,48280000,48284000,1856,3092,48320000,12462
2,1208,48320000,48324000,1856,3092,48360000,12471
2,1209,48360000,48364000,1856,3092,48400000,12481
2,121,4840000,4844000,1856,3092,4880000,1255
2,1210,48400000,48404000,1856,3092,48440000,12493
2,1211,48440000,48444000,1856,3092,48480000,12502
2,1212,48480000,48484000,1856,3092,48520000,12514
2,1213,48520000,48524000,1856,3092,48560000,12525
2,1214,48560000,48564000,1856,3092,48600000,12532
2,1215,48600000,48604000,1856,3092,48640000,12543
2,1216,48640000,48644000,1856,3092,48680000,12554
2,1217,48680000,48684000,1856,3092,48720000,12564
2,1218,48720000,48724000,1856,3092,48760000,12575
2,1219,48760000,48764000,1856,3092,48800000,12586
2,122,4880000,4884000,1856,3092,4920000,1264
2,1220,48800000,48804000,1856,3092,48840000,12595
2,1221,48840000,48844000,1856,3092,48880000,12606
2,1222,48880000,48884000,1856,3092,48920000,12617
2,1223,48920000,48924000,1856,3092,48960000,12626
2,1224,48960000,48964000,1856,3092,49000000,12635
2,1225,49000000,49004000,1856,3092,49040000,12647
2,1226,49040000,49044000,1856,3092,49080000,12658
2,1227,49080000,49084000,1856,3092,49120000,12667
2,1228,49120000,49124000,1856,3092,49160000,12680
2,1229,49160000,49164000,1856,3092,49200000,12687
2,123,4920000,4924000,1856,3092,4960000,1275
2,1230,49200000,49204000,1856,3092,49240000,12699
2,1231,49240000,49244000,1856,3092,49280000,12710
2,1232,49280000,49284000,1856,3092,49320000,12718
2,1233,49320000,49324000,1856,3092,49360000,12730
2,1234,49360000,49364000,1856,3092,49400000,12739
2,1235,49400000,49404000,1856,3092,49440000,12750
2,1236,49440000,49444000,1856,3092,49480000,12760
2,1237,49480000,49484000,1856,3092,49520000,12772
2,1238,49520000,49524000,1856,3092,49560000,12781
2,1239,49560000,49564000,1856,3092,49600000,12792
2,124,4960000,4964000,1856,3092,5000000,1285
2,1240,49600000,49604000,1856,3092,49640000,12803
2,1241,49640000,49644000,1856,3092,49680000,12811
2,1242,49680000,49684000,1856,3092,49720000,12822
2,1243,49720000,49724000,1856,3092,49760000,12833
2,1244,49760000,49764000,1856,3092,49800000,12843
2,1245,49800000,49804000,1856,3092,49840000,12852
2,1246,49840000,49844000,1856,3092,49880000,12865
2,1247,49880000,49884000,1856,3092,49920000,12874
2,1248,49920000,49924000,1856,3092,49960000,12885
2,1249,49960000,49964000,1856,3092,50000000,12896
2,125,5000000,5004000,1856,3092,5040000,1293
2,1250,50000000,50004000,1856,3092,50040000,12903
2,1251,50040000,50044000,1856,3092,50080000,12915
2,1252,50080000,50084000,1856,3092,50120000,12926
2,1253,50120000,50124000,1856,3092,50160000,12936
2,1254,50160000,50164000,1856,3092,50200000,12946
2,1255,50200000,50204000,1856,3092,50240000,12957
2,1256,50240000,50244000,1856,3092,50280000,12967
2,1257,50280000,50284000,1856,3092,50320000,12978
2,1258,50320000,50324000,1856,3092,50360000,12989
2,1259,50360000,50364000,1856,3092,50400000,12996
2,126,5040000,5044000,1856,3092,5080000,1305
2,1260,50400000,50404000,1856,3092,50440000,13007
2,1261,50440000,50444000,1856,3092,50480000,13019
2,1262,50480000,50484000,1856,3092,50520000,13029
2,1263,50520000,50524000,1856,3092,50560000,13039
2,1264,50560000,50564000,1856,3092,50600000,13050
2,1265,50600000,50604000,1856,3092,50640000,13060
2,1266,50640000,50644000,1856,3092,50680000,13070
2,1267,50680000,50684000,1856,3092,50720000,13082
2,1268,50720000,50724000,1856,3092,50760000,13090
2,1269,50760000,50764000,1856,3092,50800000,13100
2,127,5080000,5084000,1856,3092,5120000,1316
2,1270,50800000,50804000,1856,3092,50840000,13112
2,1271,50840000,50844000,1856,3092,50880000,13121
2,1272,50880000,50884000,1856,3092,50920000,13132
2,1273,50920000,50924000,1856,3092,50960000,13143
2,1274,50960000,50964000,1856,3092,51000000,13152
2,1275,51000000,51004000,1856,3092,51040000,13164
2,1276,51040000,51044000,1856,3092,51080000,13174
2,1277,51080000,51084000,1856,3092,51120000,13183
2,1278,51120000,51124000,1856,3092,51160000,13194
2,1279,51160000,51164000,1856,3092,51200000,13204
2,128,5120000,5124000,1856,3092,5160000,1326
2,1280,51200000,51204000,1856,3092,51240000,13214
2,1281,51240000,51244000,1856,3092,51280000,13224
2,1282,51280000,51284000,1856,3092,51320000,13237
2,1283,51320000,51324000,1856,3092,51360000,13246
2,1284,51360000,51364000,1856,3092,51400000,13256
2,1285,51400000,51404000,1856,3092,51440000,13267
2,1286,51440000,51444000,1856,3092,51480000,13275
2,1287,51480000,51484000,1856,3092,51520000,13286
2,1288,51520000,51524000,1856,3092,51560000,13298
2,1289,51560000,51564000,1856,3092,51600000,13307
2,129,5160000,5164000,1856,3092,5200000,1335
2,1290,51600000,51604000,1856,3092,51640000,13317
2,1291,51640000,51644000,1856,3092,51680000,13330
2,1292,51680000,51684000,1856,3092,51720000,13338
2,1293,51720000,51724000,1856,3092,51760000,13350
2,1294,51760000,51764000,1856,3092,51800000,13359
2,1295,51800000,51804000,1856,3092,51840000,13368
2,1296,51840000,51844000,1856,3092,51880000,13380
2,1297,51880000,51884000,1856,3092,51920000,13390
2,1298,51920000,51924000,1856,3092,51960000,13401
2,1299,51960000,51964000,1856,3092,52000000,13409
2,13,520000,524000,1856,3092,560000,140
2,130,5200000,5204000,1856,3092,5240000,1347
2,1300,52000000,52004000,1856,3092,52040000,13422
2,1301,52040000,52044000,1856,3092,52080000,13431
2,1302,52080000,52084000,1856,3092,52120000,13442
2,1303,52120000,52124000,1856,3092,52160000,13454
2,1304,52160000,52164000,1856,3092,52200000,13461
2,1305,52200000,52204000,1856,3092,52240000,13472
2,1306,52240000,52244000,1856,3092,52280000,13483
2,1307,52280000,52284000,1856,3092,52320000,13493
2,1308,52320000,52324000,1856,3092,52360000,13503
2,1309,52360000,52364000,1856,3092,52400000,13515
2,131,5240000,5244000,1856,3092,5280000,1357
2,1310,52400000,52404000,1856,3092,52440000,13524
2,1311,52440000,52444000,1856,3092,52480000,13535
2,1312,52480000,52484000,1856,3092,52520000,13546
2,1313,52520000,52524000,1856,3092,52560000,13554
2,1314,52560000,52564000,1856,3092,52600000,13565
2,1315,52600000,52604000,1856,3092,52640000,13575
2,1316,52640000,52644000,1856,3092,52680000,13586
2,1317,52680000,52684000,1856,3092,52720000,13597
2,1318,52720000,52724000,1856,3092,52760000,13608
2,1319,52760000,52764000,1856,3092,52800000,13617
2,132,5280000,5284000,1856,3092,5320000,1367
2,1320,52800000,52804000,1856,3092,52840000,13627
2,1321,52840000,52844000,1856,3092,52880000,13639
2,1322,52880000,52884000,1856,3092,52920000,13647
2,1323,52920000,52924000,1856,3092,52960000,13658
2,1324,52960000,52964000,1856,3092,53000000,13669
2,1325,53000000,53004000,1856,3092,53040000,13678
2,1326,53040000,53044000,1856,3092,53080000,13689
2,1327,53080000,53084000,1856,3092,53120000,13701
2,1328,53120000,53124000,1856,3092,53160000,13710
2,1329,53160000,53164000,1856,3092,53200000,13720
2,133,5320000,5324000,1856,3092,5360000,1379
2,1330,53200000,53204000,1856,3092,53240000,13732
2,1331,53240000,53244000,1856,3092,53280000,13740
2,1332,53280000,53284000,1856,3092,53320000,13751
2,1333,53320000,53324000,1856,3092,53360000,13762
2,1334,53360000,53364000,1856,3092,53400000,13771
2,1335,53400000,53404000,1856,3092,53440000,13782
2,1336,53440000,53444000,1856,3092,53480000,13793
2,1337,53480000,53484000,1856,3092,53520000,13803
2,1338,53520000,53524000,1856,3092,53560000,13814
2,1339,53560000,53564000,1856,3092,53600000,13824
2,134,5360000,5364000,1856,3092,5400000,1387
2,1340,53600000,53604000,1856,3092,53640000,13833
2,1341,53640000,53644000,1856,3092,53680000,13843
2,1342,53680000,53684000,1856,3092,53720000,13855
2,1343,53720000,53724000,1856,3092,53760000,13865
2,1344,53760000,53764000,1856,3092,53800000,13874
2,1345,53800000,53804000,1856,3092,53840000,13887
2,1346,53840000,53844000,1856,3092,53880000,13895
2,1347,53880000,53884000,1856,3092,53920000,13907
2,1348,53920000,53924000,1856,3092,53960000,13918
2,1349,53960000,53964000,1856,3092,54000000,13925
2,135,5400000,5404000,1856,3092,5440000,1397
2,1350,54000000,54004000,1856,3092,54040000,13936
2,1351,54040000,54044000,1856,3092,54080000,13947
2,1352,54080000,54084000,1856,3092,54120000,13958
2,1353,54120000,54124000,1856,3092,54160000,13968
2,1354,54160000,54164000,1856,3092,54200000,13979
2,1355,54200000,54204000,1856,3092,54240000,13988
2,1356,54240000,54244000,1856,3092,54280000,14000
2,1357,54280000,54284000,1856,3092,54320000,14010
2,1358,54320000,54324000,1856,3092,54360000,14019
2,1359,54360000,54364000,1856,3092,54400000,14029
2,136,5440000,5444000,1856,3092,5480000,1409
2,1360,54400000,54404000,1856,3092,54440000,14040
2,1361,54440000,54444000,1856,3092,54480000,14051
2,1362,54480000,54484000,1856,3092,54520000,14060
2,1363,54520000,54524000,1856,3092,54560000,14073
2,1364,54560000,54564000,1856,3092,54600000,14080
2,1365,54600000,54604000,1856,3092,54640000,14092
2,1366,54640000,54644000,1856,3092,54680000,14104
2,1367,54680000,54684000,1856,3092,54720000,14111
2,1368,54720000,54724000,1856,3092,54760000,14123
2,1369,54760000,54764000,1856,3092,54800000,14133
2,137,5480000,5484000,1856,3092,5520000,1418
2,1370,54800000,54804000,1856,3092,54840000,14143
2,1371,54840000,54844000,1856,3092,54880000,14153
2,1372,54880000,54884000,1856,3092,54920000,14165
2,1373,54920000,54924000,1856,3092,54960000,14175
2,1374,54960000,54964000,1856,3092,55000000,14185
2,1375,55000000,55004000,1856,3092,55040000,14196
2,1376,55040000,55044000,1856,3092,55080000,14204
2,1377,55080000,55084000,1856,3092,55120000,14215
2,1378,55120000,55124000,1856,3092,55160000,14226
2,1379,55160000,55164000,1856,3092,55200000,14236
2,138,5520000,5524000,1856,3092,5560000,1429
2,1380,55200000,55204000,1856,3092,55240000,14246
2,1381,55240000,55244000,1856,3092,55280000,14258
2,1382,55280000,55284000,1856,3092,55320000,14268
2,1383,55320000,55324000,1856,3092,55360000,14278
2,1384,55360000,55364000,1856,3092,55400000,14289
2,1385,55400000,55404000,1856,3092,55440000,14296
2,1386,55440000,55444000,1856,3092,55480000,14308
2,1387,55480000,55484000,1856,3092,55520000,14320
2,1388,55520000,55524000,1856,3092,55560000,14329
2,1389,55560000,55564000,1856,3092,55600000,14339
2,139,5560000,5564000,1856,3092,5600000,1440
2,1390,55600000,55604000,1856,3092,55640000,14350
2,1391,55640000,55644000,1856,3092,55680000,14360
2,1392,55680000,55684000,1856,3092,55720000,14371
2,1393,55720000,55724000,1856,3092,55760000,14382
2,1394,55760000,55764000,1856,3092,55800000,14390
2,1395,55800000,55804000,1856,3092,55840000,14401
2,1396,55840000,55844000,1856,3092,55880000,14412
2,1397,55880000,55884000,1856,3092,55920000,14422
2,1398,55920000,55924000,1856,3092,55960000,14432
2,1399,55960000,55964000,1856,3092,56000000,14443
2,14,560000,564000,1856,3092,600000,149
2,140,5600000,5604000,1856,3092,5640000,1449
2,1400,56000000,56004000,1856,3092,56040000,14453
2,1401,56040000,56044000,1856,3092,56080000,14464
2,1402,56080000,56084000,1856,3092,56120000,14475
2,1403,56120000,56124000,1856,3092,56160000,14483
2,1404,56160000,56164000,1856,3092,56200000,14493
2,1405,56200000,56204000,1856,3092,56240000,14505
2,1406,56240000,56244000,1856,3092,56280000,14514
2,1407,56280000,56284000,1856,3092,56320000,14525
2,1408,56320000,56324000,1856,3092,56360000,14538
2,1409,56360000,56364000,1856,3092,56400000,14545
2,141,5640000,5644000,1856,3092,5680000,1461
2,1410,56400000,56404000,1856,3092,56440000,14557
2,1411,56440000,56444000,1856,3092,56480000,14567
2,1412,56480000,56484000,1856,3092,56520000,14576
2,1413,56520000,56524000,1856,3092,56560000,14587
2,1414,56560000,56564000,1856,3092,56600000,14597
2,1415,56600000,56604000,1856,3092,56640000,14608
2,1416,56640000,56644000,1856,3092,56680000,14617
2,1417,56680000,56684000,1856,3092,56720000,14630
2,1418,56720000,56724000,1856,3092,56760000,14639
2,1419,56760000,56764000,1856,3092,56800000,14649
2,142,5680000,5684000,1856,3092,5720000,1471
2,1420,56800000,56804000,1856,3092,56840000,14660
2,1421,56840000,56844000,1856,3092,56880000,14669
2,1422,56880000,56884000,1856,3092,56920000,14680
2,1423,56920000,56924000,1856,3092,56960000,14691
2,1424,56960000,56964000,1856,3092,57000000,14700
2,1425,57000000,57004000,1856,3092,57040000,14710
2,1426,57040000,57044000,1856,3092,57080000,14723
2,1427,57080000,57084000,1856,3092,57120000,14731
2,1428,57120000,57124000,1856,3092,57160000,14743
2,1429,57160000,57164000,1856,3092,57200000,14753
2,143,5720000,5724000,1856,3092,5760000,1480
2,1430,57200000,57204000,1856,3092,57240000,14761
2,1431,57240000,57244000,1856,3092,57280000,14773
2,1432,57280000,57284000,1856,3092,57320000,14783
2,1433,57320000,57324000,1856,3092,57360000,14794
2,1434,57360000,57364000,1856,3092,57400000,14803
2,1435,57400000,57404000,1856,3092,57440000,14815
2,1436,57440000,57444000,1856,3092,57480000,14825
2,1437,57480000,57484000,1856,3092,57520000,14835
2,1438,57520000,57524000,1856,3092,57560000,14847
2,1439,57560000,57564000,1856,3092,57600000,14854
2,144,5760000,5764000,1856,3092,5800000,1490
2,1440,57600000,57604000,1856,3092,57640000,14865
2,1441,57640000,57644000,1856,3092,57680000,14876
2,1442,57680000,57684000,1856,3092,57720000,14886
2,1443,57720000,57724000,1856,3092,57760000,14897
2,1444,57760000,57764000,1856,3092,57800000,14908
2,1445,57800000,57804000,1856,3092,57840000,14917
2,1446,57840000,57844000,1856,3092,57880000,14928
2,1447,57880000,57884000,1856,3092,57920000,14940
2,1448,57920000,57924000,1856,3092,57960000,14947
2,1449,57960000,57964000,1856,3092,58000000,14958
2,145,5800000,5804000,1856,3092,5840000,1501
2,1450,58000000,58004000,1856,3092,58040000,14969
2,1451,58040000,58044000,1856,3092,58080000,14979
2,1452,58080000,58084000,1856,3092,58120000,14990
2,1453,58120000,58124000,1856,3092,58160000,15001
2,1454,58160000,58164000,1856,3092,58200000,15010
2,1455,58200000,58204000,1856,3092,58240000,15020
2,1456,58240000,58244000,1856,3092,58280000,15032
2,1457,58280000,58284000,1856,3092,58320000,15041
2,1458,58320000,58324000,1856,3092,58360000,15051
2,1459,58360000,58364000,1856,3092,58400000,15062
2,146,5840000,5844000,1856,3092,5880000,1511
2,1460,58400000,58404000,1856,3092,58440000,15072
2,1461,58440000,58444000,1856,3092,58480000,15082
2,1462,58480000,58484000,1856,3092,58520000,15094
2,1463,58520000,58524000,1856,3092,58560000,15103
2,1464,58560000,58564000,1856,3092,58600000,15114
2,1465,58600000,58604000,1856,3092,58640000,15125
2,1466,58640000,58644000,1856,3092,58680000,15133
2,1467,58680000,58684000,1856,3092,58720000,15144
2,1468,58720000,58724000,1856,3092,58760000,15155
2,1469,58760000,58764000,1856,3092,58800000,15164
2,147,5880000,5884000,1856,3092,5920000,1522
2,1470,58800000,58804000,1856,3092,58840000,15175
2,1471,58840000,58844000,1856,3092,58880000,15187
2,1472,58880000,58884000,1856,3092,58920000,15196
2,1473,58920000,58924000,1856,3092,58960000,15208
2,1474,58960000,58964000,1856,3092,59000000,15217
2,1475,59000000,59004000,1856,3092,59040000,15226
2,1476,59040000,59044000,1856,3092,59080000,15236
2,1477,59080000,59084000,1856,3092,59120000,15248
2,1478,59120000,59124000,1856,3092,59160000,15259
2,1479,59160000,59164000,1856,3092,59200000,15267
2,148,5920000,5924000,1856,3092,5960000,1534
2,1480,59200000,59204000,1856,3092,59240000,15280
2,1481,59240000,59244000,1856,3092,59280000,15288
2,1482,59280000,59284000,1856,3092,59320000,15300
2,1483,59320000,59324000,1856,3092,59360000,15311
2,1484,59360000,59364000,1856,3092,59400000,15318
2,1485,59400000,59404000,1856,3092,59440000,15330
2,1486,59440000,59444000,1856,3092,59480000,15341
2,1487,59480000,59484000,1856,3092,59520000,15351
2,1488,59520000,59524000,1856,3092,59560000,15361
2,1489,59560000,59564000,1856,3092,59600000,15372
2,149,5960000,5964000,1856,3092,6000000,1542
2,1490,59600000,59604000,1856,3092,59640000,15381
2,1491,59640000,59644000,1856,3092,59680000,15393
2,1492,59680000,59684000,1856,3092,59720000,15404
2,1493,59720000,59724000,1856,3092,59760000,15412
2,1494,59760000,59764000,1856,3092,59800000,15422
2,1495,59800000,59804000,1856,3092,59840000,15433
2,1496,59840000,59844000,1856,3092,59880000,15444
2,1497,59880000,59884000,1856,3092,59920000,15453
2,1498,59920000,59924000,1856,3092,59960000,15466
2,1499,59960000,59964000,1856,3092,60000000,15475
2,15,600000,604000,1856,3092,640000,160
2,150,6000000,6004000,1856,3092,6040000,1553
2,1500,60000000,60004000,1856,3092,60040000,15485
2,1501,60040000,60044000,1856,3092,60080000,15497
2,1502,60080000,60084000,1856,3092,60120000,15504
2,1503,60120000,60124000,1856,3092,60160000,15516
2,1504,60160000,60164000,1856,3092,60200000,15526
2,1505,60200000,60204000,1856,3092,60240000,15536
2,1506,60240000,60244000,1856,3092,60280000,15547
2,1507,60280000,60284000,1856,3092,60320000,15558
2,1508,60320000,60324000,1856,3092,60360000,15568
2,1509,60360000,60364000,1856,3092,60400000,15578
2,151,6040000,6044000,1856,3092,6080000,1564
2,1510,60400000,60404000,1856,3092,60440000,15589
2,1511,60440000,60444000,1856,3092,60480000,15597
2,1512,60480000,60484000,1856,3092,60520000,15609
2,1513,60520000,60524000,1856,3092,60560000,15620
2,1514,60560000,60564000,1856,3092,60600000,15629
2,1515,60600000,60604000,1856,3092,60640000,15639
2,1516,60640000,60644000,1856,3092,60680000,15651
2,1517,60680000,60684000,1856,3092,60720000,15661
2,1518,60720000,60724000,1856,3092,60760000,15671
2,1519,60760000,60764000,1856,3092,60800000,15682
2,152,6080000,6084000,1856,3092,6120000,1573
2,1520,60800000,60804000,1856,3092,60840000,15690
2,1521,60840000,60844000,1856,3092,60880000,15701
2,1522,60880000,60884000,1856,3092,60920000,15713
2,1523,60920000,60924000,1856,3092,60960000,15722
2,1524,60960000,60964000,1856,3092,61000000,15732
2,1525,61000000,61004000,1856,3092,61040000,15744
2,1526,61040000,61044000,1856,3092,61080000,15753
2,1527,61080000,61084000,1856,3092,61120000,15765
2,1528,61120000,61124000,1856,3092,61160000,15775
2,1529,61160000,61164000,1856,3092,61200000,15783
2,153,6120000,6124000,1856,3092,6160000,1583
2,1530,61200000,61204000,1856,3092,61240000,15794
2,1531,61240000,61244000,1856,3092,61280000,15805
2,1532,61280000,61284000,1856,3092,61320000,15815
2,1533,61320000,61324000,1856,3092,61360000,15825
2,1534,61360000,61364000,1856,3092,61400000,15837
2,1535,61400000,61404000,1856,3092,61440000,15846
2,1536,61440000,61444000,1856,3092,61480000,15857
2,1537,61480000,61484000,1856,3092,61520000,15868
2,1538,61520000,61524000,1856,3092,61560000,15877
2,1539,61560000,61564000,1856,3092,61600000,15886
2,154,6160000,6164000,1856,3092,6200000,1594
2,1540,61600000,61604000,1856,3092,61640000,15898
2,1541,61640000,61644000,1856,3092,61680000,15908
2,1542,61680000,61684000,1856,3092,61720000,15918
2,1543,61720000,61724000,1856,3092,61760000,15931
2,1544,61760000,61764000,1856,3092,61800000,15938
2,1545,61800000,61804000,1856,3092,61840000,15950
2,1546,61840000,61844000,1856,3092,61880000,15960
2,1547,61880000,61884000,1856,3092,61920000,15969
2,1548,61920000,61924000,1856,3092,61960000,15981
2,1549,61960000,61964000,1856,3092,62000000,15990
2,155,6200000,6204000,1856,3092,6240000,1604
2,1550,62000000,62004000,1856,3092,62040000,16001
2,1551,62040000,62044000,1856,3092,62080000,16011
2,1552,62080000,62084000,1856,3092,62120000,16023
2,1553,62120000,62124000,1856,3092,62160000,16032
2,1554,62160000,62164000,1856,3092,62200000,16042
2,1555,62200000,62204000,1856,3092,62240000,16054
2,1556,62240000,62244000,1856,3092,62280000,16062
2,1557,62280000,62284000,1856,3092,62320000,16073
2,1558,62320000,62324000,1856,3092,62360000,16084
2,1559,62360000,62364000,1856,3092,62400000,16093
2,156,6240000,6244000,1856,3092,6280000,1614
2,1560,62400000,62404000,1856,3092,62440000,16103
2,1561,62440000,62444000,1856,3092,62480000,16116
2,1562,62480000,62484000,1856,3092,62520000,16125
2,1563,62520000,62524000,1856,3092,62560000,16136
2,1564,62560000,62564000,1856,3092,62600000,16147
2,1565,62600000,62604000,1856,3092,62640000,16154
2,1566,62640000,62644000,1856,3092,62680000,16166
2,1567,62680000,62684000,1856,3092,62720000,16176
2,1568,62720000,62724000,1856,3092,62760000,16187
2,1569,62760000,62764000,1856,3092,62800000,16197
2,157,6280000,6284000,1856,3092,6320000,1627
2,1570,62800000,62804000,1856,3092,62840000,16208
2,1571,62840000,62844000,1856,3092,62880000,16218
2,1572,62880000,62884000,1856,3092,62920000,16228
2,1573,62920000,62924000,1856,3092,62960000,16240
2,1574,62960000,62964000,1856,3092,63000000,16247
2,1575,63000000,63004000,1856,3092,63040000,16258
2,1576,63040000,63044000,1856,3092,63080000,16270
2,1577,63080000,63084000,1856,3092,63120000,16280
2,1578,63120000,63124000,1856,3092,63160000,16290
2,1579,63160000,63164000,1856,3092,63200000,16301
2,158,6320000,6324000,1856,3092,6360000,1635
2,1580,63200000,63204000,1856,3092,63240000,16310
2,1581,63240000,63244000,1856,3092,63280000,16321
2,1582,63280000,63284000,1856,3092,63320000,16333
2,1583,63320000,63324000,1856,3092,63360000,16341
2,1584,63360000,63364000,1856,3092,63400000,16351
2,1585,63400000,63404000,1856,3092,63440000,16362
2,1586,63440000,63444000,1856,3092,63480000,16372
2,1587,63480000,63484000,1856,3092,63520000,16383
2,1588,63520000,63524000,1856,3092,63560000,16394
2,1589,63560000,63564000,1856,3092,63600000,16403
2,159,6360000,6364000,1856,3092,6400000,1646
2,1590,63600000,63604000,1856,3092,63640000,16415
2,1591,63640000,63644000,1856,3092,63680000,16425
2,1592,63680000,63684000,1856,3092,63720000,16434
2,1593,63720000,63724000,1856,3092,63760000,16444
2,1594,63760000,63764000,1856,3092,63800000,16455
2,1595,63800000,63804000,1856,3092,63840000,16465
2,1596,63840000,63844000,1856,3092,63880000,16475
2,1597,63880000,63884000,1856,3092,63920000,16488
2,1598,63920000,63924000,1856,3092,63960000,16496
2,1599,63960000,63964000,1856,3092,64000000,16507
2,16,640000,644000,1856,3092,680000,171
2,160,6400000,6404000,1856,3092,6440000,1657
2,1600,64000000,64004000,1856,3092,64040000,16518
2,1601,64040000,64044000,1856,3092,64080000,16526
2,1602,64080000,64084000,1856,3092,64120000,16537
2,1603,64120000,64124000,1856,3092,64160000,16549
2,1604,64160000,64164000,1856,3092,64200000,16558
2,1605,64200000,64204000,1856,3092,64240000,16568
2,1606,64240000,64244000,1856,3092,64280000,16580
2,1607,64280000,64284000,1856,3092,64320000,16589
2,1608,64320000,64324000,1856,3092,64360000,16601
2,1609,64360000,64364000,1856,3092,64400000,16610
2,161,6440000,6444000,1856,3092,6480000,1665
2,1610,64400000,64404000,1856,3092,64440000,16619
2,1611,64440000,64444000,1856,3092,64480000,16630
2,1612,64480000,64484000,1856,3092,64520000,16641
2,1613,64520000,64524000,1856,3092,64560000,16652
2,1614,64560000,64564000,1856,3092,64600000,16660
2,1615,64600000,64604000,1856,3092,64640000,16673
2,1616,64640000,64644000,1856,3092,64680000,16682
2,1617,64680000,64684000,1856,3092,64720000,16693
2,1618,64720000,64724000,1856,3092,64760000,16705
2,1619,64760000,64764000,1856,3092,64800000,16711
2,162,6480000,6484000,1856,3092,6520000,1677
2,1620,64800000,64804000,1856,3092,64840000,16723
2,1621,64840000,64844000,1856,3092,64880000,16734
2,1622,64880000,64884000,1856,3092,64920000,16744
2,1623,64920000,64924000,1856,3092,64960000,16754
2,1624,64960000,64964000,1856,3092,65000000,16765
2,1625,65000000,65004000,1856,3092,65040000,16775
2,1626,65040000,65044000,1856,3092,65080000,16786
2,1627,65080000,65084000,1856,3092,65120000,16797
2,1628,65120000,65124000,1856,3092,65160000,16805
2,1629,65160000,65164000,1856,3092,65200000,16816
2,163,6520000,6524000,1856,3092,6560000,1687
2,1630,65200000,65204000,1856,3092,65240000,16826
2,1631,65240000,65244000,1856,3092,65280000,16837
2,1632,65280000,65284000,1856,3092,65320000,16847
2,1633,65320000,65324000,1856,3092,65360000,16859
2,1634,65360000,65364000,1856,3092,65400000,16868
2,1635,65400000,65404000,1856,3092,65440000,16878
2,1636,65440000,65444000,1856,3092,65480000,16890
2,1637,65480000,65484000,1856,3092,65520000,16897
2,1638,65520000,65524000,1856,3092,65560000,16909
2,1639,65560000,65564000,1856,3092,65600000,16920
2,164,6560000,6564000,1856,3092,6600000,1697
2,1640,65600000,65604000,1856,3092,65640000,16929
2,1641,65640000,65644000,1856,3092,65680000,16940
2,1642,65680000,65684000,1856,3092,65720000,16952
2,1643,65720000,65724000,1856,3092,65760000,16961
2,1644,65760000,65764000,1856,3092,65800000,16971
2,1645,65800000,65804000,1856,3092,65840000,16982
2,1646,65840000,65844000,1856,3092,65880000,16991
2,1647,65880000,65884000,1856,3092,65920000,17002
2,1648,65920000,65924000,1856,3092,65960000,17013
2,1649,65960000,65964000,1856,3092,66000000,17022
2,165,6600000,6604000,1856,3092,6640000,1707
2,1650,66000000,66004000,1856,3092,66040000,17032
2,1651,66040000,66044000,1856,3092,66080000,17044
2,1652,66080000,66084000,1856,3092,66120000,17054
2,1653,66120000,66124000,1856,3092,66160000,17065
2,1654,66160000,66164000,1856,3092,66200000,17075
2,1655,66200000,66204000,1856,3092,66240000,17084
2,1656,66240000,66244000,1856,3092,66280000,17094
2,1657,66280000,66284000,1856,3092,66320000,17106
2,1658,66320000,66324000,1856,3092,66360000,17115
2,1659,66360000,66364000,1856,3092,66400000,17125
2,166,6640000,6644000,1856,3092,6680000,1719
2,1660,66400000,66404000,1856,3092,66440000,17138
2,1661,66440000,66444000,1856,3092,66480000,17146
2,1662,66480000,66484000,1856,3092,66520000,17158
2,1663,66520000,66524000,1856,3092,66560000,17168
2,1664,66560000,66564000,1856,3092,66600000,17176
2,1665,66600000,66604000,1856,3092,66640000,17187
2,1666,66640000,66644000,1856,3092,66680000,17198
2,1667,66680000,66684000,1856,3092,66720000,17209
2,1668,66720000,66724000,1856,3092,66760000,17219
2,1669,66760000,66764000,1856,3092,66800000,17230
2,167,6680000,6684000,1856,3092,6720000,1728
2,1670,66800000,66804000,1856,3092,66840000,17239
2,1671,66840000,66844000,1856,3092,66880000,17250
2,1672,66880000,66884000,1856,3092,66920000,17261
2,1673,66920000,66924000,1856,3092,66960000,17270
2,1674,66960000,66964000,1856,3092,67000000,17280
2,1675,67000000,67004000,1856,3092,67040000,17291
2,1676,67040000,67044000,1856,3092,67080000,17301
2,1677,67080000,67084000,1856,3092,67120000,17311
2,1678,67120000,67124000,1856,3092,67160000,17324
2,1679,67160000,67164000,1856,3092,67200000,17331
2,168,6720000,6724000,1856,3092,6760000,1739
2,1680,67200000,67204000,1856,3092,67240000,17343
2,1681,67240000,67244000,1856,3092,67280000,17355
2,1682,67280000,67284000,1856,3092,67320000,17362
2,1683,67320000,67324000,1856,3092,67360000,17374
2,1684,67360000,67364000,1856,3092,67400000,17383
2,1685,67400000,67404000,1856,3092,67440000,17394
2,1686,67440000,67444000,1856,3092,67480000,17404
2,1687,67480000,67484000,1856,3092,67520000,17416
2,1688,67520000,67524000,1856,3092,67560000,17426
2,1689,67560000,67564000,1856,3092,67600000,17435
2,169,6760000,6764000,1856,3092,6800000,1750
2,1690,67600000,67604000,1856,3092,67640000,17447
2,1691,67640000,67644000,1856,3092,67680000,17455
2,1692,67680000,67684000,1856,3092,67720000,17466
2,1693,67720000,67724000,1856,3092,67760000,17477
2,1694,67760000,67764000,1856,3092,67800000,17487
2,1695,67800000,67804000,1856,3092,67840000,17497
2,1696,67840000,67844000,1856,3092,67880000,17509
2,1697,67880000,67884000,1856,3092,67920000,17518
2,1698,67920000,67924000,1856,3092,67960000,17529
2,1699,67960000,67964000,1856,3092,68000000,17540
2,17,680000,684000,1856,3092,720000,180
2,170,6800000,6804000,1856,3092,6840000,1758
2,1700,68000000,68004000,1856,3092,68040000,17547
2,1701,68040000,68044000,1856,3092,68080000,17559
2,1702,68080000,68084000,1856,3092,68120000,17570
2,1703,68120000,68124000,1856,3092,68160000,17580
2,1704,68160000,68164000,1856,3092,68200000,17590
2,1705,68200000,68204000,1856,3092,68240000,17601
2,1706,68240000,68244000,1856,3092,68280000,17611
2,1707,68280000,68284000,1856,3092,68320000,17622
2,1708,68320000,68324000,1856,3092,68360000,17633
2,1709,68360000,68364000,1856,3092,68400000,17641
2,171,6840000,6844000,1856,3092,6880000,1769
2,1710,68400000,68404000,1856,3092,68440000,17651
2,1711,68440000,68444000,1856,3092,68480000,17663
2,1712,68480000,68484000,1856,3092,68520000,17673
2,1713,68520000,68524000,1856,3092,68560000,17683
2,1714,68560000,68564000,1856,3092,68600000,17694
2,1715,68600000,68604000,1856,3092,68640000,17703
2,1716,68640000,68644000,1856,3092,68680000,17715
2,1717,68680000,68684000,1856,3092,68720000,17726
2,1718,68720000,68724000,1856,3092,68760000,17734
2,1719,68760000,68764000,1856,3092,68800000,17744
2,172,6880000,6884000,1856,3092,6920000,1780
2,1720,68800000,68804000,1856,3092,68840000,17756
2,1721,68840000,68844000,1856,3092,68880000,17765
2,1722,68880000,68884000,1856,3092,68920000,17776
2,1723,68920000,68924000,1856,3092,68960000,17788
2,1724,68960000,68964000,1856,3092,69000000,17796
2,1725,69000000,69004000,1856,3092,69040000,17808
2,1726,69040000,69044000,1856,3092,69080000,17818
2,1727,69080000,69084000,1856,3092,69120000,17827
2,1728,69120000,69124000,1856,3092,69160000,17837
2,1729,69160000,69164000,1856,3092,69200000,17848
2,173,6920000,6924000,1856,3092,6960000,1791
2,1730,69200000,69204000,1856,3092,69240000,17859
2,1731,69240000,69244000,1856,3092,69280000,17868
2,1732,69280000,69284000,1856,3092,69320000,17881
2,1733,69320000,69324000,1856,3092,69360000,17890
2,1734,69360000,69364000,1856,3092,69400000,17900
2,1735,69400000,69404000,1856,3092,69440000,17911
2,1736,69440000,69444000,1856,3092,69480000,17919
2,1737,69480000,69484000,1856,3092,69520000,17931
2,1738,69520000,69524000,1856,3092,69560000,17942
2,1739,69560000,69564000,1856,3092,69600000,17951
2,174,6960000,6964000,1856,3092,7000000,1799
2,1740,69600000,69604000,1856,3092,69640000,17961
2,1741,69640000,69644000,1856,3092,69680000,17973
2,1742,69680000,69684000,1856,3092,69720000,17982
2,1743,69720000,69724000,1856,3092,69760000,17994
2,1744,69760000,69764000,1856,3092,69800000,18004
2,1745,69800000,69804000,1856,3092,69840000,18012
2,1746,69840000,69844000,1856,3092,69880000,18024
2,1747,69880000,69884000,1856,3092,69920000,18034
2,1748,69920000,69924000,1856,3092,69960000,18045
2,1749,69960000,69964000,1856,3092,70000000,18053
2,175,7000000,7004000,1856,3092,7040000,1812
2,1750,70000000,70004000,1856,3092,70040000,18066
2,1751,70040000,70044000,1856,3092,70080000,18076
2,1752,70080000,70084000,1856,3092,70120000,18086
2,1753,70120000,70124000,1856,3092,70160000,18098
2,1754,70160000,70164000,1856,3092,70200000,18104
2,1755,70200000,70204000,1856,3092,70240000,18116
2,1756,70240000,70244000,1856,3092,70280000,18127
2,1757,70280000,70284000,1856,3092,70320000,18137
2,1758,70320000,70324000,1856,3092,70360000,18148
2,1759,70360000,70364000,1856,3092,70400000,18159
2,176,7040000,7044000,1856,3092,7080000,1821
2,1760,70400000,70404000,1856,3092,70440000,18168
2,1761,70440000,70444000,1856,3092,70480000,18179
2,1762,70480000,70484000,1856,3092,70520000,18190
2,1763,70520000,70524000,1856,3092,70560000,18198
2,1764,70560000,70564000,1856,3092,70600000,18209
2,1765,70600000,70604000,1856,3092,70640000,18220
2,1766,70640000,70644000,1856,3092,70680000,18230
2,1767,70680000,70684000,1856,3092,70720000,18240
2,1768,70720000,70724000,1856,3092,70760000,18252
2,1769,70760000,70764000,1856,3092,70800000,18261
2,177,7080000,7084000,1856,3092,7120000,1832
2,1770,70800000,70804000,1856,3092,70840000,18271
2,1771,70840000,70844000,1856,3092,70880000,18283
2,1772,70880000,70884000,1856,3092,70920000,18292
2,1773,70920000,70924000,1856,3092,70960000,18302
2,1774,70960000,70964000,1856,3092,71000000,18313
2,1775,71000000,71004000,1856,3092,71040000,18322
2,1776,71040000,71044000,1856,3092,71080000,18333
2,1777,71080000,71084000,1856,3092,71120000,18345
2,1778,71120000,71124000,1856,3092,71160000,18354
2,1779,71160000,71164000,1856,3092,71200000,18365
2,178,7120000,7124000,1856,3092,7160000,1844
2,1780,71200000,71204000,1856,3092,71240000,18375
2,1781,71240000,71244000,1856,3092,71280000,18384
2,1782,71280000,71284000,1856,3092,71320000,18395
2,1783,71320000,71324000,1856,3092,71360000,18406
2,1784,71360000,71364000,1856,3092,71400000,18415
2,1785,71400000,71404000,1856,3092,71440000,18426
2,1786,71440000,71444000,1856,3092,71480000,18438
2,1787,71480000,71484000,1856,3092,71520000,18447
2,1788,71520000,71524000,1856,3092,71560000,18458
2,1789,71560000,71564000,1856,3092,71600000,18468
2,179,7160000,7164000,1856,3092,7200000,1850
2,1790,71600000,71604000,1856,3092,71640000,18477
2,1791,71640000,71644000,1856,3092,71680000,18487
2,1792,71680000,71684000,1856,3092,71720000,18499
2,1793,71720000,71724000,1856,3092,71760000,18509
2,1794,71760000,71764000,1856,3092,71800000,18518
2,1795,71800000,71804000,1856,3092,71840000,18531
2,1796,71840000,71844000,1856,3092,71880000,18539
2,1797,71880000,71884000,1856,3092,71920000,18551
2,1798,71920000,71924000,1856,3092,71960000,18562
2,1799,71960000,71964000,1856,3092,72000000,18569
2,18,720000,724000,1856,3092,760000,190
2,180,7200000,7204000,1856,3092,7240000,1862
2,1800,72000000,72004000,1856,3092,72040000,18581
2,1801,72040000,72044000,1856,3092,72080000,18591
2,1802,72080000,72084000,1856,3092,72120000,18602
2,1803,72120000,72124000,1856,3092,72160000,18612
2,1804,72160000,72164000,1856,3092,72200000,18623
2,1805,72200000,72204000,1856,3092,72240000,18632
2,1806,72240000,72244000,1856,3092,72280000,18643
2,1807,72280000,72284000,1856,3092,72320000,18655
2,1808,72320000,72324000,1856,3092,72360000,18663
2,1809,72360000,72364000,1856,3092,72400000,18673
2,181,7240000,7244000,1856,3092,7280000,1872
2,1810,72400000,72404000,1856,3092,72440000,18684
2,1811,72440000,72444000,1856,3092,72480000,18695
2,1812,72480000,72484000,1856,3092,72520000,18704
2,1813,72520000,72524000,1856,3092,72560000,18717
2,1814,72560000,72564000,1856,3092,72600000,18725
2,1815,72600000,72604000,1856,3092,72640000,18736
2,1816,72640000,72644000,1856,3092,72680000,18748
2,1817,72680000,72684000,1856,3092,72720000,18755
2,1818,72720000,72724000,1856,3092,72760000,18767
2,1819,72760000,72764000,1856,3092,72800000,18776
2,182,7280000,7284000,1856,3092,7320000,1883
2,1820,72800000,72804000,1856,3092,72840000,18787
2,1821,72840000,72844000,1856,3092,72880000,18798
2,1822,72880000,72884000,1856,3092,72920000,18809
2,1823,72920000,72924000,1856,3092,72960000,18819
2,1824,72960000,72964000,1856,3092,73000000,18829
2,1825,73000000,73004000,1856,3092,73040000,18840
2,1826,73040000,73044000,1856,3092,73080000,18848
2,1827,73080000,73084000,1856,3092,73120000,18859
2,1828,73120000,73124000,1856,3092,73160000,18871
2,1829,73160000,73164000,1856,3092,73200000,18880
2,183,7320000,7324000,1856,3092,7360000,1894
2,1830,73200000,73204000,1856,3092,73240000,18890
2,1831,73240000,73244000,1856,3092,73280000,18902
2,1832,73280000,73284000,1856,3092,73320000,18911
2,1833,73320000,73324000,1856,3092,73360000,18922
2,1834,73360000,73364000,1856,3092,73400000,18933
2,1835,73400000,73404000,1856,3092,73440000,18941
2,1836,73440000,73444000,1856,3092,73480000,18952
2,1837,73480000,73484000,1856,3092,73520000,18964
2,1838,73520000,73524000,1856,3092,73560000,18973
2,1839,73560000,73564000,1856,3092,73600000,18983
2,184,7360000,7364000,1856,3092,7400000,1904
2,1840,73600000,73604000,1856,3092,73640000,18994
2,1841,73640000,73644000,1856,3092,73680000,19004
2,1842,73680000,73684000,1856,3092,73720000,19016
2,1843,73720000,73724000,1856,3092,73760000,19026
2,1844,73760000,73764000,1856,3092,73800000,19034
2,1845,73800000,73804000,1856,3092,73840000,19044
2,1846,73840000,73844000,1856,3092,73880000,19056
2,1847,73880000,73884000,1856,3092,73920000,19066
2,1848,73920000,73924000,1856,3092,73960000,19076
2,1849,73960000,73964000,1856,3092,74000000,19088
2,185,7400000,7404000,1856,3092,7440000,1914
2,1850,74000000,74004000,1856,3092,74040000,19097
2,1851,74040000,74044000,1856,3092,74080000,19108
2,1852,74080000,74084000,1856,3092,74120000,19119
2,1853,74120000,74124000,1856,3092,74160000,19127
2,1854,74160000,74164000,1856,3092,74200000,19137
2,1855,74200000,74204000,1856,3092,74240000,19149
2,1856,74240000,74244000,1856,3092,74280000,19159
2,1857,74280000,74284000,1856,3092,74320000,19169
2,1858,74320000,74324000,1856,3092,74360000,19181
2,1859,74360000,74364000,1856,3092,74400000,19189
2,186,7440000,7444000,1856,3092,7480000,1925
2,1860,74400000,74404000,1856,3092,74440000,19201
2,1861,74440000,74444000,1856,3092,74480000,19211
2,1862,74480000,74484000,1856,3092,74520000,19220
2,1863,74520000,74524000,1856,3092,74560000,19232
2,1864,74560000,74564000,1856,3092,74600000,19241
2,1865,74600000,74604000,1856,3092,74640000,19252
2,1866,74640000,74644000,1856,3092,74680000,19261
2,1867,74680000,74684000,1856,3092,74720000,19274
2,1868,74720000,74724000,1856,3092,74760000,19283
2,1869,74760000,74764000,1856,3092,74800000,19293
2,187,7480000,7484000,1856,3092,7520000,1936
2,1870,74800000,74804000,1856,3092,74840000,19305
2,1871,74840000,74844000,1856,3092,74880000,19312
2,1872,74880000,74884000,1856,3092,74920000,19324
2,1873,74920000,74924000,1856,3092,74960000,19335
2,1874,74960000,74964000,1856,3092,75000000,19344
2,1875,75000000,75004000,1856,3092,75040000,19354
2,1876,75040000,75044000,1856,3092,75080000,19367
2,1877,75080000,75084000,1856,3092,75120000,19376
2,1878,75120000,75124000,1856,3092,75160000,19387
2,1879,75160000,75164000,1856,3092,75200000,19397
2,188,7520000,7524000,1856,3092,7560000,1944
2,1880,75200000,75204000,1856,3092,75240000,19405
2,1881,75240000,75244000,1856,3092,75280000,19417
2,1882,75280000,75284000,1856,3092,75320000,19427
2,1883,75320000,75324000,1856,3092,75360000,19438
2,1884,75360000,75364000,1856,3092,75400000,19447
2,1885,75400000,75404000,1856,3092,75440000,19459
2,1886,75440000,75444000,1856,3092,75480000,19469
2,1887,75480000,75484000,1856,3092,75520000,19479
2,1888,75520000,75524000,1856,3092,75560000,19491
2,1889,75560000,75564000,1856,3092,75600000,19498
2,189,7560000,7564000,1856,3092,7600000,1954
2,1890,75600000,75604000,1856,3092,75640000,19509
2,1891,75640000,75644000,1856,3092,75680000,19521
2,1892,75680000,75684000,1856,3092,75720000,19530
2,1893,75720000,75724000,1856,3092,75760000,19541
2,1894,75760000,75764000,1856,3092,75800000,19552
2,1895,75800000,75804000,1856,3092,75840000,19561
2,1896,75840000,75844000,1856,3092,75880000,19572
2,1897,75880000,75884000,1856,3092,75920000,19583
2,1898,75920000,75924000,1856,3092,75960000,19592
2,1899,75960000,75964000,1856,3092,76000000,19602
2,19,760000,764000,1856,3092,800000,201
2,190,7600000,7604000,1856,3092,7640000,1966
2,1900,76000000,76004000,1856,3092,76040000,19613
2,1901,76040000,76044000,1856,3092,76080000,19623
2,1902,76080000,76084000,1856,3092,76120000,19634
2,1903,76120000,76124000,1856,3092,76160000,19645
2,1904,76160000,76164000,1856,3092,76200000,19654
2,1905,76200000,76204000,1856,3092,76240000,19665
2,1906,76240000,76244000,1856,3092,76280000,19676
2,1907,76280000,76284000,1856,3092,76320000,19685
2,1908,76320000,76324000,1856,3092,76360000,19695
2,1909,76360000,76364000,1856,3092,76400000,19706
2,191,7640000,7644000,1856,3092,7680000,1976
2,1910,76400000,76404000,1856,3092,76440000,19715
2,1911,76440000,76444000,1856,3092,76480000,19726
2,1912,76480000,76484000,1856,3092,76520000,19739
2,1913,76520000,76524000,1856,3092,76560000,19747
2,1914,76560000,76564000,1856,3092,76600000,19758
2,1915,76600000,76604000,1856,3092,76640000,19769
2,1916,76640000,76644000,1856,3092,76680000,19777
2,1917,76680000,76684000,1856,3092,76720000,19788
2,1918,76720000,76724000,1856,3092,76760000,19799
2,1919,76760000,76764000,1856,3092,76800000,19809
2,192,7680000,7684000,1856,3092,7720000,1986
2,1920,76800000,76804000,1856,3092,76840000,19819
2,1921,76840000,76844000,1856,3092,76880000,19831
2,1922,76880000,76884000,1856,3092,76920000,19840
2,1923,76920000,76924000,1856,3092,76960000,19851
2,1924,76960000,76964000,1856,3092,77000000,19861
2,1925,77000000,77004000,1856,3092,77040000,19870
2,1926,77040000,77044000,1856,3092,77080000,19881
2,1927,77080000,77084000,1856,3092,77120000,19892
2,1928,77120000,77124000,1856,3092,77160000,19903
2,1929,77160000,77164000,1856,3092,77200000,19911
2,193,7720000,7724000,1856,3092,7760000,1998
2,1930,77200000,77204000,1856,3092,77240000,19924
2,1931,77240000,77244000,1856,3092,77280000,19932
2,1932,77280000,77284000,1856,3092,77320000,19944
2,1933,77320000,77324000,1856,3092,77360000,19956
2,1934,77360000,77364000,1856,3092,77400000,19962
2,1935,77400000,77404000,1856,3092,77440000,19974
2,1936,77440000,77444000,1856,3092,77480000,19984
2,1937,77480000,77484000,1856,3092,77520000,19995
2,1938,77520000,77524000,1856,3092,77560000,20005
2,1939,77560000,77564000,1856,3092,77600000,20016
2,194,7760000,7764000,1856,3092,7800000,2006
2,1940,77600000,77604000,1856,3092,77640000,20026
2,1941,77640000,77644000,1856,3092,77680000,20037
2,1942,77680000,77684000,1856,3092,77720000,20048
2,1943,77720000,77724000,1856,3092,77760000,20056
2,1944,77760000,77764000,1856,3092,77800000,20066
2,1945,77800000,77804000,1856,3092,77840000,20077
2,1946,77840000,77844000,1856,3092,77880000,20088
2,1947,77880000,77884000,1856,3092,77920000,20098
2,1948,77920000,77924000,1856,3092,77960000,20110
2,1949,77960000,77964000,1856,3092,78000000,20118
2,195,7800000,7804000,1856,3092,7840000,2017
2,1950,78000000,78004000,1856,3092,78040000,20129
2,1951,78040000,78044000,1856,3092,78080000,20141
2,1952,78080000,78084000,1856,3092,78120000,20148
2,1953,78120000,78124000,1856,3092,78160000,20160
2,1954,78160000,78164000,1856,3092,78200000,20171
2,1955,78200000,78204000,1856,3092,78240000,20180
2,1956,78240000,78244000,1856,3092,78280000,20191
2,1957,78280000,78284000,1856,3092,78320000,20202
2,1958,78320000,78324000,1856,3092,78360000,20212
2,1959,78360000,78364000,1856,3092,78400000,20222
2,196,7840000,7844000,1856,3092,7880000,2029
2,1960,78400000,78404000,1856,3092,78440000,20233
2,1961,78440000,78444000,1856,3092,78480000,20242
2,1962,78480000,78484000,1856,3092,78520000,20252
2,1963,78520000,78524000,1856,3092,78560000,20264
2,1964,78560000,78564000,1856,3092,78600000,20273
2,1965,78600000,78604000,1856,3092,78640000,20283
2,1966,78640000,78644000,1856,3092,78680000,20295
2,1967,78680000,78684000,1856,3092,78720000,20305
2,1968,78720000,78724000,1856,3092,78760000,20316
2,1969,78760000,78764000,1856,3092,78800000,20326
2,197,7880000,7884000,1856,3092,7920000,2037
2,1970,78800000,78804000,1856,3092,78840000,20334
2,1971,78840000,78844000,1856,3092,78880000,20345
2,1972,78880000,78884000,1856,3092,78920000,20357
2,1973,78920000,78924000,1856,3092,78960000,20366
2,1974,78960000,78964000,1856,3092,79000000,20376
2,1975,79000000,79004000,1856,3092,79040000,20388
2,1976,79040000,79044000,1856,3092,79080000,20397
2,1977,79080000,79084000,1856,3092,79120000,20409
2,1978,79120000,79124000,1856,3092,79160000,20419
2,1979,79160000,79164000,1856,3092,79200000,20427
2,198,7920000,7924000,1856,3092,7960000,2048
2,1980,79200000,79204000,1856,3092,79240000,20438
2,1981,79240000,79244000,1856,3092,79280000,20449
2,1982,79280000,79284000,1856,3092,79320000,20460
2,1983,79320000,79324000,1856,3092,79360000,20469
2,1984,79360000,79364000,1856,3092,79400000,20481
2,1985,79400000,79404000,1856,3092,79440000,20490
2,1986,79440000,79444000,1856,3092,79480000,20501
2,1987,79480000,79484000,1856,3092,79520000,20512
2,1988,79520000,79524000,1856,3092,79560000,20520
2,1989,79560000,79564000,1856,3092,79600000,20531
2,199,7960000,7964000,1856,3092,8000000,2059
2,1990,79600000,79604000,1856,3092,79640000,20542
2,1991,79640000,79644000,1856,3092,79680000,20552
2,1992,79680000,79684000,1856,3092,79720000,20562
2,1993,79720000,79724000,1856,3092,79760000,20575
2,1994,79760000,79764000,1856,3092,79800000,20582
2,1995,79800000,79804000,1856,3092,79840000,20594
2,1996,79840000,79844000,1856,3092,79880000,20605
2,1997,79880000,79884000,1856,3092,79920000,20613
2,1998,79920000,79924000,1856,3092,79960000,20625
2,1999,79960000,79964000,1856,3092,80000000,20634
2,2,80000,84000,1856,3092,120000,25
2,20,800000,804000,1856,3092,840000,210
2,200,8000000,8004000,1856,3092,8040000,2068
2,2000,80000000,80004000,1856,3092,80040000,20645
2,2001,80040000,80044000,1856,3092,80080000,20654
2,2002,80080000,80084000,1856,3092,80120000,20667
2,2003,80120000,80124000,1856,3092,80160000,20677
2,2004,80160000,80164000,1856,3092,80200000,20686
2,2005,80200000,80204000,1856,3092,80240000,20698
2,2006,80240000,80244000,1856,3092,80280000,20706
2,2007,80280000,80284000,1856,3092,80320000,20717
2,2008,80320000,80324000,1856,3092,80360000,20728
2,2009,80360000,80364000,1856,3092,80400000,20737
2,201,8040000,8044000,1856,3092,8080000,2079
2,2010,80400000,80404000,1856,3092,80440000,20748
2,2011,80440000,80444000,1856,3092,80480000,20760
2,2012,80480000,80484000,1856,3092,80520000,20769
2,2013,80520000,80524000,1856,3092,80560000,20780
2,2014,80560000,80564000,1856,3092,80600000,20790
2,2015,80600000,80604000,1856,3092,80640000,20798
2,2016,80640000,80644000,1856,3092,80680000,20810
2,2017,80680000,80684000,1856,3092,80720000,20821
2,2018,80720000,80724000,1856,3092,80760000,20831
2,2019,80760000,80764000,1856,3092,80800000,20841
2,202,8080000,8084000,1856,3092,8120000,2090
2,2020,80800000,80804000,1856,3092,80840000,20852
2,2021,80840000,80844000,1856,3092,80880000,20862
2,2022,80880000,80884000,1856,3092,80920000,20872
2,2023,80920000,80924000,1856,3092,80960000,20884
2,2024,80960000,80964000,1856,3092,81000000,20892
2,2025,81000000,81004000,1856,3092,81040000,20902
2,2026,81040000,81044000,1856,3092,81080000,20914
2,2027,81080000,81084000,1856,3092,81120000,20923
2,2028,81120000,81124000,1856,3092,81160000,20934
2,2029,81160000,81164000,1856,3092,81200000,20945
2,203,8120000,8124000,1856,3092,8160000,2100
2,2030,81200000,81204000,1856,3092,81240000,20954
2,2031,81240000,81244000,1856,3092,81280000,20966
2,2032,81280000,81284000,1856,3092,81320000,20977
2,2033,81320000,81324000,1856,3092,81360000,20985
2,2034,81360000,81364000,1856,3092,81400000,20995
2,2035,81400000,81404000,1856,3092,81440000,21006
2,2036,81440000,81444000,1856,3092,81480000,21016
2,2037,81480000,81484000,1856,3092,81520000,21027
2,2038,81520000,81524000,1856,3092,81560000,21039
2,2039,81560000,81564000,1856,3092,81600000,21047
2,204,8160000,8164000,1856,3092,8200000,2111
2,2040,81600000,81604000,1856,3092,81640000,21058
2,2041,81640000,81644000,1856,3092,81680000,21069
2,2042,81680000,81684000,1856,3092,81720000,21078
2,2043,81720000,81724000,1856,3092,81760000,21088
2,2044,81760000,81764000,1856,3092,81800000,21099
2,2045,81800000,81804000,1856,3092,81840000,21110
2,2046,81840000,81844000,1856,3092,81880000,21119
2,2047,81880000,81884000,1856,3092,81920000,21132
2,2048,81920000,81924000,1856,3092,81960000,21140
2,2049,81960000,81964000,1856,3092,82000000,21151
2,205,8200000,8204000,1856,3092,8240000,2121
2,2050,82000000,82004000,1856,3092,82040000,21162
2,2051,82040000,82044000,1856,3092,82080000,21170
2,2052,82080000,82084000,1856,3092,82120000,21182
2,2053,82120000,82124000,1856,3092,82160000,21192
2,2054,82160000,82164000,1856,3092,82200000,21202
2,2055,82200000,82204000,1856,3092,82240000,21212
2,2056,82240000,82244000,1856,3092,82280000,21224
2,2057,82280000,82284000,1856,3092,82320000,21233
2,2058,82320000,82324000,1856,3092,82360000,21245
2,2059,82360000,82364000,1856,3092,82400000,21255
2,206,8240000,8244000,1856,3092,8280000,2130
2,2060,82400000,82404000,1856,3092,82440000,21263
2,2061,82440000,82444000,1856,3092,82480000,21274
2,2062,82480000,82484000,1856,3092,82520000,21285
2,2063,82520000,82524000,1856,3092,82560000,21296
2,2064,82560000,82564000,1856,3092,82600000,21304
2,2065,82600000,82604000,1856,3092,82640000,21317
2,2066,82640000,82644000,1856,3092,82680000,21326
2,2067,82680000,82684000,1856,3092,82720000,21337
2,2068,82720000,82724000,1856,3092,82760000,21349
2,2069,82760000,82764000,1856,3092,82800000,21355
2,207,8280000,8284000,1856,3092,8320000,2140
2,2070,82800000,82804000,1856,3092,82840000,21367
2,2071,82840000,82844000,1856,3092,82880000,21378
2,2072,82880000,82884000,1856,3092,82920000,21388
2,2073,82920000,82924000,1856,3092,82960000,21399
2,2074,82960000,82964000,1856,3092,83000000,21409
2,2075,83000000,83004000,1856,3092,83040000,21419
2,2076,83040000,83044000,1856,3092,83080000,21430
2,2077,83080000,83084000,1856,3092,83120000,21441
2,2078,83120000,83124000,1856,3092,83160000,21449
2,2079,83160000,83164000,1856,3092,83200000,21459
2,208,8320000,8324000,1856,3092,8360000,2152
2,2080,83200000,83204000,1856,3092,83240000,21471
2,2081,83240000,83244000,1856,3092,83280000,21481
2,2082,83280000,83284000,1856,3092,83320000,21491
2,2083,83320000,83324000,1856,3092,83360000,21503
2,2084,83360000,83364000,1856,3092,83400000,21512
2,2085,83400000,83404000,1856,3092,83440000,21522
2,2086,83440000,83444000,1856,3092,83480000,21534
2,2087,83480000,83484000,1856,3092,83520000,21542
2,2088,83520000,83524000,1856,3092,83560000,21553
2,2089,83560000,83564000,1856,3092,83600000,21564
2,209,8360000,8364000,1856,3092,8400000,2161
2,2090,83600000,83604000,1856,3092,83640000,21573
2,2091,83640000,83644000,1856,3092,83680000,21584
2,2092,83680000,83684000,1856,3092,83720000,21595
2,2093,83720000,83724000,1856,3092,83760000,21605
2,2094,83760000,83764000,1856,3092,83800000,21616
2,2095,83800000,83804000,1856,3092,83840000,21626
2,2096,83840000,83844000,1856,3092,83880000,21635
2,2097,83880000,83884000,1856,3092,83920000,21646
2,2098,83920000,83924000,1856,3092,83960000,21657
2,2099,83960000,83964000,1856,3092,84000000,21666
2,21,840000,844000,1856,3092,880000,221
2,210,8400000,8404000,1856,3092,8440000,2171
2,2100,84000000,84004000,1856,3092,84040000,21676
2,2101,84040000,84044000,1856,3092,84080000,21689
2,2102,84080000,84084000,1856,3092,84120000,21698
2,2103,84120000,84124000,1856,3092,84160000,21709
2,2104,84160000,84164000,1856,3092,84200000,21719
2,2105,84200000,84204000,1856,3092,84240000,21727
2,2106,84240000,84244000,1856,3092,84280000,21738
2,2107,84280000,84284000,1856,3092,84320000,21750
2,2108,84320000,84324000,1856,3092,84360000,21760
2,2109,84360000,84364000,1856,3092,84400000,21769
2,211,8440000,8444000,1856,3092,8480000,2184
2,2110,84400000,84404000,1856,3092,84440000,21782
2,2111,84440000,84444000,1856,3092,84480000,21790
2,2112,84480000,84484000,1856,3092,84520000,21802
2,2113,84520000,84524000,1856,3092,84560000,21812
2,2114,84560000,84564000,1856,3092,84600000,21820
2,2115,84600000,84604000,1856,3092,84640000,21832
2,2116,84640000,84644000,1856,3092,84680000,21842
2,2117,84680000,84684000,1856,3092,84720000,21853
2,2118,84720000,84724000,1856,3092,84760000,21862
2,2119,84760000,84764000,1856,3092,84800000,21874
2,212,8480000,8484000,1856,3092,8520000,2193
2,2120,84800000,84804000,1856,3092,84840000,21883
2,2121,84840000,84844000,1856,3092,84880000,21894
2,2122,84880000,84884000,1856,3092,84920000,21906
2,2123,84920000,84924000,1856,3092,84960000,21914
2,2124,84960000,84964000,1856,3092,85000000,21924
2,2125,85000000,85004000,1856,3092,85040000,21935
2,2126,85040000,85044000,1856,3092,85080000,21945
2,2127,85080000,85084000,1856,3092,85120000,21955
2,2128,85120000,85124000,1856,3092,85160000,21968
2,2129,85160000,85164000,1856,3092,85200000,21976
2,213,8520000,8524000,1856,3092,8560000,2204
2,2130,85200000,85204000,1856,3092,85240000,21987
2,2131,85240000,85244000,1856,3092,85280000,21998
2,2132,85280000,85284000,1856,3092,85320000,22006
2,2133,85320000,85324000,1856,3092,85360000,22018
2,2134,85360000,85364000,1856,3092,85400000,22027
2,2135,85400000,85404000,1856,3092,85440000,22038
2,2136,85440000,85444000,1856,3092,85480000,22049
2,2137,85480000,85484000,1856,3092,85520000,22060
2,2138,85520000,85524000,1856,3092,85560000,22070
2,2139,85560000,85564000,1856,3092,85600000,22079
2,214,8560000,8564000,1856,3092,8600000,2214
2,2140,85600000,85604000,1856,3092,85640000,22091
2,2141,85640000,85644000,1856,3092,85680000,22099
2,2142,85680000,85684000,1856,3092,85720000,22110
2,2143,85720000,85724000,1856,3092,85760000,22122
2,2144,85760000,85764000,1856,3092,85800000,22130
2,2145,85800000,85804000,1856,3092,85840000,22141
2,2146,85840000,85844000,1856,3092,85880000,22153
2,2147,85880000,85884000,1856,3092,85920000,22162
2,2148,85920000,85924000,1856,3092,85960000,22173
2,2149,85960000,85964000,1856,3092,86000000,22184
2,215,8600000,8604000,1856,3092,8640000,2222
2,2150,86000000,86004000,1856,3092,86040000,22192
2,2151,86040000,86044000,1856,3092,86080000,22203
2,2152,86080000,86084000,1856,3092,86120000,22214
2,2153,86120000,86124000,1856,3092,86160000,22224
2,2154,86160000,86164000,1856,3092,86200000,22234
2,2155,86200000,86204000,1856,3092,86240000,22245
2,2156,86240000,86244000,1856,3092,86280000,22255
2,2157,86280000,86284000,1856,3092,86320000,22266
2,2158,86320000,86324000,1856,3092,86360000,22277
2,2159,86360000,86364000,1856,3092,86400000,22285
2,216,8640000,8644000,1856,3092,8680000,2233
2,2160,86400000,86404000,1856,3092,86440000,22295
2,2161,86440000,86444000,1856,3092,86480000,22307
2,2162,86480000,86484000,1856,3092,86520000,22317
2,2163,86520000,86524000,1856,3092,86560000,22327
2,2164,86560000,86564000,1856,3092,86600000,22339
2,2165,86600000,86604000,1856,3092,86640000,22347
2,2166,86640000,86644000,1856,3092,86680000,22359
2,2167,86680000,86684000,1856,3092,86720000,22370
2,2168,86720000,86724000,1856,3092,86760000,22378
2,2169,86760000,86764000,1856,3092,86800000,22388
2,217,8680000,8684000,1856,3092,8720000,2245
2,2170,86800000,86804000,1856,3092,86840000,22399
2,2171,86840000,86844000,1856,3092,86880000,22410
2,2172,86880000,86884000,1856,3092,86920000,22420
2,2173,86920000,86924000,1856,3092,86960000,22432
2,2174,86960000,86964000,1856,3092,87000000,22440
2,2175,87000000,87004000,1856,3092,87040000,22452
2,2176,87040000,87044000,1856,3092,87080000,22462
2,2177,87080000,87084000,1856,3092,87120000,22471
2,2178,87120000,87124000,1856,3092,87160000,22482
2,2179,87160000,87164000,1856,3092,87200000,22492
2,218,8720000,8724000,1856,3092,8760000,2255
2,2180,87200000,87204000,1856,3092,87240000,22503
2,2181,87240000,87244000,1856,3092,87280000,22512
2,2182,87280000,87284000,1856,3092,87320000,22525
2,2183,87320000,87324000,1856,3092,87360000,22533
2,2184,87360000,87364000,1856,3092,87400000,22544
2,2185,87400000,87404000,1856,3092,87440000,22556
2,2186,87440000,87444000,1856,3092,87480000,22563
2,2187,87480000,87484000,1856,3092,87520000,22575
2,2188,87520000,87524000,1856,3092,87560000,22586
2,2189,87560000,87564000,1856,3092,87600000,22595
2,219,8760000,8764000,1856,3092,8800000,2264
2,2190,87600000,87604000,1856,3092,87640000,22605
2,2191,87640000,87644000,1856,3092,87680000,22617
2,2192,87680000,87684000,1856,3092,87720000,22627
2,2193,87720000,87724000,1856,3092,87760000,22638
2,2194,87760000,87764000,1856,3092,87800000,22648
2,2195,87800000,87804000,1856,3092,87840000,22656
2,2196,87840000,87844000,1856,3092,87880000,22667
2,2197,87880000,87884000,1856,3092,87920000,22678
2,2198,87920000,87924000,1856,3092,87960000,22689
2,2199,87960000,87964000,1856,3092,88000000,22698
2,22,880000,884000,1856,3092,920000,234
2,220,8800000,8804000,1856,3092,8840000,2276
2,2200,88000000,88004000,1856,3092,88040000,22710
2,2201,88040000,88044000,1856,3092,88080000,22720
2,2202,88080000,88084000,1856,3092,88120000,22730
2,2203,88120000,88124000,1856,3092,88160000,22742
2,2204,88160000,88164000,1856,3092,88200000,22748
2,2205,88200000,88204000,1856,3092,88240000,22760
2,2206,88240000,88244000,1856,3092,88280000,22772
2,2207,88280000,88284000,1856,3092,88320000,22781
2,2208,88320000,88324000,1856,3092,88360000,22792
2,2209,88360000,88364000,1856,3092,88400000,22802
2,221,8840000,8844000,1856,3092,8880000,2285
2,2210,88400000,88404000,1856,3092,88440000,22812
2,2211,88440000,88444000,1856,3092,88480000,22823
2,2212,88480000,88484000,1856,3092,88520000,22834
2,2213,88520000,88524000,1856,3092,88560000,22843
2,2214,88560000,88564000,1856,3092,88600000,22853
2,2215,88600000,88604000,1856,3092,88640000,22864
2,2216,88640000,88644000,1856,3092,88680000,22874
2,2217,88680000,88684000,1856,3092,88720000,22884
2,2218,88720000,88724000,1856,3092,88760000,22896
2,2219,88760000,88764000,1856,3092,88800000,22905
2,222,8880000,8884000,1856,3092,8920000,2297
2,2220,88800000,88804000,1856,3092,88840000,22916
2,2221,88840000,88844000,1856,3092,88880000,22927
2,2222,88880000,88884000,1856,3092,88920000,22935
2,2223,88920000,88924000,1856,3092,88960000,22946
2,2224,88960000,88964000,1856,3092,89000000,22957
2,2225,89000000,89004000,1856,3092,89040000,22966
2,2226,89040000,89044000,1856,3092,89080000,22977
2,2227,89080000,89084000,1856,3092,89120000,22990
2,2228,89120000,89124000,1856,3092,89160000,22998
2,2229,89160000,89164000,1856,3092,89200000,23009
2,223,8920000,8924000,1856,3092,8960000,2307
2,2230,89200000,89204000,1856,3092,89240000,23019
2,2231,89240000,89244000,1856,3092,89280000,23028
2,2232,89280000,89284000,1856,3092,89320000,23039
2,2233,89320000,89324000,1856,3092,89360000,23050
2,2234,89360000,89364000,1856,3092,89400000,23060
2,2235,89400000,89404000,1856,3092,89440000,23069
2,2236,89440000,89444000,1856,3092,89480000,23082
2,2237,89480000,89484000,1856,3092,89520000,23091
2,2238,89520000,89524000,1856,3092,89560000,23102
2,2239,89560000,89564000,1856,3092,89600000,23112
2,224,8960000,8964000,1856,3092,9000000,2315
2,2240,89600000,89604000,1856,3092,89640000,23121
2,2241,89640000,89644000,1856,3092,89680000,23132
2,2242,89680000,89684000,1856,3092,89720000,23143
2,2243,89720000,89724000,1856,3092,89760000,23153
2,2244,89760000,89764000,1856,3092,89800000,23162
2,2245,89800000,89804000,1856,3092,89840000,23175
2,2246,89840000,89844000,1856,3092,89880000,23183
2,2247,89880000,89884000,1856,3092,89920000,23195
2,2248,89920000,89924000,1856,3092,89960000,23206
2,2249,89960000,89964000,1856,3092,90000000,23213
2,225,9000000,9004000,1856,3092,9040000,2327
2,2250,90000000,90004000,1856,3092,90040000,23225
2,2251,90040000,90044000,1856,3092,90080000,23235
2,2252,90080000,90084000,1856,3092,90120000,23246
2,2253,90120000,90124000,1856,3092,90160000,23256
2,2254,90160000,90164000,1856,3092,90200000,23267
2,2255,90200000,90204000,1856,3092,90240000,23277
2,2256,90240000,90244000,1856,3092,90280000,23287
2,2257,90280000,90284000,1856,3092,90320000,23299
2,2258,90320000,90324000,1856,3092,90360000,23307
2,2259,90360000,90364000,1856,3092,90400000,23317
2,226,9040000,9044000,1856,3092,9080000,2337
2,2260,90400000,90404000,1856,3092,90440000,23328
2,2261,90440000,90444000,1856,3092,90480000,23338
2,2262,90480000,90484000,1856,3092,90520000,23349
2,2263,90520000,90524000,1856,3092,90560000,23361
2,2264,90560000,90564000,1856,3092,90600000,23369
2,2265,90600000,90604000,1856,3092,90640000,23380
2,2266,90640000,90644000,1856,3092,90680000,23392
2,2267,90680000,90684000,1856,3092,90720000,23399
2,2268,90720000,90724000,1856,3092,90760000,23411
2,2269,90760000,90764000,1856,3092,90800000,23421
2,227,9080000,9084000,1856,3092,9120000,2348
2,2270,90800000,90804000,1856,3092,90840000,23431
2,2271,90840000,90844000,1856,3092,90880000,23442
2,2272,90880000,90884000,1856,3092,90920000,23453
2,2273,90920000,90924000,1856,3092,90960000,23463
2,2274,90960000,90964000,1856,3092,91000000,23472
2,2275,91000000,91004000,1856,3092,91040000,23484
2,2276,91040000,91044000,1856,3092,91080000,23493
2,2277,91080000,91084000,1856,3092,91120000,23503
2,2278,91120000,91124000,1856,3092,91160000,23515
2,2279,91160000,91164000,1856,3092,91200000,23524
2,228,9120000,9124000,1856,3092,9160000,2357
2,2280,91200000,91204000,1856,3092,91240000,23534
2,2281,91240000,91244000,1856,3092,91280000,23546
2,2282,91280000,91284000,1856,3092,91320000,23555
2,2283,91320000,91324000,1856,3092,91360000,23567
2,2284,91360000,91364000,1856,3092,91400000,23577
2,2285,91400000,91404000,1856,3092,91440000,23585
2,2286,91440000,91444000,1856,3092,91480000,23596
2,2287,91480000,91484000,1856,3092,91520000,23607
2,2288,91520000,91524000,1856,3092,91560000,23617
2,2289,91560000,91564000,1856,3092,91600000,23627
2,229,9160000,9164000,1856,3092,9200000,2369
2,2290,91600000,91604000,1856,3092,91640000,23639
2,2291,91640000,91644000,1856,3092,91680000,23648
2,2292,91680000,91684000,1856,3092,91720000,23660
2,2293,91720000,91724000,1856,3092,91760000,23670
2,2294,91760000,91764000,1856,3092,91800000,23678
2,2295,91800000,91804000,1856,3092,91840000,23688
2,2296,91840000,91844000,1856,3092,91880000,23700
2,2297,91880000,91884000,1856,3092,91920000,23711
2,2298,91920000,91924000,1856,3092,91960000,23720
2,2299,91960000,91964000,1856,3092,92000000,23732
2,23,920000,924000,1856,3092,960000,242
2,230,9200000,9204000,1856,3092,9240000,2378
2,2300,92000000,92004000,1856,3092,92040000,23740
2,2301,92040000,92044000,1856,3092,92080000,23752
2,2302,92080000,92084000,1856,3092,92120000,23763
2,2303,92120000,92124000,1856,3092,92160000,23771
2,2304,92160000,92164000,1856,3092,92200000,23782
2,2305,92200000,92204000,1856,3092,92240000,23793
2,2306,92240000,92244000,1856,3092,92280000,23803
2,2307,92280000,92284000,1856,3092,92320000,23813
2,2308,92320000,92324000,1856,3092,92360000,23825
2,2309,92360000,92364000,1856,3092,92400000,23833
2,231,9240000,9244000,1856,3092,9280000,2389
2,2310,92400000,92404000,1856,3092,92440000,23845
2,2311,92440000,92444000,1856,3092,92480000,23856
2,2312,92480000,92484000,1856,3092,92520000,23864
2,2313,92520000,92524000,1856,3092,92560000,23875
2,2314,92560000,92564000,1856,3092,92600000,23885
2,2315,92600000,92604000,1856,3092,92640000,23896
2,2316,92640000,92644000,1856,3092,92680000,23905
2,2317,92680000,92684000,1856,3092,92720000,23918
2,2318,92720000,92724000,1856,3092,92760000,23928
2,2319,92760000,92764000,1856,3092,92800000,23937
2,232,9280000,9284000,1856,3092,9320000,2401
2,2320,92800000,92804000,1856,3092,92840000,23949
2,2321,92840000,92844000,1856,3092,92880000,23956
2,2322,92880000,92884000,1856,3092,92920000,23968
2,2323,92920000,92924000,1856,3092,92960000,23979
2,2324,92960000,92964000,1856,3092,93000000,23988
2,2325,93000000,93004000,1856,3092,93040000,23999
2,2326,93040000,93044000,1856,3092,93080000,24010
2,2327,93080000,93084000,1856,3092,93120000,24020
2,2328,93120000,93124000,1856,3092,93160000,24031
2,2329,93160000,93164000,1856,3092,93200000,24041
2,233,9320000,9324000,1856,3092,9360000,2408
2,2330,93200000,93204000,1856,3092,93240000,24049
2,2331,93240000,93244000,1856,3092,93280000,24061
2,2332,93280000,93284000,1856,3092,93320000,24072
2,2333,93320000,93324000,1856,3092,93360000,24082
2,2334,93360000,93364000,1856,3092,93400000,24091
2,2335,93400000,93404000,1856,3092,93440000,24103
2,2336,93440000,93444000,1856,3092,93480000,24113
2,2337,93480000,93484000,1856,3092,93520000,24123
2,2338,93520000,93524000,1856,3092,93560000,24135
2,2339,93560000,93564000,1856,3092,93600000,24142
2,234,9360000,9364000,1856,3092,9400000,2419
2,2340,93600000,93604000,1856,3092,93640000,24153
2,2341,93640000,93644000,1856,3092,93680000,24165
2,2342,93680000,93684000,1856,3092,93720000,24174
2,2343,93720000,93724000,1856,3092,93760000,24185
2,2344,93760000,93764000,1856,3092,93800000,24196
2,2345,93800000,93804000,1856,3092,93840000,24205
2,2346,93840000,93844000,1856,3092,93880000,24217
2,2347,93880000,93884000,1856,3092,93920000,24227
2,2348,93920000,93924000,1856,3092,93960000,24236
2,2349,93960000,93964000,1856,3092,94000000,24246
2,235,9400000,9404000,1856,3092,9440000,2430
2,2350,94000000,94004000,1856,3092,94040000,24257
2,2351,94040000,94044000,1856,3092,94080000,24267
2,2352,94080000,94084000,1856,3092,94120000,24277
2,2353,94120000,94124000,1856,3092,94160000,24290
2,2354,94160000,94164000,1856,3092,94200000,24298
2,2355,94200000,94204000,1856,3092,94240000,24309
2,2356,94240000,94244000,1856,3092,94280000,24320
2,2357,94280000,94284000,1856,3092,94320000,24329
2,2358,94320000,94324000,1856,3092,94360000,24339
2,2359,94360000,94364000,1856,3092,94400000,24350
2,236,9440000,9444000,1856,3092,9480000,2440
2,2360,94400000,94404000,1856,3092,94440000,24360
2,2361,94440000,94444000,1856,3092,94480000,24370
2,2362,94480000,94484000,1856,3092,94520000,24383
2,2363,94520000,94524000,1856,3092,94560000,24391
2,2364,94560000,94564000,1856,3092,94600000,24402
2,2365,94600000,94604000,1856,3092,94640000,24412
2,2366,94640000,94644000,1856,3092,94680000,24421
2,2367,94680000,94684000,1856,3092,94720000,24433
2,2368,94720000,94724000,1856,3092,94760000,24443
2,2369,94760000,94764000,1856,3092,94800000,24453
2,237,9480000,9484000,1856,3092,9520000,2450
2,2370,94800000,94804000,1856,3092,94840000,24463
2,2371,94840000,94844000,1856,3092,94880000,24475
2,2372,94880000,94884000,1856,3092,94920000,24484
2,2373,94920000,94924000,1856,3092,94960000,24495
2,2374,94960000,94964000,1856,3092,95000000,24506
2,2375,95000000,95004000,1856,3092,95040000,24514
2,2376,95040000,95044000,1856,3092,95080000,24525
2,2377,95080000,95084000,1856,3092,95120000,24536
2,2378,95120000,95124000,1856,3092,95160000,24546
2,2379,95160000,95164000,1856,3092,95200000,24555
2,238,9520000,9524000,1856,3092,9560000,2463
2,2380,95200000,95204000,1856,3092,95240000,24568
2,2381,95240000,95244000,1856,3092,95280000,24577
2,2382,95280000,95284000,1856,3092,95320000,24588
2,2383,95320000,95324000,1856,3092,95360000,24600
2,2384,95360000,95364000,1856,3092,95400000,24606
2,2385,95400000,95404000,1856,3092,95440000,24618
2,2386,95440000,95444000,1856,3092,95480000,24628
2,2387,95480000,95484000,1856,3092,95520000,24639
2,2388,95520000,95524000,1856,3092,95560000,24650
2,2389,95560000,95564000,1856,3092,95600000,24660
2,239,9560000,9564000,1856,3092,9600000,2471
2,2390,95600000,95604000,1856,3092,95640000,24670
2,2391,95640000,95644000,1856,3092,95680000,24680
2,2392,95680000,95684000,1856,3092,95720000,24692
2,2393,95720000,95724000,1856,3092,95760000,24700
2,2394,95760000,95764000,1856,3092,95800000,24710
2,2395,95800000,95804000,1856,3092,95840000,24722
2,2396,95840000,95844000,1856,3092,95880000,24732
2,2397,95880000,95884000,1856,3092,95920000,24742
2,2398,95920000,95924000,1856,3092,95960000,24754
2,2399,95960000,95964000,1856,3092,96000000,24762
2,24,960000,964000,1856,3092,1000000,253
2,240,9600000,9604000,1856,3092,9640000,2482
2,2400,96000000,96004000,1856,3092,96040000,24773
2,2401,96040000,96044000,1856,3092,96080000,24785
2,2402,96080000,96084000,1856,3092,96120000,24793
2,2403,96120000,96124000,1856,3092,96160000,24804
2,2404,96160000,96164000,1856,3092,96200000,24814
2,2405,96200000,96204000,1856,3092,96240000,24824
2,2406,96240000,96244000,1856,3092,96280000,24835
2,2407,96280000,96284000,1856,3092,96320000,24846
2,2408,96320000,96324000,1856,3092,96360000,24856
2,2409,96360000,96364000,1856,3092,96400000,24867
2,241,9640000,9644000,1856,3092,9680000,2493
2,2410,96400000,96404000,1856,3092,96440000,24877
2,2411,96440000,96444000,1856,3092,96480000,24886
2,2412,96480000,96484000,1856,3092,96520000,24896
2,2413,96520000,96524000,1856,3092,96560000,24908
2,2414,96560000,96564000,1856,3092,96600000,24917
2,2415,96600000,96604000,1856,3092,96640000,24927
2,2416,96640000,96644000,1856,3092,96680000,24940
2,2417,96680000,96684000,1856,3092,96720000,24948
2,2418,96720000,96724000,1856,3092,96760000,24960
2,2419,96760000,96764000,1856,3092,96800000,24970
2,242,9680000,9684000,1856,3092,9720000,2501
2,2420,96800000,96804000,1856,3092,96840000,24978
2,2421,96840000,96844000,1856,3092,96880000,24989
2,2422,96880000,96884000,1856,3092,96920000,25001
2,2423,96920000,96924000,1856,3092,96960000,25011
2,2424,96960000,96964000,1856,3092,97000000,25020
2,2425,97000000,97004000,1856,3092,97040000,25032
2,2426,97040000,97044000,1856,3092,97080000,25041
2,2427,97080000,97084000,1856,3092,97120000,25053
2,2428,97120000,97124000,1856,3092,97160000,25063
2,2429,97160000,97164000,1856,3092,97200000,25071
2,243,9720000,9724000,1856,3092,9760000,2513
2,2430,97200000,97204000,1856,3092,97240000,25082
2,2431,97240000,97244000,1856,3092,97280000,25093
2,2432,97280000,97284000,1856,3092,97320000,25104
2,2433,97320000,97324000,1856,3092,97360000,25113
2,2434,97360000,97364000,1856,3092,97400000,25125
2,2435,97400000,97404000,1856,3092,97440000,25134
2,2436,97440000,97444000,1856,3092,97480000,25145
2,2437,97480000,97484000,1856,3092,97520000,25157
2,2438,97520000,97524000,1856,3092,97560000,25164
2,2439,97560000,97564000,1856,3092,97600000,25175
2,244,9760000,9764000,1856,3092,9800000,2522
2,2440,97600000,97604000,1856,3092,97640000,25186
2,2441,97640000,97644000,1856,3092,97680000,25196
2,2442,97680000,97684000,1856,3092,97720000,25206
2,2443,97720000,97724000,1856,3092,97760000,25218
2,2444,97760000,97764000,1856,3092,97800000,25227
2,2445,97800000,97804000,1856,3092,97840000,25238
2,2446,97840000,97844000,1856,3092,97880000,25249
2,2447,97880000,97884000,1856,3092,97920000,25257
2,2448,97920000,97924000,1856,3092,97960000,25269
2,2449,97960000,97964000,1856,3092,98000000,25278
2,245,9800000,9804000,1856,3092,9840000,2533
2,2450,98000000,98004000,1856,3092,98040000,25289
2,2451,98040000,98044000,1856,3092,98080000,25299
2,2452,98080000,98084000,1856,3092,98120000,25311
2,2453,98120000,98124000,1856,3092,98160000,25321
2,2454,98160000,98164000,1856,3092,98200000,25330
2,2455,98200000,98204000,1856,3092,98240000,25342
2,2456,98240000,98244000,1856,3092,98280000,25349
2,2457,98280000,98284000,1856,3092,98320000,25361
2,2458,98320000,98324000,1856,3092,98360000,25373
2,2459,98360000,98364000,1856,3092,98400000,25381
2,246,9840000,9844000,1856,3092,9880000,2543
2,2460,98400000,98404000,1856,3092,98440000,25392
2,2461,98440000,98444000,1856,3092,98480000,25404
2,2462,98480000,98484000,1856,3092,98520000,25413
2,2463,98520000,98524000,1856,3092,98560000,25424
2,2464,98560000,98564000,1856,3092,98600000,25434
2,2465,98600000,98604000,1856,3092,98640000,25443
2,2466,98640000,98644000,1856,3092,98680000,25454
2,2467,98680000,98684000,1856,3092,98720000,25465
2,2468,98720000,98724000,1856,3092,98760000,25475
2,2469,98760000,98764000,1856,3092,98800000,25484
2,247,9880000,9884000,1856,3092,9920000,2555
2,2470,98800000,98804000,1856,3092,98840000,25496
2,2471,98840000,98844000,1856,3092,98880000,25506
2,2472,98880000,98884000,1856,3092,98920000,25517
2,2473,98920000,98924000,1856,3092,98960000,25528
2,2474,98960000,98964000,1856,3092,99000000,25536
2,2475,99000000,99004000,1856,3092,99040000,25546
2,2476,99040000,99044000,1856,3092,99080000,25558
2,2477,99080000,99084000,1856,3092,99120000,25567
2,2478,99120000,99124000,1856,3092,99160000,25578
2,2479,99160000,99164000,1856,3092,99200000,25590
2,248,9920000,9924000,1856,3092,9960000,2565
2,2480,99200000,99204000,1856,3092,99240000,25598
2,2481,99240000,99244000,1856,3092,99280000,25610
2,2482,99280000,99284000,1856,3092,99320000,25620
2,2483,99320000,99324000,1856,3092,99360000,25629
2,2484,99360000,99364000,1856,3092,99400000,25639
2,2485,99400000,99404000,1856,3092,99440000,25650
2,2486,99440000,99444000,1856,3092,99480000,25661
2,2487,99480000,99484000,1856,3092,99520000,25671
2,2488,99520000,99524000,1856,3092,99560000,25683
2,2489,99560000,99564000,1856,3092,99600000,25691
2,249,9960000,9964000,1856,3092,10000000,2574
2,2490,99600000,99604000,1856,3092,99640000,25702
2,2491,99640000,99644000,1856,3092,99680000,25713
2,2492,99680000,99684000,1856,3092,99720000,25722
2,2493,99720000,99724000,1856,3092,99760000,25733
2,2494,99760000,99764000,1856,3092,99800000,25743
2,2495,99800000,99804000,1856,3092,99840000,25753
2,2496,99840000,99844000,1856,3092,99880000,25763
2,2497,99880000,99884000,1856,3092,99920000,25776
2,2498,99920000,99924000,1856,3092,99960000,25784
2,2499,99960000,99964000,1856,3092,100000000,25795
2,25,1000000,1004000,1856,3092,1040000,263
2,250,10000000,10004000,1856,3092,10040000,2586
2,2500,100000000,100004000,1856,3092,100040000,25807
2,2501,100040000,100044000,1856,3092,100080000,25814
2,2502,100080000,100084000,1856,3092,100120000,25826
2,2503,100120000,100124000,1856,3092,100160000,25836
2,2504,100160000,100164000,1856,3092,100200000,25846
2,2505,100200000,100204000,1856,3092,100240000,25856
2,2506,100240000,100244000,1856,3092,100280000,25868
2,2507,100280000,100284000,1856,3092,100320000,25878
2,2508,100320000,100324000,1856,3092,100360000,25888
2,2509,100360000,100364000,1856,3092,100400000,25899
2,251,10040000,10044000,1856,3092,10080000,2594
2,2510,100400000,100404000,1856,3092,100440000,25907
2,2511,100440000,100444000,1856,3092,100480000,25918
2,2512,100480000,100484000,1856,3092,100520000,25929
2,2513,100520000,100524000,1856,3092,100560000,25940
2,2514,100560000,100564000,1856,3092,100600000,25949
2,2515,100600000,100604000,1856,3092,100640000,25961
2,2516,100640000,100644000,1856,3092,100680000,25970
2,2517,100680000,100684000,1856,3092,100720000,25981
2,2518,100720000,100724000,1856,3092,100760000,25993
2,2519,100760000,100764000,1856,3092,100800000,25999
2,252,10080000,10084000,1856,3092,10120000,2605
2,2520,100800000,100804000,1856,3092,100840000,26011
2,2521,100840000,100844000,1856,3092,100880000,26022
2,2522,100880000,100884000,1856,3092,100920000,26032
2,2523,100920000,100924000,1856,3092,100960000,26043
2,2524,100960000,100964000,1856,3092,101000000,26053
2,2525,101000000,101004000,1856,3092,101040000,26063
2,2526,101040000,101044000,1856,3092,101080000,26074
2,2527,101080000,101084000,1856,3092,101120000,26085
2,2528,101120000,101124000,1856,3092,101160000,26094
2,2529,101160000,101164000,1856,3092,101200000,26103
2,253,10120000,10124000,1856,3092,10160000,2617
2,2530,101200000,101204000,1856,3092,101240000,26115
2,2531,101240000,101244000,1856,3092,101280000,26125
2,2532,101280000,101284000,1856,3092,101320000,26135
2,2533,101320000,101324000,1856,3092,101360000,26147
2,2534,101360000,101364000,1856,3092,101400000,26155
2,2535,101400000,101404000,1856,3092,101440000,26167
2,2536,101440000,101444000,1856,3092,101480000,26178
2,2537,101480000,101484000,1856,3092,101520000,26186
2,2538,101520000,101524000,1856,3092,101560000,26197
2,2539,101560000,101564000,1856,3092,101600000,26208
2,254,10160000,10164000,1856,3092,10200000,2625
2,2540,101600000,101604000,1856,3092,101640000,26217
2,2541,101640000,101644000,1856,3092,101680000,26228
2,2542,101680000,101684000,1856,3092,101720000,26240
2,2543,101720000,101724000,1856,3092,101760000,26249
2,2544,101760000,101764000,1856,3092,101800000,26260
2,2545,101800000,101804000,1856,3092,101840000,26270
2,2546,101840000,101844000,1856,3092,101880000,26279
2,2547,101880000,101884000,1856,3092,101920000,26289
2,2548,101920000,101924000,1856,3092,101960000,26301
2,2549,101960000,101964000,1856,3092,102000000,26311
2,255,10200000,10204000,1856,3092,10240000,2636
2,2550,102000000,102004000,1856,3092,102040000,26320
2,2551,102040000,102044000,1856,3092,102080000,26333
2,2552,102080000,102084000,1856,3092,102120000,26342
2,2553,102120000,102124000,1856,3092,102160000,26353
2,2554,102160000,102164000,1856,3092,102200000,26363
2,2555,102200000,102204000,1856,3092,102240000,26371
2,2556,102240000,102244000,1856,3092,102280000,26383
2,2557,102280000,102284000,1856,3092,102320000,26394
2,2558,102320000,102324000,1856,3092,102360000,26404
2,2559,102360000,102364000,1856,3092,102400000,26413
2,256,10240000,10244000,1856,3092,10280000,2648
2,2560,102400000,102404000,1856,3092,102440000,26425
2,2561,102440000,102444000,1856,3092,102480000,26434
2,2562,102480000,102484000,1856,3092,102520000,26446
2,2563,102520000,102524000,1856,3092,102560000,26457
2,2564,102560000,102564000,1856,3092,102600000,26464
2,2565,102600000,102604000,1856,3092,102640000,26476
2,2566,102640000,102644000,1856,3092,102680000,26486
2,2567,102680000,102684000,1856,3092,102720000,26497
2,2568,102720000,102724000,1856,3092,102760000,26506
2,2569,102760000,102764000,1856,3092,102800000,26518
2,257,10280000,10284000,1856,3092,10320000,2657
2,2570,102800000,102804000,1856,3092,102840000,26528
2,2571,102840000,102844000,1856,3092,102880000,26538
2,2572,102880000,102884000,1856,3092,102920000,26550
2,2573,102920000,102924000,1856,3092,102960000,26557
2,2574,102960000,102964000,1856,3092,103000000,26568
2,2575,103000000,103004000,1856,3092,103040000,26579
2,2576,103040000,103044000,1856,3092,103080000,26589
2,2577,103080000,103084000,1856,3092,103120000,26600
2,2578,103120000,103124000,1856,3092,103160000,26612
2,2579,103160000,103164000,1856,3092,103200000,26620
2,258,10320000,10324000,1856,3092,10360000,2668
2,2580,103200000,103204000,1856,3092,103240000,26631
2,2581,103240000,103244000,1856,3092,103280000,26642
2,2582,103280000,103284000,1856,3092,103320000,26650
2,2583,103320000,103324000,1856,3092,103360000,26662
2,2584,103360000,103364000,1856,3092,103400000,26672
2,2585,103400000,103404000,1856,3092,103440000,26682
2,2586,103440000,103444000,1856,3092,103480000,26692
2,2587,103480000,103484000,1856,3092,103520000,26704
2,2588,103520000,103524000,1856,3092,103560000,26714
2,2589,103560000,103564000,1856,3092,103600000,26723
2,259,10360000,10364000,1856,3092,10400000,2678
2,2590,103600000,103604000,1856,3092,103640000,26735
2,2591,103640000,103644000,1856,3092,103680000,26744
2,2592,103680000,103684000,1856,3092,103720000,26754
2,2593,103720000,103724000,1856,3092,103760000,26766
2,2594,103760000,103764000,1856,3092,103800000,26774
2,2595,103800000,103804000,1856,3092,103840000,26785
2,2596,103840000,103844000,1856,3092,103880000,26797
2,2597,103880000,103884000,1856,3092,103920000,26806
2,2598,103920000,103924000,1856,3092,103960000,26818
2,2599,103960000,103964000,1856,3092,104000000,26827
2,26,1040000,1044000,1856,3092,1080000,272
2,260,10400000,10404000,1856,3092,10440000,2687
2,2600,104000000,104004000,1856,3092,104040000,26836
2,2601,104040000,104044000,1856,3092,104080000,26847
2,2602,104080000,104084000,1856,3092,104120000,26858
2,2603,104120000,104124000,1856,3092,104160000,26868
2,2604,104160000,104164000,1856,3092,104200000,26878
2,2605,104200000,104204000,1856,3092,104240000,26890
2,2606,104240000,104244000,1856,3092,104280000,26899
2,2607,104280000,104284000,1856,3092,104320000,26910
2,2608,104320000,104324000,1856,3092,104360000,26921
2,2609,104360000,104364000,1856,3092,104400000,26929
2,261,10440000,10444000,1856,3092,10480000,2698
2,2610,104400000,104404000,1856,3092,104440000,26939
2,2611,104440000,104444000,1856,3092,104480000,26951
2,2612,104480000,104484000,1856,3092,104520000,26961
2,2613,104520000,104524000,1856,3092,104560000,26971
2,2614,104560000,104564000,1856,3092,104600000,26983
2,2615,104600000,104604000,1856,3092,104640000,26991
2,2616,104640000,104644000,1856,3092,104680000,27003
2,2617,104680000,104684000,1856,3092,104720000,27014
2,2618,104720000,104724000,1856,3092,104760000,27022
2,2619,104760000,104764000,1856,3092,104800000,27033
2,262,10480000,10484000,1856,3092,10520000,2709
2,2620,104800000,104804000,1856,3092,104840000,27043
2,2621,104840000,104844000,1856,3092,104880000,27054
2,2622,104880000,104884000,1856,3092,104920000,27064
2,2623,104920000,104924000,1856,3092,104960000,27076
2,2624,104960000,104964000,1856,3092,105000000,27084
2,2625,105000000,105004000,1856,3092,105040000,27095
2,2626,105040000,105044000,1856,3092,105080000,27107
2,2627,105080000,105084000,1856,3092,105120000,27115
2,2628,105120000,105124000,1856,3092,105160000,27126
2,2629,105160000,105164000,1856,3092,105200000,27136
2,263,10520000,10524000,1856,3092,10560000,2719
2,2630,105200000,105204000,1856,3092,105240000,27147
2,2631,105240000,105244000,1856,3092,105280000,27156
2,2632,105280000,105284000,1856,3092,105320000,27169
2,2633,105320000,105324000,1856,3092,105360000,27178
2,2634,105360000,105364000,1856,3092,105400000,27188
2,2635,105400000,105404000,1856,3092,105440000,27200
2,2636,105440000,105444000,1856,3092,105480000,27207
2,2637,105480000,105484000,1856,3092,105520000,27219
2,2638,105520000,105524000,1856,3092,105560000,27229
2,2639,105560000,105564000,1856,3092,105600000,27239
2,264,10560000,10564000,1856,3092,10600000,2729
2,2640,105600000,105604000,1856,3092,105640000,27250
2,2641,105640000,105644000,1856,3092,105680000,27261
2,2642,105680000,105684000,1856,3092,105720000,27271
2,2643,105720000,105724000,1856,3092,105760000,27282
2,2644,105760000,105764000,1856,3092,105800000,27292
2,2645,105800000,105804000,1856,3092,105840000,27300
2,2646,105840000,105844000,1856,3092,105880000,27311
2,2647,105880000,105884000,1856,3092,105920000,27323
2,2648,105920000,105924000,1856,3092,105960000,27333
2,2649,105960000,105964000,1856,3092,106000000,27342
2,265,10600000,10604000,1856,3092,10640000,2740
2,2650,106000000,106004000,1856,3092,106040000,27354
2,2651,106040000,106044000,1856,3092,106080000,27363
2,2652,106080000,106084000,1856,3092,106120000,27374
2,2653,106120000,106124000,1856,3092,106160000,27386
2,2654,106160000,106164000,1856,3092,106200000,27393
2,2655,106200000,106204000,1856,3092,106240000,27404
2,2656,106240000,106244000,1856,3092,106280000,27416
2,2657,106280000,106284000,1856,3092,106320000,27425
2,2658,106320000,106324000,1856,3092,106360000,27436
2,2659,106360000,106364000,1856,3092,106400000,27446
2,266,10640000,10644000,1856,3092,10680000,2750
2,2660,106400000,106404000,1856,3092,106440000,27456
2,2661,106440000,106444000,1856,3092,106480000,27468
2,2662,106480000,106484000,1856,3092,106520000,27478
2,2663,106520000,106524000,1856,3092,106560000,27487
2,2664,106560000,106564000,1856,3092,106600000,27496
2,2665,106600000,106604000,1856,3092,106640000,27508
2,2666,106640000,106644000,1856,3092,106680000,27518
2,2667,106680000,106684000,1856,3092,106720000,27528
2,2668,106720000,106724000,1856,3092,106760000,27541
2,2669,106760000,106764000,1856,3092,106800000,27549
2,267,10680000,10684000,1856,3092,10720000,2761
2,2670,106800000,106804000,1856,3092,106840000,27560
2,2671,106840000,106844000,1856,3092,106880000,27571
2,2672,106880000,106884000,1856,3092,106920000,27579
2,2673,106920000,106924000,1856,3092,106960000,27590
2,2674,106960000,106964000,1856,3092,107000000,27601
2,2675,107000000,107004000,1856,3092,107040000,27611
2,2676,107040000,107044000,1856,3092,107080000,27621
2,2677,107080000,107084000,1856,3092,107120000,27633
2,2678,107120000,107124000,1856,3092,107160000,27642
2,2679,107160000,107164000,1856,3092,107200000,27653
2,268,10720000,10724000,1856,3092,10760000,2772
2,2680,107200000,107204000,1856,3092,107240000,27663
2,2681,107240000,107244000,1856,3092,107280000,27672
2,2682,107280000,107284000,1856,3092,107320000,27684
2,2683,107320000,107324000,1856,3092,107360000,27694
2,2684,107360000,107364000,1856,3092,107400000,27704
2,2685,107400000,107404000,1856,3092,107440000,27713
2,2686,107440000,107444000,1856,3092,107480000,27726
2,2687,107480000,107484000,1856,3092,107520000,27735
2,2688,107520000,107524000,1856,3092,107560000,27746
2,2689,107560000,107564000,1856,3092,107600000,27757
2,269,10760000,10764000,1856,3092,10800000,2780
2,2690,107600000,107604000,1856,3092,107640000,27764
2,2691,107640000,107644000,1856,3092,107680000,27776
2,2692,107680000,107684000,1856,3092,107720000,27787
2,2693,107720000,107724000,1856,3092,107760000,27797
2,2694,107760000,107764000,1856,3092,107800000,27806
2,2695,107800000,107804000,1856,3092,107840000,27819
2,2696,107840000,107844000,1856,3092,107880000,27828
2,2697,107880000,107884000,1856,3092,107920000,27839
2,2698,107920000,107924000,1856,3092,107960000,27850
2,2699,107960000,107964000,1856,3092,108000000,27857
2,27,1080000,1084000,1856,3092,1120000,283
2,270,10800000,10804000,1856,3092,10840000,2790
2,2700,108000000,108004000,1856,3092,108040000,27869
2,2701,108040000,108044000,1856,3092,108080000,27879
2,2702,108080000,108084000,1856,3092,108120000,27890
2,2703,108120000,108124000,1856,3092,108160000,27900
2,2704,108160000,108164000,1856,3092,108200000,27911
2,2705,108200000,108204000,1856,3092,108240000,27921
2,2706,108240000,108244000,1856,3092,108280000,27931
2,2707,108280000,108284000,1856,3092,108320000,27943
2,2708,108320000,108324000,1856,3092,108360000,27951
2,2709,108360000,108364000,1856,3092,108400000,27961
2,271,10840000,10844000,1856,3092,10880000,2802
2,2710,108400000,108404000,1856,3092,108440000,27973
2,2711,108440000,108444000,1856,3092,108480000,27982
2,2712,108480000,108484000,1856,3092,108520000,27993
2,2713,108520000,108524000,1856,3092,108560000,28005
2,2714,108560000,108564000,1856,3092,108600000,28013
2,2715,108600000,108604000,1856,3092,108640000,28024
2,2716,108640000,108644000,1856,3092,108680000,28035
2,2717,108680000,108684000,1856,3092,108720000,28044
2,2718,108720000,108724000,1856,3092,108760000,28055
2,2719,108760000,108764000,1856,3092,108800000,28065
2,272,10880000,10884000,1856,3092,10920000,2811
2,2720,108800000,108804000,1856,3092,108840000,28075
2,2721,108840000,108844000,1856,3092,108880000,28086
2,2722,108880000,108884000,1856,3092,108920000,28097
2,2723,108920000,108924000,1856,3092,108960000,28107
2,2724,108960000,108964000,1856,3092,109000000,28117
2,2725,109000000,109004000,1856,3092,109040000,28128
2,2726,109040000,109044000,1856,3092,109080000,28137
2,2727,109080000,109084000,1856,3092,109120000,28147
2,2728,109120000,109124000,1856,3092,109160000,28159
2,2729,109160000,109164000,1856,3092,109200000,28167
2,273,10920000,10924000,1856,3092,10960000,2822
2,2730,109200000,109204000,1856,3092,109240000,28178
2,2731,109240000,109244000,1856,3092,109280000,28191
2,2732,109280000,109284000,1856,3092,109320000,28199
2,2733,109320000,109324000,1856,3092,109360000,28211
2,2734,109360000,109364000,1856,3092,109400000,28221
2,2735,109400000,109404000,1856,3092,109440000,28229
2,2736,109440000,109444000,1856,3092,109480000,28240
2,2737,109480000,109484000,1856,3092,109520000,28251
2,2738,109520000,109524000,1856,3092,109560000,28262
2,2739,109560000,109564000,1856,3092,109600000,28271
2,274,10960000,10964000,1856,3092,11000000,2834
2,2740,109600000,109604000,1856,3092,109640000,28283
2,2741,109640000,109644000,1856,3092,109680000,28292
2,2742,109680000,109684000,1856,3092,109720000,28303
2,2743,109720000,109724000,1856,3092,109760000,28314
2,2744,109760000,109764000,1856,3092,109800000,28322
2,2745,109800000,109804000,1856,3092,109840000,28333
2,2746,109840000,109844000,1856,3092,109880000,28344
2,2747,109880000,109884000,1856,3092,109920000,28355
2,2748,109920000,109924000,1856,3092,109960000,28364
2,2749,109960000,109964000,1856,3092,110000000,28376
2,275,11000000,11004000,1856,3092,11040000,2842
2,2750,110000000,110004000,1856,3092,110040000,28384
2,2751,110040000,110044000,1856,3092,110080000,28396
2,2752,110080000,110084000,1856,3092,110120000,28408
2,2753,110120000,110124000,1856,3092,110160000,28415
2,2754,110160000,110164000,1856,3092,110200000,28426
2,2755,110200000,110204000,1856,3092,110240000,28436
2,2756,110240000,110244000,1856,3092,110280000,28447
2,2757,110280000,110284000,1856,3092,110320000,28457
2,2758,110320000,110324000,1856,3092,110360000,28469
2,2759,110360000,110364000,1856,3092,110400000,28478
2,276,11040000,11044000,1856,3092,11080000,2854
2,2760,110400000,110404000,1856,3092,110440000,28489
2,2761,110440000,110444000,1856,3092,110480000,28500
2,2762,110480000,110484000,1856,3092,110520000,28508
2,2763,110520000,110524000,1856,3092,110560000,28519
2,2764,110560000,110564000,1856,3092,110600000,28529
2,2765,110600000,110604000,1856,3092,110640000,28540
2,2766,110640000,110644000,1856,3092,110680000,28550
2,2767,110680000,110684000,1856,3092,110720000,28562
2,2768,110720000,110724000,1856,3092,110760000,28571
2,2769,110760000,110764000,1856,3092,110800000,28581
2,277,11080000,11084000,1856,3092,11120000,2865
2,2770,110800000,110804000,1856,3092,110840000,28593
2,2771,110840000,110844000,1856,3092,110880000,28600
2,2772,110880000,110884000,1856,3092,110920000,28612
2,2773,110920000,110924000,1856,3092,110960000,28624
2,2774,110960000,110964000,1856,3092,111000000,28632
2,2775,111000000,111004000,1856,3092,111040000,28643
2,2776,111040000,111044000,1856,3092,111080000,28654
2,2777,111080000,111084000,1856,3092,111120000,28664
2,2778,111120000,111124000,1856,3092,111160000,28675
2,2779,111160000,111164000,1856,3092,111200000,28685
2,278,11120000,11124000,1856,3092,11160000,2873
2,2780,111200000,111204000,1856,3092,111240000,28694
2,2781,111240000,111244000,1856,3092,111280000,28704
2,2782,111280000,111284000,1856,3092,111320000,28716
2,2783,111320000,111324000,1856,3092,111360000,28726
2,2784,111360000,111364000,1856,3092,111400000,28735
2,2785,111400000,111404000,1856,3092,111440000,28747
2,2786,111440000,111444000,1856,3092,111480000,28757
2,2787,111480000,111484000,1856,3092,111520000,28768
2,2788,111520000,111524000,1856,3092,111560000,28779
2,2789,111560000,111564000,1856,3092,111600000,28786
2,279,11160000,11164000,1856,3092,11200000,2883
2,2790,111600000,111604000,1856,3092,111640000,28797
2,2791,111640000,111644000,1856,3092,111680000,28809
2,2792,111680000,111684000,1856,3092,111720000,28818
2,2793,111720000,111724000,1856,3092,111760000,28829
2,2794,111760000,111764000,1856,3092,111800000,28840
2,2795,111800000,111804000,1856,3092,111840000,28849
2,2796,111840000,111844000,1856,3092,111880000,28861
2,2797,111880000,111884000,1856,3092,111920000,28871
2,2798,111920000,111924000,1856,3092,111960000,28880
2,2799,111960000,111964000,1856,3092,112000000,28890
2,28,1120000,1124000,1856,3092,1160000,294
2,280,11200000,11204000,1856,3092,11240000,2894
2,2800,112000000,112004000,1856,3092,112040000,28901
2,2801,112040000,112044000,1856,3092,112080000,28912
2,2802,112080000,112084000,1856,3092,112120000,28921
2,2803,112120000,112124000,1856,3092,112160000,28934
2,2804,112160000,112164000,1856,3092,112200000,28942
2,2805,112200000,112204000,1856,3092,112240000,28953
2,2806,112240000,112244000,1856,3092,112280000,28964
2,2807,112280000,112284000,1856,3092,112320000,28972
2,2808,112320000,112324000,1856,3092,112360000,28984
2,2809,112360000,112364000,1856,3092,112400000,28994
2,281,11240000,11244000,1856,3092,11280000,2905
2,2810,112400000,112404000,1856,3092,112440000,29004
2,2811,112440000,112444000,1856,3092,112480000,29014
2,2812,112480000,112484000,1856,3092,112520000,29027
2,2813,112520000,112524000,1856,3092,112560000,29035
2,2814,112560000,112564000,1856,3092,112600000,29046
2,2815,112600000,112604000,1856,3092,112640000,29057
2,2816,112640000,112644000,1856,3092,112680000,29065
2,2817,112680000,112684000,1856,3092,112720000,29077
2,2818,112720000,112724000,1856,3092,112760000,29087
2,2819,112760000,112764000,1856,3092,112800000,29097
2,282,11280000,11284000,1856,3092,11320000,2915
2,2820,112800000,112804000,1856,3092,112840000,29106
2,2821,112840000,112844000,1856,3092,112880000,29119
2,2822,112880000,112884000,1856,3092,112920000,29129
2,2823,112920000,112924000,1856,3092,112960000,29139
2,2824,112960000,112964000,1856,3092,113000000,29150
2,2825,113000000,113004000,1856,3092,113040000,29158
2,2826,113040000,113044000,1856,3092,113080000,29169
2,2827,113080000,113084000,1856,3092,113120000,29180
2,2828,113120000,113124000,1856,3092,113160000,29190
2,2829,113160000,113164000,1856,3092,113200000,29200
2,283,11320000,11324000,1856,3092,11360000,2927
2,2830,113200000,113204000,1856,3092,113240000,29212
2,2831,113240000,113244000,1856,3092,113280000,29221
2,2832,113280000,113284000,1856,3092,113320000,29232
2,2833,113320000,113324000,1856,3092,113360000,29243
2,2834,113360000,113364000,1856,3092,113400000,29250
2,2835,113400000,113404000,1856,3092,113440000,29262
2,2836,113440000,113444000,1856,3092,113480000,29273
2,2837,113480000,113484000,1856,3092,113520000,29283
2,2838,113520000,113524000,1856,3092,113560000,29294
2,2839,113560000,113564000,1856,3092,113600000,29304
2,284,11360000,11364000,1856,3092,11400000,2935
2,2840,113600000,113604000,1856,3092,113640000,29314
2,2841,113640000,113644000,1856,3092,113680000,29324
2,2842,113680000,113684000,1856,3092,113720000,29336
2,2843,113720000,113724000,1856,3092,113760000,29345
2,2844,113760000,113764000,1856,3092,113800000,29354
2,2845,113800000,113804000,1856,3092,113840000,29366
2,2846,113840000,113844000,1856,3092,113880000,29375
2,2847,113880000,113884000,1856,3092,113920000,29386
2,2848,113920000,113924000,1856,3092,113960000,29398
2,2849,113960000,113964000,1856,3092,114000000,29406
2,285,11400000,11404000,1856,3092,11440000,2946
2,2850,114000000,114004000,1856,3092,114040000,29418
2,2851,114040000,114044000,1856,3092,114080000,29429
2,2852,114080000,114084000,1856,3092,114120000,29437
2,2853,114120000,114124000,1856,3092,114160000,29448
2,2854,114160000,114164000,1856,3092,114200000,29458
2,2855,114200000,114204000,1856,3092,114240000,29468
2,2856,114240000,114244000,1856,3092,114280000,29479
2,2857,114280000,114284000,1856,3092,114320000,29491
2,2858,114320000,114324000,1856,3092,114360000,29500
2,2859,114360000,114364000,1856,3092,114400000,29510
2,286,11440000,11444000,1856,3092,11480000,2957
2,2860,114400000,114404000,1856,3092,114440000,29521
2,2861,114440000,114444000,1856,3092,114480000,29530
2,2862,114480000,114484000,1856,3092,114520000,29540
2,2863,114520000,114524000,1856,3092,114560000,29552
2,2864,114560000,114564000,1856,3092,114600000,29562
2,2865,114600000,114604000,1856,3092,114640000,29571
2,2866,114640000,114644000,1856,3092,114680000,29584
2,2867,114680000,114684000,1856,3092,114720000,29592
2,2868,114720000,114724000,1856,3092,114760000,29604
2,2869,114760000,114764000,1856,3092,114800000,29614
2,287,11480000,11484000,1856,3092,11520000,2966
2,2870,114800000,114804000,1856,3092,114840000,29622
2,2871,114840000,114844000,1856,3092,114880000,29634
2,2872,114880000,114884000,1856,3092,114920000,29644
2,2873,114920000,114924000,1856,3092,114960000,29655
2,2874,114960000,114964000,1856,3092,115000000,29664
2,2875,115000000,115004000,1856,3092,115040000,29676
2,2876,115040000,115044000,1856,3092,115080000,29685
2,2877,115080000,115084000,1856,3092,115120000,29697
2,2878,115120000,115124000,1856,3092,115160000,29708
2,2879,115160000,115164000,1856,3092,115200000,29715
2,288,11520000,11524000,1856,3092,11560000,2977
2,2880,115200000,115204000,1856,3092,115240000,29726
2,2881,115240000,115244000,1856,3092,115280000,29737
2,2882,115280000,115284000,1856,3092,115320000,29748
2,2883,115320000,115324000,1856,3092,115360000,29757
2,2884,115360000,115364000,1856,3092,115400000,29769
2,2885,115400000,115404000,1856,3092,115440000,29778
2,2886,115440000,115444000,1856,3092,115480000,29789
2,2887,115480000,115484000,1856,3092,115520000,29801
2,2888,115520000,115524000,1856,3092,115560000,29808
2,2889,115560000,115564000,1856,3092,115600000,29819
2,289,11560000,11564000,1856,3092,11600000,2987
2,2890,115600000,115604000,1856,3092,115640000,29830
2,2891,115640000,115644000,1856,3092,115680000,29840
2,2892,115680000,115684000,1856,3092,115720000,29851
2,2893,115720000,115724000,1856,3092,115760000,29862
2,2894,115760000,115764000,1856,3092,115800000,29871
2,2895,115800000,115804000,1856,3092,115840000,29882
2,2896,115840000,115844000,1856,3092,115880000,29893
2,2897,115880000,115884000,1856,3092,115920000,29901
2,2898,115920000,115924000,1856,3092,115960000,29912
2,2899,115960000,115964000,1856,3092,116000000,29923
2,29,1160000,1164000,1856,3092,1200000,304
2,290,11600000,11604000,1856,3092,11640000,2998
2,2900,116000000,116004000,1856,3092,116040000,29933
2,2901,116040000,116044000,1856,3092,116080000,29943
2,2902,116080000,116084000,1856,3092,116120000,29955
2,2903,116120000,116124000,1856,3092,116160000,29965
2,2904,116160000,116164000,1856,3092,116200000,29974
2,2905,116200000,116204000,1856,3092,116240000,29986
2,2906,116240000,116244000,1856,3092,116280000,29994
2,2907,116280000,116284000,1856,3092,116320000,30005
2,2908,116320000,116324000,1856,3092,116360000,30017
2,2909,116360000,116364000,1856,3092,116400000,30025
2,291,11640000,11644000,1856,3092,11680000,3007
2,2910,116400000,116404000,1856,3092,116440000,30036
2,2911,116440000,116444000,1856,3092,116480000,30047
2,2912,116480000,116484000,1856,3092,116520000,30057
2,2913,116520000,116524000,1856,3092,116560000,30069
2,2914,116560000,116564000,1856,3092,116600000,30078
2,2915,116600000,116604000,1856,3092,116640000,30087
2,2916,116640000,116644000,1856,3092,116680000,30098
2,2917,116680000,116684000,1856,3092,116720000,30109
2,2918,116720000,116724000,1856,3092,116760000,30119
2,2919,116760000,116764000,1856,3092,116800000,30128
2,292,11680000,11684000,1856,3092,11720000,3020
2,2920,116800000,116804000,1856,3092,116840000,30141
2,2921,116840000,116844000,1856,3092,116880000,30150
2,2922,116880000,116884000,1856,3092,116920000,30161
2,2923,116920000,116924000,1856,3092,116960000,30172
2,2924,116960000,116964000,1856,3092,117000000,30179
2,2925,117000000,117004000,1856,3092,117040000,30190
2,2926,117040000,117044000,1856,3092,117080000,30202
2,2927,117080000,117084000,1856,3092,117120000,30212
2,2928,117120000,117124000,1856,3092,117160000,30222
2,2929,117160000,117164000,1856,3092,117200000,30234
2,293,11720000,11724000,1856,3092,11760000,3028
2,2930,117200000,117204000,1856,3092,117240000,30242
2,2931,117240000,117244000,1856,3092,117280000,30254
2,2932,117280000,117284000,1856,3092,117320000,30264
2,2933,117320000,117324000,1856,3092,117360000,30273
2,2934,117360000,117364000,1856,3092,117400000,30284
2,2935,117400000,117404000,1856,3092,117440000,30294
2,2936,117440000,117444000,1856,3092,117480000,30305
2,2937,117480000,117484000,1856,3092,117520000,30314
2,2938,117520000,117524000,1856,3092,117560000,30327
2,2939,117560000,117564000,1856,3092,117600000,30335
2,294,11760000,11764000,1856,3092,11800000,3039
2,2940,117600000,117604000,1856,3092,117640000,30346
2,2941,117640000,117644000,1856,3092,117680000,30358
2,2942,117680000,117684000,1856,3092,117720000,30366
2,2943,117720000,117724000,1856,3092,117760000,30377
2,2944,117760000,117764000,1856,3092,117800000,30387
2,2945,117800000,117804000,1856,3092,117840000,30397
2,2946,117840000,117844000,1856,3092,117880000,30407
2,2947,117880000,117884000,1856,3092,117920000,30420
2,2948,117920000,117924000,1856,3092,117960000,30429
2,2949,117960000,117964000,1856,3092,118000000,30439
2,295,11800000,11804000,1856,3092,11840000,3051
2,2950,118000000,118004000,1856,3092,118040000,30450
2,2951,118040000,118044000,1856,3092,118080000,30458
2,2952,118080000,118084000,1856,3092,118120000,30470
2,2953,118120000,118124000,1856,3092,118160000,30480
2,2954,118160000,118164000,1856,3092,118200000,30490
2,2955,118200000,118204000,1856,3092,118240000,30501
2,2956,118240000,118244000,1856,3092,118280000,30512
2,2957,118280000,118284000,1856,3092,118320000,30522
2,2958,118320000,118324000,1856,3092,118360000,30532
2,2959,118360000,118364000,1856,3092,118400000,30543
2,296,11840000,11844000,1856,3092,11880000,3058
2,2960,118400000,118404000,1856,3092,118440000,30551
2,2961,118440000,118444000,1856,3092,118480000,30562
2,2962,118480000,118484000,1856,3092,118520000,30574
2,2963,118520000,118524000,1856,3092,118560000,30583
2,2964,118560000,118564000,1856,3092,118600000,30593
2,2965,118600000,118604000,1856,3092,118640000,30605
2,2966,118640000,118644000,1856,3092,118680000,30614
2,2967,118680000,118684000,1856,3092,118720000,30625
2,2968,118720000,118724000,1856,3092,118760000,30637
2,2969,118760000,118764000,1856,3092,118800000,30644
2,297,11880000,11884000,1856,3092,11920000,3070
2,2970,118800000,118804000,1856,3092,118840000,30655
2,2971,118840000,118844000,1856,3092,118880000,30666
2,2972,118880000,118884000,1856,3092,118920000,30676
2,2973,118920000,118924000,1856,3092,118960000,30687
2,2974,118960000,118964000,1856,3092,119000000,30697
2,2975,119000000,119004000,1856,3092,119040000,30707
2,2976,119040000,119044000,1856,3092,119080000,30718
2,2977,119080000,119084000,1856,3092,119120000,30729
2,2978,119120000,119124000,1856,3092,119160000,30738
2,2979,119160000,119164000,1856,3092,119200000,30747
2,298,11920000,11924000,1856,3092,11960000,3080
2,2980,119200000,119204000,1856,3092,119240000,30759
2,2981,119240000,119244000,1856,3092,119280000,30769
2,2982,119280000,119284000,1856,3092,119320000,30779
2,2983,119320000,119324000,1856,3092,119360000,30792
2,2984,119360000,119364000,1856,3092,119400000,30799
2,2985,119400000,119404000,1856,3092,119440000,30811
2,2986,119440000,119444000,1856,3092,119480000,30822
2,2987,119480000,119484000,1856,3092,119520000,30830
2,2988,119520000,119524000,1856,3092,119560000,30841
2,2989,119560000,119564000,1856,3092,119600000,30851
2,299,11960000,11964000,1856,3092,12000000,3090
2,2990,119600000,119604000,1856,3092,119640000,30862
2,2991,119640000,119644000,1856,3092,119680000,30872
2,2992,119680000,119684000,1856,3092,119720000,30884
2,2993,119720000,119724000,1856,3092,119760000,30893
2,2994,119760000,119764000,1856,3092,119800000,30904
2,2995,119800000,119804000,1856,3092,119840000,30914
2,2996,119840000,119844000,1856,3092,119880000,30923
2,2997,119880000,119884000,1856,3092,119920000,30934
2,2998,119920000,119924000,1856,3092,119960000,30945
2,2999,119960000,119964000,1856,3092,120000000,30955
2,3,120000,124000,1856,3092,160000,36
2,30,1200000,1204000,1856,3092,1240000,314
2,300,12000000,12004000,1856,3092,12040000,3100
2,3000,120000000,120004000,1856,3092,120040000,30964
2,3001,120040000,120044000,1856,3092,120080000,30977
2,3002,120080000,120084000,1856,3092,120120000,30985
2,3003,120120000,120124000,1856,3092,120160000,30997
2,3004,120160000,120164000,1856,3092,120200000,31008
2,3005,120200000,120204000,1856,3092,120240000,31015
2,3006,120240000,120244000,1856,3092,120280000,31027
2,3007,120280000,120284000,1856,3092,120320000,31038
2,3008,120320000,120324000,1856,3092,120360000,31048
2,3009,120360000,120364000,1856,3092,120400000,31057
2,301,12040000,12044000,1856,3092,12080000,3112
2,3010,120400000,120404000,1856,3092,120440000,31069
2,3011,120440000,120444000,1856,3092,120480000,31079
2,3012,120480000,120484000,1856,3092,120520000,31090
2,3013,120520000,120524000,1856,3092,120560000,31101
2,3014,120560000,120564000,1856,3092,120600000,31108
2,3015,120600000,120604000,1856,3092,120640000,31119
2,3016,120640000,120644000,1856,3092,120680000,31130
2,3017,120680000,120684000,1856,3092,120720000,31141
2,3018,120720000,120724000,1856,3092,120760000,31151
2,3019,120760000,120764000,1856,3092,120800000,31162
2,302,12080000,12084000,1856,3092,12120000,3122
2,3020,120800000,120804000,1856,3092,120840000,31172
2,3021,120840000,120844000,1856,3092,120880000,31182
2,3022,120880000,120884000,1856,3092,120920000,31194
2,3023,120920000,120924000,1856,3092,120960000,31201
2,3024,120960000,120964000,1856,3092,121000000,31212
2,3025,121000000,121004000,1856,3092,121040000,31224
2,3026,121040000,121044000,1856,3092,121080000,31233
2,3027,121080000,121084000,1856,3092,121120000,31244
2,3028,121120000,121124000,1856,3092,121160000,31255
2,3029,121160000,121164000,1856,3092,121200000,31264
2,303,12120000,12124000,1856,3092,12160000,3133
2,3030,121200000,121204000,1856,3092,121240000,31275
2,3031,121240000,121244000,1856,3092,121280000,31286
2,3032,121280000,121284000,1856,3092,121320000,31295
2,3033,121320000,121324000,1856,3092,121360000,31306
2,3034,121360000,121364000,1856,3092,121400000,31316
2,3035,121400000,121404000,1856,3092,121440000,31326
2,3036,121440000,121444000,1856,3092,121480000,31336
2,3037,121480000,121484000,1856,3092,121520000,31348
2,3038,121520000,121524000,1856,3092,121560000,31358
2,3039,121560000,121564000,1856,3092,121600000,31368
2,304,12160000,12164000,1856,3092,12200000,3143
2,3040,121600000,121604000,1856,3092,121640000,31379
2,3041,121640000,121644000,1856,3092,121680000,31387
2,3042,121680000,121684000,1856,3092,121720000,31398
2,3043,121720000,121724000,1856,3092,121760000,31410
2,3044,121760000,121764000,1856,3092,121800000,31418
2,3045,121800000,121804000,1856,3092,121840000,31429
2,3046,121840000,121844000,1856,3092,121880000,31442
2,3047,121880000,121884000,1856,3092,121920000,31450
2,3048,121920000,121924000,1856,3092,121960000,31462
2,3049,121960000,121964000,1856,3092,122000000,31471
2,305,12200000,12204000,1856,3092,12240000,3151
2,3050,122000000,122004000,1856,3092,122040000,31480
2,3051,122040000,122044000,1856,3092,122080000,31491
2,3052,122080000,122084000,1856,3092,122120000,31502
2,3053,122120000,122124000,1856,3092,122160000,31513
2,3054,122160000,122164000,1856,3092,122200000,31521
2,3055,122200000,122204000,1856,3092,122240000,31534
2,3056,122240000,122244000,1856,3092,122280000,31543
2,3057,122280000,122284000,1856,3092,122320000,31554
2,3058,122320000,122324000,1856,3092,122360000,31565
2,3059,122360000,122364000,1856,3092,122400000,31573
2,306,12240000,12244000,1856,3092,12280000,3162
2,3060,122400000,122404000,1856,3092,122440000,31584
2,3061,122440000,122444000,1856,3092,122480000,31595
2,3062,122480000,122484000,1856,3092,122520000,31605
2,3063,122520000,122524000,1856,3092,122560000,31615
2,3064,122560000,122564000,1856,3092,122600000,31627
2,3065,122600000,122604000,1856,3092,122640000,31635
2,3066,122640000,122644000,1856,3092,122680000,31647
2,3067,122680000,122684000,1856,3092,122720000,31658
2,3068,122720000,122724000,1856,3092,122760000,31666
2,3069,122760000,122764000,1856,3092,122800000,31677
2,307,12280000,12284000,1856,3092,12320000,3173
2,3070,122800000,122804000,1856,3092,122840000,31687
2,3071,122840000,122844000,1856,3092,122880000,31698
2,3072,122880000,122884000,1856,3092,122920000,31708
2,3073,122920000,122924000,1856,3092,122960000,31720
2,3074,122960000,122964000,1856,3092,123000000,31729
2,3075,123000000,123004000,1856,3092,123040000,31739
2,3076,123040000,123044000,1856,3092,123080000,31751
2,3077,123080000,123084000,1856,3092,123120000,31759
2,3078,123120000,123124000,1856,3092,123160000,31770
2,3079,123160000,123164000,1856,3092,123200000,31780
2,308,12320000,12324000,1856,3092,12360000,3184
2,3080,123200000,123204000,1856,3092,123240000,31790
2,3081,123240000,123244000,1856,3092,123280000,31801
2,3082,123280000,123284000,1856,3092,123320000,31813
2,3083,123320000,123324000,1856,3092,123360000,31822
2,3084,123360000,123364000,1856,3092,123400000,31832
2,3085,123400000,123404000,1856,3092,123440000,31844
2,3086,123440000,123444000,1856,3092,123480000,31851
2,3087,123480000,123484000,1856,3092,123520000,31863
2,3088,123520000,123524000,1856,3092,123560000,31874
2,3089,123560000,123564000,1856,3092,123600000,31883
2,309,12360000,12364000,1856,3092,12400000,3193
2,3090,123600000,123604000,1856,3092,123640000,31894
2,3091,123640000,123644000,1856,3092,123680000,31905
2,3092,123680000,123684000,1856,3092,123720000,31915
2,3093,123720000,123724000,1856,3092,123760000,31925
2,3094,123760000,123764000,1856,3092,123800000,31936
2,3095,123800000,123804000,1856,3092,123840000,31945
2,3096,123840000,123844000,1856,3092,123880000,31955
2,3097,123880000,123884000,1856,3092,123920000,31967
2,3098,123920000,123924000,1856,3092,123960000,31977
2,3099,123960000,123964000,1856,3092,124000000,31986
2,31,1240000,1244000,1856,3092,1280000,326
2,310,12400000,12404000,1856,3092,12440000,3205
2,3100,124000000,124004000,1856,3092,124040000,31998
2,3101,124040000,124044000,1856,3092,124080000,32007
2,3102,124080000,124084000,1856,3092,124120000,32019
2,3103,124120000,124124000,1856,3092,124160000,32030
2,3104,124160000,124164000,1856,3092,124200000,32037
2,3105,124200000,124204000,1856,3092,124240000,32048
2,3106,124240000,124244000,1856,3092,124280000,32059
2,3107,124280000,124284000,1856,3092,124320000,32069
2,3108,124320000,124324000,1856,3092,124360000,32080
2,3109,124360000,124364000,1856,3092,124400000,32091
2,311,12440000,12444000,1856,3092,12480000,3214
2,3110,124400000,124404000,1856,3092,124440000,32100
2,3111,124440000,124444000,1856,3092,124480000,32112
2,3112,124480000,124484000,1856,3092,124520000,32122
2,3113,124520000,124524000,1856,3092,124560000,32131
2,3114,124560000,124564000,1856,3092,124600000,32140
2,3115,124600000,124604000,1856,3092,124640000,32152
2,3116,124640000,124644000,1856,3092,124680000,32163
2,3117,124680000,124684000,1856,3092,124720000,32172
2,3118,124720000,124724000,1856,3092,124760000,32185
2,3119,124760000,124764000,1856,3092,124800000,32192
2,312,12480000,12484000,1856,3092,12520000,3225
2,3120,124800000,124804000,1856,3092,124840000,32204
2,3121,124840000,124844000,1856,3092,124880000,32215
2,3122,124880000,124884000,1856,3092,124920000,32223
2,3123,124920000,124924000,1856,3092,124960000,32235
2,3124,124960000,124964000,1856,3092,125000000,32245
2,3125,125000000,125004000,1856,3092,125040000,32255
2,3126,125040000,125044000,1856,3092,125080000,32265
2,3127,125080000,125084000,1856,3092,125120000,32277
2,3128,125120000,125124000,1856,3092,125160000,32286
2,3129,125160000,125164000,1856,3092,125200000,32297
2,313,12520000,12524000,1856,3092,12560000,3237
2,3130,125200000,125204000,1856,3092,125240000,32308
2,3131,125240000,125244000,1856,3092,125280000,32316
2,3132,125280000,125284000,1856,3092,125320000,32327
2,3133,125320000,125324000,1856,3092,125360000,32338
2,3134,125360000,125364000,1856,3092,125400000,32348
2,3135,125400000,125404000,1856,3092,125440000,32357
2,3136,125440000,125444000,1856,3092,125480000,32370
2,3137,125480000,125484000,1856,3092,125520000,32380
2,3138,125520000,125524000,1856,3092,125560000,32390
2,3139,125560000,125564000,1856,3092,125600000,32401
2,314,12560000,12564000,1856,3092,12600000,3243
2,3140,125600000,125604000,1856,3092,125640000,32408
2,3141,125640000,125644000,1856,3092,125680000,32420
2,3142,125680000,125684000,1856,3092,125720000,32431
2,3143,125720000,125724000,1856,3092,125760000,32441
2,3144,125760000,125764000,1856,3092,125800000,32451
2,3145,125800000,125804000,1856,3092,125840000,32462
2,3146,125840000,125844000,1856,3092,125880000,32472
2,3147,125880000,125884000,1856,3092,125920000,32483
2,3148,125920000,125924000,1856,3092,125960000,32494
2,3149,125960000,125964000,1856,3092,126000000,32501
2,315,12600000,12604000,1856,3092,12640000,3255
2,3150,126000000,126004000,1856,3092,126040000,32513
2,3151,126040000,126044000,1856,3092,126080000,32524
2,3152,126080000,126084000,1856,3092,126120000,32534
2,3153,126120000,126124000,1856,3092,126160000,32544
2,3154,126160000,126164000,1856,3092,126200000,32555
2,3155,126200000,126204000,1856,3092,126240000,32565
2,3156,126240000,126244000,1856,3092,126280000,32575
2,3157,126280000,126284000,1856,3092,126320000,32587
2,3158,126320000,126324000,1856,3092,126360000,32595
2,3159,126360000,126364000,1856,3092,126400000,32605
2,316,12640000,12644000,1856,3092,12680000,3267
2,3160,126400000,126404000,1856,3092,126440000,32617
2,3161,126440000,126444000,1856,3092,126480000,32626
2,3162,126480000,126484000,1856,3092,126520000,32637
2,3163,126520000,126524000,1856,3092,126560000,32649
2,3164,126560000,126564000,1856,3092,126600000,32657
2,3165,126600000,126604000,1856,3092,126640000,32669
2,3166,126640000,126644000,1856,3092,126680000,32679
2,3167,126680000,126684000,1856,3092,126720000,32688
2,3168,126720000,126724000,1856,3092,126760000,32699
2,3169,126760000,126764000,1856,3092,126800000,32709
2,317,12680000,12684000,1856,3092,12720000,3276
2,3170,126800000,126804000,1856,3092,126840000,32719
2,3171,126840000,126844000,1856,3092,126880000,32729
2,3172,126880000,126884000,1856,3092,126920000,32742
2,3173,126920000,126924000,1856,3092,126960000,32751
2,3174,126960000,126964000,1856,3092,127000000,32761
2,3175,127000000,127004000,1856,3092,127040000,32772
2,3176,127040000,127044000,1856,3092,127080000,32781
2,3177,127080000,127084000,1856,3092,127120000,32791
2,3178,127120000,127124000,1856,3092,127160000,32803
2,3179,127160000,127164000,1856,3092,127200000,32812
2,318,12720000,12724000,1856,3092,12760000,3287
2,3180,127200000,127204000,1856,3092,127240000,32822
2,3181,127240000,127244000,1856,3092,127280000,32835
2,3182,127280000,127284000,1856,3092,127320000,32843
2,3183,127320000,127324000,1856,3092,127360000,32855
2,3184,127360000,127364000,1856,3092,127400000,32864
2,3185,127400000,127404000,1856,3092,127440000,32873
2,3186,127440000,127444000,1856,3092,127480000,32885
2,3187,127480000,127484000,1856,3092,127520000,32895
2,3188,127520000,127524000,1856,3092,127560000,32906
2,3189,127560000,127564000,1856,3092,127600000,32915
2,319,12760000,12764000,1856,3092,12800000,3297
2,3190,127600000,127604000,1856,3092,127640000,32927
2,3191,127640000,127644000,1856,3092,127680000,32936
2,3192,127680000,127684000,1856,3092,127720000,32947
2,3193,127720000,127724000,1856,3092,127760000,32959
2,3194,127760000,127764000,1856,3092,127800000,32966
2,3195,127800000,127804000,1856,3092,127840000,32977
2,3196,127840000,127844000,1856,3092,127880000,32988
2,3197,127880000,127884000,1856,3092,127920000,32998
2,3198,127920000,127924000,1856,3092,127960000,33008
2,3199,127960000,127964000,1856,3092,128000000,33020
2,32,1280000,1284000,1856,3092,1320000,335
2,320,12800000,12804000,1856,3092,12840000,3307
2,3200,128000000,128004000,1856,3092,128040000,33029
2,3201,128040000,128044000,1856,3092,128080000,33040
2,3202,128080000,128084000,1856,3092,128120000,33052
2,3203,128120000,128124000,1856,3092,128160000,33059
2,3204,128160000,128164000,1856,3092,128200000,33070
2,3205,128200000,128204000,1856,3092,128240000,33080
2,3206,128240000,128244000,1856,3092,128280000,33091
2,3207,128280000,128284000,1856,3092,128320000,33102
2,3208,128320000,128324000,1856,3092,128360000,33113
2,3209,128360000,128364000,1856,3092,128400000,33122
2,321,12840000,12844000,1856,3092,12880000,3318
2,3210,128400000,128404000,1856,3092,128440000,33132
2,3211,128440000,128444000,1856,3092,128480000,33144
2,3212,128480000,128484000,1856,3092,128520000,33152
2,3213,128520000,128524000,1856,3092,128560000,33163
2,3214,128560000,128564000,1856,3092,128600000,33174
2,3215,128600000,128604000,1856,3092,128640000,33184
2,3216,128640000,128644000,1856,3092,128680000,33194
2,3217,128680000,128684000,1856,3092,128720000,33206
2,3218,128720000,128724000,1856,3092,128760000,33215
2,3219,128760000,128764000,1856,3092,128800000,33225
2,322,12880000,12884000,1856,3092,12920000,3329
2,3220,128800000,128804000,1856,3092,128840000,33237
2,3221,128840000,128844000,1856,3092,128880000,33245
2,3222,128880000,128884000,1856,3092,128920000,33256
2,3223,128920000,128924000,1856,3092,128960000,33267
2,3224,128960000,128964000,1856,3092,129000000,33276
2,3225,129000000,129004000,1856,3092,129040000,33287
2,3226,129040000,129044000,1856,3092,129080000,33298
2,3227,129080000,129084000,1856,3092,129120000,33308
2,3228,129120000,129124000,1856,3092,129160000,33320
2,3229,129160000,129164000,1856,3092,129200000,33329
2,323,12920000,12924000,1856,3092,12960000,3338
2,3230,129200000,129204000,1856,3092,129240000,33338
2,3231,129240000,129244000,1856,3092,129280000,33348
2,3232,129280000,129284000,1856,3092,129320000,33360
2,3233,129320000,129324000,1856,3092,129360000,33370
2,3234,129360000,129364000,1856,3092,129400000,33379
2,3235,129400000,129404000,1856,3092,129440000,33392
2,3236,129440000,129444000,1856,3092,129480000,33400
2,3237,129480000,129484000,1856,3092,129520000,33412
2,3238,129520000,129524000,1856,3092,129560000,33423
2,3239,129560000,129564000,1856,3092,129600000,33430
2,324,12960000,12964000,1856,3092,13000000,3347
2,3240,129600000,129604000,1856,3092,129640000,33441
2,3241,129640000,129644000,1856,3092,129680000,33453
2,3242,129680000,129684000,1856,3092,129720000,33463
2,3243,129720000,129724000,1856,3092,129760000,33473
2,3244,129760000,129764000,1856,3092,129800000,33484
2,3245,129800000,129804000,1856,3092,129840000,33493
2,3246,129840000,129844000,1856,3092,129880000,33505
2,3247,129880000,129884000,1856,3092,129920000,33515
2,3248,129920000,129924000,1856,3092,129960000,33524
2,3249,129960000,129964000,1856,3092,130000000,33534
2,325,13000000,13004000,1856,3092,13040000,3359
2,3250,130000000,130004000,1856,3092,130040000,33545
2,3251,130040000,130044000,1856,3092,130080000,33556
2,3252,130080000,130084000,1856,3092,130120000,33565
2,3253,130120000,130124000,1856,3092,130160000,33578
2,3254,130160000,130164000,1856,3092,130200000,33586
2,3255,130200000,130204000,1856,3092,130240000,33597
2,3256,130240000,130244000,1856,3092,130280000,33609
2,3257,130280000,130284000,1856,3092,130320000,33616
2,3258,130320000,130324000,1856,3092,130360000,33628
2,3259,130360000,130364000,1856,3092,130400000,33638
2,326,13040000,13044000,1856,3092,13080000,3369
2,3260,130400000,130404000,1856,3092,130440000,33648
2,3261,130440000,130444000,1856,3092,130480000,33658
2,3262,130480000,130484000,1856,3092,130520000,33670
2,3263,130520000,130524000,1856,3092,130560000,33680
2,3264,130560000,130564000,1856,3092,130600000,33690
2,3265,130600000,130604000,1856,3092,130640000,33701
2,3266,130640000,130644000,1856,3092,130680000,33709
2,3267,130680000,130684000,1856,3092,130720000,33721
2,3268,130720000,130724000,1856,3092,130760000,33731
2,3269,130760000,130764000,1856,3092,130800000,33741
2,327,13080000,13084000,1856,3092,13120000,3379
2,3270,130800000,130804000,1856,3092,130840000,33751
2,3271,130840000,130844000,1856,3092,130880000,33763
2,3272,130880000,130884000,1856,3092,130920000,33773
2,3273,130920000,130924000,1856,3092,130960000,33783
2,3274,130960000,130964000,1856,3092,131000000,33794
2,3275,131000000,131004000,1856,3092,131040000,33801
2,3276,131040000,131044000,1856,3092,131080000,33813
2,3277,131080000,131084000,1856,3092,131120000,33825
2,3278,131120000,131124000,1856,3092,131160000,33834
2,3279,131160000,131164000,1856,3092,131200000,33844
2,328,13120000,13124000,1856,3092,13160000,3391
2,3280,131200000,131204000,1856,3092,131240000,33856
2,3281,131240000,131244000,1856,3092,131280000,33865
2,3282,131280000,131284000,1856,3092,131320000,33876
2,3283,131320000,131324000,1856,3092,131360000,33887
2,3284,131360000,131364000,1856,3092,131400000,33895
2,3285,131400000,131404000,1856,3092,131440000,33906
2,3286,131440000,131444000,1856,3092,131480000,33917
2,3287,131480000,131484000,1856,3092,131520000,33927
2,3288,131520000,131524000,1856,3092,131560000,33937
2,3289,131560000,131564000,1856,3092,131600000,33948
2,329,13160000,13164000,1856,3092,13200000,3400
2,3290,131600000,131604000,1856,3092,131640000,33958
2,3291,131640000,131644000,1856,3092,131680000,33969
2,3292,131680000,131684000,1856,3092,131720000,33980
2,3293,131720000,131724000,1856,3092,131760000,33989
2,3294,131760000,131764000,1856,3092,131800000,33998
2,3295,131800000,131804000,1856,3092,131840000,34010
2,3296,131840000,131844000,1856,3092,131880000,34019
2,3297,131880000,131884000,1856,3092,131920000,34030
2,3298,131920000,131924000,1856,3092,131960000,34043
2,3299,131960000,131964000,1856,3092,132000000,34050
2,33,1320000,1324000,1856,3092,1360000,346
2,330,13200000,13204000,1856,3092,13240000,3411
2,3300,132000000,132004000,1856,3092,132040000,34062
2,3301,132040000,132044000,1856,3092,132080000,34072
2,3302,132080000,132084000,1856,3092,132120000,34081
2,3303,132120000,132124000,1856,3092,132160000,34092
2,3304,132160000,132164000,1856,3092,132200000,34102
2,3305,132200000,132204000,1856,3092,132240000,34113
2,3306,132240000,132244000,1856,3092,132280000,34123
2,3307,132280000,132284000,1856,3092,132320000,34135
2,3308,132320000,132324000,1856,3092,132360000,34144
2,3309,132360000,132364000,1856,3092,132400000,34154
2,331,13240000,13244000,1856,3092,13280000,3422
2,3310,132400000,132404000,1856,3092,132440000,34165
2,3311,132440000,132444000,1856,3092,132480000,34174
2,3312,132480000,132484000,1856,3092,132520000,34185
2,3313,132520000,132524000,1856,3092,132560000,34196
2,3314,132560000,132564000,1856,3092,132600000,34205
2,3315,132600000,132604000,1856,3092,132640000,34215
2,3316,132640000,132644000,1856,3092,132680000,34228
2,3317,132680000,132684000,1856,3092,132720000,34236
2,3318,132720000,132724000,1856,3092,132760000,34248
2,3319,132760000,132764000,1856,3092,132800000,34259
2,332,13280000,13284000,1856,3092,13320000,3430
2,3320,132800000,132804000,1856,3092,132840000,34266
2,3321,132840000,132844000,1856,3092,132880000,34278
2,3322,132880000,132884000,1856,3092,132920000,34288
2,3323,132920000,132924000,1856,3092,132960000,34299
2,3324,132960000,132964000,1856,3092,133000000,34308
2,3325,133000000,133004000,1856,3092,133040000,34320
2,3326,133040000,133044000,1856,3092,133080000,34330
2,3327,133080000,133084000,1856,3092,133120000,34340
2,3328,133120000,133124000,1856,3092,133160000,34352
2,3329,133160000,133164000,1856,3092,133200000,34359
2,333,13320000,13324000,1856,3092,13360000,3441
2,3330,133200000,133204000,1856,3092,133240000,34370
2,3331,133240000,133244000,1856,3092,133280000,34381
2,3332,133280000,133284000,1856,3092,133320000,34392
2,3333,133320000,133324000,1856,3092,133360000,34402
2,3334,133360000,133364000,1856,3092,133400000,34413
2,3335,133400000,133404000,1856,3092,133440000,34422
2,3336,133440000,133444000,1856,3092,133480000,34433
2,3337,133480000,133484000,1856,3092,133520000,34445
2,3338,133520000,133524000,1856,3092,133560000,34452
2,3339,133560000,133564000,1856,3092,133600000,34463
2,334,13360000,13364000,1856,3092,13400000,3452
2,3340,133600000,133604000,1856,3092,133640000,34474
2,3341,133640000,133644000,1856,3092,133680000,34484
2,3342,133680000,133684000,1856,3092,133720000,34495
2,3343,133720000,133724000,1856,3092,133760000,34506
2,3344,133760000,133764000,1856,3092,133800000,34515
2,3345,133800000,133804000,1856,3092,133840000,34526
2,3346,133840000,133844000,1856,3092,133880000,34537
2,3347,133880000,133884000,1856,3092,133920000,34546
2,3348,133920000,133924000,1856,3092,133960000,34556
2,3349,133960000,133964000,1856,3092,134000000,34567
2,335,13400000,13404000,1856,3092,13440000,3461
2,3350,134000000,134004000,1856,3092,134040000,34577
2,3351,134040000,134044000,1856,3092,134080000,34587
2,3352,134080000,134084000,1856,3092,134120000,34599
2,3353,134120000,134124000,1856,3092,134160000,34608
2,3354,134160000,134164000,1856,3092,134200000,34619
2,3355,134200000,134204000,1856,3092,134240000,34630
2,3356,134240000,134244000,1856,3092,134280000,34638
2,3357,134280000,134284000,1856,3092,134320000,34649
2,3358,134320000,134324000,1856,3092,134360000,34661
2,3359,134360000,134364000,1856,3092,134400000,34669
2,336,13440000,13444000,1856,3092,13480000,3472
2,3360,134400000,134404000,1856,3092,134440000,34680
2,3361,134440000,134444000,1856,3092,134480000,34692
2,3362,134480000,134484000,1856,3092,134520000,34701
2,3363,134520000,134524000,1856,3092,134560000,34713
2,3364,134560000,134564000,1856,3092,134600000,34722
2,3365,134600000,134604000,1856,3092,134640000,34731
2,3366,134640000,134644000,1856,3092,134680000,34741
2,3367,134680000,134684000,1856,3092,134720000,34753
2,3368,134720000,134724000,1856,3092,134760000,34764
2,3369,134760000,134764000,1856,3092,134800000,34772
2,337,13480000,13484000,1856,3092,13520000,3484
2,3370,134800000,134804000,1856,3092,134840000,34785
2,3371,134840000,134844000,1856,3092,134880000,34794
2,3372,134880000,134884000,1856,3092,134920000,34805
2,3373,134920000,134924000,1856,3092,134960000,34816
2,3374,134960000,134964000,1856,3092,135000000,34823
2,3375,135000000,135004000,1856,3092,135040000,34835
2,3376,135040000,135044000,1856,3092,135080000,34846
2,3377,135080000,135084000,1856,3092,135120000,34856
2,3378,135120000,135124000,1856,3092,135160000,34866
2,3379,135160000,135164000,1856,3092,135200000,34877
2,338,13520000,13524000,1856,3092,13560000,3493
2,3380,135200000,135204000,1856,3092,135240000,34886
2,3381,135240000,135244000,1856,3092,135280000,34898
2,3382,135280000,135284000,1856,3092,135320000,34909
2,3383,135320000,135324000,1856,3092,135360000,34917
2,3384,135360000,135364000,1856,3092,135400000,34928
2,3385,135400000,135404000,1856,3092,135440000,34938
2,3386,135440000,135444000,1856,3092,135480000,34949
2,3387,135480000,135484000,1856,3092,135520000,34958
2,3388,135520000,135524000,1856,3092,135560000,34971
2,3389,135560000,135564000,1856,3092,135600000,34980
2,339,13560000,13564000,1856,3092,13600000,3504
2,3390,135600000,135604000,1856,3092,135640000,34990
2,3391,135640000,135644000,1856,3092,135680000,35002
2,3392,135680000,135684000,1856,3092,135720000,35009
2,3393,135720000,135724000,1856,3092,135760000,35021
2,3394,135760000,135764000,1856,3092,135800000,35031
2,3395,135800000,135804000,1856,3092,135840000,35041
2,3396,135840000,135844000,1856,3092,135880000,35052
2,3397,135880000,135884000,1856,3092,135920000,35064
2,3398,135920000,135924000,1856,3092,135960000,35073
2,3399,135960000,135964000,1856,3092,136000000,35083
2,34,1360000,1364000,1856,3092,1400000,356
2,340,13600000,13604000,1856,3092,13640000,3514
2,3400,136000000,136004000,1856,3092,136040000,35094
2,3401,136040000,136044000,1856,3092,136080000,35102
2,3402,136080000,136084000,1856,3092,136120000,35114
2,3403,136120000,136124000,1856,3092,136160000,35125
2,3404,136160000,136164000,1856,3092,136200000,35134
2,3405,136200000,136204000,1856,3092,136240000,35144
2,3406,136240000,136244000,1856,3092,136280000,35156
2,3407,136280000,136284000,1856,3092,136320000,35166
2,3408,136320000,136324000,1856,3092,136360000,35176
2,3409,136360000,136364000,1856,3092,136400000,35187
2,341,13640000,13644000,1856,3092,13680000,3523
2,3410,136400000,136404000,1856,3092,136440000,35196
2,3411,136440000,136444000,1856,3092,136480000,35206
2,3412,136480000,136484000,1856,3092,136520000,35218
2,3413,136520000,136524000,1856,3092,136560000,35227
2,3414,136560000,136564000,1856,3092,136600000,35237
2,3415,136600000,136604000,1856,3092,136640000,35249
2,3416,136640000,136644000,1856,3092,136680000,35258
2,3417,136680000,136684000,1856,3092,136720000,35270
2,3418,136720000,136724000,1856,3092,136760000,35280
2,3419,136760000,136764000,1856,3092,136800000,35288
2,342,13680000,13684000,1856,3092,13720000,3534
2,3420,136800000,136804000,1856,3092,136840000,35299
2,3421,136840000,136844000,1856,3092,136880000,35310
2,3422,136880000,136884000,1856,3092,136920000,35320
2,3423,136920000,136924000,1856,3092,136960000,35331
2,3424,136960000,136964000,1856,3092,137000000,35342
2,3425,137000000,137004000,1856,3092,137040000,35351
2,3426,137040000,137044000,1856,3092,137080000,35362
2,3427,137080000,137084000,1856,3092,137120000,35373
2,3428,137120000,137124000,1856,3092,137160000,35382
2,3429,137160000,137164000,1856,3092,137200000,35391
2,343,13720000,13724000,1856,3092,13760000,3545
2,3430,137200000,137204000,1856,3092,137240000,35403
2,3431,137240000,137244000,1856,3092,137280000,35413
2,3432,137280000,137284000,1856,3092,137320000,35423
2,3433,137320000,137324000,1856,3092,137360000,35436
2,3434,137360000,137364000,1856,3092,137400000,35443
2,3435,137400000,137404000,1856,3092,137440000,35455
2,3436,137440000,137444000,1856,3092,137480000,35466
2,3437,137480000,137484000,1856,3092,137520000,35474
2,3438,137520000,137524000,1856,3092,137560000,35486
2,3439,137560000,137564000,1856,3092,137600000,35495
2,344,13760000,13764000,1856,3092,13800000,3555
2,3440,137600000,137604000,1856,3092,137640000,35506
2,3441,137640000,137644000,1856,3092,137680000,35516
2,3442,137680000,137684000,1856,3092,137720000,35528
2,3443,137720000,137724000,1856,3092,137760000,35537
2,3444,137760000,137764000,1856,3092,137800000,35547
2,3445,137800000,137804000,1856,3092,137840000,35559
2,3446,137840000,137844000,1856,3092,137880000,35567
2,3447,137880000,137884000,1856,3092,137920000,35578
2,3448,137920000,137924000,1856,3092,137960000,35589
2,3449,137960000,137964000,1856,3092,138000000,35599
2,345,13800000,13804000,1856,3092,13840000,3564
2,3450,138000000,138004000,1856,3092,138040000,35608
2,3451,138040000,138044000,1856,3092,138080000,35621
2,3452,138080000,138084000,1856,3092,138120000,35630
2,3453,138120000,138124000,1856,3092,138160000,35641
2,3454,138160000,138164000,1856,3092,138200000,35652
2,3455,138200000,138204000,1856,3092,138240000,35659
2,3456,138240000,138244000,1856,3092,138280000,35671
2,3457,138280000,138284000,1856,3092,138320000,35681
2,3458,138320000,138324000,1856,3092,138360000,35692
2,3459,138360000,138364000,1856,3092,138400000,35702
2,346,13840000,13844000,1856,3092,13880000,3577
2,3460,138400000,138404000,1856,3092,138440000,35713
2,3461,138440000,138444000,1856,3092,138480000,35723
2,3462,138480000,138484000,1856,3092,138520000,35734
2,3463,138520000,138524000,1856,3092,138560000,35745
2,3464,138560000,138564000,1856,3092,138600000,35752
2,3465,138600000,138604000,1856,3092,138640000,35763
2,3466,138640000,138644000,1856,3092,138680000,35775
2,3467,138680000,138684000,1856,3092,138720000,35785
2,3468,138720000,138724000,1856,3092,138760000,35795
2,3469,138760000,138764000,1856,3092,138800000,35806
2,347,13880000,13884000,1856,3092,13920000,3586
2,3470,138800000,138804000,1856,3092,138840000,35815
2,3471,138840000,138844000,1856,3092,138880000,35826
2,3472,138880000,138884000,1856,3092,138920000,35838
2,3473,138920000,138924000,1856,3092,138960000,35846
2,3474,138960000,138964000,1856,3092,139000000,35856
2,3475,139000000,139004000,1856,3092,139040000,35868
2,3476,139040000,139044000,1856,3092,139080000,35877
2,3477,139080000,139084000,1856,3092,139120000,35888
2,3478,139120000,139124000,1856,3092,139160000,35899
2,3479,139160000,139164000,1856,3092,139200000,35908
2,348,13920000,13924000,1856,3092,13960000,3597
2,3480,139200000,139204000,1856,3092,139240000,35920
2,3481,139240000,139244000,1856,3092,139280000,35930
2,3482,139280000,139284000,1856,3092,139320000,35939
2,3483,139320000,139324000,1856,3092,139360000,35949
2,3484,139360000,139364000,1856,3092,139400000,35960
2,3485,139400000,139404000,1856,3092,139440000,35970
2,3486,139440000,139444000,1856,3092,139480000,35980
2,3487,139480000,139484000,1856,3092,139520000,35993
2,3488,139520000,139524000,1856,3092,139560000,36002
2,3489,139560000,139564000,1856,3092,139600000,36012
2,349,13960000,13964000,1856,3092,14000000,3607
2,3490,139600000,139604000,1856,3092,139640000,36023
2,3491,139640000,139644000,1856,3092,139680000,36031
2,3492,139680000,139684000,1856,3092,139720000,36042
2,3493,139720000,139724000,1856,3092,139760000,36054
2,3494,139760000,139764000,1856,3092,139800000,36063
2,3495,139800000,139804000,1856,3092,139840000,36073
2,3496,139840000,139844000,1856,3092,139880000,36085
2,3497,139880000,139884000,1856,3092,139920000,36094
2,3498,139920000,139924000,1856,3092,139960000,36106
2,3499,139960000,139964000,1856,3092,140000000,36115
2,35,1400000,1404000,1856,3092,1440000,365
2,350,14000000,14004000,1856,3092,14040000,3615
2,3500,140000000,140004000,1856,3092,140040000,36124
2,3501,140040000,140044000,1856,3092,140080000,36136
2,3502,140080000,140084000,1856,3092,140120000,36146
2,3503,140120000,140124000,1856,3092,140160000,36157
2,3504,140160000,140164000,1856,3092,140200000,36165
2,3505,140200000,140204000,1856,3092,140240000,36178
2,3506,140240000,140244000,1856,3092,140280000,36187
2,3507,140280000,140284000,1856,3092,140320000,36198
2,3508,140320000,140324000,1856,3092,140360000,36210
2,3509,140360000,140364000,1856,3092,140400000,36216
2,351,14040000,14044000,1856,3092,14080000,3627
2,3510,140400000,140404000,1856,3092,140440000,36228
2,3511,140440000,140444000,1856,3092,140480000,36239
2,3512,140480000,140484000,1856,3092,140520000,36249
2,3513,140520000,140524000,1856,3092,140560000,36259
2,3514,140560000,140564000,1856,3092,140600000,36271
2,3515,140600000,140604000,1856,3092,140640000,36280
2,3516,140640000,140644000,1856,3092,140680000,36291
2,3517,140680000,140684000,1856,3092,140720000,36302
2,3518,140720000,140724000,1856,3092,140760000,36310
2,3519,140760000,140764000,1856,3092,140800000,36321
2,352,14080000,14084000,1856,3092,14120000,3638
2,3520,140800000,140804000,1856,3092,140840000,36331
2,3521,140840000,140844000,1856,3092,140880000,36342
2,3522,140880000,140884000,1856,3092,140920000,36352
2,3523,140920000,140924000,1856,3092,140960000,36364
2,3524,140960000,140964000,1856,3092,141000000,36373
2,3525,141000000,141004000,1856,3092,141040000,36383
2,3526,141040000,141044000,1856,3092,141080000,36395
2,3527,141080000,141084000,1856,3092,141120000,36403
2,3528,141120000,141124000,1856,3092,141160000,36414
2,3529,141160000,141164000,1856,3092,141200000,36425
2,353,14120000,14124000,1856,3092,14160000,3648
2,3530,141200000,141204000,1856,3092,141240000,36434
2,3531,141240000,141244000,1856,3092,141280000,36445
2,3532,141280000,141284000,1856,3092,141320000,36457
2,3533,141320000,141324000,1856,3092,141360000,36466
2,3534,141360000,141364000,1856,3092,141400000,36476
2,3535,141400000,141404000,1856,3092,141440000,36487
2,3536,141440000,141444000,1856,3092,141480000,36496
2,3537,141480000,141484000,1856,3092,141520000,36507
2,3538,141520000,141524000,1856,3092,141560000,36518
2,3539,141560000,141564000,1856,3092,141600000,36527
2,354,14160000,14164000,1856,3092,14200000,3657
2,3540,141600000,141604000,1856,3092,141640000,36538
2,3541,141640000,141644000,1856,3092,141680000,36549
2,3542,141680000,141684000,1856,3092,141720000,36559
2,3543,141720000,141724000,1856,3092,141760000,36570
2,3544,141760000,141764000,1856,3092,141800000,36580
2,3545,141800000,141804000,1856,3092,141840000,36589
2,3546,141840000,141844000,1856,3092,141880000,36599
2,3547,141880000,141884000,1856,3092,141920000,36611
2,3548,141920000,141924000,1856,3092,141960000,36620
2,3549,141960000,141964000,1856,3092,142000000,36630
2,355,14200000,14204000,1856,3092,14240000,3670
2,3550,142000000,142004000,1856,3092,142040000,36643
2,3551,142040000,142044000,1856,3092,142080000,36651
2,3552,142080000,142084000,1856,3092,142120000,36663
2,3553,142120000,142124000,1856,3092,142160000,36674
2,3554,142160000,142164000,1856,3092,142200000,36681
2,3555,142200000,142204000,1856,3092,142240000,36692
2,3556,142240000,142244000,1856,3092,142280000,36703
2,3557,142280000,142284000,1856,3092,142320000,36714
2,3558,142320000,142324000,1856,3092,142360000,36724
2,3559,142360000,142364000,1856,3092,142400000,36735
2,356,14240000,14244000,1856,3092,14280000,3678
2,3560,142400000,142404000,1856,3092,142440000,36744
2,3561,142440000,142444000,1856,3092,142480000,36755
2,3562,142480000,142484000,1856,3092,142520000,36766
2,3563,142520000,142524000,1856,3092,142560000,36775
2,3564,142560000,142564000,1856,3092,142600000,36785
2,3565,142600000,142604000,1856,3092,142640000,36796
2,3566,142640000,142644000,1856,3092,142680000,36807
2,3567,142680000,142684000,1856,3092,142720000,36816
2,3568,142720000,142724000,1856,3092,142760000,36829
2,3569,142760000,142764000,1856,3092,142800000,36836
2,357,14280000,14284000,1856,3092,14320000,3690
2,3570,142800000,142804000,1856,3092,142840000,36848
2,3571,142840000,142844000,1856,3092,142880000,36860
2,3572,142880000,142884000,1856,3092,142920000,36867
2,3573,142920000,142924000,1856,3092,142960000,36879
2,3574,142960000,142964000,1856,3092,143000000,36888
2,3575,143000000,143004000,1856,3092,143040000,36899
2,3576,143040000,143044000,1856,3092,143080000,36909
2,3577,143080000,143084000,1856,3092,143120000,36921
2,3578,143120000,143124000,1856,3092,143160000,36931
2,3579,143160000,143164000,1856,3092,143200000,36941
2,358,14320000,14324000,1856,3092,14360000,3701
2,3580,143200000,143204000,1856,3092,143240000,36952
2,3581,143240000,143244000,1856,3092,143280000,36960
2,3582,143280000,143284000,1856,3092,143320000,36971
2,3583,143320000,143324000,1856,3092,143360000,36982
2,3584,143360000,143364000,1856,3092,143400000,36992
2,3585,143400000,143404000,1856,3092,143440000,37002
2,3586,143440000,143444000,1856,3092,143480000,37014
2,3587,143480000,143484000,1856,3092,143520000,37023
2,3588,143520000,143524000,1856,3092,143560000,37034
2,3589,143560000,143564000,1856,3092,143600000,37045
2,359,14360000,14364000,1856,3092,14400000,3708
2,3590,143600000,143604000,1856,3092,143640000,37052
2,3591,143640000,143644000,1856,3092,143680000,37064
2,3592,143680000,143684000,1856,3092,143720000,37076
2,3593,143720000,143724000,1856,3092,143760000,37085
2,3594,143760000,143764000,1856,3092,143800000,37095
2,3595,143800000,143804000,1856,3092,143840000,37106
2,3596,143840000,143844000,1856,3092,143880000,37116
2,3597,143880000,143884000,1856,3092,143920000,37127
2,3598,143920000,143924000,1856,3092,143960000,37138
2,3599,143960000,143964000,1856,3092,144000000,37146
2,36,1440000,1444000,1856,3092,1480000,376
2,360,14400000,14404000,1856,3092,14440000,3720
2,3600,144000000,144004000,1856,3092,144040000,37156
2,3601,144040000,144044000,1856,3092,144080000,37168
2,3602,144080000,144084000,1856,3092,144120000,37178
2,3603,144120000,144124000,1856,3092,144160000,37188
2,3604,144160000,144164000,1856,3092,144200000,37199
2,3605,144200000,144204000,1856,3092,144240000,37209
2,3606,144240000,144244000,1856,3092,144280000,37220
2,3607,144280000,144284000,1856,3092,144320000,37231
2,3608,144320000,144324000,1856,3092,144360000,37239
2,3609,144360000,144364000,1856,3092,144400000,37249
2,361,14440000,14444000,1856,3092,14480000,3730
2,3610,144400000,144404000,1856,3092,144440000,37261
2,3611,144440000,144444000,1856,3092,144480000,37270
2,3612,144480000,144484000,1856,3092,144520000,37281
2,3613,144520000,144524000,1856,3092,144560000,37293
2,3614,144560000,144564000,1856,3092,144600000,37301
2,3615,144600000,144604000,1856,3092,144640000,37313
2,3616,144640000,144644000,1856,3092,144680000,37323
2,3617,144680000,144684000,1856,3092,144720000,37332
2,3618,144720000,144724000,1856,3092,144760000,37343
2,3619,144760000,144764000,1856,3092,144800000,37353
2,362,14480000,14484000,1856,3092,14520000,3741
2,3620,144800000,144804000,1856,3092,144840000,37364
2,3621,144840000,144844000,1856,3092,144880000,37373
2,3622,144880000,144884000,1856,3092,144920000,37386
2,3623,144920000,144924000,1856,3092,144960000,37395
2,3624,144960000,144964000,1856,3092,145000000,37405
2,3625,145000000,145004000,1856,3092,145040000,37416
2,3626,145040000,145044000,1856,3092,145080000,37424
2,3627,145080000,145084000,1856,3092,145120000,37436
2,3628,145120000,145124000,1856,3092,145160000,37447
2,3629,145160000,145164000,1856,3092,145200000,37456
2,363,14520000,14524000,1856,3092,14560000,3750
2,3630,145200000,145204000,1856,3092,145240000,37466
2,3631,145240000,145244000,1856,3092,145280000,37479
2,3632,145280000,145284000,1856,3092,145320000,37487
2,3633,145320000,145324000,1856,3092,145360000,37499
2,3634,145360000,145364000,1856,3092,145400000,37509
2,3635,145400000,145404000,1856,3092,145440000,37517
2,3636,145440000,145444000,1856,3092,145480000,37529
2,3637,145480000,145484000,1856,3092,145520000,37539
2,3638,145520000,145524000,1856,3092,145560000,37550
2,3639,145560000,145564000,1856,3092,145600000,37558
2,364,14560000,14564000,1856,3092,14600000,3762
2,3640,145600000,145604000,1856,3092,145640000,37571
2,3641,145640000,145644000,1856,3092,145680000,37581
2,3642,145680000,145684000,1856,3092,145720000,37591
2,3643,145720000,145724000,1856,3092,145760000,37603
2,3644,145760000,145764000,1856,3092,145800000,37610
2,3645,145800000,145804000,1856,3092,145840000,37621
2,3646,145840000,145844000,1856,3092,145880000,37632
2,3647,145880000,145884000,1856,3092,145920000,37642
2,3648,145920000,145924000,1856,3092,145960000,37653
2,3649,145960000,145964000,1856,3092,146000000,37664
2,365,14600000,14604000,1856,3092,14640000,3772
2,3650,146000000,146004000,1856,3092,146040000,37673
2,3651,146040000,146044000,1856,3092,146080000,37684
2,3652,146080000,146084000,1856,3092,146120000,37695
2,3653,146120000,146124000,1856,3092,146160000,37703
2,3654,146160000,146164000,1856,3092,146200000,37714
2,3655,146200000,146204000,1856,3092,146240000,37725
2,3656,146240000,146244000,1856,3092,146280000,37735
2,3657,146280000,146284000,1856,3092,146320000,37746
2,3658,146320000,146324000,1856,3092,146360000,37757
2,3659,146360000,146364000,1856,3092,146400000,37766
2,366,14640000,14644000,1856,3092,14680000,3782
2,3660,146400000,146404000,1856,3092,146440000,37776
2,3661,146440000,146444000,1856,3092,146480000,37788
2,3662,146480000,146484000,1856,3092,146520000,37797
2,3663,146520000,146524000,1856,3092,146560000,37807
2,3664,146560000,146564000,1856,3092,146600000,37818
2,3665,146600000,146604000,1856,3092,146640000,37827
2,3666,146640000,146644000,1856,3092,146680000,37838
2,3667,146680000,146684000,1856,3092,146720000,37850
2,3668,146720000,146724000,1856,3092,146760000,37859
2,3669,146760000,146764000,1856,3092,146800000,37870
2,367,14680000,14684000,1856,3092,14720000,3794
2,3670,146800000,146804000,1856,3092,146840000,37881
2,3671,146840000,146844000,1856,3092,146880000,37889
2,3672,146880000,146884000,1856,3092,146920000,37900
2,3673,146920000,146924000,1856,3092,146960000,37911
2,3674,146960000,146964000,1856,3092,147000000,37920
2,3675,147000000,147004000,1856,3092,147040000,37931
2,3676,147040000,147044000,1856,3092,147080000,37943
2,3677,147080000,147084000,1856,3092,147120000,37952
2,3678,147120000,147124000,1856,3092,147160000,37963
2,3679,147160000,147164000,1856,3092,147200000,37973
2,368,14720000,14724000,1856,3092,14760000,3802
2,3680,147200000,147204000,1856,3092,147240000,37982
2,3681,147240000,147244000,1856,3092,147280000,37992
2,3682,147280000,147284000,1856,3092,147320000,38004
2,3683,147320000,147324000,1856,3092,147360000,38015
2,3684,147360000,147364000,1856,3092,147400000,38023
2,3685,147400000,147404000,1856,3092,147440000,38036
2,3686,147440000,147444000,1856,3092,147480000,38044
2,3687,147480000,147484000,1856,3092,147520000,38056
2,3688,147520000,147524000,1856,3092,147560000,38067
2,3689,147560000,147564000,1856,3092,147600000,38074
2,369,14760000,14764000,1856,3092,14800000,3812
2,3690,147600000,147604000,1856,3092,147640000,38086
2,3691,147640000,147644000,1856,3092,147680000,38096
2,3692,147680000,147684000,1856,3092,147720000,38107
2,3693,147720000,147724000,1856,3092,147760000,38117
2,3694,147760000,147764000,1856,3092,147800000,38128
2,3695,147800000,147804000,1856,3092,147840000,38137
2,3696,147840000,147844000,1856,3092,147880000,38149
2,3697,147880000,147884000,1856,3092,147920000,38160
2,3698,147920000,147924000,1856,3092,147960000,38168
2,3699,147960000,147964000,1856,3092,148000000,38178
2,37,1480000,1484000,1856,3092,1520000,387
2,370,14800000,14804000,1856,3092,14840000,3823
2,3700,148000000,148004000,1856,3092,148040000,38189
2,3701,148040000,148044000,1856,3092,148080000,38200
2,3702,148080000,148084000,1856,3092,148120000,38209
2,3703,148120000,148124000,1856,3092,148160000,38222
2,3704,148160000,148164000,1856,3092,148200000,38230
2,3705,148200000,148204000,1856,3092,148240000,38241
2,3706,148240000,148244000,1856,3092,148280000,38253
2,3707,148280000,148284000,1856,3092,148320000,38260
2,3708,148320000,148324000,1856,3092,148360000,38272
2,3709,148360000,148364000,1856,3092,148400000,38282
2,371,14840000,14844000,1856,3092,14880000,3833
2,3710,148400000,148404000,1856,3092,148440000,38292
2,3711,148440000,148444000,1856,3092,148480000,38303
2,3712,148480000,148484000,1856,3092,148520000,38314
2,3713,148520000,148524000,1856,3092,148560000,38324
2,3714,148560000,148564000,1856,3092,148600000,38334
2,3715,148600000,148604000,1856,3092,148640000,38345
2,3716,148640000,148644000,1856,3092,148680000,38353
2,3717,148680000,148684000,1856,3092,148720000,38364
2,3718,148720000,148724000,1856,3092,148760000,38376
2,3719,148760000,148764000,1856,3092,148800000,38385
2,372,14880000,14884000,1856,3092,14920000,3844
2,3720,148800000,148804000,1856,3092,148840000,38395
2,3721,148840000,148844000,1856,3092,148880000,38407
2,3722,148880000,148884000,1856,3092,148920000,38417
2,3723,148920000,148924000,1856,3092,148960000,38427
2,3724,148960000,148964000,1856,3092,149000000,38438
2,3725,149000000,149004000,1856,3092,149040000,38446
2,3726,149040000,149044000,1856,3092,149080000,38457
2,3727,149080000,149084000,1856,3092,149120000,38469
2,3728,149120000,149124000,1856,3092,149160000,38478
2,3729,149160000,149164000,1856,3092,149200000,38488
2,373,14920000,14924000,1856,3092,14960000,3856
2,3730,149200000,149204000,1856,3092,149240000,38499
2,3731,149240000,149244000,1856,3092,149280000,38509
2,3732,149280000,149284000,1856,3092,149320000,38521
2,3733,149320000,149324000,1856,3092,149360000,38531
2,3734,149360000,149364000,1856,3092,149400000,38539
2,3735,149400000,149404000,1856,3092,149440000,38550
2,3736,149440000,149444000,1856,3092,149480000,38561
2,3737,149480000,149484000,1856,3092,149520000,38571
2,3738,149520000,149524000,1856,3092,149560000,38581
2,3739,149560000,149564000,1856,3092,149600000,38593
2,374,14960000,14964000,1856,3092,15000000,3864
2,3740,149600000,149604000,1856,3092,149640000,38602
2,3741,149640000,149644000,1856,3092,149680000,38613
2,3742,149680000,149684000,1856,3092,149720000,38624
2,3743,149720000,149724000,1856,3092,149760000,38632
2,3744,149760000,149764000,1856,3092,149800000,38642
2,3745,149800000,149804000,1856,3092,149840000,38654
2,3746,149840000,149844000,1856,3092,149880000,38664
2,3747,149880000,149884000,1856,3092,149920000,38674
2,3748,149920000,149924000,1856,3092,149960000,38687
2,3749,149960000,149964000,1856,3092,150000000,38694
2,375,15000000,15004000,1856,3092,15040000,3875
2,3750,150000000,150004000,1856,3092,150040000,38706
2,3751,150040000,150044000,1856,3092,150080000,38716
2,3752,150080000,150084000,1856,3092,150120000,38725
2,3753,150120000,150124000,1856,3092,150160000,38737
2,3754,150160000,150164000,1856,3092,150200000,38746
2,3755,150200000,150204000,1856,3092,150240000,38757
2,3756,150240000,150244000,1856,3092,150280000,38766
2,3757,150280000,150284000,1856,3092,150320000,38779
2,3758,150320000,150324000,1856,3092,150360000,38788
2,3759,150360000,150364000,1856,3092,150400000,38798
2,376,15040000,15044000,1856,3092,15080000,3886
2,3760,150400000,150404000,1856,3092,150440000,38810
2,3761,150440000,150444000,1856,3092,150480000,38818
2,3762,150480000,150484000,1856,3092,150520000,38829
2,3763,150520000,150524000,1856,3092,150560000,38840
2,3764,150560000,150564000,1856,3092,150600000,38849
2,3765,150600000,150604000,1856,3092,150640000,38859
2,3766,150640000,150644000,1856,3092,150680000,38872
2,3767,150680000,150684000,1856,3092,150720000,38881
2,3768,150720000,150724000,1856,3092,150760000,38892
2,3769,150760000,150764000,1856,3092,150800000,38902
2,377,15080000,15084000,1856,3092,15120000,3894
2,3770,150800000,150804000,1856,3092,150840000,38910
2,3771,150840000,150844000,1856,3092,150880000,38922
2,3772,150880000,150884000,1856,3092,150920000,38932
2,3773,150920000,150924000,1856,3092,150960000,38943
2,3774,150960000,150964000,1856,3092,151000000,38953
2,3775,151000000,151004000,1856,3092,151040000,38964
2,3776,151040000,151044000,1856,3092,151080000,38974
2,3777,151080000,151084000,1856,3092,151120000,38984
2,3778,151120000,151124000,1856,3092,151160000,38996
2,3779,151160000,151164000,1856,3092,151200000,39003
2,378,15120000,15124000,1856,3092,15160000,3906
2,3780,151200000,151204000,1856,3092,151240000,39014
2,3781,151240000,151244000,1856,3092,151280000,39026
2,3782,151280000,151284000,1856,3092,151320000,39035
2,3783,151320000,151324000,1856,3092,151360000,39046
2,3784,151360000,151364000,1856,3092,151400000,39057
2,3785,151400000,151404000,1856,3092,151440000,39066
2,3786,151440000,151444000,1856,3092,151480000,39077
2,3787,151480000,151484000,1856,3092,151520000,39089
2,3788,151520000,151524000,1856,3092,151560000,39097
2,3789,151560000,151564000,1856,3092,151600000,39107
2,379,15160000,15164000,1856,3092,15200000,3916
2,3790,151600000,151604000,1856,3092,151640000,39118
2,3791,151640000,151644000,1856,3092,151680000,39128
2,3792,151680000,151684000,1856,3092,151720000,39139
2,3793,151720000,151724000,1856,3092,151760000,39150
2,3794,151760000,151764000,1856,3092,151800000,39159
2,3795,151800000,151804000,1856,3092,151840000,39170
2,3796,151840000,151844000,1856,3092,151880000,39181
2,3797,151880000,151884000,1856,3092,151920000,39190
2,3798,151920000,151924000,1856,3092,151960000,39200
2,3799,151960000,151964000,1856,3092,152000000,39211
2,38,1520000,1524000,1856,3092,1560000,397
2,380,15200000,15204000,1856,3092,15240000,3926
2,3800,152000000,152004000,1856,3092,152040000,39221
2,3801,152040000,152044000,1856,3092,152080000,39231
2,3802,152080000,152084000,1856,3092,152120000,39244
2,3803,152120000,152124000,1856,3092,152160000,39252
2,3804,152160000,152164000,1856,3092,152200000,39263
2,3805,152200000,152204000,1856,3092,152240000,39274
2,3806,152240000,152244000,1856,3092,152280000,39282
2,3807,152280000,152284000,1856,3092,152320000,39293
2,3808,152320000,152324000,1856,3092,152360000,39304
2,3809,152360000,152364000,1856,3092,152400000,39314
2,381,15240000,15244000,1856,3092,15280000,3937
2,3810,152400000,152404000,1856,3092,152440000,39324
2,3811,152440000,152444000,1856,3092,152480000,39336
2,3812,152480000,152484000,1856,3092,152520000,39345
2,3813,152520000,152524000,1856,3092,152560000,39357
2,3814,152560000,152564000,1856,3092,152600000,39366
2,3815,152600000,152604000,1856,3092,152640000,39375
2,3816,152640000,152644000,1856,3092,152680000,39386
2,3817,152680000,152684000,1856,3092,152720000,39397
2,3818,152720000,152724000,1856,3092,152760000,39408
2,3819,152760000,152764000,1856,3092,152800000,39416
2,382,15280000,15284000,1856,3092,15320000,3948
2,3820,152800000,152804000,1856,3092,152840000,39429
2,3821,152840000,152844000,1856,3092,152880000,39437
2,3822,152880000,152884000,1856,3092,152920000,39449
2,3823,152920000,152924000,1856,3092,152960000,39461
2,3824,152960000,152964000,1856,3092,153000000,39467
2,3825,153000000,153004000,1856,3092,153040000,39479
2,3826,153040000,153044000,1856,3092,153080000,39490
2,3827,153080000,153084000,1856,3092,153120000,39500
2,3828,153120000,153124000,1856,3092,153160000,39510
2,3829,153160000,153164000,1856,3092,153200000,39521
2,383,15320000,15324000,1856,3092,15360000,3958
2,3830,153200000,153204000,1856,3092,153240000,39531
2,3831,153240000,153244000,1856,3092,153280000,39542
2,3832,153280000,153284000,1856,3092,153320000,39553
2,3833,153320000,153324000,1856,3092,153360000,39561
2,3834,153360000,153364000,1856,3092,153400000,39571
2,3835,153400000,153404000,1856,3092,153440000,39582
2,3836,153440000,153444000,1856,3092,153480000,39593
2,3837,153480000,153484000,1856,3092,153520000,39603
2,3838,153520000,153524000,1856,3092,153560000,39615
2,3839,153560000,153564000,1856,3092,153600000,39624
2,384,15360000,15364000,1856,3092,15400000,3967
2,3840,153600000,153604000,1856,3092,153640000,39634
2,3841,153640000,153644000,1856,3092,153680000,39646
2,3842,153680000,153684000,1856,3092,153720000,39653
2,3843,153720000,153724000,1856,3092,153760000,39665
2,3844,153760000,153764000,1856,3092,153800000,39676
2,3845,153800000,153804000,1856,3092,153840000,39685
2,3846,153840000,153844000,1856,3092,153880000,39696
2,3847,153880000,153884000,1856,3092,153920000,39707
2,3848,153920000,153924000,1856,3092,153960000,39717
2,3849,153960000,153964000,1856,3092,154000000,39727
2,385,15400000,15404000,1856,3092,15440000,3979
2,3850,154000000,154004000,1856,3092,154040000,39738
2,3851,154040000,154044000,1856,3092,154080000,39747
2,3852,154080000,154084000,1856,3092,154120000,39758
2,3853,154120000,154124000,1856,3092,154160000,39769
2,3854,154160000,154164000,1856,3092,154200000,39778
2,3855,154200000,154204000,1856,3092,154240000,39788
2,3856,154240000,154244000,1856,3092,154280000,39800
2,3857,154280000,154284000,1856,3092,154320000,39810
2,3858,154320000,154324000,1856,3092,154360000,39821
2,3859,154360000,154364000,1856,3092,154400000,39831
2,386,15440000,15444000,1856,3092,15480000,3988
2,3860,154400000,154404000,1856,3092,154440000,39839
2,3861,154440000,154444000,1856,3092,154480000,39850
2,3862,154480000,154484000,1856,3092,154520000,39862
2,3863,154520000,154524000,1856,3092,154560000,39871
2,3864,154560000,154564000,1856,3092,154600000,39881
2,3865,154600000,154604000,1856,3092,154640000,39894
2,3866,154640000,154644000,1856,3092,154680000,39902
2,3867,154680000,154684000,1856,3092,154720000,39914
2,3868,154720000,154724000,1856,3092,154760000,39924
2,3869,154760000,154764000,1856,3092,154800000,39932
2,387,15480000,15484000,1856,3092,15520000,3998
2,3870,154800000,154804000,1856,3092,154840000,39943
2,3871,154840000,154844000,1856,3092,154880000,39954
2,3872,154880000,154884000,1856,3092,154920000,39965
2,3873,154920000,154924000,1856,3092,154960000,39974
2,3874,154960000,154964000,1856,3092,155000000,39986
2,3875,155000000,155004000,1856,3092,155040000,39995
2,3876,155040000,155044000,1856,3092,155080000,40006
2,3877,155080000,155084000,1856,3092,155120000,40017
2,3878,155120000,155124000,1856,3092,155160000,40026
2,3879,155160000,155164000,1856,3092,155200000,40036
2,388,15520000,15524000,1856,3092,15560000,4010
2,3880,155200000,155204000,1856,3092,155240000,40047
2,3881,155240000,155244000,1856,3092,155280000,40057
2,3882,155280000,155284000,1856,3092,155320000,40067
2,3883,155320000,155324000,1856,3092,155360000,40080
2,3884,155360000,155364000,1856,3092,155400000,40087
2,3885,155400000,155404000,1856,3092,155440000,40099
2,3886,155440000,155444000,1856,3092,155480000,40110
2,3887,155480000,155484000,1856,3092,155520000,40118
2,3888,155520000,155524000,1856,3092,155560000,40130
2,3889,155560000,155564000,1856,3092,155600000,40139
2,389,15560000,15564000,1856,3092,15600000,4018
2,3890,155600000,155604000,1856,3092,155640000,40150
2,3891,155640000,155644000,1856,3092,155680000,40160
2,3892,155680000,155684000,1856,3092,155720000,40172
2,3893,155720000,155724000,1856,3092,155760000,40182
2,3894,155760000,155764000,1856,3092,155800000,40191
2,3895,155800000,155804000,1856,3092,155840000,40203
2,3896,155840000,155844000,1856,3092,155880000,40211
2,3897,155880000,155884000,1856,3092,155920000,40222
2,3898,155920000,155924000,1856,3092,155960000,40233
2,3899,155960000,155964000,1856,3092,156000000,40242
2,39,1560000,1564000,1856,3092,1600000,406
2,390,15600000,15604000,1856,3092,15640000,4029
2,3900,156000000,156004000,1856,3092,156040000,40253
2,3901,156040000,156044000,1856,3092,156080000,40265
2,3902,156080000,156084000,1856,3092,156120000,40274
2,3903,156120000,156124000,1856,3092,156160000,40285
2,3904,156160000,156164000,1856,3092,156200000,40296
2,3905,156200000,156204000,1856,3092,156240000,40303
2,3906,156240000,156244000,1856,3092,156280000,40315
2,3907,156280000,156284000,1856,3092,156320000,40326
2,3908,156320000,156324000,1856,3092,156360000,40336
2,3909,156360000,156364000,1856,3092,156400000,40346
2,391,15640000,15644000,1856,3092,15680000,4041
2,3910,156400000,156404000,1856,3092,156440000,40357
2,3911,156440000,156444000,1856,3092,156480000,40367
2,3912,156480000,156484000,1856,3092,156520000,40377
2,3913,156520000,156524000,1856,3092,156560000,40389
2,3914,156560000,156564000,1856,3092,156600000,40397
2,3915,156600000,156604000,1856,3092,156640000,40407
2,3916,156640000,156644000,1856,3092,156680000,40419
2,3917,156680000,156684000,1856,3092,156720000,40429
2,3918,156720000,156724000,1856,3092,156760000,40439
2,3919,156760000,156764000,1856,3092,156800000,40450
2,392,15680000,15684000,1856,3092,15720000,4050
2,3920,156800000,156804000,1856,3092,156840000,40459
2,3921,156840000,156844000,1856,3092,156880000,40471
2,3922,156880000,156884000,1856,3092,156920000,40482
2,3923,156920000,156924000,1856,3092,156960000,40490
2,3924,156960000,156964000,1856,3092,157000000,40500
2,3925,157000000,157004000,1856,3092,157040000,40511
2,3926,157040000,157044000,1856,3092,157080000,40521
2,3927,157080000,157084000,1856,3092,157120000,40532
2,3928,157120000,157124000,1856,3092,157160000,40544
2,3929,157160000,157164000,1856,3092,157200000,40552
2,393,15720000,15724000,1856,3092,15760000,4062
2,3930,157200000,157204000,1856,3092,157240000,40564
2,3931,157240000,157244000,1856,3092,157280000,40574
2,3932,157280000,157284000,1856,3092,157320000,40583
2,3933,157320000,157324000,1856,3092,157360000,40593
2,3934,157360000,157364000,1856,3092,157400000,40604
2,3935,157400000,157404000,1856,3092,157440000,40615
2,3936,157440000,157444000,1856,3092,157480000,40624
2,3937,157480000,157484000,1856,3092,157520000,40637
2,3938,157520000,157524000,1856,3092,157560000,40645
2,3939,157560000,157564000,1856,3092,157600000,40656
2,394,15760000,15764000,1856,3092,15800000,4072
2,3940,157600000,157604000,1856,3092,157640000,40667
2,3941,157640000,157644000,1856,3092,157680000,40675
2,3942,157680000,157684000,1856,3092,157720000,40687
2,3943,157720000,157724000,1856,3092,157760000,40698
2,3944,157760000,157764000,1856,3092,157800000,40707
2,3945,157800000,157804000,1856,3092,157840000,40717
2,3946,157840000,157844000,1856,3092,157880000,40729
2,3947,157880000,157884000,1856,3092,157920000,40738
2,3948,157920000,157924000,1856,3092,157960000,40750
2,3949,157960000,157964000,1856,3092,158000000,40760
2,395,15800000,15804000,1856,3092,15840000,4080
2,3950,158000000,158004000,1856,3092,158040000,40768
2,3951,158040000,158044000,1856,3092,158080000,40779
2,3952,158080000,158084000,1856,3092,158120000,40790
2,3953,158120000,158124000,1856,3092,158160000,40801
2,3954,158160000,158164000,1856,3092,158200000,40809
2,3955,158200000,158204000,1856,3092,158240000,40822
2,3956,158240000,158244000,1856,3092,158280000,40832
2,3957,158280000,158284000,1856,3092,158320000,40842
2,3958,158320000,158324000,1856,3092,158360000,40854
2,3959,158360000,158364000,1856,3092,158400000,40860
2,396,15840000,15844000,1856,3092,15880000,4091
2,3960,158400000,158404000,1856,3092,158440000,40872
2,3961,158440000,158444000,1856,3092,158480000,40883
2,3962,158480000,158484000,1856,3092,158520000,40893
2,3963,158520000,158524000,1856,3092,158560000,40904
2,3964,158560000,158564000,1856,3092,158600000,40914
2,3965,158600000,158604000,1856,3092,158640000,40924
2,3966,158640000,158644000,1856,3092,158680000,40935
2,3967,158680000,158684000,1856,3092,158720000,40946
2,3968,158720000,158724000,1856,3092,158760000,40954
2,3969,158760000,158764000,1856,3092,158800000,40965
2,397,15880000,15884000,1856,3092,15920000,4102
2,3970,158800000,158804000,1856,3092,158840000,40976
2,3971,158840000,158844000,1856,3092,158880000,40986
2,3972,158880000,158884000,1856,3092,158920000,40996
2,3973,158920000,158924000,1856,3092,158960000,41008
2,3974,158960000,158964000,1856,3092,159000000,41017
2,3975,159000000,159004000,1856,3092,159040000,41027
2,3976,159040000,159044000,1856,3092,159080000,41039
2,3977,159080000,159084000,1856,3092,159120000,41047
2,3978,159120000,159124000,1856,3092,159160000,41058
2,3979,159160000,159164000,1856,3092,159200000,41069
2,398,15920000,15924000,1856,3092,15960000,4112
2,3980,159200000,159204000,1856,3092,159240000,41078
2,3981,159240000,159244000,1856,3092,159280000,41089
2,3982,159280000,159284000,1856,3092,159320000,41101
2,3983,159320000,159324000,1856,3092,159360000,41110
2,3984,159360000,159364000,1856,3092,159400000,41121
2,3985,159400000,159404000,1856,3092,159440000,41131
2,3986,159440000,159444000,1856,3092,159480000,41140
2,3987,159480000,159484000,1856,3092,159520000,41151
2,3988,159520000,159524000,1856,3092,159560000,41162
2,3989,159560000,159564000,1856,3092,159600000,41171
2,399,15960000,15964000,1856,3092,16000000,4122
2,3990,159600000,159604000,1856,3092,159640000,41181
2,3991,159640000,159644000,1856,3092,159680000,41194
2,3992,159680000,159684000,1856,3092,159720000,41203
2,3993,159720000,159724000,1856,3092,159760000,41214
2,3994,159760000,159764000,1856,3092,159800000,41224
2,3995,159800000,159804000,1856,3092,159840000,41233
2,3996,159840000,159844000,1856,3092,159880000,41243
2,3997,159880000,159884000,1856,3092,159920000,41255
2,3998,159920000,159924000,1856,3092,159960000,41265
2,3999,159960000,159964000,1856,3092,160000000,41274
2,4,160000,164000,1856,3092,200000,47
2,40,1600000,1604000,1856,3092,1640000,419
2,400,16000000,16004000,1856,3092,16040000,4134
2,4000,160000000,160004000,1856,3092,160040000,41287
2,4001,160040000,160044000,1856,3092,160080000,41295
2,4002,160080000,160084000,1856,3092,160120000,41307
2,4003,160120000,160124000,1856,3092,160160000,41317
2,4004,160160000,160164000,1856,3092,160200000,41325
2,4005,160200000,160204000,1856,3092,160240000,41337
2,4006,160240000,160244000,1856,3092,160280000,41347
2,4007,160280000,160284000,1856,3092,160320000,41358
2,4008,160320000,160324000,1856,3092,160360000,41368
2,4009,160360000,160364000,1856,3092,160400000,41379
2,401,16040000,16044000,1856,3092,16080000,4143
2,4010,160400000,160404000,1856,3092,160440000,41388
2,4011,160440000,160444000,1856,3092,160480000,41399
2,4012,160480000,160484000,1856,3092,160520000,41411
2,4013,160520000,160524000,1856,3092,160560000,41419
2,4014,160560000,160564000,1856,3092,160600000,41429
2,4015,160600000,160604000,1856,3092,160640000,41440
2,4016,160640000,160644000,1856,3092,160680000,41450
2,4017,160680000,160684000,1856,3092,160720000,41460
2,4018,160720000,160724000,1856,3092,160760000,41473
2,4019,160760000,160764000,1856,3092,160800000,41481
2,402,16080000,16084000,1856,3092,16120000,4154
2,4020,160800000,160804000,1856,3092,160840000,41492
2,4021,160840000,160844000,1856,3092,160880000,41504
2,4022,160880000,160884000,1856,3092,160920000,41511
2,4023,160920000,160924000,1856,3092,160960000,41523
2,4024,160960000,160964000,1856,3092,161000000,41532
2,4025,161000000,161004000,1856,3092,161040000,41543
2,4026,161040000,161044000,1856,3092,161080000,41554
2,4027,161080000,161084000,1856,3092,161120000,41565
2,4028,161120000,161124000,1856,3092,161160000,41575
2,4029,161160000,161164000,1856,3092,161200000,41584
2,403,16120000,16124000,1856,3092,16160000,4165
2,4030,161200000,161204000,1856,3092,161240000,41596
2,4031,161240000,161244000,1856,3092,161280000,41604
2,4032,161280000,161284000,1856,3092,161320000,41615
2,4033,161320000,161324000,1856,3092,161360000,41627
2,4034,161360000,161364000,1856,3092,161400000,41636
2,4035,161400000,161404000,1856,3092,161440000,41646
2,4036,161440000,161444000,1856,3092,161480000,41658
2,4037,161480000,161484000,1856,3092,161520000,41667
2,4038,161520000,161524000,1856,3092,161560000,41678
2,4039,161560000,161564000,1856,3092,161600000,41689
2,404,16160000,16164000,1856,3092,16200000,4173
2,4040,161600000,161604000,1856,3092,161640000,41697
2,4041,161640000,161644000,1856,3092,161680000,41708
2,4042,161680000,161684000,1856,3092,161720000,41719
2,4043,161720000,161724000,1856,3092,161760000,41729
2,4044,161760000,161764000,1856,3092,161800000,41739
2,4045,161800000,161804000,1856,3092,161840000,41750
2,4046,161840000,161844000,1856,3092,161880000,41760
2,4047,161880000,161884000,1856,3092,161920000,41772
2,4048,161920000,161924000,1856,3092,161960000,41782
2,4049,161960000,161964000,1856,3092,162000000,41790
2,405,16200000,16204000,1856,3092,16240000,4183
2,4050,162000000,162004000,1856,3092,162040000,41800
2,4051,162040000,162044000,1856,3092,162080000,41812
2,4052,162080000,162084000,1856,3092,162120000,41822
2,4053,162120000,162124000,1856,3092,162160000,41832
2,4054,162160000,162164000,1856,3092,162200000,41844
2,4055,162200000,162204000,1856,3092,162240000,41852
2,4056,162240000,162244000,1856,3092,162280000,41864
2,4057,162280000,162284000,1856,3092,162320000,41875
2,4058,162320000,162324000,1856,3092,162360000,41883
2,4059,162360000,162364000,1856,3092,162400000,41893
2,406,16240000,16244000,1856,3092,16280000,4195
2,4060,162400000,162404000,1856,3092,162440000,41905
2,4061,162440000,162444000,1856,3092,162480000,41915
2,4062,162480000,162484000,1856,3092,162520000,41925
2,4063,162520000,162524000,1856,3092,162560000,41937
2,4064,162560000,162564000,1856,3092,162600000,41945
2,4065,162600000,162604000,1856,3092,162640000,41957
2,4066,162640000,162644000,1856,3092,162680000,41967
2,4067,162680000,162684000,1856,3092,162720000,41976
2,4068,162720000,162724000,1856,3092,162760000,41987
2,4069,162760000,162764000,1856,3092,162800000,41997
2,407,16280000,16284000,1856,3092,16320000,4206
2,4070,162800000,162804000,1856,3092,162840000,42008
2,4071,162840000,162844000,1856,3092,162880000,42017
2,4072,162880000,162884000,1856,3092,162920000,42030
2,4073,162920000,162924000,1856,3092,162960000,42039
2,4074,162960000,162964000,1856,3092,163000000,42049
2,4075,163000000,163004000,1856,3092,163040000,42061
2,4076,163040000,163044000,1856,3092,163080000,42068
2,4077,163080000,163084000,1856,3092,163120000,42080
2,4078,163120000,163124000,1856,3092,163160000,42091
2,4079,163160000,163164000,1856,3092,163200000,42100
2,408,16320000,16324000,1856,3092,16360000,4215
2,4080,163200000,163204000,1856,3092,163240000,42110
2,4081,163240000,163244000,1856,3092,163280000,42122
2,4082,163280000,163284000,1856,3092,163320000,42132
2,4083,163320000,163324000,1856,3092,163360000,42143
2,4084,163360000,163364000,1856,3092,163400000,42153
2,4085,163400000,163404000,1856,3092,163440000,42161
2,4086,163440000,163444000,1856,3092,163480000,42173
2,4087,163480000,163484000,1856,3092,163520000,42183
2,4088,163520000,163524000,1856,3092,163560000,42194
2,4089,163560000,163564000,1856,3092,163600000,42203
2,409,16360000,16364000,1856,3092,16400000,4227
2,4090,163600000,163604000,1856,3092,163640000,42215
2,4091,163640000,163644000,1856,3092,163680000,42225
2,4092,163680000,163684000,1856,3092,163720000,42235
2,4093,163720000,163724000,1856,3092,163760000,42247
2,4094,163760000,163764000,1856,3092,163800000,42253
2,41,1640000,1644000,1856,3092,1680000,427
2,410,16400000,16404000,1856,3092,16440000,4235
2,411,16440000,16444000,1856,3092,16480000,4247
2,412,16480000,16484000,1856,3092,16520000,4258
2,413,16520000,16524000,1856,3092,16560000,4266
2,414,16560000,16564000,1856,3092,16600000,4277
2,415,16600000,16604000,1856,3092,16640000,4287
2,416,16640000,16644000,1856,3092,16680000,4298
2,417,16680000,16684000,1856,3092,16720000,4308
2,418,16720000,16724000,1856,3092,16760000,4320
2,419,16760000,16764000,1856,3092,16800000,4328
2,42,1680000,1684000,1856,3092,1720000,439
2,420,16800000,16804000,1856,3092,16840000,4340
2,421,16840000,16844000,1856,3092,16880000,4351
2,422,16880000,16884000,1856,3092,16920000,4359
2,423,16920000,16924000,1856,3092,16960000,4370
2,424,16960000,16964000,1856,3092,17000000,4380
2,425,17000000,17004000,1856,3092,17040000,4391
2,426,17040000,17044000,1856,3092,17080000,4400
2,427,17080000,17084000,1856,3092,17120000,4413
2,428,17120000,17124000,1856,3092,17160000,4422
2,429,17160000,17164000,1856,3092,17200000,4432
2,43,1720000,1724000,1856,3092,1760000,451
2,430,17200000,17204000,1856,3092,17240000,4444
2,431,17240000,17244000,1856,3092,17280000,4451
2,432,17280000,17284000,1856,3092,17320000,4463
2,433,17320000,17324000,1856,3092,17360000,4474
2,434,17360000,17364000,1856,3092,17400000,4483
2,435,17400000,17404000,1856,3092,17440000,4494
2,436,17440000,17444000,1856,3092,17480000,4505
2,437,17480000,17484000,1856,3092,17520000,4515
2,438,17520000,17524000,1856,3092,17560000,4526
2,439,17560000,17564000,1856,3092,17600000,4536
2,44,1760000,1764000,1856,3092,1800000,457
2,440,17600000,17604000,1856,3092,17640000,4544
2,441,17640000,17644000,1856,3092,17680000,4555
2,442,17680000,17684000,1856,3092,17720000,4567
2,443,17720000,17724000,1856,3092,17760000,4577
2,444,17760000,17764000,1856,3092,17800000,4586
2,445,17800000,17804000,1856,3092,17840000,4598
2,446,17840000,17844000,1856,3092,17880000,4608
2,447,17880000,17884000,1856,3092,17920000,4618
2,448,17920000,17924000,1856,3092,17960000,4630
2,449,17960000,17964000,1856,3092,18000000,4637
2,45,1800000,1804000,1856,3092,1840000,469
2,450,18000000,18004000,1856,3092,18040000,4648
2,451,18040000,18044000,1856,3092,18080000,4660
2,452,18080000,18084000,1856,3092,18120000,4669
2,453,18120000,18124000,1856,3092,18160000,4680
2,454,18160000,18164000,1856,3092,18200000,4690
2,455,18200000,18204000,1856,3092,18240000,4700
2,456,18240000,18244000,1856,3092,18280000,4712
2,457,18280000,18284000,1856,3092,18320000,4722
2,458,18320000,18324000,1856,3092,18360000,4731
2,459,18360000,18364000,1856,3092,18400000,4741
2,46,1840000,1844000,1856,3092,1880000,479
2,460,18400000,18404000,1856,3092,18440000,4752
2,461,18440000,18444000,1856,3092,18480000,4762
2,462,18480000,18484000,1856,3092,18520000,4772
2,463,18520000,18524000,1856,3092,18560000,4785
2,464,18560000,18564000,1856,3092,18600000,4793
2,465,18600000,18604000,1856,3092,18640000,4804
2,466,18640000,18644000,1856,3092,18680000,4815
2,467,18680000,18684000,1856,3092,18720000,4823
2,468,18720000,18724000,1856,3092,18760000,4834
2,469,18760000,18764000,1856,3092,18800000,4845
2,47,1880000,1884000,1856,3092,1920000,490
2,470,18800000,18804000,1856,3092,18840000,4855
2,471,18840000,18844000,1856,3092,18880000,4865
2,472,18880000,18884000,1856,3092,18920000,4878
2,473,18920000,18924000,1856,3092,18960000,4886
2,474,18960000,18964000,1856,3092,19000000,4897
2,475,19000000,19004000,1856,3092,19040000,4907
2,476,19040000,19044000,1856,3092,19080000,4916
2,477,19080000,19084000,1856,3092,19120000,4928
2,478,19120000,19124000,1856,3092,19160000,4938
2,479,19160000,19164000,1856,3092,19200000,4948
2,48,1920000,1924000,1856,3092,1960000,500
2,480,19200000,19204000,1856,3092,19240000,4957
2,481,19240000,19244000,1856,3092,19280000,4970
2,482,19280000,19284000,1856,3092,19320000,4979
2,483,19320000,19324000,1856,3092,19360000,4990
2,484,19360000,19364000,1856,3092,19400000,5001
2,485,19400000,19404000,1856,3092,19440000,5009
2,486,19440000,19444000,1856,3092,19480000,5020
2,487,19480000,19484000,1856,3092,19520000,5031
2,488,19520000,19524000,1856,3092,19560000,5041
2,489,19560000,19564000,1856,3092,19600000,5050
2,49,1960000,1964000,1856,3092,2000000,511
2,490,19600000,19604000,1856,3092,19640000,5063
2,491,19640000,19644000,1856,3092,19680000,5072
2,492,19680000,19684000,1856,3092,19720000,5083
2,493,19720000,19724000,1856,3092,19760000,5094
2,494,19760000,19764000,1856,3092,19800000,5101
2,495,19800000,19804000,1856,3092,19840000,5113
2,496,19840000,19844000,1856,3092,19880000,5123
2,497,19880000,19884000,1856,3092,19920000,5134
2,498,19920000,19924000,1856,3092,19960000,5145
2,499,19960000,19964000,1856,3092,20000000,5155
2,5,200000,204000,1856,3092,240000,56
2,50,2000000,2004000,1856,3092,2040000,521
2,500,20000000,20004000,1856,3092,20040000,5165
2,501,20040000,20044000,1856,3092,20080000,5175
2,502,20080000,20084000,1856,3092,20120000,5187
2,503,20120000,20124000,1856,3092,20160000,5195
2,504,20160000,20164000,1856,3092,20200000,5205
2,505,20200000,20204000,1856,3092,20240000,5217
2,506,20240000,20244000,1856,3092,20280000,5226
2,507,20280000,20284000,1856,3092,20320000,5237
2,508,20320000,20324000,1856,3092,20360000,5249
2,509,20360000,20364000,1856,3092,20400000,5257
2,51,2040000,2044000,1856,3092,2080000,531
2,510,20400000,20404000,1856,3092,20440000,5268
2,511,20440000,20444000,1856,3092,20480000,5280
2,512,20480000,20484000,1856,3092,20520000,5288
2,513,20520000,20524000,1856,3092,20560000,5299
2,514,20560000,20564000,1856,3092,20600000,5309
2,515,20600000,20604000,1856,3092,20640000,5319
2,516,20640000,20644000,1856,3092,20680000,5330
2,517,20680000,20684000,1856,3092,20720000,5341
2,518,20720000,20724000,1856,3092,20760000,5351
2,519,20760000,20764000,1856,3092,20800000,5361
2,52,2080000,2084000,1856,3092,2120000,543
2,520,20800000,20804000,1856,3092,20840000,5372
2,521,20840000,20844000,1856,3092,20880000,5381
2,522,20880000,20884000,1856,3092,20920000,5391
2,523,20920000,20924000,1856,3092,20960000,5403
2,524,20960000,20964000,1856,3092,21000000,5412
2,525,21000000,21004000,1856,3092,21040000,5422
2,526,21040000,21044000,1856,3092,21080000,5435
2,527,21080000,21084000,1856,3092,21120000,5443
2,528,21120000,21124000,1856,3092,21160000,5455
2,529,21160000,21164000,1856,3092,21200000,5465
2,53,2120000,2124000,1856,3092,2160000,551
2,530,21200000,21204000,1856,3092,21240000,5473
2,531,21240000,21244000,1856,3092,21280000,5484
2,532,21280000,21284000,1856,3092,21320000,5495
2,533,21320000,21324000,1856,3092,21360000,5506
2,534,21360000,21364000,1856,3092,21400000,5515
2,535,21400000,21404000,1856,3092,21440000,5527
2,536,21440000,21444000,1856,3092,21480000,5536
2,537,21480000,21484000,1856,3092,21520000,5548
2,538,21520000,21524000,1856,3092,21560000,5558
2,539,21560000,21564000,1856,3092,21600000,5566
2,54,2160000,2164000,1856,3092,2200000,561
2,540,21600000,21604000,1856,3092,21640000,5577
2,541,21640000,21644000,1856,3092,21680000,5588
2,542,21680000,21684000,1856,3092,21720000,5599
2,543,21720000,21724000,1856,3092,21760000,5608
2,544,21760000,21764000,1856,3092,21800000,5620
2,545,21800000,21804000,1856,3092,21840000,5628
2,546,21840000,21844000,1856,3092,21880000,5640
2,547,21880000,21884000,1856,3092,21920000,5652
2,548,21920000,21924000,1856,3092,21960000,5659
2,549,21960000,21964000,1856,3092,22000000,5670
2,55,2200000,2204000,1856,3092,2240000,572
2,550,22000000,22004000,1856,3092,22040000,5681
2,551,22040000,22044000,1856,3092,22080000,5691
2,552,22080000,22084000,1856,3092,22120000,5701
2,553,22120000,22124000,1856,3092,22160000,5713
2,554,22160000,22164000,1856,3092,22200000,5722
2,555,22200000,22204000,1856,3092,22240000,5733
2,556,22240000,22244000,1856,3092,22280000,5744
2,557,22280000,22284000,1856,3092,22320000,5752
2,558,22320000,22324000,1856,3092,22360000,5763
2,559,22360000,22364000,1856,3092,22400000,5773
2,56,2240000,2244000,1856,3092,2280000,583
2,560,22400000,22404000,1856,3092,22440000,5784
2,561,22440000,22444000,1856,3092,22480000,5794
2,562,22480000,22484000,1856,3092,22520000,5806
2,563,22520000,22524000,1856,3092,22560000,5816
2,564,22560000,22564000,1856,3092,22600000,5825
2,565,22600000,22604000,1856,3092,22640000,5837
2,566,22640000,22644000,1856,3092,22680000,5844
2,567,22680000,22684000,1856,3092,22720000,5856
2,568,22720000,22724000,1856,3092,22760000,5868
2,569,22760000,22764000,1856,3092,22800000,5876
2,57,2280000,2284000,1856,3092,2320000,593
2,570,22800000,22804000,1856,3092,22840000,5887
2,571,22840000,22844000,1856,3092,22880000,5898
2,572,22880000,22884000,1856,3092,22920000,5908
2,573,22920000,22924000,1856,3092,22960000,5919
2,574,22960000,22964000,1856,3092,23000000,5929
2,575,23000000,23004000,1856,3092,23040000,5938
2,576,23040000,23044000,1856,3092,23080000,5949
2,577,23080000,23084000,1856,3092,23120000,5960
2,578,23120000,23124000,1856,3092,23160000,5970
2,579,23160000,23164000,1856,3092,23200000,5979
2,58,2320000,2324000,1856,3092,2360000,605
2,580,23200000,23204000,1856,3092,23240000,5991
2,581,23240000,23244000,1856,3092,23280000,6001
2,582,23280000,23284000,1856,3092,23320000,6012
2,583,23320000,23324000,1856,3092,23360000,6023
2,584,23360000,23364000,1856,3092,23400000,6030
2,585,23400000,23404000,1856,3092,23440000,6041
2,586,23440000,23444000,1856,3092,23480000,6053
2,587,23480000,23484000,1856,3092,23520000,6062
2,588,23520000,23524000,1856,3092,23560000,6073
2,589,23560000,23564000,1856,3092,23600000,6085
2,59,2360000,2364000,1856,3092,2400000,613
2,590,23600000,23604000,1856,3092,23640000,6093
2,591,23640000,23644000,1856,3092,23680000,6105
2,592,23680000,23684000,1856,3092,23720000,6115
2,593,23720000,23724000,1856,3092,23760000,6124
2,594,23760000,23764000,1856,3092,23800000,6134
2,595,23800000,23804000,1856,3092,23840000,6145
2,596,23840000,23844000,1856,3092,23880000,6156
2,597,23880000,23884000,1856,3092,23920000,6165
2,598,23920000,23924000,1856,3092,23960000,6178
2,599,23960000,23964000,1856,3092,24000000,6186
2,6,240000,244000,1856,3092,280000,67
2,60,2400000,2404000,1856,3092,2440000,624
2,600,24000000,24004000,1856,3092,24040000,6197
2,601,24040000,24044000,1856,3092,24080000,6208
2,602,24080000,24084000,1856,3092,24120000,6217
2,603,24120000,24124000,1856,3092,24160000,6228
2,604,24160000,24164000,1856,3092,24200000,6238
2,605,24200000,24204000,1856,3092,24240000,6248
2,606,24240000,24244000,1856,3092,24280000,6258
2,607,24280000,24284000,1856,3092,24320000,6271
2,608,24320000,24324000,1856,3092,24360000,6279
2,609,24360000,24364000,1856,3092,24400000,6290
2,61,2440000,2444000,1856,3092,2480000,636
2,610,24400000,24404000,1856,3092,24440000,6301
2,611,24440000,24444000,1856,3092,24480000,6309
2,612,24480000,24484000,1856,3092,24520000,6321
2,613,24520000,24524000,1856,3092,24560000,6331
2,614,24560000,24564000,1856,3092,24600000,6341
2,615,24600000,24604000,1856,3092,24640000,6351
2,616,24640000,24644000,1856,3092,24680000,6363
2,617,24680000,24684000,1856,3092,24720000,6373
2,618,24720000,24724000,1856,3092,24760000,6383
2,619,24760000,24764000,1856,3092,24800000,6394
2,62,2480000,2484000,1856,3092,2520000,643
2,620,24800000,24804000,1856,3092,24840000,6402
2,621,24840000,24844000,1856,3092,24880000,6413
2,622,24880000,24884000,1856,3092,24920000,6424
2,623,24920000,24924000,1856,3092,24960000,6434
2,624,24960000,24964000,1856,3092,25000000,6444
2,625,25000000,25004000,1856,3092,25040000,6456
2,626,25040000,25044000,1856,3092,25080000,6465
2,627,25080000,25084000,1856,3092,25120000,6476
2,628,25120000,25124000,1856,3092,25160000,6488
2,629,25160000,25164000,1856,3092,25200000,6494
2,63,2520000,2524000,1856,3092,2560000,655
2,630,25200000,25204000,1856,3092,25240000,6506
2,631,25240000,25244000,1856,3092,25280000,6517
2,632,25280000,25284000,1856,3092,25320000,6527
2,633,25320000,25324000,1856,3092,25360000,6538
2,634,25360000,25364000,1856,3092,25400000,6548
2,635,25400000,25404000,1856,3092,25440000,6558
2,636,25440000,25444000,1856,3092,25480000,6568
2,637,25480000,25484000,1856,3092,25520000,6580
2,638,25520000,25524000,1856,3092,25560000,6589
2,639,25560000,25564000,1856,3092,25600000,6598
2,64,2560000,2564000,1856,3092,2600000,665
2,640,25600000,25604000,1856,3092,25640000,6610
2,641,25640000,25644000,1856,3092,25680000,6620
2,642,25680000,25684000,1856,3092,25720000,6630
2,643,25720000,25724000,1856,3092,25760000,6642
2,644,25760000,25764000,1856,3092,25800000,6650
2,645,25800000,25804000,1856,3092,25840000,6662
2,646,25840000,25844000,1856,3092,25880000,6673
2,647,25880000,25884000,1856,3092,25920000,6681
2,648,25920000,25924000,1856,3092,25960000,6692
2,649,25960000,25964000,1856,3092,26000000,6702
2,65,2600000,2604000,1856,3092,2640000,675
2,650,26000000,26004000,1856,3092,26040000,6712
2,651,26040000,26044000,1856,3092,26080000,6723
2,652,26080000,26084000,1856,3092,26120000,6735
2,653,26120000,26124000,1856,3092,26160000,6744
2,654,26160000,26164000,1856,3092,26200000,6755
2,655,26200000,26204000,1856,3092,26240000,6765
2,656,26240000,26244000,1856,3092,26280000,6774
2,657,26280000,26284000,1856,3092,26320000,6784
2,658,26320000,26324000,1856,3092,26360000,6796
2,659,26360000,26364000,1856,3092,26400000,6806
2,66,2640000,2644000,1856,3092,2680000,686
2,660,26400000,26404000,1856,3092,26440000,6815
2,661,26440000,26444000,1856,3092,26480000,6828
2,662,26480000,26484000,1856,3092,26520000,6836
2,663,26520000,26524000,1856,3092,26560000,6848
2,664,26560000,26564000,1856,3092,26600000,6858
2,665,26600000,26604000,1856,3092,26640000,6866
2,666,26640000,26644000,1856,3092,26680000,6878
2,667,26680000,26684000,1856,3092,26720000,6889
2,668,26720000,26724000,1856,3092,26760000,6899
2,669,26760000,26764000,1856,3092,26800000,6908
2,67,2680000,2684000,1856,3092,2720000,697
2,670,26800000,26804000,1856,3092,26840000,6920
2,671,26840000,26844000,1856,3092,26880000,6929
2,672,26880000,26884000,1856,3092,26920000,6941
2,673,26920000,26924000,1856,3092,26960000,6952
2,674,26960000,26964000,1856,3092,27000000,6959
2,675,27000000,27004000,1856,3092,27040000,6970
2,676,27040000,27044000,1856,3092,27080000,6981
2,677,27080000,27084000,1856,3092,27120000,6992
2,678,27120000,27124000,1856,3092,27160000,7001
2,679,27160000,27164000,1856,3092,27200000,7013
2,68,2720000,2724000,1856,3092,2760000,707
2,680,27200000,27204000,1856,3092,27240000,7023
2,681,27240000,27244000,1856,3092,27280000,7033
2,682,27280000,27284000,1856,3092,27320000,7045
2,683,27320000,27324000,1856,3092,27360000,7052
2,684,27360000,27364000,1856,3092,27400000,7063
2,685,27400000,27404000,1856,3092,27440000,7074
2,686,27440000,27444000,1856,3092,27480000,7084
2,687,27480000,27484000,1856,3092,27520000,7095
2,688,27520000,27524000,1856,3092,27560000,7106
2,689,27560000,27564000,1856,3092,27600000,7115
2,69,2760000,2764000,1856,3092,2800000,717
2,690,27600000,27604000,1856,3092,27640000,7126
2,691,27640000,27644000,1856,3092,27680000,7137
2,692,27680000,27684000,1856,3092,27720000,7145
2,693,27720000,27724000,1856,3092,27760000,7157
2,694,27760000,27764000,1856,3092,27800000,7167
2,695,27800000,27804000,1856,3092,27840000,7177
2,696,27840000,27844000,1856,3092,27880000,7187
2,697,27880000,27884000,1856,3092,27920000,7199
2,698,27920000,27924000,1856,3092,27960000,7209
2,699,27960000,27964000,1856,3092,28000000,7218
2,7,280000,284000,1856,3092,320000,78
2,70,2800000,2804000,1856,3092,2840000,728
2,700,28000000,28004000,1856,3092,28040000,7230
2,701,28040000,28044000,1856,3092,28080000,7238
2,702,28080000,28084000,1856,3092,28120000,7249
2,703,28120000,28124000,1856,3092,28160000,7261
2,704,28160000,28164000,1856,3092,28200000,7269
2,705,28200000,28204000,1856,3092,28240000,7280
2,706,28240000,28244000,1856,3092,28280000,7292
2,707,28280000,28284000,1856,3092,28320000,7301
2,708,28320000,28324000,1856,3092,28360000,7313
2,709,28360000,28364000,1856,3092,28400000,7322
2,71,2840000,2844000,1856,3092,2880000,737
2,710,28400000,28404000,1856,3092,28440000,7331
2,711,28440000,28444000,1856,3092,28480000,7342
2,712,28480000,28484000,1856,3092,28520000,7353
2,713,28520000,28524000,1856,3092,28560000,7363
2,714,28560000,28564000,1856,3092,28600000,7372
2,715,28600000,28604000,1856,3092,28640000,7385
2,716,28640000,28644000,1856,3092,28680000,7394
2,717,28680000,28684000,1856,3092,28720000,7405
2,718,28720000,28724000,1856,3092,28760000,7416
2,719,28760000,28764000,1856,3092,28800000,7424
2,72,2880000,2884000,1856,3092,2920000,747
2,720,28800000,28804000,1856,3092,28840000,7434
2,721,28840000,28844000,1856,3092,28880000,7446
2,722,28880000,28884000,1856,3092,28920000,7456
2,723,28920000,28924000,1856,3092,28960000,7466
2,724,28960000,28964000,1856,3092,29000000,7478
2,725,29000000,29004000,1856,3092,29040000,7486
2,726,29040000,29044000,1856,3092,29080000,7498
2,727,29080000,29084000,1856,3092,29120000,7508
2,728,29120000,29124000,1856,3092,29160000,7517
2,729,29160000,29164000,1856,3092,29200000,7528
2,73,2920000,2924000,1856,3092,2960000,759
2,730,29200000,29204000,1856,3092,29240000,7538
2,731,29240000,29244000,1856,3092,29280000,7549
2,732,29280000,29284000,1856,3092,29320000,7559
2,733,29320000,29324000,1856,3092,29360000,7571
2,734,29360000,29364000,1856,3092,29400000,7579
2,735,29400000,29404000,1856,3092,29440000,7590
2,736,29440000,29444000,1856,3092,29480000,7602
2,737,29480000,29484000,1856,3092,29520000,7610
2,738,29520000,29524000,1856,3092,29560000,7621
2,739,29560000,29564000,1856,3092,29600000,7631
2,74,2960000,2964000,1856,3092,3000000,768
2,740,29600000,29604000,1856,3092,29640000,7641
2,741,29640000,29644000,1856,3092,29680000,7651
2,742,29680000,29684000,1856,3092,29720000,7664
2,743,29720000,29724000,1856,3092,29760000,7673
2,744,29760000,29764000,1856,3092,29800000,7683
2,745,29800000,29804000,1856,3092,29840000,7695
2,746,29840000,29844000,1856,3092,29880000,7702
2,747,29880000,29884000,1856,3092,29920000,7714
2,748,29920000,29924000,1856,3092,29960000,7724
2,749,29960000,29964000,1856,3092,30000000,7734
2,75,3000000,3004000,1856,3092,3040000,778
2,750,30000000,30004000,1856,3092,30040000,7745
2,751,30040000,30044000,1856,3092,30080000,7756
2,752,30080000,30084000,1856,3092,30120000,7766
2,753,30120000,30124000,1856,3092,30160000,7776
2,754,30160000,30164000,1856,3092,30200000,7787
2,755,30200000,30204000,1856,3092,30240000,7795
2,756,30240000,30244000,1856,3092,30280000,7806
2,757,30280000,30284000,1856,3092,30320000,7818
2,758,30320000,30324000,1856,3092,30360000,7828
2,759,30360000,30364000,1856,3092,30400000,7837
2,76,3040000,3044000,1856,3092,3080000,790
2,760,30400000,30404000,1856,3092,30440000,7849
2,761,30440000,30444000,1856,3092,30480000,7858
2,762,30480000,30484000,1856,3092,30520000,7869
2,763,30520000,30524000,1856,3092,30560000,7881
2,764,30560000,30564000,1856,3092,30600000,7888
2,765,30600000,30604000,1856,3092,30640000,7899
2,766,30640000,30644000,1856,3092,30680000,7910
2,767,30680000,30684000,1856,3092,30720000,7920
2,768,30720000,30724000,1856,3092,30760000,7931
2,769,30760000,30764000,1856,3092,30800000,7941
2,77,3080000,3084000,1856,3092,3120000,799
2,770,30800000,30804000,1856,3092,30840000,7951
2,771,30840000,30844000,1856,3092,30880000,7963
2,772,30880000,30884000,1856,3092,30920000,7973
2,773,30920000,30924000,1856,3092,30960000,7982
2,774,30960000,30964000,1856,3092,31000000,7991
2,775,31000000,31004000,1856,3092,31040000,8003
2,776,31040000,31044000,1856,3092,31080000,8013
2,777,31080000,31084000,1856,3092,31120000,8023
2,778,31120000,31124000,1856,3092,31160000,8036
2,779,31160000,31164000,1856,3092,31200000,8043
2,78,3120000,3124000,1856,3092,3160000,811
2,780,31200000,31204000,1856,3092,31240000,8055
2,781,31240000,31244000,1856,3092,31280000,8066
2,782,31280000,31284000,1856,3092,31320000,8074
2,783,31320000,31324000,1856,3092,31360000,8085
2,784,31360000,31364000,1856,3092,31400000,8096
2,785,31400000,31404000,1856,3092,31440000,8106
2,786,31440000,31444000,1856,3092,31480000,8116
2,787,31480000,31484000,1856,3092,31520000,8128
2,788,31520000,31524000,1856,3092,31560000,8137
2,789,31560000,31564000,1856,3092,31600000,8148
2,79,3160000,3164000,1856,3092,3200000,821
2,790,31600000,31604000,1856,3092,31640000,8158
2,791,31640000,31644000,1856,3092,31680000,8167
2,792,31680000,31684000,1856,3092,31720000,8178
2,793,31720000,31724000,1856,3092,31760000,8189
2,794,31760000,31764000,1856,3092,31800000,8199
2,795,31800000,31804000,1856,3092,31840000,8208
2,796,31840000,31844000,1856,3092,31880000,8221
2,797,31880000,31884000,1856,3092,31920000,8230
2,798,31920000,31924000,1856,3092,31960000,8241
2,799,31960000,31964000,1856,3092,32000000,8252
2,8,320000,324000,1856,3092,360000,87
2,80,3200000,3204000,1856,3092,3240000,829
2,800,32000000,32004000,1856,3092,32040000,8259
2,801,32040000,32044000,1856,3092,32080000,8271
2,802,32080000,32084000,1856,3092,32120000,8282
2,803,32120000,32124000,1856,3092,32160000,8292
2,804,32160000,32164000,1856,3092,32200000,8301
2,805,32200000,32204000,1856,3092,32240000,8313
2,806,32240000,32244000,1856,3092,32280000,8323
2,807,32280000,32284000,1856,3092,32320000,8334
2,808,32320000,32324000,1856,3092,32360000,8345
2,809,32360000,32364000,1856,3092,32400000,8352
2,81,3240000,3244000,1856,3092,3280000,840
2,810,32400000,32404000,1856,3092,32440000,8364
2,811,32440000,32444000,1856,3092,32480000,8374
2,812,32480000,32484000,1856,3092,32520000,8385
2,813,32520000,32524000,1856,3092,32560000,8395
2,814,32560000,32564000,1856,3092,32600000,8406
2,815,32600000,32604000,1856,3092,32640000,8416
2,816,32640000,32644000,1856,3092,32680000,8426
2,817,32680000,32684000,1856,3092,32720000,8438
2,818,32720000,32724000,1856,3092,32760000,8445
2,819,32760000,32764000,1856,3092,32800000,8456
2,82,3280000,3284000,1856,3092,3320000,852
2,820,32800000,32804000,1856,3092,32840000,8468
2,821,32840000,32844000,1856,3092,32880000,8477
2,822,32880000,32884000,1856,3092,32920000,8488
2,823,32920000,32924000,1856,3092,32960000,8500
2,824,32960000,32964000,1856,3092,33000000,8508
2,825,33000000,33004000,1856,3092,33040000,8519
2,826,33040000,33044000,1856,3092,33080000,8530
2,827,33080000,33084000,1856,3092,33120000,8539
2,828,33120000,33124000,1856,3092,33160000,8550
2,829,33160000,33164000,1856,3092,33200000,8560
2,83,3320000,3324000,1856,3092,3360000,861
2,830,33200000,33204000,1856,3092,33240000,8570
2,831,33240000,33244000,1856,3092,33280000,8580
2,832,33280000,33284000,1856,3092,33320000,8592
2,833,33320000,33324000,1856,3092,33360000,8602
2,834,33360000,33364000,1856,3092,33400000,8612
2,835,33400000,33404000,1856,3092,33440000,8623
2,836,33440000,33444000,1856,3092,33480000,8632
2,837,33480000,33484000,1856,3092,33520000,8642
2,838,33520000,33524000,1856,3092,33560000,8654
2,839,33560000,33564000,1856,3092,33600000,8662
2,84,3360000,3364000,1856,3092,3400000,871
2,840,33600000,33604000,1856,3092,33640000,8673
2,841,33640000,33644000,1856,3092,33680000,8686
2,842,33680000,33684000,1856,3092,33720000,8694
2,843,33720000,33724000,1856,3092,33760000,8706
2,844,33760000,33764000,1856,3092,33800000,8715
2,845,33800000,33804000,1856,3092,33840000,8724
2,846,33840000,33844000,1856,3092,33880000,8735
2,847,33880000,33884000,1856,3092,33920000,8746
2,848,33920000,33924000,1856,3092,33960000,8757
2,849,33960000,33964000,1856,3092,34000000,8766
2,85,3400000,3404000,1856,3092,3440000,883
2,850,34000000,34004000,1856,3092,34040000,8778
2,851,34040000,34044000,1856,3092,34080000,8787
2,852,34080000,34084000,1856,3092,34120000,8798
2,853,34120000,34124000,1856,3092,34160000,8809
2,854,34160000,34164000,1856,3092,34200000,8817
2,855,34200000,34204000,1856,3092,34240000,8828
2,856,34240000,34244000,1856,3092,34280000,8839
2,857,34280000,34284000,1856,3092,34320000,8849
2,858,34320000,34324000,1856,3092,34360000,8859
2,859,34360000,34364000,1856,3092,34400000,8871
2,86,3440000,3444000,1856,3092,3480000,892
2,860,34400000,34404000,1856,3092,34440000,8879
2,861,34440000,34444000,1856,3092,34480000,8891
2,862,34480000,34484000,1856,3092,34520000,8903
2,863,34520000,34524000,1856,3092,34560000,8910
2,864,34560000,34564000,1856,3092,34600000,8921
2,865,34600000,34604000,1856,3092,34640000,8931
2,866,34640000,34644000,1856,3092,34680000,8942
2,867,34680000,34684000,1856,3092,34720000,8952
2,868,34720000,34724000,1856,3092,34760000,8964
2,869,34760000,34764000,1856,3092,34800000,8973
2,87,3480000,3484000,1856,3092,3520000,904
2,870,34800000,34804000,1856,3092,34840000,8983
2,871,34840000,34844000,1856,3092,34880000,8995
2,872,34880000,34884000,1856,3092,34920000,9003
2,873,34920000,34924000,1856,3092,34960000,9014
2,874,34960000,34964000,1856,3092,35000000,9024
2,875,35000000,35004000,1856,3092,35040000,9035
2,876,35040000,35044000,1856,3092,35080000,9045
2,877,35080000,35084000,1856,3092,35120000,9057
2,878,35120000,35124000,1856,3092,35160000,9066
2,879,35160000,35164000,1856,3092,35200000,9076
2,88,3520000,3524000,1856,3092,3560000,914
2,880,35200000,35204000,1856,3092,35240000,9088
2,881,35240000,35244000,1856,3092,35280000,9095
2,882,35280000,35284000,1856,3092,35320000,9107
2,883,35320000,35324000,1856,3092,35360000,9118
2,884,35360000,35364000,1856,3092,35400000,9127
2,885,35400000,35404000,1856,3092,35440000,9138
2,886,35440000,35444000,1856,3092,35480000,9149
2,887,35480000,35484000,1856,3092,35520000,9159
2,888,35520000,35524000,1856,3092,35560000,9170
2,889,35560000,35564000,1856,3092,35600000,9180
2,89,3560000,3564000,1856,3092,3600000,922
2,890,35600000,35604000,1856,3092,35640000,9189
2,891,35640000,35644000,1856,3092,35680000,9199
2,892,35680000,35684000,1856,3092,35720000,9211
2,893,35720000,35724000,1856,3092,35760000,9221
2,894,35760000,35764000,1856,3092,35800000,9230
2,895,35800000,35804000,1856,3092,35840000,9242
2,896,35840000,35844000,1856,3092,35880000,9251
2,897,35880000,35884000,1856,3092,35920000,9263
2,898,35920000,35924000,1856,3092,35960000,9274
2,899,35960000,35964000,1856,3092,36000000,9281
2,9,360000,364000,1856,3092,400000,97
2,90,3600000,3604000,1856,3092,3640000,932
2,900,36000000,36004000,1856,3092,36040000,9292
2,901,36040000,36044000,1856,3092,36080000,9304
2,902,36080000,36084000,1856,3092,36120000,9313
2,903,36120000,36124000,1856,3092,36160000,9324
2,904,36160000,36164000,1856,3092,36200000,9335
2,905,36200000,36204000,1856,3092,36240000,9344
2,906,36240000,36244000,1856,3092,36280000,9356
2,907,36280000,36284000,1856,3092,36320000,9366
2,908,36320000,36324000,1856,3092,36360000,9375
2,909,36360000,36364000,1856,3092,36400000,9384
2,91,3640000,3644000,1856,3092,3680000,944
2,910,36400000,36404000,1856,3092,36440000,9396
2,911,36440000,36444000,1856,3092,36480000,9407
2,912,36480000,36484000,1856,3092,36520000,9416
2,913,36520000,36524000,1856,3092,36560000,9429
2,914,36560000,36564000,1856,3092,36600000,9437
2,915,36600000,36604000,1856,3092,36640000,9448
2,916,36640000,36644000,1856,3092,36680000,9459
2,917,36680000,36684000,1856,3092,36720000,9467
2,918,36720000,36724000,1856,3092,36760000,9479
2,919,36760000,36764000,1856,3092,36800000,9489
2,92,3680000,3684000,1856,3092,3720000,955
2,920,36800000,36804000,1856,3092,36840000,9499
2,921,36840000,36844000,1856,3092,36880000,9509
2,922,36880000,36884000,1856,3092,36920000,9521
2,923,36920000,36924000,1856,3092,36960000,9530
2,924,36960000,36964000,1856,3092,37000000,9541
2,925,37000000,37004000,1856,3092,37040000,9552
2,926,37040000,37044000,1856,3092,37080000,9560
2,927,37080000,37084000,1856,3092,37120000,9572
2,928,37120000,37124000,1856,3092,37160000,9582
2,929,37160000,37164000,1856,3092,37200000,9592
2,93,3720000,3724000,1856,3092,3760000,964
2,930,37200000,37204000,1856,3092,37240000,9601
2,931,37240000,37244000,1856,3092,37280000,9614
2,932,37280000,37284000,1856,3092,37320000,9624
2,933,37320000,37324000,1856,3092,37360000,9634
2,934,37360000,37364000,1856,3092,37400000,9645
2,935,37400000,37404000,1856,3092,37440000,9652
2,936,37440000,37444000,1856,3092,37480000,9664
2,937,37480000,37484000,1856,3092,37520000,9675
2,938,37520000,37524000,1856,3092,37560000,9685
2,939,37560000,37564000,1856,3092,37600000,9695
2,94,3760000,3764000,1856,3092,3800000,976
2,940,37600000,37604000,1856,3092,37640000,9707
2,941,37640000,37644000,1856,3092,37680000,9716
2,942,37680000,37684000,1856,3092,37720000,9727
2,943,37720000,37724000,1856,3092,37760000,9738
2,944,37760000,37764000,1856,3092,37800000,9745
2,945,37800000,37804000,1856,3092,37840000,9757
2,946,37840000,37844000,1856,3092,37880000,9768
2,947,37880000,37884000,1856,3092,37920000,9778
2,948,37920000,37924000,1856,3092,37960000,9788
2,949,37960000,37964000,1856,3092,38000000,9799
2,95,3800000,3804000,1856,3092,3840000,985
2,950,38000000,38004000,1856,3092,38040000,9809
2,951,38040000,38044000,1856,3092,38080000,9819
2,952,38080000,38084000,1856,3092,38120000,9831
2,953,38120000,38124000,1856,3092,38160000,9840
2,954,38160000,38164000,1856,3092,38200000,9849
2,955,38200000,38204000,1856,3092,38240000,9861
2,956,38240000,38244000,1856,3092,38280000,9870
2,957,38280000,38284000,1856,3092,38320000,9881
2,958,38320000,38324000,1856,3092,38360000,9893
2,959,38360000,38364000,1856,3092,38400000,9901
2,96,3840000,3844000,1856,3092,3880000,996
2,960,38400000,38404000,1856,3092,38440000,9913
2,961,38440000,38444000,1856,3092,38480000,9923
2,962,38480000,38484000,1856,3092,38520000,9932
2,963,38520000,38524000,1856,3092,38560000,9943
2,964,38560000,38564000,1856,3092,38600000,9953
2,965,38600000,38604000,1856,3092,38640000,9963
2,966,38640000,38644000,1856,3092,38680000,9974
2,967,38680000,38684000,1856,3092,38720000,9986
2,968,38720000,38724000,1856,3092,38760000,9995
2,969,38760000,38764000,1856,3092,38800000,10005
2,97,3880000,3884000,1856,3092,3920000,1007
2,970,38800000,38804000,1856,3092,38840000,10016
2,971,38840000,38844000,1856,3092,38880000,10025
2,972,38880000,38884000,1856,3092,38920000,10035
2,973,38920000,38924000,1856,3092,38960000,10047
2,974,38960000,38964000,1856,3092,39000000,10056
2,975,39000000,39004000,1856,3092,39040000,10066
2,976,39040000,39044000,1856,3092,39080000,10079
2,977,39080000,39084000,1856,3092,39120000,10087
2,978,39120000,39124000,1856,3092,39160000,10099
2,979,39160000,39164000,1856,3092,39200000,10109
2,98,3920000,3924000,1856,3092,3960000,1015
2,980,39200000,39204000,1856,3092,39240000,10117
2,981,39240000,39244000,1856,3092,39280000,10129
2,982,39280000,39284000,1856,3092,39320000,10139
2,983,39320000,39324000,1856,3092,39360000,10150
2,984,39360000,39364000,1856,3092,39400000,10159
2,985,39400000,39404000,1856,3092,39440000,10171
2,986,39440000,39444000,1856,3092,39480000,10180
2,987,39480000,39484000,1856,3092,39520000,10191
2,988,39520000,39524000,1856,3092,39560000,10203
2,989,39560000,39564000,1856,3092,39600000,10210
2,99,3960000,3964000,1856,3092,4000000,1026
2,990,39600000,39604000,1856,3092,39640000,10221
2,991,39640000,39644000,1856,3092,39680000,10232
2,992,39680000,39684000,1856,3092,39720000,10243
2,993,39720000,39724000,1856,3092,39760000,10252
2,994,39760000,39764000,1856,3092,39800000,10264
2,995,39800000,39804000,1856,3092,39840000,10273
2,996,39840000,39844000,1856,3092,39880000,10284
2,997,39880000,39884000,1856,3092,39920000,10296
2,998,39920000,39924000,1856,3092,39960000,10303
2,999,39960000,39964000,1856,3092,40000000,10314
3,0,0,4500,510,850,45000,6
3,1,45000,49500,510,850,90000,18
3,10,450000,454500,510,850,495000,123
3,100,4500000,4504500,510,850,4545000,1166
3,1000,45000000,45004500,510,850,45045000,11616
3,1001,45045000,45049500,510,850,45090000,11628
3,1002,45090000,45094500,510,850,45135000,11640
3,1003,45135000,45139500,510,850,45180000,11651
3,1004,45180000,45184500,510,850,45225000,11663
3,1005,45225000,45229500,510,850,45270000,11674
3,1006,45270000,45274500,510,850,45315000,11687
3,1007,45315000,45319500,510,850,45360000,11697
3,1008,45360000,45364500,510,850,45405000,11710
3,1009,45405000,45409500,510,850,45450000,11721
3,101,4545000,4549500,510,850,4590000,1178
3,1010,45450000,45454500,510,850,45495000,11732
3,1011,45495000,45499500,510,850,45540000,11743
3,1012,45540000,45544500,510,850,45585000,11756
3,1013,45585000,45589500,510,850,45630000,11766
3,1014,45630000,45634500,510,850,45675000,11779
3,1015,45675000,45679500,510,850,45720000,11791
3,1016,45720000,45724500,510,850,45765000,11803
3,1017,45765000,45769500,510,850,45810000,11814
3,1018,45810000,45814500,510,850,45855000,11827
3,1019,45855000,45859500,510,850,45900000,11836
3,102,4590000,4594500,510,850,4635000,1191
3,1020,45900000,45904500,510,850,45945000,11848
3,1021,45945000,45949500,510,850,45990000,11859
3,1022,45990000,45994500,510,850,46035000,11872
3,1023,46035000,46039500,510,850,46080000,11883
3,1024,46080000,46084500,510,850,46125000,11895
3,1025,46125000,46129500,510,850,46170000,11907
3,1026,46170000,46174500,510,850,46215000,11919
3,1027,46215000,46219500,510,850,46260000,11929
3,1028,46260000,46264500,510,850,46305000,11942
3,1029,46305000,46309500,510,850,46350000,11953
3,103,4635000,4639500,510,850,4680000,1201
3,1030,46350000,46354500,510,850,46395000,11964
3,1031,46395000,46399500,510,850,46440000,11976
3,1032,46440000,46444500,510,850,46485000,11989
3,1033,46485000,46489500,510,850,46530000,11999
3,1034,46530000,46534500,510,850,46575000,12012
3,1035,46575000,46579500,510,850,46620000,12022
3,1036,46620000,46624500,510,850,46665000,12034
3,1037,46665000,46669500,510,850,46710000,12046
3,1038,46710000,46714500,510,850,46755000,12058
3,1039,46755000,46759500,510,850,46800000,12068
3,104,4680000,4684500,510,850,4725000,1214
3,1040,46800000,46804500,510,850,46845000,12081
3,1041,46845000,46849500,510,850,46890000,12092
3,1042,46890000,46894500,510,850,46935000,12105
3,1043,46935000,46939500,510,850,46980000,12115
3,1044,46980000,46984500,510,850,47025000,12127
3,1045,47025000,47029500,510,850,47070000,12139
3,1046,47070000,47074500,510,850,47115000,12151
3,1047,47115000,47119500,510,850,47160000,12162
3,1048,47160000,47164500,510,850,47205000,12175
3,1049,47205000,47209500,510,850,47250000,12184
3,105,4725000,4729500,510,850,4770000,1226
3,1050,47250000,47254500,510,850,47295000,12197
3,1051,47295000,47299500,510,850,47340000,12208
3,1052,47340000,47344500,510,850,47385000,12219
3,1053,47385000,47389500,510,850,47430000,12231
3,1054,47430000,47434500,510,850,47475000,12244
3,1055,47475000,47479500,510,850,47520000,12255
3,1056,47520000,47524500,510,850,47565000,12267
3,1057,47565000,47569500,510,850,47610000,12279
3,1058,47610000,47614500,510,850,47655000,12291
3,1059,47655000,47659500,510,850,47700000,12300
3,106,4770000,4774500,510,850,4815000,1238
3,1060,47700000,47704500,510,850,47745000,12313
3,1061,47745000,47749500,510,850,47790000,12324
3,1062,47790000,47794500,510,850,47835000,12336
3,1063,47835000,47839500,510,850,47880000,12347
3,1064,47880000,47884500,510,850,47925000,12360
3,1065,47925000,47929500,510,850,47970000,12371
3,1066,47970000,47974500,510,850,48015000,12383
3,1067,48015000,48019500,510,850,48060000,12394
3,1068,48060000,48064500,510,850,48105000,12407
3,1069,48105000,48109500,510,850,48150000,12416
3,107,4815000,4819500,510,850,4860000,1248
3,1070,48150000,48154500,510,850,48195000,12429
3,1071,48195000,48199500,510,850,48240000,12441
3,1072,48240000,48244500,510,850,48285000,12452
3,1073,48285000,48289500,510,850,48330000,12464
3,1074,48330000,48334500,510,850,48375000,12477
3,1075,48375000,48379500,510,850,48420000,12486
3,1076,48420000,48424500,510,850,48465000,12499
3,1077,48465000,48469500,510,850,48510000,12510
3,1078,48510000,48514500,510,850,48555000,12522
3,1079,48555000,48559500,510,850,48600000,12533
3,108,4860000,4864500,510,850,4905000,1261
3,1080,48600000,48604500,510,850,48645000,12545
3,1081,48645000,48649500,510,850,48690000,12557
3,1082,48690000,48694500,510,850,48735000,12569
3,1083,48735000,48739500,510,850,48780000,12579
3,1084,48780000,48784500,510,850,48825000,12592
3,1085,48825000,48829500,510,850,48870000,12603
3,1086,48870000,48874500,510,850,48915000,12615
3,1087,48915000,48919500,510,850,48960000,12627
3,1088,48960000,48964500,510,850,49005000,12639
3,1089,49005000,49009500,510,850,49050000,12649
3,109,4905000,4909500,510,850,4950000,1271
3,1090,49050000,49054500,510,850,49095000,12662
3,1091,49095000,49099500,510,850,49140000,12671
3,1092,49140000,49144500,510,850,49185000,12684
3,1093,49185000,49189500,510,850,49230000,12696
3,1094,49230000,49234500,510,850,49275000,12708
3,1095,49275000,49279500,510,850,49320000,12719
3,1096,49320000,49324500,510,850,49365000,12732
3,1097,49365000,49369500,510,850,49410000,12743
3,1098,49410000,49414500,510,850,49455000,12755
3,1099,49455000,49459500,510,850,49500000,12765
3,11,495000,499500,510,850,540000,133
3,110,4950000,4954500,510,850,4995000,1283
3,1100,49500000,49504500,510,850,49545000,12777
3,1101,49545000,49549500,510,850,49590000,12788
3,1102,49590000,49594500,510,850,49635000,12801
3,1103,49635000,49639500,510,850,49680000,12812
3,1104,49680000,49684500,510,850,49725000,12824
3,1105,49725000,49729500,510,850,49770000,12835
3,1106,49770000,49774500,510,850,49815000,12848
3,1107,49815000,49819500,510,850,49860000,12859
3,1108,49860000,49864500,510,850,49905000,12870
3,1109,49905000,49909500,510,850,49950000,12881
3,111,4995000,4999500,510,850,5040000,1294
3,1110,49950000,49954500,510,850,49995000,12894
3,1111,49995000,49999500,510,850,50040000,12904
3,1112,50040000,50044500,510,850,50085000,12917
3,1113,50085000,50089500,510,850,50130000,12929
3,1114,50130000,50134500,510,850,50175000,12940
3,1115,50175000,50179500,510,850,50220000,12951
3,1116,50220000,50224500,510,850,50265000,12964
3,1117,50265000,50269500,510,850,50310000,12974
3,1118,50310000,50314500,510,850,50355000,12987
3,1119,50355000,50359500,510,850,50400000,12997
3,112,5040000,5044500,510,850,5085000,1307
3,1120,50400000,50404500,510,850,50445000,13010
3,1121,50445000,50449500,510,850,50490000,13021
3,1122,50490000,50494500,510,850,50535000,13033
3,1123,50535000,50539500,510,850,50580000,13044
3,1124,50580000,50584500,510,850,50625000,13056
3,1125,50625000,50629500,510,850,50670000,13067
3,1126,50670000,50674500,510,850,50715000,13080
3,1127,50715000,50719500,510,850,50760000,13091
3,1128,50760000,50764500,510,850,50805000,13103
3,1129,50805000,50809500,510,850,50850000,13114
3,113,5085000,5089500,510,850,5130000,1318
3,1130,50850000,50854500,510,850,50895000,13126
3,1131,50895000,50899500,510,850,50940000,13136
3,1132,50940000,50944500,510,850,50985000,13149
3,1133,50985000,50989500,510,850,51030000,13160
3,1134,51030000,51034500,510,850,51075000,13172
3,1135,51075000,51079500,510,850,51120000,13184
3,1136,51120000,51124500,510,850,51165000,13196
3,1137,51165000,51169500,510,850,51210000,13207
3,1138,51210000,51214500,510,850,51255000,13220
3,1139,51255000,51259500,510,850,51300000,13229
3,114,5130000,5134500,510,850,5175000,1330
3,1140,51300000,51304500,510,850,51345000,13241
3,1141,51345000,51349500,510,850,51390000,13253
3,1142,51390000,51394500,510,850,51435000,13265
3,1143,51435000,51439500,510,850,51480000,13276
3,1144,51480000,51484500,510,850,51525000,13289
3,1145,51525000,51529500,510,850,51570000,13300
3,1146,51570000,51574500,510,850,51615000,13313
3,1147,51615000,51619500,510,850,51660000,13322
3,1148,51660000,51664500,510,850,51705000,13335
3,1149,51705000,51709500,510,850,51750000,13346
3,115,5175000,5179500,510,850,5220000,1341
3,1150,51750000,51754500,510,850,51795000,13357
3,1151,51795000,51799500,510,850,51840000,13369
3,1152,51840000,51844500,510,850,51885000,13382
3,1153,51885000,51889500,510,850,51930000,13392
3,1154,51930000,51934500,510,850,51975000,13405
3,1155,51975000,51979500,510,850,52020000,13416
3,1156,52020000,52024500,510,850,52065000,13427
3,1157,52065000,52069500,510,850,52110000,13439
3,1158,52110000,52114500,510,850,52155000,13452
3,1159,52155000,52159500,510,850,52200000,13462
3,116,5220000,5224500,510,850,5265000,1353
3,1160,52200000,52204500,510,850,52245000,13474
3,1161,52245000,52249500,510,850,52290000,13485
3,1162,52290000,52294500,510,850,52335000,13498
3,1163,52335000,52339500,510,850,52380000,13508
3,1164,52380000,52384500,510,850,52425000,13520
3,1165,52425000,52429500,510,850,52470000,13532
3,1166,52470000,52474500,510,850,52515000,13544
3,1167,52515000,52519500,510,850,52560000,13555
3,1168,52560000,52564500,510,850,52605000,13568
3,1169,52605000,52609500,510,850,52650000,13578
3,117,5265000,5269500,510,850,5310000,1364
3,1170,52650000,52654500,510,850,52695000,13590
3,1171,52695000,52699500,510,850,52740000,13601
3,1172,52740000,52744500,510,850,52785000,13614
3,1173,52785000,52789500,510,850,52830000,13624
3,1174,52830000,52834500,510,850,52875000,13637
3,1175,52875000,52879500,510,850,52920000,13648
3,1176,52920000,52924500,510,850,52965000,13660
3,1177,52965000,52969500,510,850,53010000,13672
3,1178,53010000,53014500,510,850,53055000,13684
3,1179,53055000,53059500,510,850,53100000,13693
3,118,5310000,5314500,510,850,5355000,1377
3,1180,53100000,53104500,510,850,53145000,13706
3,1181,53145000,53149500,510,850,53190000,13717
3,1182,53190000,53194500,510,850,53235000,13729
3,1183,53235000,53239500,510,850,53280000,13741
3,1184,53280000,53284500,510,850,53325000,13753
3,1185,53325000,53329500,510,850,53370000,13765
3,1186,53370000,53374500,510,850,53415000,13777
3,1187,53415000,53419500,510,850,53460000,13787
3,1188,53460000,53464500,510,850,53505000,13800
3,1189,53505000,53509500,510,850,53550000,13809
3,119,5355000,5359500,510,850,5400000,1388
3,1190,53550000,53554500,510,850,53595000,13822
3,1191,53595000,53599500,510,850,53640000,13834
3,1192,53640000,53644500,510,850,53685000,13845
3,1193,53685000,53689500,510,850,53730000,13857
3,1194,53730000,53734500,510,850,53775000,13870
3,1195,53775000,53779500,510,850,53820000,13879
3,1196,53820000,53824500,510,850,53865000,13892
3,1197,53865000,53869500,510,850,53910000,13904
3,1198,53910000,53914500,510,850,53955000,13916
3,1199,53955000,53959500,510,850,54000000,13926
3,12,540000,544500,510,850,585000,145
3,120,5400000,5404500,510,850,5445000,1399
3,1200,54000000,54004500,510,850,54045000,13939
3,1201,54045000,54049500,510,850,54090000,13950
3,1202,54090000,54094500,510,850,54135000,13962
3,1203,54135000,54139500,510,850,54180000,13972
3,1204,54180000,54184500,510,850,54225000,13985
3,1205,54225000,54229500,510,850,54270000,13996
3,1206,54270000,54274500,510,850,54315000,14008
3,1207,54315000,54319500,510,850,54360000,14020
3,1208,54360000,54364500,510,850,54405000,14032
3,1209,54405000,54409500,510,850,54450000,14042
3,121,5445000,5449500,510,850,5490000,1411
3,1210,54450000,54454500,510,850,54495000,14055
3,1211,54495000,54499500,510,850,54540000,14066
3,1212,54540000,54544500,510,850,54585000,14077
3,1213,54585000,54589500,510,850,54630000,14089
3,1214,54630000,54634500,510,850,54675000,14102
3,1215,54675000,54679500,510,850,54720000,14112
3,1216,54720000,54724500,510,850,54765000,14125
3,1217,54765000,54769500,510,850,54810000,14136
3,1218,54810000,54814500,510,850,54855000,14148
3,1219,54855000,54859500,510,850,54900000,14158
3,122,5490000,5494500,510,850,5535000,1424
3,1220,54900000,54904500,510,850,54945000,14170
3,1221,54945000,54949500,510,850,54990000,14181
3,1222,54990000,54994500,510,850,55035000,14194
3,1223,55035000,55039500,510,850,55080000,14205
3,1224,55080000,55084500,510,850,55125000,14218
3,1225,55125000,55129500,510,850,55170000,14229
3,1226,55170000,55174500,510,850,55215000,14241
3,1227,55215000,55219500,510,850,55260000,14252
3,1228,55260000,55264500,510,850,55305000,14264
3,1229,55305000,55309500,510,850,55350000,14274
3,123,5535000,5539500,510,850,5580000,1433
3,1230,55350000,55354500,510,850,55395000,14287
3,1231,55395000,55399500,510,850,55440000,14297
3,1232,55440000,55444500,510,850,55485000,14310
3,1233,55485000,55489500,510,850,55530000,14322
3,1234,55530000,55534500,510,850,55575000,14333
3,1235,55575000,55579500,510,850,55620000,14344
3,1236,55620000,55624500,510,850,55665000,14357
3,1237,55665000,55669500,510,850,55710000,14368
3,1238,55710000,55714500,510,850,55755000,14380
3,1239,55755000,55759500,510,850,55800000,14391
3,124,5580000,5584500,510,850,5625000,1446
3,1240,55800000,55804500,510,850,55845000,14403
3,1241,55845000,55849500,510,850,55890000,14414
3,1242,55890000,55894500,510,850,55935000,14427
3,1243,55935000,55939500,510,850,55980000,14437
3,1244,55980000,55984500,510,850,56025000,14449
3,1245,56025000,56029500,510,850,56070000,14460
3,1246,56070000,56074500,510,850,56115000,14473
3,1247,56115000,56119500,510,850,56160000,14484
3,1248,56160000,56164500,510,850,56205000,14496
3,1249,56205000,56209500,510,850,56250000,14507
3,125,5625000,5629500,510,850,5670000,1457
3,1250,56250000,56254500,510,850,56295000,14520
3,1251,56295000,56299500,510,850,56340000,14529
3,1252,56340000,56344500,510,850,56385000,14542
3,1253,56385000,56389500,510,850,56430000,14554
3,1254,56430000,56434500,510,850,56475000,14565
3,1255,56475000,56479500,510,850,56520000,14577
3,1256,56520000,56524500,510,850,56565000,14590
3,1257,56565000,56569500,510,850,56610000,14600
3,1258,56610000,56614500,510,850,56655000,14613
3,1259,56655000,56659500,510,850,56700000,14622
3,126,5670000,5674500,510,850,5715000,1469
3,1260,56700000,56704500,510,850,56745000,14634
3,1261,56745000,56749500,510,850,56790000,14646
3,1262,56790000,56794500,510,850,56835000,14658
3,1263,56835000,56839500,510,850,56880000,14670
3,1264,56880000,56884500,510,850,56925000,14682
3,1265,56925000,56929500,510,850,56970000,14693
3,1266,56970000,56974500,510,850,57015000,14706
3,1267,57015000,57019500,510,850,57060000,14716
3,1268,57060000,57064500,510,850,57105000,14728
3,1269,57105000,57109500,510,850,57150000,14739
3,127,5715000,5719500,510,850,5760000,1481
3,1270,57150000,57154500,510,850,57195000,14751
3,1271,57195000,57199500,510,850,57240000,14762
3,1272,57240000,57244500,510,850,57285000,14775
3,1273,57285000,57289500,510,850,57330000,14785
3,1274,57330000,57334500,510,850,57375000,14798
3,1275,57375000,57379500,510,850,57420000,14809
3,1276,57420000,57424500,510,850,57465000,14821
3,1277,57465000,57469500,510,850,57510000,14832
3,1278,57510000,57514500,510,850,57555000,14845
3,1279,57555000,57559500,510,850,57600000,14855
3,128,5760000,5764500,510,850,5805000,1493
3,1280,57600000,57604500,510,850,57645000,14867
3,1281,57645000,57649500,510,850,57690000,14879
3,1282,57690000,57694500,510,850,57735000,14891
3,1283,57735000,57739500,510,850,57780000,14901
3,1284,57780000,57784500,510,850,57825000,14914
3,1285,57825000,57829500,510,850,57870000,14925
3,1286,57870000,57874500,510,850,57915000,14937
3,1287,57915000,57919500,510,850,57960000,14948
3,1288,57960000,57964500,510,850,58005000,14961
3,1289,58005000,58009500,510,850,58050000,14972
3,129,5805000,5809500,510,850,5850000,1503
3,1290,58050000,58054500,510,850,58095000,14983
3,1291,58095000,58099500,510,850,58140000,14994
3,1292,58140000,58144500,510,850,58185000,15007
3,1293,58185000,58189500,510,850,58230000,15017
3,1294,58230000,58234500,510,850,58275000,15030
3,1295,58275000,58279500,510,850,58320000,15042
3,1296,58320000,58324500,510,850,58365000,15053
3,1297,58365000,58369500,510,850,58410000,15065
3,1298,58410000,58414500,510,850,58455000,15078
3,1299,58455000,58459500,510,850,58500000,15086
3,13,585000,589500,510,850,630000,156
3,130,5850000,5854500,510,850,5895000,1516
3,1300,58500000,58504500,510,850,58545000,15099
3,1301,58545000,58549500,510,850,58590000,15110
3,1302,58590000,58594500,510,850,58635000,15123
3,1303,58635000,58639500,510,850,58680000,15134
3,1304,58680000,58684500,510,850,58725000,15146
3,1305,58725000,58729500,510,850,58770000,15158
3,1306,58770000,58774500,510,850,58815000,15170
3,1307,58815000,58819500,510,850,58860000,15180
3,1308,58860000,58864500,510,850,58905000,15193
3,1309,58905000,58909500,510,850,58950000,15203
3,131,5895000,5899500,510,850,5940000,1526
3,1310,58950000,58954500,510,850,58995000,15215
3,1311,58995000,58999500,510,850,59040000,15227
3,1312,59040000,59044500,510,850,59085000,15239
3,1313,59085000,59089500,510,850,59130000,15250
3,1314,59130000,59134500,510,850,59175000,15263
3,1315,59175000,59179500,510,850,59220000,15273
3,1316,59220000,59224500,510,850,59265000,15285
3,1317,59265000,59269500,510,850,59310000,15297
3,1318,59310000,59314500,510,850,59355000,15309
3,1319,59355000,59359500,510,850,59400000,15319
3,132,5940000,5944500,510,850,5985000,1539
3,1320,59400000,59404500,510,850,59445000,15332
3,1321,59445000,59449500,510,850,59490000,15343
3,1322,59490000,59494500,510,850,59535000,15355
3,1323,59535000,59539500,510,850,59580000,15366
3,1324,59580000,59584500,510,850,59625000,15378
3,1325,59625000,59629500,510,850,59670000,15389
3,1326,59670000,59674500,510,850,59715000,15402
3,1327,59715000,59719500,510,850,59760000,15413
3,1328,59760000,59764500,510,850,59805000,15426
3,1329,59805000,59809500,510,850,59850000,15435
3,133,5985000,5989500,510,850,6030000,1550
3,1330,59850000,59854500,510,850,59895000,15448
3,1331,59895000,59899500,510,850,59940000,15459
3,1332,59940000,59944500,510,850,59985000,15470
3,1333,59985000,59989500,510,850,60030000,15482
3,1334,60030000,60034500,510,850,60075000,15495
3,1335,60075000,60079500,510,850,60120000,15505
3,1336,60120000,60124500,510,850,60165000,15518
3,1337,60165000,60169500,510,850,60210000,15530
3,1338,60210000,60214500,510,850,60255000,15541
3,1339,60255000,60259500,510,850,60300000,15551
3,134,6030000,6034500,510,850,6075000,1562
3,1340,60300000,60304500,510,850,60345000,15564
3,1341,60345000,60349500,510,850,60390000,15575
3,1342,60390000,60394500,510,850,60435000,15587
3,1343,60435000,60439500,510,850,60480000,15598
3,1344,60480000,60484500,510,850,60525000,15611
3,1345,60525000,60529500,510,850,60570000,15622
3,1346,60570000,60574500,510,850,60615000,15634
3,1347,60615000,60619500,510,850,60660000,15645
3,1348,60660000,60664500,510,850,60705000,15657
3,1349,60705000,60709500,510,850,60750000,15667
3,135,6075000,6079500,510,850,6120000,1574
3,1350,60750000,60754500,510,850,60795000,15680
3,1351,60795000,60799500,510,850,60840000,15691
3,1352,60840000,60844500,510,850,60885000,15703
3,1353,60885000,60889500,510,850,60930000,15715
3,1354,60930000,60934500,510,850,60975000,15728
3,1355,60975000,60979500,510,850,61020000,15737
3,1356,61020000,61024500,510,850,61065000,15750
3,1357,61065000,61069500,510,850,61110000,15761
3,1358,61110000,61114500,510,850,61155000,15773
3,1359,61155000,61159500,510,850,61200000,15784
3,136,6120000,6124500,510,850,6165000,1586
3,1360,61200000,61204500,510,850,61245000,15796
3,1361,61245000,61249500,510,850,61290000,15807
3,1362,61290000,61294500,510,850,61335000,15820
3,1363,61335000,61339500,510,850,61380000,15830
3,1364,61380000,61384500,510,850,61425000,15842
3,1365,61425000,61429500,510,850,61470000,15854
3,1366,61470000,61474500,510,850,61515000,15866
3,1367,61515000,61519500,510,850,61560000,15878
3,1368,61560000,61564500,510,850,61605000,15890
3,1369,61605000,61609500,510,850,61650000,15900
3,137,6165000,6169500,510,850,6210000,1597
3,1370,61650000,61654500,510,850,61695000,15913
3,1371,61695000,61699500,510,850,61740000,15922
3,1372,61740000,61744500,510,850,61785000,15935
3,1373,61785000,61789500,510,850,61830000,15947
3,1374,61830000,61834500,510,850,61875000,15958
3,1375,61875000,61879500,510,850,61920000,15970
3,1376,61920000,61924500,510,850,61965000,15983
3,1377,61965000,61969500,510,850,62010000,15993
3,1378,62010000,62014500,510,850,62055000,16006
3,1379,62055000,62059500,510,850,62100000,16016
3,138,6210000,6214500,510,850,6255000,1610
3,1380,62100000,62104500,510,850,62145000,16028
3,1381,62145000,62149500,510,850,62190000,16039
3,1382,62190000,62194500,510,850,62235000,16052
3,1383,62235000,62239500,510,850,62280000,16063
3,1384,62280000,62284500,510,850,62325000,16075
3,1385,62325000,62329500,510,850,62370000,16086
3,1386,62370000,62374500,510,850,62415000,16099
3,1387,62415000,62419500,510,850,62460000,16109
3,1388,62460000,62464500,510,850,62505000,16121
3,1389,62505000,62509500,510,850,62550000,16132
3,139,6255000,6259500,510,850,6300000,1618
3,1390,62550000,62554500,510,850,62595000,16144
3,1391,62595000,62599500,510,850,62640000,16155
3,1392,62640000,62644500,510,850,62685000,16168
3,1393,62685000,62689500,510,850,62730000,16180
3,1394,62730000,62734500,510,850,62775000,16191
3,1395,62775000,62779500,510,850,62820000,16202
3,1396,62820000,62824500,510,850,62865000,16215
3,1397,62865000,62869500,510,850,62910000,16225
3,1398,62910000,62914500,510,850,62955000,16238
3,1399,62955000,62959500,510,850,63000000,16248
3,14,630000,634500,510,850,675000,169
3,140,6300000,6304500,510,850,6345000,1631
3,1400,63000000,63004500,510,850,63045000,16260
3,1401,63045000,63049500,510,850,63090000,16272
3,1402,63090000,63094500,510,850,63135000,16284
3,1403,63135000,63139500,510,850,63180000,16294
3,1404,63180000,63184500,510,850,63225000,16307
3,1405,63225000,63229500,510,850,63270000,16318
3,1406,63270000,63274500,510,850,63315000,16331
3,1407,63315000,63319500,510,850,63360000,16342
3,1408,63360000,63364500,510,850,63405000,16354
3,1409,63405000,63409500,510,850,63450000,16365
3,141,6345000,6349500,510,850,6390000,1643
3,1410,63450000,63454500,510,850,63495000,16377
3,1411,63495000,63499500,510,850,63540000,16387
3,1412,63540000,63544500,510,850,63585000,16400
3,1413,63585000,63589500,510,850,63630000,16410
3,1414,63630000,63634500,510,850,63675000,16423
3,1415,63675000,63679500,510,850,63720000,16435
3,1416,63720000,63724500,510,850,63765000,16446
3,1417,63765000,63769500,510,850,63810000,16458
3,1418,63810000,63814500,510,850,63855000,16471
3,1419,63855000,63859500,510,850,63900000,16480
3,142,6390000,6394500,510,850,6435000,1654
3,1420,63900000,63904500,510,850,63945000,16492
3,1421,63945000,63949500,510,850,63990000,16504
3,1422,63990000,63994500,510,850,64035000,16516
3,1423,64035000,64039500,510,850,64080000,16527
3,1424,64080000,64084500,510,850,64125000,16540
3,1425,64125000,64129500,510,850,64170000,16551
3,1426,64170000,64174500,510,850,64215000,16563
3,1427,64215000,64219500,510,850,64260000,16573
3,1428,64260000,64264500,510,850,64305000,16586
3,1429,64305000,64309500,510,850,64350000,16596
3,143,6435000,6439500,510,850,6480000,1666
3,1430,64350000,64354500,510,850,64395000,16608
3,1431,64395000,64399500,510,850,64440000,16620
3,1432,64440000,64444500,510,850,64485000,16633
3,1433,64485000,64489500,510,850,64530000,16643
3,1434,64530000,64534500,510,850,64575000,16656
3,1435,64575000,64579500,510,850,64620000,16667
3,1436,64620000,64624500,510,850,64665000,16678
3,1437,64665000,64669500,510,850,64710000,16690
3,1438,64710000,64714500,510,850,64755000,16703
3,1439,64755000,64759500,510,850,64800000,16712
3,144,6480000,6484500,510,850,6525000,1679
3,1440,64800000,64804500,510,850,64845000,16725
3,1441,64845000,64849500,510,850,64890000,16736
3,1442,64890000,64894500,510,850,64935000,16748
3,1443,64935000,64939500,510,850,64980000,16759
3,1444,64980000,64984500,510,850,65025000,16771
3,1445,65025000,65029500,510,850,65070000,16783
3,1446,65070000,65074500,510,850,65115000,16795
3,1447,65115000,65119500,510,850,65160000,16806
3,1448,65160000,65164500,510,850,65205000,16819
3,1449,65205000,65209500,510,850,65250000,16829
3,145,6525000,6529500,510,850,6570000,1690
3,1450,65250000,65254500,510,850,65295000,16841
3,1451,65295000,65299500,510,850,65340000,16852
3,1452,65340000,65344500,510,850,65385000,16864
3,1453,65385000,65389500,510,850,65430000,16875
3,1454,65430000,65434500,510,850,65475000,16888
3,1455,65475000,65479500,510,850,65520000,16898
3,1456,65520000,65524500,510,850,65565000,16911
3,1457,65565000,65569500,510,850,65610000,16923
3,1458,65610000,65614500,510,850,65655000,16935
3,1459,65655000,65659500,510,850,65700000,16944
3,146,6570000,6574500,510,850,6615000,1702
3,1460,65700000,65704500,510,850,65745000,16957
3,1461,65745000,65749500,510,850,65790000,16968
3,1462,65790000,65794500,510,850,65835000,16980
3,1463,65835000,65839500,510,850,65880000,16992
3,1464,65880000,65884500,510,850,65925000,17004
3,1465,65925000,65929500,510,850,65970000,17015
3,1466,65970000,65974500,510,850,66015000,17028
3,1467,66015000,66019500,510,850,66060000,17038
3,1468,66060000,66064500,510,850,66105000,17050
3,1469,66105000,66109500,510,850,66150000,17060
3,147,6615000,6619500,510,850,6660000,1713
3,1470,66150000,66154500,510,850,66195000,17073
3,1471,66195000,66199500,510,850,66240000,17085
3,1472,66240000,66244500,510,850,66285000,17096
3,1473,66285000,66289500,510,850,66330000,17108
3,1474,66330000,66334500,510,850,66375000,17121
3,1475,66375000,66379500,510,850,66420000,17130
3,1476,66420000,66424500,510,850,66465000,17143
3,1477,66465000,66469500,510,850,66510000,17155
3,1478,66510000,66514500,510,850,66555000,17166
3,1479,66555000,66559500,510,850,66600000,17177
3,148,6660000,6664500,510,850,6705000,1725
3,1480,66600000,66604500,510,850,66645000,17190
3,1481,66645000,66649500,510,850,66690000,17200
3,1482,66690000,66694500,510,850,66735000,17213
3,1483,66735000,66739500,510,850,66780000,17223
3,1484,66780000,66784500,510,850,66825000,17236
3,1485,66825000,66829500,510,850,66870000,17247
3,1486,66870000,66874500,510,850,66915000,17259
3,1487,66915000,66919500,510,850,66960000,17271
3,1488,66960000,66964500,510,850,67005000,17283
3,1489,67005000,67009500,510,850,67050000,17293
3,149,6705000,6709500,510,850,6750000,1735
3,1490,67050000,67054500,510,850,67095000,17306
3,1491,67095000,67099500,510,850,67140000,17316
3,1492,67140000,67144500,510,850,67185000,17328
3,1493,67185000,67189500,510,850,67230000,17340
3,1494,67230000,67234500,510,850,67275000,17352
3,1495,67275000,67279500,510,850,67320000,17363
3,1496,67320000,67324500,510,850,67365000,17376
3,1497,67365000,67369500,510,850,67410000,17387
3,1498,67410000,67414500,510,850,67455000,17399
3,1499,67455000,67459500,510,850,67500000,17409
3,15,675000,679500,510,850,720000,181
3,150,6750000,6754500,510,850,6795000,1748
3,1500,67500000,67504500,510,850,67545000,17421
3,1501,67545000,67549500,510,850,67590000,17432
3,1502,67590000,67594500,510,850,67635000,17445
3,1503,67635000,67639500,510,850,67680000,17456
3,1504,67680000,67684500,510,850,67725000,17468
3,1505,67725000,67729500,510,850,67770000,17480
3,1506,67770000,67774500,510,850,67815000,17492
3,1507,67815000,67819500,510,850,67860000,17502
3,1508,67860000,67864500,510,850,67905000,17515
3,1509,67905000,67909500,510,850,67950000,17525
3,151,6795000,6799500,510,850,6840000,1759
3,1510,67950000,67954500,510,850,67995000,17538
3,1511,67995000,67999500,510,850,68040000,17548
3,1512,68040000,68044500,510,850,68085000,17561
3,1513,68085000,68089500,510,850,68130000,17573
3,1514,68130000,68134500,510,850,68175000,17584
3,1515,68175000,68179500,510,850,68220000,17595
3,1516,68220000,68224500,510,850,68265000,17608
3,1517,68265000,68269500,510,850,68310000,17618
3,1518,68310000,68314500,510,850,68355000,17631
3,1519,68355000,68359500,510,850,68400000,17642
3,152,6840000,6844500,510,850,6885000,1771
3,1520,68400000,68404500,510,850,68445000,17653
3,1521,68445000,68449500,510,850,68490000,17665
3,1522,68490000,68494500,510,850,68535000,17678
3,1523,68535000,68539500,510,850,68580000,17688
3,1524,68580000,68584500,510,850,68625000,17700
3,1525,68625000,68629500,510,850,68670000,17711
3,1526,68670000,68674500,510,850,68715000,17724
3,1527,68715000,68719500,510,850,68760000,17735
3,1528,68760000,68764500,510,850,68805000,17747
3,1529,68805000,68809500,510,850,68850000,17758
3,153,6885000,6889500,510,850,6930000,1782
3,1530,68850000,68854500,510,850,68895000,17770
3,1531,68895000,68899500,510,850,68940000,17780
3,1532,68940000,68944500,510,850,68985000,17793
3,1533,68985000,68989500,510,850,69030000,17804
3,1534,69030000,69034500,510,850,69075000,17816
3,1535,69075000,69079500,510,850,69120000,17828
3,1536,69120000,69124500,510,850,69165000,17841
3,1537,69165000,69169500,510,850,69210000,17851
3,1538,69210000,69214500,510,850,69255000,17864
3,1539,69255000,69259500,510,850,69300000,17873
3,154,6930000,6934500,510,850,6975000,1795
3,1540,69300000,69304500,510,850,69345000,17885
3,1541,69345000,69349500,510,850,69390000,17897
3,1542,69390000,69394500,510,850,69435000,17909
3,1543,69435000,69439500,510,850,69480000,17920
3,1544,69480000,69484500,510,850,69525000,17933
3,1545,69525000,69529500,510,850,69570000,17944
3,1546,69570000,69574500,510,850,69615000,17956
3,1547,69615000,69619500,510,850,69660000,17967
3,1548,69660000,69664500,510,850,69705000,17979
3,1549,69705000,69709500,510,850,69750000,17990
3,155,6975000,6979500,510,850,7020000,1805
3,1550,69750000,69754500,510,850,69795000,18002
3,1551,69795000,69799500,510,850,69840000,18013
3,1552,69840000,69844500,510,850,69885000,18026
3,1553,69885000,69889500,510,850,69930000,18036
3,1554,69930000,69934500,510,850,69975000,18049
3,1555,69975000,69979500,510,850,70020000,18060
3,1556,70020000,70024500,510,850,70065000,18071
3,1557,70065000,70069500,510,850,70110000,18083
3,1558,70110000,70114500,510,850,70155000,18096
3,1559,70155000,70159500,510,850,70200000,18105
3,156,7020000,7024500,510,850,7065000,1817
3,1560,70200000,70204500,510,850,70245000,18118
3,1561,70245000,70249500,510,850,70290000,18130
3,1562,70290000,70294500,510,850,70335000,18142
3,1563,70335000,70339500,510,850,70380000,18152
3,1564,70380000,70384500,510,850,70425000,18165
3,1565,70425000,70429500,510,850,70470000,18176
3,1566,70470000,70474500,510,850,70515000,18188
3,1567,70515000,70519500,510,850,70560000,18199
3,1568,70560000,70564500,510,850,70605000,18212
3,1569,70605000,70609500,510,850,70650000,18222
3,157,7065000,7069500,510,850,7110000,1829
3,1570,70650000,70654500,510,850,70695000,18234
3,1571,70695000,70699500,510,850,70740000,18245
3,1572,70740000,70744500,510,850,70785000,18257
3,1573,70785000,70789500,510,850,70830000,18268
3,1574,70830000,70834500,510,850,70875000,18281
3,1575,70875000,70879500,510,850,70920000,18293
3,1576,70920000,70924500,510,850,70965000,18304
3,1577,70965000,70969500,510,850,71010000,18316
3,1578,71010000,71014500,510,850,71055000,18329
3,1579,71055000,71059500,510,850,71100000,18337
3,158,7110000,7114500,510,850,7155000,1842
3,1580,71100000,71104500,510,850,71145000,18350
3,1581,71145000,71149500,510,850,71190000,18361
3,1582,71190000,71194500,510,850,71235000,18373
3,1583,71235000,71239500,510,850,71280000,18385
3,1584,71280000,71284500,510,850,71325000,18397
3,1585,71325000,71329500,510,850,71370000,18408
3,1586,71370000,71374500,510,850,71415000,18421
3,1587,71415000,71419500,510,850,71460000,18431
3,1588,71460000,71464500,510,850,71505000,18444
3,1589,71505000,71509500,510,850,71550000,18454
3,159,7155000,7159500,510,850,7200000,1851
3,1590,71550000,71554500,510,850,71595000,18466
3,1591,71595000,71599500,510,850,71640000,18478
3,1592,71640000,71644500,510,850,71685000,18490
3,1593,71685000,71689500,510,850,71730000,18501
3,1594,71730000,71734500,510,850,71775000,18514
3,1595,71775000,71779500,510,850,71820000,18523
3,1596,71820000,71824500,510,850,71865000,18536
3,1597,71865000,71869500,510,850,71910000,18548
3,1598,71910000,71914500,510,850,71955000,18559
3,1599,71955000,71959500,510,850,72000000,18570
3,16,720000,724500,510,850,765000,192
3,160,7200000,7204500,510,850,7245000,1864
3,1600,72000000,72004500,510,850,72045000,18583
3,1601,72045000,72049500,510,850,72090000,18594
3,1602,72090000,72094500,510,850,72135000,18606
3,1603,72135000,72139500,510,850,72180000,18617
3,1604,72180000,72184500,510,850,72225000,18629
3,1605,72225000,72229500,510,850,72270000,18640
3,1606,72270000,72274500,510,850,72315000,18653
3,1607,72315000,72319500,510,850,72360000,18664
3,1608,72360000,72364500,510,850,72405000,18676
3,1609,72405000,72409500,510,850,72450000,18686
3,161,7245000,7249500,510,850,7290000,1876
3,1610,72450000,72454500,510,850,72495000,18699
3,1611,72495000,72499500,510,850,72540000,18709
3,1612,72540000,72544500,510,850,72585000,18721
3,1613,72585000,72589500,510,850,72630000,18733
3,1614,72630000,72634500,510,850,72675000,18746
3,1615,72675000,72679500,510,850,72720000,18756
3,1616,72720000,72724500,510,850,72765000,18769
3,1617,72765000,72769500,510,850,72810000,18781
3,1618,72810000,72814500,510,850,72855000,18792
3,1619,72855000,72859500,510,850,72900000,18802
3,162,7290000,7294500,510,850,7335000,1887
3,1620,72900000,72904500,510,850,72945000,18815
3,1621,72945000,72949500,510,850,72990000,18825
3,1622,72990000,72994500,510,850,73035000,18838
3,1623,73035000,73039500,510,850,73080000,18849
3,1624,73080000,73084500,510,850,73125000,18861
3,1625,73125000,73129500,510,850,73170000,18873
3,1626,73170000,73174500,510,850,73215000,18885
3,1627,73215000,73219500,510,850,73260000,18896
3,1628,73260000,73264500,510,850,73305000,18908
3,1629,73305000,73309500,510,850,73350000,18918
3,163,7335000,7339500,510,850,7380000,1898
3,1630,73350000,73354500,510,850,73395000,18931
3,1631,73395000,73399500,510,850,73440000,18942
3,1632,73440000,73444500,510,850,73485000,18954
3,1633,73485000,73489500,510,850,73530000,18966
3,1634,73530000,73534500,510,850,73575000,18978
3,1635,73575000,73579500,510,850,73620000,18988
3,1636,73620000,73624500,510,850,73665000,19001
3,1637,73665000,73669500,510,850,73710000,19011
3,1638,73710000,73714500,510,850,73755000,19024
3,1639,73755000,73759500,510,850,73800000,19035
3,164,7380000,7384500,510,850,7425000,1911
3,1640,73800000,73804500,510,850,73845000,19047
3,1641,73845000,73849500,510,850,73890000,19058
3,1642,73890000,73894500,510,850,73935000,19071
3,1643,73935000,73939500,510,850,73980000,19081
3,1644,73980000,73984500,510,850,74025000,19093
3,1645,74025000,74029500,510,850,74070000,19105
3,1646,74070000,74074500,510,850,74115000,19117
3,1647,74115000,74119500,510,850,74160000,19128
3,1648,74160000,74164500,510,850,74205000,19141
3,1649,74205000,74209500,510,850,74250000,19151
3,165,7425000,7429500,510,850,7470000,1921
3,1650,74250000,74254500,510,850,74295000,19163
3,1651,74295000,74299500,510,850,74340000,19173
3,1652,74340000,74344500,510,850,74385000,19186
3,1653,74385000,74389500,510,850,74430000,19198
3,1654,74430000,74434500,510,850,74475000,19209
3,1655,74475000,74479500,510,850,74520000,19221
3,1656,74520000,74524500,510,850,74565000,19234
3,1657,74565000,74569500,510,850,74610000,19244
3,1658,74610000,74614500,510,850,74655000,19257
3,1659,74655000,74659500,510,850,74700000,19267
3,166,7470000,7474500,510,850,7515000,1934
3,1660,74700000,74704500,510,850,74745000,19278
3,1661,74745000,74749500,510,850,74790000,19290
3,1662,74790000,74794500,510,850,74835000,19303
3,1663,74835000,74839500,510,850,74880000,19313
3,1664,74880000,74884500,510,850,74925000,19326
3,1665,74925000,74929500,510,850,74970000,19337
3,1666,74970000,74974500,510,850,75015000,19350
3,1667,75015000,75019500,510,850,75060000,19360
3,1668,75060000,75064500,510,850,75105000,19372
3,1669,75105000,75109500,510,850,75150000,19383
3,167,7515000,7519500,510,850,7560000,1945
3,1670,75150000,75154500,510,850,75195000,19395
3,1671,75195000,75199500,510,850,75240000,19406
3,1672,75240000,75244500,510,850,75285000,19419
3,1673,75285000,75289500,510,850,75330000,19430
3,1674,75330000,75334500,510,850,75375000,19442
3,1675,75375000,75379500,510,850,75420000,19453
3,1676,75420000,75424500,510,850,75465000,19465
3,1677,75465000,75469500,510,850,75510000,19476
3,1678,75510000,75514500,510,850,75555000,19489
3,1679,75555000,75559500,510,850,75600000,19499
3,168,7560000,7564500,510,850,7605000,1957
3,1680,75600000,75604500,510,850,75645000,19511
3,1681,75645000,75649500,510,850,75690000,19523
3,1682,75690000,75694500,510,850,75735000,19535
3,1683,75735000,75739500,510,850,75780000,19545
3,1684,75780000,75784500,510,850,75825000,19558
3,1685,75825000,75829500,510,850,75870000,19569
3,1686,75870000,75874500,510,850,75915000,19581
3,1687,75915000,75919500,510,850,75960000,19593
3,1688,75960000,75964500,510,850,76005000,19605
3,1689,76005000,76009500,510,850,76050000,19615
3,169,7605000,7609500,510,850,7650000,1968
3,1690,76050000,76054500,510,850,76095000,19628
3,1691,76095000,76099500,510,850,76140000,19638
3,1692,76140000,76144500,510,850,76185000,19651
3,1693,76185000,76189500,510,850,76230000,19661
3,1694,76230000,76234500,510,850,76275000,19674
3,1695,76275000,76279500,510,850,76320000,19686
3,1696,76320000,76324500,510,850,76365000,19697
3,1697,76365000,76369500,510,850,76410000,19709
3,1698,76410000,76414500,510,850,76455000,19722
3,1699,76455000,76459500,510,850,76500000,19730
3,17,765000,769500,510,850,810000,204
3,170,7650000,7654500,510,850,7695000,1980
3,1700,76500000,76504500,510,850,76545000,19743
3,1701,76545000,76549500,510,850,76590000,19755
3,1702,76590000,76594500,510,850,76635000,19766
3,1703,76635000,76639500,510,850,76680000,19778
3,1704,76680000,76684500,510,850,76725000,19791
3,1705,76725000,76729500,510,850,76770000,19802
3,1706,76770000,76774500,510,850,76815000,19814
3,1707,76815000,76819500,510,850,76860000,19824
3,1708,76860000,76864500,510,850,76905000,19837
3,1709,76905000,76909500,510,850,76950000,19847
3,171,7695000,7699500,510,850,7740000,1991
3,1710,76950000,76954500,510,850,76995000,19859
3,1711,76995000,76999500,510,850,77040000,19871
3,1712,77040000,77044500,510,850,77085000,19883
3,1713,77085000,77089500,510,850,77130000,19894
3,1714,77130000,77134500,510,850,77175000,19907
3,1715,77175000,77179500,510,850,77220000,19917
3,1716,77220000,77224500,510,850,77265000,19929
3,1717,77265000,77269500,510,850,77310000,19941
3,1718,77310000,77314500,510,850,77355000,19954
3,1719,77355000,77359500,510,850,77400000,19963
3,172,7740000,7744500,510,850,7785000,2003
3,1720,77400000,77404500,510,850,77445000,19976
3,1721,77445000,77449500,510,850,77490000,19987
3,1722,77490000,77494500,510,850,77535000,19999
3,1723,77535000,77539500,510,850,77580000,20010
3,1724,77580000,77584500,510,850,77625000,20022
3,1725,77625000,77629500,510,850,77670000,20033
3,1726,77670000,77674500,510,850,77715000,20046
3,1727,77715000,77719500,510,850,77760000,20057
3,1728,77760000,77764500,510,850,77805000,20069
3,1729,77805000,77809500,510,850,77850000,20080
3,173,7785000,7789500,510,850,7830000,2014
3,1730,77850000,77854500,510,850,77895000,20092
3,1731,77895000,77899500,510,850,77940000,20103
3,1732,77940000,77944500,510,850,77985000,20115
3,1733,77985000,77989500,510,850,78030000,20126
3,1734,78030000,78034500,510,850,78075000,20139
3,1735,78075000,78079500,510,850,78120000,20149
3,1736,78120000,78124500,510,850,78165000,20162
3,1737,78165000,78169500,510,850,78210000,20174
3,1738,78210000,78214500,510,850,78255000,20185
3,1739,78255000,78259500,510,850,78300000,20195
3,174,7830000,7834500,510,850,7875000,2027
3,1740,78300000,78304500,510,850,78345000,20208
3,1741,78345000,78349500,510,850,78390000,20218
3,1742,78390000,78394500,510,850,78435000,20231
3,1743,78435000,78439500,510,850,78480000,20243
3,1744,78480000,78484500,510,850,78525000,20255
3,1745,78525000,78529500,510,850,78570000,20266
3,1746,78570000,78574500,510,850,78615000,20279
3,1747,78615000,78619500,510,850,78660000,20289
3,1748,78660000,78664500,510,850,78705000,20301
3,1749,78705000,78709500,510,850,78750000,20311
3,175,7875000,7879500,510,850,7920000,2038
3,1750,78750000,78754500,510,850,78795000,20324
3,1751,78795000,78799500,510,850,78840000,20335
3,1752,78840000,78844500,510,850,78885000,20347
3,1753,78885000,78889500,510,850,78930000,20359
3,1754,78930000,78934500,510,850,78975000,20371
3,1755,78975000,78979500,510,850,79020000,20381
3,1756,79020000,79024500,510,850,79065000,20394
3,1757,79065000,79069500,510,850,79110000,20406
3,1758,79110000,79114500,510,850,79155000,20417
3,1759,79155000,79159500,510,850,79200000,20428
3,176,7920000,7924500,510,850,7965000,2050
3,1760,79200000,79204500,510,850,79245000,20441
3,1761,79245000,79249500,510,850,79290000,20451
3,1762,79290000,79294500,510,850,79335000,20464
3,1763,79335000,79339500,510,850,79380000,20474
3,1764,79380000,79384500,510,850,79425000,20486
3,1765,79425000,79429500,510,850,79470000,20498
3,1766,79470000,79474500,510,850,79515000,20510
3,1767,79515000,79519500,510,850,79560000,20521
3,1768,79560000,79564500,510,850,79605000,20534
3,1769,79605000,79609500,510,850,79650000,20544
3,177,7965000,7969500,510,850,8010000,2062
3,1770,79650000,79654500,510,850,79695000,20557
3,1771,79695000,79699500,510,850,79740000,20567
3,1772,79740000,79744500,510,850,79785000,20579
3,1773,79785000,79789500,510,850,79830000,20591
3,1774,79830000,79834500,510,850,79875000,20603
3,1775,79875000,79879500,510,850,79920000,20614
3,1776,79920000,79924500,510,850,79965000,20627
3,1777,79965000,79969500,510,850,80010000,20637
3,1778,80010000,80014500,510,850,80055000,20650
3,1779,80055000,80059500,510,850,80100000,20660
3,178,8010000,8014500,510,850,8055000,2074
3,1780,80100000,80104500,510,850,80145000,20671
3,1781,80145000,80149500,510,850,80190000,20683
3,1782,80190000,80194500,510,850,80235000,20696
3,1783,80235000,80239500,510,850,80280000,20707
3,1784,80280000,80284500,510,850,80325000,20719
3,1785,80325000,80329500,510,850,80370000,20731
3,1786,80370000,80374500,510,850,80415000,20743
3,1787,80415000,80419500,510,850,80460000,20753
3,1788,80460000,80464500,510,850,80505000,20766
3,1789,80505000,80509500,510,850,80550000,20776
3,179,8055000,8059500,510,850,8100000,2083
3,1790,80550000,80554500,510,850,80595000,20788
3,1791,80595000,80599500,510,850,80640000,20799
3,1792,80640000,80644500,510,850,80685000,20812
3,1793,80685000,80689500,510,850,80730000,20823
3,1794,80730000,80734500,510,850,80775000,20835
3,1795,80775000,80779500,510,850,80820000,20846
3,1796,80820000,80824500,510,850,80865000,20859
3,1797,80865000,80869500,510,850,80910000,20869
3,1798,80910000,80914500,510,850,80955000,20882
3,1799,80955000,80959500,510,850,81000000,20893
3,18,810000,814500,510,850,855000,217
3,180,8100000,8104500,510,850,8145000,2096
3,1800,81000000,81004500,510,850,81045000,20904
3,1801,81045000,81049500,510,850,81090000,20916
3,1802,81090000,81094500,510,850,81135000,20929
3,1803,81135000,81139500,510,850,81180000,20938
3,1804,81180000,81184500,510,850,81225000,20951
3,1805,81225000,81229500,510,850,81270000,20962
3,1806,81270000,81274500,510,850,81315000,20974
3,1807,81315000,81319500,510,850,81360000,20986
3,1808,81360000,81364500,510,850,81405000,20998
3,1809,81405000,81409500,510,850,81450000,21009
3,181,8145000,8149500,510,850,8190000,2106
3,1810,81450000,81454500,510,850,81495000,21021
3,1811,81495000,81499500,510,850,81540000,21031
3,1812,81540000,81544500,510,850,81585000,21044
3,1813,81585000,81589500,510,850,81630000,21055
3,1814,81630000,81634500,510,850,81675000,21067
3,1815,81675000,81679500,510,850,81720000,21079
3,1816,81720000,81724500,510,850,81765000,21091
3,1817,81765000,81769500,510,850,81810000,21102
3,1818,81810000,81814500,510,850,81855000,21115
3,1819,81855000,81859500,510,850,81900000,21123
3,182,8190000,8194500,510,850,8235000,2119
3,1820,81900000,81904500,510,850,81945000,21136
3,1821,81945000,81949500,510,850,81990000,21148
3,1822,81990000,81994500,510,850,82035000,21160
3,1823,82035000,82039500,510,850,82080000,21171
3,1824,82080000,82084500,510,850,82125000,21184
3,1825,82125000,82129500,510,850,82170000,21195
3,1826,82170000,82174500,510,850,82215000,21207
3,1827,82215000,82219500,510,850,82260000,21218
3,1828,82260000,82264500,510,850,82305000,21230
3,1829,82305000,82309500,510,850,82350000,21240
3,183,8235000,8239500,510,850,8280000,2131
3,1830,82350000,82354500,510,850,82395000,21253
3,1831,82395000,82399500,510,850,82440000,21264
3,1832,82440000,82444500,510,850,82485000,21276
3,1833,82485000,82489500,510,850,82530000,21287
3,1834,82530000,82534500,510,850,82575000,21300
3,1835,82575000,82579500,510,850,82620000,21311
3,1836,82620000,82624500,510,850,82665000,21322
3,1837,82665000,82669500,510,850,82710000,21334
3,1838,82710000,82714500,510,850,82755000,21347
3,1839,82755000,82759500,510,850,82800000,21356
3,184,8280000,8284500,510,850,8325000,2143
3,1840,82800000,82804500,510,850,82845000,21369
3,1841,82845000,82849500,510,850,82890000,21381
3,1842,82890000,82894500,510,850,82935000,21392
3,1843,82935000,82939500,510,850,82980000,21403
3,1844,82980000,82984500,510,850,83025000,21416
3,1845,83025000,83029500,510,850,83070000,21426
3,1846,83070000,83074500,510,850,83115000,21439
3,1847,83115000,83119500,510,850,83160000,21450
3,1848,83160000,83164500,510,850,83205000,21463
3,1849,83205000,83209500,510,850,83250000,21473
3,185,8325000,8329500,510,850,8370000,2154
3,1850,83250000,83254500,510,850,83295000,21485
3,1851,83295000,83299500,510,850,83340000,21496
3,1852,83340000,83344500,510,850,83385000,21508
3,1853,83385000,83389500,510,850,83430000,21519
3,1854,83430000,83434500,510,850,83475000,21532
3,1855,83475000,83479500,510,850,83520000,21543
3,1856,83520000,83524500,510,850,83565000,21555
3,1857,83565000,83569500,510,850,83610000,21567
3,1858,83610000,83614500,510,850,83655000,21579
3,1859,83655000,83659500,510,850,83700000,21588
3,186,8370000,8374500,510,850,8415000,2167
3,1860,83700000,83704500,510,850,83745000,21601
3,1861,83745000,83749500,510,850,83790000,21612
3,1862,83790000,83794500,510,850,83835000,21624
3,1863,83835000,83839500,510,850,83880000,21636
3,1864,83880000,83884500,510,850,83925000,21648
3,1865,83925000,83929500,510,850,83970000,21659
3,1866,83970000,83974500,510,850,84015000,21672
3,1867,84015000,84019500,510,850,84060000,21682
3,1868,84060000,84064500,510,850,84105000,21694
3,1869,84105000,84109500,510,850,84150000,21705
3,187,8415000,8419500,510,850,8460000,2177
3,1870,84150000,84154500,510,850,84195000,21717
3,1871,84195000,84199500,510,850,84240000,21728
3,1872,84240000,84244500,510,850,84285000,21741
3,1873,84285000,84289500,510,850,84330000,21752
3,1874,84330000,84334500,510,850,84375000,21765
3,1875,84375000,84379500,510,850,84420000,21774
3,1876,84420000,84424500,510,850,84465000,21787
3,1877,84465000,84469500,510,850,84510000,21799
3,1878,84510000,84514500,510,850,84555000,21810
3,1879,84555000,84559500,510,850,84600000,21821
3,188,8460000,8464500,510,850,8505000,2189
3,1880,84600000,84604500,510,850,84645000,21834
3,1881,84645000,84649500,510,850,84690000,21844
3,1882,84690000,84694500,510,850,84735000,21857
3,1883,84735000,84739500,510,850,84780000,21868
3,1884,84780000,84784500,510,850,84825000,21879
3,1885,84825000,84829500,510,850,84870000,21891
3,1886,84870000,84874500,510,850,84915000,21904
3,1887,84915000,84919500,510,850,84960000,21915
3,1888,84960000,84964500,510,850,85005000,21927
3,1889,85005000,85009500,510,850,85050000,21937
3,189,8505000,8509500,510,850,8550000,2200
3,1890,85050000,85054500,510,850,85095000,21950
3,1891,85095000,85099500,510,850,85140000,21960
3,1892,85140000,85144500,510,850,85185000,21972
3,1893,85185000,85189500,510,850,85230000,21984
3,1894,85230000,85234500,510,850,85275000,21996
3,1895,85275000,85279500,510,850,85320000,22007
3,1896,85320000,85324500,510,850,85365000,22020
3,1897,85365000,85369500,510,850,85410000,22031
3,1898,85410000,85414500,510,850,85455000,22043
3,1899,85455000,85459500,510,850,85500000,22053
3,19,855000,859500,510,850,900000,225
3,190,8550000,8554500,510,850,8595000,2212
3,1900,85500000,85504500,510,850,85545000,22066
3,1901,85545000,85549500,510,850,85590000,22076
3,1902,85590000,85594500,510,850,85635000,22089
3,1903,85635000,85639500,510,850,85680000,22100
3,1904,85680000,85684500,510,850,85725000,22112
3,1905,85725000,85729500,510,850,85770000,22124
3,1906,85770000,85774500,510,850,85815000,22136
3,1907,85815000,85819500,510,850,85860000,22146
3,1908,85860000,85864500,510,850,85905000,22159
3,1909,85905000,85909500,510,850,85950000,22169
3,191,8595000,8599500,510,850,8640000,2223
3,1910,85950000,85954500,510,850,85995000,22181
3,1911,85995000,85999500,510,850,86040000,22193
3,1912,86040000,86044500,510,850,86085000,22205
3,1913,86085000,86089500,510,850,86130000,22217
3,1914,86130000,86134500,510,850,86175000,22229
3,1915,86175000,86179500,510,850,86220000,22239
3,1916,86220000,86224500,510,850,86265000,22252
3,1917,86265000,86269500,510,850,86310000,22262
3,1918,86310000,86314500,510,850,86355000,22275
3,1919,86355000,86359500,510,850,86400000,22286
3,192,8640000,8644500,510,850,8685000,2236
3,1920,86400000,86404500,510,850,86445000,22297
3,1921,86445000,86449500,510,850,86490000,22309
3,1922,86490000,86494500,510,850,86535000,22322
3,1923,86535000,86539500,510,850,86580000,22331
3,1924,86580000,86584500,510,850,86625000,22344
3,1925,86625000,86629500,510,850,86670000,22356
3,1926,86670000,86674500,510,850,86715000,22368
3,1927,86715000,86719500,510,850,86760000,22379
3,1928,86760000,86764500,510,850,86805000,22392
3,1929,86805000,86809500,510,850,86850000,22402
3,193,8685000,8689500,510,850,8730000,2247
3,1930,86850000,86854500,510,850,86895000,22414
3,1931,86895000,86899500,510,850,86940000,22424
3,1932,86940000,86944500,510,850,86985000,22437
3,1933,86985000,86989500,510,850,87030000,22448
3,1934,87030000,87034500,510,850,87075000,22460
3,1935,87075000,87079500,510,850,87120000,22472
3,1936,87120000,87124500,510,850,87165000,22484
3,1937,87165000,87169500,510,850,87210000,22495
3,1938,87210000,87214500,510,850,87255000,22508
3,1939,87255000,87259500,510,850,87300000,22518
3,194,8730000,8734500,510,850,8775000,2259
3,1940,87300000,87304500,510,850,87345000,22529
3,1941,87345000,87349500,510,850,87390000,22541
3,1942,87390000,87394500,510,850,87435000,22554
3,1943,87435000,87439500,510,850,87480000,22564
3,1944,87480000,87484500,510,850,87525000,22577
3,1945,87525000,87529500,510,850,87570000,22588
3,1946,87570000,87574500,510,850,87615000,22600
3,1947,87615000,87619500,510,850,87660000,22611
3,1948,87660000,87664500,510,850,87705000,22623
3,1949,87705000,87709500,510,850,87750000,22633
3,195,8775000,8779500,510,850,8820000,2269
3,1950,87750000,87754500,510,850,87795000,22646
3,1951,87795000,87799500,510,850,87840000,22657
3,1952,87840000,87844500,510,850,87885000,22670
3,1953,87885000,87889500,510,850,87930000,22681
3,1954,87930000,87934500,510,850,87975000,22693
3,1955,87975000,87979500,510,850,88020000,22704
3,1956,88020000,88024500,510,850,88065000,22716
3,1957,88065000,88069500,510,850,88110000,22727
3,1958,88110000,88114500,510,850,88155000,22740
3,1959,88155000,88159500,510,850,88200000,22749
3,196,8820000,8824500,510,850,8865000,2282
3,1960,88200000,88204500,510,850,88245000,22762
3,1961,88245000,88249500,510,850,88290000,22774
3,1962,88290000,88294500,510,850,88335000,22785
3,1963,88335000,88339500,510,850,88380000,22796
3,1964,88380000,88384500,510,850,88425000,22809
3,1965,88425000,88429500,510,850,88470000,22820
3,1966,88470000,88474500,510,850,88515000,22832
3,1967,88515000,88519500,510,850,88560000,22844
3,1968,88560000,88564500,510,850,88605000,22856
3,1969,88605000,88609500,510,850,88650000,22866
3,197,8865000,8869500,510,850,8910000,2294
3,1970,88650000,88654500,510,850,88695000,22879
3,1971,88695000,88699500,510,850,88740000,22889
3,1972,88740000,88744500,510,850,88785000,22901
3,1973,88785000,88789500,510,850,88830000,22912
3,1974,88830000,88834500,510,850,88875000,22925
3,1975,88875000,88879500,510,850,88920000,22936
3,1976,88920000,88924500,510,850,88965000,22948
3,1977,88965000,88969500,510,850,89010000,22960
3,1978,89010000,89014500,510,850,89055000,22973
3,1979,89055000,89059500,510,850,89100000,22981
3,198,8910000,8914500,510,850,8955000,2305
3,1980,89100000,89104500,510,850,89145000,22994
3,1981,89145000,89149500,510,850,89190000,23006
3,1982,89190000,89194500,510,850,89235000,23017
3,1983,89235000,89239500,510,850,89280000,23029
3,1984,89280000,89284500,510,850,89325000,23042
3,1985,89325000,89329500,510,850,89370000,23052
3,1986,89370000,89374500,510,850,89415000,23065
3,1987,89415000,89419500,510,850,89460000,23075
3,1988,89460000,89464500,510,850,89505000,23087
3,1989,89505000,89509500,510,850,89550000,23098
3,199,8955000,8959500,510,850,9000000,2316
3,1990,89550000,89554500,510,850,89595000,23110
3,1991,89595000,89599500,510,850,89640000,23122
3,1992,89640000,89644500,510,850,89685000,23134
3,1993,89685000,89689500,510,850,89730000,23145
3,1994,89730000,89734500,510,850,89775000,23158
3,1995,89775000,89779500,510,850,89820000,23168
3,1996,89820000,89824500,510,850,89865000,23180
3,1997,89865000,89869500,510,850,89910000,23192
3,1998,89910000,89914500,510,850,89955000,23204
3,1999,89955000,89959500,510,850,90000000,23214
3,2,90000,94500,510,850,135000,30
3,20,900000,904500,510,850,945000,238
3,200,9000000,9004500,510,850,9045000,2329
3,2000,90000000,90004500,510,850,90045000,23227
3,2001,90045000,90049500,510,850,90090000,23237
3,2002,90090000,90094500,510,850,90135000,23250
3,2003,90135000,90139500,510,850,90180000,23261
3,2004,90180000,90184500,510,850,90225000,23273
3,2005,90225000,90229500,510,850,90270000,23284
3,2006,90270000,90274500,510,850,90315000,23297
3,2007,90315000,90319500,510,850,90360000,23308
3,2008,90360000,90364500,510,850,90405000,23320
3,2009,90405000,90409500,510,850,90450000,23331
3,201,9045000,9049500,510,850,9090000,2339
3,2010,90450000,90454500,510,850,90495000,23343
3,2011,90495000,90499500,510,850,90540000,23353
3,2012,90540000,90544500,510,850,90585000,23366
3,2013,90585000,90589500,510,850,90630000,23377
3,2014,90630000,90634500,510,850,90675000,23389
3,2015,90675000,90679500,510,850,90720000,23400
3,2016,90720000,90724500,510,850,90765000,23413
3,2017,90765000,90769500,510,850,90810000,23425
3,2018,90810000,90814500,510,850,90855000,23436
3,2019,90855000,90859500,510,850,90900000,23446
3,202,9090000,9094500,510,850,9135000,2352
3,2020,90900000,90904500,510,850,90945000,23459
3,2021,90945000,90949500,510,850,90990000,23469
3,2022,90990000,90994500,510,850,91035000,23482
3,2023,91035000,91039500,510,850,91080000,23494
3,2024,91080000,91084500,510,850,91125000,23505
3,2025,91125000,91129500,510,850,91170000,23517
3,2026,91170000,91174500,510,850,91215000,23530
3,2027,91215000,91219500,510,850,91260000,23539
3,2028,91260000,91264500,510,850,91305000,23552
3,2029,91305000,91309500,510,850,91350000,23562
3,203,9135000,9139500,510,850,9180000,2363
3,2030,91350000,91354500,510,850,91395000,23575
3,2031,91395000,91399500,510,850,91440000,23586
3,2032,91440000,91444500,510,850,91485000,23598
3,2033,91485000,91489500,510,850,91530000,23610
3,2034,91530000,91534500,510,850,91575000,23622
3,2035,91575000,91579500,510,850,91620000,23632
3,2036,91620000,91624500,510,850,91665000,23645
3,2037,91665000,91669500,510,850,91710000,23656
3,2038,91710000,91714500,510,850,91755000,23668
3,2039,91755000,91759500,510,850,91800000,23679
3,204,9180000,9184500,510,850,9225000,2374
3,2040,91800000,91804500,510,850,91845000,23691
3,2041,91845000,91849500,510,850,91890000,23702
3,2042,91890000,91894500,510,850,91935000,23715
3,2043,91935000,91939500,510,850,91980000,23725
3,2044,91980000,91984500,510,850,92025000,23737
3,2045,92025000,92029500,510,850,92070000,23749
3,2046,92070000,92074500,510,850,92115000,23761
3,2047,92115000,92119500,510,850,92160000,23772
3,2048,92160000,92164500,510,850,92205000,23785
3,2049,92205000,92209500,510,850,92250000,23795
3,205,9225000,9229500,510,850,9270000,2386
3,2050,92250000,92254500,510,850,92295000,23807
3,2051,92295000,92299500,510,850,92340000,23818
3,2052,92340000,92344500,510,850,92385000,23830
3,2053,92385000,92389500,510,850,92430000,23841
3,2054,92430000,92434500,510,850,92475000,23854
3,2055,92475000,92479500,510,850,92520000,23865
3,2056,92520000,92524500,510,850,92565000,23878
3,2057,92565000,92569500,510,850,92610000,23888
3,2058,92610000,92614500,510,850,92655000,23901
3,2059,92655000,92659500,510,850,92700000,23911
3,206,9270000,9274500,510,850,9315000,2399
3,2060,92700000,92704500,510,850,92745000,23922
3,2061,92745000,92749500,510,850,92790000,23934
3,2062,92790000,92794500,510,850,92835000,23947
3,2063,92835000,92839500,510,850,92880000,23957
3,2064,92880000,92884500,510,850,92925000,23970
3,2065,92925000,92929500,510,850,92970000,23982
3,2066,92970000,92974500,510,850,93015000,23993
3,2067,93015000,93019500,510,850,93060000,24004
3,2068,93060000,93064500,510,850,93105000,24017
3,2069,93105000,93109500,510,850,93150000,24027
3,207,9315000,9319500,510,850,9360000,2409
3,2070,93150000,93154500,510,850,93195000,24039
3,2071,93195000,93199500,510,850,93240000,24050
3,2072,93240000,93244500,510,850,93285000,24063
3,2073,93285000,93289500,510,850,93330000,24074
3,2074,93330000,93334500,510,850,93375000,24086
3,2075,93375000,93379500,510,850,93420000,24097
3,2076,93420000,93424500,510,850,93465000,24109
3,2077,93465000,93469500,510,850,93510000,24120
3,2078,93510000,93514500,510,850,93555000,24133
3,2079,93555000,93559500,510,850,93600000,24143
3,208,9360000,9364500,510,850,9405000,2422
3,2080,93600000,93604500,510,850,93645000,24155
3,2081,93645000,93649500,510,850,93690000,24167
3,2082,93690000,93694500,510,850,93735000,24180
3,2083,93735000,93739500,510,850,93780000,24189
3,2084,93780000,93784500,510,850,93825000,24202
3,2085,93825000,93829500,510,850,93870000,24213
3,2086,93870000,93874500,510,850,93915000,24225
3,2087,93915000,93919500,510,850,93960000,24237
3,2088,93960000,93964500,510,850,94005000,24249
3,2089,94005000,94009500,510,850,94050000,24259
3,209,9405000,9409500,510,850,9450000,2432
3,2090,94050000,94054500,510,850,94095000,24272
3,2091,94095000,94099500,510,850,94140000,24282
3,2092,94140000,94144500,510,850,94185000,24294
3,2093,94185000,94189500,510,850,94230000,24306
3,2094,94230000,94234500,510,850,94275000,24318
3,2095,94275000,94279500,510,850,94320000,24330
3,2096,94320000,94324500,510,850,94365000,24342
3,2097,94365000,94369500,510,850,94410000,24353
3,2098,94410000,94414500,510,850,94455000,24366
3,2099,94455000,94459500,510,850,94500000,24374
3,21,945000,949500,510,850,990000,250
3,210,9450000,9454500,510,850,9495000,2445
3,2100,94500000,94504500,510,850,94545000,24387
3,2101,94545000,94549500,510,850,94590000,24399
3,2102,94590000,94594500,510,850,94635000,24410
3,2103,94635000,94639500,510,850,94680000,24422
3,2104,94680000,94684500,510,850,94725000,24435
3,2105,94725000,94729500,510,850,94770000,24445
3,2106,94770000,94774500,510,850,94815000,24458
3,2107,94815000,94819500,510,850,94860000,24469
3,2108,94860000,94864500,510,850,94905000,24481
3,2109,94905000,94909500,510,850,94950000,24491
3,211,9495000,9499500,510,850,9540000,2455
3,2110,94950000,94954500,510,850,94995000,24504
3,2111,94995000,94999500,510,850,95040000,24515
3,2112,95040000,95044500,510,850,95085000,24527
3,2113,95085000,95089500,510,850,95130000,24538
3,2114,95130000,95134500,510,850,95175000,24551
3,2115,95175000,95179500,510,850,95220000,24561
3,2116,95220000,95224500,510,850,95265000,24573
3,2117,95265000,95269500,510,850,95310000,24585
3,2118,95310000,95314500,510,850,95355000,24597
3,2119,95355000,95359500,510,850,95400000,24607
3,212,9540000,9544500,510,850,9585000,2467
3,2120,95400000,95404500,510,850,95445000,24620
3,2121,95445000,95449500,510,850,95490000,24632
3,2122,95490000,95494500,510,850,95535000,24643
3,2123,95535000,95539500,510,850,95580000,24654
3,2124,95580000,95584500,510,850,95625000,24667
3,2125,95625000,95629500,510,850,95670000,24677
3,2126,95670000,95674500,510,850,95715000,24690
3,2127,95715000,95719500,510,850,95760000,24701
3,2128,95760000,95764500,510,850,95805000,24713
3,2129,95805000,95809500,510,850,95850000,24724
3,213,9585000,9589500,510,850,9630000,2479
3,2130,95850000,95854500,510,850,95895000,24736
3,2131,95895000,95899500,510,850,95940000,24746
3,2132,95940000,95944500,510,850,95985000,24759
3,2133,95985000,95989500,510,850,96030000,24770
3,2134,96030000,96034500,510,850,96075000,24783
3,2135,96075000,96079500,510,850,96120000,24794
3,2136,96120000,96124500,510,850,96165000,24806
3,2137,96165000,96169500,510,850,96210000,24818
3,2138,96210000,96214500,510,850,96255000,24830
3,2139,96255000,96259500,510,850,96300000,24839
3,214,9630000,9634500,510,850,9675000,2491
3,2140,96300000,96304500,510,850,96345000,24852
3,2141,96345000,96349500,510,850,96390000,24862
3,2142,96390000,96394500,510,850,96435000,24875
3,2143,96435000,96439500,510,850,96480000,24887
3,2144,96480000,96484500,510,850,96525000,24898
3,2145,96525000,96529500,510,850,96570000,24910
3,2146,96570000,96574500,510,850,96615000,24923
3,2147,96615000,96619500,510,850,96660000,24933
3,2148,96660000,96664500,510,850,96705000,24945
3,2149,96705000,96709500,510,850,96750000,24956
3,215,9675000,9679500,510,850,9720000,2502
3,2150,96750000,96754500,510,850,96795000,24968
3,2151,96795000,96799500,510,850,96840000,24979
3,2152,96840000,96844500,510,850,96885000,24992
3,2153,96885000,96889500,510,850,96930000,25003
3,2154,96930000,96934500,510,850,96975000,25015
3,2155,96975000,96979500,510,850,97020000,25025
3,2156,97020000,97024500,510,850,97065000,25038
3,2157,97065000,97069500,510,850,97110000,25049
3,2158,97110000,97114500,510,850,97155000,25061
3,2159,97155000,97159500,510,850,97200000,25072
3,216,9720000,9724500,510,850,9765000,2515
3,2160,97200000,97204500,510,850,97245000,25085
3,2161,97245000,97249500,510,850,97290000,25095
3,2162,97290000,97294500,510,850,97335000,25108
3,2163,97335000,97339500,510,850,97380000,25119
3,2164,97380000,97384500,510,850,97425000,25130
3,2165,97425000,97429500,510,850,97470000,25142
3,2166,97470000,97474500,510,850,97515000,25155
3,2167,97515000,97519500,510,850,97560000,25165
3,2168,97560000,97564500,510,850,97605000,25178
3,2169,97605000,97609500,510,850,97650000,25188
3,217,9765000,9769500,510,850,9810000,2526
3,2170,97650000,97654500,510,850,97695000,25200
3,2171,97695000,97699500,510,850,97740000,25211
3,2172,97740000,97744500,510,850,97785000,25223
3,2173,97785000,97789500,510,850,97830000,25235
3,2174,97830000,97834500,510,850,97875000,25247
3,2175,97875000,97879500,510,850,97920000,25258
3,2176,97920000,97924500,510,850,97965000,25271
3,2177,97965000,97969500,510,850,98010000,25282
3,2178,98010000,98014500,510,850,98055000,25294
3,2179,98055000,98059500,510,850,98100000,25304
3,218,9810000,9814500,510,850,9855000,2538
3,2180,98100000,98104500,510,850,98145000,25316
3,2181,98145000,98149500,510,850,98190000,25327
3,2182,98190000,98194500,510,850,98235000,25340
3,2183,98235000,98239500,510,850,98280000,25350
3,2184,98280000,98284500,510,850,98325000,25363
3,2185,98325000,98329500,510,850,98370000,25375
3,2186,98370000,98374500,510,850,98415000,25387
3,2187,98415000,98419500,510,850,98460000,25397
3,2188,98460000,98464500,510,850,98505000,25410
3,2189,98505000,98509500,510,850,98550000,25420
3,219,9855000,9859500,510,850,9900000,2548
3,2190,98550000,98554500,510,850,98595000,25432
3,2191,98595000,98599500,510,850,98640000,25444
3,2192,98640000,98644500,510,850,98685000,25456
3,2193,98685000,98689500,510,850,98730000,25467
3,2194,98730000,98734500,510,850,98775000,25480
3,2195,98775000,98779500,510,850,98820000,25490
3,2196,98820000,98824500,510,850,98865000,25502
3,2197,98865000,98869500,510,850,98910000,25513
3,2198,98910000,98914500,510,850,98955000,25526
3,2199,98955000,98959500,510,850,99000000,25537
3,22,990000,994500,510,850,1035000,261
3,220,9900000,9904500,510,850,9945000,2560
3,2200,99000000,99004500,510,850,99045000,25548
3,2201,99045000,99049500,510,850,99090000,25560
3,2202,99090000,99094500,510,850,99135000,25573
3,2203,99135000,99139500,510,850,99180000,25582
3,2204,99180000,99184500,510,850,99225000,25595
3,2205,99225000,99229500,510,850,99270000,25607
3,2206,99270000,99274500,510,850,99315000,25618
3,2207,99315000,99319500,510,850,99360000,25630
3,2208,99360000,99364500,510,850,99405000,25643
3,2209,99405000,99409500,510,850,99450000,25652
3,221,9945000,9949500,510,850,9990000,2571
3,2210,99450000,99454500,510,850,99495000,25665
3,2211,99495000,99499500,510,850,99540000,25675
3,2212,99540000,99544500,510,850,99585000,25688
3,2213,99585000,99589500,510,850,99630000,25699
3,2214,99630000,99634500,510,850,99675000,25711
3,2215,99675000,99679500,510,850,99720000,25723
3,2216,99720000,99724500,510,850,99765000,25735
3,2217,99765000,99769500,510,850,99810000,25746
3,2218,99810000,99814500,510,850,99855000,25759
3,2219,99855000,99859500,510,850,99900000,25768
3,222,9990000,9994500,510,850,10035000,2584
3,2220,99900000,99904500,510,850,99945000,25780
3,2221,99945000,99949500,510,850,99990000,25792
3,2222,99990000,99994500,510,850,100035000,25804
3,2223,100035000,100039500,510,850,100080000,25815
3,2224,100080000,100084500,510,850,100125000,25828
3,2225,100125000,100129500,510,850,100170000,25839
3,2226,100170000,100174500,510,850,100215000,25851
3,2227,100215000,100219500,510,850,100260000,25862
3,2228,100260000,100264500,510,850,100305000,25874
3,2229,100305000,100309500,510,850,100350000,25884
3,223,10035000,10039500,510,850,10080000,2595
3,2230,100350000,100354500,510,850,100395000,25897
3,2231,100395000,100399500,510,850,100440000,25908
3,2232,100440000,100444500,510,850,100485000,25920
3,2233,100485000,100489500,510,850,100530000,25932
3,2234,100530000,100534500,510,850,100575000,25944
3,2235,100575000,100579500,510,850,100620000,25954
3,2236,100620000,100624500,510,850,100665000,25967
3,2237,100665000,100669500,510,850,100710000,25978
3,2238,100710000,100714500,510,850,100755000,25991
3,2239,100755000,100759500,510,850,100800000,26000
3,224,10080000,10084500,510,850,10125000,2607
3,2240,100800000,100804500,510,850,100845000,26013
3,2241,100845000,100849500,510,850,100890000,26025
3,2242,100890000,100894500,510,850,100935000,26036
3,2243,100935000,100939500,510,850,100980000,26047
3,2244,100980000,100984500,510,850,101025000,26060
3,2245,101025000,101029500,510,850,101070000,26070
3,2246,101070000,101074500,510,850,101115000,26083
3,2247,101115000,101119500,510,850,101160000,26095
3,2248,101160000,101164500,510,850,101205000,26106
3,2249,101205000,101209500,510,850,101250000,26117
3,225,10125000,10129500,510,850,10170000,2619
3,2250,101250000,101254500,510,850,101295000,26130
3,2251,101295000,101299500,510,850,101340000,26140
3,2252,101340000,101344500,510,850,101385000,26152
3,2253,101385000,101389500,510,850,101430000,26163
3,2254,101430000,101434500,510,850,101475000,26176
3,2255,101475000,101479500,510,850,101520000,26187
3,2256,101520000,101524500,510,850,101565000,26199
3,2257,101565000,101569500,510,850,101610000,26211
3,2258,101610000,101614500,510,850,101655000,26223
3,2259,101655000,101659500,510,850,101700000,26232
3,226,10170000,10174500,510,850,10215000,2631
3,2260,101700000,101704500,510,850,101745000,26245
3,2261,101745000,101749500,510,850,101790000,26256
3,2262,101790000,101794500,510,850,101835000,26268
3,2263,101835000,101839500,510,850,101880000,26280
3,2264,101880000,101884500,510,850,101925000,26293
3,2265,101925000,101929500,510,850,101970000,26303
3,2266,101970000,101974500,510,850,102015000,26316
3,2267,102015000,102019500,510,850,102060000,26326
3,2268,102060000,102064500,510,850,102105000,26338
3,2269,102105000,102109500,510,850,102150000,26349
3,227,10215000,10219500,510,850,10260000,2641
3,2270,102150000,102154500,510,850,102195000,26361
3,2271,102195000,102199500,510,850,102240000,26372
3,2272,102240000,102244500,510,850,102285000,26385
3,2273,102285000,102289500,510,850,102330000,26396
3,2274,102330000,102334500,510,850,102375000,26408
3,2275,102375000,102379500,510,850,102420000,26419
3,2276,102420000,102424500,510,850,102465000,26431
3,2277,102465000,102469500,510,850,102510000,26443
3,2278,102510000,102514500,510,850,102555000,26455
3,2279,102555000,102559500,510,850,102600000,26465
3,228,10260000,10264500,510,850,10305000,2654
3,2280,102600000,102604500,510,850,102645000,26478
3,2281,102645000,102649500,510,850,102690000,26488
3,2282,102690000,102694500,510,850,102735000,26501
3,2283,102735000,102739500,510,850,102780000,26512
3,2284,102780000,102784500,510,850,102825000,26523
3,2285,102825000,102829500,510,850,102870000,26535
3,2286,102870000,102874500,510,850,102915000,26548
3,2287,102915000,102919500,510,850,102960000,26558
3,2288,102960000,102964500,510,850,103005000,26571
3,2289,103005000,103009500,510,850,103050000,26582
3,229,10305000,10309500,510,850,10350000,2664
3,2290,103050000,103054500,510,850,103095000,26594
3,2291,103095000,103099500,510,850,103140000,26604
3,2292,103140000,103144500,510,850,103185000,26617
3,2293,103185000,103189500,510,850,103230000,26628
3,2294,103230000,103234500,510,850,103275000,26640
3,2295,103275000,103279500,510,850,103320000,26651
3,2296,103320000,103324500,510,850,103365000,26664
3,2297,103365000,103369500,510,850,103410000,26675
3,2298,103410000,103414500,510,850,103455000,26687
3,2299,103455000,103459500,510,850,103500000,26697
3,23,1035000,1039500,510,850,1080000,273
3,230,10350000,10354500,510,850,10395000,2676
3,2300,103500000,103504500,510,850,103545000,26709
3,2301,103545000,103549500,510,850,103590000,26720
3,2302,103590000,103594500,510,850,103635000,26733
3,2303,103635000,103639500,510,850,103680000,26745
3,2304,103680000,103684500,510,850,103725000,26756
3,2305,103725000,103729500,510,850,103770000,26768
3,2306,103770000,103774500,510,850,103815000,26781
3,2307,103815000,103819500,510,850,103860000,26790
3,2308,103860000,103864500,510,850,103905000,26803
3,2309,103905000,103909500,510,850,103950000,26813
3,231,10395000,10399500,510,850,10440000,2688
3,2310,103950000,103954500,510,850,103995000,26825
3,2311,103995000,103999500,510,850,104040000,26837
3,2312,104040000,104044500,510,850,104085000,26849
3,2313,104085000,104089500,510,850,104130000,26860
3,2314,104130000,104134500,510,850,104175000,26873
3,2315,104175000,104179500,510,850,104220000,26883
3,2316,104220000,104224500,510,850,104265000,26896
3,2317,104265000,104269500,510,850,104310000,26907
3,2318,104310000,104314500,510,850,104355000,26919
3,2319,104355000,104359500,510,850,104400000,26930
3,232,10440000,10444500,510,850,10485000,2700
3,2320,104400000,104404500,510,850,104445000,26942
3,2321,104445000,104449500,510,850,104490000,26953
3,2322,104490000,104494500,510,850,104535000,26966
3,2323,104535000,104539500,510,850,104580000,26975
3,2324,104580000,104584500,510,850,104625000,26988
3,2325,104625000,104629500,510,850,104670000,27000
3,2326,104670000,104674500,510,850,104715000,27011
3,2327,104715000,104719500,510,850,104760000,27023
3,2328,104760000,104764500,510,850,104805000,27036
3,2329,104805000,104809500,510,850,104850000,27046
3,233,10485000,10489500,510,850,10530000,2711
3,2330,104850000,104854500,510,850,104895000,27058
3,2331,104895000,104899500,510,850,104940000,27069
3,2332,104940000,104944500,510,850,104985000,27081
3,2333,104985000,104989500,510,850,105030000,27092
3,2334,105030000,105034500,510,850,105075000,27105
3,2335,105075000,105079500,510,850,105120000,27116
3,2336,105120000,105124500,510,850,105165000,27128
3,2337,105165000,105169500,510,850,105210000,27139
3,2338,105210000,105214500,510,850,105255000,27152
3,2339,105255000,105259500,510,850,105300000,27161
3,234,10530000,10534500,510,850,10575000,2724
3,2340,105300000,105304500,510,850,105345000,27173
3,2341,105345000,105349500,510,850,105390000,27185
3,2342,105390000,105394500,510,850,105435000,27198
3,2343,105435000,105439500,510,850,105480000,27208
3,2344,105480000,105484500,510,850,105525000,27221
3,2345,105525000,105529500,510,850,105570000,27233
3,2346,105570000,105574500,510,850,105615000,27244
3,2347,105615000,105619500,510,850,105660000,27255
3,2348,105660000,105664500,510,850,105705000,27268
3,2349,105705000,105709500,510,850,105750000,27277
3,235,10575000,10579500,510,850,10620000,2734
3,2350,105750000,105754500,510,850,105795000,27290
3,2351,105795000,105799500,510,850,105840000,27301
3,2352,105840000,105844500,510,850,105885000,27313
3,2353,105885000,105889500,510,850,105930000,27325
3,2354,105930000,105934500,510,850,105975000,27337
3,2355,105975000,105979500,510,850,106020000,27348
3,2356,106020000,106024500,510,850,106065000,27360
3,2357,106065000,106069500,510,850,106110000,27371
3,2358,106110000,106114500,510,850,106155000,27384
3,2359,106155000,106159500,510,850,106200000,27394
3,236,10620000,10624500,510,850,10665000,2747
3,2360,106200000,106204500,510,850,106245000,27406
3,2361,106245000,106249500,510,850,106290000,27418
3,2362,106290000,106294500,510,850,106335000,27430
3,2363,106335000,106339500,510,850,106380000,27440
3,2364,106380000,106384500,510,850,106425000,27453
3,2365,106425000,106429500,510,850,106470000,27463
3,2366,106470000,106474500,510,850,106515000,27476
3,2367,106515000,106519500,510,850,106560000,27488
3,2368,106560000,106564500,510,850,106605000,27500
3,2369,106605000,106609500,510,850,106650000,27510
3,237,10665000,10669500,510,850,10710000,2757
3,2370,106650000,106654500,510,850,106695000,27523
3,2371,106695000,106699500,510,850,106740000,27533
3,2372,106740000,106744500,510,850,106785000,27545
3,2373,106785000,106789500,510,850,106830000,27557
3,2374,106830000,106834500,510,850,106875000,27569
3,2375,106875000,106879500,510,850,106920000,27580
3,2376,106920000,106924500,510,850,106965000,27593
3,2377,106965000,106969500,510,850,107010000,27604
3,2378,107010000,107014500,510,850,107055000,27616
3,2379,107055000,107059500,510,850,107100000,27625
3,238,10710000,10714500,510,850,10755000,2770
3,2380,107100000,107104500,510,850,107145000,27638
3,2381,107145000,107149500,510,850,107190000,27650
3,2382,107190000,107194500,510,850,107235000,27661
3,2383,107235000,107239500,510,850,107280000,27673
3,2384,107280000,107284500,510,850,107325000,27686
3,2385,107325000,107329500,510,850,107370000,27696
3,2386,107370000,107374500,510,850,107415000,27709
3,2387,107415000,107419500,510,850,107460000,27720
3,2388,107460000,107464500,510,850,107505000,27731
3,2389,107505000,107509500,510,850,107550000,27742
3,239,10755000,10759500,510,850,10800000,2781
3,2390,107550000,107554500,510,850,107595000,27755
3,2391,107595000,107599500,510,850,107640000,27765
3,2392,107640000,107644500,510,850,107685000,27778
3,2393,107685000,107689500,510,850,107730000,27789
3,2394,107730000,107734500,510,850,107775000,27802
3,2395,107775000,107779500,510,850,107820000,27812
3,2396,107820000,107824500,510,850,107865000,27824
3,2397,107865000,107869500,510,850,107910000,27836
3,2398,107910000,107914500,510,850,107955000,27848
3,2399,107955000,107959500,510,850,108000000,27858
3,24,1080000,1084500,510,850,1125000,286
3,240,10800000,10804500,510,850,10845000,2792
3,2400,108000000,108004500,510,850,108045000,27871
3,2401,108045000,108049500,510,850,108090000,27882
3,2402,108090000,108094500,510,850,108135000,27894
3,2403,108135000,108139500,510,850,108180000,27905
3,2404,108180000,108184500,510,850,108225000,27917
3,2405,108225000,108229500,510,850,108270000,27928
3,2406,108270000,108274500,510,850,108315000,27941
3,2407,108315000,108319500,510,850,108360000,27952
3,2408,108360000,108364500,510,850,108405000,27964
3,2409,108405000,108409500,510,850,108450000,27975
3,241,10845000,10849500,510,850,10890000,2804
3,2410,108450000,108454500,510,850,108495000,27987
3,2411,108495000,108499500,510,850,108540000,27997
3,2412,108540000,108544500,510,850,108585000,28010
3,2413,108585000,108589500,510,850,108630000,28021
3,2414,108630000,108634500,510,850,108675000,28033
3,2415,108675000,108679500,510,850,108720000,28045
3,2416,108720000,108724500,510,850,108765000,28057
3,2417,108765000,108769500,510,850,108810000,28068
3,2418,108810000,108814500,510,850,108855000,28081
3,2419,108855000,108859500,510,850,108900000,28090
3,242,10890000,10894500,510,850,10935000,2817
3,2420,108900000,108904500,510,850,108945000,28103
3,2421,108945000,108949500,510,850,108990000,28113
3,2422,108990000,108994500,510,850,109035000,28126
3,2423,109035000,109039500,510,850,109080000,28138
3,2424,109080000,109084500,510,850,109125000,28149
3,2425,109125000,109129500,510,850,109170000,28161
3,2426,109170000,109174500,510,850,109215000,28174
3,2427,109215000,109219500,510,850,109260000,28183
3,2428,109260000,109264500,510,850,109305000,28196
3,2429,109305000,109309500,510,850,109350000,28207
3,243,10935000,10939500,510,850,10980000,2826
3,2430,109350000,109354500,510,850,109395000,28218
3,2431,109395000,109399500,510,850,109440000,28230
3,2432,109440000,109444500,510,850,109485000,28243
3,2433,109485000,109489500,510,850,109530000,28254
3,2434,109530000,109534500,510,850,109575000,28266
3,2435,109575000,109579500,510,850,109620000,28276
3,2436,109620000,109624500,510,850,109665000,28289
3,2437,109665000,109669500,510,850,109710000,28300
3,2438,109710000,109714500,510,850,109755000,28312
3,2439,109755000,109759500,510,850,109800000,28323
3,244,10980000,10984500,510,850,11025000,2839
3,2440,109800000,109804500,510,850,109845000,28335
3,2441,109845000,109849500,510,850,109890000,28346
3,2442,109890000,109894500,510,850,109935000,28359
3,2443,109935000,109939500,510,850,109980000,28369
3,2444,109980000,109984500,510,850,110025000,28381
3,2445,110025000,110029500,510,850,110070000,28393
3,2446,110070000,110074500,510,850,110115000,28406
3,2447,110115000,110119500,510,850,110160000,28416
3,2448,110160000,110164500,510,850,110205000,28429
3,2449,110205000,110209500,510,850,110250000,28439
3,245,11025000,11029500,510,850,11070000,2851
3,2450,110250000,110254500,510,850,110295000,28451
3,2451,110295000,110299500,510,850,110340000,28462
3,2452,110340000,110344500,510,850,110385000,28474
3,2453,110385000,110389500,510,850,110430000,28485
3,2454,110430000,110434500,510,850,110475000,28498
3,2455,110475000,110479500,510,850,110520000,28509
3,2456,110520000,110524500,510,850,110565000,28521
3,2457,110565000,110569500,510,850,110610000,28533
3,2458,110610000,110614500,510,850,110655000,28545
3,2459,110655000,110659500,510,850,110700000,28555
3,246,11070000,11074500,510,850,11115000,2862
3,2460,110700000,110704500,510,850,110745000,28567
3,2461,110745000,110749500,510,850,110790000,28578
3,2462,110790000,110794500,510,850,110835000,28591
3,2463,110835000,110839500,510,850,110880000,28601
3,2464,110880000,110884500,510,850,110925000,28614
3,2465,110925000,110929500,510,850,110970000,28626
3,2466,110970000,110974500,510,850,111015000,28637
3,2467,111015000,111019500,510,850,111060000,28648
3,2468,111060000,111064500,510,850,111105000,28661
3,2469,111105000,111109500,510,850,111150000,28670
3,247,11115000,11119500,510,850,11160000,2874
3,2470,111150000,111154500,510,850,111195000,28683
3,2471,111195000,111199500,510,850,111240000,28695
3,2472,111240000,111244500,510,850,111285000,28707
3,2473,111285000,111289500,510,850,111330000,28718
3,2474,111330000,111334500,510,850,111375000,28731
3,2475,111375000,111379500,510,850,111420000,28741
3,2476,111420000,111424500,510,850,111465000,28753
3,2477,111465000,111469500,510,850,111510000,28764
3,2478,111510000,111514500,510,850,111555000,28777
3,2479,111555000,111559500,510,850,111600000,28787
3,248,11160000,11164500,510,850,11205000,2887
3,2480,111600000,111604500,510,850,111645000,28799
3,2481,111645000,111649500,510,850,111690000,28811
3,2482,111690000,111694500,510,850,111735000,28823
3,2483,111735000,111739500,510,850,111780000,28833
3,2484,111780000,111784500,510,850,111825000,28846
3,2485,111825000,111829500,510,850,111870000,28858
3,2486,111870000,111874500,510,850,111915000,28869
3,2487,111915000,111919500,510,850,111960000,28881
3,2488,111960000,111964500,510,850,112005000,28894
3,2489,112005000,112009500,510,850,112050000,28903
3,249,11205000,11209500,510,850,11250000,2897
3,2490,112050000,112054500,510,850,112095000,28916
3,2491,112095000,112099500,510,850,112140000,28926
3,2492,112140000,112144500,510,850,112185000,28938
3,2493,112185000,112189500,510,850,112230000,28950
3,2494,112230000,112234500,510,850,112275000,28962
3,2495,112275000,112279500,510,850,112320000,28973
3,2496,112320000,112324500,510,850,112365000,28986
3,2497,112365000,112369500,510,850,112410000,28997
3,2498,112410000,112414500,510,850,112455000,29010
3,2499,112455000,112459500,510,850,112500000,29019
3,25,1125000,1129500,510,850,1170000,296
3,250,11250000,11254500,510,850,11295000,2909
3,2500,112500000,112504500,510,850,112545000,29031
3,2501,112545000,112549500,510,850,112590000,29043
3,2502,112590000,112594500,510,850,112635000,29055
3,2503,112635000,112639500,510,850,112680000,29066
3,2504,112680000,112684500,510,850,112725000,29079
3,2505,112725000,112729500,510,850,112770000,29089
3,2506,112770000,112774500,510,850,112815000,29102
3,2507,112815000,112819500,510,850,112860000,29113
3,2508,112860000,112864500,510,850,112905000,29124
3,2509,112905000,112909500,510,850,112950000,29135
3,251,11295000,11299500,510,850,11340000,2919
3,2510,112950000,112954500,510,850,112995000,29148
3,2511,112995000,112999500,510,850,113040000,29159
3,2512,113040000,113044500,510,850,113085000,29171
3,2513,113085000,113089500,510,850,113130000,29183
3,2514,113130000,113134500,510,850,113175000,29195
3,2515,113175000,113179500,510,850,113220000,29205
3,2516,113220000,113224500,510,850,113265000,29218
3,2517,113265000,113269500,510,850,113310000,29229
3,2518,113310000,113314500,510,850,113355000,29241
3,2519,113355000,113359500,510,850,113400000,29251
3,252,11340000,11344500,510,850,11385000,2932
3,2520,113400000,113404500,510,850,113445000,29264
3,2521,113445000,113449500,510,850,113490000,29275
3,2522,113490000,113494500,510,850,113535000,29287
3,2523,113535000,113539500,510,850,113580000,29298
3,2524,113580000,113584500,510,850,113625000,29311
3,2525,113625000,113629500,510,850,113670000,29321
3,2526,113670000,113674500,510,850,113715000,29334
3,2527,113715000,113719500,510,850,113760000,29346
3,2528,113760000,113764500,510,850,113805000,29357
3,2529,113805000,113809500,510,850,113850000,29368
3,253,11385000,11389500,510,850,11430000,2943
3,2530,113850000,113854500,510,850,113895000,29381
3,2531,113895000,113899500,510,850,113940000,29390
3,2532,113940000,113944500,510,850,113985000,29403
3,2533,113985000,113989500,510,850,114030000,29414
3,2534,114030000,114034500,510,850,114075000,29426
3,2535,114075000,114079500,510,850,114120000,29438
3,2536,114120000,114124500,510,850,114165000,29450
3,2537,114165000,114169500,510,850,114210000,29462
3,2538,114210000,114214500,510,850,114255000,29474
3,2539,114255000,114259500,510,850,114300000,29483
3,254,11430000,11434500,510,850,11475000,2955
3,2540,114300000,114304500,510,850,114345000,29496
3,2541,114345000,114349500,510,850,114390000,29507
3,2542,114390000,114394500,510,850,114435000,29519
3,2543,114435000,114439500,510,850,114480000,29531
3,2544,114480000,114484500,510,850,114525000,29543
3,2545,114525000,114529500,510,850,114570000,29554
3,2546,114570000,114574500,510,850,114615000,29567
3,2547,114615000,114619500,510,850,114660000,29576
3,2548,114660000,114664500,510,850,114705000,29589
3,2549,114705000,114709500,510,850,114750000,29600
3,255,11475000,11479500,510,850,11520000,2967
3,2550,114750000,114754500,510,850,114795000,29612
3,2551,114795000,114799500,510,850,114840000,29623
3,2552,114840000,114844500,510,850,114885000,29636
3,2553,114885000,114889500,510,850,114930000,29647
3,2554,114930000,114934500,510,850,114975000,29659
3,2555,114975000,114979500,510,850,115020000,29670
3,2556,115020000,115024500,510,850,115065000,29682
3,2557,115065000,115069500,510,850,115110000,29693
3,2558,115110000,115114500,510,850,115155000,29706
3,2559,115155000,115159500,510,850,115200000,29716
3,256,11520000,11524500,510,850,11565000,2979
3,2560,115200000,115204500,510,850,115245000,29728
3,2561,115245000,115249500,510,850,115290000,29739
3,2562,115290000,115294500,510,850,115335000,29752
3,2563,115335000,115339500,510,850,115380000,29763
3,2564,115380000,115384500,510,850,115425000,29774
3,2565,115425000,115429500,510,850,115470000,29786
3,2566,115470000,115474500,510,850,115515000,29799
3,2567,115515000,115519500,510,850,115560000,29809
3,2568,115560000,115564500,510,850,115605000,29822
3,2569,115605000,115609500,510,850,115650000,29833
3,257,11565000,11569500,510,850,11610000,2990
3,2570,115650000,115654500,510,850,115695000,29844
3,2571,115695000,115699500,510,850,115740000,29855
3,2572,115740000,115744500,510,850,115785000,29868
3,2573,115785000,115789500,510,850,115830000,29878
3,2574,115830000,115834500,510,850,115875000,29891
3,2575,115875000,115879500,510,850,115920000,29902
3,2576,115920000,115924500,510,850,115965000,29915
3,2577,115965000,115969500,510,850,116010000,29926
3,2578,116010000,116014500,510,850,116055000,29938
3,2579,116055000,116059500,510,850,116100000,29948
3,258,11610000,11614500,510,850,11655000,3003
3,2580,116100000,116104500,510,850,116145000,29960
3,2581,116145000,116149500,510,850,116190000,29971
3,2582,116190000,116194500,510,850,116235000,29984
3,2583,116235000,116239500,510,850,116280000,29995
3,2584,116280000,116284500,510,850,116325000,30007
3,2585,116325000,116329500,510,850,116370000,30019
3,2586,116370000,116374500,510,850,116415000,30031
3,2587,116415000,116419500,510,850,116460000,30041
3,2588,116460000,116464500,510,850,116505000,30054
3,2589,116505000,116509500,510,850,116550000,30064
3,259,11655000,11659500,510,850,11700000,3012
3,2590,116550000,116554500,510,850,116595000,30076
3,2591,116595000,116599500,510,850,116640000,30088
3,2592,116640000,116644500,510,850,116685000,30100
3,2593,116685000,116689500,510,850,116730000,30111
3,2594,116730000,116734500,510,850,116775000,30124
3,2595,116775000,116779500,510,850,116820000,30134
3,2596,116820000,116824500,510,850,116865000,30146
3,2597,116865000,116869500,510,850,116910000,30158
3,2598,116910000,116914500,510,850,116955000,30170
3,2599,116955000,116959500,510,850,117000000,30180
3,26,1170000,1174500,510,850,1215000,309
3,260,11700000,11704500,510,850,11745000,3024
3,2600,117000000,117004500,510,850,117045000,30193
3,2601,117045000,117049500,510,850,117090000,30204
3,2602,117090000,117094500,510,850,117135000,30217
3,2603,117135000,117139500,510,850,117180000,30226
3,2604,117180000,117184500,510,850,117225000,30239
3,2605,117225000,117229500,510,850,117270000,30251
3,2606,117270000,117274500,510,850,117315000,30262
3,2607,117315000,117319500,510,850,117360000,30274
3,2608,117360000,117364500,510,850,117405000,30287
3,2609,117405000,117409500,510,850,117450000,30296
3,261,11745000,11749500,510,850,11790000,3036
3,2610,117450000,117454500,510,850,117495000,30309
3,2611,117495000,117499500,510,850,117540000,30320
3,2612,117540000,117544500,510,850,117585000,30331
3,2613,117585000,117589500,510,850,117630000,30343
3,2614,117630000,117634500,510,850,117675000,30356
3,2615,117675000,117679500,510,850,117720000,30367
3,2616,117720000,117724500,510,850,117765000,30379
3,2617,117765000,117769500,510,850,117810000,30390
3,2618,117810000,117814500,510,850,117855000,30403
3,2619,117855000,117859500,510,850,117900000,30412
3,262,11790000,11794500,510,850,11835000,3049
3,2620,117900000,117904500,510,850,117945000,30424
3,2621,117945000,117949500,510,850,117990000,30436
3,2622,117990000,117994500,510,850,118035000,30448
3,2623,118035000,118039500,510,850,118080000,30459
3,2624,118080000,118084500,510,850,118125000,30472
3,2625,118125000,118129500,510,850,118170000,30483
3,2626,118170000,118174500,510,850,118215000,30495
3,2627,118215000,118219500,510,850,118260000,30506
3,2628,118260000,118264500,510,850,118305000,30519
3,2629,118305000,118309500,510,850,118350000,30528
3,263,11835000,11839500,510,850,11880000,3059
3,2630,118350000,118354500,510,850,118395000,30541
3,2631,118395000,118399500,510,850,118440000,30552
3,2632,118440000,118444500,510,850,118485000,30564
3,2633,118485000,118489500,510,850,118530000,30576
3,2634,118530000,118534500,510,850,118575000,30588
3,2635,118575000,118579500,510,850,118620000,30598
3,2636,118620000,118624500,510,850,118665000,30611
3,2637,118665000,118669500,510,850,118710000,30622
3,2638,118710000,118714500,510,850,118755000,30634
3,2639,118755000,118759500,510,850,118800000,30645
3,264,11880000,11884500,510,850,11925000,3072
3,2640,118800000,118804500,510,850,118845000,30657
3,2641,118845000,118849500,510,850,118890000,30669
3,2642,118890000,118894500,510,850,118935000,30681
3,2643,118935000,118939500,510,850,118980000,30691
3,2644,118980000,118984500,510,850,119025000,30704
3,2645,119025000,119029500,510,850,119070000,30714
3,2646,119070000,119074500,510,850,119115000,30727
3,2647,119115000,119119500,510,850,119160000,30739
3,2648,119160000,119164500,510,850,119205000,30750
3,2649,119205000,119209500,510,850,119250000,30761
3,265,11925000,11929500,510,850,11970000,3083
3,2650,119250000,119254500,510,850,119295000,30774
3,2651,119295000,119299500,510,850,119340000,30783
3,2652,119340000,119344500,510,850,119385000,30796
3,2653,119385000,119389500,510,850,119430000,30808
3,2654,119430000,119434500,510,850,119475000,30820
3,2655,119475000,119479500,510,850,119520000,30831
3,2656,119520000,119524500,510,850,119565000,30844
3,2657,119565000,119569500,510,850,119610000,30855
3,2658,119610000,119614500,510,850,119655000,30867
3,2659,119655000,119659500,510,850,119700000,30876
3,266,11970000,11974500,510,850,12015000,3095
3,2660,119700000,119704500,510,850,119745000,30889
3,2661,119745000,119749500,510,850,119790000,30900
3,2662,119790000,119794500,510,850,119835000,30912
3,2663,119835000,119839500,510,850,119880000,30924
3,2664,119880000,119884500,510,850,119925000,30936
3,2665,119925000,119929500,510,850,119970000,30947
3,2666,119970000,119974500,510,850,120015000,30960
3,2667,120015000,120019500,510,850,120060000,30971
3,2668,120060000,120064500,510,850,120105000,30982
3,2669,120105000,120109500,510,850,120150000,30993
3,267,12015000,12019500,510,850,12060000,3106
3,2670,120150000,120154500,510,850,120195000,31006
3,2671,120195000,120199500,510,850,120240000,31016
3,2672,120240000,120244500,510,850,120285000,31029
3,2673,120285000,120289500,510,850,120330000,31040
3,2674,120330000,120334500,510,850,120375000,31052
3,2675,120375000,120379500,510,850,120420000,31063
3,2676,120420000,120424500,510,850,120465000,31075
3,2677,120465000,120469500,510,850,120510000,31086
3,2678,120510000,120514500,510,850,120555000,31099
3,2679,120555000,120559500,510,850,120600000,31109
3,268,12060000,12064500,510,850,12105000,3118
3,2680,120600000,120604500,510,850,120645000,31122
3,2681,120645000,120649500,510,850,120690000,31133
3,2682,120690000,120694500,510,850,120735000,31145
3,2683,120735000,120739500,510,850,120780000,31156
3,2684,120780000,120784500,510,850,120825000,31168
3,2685,120825000,120829500,510,850,120870000,31179
3,2686,120870000,120874500,510,850,120915000,31192
3,2687,120915000,120919500,510,850,120960000,31202
3,2688,120960000,120964500,510,850,121005000,31215
3,2689,121005000,121009500,510,850,121050000,31226
3,269,12105000,12109500,510,850,12150000,3128
3,2690,121050000,121054500,510,850,121095000,31237
3,2691,121095000,121099500,510,850,121140000,31248
3,2692,121140000,121144500,510,850,121185000,31261
3,2693,121185000,121189500,510,850,121230000,31272
3,2694,121230000,121234500,510,850,121275000,31284
3,2695,121275000,121279500,510,850,121320000,31296
3,2696,121320000,121324500,510,850,121365000,31308
3,2697,121365000,121369500,510,850,121410000,31319
3,2698,121410000,121414500,510,850,121455000,31332
3,2699,121455000,121459500,510,850,121500000,31341
3,27,1215000,1219500,510,850,1260000,319
3,270,12150000,12154500,510,850,12195000,3141
3,2700,121500000,121504500,510,850,121545000,31353
3,2701,121545000,121549500,510,850,121590000,31364
3,2702,121590000,121594500,510,850,121635000,31377
3,2703,121635000,121639500,510,850,121680000,31388
3,2704,121680000,121684500,510,850,121725000,31400
3,2705,121725000,121729500,510,850,121770000,31412
3,2706,121770000,121774500,510,850,121815000,31425
3,2707,121815000,121819500,510,850,121860000,31434
3,2708,121860000,121864500,510,850,121905000,31447
3,2709,121905000,121909500,510,850,121950000,31458
3,271,12195000,12199500,510,850,12240000,3152
3,2710,121950000,121954500,510,850,121995000,31469
3,2711,121995000,121999500,510,850,122040000,31481
3,2712,122040000,122044500,510,850,122085000,31494
3,2713,122085000,122089500,510,850,122130000,31504
3,2714,122130000,122134500,510,850,122175000,31517
3,2715,122175000,122179500,510,850,122220000,31527
3,2716,122220000,122224500,510,850,122265000,31539
3,2717,122265000,122269500,510,850,122310000,31551
3,2718,122310000,122314500,510,850,122355000,31563
3,2719,122355000,122359500,510,850,122400000,31574
3,272,12240000,12244500,510,850,12285000,3164
3,2720,122400000,122404500,510,850,122445000,31586
3,2721,122445000,122449500,510,850,122490000,31597
3,2722,122490000,122494500,510,850,122535000,31610
3,2723,122535000,122539500,510,850,122580000,31620
3,2724,122580000,122584500,510,850,122625000,31632
3,2725,122625000,122629500,510,850,122670000,31644
3,2726,122670000,122674500,510,850,122715000,31656
3,2727,122715000,122719500,510,850,122760000,31667
3,2728,122760000,122764500,510,850,122805000,31680
3,2729,122805000,122809500,510,850,122850000,31689
3,273,12285000,12289500,510,850,12330000,3176
3,2730,122850000,122854500,510,850,122895000,31702
3,2731,122895000,122899500,510,850,122940000,31713
3,2732,122940000,122944500,510,850,122985000,31725
3,2733,122985000,122989500,510,850,123030000,31736
3,2734,123030000,123034500,510,850,123075000,31749
3,2735,123075000,123079500,510,850,123120000,31760
3,2736,123120000,123124500,510,850,123165000,31772
3,2737,123165000,123169500,510,850,123210000,31784
3,2738,123210000,123214500,510,850,123255000,31796
3,2739,123255000,123259500,510,850,123300000,31805
3,274,12330000,12334500,510,850,12375000,3188
3,2740,123300000,123304500,510,850,123345000,31818
3,2741,123345000,123349500,510,850,123390000,31829
3,2742,123390000,123394500,510,850,123435000,31841
3,2743,123435000,123439500,510,850,123480000,31852
3,2744,123480000,123484500,510,850,123525000,31865
3,2745,123525000,123529500,510,850,123570000,31877
3,2746,123570000,123574500,510,850,123615000,31888
3,2747,123615000,123619500,510,850,123660000,31899
3,2748,123660000,123664500,510,850,123705000,31912
3,2749,123705000,123709500,510,850,123750000,31921
3,275,12375000,12379500,510,850,12420000,3199
3,2750,123750000,123754500,510,850,123795000,31934
3,2751,123795000,123799500,510,850,123840000,31946
3,2752,123840000,123844500,510,850,123885000,31957
3,2753,123885000,123889500,510,850,123930000,31969
3,2754,123930000,123934500,510,850,123975000,31982
3,2755,123975000,123979500,510,850,124020000,31991
3,2756,124020000,124024500,510,850,124065000,32004
3,2757,124065000,124069500,510,850,124110000,32015
3,2758,124110000,124114500,510,850,124155000,32028
3,2759,124155000,124159500,510,850,124200000,32038
3,276,12420000,12424500,510,850,12465000,3211
3,2760,124200000,124204500,510,850,124245000,32050
3,2761,124245000,124249500,510,850,124290000,32062
3,2762,124290000,124294500,510,850,124335000,32074
3,2763,124335000,124339500,510,850,124380000,32084
3,2764,124380000,124384500,510,850,124425000,32097
3,2765,124425000,124429500,510,850,124470000,32108
3,2766,124470000,124474500,510,850,124515000,32120
3,2767,124515000,124519500,510,850,124560000,32132
3,2768,124560000,124564500,510,850,124605000,32144
3,2769,124605000,124609500,510,850,124650000,32154
3,277,12465000,12469500,510,850,12510000,3222
3,2770,124650000,124654500,510,850,124695000,32167
3,2771,124695000,124699500,510,850,124740000,32177
3,2772,124740000,124744500,510,850,124785000,32189
3,2773,124785000,124789500,510,850,124830000,32201
3,2774,124830000,124834500,510,850,124875000,32213
3,2775,124875000,124879500,510,850,124920000,32224
3,2776,124920000,124924500,510,850,124965000,32237
3,2777,124965000,124969500,510,850,125010000,32248
3,2778,125010000,125014500,510,850,125055000,32260
3,2779,125055000,125059500,510,850,125100000,32270
3,278,12510000,12514500,510,850,12555000,3235
3,2780,125100000,125104500,510,850,125145000,32282
3,2781,125145000,125149500,510,850,125190000,32293
3,2782,125190000,125194500,510,850,125235000,32306
3,2783,125235000,125239500,510,850,125280000,32317
3,2784,125280000,125284500,510,850,125325000,32330
3,2785,125325000,125329500,510,850,125370000,32340
3,2786,125370000,125374500,510,850,125415000,32353
3,2787,125415000,125419500,510,850,125460000,32364
3,2788,125460000,125464500,510,850,125505000,32375
3,2789,125505000,125509500,510,850,125550000,32386
3,279,12555000,12559500,510,850,12600000,3244
3,2790,125550000,125554500,510,850,125595000,32399
3,2791,125595000,125599500,510,850,125640000,32409
3,2792,125640000,125644500,510,850,125685000,32422
3,2793,125685000,125689500,510,850,125730000,32434
3,2794,125730000,125734500,510,850,125775000,32445
3,2795,125775000,125779500,510,850,125820000,32456
3,2796,125820000,125824500,510,850,125865000,32469
3,2797,125865000,125869500,510,850,125910000,32480
3,2798,125910000,125914500,510,850,125955000,32492
3,2799,125955000,125959500,510,850,126000000,32502
3,28,1260000,1264500,510,850,1305000,332
3,280,12600000,12604500,510,850,12645000,3257
3,2800,126000000,126004500,510,850,126045000,32515
3,2801,126045000,126049500,510,850,126090000,32526
3,2802,126090000,126094500,510,850,126135000,32538
3,2803,126135000,126139500,510,850,126180000,32549
3,2804,126180000,126184500,510,850,126225000,32561
3,2805,126225000,126229500,510,850,126270000,32572
3,2806,126270000,126274500,510,850,126315000,32585
3,2807,126315000,126319500,510,850,126360000,32596
3,2808,126360000,126364500,510,850,126405000,32608
3,2809,126405000,126409500,510,850,126450000,32619
3,281,12645000,12649500,510,850,12690000,3269
3,2810,126450000,126454500,510,850,126495000,32632
3,2811,126495000,126499500,510,850,126540000,32641
3,2812,126540000,126544500,510,850,126585000,32654
3,2813,126585000,126589500,510,850,126630000,32665
3,2814,126630000,126634500,510,850,126675000,32677
3,2815,126675000,126679500,510,850,126720000,32689
3,2816,126720000,126724500,510,850,126765000,32701
3,2817,126765000,126769500,510,850,126810000,32712
3,2818,126810000,126814500,510,850,126855000,32725
3,2819,126855000,126859500,510,850,126900000,32734
3,282,12690000,12694500,510,850,12735000,3280
3,2820,126900000,126904500,510,850,126945000,32746
3,2821,126945000,126949500,510,850,126990000,32758
3,2822,126990000,126994500,510,850,127035000,32770
3,2823,127035000,127039500,510,850,127080000,32782
3,2824,127080000,127084500,510,850,127125000,32794
3,2825,127125000,127129500,510,850,127170000,32805
3,2826,127170000,127174500,510,850,127215000,32818
3,2827,127215000,127219500,510,850,127260000,32827
3,2828,127260000,127264500,510,850,127305000,32840
3,2829,127305000,127309500,510,850,127350000,32851
3,283,12735000,12739500,510,850,12780000,3291
3,2830,127350000,127354500,510,850,127395000,32862
3,2831,127395000,127399500,510,850,127440000,32874
3,2832,127440000,127444500,510,850,127485000,32887
3,2833,127485000,127489500,510,850,127530000,32897
3,2834,127530000,127534500,510,850,127575000,32910
3,2835,127575000,127579500,510,850,127620000,32921
3,2836,127620000,127624500,510,850,127665000,32933
3,2837,127665000,127669500,510,850,127710000,32944
3,2838,127710000,127714500,510,850,127755000,32957
3,2839,127755000,127759500,510,850,127800000,32967
3,284,12780000,12784500,510,850,12825000,3304
3,2840,127800000,127804500,510,850,127845000,32979
3,2841,127845000,127849500,510,850,127890000,32990
3,2842,127890000,127894500,510,850,127935000,33003
3,2843,127935000,127939500,510,850,127980000,33013
3,2844,127980000,127984500,510,850,128025000,33025
3,2845,128025000,128029500,510,850,128070000,33037
3,2846,128070000,128074500,510,850,128115000,33049
3,2847,128115000,128119500,510,850,128160000,33060
3,2848,128160000,128164500,510,850,128205000,33073
3,2849,128205000,128209500,510,850,128250000,33084
3,285,12825000,12829500,510,850,12870000,3314
3,2850,128250000,128254500,510,850,128295000,33095
3,2851,128295000,128299500,510,850,128340000,33106
3,2852,128340000,128344500,510,850,128385000,33119
3,2853,128385000,128389500,510,850,128430000,33129
3,2854,128430000,128434500,510,850,128475000,33142
3,2855,128475000,128479500,510,850,128520000,33153
3,2856,128520000,128524500,510,850,128565000,33165
3,2857,128565000,128569500,510,850,128610000,33177
3,2858,128610000,128614500,510,850,128655000,33189
3,2859,128655000,128659500,510,850,128700000,33198
3,286,12870000,12874500,510,850,12915000,3327
3,2860,128700000,128704500,510,850,128745000,33211
3,2861,128745000,128749500,510,850,128790000,33222
3,2862,128790000,128794500,510,850,128835000,33235
3,2863,128835000,128839500,510,850,128880000,33246
3,2864,128880000,128884500,510,850,128925000,33258
3,2865,128925000,128929500,510,850,128970000,33270
3,2866,128970000,128974500,510,850,129015000,33282
3,2867,129015000,129019500,510,850,129060000,33292
3,2868,129060000,129064500,510,850,129105000,33305
3,2869,129105000,129109500,510,850,129150000,33314
3,287,12915000,12919500,510,850,12960000,3339
3,2870,129150000,129154500,510,850,129195000,33327
3,2871,129195000,129199500,510,850,129240000,33339
3,2872,129240000,129244500,510,850,129285000,33350
3,2873,129285000,129289500,510,850,129330000,33362
3,2874,129330000,129334500,510,850,129375000,33375
3,2875,129375000,129379500,510,850,129420000,33385
3,2876,129420000,129424500,510,850,129465000,33397
3,2877,129465000,129469500,510,850,129510000,33409
3,2878,129510000,129514500,510,850,129555000,33421
3,2879,129555000,129559500,510,850,129600000,33431
3,288,12960000,12964500,510,850,13005000,3351
3,2880,129600000,129604500,510,850,129645000,33444
3,2881,129645000,129649500,510,850,129690000,33455
3,2882,129690000,129694500,510,850,129735000,33467
3,2883,129735000,129739500,510,850,129780000,33477
3,2884,129780000,129784500,510,850,129825000,33490
3,2885,129825000,129829500,510,850,129870000,33501
3,2886,129870000,129874500,510,850,129915000,33513
3,2887,129915000,129919500,510,850,129960000,33525
3,2888,129960000,129964500,510,850,130005000,33538
3,2889,130005000,130009500,510,850,130050000,33547
3,289,13005000,13009500,510,850,13050000,3361
3,2890,130050000,130054500,510,850,130095000,33560
3,2891,130095000,130099500,510,850,130140000,33571
3,2892,130140000,130144500,510,850,130185000,33582
3,2893,130185000,130189500,510,850,130230000,33594
3,2894,130230000,130234500,510,850,130275000,33607
3,2895,130275000,130279500,510,850,130320000,33617
3,2896,130320000,130324500,510,850,130365000,33630
3,2897,130365000,130369500,510,850,130410000,33641
3,2898,130410000,130414500,510,850,130455000,33653
3,2899,130455000,130459500,510,850,130500000,33663
3,29,1305000,1309500,510,850,1350000,342
3,290,13050000,13054500,510,850,13095000,3374
3,2900,130500000,130504500,510,850,130545000,33675
3,2901,130545000,130549500,510,850,130590000,33687
3,2902,130590000,130594500,510,850,130635000,33699
3,2903,130635000,130639500,510,850,130680000,33710
3,2904,130680000,130684500,510,850,130725000,33723
3,2905,130725000,130729500,510,850,130770000,33734
3,2906,130770000,130774500,510,850,130815000,33746
3,2907,130815000,130819500,510,850,130860000,33757
3,2908,130860000,130864500,510,850,130905000,33769
3,2909,130905000,130909500,510,850,130950000,33779
3,291,13095000,13099500,510,850,13140000,3384
3,2910,130950000,130954500,510,850,130995000,33792
3,2911,130995000,130999500,510,850,131040000,33802
3,2912,131040000,131044500,510,850,131085000,33815
3,2913,131085000,131089500,510,850,131130000,33827
3,2914,131130000,131134500,510,850,131175000,33839
3,2915,131175000,131179500,510,850,131220000,33849
3,2916,131220000,131224500,510,850,131265000,33862
3,2917,131265000,131269500,510,850,131310000,33873
3,2918,131310000,131314500,510,850,131355000,33885
3,2919,131355000,131359500,510,850,131400000,33896
3,292,13140000,13144500,510,850,13185000,3396
3,2920,131400000,131404500,510,850,131445000,33908
3,2921,131445000,131449500,510,850,131490000,33919
3,2922,131490000,131494500,510,850,131535000,33932
3,2923,131535000,131539500,510,850,131580000,33942
3,2924,131580000,131584500,510,850,131625000,33954
3,2925,131625000,131629500,510,850,131670000,33965
3,2926,131670000,131674500,510,850,131715000,33978
3,2927,131715000,131719500,510,850,131760000,33990
3,2928,131760000,131764500,510,850,131805000,34001
3,2929,131805000,131809500,510,850,131850000,34012
3,293,13185000,13189500,510,850,13230000,3407
3,2930,131850000,131854500,510,850,131895000,34025
3,2931,131895000,131899500,510,850,131940000,34034
3,2932,131940000,131944500,510,850,131985000,34047
3,2933,131985000,131989500,510,850,132030000,34059
3,2934,132030000,132034500,510,850,132075000,34070
3,2935,132075000,132079500,510,850,132120000,34082
3,2936,132120000,132124500,510,850,132165000,34095
3,2937,132165000,132169500,510,850,132210000,34105
3,2938,132210000,132214500,510,850,132255000,34118
3,2939,132255000,132259500,510,850,132300000,34127
3,294,13230000,13234500,510,850,13275000,3420
3,2940,132300000,132304500,510,850,132345000,34140
3,2941,132345000,132349500,510,850,132390000,34151
3,2942,132390000,132394500,510,850,132435000,34163
3,2943,132435000,132439500,510,850,132480000,34175
3,2944,132480000,132484500,510,850,132525000,34187
3,2945,132525000,132529500,510,850,132570000,34198
3,2946,132570000,132574500,510,850,132615000,34211
3,2947,132615000,132619500,510,850,132660000,34221
3,2948,132660000,132664500,510,850,132705000,34233
3,2949,132705000,132709500,510,850,132750000,34244
3,295,13275000,13279500,510,850,13320000,3431
3,2950,132750000,132754500,510,850,132795000,34256
3,2951,132795000,132799500,510,850,132840000,34267
3,2952,132840000,132844500,510,850,132885000,34280
3,2953,132885000,132889500,510,850,132930000,34291
3,2954,132930000,132934500,510,850,132975000,34303
3,2955,132975000,132979500,510,850,133020000,34314
3,2956,133020000,133024500,510,850,133065000,34326
3,2957,133065000,133069500,510,850,133110000,34337
3,2958,133110000,133114500,510,850,133155000,34350
3,2959,133155000,133159500,510,850,133200000,34360
3,296,13320000,13324500,510,850,13365000,3443
3,2960,133200000,133204500,510,850,133245000,34372
3,2961,133245000,133249500,510,850,133290000,34384
3,2962,133290000,133294500,510,850,133335000,34396
3,2963,133335000,133339500,510,850,133380000,34406
3,2964,133380000,133384500,510,850,133425000,34419
3,2965,133425000,133429500,510,850,133470000,34430
3,2966,133470000,133474500,510,850,133515000,34443
3,2967,133515000,133519500,510,850,133560000,34453
3,2968,133560000,133564500,510,850,133605000,34466
3,2969,133605000,133609500,510,850,133650000,34477
3,297,13365000,13369500,510,850,13410000,3455
3,2970,133650000,133654500,510,850,133695000,34488
3,2971,133695000,133699500,510,850,133740000,34499
3,2972,133740000,133744500,510,850,133785000,34512
3,2973,133785000,133789500,510,850,133830000,34522
3,2974,133830000,133834500,510,850,133875000,34535
3,2975,133875000,133879500,510,850,133920000,34547
3,2976,133920000,133924500,510,850,133965000,34558
3,2977,133965000,133969500,510,850,134010000,34570
3,2978,134010000,134014500,510,850,134055000,34583
3,2979,134055000,134059500,510,850,134100000,34592
3,298,13410000,13414500,510,850,13455000,3467
3,2980,134100000,134104500,510,850,134145000,34604
3,2981,134145000,134149500,510,850,134190000,34615
3,2982,134190000,134194500,510,850,134235000,34628
3,2983,134235000,134239500,510,850,134280000,34639
3,2984,134280000,134284500,510,850,134325000,34651
3,2985,134325000,134329500,510,850,134370000,34663
3,2986,134370000,134374500,510,850,134415000,34675
3,2987,134415000,134419500,510,850,134460000,34685
3,2988,134460000,134464500,510,850,134505000,34698
3,2989,134505000,134509500,510,850,134550000,34708
3,299,13455000,13459500,510,850,13500000,3476
3,2990,134550000,134554500,510,850,134595000,34720
3,2991,134595000,134599500,510,850,134640000,34732
3,2992,134640000,134644500,510,850,134685000,34745
3,2993,134685000,134689500,510,850,134730000,34755
3,2994,134730000,134734500,510,850,134775000,34768
3,2995,134775000,134779500,510,850,134820000,34778
3,2996,134820000,134824500,510,850,134865000,34790
3,2997,134865000,134869500,510,850,134910000,34802
3,2998,134910000,134914500,510,850,134955000,34814
3,2999,134955000,134959500,510,850,135000000,34824
3,3,135000,139500,510,850,180000,40
3,30,1350000,1354500,510,850,1395000,354
3,300,13500000,13504500,510,850,13545000,3489
3,3000,135000000,135004500,510,850,135045000,34837
3,3001,135045000,135049500,510,850,135090000,34848
3,3002,135090000,135094500,510,850,135135000,34860
3,3003,135135000,135139500,510,850,135180000,34871
3,3004,135180000,135184500,510,850,135225000,34883
3,3005,135225000,135229500,510,850,135270000,34895
3,3006,135270000,135274500,510,850,135315000,34907
3,3007,135315000,135319500,510,850,135360000,34918
3,3008,135360000,135364500,510,850,135405000,34931
3,3009,135405000,135409500,510,850,135450000,34940
3,301,13545000,13549500,510,850,13590000,3501
3,3010,135450000,135454500,510,850,135495000,34953
3,3011,135495000,135499500,510,850,135540000,34964
3,3012,135540000,135544500,510,850,135585000,34975
3,3013,135585000,135589500,510,850,135630000,34987
3,3014,135630000,135634500,510,850,135675000,35000
3,3015,135675000,135679500,510,850,135720000,35010
3,3016,135720000,135724500,510,850,135765000,35023
3,3017,135765000,135769500,510,850,135810000,35035
3,3018,135810000,135814500,510,850,135855000,35047
3,3019,135855000,135859500,510,850,135900000,35056
3,302,13590000,13594500,510,850,13635000,3512
3,3020,135900000,135904500,510,850,135945000,35069
3,3021,135945000,135949500,510,850,135990000,35080
3,3022,135990000,135994500,510,850,136035000,35092
3,3023,136035000,136039500,510,850,136080000,35103
3,3024,136080000,136084500,510,850,136125000,35116
3,3025,136125000,136129500,510,850,136170000,35127
3,3026,136170000,136174500,510,850,136215000,35139
3,3027,136215000,136219500,510,850,136260000,35150
3,3028,136260000,136264500,510,850,136305000,35162
3,3029,136305000,136309500,510,850,136350000,35172
3,303,13635000,13639500,510,850,13680000,3524
3,3030,136350000,136354500,510,850,136395000,35185
3,3031,136395000,136399500,510,850,136440000,35197
3,3032,136440000,136444500,510,850,136485000,35208
3,3033,136485000,136489500,510,850,136530000,35220
3,3034,136530000,136534500,510,850,136575000,35233
3,3035,136575000,136579500,510,850,136620000,35242
3,3036,136620000,136624500,510,850,136665000,35255
3,3037,136665000,136669500,510,850,136710000,35266
3,3038,136710000,136714500,510,850,136755000,35278
3,3039,136755000,136759500,510,850,136800000,35289
3,304,13680000,13684500,510,850,13725000,3537
3,3040,136800000,136804500,510,850,136845000,35301
3,3041,136845000,136849500,510,850,136890000,35312
3,3042,136890000,136894500,510,850,136935000,35325
3,3043,136935000,136939500,510,850,136980000,35335
3,3044,136980000,136984500,510,850,137025000,35348
3,3045,137025000,137029500,510,850,137070000,35359
3,3046,137070000,137074500,510,850,137115000,35371
3,3047,137115000,137119500,510,850,137160000,35383
3,3048,137160000,137164500,510,850,137205000,35395
3,3049,137205000,137209500,510,850,137250000,35405
3,305,13725000,13729500,510,850,13770000,3547
3,3050,137250000,137254500,510,850,137295000,35418
3,3051,137295000,137299500,510,850,137340000,35427
3,3052,137340000,137344500,510,850,137385000,35440
3,3053,137385000,137389500,510,850,137430000,35452
3,3054,137430000,137434500,510,850,137475000,35463
3,3055,137475000,137479500,510,850,137520000,35475
3,3056,137520000,137524500,510,850,137565000,35488
3,3057,137565000,137569500,510,850,137610000,35499
3,3058,137610000,137614500,510,850,137655000,35511
3,3059,137655000,137659500,510,850,137700000,35521
3,306,13770000,13774500,510,850,13815000,3560
3,3060,137700000,137704500,510,850,137745000,35533
3,3061,137745000,137749500,510,850,137790000,35544
3,3062,137790000,137794500,510,850,137835000,35557
3,3063,137835000,137839500,510,850,137880000,35568
3,3064,137880000,137884500,510,850,137925000,35580
3,3065,137925000,137929500,510,850,137970000,35591
3,3066,137970000,137974500,510,850,138015000,35604
3,3067,138015000,138019500,510,850,138060000,35614
3,3068,138060000,138064500,510,850,138105000,35626
3,3069,138105000,138109500,510,850,138150000,35637
3,307,13815000,13819500,510,850,13860000,3570
3,3070,138150000,138154500,510,850,138195000,35650
3,3071,138195000,138199500,510,850,138240000,35660
3,3072,138240000,138244500,510,850,138285000,35673
3,3073,138285000,138289500,510,850,138330000,35685
3,3074,138330000,138334500,510,850,138375000,35696
3,3075,138375000,138379500,510,850,138420000,35707
3,3076,138420000,138424500,510,850,138465000,35720
3,3077,138465000,138469500,510,850,138510000,35730
3,3078,138510000,138514500,510,850,138555000,35743
3,3079,138555000,138559500,510,850,138600000,35753
3,308,13860000,13864500,510,850,13905000,3582
3,3080,138600000,138604500,510,850,138645000,35765
3,3081,138645000,138649500,510,850,138690000,35777
3,3082,138690000,138694500,510,850,138735000,35789
3,3083,138735000,138739500,510,850,138780000,35800
3,3084,138780000,138784500,510,850,138825000,35812
3,3085,138825000,138829500,510,850,138870000,35823
3,3086,138870000,138874500,510,850,138915000,35836
3,3087,138915000,138919500,510,850,138960000,35847
3,3088,138960000,138964500,510,850,139005000,35859
3,3089,139005000,139009500,510,850,139050000,35870
3,309,13905000,13909500,510,850,13950000,3593
3,3090,139050000,139054500,510,850,139095000,35882
3,3091,139095000,139099500,510,850,139140000,35892
3,3092,139140000,139144500,510,850,139185000,35905
3,3093,139185000,139189500,510,850,139230000,35915
3,3094,139230000,139234500,510,850,139275000,35928
3,3095,139275000,139279500,510,850,139320000,35940
3,3096,139320000,139324500,510,850,139365000,35952
3,3097,139365000,139369500,510,850,139410000,35963
3,3098,139410000,139414500,510,850,139455000,35976
3,3099,139455000,139459500,510,850,139500000,35985
3,31,1395000,1399500,510,850,1440000,366
3,310,13950000,13954500,510,850,13995000,3605
3,3100,139500000,139504500,510,850,139545000,35997
3,3101,139545000,139549500,510,850,139590000,36009
3,3102,139590000,139594500,510,850,139635000,36021
3,3103,139635000,139639500,510,850,139680000,36032
3,3104,139680000,139684500,510,850,139725000,36045
3,3105,139725000,139729500,510,850,139770000,36056
3,3106,139770000,139774500,510,850,139815000,36068
3,3107,139815000,139819500,510,850,139860000,36078
3,3108,139860000,139864500,510,850,139905000,36091
3,3109,139905000,139909500,510,850,139950000,36102
3,311,13995000,13999500,510,850,14040000,3616
3,3110,139950000,139954500,510,850,139995000,36113
3,3111,139995000,139999500,510,850,140040000,36125
3,3112,140040000,140044500,510,850,140085000,36138
3,3113,140085000,140089500,510,850,140130000,36148
3,3114,140130000,140134500,510,850,140175000,36161
3,3115,140175000,140179500,510,850,140220000,36172
3,3116,140220000,140224500,510,850,140265000,36183
3,3117,140265000,140269500,510,850,140310000,36195
3,3118,140310000,140314500,510,850,140355000,36208
3,3119,140355000,140359500,510,850,140400000,36217
3,312,14040000,14044500,510,850,14085000,3629
3,3120,140400000,140404500,510,850,140445000,36230
3,3121,140445000,140449500,510,850,140490000,36241
3,3122,140490000,140494500,510,850,140535000,36254
3,3123,140535000,140539500,510,850,140580000,36264
3,3124,140580000,140584500,510,850,140625000,36276
3,3125,140625000,140629500,510,850,140670000,36288
3,3126,140670000,140674500,510,850,140715000,36300
3,3127,140715000,140719500,510,850,140760000,36311
3,3128,140760000,140764500,510,850,140805000,36324
3,3129,140805000,140809500,510,850,140850000,36334
3,313,14085000,14089500,510,850,14130000,3640
3,3130,140850000,140854500,510,850,140895000,36346
3,3131,140895000,140899500,510,850,140940000,36357
3,3132,140940000,140944500,510,850,140985000,36369
3,3133,140985000,140989500,510,850,141030000,36380
3,3134,141030000,141034500,510,850,141075000,36393
3,3135,141075000,141079500,510,850,141120000,36404
3,3136,141120000,141124500,510,850,141165000,36416
3,3137,141165000,141169500,510,850,141210000,36428
3,3138,141210000,141214500,510,850,141255000,36440
3,3139,141255000,141259500,510,850,141300000,36449
3,314,14130000,14134500,510,850,14175000,3653
3,3140,141300000,141304500,510,850,141345000,36462
3,3141,141345000,141349500,510,850,141390000,36473
3,3142,141390000,141394500,510,850,141435000,36485
3,3143,141435000,141439500,510,850,141480000,36497
3,3144,141480000,141484500,510,850,141525000,36509
3,3145,141525000,141529500,510,850,141570000,36520
3,3146,141570000,141574500,510,850,141615000,36533
3,3147,141615000,141619500,510,850,141660000,36543
3,3148,141660000,141664500,510,850,141705000,36556
3,3149,141705000,141709500,510,850,141750000,36565
3,315,14175000,14179500,510,850,14220000,3663
3,3150,141750000,141754500,510,850,141795000,36578
3,3151,141795000,141799500,510,850,141840000,36590
3,3152,141840000,141844500,510,850,141885000,36601
3,3153,141885000,141889500,510,850,141930000,36613
3,3154,141930000,141934500,510,850,141975000,36626
3,3155,141975000,141979500,510,850,142020000,36635
3,3156,142020000,142024500,510,850,142065000,36648
3,3157,142065000,142069500,510,850,142110000,36660
3,3158,142110000,142114500,510,850,142155000,36671
3,3159,142155000,142159500,510,850,142200000,36682
3,316,14220000,14224500,510,850,14265000,3675
3,3160,142200000,142204500,510,850,142245000,36695
3,3161,142245000,142249500,510,850,142290000,36706
3,3162,142290000,142294500,510,850,142335000,36718
3,3163,142335000,142339500,510,850,142380000,36728
3,3164,142380000,142384500,510,850,142425000,36741
3,3165,142425000,142429500,510,850,142470000,36752
3,3166,142470000,142474500,510,850,142515000,36764
3,3167,142515000,142519500,510,850,142560000,36776
3,3168,142560000,142564500,510,850,142605000,36788
3,3169,142605000,142609500,510,850,142650000,36798
3,317,14265000,14269500,510,850,14310000,3687
3,3170,142650000,142654500,510,850,142695000,36811
3,3171,142695000,142699500,510,850,142740000,36821
3,3172,142740000,142744500,510,850,142785000,36833
3,3173,142785000,142789500,510,850,142830000,36845
3,3174,142830000,142834500,510,850,142875000,36858
3,3175,142875000,142879500,510,850,142920000,36868
3,3176,142920000,142924500,510,850,142965000,36881
3,3177,142965000,142969500,510,850,143010000,36892
3,3178,143010000,143014500,510,850,143055000,36904
3,3179,143055000,143059500,510,850,143100000,36914
3,318,14310000,14314500,510,850,14355000,3699
3,3180,143100000,143104500,510,850,143145000,36926
3,3181,143145000,143149500,510,850,143190000,36937
3,3182,143190000,143194500,510,850,143235000,36950
3,3183,143235000,143239500,510,850,143280000,36961
3,3184,143280000,143284500,510,850,143325000,36973
3,3185,143325000,143329500,510,850,143370000,36985
3,3186,143370000,143374500,510,850,143415000,36997
3,3187,143415000,143419500,510,850,143460000,37008
3,3188,143460000,143464500,510,850,143505000,37020
3,3189,143505000,143509500,510,850,143550000,37030
3,319,14355000,14359500,510,850,14400000,3709
3,3190,143550000,143554500,510,850,143595000,37043
3,3191,143595000,143599500,510,850,143640000,37053
3,3192,143640000,143644500,510,850,143685000,37066
3,3193,143685000,143689500,510,850,143730000,37078
3,3194,143730000,143734500,510,850,143775000,37089
3,3195,143775000,143779500,510,850,143820000,37100
3,3196,143820000,143824500,510,850,143865000,37113
3,3197,143865000,143869500,510,850,143910000,37123
3,3198,143910000,143914500,510,850,143955000,37136
3,3199,143955000,143959500,510,850,144000000,37147
3,32,1440000,1444500,510,850,1485000,378
3,320,14400000,14404500,510,850,14445000,3722
3,3200,144000000,144004500,510,850,144045000,37159
3,3201,144045000,144049500,510,850,144090000,37170
3,3202,144090000,144094500,510,850,144135000,37183
3,3203,144135000,144139500,510,850,144180000,37193
3,3204,144180000,144184500,510,850,144225000,37205
3,3205,144225000,144229500,510,850,144270000,37216
3,3206,144270000,144274500,510,850,144315000,37229
3,3207,144315000,144319500,510,850,144360000,37240
3,3208,144360000,144364500,510,850,144405000,37252
3,3209,144405000,144409500,510,850,144450000,37263
3,321,14445000,14449500,510,850,14490000,3732
3,3210,144450000,144454500,510,850,144495000,37275
3,3211,144495000,144499500,510,850,144540000,37285
3,3212,144540000,144544500,510,850,144585000,37298
3,3213,144585000,144589500,510,850,144630000,37310
3,3214,144630000,144634500,510,850,144675000,37321
3,3215,144675000,144679500,510,850,144720000,37333
3,3216,144720000,144724500,510,850,144765000,37346
3,3217,144765000,144769500,510,850,144810000,37356
3,3218,144810000,144814500,510,850,144855000,37369
3,3219,144855000,144859500,510,850,144900000,37378
3,322,14490000,14494500,510,850,14535000,3745
3,3220,144900000,144904500,510,850,144945000,37390
3,3221,144945000,144949500,510,850,144990000,37402
3,3222,144990000,144994500,510,850,145035000,37414
3,3223,145035000,145039500,510,850,145080000,37425
3,3224,145080000,145084500,510,850,145125000,37438
3,3225,145125000,145129500,510,850,145170000,37449
3,3226,145170000,145174500,510,850,145215000,37462
3,3227,145215000,145219500,510,850,145260000,37472
3,3228,145260000,145264500,510,850,145305000,37484
3,3229,145305000,145309500,510,850,145350000,37495
3,323,14535000,14539500,510,850,14580000,3756
3,3230,145350000,145354500,510,850,145395000,37507
3,3231,145395000,145399500,510,850,145440000,37518
3,3232,145440000,145444500,510,850,145485000,37531
3,3233,145485000,145489500,510,850,145530000,37541
3,3234,145530000,145534500,510,850,145575000,37554
3,3235,145575000,145579500,510,850,145620000,37565
3,3236,145620000,145624500,510,850,145665000,37576
3,3237,145665000,145669500,510,850,145710000,37588
3,3238,145710000,145714500,510,850,145755000,37601
3,3239,145755000,145759500,510,850,145800000,37611
3,324,14580000,14584500,510,850,14625000,3767
3,3240,145800000,145804500,510,850,145845000,37623
3,3241,145845000,145849500,510,850,145890000,37635
3,3242,145890000,145894500,510,850,145935000,37647
3,3243,145935000,145939500,510,850,145980000,37657
3,3244,145980000,145984500,510,850,146025000,37670
3,3245,146025000,146029500,510,850,146070000,37681
3,3246,146070000,146074500,510,850,146115000,37693
3,3247,146115000,146119500,510,850,146160000,37704
3,3248,146160000,146164500,510,850,146205000,37717
3,3249,146205000,146209500,510,850,146250000,37727
3,325,14625000,14629500,510,850,14670000,3779
3,3250,146250000,146254500,510,850,146295000,37739
3,3251,146295000,146299500,510,850,146340000,37750
3,3252,146340000,146344500,510,850,146385000,37763
3,3253,146385000,146389500,510,850,146430000,37773
3,3254,146430000,146434500,510,850,146475000,37786
3,3255,146475000,146479500,510,850,146520000,37798
3,3256,146520000,146524500,510,850,146565000,37809
3,3257,146565000,146569500,510,850,146610000,37821
3,3258,146610000,146614500,510,850,146655000,37834
3,3259,146655000,146659500,510,850,146700000,37842
3,326,14670000,14674500,510,850,14715000,3792
3,3260,146700000,146704500,510,850,146745000,37855
3,3261,146745000,146749500,510,850,146790000,37866
3,3262,146790000,146794500,510,850,146835000,37878
3,3263,146835000,146839500,510,850,146880000,37890
3,3264,146880000,146884500,510,850,146925000,37902
3,3265,146925000,146929500,510,850,146970000,37914
3,3266,146970000,146974500,510,850,147015000,37926
3,3267,147015000,147019500,510,850,147060000,37936
3,3268,147060000,147064500,510,850,147105000,37949
3,3269,147105000,147109500,510,850,147150000,37959
3,327,14715000,14719500,510,850,14760000,3803
3,3270,147150000,147154500,510,850,147195000,37971
3,3271,147195000,147199500,510,850,147240000,37983
3,3272,147240000,147244500,510,850,147285000,37995
3,3273,147285000,147289500,510,850,147330000,38006
3,3274,147330000,147334500,510,850,147375000,38019
3,3275,147375000,147379500,510,850,147420000,38028
3,3276,147420000,147424500,510,850,147465000,38041
3,3277,147465000,147469500,510,850,147510000,38053
3,3278,147510000,147514500,510,850,147555000,38065
3,3279,147555000,147559500,510,850,147600000,38075
3,328,14760000,14764500,510,850,14805000,3815
3,3280,147600000,147604500,510,850,147645000,38088
3,3281,147645000,147649500,510,850,147690000,38099
3,3282,147690000,147694500,510,850,147735000,38111
3,3283,147735000,147739500,510,850,147780000,38122
3,3284,147780000,147784500,510,850,147825000,38134
3,3285,147825000,147829500,510,850,147870000,38145
3,3286,147870000,147874500,510,850,147915000,38158
3,3287,147915000,147919500,510,850,147960000,38169
3,3288,147960000,147964500,510,850,148005000,38181
3,3289,148005000,148009500,510,850,148050000,38191
3,329,14805000,14809500,510,850,14850000,3826
3,3290,148050000,148054500,510,850,148095000,38204
3,3291,148095000,148099500,510,850,148140000,38215
3,3292,148140000,148144500,510,850,148185000,38226
3,3293,148185000,148189500,510,850,148230000,38238
3,3294,148230000,148234500,510,850,148275000,38251
3,3295,148275000,148279500,510,850,148320000,38261
3,3296,148320000,148324500,510,850,148365000,38274
3,3297,148365000,148369500,510,850,148410000,38286
3,3298,148410000,148414500,510,850,148455000,38297
3,3299,148455000,148459500,510,850,148500000,38307
3,33,1485000,1489500,510,850,1530000,389
3,330,14850000,14854500,510,850,14895000,3838
3,3300,148500000,148504500,510,850,148545000,38320
3,3301,148545000,148549500,510,850,148590000,38330
3,3302,148590000,148594500,510,850,148635000,38343
3,3303,148635000,148639500,510,850,148680000,38354
3,3304,148680000,148684500,510,850,148725000,38367
3,3305,148725000,148729500,510,850,148770000,38378
3,3306,148770000,148774500,510,850,148815000,38390
3,3307,148815000,148819500,510,850,148860000,38401
3,3308,148860000,148864500,510,850,148905000,38413
3,3309,148905000,148909500,510,850,148950000,38423
3,331,14895000,14899500,510,850,14940000,3848
3,3310,148950000,148954500,510,850,148995000,38436
3,3311,148995000,148999500,510,850,149040000,38447
3,3312,149040000,149044500,510,850,149085000,38459
3,3313,149085000,149089500,510,850,149130000,38471
3,3314,149130000,149134500,510,850,149175000,38483
3,3315,149175000,149179500,510,850,149220000,38493
3,3316,149220000,149224500,510,850,149265000,38506
3,3317,149265000,149269500,510,850,149310000,38517
3,3318,149310000,149314500,510,850,149355000,38529
3,3319,149355000,149359500,510,850,149400000,38540
3,332,14940000,14944500,510,850,14985000,3861
3,3320,149400000,149404500,510,850,149445000,38552
3,3321,149445000,149449500,510,850,149490000,38563
3,3322,149490000,149494500,510,850,149535000,38576
3,3323,149535000,149539500,510,850,149580000,38586
3,3324,149580000,149584500,510,850,149625000,38598
3,3325,149625000,149629500,510,850,149670000,38610
3,3326,149670000,149674500,510,850,149715000,38622
3,3327,149715000,149719500,510,850,149760000,38633
3,3328,149760000,149764500,510,850,149805000,38646
3,3329,149805000,149809500,510,850,149850000,38656
3,333,14985000,14989500,510,850,15030000,3872
3,3330,149850000,149854500,510,850,149895000,38669
3,3331,149895000,149899500,510,850,149940000,38678
3,3332,149940000,149944500,510,850,149985000,38691
3,3333,149985000,149989500,510,850,150030000,38703
3,3334,150030000,150034500,510,850,150075000,38714
3,3335,150075000,150079500,510,850,150120000,38726
3,3336,150120000,150124500,510,850,150165000,38739
3,3337,150165000,150169500,510,850,150210000,38749
3,3338,150210000,150214500,510,850,150255000,38762
3,3339,150255000,150259500,510,850,150300000,38772
3,334,15030000,15034500,510,850,15075000,3884
3,3340,150300000,150304500,510,850,150345000,38783
3,3341,150345000,150349500,510,850,150390000,38795
3,3342,150390000,150394500,510,850,150435000,38808
3,3343,150435000,150439500,510,850,150480000,38819
3,3344,150480000,150484500,510,850,150525000,38831
3,3345,150525000,150529500,510,850,150570000,38842
3,3346,150570000,150574500,510,850,150615000,38855
3,3347,150615000,150619500,510,850,150660000,38865
3,3348,150660000,150664500,510,850,150705000,38877
3,3349,150705000,150709500,510,850,150750000,38888
3,335,15075000,15079500,510,850,15120000,3895
3,3350,150750000,150754500,510,850,150795000,38900
3,3351,150795000,150799500,510,850,150840000,38911
3,3352,150840000,150844500,510,850,150885000,38924
3,3353,150885000,150889500,510,850,150930000,38935
3,3354,150930000,150934500,510,850,150975000,38947
3,3355,150975000,150979500,510,850,151020000,38958
3,3356,151020000,151024500,510,850,151065000,38971
3,3357,151065000,151069500,510,850,151110000,38981
3,3358,151110000,151114500,510,850,151155000,38994
3,3359,151155000,151159500,510,850,151200000,39004
3,336,15120000,15124500,510,850,15165000,3908
3,3360,151200000,151204500,510,850,151245000,39016
3,3361,151245000,151249500,510,850,151290000,39028
3,3362,151290000,151294500,510,850,151335000,39040
3,3363,151335000,151339500,510,850,151380000,39050
3,3364,151380000,151384500,510,850,151425000,39063
3,3365,151425000,151429500,510,850,151470000,39074
3,3366,151470000,151474500,510,850,151515000,39086
3,3367,151515000,151519500,510,850,151560000,39098
3,3368,151560000,151564500,510,850,151605000,39110
3,3369,151605000,151609500,510,850,151650000,39121
3,337,15165000,15169500,510,850,15210000,3919
3,3370,151650000,151654500,510,850,151695000,39133
3,3371,151695000,151699500,510,850,151740000,39143
3,3372,151740000,151744500,510,850,151785000,39156
3,3373,151785000,151789500,510,850,151830000,39166
3,3374,151830000,151834500,510,850,151875000,39179
3,3375,151875000,151879500,510,850,151920000,39191
3,3376,151920000,151924500,510,850,151965000,39202
3,3377,151965000,151969500,510,850,152010000,39214
3,3378,152010000,152014500,510,850,152055000,39227
3,3379,152055000,152059500,510,850,152100000,39235
3,338,15210000,15214500,510,850,15255000,3931
3,3380,152100000,152104500,510,850,152145000,39248
3,3381,152145000,152149500,510,850,152190000,39260
3,3382,152190000,152194500,510,850,152235000,39272
3,3383,152235000,152239500,510,850,152280000,39283
3,3384,152280000,152284500,510,850,152325000,39296
3,3385,152325000,152329500,510,850,152370000,39307
3,3386,152370000,152374500,510,850,152415000,39319
3,3387,152415000,152419500,510,850,152460000,39329
3,3388,152460000,152464500,510,850,152505000,39342
3,3389,152505000,152509500,510,850,152550000,39352
3,339,15255000,15259500,510,850,15300000,3941
3,3390,152550000,152554500,510,850,152595000,39364
3,3391,152595000,152599500,510,850,152640000,39376
3,3392,152640000,152644500,510,850,152685000,39388
3,3393,152685000,152689500,510,850,152730000,39399
3,3394,152730000,152734500,510,850,152775000,39412
3,3395,152775000,152779500,510,850,152820000,39423
3,3396,152820000,152824500,510,850,152865000,39434
3,3397,152865000,152869500,510,850,152910000,39446
3,3398,152910000,152914500,510,850,152955000,39459
3,3399,152955000,152959500,510,850,153000000,39468
3,34,1530000,1534500,510,850,1575000,402
3,340,15300000,15304500,510,850,15345000,3954
3,3400,153000000,153004500,510,850,153045000,39481
3,3401,153045000,153049500,510,850,153090000,39492
3,3402,153090000,153094500,510,850,153135000,39504
3,3403,153135000,153139500,510,850,153180000,39515
3,3404,153180000,153184500,510,850,153225000,39527
3,3405,153225000,153229500,510,850,153270000,39538
3,3406,153270000,153274500,510,850,153315000,39551
3,3407,153315000,153319500,510,850,153360000,39562
3,3408,153360000,153364500,510,850,153405000,39575
3,3409,153405000,153409500,510,850,153450000,39585
3,341,15345000,15349500,510,850,15390000,3964
3,3410,153450000,153454500,510,850,153495000,39597
3,3411,153495000,153499500,510,850,153540000,39608
3,3412,153540000,153544500,510,850,153585000,39620
3,3413,153585000,153589500,510,850,153630000,39631
3,3414,153630000,153634500,510,850,153675000,39644
3,3415,153675000,153679500,510,850,153720000,39654
3,3416,153720000,153724500,510,850,153765000,39667
3,3417,153765000,153769500,510,850,153810000,39679
3,3418,153810000,153814500,510,850,153855000,39690
3,3419,153855000,153859500,510,850,153900000,39700
3,342,15390000,15394500,510,850,15435000,3977
3,3420,153900000,153904500,510,850,153945000,39713
3,3421,153945000,153949500,510,850,153990000,39724
3,3422,153990000,153994500,510,850,154035000,39736
3,3423,154035000,154039500,510,850,154080000,39748
3,3424,154080000,154084500,510,850,154125000,39760
3,3425,154125000,154129500,510,850,154170000,39771
3,3426,154170000,154174500,510,850,154215000,39784
3,3427,154215000,154219500,510,850,154260000,39794
3,3428,154260000,154264500,510,850,154305000,39806
3,3429,154305000,154309500,510,850,154350000,39816
3,343,15435000,15439500,510,850,15480000,3989
3,3430,154350000,154354500,510,850,154395000,39829
3,3431,154395000,154399500,510,850,154440000,39840
3,3432,154440000,154444500,510,850,154485000,39852
3,3433,154485000,154489500,510,850,154530000,39864
3,3434,154530000,154534500,510,850,154575000,39877
3,3435,154575000,154579500,510,850,154620000,39886
3,3436,154620000,154624500,510,850,154665000,39899
3,3437,154665000,154669500,510,850,154710000,39911
3,3438,154710000,154714500,510,850,154755000,39922
3,3439,154755000,154759500,510,850,154800000,39933
3,344,15480000,15484500,510,850,15525000,4000
3,3440,154800000,154804500,510,850,154845000,39946
3,3441,154845000,154849500,510,850,154890000,39956
3,3442,154890000,154894500,510,850,154935000,39969
3,3443,154935000,154939500,510,850,154980000,39979
3,3444,154980000,154984500,510,850,155025000,39991
3,3445,155025000,155029500,510,850,155070000,40003
3,3446,155070000,155074500,510,850,155115000,40015
3,3447,155115000,155119500,510,850,155160000,40027
3,3448,155160000,155164500,510,850,155205000,40039
3,3449,155205000,155209500,510,850,155250000,40049
3,345,15525000,15529500,510,850,15570000,4012
3,3450,155250000,155254500,510,850,155295000,40062
3,3451,155295000,155299500,510,850,155340000,40072
3,3452,155340000,155344500,510,850,155385000,40084
3,3453,155385000,155389500,510,850,155430000,40096
3,3454,155430000,155434500,510,850,155475000,40108
3,3455,155475000,155479500,510,850,155520000,40119
3,3456,155520000,155524500,510,850,155565000,40132
3,3457,155565000,155569500,510,850,155610000,40142
3,3458,155610000,155614500,510,850,155655000,40155
3,3459,155655000,155659500,510,850,155700000,40165
3,346,15570000,15574500,510,850,15615000,4025
3,3460,155700000,155704500,510,850,155745000,40177
3,3461,155745000,155749500,510,850,155790000,40188
3,3462,155790000,155794500,510,850,155835000,40201
3,3463,155835000,155839500,510,850,155880000,40212
3,3464,155880000,155884500,510,850,155925000,40224
3,3465,155925000,155929500,510,850,155970000,40236
3,3466,155970000,155974500,510,850,156015000,40248
3,3467,156015000,156019500,510,850,156060000,40258
3,3468,156060000,156064500,510,850,156105000,40271
3,3469,156105000,156109500,510,850,156150000,40281
3,347,15615000,15619500,510,850,15660000,4034
3,3470,156150000,156154500,510,850,156195000,40293
3,3471,156195000,156199500,510,850,156240000,40304
3,3472,156240000,156244500,510,850,156285000,40317
3,3473,156285000,156289500,510,850,156330000,40329
3,3474,156330000,156334500,510,850,156375000,40340
3,3475,156375000,156379500,510,850,156420000,40351
3,3476,156420000,156424500,510,850,156465000,40364
3,3477,156465000,156469500,510,850,156510000,40374
3,3478,156510000,156514500,510,850,156555000,40387
3,3479,156555000,156559500,510,850,156600000,40398
3,348,15660000,15664500,510,850,15705000,4047
3,3480,156600000,156604500,510,850,156645000,40409
3,3481,156645000,156649500,510,850,156690000,40421
3,3482,156690000,156694500,510,850,156735000,40434
3,3483,156735000,156739500,510,850,156780000,40443
3,3484,156780000,156784500,510,850,156825000,40456
3,3485,156825000,156829500,510,850,156870000,40467
3,3486,156870000,156874500,510,850,156915000,40480
3,3487,156915000,156919500,510,850,156960000,40491
3,3488,156960000,156964500,510,850,157005000,40503
3,3489,157005000,157009500,510,850,157050000,40514
3,349,15705000,15709500,510,850,15750000,4057
3,3490,157050000,157054500,510,850,157095000,40526
3,3491,157095000,157099500,510,850,157140000,40536
3,3492,157140000,157144500,510,850,157185000,40549
3,3493,157185000,157189500,510,850,157230000,40560
3,3494,157230000,157234500,510,850,157275000,40572
3,3495,157275000,157279500,510,850,157320000,40584
3,3496,157320000,157324500,510,850,157365000,40596
3,3497,157365000,157369500,510,850,157410000,40607
3,3498,157410000,157414500,510,850,157455000,40620
3,3499,157455000,157459500,510,850,157500000,40629
3,35,1575000,1579500,510,850,1620000,412
3,350,15750000,15754500,510,850,15795000,4069
3,3500,157500000,157504500,510,850,157545000,40641
3,3501,157545000,157549500,510,850,157590000,40653
3,3502,157590000,157594500,510,850,157635000,40665
3,3503,157635000,157639500,510,850,157680000,40676
3,3504,157680000,157684500,510,850,157725000,40689
3,3505,157725000,157729500,510,850,157770000,40700
3,3506,157770000,157774500,510,850,157815000,40712
3,3507,157815000,157819500,510,850,157860000,40723
3,3508,157860000,157864500,510,850,157905000,40735
3,3509,157905000,157909500,510,850,157950000,40745
3,351,15795000,15799500,510,850,15840000,4081
3,3510,157950000,157954500,510,850,157995000,40758
3,3511,157995000,157999500,510,850,158040000,40769
3,3512,158040000,158044500,510,850,158085000,40782
3,3513,158085000,158089500,510,850,158130000,40792
3,3514,158130000,158134500,510,850,158175000,40805
3,3515,158175000,158179500,510,850,158220000,40816
3,3516,158220000,158224500,510,850,158265000,40827
3,3517,158265000,158269500,510,850,158310000,40839
3,3518,158310000,158314500,510,850,158355000,40852
3,3519,158355000,158359500,510,850,158400000,40861
3,352,15840000,15844500,510,850,15885000,4093
3,3520,158400000,158404500,510,850,158445000,40874
3,3521,158445000,158449500,510,850,158490000,40886
3,3522,158490000,158494500,510,850,158535000,40897
3,3523,158535000,158539500,510,850,158580000,40908
3,3524,158580000,158584500,510,850,158625000,40921
3,3525,158625000,158629500,510,850,158670000,40932
3,3526,158670000,158674500,510,850,158715000,40944
3,3527,158715000,158719500,510,850,158760000,40955
3,3528,158760000,158764500,510,850,158805000,40968
3,3529,158805000,158809500,510,850,158850000,40978
3,353,15885000,15889500,510,850,15930000,4105
3,3530,158850000,158854500,510,850,158895000,40990
3,3531,158895000,158899500,510,850,158940000,41001
3,3532,158940000,158944500,510,850,158985000,41013
3,3533,158985000,158989500,510,850,159030000,41024
3,3534,159030000,159034500,510,850,159075000,41037
3,3535,159075000,159079500,510,850,159120000,41048
3,3536,159120000,159124500,510,850,159165000,41060
3,3537,159165000,159169500,510,850,159210000,41072
3,3538,159210000,159214500,510,850,159255000,41085
3,3539,159255000,159259500,510,850,159300000,41093
3,354,15930000,15934500,510,850,15975000,4117
3,3540,159300000,159304500,510,850,159345000,41106
3,3541,159345000,159349500,510,850,159390000,41117
3,3542,159390000,159394500,510,850,159435000,41129
3,3543,159435000,159439500,510,850,159480000,41141
3,3544,159480000,159484500,510,850,159525000,41153
3,3545,159525000,159529500,510,850,159570000,41164
3,3546,159570000,159574500,510,850,159615000,41177
3,3547,159615000,159619500,510,850,159660000,41187
3,3548,159660000,159664500,510,850,159705000,41199
3,3549,159705000,159709500,510,850,159750000,41210
3,355,15975000,15979500,510,850,16020000,4127
3,3550,159750000,159754500,510,850,159795000,41222
3,3551,159795000,159799500,510,850,159840000,41234
3,3552,159840000,159844500,510,850,159885000,41246
3,3553,159885000,159889500,510,850,159930000,41257
3,3554,159930000,159934500,510,850,159975000,41270
3,3555,159975000,159979500,510,850,160020000,41279
3,3556,160020000,160024500,510,850,160065000,41292
3,3557,160065000,160069500,510,850,160110000,41304
3,3558,160110000,160114500,510,850,160155000,41315
3,3559,160155000,160159500,510,850,160200000,41326
3,356,16020000,16024500,510,850,16065000,4140
3,3560,160200000,160204500,510,850,160245000,41339
3,3561,160245000,160249500,510,850,160290000,41349
3,3562,160290000,160294500,510,850,160335000,41362
3,3563,160335000,160339500,510,850,160380000,41373
3,3564,160380000,160384500,510,850,160425000,41385
3,3565,160425000,160429500,510,850,160470000,41396
3,3566,160470000,160474500,510,850,160515000,41409
3,3567,160515000,160519500,510,850,160560000,41420
3,3568,160560000,160564500,510,850,160605000,41432
3,3569,160605000,160609500,510,850,160650000,41442
3,357,16065000,16069500,510,850,16110000,4151
3,3570,160650000,160654500,510,850,160695000,41455
3,3571,160695000,160699500,510,850,160740000,41465
3,3572,160740000,160744500,510,850,160785000,41477
3,3573,160785000,160789500,510,850,160830000,41489
3,3574,160830000,160834500,510,850,160875000,41501
3,3575,160875000,160879500,510,850,160920000,41512
3,3576,160920000,160924500,510,850,160965000,41525
3,3577,160965000,160969500,510,850,161010000,41537
3,3578,161010000,161014500,510,850,161055000,41548
3,3579,161055000,161059500,510,850,161100000,41558
3,358,16110000,16114500,510,850,16155000,4163
3,3580,161100000,161104500,510,850,161145000,41571
3,3581,161145000,161149500,510,850,161190000,41581
3,3582,161190000,161194500,510,850,161235000,41594
3,3583,161235000,161239500,510,850,161280000,41605
3,3584,161280000,161284500,510,850,161325000,41617
3,3585,161325000,161329500,510,850,161370000,41629
3,3586,161370000,161374500,510,850,161415000,41641
3,3587,161415000,161419500,510,850,161460000,41651
3,3588,161460000,161464500,510,850,161505000,41664
3,3589,161505000,161509500,510,850,161550000,41674
3,359,16155000,16159500,510,850,16200000,4174
3,3590,161550000,161554500,510,850,161595000,41687
3,3591,161595000,161599500,510,850,161640000,41698
3,3592,161640000,161644500,510,850,161685000,41710
3,3593,161685000,161689500,510,850,161730000,41722
3,3594,161730000,161734500,510,850,161775000,41734
3,3595,161775000,161779500,510,850,161820000,41744
3,3596,161820000,161824500,510,850,161865000,41757
3,3597,161865000,161869500,510,850,161910000,41767
3,3598,161910000,161914500,510,850,161955000,41780
3,3599,161955000,161959500,510,850,162000000,41791
3,36,1620000,1624500,510,850,1665000,424
3,360,16200000,16204500,510,850,16245000,4186
3,3600,162000000,162004500,510,850,162045000,41802
3,3601,162045000,162049500,510,850,162090000,41814
3,3602,162090000,162094500,510,850,162135000,41827
3,3603,162135000,162139500,510,850,162180000,41837
3,3604,162180000,162184500,510,850,162225000,41849
3,3605,162225000,162229500,510,850,162270000,41861
3,3606,162270000,162274500,510,850,162315000,41873
3,3607,162315000,162319500,510,850,162360000,41884
3,3608,162360000,162364500,510,850,162405000,41897
3,3609,162405000,162409500,510,850,162450000,41907
3,361,16245000,16249500,510,850,16290000,4197
3,3610,162450000,162454500,510,850,162495000,41919
3,3611,162495000,162499500,510,850,162540000,41929
3,3612,162540000,162544500,510,850,162585000,41942
3,3613,162585000,162589500,510,850,162630000,41953
3,3614,162630000,162634500,510,850,162675000,41965
3,3615,162675000,162679500,510,850,162720000,41977
3,3616,162720000,162724500,510,850,162765000,41990
3,3617,162765000,162769500,510,850,162810000,42000
3,3618,162810000,162814500,510,850,162855000,42013
3,3619,162855000,162859500,510,850,162900000,42023
3,362,16290000,16294500,510,850,16335000,4210
3,3620,162900000,162904500,510,850,162945000,42034
3,3621,162945000,162949500,510,850,162990000,42046
3,3622,162990000,162994500,510,850,163035000,42059
3,3623,163035000,163039500,510,850,163080000,42069
3,3624,163080000,163084500,510,850,163125000,42082
3,3625,163125000,163129500,510,850,163170000,42093
3,3626,163170000,163174500,510,850,163215000,42105
3,3627,163215000,163219500,510,850,163260000,42116
3,3628,163260000,163264500,510,850,163305000,42128
3,3629,163305000,163309500,510,850,163350000,42139
3,363,16335000,16339500,510,850,16380000,4219
3,3630,163350000,163354500,510,850,163395000,42151
3,3631,163395000,163399500,510,850,163440000,42162
3,3632,163440000,163444500,510,850,163485000,42175
3,3633,163485000,163489500,510,850,163530000,42186
3,3634,163530000,163534500,510,850,163575000,42198
3,3635,163575000,163579500,510,850,163620000,42209
3,3636,163620000,163624500,510,850,163665000,42221
3,3637,163665000,163669500,510,850,163710000,42232
3,3638,163710000,163714500,510,850,163755000,42245
3,3639,163755000,163759500,510,850,163800000,42254
3,364,16380000,16384500,510,850,16425000,4232
3,365,16425000,16429500,510,850,16470000,4244
3,366,16470000,16474500,510,850,16515000,4256
3,367,16515000,16519500,510,850,16560000,4267
3,368,16560000,16564500,510,850,16605000,4280
3,369,16605000,16609500,510,850,16650000,4290
3,37,1665000,1669500,510,850,1710000,436
3,370,16650000,16654500,510,850,16695000,4302
3,371,16695000,16699500,510,850,16740000,4313
3,372,16740000,16744500,510,850,16785000,4325
3,373,16785000,16789500,510,850,16830000,4336
3,374,16830000,16834500,510,850,16875000,4349
3,375,16875000,16879500,510,850,16920000,4360
3,376,16920000,16924500,510,850,16965000,4372
3,377,16965000,16969500,510,850,17010000,4383
3,378,17010000,17014500,510,850,17055000,4396
3,379,17055000,17059500,510,850,17100000,4406
3,38,1710000,1714500,510,850,1755000,448
3,380,17100000,17104500,510,850,17145000,4417
3,381,17145000,17149500,510,850,17190000,4429
3,382,17190000,17194500,510,850,17235000,4442
3,383,17235000,17239500,510,850,17280000,4452
3,384,17280000,17284500,510,850,17325000,4465
3,385,17325000,17329500,510,850,17370000,4477
3,386,17370000,17374500,510,850,17415000,4488
3,387,17415000,17419500,510,850,17460000,4499
3,388,17460000,17464500,510,850,17505000,4512
3,389,17505000,17509500,510,850,17550000,4521
3,39,1755000,1759500,510,850,1800000,458
3,390,17550000,17554500,510,850,17595000,4534
3,391,17595000,17599500,510,850,17640000,4545
3,392,17640000,17644500,510,850,17685000,4558
3,393,17685000,17689500,510,850,17730000,4569
3,394,17730000,17734500,510,850,17775000,4581
3,395,17775000,17779500,510,850,17820000,4592
3,396,17820000,17824500,510,850,17865000,4604
3,397,17865000,17869500,510,850,17910000,4615
3,398,17910000,17914500,510,850,17955000,4628
3,399,17955000,17959500,510,850,18000000,4638
3,4,180000,184500,510,850,225000,53
3,40,1800000,1804500,510,850,1845000,471
3,400,18000000,18004500,510,850,18045000,4650
3,401,18045000,18049500,510,850,18090000,4662
3,402,18090000,18094500,510,850,18135000,4674
3,403,18135000,18139500,510,850,18180000,4684
3,404,18180000,18184500,510,850,18225000,4697
3,405,18225000,18229500,510,850,18270000,4708
3,406,18270000,18274500,510,850,18315000,4720
3,407,18315000,18319500,510,850,18360000,4732
3,408,18360000,18364500,510,850,18405000,4744
3,409,18405000,18409500,510,850,18450000,4754
3,41,1845000,1849500,510,850,1890000,482
3,410,18450000,18454500,510,850,18495000,4767
3,411,18495000,18499500,510,850,18540000,4777
3,412,18540000,18544500,510,850,18585000,4789
3,413,18585000,18589500,510,850,18630000,4801
3,414,18630000,18634500,510,850,18675000,4813
3,415,18675000,18679500,510,850,18720000,4824
3,416,18720000,18724500,510,850,18765000,4837
3,417,18765000,18769500,510,850,18810000,4848
3,418,18810000,18814500,510,850,18855000,4861
3,419,18855000,18859500,510,850,18900000,4869
3,42,1890000,1894500,510,850,1935000,494
3,420,18900000,18904500,510,850,18945000,4882
3,421,18945000,18949500,510,850,18990000,4894
3,422,18990000,18994500,510,850,19035000,4905
3,423,19035000,19039500,510,850,19080000,4917
3,424,19080000,19084500,510,850,19125000,4930
3,425,19125000,19129500,510,850,19170000,4940
3,426,19170000,19174500,510,850,19215000,4953
3,427,19215000,19219500,510,850,19260000,4964
3,428,19260000,19264500,510,850,19305000,4975
3,429,19305000,19309500,510,850,19350000,4986
3,43,1935000,1939500,510,850,1980000,505
3,430,19350000,19354500,510,850,19395000,4999
3,431,19395000,19399500,510,850,19440000,5010
3,432,19440000,19444500,510,850,19485000,5022
3,433,19485000,19489500,510,850,19530000,5033
3,434,19530000,19534500,510,850,19575000,5046
3,435,19575000,19579500,510,850,19620000,5056
3,436,19620000,19624500,510,850,19665000,5068
3,437,19665000,19669500,510,850,19710000,5080
3,438,19710000,19714500,510,850,19755000,5092
3,439,19755000,19759500,510,850,19800000,5102
3,44,1980000,1984500,510,850,2025000,517
3,440,19800000,19804500,510,850,19845000,5115
3,441,19845000,19849500,510,850,19890000,5126
3,442,19890000,19894500,510,850,19935000,5138
3,443,19935000,19939500,510,850,19980000,5149
3,444,19980000,19984500,510,850,20025000,5162
3,445,20025000,20029500,510,850,20070000,5172
3,446,20070000,20074500,510,850,20115000,5185
3,447,20115000,20119500,510,850,20160000,5196
3,448,20160000,20164500,510,850,20205000,5208
3,449,20205000,20209500,510,850,20250000,5219
3,45,2025000,2029500,510,850,2070000,528
3,450,20250000,20254500,510,850,20295000,5231
3,451,20295000,20299500,510,850,20340000,5241
3,452,20340000,20344500,510,850,20385000,5254
3,453,20385000,20389500,510,850,20430000,5265
3,454,20430000,20434500,510,850,20475000,5277
3,455,20475000,20479500,510,850,20520000,5289
3,456,20520000,20524500,510,850,20565000,5301
3,457,20565000,20569500,510,850,20610000,5313
3,458,20610000,20614500,510,850,20655000,5325
3,459,20655000,20659500,510,850,20700000,5334
3,46,2070000,2074500,510,850,2115000,541
3,460,20700000,20704500,510,850,20745000,5347
3,461,20745000,20749500,510,850,20790000,5357
3,462,20790000,20794500,510,850,20835000,5370
3,463,20835000,20839500,510,850,20880000,5382
3,464,20880000,20884500,510,850,20925000,5393
3,465,20925000,20929500,510,850,20970000,5405
3,466,20970000,20974500,510,850,21015000,5418
3,467,21015000,21019500,510,850,21060000,5427
3,468,21060000,21064500,510,850,21105000,5440
3,469,21105000,21109500,510,850,21150000,5451
3,47,2115000,2119500,510,850,2160000,552
3,470,21150000,21154500,510,850,21195000,5463
3,471,21195000,21199500,510,850,21240000,5474
3,472,21240000,21244500,510,850,21285000,5487
3,473,21285000,21289500,510,850,21330000,5498
3,474,21330000,21334500,510,850,21375000,5510
3,475,21375000,21379500,510,850,21420000,5520
3,476,21420000,21424500,510,850,21465000,5533
3,477,21465000,21469500,510,850,21510000,5544
3,478,21510000,21514500,510,850,21555000,5556
3,479,21555000,21559500,510,850,21600000,5567
3,48,2160000,2164500,510,850,2205000,564
3,480,21600000,21604500,510,850,21645000,5579
3,481,21645000,21649500,510,850,21690000,5590
3,482,21690000,21694500,510,850,21735000,5603
3,483,21735000,21739500,510,850,21780000,5614
3,484,21780000,21784500,510,850,21825000,5625
3,485,21825000,21829500,510,850,21870000,5637
3,486,21870000,21874500,510,850,21915000,5650
3,487,21915000,21919500,510,850,21960000,5660
3,488,21960000,21964500,510,850,22005000,5673
3,489,22005000,22009500,510,850,22050000,5683
3,49,2205000,2209500,510,850,2250000,575
3,490,22050000,22054500,510,850,22095000,5695
3,491,22095000,22099500,510,850,22140000,5706
3,492,22140000,22144500,510,850,22185000,5718
3,493,22185000,22189500,510,850,22230000,5729
3,494,22230000,22234500,510,850,22275000,5742
3,495,22275000,22279500,510,850,22320000,5753
3,496,22320000,22324500,510,850,22365000,5766
3,497,22365000,22369500,510,850,22410000,5777
3,498,22410000,22414500,510,850,22455000,5789
3,499,22455000,22459500,510,850,22500000,5799
3,5,225000,229500,510,850,270000,64
3,50,2250000,2254500,510,850,2295000,587
3,500,22500000,22504500,510,850,22545000,5811
3,501,22545000,22549500,510,850,22590000,5822
3,502,22590000,22594500,510,850,22635000,5835
3,503,22635000,22639500,510,850,22680000,5845
3,504,22680000,22684500,510,850,22725000,5858
3,505,22725000,22729500,510,850,22770000,5870
3,506,22770000,22774500,510,850,22815000,5881
3,507,22815000,22819500,510,850,22860000,5892
3,508,22860000,22864500,510,850,22905000,5905
3,509,22905000,22909500,510,850,22950000,5915
3,51,2295000,2299500,510,850,2340000,597
3,510,22950000,22954500,510,850,22995000,5927
3,511,22995000,22999500,510,850,23040000,5939
3,512,23040000,23044500,510,850,23085000,5951
3,513,23085000,23089500,510,850,23130000,5962
3,514,23130000,23134500,510,850,23175000,5975
3,515,23175000,23179500,510,850,23220000,5985
3,516,23220000,23224500,510,850,23265000,5997
3,517,23265000,23269500,510,850,23310000,6008
3,518,23310000,23314500,510,850,23355000,6021
3,519,23355000,23359500,510,850,23400000,6031
3,52,2340000,2344500,510,850,2385000,610
3,520,23400000,23404500,510,850,23445000,6043
3,521,23445000,23449500,510,850,23490000,6055
3,522,23490000,23494500,510,850,23535000,6068
3,523,23535000,23539500,510,850,23580000,6077
3,524,23580000,23584500,510,850,23625000,6090
3,525,23625000,23629500,510,850,23670000,6102
3,526,23670000,23674500,510,850,23715000,6113
3,527,23715000,23719500,510,850,23760000,6125
3,528,23760000,23764500,510,850,23805000,6138
3,529,23805000,23809500,510,850,23850000,6147
3,53,2385000,2389500,510,850,2430000,621
3,530,23850000,23854500,510,850,23895000,6160
3,531,23895000,23899500,510,850,23940000,6170
3,532,23940000,23944500,510,850,23985000,6182
3,533,23985000,23989500,510,850,24030000,6194
3,534,24030000,24034500,510,850,24075000,6206
3,535,24075000,24079500,510,850,24120000,6218
3,536,24120000,24124500,510,850,24165000,6230
3,537,24165000,24169500,510,850,24210000,6241
3,538,24210000,24214500,510,850,24255000,6254
3,539,24255000,24259500,510,850,24300000,6263
3,54,2430000,2434500,510,850,2475000,634
3,540,24300000,24304500,510,850,24345000,6275
3,541,24345000,24349500,510,850,24390000,6287
3,542,24390000,24394500,510,850,24435000,6299
3,543,24435000,24439500,510,850,24480000,6310
3,544,24480000,24484500,510,850,24525000,6323
3,545,24525000,24529500,510,850,24570000,6333
3,546,24570000,24574500,510,850,24615000,6346
3,547,24615000,24619500,510,850,24660000,6357
3,548,24660000,24664500,510,850,24705000,6369
3,549,24705000,24709500,510,850,24750000,6379
3,55,2475000,2479500,510,850,2520000,644
3,550,24750000,24754500,510,850,24795000,6392
3,551,24795000,24799500,510,850,24840000,6403
3,552,24840000,24844500,510,850,24885000,6415
3,553,24885000,24889500,510,850,24930000,6427
3,554,24930000,24934500,510,850,24975000,6439
3,555,24975000,24979500,510,850,25020000,6449
3,556,25020000,25024500,510,850,25065000,6462
3,557,25065000,25069500,510,850,25110000,6473
3,558,25110000,25114500,510,850,25155000,6485
3,559,25155000,25159500,510,850,25200000,6495
3,56,2520000,2524500,510,850,2565000,657
3,560,25200000,25204500,510,850,25245000,6508
3,561,25245000,25249500,510,850,25290000,6520
3,562,25290000,25294500,510,850,25335000,6531
3,563,25335000,25339500,510,850,25380000,6542
3,564,25380000,25384500,510,850,25425000,6555
3,565,25425000,25429500,510,850,25470000,6565
3,566,25470000,25474500,510,850,25515000,6578
3,567,25515000,25519500,510,850,25560000,6590
3,568,25560000,25564500,510,850,25605000,6601
3,569,25605000,25609500,510,850,25650000,6612
3,57,2565000,2569500,510,850,2610000,669
3,570,25650000,25654500,510,850,25695000,6625
3,571,25695000,25699500,510,850,25740000,6634
3,572,25740000,25744500,510,850,25785000,6647
3,573,25785000,25789500,510,850,25830000,6658
3,574,25830000,25834500,510,850,25875000,6671
3,575,25875000,25879500,510,850,25920000,6682
3,576,25920000,25924500,510,850,25965000,6694
3,577,25965000,25969500,510,850,26010000,6706
3,578,26010000,26014500,510,850,26055000,6718
3,579,26055000,26059500,510,850,26100000,6727
3,58,2610000,2614500,510,850,2655000,680
3,580,26100000,26104500,510,850,26145000,6740
3,581,26145000,26149500,510,850,26190000,6751
3,582,26190000,26194500,510,850,26235000,6763
3,583,26235000,26239500,510,850,26280000,6775
3,584,26280000,26284500,510,850,26325000,6787
3,585,26325000,26329500,510,850,26370000,6798
3,586,26370000,26374500,510,850,26415000,6811
3,587,26415000,26419500,510,850,26460000,6821
3,588,26460000,26464500,510,850,26505000,6833
3,589,26505000,26509500,510,850,26550000,6844
3,59,2655000,2659500,510,850,2700000,690
3,590,26550000,26554500,510,850,26595000,6856
3,591,26595000,26599500,510,850,26640000,6867
3,592,26640000,26644500,510,850,26685000,6880
3,593,26685000,26689500,510,850,26730000,6891
3,594,26730000,26734500,510,850,26775000,6903
3,595,26775000,26779500,510,850,26820000,6914
3,596,26820000,26824500,510,850,26865000,6926
3,597,26865000,26869500,510,850,26910000,6937
3,598,26910000,26914500,510,850,26955000,6950
3,599,26955000,26959500,510,850,27000000,6960
3,6,270000,274500,510,850,315000,76
3,60,2700000,2704500,510,850,2745000,703
3,600,27000000,27004500,510,850,27045000,6973
3,601,27045000,27049500,510,850,27090000,6983
3,602,27090000,27094500,510,850,27135000,6996
3,603,27135000,27139500,510,850,27180000,7007
3,604,27180000,27184500,510,850,27225000,7018
3,605,27225000,27229500,510,850,27270000,7030
3,606,27270000,27274500,510,850,27315000,7043
3,607,27315000,27319500,510,850,27360000,7053
3,608,27360000,27364500,510,850,27405000,7066
3,609,27405000,27409500,510,850,27450000,7077
3,61,2745000,2749500,510,850,2790000,713
3,610,27450000,27454500,510,850,27495000,7088
3,611,27495000,27499500,510,850,27540000,7099
3,612,27540000,27544500,510,850,27585000,7112
3,613,27585000,27589500,510,850,27630000,7123
3,614,27630000,27634500,510,850,27675000,7135
3,615,27675000,27679500,510,850,27720000,7146
3,616,27720000,27724500,510,850,27765000,7159
3,617,27765000,27769500,510,850,27810000,7170
3,618,27810000,27814500,510,850,27855000,7182
3,619,27855000,27859500,510,850,27900000,7192
3,62,2790000,2794500,510,850,2835000,726
3,620,27900000,27904500,510,850,27945000,7204
3,621,27945000,27949500,510,850,27990000,7215
3,622,27990000,27994500,510,850,28035000,7228
3,623,28035000,28039500,510,850,28080000,7239
3,624,28080000,28084500,510,850,28125000,7251
3,625,28125000,28129500,510,850,28170000,7263
3,626,28170000,28174500,510,850,28215000,7276
3,627,28215000,28219500,510,850,28260000,7285
3,628,28260000,28264500,510,850,28305000,7298
3,629,28305000,28309500,510,850,28350000,7308
3,63,2835000,2839500,510,850,2880000,738
3,630,28350000,28354500,510,850,28395000,7320
3,631,28395000,28399500,510,850,28440000,7332
3,632,28440000,28444500,510,850,28485000,7344
3,633,28485000,28489500,510,850,28530000,7355
3,634,28530000,28534500,510,850,28575000,7368
3,635,28575000,28579500,510,850,28620000,7378
3,636,28620000,28624500,510,850,28665000,7390
3,637,28665000,28669500,510,850,28710000,7402
3,638,28710000,28714500,510,850,28755000,7414
3,639,28755000,28759500,510,850,28800000,7425
3,64,2880000,2884500,510,850,2925000,749
3,640,28800000,28804500,510,850,28845000,7437
3,641,28845000,28849500,510,850,28890000,7448
3,642,28890000,28894500,510,850,28935000,7461
3,643,28935000,28939500,510,850,28980000,7470
3,644,28980000,28984500,510,850,29025000,7483
3,645,29025000,29029500,510,850,29070000,7495
3,646,29070000,29074500,510,850,29115000,7506
3,647,29115000,29119500,510,850,29160000,7518
3,648,29160000,29164500,510,850,29205000,7531
3,649,29205000,29209500,510,850,29250000,7540
3,65,2925000,2929500,510,850,2970000,761
3,650,29250000,29254500,510,850,29295000,7553
3,651,29295000,29299500,510,850,29340000,7564
3,652,29340000,29344500,510,850,29385000,7576
3,653,29385000,29389500,510,850,29430000,7587
3,654,29430000,29434500,510,850,29475000,7600
3,655,29475000,29479500,510,850,29520000,7611
3,656,29520000,29524500,510,850,29565000,7623
3,657,29565000,29569500,510,850,29610000,7634
3,658,29610000,29614500,510,850,29655000,7647
3,659,29655000,29659500,510,850,29700000,7656
3,66,2970000,2974500,510,850,3015000,774
3,660,29700000,29704500,510,850,29745000,7668
3,661,29745000,29749500,510,850,29790000,7680
3,662,29790000,29794500,510,850,29835000,7692
3,663,29835000,29839500,510,850,29880000,7703
3,664,29880000,29884500,510,850,29925000,7716
3,665,29925000,29929500,510,850,29970000,7728
3,666,29970000,29974500,510,850,30015000,7739
3,667,30015000,30019500,510,850,30060000,7750
3,668,30060000,30064500,510,850,30105000,7763
3,669,30105000,30109500,510,850,30150000,7772
3,67,3015000,3019500,510,850,3060000,784
3,670,30150000,30154500,510,850,30195000,7785
3,671,30195000,30199500,510,850,30240000,7796
3,672,30240000,30244500,510,850,30285000,7808
3,673,30285000,30289500,510,850,30330000,7820
3,674,30330000,30334500,510,850,30375000,7832
3,675,30375000,30379500,510,850,30420000,7842
3,676,30420000,30424500,510,850,30465000,7855
3,677,30465000,30469500,510,850,30510000,7866
3,678,30510000,30514500,510,850,30555000,7879
3,679,30555000,30559500,510,850,30600000,7889
3,68,3060000,3064500,510,850,3105000,796
3,680,30600000,30604500,510,850,30645000,7901
3,681,30645000,30649500,510,850,30690000,7913
3,682,30690000,30694500,510,850,30735000,7925
3,683,30735000,30739500,510,850,30780000,7935
3,684,30780000,30784500,510,850,30825000,7948
3,685,30825000,30829500,510,850,30870000,7958
3,686,30870000,30874500,510,850,30915000,7971
3,687,30915000,30919500,510,850,30960000,7983
3,688,30960000,30964500,510,850,31005000,7994
3,689,31005000,31009500,510,850,31050000,8005
3,69,3105000,3109500,510,850,3150000,806
3,690,31050000,31054500,510,850,31095000,8018
3,691,31095000,31099500,510,850,31140000,8028
3,692,31140000,31144500,510,850,31185000,8040
3,693,31185000,31189500,510,850,31230000,8052
3,694,31230000,31234500,510,850,31275000,8064
3,695,31275000,31279500,510,850,31320000,8075
3,696,31320000,31324500,510,850,31365000,8088
3,697,31365000,31369500,510,850,31410000,8099
3,698,31410000,31414500,510,850,31455000,8111
3,699,31455000,31459500,510,850,31500000,8120
3,7,315000,319500,510,850,360000,88
3,70,3150000,3154500,510,850,3195000,819
3,700,31500000,31504500,510,850,31545000,8133
3,701,31545000,31549500,510,850,31590000,8144
3,702,31590000,31594500,510,850,31635000,8156
3,703,31635000,31639500,510,850,31680000,8168
3,704,31680000,31684500,510,850,31725000,8181
3,705,31725000,31729500,510,850,31770000,8191
3,706,31770000,31774500,510,850,31815000,8204
3,707,31815000,31819500,510,850,31860000,8215
3,708,31860000,31864500,510,850,31905000,8226
3,709,31905000,31909500,510,850,31950000,8237
3,71,3195000,3199500,510,850,3240000,830
3,710,31950000,31954500,510,850,31995000,8250
3,711,31995000,31999500,510,850,32040000,8260
3,712,32040000,32044500,510,850,32085000,8273
3,713,32085000,32089500,510,850,32130000,8284
3,714,32130000,32134500,510,850,32175000,8296
3,715,32175000,32179500,510,850,32220000,8307
3,716,32220000,32224500,510,850,32265000,8319
3,717,32265000,32269500,510,850,32310000,8331
3,718,32310000,32314500,510,850,32355000,8343
3,719,32355000,32359500,510,850,32400000,8353
3,72,3240000,3244500,510,850,3285000,842
3,720,32400000,32404500,510,850,32445000,8366
3,721,32445000,32449500,510,850,32490000,8377
3,722,32490000,32494500,510,850,32535000,8389
3,723,32535000,32539500,510,850,32580000,8400
3,724,32580000,32584500,510,850,32625000,8412
3,725,32625000,32629500,510,850,32670000,8423
3,726,32670000,32674500,510,850,32715000,8436
3,727,32715000,32719500,510,850,32760000,8446
3,728,32760000,32764500,510,850,32805000,8459
3,729,32805000,32809500,510,850,32850000,8470
3,73,3285000,3289500,510,850,3330000,854
3,730,32850000,32854500,510,850,32895000,8482
3,731,32895000,32899500,510,850,32940000,8492
3,732,32940000,32944500,510,850,32985000,8505
3,733,32985000,32989500,510,850,33030000,8516
3,734,33030000,33034500,510,850,33075000,8528
3,735,33075000,33079500,510,850,33120000,8540
3,736,33120000,33124500,510,850,33165000,8552
3,737,33165000,33169500,510,850,33210000,8563
3,738,33210000,33214500,510,850,33255000,8576
3,739,33255000,33259500,510,850,33300000,8585
3,74,3330000,3334500,510,850,3375000,866
3,740,33300000,33304500,510,850,33345000,8597
3,741,33345000,33349500,510,850,33390000,8608
3,742,33390000,33394500,510,850,33435000,8621
3,743,33435000,33439500,510,850,33480000,8633
3,744,33480000,33484500,510,850,33525000,8644
3,745,33525000,33529500,510,850,33570000,8656
3,746,33570000,33574500,510,850,33615000,8669
3,747,33615000,33619500,510,850,33660000,8678
3,748,33660000,33664500,510,850,33705000,8691
3,749,33705000,33709500,510,850,33750000,8702
3,75,3375000,3379500,510,850,3420000,876
3,750,33750000,33754500,510,850,33795000,8713
3,751,33795000,33799500,510,850,33840000,8725
3,752,33840000,33844500,510,850,33885000,8738
3,753,33885000,33889500,510,850,33930000,8748
3,754,33930000,33934500,510,850,33975000,8761
3,755,33975000,33979500,510,850,34020000,8771
3,756,34020000,34024500,510,850,34065000,8784
3,757,34065000,34069500,510,850,34110000,8795
3,758,34110000,34114500,510,850,34155000,8807
3,759,34155000,34159500,510,850,34200000,8818
3,76,3420000,3424500,510,850,3465000,889
3,760,34200000,34204500,510,850,34245000,8830
3,761,34245000,34249500,510,850,34290000,8841
3,762,34290000,34294500,510,850,34335000,8854
3,763,34335000,34339500,510,850,34380000,8864
3,764,34380000,34384500,510,850,34425000,8876
3,765,34425000,34429500,510,850,34470000,8888
3,766,34470000,34474500,510,850,34515000,8900
3,767,34515000,34519500,510,850,34560000,8911
3,768,34560000,34564500,510,850,34605000,8924
3,769,34605000,34609500,510,850,34650000,8934
3,77,3465000,3469500,510,850,3510000,900
3,770,34650000,34654500,510,850,34695000,8946
3,771,34695000,34699500,510,850,34740000,8957
3,772,34740000,34744500,510,850,34785000,8969
3,773,34785000,34789500,510,850,34830000,8980
3,774,34830000,34834500,510,850,34875000,8993
3,775,34875000,34879500,510,850,34920000,9004
3,776,34920000,34924500,510,850,34965000,9016
3,777,34965000,34969500,510,850,35010000,9028
3,778,35010000,35014500,510,850,35055000,9040
3,779,35055000,35059500,510,850,35100000,9049
3,78,3510000,3514500,510,850,3555000,912
3,780,35100000,35104500,510,850,35145000,9062
3,781,35145000,35149500,510,850,35190000,9073
3,782,35190000,35194500,510,850,35235000,9086
3,783,35235000,35239500,510,850,35280000,9096
3,784,35280000,35284500,510,850,35325000,9109
3,785,35325000,35329500,510,850,35370000,9121
3,786,35370000,35374500,510,850,35415000,9132
3,787,35415000,35419500,510,850,35460000,9143
3,788,35460000,35464500,510,850,35505000,9156
3,789,35505000,35509500,510,850,35550000,9165
3,79,3555000,3559500,510,850,3600000,923
3,790,35550000,35554500,510,850,35595000,9178
3,791,35595000,35599500,510,850,35640000,9190
3,792,35640000,35644500,510,850,35685000,9201
3,793,35685000,35689500,510,850,35730000,9213
3,794,35730000,35734500,510,850,35775000,9226
3,795,35775000,35779500,510,850,35820000,9236
3,796,35820000,35824500,510,850,35865000,9248
3,797,35865000,35869500,510,850,35910000,9259
3,798,35910000,35914500,510,850,35955000,9272
3,799,35955000,35959500,510,850,36000000,9282
3,8,360000,364500,510,850,405000,100
3,80,3600000,3604500,510,850,3645000,936
3,800,36000000,36004500,510,850,36045000,9294
3,801,36045000,36049500,510,850,36090000,9306
3,802,36090000,36094500,510,850,36135000,9318
3,803,36135000,36139500,510,850,36180000,9328
3,804,36180000,36184500,510,850,36225000,9341
3,805,36225000,36229500,510,850,36270000,9352
3,806,36270000,36274500,510,850,36315000,9364
3,807,36315000,36319500,510,850,36360000,9376
3,808,36360000,36364500,510,850,36405000,9389
3,809,36405000,36409500,510,850,36450000,9398
3,81,3645000,3649500,510,850,3690000,946
3,810,36450000,36454500,510,850,36495000,9411
3,811,36495000,36499500,510,850,36540000,9421
3,812,36540000,36544500,510,850,36585000,9433
3,813,36585000,36589500,510,850,36630000,9445
3,814,36630000,36634500,510,850,36675000,9457
3,815,36675000,36679500,510,850,36720000,9468
3,816,36720000,36724500,510,850,36765000,9481
3,817,36765000,36769500,510,850,36810000,9492
3,818,36810000,36814500,510,850,36855000,9504
3,819,36855000,36859500,510,850,36900000,9514
3,82,3690000,3694500,510,850,3735000,959
3,820,36900000,36904500,510,850,36945000,9526
3,821,36945000,36949500,510,850,36990000,9538
3,822,36990000,36994500,510,850,37035000,9550
3,823,37035000,37039500,510,850,37080000,9561
3,824,37080000,37084500,510,850,37125000,9574
3,825,37125000,37129500,510,850,37170000,9584
3,826,37170000,37174500,510,850,37215000,9597
3,827,37215000,37219500,510,850,37260000,9608
3,828,37260000,37264500,510,850,37305000,9619
3,829,37305000,37309500,510,850,37350000,9630
3,83,3735000,3739500,510,850,3780000,969
3,830,37350000,37354500,510,850,37395000,9643
3,831,37395000,37399500,510,850,37440000,9653
3,832,37440000,37444500,510,850,37485000,9666
3,833,37485000,37489500,510,850,37530000,9678
3,834,37530000,37534500,510,850,37575000,9690
3,835,37575000,37579500,510,850,37620000,9700
3,836,37620000,37624500,510,850,37665000,9713
3,837,37665000,37669500,510,850,37710000,9724
3,838,37710000,37714500,510,850,37755000,9736
3,839,37755000,37759500,510,850,37800000,9746
3,84,3780000,3784500,510,850,3825000,981
3,840,37800000,37804500,510,850,37845000,9759
3,841,37845000,37849500,510,850,37890000,9770
3,842,37890000,37894500,510,850,37935000,9782
3,843,37935000,37939500,510,850,37980000,9793
3,844,37980000,37984500,510,850,38025000,9805
3,845,38025000,38029500,510,850,38070000,9816
3,846,38070000,38074500,510,850,38115000,9829
3,847,38115000,38119500,510,850,38160000,9841
3,848,38160000,38164500,510,850,38205000,9852
3,849,38205000,38209500,510,850,38250000,9863
3,85,3825000,3829500,510,850,3870000,993
3,850,38250000,38254500,510,850,38295000,9876
3,851,38295000,38299500,510,850,38340000,9885
3,852,38340000,38344500,510,850,38385000,9898
3,853,38385000,38389500,510,850,38430000,9909
3,854,38430000,38434500,510,850,38475000,9921
3,855,38475000,38479500,510,850,38520000,9933
3,856,38520000,38524500,510,850,38565000,9945
3,857,38565000,38569500,510,850,38610000,9956
3,858,38610000,38614500,510,850,38655000,9969
3,859,38655000,38659500,510,850,38700000,9978
3,86,3870000,3874500,510,850,3915000,1005
3,860,38700000,38704500,510,850,38745000,9991
3,861,38745000,38749500,510,850,38790000,10002
3,862,38790000,38794500,510,850,38835000,10014
3,863,38835000,38839500,510,850,38880000,10026
3,864,38880000,38884500,510,850,38925000,10038
3,865,38925000,38929500,510,850,38970000,10049
3,866,38970000,38974500,510,850,39015000,10062
3,867,39015000,39019500,510,850,39060000,10071
3,868,39060000,39064500,510,850,39105000,10084
3,869,39105000,39109500,510,850,39150000,10095
3,87,3915000,3919500,510,850,3960000,1016
3,870,39150000,39154500,510,850,39195000,10106
3,871,39195000,39199500,510,850,39240000,10118
3,872,39240000,39244500,510,850,39285000,10131
3,873,39285000,39289500,510,850,39330000,10142
3,874,39330000,39334500,510,850,39375000,10154
3,875,39375000,39379500,510,850,39420000,10165
3,876,39420000,39424500,510,850,39465000,10177
3,877,39465000,39469500,510,850,39510000,10188
3,878,39510000,39514500,510,850,39555000,10201
3,879,39555000,39559500,510,850,39600000,10211
3,88,3960000,3964500,510,850,4005000,1029
3,880,39600000,39604500,510,850,39645000,10223
3,881,39645000,39649500,510,850,39690000,10234
3,882,39690000,39694500,510,850,39735000,10247
3,883,39735000,39739500,510,850,39780000,10257
3,884,39780000,39784500,510,850,39825000,10269
3,885,39825000,39829500,510,850,39870000,10281
3,886,39870000,39874500,510,850,39915000,10294
3,887,39915000,39919500,510,850,39960000,10304
3,888,39960000,39964500,510,850,40005000,10317
3,889,40005000,40009500,510,850,40050000,10328
3,89,4005000,4009500,510,850,4050000,1039
3,890,40050000,40054500,510,850,40095000,10339
3,891,40095000,40099500,510,850,40140000,10350
3,892,40140000,40144500,510,850,40185000,10363
3,893,40185000,40189500,510,850,40230000,10373
3,894,40230000,40234500,510,850,40275000,10386
3,895,40275000,40279500,510,850,40320000,10397
3,896,40320000,40324500,510,850,40365000,10409
3,897,40365000,40369500,510,850,40410000,10421
3,898,40410000,40414500,510,850,40455000,10433
3,899,40455000,40459500,510,850,40500000,10443
3,9,405000,409500,510,850,450000,110
3,90,4050000,4054500,510,850,4095000,1051
3,900,40500000,40504500,510,850,40545000,10455
3,901,40545000,40549500,510,850,40590000,10466
3,902,40590000,40594500,510,850,40635000,10479
3,903,40635000,40639500,510,850,40680000,10490
3,904,40680000,40684500,510,850,40725000,10502
3,905,40725000,40729500,510,850,40770000,10514
3,906,40770000,40774500,510,850,40815000,10526
3,907,40815000,40819500,510,850,40860000,10536
3,908,40860000,40864500,510,850,40905000,10549
3,909,40905000,40909500,510,850,40950000,10558
3,91,4095000,4099500,510,850,4140000,1062
3,910,40950000,40954500,510,850,40995000,10571
3,911,40995000,40999500,510,850,41040000,10583
3,912,41040000,41044500,510,850,41085000,10595
3,913,41085000,41089500,510,850,41130000,10606
3,914,41130000,41134500,510,850,41175000,10619
3,915,41175000,41179500,510,850,41220000,10629
3,916,41220000,41224500,510,850,41265000,10641
3,917,41265000,41269500,510,850,41310000,10653
3,918,41310000,41314500,510,850,41355000,10665
3,919,41355000,41359500,510,850,41400000,10675
3,92,4140000,4144500,510,850,4185000,1074
3,920,41400000,41404500,510,850,41445000,10688
3,921,41445000,41449500,510,850,41490000,10699
3,922,41490000,41494500,510,850,41535000,10711
3,923,41535000,41539500,510,850,41580000,10721
3,924,41580000,41584500,510,850,41625000,10734
3,925,41625000,41629500,510,850,41670000,10746
3,926,41670000,41674500,510,850,41715000,10757
3,927,41715000,41719500,510,850,41760000,10769
3,928,41760000,41764500,510,850,41805000,10782
3,929,41805000,41809500,510,850,41850000,10791
3,93,4185000,4189500,510,850,4230000,1086
3,930,41850000,41854500,510,850,41895000,10804
3,931,41895000,41899500,510,850,41940000,10815
3,932,41940000,41944500,510,850,41985000,10826
3,933,41985000,41989500,510,850,42030000,10838
3,934,42030000,42034500,510,850,42075000,10851
3,935,42075000,42079500,510,850,42120000,10861
3,936,42120000,42124500,510,850,42165000,10874
3,937,42165000,42169500,510,850,42210000,10885
3,938,42210000,42214500,510,850,42255000,10898
3,939,42255000,42259500,510,850,42300000,10907
3,94,4230000,4234500,510,850,4275000,1098
3,940,42300000,42304500,510,850,42345000,10919
3,941,42345000,42349500,510,850,42390000,10931
3,942,42390000,42394500,510,850,42435000,10943
3,943,42435000,42439500,510,850,42480000,10954
3,944,42480000,42484500,510,850,42525000,10967
3,945,42525000,42529500,510,850,42570000,10978
3,946,42570000,42574500,510,850,42615000,10990
3,947,42615000,42619500,510,850,42660000,11001
3,948,42660000,42664500,510,850,42705000,11013
3,949,42705000,42709500,510,850,42750000,11023
3,95,4275000,4279500,510,850,4320000,1109
3,950,42750000,42754500,510,850,42795000,11036
3,951,42795000,42799500,510,850,42840000,11047
3,952,42840000,42844500,510,850,42885000,11059
3,953,42885000,42889500,510,850,42930000,11071
3,954,42930000,42934500,510,850,42975000,11083
3,955,42975000,42979500,510,850,43020000,11093
3,956,43020000,43024500,510,850,43065000,11106
3,957,43065000,43069500,510,850,43110000,11117
3,958,43110000,43114500,510,850,43155000,11129
3,959,43155000,43159500,510,850,43200000,11140
3,96,4320000,4324500,510,850,4365000,1122
3,960,43200000,43204500,510,850,43245000,11152
3,961,43245000,43249500,510,850,43290000,11163
3,962,43290000,43294500,510,850,43335000,11176
3,963,43335000,43339500,510,850,43380000,11186
3,964,43380000,43384500,510,850,43425000,11199
3,965,43425000,43429500,510,850,43470000,11209
3,966,43470000,43474500,510,850,43515000,11222
3,967,43515000,43519500,510,850,43560000,11234
3,968,43560000,43564500,510,850,43605000,11245
3,969,43605000,43609500,510,850,43650000,11256
3,97,4365000,4369500,510,850,4410000,1132
3,970,43650000,43654500,510,850,43695000,11269
3,971,43695000,43699500,510,850,43740000,11278
3,972,43740000,43744500,510,850,43785000,11291
3,973,43785000,43789500,510,850,43830000,11303
3,974,43830000,43834500,510,850,43875000,11314
3,975,43875000,43879500,510,850,43920000,11326
3,976,43920000,43924500,510,850,43965000,11339
3,977,43965000,43969500,510,850,44010000,11350
3,978,44010000,44014500,510,850,44055000,11362
3,979,44055000,44059500,510,850,44100000,11371
3,98,4410000,4414500,510,850,4455000,1145
3,980,44100000,44104500,510,850,44145000,11384
3,981,44145000,44149500,510,850,44190000,11395
3,982,44190000,44194500,510,850,44235000,11407
3,983,44235000,44239500,510,850,44280000,11419
3,984,44280000,44284500,510,850,44325000,11431
3,985,44325000,44329500,510,850,44370000,11442
3,986,44370000,44374500,510,850,44415000,11455
3,987,44415000,44419500,510,850,44460000,11465
3,988,44460000,44464500,510,850,44505000,11477
3,989,44505000,44509500,510,850,44550000,11488
3,99,4455000,4459500,510,850,4500000,1155
3,990,44550000,44554500,510,850,44595000,11501
3,991,44595000,44599500,510,850,44640000,11511
3,992,44640000,44644500,510,850,44685000,11524
3,993,44685000,44689500,510,850,44730000,11535
3,994,44730000,44734500,510,850,44775000,11547
3,995,44775000,44779500,510,850,44820000,11558
3,996,44820000,44824500,510,850,44865000,11570
3,997,44865000,44869500,510,850,44910000,11581
3,998,44910000,44914500,510,850,44955000,11594
3,999,44955000,44959500,510,850,45000000,11604
4,0,0,5000,2398,3996,50000,7
4,1,50000,55000,2398,3996,100000,21
4,10,500000,505000,2398,3996,550000,137
4,100,5000000,5005000,2398,3996,5050000,1299
4,1000,50000000,50005000,2398,3996,50050000,12908
4,1001,50050000,50055000,2398,3996,50100000,12920
4,1002,50100000,50105000,2398,3996,50150000,12933
4,1003,50150000,50155000,2398,3996,50200000,12947
4,1004,50200000,50205000,2398,3996,50250000,12960
4,1005,50250000,50255000,2398,3996,50300000,12972
4,1006,50300000,50305000,2398,3996,50350000,12985
4,1007,50350000,50355000,2398,3996,50400000,12998
4,1008,50400000,50405000,2398,3996,50450000,13011
4,1009,50450000,50455000,2398,3996,50500000,13024
4,101,5050000,5055000,2398,3996,5100000,1310
4,1010,50500000,50505000,2398,3996,50550000,13037
4,1011,50550000,50555000,2398,3996,50600000,13051
4,1012,50600000,50605000,2398,3996,50650000,13063
4,1013,50650000,50655000,2398,3996,50700000,13075
4,1014,50700000,50705000,2398,3996,50750000,13086
4,1015,50750000,50755000,2398,3996,50800000,13101
4,1016,50800000,50805000,2398,3996,50850000,13115
4,1017,50850000,50855000,2398,3996,50900000,13129
4,1018,50900000,50905000,2398,3996,50950000,13140
4,1019,50950000,50955000,2398,3996,51000000,13153
4,102,5100000,5105000,2398,3996,5150000,1323
4,1020,51000000,51005000,2398,3996,51050000,13166
4,1021,51050000,51055000,2398,3996,51100000,13178
4,1022,51100000,51105000,2398,3996,51150000,13191
4,1023,51150000,51155000,2398,3996,51200000,13205
4,1024,51200000,51205000,2398,3996,51250000,13218
4,1025,51250000,51255000,2398,3996,51300000,13230
4,1026,51300000,51305000,2398,3996,51350000,13242
4,1027,51350000,51355000,2398,3996,51400000,13257
4,1028,51400000,51405000,2398,3996,51450000,13269
4,1029,51450000,51455000,2398,3996,51500000,13283
4,103,5150000,5155000,2398,3996,5200000,1336
4,1030,51500000,51505000,2398,3996,51550000,13295
4,1031,51550000,51555000,2398,3996,51600000,13308
4,1032,51600000,51605000,2398,3996,51650000,13319
4,1033,51650000,51655000,2398,3996,51700000,13333
4,1034,51700000,51705000,2398,3996,51750000,13347
4,1035,51750000,51755000,2398,3996,51800000,13360
4,1036,51800000,51805000,2398,3996,51850000,13373
4,1037,51850000,51855000,2398,3996,51900000,13385
4,1038,51900000,51905000,2398,3996,51950000,13398
4,1039,51950000,51955000,2398,3996,52000000,13410
4,104,5200000,5205000,2398,3996,5250000,1349
4,1040,52000000,52005000,2398,3996,52050000,13424
4,1041,52050000,52055000,2398,3996,52100000,13437
4,1042,52100000,52105000,2398,3996,52150000,13449
4,1043,52150000,52155000,2398,3996,52200000,13463
4,1044,52200000,52205000,2398,3996,52250000,13475
4,1045,52250000,52255000,2398,3996,52300000,13489
4,1046,52300000,52305000,2398,3996,52350000,13501
4,1047,52350000,52355000,2398,3996,52400000,13516
4,1048,52400000,52405000,2398,3996,52450000,13527
4,1049,52450000,52455000,2398,3996,52500000,13539
4,105,5250000,5255000,2398,3996,5300000,1362
4,1050,52500000,52505000,2398,3996,52550000,13551
4,1051,52550000,52555000,2398,3996,52600000,13566
4,1052,52600000,52605000,2398,3996,52650000,13579
4,1053,52650000,52655000,2398,3996,52700000,13592
4,1054,52700000,52705000,2398,3996,52750000,13605
4,1055,52750000,52755000,2398,3996,52800000,13618
4,1056,52800000,52805000,2398,3996,52850000,13630
4,1057,52850000,52855000,2398,3996,52900000,13642
4,1058,52900000,52905000,2398,3996,52950000,13656
4,1059,52950000,52955000,2398,3996,53000000,13670
4,106,5300000,5305000,2398,3996,5350000,1375
4,1060,53000000,53005000,2398,3996,53050000,13682
4,1061,53050000,53055000,2398,3996,53100000,13694
4,1062,53100000,53105000,2398,3996,53150000,13707
4,1063,53150000,53155000,2398,3996,53200000,13721
4,1064,53200000,53205000,2398,3996,53250000,13734
4,1065,53250000,53255000,2398,3996,53300000,13747
4,1066,53300000,53305000,2398,3996,53350000,13759
4,1067,53350000,53355000,2398,3996,53400000,13772
4,1068,53400000,53405000,2398,3996,53450000,13784
4,1069,53450000,53455000,2398,3996,53500000,13798
4,107,5350000,5355000,2398,3996,5400000,1389
4,1070,53500000,53505000,2398,3996,53550000,13810
4,1071,53550000,53555000,2398,3996,53600000,13825
4,1072,53600000,53605000,2398,3996,53650000,13838
4,1073,53650000,53655000,2398,3996,53700000,13850
4,1074,53700000,53705000,2398,3996,53750000,13861
4,1075,53750000,53755000,2398,3996,53800000,13875
4,1076,53800000,53805000,2398,3996,53850000,13889
4,1077,53850000,53855000,2398,3996,53900000,13901
4,1078,53900000,53905000,2398,3996,53950000,13913
4,1079,53950000,53955000,2398,3996,54000000,13927
4,108,5400000,5405000,2398,3996,5450000,1400
4,1080,54000000,54005000,2398,3996,54050000,13940
4,1081,54050000,54055000,2398,3996,54100000,13953
4,1082,54100000,54105000,2398,3996,54150000,13966
4,1083,54150000,54155000,2398,3996,54200000,13980
4,1084,54200000,54205000,2398,3996,54250000,13991
4,1085,54250000,54255000,2398,3996,54300000,14004
4,1086,54300000,54305000,2398,3996,54350000,14016
4,1087,54350000,54355000,2398,3996,54400000,14030
4,1088,54400000,54405000,2398,3996,54450000,14043
4,1089,54450000,54455000,2398,3996,54500000,14057
4,109,5450000,5455000,2398,3996,5500000,1414
4,1090,54500000,54505000,2398,3996,54550000,14070
4,1091,54550000,54555000,2398,3996,54600000,14081
4,1092,54600000,54605000,2398,3996,54650000,14094
4,1093,54650000,54655000,2398,3996,54700000,14107
4,1094,54700000,54705000,2398,3996,54750000,14121
4,1095,54750000,54755000,2398,3996,54800000,14134
4,1096,54800000,54805000,2398,3996,54850000,14146
4,1097,54850000,54855000,2398,3996,54900000,14159
4,1098,54900000,54905000,2398,3996,54950000,14171
4,1099,54950000,54955000,2398,3996,55000000,14186
4,11,550000,555000,2398,3996,600000,150
4,110,5500000,5505000,2398,3996,5550000,1427
4,1100,55000000,55005000,2398,3996,55050000,14198
4,1101,55050000,55055000,2398,3996,55100000,14212
4,1102,55100000,55105000,2398,3996,55150000,14223
4,1103,55150000,55155000,2398,3996,55200000,14237
4,1104,55200000,55205000,2398,3996,55250000,14248
4,1105,55250000,55255000,2398,3996,55300000,14261
4,1106,55300000,55305000,2398,3996,55350000,14275
4,1107,55350000,55355000,2398,3996,55400000,14290
4,1108,55400000,55405000,2398,3996,55450000,14303
4,1109,55450000,55455000,2398,3996,55500000,14313
4,111,5550000,5555000,2398,3996,5600000,1441
4,1110,55500000,55505000,2398,3996,55550000,14326
4,1111,55550000,55555000,2398,3996,55600000,14340
4,1112,55600000,55605000,2398,3996,55650000,14353
4,1113,55650000,55655000,2398,3996,55700000,14365
4,1114,55700000,55705000,2398,3996,55750000,14378
4,1115,55750000,55755000,2398,3996,55800000,14392
4,1116,55800000,55805000,2398,3996,55850000,14404
4,1117,55850000,55855000,2398,3996,55900000,14417
4,1118,55900000,55905000,2398,3996,55950000,14430
4,1119,55950000,55955000,2398,3996,56000000,14444
4,112,5600000,5605000,2398,3996,5650000,1452
4,1120,56000000,56005000,2398,3996,56050000,14456
4,1121,56050000,56055000,2398,3996,56100000,14469
4,1122,56100000,56105000,2398,3996,56150000,14480
4,1123,56150000,56155000,2398,3996,56200000,14494
4,1124,56200000,56205000,2398,3996,56250000,14508
4,1125,56250000,56255000,2398,3996,56300000,14522
4,1126,56300000,56305000,2398,3996,56350000,14533
4,1127,56350000,56355000,2398,3996,56400000,14546
4,1128,56400000,56405000,2398,3996,56450000,14559
4,1129,56450000,56455000,2398,3996,56500000,14572
4,113,5650000,5655000,2398,3996,5700000,1465
4,1130,56500000,56505000,2398,3996,56550000,14584
4,1131,56550000,56555000,2398,3996,56600000,14598
4,1132,56600000,56605000,2398,3996,56650000,14611
4,1133,56650000,56655000,2398,3996,56700000,14623
4,1134,56700000,56705000,2398,3996,56750000,14636
4,1135,56750000,56755000,2398,3996,56800000,14650
4,1136,56800000,56805000,2398,3996,56850000,14663
4,1137,56850000,56855000,2398,3996,56900000,14676
4,1138,56900000,56905000,2398,3996,56950000,14688
4,1139,56950000,56955000,2398,3996,57000000,14701
4,114,5700000,5705000,2398,3996,5750000,1477
4,1140,57000000,57005000,2398,3996,57050000,14712
4,1141,57050000,57055000,2398,3996,57100000,14726
4,1142,57100000,57105000,2398,3996,57150000,14740
4,1143,57150000,57155000,2398,3996,57200000,14754
4,1144,57200000,57205000,2398,3996,57250000,14766
4,1145,57250000,57255000,2398,3996,57300000,14778
4,1146,57300000,57305000,2398,3996,57350000,14791
4,1147,57350000,57355000,2398,3996,57400000,14804
4,1148,57400000,57405000,2398,3996,57450000,14817
4,1149,57450000,57455000,2398,3996,57500000,14830
4,115,5750000,5755000,2398,3996,5800000,1491
4,1150,57500000,57505000,2398,3996,57550000,14843
4,1151,57550000,57555000,2398,3996,57600000,14856
4,1152,57600000,57605000,2398,3996,57650000,14868
4,1153,57650000,57655000,2398,3996,57700000,14882
4,1154,57700000,57705000,2398,3996,57750000,14894
4,1155,57750000,57755000,2398,3996,57800000,14909
4,1156,57800000,57805000,2398,3996,57850000,14920
4,1157,57850000,57855000,2398,3996,57900000,14933
4,1158,57900000,57905000,2398,3996,57950000,14944
4,1159,57950000,57955000,2398,3996,58000000,14959
4,116,5800000,5805000,2398,3996,5850000,1504
4,1160,58000000,58005000,2398,3996,58050000,14973
4,1161,58050000,58055000,2398,3996,58100000,14985
4,1162,58100000,58105000,2398,3996,58150000,14998
4,1163,58150000,58155000,2398,3996,58200000,15011
4,1164,58200000,58205000,2398,3996,58250000,15024
4,1165,58250000,58255000,2398,3996,58300000,15035
4,1166,58300000,58305000,2398,3996,58350000,15049
4,1167,58350000,58355000,2398,3996,58400000,15063
4,1168,58400000,58405000,2398,3996,58450000,15075
4,1169,58450000,58455000,2398,3996,58500000,15087
4,117,5850000,5855000,2398,3996,5900000,1518
4,1170,58500000,58505000,2398,3996,58550000,15100
4,1171,58550000,58555000,2398,3996,58600000,15115
4,1172,58600000,58605000,2398,3996,58650000,15127
4,1173,58650000,58655000,2398,3996,58700000,15141
4,1174,58700000,58705000,2398,3996,58750000,15152
4,1175,58750000,58755000,2398,3996,58800000,15165
4,1176,58800000,58805000,2398,3996,58850000,15177
4,1177,58850000,58855000,2398,3996,58900000,15191
4,1178,58900000,58905000,2398,3996,58950000,15204
4,1179,58950000,58955000,2398,3996,59000000,15218
4,118,5900000,5905000,2398,3996,5950000,1530
4,1180,59000000,59005000,2398,3996,59050000,15231
4,1181,59050000,59055000,2398,3996,59100000,15243
4,1182,59100000,59105000,2398,3996,59150000,15254
4,1183,59150000,59155000,2398,3996,59200000,15268
4,1184,59200000,59205000,2398,3996,59250000,15282
4,1185,59250000,59255000,2398,3996,59300000,15295
4,1186,59300000,59305000,2398,3996,59350000,15307
4,1187,59350000,59355000,2398,3996,59400000,15320
4,1188,59400000,59405000,2398,3996,59450000,15333
4,1189,59450000,59455000,2398,3996,59500000,15346
4,119,5950000,5955000,2398,3996,6000000,1543
4,1190,59500000,59505000,2398,3996,59550000,15359
4,1191,59550000,59555000,2398,3996,59600000,15373
4,1192,59600000,59605000,2398,3996,59650000,15385
4,1193,59650000,59655000,2398,3996,59700000,15397
4,1194,59700000,59705000,2398,3996,59750000,15409
4,1195,59750000,59755000,2398,3996,59800000,15423
4,1196,59800000,59805000,2398,3996,59850000,15436
4,1197,59850000,59855000,2398,3996,59900000,15450
4,1198,59900000,59905000,2398,3996,59950000,15463
4,1199,59950000,59955000,2398,3996,60000000,15476
4,12,600000,605000,2398,3996,650000,162
4,120,6000000,6005000,2398,3996,6050000,1556
4,1200,60000000,60005000,2398,3996,60050000,15487
4,1201,60050000,60055000,2398,3996,60100000,15500
4,1202,60100000,60105000,2398,3996,60150000,15514
4,1203,60150000,60155000,2398,3996,60200000,15527
4,1204,60200000,60205000,2398,3996,60250000,15539
4,1205,60250000,60255000,2398,3996,60300000,15552
4,1206,60300000,60305000,2398,3996,60350000,15565
4,1207,60350000,60355000,2398,3996,60400000,15579
4,1208,60400000,60405000,2398,3996,60450000,15591
4,1209,60450000,60455000,2398,3996,60500000,15605
4,121,6050000,6055000,2398,3996,6100000,1568
4,1210,60500000,60505000,2398,3996,60550000,15616
4,1211,60550000,60555000,2398,3996,60600000,15630
4,1212,60600000,60605000,2398,3996,60650000,15642
4,1213,60650000,60655000,2398,3996,60700000,15655
4,1214,60700000,60705000,2398,3996,60750000,15668
4,1215,60750000,60755000,2398,3996,60800000,15683
4,1216,60800000,60805000,2398,3996,60850000,15696
4,1217,60850000,60855000,2398,3996,60900000,15706
4,1218,60900000,60905000,2398,3996,60950000,15719
4,1219,60950000,60955000,2398,3996,61000000,15733
4,122,6100000,6105000,2398,3996,6150000,1581
4,1220,61000000,61005000,2398,3996,61050000,15747
4,1221,61050000,61055000,2398,3996,61100000,15758
4,1222,61100000,61105000,2398,3996,61150000,15771
4,1223,61150000,61155000,2398,3996,61200000,15785
4,1224,61200000,61205000,2398,3996,61250000,15797
4,1225,61250000,61255000,2398,3996,61300000,15811
4,1226,61300000,61305000,2398,3996,61350000,15823
4,1227,61350000,61355000,2398,3996,61400000,15838
4,1228,61400000,61405000,2398,3996,61450000,15849
4,1229,61450000,61455000,2398,3996,61500000,15862
4,123,6150000,6155000,2398,3996,6200000,1595
4,1230,61500000,61505000,2398,3996,61550000,15873
4,1231,61550000,61555000,2398,3996,61600000,15887
4,1232,61600000,61605000,2398,3996,61650000,15901
4,1233,61650000,61655000,2398,3996,61700000,15915
4,1234,61700000,61705000,2398,3996,61750000,15927
4,1235,61750000,61755000,2398,3996,61800000,15939
4,1236,61800000,61805000,2398,3996,61850000,15952
4,1237,61850000,61855000,2398,3996,61900000,15965
4,1238,61900000,61905000,2398,3996,61950000,15978
4,1239,61950000,61955000,2398,3996,62000000,15991
4,124,6200000,6205000,2398,3996,6250000,1608
4,1240,62000000,62005000,2398,3996,62050000,16004
4,1241,62050000,62055000,2398,3996,62100000,16017
4,1242,62100000,62105000,2398,3996,62150000,16029
4,1243,62150000,62155000,2398,3996,62200000,16043
4,1244,62200000,62205000,2398,3996,62250000,16056
4,1245,62250000,62255000,2398,3996,62300000,16069
4,1246,62300000,62305000,2398,3996,62350000,16081
4,1247,62350000,62355000,2398,3996,62400000,16094
4,1248,62400000,62405000,2398,3996,62450000,16106
4,1249,62450000,62455000,2398,3996,62500000,16119
4,125,6250000,6255000,2398,3996,6300000,1619
4,1250,62500000,62505000,2398,3996,62550000,16133
4,1251,62550000,62555000,2398,3996,62600000,16148
4,1252,62600000,62605000,2398,3996,62650000,16159
4,1253,62650000,62655000,2398,3996,62700000,16171
4,1254,62700000,62705000,2398,3996,62750000,16184
4,1255,62750000,62755000,2398,3996,62800000,16198
4,1256,62800000,62805000,2398,3996,62850000,16210
4,1257,62850000,62855000,2398,3996,62900000,16223
4,1258,62900000,62905000,2398,3996,62950000,16236
4,1259,62950000,62955000,2398,3996,63000000,16249
4,126,6300000,6305000,2398,3996,6350000,1632
4,1260,63000000,63005000,2398,3996,63050000,16261
4,1261,63050000,63055000,2398,3996,63100000,16275
4,1262,63100000,63105000,2398,3996,63150000,16288
4,1263,63150000,63155000,2398,3996,63200000,16302
4,1264,63200000,63205000,2398,3996,63250000,16314
4,1265,63250000,63255000,2398,3996,63300000,16326
4,1266,63300000,63305000,2398,3996,63350000,16337
4,1267,63350000,63355000,2398,3996,63400000,16352
4,1268,63400000,63405000,2398,3996,63450000,16366
4,1269,63450000,63455000,2398,3996,63500000,16379
4,127,6350000,6355000,2398,3996,6400000,1647
4,1270,63500000,63505000,2398,3996,63550000,16391
4,1271,63550000,63555000,2398,3996,63600000,16404
4,1272,63600000,63605000,2398,3996,63650000,16417
4,1273,63650000,63655000,2398,3996,63700000,16428
4,1274,63700000,63705000,2398,3996,63750000,16442
4,1275,63750000,63755000,2398,3996,63800000,16456
4,1276,63800000,63805000,2398,3996,63850000,16469
4,1277,63850000,63855000,2398,3996,63900000,16481
4,1278,63900000,63905000,2398,3996,63950000,16493
4,1279,63950000,63955000,2398,3996,64000000,16508
4,128,6400000,6405000,2398,3996,6450000,1660
4,1280,64000000,64005000,2398,3996,64050000,16520
4,1281,64050000,64055000,2398,3996,64100000,16534
4,1282,64100000,64105000,2398,3996,64150000,16545
4,1283,64150000,64155000,2398,3996,64200000,16559
4,1284,64200000,64205000,2398,3996,64250000,16570
4,1285,64250000,64255000,2398,3996,64300000,16584
4,1286,64300000,64305000,2398,3996,64350000,16597
4,1287,64350000,64355000,2398,3996,64400000,16611
4,1288,64400000,64405000,2398,3996,64450000,16624
4,1289,64450000,64455000,2398,3996,64500000,16636
4,129,6450000,6455000,2398,3996,6500000,1672
4,1290,64500000,64505000,2398,3996,64550000,16649
4,1291,64550000,64555000,2398,3996,64600000,16661
4,1292,64600000,64605000,2398,3996,64650000,16675
4,1293,64650000,64655000,2398,3996,64700000,16688
4,1294,64700000,64705000,2398,3996,64750000,16700
4,1295,64750000,64755000,2398,3996,64800000,16713
4,1296,64800000,64805000,2398,3996,64850000,16726
4,1297,64850000,64855000,2398,3996,64900000,16740
4,1298,64900000,64905000,2398,3996,64950000,16752
4,1299,64950000,64955000,2398,3996,65000000,16766
4,13,650000,655000,2398,3996,700000,174
4,130,6500000,6505000,2398,3996,6550000,1684
4,1300,65000000,65005000,2398,3996,65050000,16778
4,1301,65050000,65055000,2398,3996,65100000,16790
4,1302,65100000,65105000,2398,3996,65150000,16802
4,1303,65150000,65155000,2398,3996,65200000,16817
4,1304,65200000,65205000,2398,3996,65250000,16830
4,1305,65250000,65255000,2398,3996,65300000,16843
4,1306,65300000,65305000,2398,3996,65350000,16856
4,1307,65350000,65355000,2398,3996,65400000,16869
4,1308,65400000,65405000,2398,3996,65450000,16880
4,1309,65450000,65455000,2398,3996,65500000,16893
4,131,6550000,6555000,2398,3996,6600000,1698
4,1310,65500000,65505000,2398,3996,65550000,16907
4,1311,65550000,65555000,2398,3996,65600000,16921
4,1312,65600000,65605000,2398,3996,65650000,16932
4,1313,65650000,65655000,2398,3996,65700000,16945
4,1314,65700000,65705000,2398,3996,65750000,16958
4,1315,65750000,65755000,2398,3996,65800000,16972
4,1316,65800000,65805000,2398,3996,65850000,16985
4,1317,65850000,65855000,2398,3996,65900000,16998
4,1318,65900000,65905000,2398,3996,65950000,17010
4,1319,65950000,65955000,2398,3996,66000000,17023
4,132,6600000,6605000,2398,3996,6650000,1709
4,1320,66000000,66005000,2398,3996,66050000,17035
4,1321,66050000,66055000,2398,3996,66100000,17048
4,1322,66100000,66105000,2398,3996,66150000,17061
4,1323,66150000,66155000,2398,3996,66200000,17076
4,1324,66200000,66205000,2398,3996,66250000,17089
4,1325,66250000,66255000,2398,3996,66300000,17100
4,1326,66300000,66305000,2398,3996,66350000,17112
4,1327,66350000,66355000,2398,3996,66400000,17126
4,1328,66400000,66405000,2398,3996,66450000,17140
4,1329,66450000,66455000,2398,3996,66500000,17152
4,133,6650000,6655000,2398,3996,6700000,1723
4,1330,66500000,66505000,2398,3996,66550000,17164
4,1331,66550000,66555000,2398,3996,66600000,17178
4,1332,66600000,66605000,2398,3996,66650000,17191
4,1333,66650000,66655000,2398,3996,66700000,17204
4,1334,66700000,66705000,2398,3996,66750000,17216
4,1335,66750000,66755000,2398,3996,66800000,17231
4,1336,66800000,66805000,2398,3996,66850000,17242
4,1337,66850000,66855000,2398,3996,66900000,17255
4,1338,66900000,66905000,2398,3996,66950000,17266
4,1339,66950000,66955000,2398,3996,67000000,17281
4,134,6700000,6705000,2398,3996,6750000,1736
4,1340,67000000,67005000,2398,3996,67050000,17294
4,1341,67050000,67055000,2398,3996,67100000,17308
4,1342,67100000,67105000,2398,3996,67150000,17321
4,1343,67150000,67155000,2398,3996,67200000,17332
4,1344,67200000,67205000,2398,3996,67250000,17345
4,1345,67250000,67255000,2398,3996,67300000,17358
4,1346,67300000,67305000,2398,3996,67350000,17372
4,1347,67350000,67355000,2398,3996,67400000,17384
4,1348,67400000,67405000,2398,3996,67450000,17397
4,1349,67450000,67455000,2398,3996,67500000,17410
4,135,6750000,6755000,2398,3996,6800000,1751
4,1350,67500000,67505000,2398,3996,67550000,17422
4,1351,67550000,67555000,2398,3996,67600000,17436
4,1352,67600000,67605000,2398,3996,67650000,17449
4,1353,67650000,67655000,2398,3996,67700000,17463
4,1354,67700000,67705000,2398,3996,67750000,17474
4,1355,67750000,67755000,2398,3996,67800000,17488
4,1356,67800000,67805000,2398,3996,67850000,17499
4,1357,67850000,67855000,2398,3996,67900000,17512
4,1358,67900000,67905000,2398,3996,67950000,17526
4,1359,67950000,67955000,2398,3996,68000000,17541
4,136,6800000,6805000,2398,3996,6850000,1763
4,1360,68000000,68005000,2398,3996,68050000,17553
4,1361,68050000,68055000,2398,3996,68100000,17564
4,1362,68100000,68105000,2398,3996,68150000,17577
4,1363,68150000,68155000,2398,3996,68200000,17591
4,1364,68200000,68205000,2398,3996,68250000,17603
4,1365,68250000,68255000,2398,3996,68300000,17616
4,1366,68300000,68305000,2398,3996,68350000,17629
4,1367,68350000,68355000,2398,3996,68400000,17643
4,1368,68400000,68405000,2398,3996,68450000,17655
4,1369,68450000,68455000,2398,3996,68500000,17668
4,137,6850000,6855000,2398,3996,6900000,1775
4,1370,68500000,68505000,2398,3996,68550000,17681
4,1371,68550000,68555000,2398,3996,68600000,17695
4,1372,68600000,68605000,2398,3996,68650000,17707
4,1373,68650000,68655000,2398,3996,68700000,17719
4,1374,68700000,68705000,2398,3996,68750000,17731
4,1375,68750000,68755000,2398,3996,68800000,17745
4,1376,68800000,68805000,2398,3996,68850000,17759
4,1377,68850000,68855000,2398,3996,68900000,17772
4,1378,68900000,68905000,2398,3996,68950000,17784
4,1379,68950000,68955000,2398,3996,69000000,17797
4,138,6900000,6905000,2398,3996,6950000,1787
4,1380,69000000,69005000,2398,3996,69050000,17810
4,1381,69050000,69055000,2398,3996,69100000,17823
4,1382,69100000,69105000,2398,3996,69150000,17835
4,1383,69150000,69155000,2398,3996,69200000,17849
4,1384,69200000,69205000,2398,3996,69250000,17862
4,1385,69250000,69255000,2398,3996,69300000,17874
4,1386,69300000,69305000,2398,3996,69350000,17886
4,1387,69350000,69355000,2398,3996,69400000,17901
4,1388,69400000,69405000,2398,3996,69450000,17914
4,1389,69450000,69455000,2398,3996,69500000,17927
4,139,6950000,6955000,2398,3996,7000000,1800
4,1390,69500000,69505000,2398,3996,69550000,17938
4,1391,69550000,69555000,2398,3996,69600000,17952
4,1392,69600000,69605000,2398,3996,69650000,17963
4,1393,69650000,69655000,2398,3996,69700000,17977
4,1394,69700000,69705000,2398,3996,69750000,17991
4,1395,69750000,69755000,2398,3996,69800000,18005
4,1396,69800000,69805000,2398,3996,69850000,18017
4,1397,69850000,69855000,2398,3996,69900000,18029
4,1398,69900000,69905000,2398,3996,69950000,18042
4,1399,69950000,69955000,2398,3996,70000000,18054
4,14,700000,705000,2398,3996,750000,188
4,140,7000000,7005000,2398,3996,7050000,1814
4,1400,70000000,70005000,2398,3996,70050000,18068
4,1401,70050000,70055000,2398,3996,70100000,18081
4,1402,70100000,70105000,2398,3996,70150000,18094
4,1403,70150000,70155000,2398,3996,70200000,18106
4,1404,70200000,70205000,2398,3996,70250000,18119
4,1405,70250000,70255000,2398,3996,70300000,18133
4,1406,70300000,70305000,2398,3996,70350000,18145
4,1407,70350000,70355000,2398,3996,70400000,18160
4,1408,70400000,70405000,2398,3996,70450000,18171
4,1409,70450000,70455000,2398,3996,70500000,18184
4,141,7050000,7055000,2398,3996,7100000,1827
4,1410,70500000,70505000,2398,3996,70550000,18195
4,1411,70550000,70555000,2398,3996,70600000,18210
4,1412,70600000,70605000,2398,3996,70650000,18223
4,1413,70650000,70655000,2398,3996,70700000,18236
4,1414,70700000,70705000,2398,3996,70750000,18249
4,1415,70750000,70755000,2398,3996,70800000,18262
4,1416,70800000,70805000,2398,3996,70850000,18274
4,1417,70850000,70855000,2398,3996,70900000,18286
4,1418,70900000,70905000,2398,3996,70950000,18300
4,1419,70950000,70955000,2398,3996,71000000,18314
4,142,7100000,7105000,2398,3996,7150000,1839
4,1420,71000000,71005000,2398,3996,71050000,18326
4,1421,71050000,71055000,2398,3996,71100000,18338
4,1422,71100000,71105000,2398,3996,71150000,18351
4,1423,71150000,71155000,2398,3996,71200000,18366
4,1424,71200000,71205000,2398,3996,71250000,18378
4,1425,71250000,71255000,2398,3996,71300000,18391
4,1426,71300000,71305000,2398,3996,71350000,18403
4,1427,71350000,71355000,2398,3996,71400000,18416
4,1428,71400000,71405000,2398,3996,71450000,18428
4,1429,71450000,71455000,2398,3996,71500000,18441
4,143,7150000,7155000,2398,3996,7200000,1852
4,1430,71500000,71505000,2398,3996,71550000,18455
4,1431,71550000,71555000,2398,3996,71600000,18469
4,1432,71600000,71605000,2398,3996,71650000,18482
4,1433,71650000,71655000,2398,3996,71700000,18494
4,1434,71700000,71705000,2398,3996,71750000,18505
4,1435,71750000,71755000,2398,3996,71800000,18519
4,1436,71800000,71805000,2398,3996,71850000,18533
4,1437,71850000,71855000,2398,3996,71900000,18546
4,1438,71900000,71905000,2398,3996,71950000,18557
4,1439,71950000,71955000,2398,3996,72000000,18571
4,144,7200000,7205000,2398,3996,7250000,1865
4,1440,72000000,72005000,2398,3996,72050000,18584
4,1441,72050000,72055000,2398,3996,72100000,18597
4,1442,72100000,72105000,2398,3996,72150000,18609
4,1443,72150000,72155000,2398,3996,72200000,18624
4,1444,72200000,72205000,2398,3996,72250000,18636
4,1445,72250000,72255000,2398,3996,72300000,18648
4,1446,72300000,72305000,2398,3996,72350000,18660
4,1447,72350000,72355000,2398,3996,72400000,18674
4,1448,72400000,72405000,2398,3996,72450000,18687
4,1449,72450000,72455000,2398,3996,72500000,18701
4,145,7250000,7255000,2398,3996,7300000,1879
4,1450,72500000,72505000,2398,3996,72550000,18714
4,1451,72550000,72555000,2398,3996,72600000,18726
4,1452,72600000,72605000,2398,3996,72650000,18738
4,1453,72650000,72655000,2398,3996,72700000,18751
4,1454,72700000,72705000,2398,3996,72750000,18765
4,1455,72750000,72755000,2398,3996,72800000,18777
4,1456,72800000,72805000,2398,3996,72850000,18790
4,1457,72850000,72855000,2398,3996,72900000,18803
4,1458,72900000,72905000,2398,3996,72950000,18816
4,1459,72950000,72955000,2398,3996,73000000,18830
4,146,7300000,7305000,2398,3996,7350000,1891
4,1460,73000000,73005000,2398,3996,73050000,18842
4,1461,73050000,73055000,2398,3996,73100000,18856
4,1462,73100000,73105000,2398,3996,73150000,18867
4,1463,73150000,73155000,2398,3996,73200000,18881
4,1464,73200000,73205000,2398,3996,73250000,18892
4,1465,73250000,73255000,2398,3996,73300000,18906
4,1466,73300000,73305000,2398,3996,73350000,18919
4,1467,73350000,73355000,2398,3996,73400000,18934
4,1468,73400000,73405000,2398,3996,73450000,18946
4,1469,73450000,73455000,2398,3996,73500000,18957
4,147,7350000,7355000,2398,3996,7400000,1905
4,1470,73500000,73505000,2398,3996,73550000,18970
4,1471,73550000,73555000,2398,3996,73600000,18984
4,1472,73600000,73605000,2398,3996,73650000,18998
4,1473,73650000,73655000,2398,3996,73700000,19009
4,1474,73700000,73705000,2398,3996,73750000,19022
4,1475,73750000,73755000,2398,3996,73800000,19036
4,1476,73800000,73805000,2398,3996,73850000,19048
4,1477,73850000,73855000,2398,3996,73900000,19061
4,1478,73900000,73905000,2398,3996,73950000,19074
4,1479,73950000,73955000,2398,3996,74000000,19089
4,148,7400000,7405000,2398,3996,7450000,1917
4,1480,74000000,74005000,2398,3996,74050000,19100
4,1481,74050000,74055000,2398,3996,74100000,19112
4,1482,74100000,74105000,2398,3996,74150000,19124
4,1483,74150000,74155000,2398,3996,74200000,19138
4,1484,74200000,74205000,2398,3996,74250000,19152
4,1485,74250000,74255000,2398,3996,74300000,19166
4,1486,74300000,74305000,2398,3996,74350000,19178
4,1487,74350000,74355000,2398,3996,74400000,19190
4,1488,74400000,74405000,2398,3996,74450000,19203
4,1489,74450000,74455000,2398,3996,74500000,19216
4,149,7450000,7455000,2398,3996,7500000,1930
4,1490,74500000,74505000,2398,3996,74550000,19228
4,1491,74550000,74555000,2398,3996,74600000,19242
4,1492,74600000,74605000,2398,3996,74650000,19255
4,1493,74650000,74655000,2398,3996,74700000,19268
4,1494,74700000,74705000,2398,3996,74750000,19279
4,1495,74750000,74755000,2398,3996,74800000,19294
4,1496,74800000,74805000,2398,3996,74850000,19307
4,1497,74850000,74855000,2398,3996,74900000,19320
4,1498,74900000,74905000,2398,3996,74950000,19332
4,1499,74950000,74955000,2398,3996,75000000,19345
4,15,750000,755000,2398,3996,800000,202
4,150,7500000,7505000,2398,3996,7550000,1941
4,1500,75000000,75005000,2398,3996,75050000,19357
4,1501,75050000,75055000,2398,3996,75100000,19370
4,1502,75100000,75105000,2398,3996,75150000,19384
4,1503,75150000,75155000,2398,3996,75200000,19398
4,1504,75200000,75205000,2398,3996,75250000,19410
4,1505,75250000,75255000,2398,3996,75300000,19422
4,1506,75300000,75305000,2398,3996,75350000,19435
4,1507,75350000,75355000,2398,3996,75400000,19448
4,1508,75400000,75405000,2398,3996,75450000,19461
4,1509,75450000,75455000,2398,3996,75500000,19474
4,151,7550000,7555000,2398,3996,7600000,1955
4,1510,75500000,75505000,2398,3996,75550000,19487
4,1511,75550000,75555000,2398,3996,75600000,19500
4,1512,75600000,75605000,2398,3996,75650000,19512
4,1513,75650000,75655000,2398,3996,75700000,19526
4,1514,75700000,75705000,2398,3996,75750000,19539
4,1515,75750000,75755000,2398,3996,75800000,19553
4,1516,75800000,75805000,2398,3996,75850000,19564
4,1517,75850000,75855000,2398,3996,75900000,19577
4,1518,75900000,75905000,2398,3996,75950000,19588
4,1519,75950000,75955000,2398,3996,76000000,19603
4,152,7600000,7605000,2398,3996,7650000,1969
4,1520,76000000,76005000,2398,3996,76050000,19616
4,1521,76050000,76055000,2398,3996,76100000,19630
4,1522,76100000,76105000,2398,3996,76150000,19642
4,1523,76150000,76155000,2398,3996,76200000,19655
4,1524,76200000,76205000,2398,3996,76250000,19668
4,1525,76250000,76255000,2398,3996,76300000,19679
4,1526,76300000,76305000,2398,3996,76350000,19693
4,1527,76350000,76355000,2398,3996,76400000,19707
4,1528,76400000,76405000,2398,3996,76450000,19720
4,1529,76450000,76455000,2398,3996,76500000,19731
4,153,7650000,7655000,2398,3996,7700000,1982
4,1530,76500000,76505000,2398,3996,76550000,19744
4,1531,76550000,76555000,2398,3996,76600000,19759
4,1532,76600000,76605000,2398,3996,76650000,19771
4,1533,76650000,76655000,2398,3996,76700000,19784
4,1534,76700000,76705000,2398,3996,76750000,19796
4,1535,76750000,76755000,2398,3996,76800000,19810
4,1536,76800000,76805000,2398,3996,76850000,19821
4,1537,76850000,76855000,2398,3996,76900000,19835
4,1538,76900000,76905000,2398,3996,76950000,19848
4,1539,76950000,76955000,2398,3996,77000000,19862
4,154,7700000,7705000,2398,3996,7750000,1995
4,1540,77000000,77005000,2398,3996,77050000,19875
4,1541,77050000,77055000,2398,3996,77100000,19887
4,1542,77100000,77105000,2398,3996,77150000,19899
4,1543,77150000,77155000,2398,3996,77200000,19912
4,1544,77200000,77205000,2398,3996,77250000,19926
4,1545,77250000,77255000,2398,3996,77300000,19939
4,1546,77300000,77305000,2398,3996,77350000,19950
4,1547,77350000,77355000,2398,3996,77400000,19964
4,1548,77400000,77405000,2398,3996,77450000,19977
4,1549,77450000,77455000,2398,3996,77500000,19991
4,155,7750000,7755000,2398,3996,7800000,2007
4,1550,77500000,77505000,2398,3996,77550000,20003
4,1551,77550000,77555000,2398,3996,77600000,20017
4,1552,77600000,77605000,2398,3996,77650000,20029
4,1553,77650000,77655000,2398,3996,77700000,20041
4,1554,77700000,77705000,2398,3996,77750000,20053
4,1555,77750000,77755000,2398,3996,77800000,20067
4,1556,77800000,77805000,2398,3996,77850000,20081
4,1557,77850000,77855000,2398,3996,77900000,20094
4,1558,77900000,77905000,2398,3996,77950000,20107
4,1559,77950000,77955000,2398,3996,78000000,20119
4,156,7800000,7805000,2398,3996,7850000,2020
4,1560,78000000,78005000,2398,3996,78050000,20131
4,1561,78050000,78055000,2398,3996,78100000,20144
4,1562,78100000,78105000,2398,3996,78150000,20158
4,1563,78150000,78155000,2398,3996,78200000,20172
4,1564,78200000,78205000,2398,3996,78250000,20183
4,1565,78250000,78255000,2398,3996,78300000,20196
4,1566,78300000,78305000,2398,3996,78350000,20209
4,1567,78350000,78355000,2398,3996,78400000,20223
4,1568,78400000,78405000,2398,3996,78450000,20235
4,1569,78450000,78455000,2398,3996,78500000,20249
4,157,7850000,7855000,2398,3996,7900000,2032
4,1570,78500000,78505000,2398,3996,78550000,20261
4,1571,78550000,78555000,2398,3996,78600000,20274
4,1572,78600000,78605000,2398,3996,78650000,20285
4,1573,78650000,78655000,2398,3996,78700000,20299
4,1574,78700000,78705000,2398,3996,78750000,20312
4,1575,78750000,78755000,2398,3996,78800000,20327
4,1576,78800000,78805000,2398,3996,78850000,20340
4,1577,78850000,78855000,2398,3996,78900000,20351
4,1578,78900000,78905000,2398,3996,78950000,20363
4,1579,78950000,78955000,2398,3996,79000000,20377
4,158,7900000,7905000,2398,3996,7950000,2046
4,1580,79000000,79005000,2398,3996,79050000,20391
4,1581,79050000,79055000,2398,3996,79100000,20402
4,1582,79100000,79105000,2398,3996,79150000,20415
4,1583,79150000,79155000,2398,3996,79200000,20429
4,1584,79200000,79205000,2398,3996,79250000,20442
4,1585,79250000,79255000,2398,3996,79300000,20454
4,1586,79300000,79305000,2398,3996,79350000,20467
4,1587,79350000,79355000,2398,3996,79400000,20482
4,1588,79400000,79405000,2398,3996,79450000,20493
4,1589,79450000,79455000,2398,3996,79500000,20506
4,159,7950000,7955000,2398,3996,8000000,2060
4,1590,79500000,79505000,2398,3996,79550000,20517
4,1591,79550000,79555000,2398,3996,79600000,20532
4,1592,79600000,79605000,2398,3996,79650000,20545
4,1593,79650000,79655000,2398,3996,79700000,20559
4,1594,79700000,79705000,2398,3996,79750000,20571
4,1595,79750000,79755000,2398,3996,79800000,20583
4,1596,79800000,79805000,2398,3996,79850000,20596
4,1597,79850000,79855000,2398,3996,79900000,20609
4,1598,79900000,79905000,2398,3996,79950000,20622
4,1599,79950000,79955000,2398,3996,80000000,20635
4,16,800000,805000,2398,3996,850000,215
4,160,8000000,8005000,2398,3996,8050000,2071
4,1600,80000000,80005000,2398,3996,80050000,20648
4,1601,80050000,80055000,2398,3996,80100000,20661
4,1602,80100000,80105000,2398,3996,80150000,20673
4,1603,80150000,80155000,2398,3996,80200000,20687
4,1604,80200000,80205000,2398,3996,80250000,20700
4,1605,80250000,80255000,2398,3996,80300000,20714
4,1606,80300000,80305000,2398,3996,80350000,20725
4,1607,80350000,80355000,2398,3996,80400000,20738
4,1608,80400000,80405000,2398,3996,80450000,20750
4,1609,80450000,80455000,2398,3996,80500000,20763
4,161,8050000,8055000,2398,3996,8100000,2084
4,1610,80500000,80505000,2398,3996,80550000,20777
4,1611,80550000,80555000,2398,3996,80600000,20791
4,1612,80600000,80605000,2398,3996,80650000,20804
4,1613,80650000,80655000,2398,3996,80700000,20815
4,1614,80700000,80705000,2398,3996,80750000,20828
4,1615,80750000,80755000,2398,3996,80800000,20842
4,1616,80800000,80805000,2398,3996,80850000,20854
4,1617,80850000,80855000,2398,3996,80900000,20867
4,1618,80900000,80905000,2398,3996,80950000,20880
4,1619,80950000,80955000,2398,3996,81000000,20894
4,162,8100000,8105000,2398,3996,8150000,2097
4,1620,81000000,81005000,2398,3996,81050000,20905
4,1621,81050000,81055000,2398,3996,81100000,20919
4,1622,81100000,81105000,2398,3996,81150000,20932
4,1623,81150000,81155000,2398,3996,81200000,20946
4,1624,81200000,81205000,2398,3996,81250000,20957
4,1625,81250000,81255000,2398,3996,81300000,20970
4,1626,81300000,81305000,2398,3996,81350000,20982
4,1627,81350000,81355000,2398,3996,81400000,20996
4,1628,81400000,81405000,2398,3996,81450000,21010
4,1629,81450000,81455000,2398,3996,81500000,21023
4,163,8150000,8155000,2398,3996,8200000,2112
4,1630,81500000,81505000,2398,3996,81550000,21035
4,1631,81550000,81555000,2398,3996,81600000,21048
4,1632,81600000,81605000,2398,3996,81650000,21061
4,1633,81650000,81655000,2398,3996,81700000,21073
4,1634,81700000,81705000,2398,3996,81750000,21086
4,1635,81750000,81755000,2398,3996,81800000,21100
4,1636,81800000,81805000,2398,3996,81850000,21113
4,1637,81850000,81855000,2398,3996,81900000,21124
4,1638,81900000,81905000,2398,3996,81950000,21137
4,1639,81950000,81955000,2398,3996,82000000,21152
4,164,8200000,8205000,2398,3996,8250000,2123
4,1640,82000000,82005000,2398,3996,82050000,21165
4,1641,82050000,82055000,2398,3996,82100000,21178
4,1642,82100000,82105000,2398,3996,82150000,21189
4,1643,82150000,82155000,2398,3996,82200000,21203
4,1644,82200000,82205000,2398,3996,82250000,21214
4,1645,82250000,82255000,2398,3996,82300000,21228
4,1646,82300000,82305000,2398,3996,82350000,21241
4,1647,82350000,82355000,2398,3996,82400000,21256
4,1648,82400000,82405000,2398,3996,82450000,21268
4,1649,82450000,82455000,2398,3996,82500000,21280
4,165,8250000,8255000,2398,3996,8300000,2137
4,1650,82500000,82505000,2398,3996,82550000,21292
4,1651,82550000,82555000,2398,3996,82600000,21305
4,1652,82600000,82605000,2398,3996,82650000,21319
4,1653,82650000,82655000,2398,3996,82700000,21332
4,1654,82700000,82705000,2398,3996,82750000,21345
4,1655,82750000,82755000,2398,3996,82800000,21357
4,1656,82800000,82805000,2398,3996,82850000,21370
4,1657,82850000,82855000,2398,3996,82900000,21384
4,1658,82900000,82905000,2398,3996,82950000,21396
4,1659,82950000,82955000,2398,3996,83000000,21410
4,166,8300000,8305000,2398,3996,8350000,2149
4,1660,83000000,83005000,2398,3996,83050000,21422
4,1661,83050000,83055000,2398,3996,83100000,21435
4,1662,83100000,83105000,2398,3996,83150000,21446
4,1663,83150000,83155000,2398,3996,83200000,21460
4,1664,83200000,83205000,2398,3996,83250000,21474
4,1665,83250000,83255000,2398,3996,83300000,21487
4,1666,83300000,83305000,2398,3996,83350000,21500
4,1667,83350000,83355000,2398,3996,83400000,21513
4,1668,83400000,83405000,2398,3996,83450000,21525
4,1669,83450000,83455000,2398,3996,83500000,21537
4,167,8350000,8355000,2398,3996,8400000,2162
4,1670,83500000,83505000,2398,3996,83550000,21551
4,1671,83550000,83555000,2398,3996,83600000,21565
4,1672,83600000,83605000,2398,3996,83650000,21576
4,1673,83650000,83655000,2398,3996,83700000,21589
4,1674,83700000,83705000,2398,3996,83750000,21602
4,1675,83750000,83755000,2398,3996,83800000,21617
4,1676,83800000,83805000,2398,3996,83850000,21628
4,1677,83850000,83855000,2398,3996,83900000,21642
4,1678,83900000,83905000,2398,3996,83950000,21654
4,1679,83950000,83955000,2398,3996,84000000,21667
4,168,8400000,8405000,2398,3996,8450000,2173
4,1680,84000000,84005000,2398,3996,84050000,21679
4,1681,84050000,84055000,2398,3996,84100000,21692
4,1682,84100000,84105000,2398,3996,84150000,21706
4,1683,84150000,84155000,2398,3996,84200000,21720
4,1684,84200000,84205000,2398,3996,84250000,21733
4,1685,84250000,84255000,2398,3996,84300000,21744
4,1686,84300000,84305000,2398,3996,84350000,21756
4,1687,84350000,84355000,2398,3996,84400000,21770
4,1688,84400000,84405000,2398,3996,84450000,21784
4,1689,84450000,84455000,2398,3996,84500000,21796
4,169,8450000,8455000,2398,3996,8500000,2187
4,1690,84500000,84505000,2398,3996,84550000,21808
4,1691,84550000,84555000,2398,3996,84600000,21822
4,1692,84600000,84605000,2398,3996,84650000,21835
4,1693,84650000,84655000,2398,3996,84700000,21848
4,1694,84700000,84705000,2398,3996,84750000,21860
4,1695,84750000,84755000,2398,3996,84800000,21875
4,1696,84800000,84805000,2398,3996,84850000,21887
4,1697,84850000,84855000,2398,3996,84900000,21899
4,1698,84900000,84905000,2398,3996,84950000,21910
4,1699,84950000,84955000,2398,3996,85000000,21925
4,17,850000,855000,2398,3996,900000,226
4,170,8500000,8505000,2398,3996,8550000,2201
4,1700,85000000,85005000,2398,3996,85050000,21938
4,1701,85050000,85055000,2398,3996,85100000,21952
4,1702,85100000,85105000,2398,3996,85150000,21964
4,1703,85150000,85155000,2398,3996,85200000,21977
4,1704,85200000,85205000,2398,3996,85250000,21989
4,1705,85250000,85255000,2398,3996,85300000,22002
4,1706,85300000,85305000,2398,3996,85350000,22016
4,1707,85350000,85355000,2398,3996,85400000,22028
4,1708,85400000,85405000,2398,3996,85450000,22041
4,1709,85450000,85455000,2398,3996,85500000,22054
4,171,8550000,8555000,2398,3996,8600000,2215
4,1710,85500000,85505000,2398,3996,85550000,22067
4,1711,85550000,85555000,2398,3996,85600000,22080
4,1712,85600000,85605000,2398,3996,85650000,22093
4,1713,85650000,85655000,2398,3996,85700000,22107
4,1714,85700000,85705000,2398,3996,85750000,22118
4,1715,85750000,85755000,2398,3996,85800000,22131
4,1716,85800000,85805000,2398,3996,85850000,22143
4,1717,85850000,85855000,2398,3996,85900000,22157
4,1718,85900000,85905000,2398,3996,85950000,22170
4,1719,85950000,85955000,2398,3996,86000000,22185
4,172,8600000,8605000,2398,3996,8650000,2228
4,1720,86000000,86005000,2398,3996,86050000,22197
4,1721,86050000,86055000,2398,3996,86100000,22208
4,1722,86100000,86105000,2398,3996,86150000,22221
4,1723,86150000,86155000,2398,3996,86200000,22235
4,1724,86200000,86205000,2398,3996,86250000,22248
4,1725,86250000,86255000,2398,3996,86300000,22260
4,1726,86300000,86305000,2398,3996,86350000,22273
4,1727,86350000,86355000,2398,3996,86400000,22287
4,1728,86400000,86405000,2398,3996,86450000,22298
4,1729,86450000,86455000,2398,3996,86500000,22312
4,173,8650000,8655000,2398,3996,8700000,2239
4,1730,86500000,86505000,2398,3996,86550000,22325
4,1731,86550000,86555000,2398,3996,86600000,22340
4,1732,86600000,86605000,2398,3996,86650000,22351
4,1733,86650000,86655000,2398,3996,86700000,22363
4,1734,86700000,86705000,2398,3996,86750000,22375
4,1735,86750000,86755000,2398,3996,86800000,22389
4,1736,86800000,86805000,2398,3996,86850000,22403
4,1737,86850000,86855000,2398,3996,86900000,22416
4,1738,86900000,86905000,2398,3996,86950000,22429
4,1739,86950000,86955000,2398,3996,87000000,22441
4,174,8700000,8705000,2398,3996,8750000,2251
4,1740,87000000,87005000,2398,3996,87050000,22454
4,1741,87050000,87055000,2398,3996,87100000,22466
4,1742,87100000,87105000,2398,3996,87150000,22479
4,1743,87150000,87155000,2398,3996,87200000,22493
4,1744,87200000,87205000,2398,3996,87250000,22506
4,1745,87250000,87255000,2398,3996,87300000,22519
4,1746,87300000,87305000,2398,3996,87350000,22530
4,1747,87350000,87355000,2398,3996,87400000,22545
4,1748,87400000,87405000,2398,3996,87450000,22558
4,1749,87450000,87455000,2398,3996,87500000,22571
4,175,8750000,8755000,2398,3996,8800000,2265
4,1750,87500000,87505000,2398,3996,87550000,22582
4,1751,87550000,87555000,2398,3996,87600000,22596
4,1752,87600000,87605000,2398,3996,87650000,22608
4,1753,87650000,87655000,2398,3996,87700000,22621
4,1754,87700000,87705000,2398,3996,87750000,22634
4,1755,87750000,87755000,2398,3996,87800000,22649
4,1756,87800000,87805000,2398,3996,87850000,22661
4,1757,87850000,87855000,2398,3996,87900000,22673
4,1758,87900000,87905000,2398,3996,87950000,22686
4,1759,87950000,87955000,2398,3996,88000000,22699
4,176,8800000,8805000,2398,3996,8850000,2279
4,1760,88000000,88005000,2398,3996,88050000,22712
4,1761,88050000,88055000,2398,3996,88100000,22725
4,1762,88100000,88105000,2398,3996,88150000,22738
4,1763,88150000,88155000,2398,3996,88200000,22750
4,1764,88200000,88205000,2398,3996,88250000,22763
4,1765,88250000,88255000,2398,3996,88300000,22777
4,1766,88300000,88305000,2398,3996,88350000,22790
4,1767,88350000,88355000,2398,3996,88400000,22803
4,1768,88400000,88405000,2398,3996,88450000,22815
4,1769,88450000,88455000,2398,3996,88500000,22828
4,177,8850000,8855000,2398,3996,8900000,2291
4,1770,88500000,88505000,2398,3996,88550000,22839
4,1771,88550000,88555000,2398,3996,88600000,22854
4,1772,88600000,88605000,2398,3996,88650000,22867
4,1773,88650000,88655000,2398,3996,88700000,22881
4,1774,88700000,88705000,2398,3996,88750000,22893
4,1775,88750000,88755000,2398,3996,88800000,22906
4,1776,88800000,88805000,2398,3996,88850000,22918
4,1777,88850000,88855000,2398,3996,88900000,22930
4,1778,88900000,88905000,2398,3996,88950000,22944
4,1779,88950000,88955000,2398,3996,89000000,22958
4,178,8900000,8905000,2398,3996,8950000,2303
4,1780,89000000,89005000,2398,3996,89050000,22970
4,1781,89050000,89055000,2398,3996,89100000,22982
4,1782,89100000,89105000,2398,3996,89150000,22995
4,1783,89150000,89155000,2398,3996,89200000,23010
4,1784,89200000,89205000,2398,3996,89250000,23022
4,1785,89250000,89255000,2398,3996,89300000,23035
4,1786,89300000,89305000,2398,3996,89350000,23047
4,1787,89350000,89355000,2398,3996,89400000,23061
4,1788,89400000,89405000,2398,3996,89450000,23072
4,1789,89450000,89455000,2398,3996,89500000,23085
4,179,8950000,8955000,2398,3996,9000000,2317
4,1790,89500000,89505000,2398,3996,89550000,23099
4,1791,89550000,89555000,2398,3996,89600000,23113
4,1792,89600000,89605000,2398,3996,89650000,23126
4,1793,89650000,89655000,2398,3996,89700000,23137
4,1794,89700000,89705000,2398,3996,89750000,23150
4,1795,89750000,89755000,2398,3996,89800000,23163
4,1796,89800000,89805000,2398,3996,89850000,23177
4,1797,89850000,89855000,2398,3996,89900000,23190
4,1798,89900000,89905000,2398,3996,89950000,23201
4,1799,89950000,89955000,2398,3996,90000000,23215
4,18,900000,905000,2398,3996,950000,239
4,180,9000000,9005000,2398,3996,9050000,2330
4,1800,90000000,90005000,2398,3996,90050000,23228
4,1801,90050000,90055000,2398,3996,90100000,23242
4,1802,90100000,90105000,2398,3996,90150000,23253
4,1803,90150000,90155000,2398,3996,90200000,23268
4,1804,90200000,90205000,2398,3996,90250000,23280
4,1805,90250000,90255000,2398,3996,90300000,23292
4,1806,90300000,90305000,2398,3996,90350000,23303
4,1807,90350000,90355000,2398,3996,90400000,23318
4,1808,90400000,90405000,2398,3996,90450000,23332
4,1809,90450000,90455000,2398,3996,90500000,23345
4,181,9050000,9055000,2398,3996,9100000,2342
4,1810,90500000,90505000,2398,3996,90550000,23358
4,1811,90550000,90555000,2398,3996,90600000,23370
4,1812,90600000,90605000,2398,3996,90650000,23382
4,1813,90650000,90655000,2398,3996,90700000,23395
4,1814,90700000,90705000,2398,3996,90750000,23409
4,1815,90750000,90755000,2398,3996,90800000,23422
4,1816,90800000,90805000,2398,3996,90850000,23434
4,1817,90850000,90855000,2398,3996,90900000,23447
4,1818,90900000,90905000,2398,3996,90950000,23460
4,1819,90950000,90955000,2398,3996,91000000,23473
4,182,9100000,9105000,2398,3996,9150000,2355
4,1820,91000000,91005000,2398,3996,91050000,23486
4,1821,91050000,91055000,2398,3996,91100000,23500
4,1822,91100000,91105000,2398,3996,91150000,23512
4,1823,91150000,91155000,2398,3996,91200000,23525
4,1824,91200000,91205000,2398,3996,91250000,23536
4,1825,91250000,91255000,2398,3996,91300000,23550
4,1826,91300000,91305000,2398,3996,91350000,23563
4,1827,91350000,91355000,2398,3996,91400000,23578
4,1828,91400000,91405000,2398,3996,91450000,23590
4,1829,91450000,91455000,2398,3996,91500000,23602
4,183,9150000,9155000,2398,3996,9200000,2370
4,1830,91500000,91505000,2398,3996,91550000,23614
4,1831,91550000,91555000,2398,3996,91600000,23628
4,1832,91600000,91605000,2398,3996,91650000,23641
4,1833,91650000,91655000,2398,3996,91700000,23653
4,1834,91700000,91705000,2398,3996,91750000,23666
4,1835,91750000,91755000,2398,3996,91800000,23680
4,1836,91800000,91805000,2398,3996,91850000,23693
4,1837,91850000,91855000,2398,3996,91900000,23705
4,1838,91900000,91905000,2398,3996,91950000,23718
4,1839,91950000,91955000,2398,3996,92000000,23733
4,184,9200000,9205000,2398,3996,9250000,2382
4,1840,92000000,92005000,2398,3996,92050000,23744
4,1841,92050000,92055000,2398,3996,92100000,23756
4,1842,92100000,92105000,2398,3996,92150000,23768
4,1843,92150000,92155000,2398,3996,92200000,23783
4,1844,92200000,92205000,2398,3996,92250000,23796
4,1845,92250000,92255000,2398,3996,92300000,23809
4,1846,92300000,92305000,2398,3996,92350000,23822
4,1847,92350000,92355000,2398,3996,92400000,23834
4,1848,92400000,92405000,2398,3996,92450000,23847
4,1849,92450000,92455000,2398,3996,92500000,23860
4,185,9250000,9255000,2398,3996,9300000,2394
4,1850,92500000,92505000,2398,3996,92550000,23873
4,1851,92550000,92555000,2398,3996,92600000,23886
4,1852,92600000,92605000,2398,3996,92650000,23899
4,1853,92650000,92655000,2398,3996,92700000,23912
4,1854,92700000,92705000,2398,3996,92750000,23923
4,1855,92750000,92755000,2398,3996,92800000,23938
4,1856,92800000,92805000,2398,3996,92850000,23951
4,1857,92850000,92855000,2398,3996,92900000,23965
4,1858,92900000,92905000,2398,3996,92950000,23975
4,1859,92950000,92955000,2398,3996,93000000,23989
4,186,9300000,9305000,2398,3996,9350000,2405
4,1860,93000000,93005000,2398,3996,93050000,24001
4,1861,93050000,93055000,2398,3996,93100000,24014
4,1862,93100000,93105000,2398,3996,93150000,24028
4,1863,93150000,93155000,2398,3996,93200000,24042
4,1864,93200000,93205000,2398,3996,93250000,24055
4,1865,93250000,93255000,2398,3996,93300000,24066
4,1866,93300000,93305000,2398,3996,93350000,24079
4,1867,93350000,93355000,2398,3996,93400000,24092
4,1868,93400000,93405000,2398,3996,93450000,24105
4,1869,93450000,93455000,2398,3996,93500000,24118
4,187,9350000,9355000,2398,3996,9400000,2420
4,1870,93500000,93505000,2398,3996,93550000,24131
4,1871,93550000,93555000,2398,3996,93600000,24144
4,1872,93600000,93605000,2398,3996,93650000,24156
4,1873,93650000,93655000,2398,3996,93700000,24170
4,1874,93700000,93705000,2398,3996,93750000,24183
4,1875,93750000,93755000,2398,3996,93800000,24197
4,1876,93800000,93805000,2398,3996,93850000,24208
4,1877,93850000,93855000,2398,3996,93900000,24221
4,1878,93900000,93905000,2398,3996,93950000,24233
4,1879,93950000,93955000,2398,3996,94000000,24247
4,188,9400000,9405000,2398,3996,9450000,2433
4,1880,94000000,94005000,2398,3996,94050000,24260
4,1881,94050000,94055000,2398,3996,94100000,24274
4,1882,94100000,94105000,2398,3996,94150000,24286
4,1883,94150000,94155000,2398,3996,94200000,24299
4,1884,94200000,94205000,2398,3996,94250000,24311
4,1885,94250000,94255000,2398,3996,94300000,24324
4,1886,94300000,94305000,2398,3996,94350000,24337
4,1887,94350000,94355000,2398,3996,94400000,24351
4,1888,94400000,94405000,2398,3996,94450000,24364
4,1889,94450000,94455000,2398,3996,94500000,24375
4,189,9450000,9455000,2398,3996,9500000,2447
4,1890,94500000,94505000,2398,3996,94550000,24388
4,1891,94550000,94555000,2398,3996,94600000,24403
4,1892,94600000,94605000,2398,3996,94650000,24416
4,1893,94650000,94655000,2398,3996,94700000,24428
4,1894,94700000,94705000,2398,3996,94750000,24440
4,1895,94750000,94755000,2398,3996,94800000,24454
4,1896,94800000,94805000,2398,3996,94850000,24465
4,1897,94850000,94855000,2398,3996,94900000,24478
4,1898,94900000,94905000,2398,3996,94950000,24492
4,1899,94950000,94955000,2398,3996,95000000,24507
4,19,950000,955000,2398,3996,1000000,254
4,190,9500000,9505000,2398,3996,9550000,2459
4,1900,95000000,95005000,2398,3996,95050000,24519
4,1901,95050000,95055000,2398,3996,95100000,24531
4,1902,95100000,95105000,2398,3996,95150000,24543
4,1903,95150000,95155000,2398,3996,95200000,24556
4,1904,95200000,95205000,2398,3996,95250000,24570
4,1905,95250000,95255000,2398,3996,95300000,24583
4,1906,95300000,95305000,2398,3996,95350000,24595
4,1907,95350000,95355000,2398,3996,95400000,24608
4,1908,95400000,95405000,2398,3996,95450000,24621
4,1909,95450000,95455000,2398,3996,95500000,24635
4,191,9550000,9555000,2398,3996,9600000,2472
4,1910,95500000,95505000,2398,3996,95550000,24646
4,1911,95550000,95555000,2398,3996,95600000,24661
4,1912,95600000,95605000,2398,3996,95650000,24673
4,1913,95650000,95655000,2398,3996,95700000,24686
4,1914,95700000,95705000,2398,3996,95750000,24697
4,1915,95750000,95755000,2398,3996,95800000,24711
4,1916,95800000,95805000,2398,3996,95850000,24725
4,1917,95850000,95855000,2398,3996,95900000,24738
4,1918,95900000,95905000,2398,3996,95950000,24751
4,1919,95950000,95955000,2398,3996,96000000,24763
4,192,9600000,9605000,2398,3996,9650000,2484
4,1920,96000000,96005000,2398,3996,96050000,24776
4,1921,96050000,96055000,2398,3996,96100000,24788
4,1922,96100000,96105000,2398,3996,96150000,24802
4,1923,96150000,96155000,2398,3996,96200000,24815
4,1924,96200000,96205000,2398,3996,96250000,24827
4,1925,96250000,96255000,2398,3996,96300000,24840
4,1926,96300000,96305000,2398,3996,96350000,24853
4,1927,96350000,96355000,2398,3996,96400000,24868
4,1928,96400000,96405000,2398,3996,96450000,24879
4,1929,96450000,96455000,2398,3996,96500000,24893
4,193,9650000,9655000,2398,3996,9700000,2497
4,1930,96500000,96505000,2398,3996,96550000,24905
4,1931,96550000,96555000,2398,3996,96600000,24918
4,1932,96600000,96605000,2398,3996,96650000,24929
4,1933,96650000,96655000,2398,3996,96700000,24943
4,1934,96700000,96705000,2398,3996,96750000,24957
4,1935,96750000,96755000,2398,3996,96800000,24971
4,1936,96800000,96805000,2398,3996,96850000,24983
4,1937,96850000,96855000,2398,3996,96900000,24995
4,1938,96900000,96905000,2398,3996,96950000,25007
4,1939,96950000,96955000,2398,3996,97000000,25021
4,194,9700000,9705000,2398,3996,9750000,2510
4,1940,97000000,97005000,2398,3996,97050000,25035
4,1941,97050000,97055000,2398,3996,97100000,25047
4,1942,97100000,97105000,2398,3996,97150000,25059
4,1943,97150000,97155000,2398,3996,97200000,25073
4,1944,97200000,97205000,2398,3996,97250000,25086
4,1945,97250000,97255000,2398,3996,97300000,25098
4,1946,97300000,97305000,2398,3996,97350000,25111
4,1947,97350000,97355000,2398,3996,97400000,25126
4,1948,97400000,97405000,2398,3996,97450000,25138
4,1949,97450000,97455000,2398,3996,97500000,25149
4,195,9750000,9755000,2398,3996,9800000,2523
4,1950,97500000,97505000,2398,3996,97550000,25161
4,1951,97550000,97555000,2398,3996,97600000,25176
4,1952,97600000,97605000,2398,3996,97650000,25189
4,1953,97650000,97655000,2398,3996,97700000,25203
4,1954,97700000,97705000,2398,3996,97750000,25215
4,1955,97750000,97755000,2398,3996,97800000,25228
4,1956,97800000,97805000,2398,3996,97850000,25240
4,1957,97850000,97855000,2398,3996,97900000,25253
4,1958,97900000,97905000,2398,3996,97950000,25266
4,1959,97950000,97955000,2398,3996,98000000,25279
4,196,9800000,9805000,2398,3996,9850000,2536
4,1960,98000000,98005000,2398,3996,98050000,25292
4,1961,98050000,98055000,2398,3996,98100000,25305
4,1962,98100000,98105000,2398,3996,98150000,25317
4,1963,98150000,98155000,2398,3996,98200000,25331
4,1964,98200000,98205000,2398,3996,98250000,25344
4,1965,98250000,98255000,2398,3996,98300000,25358
4,1966,98300000,98305000,2398,3996,98350000,25369
4,1967,98350000,98355000,2398,3996,98400000,25382
4,1968,98400000,98405000,2398,3996,98450000,25394
4,1969,98450000,98455000,2398,3996,98500000,25408
4,197,9850000,9855000,2398,3996,9900000,2549
4,1970,98500000,98505000,2398,3996,98550000,25421
4,1971,98550000,98555000,2398,3996,98600000,25435
4,1972,98600000,98605000,2398,3996,98650000,25448
4,1973,98650000,98655000,2398,3996,98700000,25459
4,1974,98700000,98705000,2398,3996,98750000,25472
4,1975,98750000,98755000,2398,3996,98800000,25485
4,1976,98800000,98805000,2398,3996,98850000,25499
4,1977,98850000,98855000,2398,3996,98900000,25511
4,1978,98900000,98905000,2398,3996,98950000,25524
4,1979,98950000,98955000,2398,3996,99000000,25538
4,198,9900000,9905000,2398,3996,9950000,2562
4,1980,99000000,99005000,2398,3996,99050000,25549
4,1981,99050000,99055000,2398,3996,99100000,25563
4,1982,99100000,99105000,2398,3996,99150000,25576
4,1983,99150000,99155000,2398,3996,99200000,25591
4,1984,99200000,99205000,2398,3996,99250000,25601
4,1985,99250000,99255000,2398,3996,99300000,25614
4,1986,99300000,99305000,2398,3996,99350000,25626
4,1987,99350000,99355000,2398,3996,99400000,25640
4,1988,99400000,99405000,2398,3996,99450000,25653
4,1989,99450000,99455000,2398,3996,99500000,25667
4,199,9950000,9955000,2398,3996,10000000,2575
4,1990,99500000,99505000,2398,3996,99550000,25680
4,1991,99550000,99555000,2398,3996,99600000,25692
4,1992,99600000,99605000,2398,3996,99650000,25705
4,1993,99650000,99655000,2398,3996,99700000,25717
4,1994,99700000,99705000,2398,3996,99750000,25730
4,1995,99750000,99755000,2398,3996,99800000,25744
4,1996,99800000,99805000,2398,3996,99850000,25757
4,1997,99850000,99855000,2398,3996,99900000,25769
4,1998,99900000,99905000,2398,3996,99950000,25781
4,1999,99950000,99955000,2398,3996,100000000,25796
4,2,100000,105000,2398,3996,150000,34
4,20,1000000,1005000,2398,3996,1050000,266
4,200,10000000,10005000,2398,3996,10050000,2588
4,2000,100000000,100005000,2398,3996,100050000,25809
4,2001,100050000,100055000,2398,3996,100100000,25821
4,2002,100100000,100105000,2398,3996,100150000,25833
4,2003,100150000,100155000,2398,3996,100200000,25847
4,2004,100200000,100205000,2398,3996,100250000,25859
4,2005,100250000,100255000,2398,3996,100300000,25872
4,2006,100300000,100305000,2398,3996,100350000,25885
4,2007,100350000,100355000,2398,3996,100400000,25900
4,2008,100400000,100405000,2398,3996,100450000,25912
4,2009,100450000,100455000,2398,3996,100500000,25924
4,201,10050000,10055000,2398,3996,10100000,2602
4,2010,100500000,100505000,2398,3996,100550000,25936
4,2011,100550000,100555000,2398,3996,100600000,25950
4,2012,100600000,100605000,2398,3996,100650000,25963
4,2013,100650000,100655000,2398,3996,100700000,25976
4,2014,100700000,100705000,2398,3996,100750000,25988
4,2015,100750000,100755000,2398,3996,100800000,26001
4,2016,100800000,100805000,2398,3996,100850000,26014
4,2017,100850000,100855000,2398,3996,100900000,26028
4,2018,100900000,100905000,2398,3996,100950000,26041
4,2019,100950000,100955000,2398,3996,101000000,26054
4,202,10100000,10105000,2398,3996,10150000,2613
4,2020,101000000,101005000,2398,3996,101050000,26066
4,2021,101050000,101055000,2398,3996,101100000,26079
4,2022,101100000,101105000,2398,3996,101150000,26090
4,2023,101150000,101155000,2398,3996,101200000,26104
4,2024,101200000,101205000,2398,3996,101250000,26118
4,2025,101250000,101255000,2398,3996,101300000,26132
4,2026,101300000,101305000,2398,3996,101350000,26144
4,2027,101350000,101355000,2398,3996,101400000,26156
4,2028,101400000,101405000,2398,3996,101450000,26169
4,2029,101450000,101455000,2398,3996,101500000,26181
4,203,10150000,10155000,2398,3996,10200000,2626
4,2030,101500000,101505000,2398,3996,101550000,26195
4,2031,101550000,101555000,2398,3996,101600000,26209
4,2032,101600000,101605000,2398,3996,101650000,26221
4,2033,101650000,101655000,2398,3996,101700000,26233
4,2034,101700000,101705000,2398,3996,101750000,26246
4,2035,101750000,101755000,2398,3996,101800000,26261
4,2036,101800000,101805000,2398,3996,101850000,26272
4,2037,101850000,101855000,2398,3996,101900000,26286
4,2038,101900000,101905000,2398,3996,101950000,26298
4,2039,101950000,101955000,2398,3996,102000000,26312
4,204,10200000,10205000,2398,3996,10250000,2638
4,2040,102000000,102005000,2398,3996,102050000,26322
4,2041,102050000,102055000,2398,3996,102100000,26336
4,2042,102100000,102105000,2398,3996,102150000,26350
4,2043,102150000,102155000,2398,3996,102200000,26364
4,2044,102200000,102205000,2398,3996,102250000,26377
4,2045,102250000,102255000,2398,3996,102300000,26388
4,2046,102300000,102305000,2398,3996,102350000,26401
4,2047,102350000,102355000,2398,3996,102400000,26414
4,2048,102400000,102405000,2398,3996,102450000,26428
4,2049,102450000,102455000,2398,3996,102500000,26440
4,205,10250000,10255000,2398,3996,10300000,2652
4,2050,102500000,102505000,2398,3996,102550000,26452
4,2051,102550000,102555000,2398,3996,102600000,26466
4,2052,102600000,102605000,2398,3996,102650000,26479
4,2053,102650000,102655000,2398,3996,102700000,26492
4,2054,102700000,102705000,2398,3996,102750000,26504
4,2055,102750000,102755000,2398,3996,102800000,26519
4,2056,102800000,102805000,2398,3996,102850000,26531
4,2057,102850000,102855000,2398,3996,102900000,26543
4,2058,102900000,102905000,2398,3996,102950000,26554
4,2059,102950000,102955000,2398,3996,103000000,26569
4,206,10300000,10305000,2398,3996,10350000,2665
4,2060,103000000,103005000,2398,3996,103050000,26583
4,2061,103050000,103055000,2398,3996,103100000,26596
4,2062,103100000,103105000,2398,3996,103150000,26608
4,2063,103150000,103155000,2398,3996,103200000,26621
4,2064,103200000,103205000,2398,3996,103250000,26633
4,2065,103250000,103255000,2398,3996,103300000,26646
4,2066,103300000,103305000,2398,3996,103350000,26659
4,2067,103350000,103355000,2398,3996,103400000,26673
4,2068,103400000,103405000,2398,3996,103450000,26685
4,2069,103450000,103455000,2398,3996,103500000,26698
4,207,10350000,10355000,2398,3996,10400000,2679
4,2070,103500000,103505000,2398,3996,103550000,26711
4,2071,103550000,103555000,2398,3996,103600000,26724
4,2072,103600000,103605000,2398,3996,103650000,26737
4,2073,103650000,103655000,2398,3996,103700000,26751
4,2074,103700000,103705000,2398,3996,103750000,26763
4,2075,103750000,103755000,2398,3996,103800000,26775
4,2076,103800000,103805000,2398,3996,103850000,26787
4,2077,103850000,103855000,2398,3996,103900000,26801
4,2078,103900000,103905000,2398,3996,103950000,26814
4,2079,103950000,103955000,2398,3996,104000000,26828
4,208,10400000,10405000,2398,3996,10450000,2692
4,2080,104000000,104005000,2398,3996,104050000,26841
4,2081,104050000,104055000,2398,3996,104100000,26853
4,2082,104100000,104105000,2398,3996,104150000,26865
4,2083,104150000,104155000,2398,3996,104200000,26879
4,2084,104200000,104205000,2398,3996,104250000,26892
4,2085,104250000,104255000,2398,3996,104300000,26904
4,2086,104300000,104305000,2398,3996,104350000,26917
4,2087,104350000,104355000,2398,3996,104400000,26931
4,2088,104400000,104405000,2398,3996,104450000,26943
4,2089,104450000,104455000,2398,3996,104500000,26956
4,209,10450000,10455000,2398,3996,10500000,2703
4,2090,104500000,104505000,2398,3996,104550000,26969
4,2091,104550000,104555000,2398,3996,104600000,26984
4,2092,104600000,104605000,2398,3996,104650000,26994
4,2093,104650000,104655000,2398,3996,104700000,27007
4,2094,104700000,104705000,2398,3996,104750000,27019
4,2095,104750000,104755000,2398,3996,104800000,27034
4,2096,104800000,104805000,2398,3996,104850000,27047
4,2097,104850000,104855000,2398,3996,104900000,27060
4,2098,104900000,104905000,2398,3996,104950000,27073
4,2099,104950000,104955000,2398,3996,105000000,27085
4,21,1050000,1055000,2398,3996,1100000,279
4,210,10500000,10505000,2398,3996,10550000,2716
4,2100,105000000,105005000,2398,3996,105050000,27098
4,2101,105050000,105055000,2398,3996,105100000,27110
4,2102,105100000,105105000,2398,3996,105150000,27124
4,2103,105150000,105155000,2398,3996,105200000,27137
4,2104,105200000,105205000,2398,3996,105250000,27150
4,2105,105250000,105255000,2398,3996,105300000,27162
4,2106,105300000,105305000,2398,3996,105350000,27174
4,2107,105350000,105355000,2398,3996,105400000,27189
4,2108,105400000,105405000,2398,3996,105450000,27202
4,2109,105450000,105455000,2398,3996,105500000,27216
4,211,10550000,10555000,2398,3996,10600000,2730
4,2110,105500000,105505000,2398,3996,105550000,27226
4,2111,105550000,105555000,2398,3996,105600000,27240
4,2112,105600000,105605000,2398,3996,105650000,27252
4,2113,105650000,105655000,2398,3996,105700000,27265
4,2114,105700000,105705000,2398,3996,105750000,27278
4,2115,105750000,105755000,2398,3996,105800000,27293
4,2116,105800000,105805000,2398,3996,105850000,27306
4,2117,105850000,105855000,2398,3996,105900000,27317
4,2118,105900000,105905000,2398,3996,105950000,27329
4,2119,105950000,105955000,2398,3996,106000000,27343
4,212,10600000,10605000,2398,3996,10650000,2743
4,2120,106000000,106005000,2398,3996,106050000,27356
4,2121,106050000,106055000,2398,3996,106100000,27369
4,2122,106100000,106105000,2398,3996,106150000,27382
4,2123,106150000,106155000,2398,3996,106200000,27395
4,2124,106200000,106205000,2398,3996,106250000,27407
4,2125,106250000,106255000,2398,3996,106300000,27421
4,2126,106300000,106305000,2398,3996,106350000,27434
4,2127,106350000,106355000,2398,3996,106400000,27447
4,2128,106400000,106405000,2398,3996,106450000,27459
4,2129,106450000,106455000,2398,3996,106500000,27472
4,213,10650000,10655000,2398,3996,10700000,2755
4,2130,106500000,106505000,2398,3996,106550000,27484
4,2131,106550000,106555000,2398,3996,106600000,27497
4,2132,106600000,106605000,2398,3996,106650000,27511
4,2133,106650000,106655000,2398,3996,106700000,27525
4,2134,106700000,106705000,2398,3996,106750000,27537
4,2135,106750000,106755000,2398,3996,106800000,27550
4,2136,106800000,106805000,2398,3996,106850000,27562
4,2137,106850000,106855000,2398,3996,106900000,27575
4,2138,106900000,106905000,2398,3996,106950000,27588
4,2139,106950000,106955000,2398,3996,107000000,27602
4,214,10700000,10705000,2398,3996,10750000,2768
4,2140,107000000,107005000,2398,3996,107050000,27614
4,2141,107050000,107055000,2398,3996,107100000,27626
4,2142,107100000,107105000,2398,3996,107150000,27639
4,2143,107150000,107155000,2398,3996,107200000,27654
4,2144,107200000,107205000,2398,3996,107250000,27666
4,2145,107250000,107255000,2398,3996,107300000,27679
4,2146,107300000,107305000,2398,3996,107350000,27691
4,2147,107350000,107355000,2398,3996,107400000,27705
4,2148,107400000,107405000,2398,3996,107450000,27716
4,2149,107450000,107455000,2398,3996,107500000,27729
4,215,10750000,10755000,2398,3996,10800000,2782
4,2150,107500000,107505000,2398,3996,107550000,27743
4,2151,107550000,107555000,2398,3996,107600000,27758
4,2152,107600000,107605000,2398,3996,107650000,27770
4,2153,107650000,107655000,2398,3996,107700000,27781
4,2154,107700000,107705000,2398,3996,107750000,27794
4,2155,107750000,107755000,2398,3996,107800000,27807
4,2156,107800000,107805000,2398,3996,107850000,27821
4,2157,107850000,107855000,2398,3996,107900000,27833
4,2158,107900000,107905000,2398,3996,107950000,27846
4,2159,107950000,107955000,2398,3996,108000000,27859
4,216,10800000,10805000,2398,3996,10850000,2793
4,2160,108000000,108005000,2398,3996,108050000,27872
4,2161,108050000,108055000,2398,3996,108100000,27886
4,2162,108100000,108105000,2398,3996,108150000,27897
4,2163,108150000,108155000,2398,3996,108200000,27912
4,2164,108200000,108205000,2398,3996,108250000,27924
4,2165,108250000,108255000,2398,3996,108300000,27937
4,2166,108300000,108305000,2398,3996,108350000,27947
4,2167,108350000,108355000,2398,3996,108400000,27962
4,2168,108400000,108405000,2398,3996,108450000,27976
4,2169,108450000,108455000,2398,3996,108500000,27989
4,217,10850000,10855000,2398,3996,10900000,2807
4,2170,108500000,108505000,2398,3996,108550000,28001
4,2171,108550000,108555000,2398,3996,108600000,28014
4,2172,108600000,108605000,2398,3996,108650000,28027
4,2173,108650000,108655000,2398,3996,108700000,28039
4,2174,108700000,108705000,2398,3996,108750000,28053
4,2175,108750000,108755000,2398,3996,108800000,28066
4,2176,108800000,108805000,2398,3996,108850000,28078
4,2177,108850000,108855000,2398,3996,108900000,28091
4,2178,108900000,108905000,2398,3996,108950000,28104
4,2179,108950000,108955000,2398,3996,109000000,28118
4,218,10900000,10905000,2398,3996,10950000,2820
4,2180,109000000,109005000,2398,3996,109050000,28130
4,2181,109050000,109055000,2398,3996,109100000,28144
4,2182,109100000,109105000,2398,3996,109150000,28156
4,2183,109150000,109155000,2398,3996,109200000,28168
4,2184,109200000,109205000,2398,3996,109250000,28180
4,2185,109250000,109255000,2398,3996,109300000,28194
4,2186,109300000,109305000,2398,3996,109350000,28208
4,2187,109350000,109355000,2398,3996,109400000,28222
4,2188,109400000,109405000,2398,3996,109450000,28234
4,2189,109450000,109455000,2398,3996,109500000,28246
4,219,10950000,10955000,2398,3996,11000000,2835
4,2190,109500000,109505000,2398,3996,109550000,28258
4,2191,109550000,109555000,2398,3996,109600000,28272
4,2192,109600000,109605000,2398,3996,109650000,28285
4,2193,109650000,109655000,2398,3996,109700000,28298
4,2194,109700000,109705000,2398,3996,109750000,28310
4,2195,109750000,109755000,2398,3996,109800000,28324
4,2196,109800000,109805000,2398,3996,109850000,28336
4,2197,109850000,109855000,2398,3996,109900000,28349
4,2198,109900000,109905000,2398,3996,109950000,28362
4,2199,109950000,109955000,2398,3996,110000000,28377
4,22,1100000,1105000,2398,3996,1150000,291
4,220,11000000,11005000,2398,3996,11050000,2845
4,2200,110000000,110005000,2398,3996,110050000,28389
4,2201,110050000,110055000,2398,3996,110100000,28400
4,2202,110100000,110105000,2398,3996,110150000,28412
4,2203,110150000,110155000,2398,3996,110200000,28427
4,2204,110200000,110205000,2398,3996,110250000,28440
4,2205,110250000,110255000,2398,3996,110300000,28453
4,2206,110300000,110305000,2398,3996,110350000,28466
4,2207,110350000,110355000,2398,3996,110400000,28479
4,2208,110400000,110405000,2398,3996,110450000,28491
4,2209,110450000,110455000,2398,3996,110500000,28503
4,221,11050000,11055000,2398,3996,11100000,2858
4,2210,110500000,110505000,2398,3996,110550000,28517
4,2211,110550000,110555000,2398,3996,110600000,28530
4,2212,110600000,110605000,2398,3996,110650000,28543
4,2213,110650000,110655000,2398,3996,110700000,28556
4,2214,110700000,110705000,2398,3996,110750000,28568
4,2215,110750000,110755000,2398,3996,110800000,28582
4,2216,110800000,110805000,2398,3996,110850000,28595
4,2217,110850000,110855000,2398,3996,110900000,28609
4,2218,110900000,110905000,2398,3996,110950000,28619
4,2219,110950000,110955000,2398,3996,111000000,28633
4,222,11100000,11105000,2398,3996,11150000,2870
4,2220,111000000,111005000,2398,3996,111050000,28645
4,2221,111050000,111055000,2398,3996,111100000,28659
4,2222,111100000,111105000,2398,3996,111150000,28671
4,2223,111150000,111155000,2398,3996,111200000,28686
4,2224,111200000,111205000,2398,3996,111250000,28699
4,2225,111250000,111255000,2398,3996,111300000,28710
4,2226,111300000,111305000,2398,3996,111350000,28723
4,2227,111350000,111355000,2398,3996,111400000,28736
4,2228,111400000,111405000,2398,3996,111450000,28750
4,2229,111450000,111455000,2398,3996,111500000,28762
4,223,11150000,11155000,2398,3996,11200000,2884
4,2230,111500000,111505000,2398,3996,111550000,28775
4,2231,111550000,111555000,2398,3996,111600000,28788
4,2232,111600000,111605000,2398,3996,111650000,28800
4,2233,111650000,111655000,2398,3996,111700000,28814
4,2234,111700000,111705000,2398,3996,111750000,28827
4,2235,111750000,111755000,2398,3996,111800000,28841
4,2236,111800000,111805000,2398,3996,111850000,28852
4,2237,111850000,111855000,2398,3996,111900000,28865
4,2238,111900000,111905000,2398,3996,111950000,28877
4,2239,111950000,111955000,2398,3996,112000000,28891
4,224,11200000,11205000,2398,3996,11250000,2898
4,2240,112000000,112005000,2398,3996,112050000,28904
4,2241,112050000,112055000,2398,3996,112100000,28918
4,2242,112100000,112105000,2398,3996,112150000,28931
4,2243,112150000,112155000,2398,3996,112200000,28943
4,2244,112200000,112205000,2398,3996,112250000,28955
4,2245,112250000,112255000,2398,3996,112300000,28968
4,2246,112300000,112305000,2398,3996,112350000,28981
4,2247,112350000,112355000,2398,3996,112400000,28995
4,2248,112400000,112405000,2398,3996,112450000,29007
4,2249,112450000,112455000,2398,3996,112500000,29020
4,225,11250000,11255000,2398,3996,11300000,2911
4,2250,112500000,112505000,2398,3996,112550000,29032
4,2251,112550000,112555000,2398,3996,112600000,29047
4,2252,112600000,112605000,2398,3996,112650000,29060
4,2253,112650000,112655000,2398,3996,112700000,29072
4,2254,112700000,112705000,2398,3996,112750000,29084
4,2255,112750000,112755000,2398,3996,112800000,29098
4,2256,112800000,112805000,2398,3996,112850000,29110
4,2257,112850000,112855000,2398,3996,112900000,29122
4,2258,112900000,112905000,2398,3996,112950000,29136
4,2259,112950000,112955000,2398,3996,113000000,29151
4,226,11300000,11305000,2398,3996,11350000,2924
4,2260,113000000,113005000,2398,3996,113050000,29163
4,2261,113050000,113055000,2398,3996,113100000,29174
4,2262,113100000,113105000,2398,3996,113150000,29187
4,2263,113150000,113155000,2398,3996,113200000,29201
4,2264,113200000,113205000,2398,3996,113250000,29214
4,2265,113250000,113255000,2398,3996,113300000,29227
4,2266,113300000,113305000,2398,3996,113350000,29239
4,2267,113350000,113355000,2398,3996,113400000,29252
4,2268,113400000,113405000,2398,3996,113450000,29265
4,2269,113450000,113455000,2398,3996,113500000,29279
4,227,11350000,11355000,2398,3996,11400000,2936
4,2270,113500000,113505000,2398,3996,113550000,29291
4,2271,113550000,113555000,2398,3996,113600000,29305
4,2272,113600000,113605000,2398,3996,113650000,29317
4,2273,113650000,113655000,2398,3996,113700000,29330
4,2274,113700000,113705000,2398,3996,113750000,29340
4,2275,113750000,113755000,2398,3996,113800000,29355
4,2276,113800000,113805000,2398,3996,113850000,29369
4,2277,113850000,113855000,2398,3996,113900000,29383
4,2278,113900000,113905000,2398,3996,113950000,29395
4,2279,113950000,113955000,2398,3996,114000000,29407
4,228,11400000,11405000,2398,3996,11450000,2949
4,2280,114000000,114005000,2398,3996,114050000,29420
4,2281,114050000,114055000,2398,3996,114100000,29432
4,2282,114100000,114105000,2398,3996,114150000,29446
4,2283,114150000,114155000,2398,3996,114200000,29459
4,2284,114200000,114205000,2398,3996,114250000,29472
4,2285,114250000,114255000,2398,3996,114300000,29484
4,2286,114300000,114305000,2398,3996,114350000,29497
4,2287,114350000,114355000,2398,3996,114400000,29511
4,2288,114400000,114405000,2398,3996,114450000,29523
4,2289,114450000,114455000,2398,3996,114500000,29537
4,229,11450000,11455000,2398,3996,11500000,2961
4,2290,114500000,114505000,2398,3996,114550000,29549
4,2291,114550000,114555000,2398,3996,114600000,29563
4,2292,114600000,114605000,2398,3996,114650000,29573
4,2293,114650000,114655000,2398,3996,114700000,29587
4,2294,114700000,114705000,2398,3996,114750000,29601
4,2295,114750000,114755000,2398,3996,114800000,29615
4,2296,114800000,114805000,2398,3996,114850000,29627
4,2297,114850000,114855000,2398,3996,114900000,29639
4,2298,114900000,114905000,2398,3996,114950000,29652
4,2299,114950000,114955000,2398,3996,115000000,29665
4,23,1150000,1155000,2398,3996,1200000,305
4,230,11500000,11505000,2398,3996,11550000,2974
4,2300,115000000,115005000,2398,3996,115050000,29678
4,2301,115050000,115055000,2398,3996,115100000,29691
4,2302,115100000,115105000,2398,3996,115150000,29703
4,2303,115150000,115155000,2398,3996,115200000,29717
4,2304,115200000,115205000,2398,3996,115250000,29730
4,2305,115250000,115255000,2398,3996,115300000,29743
4,2306,115300000,115305000,2398,3996,115350000,29755
4,2307,115350000,115355000,2398,3996,115400000,29770
4,2308,115400000,115405000,2398,3996,115450000,29782
4,2309,115450000,115455000,2398,3996,115500000,29793
4,231,11550000,11555000,2398,3996,11600000,2988
4,2310,115500000,115505000,2398,3996,115550000,29805
4,2311,115550000,115555000,2398,3996,115600000,29820
4,2312,115600000,115605000,2398,3996,115650000,29834
4,2313,115650000,115655000,2398,3996,115700000,29846
4,2314,115700000,115705000,2398,3996,115750000,29859
4,2315,115750000,115755000,2398,3996,115800000,29872
4,2316,115800000,115805000,2398,3996,115850000,29884
4,2317,115850000,115855000,2398,3996,115900000,29897
4,2318,115900000,115905000,2398,3996,115950000,29910
4,2319,115950000,115955000,2398,3996,116000000,29924
4,232,11600000,11605000,2398,3996,11650000,3001
4,2320,116000000,116005000,2398,3996,116050000,29936
4,2321,116050000,116055000,2398,3996,116100000,29949
4,2322,116100000,116105000,2398,3996,116150000,29961
4,2323,116150000,116155000,2398,3996,116200000,29975
4,2324,116200000,116205000,2398,3996,116250000,29988
4,2325,116250000,116255000,2398,3996,116300000,30002
4,2326,116300000,116305000,2398,3996,116350000,30013
4,2327,116350000,116355000,2398,3996,116400000,30026
4,2328,116400000,116405000,2398,3996,116450000,30038
4,2329,116450000,116455000,2398,3996,116500000,30052
4,233,11650000,11655000,2398,3996,11700000,3013
4,2330,116500000,116505000,2398,3996,116550000,30065
4,2331,116550000,116555000,2398,3996,116600000,30079
4,2332,116600000,116605000,2398,3996,116650000,30092
4,2333,116650000,116655000,2398,3996,116700000,30104
4,2334,116700000,116705000,2398,3996,116750000,30116
4,2335,116750000,116755000,2398,3996,116800000,30129
4,2336,116800000,116805000,2398,3996,116850000,30143
4,2337,116850000,116855000,2398,3996,116900000,30155
4,2338,116900000,116905000,2398,3996,116950000,30168
4,2339,116950000,116955000,2398,3996,117000000,30181
4,234,11700000,11705000,2398,3996,11750000,3025
4,2340,117000000,117005000,2398,3996,117050000,30194
4,2341,117050000,117055000,2398,3996,117100000,30207
4,2342,117100000,117105000,2398,3996,117150000,30220
4,2343,117150000,117155000,2398,3996,117200000,30235
4,2344,117200000,117205000,2398,3996,117250000,30245
4,2345,117250000,117255000,2398,3996,117300000,30258
4,2346,117300000,117305000,2398,3996,117350000,30270
4,2347,117350000,117355000,2398,3996,117400000,30285
4,2348,117400000,117405000,2398,3996,117450000,30297
4,2349,117450000,117455000,2398,3996,117500000,30311
4,235,11750000,11755000,2398,3996,11800000,3040
4,2350,117500000,117505000,2398,3996,117550000,30324
4,2351,117550000,117555000,2398,3996,117600000,30336
4,2352,117600000,117605000,2398,3996,117650000,30348
4,2353,117650000,117655000,2398,3996,117700000,30361
4,2354,117700000,117705000,2398,3996,117750000,30375
4,2355,117750000,117755000,2398,3996,117800000,30388
4,2356,117800000,117805000,2398,3996,117850000,30401
4,2357,117850000,117855000,2398,3996,117900000,30413
4,2358,117900000,117905000,2398,3996,117950000,30425
4,2359,117950000,117955000,2398,3996,118000000,30440
4,236,11800000,11805000,2398,3996,11850000,3053
4,2360,118000000,118005000,2398,3996,118050000,30453
4,2361,118050000,118055000,2398,3996,118100000,30466
4,2362,118100000,118105000,2398,3996,118150000,30477
4,2363,118150000,118155000,2398,3996,118200000,30491
4,2364,118200000,118205000,2398,3996,118250000,30503
4,2365,118250000,118255000,2398,3996,118300000,30515
4,2366,118300000,118305000,2398,3996,118350000,30529
4,2367,118350000,118355000,2398,3996,118400000,30544
4,2368,118400000,118405000,2398,3996,118450000,30557
4,2369,118450000,118455000,2398,3996,118500000,30568
4,237,11850000,11855000,2398,3996,11900000,3066
4,2370,118500000,118505000,2398,3996,118550000,30580
4,2371,118550000,118555000,2398,3996,118600000,30594
4,2372,118600000,118605000,2398,3996,118650000,30607
4,2373,118650000,118655000,2398,3996,118700000,30620
4,2374,118700000,118705000,2398,3996,118750000,30632
4,2375,118750000,118755000,2398,3996,118800000,30646
4,2376,118800000,118805000,2398,3996,118850000,30658
4,2377,118850000,118855000,2398,3996,118900000,30672
4,2378,118900000,118905000,2398,3996,118950000,30684
4,2379,118950000,118955000,2398,3996,119000000,30698
4,238,11900000,11905000,2398,3996,11950000,3077
4,2380,119000000,119005000,2398,3996,119050000,30710
4,2381,119050000,119055000,2398,3996,119100000,30723
4,2382,119100000,119105000,2398,3996,119150000,30735
4,2383,119150000,119155000,2398,3996,119200000,30748
4,2384,119200000,119205000,2398,3996,119250000,30762
4,2385,119250000,119255000,2398,3996,119300000,30776
4,2386,119300000,119305000,2398,3996,119350000,30788
4,2387,119350000,119355000,2398,3996,119400000,30800
4,2388,119400000,119405000,2398,3996,119450000,30813
4,2389,119450000,119455000,2398,3996,119500000,30826
4,239,11950000,11955000,2398,3996,12000000,3091
4,2390,119500000,119505000,2398,3996,119550000,30839
4,2391,119550000,119555000,2398,3996,119600000,30852
4,2392,119600000,119605000,2398,3996,119650000,30865
4,2393,119650000,119655000,2398,3996,119700000,30877
4,2394,119700000,119705000,2398,3996,119750000,30890
4,2395,119750000,119755000,2398,3996,119800000,30905
4,2396,119800000,119805000,2398,3996,119850000,30917
4,2397,119850000,119855000,2398,3996,119900000,30930
4,2398,119900000,119905000,2398,3996,119950000,30942
4,2399,119950000,119955000,2398,3996,120000000,30956
4,24,1200000,1205000,2398,3996,1250000,316
4,240,12000000,12005000,2398,3996,12050000,3103
4,2400,120000000,120005000,2398,3996,120050000,30966
4,2401,120050000,120055000,2398,3996,120100000,30980
4,2402,120100000,120105000,2398,3996,120150000,30994
4,2403,120150000,120155000,2398,3996,120200000,31009
4,2404,120200000,120205000,2398,3996,120250000,31020
4,2405,120250000,120255000,2398,3996,120300000,31032
4,2406,120300000,120305000,2398,3996,120350000,31045
4,2407,120350000,120355000,2398,3996,120400000,31058
4,2408,120400000,120405000,2398,3996,120450000,31072
4,2409,120450000,120455000,2398,3996,120500000,31084
4,241,12050000,12055000,2398,3996,12100000,3116
4,2410,120500000,120505000,2398,3996,120550000,31097
4,2411,120550000,120555000,2398,3996,120600000,31110
4,2412,120600000,120605000,2398,3996,120650000,31123
4,2413,120650000,120655000,2398,3996,120700000,31136
4,2414,120700000,120705000,2398,3996,120750000,31148
4,2415,120750000,120755000,2398,3996,120800000,31163
4,2416,120800000,120805000,2398,3996,120850000,31175
4,2417,120850000,120855000,2398,3996,120900000,31187
4,2418,120900000,120905000,2398,3996,120950000,31198
4,2419,120950000,120955000,2398,3996,121000000,31213
4,242,12100000,12105000,2398,3996,12150000,3129
4,2420,121000000,121005000,2398,3996,121050000,31227
4,2421,121050000,121055000,2398,3996,121100000,31240
4,2422,121100000,121105000,2398,3996,121150000,31252
4,2423,121150000,121155000,2398,3996,121200000,31265
4,2424,121200000,121205000,2398,3996,121250000,31278
4,2425,121250000,121255000,2398,3996,121300000,31290
4,2426,121300000,121305000,2398,3996,121350000,31303
4,2427,121350000,121355000,2398,3996,121400000,31317
4,2428,121400000,121405000,2398,3996,121450000,31329
4,2429,121450000,121455000,2398,3996,121500000,31342
4,243,12150000,12155000,2398,3996,12200000,3144
4,2430,121500000,121505000,2398,3996,121550000,31354
4,2431,121550000,121555000,2398,3996,121600000,31369
4,2432,121600000,121605000,2398,3996,121650000,31381
4,2433,121650000,121655000,2398,3996,121700000,31395
4,2434,121700000,121705000,2398,3996,121750000,31407
4,2435,121750000,121755000,2398,3996,121800000,31419
4,2436,121800000,121805000,2398,3996,121850000,31431
4,2437,121850000,121855000,2398,3996,121900000,31445
4,2438,121900000,121905000,2398,3996,121950000,31459
4,2439,121950000,121955000,2398,3996,122000000,31472
4,244,12200000,12205000,2398,3996,12250000,3156
4,2440,122000000,122005000,2398,3996,122050000,31485
4,2441,122050000,122055000,2398,3996,122100000,31497
4,2442,122100000,122105000,2398,3996,122150000,31509
4,2443,122150000,122155000,2398,3996,122200000,31522
4,2444,122200000,122205000,2398,3996,122250000,31536
4,2445,122250000,122255000,2398,3996,122300000,31549
4,2446,122300000,122305000,2398,3996,122350000,31561
4,2447,122350000,122355000,2398,3996,122400000,31575
4,2448,122400000,122405000,2398,3996,122450000,31587
4,2449,122450000,122455000,2398,3996,122500000,31600
4,245,12250000,12255000,2398,3996,12300000,3168
4,2450,122500000,122505000,2398,3996,122550000,31613
4,2451,122550000,122555000,2398,3996,122600000,31628
4,2452,122600000,122605000,2398,3996,122650000,31639
4,2453,122650000,122655000,2398,3996,122700000,31651
4,2454,122700000,122705000,2398,3996,122750000,31663
4,2455,122750000,122755000,2398,3996,122800000,31678
4,2456,122800000,122805000,2398,3996,122850000,31690
4,2457,122850000,122855000,2398,3996,122900000,31704
4,2458,122900000,122905000,2398,3996,122950000,31717
4,2459,122950000,122955000,2398,3996,123000000,31730
4,246,12300000,12305000,2398,3996,12350000,3180
4,2460,123000000,123005000,2398,3996,123050000,31742
4,2461,123050000,123055000,2398,3996,123100000,31754
4,2462,123100000,123105000,2398,3996,123150000,31768
4,2463,123150000,123155000,2398,3996,123200000,31781
4,2464,123200000,123205000,2398,3996,123250000,31794
4,2465,123250000,123255000,2398,3996,123300000,31806
4,2466,123300000,123305000,2398,3996,123350000,31819
4,2467,123350000,123355000,2398,3996,123400000,31833
4,2468,123400000,123405000,2398,3996,123450000,31846
4,2469,123450000,123455000,2398,3996,123500000,31859
4,247,12350000,12355000,2398,3996,12400000,3194
4,2470,123500000,123505000,2398,3996,123550000,31870
4,2471,123550000,123555000,2398,3996,123600000,31884
4,2472,123600000,123605000,2398,3996,123650000,31896
4,2473,123650000,123655000,2398,3996,123700000,31910
4,2474,123700000,123705000,2398,3996,123750000,31922
4,2475,123750000,123755000,2398,3996,123800000,31937
4,2476,123800000,123805000,2398,3996,123850000,31950
4,2477,123850000,123855000,2398,3996,123900000,31961
4,2478,123900000,123905000,2398,3996,123950000,31973
4,2479,123950000,123955000,2398,3996,124000000,31987
4,248,12400000,12405000,2398,3996,12450000,3207
4,2480,124000000,124005000,2398,3996,124050000,32001
4,2481,124050000,124055000,2398,3996,124100000,32013
4,2482,124100000,124105000,2398,3996,124150000,32025
4,2483,124150000,124155000,2398,3996,124200000,32039
4,2484,124200000,124205000,2398,3996,124250000,32051
4,2485,124250000,124255000,2398,3996,124300000,32065
4,2486,124300000,124305000,2398,3996,124350000,32078
4,2487,124350000,124355000,2398,3996,124400000,32092
4,2488,124400000,124405000,2398,3996,124450000,32103
4,2489,124450000,124455000,2398,3996,124500000,32116
4,249,12450000,12455000,2398,3996,12500000,3220
4,2490,124500000,124505000,2398,3996,124550000,32128
4,2491,124550000,124555000,2398,3996,124600000,32141
4,2492,124600000,124605000,2398,3996,124650000,32155
4,2493,124650000,124655000,2398,3996,124700000,32169
4,2494,124700000,124705000,2398,3996,124750000,32182
4,2495,124750000,124755000,2398,3996,124800000,32193
4,2496,124800000,124805000,2398,3996,124850000,32206
4,2497,124850000,124855000,2398,3996,124900000,32219
4,2498,124900000,124905000,2398,3996,124950000,32232
4,2499,124950000,124955000,2398,3996,125000000,32246
4,25,1250000,1255000,2398,3996,1300000,329
4,250,12500000,12505000,2398,3996,12550000,3233
4,2500,125000000,125005000,2398,3996,125050000,32258
4,2501,125050000,125055000,2398,3996,125100000,32271
4,2502,125100000,125105000,2398,3996,125150000,32283
4,2503,125150000,125155000,2398,3996,125200000,32298
4,2504,125200000,125205000,2398,3996,125250000,32310
4,2505,125250000,125255000,2398,3996,125300000,32323
4,2506,125300000,125305000,2398,3996,125350000,32335
4,2507,125350000,125355000,2398,3996,125400000,32349
4,2508,125400000,125405000,2398,3996,125450000,32360
4,2509,125450000,125455000,2398,3996,125500000,32373
4,251,12550000,12555000,2398,3996,12600000,3245
4,2510,125500000,125505000,2398,3996,125550000,32387
4,2511,125550000,125555000,2398,3996,125600000,32402
4,2512,125600000,125605000,2398,3996,125650000,32414
4,2513,125650000,125655000,2398,3996,125700000,32425
4,2514,125700000,125705000,2398,3996,125750000,32438
4,2515,125750000,125755000,2398,3996,125800000,32452
4,2516,125800000,125805000,2398,3996,125850000,32465
4,2517,125850000,125855000,2398,3996,125900000,32477
4,2518,125900000,125905000,2398,3996,125950000,32490
4,2519,125950000,125955000,2398,3996,126000000,32503
4,252,12600000,12605000,2398,3996,12650000,3258
4,2520,126000000,126005000,2398,3996,126050000,32516
4,2521,126050000,126055000,2398,3996,126100000,32529
4,2522,126100000,126105000,2398,3996,126150000,32542
4,2523,126150000,126155000,2398,3996,126200000,32556
4,2524,126200000,126205000,2398,3996,126250000,32568
4,2525,126250000,126255000,2398,3996,126300000,32581
4,2526,126300000,126305000,2398,3996,126350000,32591
4,2527,126350000,126355000,2398,3996,126400000,32606
4,2528,126400000,126405000,2398,3996,126450000,32620
4,2529,126450000,126455000,2398,3996,126500000,32634
4,253,12650000,12655000,2398,3996,12700000,3272
4,2530,126500000,126505000,2398,3996,126550000,32645
4,2531,126550000,126555000,2398,3996,126600000,32658
4,2532,126600000,126605000,2398,3996,126650000,32671
4,2533,126650000,126655000,2398,3996,126700000,32683
4,2534,126700000,126705000,2398,3996,126750000,32696
4,2535,126750000,126755000,2398,3996,126800000,32710
4,2536,126800000,126805000,2398,3996,126850000,32723
4,2537,126850000,126855000,2398,3996,126900000,32735
4,2538,126900000,126905000,2398,3996,126950000,32748
4,2539,126950000,126955000,2398,3996,127000000,32762
4,254,12700000,12705000,2398,3996,12750000,3285
4,2540,127000000,127005000,2398,3996,127050000,32774
4,2541,127050000,127055000,2398,3996,127100000,32788
4,2542,127100000,127105000,2398,3996,127150000,32800
4,2543,127150000,127155000,2398,3996,127200000,32813
4,2544,127200000,127205000,2398,3996,127250000,32824
4,2545,127250000,127255000,2398,3996,127300000,32838
4,2546,127300000,127305000,2398,3996,127350000,32852
4,2547,127350000,127355000,2398,3996,127400000,32865
4,2548,127400000,127405000,2398,3996,127450000,32878
4,2549,127450000,127455000,2398,3996,127500000,32890
4,255,12750000,12755000,2398,3996,12800000,3298
4,2550,127500000,127505000,2398,3996,127550000,32903
4,2551,127550000,127555000,2398,3996,127600000,32916
4,2552,127600000,127605000,2398,3996,127650000,32929
4,2553,127650000,127655000,2398,3996,127700000,32942
4,2554,127700000,127705000,2398,3996,127750000,32954
4,2555,127750000,127755000,2398,3996,127800000,32968
4,2556,127800000,127805000,2398,3996,127850000,32980
4,2557,127850000,127855000,2398,3996,127900000,32994
4,2558,127900000,127905000,2398,3996,127950000,33006
4,2559,127950000,127955000,2398,3996,128000000,33021
4,256,12800000,12805000,2398,3996,12850000,3310
4,2560,128000000,128005000,2398,3996,128050000,33032
4,2561,128050000,128055000,2398,3996,128100000,33044
4,2562,128100000,128105000,2398,3996,128150000,33056
4,2563,128150000,128155000,2398,3996,128200000,33071
4,2564,128200000,128205000,2398,3996,128250000,33085
4,2565,128250000,128255000,2398,3996,128300000,33097
4,2566,128300000,128305000,2398,3996,128350000,33110
4,2567,128350000,128355000,2398,3996,128400000,33123
4,2568,128400000,128405000,2398,3996,128450000,33135
4,2569,128450000,128455000,2398,3996,128500000,33147
4,257,12850000,12855000,2398,3996,12900000,3323
4,2570,128500000,128505000,2398,3996,128550000,33161
4,2571,128550000,128555000,2398,3996,128600000,33175
4,2572,128600000,128605000,2398,3996,128650000,33187
4,2573,128650000,128655000,2398,3996,128700000,33199
4,2574,128700000,128705000,2398,3996,128750000,33212
4,2575,128750000,128755000,2398,3996,128800000,33226
4,2576,128800000,128805000,2398,3996,128850000,33239
4,2577,128850000,128855000,2398,3996,128900000,33253
4,2578,128900000,128905000,2398,3996,128950000,33264
4,2579,128950000,128955000,2398,3996,129000000,33277
4,258,12900000,12905000,2398,3996,12950000,3334
4,2580,129000000,129005000,2398,3996,129050000,33289
4,2581,129050000,129055000,2398,3996,129100000,33303
4,2582,129100000,129105000,2398,3996,129150000,33315
4,2583,129150000,129155000,2398,3996,129200000,33330
4,2584,129200000,129205000,2398,3996,129250000,33343
4,2585,129250000,129255000,2398,3996,129300000,33355
4,2586,129300000,129305000,2398,3996,129350000,33366
4,2587,129350000,129355000,2398,3996,129400000,33380
4,2588,129400000,129405000,2398,3996,129450000,33394
4,2589,129450000,129455000,2398,3996,129500000,33406
4,259,12950000,12955000,2398,3996,13000000,3348
4,2590,129500000,129505000,2398,3996,129550000,33419
4,2591,129550000,129555000,2398,3996,129600000,33432
4,2592,129600000,129605000,2398,3996,129650000,33445
4,2593,129650000,129655000,2398,3996,129700000,33458
4,2594,129700000,129705000,2398,3996,129750000,33471
4,2595,129750000,129755000,2398,3996,129800000,33485
4,2596,129800000,129805000,2398,3996,129850000,33496
4,2597,129850000,129855000,2398,3996,129900000,33509
4,2598,129900000,129905000,2398,3996,129950000,33521
4,2599,129950000,129955000,2398,3996,130000000,33535
4,26,1300000,1305000,2398,3996,1350000,343
4,260,13000000,13005000,2398,3996,13050000,3362
4,2600,130000000,130005000,2398,3996,130050000,33548
4,2601,130050000,130055000,2398,3996,130100000,33562
4,2602,130100000,130105000,2398,3996,130150000,33575
4,2603,130150000,130155000,2398,3996,130200000,33587
4,2604,130200000,130205000,2398,3996,130250000,33599
4,2605,130250000,130255000,2398,3996,130300000,33612
4,2606,130300000,130305000,2398,3996,130350000,33626
4,2607,130350000,130355000,2398,3996,130400000,33639
4,2608,130400000,130405000,2398,3996,130450000,33651
4,2609,130450000,130455000,2398,3996,130500000,33664
4,261,13050000,13055000,2398,3996,13100000,3376
4,2610,130500000,130505000,2398,3996,130550000,33676
4,2611,130550000,130555000,2398,3996,130600000,33691
4,2612,130600000,130605000,2398,3996,130650000,33703
4,2613,130650000,130655000,2398,3996,130700000,33717
4,2614,130700000,130705000,2398,3996,130750000,33728
4,2615,130750000,130755000,2398,3996,130800000,33742
4,2616,130800000,130805000,2398,3996,130850000,33754
4,2617,130850000,130855000,2398,3996,130900000,33766
4,2618,130900000,130905000,2398,3996,130950000,33780
4,2619,130950000,130955000,2398,3996,131000000,33795
4,262,13100000,13105000,2398,3996,13150000,3388
4,2620,131000000,131005000,2398,3996,131050000,33808
4,2621,131050000,131055000,2398,3996,131100000,33818
4,2622,131100000,131105000,2398,3996,131150000,33831
4,2623,131150000,131155000,2398,3996,131200000,33845
4,2624,131200000,131205000,2398,3996,131250000,33858
4,2625,131250000,131255000,2398,3996,131300000,33870
4,2626,131300000,131305000,2398,3996,131350000,33883
4,2627,131350000,131355000,2398,3996,131400000,33897
4,2628,131400000,131405000,2398,3996,131450000,33909
4,2629,131450000,131455000,2398,3996,131500000,33923
4,263,13150000,13155000,2398,3996,13200000,3401
4,2630,131500000,131505000,2398,3996,131550000,33935
4,2631,131550000,131555000,2398,3996,131600000,33949
4,2632,131600000,131605000,2398,3996,131650000,33961
4,2633,131650000,131655000,2398,3996,131700000,33974
4,2634,131700000,131705000,2398,3996,131750000,33985
4,2635,131750000,131755000,2398,3996,131800000,33999
4,2636,131800000,131805000,2398,3996,131850000,34013
4,2637,131850000,131855000,2398,3996,131900000,34027
4,2638,131900000,131905000,2398,3996,131950000,34038
4,2639,131950000,131955000,2398,3996,132000000,34051
4,264,13200000,13205000,2398,3996,13250000,3413
4,2640,132000000,132005000,2398,3996,132050000,34064
4,2641,132050000,132055000,2398,3996,132100000,34077
4,2642,132100000,132105000,2398,3996,132150000,34090
4,2643,132150000,132155000,2398,3996,132200000,34103
4,2644,132200000,132205000,2398,3996,132250000,34116
4,2645,132250000,132255000,2398,3996,132300000,34128
4,2646,132300000,132305000,2398,3996,132350000,34141
4,2647,132350000,132355000,2398,3996,132400000,34155
4,2648,132400000,132405000,2398,3996,132450000,34168
4,2649,132450000,132455000,2398,3996,132500000,34181
4,265,13250000,13255000,2398,3996,13300000,3425
4,2650,132500000,132505000,2398,3996,132550000,34193
4,2651,132550000,132555000,2398,3996,132600000,34206
4,2652,132600000,132605000,2398,3996,132650000,34217
4,2653,132650000,132655000,2398,3996,132700000,34231
4,2654,132700000,132705000,2398,3996,132750000,34245
4,2655,132750000,132755000,2398,3996,132800000,34260
4,2656,132800000,132805000,2398,3996,132850000,34271
4,2657,132850000,132855000,2398,3996,132900000,34283
4,2658,132900000,132905000,2398,3996,132950000,34296
4,2659,132950000,132955000,2398,3996,133000000,34309
4,266,13300000,13305000,2398,3996,13350000,3439
4,2660,133000000,133005000,2398,3996,133050000,34322
4,2661,133050000,133055000,2398,3996,133100000,34335
4,2662,133100000,133105000,2398,3996,133150000,34348
4,2663,133150000,133155000,2398,3996,133200000,34361
4,2664,133200000,133205000,2398,3996,133250000,34373
4,2665,133250000,133255000,2398,3996,133300000,34387
4,2666,133300000,133305000,2398,3996,133350000,34399
4,2667,133350000,133355000,2398,3996,133400000,34414
4,2668,133400000,133405000,2398,3996,133450000,34426
4,2669,133450000,133455000,2398,3996,133500000,34438
4,267,13350000,13355000,2398,3996,13400000,3453
4,2670,133500000,133505000,2398,3996,133550000,34449
4,2671,133550000,133555000,2398,3996,133600000,34464
4,2672,133600000,133605000,2398,3996,133650000,34478
4,2673,133650000,133655000,2398,3996,133700000,34490
4,2674,133700000,133705000,2398,3996,133750000,34503
4,2675,133750000,133755000,2398,3996,133800000,34516
4,2676,133800000,133805000,2398,3996,133850000,34529
4,2677,133850000,133855000,2398,3996,133900000,34540
4,2678,133900000,133905000,2398,3996,133950000,34554
4,2679,133950000,133955000,2398,3996,134000000,34568
4,268,13400000,13405000,2398,3996,13450000,3465
4,2680,134000000,134005000,2398,3996,134050000,34580
4,2681,134050000,134055000,2398,3996,134100000,34593
4,2682,134100000,134105000,2398,3996,134150000,34605
4,2683,134150000,134155000,2398,3996,134200000,34620
4,2684,134200000,134205000,2398,3996,134250000,34632
4,2685,134250000,134255000,2398,3996,134300000,34646
4,2686,134300000,134305000,2398,3996,134350000,34657
4,2687,134350000,134355000,2398,3996,134400000,34670
4,2688,134400000,134405000,2398,3996,134450000,34682
4,2689,134450000,134455000,2398,3996,134500000,34696
4,269,13450000,13455000,2398,3996,13500000,3477
4,2690,134500000,134505000,2398,3996,134550000,34709
4,2691,134550000,134555000,2398,3996,134600000,34723
4,2692,134600000,134605000,2398,3996,134650000,34736
4,2693,134650000,134655000,2398,3996,134700000,34748
4,2694,134700000,134705000,2398,3996,134750000,34760
4,2695,134750000,134755000,2398,3996,134800000,34773
4,2696,134800000,134805000,2398,3996,134850000,34787
4,2697,134850000,134855000,2398,3996,134900000,34800
4,2698,134900000,134905000,2398,3996,134950000,34812
4,2699,134950000,134955000,2398,3996,135000000,34825
4,27,1350000,1355000,2398,3996,1400000,357
4,270,13500000,13505000,2398,3996,13550000,3490
4,2700,135000000,135005000,2398,3996,135050000,34838
4,2701,135050000,135055000,2398,3996,135100000,34851
4,2702,135100000,135105000,2398,3996,135150000,34864
4,2703,135150000,135155000,2398,3996,135200000,34878
4,2704,135200000,135205000,2398,3996,135250000,34890
4,2705,135250000,135255000,2398,3996,135300000,34902
4,2706,135300000,135305000,2398,3996,135350000,34914
4,2707,135350000,135355000,2398,3996,135400000,34929
4,2708,135400000,135405000,2398,3996,135450000,34941
4,2709,135450000,135455000,2398,3996,135500000,34955
4,271,13550000,13555000,2398,3996,13600000,3505
4,2710,135500000,135505000,2398,3996,135550000,34968
4,2711,135550000,135555000,2398,3996,135600000,34981
4,2712,135600000,135605000,2398,3996,135650000,34992
4,2713,135650000,135655000,2398,3996,135700000,35005
4,2714,135700000,135705000,2398,3996,135750000,35019
4,2715,135750000,135755000,2398,3996,135800000,35032
4,2716,135800000,135805000,2398,3996,135850000,35044
4,2717,135850000,135855000,2398,3996,135900000,35057
4,2718,135900000,135905000,2398,3996,135950000,35070
4,2719,135950000,135955000,2398,3996,136000000,35084
4,272,13600000,13605000,2398,3996,13650000,3516
4,2720,136000000,136005000,2398,3996,136050000,35097
4,2721,136050000,136055000,2398,3996,136100000,35110
4,2722,136100000,136105000,2398,3996,136150000,35121
4,2723,136150000,136155000,2398,3996,136200000,35135
4,2724,136200000,136205000,2398,3996,136250000,35147
4,2725,136250000,136255000,2398,3996,136300000,35160
4,2726,136300000,136305000,2398,3996,136350000,35173
4,2727,136350000,136355000,2398,3996,136400000,35188
4,2728,136400000,136405000,2398,3996,136450000,35201
4,2729,136450000,136455000,2398,3996,136500000,35211
4,273,13650000,13655000,2398,3996,13700000,3530
4,2730,136500000,136505000,2398,3996,136550000,35224
4,2731,136550000,136555000,2398,3996,136600000,35238
4,2732,136600000,136605000,2398,3996,136650000,35252
4,2733,136650000,136655000,2398,3996,136700000,35264
4,2734,136700000,136705000,2398,3996,136750000,35276
4,2735,136750000,136755000,2398,3996,136800000,35290
4,2736,136800000,136805000,2398,3996,136850000,35302
4,2737,136850000,136855000,2398,3996,136900000,35316
4,2738,136900000,136905000,2398,3996,136950000,35328
4,2739,136950000,136955000,2398,3996,137000000,35343
4,274,13700000,13705000,2398,3996,13750000,3542
4,2740,137000000,137005000,2398,3996,137050000,35354
4,2741,137050000,137055000,2398,3996,137100000,35367
4,2742,137100000,137105000,2398,3996,137150000,35378
4,2743,137150000,137155000,2398,3996,137200000,35392
4,2744,137200000,137205000,2398,3996,137250000,35406
4,2745,137250000,137255000,2398,3996,137300000,35420
4,2746,137300000,137305000,2398,3996,137350000,35433
4,2747,137350000,137355000,2398,3996,137400000,35444
4,2748,137400000,137405000,2398,3996,137450000,35457
4,2749,137450000,137455000,2398,3996,137500000,35470
4,275,13750000,13755000,2398,3996,13800000,3556
4,2750,137500000,137505000,2398,3996,137550000,35483
4,2751,137550000,137555000,2398,3996,137600000,35496
4,2752,137600000,137605000,2398,3996,137650000,35509
4,2753,137650000,137655000,2398,3996,137700000,35522
4,2754,137700000,137705000,2398,3996,137750000,35534
4,2755,137750000,137755000,2398,3996,137800000,35548
4,2756,137800000,137805000,2398,3996,137850000,35561
4,2757,137850000,137855000,2398,3996,137900000,35574
4,2758,137900000,137905000,2398,3996,137950000,35586
4,2759,137950000,137955000,2398,3996,138000000,35600
4,276,13800000,13805000,2398,3996,13850000,3567
4,2760,138000000,138005000,2398,3996,138050000,35611
4,2761,138050000,138055000,2398,3996,138100000,35624
4,2762,138100000,138105000,2398,3996,138150000,35638
4,2763,138150000,138155000,2398,3996,138200000,35653
4,2764,138200000,138205000,2398,3996,138250000,35664
4,2765,138250000,138255000,2398,3996,138300000,35676
4,2766,138300000,138305000,2398,3996,138350000,35689
4,2767,138350000,138355000,2398,3996,138400000,35703
4,2768,138400000,138405000,2398,3996,138450000,35715
4,2769,138450000,138455000,2398,3996,138500000,35728
4,277,13850000,13855000,2398,3996,13900000,3580
4,2770,138500000,138505000,2398,3996,138550000,35741
4,2771,138550000,138555000,2398,3996,138600000,35754
4,2772,138600000,138605000,2398,3996,138650000,35767
4,2773,138650000,138655000,2398,3996,138700000,35780
4,2774,138700000,138705000,2398,3996,138750000,35793
4,2775,138750000,138755000,2398,3996,138800000,35807
4,2776,138800000,138805000,2398,3996,138850000,35819
4,2777,138850000,138855000,2398,3996,138900000,35831
4,2778,138900000,138905000,2398,3996,138950000,35842
4,2779,138950000,138955000,2398,3996,139000000,35857
4,278,13900000,13905000,2398,3996,13950000,3594
4,2780,139000000,139005000,2398,3996,139050000,35871
4,2781,139050000,139055000,2398,3996,139100000,35884
4,2782,139100000,139105000,2398,3996,139150000,35896
4,2783,139150000,139155000,2398,3996,139200000,35909
4,2784,139200000,139205000,2398,3996,139250000,35922
4,2785,139250000,139255000,2398,3996,139300000,35934
4,2786,139300000,139305000,2398,3996,139350000,35947
4,2787,139350000,139355000,2398,3996,139400000,35961
4,2788,139400000,139405000,2398,3996,139450000,35974
4,2789,139450000,139455000,2398,3996,139500000,35986
4,279,13950000,13955000,2398,3996,14000000,3608
4,2790,139500000,139505000,2398,3996,139550000,35998
4,2791,139550000,139555000,2398,3996,139600000,36013
4,2792,139600000,139605000,2398,3996,139650000,36025
4,2793,139650000,139655000,2398,3996,139700000,36039
4,2794,139700000,139705000,2398,3996,139750000,36050
4,2795,139750000,139755000,2398,3996,139800000,36064
4,2796,139800000,139805000,2398,3996,139850000,36075
4,2797,139850000,139855000,2398,3996,139900000,36089
4,2798,139900000,139905000,2398,3996,139950000,36103
4,2799,139950000,139955000,2398,3996,140000000,36116
4,28,1400000,1405000,2398,3996,1450000,370
4,280,14000000,14005000,2398,3996,14050000,3621
4,2800,140000000,140005000,2398,3996,140050000,36129
4,2801,140050000,140055000,2398,3996,140100000,36141
4,2802,140100000,140105000,2398,3996,140150000,36154
4,2803,140150000,140155000,2398,3996,140200000,36166
4,2804,140200000,140205000,2398,3996,140250000,36180
4,2805,140250000,140255000,2398,3996,140300000,36193
4,2806,140300000,140305000,2398,3996,140350000,36205
4,2807,140350000,140355000,2398,3996,140400000,36218
4,2808,140400000,140405000,2398,3996,140450000,36231
4,2809,140450000,140455000,2398,3996,140500000,36245
4,281,14050000,14055000,2398,3996,14100000,3632
4,2810,140500000,140505000,2398,3996,140550000,36257
4,2811,140550000,140555000,2398,3996,140600000,36272
4,2812,140600000,140605000,2398,3996,140650000,36283
4,2813,140650000,140655000,2398,3996,140700000,36295
4,2814,140700000,140705000,2398,3996,140750000,36307
4,2815,140750000,140755000,2398,3996,140800000,36322
4,2816,140800000,140805000,2398,3996,140850000,36335
4,2817,140850000,140855000,2398,3996,140900000,36348
4,2818,140900000,140905000,2398,3996,140950000,36361
4,2819,140950000,140955000,2398,3996,141000000,36374
4,282,14100000,14105000,2398,3996,14150000,3645
4,2820,141000000,141005000,2398,3996,141050000,36385
4,2821,141050000,141055000,2398,3996,141100000,36398
4,2822,141100000,141105000,2398,3996,141150000,36412
4,2823,141150000,141155000,2398,3996,141200000,36426
4,2824,141200000,141205000,2398,3996,141250000,36438
4,2825,141250000,141255000,2398,3996,141300000,36450
4,2826,141300000,141305000,2398,3996,141350000,36463
4,2827,141350000,141355000,2398,3996,141400000,36477
4,2828,141400000,141405000,2398,3996,141450000,36490
4,2829,141450000,141455000,2398,3996,141500000,36503
4,283,14150000,14155000,2398,3996,14200000,3658
4,2830,141500000,141505000,2398,3996,141550000,36515
4,2831,141550000,141555000,2398,3996,141600000,36528
4,2832,141600000,141605000,2398,3996,141650000,36540
4,2833,141650000,141655000,2398,3996,141700000,36553
4,2834,141700000,141705000,2398,3996,141750000,36566
4,2835,141750000,141755000,2398,3996,141800000,36581
4,2836,141800000,141805000,2398,3996,141850000,36594
4,2837,141850000,141855000,2398,3996,141900000,36606
4,2838,141900000,141905000,2398,3996,141950000,36617
4,2839,141950000,141955000,2398,3996,142000000,36631
4,284,14200000,14205000,2398,3996,14250000,3672
4,2840,142000000,142005000,2398,3996,142050000,36645
4,2841,142050000,142055000,2398,3996,142100000,36657
4,2842,142100000,142105000,2398,3996,142150000,36669
4,2843,142150000,142155000,2398,3996,142200000,36683
4,2844,142200000,142205000,2398,3996,142250000,36696
4,2845,142250000,142255000,2398,3996,142300000,36709
4,2846,142300000,142305000,2398,3996,142350000,36721
4,2847,142350000,142355000,2398,3996,142400000,36736
4,2848,142400000,142405000,2398,3996,142450000,36747
4,2849,142450000,142455000,2398,3996,142500000,36760
4,285,14250000,14255000,2398,3996,14300000,3684
4,2850,142500000,142505000,2398,3996,142550000,36772
4,2851,142550000,142555000,2398,3996,142600000,36786
4,2852,142600000,142605000,2398,3996,142650000,36799
4,2853,142650000,142655000,2398,3996,142700000,36813
4,2854,142700000,142705000,2398,3996,142750000,36826
4,2855,142750000,142755000,2398,3996,142800000,36837
4,2856,142800000,142805000,2398,3996,142850000,36850
4,2857,142850000,142855000,2398,3996,142900000,36863
4,2858,142900000,142905000,2398,3996,142950000,36877
4,2859,142950000,142955000,2398,3996,143000000,36889
4,286,14300000,14305000,2398,3996,14350000,3696
4,2860,143000000,143005000,2398,3996,143050000,36902
4,2861,143050000,143055000,2398,3996,143100000,36915
4,2862,143100000,143105000,2398,3996,143150000,36927
4,2863,143150000,143155000,2398,3996,143200000,36942
4,2864,143200000,143205000,2398,3996,143250000,36954
4,2865,143250000,143255000,2398,3996,143300000,36968
4,2866,143300000,143305000,2398,3996,143350000,36979
4,2867,143350000,143355000,2398,3996,143400000,36993
4,2868,143400000,143405000,2398,3996,143450000,37004
4,2869,143450000,143455000,2398,3996,143500000,37017
4,287,14350000,14355000,2398,3996,14400000,3710
4,2870,143500000,143505000,2398,3996,143550000,37031
4,2871,143550000,143555000,2398,3996,143600000,37046
4,2872,143600000,143605000,2398,3996,143650000,37058
4,2873,143650000,143655000,2398,3996,143700000,37069
4,2874,143700000,143705000,2398,3996,143750000,37082
4,2875,143750000,143755000,2398,3996,143800000,37096
4,2876,143800000,143805000,2398,3996,143850000,37109
4,2877,143850000,143855000,2398,3996,143900000,37121
4,2878,143900000,143905000,2398,3996,143950000,37134
4,2879,143950000,143955000,2398,3996,144000000,37148
4,288,14400000,14405000,2398,3996,14450000,3723
4,2880,144000000,144005000,2398,3996,144050000,37160
4,2881,144050000,144055000,2398,3996,144100000,37173
4,2882,144100000,144105000,2398,3996,144150000,37186
4,2883,144150000,144155000,2398,3996,144200000,37200
4,2884,144200000,144205000,2398,3996,144250000,37212
4,2885,144250000,144255000,2398,3996,144300000,37224
4,2886,144300000,144305000,2398,3996,144350000,37236
4,2887,144350000,144355000,2398,3996,144400000,37250
4,2888,144400000,144405000,2398,3996,144450000,37264
4,2889,144450000,144455000,2398,3996,144500000,37278
4,289,14450000,14455000,2398,3996,14500000,3737
4,2890,144500000,144505000,2398,3996,144550000,37289
4,2891,144550000,144555000,2398,3996,144600000,37302
4,2892,144600000,144605000,2398,3996,144650000,37315
4,2893,144650000,144655000,2398,3996,144700000,37328
4,2894,144700000,144705000,2398,3996,144750000,37340
4,2895,144750000,144755000,2398,3996,144800000,37354
4,2896,144800000,144805000,2398,3996,144850000,37367
4,2897,144850000,144855000,2398,3996,144900000,37379
4,2898,144900000,144905000,2398,3996,144950000,37391
4,2899,144950000,144955000,2398,3996,145000000,37406
4,29,1450000,1455000,2398,3996,1500000,382
4,290,14500000,14505000,2398,3996,14550000,3748
4,2900,145000000,145005000,2398,3996,145050000,37419
4,2901,145050000,145055000,2398,3996,145100000,37432
4,2902,145100000,145105000,2398,3996,145150000,37444
4,2903,145150000,145155000,2398,3996,145200000,37457
4,2904,145200000,145205000,2398,3996,145250000,37468
4,2905,145250000,145255000,2398,3996,145300000,37482
4,2906,145300000,145305000,2398,3996,145350000,37496
4,2907,145350000,145355000,2398,3996,145400000,37510
4,2908,145400000,145405000,2398,3996,145450000,37522
4,2909,145450000,145455000,2398,3996,145500000,37534
4,291,14550000,14555000,2398,3996,14600000,3763
4,2910,145500000,145505000,2398,3996,145550000,37547
4,2911,145550000,145555000,2398,3996,145600000,37559
4,2912,145600000,145605000,2398,3996,145650000,37573
4,2913,145650000,145655000,2398,3996,145700000,37586
4,2914,145700000,145705000,2398,3996,145750000,37599
4,2915,145750000,145755000,2398,3996,145800000,37612
4,2916,145800000,145805000,2398,3996,145850000,37624
4,2917,145850000,145855000,2398,3996,145900000,37638
4,2918,145900000,145905000,2398,3996,145950000,37650
4,2919,145950000,145955000,2398,3996,146000000,37665
4,292,14600000,14605000,2398,3996,14650000,3775
4,2920,146000000,146005000,2398,3996,146050000,37676
4,2921,146050000,146055000,2398,3996,146100000,37689
4,2922,146100000,146105000,2398,3996,146150000,37700
4,2923,146150000,146155000,2398,3996,146200000,37715
4,2924,146200000,146205000,2398,3996,146250000,37728
4,2925,146250000,146255000,2398,3996,146300000,37741
4,2926,146300000,146305000,2398,3996,146350000,37754
4,2927,146350000,146355000,2398,3996,146400000,37767
4,2928,146400000,146405000,2398,3996,146450000,37780
4,2929,146450000,146455000,2398,3996,146500000,37791
4,293,14650000,14655000,2398,3996,14700000,3787
4,2930,146500000,146505000,2398,3996,146550000,37805
4,2931,146550000,146555000,2398,3996,146600000,37819
4,2932,146600000,146605000,2398,3996,146650000,37831
4,2933,146650000,146655000,2398,3996,146700000,37843
4,2934,146700000,146705000,2398,3996,146750000,37856
4,2935,146750000,146755000,2398,3996,146800000,37871
4,2936,146800000,146805000,2398,3996,146850000,37883
4,2937,146850000,146855000,2398,3996,146900000,37896
4,2938,146900000,146905000,2398,3996,146950000,37908
4,2939,146950000,146955000,2398,3996,147000000,37921
4,294,14700000,14705000,2398,3996,14750000,3798
4,2940,147000000,147005000,2398,3996,147050000,37933
4,2941,147050000,147055000,2398,3996,147100000,37947
4,2942,147100000,147105000,2398,3996,147150000,37960
4,2943,147150000,147155000,2398,3996,147200000,37974
4,2944,147200000,147205000,2398,3996,147250000,37987
4,2945,147250000,147255000,2398,3996,147300000,37999
4,2946,147300000,147305000,2398,3996,147350000,38010
4,2947,147350000,147355000,2398,3996,147400000,38024
4,2948,147400000,147405000,2398,3996,147450000,38038
4,2949,147450000,147455000,2398,3996,147500000,38051
4,295,14750000,14755000,2398,3996,14800000,3813
4,2950,147500000,147505000,2398,3996,147550000,38062
4,2951,147550000,147555000,2398,3996,147600000,38076
4,2952,147600000,147605000,2398,3996,147650000,38089
4,2953,147650000,147655000,2398,3996,147700000,38102
4,2954,147700000,147705000,2398,3996,147750000,38115
4,2955,147750000,147755000,2398,3996,147800000,38129
4,2956,147800000,147805000,2398,3996,147850000,38141
4,2957,147850000,147855000,2398,3996,147900000,38153
4,2958,147900000,147905000,2398,3996,147950000,38165
4,2959,147950000,147955000,2398,3996,148000000,38179
4,296,14800000,14805000,2398,3996,14850000,3827
4,2960,148000000,148005000,2398,3996,148050000,38192
4,2961,148050000,148055000,2398,3996,148100000,38206
4,2962,148100000,148105000,2398,3996,148150000,38219
4,2963,148150000,148155000,2398,3996,148200000,38231
4,2964,148200000,148205000,2398,3996,148250000,38243
4,2965,148250000,148255000,2398,3996,148300000,38256
4,2966,148300000,148305000,2398,3996,148350000,38270
4,2967,148350000,148355000,2398,3996,148400000,38283
4,2968,148400000,148405000,2398,3996,148450000,38295
4,2969,148450000,148455000,2398,3996,148500000,38308
4,297,14850000,14855000,2398,3996,14900000,3840
4,2970,148500000,148505000,2398,3996,148550000,38321
4,2971,148550000,148555000,2398,3996,148600000,38335
4,2972,148600000,148605000,2398,3996,148650000,38347
4,2973,148650000,148655000,2398,3996,148700000,38361
4,2974,148700000,148705000,2398,3996,148750000,38372
4,2975,148750000,148755000,2398,3996,148800000,38386
4,2976,148800000,148805000,2398,3996,148850000,38397
4,2977,148850000,148855000,2398,3996,148900000,38411
4,2978,148900000,148905000,2398,3996,148950000,38424
4,2979,148950000,148955000,2398,3996,149000000,38439
4,298,14900000,14905000,2398,3996,14950000,3852
4,2980,149000000,149005000,2398,3996,149050000,38452
4,2981,149050000,149055000,2398,3996,149100000,38462
4,2982,149100000,149105000,2398,3996,149150000,38475
4,2983,149150000,149155000,2398,3996,149200000,38489
4,2984,149200000,149205000,2398,3996,149250000,38503
4,2985,149250000,149255000,2398,3996,149300000,38514
4,2986,149300000,149305000,2398,3996,149350000,38527
4,2987,149350000,149355000,2398,3996,149400000,38541
4,2988,149400000,149405000,2398,3996,149450000,38553
4,2989,149450000,149455000,2398,3996,149500000,38566
4,299,14950000,14955000,2398,3996,15000000,3865
4,2990,149500000,149505000,2398,3996,149550000,38579
4,2991,149550000,149555000,2398,3996,149600000,38594
4,2992,149600000,149605000,2398,3996,149650000,38605
4,2993,149650000,149655000,2398,3996,149700000,38618
4,2994,149700000,149705000,2398,3996,149750000,38629
4,2995,149750000,149755000,2398,3996,149800000,38643
4,2996,149800000,149805000,2398,3996,149850000,38657
4,2997,149850000,149855000,2398,3996,149900000,38671
4,2998,149900000,149905000,2398,3996,149950000,38683
4,2999,149950000,149955000,2398,3996,150000000,38695
4,3,150000,155000,2398,3996,200000,48
4,30,1500000,1505000,2398,3996,1550000,394
4,300,15000000,15005000,2398,3996,15050000,3877
4,3000,150000000,150005000,2398,3996,150050000,38708
4,3001,150050000,150055000,2398,3996,150100000,38721
4,3002,150100000,150105000,2398,3996,150150000,38733
4,3003,150150000,150155000,2398,3996,150200000,38747
4,3004,150200000,150205000,2398,3996,150250000,38760
4,3005,150250000,150255000,2398,3996,150300000,38773
4,3006,150300000,150305000,2398,3996,150350000,38785
4,3007,150350000,150355000,2398,3996,150400000,38799
4,3008,150400000,150405000,2398,3996,150450000,38812
4,3009,150450000,150455000,2398,3996,150500000,38825
4,301,15050000,15055000,2398,3996,15100000,3890
4,3010,150500000,150505000,2398,3996,150550000,38837
4,3011,150550000,150555000,2398,3996,150600000,38850
4,3012,150600000,150605000,2398,3996,150650000,38862
4,3013,150650000,150655000,2398,3996,150700000,38875
4,3014,150700000,150705000,2398,3996,150750000,38889
4,3015,150750000,150755000,2398,3996,150800000,38903
4,3016,150800000,150805000,2398,3996,150850000,38915
4,3017,150850000,150855000,2398,3996,150900000,38927
4,3018,150900000,150905000,2398,3996,150950000,38940
4,3019,150950000,150955000,2398,3996,151000000,38954
4,302,15100000,15105000,2398,3996,15150000,3904
4,3020,151000000,151005000,2398,3996,151050000,38966
4,3021,151050000,151055000,2398,3996,151100000,38979
4,3022,151100000,151105000,2398,3996,151150000,38992
4,3023,151150000,151155000,2398,3996,151200000,39005
4,3024,151200000,151205000,2398,3996,151250000,39017
4,3025,151250000,151255000,2398,3996,151300000,39031
4,3026,151300000,151305000,2398,3996,151350000,39044
4,3027,151350000,151355000,2398,3996,151400000,39058
4,3028,151400000,151405000,2398,3996,151450000,39069
4,3029,151450000,151455000,2398,3996,151500000,39082
4,303,15150000,15155000,2398,3996,15200000,3917
4,3030,151500000,151505000,2398,3996,151550000,39093
4,3031,151550000,151555000,2398,3996,151600000,39108
4,3032,151600000,151605000,2398,3996,151650000,39122
4,3033,151650000,151655000,2398,3996,151700000,39135
4,3034,151700000,151705000,2398,3996,151750000,39147
4,3035,151750000,151755000,2398,3996,151800000,39160
4,3036,151800000,151805000,2398,3996,151850000,39173
4,3037,151850000,151855000,2398,3996,151900000,39184
4,3038,151900000,151905000,2398,3996,151950000,39198
4,3039,151950000,151955000,2398,3996,152000000,39212
4,304,15200000,15205000,2398,3996,15250000,3929
4,3040,152000000,152005000,2398,3996,152050000,39225
4,3041,152050000,152055000,2398,3996,152100000,39236
4,3042,152100000,152105000,2398,3996,152150000,39249
4,3043,152150000,152155000,2398,3996,152200000,39264
4,3044,152200000,152205000,2398,3996,152250000,39276
4,3045,152250000,152255000,2398,3996,152300000,39290
4,3046,152300000,152305000,2398,3996,152350000,39301
4,3047,152350000,152355000,2398,3996,152400000,39315
4,3048,152400000,152405000,2398,3996,152450000,39326
4,3049,152450000,152455000,2398,3996,152500000,39340
4,305,15250000,15255000,2398,3996,15300000,3942
4,3050,152500000,152505000,2398,3996,152550000,39353
4,3051,152550000,152555000,2398,3996,152600000,39367
4,3052,152600000,152605000,2398,3996,152650000,39380
4,3053,152650000,152655000,2398,3996,152700000,39392
4,3054,152700000,152705000,2398,3996,152750000,39404
4,3055,152750000,152755000,2398,3996,152800000,39417
4,3056,152800000,152805000,2398,3996,152850000,39431
4,3057,152850000,152855000,2398,3996,152900000,39444
4,3058,152900000,152905000,2398,3996,152950000,39456
4,3059,152950000,152955000,2398,3996,153000000,39469
4,306,15300000,15305000,2398,3996,15350000,3955
4,3060,153000000,153005000,2398,3996,153050000,39482
4,3061,153050000,153055000,2398,3996,153100000,39496
4,3062,153100000,153105000,2398,3996,153150000,39508
4,3063,153150000,153155000,2398,3996,153200000,39522
4,3064,153200000,153205000,2398,3996,153250000,39534
4,3065,153250000,153255000,2398,3996,153300000,39546
4,3066,153300000,153305000,2398,3996,153350000,39558
4,3067,153350000,153355000,2398,3996,153400000,39572
4,3068,153400000,153405000,2398,3996,153450000,39586
4,3069,153450000,153455000,2398,3996,153500000,39599
4,307,15350000,15355000,2398,3996,15400000,3968
4,3070,153500000,153505000,2398,3996,153550000,39612
4,3071,153550000,153555000,2398,3996,153600000,39625
4,3072,153600000,153605000,2398,3996,153650000,39636
4,3073,153650000,153655000,2398,3996,153700000,39649
4,3074,153700000,153705000,2398,3996,153750000,39663
4,3075,153750000,153755000,2398,3996,153800000,39677
4,3076,153800000,153805000,2398,3996,153850000,39688
4,3077,153850000,153855000,2398,3996,153900000,39701
4,3078,153900000,153905000,2398,3996,153950000,39714
4,3079,153950000,153955000,2398,3996,154000000,39728
4,308,15400000,15405000,2398,3996,15450000,3981
4,3080,154000000,154005000,2398,3996,154050000,39740
4,3081,154050000,154055000,2398,3996,154100000,39754
4,3082,154100000,154105000,2398,3996,154150000,39766
4,3083,154150000,154155000,2398,3996,154200000,39779
4,3084,154200000,154205000,2398,3996,154250000,39791
4,3085,154250000,154255000,2398,3996,154300000,39804
4,3086,154300000,154305000,2398,3996,154350000,39817
4,3087,154350000,154355000,2398,3996,154400000,39832
4,3088,154400000,154405000,2398,3996,154450000,39845
4,3089,154450000,154455000,2398,3996,154500000,39856
4,309,15450000,15455000,2398,3996,15500000,3995
4,3090,154500000,154505000,2398,3996,154550000,39868
4,3091,154550000,154555000,2398,3996,154600000,39882
4,3092,154600000,154605000,2398,3996,154650000,39896
4,3093,154650000,154655000,2398,3996,154700000,39907
4,3094,154700000,154705000,2398,3996,154750000,39920
4,3095,154750000,154755000,2398,3996,154800000,39934
4,3096,154800000,154805000,2398,3996,154850000,39947
4,3097,154850000,154855000,2398,3996,154900000,39960
4,3098,154900000,154905000,2398,3996,154950000,39972
4,3099,154950000,154955000,2398,3996,155000000,39987
4,31,1550000,1555000,2398,3996,1600000,407
4,310,15500000,15505000,2398,3996,15550000,4007
4,3100,155000000,155005000,2398,3996,155050000,39998
4,3101,155050000,155055000,2398,3996,155100000,40011
4,3102,155100000,155105000,2398,3996,155150000,40022
4,3103,155150000,155155000,2398,3996,155200000,40037
4,3104,155200000,155205000,2398,3996,155250000,40050
4,3105,155250000,155255000,2398,3996,155300000,40064
4,3106,155300000,155305000,2398,3996,155350000,40076
4,3107,155350000,155355000,2398,3996,155400000,40088
4,3108,155400000,155405000,2398,3996,155450000,40101
4,3109,155450000,155455000,2398,3996,155500000,40114
4,311,15550000,15555000,2398,3996,15600000,4019
4,3110,155500000,155505000,2398,3996,155550000,40128
4,3111,155550000,155555000,2398,3996,155600000,40140
4,3112,155600000,155605000,2398,3996,155650000,40153
4,3113,155650000,155655000,2398,3996,155700000,40166
4,3114,155700000,155705000,2398,3996,155750000,40178
4,3115,155750000,155755000,2398,3996,155800000,40192
4,3116,155800000,155805000,2398,3996,155850000,40205
4,3117,155850000,155855000,2398,3996,155900000,40219
4,3118,155900000,155905000,2398,3996,155950000,40230
4,3119,155950000,155955000,2398,3996,156000000,40243
4,312,15600000,15605000,2398,3996,15650000,4031
4,3120,156000000,156005000,2398,3996,156050000,40255
4,3121,156050000,156055000,2398,3996,156100000,40268
4,3122,156100000,156105000,2398,3996,156150000,40282
4,3123,156150000,156155000,2398,3996,156200000,40297
4,3124,156200000,156205000,2398,3996,156250000,40309
4,3125,156250000,156255000,2398,3996,156300000,40320
4,3126,156300000,156305000,2398,3996,156350000,40333
4,3127,156350000,156355000,2398,3996,156400000,40347
4,3128,156400000,156405000,2398,3996,156450000,40359
4,3129,156450000,156455000,2398,3996,156500000,40372
4,313,15650000,15655000,2398,3996,15700000,4045
4,3130,156500000,156505000,2398,3996,156550000,40385
4,3131,156550000,156555000,2398,3996,156600000,40399
4,3132,156600000,156605000,2398,3996,156650000,40410
4,3133,156650000,156655000,2398,3996,156700000,40424
4,3134,156700000,156705000,2398,3996,156750000,40437
4,3135,156750000,156755000,2398,3996,156800000,40451
4,3136,156800000,156805000,2398,3996,156850000,40463
4,3137,156850000,156855000,2398,3996,156900000,40475
4,3138,156900000,156905000,2398,3996,156950000,40487
4,3139,156950000,156955000,2398,3996,157000000,40501
4,314,15700000,15705000,2398,3996,15750000,4058
4,3140,157000000,157005000,2398,3996,157050000,40515
4,3141,157050000,157055000,2398,3996,157100000,40528
4,3142,157100000,157105000,2398,3996,157150000,40540
4,3143,157150000,157155000,2398,3996,157200000,40553
4,3144,157200000,157205000,2398,3996,157250000,40566
4,3145,157250000,157255000,2398,3996,157300000,40578
4,3146,157300000,157305000,2398,3996,157350000,40591
4,3147,157350000,157355000,2398,3996,157400000,40605
4,3148,157400000,157405000,2398,3996,157450000,40618
4,3149,157450000,157455000,2398,3996,157500000,40630
4,315,15750000,15755000,2398,3996,15800000,4073
4,3150,157500000,157505000,2398,3996,157550000,40642
4,3151,157550000,157555000,2398,3996,157600000,40657
4,3152,157600000,157605000,2398,3996,157650000,40670
4,3153,157650000,157655000,2398,3996,157700000,40683
4,3154,157700000,157705000,2398,3996,157750000,40694
4,3155,157750000,157755000,2398,3996,157800000,40708
4,3156,157800000,157805000,2398,3996,157850000,40719
4,3157,157850000,157855000,2398,3996,157900000,40733
4,3158,157900000,157905000,2398,3996,157950000,40746
4,3159,157950000,157955000,2398,3996,158000000,40761
4,316,15800000,15805000,2398,3996,15850000,4085
4,3160,158000000,158005000,2398,3996,158050000,40773
4,3161,158050000,158055000,2398,3996,158100000,40785
4,3162,158100000,158105000,2398,3996,158150000,40798
4,3163,158150000,158155000,2398,3996,158200000,40810
4,3164,158200000,158205000,2398,3996,158250000,40824
4,3165,158250000,158255000,2398,3996,158300000,40837
4,3166,158300000,158305000,2398,3996,158350000,40850
4,3167,158350000,158355000,2398,3996,158400000,40862
4,3168,158400000,158405000,2398,3996,158450000,40875
4,3169,158450000,158455000,2398,3996,158500000,40889
4,317,15850000,15855000,2398,3996,15900000,4097
4,3170,158500000,158505000,2398,3996,158550000,40901
4,3171,158550000,158555000,2398,3996,158600000,40915
4,3172,158600000,158605000,2398,3996,158650000,40927
4,3173,158650000,158655000,2398,3996,158700000,40940
4,3174,158700000,158705000,2398,3996,158750000,40951
4,3175,158750000,158755000,2398,3996,158800000,40966
4,3176,158800000,158805000,2398,3996,158850000,40979
4,3177,158850000,158855000,2398,3996,158900000,40992
4,3178,158900000,158905000,2398,3996,158950000,41005
4,3179,158950000,158955000,2398,3996,159000000,41018
4,318,15900000,15905000,2398,3996,15950000,4109
4,3180,159000000,159005000,2398,3996,159050000,41030
4,3181,159050000,159055000,2398,3996,159100000,41042
4,3182,159100000,159105000,2398,3996,159150000,41056
4,3183,159150000,159155000,2398,3996,159200000,41070
4,3184,159200000,159205000,2398,3996,159250000,41081
4,3185,159250000,159255000,2398,3996,159300000,41094
4,3186,159300000,159305000,2398,3996,159350000,41107
4,3187,159350000,159355000,2398,3996,159400000,41122
4,3188,159400000,159405000,2398,3996,159450000,41134
4,3189,159450000,159455000,2398,3996,159500000,41147
4,319,15950000,15955000,2398,3996,16000000,4123
4,3190,159500000,159505000,2398,3996,159550000,41159
4,3191,159550000,159555000,2398,3996,159600000,41172
4,3192,159600000,159605000,2398,3996,159650000,41184
4,3193,159650000,159655000,2398,3996,159700000,41197
4,3194,159700000,159705000,2398,3996,159750000,41211
4,3195,159750000,159755000,2398,3996,159800000,41225
4,3196,159800000,159805000,2398,3996,159850000,41238
4,3197,159850000,159855000,2398,3996,159900000,41249
4,3198,159900000,159905000,2398,3996,159950000,41261
4,3199,159950000,159955000,2398,3996,160000000,41275
4,32,1600000,1605000,2398,3996,1650000,421
4,320,16000000,16005000,2398,3996,16050000,4136
4,3200,160000000,160005000,2398,3996,160050000,41289
4,3201,160050000,160055000,2398,3996,160100000,41302
4,3202,160100000,160105000,2398,3996,160150000,41313
4,3203,160150000,160155000,2398,3996,160200000,41327
4,3204,160200000,160205000,2398,3996,160250000,41340
4,3205,160250000,160255000,2398,3996,160300000,41353
4,3206,160300000,160305000,2398,3996,160350000,41365
4,3207,160350000,160355000,2398,3996,160400000,41380
4,3208,160400000,160405000,2398,3996,160450000,41392
4,3209,160450000,160455000,2398,3996,160500000,41404
4,321,16050000,16055000,2398,3996,16100000,4148
4,3210,160500000,160505000,2398,3996,160550000,41415
4,3211,160550000,160555000,2398,3996,160600000,41430
4,3212,160600000,160605000,2398,3996,160650000,41443
4,3213,160650000,160655000,2398,3996,160700000,41457
4,3214,160700000,160705000,2398,3996,160750000,41470
4,3215,160750000,160755000,2398,3996,160800000,41482
4,3216,160800000,160805000,2398,3996,160850000,41494
4,3217,160850000,160855000,2398,3996,160900000,41507
4,3218,160900000,160905000,2398,3996,160950000,41521
4,3219,160950000,160955000,2398,3996,161000000,41533
4,322,16100000,16105000,2398,3996,16150000,4161
4,3220,161000000,161005000,2398,3996,161050000,41546
4,3221,161050000,161055000,2398,3996,161100000,41559
4,3222,161100000,161105000,2398,3996,161150000,41572
4,3223,161150000,161155000,2398,3996,161200000,41585
4,3224,161200000,161205000,2398,3996,161250000,41598
4,3225,161250000,161255000,2398,3996,161300000,41612
4,3226,161300000,161305000,2398,3996,161350000,41623
4,3227,161350000,161355000,2398,3996,161400000,41637
4,3228,161400000,161405000,2398,3996,161450000,41648
4,3229,161450000,161455000,2398,3996,161500000,41662
4,323,16150000,16155000,2398,3996,16200000,4175
4,3230,161500000,161505000,2398,3996,161550000,41675
4,3231,161550000,161555000,2398,3996,161600000,41690
4,3232,161600000,161605000,2398,3996,161650000,41702
4,3233,161650000,161655000,2398,3996,161700000,41713
4,3234,161700000,161705000,2398,3996,161750000,41726
4,3235,161750000,161755000,2398,3996,161800000,41740
4,3236,161800000,161805000,2398,3996,161850000,41753
4,3237,161850000,161855000,2398,3996,161900000,41765
4,3238,161900000,161905000,2398,3996,161950000,41778
4,3239,161950000,161955000,2398,3996,162000000,41792
4,324,16200000,16205000,2398,3996,16250000,4187
4,3240,162000000,162005000,2398,3996,162050000,41804
4,3241,162050000,162055000,2398,3996,162100000,41817
4,3242,162100000,162105000,2398,3996,162150000,41830
4,3243,162150000,162155000,2398,3996,162200000,41845
4,3244,162200000,162205000,2398,3996,162250000,41856
4,3245,162250000,162255000,2398,3996,162300000,41868
4,3246,162300000,162305000,2398,3996,162350000,41880
4,3247,162350000,162355000,2398,3996,162400000,41894
4,3248,162400000,162405000,2398,3996,162450000,41908
4,3249,162450000,162455000,2398,3996,162500000,41921
4,325,16250000,16255000,2398,3996,16300000,4200
4,3250,162500000,162505000,2398,3996,162550000,41934
4,3251,162550000,162555000,2398,3996,162600000,41946
4,3252,162600000,162605000,2398,3996,162650000,41959
4,3253,162650000,162655000,2398,3996,162700000,41972
4,3254,162700000,162705000,2398,3996,162750000,41984
4,3255,162750000,162755000,2398,3996,162800000,41998
4,3256,162800000,162805000,2398,3996,162850000,42011
4,3257,162850000,162855000,2398,3996,162900000,42024
4,3258,162900000,162905000,2398,3996,162950000,42035
4,3259,162950000,162955000,2398,3996,163000000,42050
4,326,16300000,16305000,2398,3996,16350000,4213
4,3260,163000000,163005000,2398,3996,163050000,42063
4,3261,163050000,163055000,2398,3996,163100000,42076
4,3262,163100000,163105000,2398,3996,163150000,42087
4,3263,163150000,163155000,2398,3996,163200000,42101
4,3264,163200000,163205000,2398,3996,163250000,42113
4,3265,163250000,163255000,2398,3996,163300000,42126
4,3266,163300000,163305000,2398,3996,163350000,42140
4,3267,163350000,163355000,2398,3996,163400000,42154
4,3268,163400000,163405000,2398,3996,163450000,42166
4,3269,163450000,163455000,2398,3996,163500000,42178
4,327,16350000,16355000,2398,3996,16400000,4228
4,3270,163500000,163505000,2398,3996,163550000,42191
4,3271,163550000,163555000,2398,3996,163600000,42204
4,3272,163600000,163605000,2398,3996,163650000,42217
4,3273,163650000,163655000,2398,3996,163700000,42230
4,3274,163700000,163705000,2398,3996,163750000,42243
4,3275,163750000,163755000,2398,3996,163800000,42255
4,328,16400000,16405000,2398,3996,16450000,4239
4,329,16450000,16455000,2398,3996,16500000,4251
4,33,1650000,1655000,2398,3996,1700000,434
4,330,16500000,16505000,2398,3996,16550000,4263
4,331,16550000,16555000,2398,3996,16600000,4278
4,332,16600000,16605000,2398,3996,16650000,4291
4,333,16650000,16655000,2398,3996,16700000,4304
4,334,16700000,16705000,2398,3996,16750000,4317
4,335,16750000,16755000,2398,3996,16800000,4329
4,336,16800000,16805000,2398,3996,16850000,4342
4,337,16850000,16855000,2398,3996,16900000,4354
4,338,16900000,16905000,2398,3996,16950000,4368
4,339,16950000,16955000,2398,3996,17000000,4381
4,34,1700000,1705000,2398,3996,1750000,445
4,340,17000000,17005000,2398,3996,17050000,4394
4,341,17050000,17055000,2398,3996,17100000,4407
4,342,17100000,17105000,2398,3996,17150000,4418
4,343,17150000,17155000,2398,3996,17200000,4433
4,344,17200000,17205000,2398,3996,17250000,4446
4,345,17250000,17255000,2398,3996,17300000,4460
4,346,17300000,17305000,2398,3996,17350000,4470
4,347,17350000,17355000,2398,3996,17400000,4484
4,348,17400000,17405000,2398,3996,17450000,4496
4,349,17450000,17455000,2398,3996,17500000,4509
4,35,1750000,1755000,2398,3996,1800000,459
4,350,17500000,17505000,2398,3996,17550000,4522
4,351,17550000,17555000,2398,3996,17600000,4537
4,352,17600000,17605000,2398,3996,17650000,4550
4,353,17650000,17655000,2398,3996,17700000,4561
4,354,17700000,17705000,2398,3996,17750000,4574
4,355,17750000,17755000,2398,3996,17800000,4587
4,356,17800000,17805000,2398,3996,17850000,4600
4,357,17850000,17855000,2398,3996,17900000,4613
4,358,17900000,17905000,2398,3996,17950000,4626
4,359,17950000,17955000,2398,3996,18000000,4639
4,36,1800000,1805000,2398,3996,1850000,472
4,360,18000000,18005000,2398,3996,18050000,4651
4,361,18050000,18055000,2398,3996,18100000,4665
4,362,18100000,18105000,2398,3996,18150000,4678
4,363,18150000,18155000,2398,3996,18200000,4691
4,364,18200000,18205000,2398,3996,18250000,4703
4,365,18250000,18255000,2398,3996,18300000,4716
4,366,18300000,18305000,2398,3996,18350000,4728
4,367,18350000,18355000,2398,3996,18400000,4742
4,368,18400000,18405000,2398,3996,18450000,4755
4,369,18450000,18455000,2398,3996,18500000,4769
4,37,1850000,1855000,2398,3996,1900000,486
4,370,18500000,18505000,2398,3996,18550000,4781
4,371,18550000,18555000,2398,3996,18600000,4794
4,372,18600000,18605000,2398,3996,18650000,4806
4,373,18650000,18655000,2398,3996,18700000,4819
4,374,18700000,18705000,2398,3996,18750000,4832
4,375,18750000,18755000,2398,3996,18800000,4846
4,376,18800000,18805000,2398,3996,18850000,4858
4,377,18850000,18855000,2398,3996,18900000,4870
4,378,18900000,18905000,2398,3996,18950000,4883
4,379,18950000,18955000,2398,3996,19000000,4898
4,38,1900000,1905000,2398,3996,1950000,497
4,380,19000000,19005000,2398,3996,19050000,4911
4,381,19050000,19055000,2398,3996,19100000,4923
4,382,19100000,19105000,2398,3996,19150000,4935
4,383,19150000,19155000,2398,3996,19200000,4949
4,384,19200000,19205000,2398,3996,19250000,4960
4,385,19250000,19255000,2398,3996,19300000,4973
4,386,19300000,19305000,2398,3996,19350000,4987
4,387,19350000,19355000,2398,3996,19400000,5002
4,388,19400000,19405000,2398,3996,19450000,5014
4,389,19450000,19455000,2398,3996,19500000,5025
4,39,1950000,1955000,2398,3996,2000000,512
4,390,19500000,19505000,2398,3996,19550000,5038
4,391,19550000,19555000,2398,3996,19600000,5051
4,392,19600000,19605000,2398,3996,19650000,5065
4,393,19650000,19655000,2398,3996,19700000,5078
4,394,19700000,19705000,2398,3996,19750000,5090
4,395,19750000,19755000,2398,3996,19800000,5103
4,396,19800000,19805000,2398,3996,19850000,5116
4,397,19850000,19855000,2398,3996,19900000,5130
4,398,19900000,19905000,2398,3996,19950000,5141
4,399,19950000,19955000,2398,3996,20000000,5156
4,4,200000,205000,2398,3996,250000,59
4,40,2000000,2005000,2398,3996,2050000,524
4,400,20000000,20005000,2398,3996,20050000,5168
4,401,20050000,20055000,2398,3996,20100000,5181
4,402,20100000,20105000,2398,3996,20150000,5191
4,403,20150000,20155000,2398,3996,20200000,5206
4,404,20200000,20205000,2398,3996,20250000,5220
4,405,20250000,20255000,2398,3996,20300000,5233
4,406,20300000,20305000,2398,3996,20350000,5246
4,407,20350000,20355000,2398,3996,20400000,5258
4,408,20400000,20405000,2398,3996,20450000,5271
4,409,20450000,20455000,2398,3996,20500000,5283
4,41,2050000,2055000,2398,3996,2100000,536
4,410,20500000,20505000,2398,3996,20550000,5297
4,411,20550000,20555000,2398,3996,20600000,5310
4,412,20600000,20605000,2398,3996,20650000,5322
4,413,20650000,20655000,2398,3996,20700000,5335
4,414,20700000,20705000,2398,3996,20750000,5348
4,415,20750000,20755000,2398,3996,20800000,5362
4,416,20800000,20805000,2398,3996,20850000,5374
4,417,20850000,20855000,2398,3996,20900000,5388
4,418,20900000,20905000,2398,3996,20950000,5400
4,419,20950000,20955000,2398,3996,21000000,5413
4,42,2100000,2105000,2398,3996,2150000,548
4,420,21000000,21005000,2398,3996,21050000,5424
4,421,21050000,21055000,2398,3996,21100000,5438
4,422,21100000,21105000,2398,3996,21150000,5452
4,423,21150000,21155000,2398,3996,21200000,5466
4,424,21200000,21205000,2398,3996,21250000,5478
4,425,21250000,21255000,2398,3996,21300000,5490
4,426,21300000,21305000,2398,3996,21350000,5502
4,427,21350000,21355000,2398,3996,21400000,5516
4,428,21400000,21405000,2398,3996,21450000,5529
4,429,21450000,21455000,2398,3996,21500000,5542
4,43,2150000,2155000,2398,3996,2200000,562
4,430,21500000,21505000,2398,3996,21550000,5554
4,431,21550000,21555000,2398,3996,21600000,5568
4,432,21600000,21605000,2398,3996,21650000,5581
4,433,21650000,21655000,2398,3996,21700000,5593
4,434,21700000,21705000,2398,3996,21750000,5606
4,435,21750000,21755000,2398,3996,21800000,5621
4,436,21800000,21805000,2398,3996,21850000,5633
4,437,21850000,21855000,2398,3996,21900000,5644
4,438,21900000,21905000,2398,3996,21950000,5656
4,439,21950000,21955000,2398,3996,22000000,5671
4,44,2200000,2205000,2398,3996,2250000,576
4,440,22000000,22005000,2398,3996,22050000,5684
4,441,22050000,22055000,2398,3996,22100000,5697
4,442,22100000,22105000,2398,3996,22150000,5710
4,443,22150000,22155000,2398,3996,22200000,5723
4,444,22200000,22205000,2398,3996,22250000,5735
4,445,22250000,22255000,2398,3996,22300000,5748
4,446,22300000,22305000,2398,3996,22350000,5761
4,447,22350000,22355000,2398,3996,22400000,5774
4,448,22400000,22405000,2398,3996,22450000,5787
4,449,22450000,22455000,2398,3996,22500000,5800
4,45,2250000,2255000,2398,3996,2300000,589
4,450,22500000,22505000,2398,3996,22550000,5812
4,451,22550000,22555000,2398,3996,22600000,5826
4,452,22600000,22605000,2398,3996,22650000,5839
4,453,22650000,22655000,2398,3996,22700000,5853
4,454,22700000,22705000,2398,3996,22750000,5863
4,455,22750000,22755000,2398,3996,22800000,5877
4,456,22800000,22805000,2398,3996,22850000,5889
4,457,22850000,22855000,2398,3996,22900000,5903
4,458,22900000,22905000,2398,3996,22950000,5916
4,459,22950000,22955000,2398,3996,23000000,5930
4,46,2300000,2305000,2398,3996,2350000,602
4,460,23000000,23005000,2398,3996,23050000,5943
4,461,23050000,23055000,2398,3996,23100000,5954
4,462,23100000,23105000,2398,3996,23150000,5967
4,463,23150000,23155000,2398,3996,23200000,5980
4,464,23200000,23205000,2398,3996,23250000,5994
4,465,23250000,23255000,2398,3996,23300000,6006
4,466,23300000,23305000,2398,3996,23350000,6019
4,467,23350000,23355000,2398,3996,23400000,6032
4,468,23400000,23405000,2398,3996,23450000,6044
4,469,23450000,23455000,2398,3996,23500000,6058
4,47,2350000,2355000,2398,3996,2400000,614
4,470,23500000,23505000,2398,3996,23550000,6071
4,471,23550000,23555000,2398,3996,23600000,6086
4,472,23600000,23605000,2398,3996,23650000,6096
4,473,23650000,23655000,2398,3996,23700000,6109
4,474,23700000,23705000,2398,3996,23750000,6121
4,475,23750000,23755000,2398,3996,23800000,6135
4,476,23800000,23805000,2398,3996,23850000,6148
4,477,23850000,23855000,2398,3996,23900000,6162
4,478,23900000,23905000,2398,3996,23950000,6175
4,479,23950000,23955000,2398,3996,24000000,6187
4,48,2400000,2405000,2398,3996,2450000,626
4,480,24000000,24005000,2398,3996,24050000,6199
4,481,24050000,24055000,2398,3996,24100000,6212
4,482,24100000,24105000,2398,3996,24150000,6225
4,483,24150000,24155000,2398,3996,24200000,6239
4,484,24200000,24205000,2398,3996,24250000,6252
4,485,24250000,24255000,2398,3996,24300000,6264
4,486,24300000,24305000,2398,3996,24350000,6276
4,487,24350000,24355000,2398,3996,24400000,6291
4,488,24400000,24405000,2398,3996,24450000,6304
4,489,24450000,24455000,2398,3996,24500000,6316
4,49,2450000,2455000,2398,3996,2500000,639
4,490,24500000,24505000,2398,3996,24550000,6328
4,491,24550000,24555000,2398,3996,24600000,6342
4,492,24600000,24605000,2398,3996,24650000,6354
4,493,24650000,24655000,2398,3996,24700000,6366
4,494,24700000,24705000,2398,3996,24750000,6380
4,495,24750000,24755000,2398,3996,24800000,6395
4,496,24800000,24805000,2398,3996,24850000,6407
4,497,24850000,24855000,2398,3996,24900000,6419
4,498,24900000,24905000,2398,3996,24950000,6431
4,499,24950000,24955000,2398,3996,25000000,6445
4,5,250000,255000,2398,3996,300000,72
4,50,2500000,2505000,2398,3996,2550000,653
4,500,25000000,25005000,2398,3996,25050000,6458
4,501,25050000,25055000,2398,3996,25100000,6471
4,502,25100000,25105000,2398,3996,25150000,6483
4,503,25150000,25155000,2398,3996,25200000,6496
4,504,25200000,25205000,2398,3996,25250000,6509
4,505,25250000,25255000,2398,3996,25300000,6523
4,506,25300000,25305000,2398,3996,25350000,6535
4,507,25350000,25355000,2398,3996,25400000,6549
4,508,25400000,25405000,2398,3996,25450000,6561
4,509,25450000,25455000,2398,3996,25500000,6574
4,51,2550000,2555000,2398,3996,2600000,666
4,510,25500000,25505000,2398,3996,25550000,6585
4,511,25550000,25555000,2398,3996,25600000,6599
4,512,25600000,25605000,2398,3996,25650000,6613
4,513,25650000,25655000,2398,3996,25700000,6627
4,514,25700000,25705000,2398,3996,25750000,6639
4,515,25750000,25755000,2398,3996,25800000,6651
4,516,25800000,25805000,2398,3996,25850000,6664
4,517,25850000,25855000,2398,3996,25900000,6676
4,518,25900000,25905000,2398,3996,25950000,6690
4,519,25950000,25955000,2398,3996,26000000,6703
4,52,2600000,2605000,2398,3996,2650000,678
4,520,26000000,26005000,2398,3996,26050000,6716
4,521,26050000,26055000,2398,3996,26100000,6728
4,522,26100000,26105000,2398,3996,26150000,6741
4,523,26150000,26155000,2398,3996,26200000,6756
4,524,26200000,26205000,2398,3996,26250000,6767
4,525,26250000,26255000,2398,3996,26300000,6781
4,526,26300000,26305000,2398,3996,26350000,6793
4,527,26350000,26355000,2398,3996,26400000,6807
4,528,26400000,26405000,2398,3996,26450000,6817
4,529,26450000,26455000,2398,3996,26500000,6831
4,53,2650000,2655000,2398,3996,2700000,691
4,530,26500000,26505000,2398,3996,26550000,6845
4,531,26550000,26555000,2398,3996,26600000,6859
4,532,26600000,26605000,2398,3996,26650000,6871
4,533,26650000,26655000,2398,3996,26700000,6883
4,534,26700000,26705000,2398,3996,26750000,6896
4,535,26750000,26755000,2398,3996,26800000,6909
4,536,26800000,26805000,2398,3996,26850000,6923
4,537,26850000,26855000,2398,3996,26900000,6935
4,538,26900000,26905000,2398,3996,26950000,6947
4,539,26950000,26955000,2398,3996,27000000,6961
4,54,2700000,2705000,2398,3996,2750000,704
4,540,27000000,27005000,2398,3996,27050000,6974
4,541,27050000,27055000,2398,3996,27100000,6987
4,542,27100000,27105000,2398,3996,27150000,6999
4,543,27150000,27155000,2398,3996,27200000,7014
4,544,27200000,27205000,2398,3996,27250000,7026
4,545,27250000,27255000,2398,3996,27300000,7037
4,546,27300000,27305000,2398,3996,27350000,7049
4,547,27350000,27355000,2398,3996,27400000,7064
4,548,27400000,27405000,2398,3996,27450000,7078
4,549,27450000,27455000,2398,3996,27500000,7091
4,55,2750000,2755000,2398,3996,2800000,718
4,550,27500000,27505000,2398,3996,27550000,7103
4,551,27550000,27555000,2398,3996,27600000,7116
4,552,27600000,27605000,2398,3996,27650000,7128
4,553,27650000,27655000,2398,3996,27700000,7141
4,554,27700000,27705000,2398,3996,27750000,7154
4,555,27750000,27755000,2398,3996,27800000,7168
4,556,27800000,27805000,2398,3996,27850000,7180
4,557,27850000,27855000,2398,3996,27900000,7193
4,558,27900000,27905000,2398,3996,27950000,7205
4,559,27950000,27955000,2398,3996,28000000,7219
4,56,2800000,2805000,2398,3996,2850000,730
4,560,28000000,28005000,2398,3996,28050000,7232
4,561,28050000,28055000,2398,3996,28100000,7246
4,562,28100000,28105000,2398,3996,28150000,7258
4,563,28150000,28155000,2398,3996,28200000,7270
4,564,28200000,28205000,2398,3996,28250000,7282
4,565,28250000,28255000,2398,3996,28300000,7296
4,566,28300000,28305000,2398,3996,28350000,7309
4,567,28350000,28355000,2398,3996,28400000,7323
4,568,28400000,28405000,2398,3996,28450000,7336
4,569,28450000,28455000,2398,3996,28500000,7348
4,57,2850000,2855000,2398,3996,2900000,744
4,570,28500000,28505000,2398,3996,28550000,7360
4,571,28550000,28555000,2398,3996,28600000,7373
4,572,28600000,28605000,2398,3996,28650000,7387
4,573,28650000,28655000,2398,3996,28700000,7399
4,574,28700000,28705000,2398,3996,28750000,7412
4,575,28750000,28755000,2398,3996,28800000,7426
4,576,28800000,28805000,2398,3996,28850000,7438
4,577,28850000,28855000,2398,3996,28900000,7451
4,578,28900000,28905000,2398,3996,28950000,7464
4,579,28950000,28955000,2398,3996,29000000,7479
4,58,2900000,2905000,2398,3996,2950000,756
4,580,29000000,29005000,2398,3996,29050000,7489
4,581,29050000,29055000,2398,3996,29100000,7502
4,582,29100000,29105000,2398,3996,29150000,7514
4,583,29150000,29155000,2398,3996,29200000,7529
4,584,29200000,29205000,2398,3996,29250000,7541
4,585,29250000,29255000,2398,3996,29300000,7555
4,586,29300000,29305000,2398,3996,29350000,7568
4,587,29350000,29355000,2398,3996,29400000,7580
4,588,29400000,29405000,2398,3996,29450000,7593
4,589,29450000,29455000,2398,3996,29500000,7605
4,59,2950000,2955000,2398,3996,3000000,769
4,590,29500000,29505000,2398,3996,29550000,7619
4,591,29550000,29555000,2398,3996,29600000,7632
4,592,29600000,29605000,2398,3996,29650000,7645
4,593,29650000,29655000,2398,3996,29700000,7657
4,594,29700000,29705000,2398,3996,29750000,7669
4,595,29750000,29755000,2398,3996,29800000,7684
4,596,29800000,29805000,2398,3996,29850000,7697
4,597,29850000,29855000,2398,3996,29900000,7710
4,598,29900000,29905000,2398,3996,29950000,7721
4,599,29950000,29955000,2398,3996,30000000,7735
4,6,300000,305000,2398,3996,350000,83
4,60,3000000,3005000,2398,3996,3050000,780
4,600,30000000,30005000,2398,3996,30050000,7747
4,601,30050000,30055000,2398,3996,30100000,7760
4,602,30100000,30105000,2398,3996,30150000,7773
4,603,30150000,30155000,2398,3996,30200000,7788
4,604,30200000,30205000,2398,3996,30250000,7801
4,605,30250000,30255000,2398,3996,30300000,7812
4,606,30300000,30305000,2398,3996,30350000,7824
4,607,30350000,30355000,2398,3996,30400000,7838
4,608,30400000,30405000,2398,3996,30450000,7851
4,609,30450000,30455000,2398,3996,30500000,7864
4,61,3050000,3055000,2398,3996,3100000,794
4,610,30500000,30505000,2398,3996,30550000,7876
4,611,30550000,30555000,2398,3996,30600000,7890
4,612,30600000,30605000,2398,3996,30650000,7902
4,613,30650000,30655000,2398,3996,30700000,7916
4,614,30700000,30705000,2398,3996,30750000,7929
4,615,30750000,30755000,2398,3996,30800000,7942
4,616,30800000,30805000,2398,3996,30850000,7954
4,617,30850000,30855000,2398,3996,30900000,7967
4,618,30900000,30905000,2398,3996,30950000,7979
4,619,30950000,30955000,2398,3996,31000000,7992
4,62,3100000,3105000,2398,3996,3150000,807
4,620,31000000,31005000,2398,3996,31050000,8006
4,621,31050000,31055000,2398,3996,31100000,8020
4,622,31100000,31105000,2398,3996,31150000,8032
4,623,31150000,31155000,2398,3996,31200000,8044
4,624,31200000,31205000,2398,3996,31250000,8057
4,625,31250000,31255000,2398,3996,31300000,8070
4,626,31300000,31305000,2398,3996,31350000,8083
4,627,31350000,31355000,2398,3996,31400000,8097
4,628,31400000,31405000,2398,3996,31450000,8109
4,629,31450000,31455000,2398,3996,31500000,8121
4,63,3150000,3155000,2398,3996,3200000,822
4,630,31500000,31505000,2398,3996,31550000,8134
4,631,31550000,31555000,2398,3996,31600000,8149
4,632,31600000,31605000,2398,3996,31650000,8161
4,633,31650000,31655000,2398,3996,31700000,8174
4,634,31700000,31705000,2398,3996,31750000,8186
4,635,31750000,31755000,2398,3996,31800000,8200
4,636,31800000,31805000,2398,3996,31850000,8210
4,637,31850000,31855000,2398,3996,31900000,8224
4,638,31900000,31905000,2398,3996,31950000,8238
4,639,31950000,31955000,2398,3996,32000000,8253
4,64,3200000,3205000,2398,3996,3250000,834
4,640,32000000,32005000,2398,3996,32050000,8265
4,641,32050000,32055000,2398,3996,32100000,8276
4,642,32100000,32105000,2398,3996,32150000,8289
4,643,32150000,32155000,2398,3996,32200000,8302
4,644,32200000,32205000,2398,3996,32250000,8316
4,645,32250000,32255000,2398,3996,32300000,8328
4,646,32300000,32305000,2398,3996,32350000,8341
4,647,32350000,32355000,2398,3996,32400000,8354
4,648,32400000,32405000,2398,3996,32450000,8367
4,649,32450000,32455000,2398,3996,32500000,8380
4,65,3250000,3255000,2398,3996,3300000,846
4,650,32500000,32505000,2398,3996,32550000,8392
4,651,32550000,32555000,2398,3996,32600000,8407
4,652,32600000,32605000,2398,3996,32650000,8419
4,653,32650000,32655000,2398,3996,32700000,8432
4,654,32700000,32705000,2398,3996,32750000,8442
4,655,32750000,32755000,2398,3996,32800000,8457
4,656,32800000,32805000,2398,3996,32850000,8471
4,657,32850000,32855000,2398,3996,32900000,8484
4,658,32900000,32905000,2398,3996,32950000,8496
4,659,32950000,32955000,2398,3996,33000000,8509
4,66,3300000,3305000,2398,3996,3350000,858
4,660,33000000,33005000,2398,3996,33050000,8522
4,661,33050000,33055000,2398,3996,33100000,8534
4,662,33100000,33105000,2398,3996,33150000,8547
4,663,33150000,33155000,2398,3996,33200000,8561
4,664,33200000,33205000,2398,3996,33250000,8573
4,665,33250000,33255000,2398,3996,33300000,8586
4,666,33300000,33305000,2398,3996,33350000,8599
4,667,33350000,33355000,2398,3996,33400000,8613
4,668,33400000,33405000,2398,3996,33450000,8625
4,669,33450000,33455000,2398,3996,33500000,8639
4,67,3350000,3355000,2398,3996,3400000,872
4,670,33500000,33505000,2398,3996,33550000,8651
4,671,33550000,33555000,2398,3996,33600000,8663
4,672,33600000,33605000,2398,3996,33650000,8675
4,673,33650000,33655000,2398,3996,33700000,8689
4,674,33700000,33705000,2398,3996,33750000,8703
4,675,33750000,33755000,2398,3996,33800000,8716
4,676,33800000,33805000,2398,3996,33850000,8729
4,677,33850000,33855000,2398,3996,33900000,8741
4,678,33900000,33905000,2398,3996,33950000,8753
4,679,33950000,33955000,2398,3996,34000000,8767
4,68,3400000,3405000,2398,3996,3450000,886
4,680,34000000,34005000,2398,3996,34050000,8780
4,681,34050000,34055000,2398,3996,34100000,8793
4,682,34100000,34105000,2398,3996,34150000,8805
4,683,34150000,34155000,2398,3996,34200000,8819
4,684,34200000,34205000,2398,3996,34250000,8831
4,685,34250000,34255000,2398,3996,34300000,8844
4,686,34300000,34305000,2398,3996,34350000,8857
4,687,34350000,34355000,2398,3996,34400000,8872
4,688,34400000,34405000,2398,3996,34450000,8883
4,689,34450000,34455000,2398,3996,34500000,8895
4,69,3450000,3455000,2398,3996,3500000,897
4,690,34500000,34505000,2398,3996,34550000,8907
4,691,34550000,34555000,2398,3996,34600000,8922
4,692,34600000,34605000,2398,3996,34650000,8935
4,693,34650000,34655000,2398,3996,34700000,8948
4,694,34700000,34705000,2398,3996,34750000,8961
4,695,34750000,34755000,2398,3996,34800000,8974
4,696,34800000,34805000,2398,3996,34850000,8986
4,697,34850000,34855000,2398,3996,34900000,8998
4,698,34900000,34905000,2398,3996,34950000,9012
4,699,34950000,34955000,2398,3996,35000000,9025
4,7,350000,355000,2398,3996,400000,98
4,70,3500000,3505000,2398,3996,3550000,910
4,700,35000000,35005000,2398,3996,35050000,9038
4,701,35050000,35055000,2398,3996,35100000,9050
4,702,35100000,35105000,2398,3996,35150000,9063
4,703,35150000,35155000,2398,3996,35200000,9077
4,704,35200000,35205000,2398,3996,35250000,9090
4,705,35250000,35255000,2398,3996,35300000,9104
4,706,35300000,35305000,2398,3996,35350000,9114
4,707,35350000,35355000,2398,3996,35400000,9128
4,708,35400000,35405000,2398,3996,35450000,9140
4,709,35450000,35455000,2398,3996,35500000,9154
4,71,3550000,3555000,2398,3996,3600000,924
4,710,35500000,35505000,2398,3996,35550000,9166
4,711,35550000,35555000,2398,3996,35600000,9181
4,712,35600000,35605000,2398,3996,35650000,9194
4,713,35650000,35655000,2398,3996,35700000,9205
4,714,35700000,35705000,2398,3996,35750000,9217
4,715,35750000,35755000,2398,3996,35800000,9231
4,716,35800000,35805000,2398,3996,35850000,9245
4,717,35850000,35855000,2398,3996,35900000,9257
4,718,35900000,35905000,2398,3996,35950000,9270
4,719,35950000,35955000,2398,3996,36000000,9283
4,72,3600000,3605000,2398,3996,3650000,937
4,720,36000000,36005000,2398,3996,36050000,9295
4,721,36050000,36055000,2398,3996,36100000,9309
4,722,36100000,36105000,2398,3996,36150000,9322
4,723,36150000,36155000,2398,3996,36200000,9336
4,724,36200000,36205000,2398,3996,36250000,9347
4,725,36250000,36255000,2398,3996,36300000,9360
4,726,36300000,36305000,2398,3996,36350000,9372
4,727,36350000,36355000,2398,3996,36400000,9385
4,728,36400000,36405000,2398,3996,36450000,9399
4,729,36450000,36455000,2398,3996,36500000,9413
4,73,3650000,3655000,2398,3996,3700000,949
4,730,36500000,36505000,2398,3996,36550000,9426
4,731,36550000,36555000,2398,3996,36600000,9438
4,732,36600000,36605000,2398,3996,36650000,9450
4,733,36650000,36655000,2398,3996,36700000,9463
4,734,36700000,36705000,2398,3996,36750000,9476
4,735,36750000,36755000,2398,3996,36800000,9490
4,736,36800000,36805000,2398,3996,36850000,9502
4,737,36850000,36855000,2398,3996,36900000,9515
4,738,36900000,36905000,2398,3996,36950000,9527
4,739,36950000,36955000,2398,3996,37000000,9542
4,74,3700000,3705000,2398,3996,3750000,962
4,740,37000000,37005000,2398,3996,37050000,9554
4,741,37050000,37055000,2398,3996,37100000,9567
4,742,37100000,37105000,2398,3996,37150000,9579
4,743,37150000,37155000,2398,3996,37200000,9593
4,744,37200000,37205000,2398,3996,37250000,9605
4,745,37250000,37255000,2398,3996,37300000,9617
4,746,37300000,37305000,2398,3996,37350000,9631
4,747,37350000,37355000,2398,3996,37400000,9646
4,748,37400000,37405000,2398,3996,37450000,9658
4,749,37450000,37455000,2398,3996,37500000,9669
4,75,3750000,3755000,2398,3996,3800000,977
4,750,37500000,37505000,2398,3996,37550000,9682
4,751,37550000,37555000,2398,3996,37600000,9696
4,752,37600000,37605000,2398,3996,37650000,9709
4,753,37650000,37655000,2398,3996,37700000,9721
4,754,37700000,37705000,2398,3996,37750000,9734
4,755,37750000,37755000,2398,3996,37800000,9747
4,756,37800000,37805000,2398,3996,37850000,9760
4,757,37850000,37855000,2398,3996,37900000,9774
4,758,37900000,37905000,2398,3996,37950000,9786
4,759,37950000,37955000,2398,3996,38000000,9800
4,76,3800000,3805000,2398,3996,3850000,988
4,760,38000000,38005000,2398,3996,38050000,9812
4,761,38050000,38055000,2398,3996,38100000,9825
4,762,38100000,38105000,2398,3996,38150000,9835
4,763,38150000,38155000,2398,3996,38200000,9850
4,764,38200000,38205000,2398,3996,38250000,9864
4,765,38250000,38255000,2398,3996,38300000,9878
4,766,38300000,38305000,2398,3996,38350000,9889
4,767,38350000,38355000,2398,3996,38400000,9902
4,768,38400000,38405000,2398,3996,38450000,9915
4,769,38450000,38455000,2398,3996,38500000,9927
4,77,3850000,3855000,2398,3996,3900000,1000
4,770,38500000,38505000,2398,3996,38550000,9941
4,771,38550000,38555000,2398,3996,38600000,9954
4,772,38600000,38605000,2398,3996,38650000,9967
4,773,38650000,38655000,2398,3996,38700000,9979
4,774,38700000,38705000,2398,3996,38750000,9992
4,775,38750000,38755000,2398,3996,38800000,10006
4,776,38800000,38805000,2398,3996,38850000,10018
4,777,38850000,38855000,2398,3996,38900000,10032
4,778,38900000,38905000,2398,3996,38950000,10044
4,779,38950000,38955000,2398,3996,39000000,10057
4,78,3900000,3905000,2398,3996,3950000,1012
4,780,39000000,39005000,2398,3996,39050000,10068
4,781,39050000,39055000,2398,3996,39100000,10082
4,782,39100000,39105000,2398,3996,39150000,10096
4,783,39150000,39155000,2398,3996,39200000,10110
4,784,39200000,39205000,2398,3996,39250000,10122
4,785,39250000,39255000,2398,3996,39300000,10134
4,786,39300000,39305000,2398,3996,39350000,10147
4,787,39350000,39355000,2398,3996,39400000,10160
4,788,39400000,39405000,2398,3996,39450000,10173
4,789,39450000,39455000,2398,3996,39500000,10186
4,79,3950000,3955000,2398,3996,4000000,1027
4,790,39500000,39505000,2398,3996,39550000,10198
4,791,39550000,39555000,2398,3996,39600000,10212
4,792,39600000,39605000,2398,3996,39650000,10224
4,793,39650000,39655000,2398,3996,39700000,10238
4,794,39700000,39705000,2398,3996,39750000,10250
4,795,39750000,39755000,2398,3996,39800000,10265
4,796,39800000,39805000,2398,3996,39850000,10277
4,797,39850000,39855000,2398,3996,39900000,10288
4,798,39900000,39905000,2398,3996,39950000,10300
4,799,39950000,39955000,2398,3996,40000000,10315
4,8,400000,405000,2398,3996,450000,111
4,80,4000000,4005000,2398,3996,4050000,1040
4,800,40000000,40005000,2398,3996,40050000,10329
4,801,40050000,40055000,2398,3996,40100000,10341
4,802,40100000,40105000,2398,3996,40150000,10354
4,803,40150000,40155000,2398,3996,40200000,10367
4,804,40200000,40205000,2398,3996,40250000,10379
4,805,40250000,40255000,2398,3996,40300000,10391
4,806,40300000,40305000,2398,3996,40350000,10405
4,807,40350000,40355000,2398,3996,40400000,10419
4,808,40400000,40405000,2398,3996,40450000,10431
4,809,40450000,40455000,2398,3996,40500000,10444
4,81,4050000,4055000,2398,3996,4100000,1054
4,810,40500000,40505000,2398,3996,40550000,10456
4,811,40550000,40555000,2398,3996,40600000,10470
4,812,40600000,40605000,2398,3996,40650000,10483
4,813,40650000,40655000,2398,3996,40700000,10497
4,814,40700000,40705000,2398,3996,40750000,10508
4,815,40750000,40755000,2398,3996,40800000,10521
4,816,40800000,40805000,2398,3996,40850000,10533
4,817,40850000,40855000,2398,3996,40900000,10547
4,818,40900000,40905000,2398,3996,40950000,10559
4,819,40950000,40955000,2398,3996,41000000,10574
4,82,4100000,4105000,2398,3996,4150000,1066
4,820,41000000,41005000,2398,3996,41050000,10587
4,821,41050000,41055000,2398,3996,41100000,10599
4,822,41100000,41105000,2398,3996,41150000,10611
4,823,41150000,41155000,2398,3996,41200000,10624
4,824,41200000,41205000,2398,3996,41250000,10638
4,825,41250000,41255000,2398,3996,41300000,10650
4,826,41300000,41305000,2398,3996,41350000,10663
4,827,41350000,41355000,2398,3996,41400000,10676
4,828,41400000,41405000,2398,3996,41450000,10689
4,829,41450000,41455000,2398,3996,41500000,10702
4,83,4150000,4155000,2398,3996,4200000,1078
4,830,41500000,41505000,2398,3996,41550000,10715
4,831,41550000,41555000,2398,3996,41600000,10729
4,832,41600000,41605000,2398,3996,41650000,10740
4,833,41650000,41655000,2398,3996,41700000,10753
4,834,41700000,41705000,2398,3996,41750000,10765
4,835,41750000,41755000,2398,3996,41800000,10780
4,836,41800000,41805000,2398,3996,41850000,10792
4,837,41850000,41855000,2398,3996,41900000,10806
4,838,41900000,41905000,2398,3996,41950000,10819
4,839,41950000,41955000,2398,3996,42000000,10831
4,84,4200000,4205000,2398,3996,4250000,1091
4,840,42000000,42005000,2398,3996,42050000,10843
4,841,42050000,42055000,2398,3996,42100000,10856
4,842,42100000,42105000,2398,3996,42150000,10870
4,843,42150000,42155000,2398,3996,42200000,10883
4,844,42200000,42205000,2398,3996,42250000,10895
4,845,42250000,42255000,2398,3996,42300000,10908
4,846,42300000,42305000,2398,3996,42350000,10920
4,847,42350000,42355000,2398,3996,42400000,10935
4,848,42400000,42405000,2398,3996,42450000,10948
4,849,42450000,42455000,2398,3996,42500000,10961
4,85,4250000,4255000,2398,3996,4300000,1104
4,850,42500000,42505000,2398,3996,42550000,10972
4,851,42550000,42555000,2398,3996,42600000,10986
4,852,42600000,42605000,2398,3996,42650000,10998
4,853,42650000,42655000,2398,3996,42700000,11010
4,854,42700000,42705000,2398,3996,42750000,11024
4,855,42750000,42755000,2398,3996,42800000,11039
4,856,42800000,42805000,2398,3996,42850000,11052
4,857,42850000,42855000,2398,3996,42900000,11062
4,858,42900000,42905000,2398,3996,42950000,11075
4,859,42950000,42955000,2398,3996,43000000,11089
4,86,4300000,4305000,2398,3996,4350000,1117
4,860,43000000,43005000,2398,3996,43050000,11102
4,861,43050000,43055000,2398,3996,43100000,11115
4,862,43100000,43105000,2398,3996,43150000,11127
4,863,43150000,43155000,2398,3996,43200000,11141
4,864,43200000,43205000,2398,3996,43250000,11153
4,865,43250000,43255000,2398,3996,43300000,11167
4,866,43300000,43305000,2398,3996,43350000,11179
4,867,43350000,43355000,2398,3996,43400000,11193
4,868,43400000,43405000,2398,3996,43450000,11205
4,869,43450000,43455000,2398,3996,43500000,11218
4,87,4350000,4355000,2398,3996,4400000,1130
4,870,43500000,43505000,2398,3996,43550000,11229
4,871,43550000,43555000,2398,3996,43600000,11243
4,872,43600000,43605000,2398,3996,43650000,11257
4,873,43650000,43655000,2398,3996,43700000,11271
4,874,43700000,43705000,2398,3996,43750000,11283
4,875,43750000,43755000,2398,3996,43800000,11295
4,876,43800000,43805000,2398,3996,43850000,11308
4,877,43850000,43855000,2398,3996,43900000,11321
4,878,43900000,43905000,2398,3996,43950000,11334
4,879,43950000,43955000,2398,3996,44000000,11347
4,88,4400000,4405000,2398,3996,4450000,1143
4,880,44000000,44005000,2398,3996,44050000,11360
4,881,44050000,44055000,2398,3996,44100000,11372
4,882,44100000,44105000,2398,3996,44150000,11385
4,883,44150000,44155000,2398,3996,44200000,11399
4,884,44200000,44205000,2398,3996,44250000,11412
4,885,44250000,44255000,2398,3996,44300000,11425
4,886,44300000,44305000,2398,3996,44350000,11437
4,887,44350000,44355000,2398,3996,44400000,11451
4,888,44400000,44405000,2398,3996,44450000,11461
4,889,44450000,44455000,2398,3996,44500000,11475
4,89,4450000,4455000,2398,3996,4500000,1156
4,890,44500000,44505000,2398,3996,44550000,11489
4,891,44550000,44555000,2398,3996,44600000,11504
4,892,44600000,44605000,2398,3996,44650000,11515
4,893,44650000,44655000,2398,3996,44700000,11527
4,894,44700000,44705000,2398,3996,44750000,11540
4,895,44750000,44755000,2398,3996,44800000,11553
4,896,44800000,44805000,2398,3996,44850000,11566
4,897,44850000,44855000,2398,3996,44900000,11579
4,898,44900000,44905000,2398,3996,44950000,11592
4,899,44950000,44955000,2398,3996,45000000,11605
4,9,450000,455000,2398,3996,500000,125
4,90,4500000,4505000,2398,3996,4550000,1167
4,900,45000000,45005000,2398,3996,45050000,11618
4,901,45050000,45055000,2398,3996,45100000,11631
4,902,45100000,45105000,2398,3996,45150000,11643
4,903,45150000,45155000,2398,3996,45200000,11658
4,904,45200000,45205000,2398,3996,45250000,11670
4,905,45250000,45255000,2398,3996,45300000,11682
4,906,45300000,45305000,2398,3996,45350000,11693
4,907,45350000,45355000,2398,3996,45400000,11708
4,908,45400000,45405000,2398,3996,45450000,11722
4,909,45450000,45455000,2398,3996,45500000,11734
4,91,4550000,4555000,2398,3996,4600000,1182
4,910,45500000,45505000,2398,3996,45550000,11747
4,911,45550000,45555000,2398,3996,45600000,11760
4,912,45600000,45605000,2398,3996,45650000,11773
4,913,45650000,45655000,2398,3996,45700000,11785
4,914,45700000,45705000,2398,3996,45750000,11798
4,915,45750000,45755000,2398,3996,45800000,11812
4,916,45800000,45805000,2398,3996,45850000,11824
4,917,45850000,45855000,2398,3996,45900000,11837
4,918,45900000,45905000,2398,3996,45950000,11849
4,919,45950000,45955000,2398,3996,46000000,11864
4,92,4600000,4605000,2398,3996,4650000,1195
4,920,46000000,46005000,2398,3996,46050000,11876
4,921,46050000,46055000,2398,3996,46100000,11890
4,922,46100000,46105000,2398,3996,46150000,11901
4,923,46150000,46155000,2398,3996,46200000,11914
4,924,46200000,46205000,2398,3996,46250000,11926
4,925,46250000,46255000,2398,3996,46300000,11940
4,926,46300000,46305000,2398,3996,46350000,11954
4,927,46350000,46355000,2398,3996,46400000,11967
4,928,46400000,46405000,2398,3996,46450000,11980
4,929,46450000,46455000,2398,3996,46500000,11992
4,93,4650000,4655000,2398,3996,4700000,1209
4,930,46500000,46505000,2398,3996,46550000,12004
4,931,46550000,46555000,2398,3996,46600000,12017
4,932,46600000,46605000,2398,3996,46650000,12031
4,933,46650000,46655000,2398,3996,46700000,12044
4,934,46700000,46705000,2398,3996,46750000,12056
4,935,46750000,46755000,2398,3996,46800000,12069
4,936,46800000,46805000,2398,3996,46850000,12082
4,937,46850000,46855000,2398,3996,46900000,12095
4,938,46900000,46905000,2398,3996,46950000,12108
4,939,46950000,46955000,2398,3996,47000000,12123
4,94,4700000,4705000,2398,3996,4750000,1220
4,940,47000000,47005000,2398,3996,47050000,12134
4,941,47050000,47055000,2398,3996,47100000,12146
4,942,47100000,47105000,2398,3996,47150000,12158
4,943,47150000,47155000,2398,3996,47200000,12173
4,944,47200000,47205000,2398,3996,47250000,12185
4,945,47250000,47255000,2398,3996,47300000,12199
4,946,47300000,47305000,2398,3996,47350000,12212
4,947,47350000,47355000,2398,3996,47400000,12225
4,948,47400000,47405000,2398,3996,47450000,12236
4,949,47450000,47455000,2398,3996,47500000,12249
4,95,4750000,4755000,2398,3996,4800000,1233
4,950,47500000,47505000,2398,3996,47550000,12263
4,951,47550000,47555000,2398,3996,47600000,12276
4,952,47600000,47605000,2398,3996,47650000,12289
4,953,47650000,47655000,2398,3996,47700000,12301
4,954,47700000,47705000,2398,3996,47750000,12314
4,955,47750000,47755000,2398,3996,47800000,12328
4,956,47800000,47805000,2398,3996,47850000,12341
4,957,47850000,47855000,2398,3996,47900000,12354
4,958,47900000,47905000,2398,3996,47950000,12365
4,959,47950000,47955000,2398,3996,48000000,12379
4,96,4800000,4805000,2398,3996,4850000,1245
4,960,48000000,48005000,2398,3996,48050000,12391
4,961,48050000,48055000,2398,3996,48100000,12404
4,962,48100000,48105000,2398,3996,48150000,12417
4,963,48150000,48155000,2398,3996,48200000,12432
4,964,48200000,48205000,2398,3996,48250000,12445
4,965,48250000,48255000,2398,3996,48300000,12456
4,966,48300000,48305000,2398,3996,48350000,12468
4,967,48350000,48355000,2398,3996,48400000,12482
4,968,48400000,48405000,2398,3996,48450000,12496
4,969,48450000,48455000,2398,3996,48500000,12508
4,97,4850000,4855000,2398,3996,4900000,1258
4,970,48500000,48505000,2398,3996,48550000,12520
4,971,48550000,48555000,2398,3996,48600000,12534
4,972,48600000,48605000,2398,3996,48650000,12546
4,973,48650000,48655000,2398,3996,48700000,12560
4,974,48700000,48705000,2398,3996,48750000,12572
4,975,48750000,48755000,2398,3996,48800000,12587
4,976,48800000,48805000,2398,3996,48850000,12598
4,977,48850000,48855000,2398,3996,48900000,12611
4,978,48900000,48905000,2398,3996,48950000,12623
4,979,48950000,48955000,2398,3996,49000000,12636
4,98,4900000,4905000,2398,3996,4950000,1272
4,980,49000000,49005000,2398,3996,49050000,12650
4,981,49050000,49055000,2398,3996,49100000,12664
4,982,49100000,49105000,2398,3996,49150000,12677
4,983,49150000,49155000,2398,3996,49200000,12688
4,984,49200000,49205000,2398,3996,49250000,12701
4,985,49250000,49255000,2398,3996,49300000,12714
4,986,49300000,49305000,2398,3996,49350000,12727
4,987,49350000,49355000,2398,3996,49400000,12740
4,988,49400000,49405000,2398,3996,49450000,12753
4,989,49450000,49455000,2398,3996,49500000,12766
4,99,4950000,4955000,2398,3996,5000000,1286
4,990,49500000,49505000,2398,3996,49550000,12778
4,991,49550000,49555000,2398,3996,49600000,12793
4,992,49600000,49605000,2398,3996,49650000,12805
4,993,49650000,49655000,2398,3996,49700000,12818
4,994,49700000,49705000,2398,3996,49750000,12830
4,995,49750000,49755000,2398,3996,49800000,12844
4,996,49800000,49805000,2398,3996,49850000,12855
4,997,49850000,49855000,2398,3996,49900000,12868
4,998,49900000,49905000,2398,3996,49950000,12882
4,999,49950000,49955000,2398,3996,50000000,12897
5,0,0,6000,470,782,60000,10
5,1,60000,66000,470,782,120000,26
5,10,600000,606000,470,782,660000,166
5,100,6000000,6006000,470,782,6060000,1559
5,1000,60000000,60006000,470,782,60060000,15490
5,1001,60060000,60066000,470,782,60120000,15506
5,1002,60120000,60126000,470,782,60180000,15521
5,1003,60180000,60186000,470,782,60240000,15537
5,1004,60240000,60246000,470,782,60300000,15553
5,1005,60300000,60306000,470,782,60360000,15569
5,1006,60360000,60366000,470,782,60420000,15584
5,1007,60420000,60426000,470,782,60480000,15599
5,1008,60480000,60486000,470,782,60540000,15614
5,1009,60540000,60546000,470,782,60600000,15631
5,101,6060000,6066000,470,782,6120000,1575
5,1010,60600000,60606000,470,782,60660000,15646
5,1011,60660000,60666000,470,782,60720000,15662
5,1012,60720000,60726000,470,782,60780000,15677
5,1013,60780000,60786000,470,782,60840000,15692
5,1014,60840000,60846000,470,782,60900000,15707
5,1015,60900000,60906000,470,782,60960000,15723
5,1016,60960000,60966000,470,782,61020000,15738
5,1017,61020000,61026000,470,782,61080000,15754
5,1018,61080000,61086000,470,782,61140000,15769
5,1019,61140000,61146000,470,782,61200000,15786
5,102,6120000,6126000,470,782,6180000,1590
5,1020,61200000,61206000,470,782,61260000,15801
5,1021,61260000,61266000,470,782,61320000,15816
5,1022,61320000,61326000,470,782,61380000,15831
5,1023,61380000,61386000,470,782,61440000,15847
5,1024,61440000,61446000,470,782,61500000,15863
5,1025,61500000,61506000,470,782,61560000,15879
5,1026,61560000,61566000,470,782,61620000,15893
5,1027,61620000,61626000,470,782,61680000,15909
5,1028,61680000,61686000,470,782,61740000,15923
5,1029,61740000,61746000,470,782,61800000,15940
5,103,6180000,6186000,470,782,6240000,1605
5,1030,61800000,61806000,470,782,61860000,15955
5,1031,61860000,61866000,470,782,61920000,15971
5,1032,61920000,61926000,470,782,61980000,15986
5,1033,61980000,61986000,470,782,62040000,16002
5,1034,62040000,62046000,470,782,62100000,16018
5,1035,62100000,62106000,470,782,62160000,16033
5,1036,62160000,62166000,470,782,62220000,16048
5,1037,62220000,62226000,470,782,62280000,16064
5,1038,62280000,62286000,470,782,62340000,16079
5,1039,62340000,62346000,470,782,62400000,16095
5,104,6240000,6246000,470,782,6300000,1620
5,1040,62400000,62406000,470,782,62460000,16110
5,1041,62460000,62466000,470,782,62520000,16126
5,1042,62520000,62526000,470,782,62580000,16140
5,1043,62580000,62586000,470,782,62640000,16156
5,1044,62640000,62646000,470,782,62700000,16172
5,1045,62700000,62706000,470,782,62760000,16188
5,1046,62760000,62766000,470,782,62820000,16203
5,1047,62820000,62826000,470,782,62880000,16219
5,1048,62880000,62886000,470,782,62940000,16234
5,1049,62940000,62946000,470,782,63000000,16250
5,105,6300000,6306000,470,782,6360000,1636
5,1050,63000000,63006000,470,782,63060000,16265
5,1051,63060000,63066000,470,782,63120000,16281
5,1052,63120000,63126000,470,782,63180000,16295
5,1053,63180000,63186000,470,782,63240000,16311
5,1054,63240000,63246000,470,782,63300000,16327
5,1055,63300000,63306000,470,782,63360000,16343
5,1056,63360000,63366000,470,782,63420000,16357
5,1057,63420000,63426000,470,782,63480000,16373
5,1058,63480000,63486000,470,782,63540000,16388
5,1059,63540000,63546000,470,782,63600000,16405
5,106,6360000,6366000,470,782,6420000,1651
5,1060,63600000,63606000,470,782,63660000,16420
5,1061,63660000,63666000,470,782,63720000,16436
5,1062,63720000,63726000,470,782,63780000,16451
5,1063,63780000,63786000,470,782,63840000,16466
5,1064,63840000,63846000,470,782,63900000,16482
5,1065,63900000,63906000,470,782,63960000,16497
5,1066,63960000,63966000,470,782,64020000,16512
5,1067,64020000,64026000,470,782,64080000,16528
5,1068,64080000,64086000,470,782,64140000,16543
5,1069,64140000,64146000,470,782,64200000,16560
5,107,6420000,6426000,470,782,6480000,1667
5,1070,64200000,64206000,470,782,64260000,16574
5,1071,64260000,64266000,470,782,64320000,16590
5,1072,64320000,64326000,470,782,64380000,16605
5,1073,64380000,64386000,470,782,64440000,16621
5,1074,64440000,64446000,470,782,64500000,16637
5,1075,64500000,64506000,470,782,64560000,16653
5,1076,64560000,64566000,470,782,64620000,16668
5,1077,64620000,64626000,470,782,64680000,16683
5,1078,64680000,64686000,470,782,64740000,16697
5,1079,64740000,64746000,470,782,64800000,16714
5,108,6480000,6486000,470,782,6540000,1682
5,1080,64800000,64806000,470,782,64860000,16729
5,1081,64860000,64866000,470,782,64920000,16745
5,1082,64920000,64926000,470,782,64980000,16760
5,1083,64980000,64986000,470,782,65040000,16776
5,1084,65040000,65046000,470,782,65100000,16791
5,1085,65100000,65106000,470,782,65160000,16807
5,1086,65160000,65166000,470,782,65220000,16822
5,1087,65220000,65226000,470,782,65280000,16838
5,1088,65280000,65286000,470,782,65340000,16853
5,1089,65340000,65346000,470,782,65400000,16870
5,109,6540000,6546000,470,782,6600000,1699
5,1090,65400000,65406000,470,782,65460000,16885
5,1091,65460000,65466000,470,782,65520000,16899
5,1092,65520000,65526000,470,782,65580000,16914
5,1093,65580000,65586000,470,782,65640000,16930
5,1094,65640000,65646000,470,782,65700000,16946
5,1095,65700000,65706000,470,782,65760000,16962
5,1096,65760000,65766000,470,782,65820000,16977
5,1097,65820000,65826000,470,782,65880000,16993
5,1098,65880000,65886000,470,782,65940000,17007
5,1099,65940000,65946000,470,782,66000000,17024
5,11,660000,666000,470,782,720000,182
5,110,6600000,6606000,470,782,6660000,1714
5,1100,66000000,66006000,470,782,66060000,17039
5,1101,66060000,66066000,470,782,66120000,17055
5,1102,66120000,66126000,470,782,66180000,17070
5,1103,66180000,66186000,470,782,66240000,17086
5,1104,66240000,66246000,470,782,66300000,17101
5,1105,66300000,66306000,470,782,66360000,17116
5,1106,66360000,66366000,470,782,66420000,17131
5,1107,66420000,66426000,470,782,66480000,17147
5,1108,66480000,66486000,470,782,66540000,17162
5,1109,66540000,66546000,470,782,66600000,17179
5,111,6660000,6666000,470,782,6720000,1729
5,1110,66600000,66606000,470,782,66660000,17194
5,1111,66660000,66666000,470,782,66720000,17210
5,1112,66720000,66726000,470,782,66780000,17224
5,1113,66780000,66786000,470,782,66840000,17240
5,1114,66840000,66846000,470,782,66900000,17256
5,1115,66900000,66906000,470,782,66960000,17272
5,1116,66960000,66966000,470,782,67020000,17287
5,1117,67020000,67026000,470,782,67080000,17302
5,1118,67080000,67086000,470,782,67140000,17317
5,1119,67140000,67146000,470,782,67200000,17333
5,112,6720000,6726000,470,782,6780000,1744
5,1120,67200000,67206000,470,782,67260000,17348
5,1121,67260000,67266000,470,782,67320000,17364
5,1122,67320000,67326000,470,782,67380000,17379
5,1123,67380000,67386000,470,782,67440000,17395
5,1124,67440000,67446000,470,782,67500000,17411
5,1125,67500000,67506000,470,782,67560000,17427
5,1126,67560000,67566000,470,782,67620000,17441
5,1127,67620000,67626000,470,782,67680000,17457
5,1128,67680000,67686000,470,782,67740000,17472
5,1129,67740000,67746000,470,782,67800000,17489
5,113,6780000,6786000,470,782,6840000,1760
5,1130,67800000,67806000,470,782,67860000,17503
5,1131,67860000,67866000,470,782,67920000,17519
5,1132,67920000,67926000,470,782,67980000,17534
5,1133,67980000,67986000,470,782,68040000,17549
5,1134,68040000,68046000,470,782,68100000,17565
5,1135,68100000,68106000,470,782,68160000,17581
5,1136,68160000,68166000,470,782,68220000,17596
5,1137,68220000,68226000,470,782,68280000,17612
5,1138,68280000,68286000,470,782,68340000,17627
5,1139,68340000,68346000,470,782,68400000,17644
5,114,6840000,6846000,470,782,6900000,1776
5,1140,68400000,68406000,470,782,68460000,17658
5,1141,68460000,68466000,470,782,68520000,17674
5,1142,68520000,68526000,470,782,68580000,17689
5,1143,68580000,68586000,470,782,68640000,17704
5,1144,68640000,68646000,470,782,68700000,17720
5,1145,68700000,68706000,470,782,68760000,17736
5,1146,68760000,68766000,470,782,68820000,17751
5,1147,68820000,68826000,470,782,68880000,17766
5,1148,68880000,68886000,470,782,68940000,17781
5,1149,68940000,68946000,470,782,69000000,17798
5,115,6900000,6906000,470,782,6960000,1792
5,1150,69000000,69006000,470,782,69060000,17813
5,1151,69060000,69066000,470,782,69120000,17829
5,1152,69120000,69126000,470,782,69180000,17844
5,1153,69180000,69186000,470,782,69240000,17860
5,1154,69240000,69246000,470,782,69300000,17875
5,1155,69300000,69306000,470,782,69360000,17891
5,1156,69360000,69366000,470,782,69420000,17905
5,1157,69420000,69426000,470,782,69480000,17921
5,1158,69480000,69486000,470,782,69540000,17936
5,1159,69540000,69546000,470,782,69600000,17953
5,116,6960000,6966000,470,782,7020000,1806
5,1160,69600000,69606000,470,782,69660000,17968
5,1161,69660000,69666000,470,782,69720000,17983
5,1162,69720000,69726000,470,782,69780000,17998
5,1163,69780000,69786000,470,782,69840000,18014
5,1164,69840000,69846000,470,782,69900000,18030
5,1165,69900000,69906000,470,782,69960000,18046
5,1166,69960000,69966000,470,782,70020000,18061
5,1167,70020000,70026000,470,782,70080000,18077
5,1168,70080000,70086000,470,782,70140000,18091
5,1169,70140000,70146000,470,782,70200000,18107
5,117,7020000,7026000,470,782,7080000,1822
5,1170,70200000,70206000,470,782,70260000,18122
5,1171,70260000,70266000,470,782,70320000,18138
5,1172,70320000,70326000,470,782,70380000,18153
5,1173,70380000,70386000,470,782,70440000,18169
5,1174,70440000,70446000,470,782,70500000,18185
5,1175,70500000,70506000,470,782,70560000,18200
5,1176,70560000,70566000,470,782,70620000,18215
5,1177,70620000,70626000,470,782,70680000,18231
5,1178,70680000,70686000,470,782,70740000,18246
5,1179,70740000,70746000,470,782,70800000,18263
5,118,7080000,7086000,470,782,7140000,1836
5,1180,70800000,70806000,470,782,70860000,18278
5,1181,70860000,70866000,470,782,70920000,18294
5,1182,70920000,70926000,470,782,70980000,18307
5,1183,70980000,70986000,470,782,71040000,18323
5,1184,71040000,71046000,470,782,71100000,18339
5,1185,71100000,71106000,470,782,71160000,18355
5,1186,71160000,71166000,470,782,71220000,18370
5,1187,71220000,71226000,470,782,71280000,18386
5,1188,71280000,71286000,470,782,71340000,18401
5,1189,71340000,71346000,470,782,71400000,18417
5,119,7140000,7146000,470,782,7200000,1853
5,1190,71400000,71406000,470,782,71460000,18432
5,1191,71460000,71466000,470,782,71520000,18448
5,1192,71520000,71526000,470,782,71580000,18463
5,1193,71580000,71586000,470,782,71640000,18479
5,1194,71640000,71646000,470,782,71700000,18495
5,1195,71700000,71706000,470,782,71760000,18510
5,1196,71760000,71766000,470,782,71820000,18524
5,1197,71820000,71826000,470,782,71880000,18540
5,1198,71880000,71886000,470,782,71940000,18555
5,1199,71940000,71946000,470,782,72000000,18572
5,12,720000,726000,470,782,780000,196
5,120,7200000,7206000,470,782,7260000,1868
5,1200,72000000,72006000,470,782,72060000,18587
5,1201,72060000,72066000,470,782,72120000,18603
5,1202,72120000,72126000,470,782,72180000,18618
5,1203,72180000,72186000,470,782,72240000,18633
5,1204,72240000,72246000,470,782,72300000,18649
5,1205,72300000,72306000,470,782,72360000,18665
5,1206,72360000,72366000,470,782,72420000,18680
5,1207,72420000,72426000,470,782,72480000,18696
5,1208,72480000,72486000,470,782,72540000,18710
5,1209,72540000,72546000,470,782,72600000,18727
5,121,7260000,7266000,470,782,7320000,1884
5,1210,72600000,72606000,470,782,72660000,18741
5,1211,72660000,72666000,470,782,72720000,18757
5,1212,72720000,72726000,470,782,72780000,18772
5,1213,72780000,72786000,470,782,72840000,18788
5,1214,72840000,72846000,470,782,72900000,18804
5,1215,72900000,72906000,470,782,72960000,18820
5,1216,72960000,72966000,470,782,73020000,18835
5,1217,73020000,73026000,470,782,73080000,18850
5,1218,73080000,73086000,470,782,73140000,18865
5,1219,73140000,73146000,470,782,73200000,18882
5,122,7320000,7326000,470,782,7380000,1899
5,1220,73200000,73206000,470,782,73260000,18897
5,1221,73260000,73266000,470,782,73320000,18912
5,1222,73320000,73326000,470,782,73380000,18927
5,1223,73380000,73386000,470,782,73440000,18943
5,1224,73440000,73446000,470,782,73500000,18958
5,1225,73500000,73506000,470,782,73560000,18974
5,1226,73560000,73566000,470,782,73620000,18989
5,1227,73620000,73626000,470,782,73680000,19005
5,1228,73680000,73686000,470,782,73740000,19020
5,1229,73740000,73746000,470,782,73800000,19037
5,123,7380000,7386000,470,782,7440000,1915
5,1230,73800000,73806000,470,782,73860000,19052
5,1231,73860000,73866000,470,782,73920000,19067
5,1232,73920000,73926000,470,782,73980000,19082
5,1233,73980000,73986000,470,782,74040000,19098
5,1234,74040000,74046000,470,782,74100000,19113
5,1235,74100000,74106000,470,782,74160000,19129
5,1236,74160000,74166000,470,782,74220000,19144
5,1237,74220000,74226000,470,782,74280000,19160
5,1238,74280000,74286000,470,782,74340000,19174
5,1239,74340000,74346000,470,782,74400000,19191
5,124,7440000,7446000,470,782,7500000,1931
5,1240,74400000,74406000,470,782,74460000,19206
5,1241,74460000,74466000,470,782,74520000,19222
5,1242,74520000,74526000,470,782,74580000,19237
5,1243,74580000,74586000,470,782,74640000,19253
5,1244,74640000,74646000,470,782,74700000,19269
5,1245,74700000,74706000,470,782,74760000,19284
5,1246,74760000,74766000,470,782,74820000,19299
5,1247,74820000,74826000,470,782,74880000,19314
5,1248,74880000,74886000,470,782,74940000,19329
5,1249,74940000,74946000,470,782,75000000,19346
5,125,7500000,7506000,470,782,7560000,1946
5,1250,75000000,75006000,470,782,75060000,19361
5,1251,75060000,75066000,470,782,75120000,19377
5,1252,75120000,75126000,470,782,75180000,19391
5,1253,75180000,75186000,470,782,75240000,19407
5,1254,75240000,75246000,470,782,75300000,19423
5,1255,75300000,75306000,470,782,75360000,19439
5,1256,75360000,75366000,470,782,75420000,19454
5,1257,75420000,75426000,470,782,75480000,19470
5,1258,75480000,75486000,470,782,75540000,19485
5,1259,75540000,75546000,470,782,75600000,19501
5,126,7560000,7566000,470,782,7620000,1961
5,1260,75600000,75606000,470,782,75660000,19515
5,1261,75660000,75666000,470,782,75720000,19531
5,1262,75720000,75726000,470,782,75780000,19546
5,1263,75780000,75786000,470,782,75840000,19562
5,1264,75840000,75846000,470,782,75900000,19578
5,1265,75900000,75906000,470,782,75960000,19594
5,1266,75960000,75966000,470,782,76020000,19608
5,1267,76020000,76026000,470,782,76080000,19624
5,1268,76080000,76086000,470,782,76140000,19639
5,1269,76140000,76146000,470,782,76200000,19656
5,127,7620000,7626000,470,782,7680000,1977
5,1270,76200000,76206000,470,782,76260000,19671
5,1271,76260000,76266000,470,782,76320000,19687
5,1272,76320000,76326000,470,782,76380000,19702
5,1273,76380000,76386000,470,782,76440000,19716
5,1274,76440000,76446000,470,782,76500000,19732
5,1275,76500000,76506000,470,782,76560000,19748
5,1276,76560000,76566000,470,782,76620000,19763
5,1277,76620000,76626000,470,782,76680000,19779
5,1278,76680000,76686000,470,782,76740000,19794
5,1279,76740000,76746000,470,782,76800000,19811
5,128,7680000,7686000,470,782,7740000,1992
5,1280,76800000,76806000,470,782,76860000,19825
5,1281,76860000,76866000,470,782,76920000,19841
5,1282,76920000,76926000,470,782,76980000,19856
5,1283,76980000,76986000,470,782,77040000,19872
5,1284,77040000,77046000,470,782,77100000,19888
5,1285,77100000,77106000,470,782,77160000,19904
5,1286,77160000,77166000,470,782,77220000,19918
5,1287,77220000,77226000,470,782,77280000,19933
5,1288,77280000,77286000,470,782,77340000,19948
5,1289,77340000,77346000,470,782,77400000,19965
5,129,7740000,7746000,470,782,7800000,2008
5,1290,77400000,77406000,470,782,77460000,19980
5,1291,77460000,77466000,470,782,77520000,19996
5,1292,77520000,77526000,470,782,77580000,20011
5,1293,77580000,77586000,470,782,77640000,20027
5,1294,77640000,77646000,470,782,77700000,20042
5,1295,77700000,77706000,470,782,77760000,20058
5,1296,77760000,77766000,470,782,77820000,20073
5,1297,77820000,77826000,470,782,77880000,20089
5,1298,77880000,77886000,470,782,77940000,20104
5,1299,77940000,77946000,470,782,78000000,20120
5,13,780000,786000,470,782,840000,211
5,130,7800000,7806000,470,782,7860000,2023
5,1300,78000000,78006000,470,782,78060000,20135
5,1301,78060000,78066000,470,782,78120000,20150
5,1302,78120000,78126000,470,782,78180000,20165
5,1303,78180000,78186000,470,782,78240000,20181
5,1304,78240000,78246000,470,782,78300000,20197
5,1305,78300000,78306000,470,782,78360000,20213
5,1306,78360000,78366000,470,782,78420000,20228
5,1307,78420000,78426000,470,782,78480000,20244
5,1308,78480000,78486000,470,782,78540000,20258
5,1309,78540000,78546000,470,782,78600000,20275
5,131,7860000,7866000,470,782,7920000,2039
5,1310,78600000,78606000,470,782,78660000,20290
5,1311,78660000,78666000,470,782,78720000,20306
5,1312,78720000,78726000,470,782,78780000,20320
5,1313,78780000,78786000,470,782,78840000,20336
5,1314,78840000,78846000,470,782,78900000,20352
5,1315,78900000,78906000,470,782,78960000,20367
5,1316,78960000,78966000,470,782,79020000,20382
5,1317,79020000,79026000,470,782,79080000,20398
5,1318,79080000,79086000,470,782,79140000,20413
5,1319,79140000,79146000,470,782,79200000,20430
5,132,7920000,7926000,470,782,7980000,2053
5,1320,79200000,79206000,470,782,79260000,20445
5,1321,79260000,79266000,470,782,79320000,20461
5,1322,79320000,79326000,470,782,79380000,20475
5,1323,79380000,79386000,470,782,79440000,20491
5,1324,79440000,79446000,470,782,79500000,20507
5,1325,79500000,79506000,470,782,79560000,20522
5,1326,79560000,79566000,470,782,79620000,20537
5,1327,79620000,79626000,470,782,79680000,20553
5,1328,79680000,79686000,470,782,79740000,20568
5,1329,79740000,79746000,470,782,79800000,20584
5,133,7980000,7986000,470,782,8040000,2069
5,1330,79800000,79806000,470,782,79860000,20599
5,1331,79860000,79866000,470,782,79920000,20615
5,1332,79920000,79926000,470,782,79980000,20630
5,1333,79980000,79986000,470,782,80040000,20646
5,1334,80040000,80046000,470,782,80100000,20662
5,1335,80100000,80106000,470,782,80160000,20678
5,1336,80160000,80166000,470,782,80220000,20692
5,1337,80220000,80226000,470,782,80280000,20708
5,1338,80280000,80286000,470,782,80340000,20722
5,1339,80340000,80346000,470,782,80400000,20739
5,134,8040000,8046000,470,782,8100000,2085
5,1340,80400000,80406000,470,782,80460000,20754
5,1341,80460000,80466000,470,782,80520000,20770
5,1342,80520000,80526000,470,782,80580000,20785
5,1343,80580000,80586000,470,782,80640000,20800
5,1344,80640000,80646000,470,782,80700000,20816
5,1345,80700000,80706000,470,782,80760000,20832
5,1346,80760000,80766000,470,782,80820000,20847
5,1347,80820000,80826000,470,782,80880000,20863
5,1348,80880000,80886000,470,782,80940000,20878
5,1349,80940000,80946000,470,782,81000000,20895
5,135,8100000,8106000,470,782,8160000,2101
5,1350,81000000,81006000,470,782,81060000,20909
5,1351,81060000,81066000,470,782,81120000,20924
5,1352,81120000,81126000,470,782,81180000,20939
5,1353,81180000,81186000,470,782,81240000,20955
5,1354,81240000,81246000,470,782,81300000,20971
5,1355,81300000,81306000,470,782,81360000,20987
5,1356,81360000,81366000,470,782,81420000,21002
5,1357,81420000,81426000,470,782,81480000,21017
5,1358,81480000,81486000,470,782,81540000,21032
5,1359,81540000,81546000,470,782,81600000,21049
5,136,8160000,8166000,470,782,8220000,2116
5,1360,81600000,81606000,470,782,81660000,21064
5,1361,81660000,81666000,470,782,81720000,21080
5,1362,81720000,81726000,470,782,81780000,21095
5,1363,81780000,81786000,470,782,81840000,21111
5,1364,81840000,81846000,470,782,81900000,21125
5,1365,81900000,81906000,470,782,81960000,21141
5,1366,81960000,81966000,470,782,82020000,21156
5,1367,82020000,82026000,470,782,82080000,21172
5,1368,82080000,82086000,470,782,82140000,21187
5,1369,82140000,82146000,470,782,82200000,21204
5,137,8220000,8226000,470,782,8280000,2132
5,1370,82200000,82206000,470,782,82260000,21219
5,1371,82260000,82266000,470,782,82320000,21234
5,1372,82320000,82326000,470,782,82380000,21249
5,1373,82380000,82386000,470,782,82440000,21265
5,1374,82440000,82446000,470,782,82500000,21281
5,1375,82500000,82506000,470,782,82560000,21297
5,1376,82560000,82566000,470,782,82620000,21312
5,1377,82620000,82626000,470,782,82680000,21327
5,1378,82680000,82686000,470,782,82740000,21341
5,1379,82740000,82746000,470,782,82800000,21358
5,138,8280000,8286000,470,782,8340000,2147
5,1380,82800000,82806000,470,782,82860000,21373
5,1381,82860000,82866000,470,782,82920000,21389
5,1382,82920000,82926000,470,782,82980000,21404
5,1383,82980000,82986000,470,782,83040000,21420
5,1384,83040000,83046000,470,782,83100000,21436
5,1385,83100000,83106000,470,782,83160000,21451
5,1386,83160000,83166000,470,782,83220000,21466
5,1387,83220000,83226000,470,782,83280000,21482
5,1388,83280000,83286000,470,782,83340000,21497
5,1389,83340000,83346000,470,782,83400000,21514
5,139,8340000,8346000,470,782,8400000,2163
5,1390,83400000,83406000,470,782,83460000,21528
5,1391,83460000,83466000,470,782,83520000,21544
5,1392,83520000,83526000,470,782,83580000,21558
5,1393,83580000,83586000,470,782,83640000,21574
5,1394,83640000,83646000,470,782,83700000,21590
5,1395,83700000,83706000,470,782,83760000,21606
5,1396,83760000,83766000,470,782,83820000,21621
5,1397,83820000,83826000,470,782,83880000,21637
5,1398,83880000,83886000,470,782,83940000,21652
5,1399,83940000,83946000,470,782,84000000,21668
5,14,840000,846000,470,782,900000,227
5,140,8400000,8406000,470,782,8460000,2178
5,1400,84000000,84006000,470,782,84060000,21683
5,1401,84060000,84066000,470,782,84120000,21699
5,1402,84120000,84126000,470,782,84180000,21714
5,1403,84180000,84186000,470,782,84240000,21729
5,1404,84240000,84246000,470,782,84300000,21745
5,1405,84300000,84306000,470,782,84360000,21761
5,1406,84360000,84366000,470,782,84420000,21775
5,1407,84420000,84426000,470,782,84480000,21791
5,1408,84480000,84486000,470,782,84540000,21806
5,1409,84540000,84546000,470,782,84600000,21823
5,141,8460000,8466000,470,782,8520000,2194
5,1410,84600000,84606000,470,782,84660000,21838
5,1411,84660000,84666000,470,782,84720000,21854
5,1412,84720000,84726000,470,782,84780000,21869
5,1413,84780000,84786000,470,782,84840000,21884
5,1414,84840000,84846000,470,782,84900000,21900
5,1415,84900000,84906000,470,782,84960000,21916
5,1416,84960000,84966000,470,782,85020000,21930
5,1417,85020000,85026000,470,782,85080000,21946
5,1418,85080000,85086000,470,782,85140000,21961
5,1419,85140000,85146000,470,782,85200000,21978
5,142,8520000,8526000,470,782,8580000,2208
5,1420,85200000,85206000,470,782,85260000,21992
5,1421,85260000,85266000,470,782,85320000,22008
5,1422,85320000,85326000,470,782,85380000,22023
5,1423,85380000,85386000,470,782,85440000,22039
5,1424,85440000,85446000,470,782,85500000,22055
5,1425,85500000,85506000,470,782,85560000,22071
5,1426,85560000,85566000,470,782,85620000,22086
5,1427,85620000,85626000,470,782,85680000,22101
5,1428,85680000,85686000,470,782,85740000,22116
5,1429,85740000,85746000,470,782,85800000,22132
5,143,8580000,8586000,470,782,8640000,2224
5,1430,85800000,85806000,470,782,85860000,22147
5,1431,85860000,85866000,470,782,85920000,22163
5,1432,85920000,85926000,470,782,85980000,22178
5,1433,85980000,85986000,470,782,86040000,22194
5,1434,86040000,86046000,470,782,86100000,22209
5,1435,86100000,86106000,470,782,86160000,22225
5,1436,86160000,86166000,470,782,86220000,22240
5,1437,86220000,86226000,470,782,86280000,22256
5,1438,86280000,86286000,470,782,86340000,22271
5,1439,86340000,86346000,470,782,86400000,22288
5,144,8640000,8646000,470,782,8700000,2240
5,1440,86400000,86406000,470,782,86460000,22303
5,1441,86460000,86466000,470,782,86520000,22318
5,1442,86520000,86526000,470,782,86580000,22332
5,1443,86580000,86586000,470,782,86640000,22348
5,1444,86640000,86646000,470,782,86700000,22364
5,1445,86700000,86706000,470,782,86760000,22380
5,1446,86760000,86766000,470,782,86820000,22395
5,1447,86820000,86826000,470,782,86880000,22411
5,1448,86880000,86886000,470,782,86940000,22425
5,1449,86940000,86946000,470,782,87000000,22442
5,145,8700000,8706000,470,782,8760000,2256
5,1450,87000000,87006000,470,782,87060000,22457
5,1451,87060000,87066000,470,782,87120000,22473
5,1452,87120000,87126000,470,782,87180000,22488
5,1453,87180000,87186000,470,782,87240000,22504
5,1454,87240000,87246000,470,782,87300000,22520
5,1455,87300000,87306000,470,782,87360000,22534
5,1456,87360000,87366000,470,782,87420000,22549
5,1457,87420000,87426000,470,782,87480000,22565
5,1458,87480000,87486000,470,782,87540000,22580
5,1459,87540000,87546000,470,782,87600000,22597
5,146,8760000,8766000,470,782,8820000,2270
5,1460,87600000,87606000,470,782,87660000,22612
5,1461,87660000,87666000,470,782,87720000,22628
5,1462,87720000,87726000,470,782,87780000,22642
5,1463,87780000,87786000,470,782,87840000,22658
5,1464,87840000,87846000,470,782,87900000,22674
5,1465,87900000,87906000,470,782,87960000,22690
5,1466,87960000,87966000,470,782,88020000,22705
5,1467,88020000,88026000,470,782,88080000,22721
5,1468,88080000,88086000,470,782,88140000,22735
5,1469,88140000,88146000,470,782,88200000,22751
5,147,8820000,8826000,470,782,8880000,2286
5,1470,88200000,88206000,470,782,88260000,22766
5,1471,88260000,88266000,470,782,88320000,22782
5,1472,88320000,88326000,470,782,88380000,22797
5,1473,88380000,88386000,470,782,88440000,22813
5,1474,88440000,88446000,470,782,88500000,22829
5,1475,88500000,88506000,470,782,88560000,22845
5,1476,88560000,88566000,470,782,88620000,22859
5,1477,88620000,88626000,470,782,88680000,22875
5,1478,88680000,88686000,470,782,88740000,22890
5,1479,88740000,88746000,470,782,88800000,22907
5,148,8880000,8886000,470,782,8940000,2301
5,1480,88800000,88806000,470,782,88860000,22922
5,1481,88860000,88866000,470,782,88920000,22937
5,1482,88920000,88926000,470,782,88980000,22952
5,1483,88980000,88986000,470,782,89040000,22967
5,1484,89040000,89046000,470,782,89100000,22983
5,1485,89100000,89106000,470,782,89160000,22999
5,1486,89160000,89166000,470,782,89220000,23014
5,1487,89220000,89226000,470,782,89280000,23030
5,1488,89280000,89286000,470,782,89340000,23045
5,1489,89340000,89346000,470,782,89400000,23062
5,149,8940000,8946000,470,782,9000000,2318
5,1490,89400000,89406000,470,782,89460000,23076
5,1491,89460000,89466000,470,782,89520000,23092
5,1492,89520000,89526000,470,782,89580000,23107
5,1493,89580000,89586000,470,782,89640000,23123
5,1494,89640000,89646000,470,782,89700000,23138
5,1495,89700000,89706000,470,782,89760000,23154
5,1496,89760000,89766000,470,782,89820000,23169
5,1497,89820000,89826000,470,782,89880000,23184
5,1498,89880000,89886000,470,782,89940000,23199
5,1499,89940000,89946000,470,782,90000000,23216
5,15,900000,906000,470,782,960000,243
5,150,9000000,9006000,470,782,9060000,2333
5,1500,90000000,90006000,470,782,90060000,23231
5,1501,90060000,90066000,470,782,90120000,23247
5,1502,90120000,90126000,470,782,90180000,23262
5,1503,90180000,90186000,470,782,90240000,23278
5,1504,90240000,90246000,470,782,90300000,23293
5,1505,90300000,90306000,470,782,90360000,23309
5,1506,90360000,90366000,470,782,90420000,23324
5,1507,90420000,90426000,470,782,90480000,23339
5,1508,90480000,90486000,470,782,90540000,23354
5,1509,90540000,90546000,470,782,90600000,23371
5,151,9060000,9066000,470,782,9120000,2349
5,1510,90600000,90606000,470,782,90660000,23386
5,1511,90660000,90666000,470,782,90720000,23401
5,1512,90720000,90726000,470,782,90780000,23416
5,1513,90780000,90786000,470,782,90840000,23432
5,1514,90840000,90846000,470,782,90900000,23448
5,1515,90900000,90906000,470,782,90960000,23464
5,1516,90960000,90966000,470,782,91020000,23479
5,1517,91020000,91026000,470,782,91080000,23495
5,1518,91080000,91086000,470,782,91140000,23509
5,1519,91140000,91146000,470,782,91200000,23526
5,152,9120000,9126000,470,782,9180000,2364
5,1520,91200000,91206000,470,782,91260000,23540
5,1521,91260000,91266000,470,782,91320000,23556
5,1522,91320000,91326000,470,782,91380000,23571
5,1523,91380000,91386000,470,782,91440000,23587
5,1524,91440000,91446000,470,782,91500000,23603
5,1525,91500000,91506000,470,782,91560000,23618
5,1526,91560000,91566000,470,782,91620000,23633
5,1527,91620000,91626000,470,782,91680000,23649
5,1528,91680000,91686000,470,782,91740000,23664
5,1529,91740000,91746000,470,782,91800000,23681
5,153,9180000,9186000,470,782,9240000,2379
5,1530,91800000,91806000,470,782,91860000,23696
5,1531,91860000,91866000,470,782,91920000,23712
5,1532,91920000,91926000,470,782,91980000,23726
5,1533,91980000,91986000,470,782,92040000,23741
5,1534,92040000,92046000,470,782,92100000,23757
5,1535,92100000,92106000,470,782,92160000,23773
5,1536,92160000,92166000,470,782,92220000,23788
5,1537,92220000,92226000,470,782,92280000,23804
5,1538,92280000,92286000,470,782,92340000,23819
5,1539,92340000,92346000,470,782,92400000,23835
5,154,9240000,9246000,470,782,9300000,2395
5,1540,92400000,92406000,470,782,92460000,23850
5,1541,92460000,92466000,470,782,92520000,23866
5,1542,92520000,92526000,470,782,92580000,23881
5,1543,92580000,92586000,470,782,92640000,23897
5,1544,92640000,92646000,470,782,92700000,23913
5,1545,92700000,92706000,470,782,92760000,23929
5,1546,92760000,92766000,470,782,92820000,23942
5,1547,92820000,92826000,470,782,92880000,23958
5,1548,92880000,92886000,470,782,92940000,23973
5,1549,92940000,92946000,470,782,93000000,23990
5,155,9300000,9306000,470,782,9360000,2410
5,1550,93000000,93006000,470,782,93060000,24005
5,1551,93060000,93066000,470,782,93120000,24021
5,1552,93120000,93126000,470,782,93180000,24036
5,1553,93180000,93186000,470,782,93240000,24051
5,1554,93240000,93246000,470,782,93300000,24067
5,1555,93300000,93306000,470,782,93360000,24083
5,1556,93360000,93366000,470,782,93420000,24098
5,1557,93420000,93426000,470,782,93480000,24114
5,1558,93480000,93486000,470,782,93540000,24129
5,1559,93540000,93546000,470,782,93600000,24145
5,156,9360000,9366000,470,782,9420000,2425
5,1560,93600000,93606000,470,782,93660000,24159
5,1561,93660000,93666000,470,782,93720000,24175
5,1562,93720000,93726000,470,782,93780000,24190
5,1563,93780000,93786000,470,782,93840000,24206
5,1564,93840000,93846000,470,782,93900000,24222
5,1565,93900000,93906000,470,782,93960000,24238
5,1566,93960000,93966000,470,782,94020000,24253
5,1567,94020000,94026000,470,782,94080000,24268
5,1568,94080000,94086000,470,782,94140000,24283
5,1569,94140000,94146000,470,782,94200000,24300
5,157,9420000,9426000,470,782,9480000,2441
5,1570,94200000,94206000,470,782,94260000,24315
5,1571,94260000,94266000,470,782,94320000,24331
5,1572,94320000,94326000,470,782,94380000,24345
5,1573,94380000,94386000,470,782,94440000,24361
5,1574,94440000,94446000,470,782,94500000,24376
5,1575,94500000,94506000,470,782,94560000,24392
5,1576,94560000,94566000,470,782,94620000,24407
5,1577,94620000,94626000,470,782,94680000,24423
5,1578,94680000,94686000,470,782,94740000,24438
5,1579,94740000,94746000,470,782,94800000,24455
5,158,9480000,9486000,470,782,9540000,2456
5,1580,94800000,94806000,470,782,94860000,24470
5,1581,94860000,94866000,470,782,94920000,24485
5,1582,94920000,94926000,470,782,94980000,24500
5,1583,94980000,94986000,470,782,95040000,24516
5,1584,95040000,95046000,470,782,95100000,24532
5,1585,95100000,95106000,470,782,95160000,24547
5,1586,95160000,95166000,470,782,95220000,24562
5,1587,95220000,95226000,470,782,95280000,24578
5,1588,95280000,95286000,470,782,95340000,24592
5,1589,95340000,95346000,470,782,95400000,24609
5,159,9540000,9546000,470,782,9600000,2473
5,1590,95400000,95406000,470,782,95460000,24624
5,1591,95460000,95466000,470,782,95520000,24640
5,1592,95520000,95526000,470,782,95580000,24655
5,1593,95580000,95586000,470,782,95640000,24671
5,1594,95640000,95646000,470,782,95700000,24687
5,1595,95700000,95706000,470,782,95760000,24702
5,1596,95760000,95766000,470,782,95820000,24717
5,1597,95820000,95826000,470,782,95880000,24733
5,1598,95880000,95886000,470,782,95940000,24747
5,1599,95940000,95946000,470,782,96000000,24764
5,16,960000,966000,470,782,1020000,258
5,160,9600000,9606000,470,782,9660000,2487
5,1600,96000000,96006000,470,782,96060000,24779
5,1601,96060000,96066000,470,782,96120000,24795
5,1602,96120000,96126000,470,782,96180000,24809
5,1603,96180000,96186000,470,782,96240000,24825
5,1604,96240000,96246000,470,782,96300000,24841
5,1605,96300000,96306000,470,782,96360000,24857
5,1606,96360000,96366000,470,782,96420000,24872
5,1607,96420000,96426000,470,782,96480000,24888
5,1608,96480000,96486000,470,782,96540000,24903
5,1609,96540000,96546000,470,782,96600000,24919
5,161,9660000,9666000,470,782,9720000,2503
5,1610,96600000,96606000,470,782,96660000,24934
5,1611,96660000,96666000,470,782,96720000,24949
5,1612,96720000,96726000,470,782,96780000,24964
5,1613,96780000,96786000,470,782,96840000,24980
5,1614,96840000,96846000,470,782,96900000,24996
5,1615,96900000,96906000,470,782,96960000,25012
5,1616,96960000,96966000,470,782,97020000,25026
5,1617,97020000,97026000,470,782,97080000,25042
5,1618,97080000,97086000,470,782,97140000,25057
5,1619,97140000,97146000,470,782,97200000,25074
5,162,9720000,9726000,470,782,9780000,2518
5,1620,97200000,97206000,470,782,97260000,25089
5,1621,97260000,97266000,470,782,97320000,25105
5,1622,97320000,97326000,470,782,97380000,25120
5,1623,97380000,97386000,470,782,97440000,25135
5,1624,97440000,97446000,470,782,97500000,25150
5,1625,97500000,97506000,470,782,97560000,25166
5,1626,97560000,97566000,470,782,97620000,25181
5,1627,97620000,97626000,470,782,97680000,25197
5,1628,97680000,97686000,470,782,97740000,25212
5,1629,97740000,97746000,470,782,97800000,25229
5,163,9780000,9786000,470,782,9840000,2534
5,1630,97800000,97806000,470,782,97860000,25243
5,1631,97860000,97866000,470,782,97920000,25259
5,1632,97920000,97926000,470,782,97980000,25274
5,1633,97980000,97986000,470,782,98040000,25290
5,1634,98040000,98046000,470,782,98100000,25306
5,1635,98100000,98106000,470,782,98160000,25322
5,1636,98160000,98166000,470,782,98220000,25337
5,1637,98220000,98226000,470,782,98280000,25351
5,1638,98280000,98286000,470,782,98340000,25366
5,1639,98340000,98346000,470,782,98400000,25383
5,164,9840000,9846000,470,782,9900000,2550
5,1640,98400000,98406000,470,782,98460000,25398
5,1641,98460000,98466000,470,782,98520000,25414
5,1642,98520000,98526000,470,782,98580000,25429
5,1643,98580000,98586000,470,782,98640000,25445
5,1644,98640000,98646000,470,782,98700000,25460
5,1645,98700000,98706000,470,782,98760000,25476
5,1646,98760000,98766000,470,782,98820000,25491
5,1647,98820000,98826000,470,782,98880000,25507
5,1648,98880000,98886000,470,782,98940000,25522
5,1649,98940000,98946000,470,782,99000000,25539
5,165,9900000,9906000,470,782,9960000,2566
5,1650,99000000,99006000,470,782,99060000,25553
5,1651,99060000,99066000,470,782,99120000,25568
5,1652,99120000,99126000,470,782,99180000,25583
5,1653,99180000,99186000,470,782,99240000,25599
5,1654,99240000,99246000,470,782,99300000,25615
5,1655,99300000,99306000,470,782,99360000,25631
5,1656,99360000,99366000,470,782,99420000,25646
5,1657,99420000,99426000,470,782,99480000,25662
5,1658,99480000,99486000,470,782,99540000,25676
5,1659,99540000,99546000,470,782,99600000,25693
5,166,9960000,9966000,470,782,10020000,2581
5,1660,99600000,99606000,470,782,99660000,25708
5,1661,99660000,99666000,470,782,99720000,25724
5,1662,99720000,99726000,470,782,99780000,25739
5,1663,99780000,99786000,470,782,99840000,25754
5,1664,99840000,99846000,470,782,99900000,25770
5,1665,99900000,99906000,470,782,99960000,25785
5,1666,99960000,99966000,470,782,100020000,25800
5,1667,100020000,100026000,470,782,100080000,25816
5,1668,100080000,100086000,470,782,100140000,25831
5,1669,100140000,100146000,470,782,100200000,25848
5,167,10020000,10026000,470,782,10080000,2596
5,1670,100200000,100206000,470,782,100260000,25863
5,1671,100260000,100266000,470,782,100320000,25879
5,1672,100320000,100326000,470,782,100380000,25893
5,1673,100380000,100386000,470,782,100440000,25909
5,1674,100440000,100446000,470,782,100500000,25925
5,1675,100500000,100506000,470,782,100560000,25941
5,1676,100560000,100566000,470,782,100620000,25955
5,1677,100620000,100626000,470,782,100680000,25971
5,1678,100680000,100686000,470,782,100740000,25986
5,1679,100740000,100746000,470,782,100800000,26002
5,168,10080000,10086000,470,782,10140000,2610
5,1680,100800000,100806000,470,782,100860000,26017
5,1681,100860000,100866000,470,782,100920000,26033
5,1682,100920000,100926000,470,782,100980000,26048
5,1683,100980000,100986000,470,782,101040000,26064
5,1684,101040000,101046000,470,782,101100000,26080
5,1685,101100000,101106000,470,782,101160000,26096
5,1686,101160000,101166000,470,782,101220000,26110
5,1687,101220000,101226000,470,782,101280000,26126
5,1688,101280000,101286000,470,782,101340000,26141
5,1689,101340000,101346000,470,782,101400000,26157
5,169,10140000,10146000,470,782,10200000,2627
5,1690,101400000,101406000,470,782,101460000,26172
5,1691,101460000,101466000,470,782,101520000,26188
5,1692,101520000,101526000,470,782,101580000,26203
5,1693,101580000,101586000,470,782,101640000,26218
5,1694,101640000,101646000,470,782,101700000,26234
5,1695,101700000,101706000,470,782,101760000,26250
5,1696,101760000,101766000,470,782,101820000,26265
5,1697,101820000,101826000,470,782,101880000,26281
5,1698,101880000,101886000,470,782,101940000,26296
5,1699,101940000,101946000,470,782,102000000,26313
5,17,1020000,1026000,470,782,1080000,274
5,170,10200000,10206000,470,782,10260000,2642
5,1700,102000000,102006000,470,782,102060000,26327
5,1701,102060000,102066000,470,782,102120000,26343
5,1702,102120000,102126000,470,782,102180000,26357
5,1703,102180000,102186000,470,782,102240000,26373
5,1704,102240000,102246000,470,782,102300000,26389
5,1705,102300000,102306000,470,782,102360000,26405
5,1706,102360000,102366000,470,782,102420000,26420
5,1707,102420000,102426000,470,782,102480000,26435
5,1708,102480000,102486000,470,782,102540000,26450
5,1709,102540000,102546000,470,782,102600000,26467
5,171,10260000,10266000,470,782,10320000,2658
5,1710,102600000,102606000,470,782,102660000,26482
5,1711,102660000,102666000,470,782,102720000,26498
5,1712,102720000,102726000,470,782,102780000,26513
5,1713,102780000,102786000,470,782,102840000,26529
5,1714,102840000,102846000,470,782,102900000,26544
5,1715,102900000,102906000,470,782,102960000,26559
5,1716,102960000,102966000,470,782,103020000,26574
5,1717,103020000,103026000,470,782,103080000,26590
5,1718,103080000,103086000,470,782,103140000,26605
5,1719,103140000,103146000,470,782,103200000,26622
5,172,10320000,10326000,470,782,10380000,2673
5,1720,103200000,103206000,470,782,103260000,26637
5,1721,103260000,103266000,470,782,103320000,26652
5,1722,103320000,103326000,470,782,103380000,26667
5,1723,103380000,103386000,470,782,103440000,26683
5,1724,103440000,103446000,470,782,103500000,26699
5,1725,103500000,103506000,470,782,103560000,26715
5,1726,103560000,103566000,470,782,103620000,26730
5,1727,103620000,103626000,470,782,103680000,26746
5,1728,103680000,103686000,470,782,103740000,26759
5,1729,103740000,103746000,470,782,103800000,26776
5,173,10380000,10386000,470,782,10440000,2689
5,1730,103800000,103806000,470,782,103860000,26791
5,1731,103860000,103866000,470,782,103920000,26807
5,1732,103920000,103926000,470,782,103980000,26822
5,1733,103980000,103986000,470,782,104040000,26838
5,1734,104040000,104046000,470,782,104100000,26854
5,1735,104100000,104106000,470,782,104160000,26869
5,1736,104160000,104166000,470,782,104220000,26884
5,1737,104220000,104226000,470,782,104280000,26900
5,1738,104280000,104286000,470,782,104340000,26915
5,1739,104340000,104346000,470,782,104400000,26932
5,174,10440000,10446000,470,782,10500000,2704
5,1740,104400000,104406000,470,782,104460000,26947
5,1741,104460000,104466000,470,782,104520000,26962
5,1742,104520000,104526000,470,782,104580000,26976
5,1743,104580000,104586000,470,782,104640000,26992
5,1744,104640000,104646000,470,782,104700000,27008
5,1745,104700000,104706000,470,782,104760000,27024
5,1746,104760000,104766000,470,782,104820000,27039
5,1747,104820000,104826000,470,782,104880000,27055
5,1748,104880000,104886000,470,782,104940000,27070
5,1749,104940000,104946000,470,782,105000000,27086
5,175,10500000,10506000,470,782,10560000,2720
5,1750,105000000,105006000,470,782,105060000,27101
5,1751,105060000,105066000,470,782,105120000,27117
5,1752,105120000,105126000,470,782,105180000,27132
5,1753,105180000,105186000,470,782,105240000,27148
5,1754,105240000,105246000,470,782,105300000,27163
5,1755,105300000,105306000,470,782,105360000,27179
5,1756,105360000,105366000,470,782,105420000,27193
5,1757,105420000,105426000,470,782,105480000,27209
5,1758,105480000,105486000,470,782,105540000,27224
5,1759,105540000,105546000,470,782,105600000,27241
5,176,10560000,10566000,470,782,10620000,2735
5,1760,105600000,105606000,470,782,105660000,27256
5,1761,105660000,105666000,470,782,105720000,27272
5,1762,105720000,105726000,470,782,105780000,27287
5,1763,105780000,105786000,470,782,105840000,27302
5,1764,105840000,105846000,470,782,105900000,27318
5,1765,105900000,105906000,470,782,105960000,27334
5,1766,105960000,105966000,470,782,106020000,27349
5,1767,106020000,106026000,470,782,106080000,27364
5,1768,106080000,106086000,470,782,106140000,27379
5,1769,106140000,106146000,470,782,106200000,27396
5,177,10620000,10626000,470,782,10680000,2751
5,1770,106200000,106206000,470,782,106260000,27410
5,1771,106260000,106266000,470,782,106320000,27426
5,1772,106320000,106326000,470,782,106380000,27441
5,1773,106380000,106386000,470,782,106440000,27457
5,1774,106440000,106446000,470,782,106500000,27473
5,1775,106500000,106506000,470,782,106560000,27489
5,1776,106560000,106566000,470,782,106620000,27504
5,1777,106620000,106626000,470,782,106680000,27519
5,1778,106680000,106686000,470,782,106740000,27534
5,1779,106740000,106746000,470,782,106800000,27551
5,178,10680000,10686000,470,782,10740000,2766
5,1780,106800000,106806000,470,782,106860000,27565
5,1781,106860000,106866000,470,782,106920000,27581
5,1782,106920000,106926000,470,782,106980000,27596
5,1783,106980000,106986000,470,782,107040000,27612
5,1784,107040000,107046000,470,782,107100000,27627
5,1785,107100000,107106000,470,782,107160000,27643
5,1786,107160000,107166000,470,782,107220000,27658
5,1787,107220000,107226000,470,782,107280000,27674
5,1788,107280000,107286000,470,782,107340000,27689
5,1789,107340000,107346000,470,782,107400000,27706
5,179,10740000,10746000,470,782,10800000,2783
5,1790,107400000,107406000,470,782,107460000,27721
5,1791,107460000,107466000,470,782,107520000,27736
5,1792,107520000,107526000,470,782,107580000,27751
5,1793,107580000,107586000,470,782,107640000,27766
5,1794,107640000,107646000,470,782,107700000,27782
5,1795,107700000,107706000,470,782,107760000,27798
5,1796,107760000,107766000,470,782,107820000,27813
5,1797,107820000,107826000,470,782,107880000,27829
5,1798,107880000,107886000,470,782,107940000,27843
5,1799,107940000,107946000,470,782,108000000,27860
5,18,1080000,1086000,470,782,1140000,289
5,180,10800000,10806000,470,782,10860000,2798
5,1800,108000000,108006000,470,782,108060000,27875
5,1801,108060000,108066000,470,782,108120000,27891
5,1802,108120000,108126000,470,782,108180000,27906
5,1803,108180000,108186000,470,782,108240000,27922
5,1804,108240000,108246000,470,782,108300000,27938
5,1805,108300000,108306000,470,782,108360000,27953
5,1806,108360000,108366000,470,782,108420000,27967
5,1807,108420000,108426000,470,782,108480000,27983
5,1808,108480000,108486000,470,782,108540000,27998
5,1809,108540000,108546000,470,782,108600000,28015
5,181,10860000,10866000,470,782,10920000,2812
5,1810,108600000,108606000,470,782,108660000,28030
5,1811,108660000,108666000,470,782,108720000,28046
5,1812,108720000,108726000,470,782,108780000,28060
5,1813,108780000,108786000,470,782,108840000,28076
5,1814,108840000,108846000,470,782,108900000,28092
5,1815,108900000,108906000,470,782,108960000,28108
5,1816,108960000,108966000,470,782,109020000,28123
5,1817,109020000,109026000,470,782,109080000,28139
5,1818,109080000,109086000,470,782,109140000,28154
5,1819,109140000,109146000,470,782,109200000,28169
5,182,10920000,10926000,470,782,10980000,2827
5,1820,109200000,109206000,470,782,109260000,28184
5,1821,109260000,109266000,470,782,109320000,28200
5,1822,109320000,109326000,470,782,109380000,28215
5,1823,109380000,109386000,470,782,109440000,28231
5,1824,109440000,109446000,470,782,109500000,28247
5,1825,109500000,109506000,470,782,109560000,28263
5,1826,109560000,109566000,470,782,109620000,28277
5,1827,109620000,109626000,470,782,109680000,28293
5,1828,109680000,109686000,470,782,109740000,28308
5,1829,109740000,109746000,470,782,109800000,28325
5,183,10980000,10986000,470,782,11040000,2843
5,1830,109800000,109806000,470,782,109860000,28340
5,1831,109860000,109866000,470,782,109920000,28356
5,1832,109920000,109926000,470,782,109980000,28370
5,1833,109980000,109986000,470,782,110040000,28385
5,1834,110040000,110046000,470,782,110100000,28401
5,1835,110100000,110106000,470,782,110160000,28417
5,1836,110160000,110166000,470,782,110220000,28432
5,1837,110220000,110226000,470,782,110280000,28448
5,1838,110280000,110286000,470,782,110340000,28463
5,1839,110340000,110346000,470,782,110400000,28480
5,184,11040000,11046000,470,782,11100000,2859
5,1840,110400000,110406000,470,782,110460000,28494
5,1841,110460000,110466000,470,782,110520000,28510
5,1842,110520000,110526000,470,782,110580000,28525
5,1843,110580000,110586000,470,782,110640000,28541
5,1844,110640000,110646000,470,782,110700000,28557
5,1845,110700000,110706000,470,782,110760000,28572
5,1846,110760000,110766000,470,782,110820000,28587
5,1847,110820000,110826000,470,782,110880000,28602
5,1848,110880000,110886000,470,782,110940000,28617
5,1849,110940000,110946000,470,782,111000000,28634
5,185,11100000,11106000,470,782,11160000,2875
5,1850,111000000,111006000,470,782,111060000,28649
5,1851,111060000,111066000,470,782,111120000,28665
5,1852,111120000,111126000,470,782,111180000,28680
5,1853,111180000,111186000,470,782,111240000,28696
5,1854,111240000,111246000,470,782,111300000,28711
5,1855,111300000,111306000,470,782,111360000,28727
5,1856,111360000,111366000,470,782,111420000,28742
5,1857,111420000,111426000,470,782,111480000,28758
5,1858,111480000,111486000,470,782,111540000,28772
5,1859,111540000,111546000,470,782,111600000,28789
5,186,11160000,11166000,470,782,11220000,2890
5,1860,111600000,111606000,470,782,111660000,28804
5,1861,111660000,111666000,470,782,111720000,28819
5,1862,111720000,111726000,470,782,111780000,28834
5,1863,111780000,111786000,470,782,111840000,28850
5,1864,111840000,111846000,470,782,111900000,28866
5,1865,111900000,111906000,470,782,111960000,28882
5,1866,111960000,111966000,470,782,112020000,28897
5,1867,112020000,112026000,470,782,112080000,28913
5,1868,112080000,112086000,470,782,112140000,28927
5,1869,112140000,112146000,470,782,112200000,28944
5,187,11220000,11226000,470,782,11280000,2906
5,1870,112200000,112206000,470,782,112260000,28959
5,1871,112260000,112266000,470,782,112320000,28974
5,1872,112320000,112326000,470,782,112380000,28989
5,1873,112380000,112386000,470,782,112440000,29005
5,1874,112440000,112446000,470,782,112500000,29021
5,1875,112500000,112506000,470,782,112560000,29036
5,1876,112560000,112566000,470,782,112620000,29051
5,1877,112620000,112626000,470,782,112680000,29067
5,1878,112680000,112686000,470,782,112740000,29082
5,1879,112740000,112746000,470,782,112800000,29099
5,188,11280000,11286000,470,782,11340000,2920
5,1880,112800000,112806000,470,782,112860000,29114
5,1881,112860000,112866000,470,782,112920000,29130
5,1882,112920000,112926000,470,782,112980000,29144
5,1883,112980000,112986000,470,782,113040000,29160
5,1884,113040000,113046000,470,782,113100000,29175
5,1885,113100000,113106000,470,782,113160000,29191
5,1886,113160000,113166000,470,782,113220000,29206
5,1887,113220000,113226000,470,782,113280000,29222
5,1888,113280000,113286000,470,782,113340000,29237
5,1889,113340000,113346000,470,782,113400000,29253
5,189,11340000,11346000,470,782,11400000,2937
5,1890,113400000,113406000,470,782,113460000,29268
5,1891,113460000,113466000,470,782,113520000,29284
5,1892,113520000,113526000,470,782,113580000,29299
5,1893,113580000,113586000,470,782,113640000,29315
5,1894,113640000,113646000,470,782,113700000,29331
5,1895,113700000,113706000,470,782,113760000,29347
5,1896,113760000,113766000,470,782,113820000,29361
5,1897,113820000,113826000,470,782,113880000,29376
5,1898,113880000,113886000,470,782,113940000,29391
5,1899,113940000,113946000,470,782,114000000,29408
5,19,1140000,1146000,470,782,1200000,306
5,190,11400000,11406000,470,782,11460000,2952
5,1900,114000000,114006000,470,782,114060000,29423
5,1901,114060000,114066000,470,782,114120000,29439
5,1902,114120000,114126000,470,782,114180000,29454
5,1903,114180000,114186000,470,782,114240000,29469
5,1904,114240000,114246000,470,782,114300000,29485
5,1905,114300000,114306000,470,782,114360000,29501
5,1906,114360000,114366000,470,782,114420000,29516
5,1907,114420000,114426000,470,782,114480000,29532
5,1908,114480000,114486000,470,782,114540000,29547
5,1909,114540000,114546000,470,782,114600000,29564
5,191,11460000,11466000,470,782,11520000,2968
5,1910,114600000,114606000,470,782,114660000,29577
5,1911,114660000,114666000,470,782,114720000,29593
5,1912,114720000,114726000,470,782,114780000,29608
5,1913,114780000,114786000,470,782,114840000,29624
5,1914,114840000,114846000,470,782,114900000,29640
5,1915,114900000,114906000,470,782,114960000,29656
5,1916,114960000,114966000,470,782,115020000,29671
5,1917,115020000,115026000,470,782,115080000,29686
5,1918,115080000,115086000,470,782,115140000,29701
5,1919,115140000,115146000,470,782,115200000,29718
5,192,11520000,11526000,470,782,11580000,2983
5,1920,115200000,115206000,470,782,115260000,29733
5,1921,115260000,115266000,470,782,115320000,29749
5,1922,115320000,115326000,470,782,115380000,29764
5,1923,115380000,115386000,470,782,115440000,29779
5,1924,115440000,115446000,470,782,115500000,29794
5,1925,115500000,115506000,470,782,115560000,29810
5,1926,115560000,115566000,470,782,115620000,29825
5,1927,115620000,115626000,470,782,115680000,29841
5,1928,115680000,115686000,470,782,115740000,29856
5,1929,115740000,115746000,470,782,115800000,29873
5,193,11580000,11586000,470,782,11640000,2999
5,1930,115800000,115806000,470,782,115860000,29888
5,1931,115860000,115866000,470,782,115920000,29903
5,1932,115920000,115926000,470,782,115980000,29918
5,1933,115980000,115986000,470,782,116040000,29934
5,1934,116040000,116046000,470,782,116100000,29950
5,1935,116100000,116106000,470,782,116160000,29966
5,1936,116160000,116166000,470,782,116220000,29980
5,1937,116220000,116226000,470,782,116280000,29996
5,1938,116280000,116286000,470,782,116340000,30010
5,1939,116340000,116346000,470,782,116400000,30027
5,194,11640000,11646000,470,782,11700000,3014
5,1940,116400000,116406000,470,782,116460000,30042
5,1941,116460000,116466000,470,782,116520000,30058
5,1942,116520000,116526000,470,782,116580000,30073
5,1943,116580000,116586000,470,782,116640000,30089
5,1944,116640000,116646000,470,782,116700000,30105
5,1945,116700000,116706000,470,782,116760000,30120
5,1946,116760000,116766000,470,782,116820000,30135
5,1947,116820000,116826000,470,782,116880000,30151
5,1948,116880000,116886000,470,782,116940000,30166
5,1949,116940000,116946000,470,782,117000000,30182
5,195,11700000,11706000,470,782,11760000,3029
5,1950,117000000,117006000,470,782,117060000,30197
5,1951,117060000,117066000,470,782,117120000,30213
5,1952,117120000,117126000,470,782,117180000,30227
5,1953,117180000,117186000,470,782,117240000,30243
5,1954,117240000,117246000,470,782,117300000,30259
5,1955,117300000,117306000,470,782,117360000,30275
5,1956,117360000,117366000,470,782,117420000,30290
5,1957,117420000,117426000,470,782,117480000,30306
5,1958,117480000,117486000,470,782,117540000,30321
5,1959,117540000,117546000,470,782,117600000,30337
5,196,11760000,11766000,470,782,11820000,3044
5,1960,117600000,117606000,470,782,117660000,30352
5,1961,117660000,117666000,470,782,117720000,30368
5,1962,117720000,117726000,470,782,117780000,30382
5,1963,117780000,117786000,470,782,117840000,30398
5,1964,117840000,117846000,470,782,117900000,30414
5,1965,117900000,117906000,470,782,117960000,30430
5,1966,117960000,117966000,470,782,118020000,30444
5,1967,118020000,118026000,470,782,118080000,30460
5,1968,118080000,118086000,470,782,118140000,30475
5,1969,118140000,118146000,470,782,118200000,30492
5,197,11820000,11826000,470,782,11880000,3060
5,1970,118200000,118206000,470,782,118260000,30507
5,1971,118260000,118266000,470,782,118320000,30523
5,1972,118320000,118326000,470,782,118380000,30538
5,1973,118380000,118386000,470,782,118440000,30553
5,1974,118440000,118446000,470,782,118500000,30569
5,1975,118500000,118506000,470,782,118560000,30584
5,1976,118560000,118566000,470,782,118620000,30599
5,1977,118620000,118626000,470,782,118680000,30615
5,1978,118680000,118686000,470,782,118740000,30630
5,1979,118740000,118746000,470,782,118800000,30647
5,198,11880000,11886000,470,782,11940000,3075
5,1980,118800000,118806000,470,782,118860000,30661
5,1981,118860000,118866000,470,782,118920000,30677
5,1982,118920000,118926000,470,782,118980000,30692
5,1983,118980000,118986000,470,782,119040000,30708
5,1984,119040000,119046000,470,782,119100000,30724
5,1985,119100000,119106000,470,782,119160000,30740
5,1986,119160000,119166000,470,782,119220000,30755
5,1987,119220000,119226000,470,782,119280000,30770
5,1988,119280000,119286000,470,782,119340000,30784
5,1989,119340000,119346000,470,782,119400000,30801
5,199,11940000,11946000,470,782,12000000,3092
5,1990,119400000,119406000,470,782,119460000,30816
5,1991,119460000,119466000,470,782,119520000,30832
5,1992,119520000,119526000,470,782,119580000,30847
5,1993,119580000,119586000,470,782,119640000,30863
5,1994,119640000,119646000,470,782,119700000,30878
5,1995,119700000,119706000,470,782,119760000,30894
5,1996,119760000,119766000,470,782,119820000,30909
5,1997,119820000,119826000,470,782,119880000,30925
5,1998,119880000,119886000,470,782,119940000,30940
5,1999,119940000,119946000,470,782,120000000,30957
5,2,120000,126000,470,782,180000,41
5,20,1200000,1206000,470,782,1260000,320
5,200,12000000,12006000,470,782,12060000,3107
5,2000,120000000,120006000,470,782,120060000,30972
5,2001,120060000,120066000,470,782,120120000,30986
5,2002,120120000,120126000,470,782,120180000,31001
5,2003,120180000,120186000,470,782,120240000,31017
5,2004,120240000,120246000,470,782,120300000,31033
5,2005,120300000,120306000,470,782,120360000,31049
5,2006,120360000,120366000,470,782,120420000,31064
5,2007,120420000,120426000,470,782,120480000,31080
5,2008,120480000,120486000,470,782,120540000,31094
5,2009,120540000,120546000,470,782,120600000,31111
5,201,12060000,12066000,470,782,12120000,3123
5,2010,120600000,120606000,470,782,120660000,31126
5,2011,120660000,120666000,470,782,120720000,31142
5,2012,120720000,120726000,470,782,120780000,31157
5,2013,120780000,120786000,470,782,120840000,31173
5,2014,120840000,120846000,470,782,120900000,31188
5,2015,120900000,120906000,470,782,120960000,31203
5,2016,120960000,120966000,470,782,121020000,31218
5,2017,121020000,121026000,470,782,121080000,31234
5,2018,121080000,121086000,470,782,121140000,31249
5,2019,121140000,121146000,470,782,121200000,31266
5,202,12120000,12126000,470,782,12180000,3137
5,2020,121200000,121206000,470,782,121260000,31281
5,2021,121260000,121266000,470,782,121320000,31297
5,2022,121320000,121326000,470,782,121380000,31311
5,2023,121380000,121386000,470,782,121440000,31327
5,2024,121440000,121446000,470,782,121500000,31343
5,2025,121500000,121506000,470,782,121560000,31359
5,2026,121560000,121566000,470,782,121620000,31374
5,2027,121620000,121626000,470,782,121680000,31389
5,2028,121680000,121686000,470,782,121740000,31404
5,2029,121740000,121746000,470,782,121800000,31420
5,203,12180000,12186000,470,782,12240000,3153
5,2030,121800000,121806000,470,782,121860000,31435
5,2031,121860000,121866000,470,782,121920000,31451
5,2032,121920000,121926000,470,782,121980000,31466
5,2033,121980000,121986000,470,782,122040000,31482
5,2034,122040000,122046000,470,782,122100000,31498
5,2035,122100000,122106000,470,782,122160000,31514
5,2036,122160000,122166000,470,782,122220000,31528
5,2037,122220000,122226000,470,782,122280000,31544
5,2038,122280000,122286000,470,782,122340000,31559
5,2039,122340000,122346000,470,782,122400000,31576
5,204,12240000,12246000,470,782,12300000,3169
5,2040,122400000,122406000,470,782,122460000,31590
5,2041,122460000,122466000,470,782,122520000,31606
5,2042,122520000,122526000,470,782,122580000,31621
5,2043,122580000,122586000,470,782,122640000,31636
5,2044,122640000,122646000,470,782,122700000,31652
5,2045,122700000,122706000,470,782,122760000,31668
5,2046,122760000,122766000,470,782,122820000,31683
5,2047,122820000,122826000,470,782,122880000,31699
5,2048,122880000,122886000,470,782,122940000,31714
5,2049,122940000,122946000,470,782,123000000,31731
5,205,12300000,12306000,470,782,12360000,3185
5,2050,123000000,123006000,470,782,123060000,31745
5,2051,123060000,123066000,470,782,123120000,31761
5,2052,123120000,123126000,470,782,123180000,31776
5,2053,123180000,123186000,470,782,123240000,31791
5,2054,123240000,123246000,470,782,123300000,31807
5,2055,123300000,123306000,470,782,123360000,31823
5,2056,123360000,123366000,470,782,123420000,31838
5,2057,123420000,123426000,470,782,123480000,31853
5,2058,123480000,123486000,470,782,123540000,31868
5,2059,123540000,123546000,470,782,123600000,31885
5,206,12360000,12366000,470,782,12420000,3200
5,2060,123600000,123606000,470,782,123660000,31900
5,2061,123660000,123666000,470,782,123720000,31916
5,2062,123720000,123726000,470,782,123780000,31931
5,2063,123780000,123786000,470,782,123840000,31947
5,2064,123840000,123846000,470,782,123900000,31962
5,2065,123900000,123906000,470,782,123960000,31978
5,2066,123960000,123966000,470,782,124020000,31992
5,2067,124020000,124026000,470,782,124080000,32008
5,2068,124080000,124086000,470,782,124140000,32023
5,2069,124140000,124146000,470,782,124200000,32040
5,207,12420000,12426000,470,782,12480000,3215
5,2070,124200000,124206000,470,782,124260000,32055
5,2071,124260000,124266000,470,782,124320000,32070
5,2072,124320000,124326000,470,782,124380000,32085
5,2073,124380000,124386000,470,782,124440000,32101
5,2074,124440000,124446000,470,782,124500000,32117
5,2075,124500000,124506000,470,782,124560000,32133
5,2076,124560000,124566000,470,782,124620000,32148
5,2077,124620000,124626000,470,782,124680000,32164
5,2078,124680000,124686000,470,782,124740000,32178
5,2079,124740000,124746000,470,782,124800000,32194
5,208,12480000,12486000,470,782,12540000,3230
5,2080,124800000,124806000,470,782,124860000,32209
5,2081,124860000,124866000,470,782,124920000,32225
5,2082,124920000,124926000,470,782,124980000,32240
5,2083,124980000,124986000,470,782,125040000,32256
5,2084,125040000,125046000,470,782,125100000,32272
5,2085,125100000,125106000,470,782,125160000,32287
5,2086,125160000,125166000,470,782,125220000,32302
5,2087,125220000,125226000,470,782,125280000,32318
5,2088,125280000,125286000,470,782,125340000,32333
5,2089,125340000,125346000,470,782,125400000,32350
5,209,12540000,12546000,470,782,12600000,3246
5,2090,125400000,125406000,470,782,125460000,32365
5,2091,125460000,125466000,470,782,125520000,32381
5,2092,125520000,125526000,470,782,125580000,32394
5,2093,125580000,125586000,470,782,125640000,32410
5,2094,125640000,125646000,470,782,125700000,32426
5,2095,125700000,125706000,470,782,125760000,32442
5,2096,125760000,125766000,470,782,125820000,32457
5,2097,125820000,125826000,470,782,125880000,32473
5,2098,125880000,125886000,470,782,125940000,32488
5,2099,125940000,125946000,470,782,126000000,32504
5,21,1260000,1266000,470,782,1320000,336
5,210,12600000,12606000,470,782,12660000,3261
5,2100,126000000,126006000,470,782,126060000,32519
5,2101,126060000,126066000,470,782,126120000,32535
5,2102,126120000,126126000,470,782,126180000,32550
5,2103,126180000,126186000,470,782,126240000,32566
5,2104,126240000,126246000,470,782,126300000,32582
5,2105,126300000,126306000,470,782,126360000,32597
5,2106,126360000,126366000,470,782,126420000,32611
5,2107,126420000,126426000,470,782,126480000,32627
5,2108,126480000,126486000,470,782,126540000,32642
5,2109,126540000,126546000,470,782,126600000,32659
5,211,12660000,12666000,470,782,12720000,3277
5,2110,126600000,126606000,470,782,126660000,32674
5,2111,126660000,126666000,470,782,126720000,32690
5,2112,126720000,126726000,470,782,126780000,32705
5,2113,126780000,126786000,470,782,126840000,32720
5,2114,126840000,126846000,470,782,126900000,32736
5,2115,126900000,126906000,470,782,126960000,32752
5,2116,126960000,126966000,470,782,127020000,32767
5,2117,127020000,127026000,470,782,127080000,32783
5,2118,127080000,127086000,470,782,127140000,32797
5,2119,127140000,127146000,470,782,127200000,32814
5,212,12720000,12726000,470,782,12780000,3292
5,2120,127200000,127206000,470,782,127260000,32828
5,2121,127260000,127266000,470,782,127320000,32844
5,2122,127320000,127326000,470,782,127380000,32859
5,2123,127380000,127386000,470,782,127440000,32875
5,2124,127440000,127446000,470,782,127500000,32891
5,2125,127500000,127506000,470,782,127560000,32907
5,2126,127560000,127566000,470,782,127620000,32922
5,2127,127620000,127626000,470,782,127680000,32937
5,2128,127680000,127686000,470,782,127740000,32952
5,2129,127740000,127746000,470,782,127800000,32969
5,213,12780000,12786000,470,782,12840000,3308
5,2130,127800000,127806000,470,782,127860000,32984
5,2131,127860000,127866000,470,782,127920000,32999
5,2132,127920000,127926000,470,782,127980000,33014
5,2133,127980000,127986000,470,782,128040000,33030
5,2134,128040000,128046000,470,782,128100000,33045
5,2135,128100000,128106000,470,782,128160000,33061
5,2136,128160000,128166000,470,782,128220000,33076
5,2137,128220000,128226000,470,782,128280000,33092
5,2138,128280000,128286000,470,782,128340000,33107
5,2139,128340000,128346000,470,782,128400000,33124
5,214,12840000,12846000,470,782,12900000,3324
5,2140,128400000,128406000,470,782,128460000,33139
5,2141,128460000,128466000,470,782,128520000,33154
5,2142,128520000,128526000,470,782,128580000,33169
5,2143,128580000,128586000,470,782,128640000,33185
5,2144,128640000,128646000,470,782,128700000,33200
5,2145,128700000,128706000,470,782,128760000,33216
5,2146,128760000,128766000,470,782,128820000,33231
5,2147,128820000,128826000,470,782,128880000,33247
5,2148,128880000,128886000,470,782,128940000,33261
5,2149,128940000,128946000,470,782,129000000,33278
5,215,12900000,12906000,470,782,12960000,3340
5,2150,129000000,129006000,470,782,129060000,33293
5,2151,129060000,129066000,470,782,129120000,33309
5,2152,129120000,129126000,470,782,129180000,33324
5,2153,129180000,129186000,470,782,129240000,33340
5,2154,129240000,129246000,470,782,129300000,33356
5,2155,129300000,129306000,470,782,129360000,33371
5,2156,129360000,129366000,470,782,129420000,33386
5,2157,129420000,129426000,470,782,129480000,33401
5,2158,129480000,129486000,470,782,129540000,33416
5,2159,129540000,129546000,470,782,129600000,33433
5,216,12960000,12966000,470,782,13020000,3354
5,2160,129600000,129606000,470,782,129660000,33448
5,2161,129660000,129666000,470,782,129720000,33464
5,2162,129720000,129726000,470,782,129780000,33478
5,2163,129780000,129786000,470,782,129840000,33494
5,2164,129840000,129846000,470,782,129900000,33510
5,2165,129900000,129906000,470,782,129960000,33526
5,2166,129960000,129966000,470,782,130020000,33541
5,2167,130020000,130026000,470,782,130080000,33557
5,2168,130080000,130086000,470,782,130140000,33572
5,2169,130140000,130146000,470,782,130200000,33588
5,217,13020000,13026000,470,782,13080000,3370
5,2170,130200000,130206000,470,782,130260000,33602
5,2171,130260000,130266000,470,782,130320000,33618
5,2172,130320000,130326000,470,782,130380000,33633
5,2173,130380000,130386000,470,782,130440000,33649
5,2174,130440000,130446000,470,782,130500000,33665
5,2175,130500000,130506000,470,782,130560000,33681
5,2176,130560000,130566000,470,782,130620000,33695
5,2177,130620000,130626000,470,782,130680000,33711
5,2178,130680000,130686000,470,782,130740000,33726
5,2179,130740000,130746000,470,782,130800000,33743
5,218,13080000,13086000,470,782,13140000,3385
5,2180,130800000,130806000,470,782,130860000,33758
5,2181,130860000,130866000,470,782,130920000,33774
5,2182,130920000,130926000,470,782,130980000,33789
5,2183,130980000,130986000,470,782,131040000,33803
5,2184,131040000,131046000,470,782,131100000,33819
5,2185,131100000,131106000,470,782,131160000,33835
5,2186,131160000,131166000,470,782,131220000,33850
5,2187,131220000,131226000,470,782,131280000,33866
5,2188,131280000,131286000,470,782,131340000,33881
5,2189,131340000,131346000,470,782,131400000,33898
5,219,13140000,13146000,470,782,13200000,3402
5,2190,131400000,131406000,470,782,131460000,33912
5,2191,131460000,131466000,470,782,131520000,33928
5,2192,131520000,131526000,470,782,131580000,33943
5,2193,131580000,131586000,470,782,131640000,33959
5,2194,131640000,131646000,470,782,131700000,33975
5,2195,131700000,131706000,470,782,131760000,33991
5,2196,131760000,131766000,470,782,131820000,34005
5,2197,131820000,131826000,470,782,131880000,34020
5,2198,131880000,131886000,470,782,131940000,34035
5,2199,131940000,131946000,470,782,132000000,34052
5,22,1320000,1326000,470,782,1380000,351
5,220,13200000,13206000,470,782,13260000,3416
5,2200,132000000,132006000,470,782,132060000,34067
5,2201,132060000,132066000,470,782,132120000,34083
5,2202,132120000,132126000,470,782,132180000,34098
5,2203,132180000,132186000,470,782,132240000,34114
5,2204,132240000,132246000,470,782,132300000,34129
5,2205,132300000,132306000,470,782,132360000,34145
5,2206,132360000,132366000,470,782,132420000,34160
5,2207,132420000,132426000,470,782,132480000,34176
5,2208,132480000,132486000,470,782,132540000,34191
5,2209,132540000,132546000,470,782,132600000,34207
5,221,13260000,13266000,470,782,13320000,3432
5,2210,132600000,132606000,470,782,132660000,34222
5,2211,132660000,132666000,470,782,132720000,34237
5,2212,132720000,132726000,470,782,132780000,34252
5,2213,132780000,132786000,470,782,132840000,34268
5,2214,132840000,132846000,470,782,132900000,34284
5,2215,132900000,132906000,470,782,132960000,34300
5,2216,132960000,132966000,470,782,133020000,34315
5,2217,133020000,133026000,470,782,133080000,34331
5,2218,133080000,133086000,470,782,133140000,34345
5,2219,133140000,133146000,470,782,133200000,34362
5,222,13320000,13326000,470,782,13380000,3447
5,2220,133200000,133206000,470,782,133260000,34377
5,2221,133260000,133266000,470,782,133320000,34393
5,2222,133320000,133326000,470,782,133380000,34407
5,2223,133380000,133386000,470,782,133440000,34423
5,2224,133440000,133446000,470,782,133500000,34439
5,2225,133500000,133506000,470,782,133560000,34454
5,2226,133560000,133566000,470,782,133620000,34469
5,2227,133620000,133626000,470,782,133680000,34485
5,2228,133680000,133686000,470,782,133740000,34500
5,2229,133740000,133746000,470,782,133800000,34517
5,223,13380000,13386000,470,782,13440000,3462
5,2230,133800000,133806000,470,782,133860000,34532
5,2231,133860000,133866000,470,782,133920000,34548
5,2232,133920000,133926000,470,782,133980000,34562
5,2233,133980000,133986000,470,782,134040000,34578
5,2234,134040000,134046000,470,782,134100000,34594
5,2235,134100000,134106000,470,782,134160000,34609
5,2236,134160000,134166000,470,782,134220000,34624
5,2237,134220000,134226000,470,782,134280000,34640
5,2238,134280000,134286000,470,782,134340000,34655
5,2239,134340000,134346000,470,782,134400000,34671
5,224,13440000,13446000,470,782,13500000,3478
5,2240,134400000,134406000,470,782,134460000,34686
5,2241,134460000,134466000,470,782,134520000,34702
5,2242,134520000,134526000,470,782,134580000,34717
5,2243,134580000,134586000,470,782,134640000,34733
5,2244,134640000,134646000,470,782,134700000,34749
5,2245,134700000,134706000,470,782,134760000,34765
5,2246,134760000,134766000,470,782,134820000,34779
5,2247,134820000,134826000,470,782,134880000,34795
5,2248,134880000,134886000,470,782,134940000,34809
5,2249,134940000,134946000,470,782,135000000,34826
5,225,13500000,13506000,470,782,13560000,3494
5,2250,135000000,135006000,470,782,135060000,34841
5,2251,135060000,135066000,470,782,135120000,34857
5,2252,135120000,135126000,470,782,135180000,34872
5,2253,135180000,135186000,470,782,135240000,34887
5,2254,135240000,135246000,470,782,135300000,34903
5,2255,135300000,135306000,470,782,135360000,34919
5,2256,135360000,135366000,470,782,135420000,34934
5,2257,135420000,135426000,470,782,135480000,34950
5,2258,135480000,135486000,470,782,135540000,34965
5,2259,135540000,135546000,470,782,135600000,34982
5,226,13560000,13566000,470,782,13620000,3509
5,2260,135600000,135606000,470,782,135660000,34996
5,2261,135660000,135666000,470,782,135720000,35011
5,2262,135720000,135726000,470,782,135780000,35026
5,2263,135780000,135786000,470,782,135840000,35042
5,2264,135840000,135846000,470,782,135900000,35058
5,2265,135900000,135906000,470,782,135960000,35074
5,2266,135960000,135966000,470,782,136020000,35089
5,2267,136020000,136026000,470,782,136080000,35104
5,2268,136080000,136086000,470,782,136140000,35119
5,2269,136140000,136146000,470,782,136200000,35136
5,227,13620000,13626000,470,782,13680000,3525
5,2270,136200000,136206000,470,782,136260000,35151
5,2271,136260000,136266000,470,782,136320000,35167
5,2272,136320000,136326000,470,782,136380000,35182
5,2273,136380000,136386000,470,782,136440000,35198
5,2274,136440000,136446000,470,782,136500000,35212
5,2275,136500000,136506000,470,782,136560000,35228
5,2276,136560000,136566000,470,782,136620000,35243
5,2277,136620000,136626000,470,782,136680000,35259
5,2278,136680000,136686000,470,782,136740000,35274
5,2279,136740000,136746000,470,782,136800000,35291
5,228,13680000,13686000,470,782,13740000,3540
5,2280,136800000,136806000,470,782,136860000,35306
5,2281,136860000,136866000,470,782,136920000,35321
5,2282,136920000,136926000,470,782,136980000,35336
5,2283,136980000,136986000,470,782,137040000,35352
5,2284,137040000,137046000,470,782,137100000,35368
5,2285,137100000,137106000,470,782,137160000,35384
5,2286,137160000,137166000,470,782,137220000,35399
5,2287,137220000,137226000,470,782,137280000,35414
5,2288,137280000,137286000,470,782,137340000,35428
5,2289,137340000,137346000,470,782,137400000,35445
5,229,13740000,13746000,470,782,13800000,3557
5,2290,137400000,137406000,470,782,137460000,35460
5,2291,137460000,137466000,470,782,137520000,35476
5,2292,137520000,137526000,470,782,137580000,35491
5,2293,137580000,137586000,470,782,137640000,35507
5,2294,137640000,137646000,470,782,137700000,35523
5,2295,137700000,137706000,470,782,137760000,35538
5,2296,137760000,137766000,470,782,137820000,35553
5,2297,137820000,137826000,470,782,137880000,35569
5,2298,137880000,137886000,470,782,137940000,35584
5,2299,137940000,137946000,470,782,138000000,35601
5,23,1380000,1386000,470,782,1440000,367
5,230,13800000,13806000,470,782,13860000,3571
5,2300,138000000,138006000,470,782,138060000,35615
5,2301,138060000,138066000,470,782,138120000,35631
5,2302,138120000,138126000,470,782,138180000,35645
5,2303,138180000,138186000,470,782,138240000,35661
5,2304,138240000,138246000,470,782,138300000,35677
5,2305,138300000,138306000,470,782,138360000,35693
5,2306,138360000,138366000,470,782,138420000,35708
5,2307,138420000,138426000,470,782,138480000,35724
5,2308,138480000,138486000,470,782,138540000,35739
5,2309,138540000,138546000,470,782,138600000,35755
5,231,13860000,13866000,470,782,13920000,3587
5,2310,138600000,138606000,470,782,138660000,35770
5,2311,138660000,138666000,470,782,138720000,35786
5,2312,138720000,138726000,470,782,138780000,35801
5,2313,138780000,138786000,470,782,138840000,35816
5,2314,138840000,138846000,470,782,138900000,35832
5,2315,138900000,138906000,470,782,138960000,35848
5,2316,138960000,138966000,470,782,139020000,35862
5,2317,139020000,139026000,470,782,139080000,35878
5,2318,139080000,139086000,470,782,139140000,35893
5,2319,139140000,139146000,470,782,139200000,35910
5,232,13920000,13926000,470,782,13980000,3602
5,2320,139200000,139206000,470,782,139260000,35925
5,2321,139260000,139266000,470,782,139320000,35941
5,2322,139320000,139326000,470,782,139380000,35956
5,2323,139380000,139386000,470,782,139440000,35971
5,2324,139440000,139446000,470,782,139500000,35987
5,2325,139500000,139506000,470,782,139560000,36003
5,2326,139560000,139566000,470,782,139620000,36017
5,2327,139620000,139626000,470,782,139680000,36033
5,2328,139680000,139686000,470,782,139740000,36048
5,2329,139740000,139746000,470,782,139800000,36065
5,233,13980000,13986000,470,782,14040000,3617
5,2330,139800000,139806000,470,782,139860000,36079
5,2331,139860000,139866000,470,782,139920000,36095
5,2332,139920000,139926000,470,782,139980000,36110
5,2333,139980000,139986000,470,782,140040000,36126
5,2334,140040000,140046000,470,782,140100000,36142
5,2335,140100000,140106000,470,782,140160000,36158
5,2336,140160000,140166000,470,782,140220000,36173
5,2337,140220000,140226000,470,782,140280000,36188
5,2338,140280000,140286000,470,782,140340000,36203
5,2339,140340000,140346000,470,782,140400000,36219
5,234,14040000,14046000,470,782,14100000,3633
5,2340,140400000,140406000,470,782,140460000,36234
5,2341,140460000,140466000,470,782,140520000,36250
5,2342,140520000,140526000,470,782,140580000,36265
5,2343,140580000,140586000,470,782,140640000,36281
5,2344,140640000,140646000,470,782,140700000,36296
5,2345,140700000,140706000,470,782,140760000,36312
5,2346,140760000,140766000,470,782,140820000,36327
5,2347,140820000,140826000,470,782,140880000,36343
5,2348,140880000,140886000,470,782,140940000,36358
5,2349,140940000,140946000,470,782,141000000,36375
5,235,14100000,14106000,470,782,14160000,3649
5,2350,141000000,141006000,470,782,141060000,36390
5,2351,141060000,141066000,470,782,141120000,36405
5,2352,141120000,141126000,470,782,141180000,36419
5,2353,141180000,141186000,470,782,141240000,36435
5,2354,141240000,141246000,470,782,141300000,36451
5,2355,141300000,141306000,470,782,141360000,36467
5,2356,141360000,141366000,470,782,141420000,36482
5,2357,141420000,141426000,470,782,141480000,36498
5,2358,141480000,141486000,470,782,141540000,36512
5,2359,141540000,141546000,470,782,141600000,36529
5,236,14160000,14166000,470,782,14220000,3664
5,2360,141600000,141606000,470,782,141660000,36544
5,2361,141660000,141666000,470,782,141720000,36560
5,2362,141720000,141726000,470,782,141780000,36575
5,2363,141780000,141786000,470,782,141840000,36591
5,2364,141840000,141846000,470,782,141900000,36607
5,2365,141900000,141906000,470,782,141960000,36621
5,2366,141960000,141966000,470,782,142020000,36636
5,2367,142020000,142026000,470,782,142080000,36652
5,2368,142080000,142086000,470,782,142140000,36667
5,2369,142140000,142146000,470,782,142200000,36684
5,237,14220000,14226000,470,782,14280000,3679
5,2370,142200000,142206000,470,782,142260000,36699
5,2371,142260000,142266000,470,782,142320000,36715
5,2372,142320000,142326000,470,782,142380000,36729
5,2373,142380000,142386000,470,782,142440000,36745
5,2374,142440000,142446000,470,782,142500000,36761
5,2375,142500000,142506000,470,782,142560000,36777
5,2376,142560000,142566000,470,782,142620000,36792
5,2377,142620000,142626000,470,782,142680000,36808
5,2378,142680000,142686000,470,782,142740000,36822
5,2379,142740000,142746000,470,782,142800000,36838
5,238,14280000,14286000,470,782,14340000,3694
5,2380,142800000,142806000,470,782,142860000,36853
5,2381,142860000,142866000,470,782,142920000,36869
5,2382,142920000,142926000,470,782,142980000,36884
5,2383,142980000,142986000,470,782,143040000,36900
5,2384,143040000,143046000,470,782,143100000,36916
5,2385,143100000,143106000,470,782,143160000,36932
5,2386,143160000,143166000,470,782,143220000,36946
5,2387,143220000,143226000,470,782,143280000,36962
5,2388,143280000,143286000,470,782,143340000,36977
5,2389,143340000,143346000,470,782,143400000,36994
5,239,14340000,14346000,470,782,14400000,3711
5,2390,143400000,143406000,470,782,143460000,37009
5,2391,143460000,143466000,470,782,143520000,37024
5,2392,143520000,143526000,470,782,143580000,37039
5,2393,143580000,143586000,470,782,143640000,37054
5,2394,143640000,143646000,470,782,143700000,37070
5,2395,143700000,143706000,470,782,143760000,37086
5,2396,143760000,143766000,470,782,143820000,37101
5,2397,143820000,143826000,470,782,143880000,37117
5,2398,143880000,143886000,470,782,143940000,37132
5,2399,143940000,143946000,470,782,144000000,37149
5,24,1440000,1446000,470,782,1500000,383
5,240,14400000,14406000,470,782,14460000,3726
5,2400,144000000,144006000,470,782,144060000,37163
5,2401,144060000,144066000,470,782,144120000,37179
5,2402,144120000,144126000,470,782,144180000,37194
5,2403,144180000,144186000,470,782,144240000,37210
5,2404,144240000,144246000,470,782,144300000,37225
5,2405,144300000,144306000,470,782,144360000,37241
5,2406,144360000,144366000,470,782,144420000,37256
5,2407,144420000,144426000,470,782,144480000,37271
5,2408,144480000,144486000,470,782,144540000,37286
5,2409,144540000,144546000,470,782,144600000,37303
5,241,14460000,14466000,470,782,14520000,3742
5,2410,144600000,144606000,470,782,144660000,37318
5,2411,144660000,144666000,470,782,144720000,37334
5,2412,144720000,144726000,470,782,144780000,37349
5,2413,144780000,144786000,470,782,144840000,37365
5,2414,144840000,144846000,470,782,144900000,37380
5,2415,144900000,144906000,470,782,144960000,37396
5,2416,144960000,144966000,470,782,145020000,37411
5,2417,145020000,145026000,470,782,145080000,37426
5,2418,145080000,145086000,470,782,145140000,37441
5,2419,145140000,145146000,470,782,145200000,37458
5,242,14520000,14526000,470,782,14580000,3757
5,2420,145200000,145206000,470,782,145260000,37473
5,2421,145260000,145266000,470,782,145320000,37488
5,2422,145320000,145326000,470,782,145380000,37503
5,2423,145380000,145386000,470,782,145440000,37519
5,2424,145440000,145446000,470,782,145500000,37535
5,2425,145500000,145506000,470,782,145560000,37551
5,2426,145560000,145566000,470,782,145620000,37566
5,2427,145620000,145626000,470,782,145680000,37582
5,2428,145680000,145686000,470,782,145740000,37596
5,2429,145740000,145746000,470,782,145800000,37613
5,243,14580000,14586000,470,782,14640000,3773
5,2430,145800000,145806000,470,782,145860000,37627
5,2431,145860000,145866000,470,782,145920000,37643
5,2432,145920000,145926000,470,782,145980000,37658
5,2433,145980000,145986000,470,782,146040000,37674
5,2434,146040000,146046000,470,782,146100000,37690
5,2435,146100000,146106000,470,782,146160000,37705
5,2436,146160000,146166000,470,782,146220000,37720
5,2437,146220000,146226000,470,782,146280000,37736
5,2438,146280000,146286000,470,782,146340000,37751
5,2439,146340000,146346000,470,782,146400000,37768
5,244,14640000,14646000,470,782,14700000,3788
5,2440,146400000,146406000,470,782,146460000,37783
5,2441,146460000,146466000,470,782,146520000,37799
5,2442,146520000,146526000,470,782,146580000,37813
5,2443,146580000,146586000,470,782,146640000,37828
5,2444,146640000,146646000,470,782,146700000,37844
5,2445,146700000,146706000,470,782,146760000,37860
5,2446,146760000,146766000,470,782,146820000,37875
5,2447,146820000,146826000,470,782,146880000,37891
5,2448,146880000,146886000,470,782,146940000,37906
5,2449,146940000,146946000,470,782,147000000,37922
5,245,14700000,14706000,470,782,14760000,3804
5,2450,147000000,147006000,470,782,147060000,37937
5,2451,147060000,147066000,470,782,147120000,37953
5,2452,147120000,147126000,470,782,147180000,37968
5,2453,147180000,147186000,470,782,147240000,37984
5,2454,147240000,147246000,470,782,147300000,38000
5,2455,147300000,147306000,470,782,147360000,38016
5,2456,147360000,147366000,470,782,147420000,38029
5,2457,147420000,147426000,470,782,147480000,38045
5,2458,147480000,147486000,470,782,147540000,38060
5,2459,147540000,147546000,470,782,147600000,38077
5,246,14760000,14766000,470,782,14820000,3818
5,2460,147600000,147606000,470,782,147660000,38092
5,2461,147660000,147666000,470,782,147720000,38108
5,2462,147720000,147726000,470,782,147780000,38123
5,2463,147780000,147786000,470,782,147840000,38138
5,2464,147840000,147846000,470,782,147900000,38154
5,2465,147900000,147906000,470,782,147960000,38170
5,2466,147960000,147966000,470,782,148020000,38185
5,2467,148020000,148026000,470,782,148080000,38201
5,2468,148080000,148086000,470,782,148140000,38216
5,2469,148140000,148146000,470,782,148200000,38232
5,247,14820000,14826000,470,782,14880000,3834
5,2470,148200000,148206000,470,782,148260000,38246
5,2471,148260000,148266000,470,782,148320000,38262
5,2472,148320000,148326000,470,782,148380000,38277
5,2473,148380000,148386000,470,782,148440000,38293
5,2474,148440000,148446000,470,782,148500000,38309
5,2475,148500000,148506000,470,782,148560000,38325
5,2476,148560000,148566000,470,782,148620000,38340
5,2477,148620000,148626000,470,782,148680000,38355
5,2478,148680000,148686000,470,782,148740000,38370
5,2479,148740000,148746000,470,782,148800000,38387
5,248,14880000,14886000,470,782,14940000,3849
5,2480,148800000,148806000,470,782,148860000,38402
5,2481,148860000,148866000,470,782,148920000,38418
5,2482,148920000,148926000,470,782,148980000,38432
5,2483,148980000,148986000,470,782,149040000,38448
5,2484,149040000,149046000,470,782,149100000,38463
5,2485,149100000,149106000,470,782,149160000,38479
5,2486,149160000,149166000,470,782,149220000,38494
5,2487,149220000,149226000,470,782,149280000,38510
5,2488,149280000,149286000,470,782,149340000,38525
5,2489,149340000,149346000,470,782,149400000,38542
5,249,14940000,14946000,470,782,15000000,3866
5,2490,149400000,149406000,470,782,149460000,38557
5,2491,149460000,149466000,470,782,149520000,38572
5,2492,149520000,149526000,470,782,149580000,38587
5,2493,149580000,149586000,470,782,149640000,38603
5,2494,149640000,149646000,470,782,149700000,38619
5,2495,149700000,149706000,470,782,149760000,38634
5,2496,149760000,149766000,470,782,149820000,38649
5,2497,149820000,149826000,470,782,149880000,38665
5,2498,149880000,149886000,470,782,149940000,38679
5,2499,149940000,149946000,470,782,150000000,38696
5,25,1500000,1506000,470,782,1560000,398
5,250,15000000,15006000,470,782,15060000,3881
5,2500,150000000,150006000,470,782,150060000,38711
5,2501,150060000,150066000,470,782,150120000,38727
5,2502,150120000,150126000,470,782,150180000,38742
5,2503,150180000,150186000,470,782,150240000,38758
5,2504,150240000,150246000,470,782,150300000,38774
5,2505,150300000,150306000,470,782,150360000,38789
5,2506,150360000,150366000,470,782,150420000,38804
5,2507,150420000,150426000,470,782,150480000,38820
5,2508,150480000,150486000,470,782,150540000,38834
5,2509,150540000,150546000,470,782,150600000,38851
5,251,15060000,15066000,470,782,15120000,3896
5,2510,150600000,150606000,470,782,150660000,38866
5,2511,150660000,150666000,470,782,150720000,38882
5,2512,150720000,150726000,470,782,150780000,38896
5,2513,150780000,150786000,470,782,150840000,38912
5,2514,150840000,150846000,470,782,150900000,38928
5,2515,150900000,150906000,470,782,150960000,38944
5,2516,150960000,150966000,470,782,151020000,38959
5,2517,151020000,151026000,470,782,151080000,38975
5,2518,151080000,151086000,470,782,151140000,38990
5,2519,151140000,151146000,470,782,151200000,39006
5,252,15120000,15126000,470,782,15180000,3911
5,2520,151200000,151206000,470,782,151260000,39021
5,2521,151260000,151266000,470,782,151320000,39036
5,2522,151320000,151326000,470,782,151380000,39051
5,2523,151380000,151386000,470,782,151440000,39067
5,2524,151440000,151446000,470,782,151500000,39083
5,2525,151500000,151506000,470,782,151560000,39099
5,2526,151560000,151566000,470,782,151620000,39113
5,2527,151620000,151626000,470,782,151680000,39129
5,2528,151680000,151686000,470,782,151740000,39144
5,2529,151740000,151746000,470,782,151800000,39161
5,253,15180000,15186000,470,782,15240000,3927
5,2530,151800000,151806000,470,782,151860000,39176
5,2531,151860000,151866000,470,782,151920000,39192
5,2532,151920000,151926000,470,782,151980000,39207
5,2533,151980000,151986000,470,782,152040000,39222
5,2534,152040000,152046000,470,782,152100000,39237
5,2535,152100000,152106000,470,782,152160000,39253
5,2536,152160000,152166000,470,782,152220000,39268
5,2537,152220000,152226000,470,782,152280000,39284
5,2538,152280000,152286000,470,782,152340000,39299
5,2539,152340000,152346000,470,782,152400000,39316
5,254,15240000,15246000,470,782,15300000,3943
5,2540,152400000,152406000,470,782,152460000,39330
5,2541,152460000,152466000,470,782,152520000,39346
5,2542,152520000,152526000,470,782,152580000,39361
5,2543,152580000,152586000,470,782,152640000,39377
5,2544,152640000,152646000,470,782,152700000,39393
5,2545,152700000,152706000,470,782,152760000,39409
5,2546,152760000,152766000,470,782,152820000,39424
5,2547,152820000,152826000,470,782,152880000,39438
5,2548,152880000,152886000,470,782,152940000,39453
5,2549,152940000,152946000,470,782,153000000,39470
5,255,15300000,15306000,470,782,15360000,3959
5,2550,153000000,153006000,470,782,153060000,39485
5,2551,153060000,153066000,470,782,153120000,39501
5,2552,153120000,153126000,470,782,153180000,39516
5,2553,153180000,153186000,470,782,153240000,39532
5,2554,153240000,153246000,470,782,153300000,39547
5,2555,153300000,153306000,470,782,153360000,39563
5,2556,153360000,153366000,470,782,153420000,39578
5,2557,153420000,153426000,470,782,153480000,39594
5,2558,153480000,153486000,470,782,153540000,39609
5,2559,153540000,153546000,470,782,153600000,39626
5,256,15360000,15366000,470,782,15420000,3974
5,2560,153600000,153606000,470,782,153660000,39640
5,2561,153660000,153666000,470,782,153720000,39655
5,2562,153720000,153726000,470,782,153780000,39670
5,2563,153780000,153786000,470,782,153840000,39686
5,2564,153840000,153846000,470,782,153900000,39702
5,2565,153900000,153906000,470,782,153960000,39718
5,2566,153960000,153966000,470,782,154020000,39733
5,2567,154020000,154026000,470,782,154080000,39749
5,2568,154080000,154086000,470,782,154140000,39763
5,2569,154140000,154146000,470,782,154200000,39780
5,257,15420000,15426000,470,782,15480000,3990
5,2570,154200000,154206000,470,782,154260000,39795
5,2571,154260000,154266000,470,782,154320000,39811
5,2572,154320000,154326000,470,782,154380000,39826
5,2573,154380000,154386000,470,782,154440000,39841
5,2574,154440000,154446000,470,782,154500000,39857
5,2575,154500000,154506000,470,782,154560000,39872
5,2576,154560000,154566000,470,782,154620000,39887
5,2577,154620000,154626000,470,782,154680000,39903
5,2578,154680000,154686000,470,782,154740000,39918
5,2579,154740000,154746000,470,782,154800000,39935
5,258,15480000,15486000,470,782,15540000,4004
5,2580,154800000,154806000,470,782,154860000,39950
5,2581,154860000,154866000,470,782,154920000,39966
5,2582,154920000,154926000,470,782,154980000,39980
5,2583,154980000,154986000,470,782,155040000,39996
5,2584,155040000,155046000,470,782,155100000,40012
5,2585,155100000,155106000,470,782,155160000,40028
5,2586,155160000,155166000,470,782,155220000,40042
5,2587,155220000,155226000,470,782,155280000,40058
5,2588,155280000,155286000,470,782,155340000,40073
5,2589,155340000,155346000,470,782,155400000,40089
5,259,15540000,15546000,470,782,15600000,4020
5,2590,155400000,155406000,470,782,155460000,40104
5,2591,155460000,155466000,470,782,155520000,40120
5,2592,155520000,155526000,470,782,155580000,40135
5,2593,155580000,155586000,470,782,155640000,40151
5,2594,155640000,155646000,470,782,155700000,40167
5,2595,155700000,155706000,470,782,155760000,40183
5,2596,155760000,155766000,470,782,155820000,40197
5,2597,155820000,155826000,470,782,155880000,40213
5,2598,155880000,155886000,470,782,155940000,40228
5,2599,155940000,155946000,470,782,156000000,40244
5,26,1560000,1566000,470,782,1620000,413
5,260,15600000,15606000,470,782,15660000,4035
5,2600,156000000,156006000,470,782,156060000,40259
5,2601,156060000,156066000,470,782,156120000,40275
5,2602,156120000,156126000,470,782,156180000,40290
5,2603,156180000,156186000,470,782,156240000,40305
5,2604,156240000,156246000,470,782,156300000,40321
5,2605,156300000,156306000,470,782,156360000,40337
5,2606,156360000,156366000,470,782,156420000,40352
5,2607,156420000,156426000,470,782,156480000,40368
5,2608,156480000,156486000,470,782,156540000,40383
5,2609,156540000,156546000,470,782,156600000,40400
5,261,15660000,15666000,470,782,15720000,4051
5,2610,156600000,156606000,470,782,156660000,40414
5,2611,156660000,156666000,470,782,156720000,40430
5,2612,156720000,156726000,470,782,156780000,40444
5,2613,156780000,156786000,470,782,156840000,40460
5,2614,156840000,156846000,470,782,156900000,40476
5,2615,156900000,156906000,470,782,156960000,40492
5,2616,156960000,156966000,470,782,157020000,40507
5,2617,157020000,157026000,470,782,157080000,40522
5,2618,157080000,157086000,470,782,157140000,40537
5,2619,157140000,157146000,470,782,157200000,40554
5,262,15720000,15726000,470,782,15780000,4066
5,2620,157200000,157206000,470,782,157260000,40569
5,2621,157260000,157266000,470,782,157320000,40585
5,2622,157320000,157326000,470,782,157380000,40600
5,2623,157380000,157386000,470,782,157440000,40616
5,2624,157440000,157446000,470,782,157500000,40631
5,2625,157500000,157506000,470,782,157560000,40646
5,2626,157560000,157566000,470,782,157620000,40661
5,2627,157620000,157626000,470,782,157680000,40677
5,2628,157680000,157686000,470,782,157740000,40692
5,2629,157740000,157746000,470,782,157800000,40709
5,263,15780000,15786000,470,782,15840000,4082
5,2630,157800000,157806000,470,782,157860000,40724
5,2631,157860000,157866000,470,782,157920000,40739
5,2632,157920000,157926000,470,782,157980000,40754
5,2633,157980000,157986000,470,782,158040000,40770
5,2634,158040000,158046000,470,782,158100000,40786
5,2635,158100000,158106000,470,782,158160000,40802
5,2636,158160000,158166000,470,782,158220000,40817
5,2637,158220000,158226000,470,782,158280000,40833
5,2638,158280000,158286000,470,782,158340000,40846
5,2639,158340000,158346000,470,782,158400000,40863
5,264,15840000,15846000,470,782,15900000,4098
5,2640,158400000,158406000,470,782,158460000,40878
5,2641,158460000,158466000,470,782,158520000,40894
5,2642,158520000,158526000,470,782,158580000,40909
5,2643,158580000,158586000,470,782,158640000,40925
5,2644,158640000,158646000,470,782,158700000,40941
5,2645,158700000,158706000,470,782,158760000,40956
5,2646,158760000,158766000,470,782,158820000,40971
5,2647,158820000,158826000,470,782,158880000,40987
5,2648,158880000,158886000,470,782,158940000,41002
5,2649,158940000,158946000,470,782,159000000,41019
5,265,15900000,15906000,470,782,15960000,4113
5,2650,159000000,159006000,470,782,159060000,41034
5,2651,159060000,159066000,470,782,159120000,41049
5,2652,159120000,159126000,470,782,159180000,41063
5,2653,159180000,159186000,470,782,159240000,41079
5,2654,159240000,159246000,470,782,159300000,41095
5,2655,159300000,159306000,470,782,159360000,41111
5,2656,159360000,159366000,470,782,159420000,41126
5,2657,159420000,159426000,470,782,159480000,41142
5,2658,159480000,159486000,470,782,159540000,41157
5,2659,159540000,159546000,470,782,159600000,41173
5,266,15960000,15966000,470,782,16020000,4128
5,2660,159600000,159606000,470,782,159660000,41188
5,2661,159660000,159666000,470,782,159720000,41204
5,2662,159720000,159726000,470,782,159780000,41219
5,2663,159780000,159786000,470,782,159840000,41235
5,2664,159840000,159846000,470,782,159900000,41250
5,2665,159900000,159906000,470,782,159960000,41266
5,2666,159960000,159966000,470,782,160020000,41280
5,2667,160020000,160026000,470,782,160080000,41296
5,2668,160080000,160086000,470,782,160140000,41311
5,2669,160140000,160146000,470,782,160200000,41328
5,267,16020000,16026000,470,782,16080000,4144
5,2670,160200000,160206000,470,782,160260000,41343
5,2671,160260000,160266000,470,782,160320000,41359
5,2672,160320000,160326000,470,782,160380000,41374
5,2673,160380000,160386000,470,782,160440000,41389
5,2674,160440000,160446000,470,782,160500000,41405
5,2675,160500000,160506000,470,782,160560000,41421
5,2676,160560000,160566000,470,782,160620000,41436
5,2677,160620000,160626000,470,782,160680000,41451
5,2678,160680000,160686000,470,782,160740000,41466
5,2679,160740000,160746000,470,782,160800000,41483
5,268,16080000,16086000,470,782,16140000,4159
5,2680,160800000,160806000,470,782,160860000,41497
5,2681,160860000,160866000,470,782,160920000,41513
5,2682,160920000,160926000,470,782,160980000,41528
5,2683,160980000,160986000,470,782,161040000,41544
5,2684,161040000,161046000,470,782,161100000,41560
5,2685,161100000,161106000,470,782,161160000,41576
5,2686,161160000,161166000,470,782,161220000,41591
5,2687,161220000,161226000,470,782,161280000,41606
5,2688,161280000,161286000,470,782,161340000,41621
5,2689,161340000,161346000,470,782,161400000,41638
5,269,16140000,16146000,470,782,16200000,4176
5,2690,161400000,161406000,470,782,161460000,41652
5,2691,161460000,161466000,470,782,161520000,41668
5,2692,161520000,161526000,470,782,161580000,41683
5,2693,161580000,161586000,470,782,161640000,41699
5,2694,161640000,161646000,470,782,161700000,41714
5,2695,161700000,161706000,470,782,161760000,41730
5,2696,161760000,161766000,470,782,161820000,41745
5,2697,161820000,161826000,470,782,161880000,41761
5,2698,161880000,161886000,470,782,161940000,41776
5,2699,161940000,161946000,470,782,162000000,41793
5,27,1620000,1626000,470,782,1680000,428
5,270,16200000,16206000,470,782,16260000,4191
5,2700,162000000,162006000,470,782,162060000,41808
5,2701,162060000,162066000,470,782,162120000,41823
5,2702,162120000,162126000,470,782,162180000,41838
5,2703,162180000,162186000,470,782,162240000,41853
5,2704,162240000,162246000,470,782,162300000,41869
5,2705,162300000,162306000,470,782,162360000,41885
5,2706,162360000,162366000,470,782,162420000,41900
5,2707,162420000,162426000,470,782,162480000,41916
5,2708,162480000,162486000,470,782,162540000,41930
5,2709,162540000,162546000,470,782,162600000,41947
5,271,16260000,16266000,470,782,16320000,4207
5,2710,162600000,162606000,470,782,162660000,41962
5,2711,162660000,162666000,470,782,162720000,41978
5,2712,162720000,162726000,470,782,162780000,41993
5,2713,162780000,162786000,470,782,162840000,42009
5,2714,162840000,162846000,470,782,162900000,42025
5,2715,162900000,162906000,470,782,162960000,42040
5,2716,162960000,162966000,470,782,163020000,42054
5,2717,163020000,163026000,470,782,163080000,42070
5,2718,163080000,163086000,470,782,163140000,42085
5,2719,163140000,163146000,470,782,163200000,42102
5,272,16320000,16326000,470,782,16380000,4220
5,2720,163200000,163206000,470,782,163260000,42117
5,2721,163260000,163266000,470,782,163320000,42133
5,2722,163320000,163326000,470,782,163380000,42147
5,2723,163380000,163386000,470,782,163440000,42163
5,2724,163440000,163446000,470,782,163500000,42179
5,2725,163500000,163506000,470,782,163560000,42195
5,2726,163560000,163566000,470,782,163620000,42210
5,2727,163620000,163626000,470,782,163680000,42226
5,2728,163680000,163686000,470,782,163740000,42241
5,2729,163740000,163746000,470,782,163800000,42256
5,273,16380000,16386000,470,782,16440000,4236
5,274,16440000,16446000,470,782,16500000,4252
5,275,16500000,16506000,470,782,16560000,4268
5,276,16560000,16566000,470,782,16620000,4283
5,277,16620000,16626000,470,782,16680000,4299
5,278,16680000,16686000,470,782,16740000,4314
5,279,16740000,16746000,470,782,16800000,4330
5,28,1680000,1686000,470,782,1740000,443
5,280,16800000,16806000,470,782,16860000,4345
5,281,16860000,16866000,470,782,16920000,4361
5,282,16920000,16926000,470,782,16980000,4376
5,283,16980000,16986000,470,782,17040000,4392
5,284,17040000,17046000,470,782,17100000,4408
5,285,17100000,17106000,470,782,17160000,4423
5,286,17160000,17166000,470,782,17220000,4437
5,287,17220000,17226000,470,782,17280000,4453
5,288,17280000,17286000,470,782,17340000,4468
5,289,17340000,17346000,470,782,17400000,4485
5,29,1740000,1746000,470,782,1800000,460
5,290,17400000,17406000,470,782,17460000,4500
5,291,17460000,17466000,470,782,17520000,4516
5,292,17520000,17526000,470,782,17580000,4531
5,293,17580000,17586000,470,782,17640000,4546
5,294,17640000,17646000,470,782,17700000,4562
5,295,17700000,17706000,470,782,17760000,4578
5,296,17760000,17766000,470,782,17820000,4593
5,297,17820000,17826000,470,782,17880000,4609
5,298,17880000,17886000,470,782,17940000,4623
5,299,17940000,17946000,470,782,18000000,4640
5,3,180000,186000,470,782,240000,57
5,30,1800000,1806000,470,782,1860000,475
5,300,18000000,18006000,470,782,18060000,4654
5,301,18060000,18066000,470,782,18120000,4670
5,302,18120000,18126000,470,782,18180000,4685
5,303,18180000,18186000,470,782,18240000,4701
5,304,18240000,18246000,470,782,18300000,4717
5,305,18300000,18306000,470,782,18360000,4733
5,306,18360000,18366000,470,782,18420000,4748
5,307,18420000,18426000,470,782,18480000,4763
5,308,18480000,18486000,470,782,18540000,4778
5,309,18540000,18546000,470,782,18600000,4795
5,31,1860000,1866000,470,782,1920000,491
5,310,18600000,18606000,470,782,18660000,4810
5,311,18660000,18666000,470,782,18720000,4825
5,312,18720000,18726000,470,782,18780000,4840
5,313,18780000,18786000,470,782,18840000,4856
5,314,18840000,18846000,470,782,18900000,4871
5,315,18900000,18906000,470,782,18960000,4887
5,316,18960000,18966000,470,782,19020000,4902
5,317,19020000,19026000,470,782,19080000,4918
5,318,19080000,19086000,470,782,19140000,4933
5,319,19140000,19146000,470,782,19200000,4950
5,32,1920000,1926000,470,782,1980000,506
5,320,19200000,19206000,470,782,19260000,4965
5,321,19260000,19266000,470,782,19320000,4980
5,322,19320000,19326000,470,782,19380000,4995
5,323,19380000,19386000,470,782,19440000,5011
5,324,19440000,19446000,470,782,19500000,5026
5,325,19500000,19506000,470,782,19560000,5042
5,326,19560000,19566000,470,782,19620000,5057
5,327,19620000,19626000,470,782,19680000,5073
5,328,19680000,19686000,470,782,19740000,5087
5,329,19740000,19746000,470,782,19800000,5104
5,33,1980000,1986000,470,782,2040000,522
5,330,19800000,19806000,470,782,19860000,5119
5,331,19860000,19866000,470,782,19920000,5135
5,332,19920000,19926000,470,782,19980000,5150
5,333,19980000,19986000,470,782,20040000,5166
5,334,20040000,20046000,470,782,20100000,5182
5,335,20100000,20106000,470,782,20160000,5197
5,336,20160000,20166000,470,782,20220000,5212
5,337,20220000,20226000,470,782,20280000,5227
5,338,20280000,20286000,470,782,20340000,5242
5,339,20340000,20346000,470,782,20400000,5259
5,34,2040000,2046000,470,782,2100000,537
5,340,20400000,20406000,470,782,20460000,5274
5,341,20460000,20466000,470,782,20520000,5290
5,342,20520000,20526000,470,782,20580000,5304
5,343,20580000,20586000,470,782,20640000,5320
5,344,20640000,20646000,470,782,20700000,5336
5,345,20700000,20706000,470,782,20760000,5352
5,346,20760000,20766000,470,782,20820000,5367
5,347,20820000,20826000,470,782,20880000,5383
5,348,20880000,20886000,470,782,20940000,5398
5,349,20940000,20946000,470,782,21000000,5414
5,35,2100000,2106000,470,782,2160000,553
5,350,21000000,21006000,470,782,21060000,5428
5,351,21060000,21066000,470,782,21120000,5444
5,352,21120000,21126000,470,782,21180000,5459
5,353,21180000,21186000,470,782,21240000,5475
5,354,21240000,21246000,470,782,21300000,5491
5,355,21300000,21306000,470,782,21360000,5507
5,356,21360000,21366000,470,782,21420000,5521
5,357,21420000,21426000,470,782,21480000,5537
5,358,21480000,21486000,470,782,21540000,5552
5,359,21540000,21546000,470,782,21600000,5569
5,36,2160000,2166000,470,782,2220000,568
5,360,21600000,21606000,470,782,21660000,5584
5,361,21660000,21666000,470,782,21720000,5600
5,362,21720000,21726000,470,782,21780000,5615
5,363,21780000,21786000,470,782,21840000,5629
5,364,21840000,21846000,470,782,21900000,5645
5,365,21900000,21906000,470,782,21960000,5661
5,366,21960000,21966000,470,782,22020000,5676
5,367,22020000,22026000,470,782,22080000,5692
5,368,22080000,22086000,470,782,22140000,5707
5,369,22140000,22146000,470,782,22200000,5724
5,37,2220000,2226000,470,782,2280000,584
5,370,22200000,22206000,470,782,22260000,5738
5,371,22260000,22266000,470,782,22320000,5754
5,372,22320000,22326000,470,782,22380000,5769
5,373,22380000,22386000,470,782,22440000,5785
5,374,22440000,22446000,470,782,22500000,5801
5,375,22500000,22506000,470,782,22560000,5817
5,376,22560000,22566000,470,782,22620000,5831
5,377,22620000,22626000,470,782,22680000,5846
5,378,22680000,22686000,470,782,22740000,5861
5,379,22740000,22746000,470,782,22800000,5878
5,38,2280000,2286000,470,782,2340000,598
5,380,22800000,22806000,470,782,22860000,5893
5,381,22860000,22866000,470,782,22920000,5909
5,382,22920000,22926000,470,782,22980000,5924
5,383,22980000,22986000,470,782,23040000,5940
5,384,23040000,23046000,470,782,23100000,5955
5,385,23100000,23106000,470,782,23160000,5971
5,386,23160000,23166000,470,782,23220000,5986
5,387,23220000,23226000,470,782,23280000,6002
5,388,23280000,23286000,470,782,23340000,6017
5,389,23340000,23346000,470,782,23400000,6033
5,39,2340000,2346000,470,782,2400000,615
5,390,23400000,23406000,470,782,23460000,6048
5,391,23460000,23466000,470,782,23520000,6063
5,392,23520000,23526000,470,782,23580000,6078
5,393,23580000,23586000,470,782,23640000,6094
5,394,23640000,23646000,470,782,23700000,6110
5,395,23700000,23706000,470,782,23760000,6126
5,396,23760000,23766000,470,782,23820000,6141
5,397,23820000,23826000,470,782,23880000,6157
5,398,23880000,23886000,470,782,23940000,6171
5,399,23940000,23946000,470,782,24000000,6188
5,4,240000,246000,470,782,300000,73
5,40,2400000,2406000,470,782,2460000,630
5,400,24000000,24006000,470,782,24060000,6203
5,401,24060000,24066000,470,782,24120000,6219
5,402,24120000,24126000,470,782,24180000,6233
5,403,24180000,24186000,470,782,24240000,6249
5,404,24240000,24246000,470,782,24300000,6265
5,405,24300000,24306000,470,782,24360000,6280
5,406,24360000,24366000,470,782,24420000,6295
5,407,24420000,24426000,470,782,24480000,6311
5,408,24480000,24486000,470,782,24540000,6326
5,409,24540000,24546000,470,782,24600000,6343
5,41,2460000,2466000,470,782,2520000,645
5,410,24600000,24606000,470,782,24660000,6358
5,411,24660000,24666000,470,782,24720000,6374
5,412,24720000,24726000,470,782,24780000,6388
5,413,24780000,24786000,470,782,24840000,6404
5,414,24840000,24846000,470,782,24900000,6420
5,415,24900000,24906000,470,782,24960000,6435
5,416,24960000,24966000,470,782,25020000,6450
5,417,25020000,25026000,470,782,25080000,6466
5,418,25080000,25086000,470,782,25140000,6481
5,419,25140000,25146000,470,782,25200000,6497
5,42,2520000,2526000,470,782,2580000,660
5,420,25200000,25206000,470,782,25260000,6512
5,421,25260000,25266000,470,782,25320000,6528
5,422,25320000,25326000,470,782,25380000,6543
5,423,25380000,25386000,470,782,25440000,6559
5,424,25440000,25446000,470,782,25500000,6575
5,425,25500000,25506000,470,782,25560000,6591
5,426,25560000,25566000,470,782,25620000,6605
5,427,25620000,25626000,470,782,25680000,6621
5,428,25680000,25686000,470,782,25740000,6635
5,429,25740000,25746000,470,782,25800000,6652
5,43,2580000,2586000,470,782,2640000,676
5,430,25800000,25806000,470,782,25860000,6667
5,431,25860000,25866000,470,782,25920000,6683
5,432,25920000,25926000,470,782,25980000,6698
5,433,25980000,25986000,470,782,26040000,6713
5,434,26040000,26046000,470,782,26100000,6729
5,435,26100000,26106000,470,782,26160000,6745
5,436,26160000,26166000,470,782,26220000,6760
5,437,26220000,26226000,470,782,26280000,6776
5,438,26280000,26286000,470,782,26340000,6791
5,439,26340000,26346000,470,782,26400000,6808
5,44,2640000,2646000,470,782,2700000,692
5,440,26400000,26406000,470,782,26460000,6822
5,441,26460000,26466000,470,782,26520000,6837
5,442,26520000,26526000,470,782,26580000,6852
5,443,26580000,26586000,470,782,26640000,6868
5,444,26640000,26646000,470,782,26700000,6884
5,445,26700000,26706000,470,782,26760000,6900
5,446,26760000,26766000,470,782,26820000,6915
5,447,26820000,26826000,470,782,26880000,6930
5,448,26880000,26886000,470,782,26940000,6945
5,449,26940000,26946000,470,782,27000000,6962
5,45,2700000,2706000,470,782,2760000,708
5,450,27000000,27006000,470,782,27060000,6977
5,451,27060000,27066000,470,782,27120000,6993
5,452,27120000,27126000,470,782,27180000,7008
5,453,27180000,27186000,470,782,27240000,7024
5,454,27240000,27246000,470,782,27300000,7038
5,455,27300000,27306000,470,782,27360000,7054
5,456,27360000,27366000,470,782,27420000,7069
5,457,27420000,27426000,470,782,27480000,7085
5,458,27480000,27486000,470,782,27540000,7100
5,459,27540000,27546000,470,782,27600000,7117
5,46,2760000,2766000,470,782,2820000,723
5,460,27600000,27606000,470,782,27660000,7132
5,461,27660000,27666000,470,782,27720000,7147
5,462,27720000,27726000,470,782,27780000,7162
5,463,27780000,27786000,470,782,27840000,7178
5,464,27840000,27846000,470,782,27900000,7194
5,465,27900000,27906000,470,782,27960000,7210
5,466,27960000,27966000,470,782,28020000,7225
5,467,28020000,28026000,470,782,28080000,7240
5,468,28080000,28086000,470,782,28140000,7254
5,469,28140000,28146000,470,782,28200000,7271
5,47,2820000,2826000,470,782,2880000,739
5,470,28200000,28206000,470,782,28260000,7286
5,471,28260000,28266000,470,782,28320000,7302
5,472,28320000,28326000,470,782,28380000,7317
5,473,28380000,28386000,470,782,28440000,7333
5,474,28440000,28446000,470,782,28500000,7349
5,475,28500000,28506000,470,782,28560000,7364
5,476,28560000,28566000,470,782,28620000,7379
5,477,28620000,28626000,470,782,28680000,7395
5,478,28680000,28686000,470,782,28740000,7410
5,479,28740000,28746000,470,782,28800000,7427
5,48,2880000,2886000,470,782,2940000,753
5,480,28800000,28806000,470,782,28860000,7441
5,481,28860000,28866000,470,782,28920000,7457
5,482,28920000,28926000,470,782,28980000,7471
5,483,28980000,28986000,470,782,29040000,7487
5,484,29040000,29046000,470,782,29100000,7503
5,485,29100000,29106000,470,782,29160000,7519
5,486,29160000,29166000,470,782,29220000,7534
5,487,29220000,29226000,470,782,29280000,7550
5,488,29280000,29286000,470,782,29340000,7565
5,489,29340000,29346000,470,782,29400000,7581
5,49,2940000,2946000,470,782,3000000,770
5,490,29400000,29406000,470,782,29460000,7596
5,491,29460000,29466000,470,782,29520000,7612
5,492,29520000,29526000,470,782,29580000,7627
5,493,29580000,29586000,470,782,29640000,7642
5,494,29640000,29646000,470,782,29700000,7658
5,495,29700000,29706000,470,782,29760000,7674
5,496,29760000,29766000,470,782,29820000,7688
5,497,29820000,29826000,470,782,29880000,7704
5,498,29880000,29886000,470,782,29940000,7719
5,499,29940000,29946000,470,782,30000000,7736
5,5,300000,306000,470,782,360000,89
5,50,3000000,3006000,470,782,3060000,785
5,500,30000000,30006000,470,782,30060000,7751
5,501,30060000,30066000,470,782,30120000,7767
5,502,30120000,30126000,470,782,30180000,7782
5,503,30180000,30186000,470,782,30240000,7797
5,504,30240000,30246000,470,782,30300000,7813
5,505,30300000,30306000,470,782,30360000,7829
5,506,30360000,30366000,470,782,30420000,7843
5,507,30420000,30426000,470,782,30480000,7859
5,508,30480000,30486000,470,782,30540000,7874
5,509,30540000,30546000,470,782,30600000,7891
5,51,3060000,3066000,470,782,3120000,800
5,510,30600000,30606000,470,782,30660000,7905
5,511,30660000,30666000,470,782,30720000,7921
5,512,30720000,30726000,470,782,30780000,7936
5,513,30780000,30786000,470,782,30840000,7952
5,514,30840000,30846000,470,782,30900000,7968
5,515,30900000,30906000,470,782,30960000,7984
5,516,30960000,30966000,470,782,31020000,7999
5,517,31020000,31026000,470,782,31080000,8014
5,518,31080000,31086000,470,782,31140000,8029
5,519,31140000,31146000,470,782,31200000,8045
5,52,3120000,3126000,470,782,3180000,815
5,520,31200000,31206000,470,782,31260000,8060
5,521,31260000,31266000,470,782,31320000,8076
5,522,31320000,31326000,470,782,31380000,8091
5,523,31380000,31386000,470,782,31440000,8107
5,524,31440000,31446000,470,782,31500000,8122
5,525,31500000,31506000,470,782,31560000,8138
5,526,31560000,31566000,470,782,31620000,8153
5,527,31620000,31626000,470,782,31680000,8169
5,528,31680000,31686000,470,782,31740000,8184
5,529,31740000,31746000,470,782,31800000,8201
5,53,3180000,3186000,470,782,3240000,831
5,530,31800000,31806000,470,782,31860000,8216
5,531,31860000,31866000,470,782,31920000,8231
5,532,31920000,31926000,470,782,31980000,8245
5,533,31980000,31986000,470,782,32040000,8261
5,534,32040000,32046000,470,782,32100000,8277
5,535,32100000,32106000,470,782,32160000,8293
5,536,32160000,32166000,470,782,32220000,8308
5,537,32220000,32226000,470,782,32280000,8324
5,538,32280000,32286000,470,782,32340000,8338
5,539,32340000,32346000,470,782,32400000,8355
5,54,3240000,3246000,470,782,3300000,847
5,540,32400000,32406000,470,782,32460000,8370
5,541,32460000,32466000,470,782,32520000,8386
5,542,32520000,32526000,470,782,32580000,8401
5,543,32580000,32586000,470,782,32640000,8417
5,544,32640000,32646000,470,782,32700000,8433
5,545,32700000,32706000,470,782,32760000,8447
5,546,32760000,32766000,470,782,32820000,8462
5,547,32820000,32826000,470,782,32880000,8478
5,548,32880000,32886000,470,782,32940000,8493
5,549,32940000,32946000,470,782,33000000,8510
5,55,3300000,3306000,470,782,3360000,862
5,550,33000000,33006000,470,782,33060000,8525
5,551,33060000,33066000,470,782,33120000,8541
5,552,33120000,33126000,470,782,33180000,8555
5,553,33180000,33186000,470,782,33240000,8571
5,554,33240000,33246000,470,782,33300000,8587
5,555,33300000,33306000,470,782,33360000,8603
5,556,33360000,33366000,470,782,33420000,8618
5,557,33420000,33426000,470,782,33480000,8634
5,558,33480000,33486000,470,782,33540000,8648
5,559,33540000,33546000,470,782,33600000,8664
5,56,3360000,3366000,470,782,3420000,877
5,560,33600000,33606000,470,782,33660000,8679
5,561,33660000,33666000,470,782,33720000,8695
5,562,33720000,33726000,470,782,33780000,8710
5,563,33780000,33786000,470,782,33840000,8726
5,564,33840000,33846000,470,782,33900000,8742
5,565,33900000,33906000,470,782,33960000,8758
5,566,33960000,33966000,470,782,34020000,8772
5,567,34020000,34026000,470,782,34080000,8788
5,568,34080000,34086000,470,782,34140000,8803
5,569,34140000,34146000,470,782,34200000,8820
5,57,3420000,3426000,470,782,3480000,893
5,570,34200000,34206000,470,782,34260000,8835
5,571,34260000,34266000,470,782,34320000,8850
5,572,34320000,34326000,470,782,34380000,8865
5,573,34380000,34386000,470,782,34440000,8880
5,574,34440000,34446000,470,782,34500000,8896
5,575,34500000,34506000,470,782,34560000,8912
5,576,34560000,34566000,470,782,34620000,8927
5,577,34620000,34626000,470,782,34680000,8943
5,578,34680000,34686000,470,782,34740000,8958
5,579,34740000,34746000,470,782,34800000,8975
5,58,3480000,3486000,470,782,3540000,908
5,580,34800000,34806000,470,782,34860000,8989
5,581,34860000,34866000,470,782,34920000,9005
5,582,34920000,34926000,470,782,34980000,9020
5,583,34980000,34986000,470,782,35040000,9036
5,584,35040000,35046000,470,782,35100000,9051
5,585,35100000,35106000,470,782,35160000,9067
5,586,35160000,35166000,470,782,35220000,9082
5,587,35220000,35226000,470,782,35280000,9097
5,588,35280000,35286000,470,782,35340000,9112
5,589,35340000,35346000,470,782,35400000,9129
5,59,3540000,3546000,470,782,3600000,925
5,590,35400000,35406000,470,782,35460000,9144
5,591,35460000,35466000,470,782,35520000,9160
5,592,35520000,35526000,470,782,35580000,9175
5,593,35580000,35586000,470,782,35640000,9191
5,594,35640000,35646000,470,782,35700000,9206
5,595,35700000,35706000,470,782,35760000,9222
5,596,35760000,35766000,470,782,35820000,9237
5,597,35820000,35826000,470,782,35880000,9252
5,598,35880000,35886000,470,782,35940000,9267
5,599,35940000,35946000,470,782,36000000,9284
5,6,360000,366000,470,782,420000,103
5,60,3600000,3606000,470,782,3660000,940
5,600,36000000,36006000,470,782,36060000,9299
5,601,36060000,36066000,470,782,36120000,9314
5,602,36120000,36126000,470,782,36180000,9329
5,603,36180000,36186000,470,782,36240000,9345
5,604,36240000,36246000,470,782,36300000,9361
5,605,36300000,36306000,470,782,36360000,9377
5,606,36360000,36366000,470,782,36420000,9392
5,607,36420000,36426000,470,782,36480000,9408
5,608,36480000,36486000,470,782,36540000,9422
5,609,36540000,36546000,470,782,36600000,9439
5,61,3660000,3666000,470,782,3720000,956
5,610,36600000,36606000,470,782,36660000,9453
5,611,36660000,36666000,470,782,36720000,9469
5,612,36720000,36726000,470,782,36780000,9484
5,613,36780000,36786000,470,782,36840000,9500
5,614,36840000,36846000,470,782,36900000,9516
5,615,36900000,36906000,470,782,36960000,9531
5,616,36960000,36966000,470,782,37020000,9546
5,617,37020000,37026000,470,782,37080000,9562
5,618,37080000,37086000,470,782,37140000,9577
5,619,37140000,37146000,470,782,37200000,9594
5,62,3720000,3726000,470,782,3780000,970
5,620,37200000,37206000,470,782,37260000,9609
5,621,37260000,37266000,470,782,37320000,9625
5,622,37320000,37326000,470,782,37380000,9639
5,623,37380000,37386000,470,782,37440000,9654
5,624,37440000,37446000,470,782,37500000,9670
5,625,37500000,37506000,470,782,37560000,9686
5,626,37560000,37566000,470,782,37620000,9701
5,627,37620000,37626000,470,782,37680000,9717
5,628,37680000,37686000,470,782,37740000,9732
5,629,37740000,37746000,470,782,37800000,9748
5,63,3780000,3786000,470,782,3840000,986
5,630,37800000,37806000,470,782,37860000,9763
5,631,37860000,37866000,470,782,37920000,9779
5,632,37920000,37926000,470,782,37980000,9794
5,633,37980000,37986000,470,782,38040000,9810
5,634,38040000,38046000,470,782,38100000,9826
5,635,38100000,38106000,470,782,38160000,9842
5,636,38160000,38166000,470,782,38220000,9855
5,637,38220000,38226000,470,782,38280000,9871
5,638,38280000,38286000,470,782,38340000,9886
5,639,38340000,38346000,470,782,38400000,9903
5,64,3840000,3846000,470,782,3900000,1001
5,640,38400000,38406000,470,782,38460000,9918
5,641,38460000,38466000,470,782,38520000,9934
5,642,38520000,38526000,470,782,38580000,9949
5,643,38580000,38586000,470,782,38640000,9964
5,644,38640000,38646000,470,782,38700000,9980
5,645,38700000,38706000,470,782,38760000,9996
5,646,38760000,38766000,470,782,38820000,10011
5,647,38820000,38826000,470,782,38880000,10027
5,648,38880000,38886000,470,782,38940000,10042
5,649,38940000,38946000,470,782,39000000,10058
5,65,3900000,3906000,470,782,3960000,1017
5,650,39000000,39006000,470,782,39060000,10072
5,651,39060000,39066000,470,782,39120000,10088
5,652,39120000,39126000,470,782,39180000,10103
5,653,39180000,39186000,470,782,39240000,10119
5,654,39240000,39246000,470,782,39300000,10135
5,655,39300000,39306000,470,782,39360000,10151
5,656,39360000,39366000,470,782,39420000,10166
5,657,39420000,39426000,470,782,39480000,10181
5,658,39480000,39486000,470,782,39540000,10196
5,659,39540000,39546000,470,782,39600000,10213
5,66,3960000,3966000,470,782,4020000,1032
5,660,39600000,39606000,470,782,39660000,10228
5,661,39660000,39666000,470,782,39720000,10244
5,662,39720000,39726000,470,782,39780000,10258
5,663,39780000,39786000,470,782,39840000,10274
5,664,39840000,39846000,470,782,39900000,10289
5,665,39900000,39906000,470,782,39960000,10305
5,666,39960000,39966000,470,782,40020000,10320
5,667,40020000,40026000,470,782,40080000,10336
5,668,40080000,40086000,470,782,40140000,10351
5,669,40140000,40146000,470,782,40200000,10368
5,67,4020000,4026000,470,782,4080000,1048
5,670,40200000,40206000,470,782,40260000,10383
5,671,40260000,40266000,470,782,40320000,10398
5,672,40320000,40326000,470,782,40380000,10413
5,673,40380000,40386000,470,782,40440000,10429
5,674,40440000,40446000,470,782,40500000,10445
5,675,40500000,40506000,470,782,40560000,10460
5,676,40560000,40566000,470,782,40620000,10475
5,677,40620000,40626000,470,782,40680000,10491
5,678,40680000,40686000,470,782,40740000,10505
5,679,40740000,40746000,470,782,40800000,10522
5,68,4080000,4086000,470,782,4140000,1063
5,680,40800000,40806000,470,782,40860000,10537
5,681,40860000,40866000,470,782,40920000,10553
5,682,40920000,40926000,470,782,40980000,10568
5,683,40980000,40986000,470,782,41040000,10584
5,684,41040000,41046000,470,782,41100000,10600
5,685,41100000,41106000,470,782,41160000,10615
5,686,41160000,41166000,470,782,41220000,10630
5,687,41220000,41226000,470,782,41280000,10646
5,688,41280000,41286000,470,782,41340000,10660
5,689,41340000,41346000,470,782,41400000,10677
5,69,4140000,4146000,470,782,4200000,1079
5,690,41400000,41406000,470,782,41460000,10692
5,691,41460000,41466000,470,782,41520000,10708
5,692,41520000,41526000,470,782,41580000,10722
5,693,41580000,41586000,470,782,41640000,10738
5,694,41640000,41646000,470,782,41700000,10754
5,695,41700000,41706000,470,782,41760000,10770
5,696,41760000,41766000,470,782,41820000,10785
5,697,41820000,41826000,470,782,41880000,10801
5,698,41880000,41886000,470,782,41940000,10816
5,699,41940000,41946000,470,782,42000000,10832
5,7,420000,426000,470,782,480000,119
5,70,4200000,4206000,470,782,4260000,1094
5,700,42000000,42006000,470,782,42060000,10847
5,701,42060000,42066000,470,782,42120000,10862
5,702,42120000,42126000,470,782,42180000,10877
5,703,42180000,42186000,470,782,42240000,10893
5,704,42240000,42246000,470,782,42300000,10909
5,705,42300000,42306000,470,782,42360000,10925
5,706,42360000,42366000,470,782,42420000,10939
5,707,42420000,42426000,470,782,42480000,10955
5,708,42480000,42486000,470,782,42540000,10970
5,709,42540000,42546000,470,782,42600000,10987
5,71,4260000,4266000,470,782,4320000,1110
5,710,42600000,42606000,470,782,42660000,11002
5,711,42660000,42666000,470,782,42720000,11018
5,712,42720000,42726000,470,782,42780000,11033
5,713,42780000,42786000,470,782,42840000,11048
5,714,42840000,42846000,470,782,42900000,11063
5,715,42900000,42906000,470,782,42960000,11079
5,716,42960000,42966000,470,782,43020000,11094
5,717,43020000,43026000,470,782,43080000,11110
5,718,43080000,43086000,470,782,43140000,11125
5,719,43140000,43146000,470,782,43200000,11142
5,72,4320000,4326000,470,782,4380000,1125
5,720,43200000,43206000,470,782,43260000,11156
5,721,43260000,43266000,470,782,43320000,11172
5,722,43320000,43326000,470,782,43380000,11187
5,723,43380000,43386000,470,782,43440000,11203
5,724,43440000,43446000,470,782,43500000,11219
5,725,43500000,43506000,470,782,43560000,11235
5,726,43560000,43566000,470,782,43620000,11250
5,727,43620000,43626000,470,782,43680000,11264
5,728,43680000,43686000,470,782,43740000,11279
5,729,43740000,43746000,470,782,43800000,11296
5,73,4380000,4386000,470,782,4440000,1141
5,730,43800000,43806000,470,782,43860000,11311
5,731,43860000,43866000,470,782,43920000,11327
5,732,43920000,43926000,470,782,43980000,11342
5,733,43980000,43986000,470,782,44040000,11358
5,734,44040000,44046000,470,782,44100000,11373
5,735,44100000,44106000,470,782,44160000,11389
5,736,44160000,44166000,470,782,44220000,11404
5,737,44220000,44226000,470,782,44280000,11420
5,738,44280000,44286000,470,782,44340000,11435
5,739,44340000,44346000,470,782,44400000,11452
5,74,4440000,4446000,470,782,4500000,1157
5,740,44400000,44406000,470,782,44460000,11466
5,741,44460000,44466000,470,782,44520000,11481
5,742,44520000,44526000,470,782,44580000,11496
5,743,44580000,44586000,470,782,44640000,11512
5,744,44640000,44646000,470,782,44700000,11528
5,745,44700000,44706000,470,782,44760000,11544
5,746,44760000,44766000,470,782,44820000,11559
5,747,44820000,44826000,470,782,44880000,11575
5,748,44880000,44886000,470,782,44940000,11589
5,749,44940000,44946000,470,782,45000000,11606
5,75,4500000,4506000,470,782,4560000,1173
5,750,45000000,45006000,470,782,45060000,11621
5,751,45060000,45066000,470,782,45120000,11637
5,752,45120000,45126000,470,782,45180000,11652
5,753,45180000,45186000,470,782,45240000,11667
5,754,45240000,45246000,470,782,45300000,11683
5,755,45300000,45306000,470,782,45360000,11698
5,756,45360000,45366000,470,782,45420000,11713
5,757,45420000,45426000,470,782,45480000,11729
5,758,45480000,45486000,470,782,45540000,11744
5,759,45540000,45546000,470,782,45600000,11761
5,76,4560000,4566000,470,782,4620000,1187
5,760,45600000,45606000,470,782,45660000,11776
5,761,45660000,45666000,470,782,45720000,11792
5,762,45720000,45726000,470,782,45780000,11806
5,763,45780000,45786000,470,782,45840000,11822
5,764,45840000,45846000,470,782,45900000,11838
5,765,45900000,45906000,470,782,45960000,11854
5,766,45960000,45966000,470,782,46020000,11868
5,767,46020000,46026000,470,782,46080000,11884
5,768,46080000,46086000,470,782,46140000,11899
5,769,46140000,46146000,470,782,46200000,11915
5,77,4620000,4626000,470,782,4680000,1202
5,770,46200000,46206000,470,782,46260000,11930
5,771,46260000,46266000,470,782,46320000,11946
5,772,46320000,46326000,470,782,46380000,11961
5,773,46380000,46386000,470,782,46440000,11977
5,774,46440000,46446000,470,782,46500000,11993
5,775,46500000,46506000,470,782,46560000,12009
5,776,46560000,46566000,470,782,46620000,12023
5,777,46620000,46626000,470,782,46680000,12039
5,778,46680000,46686000,470,782,46740000,12054
5,779,46740000,46746000,470,782,46800000,12070
5,78,4680000,4686000,470,782,4740000,1217
5,780,46800000,46806000,470,782,46860000,12085
5,781,46860000,46866000,470,782,46920000,12101
5,782,46920000,46926000,470,782,46980000,12116
5,783,46980000,46986000,470,782,47040000,12131
5,784,47040000,47046000,470,782,47100000,12147
5,785,47100000,47106000,470,782,47160000,12163
5,786,47160000,47166000,470,782,47220000,12178
5,787,47220000,47226000,470,782,47280000,12194
5,788,47280000,47286000,470,782,47340000,12209
5,789,47340000,47346000,470,782,47400000,12226
5,79,4740000,4746000,470,782,4800000,1234
5,790,47400000,47406000,470,782,47460000,12240
5,791,47460000,47466000,470,782,47520000,12256
5,792,47520000,47526000,470,782,47580000,12270
5,793,47580000,47586000,470,782,47640000,12286
5,794,47640000,47646000,470,782,47700000,12302
5,795,47700000,47706000,470,782,47760000,12318
5,796,47760000,47766000,470,782,47820000,12333
5,797,47820000,47826000,470,782,47880000,12348
5,798,47880000,47886000,470,782,47940000,12363
5,799,47940000,47946000,470,782,48000000,12380
5,8,480000,486000,470,782,540000,134
5,80,4800000,4806000,470,782,4860000,1249
5,800,48000000,48006000,470,782,48060000,12395
5,801,48060000,48066000,470,782,48120000,12411
5,802,48120000,48126000,470,782,48180000,12426
5,803,48180000,48186000,470,782,48240000,12442
5,804,48240000,48246000,470,782,48300000,12457
5,805,48300000,48306000,470,782,48360000,12472
5,806,48360000,48366000,470,782,48420000,12487
5,807,48420000,48426000,470,782,48480000,12503
5,808,48480000,48486000,470,782,48540000,12518
5,809,48540000,48546000,470,782,48600000,12535
5,81,4860000,4866000,470,782,4920000,1265
5,810,48600000,48606000,470,782,48660000,12550
5,811,48660000,48666000,470,782,48720000,12565
5,812,48720000,48726000,470,782,48780000,12580
5,813,48780000,48786000,470,782,48840000,12596
5,814,48840000,48846000,470,782,48900000,12612
5,815,48900000,48906000,470,782,48960000,12628
5,816,48960000,48966000,470,782,49020000,12643
5,817,49020000,49026000,470,782,49080000,12659
5,818,49080000,49086000,470,782,49140000,12672
5,819,49140000,49146000,470,782,49200000,12689
5,82,4920000,4926000,470,782,4980000,1280
5,820,49200000,49206000,470,782,49260000,12704
5,821,49260000,49266000,470,782,49320000,12720
5,822,49320000,49326000,470,782,49380000,12735
5,823,49380000,49386000,470,782,49440000,12751
5,824,49440000,49446000,470,782,49500000,12767
5,825,49500000,49506000,470,782,49560000,12782
5,826,49560000,49566000,470,782,49620000,12797
5,827,49620000,49626000,470,782,49680000,12813
5,828,49680000,49686000,470,782,49740000,12828
5,829,49740000,49746000,470,782,49800000,12845
5,83,4980000,4986000,470,782,5040000,1295
5,830,49800000,49806000,470,782,49860000,12860
5,831,49860000,49866000,470,782,49920000,12875
5,832,49920000,49926000,470,782,49980000,12889
5,833,49980000,49986000,470,782,50040000,12905
5,834,50040000,50046000,470,782,50100000,12921
5,835,50100000,50106000,470,782,50160000,12937
5,836,50160000,50166000,470,782,50220000,12952
5,837,50220000,50226000,470,782,50280000,12968
5,838,50280000,50286000,470,782,50340000,12983
5,839,50340000,50346000,470,782,50400000,12999
5,84,5040000,5046000,470,782,5100000,1311
5,840,50400000,50406000,470,782,50460000,13014
5,841,50460000,50466000,470,782,50520000,13030
5,842,50520000,50526000,470,782,50580000,13045
5,843,50580000,50586000,470,782,50640000,13061
5,844,50640000,50646000,470,782,50700000,13076
5,845,50700000,50706000,470,782,50760000,13092
5,846,50760000,50766000,470,782,50820000,13106
5,847,50820000,50826000,470,782,50880000,13122
5,848,50880000,50886000,470,782,50940000,13137
5,849,50940000,50946000,470,782,51000000,13154
5,85,5100000,5106000,470,782,5160000,1327
5,850,51000000,51006000,470,782,51060000,13169
5,851,51060000,51066000,470,782,51120000,13185
5,852,51120000,51126000,470,782,51180000,13200
5,853,51180000,51186000,470,782,51240000,13215
5,854,51240000,51246000,470,782,51300000,13231
5,855,51300000,51306000,470,782,51360000,13247
5,856,51360000,51366000,470,782,51420000,13262
5,857,51420000,51426000,470,782,51480000,13277
5,858,51480000,51486000,470,782,51540000,13292
5,859,51540000,51546000,470,782,51600000,13309
5,86,5160000,5166000,470,782,5220000,1342
5,860,51600000,51606000,470,782,51660000,13323
5,861,51660000,51666000,470,782,51720000,13339
5,862,51720000,51726000,470,782,51780000,13354
5,863,51780000,51786000,470,782,51840000,13370
5,864,51840000,51846000,470,782,51900000,13386
5,865,51900000,51906000,470,782,51960000,13402
5,866,51960000,51966000,470,782,52020000,13417
5,867,52020000,52026000,470,782,52080000,13432
5,868,52080000,52086000,470,782,52140000,13447
5,869,52140000,52146000,470,782,52200000,13464
5,87,5220000,5226000,470,782,5280000,1358
5,870,52200000,52206000,470,782,52260000,13478
5,871,52260000,52266000,470,782,52320000,13494
5,872,52320000,52326000,470,782,52380000,13509
5,873,52380000,52386000,470,782,52440000,13525
5,874,52440000,52446000,470,782,52500000,13540
5,875,52500000,52506000,470,782,52560000,13556
5,876,52560000,52566000,470,782,52620000,13571
5,877,52620000,52626000,470,782,52680000,13587
5,878,52680000,52686000,470,782,52740000,13602
5,879,52740000,52746000,470,782,52800000,13619
5,88,5280000,5286000,470,782,5340000,1373
5,880,52800000,52806000,470,782,52860000,13634
5,881,52860000,52866000,470,782,52920000,13649
5,882,52920000,52926000,470,782,52980000,13664
5,883,52980000,52986000,470,782,53040000,13679
5,884,53040000,53046000,470,782,53100000,13695
5,885,53100000,53106000,470,782,53160000,13711
5,886,53160000,53166000,470,782,53220000,13726
5,887,53220000,53226000,470,782,53280000,13742
5,888,53280000,53286000,470,782,53340000,13756
5,889,53340000,53346000,470,782,53400000,13773
5,89,5340000,5346000,470,782,5400000,1390
5,890,53400000,53406000,470,782,53460000,13788
5,891,53460000,53466000,470,782,53520000,13804
5,892,53520000,53526000,470,782,53580000,13819
5,893,53580000,53586000,470,782,53640000,13835
5,894,53640000,53646000,470,782,53700000,13851
5,895,53700000,53706000,470,782,53760000,13866
5,896,53760000,53766000,470,782,53820000,13880
5,897,53820000,53826000,470,782,53880000,13896
5,898,53880000,53886000,470,782,53940000,13911
5,899,53940000,53946000,470,782,54000000,13928
5,9,540000,546000,470,782,600000,151
5,90,5400000,5406000,470,782,5460000,1403
5,900,54000000,54006000,470,782,54060000,13943
5,901,54060000,54066000,470,782,54120000,13959
5,902,54120000,54126000,470,782,54180000,13973
5,903,54180000,54186000,470,782,54240000,13989
5,904,54240000,54246000,470,782,54300000,14005
5,905,54300000,54306000,470,782,54360000,14021
5,906,54360000,54366000,470,782,54420000,14036
5,907,54420000,54426000,470,782,54480000,14052
5,908,54480000,54486000,470,782,54540000,14067
5,909,54540000,54546000,470,782,54600000,14082
5,91,5460000,5466000,470,782,5520000,1419
5,910,54600000,54606000,470,782,54660000,14097
5,911,54660000,54666000,470,782,54720000,14113
5,912,54720000,54726000,470,782,54780000,14128
5,913,54780000,54786000,470,782,54840000,14144
5,914,54840000,54846000,470,782,54900000,14160
5,915,54900000,54906000,470,782,54960000,14176
5,916,54960000,54966000,470,782,55020000,14190
5,917,55020000,55026000,470,782,55080000,14206
5,918,55080000,55086000,470,782,55140000,14221
5,919,55140000,55146000,470,782,55200000,14238
5,92,5520000,5526000,470,782,5580000,1434
5,920,55200000,55206000,470,782,55260000,14253
5,921,55260000,55266000,470,782,55320000,14269
5,922,55320000,55326000,470,782,55380000,14283
5,923,55380000,55386000,470,782,55440000,14298
5,924,55440000,55446000,470,782,55500000,14314
5,925,55500000,55506000,470,782,55560000,14330
5,926,55560000,55566000,470,782,55620000,14345
5,927,55620000,55626000,470,782,55680000,14361
5,928,55680000,55686000,470,782,55740000,14376
5,929,55740000,55746000,470,782,55800000,14393
5,93,5580000,5586000,470,782,5640000,1450
5,930,55800000,55806000,470,782,55860000,14407
5,931,55860000,55866000,470,782,55920000,14423
5,932,55920000,55926000,470,782,55980000,14438
5,933,55980000,55986000,470,782,56040000,14454
5,934,56040000,56046000,470,782,56100000,14470
5,935,56100000,56106000,470,782,56160000,14485
5,936,56160000,56166000,470,782,56220000,14500
5,937,56220000,56226000,470,782,56280000,14515
5,938,56280000,56286000,470,782,56340000,14530
5,939,56340000,56346000,470,782,56400000,14547
5,94,5640000,5646000,470,782,5700000,1466
5,940,56400000,56406000,470,782,56460000,14562
5,941,56460000,56466000,470,782,56520000,14578
5,942,56520000,56526000,470,782,56580000,14593
5,943,56580000,56586000,470,782,56640000,14609
5,944,56640000,56646000,470,782,56700000,14624
5,945,56700000,56706000,470,782,56760000,14640
5,946,56760000,56766000,470,782,56820000,14655
5,947,56820000,56826000,470,782,56880000,14671
5,948,56880000,56886000,470,782,56940000,14685
5,949,56940000,56946000,470,782,57000000,14702
5,95,5700000,5706000,470,782,5760000,1482
5,950,57000000,57006000,470,782,57060000,14717
5,951,57060000,57066000,470,782,57120000,14732
5,952,57120000,57126000,470,782,57180000,14747
5,953,57180000,57186000,470,782,57240000,14763
5,954,57240000,57246000,470,782,57300000,14779
5,955,57300000,57306000,470,782,57360000,14795
5,956,57360000,57366000,470,782,57420000,14810
5,957,57420000,57426000,470,782,57480000,14826
5,958,57480000,57486000,470,782,57540000,14840
5,959,57540000,57546000,470,782,57600000,14857
5,96,5760000,5766000,470,782,5820000,1497
5,960,57600000,57606000,470,782,57660000,14872
5,961,57660000,57666000,470,782,57720000,14887
5,962,57720000,57726000,470,782,57780000,14902
5,963,57780000,57786000,470,782,57840000,14918
5,964,57840000,57846000,470,782,57900000,14934
5,965,57900000,57906000,470,782,57960000,14949
5,966,57960000,57966000,470,782,58020000,14964
5,967,58020000,58026000,470,782,58080000,14980
5,968,58080000,58086000,470,782,58140000,14995
5,969,58140000,58146000,470,782,58200000,15012
5,97,5820000,5826000,470,782,5880000,1512
5,970,58200000,58206000,470,782,58260000,15027
5,971,58260000,58266000,470,782,58320000,15043
5,972,58320000,58326000,470,782,58380000,15057
5,973,58380000,58386000,470,782,58440000,15073
5,974,58440000,58446000,470,782,58500000,15088
5,975,58500000,58506000,470,782,58560000,15104
5,976,58560000,58566000,470,782,58620000,15119
5,977,58620000,58626000,470,782,58680000,15135
5,978,58680000,58686000,470,782,58740000,15150
5,979,58740000,58746000,470,782,58800000,15166
5,98,5880000,5886000,470,782,5940000,1527
5,980,58800000,58806000,470,782,58860000,15181
5,981,58860000,58866000,470,782,58920000,15197
5,982,58920000,58926000,470,782,58980000,15212
5,983,58980000,58986000,470,782,59040000,15228
5,984,59040000,59046000,470,782,59100000,15244
5,985,59100000,59106000,470,782,59160000,15260
5,986,59160000,59166000,470,782,59220000,15274
5,987,59220000,59226000,470,782,59280000,15289
5,988,59280000,59286000,470,782,59340000,15304
5,989,59340000,59346000,470,782,59400000,15321
5,99,5940000,5946000,470,782,6000000,1544
5,990,59400000,59406000,470,782,59460000,15336
5,991,59460000,59466000,470,782,59520000,15352
5,992,59520000,59526000,470,782,59580000,15367
5,993,59580000,59586000,470,782,59640000,15382
5,994,59640000,59646000,470,782,59700000,15398
5,995,59700000,59706000,470,782,59760000,15414
5,996,59760000,59766000,470,782,59820000,15429
5,997,59820000,59826000,470,782,59880000,15445
5,998,59880000,59886000,470,782,59940000,15460
5,999,59940000,59946000,470,782,60000000,15477
6,0,0,6000,19828,33046,60000,11
6,1,60000,66000,19828,33046,120000,27
6,10,600000,606000,19828,33046,660000,167
6,100,6000000,6006000,19828,33046,6060000,1560
6,1000,60000000,60006000,19828,33046,60060000,15491
6,1001,60060000,60066000,19828,33046,60120000,15507
6,1002,60120000,60126000,19828,33046,60180000,15522
6,1003,60180000,60186000,19828,33046,60240000,15538
6,1004,60240000,60246000,19828,33046,60300000,15554
6,1005,60300000,60306000,19828,33046,60360000,15570
6,1006,60360000,60366000,19828,33046,60420000,15585
6,1007,60420000,60426000,19828,33046,60480000,15600
6,1008,60480000,60486000,19828,33046,60540000,15615
6,1009,60540000,60546000,19828,33046,60600000,15632
6,101,6060000,6066000,19828,33046,6120000,1576
6,1010,60600000,60606000,19828,33046,60660000,15647
6,1011,60660000,60666000,19828,33046,60720000,15663
6,1012,60720000,60726000,19828,33046,60780000,15678
6,1013,60780000,60786000,19828,33046,60840000,15693
6,1014,60840000,60846000,19828,33046,60900000,15708
6,1015,60900000,60906000,19828,33046,60960000,15724
6,1016,60960000,60966000,19828,33046,61020000,15739
6,1017,61020000,61026000,19828,33046,61080000,15755
6,1018,61080000,61086000,19828,33046,61140000,15770
6,1019,61140000,61146000,19828,33046,61200000,15787
6,102,6120000,6126000,19828,33046,6180000,1591
6,1020,61200000,61206000,19828,33046,61260000,15802
6,1021,61260000,61266000,19828,33046,61320000,15817
6,1022,61320000,61326000,19828,33046,61380000,15832
6,1023,61380000,61386000,19828,33046,61440000,15848
6,1024,61440000,61446000,19828,33046,61500000,15864
6,1025,61500000,61506000,19828,33046,61560000,15880
6,1026,61560000,61566000,19828,33046,61620000,15894
6,1027,61620000,61626000,19828,33046,61680000,15910
6,1028,61680000,61686000,19828,33046,61740000,15924
6,1029,61740000,61746000,19828,33046,61800000,15941
6,103,6180000,6186000,19828,33046,6240000,1606
6,1030,61800000,61806000,19828,33046,61860000,15956
6,1031,61860000,61866000,19828,33046,61920000,15972
6,1032,61920000,61926000,19828,33046,61980000,15987
6,1033,61980000,61986000,19828,33046,62040000,16003
6,1034,62040000,62046000,19828,33046,62100000,16019
6,1035,62100000,62106000,19828,33046,62160000,16034
6,1036,62160000,62166000,19828,33046,62220000,16049
6,1037,62220000,62226000,19828,33046,62280000,16065
6,1038,62280000,62286000,19828,33046,62340000,16080
6,1039,62340000,62346000,19828,33046,62400000,16096
6,104,6240000,6246000,19828,33046,6300000,1621
6,1040,62400000,62406000,19828,33046,62460000,16111
6,1041,62460000,62466000,19828,33046,62520000,16127
6,1042,62520000,62526000,19828,33046,62580000,16141
6,1043,62580000,62586000,19828,33046,62640000,16157
6,1044,62640000,62646000,19828,33046,62700000,16173
6,1045,62700000,62706000,19828,33046,62760000,16189
6,1046,62760000,62766000,19828,33046,62820000,16204
6,1047,62820000,62826000,19828,33046,62880000,16220
6,1048,62880000,62886000,19828,33046,62940000,16235
6,1049,62940000,62946000,19828,33046,63000000,16251
6,105,6300000,6306000,19828,33046,6360000,1637
6,1050,63000000,63006000,19828,33046,63060000,16266
6,1051,63060000,63066000,19828,33046,63120000,16282
6,1052,63120000,63126000,19828,33046,63180000,16296
6,1053,63180000,63186000,19828,33046,63240000,16312
6,1054,63240000,63246000,19828,33046,63300000,16328
6,1055,63300000,63306000,19828,33046,63360000,16344
6,1056,63360000,63366000,19828,33046,63420000,16358
6,1057,63420000,63426000,19828,33046,63480000,16374
6,1058,63480000,63486000,19828,33046,63540000,16389
6,1059,63540000,63546000,19828,33046,63600000,16406
6,106,6360000,6366000,19828,33046,6420000,1652
6,1060,63600000,63606000,19828,33046,63660000,16421
6,1061,63660000,63666000,19828,33046,63720000,16437
6,1062,63720000,63726000,19828,33046,63780000,16452
6,1063,63780000,63786000,19828,33046,63840000,16467
6,1064,63840000,63846000,19828,33046,63900000,16483
6,1065,63900000,63906000,19828,33046,63960000,16498
6,1066,63960000,63966000,19828,33046,64020000,16513
6,1067,64020000,64026000,19828,33046,64080000,16529
6,1068,64080000,64086000,19828,33046,64140000,16544
6,1069,64140000,64146000,19828,33046,64200000,16561
6,107,6420000,6426000,19828,33046,6480000,1668
6,1070,64200000,64206000,19828,33046,64260000,16575
6,1071,64260000,64266000,19828,33046,64320000,16591
6,1072,64320000,64326000,19828,33046,64380000,16606
6,1073,64380000,64386000,19828,33046,64440000,16622
6,1074,64440000,64446000,19828,33046,64500000,16638
6,1075,64500000,64506000,19828,33046,64560000,16654
6,1076,64560000,64566000,19828,33046,64620000,16669
6,1077,64620000,64626000,19828,33046,64680000,16684
6,1078,64680000,64686000,19828,33046,64740000,16698
6,1079,64740000,64746000,19828,33046,64800000,16715
6,108,6480000,6486000,19828,33046,6540000,1683
6,1080,64800000,64806000,19828,33046,64860000,16730
6,1081,64860000,64866000,19828,33046,64920000,16746
6,1082,64920000,64926000,19828,33046,64980000,16761
6,1083,64980000,64986000,19828,33046,65040000,16777
6,1084,65040000,65046000,19828,33046,65100000,16792
6,1085,65100000,65106000,19828,33046,65160000,16808
6,1086,65160000,65166000,19828,33046,65220000,16823
6,1087,65220000,65226000,19828,33046,65280000,16839
6,1088,65280000,65286000,19828,33046,65340000,16854
6,1089,65340000,65346000,19828,33046,65400000,16871
6,109,6540000,6546000,19828,33046,6600000,1700
6,1090,65400000,65406000,19828,33046,65460000,16886
6,1091,65460000,65466000,19828,33046,65520000,16900
6,1092,65520000,65526000,19828,33046,65580000,16915
6,1093,65580000,65586000,19828,33046,65640000,16931
6,1094,65640000,65646000,19828,33046,65700000,16947
6,1095,65700000,65706000,19828,33046,65760000,16963
6,1096,65760000,65766000,19828,33046,65820000,16978
6,1097,65820000,65826000,19828,33046,65880000,16994
6,1098,65880000,65886000,19828,33046,65940000,17008
6,1099,65940000,65946000,19828,33046,66000000,17025
6,11,660000,666000,19828,33046,720000,183
6,110,6600000,6606000,19828,33046,6660000,1715
6,1100,66000000,66006000,19828,33046,66060000,17040
6,1101,66060000,66066000,19828,33046,66120000,17056
6,1102,66120000,66126000,19828,33046,66180000,17071
6,1103,66180000,66186000,19828,33046,66240000,17087
6,1104,66240000,66246000,19828,33046,66300000,17102
6,1105,66300000,66306000,19828,33046,66360000,17117
6,1106,66360000,66366000,19828,33046,66420000,17132
6,1107,66420000,66426000,19828,33046,66480000,17148
6,1108,66480000,66486000,19828,33046,66540000,17163
6,1109,66540000,66546000,19828,33046,66600000,17180
6,111,6660000,6666000,19828,33046,6720000,1730
6,1110,66600000,66606000,19828,33046,66660000,17195
6,1111,66660000,66666000,19828,33046,66720000,17211
6,1112,66720000,66726000,19828,33046,66780000,17225
6,1113,66780000,66786000,19828,33046,66840000,17241
6,1114,66840000,66846000,19828,33046,66900000,17257
6,1115,66900000,66906000,19828,33046,66960000,17273
6,1116,66960000,66966000,19828,33046,67020000,17288
6,1117,67020000,67026000,19828,33046,67080000,17303
6,1118,67080000,67086000,19828,33046,67140000,17318
6,1119,67140000,67146000,19828,33046,67200000,17334
6,112,6720000,6726000,19828,33046,6780000,1745
6,1120,67200000,67206000,19828,33046,67260000,17349
6,1121,67260000,67266000,19828,33046,67320000,17365
6,1122,67320000,67326000,19828,33046,67380000,17380
6,1123,67380000,67386000,19828,33046,67440000,17396
6,1124,67440000,67446000,19828,33046,67500000,17412
6,1125,67500000,67506000,19828,33046,67560000,17428
6,1126,67560000,67566000,19828,33046,67620000,17442
6,1127,67620000,67626000,19828,33046,67680000,17458
6,1128,67680000,67686000,19828,33046,67740000,17473
6,1129,67740000,67746000,19828,33046,67800000,17490
6,113,6780000,6786000,19828,33046,6840000,1761
6,1130,67800000,67806000,19828,33046,67860000,17504
6,1131,67860000,67866000,19828,33046,67920000,17520
6,1132,67920000,67926000,19828,33046,67980000,17535
6,1133,67980000,67986000,19828,33046,68040000,17550
6,1134,68040000,68046000,19828,33046,68100000,17566
6,1135,68100000,68106000,19828,33046,68160000,17582
6,1136,68160000,68166000,19828,33046,68220000,17597
6,1137,68220000,68226000,19828,33046,68280000,17613
6,1138,68280000,68286000,19828,33046,68340000,17628
6,1139,68340000,68346000,19828,33046,68400000,17645
6,114,6840000,6846000,19828,33046,6900000,1777
6,1140,68400000,68406000,19828,33046,68460000,17659
6,1141,68460000,68466000,19828,33046,68520000,17675
6,1142,68520000,68526000,19828,33046,68580000,17690
6,1143,68580000,68586000,19828,33046,68640000,17705
6,1144,68640000,68646000,19828,33046,68700000,17721
6,1145,68700000,68706000,19828,33046,68760000,17737
6,1146,68760000,68766000,19828,33046,68820000,17752
6,1147,68820000,68826000,19828,33046,68880000,17767
6,1148,68880000,68886000,19828,33046,68940000,17782
6,1149,68940000,68946000,19828,33046,69000000,17799
6,115,6900000,6906000,19828,33046,6960000,1793
6,1150,69000000,69006000,19828,33046,69060000,17814
6,1151,69060000,69066000,19828,33046,69120000,17830
6,1152,69120000,69126000,19828,33046,69180000,17845
6,1153,69180000,69186000,19828,33046,69240000,17861
6,1154,69240000,69246000,19828,33046,69300000,17876
6,1155,69300000,69306000,19828,33046,69360000,17892
6,1156,69360000,69366000,19828,33046,69420000,17906
6,1157,69420000,69426000,19828,33046,69480000,17922
6,1158,69480000,69486000,19828,33046,69540000,17937
6,1159,69540000,69546000,19828,33046,69600000,17954
6,116,6960000,6966000,19828,33046,7020000,1807
6,1160,69600000,69606000,19828,33046,69660000,17969
6,1161,69660000,69666000,19828,33046,69720000,17984
6,1162,69720000,69726000,19828,33046,69780000,17999
6,1163,69780000,69786000,19828,33046,69840000,18015
6,1164,69840000,69846000,19828,33046,69900000,18031
6,1165,69900000,69906000,19828,33046,69960000,18047
6,1166,69960000,69966000,19828,33046,70020000,18062
6,1167,70020000,70026000,19828,33046,70080000,18078
6,1168,70080000,70086000,19828,33046,70140000,18092
6,1169,70140000,70146000,19828,33046,70200000,18108
6,117,7020000,7026000,19828,33046,7080000,1823
6,1170,70200000,70206000,19828,33046,70260000,18123
6,1171,70260000,70266000,19828,33046,70320000,18139
6,1172,70320000,70326000,19828,33046,70380000,18154
6,1173,70380000,70386000,19828,33046,70440000,18170
6,1174,70440000,70446000,19828,33046,70500000,18186
6,1175,70500000,70506000,19828,33046,70560000,18201
6,1176,70560000,70566000,19828,33046,70620000,18216
6,1177,70620000,70626000,19828,33046,70680000,18232
6,1178,70680000,70686000,19828,33046,70740000,18247
6,1179,70740000,70746000,19828,33046,70800000,18264
6,118,7080000,7086000,19828,33046,7140000,1837
6,1180,70800000,70806000,19828,33046,70860000,18279
6,1181,70860000,70866000,19828,33046,70920000,18295
6,1182,70920000,70926000,19828,33046,70980000,18308
6,1183,70980000,70986000,19828,33046,71040000,18324
6,1184,71040000,71046000,19828,33046,71100000,18340
6,1185,71100000,71106000,19828,33046,71160000,18356
6,1186,71160000,71166000,19828,33046,71220000,18371
6,1187,71220000,71226000,19828,33046,71280000,18387
6,1188,71280000,71286000,19828,33046,71340000,18402
6,1189,71340000,71346000,19828,33046,71400000,18418
6,119,7140000,7146000,19828,33046,7200000,1854
6,1190,71400000,71406000,19828,33046,71460000,18433
6,1191,71460000,71466000,19828,33046,71520000,18449
6,1192,71520000,71526000,19828,33046,71580000,18464
6,1193,71580000,71586000,19828,33046,71640000,18480
6,1194,71640000,71646000,19828,33046,71700000,18496
6,1195,71700000,71706000,19828,33046,71760000,18511
6,1196,71760000,71766000,19828,33046,71820000,18525
6,1197,71820000,71826000,19828,33046,71880000,18541
6,1198,71880000,71886000,19828,33046,71940000,18556
6,1199,71940000,71946000,19828,33046,72000000,18573
6,12,720000,726000,19828,33046,780000,197
6,120,7200000,7206000,19828,33046,7260000,1869
6,1200,72000000,72006000,19828,33046,72060000,18588
6,1201,72060000,72066000,19828,33046,72120000,18604
6,1202,72120000,72126000,19828,33046,72180000,18619
6,1203,72180000,72186000,19828,33046,72240000,18634
6,1204,72240000,72246000,19828,33046,72300000,18650
6,1205,72300000,72306000,19828,33046,72360000,18666
6,1206,72360000,72366000,19828,33046,72420000,18681
6,1207,72420000,72426000,19828,33046,72480000,18697
6,1208,72480000,72486000,19828,33046,72540000,18711
6,1209,72540000,72546000,19828,33046,72600000,18728
6,121,7260000,7266000,19828,33046,7320000,1885
6,1210,72600000,72606000,19828,33046,72660000,18742
6,1211,72660000,72666000,19828,33046,72720000,18758
6,1212,72720000,72726000,19828,33046,72780000,18773
6,1213,72780000,72786000,19828,33046,72840000,18789
6,1214,72840000,72846000,19828,33046,72900000,18805
6,1215,72900000,72906000,19828,33046,72960000,18821
6,1216,72960000,72966000,19828,33046,73020000,18836
6,1217,73020000,73026000,19828,33046,73080000,18851
6,1218,73080000,73086000,19828,33046,73140000,18866
6,1219,73140000,73146000,19828,33046,73200000,18883
6,122,7320000,7326000,19828,33046,7380000,1900
6,1220,73200000,73206000,19828,33046,73260000,18898
6,1221,73260000,73266000,19828,33046,73320000,18913
6,1222,73320000,73326000,19828,33046,73380000,18928
6,1223,73380000,73386000,19828,33046,73440000,18944
6,1224,73440000,73446000,19828,33046,73500000,18959
6,1225,73500000,73506000,19828,33046,73560000,18975
6,1226,73560000,73566000,19828,33046,73620000,18990
6,1227,73620000,73626000,19828,33046,73680000,19006
6,1228,73680000,73686000,19828,33046,73740000,19021
6,1229,73740000,73746000,19828,33046,73800000,19038
6,123,7380000,7386000,19828,33046,7440000,1916
6,1230,73800000,73806000,19828,33046,73860000,19053
6,1231,73860000,73866000,19828,33046,73920000,19068
6,1232,73920000,73926000,19828,33046,73980000,19083
6,1233,73980000,73986000,19828,33046,74040000,19099
6,1234,74040000,74046000,19828,33046,74100000,19114
6,1235,74100000,74106000,19828,33046,74160000,19130
6,1236,74160000,74166000,19828,33046,74220000,19145
6,1237,74220000,74226000,19828,33046,74280000,19161
6,1238,74280000,74286000,19828,33046,74340000,19175
6,1239,74340000,74346000,19828,33046,74400000,19192
6,124,7440000,7446000,19828,33046,7500000,1932
6,1240,74400000,74406000,19828,33046,74460000,19207
6,1241,74460000,74466000,19828,33046,74520000,19223
6,1242,74520000,74526000,19828,33046,74580000,19238
6,1243,74580000,74586000,19828,33046,74640000,19254
6,1244,74640000,74646000,19828,33046,74700000,19270
6,1245,74700000,74706000,19828,33046,74760000,19285
6,1246,74760000,74766000,19828,33046,74820000,19300
6,1247,74820000,74826000,19828,33046,74880000,19315
6,1248,74880000,74886000,19828,33046,74940000,19330
6,1249,74940000,74946000,19828,33046,75000000,19347
6,125,7500000,7506000,19828,33046,7560000,1947
6,1250,75000000,75006000,19828,33046,75060000,19362
6,1251,75060000,75066000,19828,33046,75120000,19378
6,1252,75120000,75126000,19828,33046,75180000,19392
6,1253,75180000,75186000,19828,33046,75240000,19408
6,1254,75240000,75246000,19828,33046,75300000,19424
6,1255,75300000,75306000,19828,33046,75360000,19440
6,1256,75360000,75366000,19828,33046,75420000,19455
6,1257,75420000,75426000,19828,33046,75480000,19471
6,1258,75480000,75486000,19828,33046,75540000,19486
6,1259,75540000,75546000,19828,33046,75600000,19502
6,126,7560000,7566000,19828,33046,7620000,1962
6,1260,75600000,75606000,19828,33046,75660000,19516
6,1261,75660000,75666000,19828,33046,75720000,19532
6,1262,75720000,75726000,19828,33046,75780000,19547
6,1263,75780000,75786000,19828,33046,75840000,19563
6,1264,75840000,75846000,19828,33046,75900000,19579
6,1265,75900000,75906000,19828,33046,75960000,19595
6,1266,75960000,75966000,19828,33046,76020000,19609
6,1267,76020000,76026000,19828,33046,76080000,19625
6,1268,76080000,76086000,19828,33046,76140000,19640
6,1269,76140000,76146000,19828,33046,76200000,19657
6,127,7620000,7626000,19828,33046,7680000,1978
6,1270,76200000,76206000,19828,33046,76260000,19672
6,1271,76260000,76266000,19828,33046,76320000,19688
6,1272,76320000,76326000,19828,33046,76380000,19703
6,1273,76380000,76386000,19828,33046,76440000,19717
6,1274,76440000,76446000,19828,33046,76500000,19733
6,1275,76500000,76506000,19828,33046,76560000,19749
6,1276,76560000,76566000,19828,33046,76620000,19764
6,1277,76620000,76626000,19828,33046,76680000,19780
6,1278,76680000,76686000,19828,33046,76740000,19795
6,1279,76740000,76746000,19828,33046,76800000,19812
6,128,7680000,7686000,19828,33046,7740000,1993
6,1280,76800000,76806000,19828,33046,76860000,19826
6,1281,76860000,76866000,19828,33046,76920000,19842
6,1282,76920000,76926000,19828,33046,76980000,19857
6,1283,76980000,76986000,19828,33046,77040000,19873
6,1284,77040000,77046000,19828,33046,77100000,19889
6,1285,77100000,77106000,19828,33046,77160000,19905
6,1286,77160000,77166000,19828,33046,77220000,19919
6,1287,77220000,77226000,19828,33046,77280000,19934
6,1288,77280000,77286000,19828,33046,77340000,19949
6,1289,77340000,77346000,19828,33046,77400000,19966
6,129,7740000,7746000,19828,33046,7800000,2009
6,1290,77400000,77406000,19828,33046,77460000,19981
6,1291,77460000,77466000,19828,33046,77520000,19997
6,1292,77520000,77526000,19828,33046,77580000,20012
6,1293,77580000,77586000,19828,33046,77640000,20028
6,1294,77640000,77646000,19828,33046,77700000,20043
6,1295,77700000,77706000,19828,33046,77760000,20059
6,1296,77760000,77766000,19828,33046,77820000,20074
6,1297,77820000,77826000,19828,33046,77880000,20090
6,1298,77880000,77886000,19828,33046,77940000,20105
6,1299,77940000,77946000,19828,33046,78000000,20121
6,13,780000,786000,19828,33046,840000,212
6,130,7800000,7806000,19828,33046,7860000,2024
6,1300,78000000,78006000,19828,33046,78060000,20136
6,1301,78060000,78066000,19828,33046,78120000,20151
6,1302,78120000,78126000,19828,33046,78180000,20166
6,1303,78180000,78186000,19828,33046,78240000,20182
6,1304,78240000,78246000,19828,33046,78300000,20198
6,1305,78300000,78306000,19828,33046,78360000,20214
6,1306,78360000,78366000,19828,33046,78420000,20229
6,1307,78420000,78426000,19828,33046,78480000,20245
6,1308,78480000,78486000,19828,33046,78540000,20259
6,1309,78540000,78546000,19828,33046,78600000,20276
6,131,7860000,7866000,19828,33046,7920000,2040
6,1310,78600000,78606000,19828,33046,78660000,20291
6,1311,78660000,78666000,19828,33046,78720000,20307
6,1312,78720000,78726000,19828,33046,78780000,20321
6,1313,78780000,78786000,19828,33046,78840000,20337
6,1314,78840000,78846000,19828,33046,78900000,20353
6,1315,78900000,78906000,19828,33046,78960000,20368
6,1316,78960000,78966000,19828,33046,79020000,20383
6,1317,79020000,79026000,19828,33046,79080000,20399
6,1318,79080000,79086000,19828,33046,79140000,20414
6,1319,79140000,79146000,19828,33046,79200000,20431
6,132,7920000,7926000,19828,33046,7980000,2054
6,1320,79200000,79206000,19828,33046,79260000,20446
6,1321,79260000,79266000,19828,33046,79320000,20462
6,1322,79320000,79326000,19828,33046,79380000,20476
6,1323,79380000,79386000,19828,33046,79440000,20492
6,1324,79440000,79446000,19828,33046,79500000,20508
6,1325,79500000,79506000,19828,33046,79560000,20523
6,1326,79560000,79566000,19828,33046,79620000,20538
6,1327,79620000,79626000,19828,33046,79680000,20554
6,1328,79680000,79686000,19828,33046,79740000,20569
6,1329,79740000,79746000,19828,33046,79800000,20585
6,133,7980000,7986000,19828,33046,8040000,2070
6,1330,79800000,79806000,19828,33046,79860000,20600
6,1331,79860000,79866000,19828,33046,79920000,20616
6,1332,79920000,79926000,19828,33046,79980000,20631
6,1333,79980000,79986000,19828,33046,80040000,20647
6,1334,80040000,80046000,19828,33046,80100000,20663
6,1335,80100000,80106000,19828,33046,80160000,20679
6,1336,80160000,80166000,19828,33046,80220000,20693
6,1337,80220000,80226000,19828,33046,80280000,20709
6,1338,80280000,80286000,19828,33046,80340000,20723
6,1339,80340000,80346000,19828,33046,80400000,20740
6,134,8040000,8046000,19828,33046,8100000,2086
6,1340,80400000,80406000,19828,33046,80460000,20755
6,1341,80460000,80466000,19828,33046,80520000,20771
6,1342,80520000,80526000,19828,33046,80580000,20786
6,1343,80580000,80586000,19828,33046,80640000,20801
6,1344,80640000,80646000,19828,33046,80700000,20817
6,1345,80700000,80706000,19828,33046,80760000,20833
6,1346,80760000,80766000,19828,33046,80820000,20848
6,1347,80820000,80826000,19828,33046,80880000,20864
6,1348,80880000,80886000,19828,33046,80940000,20879
6,1349,80940000,80946000,19828,33046,81000000,20896
6,135,8100000,8106000,19828,33046,8160000,2102
6,1350,81000000,81006000,19828,33046,81060000,20910
6,1351,81060000,81066000,19828,33046,81120000,20925
6,1352,81120000,81126000,19828,33046,81180000,20940
6,1353,81180000,81186000,19828,33046,81240000,20956
6,1354,81240000,81246000,19828,33046,81300000,20972
6,1355,81300000,81306000,19828,33046,81360000,20988
6,1356,81360000,81366000,19828,33046,81420000,21003
6,1357,81420000,81426000,19828,33046,81480000,21018
6,1358,81480000,81486000,19828,33046,81540000,21033
6,1359,81540000,81546000,19828,33046,81600000,21050
6,136,8160000,8166000,19828,33046,8220000,2117
6,1360,81600000,81606000,19828,33046,81660000,21065
6,1361,81660000,81666000,19828,33046,81720000,21081
6,1362,81720000,81726000,19828,33046,81780000,21096
6,1363,81780000,81786000,19828,33046,81840000,21112
6,1364,81840000,81846000,19828,33046,81900000,21126
6,1365,81900000,81906000,19828,33046,81960000,21142
6,1366,81960000,81966000,19828,33046,82020000,21157
6,1367,82020000,82026000,19828,33046,82080000,21173
6,1368,82080000,82086000,19828,33046,82140000,21188
6,1369,82140000,82146000,19828,33046,82200000,21205
6,137,8220000,8226000,19828,33046,8280000,2133
6,1370,82200000,82206000,19828,33046,82260000,21220
6,1371,82260000,82266000,19828,33046,82320000,21235
6,1372,82320000,82326000,19828,33046,82380000,21250
6,1373,82380000,82386000,19828,33046,82440000,21266
6,1374,82440000,82446000,19828,33046,82500000,21282
6,1375,82500000,82506000,19828,33046,82560000,21298
6,1376,82560000,82566000,19828,33046,82620000,21313
6,1377,82620000,82626000,19828,33046,82680000,21328
6,1378,82680000,82686000,19828,33046,82740000,21342
6,1379,82740000,82746000,19828,33046,82800000,21359
6,138,8280000,8286000,19828,33046,8340000,2148
6,1380,82800000,82806000,19828,33046,82860000,21374
6,1381,82860000,82866000,19828,33046,82920000,21390
6,1382,82920000,82926000,19828,33046,82980000,21405
6,1383,82980000,82986000,19828,33046,83040000,21421
6,1384,83040000,83046000,19828,33046,83100000,21437
6,1385,83100000,83106000,19828,33046,83160000,21452
6,1386,83160000,83166000,19828,33046,83220000,21467
6,1387,83220000,83226000,19828,33046,83280000,21483
6,1388,83280000,83286000,19828,33046,83340000,21498
6,1389,83340000,83346000,19828,33046,83400000,21515
6,139,8340000,8346000,19828,33046,8400000,2164
6,1390,83400000,83406000,19828,33046,83460000,21529
6,1391,83460000,83466000,19828,33046,83520000,21545
6,1392,83520000,83526000,19828,33046,83580000,21559
6,1393,83580000,83586000,19828,33046,83640000,21575
6,1394,83640000,83646000,19828,33046,83700000,21591
6,1395,83700000,83706000,19828,33046,83760000,21607
6,1396,83760000,83766000,19828,33046,83820000,21622
6,1397,83820000,83826000,19828,33046,83880000,21638
6,1398,83880000,83886000,19828,33046,83940000,21653
6,1399,83940000,83946000,19828,33046,84000000,21669
6,14,840000,846000,19828,33046,900000,228
6,140,8400000,8406000,19828,33046,8460000,2179
6,1400,84000000,84006000,19828,33046,84060000,21684
6,1401,84060000,84066000,19828,33046,84120000,21700
6,1402,84120000,84126000,19828,33046,84180000,21715
6,1403,84180000,84186000,19828,33046,84240000,21730
6,1404,84240000,84246000,19828,33046,84300000,21746
6,1405,84300000,84306000,19828,33046,84360000,21762
6,1406,84360000,84366000,19828,33046,84420000,21776
6,1407,84420000,84426000,19828,33046,84480000,21792
6,1408,84480000,84486000,19828,33046,84540000,21807
6,1409,84540000,84546000,19828,33046,84600000,21824
6,141,8460000,8466000,19828,33046,8520000,2195
6,1410,84600000,84606000,19828,33046,84660000,21839
6,1411,84660000,84666000,19828,33046,84720000,21855
6,1412,84720000,84726000,19828,33046,84780000,21870
6,1413,84780000,84786000,19828,33046,84840000,21885
6,1414,84840000,84846000,19828,33046,84900000,21901
6,1415,84900000,84906000,19828,33046,84960000,21917
6,1416,84960000,84966000,19828,33046,85020000,21931
6,1417,85020000,85026000,19828,33046,85080000,21947
6,1418,85080000,85086000,19828,33046,85140000,21962
6,1419,85140000,85146000,19828,33046,85200000,21979
6,142,8520000,8526000,19828,33046,8580000,2209
6,1420,85200000,85206000,19828,33046,85260000,21993
6,1421,85260000,85266000,19828,33046,85320000,22009
6,1422,85320000,85326000,19828,33046,85380000,22024
6,1423,85380000,85386000,19828,33046,85440000,22040
6,1424,85440000,85446000,19828,33046,85500000,22056
6,1425,85500000,85506000,19828,33046,85560000,22072
6,1426,85560000,85566000,19828,33046,85620000,22087
6,1427,85620000,85626000,19828,33046,85680000,22102
6,1428,85680000,85686000,19828,33046,85740000,22117
6,1429,85740000,85746000,19828,33046,85800000,22133
6,143,8580000,8586000,19828,33046,8640000,2225
6,1430,85800000,85806000,19828,33046,85860000,22148
6,1431,85860000,85866000,19828,33046,85920000,22164
6,1432,85920000,85926000,19828,33046,85980000,22179
6,1433,85980000,85986000,19828,33046,86040000,22195
6,1434,86040000,86046000,19828,33046,86100000,22210
6,1435,86100000,86106000,19828,33046,86160000,22226
6,1436,86160000,86166000,19828,33046,86220000,22241
6,1437,86220000,86226000,19828,33046,86280000,22257
6,1438,86280000,86286000,19828,33046,86340000,22272
6,1439,86340000,86346000,19828,33046,86400000,22289
6,144,8640000,8646000,19828,33046,8700000,2241
6,1440,86400000,86406000,19828,33046,86460000,22304
6,1441,86460000,86466000,19828,33046,86520000,22319
6,1442,86520000,86526000,19828,33046,86580000,22333
6,1443,86580000,86586000,19828,33046,86640000,22349
6,1444,86640000,86646000,19828,33046,86700000,22365
6,1445,86700000,86706000,19828,33046,86760000,22381
6,1446,86760000,86766000,19828,33046,86820000,22396
6,1447,86820000,86826000,19828,33046,86880000,22412
6,1448,86880000,86886000,19828,33046,86940000,22426
6,1449,86940000,86946000,19828,33046,87000000,22443
6,145,8700000,8706000,19828,33046,8760000,2257
6,1450,87000000,87006000,19828,33046,87060000,22458
6,1451,87060000,87066000,19828,33046,87120000,22474
6,1452,87120000,87126000,19828,33046,87180000,22489
6,1453,87180000,87186000,19828,33046,87240000,22505
6,1454,87240000,87246000,19828,33046,87300000,22521
6,1455,87300000,87306000,19828,33046,87360000,22535
6,1456,87360000,87366000,19828,33046,87420000,22550
6,1457,87420000,87426000,19828,33046,87480000,22566
6,1458,87480000,87486000,19828,33046,87540000,22581
6,1459,87540000,87546000,19828,33046,87600000,22598
6,146,8760000,8766000,19828,33046,8820000,2271
6,1460,87600000,87606000,19828,33046,87660000,22613
6,1461,87660000,87666000,19828,33046,87720000,22629
6,1462,87720000,87726000,19828,33046,87780000,22643
6,1463,87780000,87786000,19828,33046,87840000,22659
6,1464,87840000,87846000,19828,33046,87900000,22675
6,1465,87900000,87906000,19828,33046,87960000,22691
6,1466,87960000,87966000,19828,33046,88020000,22706
6,1467,88020000,88026000,19828,33046,88080000,22722
6,1468,88080000,88086000,19828,33046,88140000,22736
6,1469,88140000,88146000,19828,33046,88200000,22752
6,147,8820000,8826000,19828,33046,8880000,2287
6,1470,88200000,88206000,19828,33046,88260000,22767
6,1471,88260000,88266000,19828,33046,88320000,22783
6,1472,88320000,88326000,19828,33046,88380000,22798
6,1473,88380000,88386000,19828,33046,88440000,22814
6,1474,88440000,88446000,19828,33046,88500000,22830
6,1475,88500000,88506000,19828,33046,88560000,22846
6,1476,88560000,88566000,19828,33046,88620000,22860
6,1477,88620000,88626000,19828,33046,88680000,22876
6,1478,88680000,88686000,19828,33046,88740000,22891
6,1479,88740000,88746000,19828,33046,88800000,22908
6,148,8880000,8886000,19828,33046,8940000,2302
6,1480,88800000,88806000,19828,33046,88860000,22923
6,1481,88860000,88866000,19828,33046,88920000,22938
6,1482,88920000,88926000,19828,33046,88980000,22953
6,1483,88980000,88986000,19828,33046,89040000,22968
6,1484,89040000,89046000,19828,33046,89100000,22984
6,1485,89100000,89106000,19828,33046,89160000,23000
6,1486,89160000,89166000,19828,33046,89220000,23015
6,1487,89220000,89226000,19828,33046,89280000,23031
6,1488,89280000,89286000,19828,33046,89340000,23046
6,1489,89340000,89346000,19828,33046,89400000,23063
6,149,8940000,8946000,19828,33046,9000000,2319
6,1490,89400000,89406000,19828,33046,89460000,23077
6,1491,89460000,89466000,19828,33046,89520000,23093
6,1492,89520000,89526000,19828,33046,89580000,23108
6,1493,89580000,89586000,19828,33046,89640000,23124
6,1494,89640000,89646000,19828,33046,89700000,23139
6,1495,89700000,89706000,19828,33046,89760000,23155
6,1496,89760000,89766000,19828,33046,89820000,23170
6,1497,89820000,89826000,19828,33046,89880000,23185
6,1498,89880000,89886000,19828,33046,89940000,23200
6,1499,89940000,89946000,19828,33046,90000000,23217
6,15,900000,906000,19828,33046,960000,244
6,150,9000000,9006000,19828,33046,9060000,2334
6,1500,90000000,90006000,19828,33046,90060000,23232
6,1501,90060000,90066000,19828,33046,90120000,23248
6,1502,90120000,90126000,19828,33046,90180000,23263
6,1503,90180000,90186000,19828,33046,90240000,23279
6,1504,90240000,90246000,19828,33046,90300000,23294
6,1505,90300000,90306000,19828,33046,90360000,23310
6,1506,90360000,90366000,19828,33046,90420000,23325
6,1507,90420000,90426000,19828,33046,90480000,23340
6,1508,90480000,90486000,19828,33046,90540000,23355
6,1509,90540000,90546000,19828,33046,90600000,23372
6,151,9060000,9066000,19828,33046,9120000,2350
6,1510,90600000,90606000,19828,33046,90660000,23387
6,1511,90660000,90666000,19828,33046,90720000,23402
6,1512,90720000,90726000,19828,33046,90780000,23417
6,1513,90780000,90786000,19828,33046,90840000,23433
6,1514,90840000,90846000,19828,33046,90900000,23449
6,1515,90900000,90906000,19828,33046,90960000,23465
6,1516,90960000,90966000,19828,33046,91020000,23480
6,1517,91020000,91026000,19828,33046,91080000,23496
6,1518,91080000,91086000,19828,33046,91140000,23510
6,1519,91140000,91146000,19828,33046,91200000,23527
6,152,9120000,9126000,19828,33046,9180000,2365
6,1520,91200000,91206000,19828,33046,91260000,23541
6,1521,91260000,91266000,19828,33046,91320000,23557
6,1522,91320000,91326000,19828,33046,91380000,23572
6,1523,91380000,91386000,19828,33046,91440000,23588
6,1524,91440000,91446000,19828,33046,91500000,23604
6,1525,91500000,91506000,19828,33046,91560000,23619
6,1526,91560000,91566000,19828,33046,91620000,23634
6,1527,91620000,91626000,19828,33046,91680000,23650
6,1528,91680000,91686000,19828,33046,91740000,23665
6,1529,91740000,91746000,19828,33046,91800000,23682
6,153,9180000,9186000,19828,33046,9240000,2380
6,1530,91800000,91806000,19828,33046,91860000,23697
6,1531,91860000,91866000,19828,33046,91920000,23713
6,1532,91920000,91926000,19828,33046,91980000,23727
6,1533,91980000,91986000,19828,33046,92040000,23742
6,1534,92040000,92046000,19828,33046,92100000,23758
6,1535,92100000,92106000,19828,33046,92160000,23774
6,1536,92160000,92166000,19828,33046,92220000,23789
6,1537,92220000,92226000,19828,33046,92280000,23805
6,1538,92280000,92286000,19828,33046,92340000,23820
6,1539,92340000,92346000,19828,33046,92400000,23836
6,154,9240000,9246000,19828,33046,9300000,2396
6,1540,92400000,92406000,19828,33046,92460000,23851
6,1541,92460000,92466000,19828,33046,92520000,23867
6,1542,92520000,92526000,19828,33046,92580000,23882
6,1543,92580000,92586000,19828,33046,92640000,23898
6,1544,92640000,92646000,19828,33046,92700000,23914
6,1545,92700000,92706000,19828,33046,92760000,23930
6,1546,92760000,92766000,19828,33046,92820000,23943
6,1547,92820000,92826000,19828,33046,92880000,23959
6,1548,92880000,92886000,19828,33046,92940000,23974
6,1549,92940000,92946000,19828,33046,93000000,23991
6,155,9300000,9306000,19828,33046,9360000,2411
6,1550,93000000,93006000,19828,33046,93060000,24006
6,1551,93060000,93066000,19828,33046,93120000,24022
6,1552,93120000,93126000,19828,33046,93180000,24037
6,1553,93180000,93186000,19828,33046,93240000,24052
6,1554,93240000,93246000,19828,33046,93300000,24068
6,1555,93300000,93306000,19828,33046,93360000,24084
6,1556,93360000,93366000,19828,33046,93420000,24099
6,1557,93420000,93426000,19828,33046,93480000,24115
6,1558,93480000,93486000,19828,33046,93540000,24130
6,1559,93540000,93546000,19828,33046,93600000,24146
6,156,9360000,9366000,19828,33046,9420000,2426
6,1560,93600000,93606000,19828,33046,93660000,24160
6,1561,93660000,93666000,19828,33046,93720000,24176
6,1562,93720000,93726000,19828,33046,93780000,24191
6,1563,93780000,93786000,19828,33046,93840000,24207
6,1564,93840000,93846000,19828,33046,93900000,24223
6,1565,93900000,93906000,19828,33046,93960000,24239
6,1566,93960000,93966000,19828,33046,94020000,24254
6,1567,94020000,94026000,19828,33046,94080000,24269
6,1568,94080000,94086000,19828,33046,94140000,24284
6,1569,94140000,94146000,19828,33046,94200000,24301
6,157,9420000,9426000,19828,33046,9480000,2442
6,1570,94200000,94206000,19828,33046,94260000,24316
6,1571,94260000,94266000,19828,33046,94320000,24332
6,1572,94320000,94326000,19828,33046,94380000,24346
6,1573,94380000,94386000,19828,33046,94440000,24362
6,1574,94440000,94446000,19828,33046,94500000,24377
6,1575,94500000,94506000,19828,33046,94560000,24393
6,1576,94560000,94566000,19828,33046,94620000,24408
6,1577,94620000,94626000,19828,33046,94680000,24424
6,1578,94680000,94686000,19828,33046,94740000,24439
6,1579,94740000,94746000,19828,33046,94800000,24456
6,158,9480000,9486000,19828,33046,9540000,2457
6,1580,94800000,94806000,19828,33046,94860000,24471
6,1581,94860000,94866000,19828,33046,94920000,24486
6,1582,94920000,94926000,19828,33046,94980000,24501
6,1583,94980000,94986000,19828,33046,95040000,24517
6,1584,95040000,95046000,19828,33046,95100000,24533
6,1585,95100000,95106000,19828,33046,95160000,24548
6,1586,95160000,95166000,19828,33046,95220000,24563
6,1587,95220000,95226000,19828,33046,95280000,24579
6,1588,95280000,95286000,19828,33046,95340000,24593
6,1589,95340000,95346000,19828,33046,95400000,24610
6,159,9540000,9546000,19828,33046,9600000,2474
6,1590,95400000,95406000,19828,33046,95460000,24625
6,1591,95460000,95466000,19828,33046,95520000,24641
6,1592,95520000,95526000,19828,33046,95580000,24656
6,1593,95580000,95586000,19828,33046,95640000,24672
6,1594,95640000,95646000,19828,33046,95700000,24688
6,1595,95700000,95706000,19828,33046,95760000,24703
6,1596,95760000,95766000,19828,33046,95820000,24718
6,1597,95820000,95826000,19828,33046,95880000,24734
6,1598,95880000,95886000,19828,33046,95940000,24748
6,1599,95940000,95946000,19828,33046,96000000,24765
6,16,960000,966000,19828,33046,1020000,259
6,160,9600000,9606000,19828,33046,9660000,2488
6,1600,96000000,96006000,19828,33046,96060000,24780
6,1601,96060000,96066000,19828,33046,96120000,24796
6,1602,96120000,96126000,19828,33046,96180000,24810
6,1603,96180000,96186000,19828,33046,96240000,24826
6,1604,96240000,96246000,19828,33046,96300000,24842
6,1605,96300000,96306000,19828,33046,96360000,24858
6,1606,96360000,96366000,19828,33046,96420000,24873
6,1607,96420000,96426000,19828,33046,96480000,24889
6,1608,96480000,96486000,19828,33046,96540000,24904
6,1609,96540000,96546000,19828,33046,96600000,24920
6,161,9660000,9666000,19828,33046,9720000,2504
6,1610,96600000,96606000,19828,33046,96660000,24935
6,1611,96660000,96666000,19828,33046,96720000,24950
6,1612,96720000,96726000,19828,33046,96780000,24965
6,1613,96780000,96786000,19828,33046,96840000,24981
6,1614,96840000,96846000,19828,33046,96900000,24997
6,1615,96900000,96906000,19828,33046,96960000,25013
6,1616,96960000,96966000,19828,33046,97020000,25027
6,1617,97020000,97026000,19828,33046,97080000,25043
6,1618,97080000,97086000,19828,33046,97140000,25058
6,1619,97140000,97146000,19828,33046,97200000,25075
6,162,9720000,9726000,19828,33046,9780000,2519
6,1620,97200000,97206000,19828,33046,97260000,25090
6,1621,97260000,97266000,19828,33046,97320000,25106
6,1622,97320000,97326000,19828,33046,97380000,25121
6,1623,97380000,97386000,19828,33046,97440000,25136
6,1624,97440000,97446000,19828,33046,97500000,25151
6,1625,97500000,97506000,19828,33046,97560000,25167
6,1626,97560000,97566000,19828,33046,97620000,25182
6,1627,97620000,97626000,19828,33046,97680000,25198
6,1628,97680000,97686000,19828,33046,97740000,25213
6,1629,97740000,97746000,19828,33046,97800000,25230
6,163,9780000,9786000,19828,33046,9840000,2535
6,1630,97800000,97806000,19828,33046,97860000,25244
6,1631,97860000,97866000,19828,33046,97920000,25260
6,1632,97920000,97926000,19828,33046,97980000,25275
6,1633,97980000,97986000,19828,33046,98040000,25291
6,1634,98040000,98046000,19828,33046,98100000,25307
6,1635,98100000,98106000,19828,33046,98160000,25323
6,1636,98160000,98166000,19828,33046,98220000,25338
6,1637,98220000,98226000,19828,33046,98280000,25352
6,1638,98280000,98286000,19828,33046,98340000,25367
6,1639,98340000,98346000,19828,33046,98400000,25384
6,164,9840000,9846000,19828,33046,9900000,2551
6,1640,98400000,98406000,19828,33046,98460000,25399
6,1641,98460000,98466000,19828,33046,98520000,25415
6,1642,98520000,98526000,19828,33046,98580000,25430
6,1643,98580000,98586000,19828,33046,98640000,25446
6,1644,98640000,98646000,19828,33046,98700000,25461
6,1645,98700000,98706000,19828,33046,98760000,25477
6,1646,98760000,98766000,19828,33046,98820000,25492
6,1647,98820000,98826000,19828,33046,98880000,25508
6,1648,98880000,98886000,19828,33046,98940000,25523
6,1649,98940000,98946000,19828,33046,99000000,25540
6,165,9900000,9906000,19828,33046,9960000,2567
6,1650,99000000,99006000,19828,33046,99060000,25554
6,1651,99060000,99066000,19828,33046,99120000,25569
6,1652,99120000,99126000,19828,33046,99180000,25584
6,1653,99180000,99186000,19828,33046,99240000,25600
6,1654,99240000,99246000,19828,33046,99300000,25616
6,1655,99300000,99306000,19828,33046,99360000,25632
6,1656,99360000,99366000,19828,33046,99420000,25647
6,1657,99420000,99426000,19828,33046,99480000,25663
6,1658,99480000,99486000,19828,33046,99540000,25677
6,1659,99540000,99546000,19828,33046,99600000,25694
6,166,9960000,9966000,19828,33046,10020000,2582
6,1660,99600000,99606000,19828,33046,99660000,25709
6,1661,99660000,99666000,19828,33046,99720000,25725
6,1662,99720000,99726000,19828,33046,99780000,25740
6,1663,99780000,99786000,19828,33046,99840000,25755
6,1664,99840000,99846000,19828,33046,99900000,25771
6,1665,99900000,99906000,19828,33046,99960000,25786
6,1666,99960000,99966000,19828,33046,100020000,25801
6,1667,100020000,100026000,19828,33046,100080000,25817
6,1668,100080000,100086000,19828,33046,100140000,25832
6,1669,100140000,100146000,19828,33046,100200000,25849
6,167,10020000,10026000,19828,33046,10080000,2597
6,1670,100200000,100206000,19828,33046,100260000,25864
6,1671,100260000,100266000,19828,33046,100320000,25880
6,1672,100320000,100326000,19828,33046,100380000,25894
6,1673,100380000,100386000,19828,33046,100440000,25910
6,1674,100440000,100446000,19828,33046,100500000,25926
6,1675,100500000,100506000,19828,33046,100560000,25942
6,1676,100560000,100566000,19828,33046,100620000,25956
6,1677,100620000,100626000,19828,33046,100680000,25972
6,1678,100680000,100686000,19828,33046,100740000,25987
6,1679,100740000,100746000,19828,33046,100800000,26003
6,168,10080000,10086000,19828,33046,10140000,2611
6,1680,100800000,100806000,19828,33046,100860000,26018
6,1681,100860000,100866000,19828,33046,100920000,26034
6,1682,100920000,100926000,19828,33046,100980000,26049
6,1683,100980000,100986000,19828,33046,101040000,26065
6,1684,101040000,101046000,19828,33046,101100000,26081
6,1685,101100000,101106000,19828,33046,101160000,26097
6,1686,101160000,101166000,19828,33046,101220000,26111
6,1687,101220000,101226000,19828,33046,101280000,26127
6,1688,101280000,101286000,19828,33046,101340000,26142
6,1689,101340000,101346000,19828,33046,101400000,26158
6,169,10140000,10146000,19828,33046,10200000,2628
6,1690,101400000,101406000,19828,33046,101460000,26173
6,1691,101460000,101466000,19828,33046,101520000,26189
6,1692,101520000,101526000,19828,33046,101580000,26204
6,1693,101580000,101586000,19828,33046,101640000,26219
6,1694,101640000,101646000,19828,33046,101700000,26235
6,1695,101700000,101706000,19828,33046,101760000,26251
6,1696,101760000,101766000,19828,33046,101820000,26266
6,1697,101820000,101826000,19828,33046,101880000,26282
6,1698,101880000,101886000,19828,33046,101940000,26297
6,1699,101940000,101946000,19828,33046,102000000,26314
6,17,1020000,1026000,19828,33046,1080000,275
6,170,10200000,10206000,19828,33046,10260000,2643
6,1700,102000000,102006000,19828,33046,102060000,26328
6,1701,102060000,102066000,19828,33046,102120000,26344
6,1702,102120000,102126000,19828,33046,102180000,26358
6,1703,102180000,102186000,19828,33046,102240000,26374
6,1704,102240000,102246000,19828,33046,102300000,26390
6,1705,102300000,102306000,19828,33046,102360000,26406
6,1706,102360000,102366000,19828,33046,102420000,26421
6,1707,102420000,102426000,19828,33046,102480000,26436
6,1708,102480000,102486000,19828,33046,102540000,26451
6,1709,102540000,102546000,19828,33046,102600000,26468
6,171,10260000,10266000,19828,33046,10320000,2659
6,1710,102600000,102606000,19828,33046,102660000,26483
6,1711,102660000,102666000,19828,33046,102720000,26499
6,1712,102720000,102726000,19828,33046,102780000,26514
6,1713,102780000,102786000,19828,33046,102840000,26530
6,1714,102840000,102846000,19828,33046,102900000,26545
6,1715,102900000,102906000,19828,33046,102960000,26560
6,1716,102960000,102966000,19828,33046,103020000,26575
6,1717,103020000,103026000,19828,33046,103080000,26591
6,1718,103080000,103086000,19828,33046,103140000,26606
6,1719,103140000,103146000,19828,33046,103200000,26623
6,172,10320000,10326000,19828,33046,10380000,2674
6,1720,103200000,103206000,19828,33046,103260000,26638
6,1721,103260000,103266000,19828,33046,103320000,26653
6,1722,103320000,103326000,19828,33046,103380000,26668
6,1723,103380000,103386000,19828,33046,103440000,26684
6,1724,103440000,103446000,19828,33046,103500000,26700
6,1725,103500000,103506000,19828,33046,103560000,26716
6,1726,103560000,103566000,19828,33046,103620000,26731
6,1727,103620000,103626000,19828,33046,103680000,26747
6,1728,103680000,103686000,19828,33046,103740000,26760
6,1729,103740000,103746000,19828,33046,103800000,26777
6,173,10380000,10386000,19828,33046,10440000,2690
6,1730,103800000,103806000,19828,33046,103860000,26792
6,1731,103860000,103866000,19828,33046,103920000,26808
6,1732,103920000,103926000,19828,33046,103980000,26823
6,1733,103980000,103986000,19828,33046,104040000,26839
6,1734,104040000,104046000,19828,33046,104100000,26855
6,1735,104100000,104106000,19828,33046,104160000,26870
6,1736,104160000,104166000,19828,33046,104220000,26885
6,1737,104220000,104226000,19828,33046,104280000,26901
6,1738,104280000,104286000,19828,33046,104340000,26916
6,1739,104340000,104346000,19828,33046,104400000,26933
6,174,10440000,10446000,19828,33046,10500000,2705
6,1740,104400000,104406000,19828,33046,104460000,26948
6,1741,104460000,104466000,19828,33046,104520000,26963
6,1742,104520000,104526000,19828,33046,104580000,26977
6,1743,104580000,104586000,19828,33046,104640000,26993
6,1744,104640000,104646000,19828,33046,104700000,27009
6,1745,104700000,104706000,19828,33046,104760000,27025
6,1746,104760000,104766000,19828,33046,104820000,27040
6,1747,104820000,104826000,19828,33046,104880000,27056
6,1748,104880000,104886000,19828,33046,104940000,27071
6,1749,104940000,104946000,19828,33046,105000000,27087
6,175,10500000,10506000,19828,33046,10560000,2721
6,1750,105000000,105006000,19828,33046,105060000,27102
6,1751,105060000,105066000,19828,33046,105120000,27118
6,1752,105120000,105126000,19828,33046,105180000,27133
6,1753,105180000,105186000,19828,33046,105240000,27149
6,1754,105240000,105246000,19828,33046,105300000,27164
6,1755,105300000,105306000,19828,33046,105360000,27180
6,1756,105360000,105366000,19828,33046,105420000,27194
6,1757,105420000,105426000,19828,33046,105480000,27210
6,1758,105480000,105486000,19828,33046,105540000,27225
6,1759,105540000,105546000,19828,33046,105600000,27242
6,176,10560000,10566000,19828,33046,10620000,2736
6,1760,105600000,105606000,19828,33046,105660000,27257
6,1761,105660000,105666000,19828,33046,105720000,27273
6,1762,105720000,105726000,19828,33046,105780000,27288
6,1763,105780000,105786000,19828,33046,105840000,27303
6,1764,105840000,105846000,19828,33046,105900000,27319
6,1765,105900000,105906000,19828,33046,105960000,27335
6,1766,105960000,105966000,19828,33046,106020000,27350
6,1767,106020000,106026000,19828,33046,106080000,27365
6,1768,106080000,106086000,19828,33046,106140000,27380
6,1769,106140000,106146000,19828,33046,106200000,27397
6,177,10620000,10626000,19828,33046,10680000,2752
6,1770,106200000,106206000,19828,33046,106260000,27411
6,1771,106260000,106266000,19828,33046,106320000,27427
6,1772,106320000,106326000,19828,33046,106380000,27442
6,1773,106380000,106386000,19828,33046,106440000,27458
6,1774,106440000,106446000,19828,33046,106500000,27474
6,1775,106500000,106506000,19828,33046,106560000,27490
6,1776,106560000,106566000,19828,33046,106620000,27505
6,1777,106620000,106626000,19828,33046,106680000,27520
6,1778,106680000,106686000,19828,33046,106740000,27535
6,1779,106740000,106746000,19828,33046,106800000,27552
6,178,10680000,10686000,19828,33046,10740000,2767
6,1780,106800000,106806000,19828,33046,106860000,27566
6,1781,106860000,106866000,19828,33046,106920000,27582
6,1782,106920000,106926000,19828,33046,106980000,27597
6,1783,106980000,106986000,19828,33046,107040000,27613
6,1784,107040000,107046000,19828,33046,107100000,27628
6,1785,107100000,107106000,19828,33046,107160000,27644
6,1786,107160000,107166000,19828,33046,107220000,27659
6,1787,107220000,107226000,19828,33046,107280000,27675
6,1788,107280000,107286000,19828,33046,107340000,27690
6,1789,107340000,107346000,19828,33046,107400000,27707
6,179,10740000,10746000,19828,33046,10800000,2784
6,1790,107400000,107406000,19828,33046,107460000,27722
6,1791,107460000,107466000,19828,33046,107520000,27737
6,1792,107520000,107526000,19828,33046,107580000,27752
6,1793,107580000,107586000,19828,33046,107640000,27767
6,1794,107640000,107646000,19828,33046,107700000,27783
6,1795,107700000,107706000,19828,33046,107760000,27799
6,1796,107760000,107766000,19828,33046,107820000,27814
6,1797,107820000,107826000,19828,33046,107880000,27830
6,1798,107880000,107886000,19828,33046,107940000,27844
6,1799,107940000,107946000,19828,33046,108000000,27861
6,18,1080000,1086000,19828,33046,1140000,290
6,180,10800000,10806000,19828,33046,10860000,2799
6,1800,108000000,108006000,19828,33046,108060000,27876
6,1801,108060000,108066000,19828,33046,108120000,27892
6,1802,108120000,108126000,19828,33046,108180000,27907
6,1803,108180000,108186000,19828,33046,108240000,27923
6,1804,108240000,108246000,19828,33046,108300000,27939
6,1805,108300000,108306000,19828,33046,108360000,27954
6,1806,108360000,108366000,19828,33046,108420000,27968
6,1807,108420000,108426000,19828,33046,108480000,27984
6,1808,108480000,108486000,19828,33046,108540000,27999
6,1809,108540000,108546000,19828,33046,108600000,28016
6,181,10860000,10866000,19828,33046,10920000,2813
6,1810,108600000,108606000,19828,33046,108660000,28031
6,1811,108660000,108666000,19828,33046,108720000,28047
6,1812,108720000,108726000,19828,33046,108780000,28061
6,1813,108780000,108786000,19828,33046,108840000,28077
6,1814,108840000,108846000,19828,33046,108900000,28093
6,1815,108900000,108906000,19828,33046,108960000,28109
6,1816,108960000,108966000,19828,33046,109020000,28124
6,1817,109020000,109026000,19828,33046,109080000,28140
6,1818,109080000,109086000,19828,33046,109140000,28155
6,1819,109140000,109146000,19828,33046,109200000,28170
6,182,10920000,10926000,19828,33046,10980000,2828
6,1820,109200000,109206000,19828,33046,109260000,28185
6,1821,109260000,109266000,19828,33046,109320000,28201
6,1822,109320000,109326000,19828,33046,109380000,28216
6,1823,109380000,109386000,19828,33046,109440000,28232
6,1824,109440000,109446000,19828,33046,109500000,28248
6,1825,109500000,109506000,19828,33046,109560000,28264
6,1826,109560000,109566000,19828,33046,109620000,28278
6,1827,109620000,109626000,19828,33046,109680000,28294
6,1828,109680000,109686000,19828,33046,109740000,28309
6,1829,109740000,109746000,19828,33046,109800000,28326
6,183,10980000,10986000,19828,33046,11040000,2844
6,1830,109800000,109806000,19828,33046,109860000,28341
6,1831,109860000,109866000,19828,33046,109920000,28357
6,1832,109920000,109926000,19828,33046,109980000,28371
6,1833,109980000,109986000,19828,33046,110040000,28386
6,1834,110040000,110046000,19828,33046,110100000,28402
6,1835,110100000,110106000,19828,33046,110160000,28418
6,1836,110160000,110166000,19828,33046,110220000,28433
6,1837,110220000,110226000,19828,33046,110280000,28449
6,1838,110280000,110286000,19828,33046,110340000,28464
6,1839,110340000,110346000,19828,33046,110400000,28481
6,184,11040000,11046000,19828,33046,11100000,2860
6,1840,110400000,110406000,19828,33046,110460000,28495
6,1841,110460000,110466000,19828,33046,110520000,28511
6,1842,110520000,110526000,19828,33046,110580000,28526
6,1843,110580000,110586000,19828,33046,110640000,28542
6,1844,110640000,110646000,19828,33046,110700000,28558
6,1845,110700000,110706000,19828,33046,110760000,28573
6,1846,110760000,110766000,19828,33046,110820000,28588
6,1847,110820000,110826000,19828,33046,110880000,28603
6,1848,110880000,110886000,19828,33046,110940000,28618
6,1849,110940000,110946000,19828,33046,111000000,28635
6,185,11100000,11106000,19828,33046,11160000,2876
6,1850,111000000,111006000,19828,33046,111060000,28650
6,1851,111060000,111066000,19828,33046,111120000,28666
6,1852,111120000,111126000,19828,33046,111180000,28681
6,1853,111180000,111186000,19828,33046,111240000,28697
6,1854,111240000,111246000,19828,33046,111300000,28712
6,1855,111300000,111306000,19828,33046,111360000,28728
6,1856,111360000,111366000,19828,33046,111420000,28743
6,1857,111420000,111426000,19828,33046,111480000,28759
6,1858,111480000,111486000,19828,33046,111540000,28773
6,1859,111540000,111546000,19828,33046,111600000,28790
6,186,11160000,11166000,19828,33046,11220000,2891
6,1860,111600000,111606000,19828,33046,111660000,28805
6,1861,111660000,111666000,19828,33046,111720000,28820
6,1862,111720000,111726000,19828,33046,111780000,28835
6,1863,111780000,111786000,19828,33046,111840000,28851
6,1864,111840000,111846000,19828,33046,111900000,28867
6,1865,111900000,111906000,19828,33046,111960000,28883
6,1866,111960000,111966000,19828,33046,112020000,28898
6,1867,112020000,112026000,19828,33046,112080000,28914
6,1868,112080000,112086000,19828,33046,112140000,28928
6,1869,112140000,112146000,19828,33046,112200000,28945
6,187,11220000,11226000,19828,33046,11280000,2907
6,1870,112200000,112206000,19828,33046,112260000,28960
6,1871,112260000,112266000,19828,33046,112320000,28975
6,1872,112320000,112326000,19828,33046,112380000,28990
6,1873,112380000,112386000,19828,33046,112440000,29006
6,1874,112440000,112446000,19828,33046,112500000,29022
6,1875,112500000,112506000,19828,33046,112560000,29037
6,1876,112560000,112566000,19828,33046,112620000,29052
6,1877,112620000,112626000,19828,33046,112680000,29068
6,1878,112680000,112686000,19828,33046,112740000,29083
6,1879,112740000,112746000,19828,33046,112800000,29100
6,188,11280000,11286000,19828,33046,11340000,2921
6,1880,112800000,112806000,19828,33046,112860000,29115
6,1881,112860000,112866000,19828,33046,112920000,29131
6,1882,112920000,112926000,19828,33046,112980000,29145
6,1883,112980000,112986000,19828,33046,113040000,29161
6,1884,113040000,113046000,19828,33046,113100000,29176
6,1885,113100000,113106000,19828,33046,113160000,29192
6,1886,113160000,113166000,19828,33046,113220000,29207
6,1887,113220000,113226000,19828,33046,113280000,29223
6,1888,113280000,113286000,19828,33046,113340000,29238
6,1889,113340000,113346000,19828,33046,113400000,29254
6,189,11340000,11346000,19828,33046,11400000,2938
6,1890,113400000,113406000,19828,33046,113460000,29269
6,1891,113460000,113466000,19828,33046,113520000,29285
6,1892,113520000,113526000,19828,33046,113580000,29300
6,1893,113580000,113586000,19828,33046,113640000,29316
6,1894,113640000,113646000,19828,33046,113700000,29332
6,1895,113700000,113706000,19828,33046,113760000,29348
6,1896,113760000,113766000,19828,33046,113820000,29362
6,1897,113820000,113826000,19828,33046,113880000,29377
6,1898,113880000,113886000,19828,33046,113940000,29392
6,1899,113940000,113946000,19828,33046,114000000,29409
6,19,1140000,1146000,19828,33046,1200000,307
6,190,11400000,11406000,19828,33046,11460000,2953
6,1900,114000000,114006000,19828,33046,114060000,29424
6,1901,114060000,114066000,19828,33046,114120000,29440
6,1902,114120000,114126000,19828,33046,114180000,29455
6,1903,114180000,114186000,19828,33046,114240000,29470
6,1904,114240000,114246000,19828,33046,114300000,29486
6,1905,114300000,114306000,19828,33046,114360000,29502
6,1906,114360000,114366000,19828,33046,114420000,29517
6,1907,114420000,114426000,19828,33046,114480000,29533
6,1908,114480000,114486000,19828,33046,114540000,29548
6,1909,114540000,114546000,19828,33046,114600000,29565
6,191,11460000,11466000,19828,33046,11520000,2969
6,1910,114600000,114606000,19828,33046,114660000,29578
6,1911,114660000,114666000,19828,33046,114720000,29594
6,1912,114720000,114726000,19828,33046,114780000,29609
6,1913,114780000,114786000,19828,33046,114840000,29625
6,1914,114840000,114846000,19828,33046,114900000,29641
6,1915,114900000,114906000,19828,33046,114960000,29657
6,1916,114960000,114966000,19828,33046,115020000,29672
6,1917,115020000,115026000,19828,33046,115080000,29687
6,1918,115080000,115086000,19828,33046,115140000,29702
6,1919,115140000,115146000,19828,33046,115200000,29719
6,192,11520000,11526000,19828,33046,11580000,2984
6,1920,115200000,115206000,19828,33046,115260000,29734
6,1921,115260000,115266000,19828,33046,115320000,29750
6,1922,115320000,115326000,19828,33046,115380000,29765
6,1923,115380000,115386000,19828,33046,115440000,29780
6,1924,115440000,115446000,19828,33046,115500000,29795
6,1925,115500000,115506000,19828,33046,115560000,29811
6,1926,115560000,115566000,19828,33046,115620000,29826
6,1927,115620000,115626000,19828,33046,115680000,29842
6,1928,115680000,115686000,19828,33046,115740000,29857
6,1929,115740000,115746000,19828,33046,115800000,29874
6,193,11580000,11586000,19828,33046,11640000,3000
6,1930,115800000,115806000,19828,33046,115860000,29889
6,1931,115860000,115866000,19828,33046,115920000,29904
6,1932,115920000,115926000,19828,33046,115980000,29919
6,1933,115980000,115986000,19828,33046,116040000,29935
6,1934,116040000,116046000,19828,33046,116100000,29951
6,1935,116100000,116106000,19828,33046,116160000,29967
6,1936,116160000,116166000,19828,33046,116220000,29981
6,1937,116220000,116226000,19828,33046,116280000,29997
6,1938,116280000,116286000,19828,33046,116340000,30011
6,1939,116340000,116346000,19828,33046,116400000,30028
6,194,11640000,11646000,19828,33046,11700000,3015
6,1940,116400000,116406000,19828,33046,116460000,30043
6,1941,116460000,116466000,19828,33046,116520000,30059
6,1942,116520000,116526000,19828,33046,116580000,30074
6,1943,116580000,116586000,19828,33046,116640000,30090
6,1944,116640000,116646000,19828,33046,116700000,30106
6,1945,116700000,116706000,19828,33046,116760000,30121
6,1946,116760000,116766000,19828,33046,116820000,30136
6,1947,116820000,116826000,19828,33046,116880000,30152
6,1948,116880000,116886000,19828,33046,116940000,30167
6,1949,116940000,116946000,19828,33046,117000000,30183
6,195,11700000,11706000,19828,33046,11760000,3030
6,1950,117000000,117006000,19828,33046,117060000,30198
6,1951,117060000,117066000,19828,33046,117120000,30214
6,1952,117120000,117126000,19828,33046,117180000,30228
6,1953,117180000,117186000,19828,33046,117240000,30244
6,1954,117240000,117246000,19828,33046,117300000,30260
6,1955,117300000,117306000,19828,33046,117360000,30276
6,1956,117360000,117366000,19828,33046,117420000,30291
6,1957,117420000,117426000,19828,33046,117480000,30307
6,1958,117480000,117486000,19828,33046,117540000,30322
6,1959,117540000,117546000,19828,33046,117600000,30338
6,196,11760000,11766000,19828,33046,11820000,3045
6,1960,117600000,117606000,19828,33046,117660000,30353
6,1961,117660000,117666000,19828,33046,117720000,30369
6,1962,117720000,117726000,19828,33046,117780000,30383
6,1963,117780000,117786000,19828,33046,117840000,30399
6,1964,117840000,117846000,19828,33046,117900000,30415
6,1965,117900000,117906000,19828,33046,117960000,30431
6,1966,117960000,117966000,19828,33046,118020000,30445
6,1967,118020000,118026000,19828,33046,118080000,30461
6,1968,118080000,118086000,19828,33046,118140000,30476
6,1969,118140000,118146000,19828,33046,118200000,30493
6,197,11820000,11826000,19828,33046,11880000,3061
6,1970,118200000,118206000,19828,33046,118260000,30508
6,1971,118260000,118266000,19828,33046,118320000,30524
6,1972,118320000,118326000,19828,33046,118380000,30539
6,1973,118380000,118386000,19828,33046,118440000,30554
6,1974,118440000,118446000,19828,33046,118500000,30570
6,1975,118500000,118506000,19828,33046,118560000,30585
6,1976,118560000,118566000,19828,33046,118620000,30600
6,1977,118620000,118626000,19828,33046,118680000,30616
6,1978,118680000,118686000,19828,33046,118740000,30631
6,1979,118740000,118746000,19828,33046,118800000,30648
6,198,11880000,11886000,19828,33046,11940000,3076
6,1980,118800000,118806000,19828,33046,118860000,30662
6,1981,118860000,118866000,19828,33046,118920000,30678
6,1982,118920000,118926000,19828,33046,118980000,30693
6,1983,118980000,118986000,19828,33046,119040000,30709
6,1984,119040000,119046000,19828,33046,119100000,30725
6,1985,119100000,119106000,19828,33046,119160000,30741
6,1986,119160000,119166000,19828,33046,119220000,30756
6,1987,119220000,119226000,19828,33046,119280000,30771
6,1988,119280000,119286000,19828,33046,119340000,30785
6,1989,119340000,119346000,19828,33046,119400000,30802
6,199,11940000,11946000,19828,33046,12000000,3093
6,1990,119400000,119406000,19828,33046,119460000,30817
6,1991,119460000,119466000,19828,33046,119520000,30833
6,1992,119520000,119526000,19828,33046,119580000,30848
6,1993,119580000,119586000,19828,33046,119640000,30864
6,1994,119640000,119646000,19828,33046,119700000,30879
6,1995,119700000,119706000,19828,33046,119760000,30895
6,1996,119760000,119766000,19828,33046,119820000,30910
6,1997,119820000,119826000,19828,33046,119880000,30926
6,1998,119880000,119886000,19828,33046,119940000,30941
6,1999,119940000,119946000,19828,33046,120000000,30958
6,2,120000,126000,19828,33046,180000,42
6,20,1200000,1206000,19828,33046,1260000,321
6,200,12000000,12006000,19828,33046,12060000,3108
6,2000,120000000,120006000,19828,33046,120060000,30973
6,2001,120060000,120066000,19828,33046,120120000,30987
6,2002,120120000,120126000,19828,33046,120180000,31002
6,2003,120180000,120186000,19828,33046,120240000,31018
6,2004,120240000,120246000,19828,33046,120300000,31034
6,2005,120300000,120306000,19828,33046,120360000,31050
6,2006,120360000,120366000,19828,33046,120420000,31065
6,2007,120420000,120426000,19828,33046,120480000,31081
6,2008,120480000,120486000,19828,33046,120540000,31095
6,2009,120540000,120546000,19828,33046,120600000,31112
6,201,12060000,12066000,19828,33046,12120000,3124
6,2010,120600000,120606000,19828,33046,120660000,31127
6,2011,120660000,120666000,19828,33046,120720000,31143
6,2012,120720000,120726000,19828,33046,120780000,31158
6,2013,120780000,120786000,19828,33046,120840000,31174
6,2014,120840000,120846000,19828,33046,120900000,31189
6,2015,120900000,120906000,19828,33046,120960000,31204
6,2016,120960000,120966000,19828,33046,121020000,31219
6,2017,121020000,121026000,19828,33046,121080000,31235
6,2018,121080000,121086000,19828,33046,121140000,31250
6,2019,121140000,121146000,19828,33046,121200000,31267
6,202,12120000,12126000,19828,33046,12180000,3138
6,2020,121200000,121206000,19828,33046,121260000,31282
6,2021,121260000,121266000,19828,33046,121320000,31298
6,2022,121320000,121326000,19828,33046,121380000,31312
6,2023,121380000,121386000,19828,33046,121440000,31328
6,2024,121440000,121446000,19828,33046,121500000,31344
6,2025,121500000,121506000,19828,33046,121560000,31360
6,2026,121560000,121566000,19828,33046,121620000,31375
6,2027,121620000,121626000,19828,33046,121680000,31390
6,2028,121680000,121686000,19828,33046,121740000,31405
6,2029,121740000,121746000,19828,33046,121800000,31421
6,203,12180000,12186000,19828,33046,12240000,3154
6,2030,121800000,121806000,19828,33046,121860000,31436
6,2031,121860000,121866000,19828,33046,121920000,31452
6,2032,121920000,121926000,19828,33046,121980000,31467
6,2033,121980000,121986000,19828,33046,122040000,31483
6,2034,122040000,122046000,19828,33046,122100000,31499
6,2035,122100000,122106000,19828,33046,122160000,31515
6,2036,122160000,122166000,19828,33046,122220000,31529
6,2037,122220000,122226000,19828,33046,122280000,31545
6,2038,122280000,122286000,19828,33046,122340000,31560
6,2039,122340000,122346000,19828,33046,122400000,31577
6,204,12240000,12246000,19828,33046,12300000,3170
6,2040,122400000,122406000,19828,33046,122460000,31591
6,2041,122460000,122466000,19828,33046,122520000,31607
6,2042,122520000,122526000,19828,33046,122580000,31622
6,2043,122580000,122586000,19828,33046,122640000,31637
6,2044,122640000,122646000,19828,33046,122700000,31653
6,2045,122700000,122706000,19828,33046,122760000,31669
6,2046,122760000,122766000,19828,33046,122820000,31684
6,2047,122820000,122826000,19828,33046,122880000,31700
6,2048,122880000,122886000,19828,33046,122940000,31715
6,2049,122940000,122946000,19828,33046,123000000,31732
6,205,12300000,12306000,19828,33046,12360000,3186
6,2050,123000000,123006000,19828,33046,123060000,31746
6,2051,123060000,123066000,19828,33046,123120000,31762
6,2052,123120000,123126000,19828,33046,123180000,31777
6,2053,123180000,123186000,19828,33046,123240000,31792
6,2054,123240000,123246000,19828,33046,123300000,31808
6,2055,123300000,123306000,19828,33046,123360000,31824
6,2056,123360000,123366000,19828,33046,123420000,31839
6,2057,123420000,123426000,19828,33046,123480000,31854
6,2058,123480000,123486000,19828,33046,123540000,31869
6,2059,123540000,123546000,19828,33046,123600000,31886
6,206,12360000,12366000,19828,33046,12420000,3201
6,2060,123600000,123606000,19828,33046,123660000,31901
6,2061,123660000,123666000,19828,33046,123720000,31917
6,2062,123720000,123726000,19828,33046,123780000,31932
6,2063,123780000,123786000,19828,33046,123840000,31948
6,2064,123840000,123846000,19828,33046,123900000,31963
6,2065,123900000,123906000,19828,33046,123960000,31979
6,2066,123960000,123966000,19828,33046,124020000,31993
6,2067,124020000,124026000,19828,33046,124080000,32009
6,2068,124080000,124086000,19828,33046,124140000,32024
6,2069,124140000,124146000,19828,33046,124200000,32041
6,207,12420000,12426000,19828,33046,12480000,3216
6,2070,124200000,124206000,19828,33046,124260000,32056
6,2071,124260000,124266000,19828,33046,124320000,32071
6,2072,124320000,124326000,19828,33046,124380000,32086
6,2073,124380000,124386000,19828,33046,124440000,32102
6,2074,124440000,124446000,19828,33046,124500000,32118
6,2075,124500000,124506000,19828,33046,124560000,32134
6,2076,124560000,124566000,19828,33046,124620000,32149
6,2077,124620000,124626000,19828,33046,124680000,32165
6,2078,124680000,124686000,19828,33046,124740000,32179
6,2079,124740000,124746000,19828,33046,124800000,32195
6,208,12480000,12486000,19828,33046,12540000,3231
6,2080,124800000,124806000,19828,33046,124860000,32210
6,2081,124860000,124866000,19828,33046,124920000,32226
6,2082,124920000,124926000,19828,33046,124980000,32241
6,2083,124980000,124986000,19828,33046,125040000,32257
6,2084,125040000,125046000,19828,33046,125100000,32273
6,2085,125100000,125106000,19828,33046,125160000,32288
6,2086,125160000,125166000,19828,33046,125220000,32303
6,2087,125220000,125226000,19828,33046,125280000,32319
6,2088,125280000,125286000,19828,33046,125340000,32334
6,2089,125340000,125346000,19828,33046,125400000,32351
6,209,12540000,12546000,19828,33046,12600000,3247
6,2090,125400000,125406000,19828,33046,125460000,32366
6,2091,125460000,125466000,19828,33046,125520000,32382
6,2092,125520000,125526000,19828,33046,125580000,32395
6,2093,125580000,125586000,19828,33046,125640000,32411
6,2094,125640000,125646000,19828,33046,125700000,32427
6,2095,125700000,125706000,19828,33046,125760000,32443
6,2096,125760000,125766000,19828,33046,125820000,32458
6,2097,125820000,125826000,19828,33046,125880000,32474
6,2098,125880000,125886000,19828,33046,125940000,32489
6,2099,125940000,125946000,19828,33046,126000000,32505
6,21,1260000,1266000,19828,33046,1320000,337
6,210,12600000,12606000,19828,33046,12660000,3262
6,2100,126000000,126006000,19828,33046,126060000,32520
6,2101,126060000,126066000,19828,33046,126120000,32536
6,2102,126120000,126126000,19828,33046,126180000,32551
6,2103,126180000,126186000,19828,33046,126240000,32567
6,2104,126240000,126246000,19828,33046,126300000,32583
6,2105,126300000,126306000,19828,33046,126360000,32598
6,2106,126360000,126366000,19828,33046,126420000,32612
6,2107,126420000,126426000,19828,33046,126480000,32628
6,2108,126480000,126486000,19828,33046,126540000,32643
6,2109,126540000,126546000,19828,33046,126600000,32660
6,211,12660000,12666000,19828,33046,12720000,3278
6,2110,126600000,126606000,19828,33046,126660000,32675
6,2111,126660000,126666000,19828,33046,126720000,32691
6,2112,126720000,126726000,19828,33046,126780000,32706
6,2113,126780000,126786000,19828,33046,126840000,32721
6,2114,126840000,126846000,19828,33046,126900000,32737
6,2115,126900000,126906000,19828,33046,126960000,32753
6,2116,126960000,126966000,19828,33046,127020000,32768
6,2117,127020000,127026000,19828,33046,127080000,32784
6,2118,127080000,127086000,19828,33046,127140000,32798
6,2119,127140000,127146000,19828,33046,127200000,32815
6,212,12720000,12726000,19828,33046,12780000,3293
6,2120,127200000,127206000,19828,33046,127260000,32829
6,2121,127260000,127266000,19828,33046,127320000,32845
6,2122,127320000,127326000,19828,33046,127380000,32860
6,2123,127380000,127386000,19828,33046,127440000,32876
6,2124,127440000,127446000,19828,33046,127500000,32892
6,2125,127500000,127506000,19828,33046,127560000,32908
6,2126,127560000,127566000,19828,33046,127620000,32923
6,2127,127620000,127626000,19828,33046,127680000,32938
6,2128,127680000,127686000,19828,33046,127740000,32953
6,2129,127740000,127746000,19828,33046,127800000,32970
6,213,12780000,12786000,19828,33046,12840000,3309
6,2130,127800000,127806000,19828,33046,127860000,32985
6,2131,127860000,127866000,19828,33046,127920000,33000
6,2132,127920000,127926000,19828,33046,127980000,33015
6,2133,127980000,127986000,19828,33046,128040000,33031
6,2134,128040000,128046000,19828,33046,128100000,33046
6,2135,128100000,128106000,19828,33046,128160000,33062
6,2136,128160000,128166000,19828,33046,128220000,33077
6,2137,128220000,128226000,19828,33046,128280000,33093
6,2138,128280000,128286000,19828,33046,128340000,33108
6,2139,128340000,128346000,19828,33046,128400000,33125
6,214,12840000,12846000,19828,33046,12900000,3325
6,2140,128400000,128406000,19828,33046,128460000,33140
6,2141,128460000,128466000,19828,33046,128520000,33155
6,2142,128520000,128526000,19828,33046,128580000,33170
6,2143,128580000,128586000,19828,33046,128640000,33186
6,2144,128640000,128646000,19828,33046,128700000,33201
6,2145,128700000,128706000,19828,33046,128760000,33217
6,2146,128760000,128766000,19828,33046,128820000,33232
6,2147,128820000,128826000,19828,33046,128880000,33248
6,2148,128880000,128886000,19828,33046,128940000,33262
6,2149,128940000,128946000,19828,33046,129000000,33279
6,215,12900000,12906000,19828,33046,12960000,3341
6,2150,129000000,129006000,19828,33046,129060000,33294
6,2151,129060000,129066000,19828,33046,129120000,33310
6,2152,129120000,129126000,19828,33046,129180000,33325
6,2153,129180000,129186000,19828,33046,129240000,33341
6,2154,129240000,129246000,19828,33046,129300000,33357
6,2155,129300000,129306000,19828,33046,129360000,33372
6,2156,129360000,129366000,19828,33046,129420000,33387
6,2157,129420000,129426000,19828,33046,129480000,33402
6,2158,129480000,129486000,19828,33046,129540000,33417
6,2159,129540000,129546000,19828,33046,129600000,33434
6,216,12960000,12966000,19828,33046,13020000,3355
6,2160,129600000,129606000,19828,33046,129660000,33449
6,2161,129660000,129666000,19828,33046,129720000,33465
6,2162,129720000,129726000,19828,33046,129780000,33479
6,2163,129780000,129786000,19828,33046,129840000,33495
6,2164,129840000,129846000,19828,33046,129900000,33511
6,2165,129900000,129906000,19828,33046,129960000,33527
6,2166,129960000,129966000,19828,33046,130020000,33542
6,2167,130020000,130026000,19828,33046,130080000,33558
6,2168,130080000,130086000,19828,33046,130140000,33573
6,2169,130140000,130146000,19828,33046,130200000,33589
6,217,13020000,13026000,19828,33046,13080000,3371
6,2170,130200000,130206000,19828,33046,130260000,33603
6,2171,130260000,130266000,19828,33046,130320000,33619
6,2172,130320000,130326000,19828,33046,130380000,33634
6,2173,130380000,130386000,19828,33046,130440000,33650
6,2174,130440000,130446000,19828,33046,130500000,33666
6,2175,130500000,130506000,19828,33046,130560000,33682
6,2176,130560000,130566000,19828,33046,130620000,33696
6,2177,130620000,130626000,19828,33046,130680000,33712
6,2178,130680000,130686000,19828,33046,130740000,33727
6,2179,130740000,130746000,19828,33046,130800000,33744
6,218,13080000,13086000,19828,33046,13140000,3386
6,2180,130800000,130806000,19828,33046,130860000,33759
6,2181,130860000,130866000,19828,33046,130920000,33775
6,2182,130920000,130926000,19828,33046,130980000,33790
6,2183,130980000,130986000,19828,33046,131040000,33804
6,2184,131040000,131046000,19828,33046,131100000,33820
6,2185,131100000,131106000,19828,33046,131160000,33836
6,2186,131160000,131166000,19828,33046,131220000,33851
6,2187,131220000,131226000,19828,33046,131280000,33867
6,2188,131280000,131286000,19828,33046,131340000,33882
6,2189,131340000,131346000,19828,33046,131400000,33899
6,219,13140000,13146000,19828,33046,13200000,3403
6,2190,131400000,131406000,19828,33046,131460000,33913
6,2191,131460000,131466000,19828,33046,131520000,33929
6,2192,131520000,131526000,19828,33046,131580000,33944
6,2193,131580000,131586000,19828,33046,131640000,33960
6,2194,131640000,131646000,19828,33046,131700000,33976
6,2195,131700000,131706000,19828,33046,131760000,33992
6,2196,131760000,131766000,19828,33046,131820000,34006
6,2197,131820000,131826000,19828,33046,131880000,34021
6,2198,131880000,131886000,19828,33046,131940000,34036
6,2199,131940000,131946000,19828,33046,132000000,34053
6,22,1320000,1326000,19828,33046,1380000,352
6,220,13200000,13206000,19828,33046,13260000,3417
6,2200,132000000,132006000,19828,33046,132060000,34068
6,2201,132060000,132066000,19828,33046,132120000,34084
6,2202,132120000,132126000,19828,33046,132180000,34099
6,2203,132180000,132186000,19828,33046,132240000,34115
6,2204,132240000,132246000,19828,33046,132300000,34130
6,2205,132300000,132306000,19828,33046,132360000,34146
6,2206,132360000,132366000,19828,33046,132420000,34161
6,2207,132420000,132426000,19828,33046,132480000,34177
6,2208,132480000,132486000,19828,33046,132540000,34192
6,2209,132540000,132546000,19828,33046,132600000,34208
6,221,13260000,13266000,19828,33046,13320000,3433
6,2210,132600000,132606000,19828,33046,132660000,34223
6,2211,132660000,132666000,19828,33046,132720000,34238
6,2212,132720000,132726000,19828,33046,132780000,34253
6,2213,132780000,132786000,19828,33046,132840000,34269
6,2214,132840000,132846000,19828,33046,132900000,34285
6,2215,132900000,132906000,19828,33046,132960000,34301
6,2216,132960000,132966000,19828,33046,133020000,34316
6,2217,133020000,133026000,19828,33046,133080000,34332
6,2218,133080000,133086000,19828,33046,133140000,34346
6,2219,133140000,133146000,19828,33046,133200000,34363
6,222,13320000,13326000,19828,33046,13380000,3448
6,2220,133200000,133206000,19828,33046,133260000,34378
6,2221,133260000,133266000,19828,33046,133320000,34394
6,2222,133320000,133326000,19828,33046,133380000,34408
6,2223,133380000,133386000,19828,33046,133440000,34424
6,2224,133440000,133446000,19828,33046,133500000,34440
6,2225,133500000,133506000,19828,33046,133560000,34455
6,2226,133560000,133566000,19828,33046,133620000,34470
6,2227,133620000,133626000,19828,33046,133680000,34486
6,2228,133680000,133686000,19828,33046,133740000,34501
6,2229,133740000,133746000,19828,33046,133800000,34518
6,223,13380000,13386000,19828,33046,13440000,3463
6,2230,133800000,133806000,19828,33046,133860000,34533
6,2231,133860000,133866000,19828,33046,133920000,34549
6,2232,133920000,133926000,19828,33046,133980000,34563
6,2233,133980000,133986000,19828,33046,134040000,34579
6,2234,134040000,134046000,19828,33046,134100000,34595
6,2235,134100000,134106000,19828,33046,134160000,34610
6,2236,134160000,134166000,19828,33046,134220000,34625
6,2237,134220000,134226000,19828,33046,134280000,34641
6,2238,134280000,134286000,19828,33046,134340000,34656
6,2239,134340000,134346000,19828,33046,134400000,34672
6,224,13440000,13446000,19828,33046,13500000,3479
6,2240,134400000,134406000,19828,33046,134460000,34687
6,2241,134460000,134466000,19828,33046,134520000,34703
6,2242,134520000,134526000,19828,33046,134580000,34718
6,2243,134580000,134586000,19828,33046,134640000,34734
6,2244,134640000,134646000,19828,33046,134700000,34750
6,2245,134700000,134706000,19828,33046,134760000,34766
6,2246,134760000,134766000,19828,33046,134820000,34780
6,2247,134820000,134826000,19828,33046,134880000,34796
6,2248,134880000,134886000,19828,33046,134940000,34810
6,2249,134940000,134946000,19828,33046,135000000,34827
6,225,13500000,13506000,19828,33046,13560000,3495
6,2250,135000000,135006000,19828,33046,135060000,34842
6,2251,135060000,135066000,19828,33046,135120000,34858
6,2252,135120000,135126000,19828,33046,135180000,34873
6,2253,135180000,135186000,19828,33046,135240000,34888
6,2254,135240000,135246000,19828,33046,135300000,34904
6,2255,135300000,135306000,19828,33046,135360000,34920
6,2256,135360000,135366000,19828,33046,135420000,34935
6,2257,135420000,135426000,19828,33046,135480000,34951
6,2258,135480000,135486000,19828,33046,135540000,34966
6,2259,135540000,135546000,19828,33046,135600000,34983
6,226,13560000,13566000,19828,33046,13620000,3510
6,2260,135600000,135606000,19828,33046,135660000,34997
6,2261,135660000,135666000,19828,33046,135720000,35012
6,2262,135720000,135726000,19828,33046,135780000,35027
6,2263,135780000,135786000,19828,33046,135840000,35043
6,2264,135840000,135846000,19828,33046,135900000,35059
6,2265,135900000,135906000,19828,33046,135960000,35075
6,2266,135960000,135966000,19828,33046,136020000,35090
6,2267,136020000,136026000,19828,33046,136080000,35105
6,2268,136080000,136086000,19828,33046,136140000,35120
6,2269,136140000,136146000,19828,33046,136200000,35137
6,227,13620000,13626000,19828,33046,13680000,3526
6,2270,136200000,136206000,19828,33046,136260000,35152
6,2271,136260000,136266000,19828,33046,136320000,35168
6,2272,136320000,136326000,19828,33046,136380000,35183
6,2273,136380000,136386000,19828,33046,136440000,35199
6,2274,136440000,136446000,19828,33046,136500000,35213
6,2275,136500000,136506000,19828,33046,136560000,35229
6,2276,136560000,136566000,19828,33046,136620000,35244
6,2277,136620000,136626000,19828,33046,136680000,35260
6,2278,136680000,136686000,19828,33046,136740000,35275
6,2279,136740000,136746000,19828,33046,136800000,35292
6,228,13680000,13686000,19828,33046,13740000,3541
6,2280,136800000,136806000,19828,33046,136860000,35307
6,2281,136860000,136866000,19828,33046,136920000,35322
6,2282,136920000,136926000,19828,33046,136980000,35337
6,2283,136980000,136986000,19828,33046,137040000,35353
6,2284,137040000,137046000,19828,33046,137100000,35369
6,2285,137100000,137106000,19828,33046,137160000,35385
6,2286,137160000,137166000,19828,33046,137220000,35400
6,2287,137220000,137226000,19828,33046,137280000,35415
6,2288,137280000,137286000,19828,33046,137340000,35429
6,2289,137340000,137346000,19828,33046,137400000,35446
6,229,13740000,13746000,19828,33046,13800000,3558
6,2290,137400000,137406000,19828,33046,137460000,35461
6,2291,137460000,137466000,19828,33046,137520000,35477
6,2292,137520000,137526000,19828,33046,137580000,35492
6,2293,137580000,137586000,19828,33046,137640000,35508
6,2294,137640000,137646000,19828,33046,137700000,35524
6,2295,137700000,137706000,19828,33046,137760000,35539
6,2296,137760000,137766000,19828,33046,137820000,35554
6,2297,137820000,137826000,19828,33046,137880000,35570
6,2298,137880000,137886000,19828,33046,137940000,35585
6,2299,137940000,137946000,19828,33046,138000000,35602
6,23,1380000,1386000,19828,33046,1440000,368
6,230,13800000,13806000,19828,33046,13860000,3572
6,2300,138000000,138006000,19828,33046,138060000,35616
6,2301,138060000,138066000,19828,33046,138120000,35632
6,2302,138120000,138126000,19828,33046,138180000,35646
6,2303,138180000,138186000,19828,33046,138240000,35662
6,2304,138240000,138246000,19828,33046,138300000,35678
6,2305,138300000,138306000,19828,33046,138360000,35694
6,2306,138360000,138366000,19828,33046,138420000,35709
6,2307,138420000,138426000,19828,33046,138480000,35725
6,2308,138480000,138486000,19828,33046,138540000,35740
6,2309,138540000,138546000,19828,33046,138600000,35756
6,231,13860000,13866000,19828,33046,13920000,3588
6,2310,138600000,138606000,19828,33046,138660000,35771
6,2311,138660000,138666000,19828,33046,138720000,35787
6,2312,138720000,138726000,19828,33046,138780000,35802
6,2313,138780000,138786000,19828,33046,138840000,35817
6,2314,138840000,138846000,19828,33046,138900000,35833
6,2315,138900000,138906000,19828,33046,138960000,35849
6,2316,138960000,138966000,19828,33046,139020000,35863
6,2317,139020000,139026000,19828,33046,139080000,35879
6,2318,139080000,139086000,19828,33046,139140000,35894
6,2319,139140000,139146000,19828,33046,139200000,35911
6,232,13920000,13926000,19828,33046,13980000,3603
6,2320,139200000,139206000,19828,33046,139260000,35926
6,2321,139260000,139266000,19828,33046,139320000,35942
6,2322,139320000,139326000,19828,33046,139380000,35957
6,2323,139380000,139386000,19828,33046,139440000,35972
6,2324,139440000,139446000,19828,33046,139500000,35988
6,2325,139500000,139506000,19828,33046,139560000,36004
6,2326,139560000,139566000,19828,33046,139620000,36018
6,2327,139620000,139626000,19828,33046,139680000,36034
6,2328,139680000,139686000,19828,33046,139740000,36049
6,2329,139740000,139746000,19828,33046,139800000,36066
6,233,13980000,13986000,19828,33046,14040000,3618
6,2330,139800000,139806000,19828,33046,139860000,36080
6,2331,139860000,139866000,19828,33046,139920000,36096
6,2332,139920000,139926000,19828,33046,139980000,36111
6,2333,139980000,139986000,19828,33046,140040000,36127
6,2334,140040000,140046000,19828,33046,140100000,36143
6,2335,140100000,140106000,19828,33046,140160000,36159
6,2336,140160000,140166000,19828,33046,140220000,36174
6,2337,140220000,140226000,19828,33046,140280000,36189
6,2338,140280000,140286000,19828,33046,140340000,36204
6,2339,140340000,140346000,19828,33046,140400000,36220
6,234,14040000,14046000,19828,33046,14100000,3634
6,2340,140400000,140406000,19828,33046,140460000,36235
6,2341,140460000,140466000,19828,33046,140520000,36251
6,2342,140520000,140526000,19828,33046,140580000,36266
6,2343,140580000,140586000,19828,33046,140640000,36282
6,2344,140640000,140646000,19828,33046,140700000,36297
6,2345,140700000,140706000,19828,33046,140760000,36313
6,2346,140760000,140766000,19828,33046,140820000,36328
6,2347,140820000,140826000,19828,33046,140880000,36344
6,2348,140880000,140886000,19828,33046,140940000,36359
6,2349,140940000,140946000,19828,33046,141000000,36376
6,235,14100000,14106000,19828,33046,14160000,3650
6,2350,141000000,141006000,19828,33046,141060000,36391
6,2351,141060000,141066000,19828,33046,141120000,36406
6,2352,141120000,141126000,19828,33046,141180000,36420
6,2353,141180000,141186000,19828,33046,141240000,36436
6,2354,141240000,141246000,19828,33046,141300000,36452
6,2355,141300000,141306000,19828,33046,141360000,36468
6,2356,141360000,141366000,19828,33046,141420000,36483
6,2357,141420000,141426000,19828,33046,141480000,36499
6,2358,141480000,141486000,19828,33046,141540000,36513
6,2359,141540000,141546000,19828,33046,141600000,36530
6,236,14160000,14166000,19828,33046,14220000,3665
6,2360,141600000,141606000,19828,33046,141660000,36545
6,2361,141660000,141666000,19828,33046,141720000,36561
6,2362,141720000,141726000,19828,33046,141780000,36576
6,2363,141780000,141786000,19828,33046,141840000,36592
6,2364,141840000,141846000,19828,33046,141900000,36608
6,2365,141900000,141906000,19828,33046,141960000,36622
6,2366,141960000,141966000,19828,33046,142020000,36637
6,2367,142020000,142026000,19828,33046,142080000,36653
6,2368,142080000,142086000,19828,33046,142140000,36668
6,2369,142140000,142146000,19828,33046,142200000,36685
6,237,14220000,14226000,19828,33046,14280000,3680
6,2370,142200000,142206000,19828,33046,142260000,36700
6,2371,142260000,142266000,19828,33046,142320000,36716
6,2372,142320000,142326000,19828,33046,142380000,36730
6,2373,142380000,142386000,19828,33046,142440000,36746
6,2374,142440000,142446000,19828,33046,142500000,36762
6,2375,142500000,142506000,19828,33046,142560000,36778
6,2376,142560000,142566000,19828,33046,142620000,36793
6,2377,142620000,142626000,19828,33046,142680000,36809
6,2378,142680000,142686000,19828,33046,142740000,36823
6,2379,142740000,142746000,19828,33046,142800000,36839
6,238,14280000,14286000,19828,33046,14340000,3695
6,2380,142800000,142806000,19828,33046,142860000,36854
6,2381,142860000,142866000,19828,33046,142920000,36870
6,2382,142920000,142926000,19828,33046,142980000,36885
6,2383,142980000,142986000,19828,33046,143040000,36901
6,2384,143040000,143046000,19828,33046,143100000,36917
6,2385,143100000,143106000,19828,33046,143160000,36933
6,2386,143160000,143166000,19828,33046,143220000,36947
6,2387,143220000,143226000,19828,33046,143280000,36963
6,2388,143280000,143286000,19828,33046,143340000,36978
6,2389,143340000,143346000,19828,33046,143400000,36995
6,239,14340000,14346000,19828,33046,14400000,3712
6,2390,143400000,143406000,19828,33046,143460000,37010
6,2391,143460000,143466000,19828,33046,143520000,37025
6,2392,143520000,143526000,19828,33046,143580000,37040
6,2393,143580000,143586000,19828,33046,143640000,37055
6,2394,143640000,143646000,19828,33046,143700000,37071
6,2395,143700000,143706000,19828,33046,143760000,37087
6,2396,143760000,143766000,19828,33046,143820000,37102
6,2397,143820000,143826000,19828,33046,143880000,37118
6,2398,143880000,143886000,19828,33046,143940000,37133
6,2399,143940000,143946000,19828,33046,144000000,37150
6,24,1440000,1446000,19828,33046,1500000,384
6,240,14400000,14406000,19828,33046,14460000,3727
6,2400,144000000,144006000,19828,33046,144060000,37164
6,2401,144060000,144066000,19828,33046,144120000,37180
6,2402,144120000,144126000,19828,33046,144180000,37195
6,2403,144180000,144186000,19828,33046,144240000,37211
6,2404,144240000,144246000,19828,33046,144300000,37226
6,2405,144300000,144306000,19828,33046,144360000,37242
6,2406,144360000,144366000,19828,33046,144420000,37257
6,2407,144420000,144426000,19828,33046,144480000,37272
6,2408,144480000,144486000,19828,33046,144540000,37287
6,2409,144540000,144546000,19828,33046,144600000,37304
6,241,14460000,14466000,19828,33046,14520000,3743
6,2410,144600000,144606000,19828,33046,144660000,37319
6,2411,144660000,144666000,19828,33046,144720000,37335
6,2412,144720000,144726000,19828,33046,144780000,37350
6,2413,144780000,144786000,19828,33046,144840000,37366
6,2414,144840000,144846000,19828,33046,144900000,37381
6,2415,144900000,144906000,19828,33046,144960000,37397
6,2416,144960000,144966000,19828,33046,145020000,37412
6,2417,145020000,145026000,19828,33046,145080000,37427
6,2418,145080000,145086000,19828,33046,145140000,37442
6,2419,145140000,145146000,19828,33046,145200000,37459
6,242,14520000,14526000,19828,33046,14580000,3758
6,2420,145200000,145206000,19828,33046,145260000,37474
6,2421,145260000,145266000,19828,33046,145320000,37489
6,2422,145320000,145326000,19828,33046,145380000,37504
6,2423,145380000,145386000,19828,33046,145440000,37520
6,2424,145440000,145446000,19828,33046,145500000,37536
6,2425,145500000,145506000,19828,33046,145560000,37552
6,2426,145560000,145566000,19828,33046,145620000,37567
6,2427,145620000,145626000,19828,33046,145680000,37583
6,2428,145680000,145686000,19828,33046,145740000,37597
6,2429,145740000,145746000,19828,33046,145800000,37614
6,243,14580000,14586000,19828,33046,14640000,3774
6,2430,145800000,145806000,19828,33046,145860000,37628
6,2431,145860000,145866000,19828,33046,145920000,37644
6,2432,145920000,145926000,19828,33046,145980000,37659
6,2433,145980000,145986000,19828,33046,146040000,37675
6,2434,146040000,146046000,19828,33046,146100000,37691
6,2435,146100000,146106000,19828,33046,146160000,37706
6,2436,146160000,146166000,19828,33046,146220000,37721
6,2437,146220000,146226000,19828,33046,146280000,37737
6,2438,146280000,146286000,19828,33046,146340000,37752
6,2439,146340000,146346000,19828,33046,146400000,37769
6,244,14640000,14646000,19828,33046,14700000,3789
6,2440,146400000,146406000,19828,33046,146460000,37784
6,2441,146460000,146466000,19828,33046,146520000,37800
6,2442,146520000,146526000,19828,33046,146580000,37814
6,2443,146580000,146586000,19828,33046,146640000,37829
6,2444,146640000,146646000,19828,33046,146700000,37845
6,2445,146700000,146706000,19828,33046,146760000,37861
6,2446,146760000,146766000,19828,33046,146820000,37876
6,2447,146820000,146826000,19828,33046,146880000,37892
6,2448,146880000,146886000,19828,33046,146940000,37907
6,2449,146940000,146946000,19828,33046,147000000,37923
6,245,14700000,14706000,19828,33046,14760000,3805
6,2450,147000000,147006000,19828,33046,147060000,37938
6,2451,147060000,147066000,19828,33046,147120000,37954
6,2452,147120000,147126000,19828,33046,147180000,37969
6,2453,147180000,147186000,19828,33046,147240000,37985
6,2454,147240000,147246000,19828,33046,147300000,38001
6,2455,147300000,147306000,19828,33046,147360000,38017
6,2456,147360000,147366000,19828,33046,147420000,38030
6,2457,147420000,147426000,19828,33046,147480000,38046
6,2458,147480000,147486000,19828,33046,147540000,38061
6,2459,147540000,147546000,19828,33046,147600000,38078
6,246,14760000,14766000,19828,33046,14820000,3819
6,2460,147600000,147606000,19828,33046,147660000,38093
6,2461,147660000,147666000,19828,33046,147720000,38109
6,2462,147720000,147726000,19828,33046,147780000,38124
6,2463,147780000,147786000,19828,33046,147840000,38139
6,2464,147840000,147846000,19828,33046,147900000,38155
6,2465,147900000,147906000,19828,33046,147960000,38171
6,2466,147960000,147966000,19828,33046,148020000,38186
6,2467,148020000,148026000,19828,33046,148080000,38202
6,2468,148080000,148086000,19828,33046,148140000,38217
6,2469,148140000,148146000,19828,33046,148200000,38233
6,247,14820000,14826000,19828,33046,14880000,3835
6,2470,148200000,148206000,19828,33046,148260000,38247
6,2471,148260000,148266000,19828,33046,148320000,38263
6,2472,148320000,148326000,19828,33046,148380000,38278
6,2473,148380000,148386000,19828,33046,148440000,38294
6,2474,148440000,148446000,19828,33046,148500000,38310
6,2475,148500000,148506000,19828,33046,148560000,38326
6,2476,148560000,148566000,19828,33046,148620000,38341
6,2477,148620000,148626000,19828,33046,148680000,38356
6,2478,148680000,148686000,19828,33046,148740000,38371
6,2479,148740000,148746000,19828,33046,148800000,38388
6,248,14880000,14886000,19828,33046,14940000,3850
6,2480,148800000,148806000,19828,33046,148860000,38403
6,2481,148860000,148866000,19828,33046,148920000,38419
6,2482,148920000,148926000,19828,33046,148980000,38433
6,2483,148980000,148986000,19828,33046,149040000,38449
6,2484,149040000,149046000,19828,33046,149100000,38464
6,2485,149100000,149106000,19828,33046,149160000,38480
6,2486,149160000,149166000,19828,33046,149220000,38495
6,2487,149220000,149226000,19828,33046,149280000,38511
6,2488,149280000,149286000,19828,33046,149340000,38526
6,2489,149340000,149346000,19828,33046,149400000,38543
6,249,14940000,14946000,19828,33046,15000000,3867
6,2490,149400000,149406000,19828,33046,149460000,38558
6,2491,149460000,149466000,19828,33046,149520000,38573
6,2492,149520000,149526000,19828,33046,149580000,38588
6,2493,149580000,149586000,19828,33046,149640000,38604
6,2494,149640000,149646000,19828,33046,149700000,38620
6,2495,149700000,149706000,19828,33046,149760000,38635
6,2496,149760000,149766000,19828,33046,149820000,38650
6,2497,149820000,149826000,19828,33046,149880000,38666
6,2498,149880000,149886000,19828,33046,149940000,38680
6,2499,149940000,149946000,19828,33046,150000000,38697
6,25,1500000,1506000,19828,33046,1560000,399
6,250,15000000,15006000,19828,33046,15060000,3882
6,2500,150000000,150006000,19828,33046,150060000,38712
6,2501,150060000,150066000,19828,33046,150120000,38728
6,2502,150120000,150126000,19828,33046,150180000,38743
6,2503,150180000,150186000,19828,33046,150240000,38759
6,2504,150240000,150246000,19828,33046,150300000,38775
6,2505,150300000,150306000,19828,33046,150360000,38790
6,2506,150360000,150366000,19828,33046,150420000,38805
6,2507,150420000,150426000,19828,33046,150480000,38821
6,2508,150480000,150486000,19828,33046,150540000,38835
6,2509,150540000,150546000,19828,33046,150600000,38852
6,251,15060000,15066000,19828,33046,15120000,3897
6,2510,150600000,150606000,19828,33046,150660000,38867
6,2511,150660000,150666000,19828,33046,150720000,38883
6,2512,150720000,150726000,19828,33046,150780000,38897
6,2513,150780000,150786000,19828,33046,150840000,38913
6,2514,150840000,150846000,19828,33046,150900000,38929
6,2515,150900000,150906000,19828,33046,150960000,38945
6,2516,150960000,150966000,19828,33046,151020000,38960
6,2517,151020000,151026000,19828,33046,151080000,38976
6,2518,151080000,151086000,19828,33046,151140000,38991
6,2519,151140000,151146000,19828,33046,151200000,39007
6,252,15120000,15126000,19828,33046,15180000,3912
6,2520,151200000,151206000,19828,33046,151260000,39022
6,2521,151260000,151266000,19828,33046,151320000,39037
6,2522,151320000,151326000,19828,33046,151380000,39052
6,2523,151380000,151386000,19828,33046,151440000,39068
6,2524,151440000,151446000,19828,33046,151500000,39084
6,2525,151500000,151506000,19828,33046,151560000,39100
6,2526,151560000,151566000,19828,33046,151620000,39114
6,2527,151620000,151626000,19828,33046,151680000,39130
6,2528,151680000,151686000,19828,33046,151740000,39145
6,2529,151740000,151746000,19828,33046,151800000,39162
6,253,15180000,15186000,19828,33046,15240000,3928
6,2530,151800000,151806000,19828,33046,151860000,39177
6,2531,151860000,151866000,19828,33046,151920000,39193
6,2532,151920000,151926000,19828,33046,151980000,39208
6,2533,151980000,151986000,19828,33046,152040000,39223
6,2534,152040000,152046000,19828,33046,152100000,39238
6,2535,152100000,152106000,19828,33046,152160000,39254
6,2536,152160000,152166000,19828,33046,152220000,39269
6,2537,152220000,152226000,19828,33046,152280000,39285
6,2538,152280000,152286000,19828,33046,152340000,39300
6,2539,152340000,152346000,19828,33046,152400000,39317
6,254,15240000,15246000,19828,33046,15300000,3944
6,2540,152400000,152406000,19828,33046,152460000,39331
6,2541,152460000,152466000,19828,33046,152520000,39347
6,2542,152520000,152526000,19828,33046,152580000,39362
6,2543,152580000,152586000,19828,33046,152640000,39378
6,2544,152640000,152646000,19828,33046,152700000,39394
6,2545,152700000,152706000,19828,33046,152760000,39410
6,2546,152760000,152766000,19828,33046,152820000,39425
6,2547,152820000,152826000,19828,33046,152880000,39439
6,2548,152880000,152886000,19828,33046,152940000,39454
6,2549,152940000,152946000,19828,33046,153000000,39471
6,255,15300000,15306000,19828,33046,15360000,3960
6,2550,153000000,153006000,19828,33046,153060000,39486
6,2551,153060000,153066000,19828,33046,153120000,39502
6,2552,153120000,153126000,19828,33046,153180000,39517
6,2553,153180000,153186000,19828,33046,153240000,39533
6,2554,153240000,153246000,19828,33046,153300000,39548
6,2555,153300000,153306000,19828,33046,153360000,39564
6,2556,153360000,153366000,19828,33046,153420000,39579
6,2557,153420000,153426000,19828,33046,153480000,39595
6,2558,153480000,153486000,19828,33046,153540000,39610
6,2559,153540000,153546000,19828,33046,153600000,39627
6,256,15360000,15366000,19828,33046,15420000,3975
6,2560,153600000,153606000,19828,33046,153660000,39641
6,2561,153660000,153666000,19828,33046,153720000,39656
6,2562,153720000,153726000,19828,33046,153780000,39671
6,2563,153780000,153786000,19828,33046,153840000,39687
6,2564,153840000,153846000,19828,33046,153900000,39703
6,2565,153900000,153906000,19828,33046,153960000,39719
6,2566,153960000,153966000,19828,33046,154020000,39734
6,2567,154020000,154026000,19828,33046,154080000,39750
6,2568,154080000,154086000,19828,33046,154140000,39764
6,2569,154140000,154146000,19828,33046,154200000,39781
6,257,15420000,15426000,19828,33046,15480000,3991
6,2570,154200000,154206000,19828,33046,154260000,39796
6,2571,154260000,154266000,19828,33046,154320000,39812
6,2572,154320000,154326000,19828,33046,154380000,39827
6,2573,154380000,154386000,19828,33046,154440000,39842
6,2574,154440000,154446000,19828,33046,154500000,39858
6,2575,154500000,154506000,19828,33046,154560000,39873
6,2576,154560000,154566000,19828,33046,154620000,39888
6,2577,154620000,154626000,19828,33046,154680000,39904
6,2578,154680000,154686000,19828,33046,154740000,39919
6,2579,154740000,154746000,19828,33046,154800000,39936
6,258,15480000,15486000,19828,33046,15540000,4005
6,2580,154800000,154806000,19828,33046,154860000,39951
6,2581,154860000,154866000,19828,33046,154920000,39967
6,2582,154920000,154926000,19828,33046,154980000,39981
6,2583,154980000,154986000,19828,33046,155040000,39997
6,2584,155040000,155046000,19828,33046,155100000,40013
6,2585,155100000,155106000,19828,33046,155160000,40029
6,2586,155160000,155166000,19828,33046,155220000,40043
6,2587,155220000,155226000,19828,33046,155280000,40059
6,2588,155280000,155286000,19828,33046,155340000,40074
6,2589,155340000,155346000,19828,33046,155400000,40090
6,259,15540000,15546000,19828,33046,15600000,4021
6,2590,155400000,155406000,19828,33046,155460000,40105
6,2591,155460000,155466000,19828,33046,155520000,40121
6,2592,155520000,155526000,19828,33046,155580000,40136
6,2593,155580000,155586000,19828,33046,155640000,40152
6,2594,155640000,155646000,19828,33046,155700000,40168
6,2595,155700000,155706000,19828,33046,155760000,40184
6,2596,155760000,155766000,19828,33046,155820000,40198
6,2597,155820000,155826000,19828,33046,155880000,40214
6,2598,155880000,155886000,19828,33046,155940000,40229
6,2599,155940000,155946000,19828,33046,156000000,40245
6,26,1560000,1566000,19828,33046,1620000,414
6,260,15600000,15606000,19828,33046,15660000,4036
6,2600,156000000,156006000,19828,33046,156060000,40260
6,2601,156060000,156066000,19828,33046,156120000,40276
6,2602,156120000,156126000,19828,33046,156180000,40291
6,2603,156180000,156186000,19828,33046,156240000,40306
6,2604,156240000,156246000,19828,33046,156300000,40322
6,2605,156300000,156306000,19828,33046,156360000,40338
6,2606,156360000,156366000,19828,33046,156420000,40353
6,2607,156420000,156426000,19828,33046,156480000,40369
6,2608,156480000,156486000,19828,33046,156540000,40384
6,2609,156540000,156546000,19828,33046,156600000,40401
6,261,15660000,15666000,19828,33046,15720000,4052
6,2610,156600000,156606000,19828,33046,156660000,40415
6,2611,156660000,156666000,19828,33046,156720000,40431
6,2612,156720000,156726000,19828,33046,156780000,40445
6,2613,156780000,156786000,19828,33046,156840000,40461
6,2614,156840000,156846000,19828,33046,156900000,40477
6,2615,156900000,156906000,19828,33046,156960000,40493
6,2616,156960000,156966000,19828,33046,157020000,40508
6,2617,157020000,157026000,19828,33046,157080000,40523
6,2618,157080000,157086000,19828,33046,157140000,40538
6,2619,157140000,157146000,19828,33046,157200000,40555
6,262,15720000,15726000,19828,33046,15780000,4067
6,2620,157200000,157206000,19828,33046,157260000,40570
6,2621,157260000,157266000,19828,33046,157320000,40586
6,2622,157320000,157326000,19828,33046,157380000,40601
6,2623,157380000,157386000,19828,33046,157440000,40617
6,2624,157440000,157446000,19828,33046,157500000,40632
6,2625,157500000,157506000,19828,33046,157560000,40647
6,2626,157560000,157566000,19828,33046,157620000,40662
6,2627,157620000,157626000,19828,33046,157680000,40678
6,2628,157680000,157686000,19828,33046,157740000,40693
6,2629,157740000,157746000,19828,33046,157800000,40710
6,263,15780000,15786000,19828,33046,15840000,4083
6,2630,157800000,157806000,19828,33046,157860000,40725
6,2631,157860000,157866000,19828,33046,157920000,40740
6,2632,157920000,157926000,19828,33046,157980000,40755
6,2633,157980000,157986000,19828,33046,158040000,40771
6,2634,158040000,158046000,19828,33046,158100000,40787
6,2635,158100000,158106000,19828,33046,158160000,40803
6,2636,158160000,158166000,19828,33046,158220000,40818
6,2637,158220000,158226000,19828,33046,158280000,40834
6,2638,158280000,158286000,19828,33046,158340000,40847
6,2639,158340000,158346000,19828,33046,158400000,40864
6,264,15840000,15846000,19828,33046,15900000,4099
6,2640,158400000,158406000,19828,33046,158460000,40879
6,2641,158460000,158466000,19828,33046,158520000,40895
6,2642,158520000,158526000,19828,33046,158580000,40910
6,2643,158580000,158586000,19828,33046,158640000,40926
6,2644,158640000,158646000,19828,33046,158700000,40942
6,2645,158700000,158706000,19828,33046,158760000,40957
6,2646,158760000,158766000,19828,33046,158820000,40972
6,2647,158820000,158826000,19828,33046,158880000,40988
6,2648,158880000,158886000,19828,33046,158940000,41003
6,2649,158940000,158946000,19828,33046,159000000,41020
6,265,15900000,15906000,19828,33046,15960000,4114
6,2650,159000000,159006000,19828,33046,159060000,41035
6,2651,159060000,159066000,19828,33046,159120000,41050
6,2652,159120000,159126000,19828,33046,159180000,41064
6,2653,159180000,159186000,19828,33046,159240000,41080
6,2654,159240000,159246000,19828,33046,159300000,41096
6,2655,159300000,159306000,19828,33046,159360000,41112
6,2656,159360000,159366000,19828,33046,159420000,41127
6,2657,159420000,159426000,19828,33046,159480000,41143
6,2658,159480000,159486000,19828,33046,159540000,41158
6,2659,159540000,159546000,19828,33046,159600000,41174
6,266,15960000,15966000,19828,33046,16020000,4129
6,2660,159600000,159606000,19828,33046,159660000,41189
6,2661,159660000,159666000,19828,33046,159720000,41205
6,2662,159720000,159726000,19828,33046,159780000,41220
6,2663,159780000,159786000,19828,33046,159840000,41236
6,2664,159840000,159846000,19828,33046,159900000,41251
6,2665,159900000,159906000,19828,33046,159960000,41267
6,2666,159960000,159966000,19828,33046,160020000,41281
6,2667,160020000,160026000,19828,33046,160080000,41297
6,2668,160080000,160086000,19828,33046,160140000,41312
6,2669,160140000,160146000,19828,33046,160200000,41329
6,267,16020000,16026000,19828,33046,16080000,4145
6,2670,160200000,160206000,19828,33046,160260000,41344
6,2671,160260000,160266000,19828,33046,160320000,41360
6,2672,160320000,160326000,19828,33046,160380000,41375
6,2673,160380000,160386000,19828,33046,160440000,41390
6,2674,160440000,160446000,19828,33046,160500000,41406
6,2675,160500000,160506000,19828,33046,160560000,41422
6,2676,160560000,160566000,19828,33046,160620000,41437
6,2677,160620000,160626000,19828,33046,160680000,41452
6,2678,160680000,160686000,19828,33046,160740000,41467
6,2679,160740000,160746000,19828,33046,160800000,41484
6,268,16080000,16086000,19828,33046,16140000,4160
6,2680,160800000,160806000,19828,33046,160860000,41498
6,2681,160860000,160866000,19828,33046,160920000,41514
6,2682,160920000,160926000,19828,33046,160980000,41529
6,2683,160980000,160986000,19828,33046,161040000,41545
6,2684,161040000,161046000,19828,33046,161100000,41561
6,2685,161100000,161106000,19828,33046,161160000,41577
6,2686,161160000,161166000,19828,33046,161220000,41592
6,2687,161220000,161226000,19828,33046,161280000,41607
6,2688,161280000,161286000,19828,33046,161340000,41622
6,2689,161340000,161346000,19828,33046,161400000,41639
6,269,16140000,16146000,19828,33046,16200000,4177
6,2690,161400000,161406000,19828,33046,161460000,41653
6,2691,161460000,161466000,19828,33046,161520000,41669
6,2692,161520000,161526000,19828,33046,161580000,41684
6,2693,161580000,161586000,19828,33046,161640000,41700
6,2694,161640000,161646000,19828,33046,161700000,41715
6,2695,161700000,161706000,19828,33046,161760000,41731
6,2696,161760000,161766000,19828,33046,161820000,41746
6,2697,161820000,161826000,19828,33046,161880000,41762
6,2698,161880000,161886000,19828,33046,161940000,41777
6,2699,161940000,161946000,19828,33046,162000000,41794
6,27,1620000,1626000,19828,33046,1680000,429
6,270,16200000,16206000,19828,33046,16260000,4192
6,2700,162000000,162006000,19828,33046,162060000,41809
6,2701,162060000,162066000,19828,33046,162120000,41824
6,2702,162120000,162126000,19828,33046,162180000,41839
6,2703,162180000,162186000,19828,33046,162240000,41854
6,2704,162240000,162246000,19828,33046,162300000,41870
6,2705,162300000,162306000,19828,33046,162360000,41886
6,2706,162360000,162366000,19828,33046,162420000,41901
6,2707,162420000,162426000,19828,33046,162480000,41917
6,2708,162480000,162486000,19828,33046,162540000,41931
6,2709,162540000,162546000,19828,33046,162600000,41948
6,271,16260000,16266000,19828,33046,16320000,4208
6,2710,162600000,162606000,19828,33046,162660000,41963
6,2711,162660000,162666000,19828,33046,162720000,41979
6,2712,162720000,162726000,19828,33046,162780000,41994
6,2713,162780000,162786000,19828,33046,162840000,42010
6,2714,162840000,162846000,19828,33046,162900000,42026
6,2715,162900000,162906000,19828,33046,162960000,42041
6,2716,162960000,162966000,19828,33046,163020000,42055
6,2717,163020000,163026000,19828,33046,163080000,42071
6,2718,163080000,163086000,19828,33046,163140000,42086
6,2719,163140000,163146000,19828,33046,163200000,42103
6,272,16320000,16326000,19828,33046,16380000,4221
6,2720,163200000,163206000,19828,33046,163260000,42118
6,2721,163260000,163266000,19828,33046,163320000,42134
6,2722,163320000,163326000,19828,33046,163380000,42148
6,2723,163380000,163386000,19828,33046,163440000,42164
6,2724,163440000,163446000,19828,33046,163500000,42180
6,2725,163500000,163506000,19828,33046,163560000,42196
6,2726,163560000,163566000,19828,33046,163620000,42211
6,2727,163620000,163626000,19828,33046,163680000,42227
6,2728,163680000,163686000,19828,33046,163740000,42242
6,2729,163740000,163746000,19828,33046,163800000,42257
6,273,16380000,16386000,19828,33046,16440000,4237
6,274,16440000,16446000,19828,33046,16500000,4253
6,275,16500000,16506000,19828,33046,16560000,4269
6,276,16560000,16566000,19828,33046,16620000,4284
6,277,16620000,16626000,19828,33046,16680000,4300
6,278,16680000,16686000,19828,33046,16740000,4315
6,279,16740000,16746000,19828,33046,16800000,4331
6,28,1680000,1686000,19828,33046,1740000,444
6,280,16800000,16806000,19828,33046,16860000,4346
6,281,16860000,16866000,19828,33046,16920000,4362
6,282,16920000,16926000,19828,33046,16980000,4377
6,283,16980000,16986000,19828,33046,17040000,4393
6,284,17040000,17046000,19828,33046,17100000,4409
6,285,17100000,17106000,19828,33046,17160000,4424
6,286,17160000,17166000,19828,33046,17220000,4438
6,287,17220000,17226000,19828,33046,17280000,4454
6,288,17280000,17286000,19828,33046,17340000,4469
6,289,17340000,17346000,19828,33046,17400000,4486
6,29,1740000,1746000,19828,33046,1800000,461
6,290,17400000,17406000,19828,33046,17460000,4501
6,291,17460000,17466000,19828,33046,17520000,4517
6,292,17520000,17526000,19828,33046,17580000,4532
6,293,17580000,17586000,19828,33046,17640000,4547
6,294,17640000,17646000,19828,33046,17700000,4563
6,295,17700000,17706000,19828,33046,17760000,4579
6,296,17760000,17766000,19828,33046,17820000,4594
6,297,17820000,17826000,19828,33046,17880000,4610
6,298,17880000,17886000,19828,33046,17940000,4624
6,299,17940000,17946000,19828,33046,18000000,4641
6,3,180000,186000,19828,33046,240000,58
6,30,1800000,1806000,19828,33046,1860000,476
6,300,18000000,18006000,19828,33046,18060000,4655
6,301,18060000,18066000,19828,33046,18120000,4671
6,302,18120000,18126000,19828,33046,18180000,4686
6,303,18180000,18186000,19828,33046,18240000,4702
6,304,18240000,18246000,19828,33046,18300000,4718
6,305,18300000,18306000,19828,33046,18360000,4734
6,306,18360000,18366000,19828,33046,18420000,4749
6,307,18420000,18426000,19828,33046,18480000,4764
6,308,18480000,18486000,19828,33046,18540000,4779
6,309,18540000,18546000,19828,33046,18600000,4796
6,31,1860000,1866000,19828,33046,1920000,492
6,310,18600000,18606000,19828,33046,18660000,4811
6,311,18660000,18666000,19828,33046,18720000,4826
6,312,18720000,18726000,19828,33046,18780000,4841
6,313,18780000,18786000,19828,33046,18840000,4857
6,314,18840000,18846000,19828,33046,18900000,4872
6,315,18900000,18906000,19828,33046,18960000,4888
6,316,18960000,18966000,19828,33046,19020000,4903
6,317,19020000,19026000,19828,33046,19080000,4919
6,318,19080000,19086000,19828,33046,19140000,4934
6,319,19140000,19146000,19828,33046,19200000,4951
6,32,1920000,1926000,19828,33046,1980000,507
6,320,19200000,19206000,19828,33046,19260000,4966
6,321,19260000,19266000,19828,33046,19320000,4981
6,322,19320000,19326000,19828,33046,19380000,4996
6,323,19380000,19386000,19828,33046,19440000,5012
6,324,19440000,19446000,19828,33046,19500000,5027
6,325,19500000,19506000,19828,33046,19560000,5043
6,326,19560000,19566000,19828,33046,19620000,5058
6,327,19620000,19626000,19828,33046,19680000,5074
6,328,19680000,19686000,19828,33046,19740000,5088
6,329,19740000,19746000,19828,33046,19800000,5105
6,33,1980000,1986000,19828,33046,2040000,523
6,330,19800000,19806000,19828,33046,19860000,5120
6,331,19860000,19866000,19828,33046,19920000,5136
6,332,19920000,19926000,19828,33046,19980000,5151
6,333,19980000,19986000,19828,33046,20040000,5167
6,334,20040000,20046000,19828,33046,20100000,5183
6,335,20100000,20106000,19828,33046,20160000,5198
6,336,20160000,20166000,19828,33046,20220000,5213
6,337,20220000,20226000,19828,33046,20280000,5228
6,338,20280000,20286000,19828,33046,20340000,5243
6,339,20340000,20346000,19828,33046,20400000,5260
6,34,2040000,2046000,19828,33046,2100000,538
6,340,20400000,20406000,19828,33046,20460000,5275
6,341,20460000,20466000,19828,33046,20520000,5291
6,342,20520000,20526000,19828,33046,20580000,5305
6,343,20580000,20586000,19828,33046,20640000,5321
6,344,20640000,20646000,19828,33046,20700000,5337
6,345,20700000,20706000,19828,33046,20760000,5353
6,346,20760000,20766000,19828,33046,20820000,5368
6,347,20820000,20826000,19828,33046,20880000,5384
6,348,20880000,20886000,19828,33046,20940000,5399
6,349,20940000,20946000,19828,33046,21000000,5415
6,35,2100000,2106000,19828,33046,2160000,554
6,350,21000000,21006000,19828,33046,21060000,5429
6,351,21060000,21066000,19828,33046,21120000,5445
6,352,21120000,21126000,19828,33046,21180000,5460
6,353,21180000,21186000,19828,33046,21240000,5476
6,354,21240000,21246000,19828,33046,21300000,5492
6,355,21300000,21306000,19828,33046,21360000,5508
6,356,21360000,21366000,19828,33046,21420000,5522
6,357,21420000,21426000,19828,33046,21480000,5538
6,358,21480000,21486000,19828,33046,21540000,5553
6,359,21540000,21546000,19828,33046,21600000,5570
6,36,2160000,2166000,19828,33046,2220000,569
6,360,21600000,21606000,19828,33046,21660000,5585
6,361,21660000,21666000,19828,33046,21720000,5601
6,362,21720000,21726000,19828,33046,21780000,5616
6,363,21780000,21786000,19828,33046,21840000,5630
6,364,21840000,21846000,19828,33046,21900000,5646
6,365,21900000,21906000,19828,33046,21960000,5662
6,366,21960000,21966000,19828,33046,22020000,5677
6,367,22020000,22026000,19828,33046,22080000,5693
6,368,22080000,22086000,19828,33046,22140000,5708
6,369,22140000,22146000,19828,33046,22200000,5725
6,37,2220000,2226000,19828,33046,2280000,585
6,370,22200000,22206000,19828,33046,22260000,5739
6,371,22260000,22266000,19828,33046,22320000,5755
6,372,22320000,22326000,19828,33046,22380000,5770
6,373,22380000,22386000,19828,33046,22440000,5786
6,374,22440000,22446000,19828,33046,22500000,5802
6,375,22500000,22506000,19828,33046,22560000,5818
6,376,22560000,22566000,19828,33046,22620000,5832
6,377,22620000,22626000,19828,33046,22680000,5847
6,378,22680000,22686000,19828,33046,22740000,5862
6,379,22740000,22746000,19828,33046,22800000,5879
6,38,2280000,2286000,19828,33046,2340000,599
6,380,22800000,22806000,19828,33046,22860000,5894
6,381,22860000,22866000,19828,33046,22920000,5910
6,382,22920000,22926000,19828,33046,22980000,5925
6,383,22980000,22986000,19828,33046,23040000,5941
6,384,23040000,23046000,19828,33046,23100000,5956
6,385,23100000,23106000,19828,33046,23160000,5972
6,386,23160000,23166000,19828,33046,23220000,5987
6,387,23220000,23226000,19828,33046,23280000,6003
6,388,23280000,23286000,19828,33046,23340000,6018
6,389,23340000,23346000,19828,33046,23400000,6034
6,39,2340000,2346000,19828,33046,2400000,616
6,390,23400000,23406000,19828,33046,23460000,6049
6,391,23460000,23466000,19828,33046,23520000,6064
6,392,23520000,23526000,19828,33046,23580000,6079
6,393,23580000,23586000,19828,33046,23640000,6095
6,394,23640000,23646000,19828,33046,23700000,6111
6,395,23700000,23706000,19828,33046,23760000,6127
6,396,23760000,23766000,19828,33046,23820000,6142
6,397,23820000,23826000,19828,33046,23880000,6158
6,398,23880000,23886000,19828,33046,23940000,6172
6,399,23940000,23946000,19828,33046,24000000,6189
6,4,240000,246000,19828,33046,300000,74
6,40,2400000,2406000,19828,33046,2460000,631
6,400,24000000,24006000,19828,33046,24060000,6204
6,401,24060000,24066000,19828,33046,24120000,6220
6,402,24120000,24126000,19828,33046,24180000,6234
6,403,24180000,24186000,19828,33046,24240000,6250
6,404,24240000,24246000,19828,33046,24300000,6266
6,405,24300000,24306000,19828,33046,24360000,6281
6,406,24360000,24366000,19828,33046,24420000,6296
6,407,24420000,24426000,19828,33046,24480000,6312
6,408,24480000,24486000,19828,33046,24540000,6327
6,409,24540000,24546000,19828,33046,24600000,6344
6,41,2460000,2466000,19828,33046,2520000,646
6,410,24600000,24606000,19828,33046,24660000,6359
6,411,24660000,24666000,19828,33046,24720000,6375
6,412,24720000,24726000,19828,33046,24780000,6389
6,413,24780000,24786000,19828,33046,24840000,6405
6,414,24840000,24846000,19828,33046,24900000,6421
6,415,24900000,24906000,19828,33046,24960000,6436
6,416,24960000,24966000,19828,33046,25020000,6451
6,417,25020000,25026000,19828,33046,25080000,6467
6,418,25080000,25086000,19828,33046,25140000,6482
6,419,25140000,25146000,19828,33046,25200000,6498
6,42,2520000,2526000,19828,33046,2580000,661
6,420,25200000,25206000,19828,33046,25260000,6513
6,421,25260000,25266000,19828,33046,25320000,6529
6,422,25320000,25326000,19828,33046,25380000,6544
6,423,25380000,25386000,19828,33046,25440000,6560
6,424,25440000,25446000,19828,33046,25500000,6576
6,425,25500000,25506000,19828,33046,25560000,6592
6,426,25560000,25566000,19828,33046,25620000,6606
6,427,25620000,25626000,19828,33046,25680000,6622
6,428,25680000,25686000,19828,33046,25740000,6636
6,429,25740000,25746000,19828,33046,25800000,6653
6,43,2580000,2586000,19828,33046,2640000,677
6,430,25800000,25806000,19828,33046,25860000,6668
6,431,25860000,25866000,19828,33046,25920000,6684
6,432,25920000,25926000,19828,33046,25980000,6699
6,433,25980000,25986000,19828,33046,26040000,6714
6,434,26040000,26046000,19828,33046,26100000,6730
6,435,26100000,26106000,19828,33046,26160000,6746
6,436,26160000,26166000,19828,33046,26220000,6761
6,437,26220000,26226000,19828,33046,26280000,6777
6,438,26280000,26286000,19828,33046,26340000,6792
6,439,26340000,26346000,19828,33046,26400000,6809
6,44,2640000,2646000,19828,33046,2700000,693
6,440,26400000,26406000,19828,33046,26460000,6823
6,441,26460000,26466000,19828,33046,26520000,6838
6,442,26520000,26526000,19828,33046,26580000,6853
6,443,26580000,26586000,19828,33046,26640000,6869
6,444,26640000,26646000,19828,33046,26700000,6885
6,445,26700000,26706000,19828,33046,26760000,6901
6,446,26760000,26766000,19828,33046,26820000,6916
6,447,26820000,26826000,19828,33046,26880000,6931
6,448,26880000,26886000,19828,33046,26940000,6946
6,449,26940000,26946000,19828,33046,27000000,6963
6,45,2700000,2706000,19828,33046,2760000,709
6,450,27000000,27006000,19828,33046,27060000,6978
6,451,27060000,27066000,19828,33046,27120000,6994
6,452,27120000,27126000,19828,33046,27180000,7009
6,453,27180000,27186000,19828,33046,27240000,7025
6,454,27240000,27246000,19828,33046,27300000,7039
6,455,27300000,27306000,19828,33046,27360000,7055
6,456,27360000,27366000,19828,33046,27420000,7070
6,457,27420000,27426000,19828,33046,27480000,7086
6,458,27480000,27486000,19828,33046,27540000,7101
6,459,27540000,27546000,19828,33046,27600000,7118
6,46,2760000,2766000,19828,33046,2820000,724
6,460,27600000,27606000,19828,33046,27660000,7133
6,461,27660000,27666000,19828,33046,27720000,7148
6,462,27720000,27726000,19828,33046,27780000,7163
6,463,27780000,27786000,19828,33046,27840000,7179
6,464,27840000,27846000,19828,33046,27900000,7195
6,465,27900000,27906000,19828,33046,27960000,7211
6,466,27960000,27966000,19828,33046,28020000,7226
6,467,28020000,28026000,19828,33046,28080000,7241
6,468,28080000,28086000,19828,33046,28140000,7255
6,469,28140000,28146000,19828,33046,28200000,7272
6,47,2820000,2826000,19828,33046,2880000,740
6,470,28200000,28206000,19828,33046,28260000,7287
6,471,28260000,28266000,19828,33046,28320000,7303
6,472,28320000,28326000,19828,33046,28380000,7318
6,473,28380000,28386000,19828,33046,28440000,7334
6,474,28440000,28446000,19828,33046,28500000,7350
6,475,28500000,28506000,19828,33046,28560000,7365
6,476,28560000,28566000,19828,33046,28620000,7380
6,477,28620000,28626000,19828,33046,28680000,7396
6,478,28680000,28686000,19828,33046,28740000,7411
6,479,28740000,28746000,19828,33046,28800000,7428
6,48,2880000,2886000,19828,33046,2940000,754
6,480,28800000,28806000,19828,33046,28860000,7442
6,481,28860000,28866000,19828,33046,28920000,7458
6,482,28920000,28926000,19828,33046,28980000,7472
6,483,28980000,28986000,19828,33046,29040000,7488
6,484,29040000,29046000,19828,33046,29100000,7504
6,485,29100000,29106000,19828,33046,29160000,7520
6,486,29160000,29166000,19828,33046,29220000,7535
6,487,29220000,29226000,19828,33046,29280000,7551
6,488,29280000,29286000,19828,33046,29340000,7566
6,489,29340000,29346000,19828,33046,29400000,7582
6,49,2940000,2946000,19828,33046,3000000,771
6,490,29400000,29406000,19828,33046,29460000,7597
6,491,29460000,29466000,19828,33046,29520000,7613
6,492,29520000,29526000,19828,33046,29580000,7628
6,493,29580000,29586000,19828,33046,29640000,7643
6,494,29640000,29646000,19828,33046,29700000,7659
6,495,29700000,29706000,19828,33046,29760000,7675
6,496,29760000,29766000,19828,33046,29820000,7689
6,497,29820000,29826000,19828,33046,29880000,7705
6,498,29880000,29886000,19828,33046,29940000,7720
6,499,29940000,29946000,19828,33046,30000000,7737
6,5,300000,306000,19828,33046,360000,90
6,50,3000000,3006000,19828,33046,3060000,786
6,500,30000000,30006000,19828,33046,30060000,7752
6,501,30060000,30066000,19828,33046,30120000,7768
6,502,30120000,30126000,19828,33046,30180000,7783
6,503,30180000,30186000,19828,33046,30240000,7798
6,504,30240000,30246000,19828,33046,30300000,7814
6,505,30300000,30306000,19828,33046,30360000,7830
6,506,30360000,30366000,19828,33046,30420000,7844
6,507,30420000,30426000,19828,33046,30480000,7860
6,508,30480000,30486000,19828,33046,30540000,7875
6,509,30540000,30546000,19828,33046,30600000,7892
6,51,3060000,3066000,19828,33046,3120000,801
6,510,30600000,30606000,19828,33046,30660000,7906
6,511,30660000,30666000,19828,33046,30720000,7922
6,512,30720000,30726000,19828,33046,30780000,7937
6,513,30780000,30786000,19828,33046,30840000,7953
6,514,30840000,30846000,19828,33046,30900000,7969
6,515,30900000,30906000,19828,33046,30960000,7985
6,516,30960000,30966000,19828,33046,31020000,8000
6,517,31020000,31026000,19828,33046,31080000,8015
6,518,31080000,31086000,19828,33046,31140000,8030
6,519,31140000,31146000,19828,33046,31200000,8046
6,52,3120000,3126000,19828,33046,3180000,816
6,520,31200000,31206000,19828,33046,31260000,8061
6,521,31260000,31266000,19828,33046,31320000,8077
6,522,31320000,31326000,19828,33046,31380000,8092
6,523,31380000,31386000,19828,33046,31440000,8108
6,524,31440000,31446000,19828,33046,31500000,8123
6,525,31500000,31506000,19828,33046,31560000,8139
6,526,31560000,31566000,19828,33046,31620000,8154
6,527,31620000,31626000,19828,33046,31680000,8170
6,528,31680000,31686000,19828,33046,31740000,8185
6,529,31740000,31746000,19828,33046,31800000,8202
6,53,3180000,3186000,19828,33046,3240000,832
6,530,31800000,31806000,19828,33046,31860000,8217
6,531,31860000,31866000,19828,33046,31920000,8232
6,532,31920000,31926000,19828,33046,31980000,8246
6,533,31980000,31986000,19828,33046,32040000,8262
6,534,32040000,32046000,19828,33046,32100000,8278
6,535,32100000,32106000,19828,33046,32160000,8294
6,536,32160000,32166000,19828,33046,32220000,8309
6,537,32220000,32226000,19828,33046,32280000,8325
6,538,32280000,32286000,19828,33046,32340000,8339
6,539,32340000,32346000,19828,33046,32400000,8356
6,54,3240000,3246000,19828,33046,3300000,848
6,540,32400000,32406000,19828,33046,32460000,8371
6,541,32460000,32466000,19828,33046,32520000,8387
6,542,32520000,32526000,19828,33046,32580000,8402
6,543,32580000,32586000,19828,33046,32640000,8418
6,544,32640000,32646000,19828,33046,32700000,8434
6,545,32700000,32706000,19828,33046,32760000,8448
6,546,32760000,32766000,19828,33046,32820000,8463
6,547,32820000,32826000,19828,33046,32880000,8479
6,548,32880000,32886000,19828,33046,32940000,8494
6,549,32940000,32946000,19828,33046,33000000,8511
6,55,3300000,3306000,19828,33046,3360000,863
6,550,33000000,33006000,19828,33046,33060000,8526
6,551,33060000,33066000,19828,33046,33120000,8542
6,552,33120000,33126000,19828,33046,33180000,8556
6,553,33180000,33186000,19828,33046,33240000,8572
6,554,33240000,33246000,19828,33046,33300000,8588
6,555,33300000,33306000,19828,33046,33360000,8604
6,556,33360000,33366000,19828,33046,33420000,8619
6,557,33420000,33426000,19828,33046,33480000,8635
6,558,33480000,33486000,19828,33046,33540000,8649
6,559,33540000,33546000,19828,33046,33600000,8665
6,56,3360000,3366000,19828,33046,3420000,878
6,560,33600000,33606000,19828,33046,33660000,8680
6,561,33660000,33666000,19828,33046,33720000,8696
6,562,33720000,33726000,19828,33046,33780000,8711
6,563,33780000,33786000,19828,33046,33840000,8727
6,564,33840000,33846000,19828,33046,33900000,8743
6,565,33900000,33906000,19828,33046,33960000,8759
6,566,33960000,33966000,19828,33046,34020000,8773
6,567,34020000,34026000,19828,33046,34080000,8789
6,568,34080000,34086000,19828,33046,34140000,8804
6,569,34140000,34146000,19828,33046,34200000,8821
6,57,3420000,3426000,19828,33046,3480000,894
6,570,34200000,34206000,19828,33046,34260000,8836
6,571,34260000,34266000,19828,33046,34320000,8851
6,572,34320000,34326000,19828,33046,34380000,8866
6,573,34380000,34386000,19828,33046,34440000,8881
6,574,34440000,34446000,19828,33046,34500000,8897
6,575,34500000,34506000,19828,33046,34560000,8913
6,576,34560000,34566000,19828,33046,34620000,8928
6,577,34620000,34626000,19828,33046,34680000,8944
6,578,34680000,34686000,19828,33046,34740000,8959
6,579,34740000,34746000,19828,33046,34800000,8976
6,58,3480000,3486000,19828,33046,3540000,909
6,580,34800000,34806000,19828,33046,34860000,8990
6,581,34860000,34866000,19828,33046,34920000,9006
6,582,34920000,34926000,19828,33046,34980000,9021
6,583,34980000,34986000,19828,33046,35040000,9037
6,584,35040000,35046000,19828,33046,35100000,9052
6,585,35100000,35106000,19828,33046,35160000,9068
6,586,35160000,35166000,19828,33046,35220000,9083
6,587,35220000,35226000,19828,33046,35280000,9098
6,588,35280000,35286000,19828,33046,35340000,9113
6,589,35340000,35346000,19828,33046,35400000,9130
6,59,3540000,3546000,19828,33046,3600000,926
6,590,35400000,35406000,19828,33046,35460000,9145
6,591,35460000,35466000,19828,33046,35520000,9161
6,592,35520000,35526000,19828,33046,35580000,9176
6,593,35580000,35586000,19828,33046,35640000,9192
6,594,35640000,35646000,19828,33046,35700000,9207
6,595,35700000,35706000,19828,33046,35760000,9223
6,596,35760000,35766000,19828,33046,35820000,9238
6,597,35820000,35826000,19828,33046,35880000,9253
6,598,35880000,35886000,19828,33046,35940000,9268
6,599,35940000,35946000,19828,33046,36000000,9285
6,6,360000,366000,19828,33046,420000,104
6,60,3600000,3606000,19828,33046,3660000,941
6,600,36000000,36006000,19828,33046,36060000,9300
6,601,36060000,36066000,19828,33046,36120000,9315
6,602,36120000,36126000,19828,33046,36180000,9330
6,603,36180000,36186000,19828,33046,36240000,9346
6,604,36240000,36246000,19828,33046,36300000,9362
6,605,36300000,36306000,19828,33046,36360000,9378
6,606,36360000,36366000,19828,33046,36420000,9393
6,607,36420000,36426000,19828,33046,36480000,9409
6,608,36480000,36486000,19828,33046,36540000,9423
6,609,36540000,36546000,19828,33046,36600000,9440
6,61,3660000,3666000,19828,33046,3720000,957
6,610,36600000,36606000,19828,33046,36660000,9454
6,611,36660000,36666000,19828,33046,36720000,9470
6,612,36720000,36726000,19828,33046,36780000,9485
6,613,36780000,36786000,19828,33046,36840000,9501
6,614,36840000,36846000,19828,33046,36900000,9517
6,615,36900000,36906000,19828,33046,36960000,9532
6,616,36960000,36966000,19828,33046,37020000,9547
6,617,37020000,37026000,19828,33046,37080000,9563
6,618,37080000,37086000,19828,33046,37140000,9578
6,619,37140000,37146000,19828,33046,37200000,9595
6,62,3720000,3726000,19828,33046,3780000,971
6,620,37200000,37206000,19828,33046,37260000,9610
6,621,37260000,37266000,19828,33046,37320000,9626
6,622,37320000,37326000,19828,33046,37380000,9640
6,623,37380000,37386000,19828,33046,37440000,9655
6,624,37440000,37446000,19828,33046,37500000,9671
6,625,37500000,37506000,19828,33046,37560000,9687
6,626,37560000,37566000,19828,33046,37620000,9702
6,627,37620000,37626000,19828,33046,37680000,9718
6,628,37680000,37686000,19828,33046,37740000,9733
6,629,37740000,37746000,19828,33046,37800000,9749
6,63,3780000,3786000,19828,33046,3840000,987
6,630,37800000,37806000,19828,33046,37860000,9764
6,631,37860000,37866000,19828,33046,37920000,9780
6,632,37920000,37926000,19828,33046,37980000,9795
6,633,37980000,37986000,19828,33046,38040000,9811
6,634,38040000,38046000,19828,33046,38100000,9827
6,635,38100000,38106000,19828,33046,38160000,9843
6,636,38160000,38166000,19828,33046,38220000,9856
6,637,38220000,38226000,19828,33046,38280000,9872
6,638,38280000,38286000,19828,33046,38340000,9887
6,639,38340000,38346000,19828,33046,38400000,9904
6,64,3840000,3846000,19828,33046,3900000,1002
6,640,38400000,38406000,19828,33046,38460000,9919
6,641,38460000,38466000,19828,33046,38520000,9935
6,642,38520000,38526000,19828,33046,38580000,9950
6,643,38580000,38586000,19828,33046,38640000,9965
6,644,38640000,38646000,19828,33046,38700000,9981
6,645,38700000,38706000,19828,33046,38760000,9997
6,646,38760000,38766000,19828,33046,38820000,10012
6,647,38820000,38826000,19828,33046,38880000,10028
6,648,38880000,38886000,19828,33046,38940000,10043
6,649,38940000,38946000,19828,33046,39000000,10059
6,65,3900000,3906000,19828,33046,3960000,1018
6,650,39000000,39006000,19828,33046,39060000,10073
6,651,39060000,39066000,19828,33046,39120000,10089
6,652,39120000,39126000,19828,33046,39180000,10104
6,653,39180000,39186000,19828,33046,39240000,10120
6,654,39240000,39246000,19828,33046,39300000,10136
6,655,39300000,39306000,19828,33046,39360000,10152
6,656,39360000,39366000,19828,33046,39420000,10167
6,657,39420000,39426000,19828,33046,39480000,10182
6,658,39480000,39486000,19828,33046,39540000,10197
6,659,39540000,39546000,19828,33046,39600000,10214
6,66,3960000,3966000,19828,33046,4020000,1033
6,660,39600000,39606000,19828,33046,39660000,10229
6,661,39660000,39666000,19828,33046,39720000,10245
6,662,39720000,39726000,19828,33046,39780000,10259
6,663,39780000,39786000,19828,33046,39840000,10275
6,664,39840000,39846000,19828,33046,39900000,10290
6,665,39900000,39906000,19828,33046,39960000,10306
6,666,39960000,39966000,19828,33046,40020000,10321
6,667,40020000,40026000,19828,33046,40080000,10337
6,668,40080000,40086000,19828,33046,40140000,10352
6,669,40140000,40146000,19828,33046,40200000,10369
6,67,4020000,4026000,19828,33046,4080000,1049
6,670,40200000,40206000,19828,33046,40260000,10384
6,671,40260000,40266000,19828,33046,40320000,10399
6,672,40320000,40326000,19828,33046,40380000,10414
6,673,40380000,40386000,19828,33046,40440000,10430
6,674,40440000,40446000,19828,33046,40500000,10446
6,675,40500000,40506000,19828,33046,40560000,10461
6,676,40560000,40566000,19828,33046,40620000,10476
6,677,40620000,40626000,19828,33046,40680000,10492
6,678,40680000,40686000,19828,33046,40740000,10506
6,679,40740000,40746000,19828,33046,40800000,10523
6,68,4080000,4086000,19828,33046,4140000,1064
6,680,40800000,40806000,19828,33046,40860000,10538
6,681,40860000,40866000,19828,33046,40920000,10554
6,682,40920000,40926000,19828,33046,40980000,10569
6,683,40980000,40986000,19828,33046,41040000,10585
6,684,41040000,41046000,19828,33046,41100000,10601
6,685,41100000,41106000,19828,33046,41160000,10616
6,686,41160000,41166000,19828,33046,41220000,10631
6,687,41220000,41226000,19828,33046,41280000,10647
6,688,41280000,41286000,19828,33046,41340000,10661
6,689,41340000,41346000,19828,33046,41400000,10678
6,69,4140000,4146000,19828,33046,4200000,1080
6,690,41400000,41406000,19828,33046,41460000,10693
6,691,41460000,41466000,19828,33046,41520000,10709
6,692,41520000,41526000,19828,33046,41580000,10723
6,693,41580000,41586000,19828,33046,41640000,10739
6,694,41640000,41646000,19828,33046,41700000,10755
6,695,41700000,41706000,19828,33046,41760000,10771
6,696,41760000,41766000,19828,33046,41820000,10786
6,697,41820000,41826000,19828,33046,41880000,10802
6,698,41880000,41886000,19828,33046,41940000,10817
6,699,41940000,41946000,19828,33046,42000000,10833
6,7,420000,426000,19828,33046,480000,120
6,70,4200000,4206000,19828,33046,4260000,1095
6,700,42000000,42006000,19828,33046,42060000,10848
6,701,42060000,42066000,19828,33046,42120000,10863
6,702,42120000,42126000,19828,33046,42180000,10878
6,703,42180000,42186000,19828,33046,42240000,10894
6,704,42240000,42246000,19828,33046,42300000,10910
6,705,42300000,42306000,19828,33046,42360000,10926
6,706,42360000,42366000,19828,33046,42420000,10940
6,707,42420000,42426000,19828,33046,42480000,10956
6,708,42480000,42486000,19828,33046,42540000,10971
6,709,42540000,42546000,19828,33046,42600000,10988
6,71,4260000,4266000,19828,33046,4320000,1111
6,710,42600000,42606000,19828,33046,42660000,11003
6,711,42660000,42666000,19828,33046,42720000,11019
6,712,42720000,42726000,19828,33046,42780000,11034
6,713,42780000,42786000,19828,33046,42840000,11049
6,714,42840000,42846000,19828,33046,42900000,11064
6,715,42900000,42906000,19828,33046,42960000,11080
6,716,42960000,42966000,19828,33046,43020000,11095
6,717,43020000,43026000,19828,33046,43080000,11111
6,718,43080000,43086000,19828,33046,43140000,11126
6,719,43140000,43146000,19828,33046,43200000,11143
6,72,4320000,4326000,19828,33046,4380000,1126
6,720,43200000,43206000,19828,33046,43260000,11157
6,721,43260000,43266000,19828,33046,43320000,11173
6,722,43320000,43326000,19828,33046,43380000,11188
6,723,43380000,43386000,19828,33046,43440000,11204
6,724,43440000,43446000,19828,33046,43500000,11220
6,725,43500000,43506000,19828,33046,43560000,11236
6,726,43560000,43566000,19828,33046,43620000,11251
6,727,43620000,43626000,19828,33046,43680000,11265
6,728,43680000,43686000,19828,33046,43740000,11280
6,729,43740000,43746000,19828,33046,43800000,11297
6,73,4380000,4386000,19828,33046,4440000,1142
6,730,43800000,43806000,19828,33046,43860000,11312
6,731,43860000,43866000,19828,33046,43920000,11328
6,732,43920000,43926000,19828,33046,43980000,11343
6,733,43980000,43986000,19828,33046,44040000,11359
6,734,44040000,44046000,19828,33046,44100000,11374
6,735,44100000,44106000,19828,33046,44160000,11390
6,736,44160000,44166000,19828,33046,44220000,11405
6,737,44220000,44226000,19828,33046,44280000,11421
6,738,44280000,44286000,19828,33046,44340000,11436
6,739,44340000,44346000,19828,33046,44400000,11453
6,74,4440000,4446000,19828,33046,4500000,1158
6,740,44400000,44406000,19828,33046,44460000,11467
6,741,44460000,44466000,19828,33046,44520000,11482
6,742,44520000,44526000,19828,33046,44580000,11497
6,743,44580000,44586000,19828,33046,44640000,11513
6,744,44640000,44646000,19828,33046,44700000,11529
6,745,44700000,44706000,19828,33046,44760000,11545
6,746,44760000,44766000,19828,33046,44820000,11560
6,747,44820000,44826000,19828,33046,44880000,11576
6,748,44880000,44886000,19828,33046,44940000,11590
6,749,44940000,44946000,19828,33046,45000000,11607
6,75,4500000,4506000,19828,33046,4560000,1174
6,750,45000000,45006000,19828,33046,45060000,11622
6,751,45060000,45066000,19828,33046,45120000,11638
6,752,45120000,45126000,19828,33046,45180000,11653
6,753,45180000,45186000,19828,33046,45240000,11668
6,754,45240000,45246000,19828,33046,45300000,11684
6,755,45300000,45306000,19828,33046,45360000,11699
6,756,45360000,45366000,19828,33046,45420000,11714
6,757,45420000,45426000,19828,33046,45480000,11730
6,758,45480000,45486000,19828,33046,45540000,11745
6,759,45540000,45546000,19828,33046,45600000,11762
6,76,4560000,4566000,19828,33046,4620000,1188
6,760,45600000,45606000,19828,33046,45660000,11777
6,761,45660000,45666000,19828,33046,45720000,11793
6,762,45720000,45726000,19828,33046,45780000,11807
6,763,45780000,45786000,19828,33046,45840000,11823
6,764,45840000,45846000,19828,33046,45900000,11839
6,765,45900000,45906000,19828,33046,45960000,11855
6,766,45960000,45966000,19828,33046,46020000,11869
6,767,46020000,46026000,19828,33046,46080000,11885
6,768,46080000,46086000,19828,33046,46140000,11900
6,769,46140000,46146000,19828,33046,46200000,11916
6,77,4620000,4626000,19828,33046,4680000,1203
6,770,46200000,46206000,19828,33046,46260000,11931
6,771,46260000,46266000,19828,33046,46320000,11947
6,772,46320000,46326000,19828,33046,46380000,11962
6,773,46380000,46386000,19828,33046,46440000,11978
6,774,46440000,46446000,19828,33046,46500000,11994
6,775,46500000,46506000,19828,33046,46560000,12010
6,776,46560000,46566000,19828,33046,46620000,12024
6,777,46620000,46626000,19828,33046,46680000,12040
6,778,46680000,46686000,19828,33046,46740000,12055
6,779,46740000,46746000,19828,33046,46800000,12071
6,78,4680000,4686000,19828,33046,4740000,1218
6,780,46800000,46806000,19828,33046,46860000,12086
6,781,46860000,46866000,19828,33046,46920000,12102
6,782,46920000,46926000,19828,33046,46980000,12117
6,783,46980000,46986000,19828,33046,47040000,12132
6,784,47040000,47046000,19828,33046,47100000,12148
6,785,47100000,47106000,19828,33046,47160000,12164
6,786,47160000,47166000,19828,33046,47220000,12179
6,787,47220000,47226000,19828,33046,47280000,12195
6,788,47280000,47286000,19828,33046,47340000,12210
6,789,47340000,47346000,19828,33046,47400000,12227
6,79,4740000,4746000,19828,33046,4800000,1235
6,790,47400000,47406000,19828,33046,47460000,12241
6,791,47460000,47466000,19828,33046,47520000,12257
6,792,47520000,47526000,19828,33046,47580000,12271
6,793,47580000,47586000,19828,33046,47640000,12287
6,794,47640000,47646000,19828,33046,47700000,12303
6,795,47700000,47706000,19828,33046,47760000,12319
6,796,47760000,47766000,19828,33046,47820000,12334
6,797,47820000,47826000,19828,33046,47880000,12349
6,798,47880000,47886000,19828,33046,47940000,12364
6,799,47940000,47946000,19828,33046,48000000,12381
6,8,480000,486000,19828,33046,540000,135
6,80,4800000,4806000,19828,33046,4860000,1250
6,800,48000000,48006000,19828,33046,48060000,12396
6,801,48060000,48066000,19828,33046,48120000,12412
6,802,48120000,48126000,19828,33046,48180000,12427
6,803,48180000,48186000,19828,33046,48240000,12443
6,804,48240000,48246000,19828,33046,48300000,12458
6,805,48300000,48306000,19828,33046,48360000,12473
6,806,48360000,48366000,19828,33046,48420000,12488
6,807,48420000,48426000,19828,33046,48480000,12504
6,808,48480000,48486000,19828,33046,48540000,12519
6,809,48540000,48546000,19828,33046,48600000,12536
6,81,4860000,4866000,19828,33046,4920000,1266
6,810,48600000,48606000,19828,33046,48660000,12551
6,811,48660000,48666000,19828,33046,48720000,12566
6,812,48720000,48726000,19828,33046,48780000,12581
6,813,48780000,48786000,19828,33046,48840000,12597
6,814,48840000,48846000,19828,33046,48900000,12613
6,815,48900000,48906000,19828,33046,48960000,12629
6,816,48960000,48966000,19828,33046,49020000,12644
6,817,49020000,49026000,19828,33046,49080000,12660
6,818,49080000,49086000,19828,33046,49140000,12673
6,819,49140000,49146000,19828,33046,49200000,12690
6,82,4920000,4926000,19828,33046,4980000,1281
6,820,49200000,49206000,19828,33046,49260000,12705
6,821,49260000,49266000,19828,33046,49320000,12721
6,822,49320000,49326000,19828,33046,49380000,12736
6,823,49380000,49386000,19828,33046,49440000,12752
6,824,49440000,49446000,19828,33046,49500000,12768
6,825,49500000,49506000,19828,33046,49560000,12783
6,826,49560000,49566000,19828,33046,49620000,12798
6,827,49620000,49626000,19828,33046,49680000,12814
6,828,49680000,49686000,19828,33046,49740000,12829
6,829,49740000,49746000,19828,33046,49800000,12846
6,83,4980000,4986000,19828,33046,5040000,1296
6,830,49800000,49806000,19828,33046,49860000,12861
6,831,49860000,49866000,19828,33046,49920000,12876
6,832,49920000,49926000,19828,33046,49980000,12890
6,833,49980000,49986000,19828,33046,50040000,12906
6,834,50040000,50046000,19828,33046,50100000,12922
6,835,50100000,50106000,19828,33046,50160000,12938
6,836,50160000,50166000,19828,33046,50220000,12953
6,837,50220000,50226000,19828,33046,50280000,12969
6,838,50280000,50286000,19828,33046,50340000,12984
6,839,50340000,50346000,19828,33046,50400000,13000
6,84,5040000,5046000,19828,33046,5100000,1312
6,840,50400000,50406000,19828,33046,50460000,13015
6,841,50460000,50466000,19828,33046,50520000,13031
6,842,50520000,50526000,19828,33046,50580000,13046
6,843,50580000,50586000,19828,33046,50640000,13062
6,844,50640000,50646000,19828,33046,50700000,13077
6,845,50700000,50706000,19828,33046,50760000,13093
6,846,50760000,50766000,19828,33046,50820000,13107
6,847,50820000,50826000,19828,33046,50880000,13123
6,848,50880000,50886000,19828,33046,50940000,13138
6,849,50940000,50946000,19828,33046,51000000,13155
6,85,5100000,5106000,19828,33046,5160000,1328
6,850,51000000,51006000,19828,33046,51060000,13170
6,851,51060000,51066000,19828,33046,51120000,13186
6,852,51120000,51126000,19828,33046,51180000,13201
6,853,51180000,51186000,19828,33046,51240000,13216
6,854,51240000,51246000,19828,33046,51300000,13232
6,855,51300000,51306000,19828,33046,51360000,13248
6,856,51360000,51366000,19828,33046,51420000,13263
6,857,51420000,51426000,19828,33046,51480000,13278
6,858,51480000,51486000,19828,33046,51540000,13293
6,859,51540000,51546000,19828,33046,51600000,13310
6,86,5160000,5166000,19828,33046,5220000,1343
6,860,51600000,51606000,19828,33046,51660000,13324
6,861,51660000,51666000,19828,33046,51720000,13340
6,862,51720000,51726000,19828,33046,51780000,13355
6,863,51780000,51786000,19828,33046,51840000,13371
6,864,51840000,51846000,19828,33046,51900000,13387
6,865,51900000,51906000,19828,33046,51960000,13403
6,866,51960000,51966000,19828,33046,52020000,13418
6,867,52020000,52026000,19828,33046,52080000,13433
6,868,52080000,52086000,19828,33046,52140000,13448
6,869,52140000,52146000,19828,33046,52200000,13465
6,87,5220000,5226000,19828,33046,5280000,1359
6,870,52200000,52206000,19828,33046,52260000,13479
6,871,52260000,52266000,19828,33046,52320000,13495
6,872,52320000,52326000,19828,33046,52380000,13510
6,873,52380000,52386000,19828,33046,52440000,13526
6,874,52440000,52446000,19828,33046,52500000,13541
6,875,52500000,52506000,19828,33046,52560000,13557
6,876,52560000,52566000,19828,33046,52620000,13572
6,877,52620000,52626000,19828,33046,52680000,13588
6,878,52680000,52686000,19828,33046,52740000,13603
6,879,52740000,52746000,19828,33046,52800000,13620
6,88,5280000,5286000,19828,33046,5340000,1374
6,880,52800000,52806000,19828,33046,52860000,13635
6,881,52860000,52866000,19828,33046,52920000,13650
6,882,52920000,52926000,19828,33046,52980000,13665
6,883,52980000,52986000,19828,33046,53040000,13680
6,884,53040000,53046000,19828,33046,53100000,13696
6,885,53100000,53106000,19828,33046,53160000,13712
6,886,53160000,53166000,19828,33046,53220000,13727
6,887,53220000,53226000,19828,33046,53280000,13743
6,888,53280000,53286000,19828,33046,53340000,13757
6,889,53340000,53346000,19828,33046,53400000,13774
6,89,5340000,5346000,19828,33046,5400000,1391
6,890,53400000,53406000,19828,33046,53460000,13789
6,891,53460000,53466000,19828,33046,53520000,13805
6,892,53520000,53526000,19828,33046,53580000,13820
6,893,53580000,53586000,19828,33046,53640000,13836
6,894,53640000,53646000,19828,33046,53700000,13852
6,895,53700000,53706000,19828,33046,53760000,13867
6,896,53760000,53766000,19828,33046,53820000,13881
6,897,53820000,53826000,19828,33046,53880000,13897
6,898,53880000,53886000,19828,33046,53940000,13912
6,899,53940000,53946000,19828,33046,54000000,13929
6,9,540000,546000,19828,33046,600000,152
6,90,5400000,5406000,19828,33046,5460000,1404
6,900,54000000,54006000,19828,33046,54060000,13944
6,901,54060000,54066000,19828,33046,54120000,13960
6,902,54120000,54126000,19828,33046,54180000,13974
6,903,54180000,54186000,19828,33046,54240000,13990
6,904,54240000,54246000,19828,33046,54300000,14006
6,905,54300000,54306000,19828,33046,54360000,14022
6,906,54360000,54366000,19828,33046,54420000,14037
6,907,54420000,54426000,19828,33046,54480000,14053
6,908,54480000,54486000,19828,33046,54540000,14068
6,909,54540000,54546000,19828,33046,54600000,14083
6,91,5460000,5466000,19828,33046,5520000,1420
6,910,54600000,54606000,19828,33046,54660000,14098
6,911,54660000,54666000,19828,33046,54720000,14114
6,912,54720000,54726000,19828,33046,54780000,14129
6,913,54780000,54786000,19828,33046,54840000,14145
6,914,54840000,54846000,19828,33046,54900000,14161
6,915,54900000,54906000,19828,33046,54960000,14177
6,916,54960000,54966000,19828,33046,55020000,14191
6,917,55020000,55026000,19828,33046,55080000,14207
6,918,55080000,55086000,19828,33046,55140000,14222
6,919,55140000,55146000,19828,33046,55200000,14239
6,92,5520000,5526000,19828,33046,5580000,1435
6,920,55200000,55206000,19828,33046,55260000,14254
6,921,55260000,55266000,19828,33046,55320000,14270
6,922,55320000,55326000,19828,33046,55380000,14284
6,923,55380000,55386000,19828,33046,55440000,14299
6,924,55440000,55446000,19828,33046,55500000,14315
6,925,55500000,55506000,19828,33046,55560000,14331
6,926,55560000,55566000,19828,33046,55620000,14346
6,927,55620000,55626000,19828,33046,55680000,14362
6,928,55680000,55686000,19828,33046,55740000,14377
6,929,55740000,55746000,19828,33046,55800000,14394
6,93,5580000,5586000,19828,33046,5640000,1451
6,930,55800000,55806000,19828,33046,55860000,14408
6,931,55860000,55866000,19828,33046,55920000,14424
6,932,55920000,55926000,19828,33046,55980000,14439
6,933,55980000,55986000,19828,33046,56040000,14455
6,934,56040000,56046000,19828,33046,56100000,14471
6,935,56100000,56106000,19828,33046,56160000,14486
6,936,56160000,56166000,19828,33046,56220000,14501
6,937,56220000,56226000,19828,33046,56280000,14516
6,938,56280000,56286000,19828,33046,56340000,14531
6,939,56340000,56346000,19828,33046,56400000,14548
6,94,5640000,5646000,19828,33046,5700000,1467
6,940,56400000,56406000,19828,33046,56460000,14563
6,941,56460000,56466000,19828,33046,56520000,14579
6,942,56520000,56526000,19828,33046,56580000,14594
6,943,56580000,56586000,19828,33046,56640000,14610
6,944,56640000,56646000,19828,33046,56700000,14625
6,945,56700000,56706000,19828,33046,56760000,14641
6,946,56760000,56766000,19828,33046,56820000,14656
6,947,56820000,56826000,19828,33046,56880000,14672
6,948,56880000,56886000,19828,33046,56940000,14686
6,949,56940000,56946000,19828,33046,57000000,14703
6,95,5700000,5706000,19828,33046,5760000,1483
6,950,57000000,57006000,19828,33046,57060000,14718
6,951,57060000,57066000,19828,33046,57120000,14733
6,952,57120000,57126000,19828,33046,57180000,14748
6,953,57180000,57186000,19828,33046,57240000,14764
6,954,57240000,57246000,19828,33046,57300000,14780
6,955,57300000,57306000,19828,33046,57360000,14796
6,956,57360000,57366000,19828,33046,57420000,14811
6,957,57420000,57426000,19828,33046,57480000,14827
6,958,57480000,57486000,19828,33046,57540000,14841
6,959,57540000,57546000,19828,33046,57600000,14858
6,96,5760000,5766000,19828,33046,5820000,1498
6,960,57600000,57606000,19828,33046,57660000,14873
6,961,57660000,57666000,19828,33046,57720000,14888
6,962,57720000,57726000,19828,33046,57780000,14903
6,963,57780000,57786000,19828,33046,57840000,14919
6,964,57840000,57846000,19828,33046,57900000,14935
6,965,57900000,57906000,19828,33046,57960000,14950
6,966,57960000,57966000,19828,33046,58020000,14965
6,967,58020000,58026000,19828,33046,58080000,14981
6,968,58080000,58086000,19828,33046,58140000,14996
6,969,58140000,58146000,19828,33046,58200000,15013
6,97,5820000,5826000,19828,33046,5880000,1513
6,970,58200000,58206000,19828,33046,58260000,15028
6,971,58260000,58266000,19828,33046,58320000,15044
6,972,58320000,58326000,19828,33046,58380000,15058
6,973,58380000,58386000,19828,33046,58440000,15074
6,974,58440000,58446000,19828,33046,58500000,15089
6,975,58500000,58506000,19828,33046,58560000,15105
6,976,58560000,58566000,19828,33046,58620000,15120
6,977,58620000,58626000,19828,33046,58680000,15136
6,978,58680000,58686000,19828,33046,58740000,15151
6,979,58740000,58746000,19828,33046,58800000,15167
6,98,5880000,5886000,19828,33046,5940000,1528
6,980,58800000,58806000,19828,33046,58860000,15182
6,981,58860000,58866000,19828,33046,58920000,15198
6,982,58920000,58926000,19828,33046,58980000,15213
6,983,58980000,58986000,19828,33046,59040000,15229
6,984,59040000,59046000,19828,33046,59100000,15245
6,985,59100000,59106000,19828,33046,59160000,15261
6,986,59160000,59166000,19828,33046,59220000,15275
6,987,59220000,59226000,19828,33046,59280000,15290
6,988,59280000,59286000,19828,33046,59340000,15305
6,989,59340000,59346000,19828,33046,59400000,15322
6,99,5940000,5946000,19828,33046,6000000,1545
6,990,59400000,59406000,19828,33046,59460000,15337
6,991,59460000,59466000,19828,33046,59520000,15353
6,992,59520000,59526000,19828,33046,59580000,15368
6,993,59580000,59586000,19828,33046,59640000,15383
6,994,59640000,59646000,19828,33046,59700000,15399
6,995,59700000,59706000,19828,33046,59760000,15415
6,996,59760000,59766000,19828,33046,59820000,15430
6,997,59820000,59826000,19828,33046,59880000,15446
6,998,59880000,59886000,19828,33046,59940000,15461
6,999,59940000,59946000,19828,33046,60000000,15478
7,0,0,6500,180,300,65000,12
7,1,65000,71500,180,300,130000,28
7,10,650000,656500,180,300,715000,177
7,100,6500000,6506500,180,300,6565000,1688
7,1000,65000000,65006500,180,300,65065000,16781
7,1001,65065000,65071500,180,300,65130000,16799
7,1002,65130000,65136500,180,300,65195000,16814
7,1003,65195000,65201500,180,300,65260000,16833
7,1004,65260000,65266500,180,300,65325000,16849
7,1005,65325000,65331500,180,300,65390000,16865
7,1006,65390000,65396500,180,300,65455000,16882
7,1007,65455000,65461500,180,300,65520000,16901
7,1008,65520000,65526500,180,300,65585000,16916
7,1009,65585000,65591500,180,300,65650000,16933
7,101,6565000,6571500,180,300,6630000,1705
7,1010,65650000,65656500,180,300,65715000,16950
7,1011,65715000,65721500,180,300,65780000,16966
7,1012,65780000,65786500,180,300,65845000,16983
7,1013,65845000,65851500,180,300,65910000,17000
7,1014,65910000,65916500,180,300,65975000,17017
7,1015,65975000,65981500,180,300,66040000,17033
7,1016,66040000,66046500,180,300,66105000,17051
7,1017,66105000,66111500,180,300,66170000,17067
7,1018,66170000,66176500,180,300,66235000,17081
7,1019,66235000,66241500,180,300,66300000,17103
7,102,6630000,6636500,180,300,6695000,1721
7,1020,66300000,66306500,180,300,66365000,17119
7,1021,66365000,66371500,180,300,66430000,17134
7,1022,66430000,66436500,180,300,66495000,17150
7,1023,66495000,66501500,180,300,66560000,17169
7,1024,66560000,66566500,180,300,66625000,17184
7,1025,66625000,66631500,180,300,66690000,17201
7,1026,66690000,66696500,180,300,66755000,17217
7,1027,66755000,66761500,180,300,66820000,17234
7,1028,66820000,66826500,180,300,66885000,17252
7,1029,66885000,66891500,180,300,66950000,17267
7,103,6695000,6701500,180,300,6760000,1740
7,1030,66950000,66956500,180,300,67015000,17284
7,1031,67015000,67021500,180,300,67080000,17304
7,1032,67080000,67086500,180,300,67145000,17320
7,1033,67145000,67151500,180,300,67210000,17336
7,1034,67210000,67216500,180,300,67275000,17353
7,1035,67275000,67281500,180,300,67340000,17369
7,1036,67340000,67346500,180,300,67405000,17385
7,1037,67405000,67411500,180,300,67470000,17402
7,1038,67470000,67476500,180,300,67535000,17418
7,1039,67535000,67541500,180,300,67600000,17437
7,104,6760000,6766500,180,300,6825000,1755
7,1040,67600000,67606500,180,300,67665000,17452
7,1041,67665000,67671500,180,300,67730000,17469
7,1042,67730000,67736500,180,300,67795000,17484
7,1043,67795000,67801500,180,300,67860000,17505
7,1044,67860000,67866500,180,300,67925000,17521
7,1045,67925000,67931500,180,300,67990000,17536
7,1046,67990000,67996500,180,300,68055000,17555
7,1047,68055000,68061500,180,300,68120000,17571
7,1048,68120000,68126500,180,300,68185000,17587
7,1049,68185000,68191500,180,300,68250000,17604
7,105,6825000,6831500,180,300,6890000,1772
7,1050,68250000,68256500,180,300,68315000,17620
7,1051,68315000,68321500,180,300,68380000,17636
7,1052,68380000,68386500,180,300,68445000,17654
7,1053,68445000,68451500,180,300,68510000,17670
7,1054,68510000,68516500,180,300,68575000,17685
7,1055,68575000,68581500,180,300,68640000,17706
7,1056,68640000,68646500,180,300,68705000,17722
7,1057,68705000,68711500,180,300,68770000,17739
7,1058,68770000,68776500,180,300,68835000,17754
7,1059,68835000,68841500,180,300,68900000,17773
7,106,6890000,6896500,180,300,6955000,1788
7,1060,68900000,68906500,180,300,68965000,17789
7,1061,68965000,68971500,180,300,69030000,17805
7,1062,69030000,69036500,180,300,69095000,17821
7,1063,69095000,69101500,180,300,69160000,17838
7,1064,69160000,69166500,180,300,69225000,17855
7,1065,69225000,69231500,180,300,69290000,17870
7,1066,69290000,69296500,180,300,69355000,17887
7,1067,69355000,69361500,180,300,69420000,17907
7,1068,69420000,69426500,180,300,69485000,17924
7,1069,69485000,69491500,180,300,69550000,17939
7,107,6955000,6961500,180,300,7020000,1808
7,1070,69550000,69556500,180,300,69615000,17957
7,1071,69615000,69621500,180,300,69680000,17974
7,1072,69680000,69686500,180,300,69745000,17988
7,1073,69745000,69751500,180,300,69810000,18007
7,1074,69810000,69816500,180,300,69875000,18022
7,1075,69875000,69881500,180,300,69940000,18040
7,1076,69940000,69946500,180,300,70005000,18057
7,1077,70005000,70011500,180,300,70070000,18072
7,1078,70070000,70076500,180,300,70135000,18088
7,1079,70135000,70141500,180,300,70200000,18109
7,108,7020000,7026500,180,300,7085000,1824
7,1080,70200000,70206500,180,300,70265000,18124
7,1081,70265000,70271500,180,300,70330000,18140
7,1082,70330000,70336500,180,300,70395000,18157
7,1083,70395000,70401500,180,300,70460000,18174
7,1084,70460000,70466500,180,300,70525000,18191
7,1085,70525000,70531500,180,300,70590000,18207
7,1086,70590000,70596500,180,300,70655000,18225
7,1087,70655000,70661500,180,300,70720000,18241
7,1088,70720000,70726500,180,300,70785000,18258
7,1089,70785000,70791500,180,300,70850000,18275
7,109,7085000,7091500,180,300,7150000,1840
7,1090,70850000,70856500,180,300,70915000,18289
7,1091,70915000,70921500,180,300,70980000,18309
7,1092,70980000,70986500,180,300,71045000,18325
7,1093,71045000,71051500,180,300,71110000,18342
7,1094,71110000,71116500,180,300,71175000,18358
7,1095,71175000,71181500,180,300,71240000,18376
7,1096,71240000,71246500,180,300,71305000,18392
7,1097,71305000,71311500,180,300,71370000,18409
7,1098,71370000,71376500,180,300,71435000,18424
7,1099,71435000,71441500,180,300,71500000,18442
7,11,715000,721500,180,300,780000,198
7,110,7150000,7156500,180,300,7215000,1858
7,1100,71500000,71506500,180,300,71565000,18460
7,1101,71565000,71571500,180,300,71630000,18474
7,1102,71630000,71636500,180,300,71695000,18491
7,1103,71695000,71701500,180,300,71760000,18512
7,1104,71760000,71766500,180,300,71825000,18528
7,1105,71825000,71831500,180,300,71890000,18542
7,1106,71890000,71896500,180,300,71955000,18560
7,1107,71955000,71961500,180,300,72020000,18577
7,1108,72020000,72026500,180,300,72085000,18592
7,1109,72085000,72091500,180,300,72150000,18610
7,111,7215000,7221500,180,300,7280000,1873
7,1110,72150000,72156500,180,300,72215000,18626
7,1111,72215000,72221500,180,300,72280000,18644
7,1112,72280000,72286500,180,300,72345000,18659
7,1113,72345000,72351500,180,300,72410000,18677
7,1114,72410000,72416500,180,300,72475000,18692
7,1115,72475000,72481500,180,300,72540000,18712
7,1116,72540000,72546500,180,300,72605000,18729
7,1117,72605000,72611500,180,300,72670000,18744
7,1118,72670000,72676500,180,300,72735000,18762
7,1119,72735000,72741500,180,300,72800000,18778
7,112,7280000,7286500,180,300,7345000,1889
7,1120,72800000,72806500,180,300,72865000,18794
7,1121,72865000,72871500,180,300,72930000,18811
7,1122,72930000,72936500,180,300,72995000,18827
7,1123,72995000,73001500,180,300,73060000,18844
7,1124,73060000,73066500,180,300,73125000,18862
7,1125,73125000,73131500,180,300,73190000,18877
7,1126,73190000,73196500,180,300,73255000,18893
7,1127,73255000,73261500,180,300,73320000,18914
7,1128,73320000,73326500,180,300,73385000,18929
7,1129,73385000,73391500,180,300,73450000,18947
7,113,7345000,7351500,180,300,7410000,1907
7,1130,73450000,73456500,180,300,73515000,18962
7,1131,73515000,73521500,180,300,73580000,18980
7,1132,73580000,73586500,180,300,73645000,18996
7,1133,73645000,73651500,180,300,73710000,19012
7,1134,73710000,73716500,180,300,73775000,19028
7,1135,73775000,73781500,180,300,73840000,19045
7,1136,73840000,73846500,180,300,73905000,19063
7,1137,73905000,73911500,180,300,73970000,19078
7,1138,73970000,73976500,180,300,74035000,19094
7,1139,74035000,74041500,180,300,74100000,19115
7,114,7410000,7416500,180,300,7475000,1923
7,1140,74100000,74106500,180,300,74165000,19132
7,1141,74165000,74171500,180,300,74230000,19146
7,1142,74230000,74236500,180,300,74295000,19164
7,1143,74295000,74301500,180,300,74360000,19182
7,1144,74360000,74366500,180,300,74425000,19196
7,1145,74425000,74431500,180,300,74490000,19214
7,1146,74490000,74496500,180,300,74555000,19230
7,1147,74555000,74561500,180,300,74620000,19247
7,1148,74620000,74626500,180,300,74685000,19263
7,1149,74685000,74691500,180,300,74750000,19280
7,115,7475000,7481500,180,300,7540000,1939
7,1150,74750000,74756500,180,300,74815000,19296
7,1151,74815000,74821500,180,300,74880000,19316
7,1152,74880000,74886500,180,300,74945000,19331
7,1153,74945000,74951500,180,300,75010000,19348
7,1154,75010000,75016500,180,300,75075000,19365
7,1155,75075000,75081500,180,300,75140000,19381
7,1156,75140000,75146500,180,300,75205000,19399
7,1157,75205000,75211500,180,300,75270000,19415
7,1158,75270000,75276500,180,300,75335000,19432
7,1159,75335000,75341500,180,300,75400000,19449
7,116,7540000,7546500,180,300,7605000,1958
7,1160,75400000,75406500,180,300,75465000,19466
7,1161,75465000,75471500,180,300,75530000,19481
7,1162,75530000,75536500,180,300,75595000,19495
7,1163,75595000,75601500,180,300,75660000,19517
7,1164,75660000,75666500,180,300,75725000,19533
7,1165,75725000,75731500,180,300,75790000,19549
7,1166,75790000,75796500,180,300,75855000,19566
7,1167,75855000,75861500,180,300,75920000,19584
7,1168,75920000,75926500,180,300,75985000,19599
7,1169,75985000,75991500,180,300,76050000,19617
7,117,7605000,7611500,180,300,7670000,1973
7,1170,76050000,76056500,180,300,76115000,19632
7,1171,76115000,76121500,180,300,76180000,19649
7,1172,76180000,76186500,180,300,76245000,19667
7,1173,76245000,76251500,180,300,76310000,19682
7,1174,76310000,76316500,180,300,76375000,19699
7,1175,76375000,76381500,180,300,76440000,19718
7,1176,76440000,76446500,180,300,76505000,19735
7,1177,76505000,76511500,180,300,76570000,19750
7,1178,76570000,76576500,180,300,76635000,19767
7,1179,76635000,76641500,180,300,76700000,19785
7,118,7670000,7676500,180,300,7735000,1988
7,1180,76700000,76706500,180,300,76765000,19800
7,1181,76765000,76771500,180,300,76830000,19817
7,1182,76830000,76836500,180,300,76895000,19833
7,1183,76895000,76901500,180,300,76960000,19852
7,1184,76960000,76966500,180,300,77025000,19867
7,1185,77025000,77031500,180,300,77090000,19884
7,1186,77090000,77096500,180,300,77155000,19900
7,1187,77155000,77161500,180,300,77220000,19920
7,1188,77220000,77226500,180,300,77285000,19936
7,1189,77285000,77291500,180,300,77350000,19951
7,119,7735000,7741500,180,300,7800000,2010
7,1190,77350000,77356500,180,300,77415000,19969
7,1191,77415000,77421500,180,300,77480000,19985
7,1192,77480000,77486500,180,300,77545000,20001
7,1193,77545000,77551500,180,300,77610000,20019
7,1194,77610000,77616500,180,300,77675000,20035
7,1195,77675000,77681500,180,300,77740000,20051
7,1196,77740000,77746500,180,300,77805000,20070
7,1197,77805000,77811500,180,300,77870000,20085
7,1198,77870000,77876500,180,300,77935000,20100
7,1199,77935000,77941500,180,300,78000000,20122
7,12,780000,786500,180,300,845000,214
7,120,7800000,7806500,180,300,7865000,2025
7,1200,78000000,78006500,180,300,78065000,20137
7,1201,78065000,78071500,180,300,78130000,20154
7,1202,78130000,78136500,180,300,78195000,20169
7,1203,78195000,78201500,180,300,78260000,20187
7,1204,78260000,78266500,180,300,78325000,20203
7,1205,78325000,78331500,180,300,78390000,20219
7,1206,78390000,78396500,180,300,78455000,20236
7,1207,78455000,78461500,180,300,78520000,20253
7,1208,78520000,78526500,180,300,78585000,20270
7,1209,78585000,78591500,180,300,78650000,20286
7,121,7865000,7871500,180,300,7930000,2042
7,1210,78650000,78656500,180,300,78715000,20302
7,1211,78715000,78721500,180,300,78780000,20322
7,1212,78780000,78786500,180,300,78845000,20339
7,1213,78845000,78851500,180,300,78910000,20354
7,1214,78910000,78916500,180,300,78975000,20372
7,1215,78975000,78981500,180,300,79040000,20389
7,1216,79040000,79046500,180,300,79105000,20404
7,1217,79105000,79111500,180,300,79170000,20421
7,1218,79170000,79176500,180,300,79235000,20436
7,1219,79235000,79241500,180,300,79300000,20455
7,122,7930000,7936500,180,300,7995000,2057
7,1220,79300000,79306500,180,300,79365000,20471
7,1221,79365000,79371500,180,300,79430000,20487
7,1222,79430000,79436500,180,300,79495000,20503
7,1223,79495000,79501500,180,300,79560000,20524
7,1224,79560000,79566500,180,300,79625000,20539
7,1225,79625000,79631500,180,300,79690000,20555
7,1226,79690000,79696500,180,300,79755000,20573
7,1227,79755000,79761500,180,300,79820000,20589
7,1228,79820000,79826500,180,300,79885000,20606
7,1229,79885000,79891500,180,300,79950000,20623
7,123,7995000,8001500,180,300,8060000,2076
7,1230,79950000,79956500,180,300,80015000,20640
7,1231,80015000,80021500,180,300,80080000,20655
7,1232,80080000,80086500,180,300,80145000,20672
7,1233,80145000,80151500,180,300,80210000,20689
7,1234,80210000,80216500,180,300,80275000,20703
7,1235,80275000,80281500,180,300,80340000,20724
7,1236,80340000,80346500,180,300,80405000,20741
7,1237,80405000,80411500,180,300,80470000,20757
7,1238,80470000,80476500,180,300,80535000,20773
7,1239,80535000,80541500,180,300,80600000,20792
7,124,8060000,8066500,180,300,8125000,2092
7,1240,80600000,80606500,180,300,80665000,20807
7,1241,80665000,80671500,180,300,80730000,20824
7,1242,80730000,80736500,180,300,80795000,20839
7,1243,80795000,80801500,180,300,80860000,20857
7,1244,80860000,80866500,180,300,80925000,20875
7,1245,80925000,80931500,180,300,80990000,20888
7,1246,80990000,80996500,180,300,81055000,20906
7,1247,81055000,81061500,180,300,81120000,20926
7,1248,81120000,81126500,180,300,81185000,20942
7,1249,81185000,81191500,180,300,81250000,20958
7,125,8125000,8131500,180,300,8190000,2107
7,1250,81250000,81256500,180,300,81315000,20975
7,1251,81315000,81321500,180,300,81380000,20992
7,1252,81380000,81386500,180,300,81445000,21007
7,1253,81445000,81451500,180,300,81510000,21025
7,1254,81510000,81516500,180,300,81575000,21041
7,1255,81575000,81581500,180,300,81640000,21059
7,1256,81640000,81646500,180,300,81705000,21075
7,1257,81705000,81711500,180,300,81770000,21092
7,1258,81770000,81776500,180,300,81835000,21107
7,1259,81835000,81841500,180,300,81900000,21127
7,126,8190000,8196500,180,300,8255000,2124
7,1260,81900000,81906500,180,300,81965000,21143
7,1261,81965000,81971500,180,300,82030000,21158
7,1262,82030000,82036500,180,300,82095000,21176
7,1263,82095000,82101500,180,300,82160000,21193
7,1264,82160000,82166500,180,300,82225000,21209
7,1265,82225000,82231500,180,300,82290000,21226
7,1266,82290000,82296500,180,300,82355000,21243
7,1267,82355000,82361500,180,300,82420000,21259
7,1268,82420000,82426500,180,300,82485000,21277
7,1269,82485000,82491500,180,300,82550000,21293
7,127,8255000,8261500,180,300,8320000,2141
7,1270,82550000,82556500,180,300,82615000,21308
7,1271,82615000,82621500,180,300,82680000,21329
7,1272,82680000,82686500,180,300,82745000,21344
7,1273,82745000,82751500,180,300,82810000,21361
7,1274,82810000,82816500,180,300,82875000,21376
7,1275,82875000,82881500,180,300,82940000,21394
7,1276,82940000,82946500,180,300,83005000,21411
7,1277,83005000,83011500,180,300,83070000,21427
7,1278,83070000,83076500,180,300,83135000,21443
7,1279,83135000,83141500,180,300,83200000,21461
7,128,8320000,8326500,180,300,8385000,2158
7,1280,83200000,83206500,180,300,83265000,21478
7,1281,83265000,83271500,180,300,83330000,21493
7,1282,83330000,83336500,180,300,83395000,21509
7,1283,83395000,83401500,180,300,83460000,21530
7,1284,83460000,83466500,180,300,83525000,21547
7,1285,83525000,83531500,180,300,83590000,21561
7,1286,83590000,83596500,180,300,83655000,21580
7,1287,83655000,83661500,180,300,83720000,21596
7,1288,83720000,83726500,180,300,83785000,21610
7,1289,83785000,83791500,180,300,83850000,21629
7,129,8385000,8391500,180,300,8450000,2174
7,1290,83850000,83856500,180,300,83915000,21644
7,1291,83915000,83921500,180,300,83980000,21662
7,1292,83980000,83986500,180,300,84045000,21678
7,1293,84045000,84051500,180,300,84110000,21695
7,1294,84110000,84116500,180,300,84175000,21711
7,1295,84175000,84181500,180,300,84240000,21731
7,1296,84240000,84246500,180,300,84305000,21747
7,1297,84305000,84311500,180,300,84370000,21763
7,1298,84370000,84376500,180,300,84435000,21780
7,1299,84435000,84441500,180,300,84500000,21797
7,13,845000,851500,180,300,910000,230
7,130,8450000,8456500,180,300,8515000,2190
7,1300,84500000,84506500,180,300,84565000,21814
7,1301,84565000,84571500,180,300,84630000,21829
7,1302,84630000,84636500,180,300,84695000,21846
7,1303,84695000,84701500,180,300,84760000,21863
7,1304,84760000,84766500,180,300,84825000,21880
7,1305,84825000,84831500,180,300,84890000,21896
7,1306,84890000,84896500,180,300,84955000,21911
7,1307,84955000,84961500,180,300,85020000,21932
7,1308,85020000,85026500,180,300,85085000,21948
7,1309,85085000,85091500,180,300,85150000,21965
7,131,8515000,8521500,180,300,8580000,2210
7,1310,85150000,85156500,180,300,85215000,21981
7,1311,85215000,85221500,180,300,85280000,21999
7,1312,85280000,85286500,180,300,85345000,22014
7,1313,85345000,85351500,180,300,85410000,22032
7,1314,85410000,85416500,180,300,85475000,22047
7,1315,85475000,85481500,180,300,85540000,22063
7,1316,85540000,85546500,180,300,85605000,22082
7,1317,85605000,85611500,180,300,85670000,22096
7,1318,85670000,85676500,180,300,85735000,22113
7,1319,85735000,85741500,180,300,85800000,22134
7,132,8580000,8586500,180,300,8645000,2227
7,1320,85800000,85806500,180,300,85865000,22150
7,1321,85865000,85871500,180,300,85930000,22165
7,1322,85930000,85936500,180,300,85995000,22182
7,1323,85995000,86001500,180,300,86060000,22200
7,1324,86060000,86066500,180,300,86125000,22215
7,1325,86125000,86131500,180,300,86190000,22232
7,1326,86190000,86196500,180,300,86255000,22249
7,1327,86255000,86261500,180,300,86320000,22267
7,1328,86320000,86326500,180,300,86385000,22282
7,1329,86385000,86391500,180,300,86450000,22299
7,133,8645000,8651500,180,300,8710000,2242
7,1330,86450000,86456500,180,300,86515000,22314
7,1331,86515000,86521500,180,300,86580000,22334
7,1332,86580000,86586500,180,300,86645000,22350
7,1333,86645000,86651500,180,300,86710000,22366
7,1334,86710000,86716500,180,300,86775000,22384
7,1335,86775000,86781500,180,300,86840000,22400
7,1336,86840000,86846500,180,300,86905000,22417
7,1337,86905000,86911500,180,300,86970000,22434
7,1338,86970000,86976500,180,300,87035000,22450
7,1339,87035000,87041500,180,300,87100000,22467
7,134,8710000,8716500,180,300,8775000,2260
7,1340,87100000,87106500,180,300,87165000,22485
7,1341,87165000,87171500,180,300,87230000,22500
7,1342,87230000,87236500,180,300,87295000,22515
7,1343,87295000,87301500,180,300,87360000,22536
7,1344,87360000,87366500,180,300,87425000,22551
7,1345,87425000,87431500,180,300,87490000,22568
7,1346,87490000,87496500,180,300,87555000,22584
7,1347,87555000,87561500,180,300,87620000,22602
7,1348,87620000,87626500,180,300,87685000,22618
7,1349,87685000,87691500,180,300,87750000,22635
7,135,8775000,8781500,180,300,8840000,2277
7,1350,87750000,87756500,180,300,87815000,22651
7,1351,87815000,87821500,180,300,87880000,22668
7,1352,87880000,87886500,180,300,87945000,22685
7,1353,87945000,87951500,180,300,88010000,22701
7,1354,88010000,88016500,180,300,88075000,22717
7,1355,88075000,88081500,180,300,88140000,22737
7,1356,88140000,88146500,180,300,88205000,22755
7,1357,88205000,88211500,180,300,88270000,22768
7,1358,88270000,88276500,180,300,88335000,22786
7,1359,88335000,88341500,180,300,88400000,22804
7,136,8840000,8846500,180,300,8905000,2292
7,1360,88400000,88406500,180,300,88465000,22818
7,1361,88465000,88471500,180,300,88530000,22836
7,1362,88530000,88536500,180,300,88595000,22851
7,1363,88595000,88601500,180,300,88660000,22870
7,1364,88660000,88666500,180,300,88725000,22886
7,1365,88725000,88731500,180,300,88790000,22902
7,1366,88790000,88796500,180,300,88855000,22919
7,1367,88855000,88861500,180,300,88920000,22939
7,1368,88920000,88926500,180,300,88985000,22954
7,1369,88985000,88991500,180,300,89050000,22971
7,137,8905000,8911500,180,300,8970000,2310
7,1370,89050000,89056500,180,300,89115000,22988
7,1371,89115000,89121500,180,300,89180000,23003
7,1372,89180000,89186500,180,300,89245000,23020
7,1373,89245000,89251500,180,300,89310000,23037
7,1374,89310000,89316500,180,300,89375000,23054
7,1375,89375000,89381500,180,300,89440000,23070
7,1376,89440000,89446500,180,300,89505000,23088
7,1377,89505000,89511500,180,300,89570000,23104
7,1378,89570000,89576500,180,300,89635000,23118
7,1379,89635000,89641500,180,300,89700000,23140
7,138,8970000,8976500,180,300,9035000,2325
7,1380,89700000,89706500,180,300,89765000,23156
7,1381,89765000,89771500,180,300,89830000,23172
7,1382,89830000,89836500,180,300,89895000,23188
7,1383,89895000,89901500,180,300,89960000,23207
7,1384,89960000,89966500,180,300,90025000,23222
7,1385,90025000,90031500,180,300,90090000,23238
7,1386,90090000,90096500,180,300,90155000,23254
7,1387,90155000,90161500,180,300,90220000,23271
7,1388,90220000,90226500,180,300,90285000,23289
7,1389,90285000,90291500,180,300,90350000,23304
7,139,9035000,9041500,180,300,9100000,2343
7,1390,90350000,90356500,180,300,90415000,23321
7,1391,90415000,90421500,180,300,90480000,23341
7,1392,90480000,90486500,180,300,90545000,23357
7,1393,90545000,90551500,180,300,90610000,23373
7,1394,90610000,90616500,180,300,90675000,23390
7,1395,90675000,90681500,180,300,90740000,23407
7,1396,90740000,90746500,180,300,90805000,23423
7,1397,90805000,90811500,180,300,90870000,23440
7,1398,90870000,90876500,180,300,90935000,23456
7,1399,90935000,90941500,180,300,91000000,23474
7,14,910000,916500,180,300,975000,246
7,140,9100000,9106500,180,300,9165000,2359
7,1400,91000000,91006500,180,300,91065000,23489
7,1401,91065000,91071500,180,300,91130000,23506
7,1402,91130000,91136500,180,300,91195000,23521
7,1403,91195000,91201500,180,300,91260000,23542
7,1404,91260000,91266500,180,300,91325000,23558
7,1405,91325000,91331500,180,300,91390000,23573
7,1406,91390000,91396500,180,300,91455000,23592
7,1407,91455000,91461500,180,300,91520000,23608
7,1408,91520000,91526500,180,300,91585000,23624
7,1409,91585000,91591500,180,300,91650000,23642
7,141,9165000,9171500,180,300,9230000,2375
7,1410,91650000,91656500,180,300,91715000,23658
7,1411,91715000,91721500,180,300,91780000,23674
7,1412,91780000,91786500,180,300,91845000,23692
7,1413,91845000,91851500,180,300,91910000,23707
7,1414,91910000,91916500,180,300,91975000,23722
7,1415,91975000,91981500,180,300,92040000,23743
7,1416,92040000,92046500,180,300,92105000,23759
7,1417,92105000,92111500,180,300,92170000,23776
7,1418,92170000,92176500,180,300,92235000,23791
7,1419,92235000,92241500,180,300,92300000,23810
7,142,9230000,9236500,180,300,9295000,2391
7,1420,92300000,92306500,180,300,92365000,23826
7,1421,92365000,92371500,180,300,92430000,23842
7,1422,92430000,92436500,180,300,92495000,23858
7,1423,92495000,92501500,180,300,92560000,23876
7,1424,92560000,92566500,180,300,92625000,23893
7,1425,92625000,92631500,180,300,92690000,23908
7,1426,92690000,92696500,180,300,92755000,23925
7,1427,92755000,92761500,180,300,92820000,23944
7,1428,92820000,92826500,180,300,92885000,23961
7,1429,92885000,92891500,180,300,92950000,23976
7,143,9295000,9301500,180,300,9360000,2412
7,1430,92950000,92956500,180,300,93015000,23994
7,1431,93015000,93021500,180,300,93080000,24011
7,1432,93080000,93086500,180,300,93145000,24025
7,1433,93145000,93151500,180,300,93210000,24044
7,1434,93210000,93216500,180,300,93275000,24059
7,1435,93275000,93281500,180,300,93340000,24077
7,1436,93340000,93346500,180,300,93405000,24094
7,1437,93405000,93411500,180,300,93470000,24110
7,1438,93470000,93476500,180,300,93535000,24126
7,1439,93535000,93541500,180,300,93600000,24147
7,144,9360000,9366500,180,300,9425000,2427
7,1440,93600000,93606500,180,300,93665000,24162
7,1441,93665000,93671500,180,300,93730000,24177
7,1442,93730000,93736500,180,300,93795000,24194
7,1443,93795000,93801500,180,300,93860000,24211
7,1444,93860000,93866500,180,300,93925000,24228
7,1445,93925000,93931500,180,300,93990000,24244
7,1446,93990000,93996500,180,300,94055000,24262
7,1447,94055000,94061500,180,300,94120000,24278
7,1448,94120000,94126500,180,300,94185000,24295
7,1449,94185000,94191500,180,300,94250000,24312
7,145,9425000,9431500,180,300,9490000,2443
7,1450,94250000,94256500,180,300,94315000,24326
7,1451,94315000,94321500,180,300,94380000,24347
7,1452,94380000,94386500,180,300,94445000,24363
7,1453,94445000,94451500,180,300,94510000,24380
7,1454,94510000,94516500,180,300,94575000,24396
7,1455,94575000,94581500,180,300,94640000,24413
7,1456,94640000,94646500,180,300,94705000,24429
7,1457,94705000,94711500,180,300,94770000,24446
7,1458,94770000,94776500,180,300,94835000,24461
7,1459,94835000,94841500,180,300,94900000,24479
7,146,9490000,9496500,180,300,9555000,2461
7,1460,94900000,94906500,180,300,94965000,24497
7,1461,94965000,94971500,180,300,95030000,24511
7,1462,95030000,95036500,180,300,95095000,24528
7,1463,95095000,95101500,180,300,95160000,24549
7,1464,95160000,95166500,180,300,95225000,24565
7,1465,95225000,95231500,180,300,95290000,24580
7,1466,95290000,95296500,180,300,95355000,24598
7,1467,95355000,95361500,180,300,95420000,24615
7,1468,95420000,95426500,180,300,95485000,24630
7,1469,95485000,95491500,180,300,95550000,24647
7,147,9555000,9561500,180,300,9620000,2477
7,1470,95550000,95556500,180,300,95615000,24663
7,1471,95615000,95621500,180,300,95680000,24681
7,1472,95680000,95686500,180,300,95745000,24696
7,1473,95745000,95751500,180,300,95810000,24714
7,1474,95810000,95816500,180,300,95875000,24729
7,1475,95875000,95881500,180,300,95940000,24749
7,1476,95940000,95946500,180,300,96005000,24766
7,1477,96005000,96011500,180,300,96070000,24781
7,1478,96070000,96076500,180,300,96135000,24799
7,1479,96135000,96141500,180,300,96200000,24816
7,148,9620000,9626500,180,300,9685000,2494
7,1480,96200000,96206500,180,300,96265000,24832
7,1481,96265000,96271500,180,300,96330000,24849
7,1482,96330000,96336500,180,300,96395000,24865
7,1483,96395000,96401500,180,300,96460000,24881
7,1484,96460000,96466500,180,300,96525000,24899
7,1485,96525000,96531500,180,300,96590000,24914
7,1486,96590000,96596500,180,300,96655000,24930
7,1487,96655000,96661500,180,300,96720000,24951
7,1488,96720000,96726500,180,300,96785000,24966
7,1489,96785000,96791500,180,300,96850000,24984
7,149,9685000,9691500,180,300,9750000,2511
7,1490,96850000,96856500,180,300,96915000,24999
7,1491,96915000,96921500,180,300,96980000,25017
7,1492,96980000,96986500,180,300,97045000,25033
7,1493,97045000,97051500,180,300,97110000,25050
7,1494,97110000,97116500,180,300,97175000,25066
7,1495,97175000,97181500,180,300,97240000,25083
7,1496,97240000,97246500,180,300,97305000,25101
7,1497,97305000,97311500,180,300,97370000,25115
7,1498,97370000,97376500,180,300,97435000,25131
7,1499,97435000,97441500,180,300,97500000,25152
7,15,975000,981500,180,300,1040000,264
7,150,9750000,9756500,180,300,9815000,2528
7,1500,97500000,97506500,180,300,97565000,25169
7,1501,97565000,97571500,180,300,97630000,25183
7,1502,97630000,97636500,180,300,97695000,25201
7,1503,97695000,97701500,180,300,97760000,25219
7,1504,97760000,97766500,180,300,97825000,25233
7,1505,97825000,97831500,180,300,97890000,25251
7,1506,97890000,97896500,180,300,97955000,25267
7,1507,97955000,97961500,180,300,98020000,25285
7,1508,98020000,98026500,180,300,98085000,25301
7,1509,98085000,98091500,180,300,98150000,25318
7,151,9815000,9821500,180,300,9880000,2544
7,1510,98150000,98156500,180,300,98215000,25334
7,1511,98215000,98221500,180,300,98280000,25353
7,1512,98280000,98286500,180,300,98345000,25368
7,1513,98345000,98351500,180,300,98410000,25385
7,1514,98410000,98416500,180,300,98475000,25402
7,1515,98475000,98481500,180,300,98540000,25418
7,1516,98540000,98546500,180,300,98605000,25436
7,1517,98605000,98611500,180,300,98670000,25452
7,1518,98670000,98676500,180,300,98735000,25469
7,1519,98735000,98741500,180,300,98800000,25486
7,152,9880000,9886500,180,300,9945000,2561
7,1520,98800000,98806500,180,300,98865000,25503
7,1521,98865000,98871500,180,300,98930000,25519
7,1522,98930000,98936500,180,300,98995000,25533
7,1523,98995000,99001500,180,300,99060000,25555
7,1524,99060000,99066500,180,300,99125000,25571
7,1525,99125000,99131500,180,300,99190000,25586
7,1526,99190000,99196500,180,300,99255000,25603
7,1527,99255000,99261500,180,300,99320000,25621
7,1528,99320000,99326500,180,300,99385000,25636
7,1529,99385000,99391500,180,300,99450000,25654
7,153,9945000,9951500,180,300,10010000,2577
7,1530,99450000,99456500,180,300,99515000,25669
7,1531,99515000,99521500,180,300,99580000,25686
7,1532,99580000,99586500,180,300,99645000,25704
7,1533,99645000,99651500,180,300,99710000,25719
7,1534,99710000,99716500,180,300,99775000,25736
7,1535,99775000,99781500,180,300,99840000,25756
7,1536,99840000,99846500,180,300,99905000,25773
7,1537,99905000,99911500,180,300,99970000,25788
7,1538,99970000,99976500,180,300,100035000,25805
7,1539,100035000,100041500,180,300,100100000,25822
7,154,10010000,10016500,180,300,10075000,2591
7,1540,100100000,100106500,180,300,100165000,25837
7,1541,100165000,100171500,180,300,100230000,25854
7,1542,100230000,100236500,180,300,100295000,25870
7,1543,100295000,100301500,180,300,100360000,25889
7,1544,100360000,100366500,180,300,100425000,25904
7,1545,100425000,100431500,180,300,100490000,25921
7,1546,100490000,100496500,180,300,100555000,25937
7,1547,100555000,100561500,180,300,100620000,25957
7,1548,100620000,100626500,180,300,100685000,25973
7,1549,100685000,100691500,180,300,100750000,25989
7,155,10075000,10081500,180,300,10140000,2612
7,1550,100750000,100756500,180,300,100815000,26007
7,1551,100815000,100821500,180,300,100880000,26023
7,1552,100880000,100886500,180,300,100945000,26039
7,1553,100945000,100951500,180,300,101010000,26056
7,1554,101010000,101016500,180,300,101075000,26072
7,1555,101075000,101081500,180,300,101140000,26088
7,1556,101140000,101146500,180,300,101205000,26107
7,1557,101205000,101211500,180,300,101270000,26122
7,1558,101270000,101276500,180,300,101335000,26137
7,1559,101335000,101341500,180,300,101400000,26159
7,156,10140000,10146500,180,300,10205000,2629
7,1560,101400000,101406500,180,300,101465000,26174
7,1561,101465000,101471500,180,300,101530000,26191
7,1562,101530000,101536500,180,300,101595000,26206
7,1563,101595000,101601500,180,300,101660000,26225
7,1564,101660000,101666500,180,300,101725000,26241
7,1565,101725000,101731500,180,300,101790000,26257
7,1566,101790000,101796500,180,300,101855000,26274
7,1567,101855000,101861500,180,300,101920000,26290
7,1568,101920000,101926500,180,300,101985000,26307
7,1569,101985000,101991500,180,300,102050000,26323
7,157,10205000,10211500,180,300,10270000,2645
7,1570,102050000,102056500,180,300,102115000,26339
7,1571,102115000,102121500,180,300,102180000,26359
7,1572,102180000,102186500,180,300,102245000,26376
7,1573,102245000,102251500,180,300,102310000,26391
7,1574,102310000,102316500,180,300,102375000,26409
7,1575,102375000,102381500,180,300,102440000,26426
7,1576,102440000,102446500,180,300,102505000,26441
7,1577,102505000,102511500,180,300,102570000,26459
7,1578,102570000,102576500,180,300,102635000,26474
7,1579,102635000,102641500,180,300,102700000,26493
7,158,10270000,10276500,180,300,10335000,2661
7,1580,102700000,102706500,180,300,102765000,26509
7,1581,102765000,102771500,180,300,102830000,26524
7,1582,102830000,102836500,180,300,102895000,26540
7,1583,102895000,102901500,180,300,102960000,26561
7,1584,102960000,102966500,180,300,103025000,26576
7,1585,103025000,103031500,180,300,103090000,26592
7,1586,103090000,103096500,180,300,103155000,26610
7,1587,103155000,103161500,180,300,103220000,26626
7,1588,103220000,103226500,180,300,103285000,26643
7,1589,103285000,103291500,180,300,103350000,26660
7,159,10335000,10341500,180,300,10400000,2680
7,1590,103350000,103356500,180,300,103415000,26677
7,1591,103415000,103421500,180,300,103480000,26693
7,1592,103480000,103486500,180,300,103545000,26710
7,1593,103545000,103551500,180,300,103610000,26727
7,1594,103610000,103616500,180,300,103675000,26741
7,1595,103675000,103681500,180,300,103740000,26761
7,1596,103740000,103746500,180,300,103805000,26778
7,1597,103805000,103811500,180,300,103870000,26794
7,1598,103870000,103876500,180,300,103935000,26810
7,1599,103935000,103941500,180,300,104000000,26829
7,16,1040000,1046500,180,300,1105000,280
7,160,10400000,10406500,180,300,10465000,2695
7,1600,104000000,104006500,180,300,104065000,26844
7,1601,104065000,104071500,180,300,104130000,26861
7,1602,104130000,104136500,180,300,104195000,26876
7,1603,104195000,104201500,180,300,104260000,26894
7,1604,104260000,104266500,180,300,104325000,26912
7,1605,104325000,104331500,180,300,104390000,26926
7,1606,104390000,104396500,180,300,104455000,26944
7,1607,104455000,104461500,180,300,104520000,26964
7,1608,104520000,104526500,180,300,104585000,26980
7,1609,104585000,104591500,180,300,104650000,26995
7,161,10465000,10471500,180,300,10530000,2712
7,1610,104650000,104656500,180,300,104715000,27012
7,1611,104715000,104721500,180,300,104780000,27029
7,1612,104780000,104786500,180,300,104845000,27044
7,1613,104845000,104851500,180,300,104910000,27062
7,1614,104910000,104916500,180,300,104975000,27078
7,1615,104975000,104981500,180,300,105040000,27096
7,1616,105040000,105046500,180,300,105105000,27112
7,1617,105105000,105111500,180,300,105170000,27129
7,1618,105170000,105176500,180,300,105235000,27144
7,1619,105235000,105241500,180,300,105300000,27165
7,162,10530000,10536500,180,300,10595000,2727
7,1620,105300000,105306500,180,300,105365000,27181
7,1621,105365000,105371500,180,300,105430000,27196
7,1622,105430000,105436500,180,300,105495000,27214
7,1623,105495000,105501500,180,300,105560000,27230
7,1624,105560000,105566500,180,300,105625000,27246
7,1625,105625000,105631500,180,300,105690000,27263
7,1626,105690000,105696500,180,300,105755000,27280
7,1627,105755000,105761500,180,300,105820000,27296
7,1628,105820000,105826500,180,300,105885000,27314
7,1629,105885000,105891500,180,300,105950000,27330
7,163,10595000,10601500,180,300,10660000,2745
7,1630,105950000,105956500,180,300,106015000,27345
7,1631,106015000,106021500,180,300,106080000,27366
7,1632,106080000,106086500,180,300,106145000,27381
7,1633,106145000,106151500,180,300,106210000,27399
7,1634,106210000,106216500,180,300,106275000,27414
7,1635,106275000,106281500,180,300,106340000,27432
7,1636,106340000,106346500,180,300,106405000,27449
7,1637,106405000,106411500,180,300,106470000,27464
7,1638,106470000,106476500,180,300,106535000,27480
7,1639,106535000,106541500,180,300,106600000,27498
7,164,10660000,10666500,180,300,10725000,2763
7,1640,106600000,106606500,180,300,106665000,27515
7,1641,106665000,106671500,180,300,106730000,27530
7,1642,106730000,106736500,180,300,106795000,27546
7,1643,106795000,106801500,180,300,106860000,27567
7,1644,106860000,106866500,180,300,106925000,27584
7,1645,106925000,106931500,180,300,106990000,27598
7,1646,106990000,106996500,180,300,107055000,27617
7,1647,107055000,107061500,180,300,107120000,27634
7,1648,107120000,107126500,180,300,107185000,27648
7,1649,107185000,107191500,180,300,107250000,27667
7,165,10725000,10731500,180,300,10790000,2777
7,1650,107250000,107256500,180,300,107315000,27682
7,1651,107315000,107321500,180,300,107380000,27699
7,1652,107380000,107386500,180,300,107445000,27715
7,1653,107445000,107451500,180,300,107510000,27732
7,1654,107510000,107516500,180,300,107575000,27748
7,1655,107575000,107581500,180,300,107640000,27768
7,1656,107640000,107646500,180,300,107705000,27784
7,1657,107705000,107711500,180,300,107770000,27800
7,1658,107770000,107776500,180,300,107835000,27817
7,1659,107835000,107841500,180,300,107900000,27834
7,166,10790000,10796500,180,300,10855000,2795
7,1660,107900000,107906500,180,300,107965000,27851
7,1661,107965000,107971500,180,300,108030000,27867
7,1662,108030000,108036500,180,300,108095000,27884
7,1663,108095000,108101500,180,300,108160000,27901
7,1664,108160000,108166500,180,300,108225000,27918
7,1665,108225000,108231500,180,300,108290000,27933
7,1666,108290000,108296500,180,300,108355000,27948
7,1667,108355000,108361500,180,300,108420000,27969
7,1668,108420000,108426500,180,300,108485000,27985
7,1669,108485000,108491500,180,300,108550000,28002
7,167,10855000,10861500,180,300,10920000,2814
7,1670,108550000,108556500,180,300,108615000,28018
7,1671,108615000,108621500,180,300,108680000,28036
7,1672,108680000,108686500,180,300,108745000,28051
7,1673,108745000,108751500,180,300,108810000,28069
7,1674,108810000,108816500,180,300,108875000,28084
7,1675,108875000,108881500,180,300,108940000,28101
7,1676,108940000,108946500,180,300,109005000,28120
7,1677,109005000,109011500,180,300,109070000,28134
7,1678,109070000,109076500,180,300,109135000,28151
7,1679,109135000,109141500,180,300,109200000,28171
7,168,10920000,10926500,180,300,10985000,2830
7,1680,109200000,109206500,180,300,109265000,28187
7,1681,109265000,109271500,180,300,109330000,28202
7,1682,109330000,109336500,180,300,109395000,28219
7,1683,109395000,109401500,180,300,109460000,28237
7,1684,109460000,109466500,180,300,109525000,28252
7,1685,109525000,109531500,180,300,109590000,28269
7,1686,109590000,109596500,180,300,109655000,28286
7,1687,109655000,109661500,180,300,109720000,28304
7,1688,109720000,109726500,180,300,109785000,28319
7,1689,109785000,109791500,180,300,109850000,28337
7,169,10985000,10991500,180,300,11050000,2846
7,1690,109850000,109856500,180,300,109915000,28352
7,1691,109915000,109921500,180,300,109980000,28372
7,1692,109980000,109986500,180,300,110045000,28388
7,1693,110045000,110051500,180,300,110110000,28403
7,1694,110110000,110116500,180,300,110175000,28421
7,1695,110175000,110181500,180,300,110240000,28437
7,1696,110240000,110246500,180,300,110305000,28454
7,1697,110305000,110311500,180,300,110370000,28471
7,1698,110370000,110376500,180,300,110435000,28487
7,1699,110435000,110441500,180,300,110500000,28504
7,17,1105000,1111500,180,300,1170000,297
7,170,11050000,11056500,180,300,11115000,2863
7,1700,110500000,110506500,180,300,110565000,28522
7,1701,110565000,110571500,180,300,110630000,28537
7,1702,110630000,110636500,180,300,110695000,28552
7,1703,110695000,110701500,180,300,110760000,28574
7,1704,110760000,110766500,180,300,110825000,28589
7,1705,110825000,110831500,180,300,110890000,28606
7,1706,110890000,110896500,180,300,110955000,28622
7,1707,110955000,110961500,180,300,111020000,28639
7,1708,111020000,111026500,180,300,111085000,28655
7,1709,111085000,111091500,180,300,111150000,28672
7,171,11115000,11121500,180,300,11180000,2880
7,1710,111150000,111156500,180,300,111215000,28688
7,1711,111215000,111221500,180,300,111280000,28705
7,1712,111280000,111286500,180,300,111345000,28722
7,1713,111345000,111351500,180,300,111410000,28738
7,1714,111410000,111416500,180,300,111475000,28754
7,1715,111475000,111481500,180,300,111540000,28774
7,1716,111540000,111546500,180,300,111605000,28792
7,1717,111605000,111611500,180,300,111670000,28806
7,1718,111670000,111676500,180,300,111735000,28824
7,1719,111735000,111741500,180,300,111800000,28842
7,172,11180000,11186500,180,300,11245000,2895
7,1720,111800000,111806500,180,300,111865000,28856
7,1721,111865000,111871500,180,300,111930000,28873
7,1722,111930000,111936500,180,300,111995000,28888
7,1723,111995000,112001500,180,300,112060000,28907
7,1724,112060000,112066500,180,300,112125000,28923
7,1725,112125000,112131500,180,300,112190000,28939
7,1726,112190000,112196500,180,300,112255000,28956
7,1727,112255000,112261500,180,300,112320000,28976
7,1728,112320000,112326500,180,300,112385000,28991
7,1729,112385000,112391500,180,300,112450000,29008
7,173,11245000,11251500,180,300,11310000,2913
7,1730,112450000,112456500,180,300,112515000,29025
7,1731,112515000,112521500,180,300,112580000,29041
7,1732,112580000,112586500,180,300,112645000,29058
7,1733,112645000,112651500,180,300,112710000,29075
7,1734,112710000,112716500,180,300,112775000,29092
7,1735,112775000,112781500,180,300,112840000,29107
7,1736,112840000,112846500,180,300,112905000,29125
7,1737,112905000,112911500,180,300,112970000,29141
7,1738,112970000,112976500,180,300,113035000,29155
7,1739,113035000,113041500,180,300,113100000,29177
7,174,11310000,11316500,180,300,11375000,2929
7,1740,113100000,113106500,180,300,113165000,29193
7,1741,113165000,113171500,180,300,113230000,29209
7,1742,113230000,113236500,180,300,113295000,29225
7,1743,113295000,113301500,180,300,113360000,29244
7,1744,113360000,113366500,180,300,113425000,29259
7,1745,113425000,113431500,180,300,113490000,29276
7,1746,113490000,113496500,180,300,113555000,29292
7,1747,113555000,113561500,180,300,113620000,29309
7,1748,113620000,113626500,180,300,113685000,29327
7,1749,113685000,113691500,180,300,113750000,29341
7,175,11375000,11381500,180,300,11440000,2947
7,1750,113750000,113756500,180,300,113815000,29358
7,1751,113815000,113821500,180,300,113880000,29378
7,1752,113880000,113886500,180,300,113945000,29394
7,1753,113945000,113951500,180,300,114010000,29410
7,1754,114010000,114016500,180,300,114075000,29427
7,1755,114075000,114081500,180,300,114140000,29444
7,1756,114140000,114146500,180,300,114205000,29460
7,1757,114205000,114211500,180,300,114270000,29477
7,1758,114270000,114276500,180,300,114335000,29493
7,1759,114335000,114341500,180,300,114400000,29512
7,176,11440000,11446500,180,300,11505000,2963
7,1760,114400000,114406500,180,300,114465000,29527
7,1761,114465000,114471500,180,300,114530000,29544
7,1762,114530000,114536500,180,300,114595000,29559
7,1763,114595000,114601500,180,300,114660000,29579
7,1764,114660000,114666500,180,300,114725000,29595
7,1765,114725000,114731500,180,300,114790000,29610
7,1766,114790000,114796500,180,300,114855000,29629
7,1767,114855000,114861500,180,300,114920000,29645
7,1768,114920000,114926500,180,300,114985000,29661
7,1769,114985000,114991500,180,300,115050000,29679
7,177,11505000,11511500,180,300,11570000,2980
7,1770,115050000,115056500,180,300,115115000,29695
7,1771,115115000,115121500,180,300,115180000,29711
7,1772,115180000,115186500,180,300,115245000,29729
7,1773,115245000,115251500,180,300,115310000,29745
7,1774,115310000,115316500,180,300,115375000,29760
7,1775,115375000,115381500,180,300,115440000,29781
7,1776,115440000,115446500,180,300,115505000,29797
7,1777,115505000,115511500,180,300,115570000,29813
7,1778,115570000,115576500,180,300,115635000,29828
7,1779,115635000,115641500,180,300,115700000,29847
7,178,11570000,11576500,180,300,11635000,2995
7,1780,115700000,115706500,180,300,115765000,29863
7,1781,115765000,115771500,180,300,115830000,29879
7,1782,115830000,115836500,180,300,115895000,29895
7,1783,115895000,115901500,180,300,115960000,29913
7,1784,115960000,115966500,180,300,116025000,29930
7,1785,116025000,116031500,180,300,116090000,29945
7,1786,116090000,116096500,180,300,116155000,29962
7,1787,116155000,116161500,180,300,116220000,29982
7,1788,116220000,116226500,180,300,116285000,29999
7,1789,116285000,116291500,180,300,116350000,30014
7,179,11635000,11641500,180,300,11700000,3016
7,1790,116350000,116356500,180,300,116415000,30032
7,1791,116415000,116421500,180,300,116480000,30048
7,1792,116480000,116486500,180,300,116545000,30062
7,1793,116545000,116551500,180,300,116610000,30081
7,1794,116610000,116616500,180,300,116675000,30096
7,1795,116675000,116681500,180,300,116740000,30114
7,1796,116740000,116746500,180,300,116805000,30131
7,1797,116805000,116811500,180,300,116870000,30147
7,1798,116870000,116876500,180,300,116935000,30163
7,1799,116935000,116941500,180,300,117000000,30184
7,18,1170000,1176500,180,300,1235000,312
7,180,11700000,11706500,180,300,11765000,3032
7,1800,117000000,117006500,180,300,117065000,30199
7,1801,117065000,117071500,180,300,117130000,30215
7,1802,117130000,117136500,180,300,117195000,30232
7,1803,117195000,117201500,180,300,117260000,30249
7,1804,117260000,117266500,180,300,117325000,30266
7,1805,117325000,117331500,180,300,117390000,30281
7,1806,117390000,117396500,180,300,117455000,30299
7,1807,117455000,117461500,180,300,117520000,30315
7,1808,117520000,117526500,180,300,117585000,30332
7,1809,117585000,117591500,180,300,117650000,30349
7,181,11765000,11771500,180,300,11830000,3046
7,1810,117650000,117656500,180,300,117715000,30363
7,1811,117715000,117721500,180,300,117780000,30384
7,1812,117780000,117786500,180,300,117845000,30400
7,1813,117845000,117851500,180,300,117910000,30417
7,1814,117910000,117916500,180,300,117975000,30433
7,1815,117975000,117981500,180,300,118040000,30451
7,1816,118040000,118046500,180,300,118105000,30467
7,1817,118105000,118111500,180,300,118170000,30484
7,1818,118170000,118176500,180,300,118235000,30499
7,1819,118235000,118241500,180,300,118300000,30516
7,182,11830000,11836500,180,300,11895000,3064
7,1820,118300000,118306500,180,300,118365000,30534
7,1821,118365000,118371500,180,300,118430000,30548
7,1822,118430000,118436500,180,300,118495000,30565
7,1823,118495000,118501500,180,300,118560000,30586
7,1824,118560000,118566500,180,300,118625000,30602
7,1825,118625000,118631500,180,300,118690000,30617
7,1826,118690000,118696500,180,300,118755000,30635
7,1827,118755000,118761500,180,300,118820000,30652
7,1828,118820000,118826500,180,300,118885000,30667
7,1829,118885000,118891500,180,300,118950000,30685
7,183,11895000,11901500,180,300,11960000,3081
7,1830,118950000,118956500,180,300,119015000,30701
7,1831,119015000,119021500,180,300,119080000,30719
7,1832,119080000,119086500,180,300,119145000,30734
7,1833,119145000,119151500,180,300,119210000,30751
7,1834,119210000,119216500,180,300,119275000,30766
7,1835,119275000,119281500,180,300,119340000,30786
7,1836,119340000,119346500,180,300,119405000,30803
7,1837,119405000,119411500,180,300,119470000,30818
7,1838,119470000,119476500,180,300,119535000,30836
7,1839,119535000,119541500,180,300,119600000,30853
7,184,11960000,11966500,180,300,12025000,3097
7,1840,119600000,119606500,180,300,119665000,30869
7,1841,119665000,119671500,180,300,119730000,30886
7,1842,119730000,119736500,180,300,119795000,30902
7,1843,119795000,119801500,180,300,119860000,30919
7,1844,119860000,119866500,180,300,119925000,30937
7,1845,119925000,119931500,180,300,119990000,30952
7,1846,119990000,119996500,180,300,120055000,30968
7,1847,120055000,120061500,180,300,120120000,30988
7,1848,120120000,120126500,180,300,120185000,31003
7,1849,120185000,120191500,180,300,120250000,31021
7,185,12025000,12031500,180,300,12090000,3114
7,1850,120250000,120256500,180,300,120315000,31036
7,1851,120315000,120321500,180,300,120380000,31054
7,1852,120380000,120386500,180,300,120445000,31070
7,1853,120445000,120451500,180,300,120510000,31087
7,1854,120510000,120516500,180,300,120575000,31103
7,1855,120575000,120581500,180,300,120640000,31120
7,1856,120640000,120646500,180,300,120705000,31138
7,1857,120705000,120711500,180,300,120770000,31153
7,1858,120770000,120776500,180,300,120835000,31169
7,1859,120835000,120841500,180,300,120900000,31190
7,186,12090000,12096500,180,300,12155000,3131
7,1860,120900000,120906500,180,300,120965000,31207
7,1861,120965000,120971500,180,300,121030000,31220
7,1862,121030000,121036500,180,300,121095000,31238
7,1863,121095000,121101500,180,300,121160000,31256
7,1864,121160000,121166500,180,300,121225000,31270
7,1865,121225000,121231500,180,300,121290000,31288
7,1866,121290000,121296500,180,300,121355000,31304
7,1867,121355000,121361500,180,300,121420000,31322
7,1868,121420000,121426500,180,300,121485000,31338
7,1869,121485000,121491500,180,300,121550000,31355
7,187,12155000,12161500,180,300,12220000,3147
7,1870,121550000,121556500,180,300,121615000,31371
7,1871,121615000,121621500,180,300,121680000,31391
7,1872,121680000,121686500,180,300,121745000,31406
7,1873,121745000,121751500,180,300,121810000,31423
7,1874,121810000,121816500,180,300,121875000,31440
7,1875,121875000,121881500,180,300,121940000,31455
7,1876,121940000,121946500,180,300,122005000,31473
7,1877,122005000,122011500,180,300,122070000,31489
7,1878,122070000,122076500,180,300,122135000,31506
7,1879,122135000,122141500,180,300,122200000,31523
7,188,12220000,12226500,180,300,12285000,3165
7,1880,122200000,122206500,180,300,122265000,31540
7,1881,122265000,122271500,180,300,122330000,31556
7,1882,122330000,122336500,180,300,122395000,31570
7,1883,122395000,122401500,180,300,122460000,31592
7,1884,122460000,122466500,180,300,122525000,31608
7,1885,122525000,122531500,180,300,122590000,31624
7,1886,122590000,122596500,180,300,122655000,31641
7,1887,122655000,122661500,180,300,122720000,31659
7,1888,122720000,122726500,180,300,122785000,31674
7,1889,122785000,122791500,180,300,122850000,31691
7,189,12285000,12291500,180,300,12350000,3181
7,1890,122850000,122856500,180,300,122915000,31706
7,1891,122915000,122921500,180,300,122980000,31723
7,1892,122980000,122986500,180,300,123045000,31741
7,1893,123045000,123051500,180,300,123110000,31756
7,1894,123110000,123116500,180,300,123175000,31773
7,1895,123175000,123181500,180,300,123240000,31793
7,1896,123240000,123246500,180,300,123305000,31810
7,1897,123305000,123311500,180,300,123370000,31825
7,1898,123370000,123376500,180,300,123435000,31842
7,1899,123435000,123441500,180,300,123500000,31860
7,19,1235000,1241500,180,300,1300000,330
7,190,12350000,12356500,180,300,12415000,3196
7,1900,123500000,123506500,180,300,123565000,31875
7,1901,123565000,123571500,180,300,123630000,31892
7,1902,123630000,123636500,180,300,123695000,31908
7,1903,123695000,123701500,180,300,123760000,31926
7,1904,123760000,123766500,180,300,123825000,31941
7,1905,123825000,123831500,180,300,123890000,31958
7,1906,123890000,123896500,180,300,123955000,31974
7,1907,123955000,123961500,180,300,124020000,31994
7,1908,124020000,124026500,180,300,124085000,32010
7,1909,124085000,124091500,180,300,124150000,32026
7,191,12415000,12421500,180,300,12480000,3217
7,1910,124150000,124156500,180,300,124215000,32044
7,1911,124215000,124221500,180,300,124280000,32060
7,1912,124280000,124286500,180,300,124345000,32076
7,1913,124345000,124351500,180,300,124410000,32094
7,1914,124410000,124416500,180,300,124475000,32110
7,1915,124475000,124481500,180,300,124540000,32126
7,1916,124540000,124546500,180,300,124605000,32145
7,1917,124605000,124611500,180,300,124670000,32159
7,1918,124670000,124676500,180,300,124735000,32174
7,1919,124735000,124741500,180,300,124800000,32196
7,192,12480000,12486500,180,300,12545000,3232
7,1920,124800000,124806500,180,300,124865000,32211
7,1921,124865000,124871500,180,300,124930000,32228
7,1922,124930000,124936500,180,300,124995000,32243
7,1923,124995000,125001500,180,300,125060000,32262
7,1924,125060000,125066500,180,300,125125000,32278
7,1925,125125000,125131500,180,300,125190000,32294
7,1926,125190000,125196500,180,300,125255000,32311
7,1927,125255000,125261500,180,300,125320000,32328
7,1928,125320000,125326500,180,300,125385000,32345
7,1929,125385000,125391500,180,300,125450000,32361
7,193,12545000,12551500,180,300,12610000,3250
7,1930,125450000,125456500,180,300,125515000,32377
7,1931,125515000,125521500,180,300,125580000,32396
7,1932,125580000,125586500,180,300,125645000,32413
7,1933,125645000,125651500,180,300,125710000,32428
7,1934,125710000,125716500,180,300,125775000,32446
7,1935,125775000,125781500,180,300,125840000,32463
7,1936,125840000,125846500,180,300,125905000,32478
7,1937,125905000,125911500,180,300,125970000,32496
7,1938,125970000,125976500,180,300,126035000,32511
7,1939,126035000,126041500,180,300,126100000,32530
7,194,12610000,12616500,180,300,12675000,3265
7,1940,126100000,126106500,180,300,126165000,32546
7,1941,126165000,126171500,180,300,126230000,32562
7,1942,126230000,126236500,180,300,126295000,32578
7,1943,126295000,126301500,180,300,126360000,32599
7,1944,126360000,126366500,180,300,126425000,32614
7,1945,126425000,126431500,180,300,126490000,32629
7,1946,126490000,126496500,180,300,126555000,32647
7,1947,126555000,126561500,180,300,126620000,32663
7,1948,126620000,126626500,180,300,126685000,32680
7,1949,126685000,126691500,180,300,126750000,32697
7,195,12675000,12681500,180,300,12740000,3282
7,1950,126750000,126756500,180,300,126815000,32714
7,1951,126815000,126821500,180,300,126880000,32730
7,1952,126880000,126886500,180,300,126945000,32747
7,1953,126945000,126951500,180,300,127010000,32764
7,1954,127010000,127016500,180,300,127075000,32778
7,1955,127075000,127081500,180,300,127140000,32799
7,1956,127140000,127146500,180,300,127205000,32816
7,1957,127205000,127211500,180,300,127270000,32832
7,1958,127270000,127276500,180,300,127335000,32848
7,1959,127335000,127341500,180,300,127400000,32866
7,196,12740000,12746500,180,300,12805000,3299
7,1960,127400000,127406500,180,300,127465000,32881
7,1961,127465000,127471500,180,300,127530000,32898
7,1962,127530000,127536500,180,300,127595000,32913
7,1963,127595000,127601500,180,300,127660000,32931
7,1964,127660000,127666500,180,300,127725000,32949
7,1965,127725000,127731500,180,300,127790000,32963
7,1966,127790000,127796500,180,300,127855000,32981
7,1967,127855000,127861500,180,300,127920000,33001
7,1968,127920000,127926500,180,300,127985000,33017
7,1969,127985000,127991500,180,300,128050000,33033
7,197,12805000,12811500,180,300,12870000,3315
7,1970,128050000,128056500,180,300,128115000,33050
7,1971,128115000,128121500,180,300,128180000,33067
7,1972,128180000,128186500,180,300,128245000,33082
7,1973,128245000,128251500,180,300,128310000,33099
7,1974,128310000,128316500,180,300,128375000,33115
7,1975,128375000,128381500,180,300,128440000,33133
7,1976,128440000,128446500,180,300,128505000,33149
7,1977,128505000,128511500,180,300,128570000,33166
7,1978,128570000,128576500,180,300,128635000,33181
7,1979,128635000,128641500,180,300,128700000,33202
7,198,12870000,12876500,180,300,12935000,3331
7,1980,128700000,128706500,180,300,128765000,33218
7,1981,128765000,128771500,180,300,128830000,33233
7,1982,128830000,128836500,180,300,128895000,33251
7,1983,128895000,128901500,180,300,128960000,33268
7,1984,128960000,128966500,180,300,129025000,33284
7,1985,129025000,129031500,180,300,129090000,33301
7,1986,129090000,129096500,180,300,129155000,33318
7,1987,129155000,129161500,180,300,129220000,33333
7,1988,129220000,129226500,180,300,129285000,33351
7,1989,129285000,129291500,180,300,129350000,33367
7,199,12935000,12941500,180,300,13000000,3349
7,1990,129350000,129356500,180,300,129415000,33382
7,1991,129415000,129421500,180,300,129480000,33403
7,1992,129480000,129486500,180,300,129545000,33418
7,1993,129545000,129551500,180,300,129610000,33436
7,1994,129610000,129616500,180,300,129675000,33451
7,1995,129675000,129681500,180,300,129740000,33469
7,1996,129740000,129746500,180,300,129805000,33486
7,1997,129805000,129811500,180,300,129870000,33502
7,1998,129870000,129876500,180,300,129935000,33518
7,1999,129935000,129941500,180,300,130000000,33536
7,2,130000,136500,180,300,195000,45
7,20,1300000,1306500,180,300,1365000,348
7,200,13000000,13006500,180,300,13065000,3366
7,2000,130000000,130006500,180,300,130065000,33553
7,2001,130065000,130071500,180,300,130130000,33567
7,2002,130130000,130136500,180,300,130195000,33583
7,2003,130195000,130201500,180,300,130260000,33604
7,2004,130260000,130266500,180,300,130325000,33621
7,2005,130325000,130331500,180,300,130390000,33635
7,2006,130390000,130396500,180,300,130455000,33654
7,2007,130455000,130461500,180,300,130520000,33671
7,2008,130520000,130526500,180,300,130585000,33685
7,2009,130585000,130591500,180,300,130650000,33704
7,201,13065000,13071500,180,300,13130000,3381
7,2010,130650000,130656500,180,300,130715000,33719
7,2011,130715000,130721500,180,300,130780000,33737
7,2012,130780000,130786500,180,300,130845000,33753
7,2013,130845000,130851500,180,300,130910000,33770
7,2014,130910000,130916500,180,300,130975000,33786
7,2015,130975000,130981500,180,300,131040000,33805
7,2016,131040000,131046500,180,300,131105000,33821
7,2017,131105000,131111500,180,300,131170000,33837
7,2018,131170000,131176500,180,300,131235000,33854
7,2019,131235000,131241500,180,300,131300000,33871
7,202,13130000,13136500,180,300,13195000,3397
7,2020,131300000,131306500,180,300,131365000,33888
7,2021,131365000,131371500,180,300,131430000,33904
7,2022,131430000,131436500,180,300,131495000,33921
7,2023,131495000,131501500,180,300,131560000,33938
7,2024,131560000,131566500,180,300,131625000,33955
7,2025,131625000,131631500,180,300,131690000,33971
7,2026,131690000,131696500,180,300,131755000,33986
7,2027,131755000,131761500,180,300,131820000,34007
7,2028,131820000,131826500,180,300,131885000,34023
7,2029,131885000,131891500,180,300,131950000,34039
7,203,13195000,13201500,180,300,13260000,3418
7,2030,131950000,131956500,180,300,132015000,34055
7,2031,132015000,132021500,180,300,132080000,34073
7,2032,132080000,132086500,180,300,132145000,34088
7,2033,132145000,132151500,180,300,132210000,34106
7,2034,132210000,132216500,180,300,132275000,34121
7,2035,132275000,132281500,180,300,132340000,34138
7,2036,132340000,132346500,180,300,132405000,34157
7,2037,132405000,132411500,180,300,132470000,34171
7,2038,132470000,132476500,180,300,132535000,34188
7,2039,132535000,132541500,180,300,132600000,34209
7,204,13260000,13266500,180,300,13325000,3435
7,2040,132600000,132606500,180,300,132665000,34225
7,2041,132665000,132671500,180,300,132730000,34240
7,2042,132730000,132736500,180,300,132795000,34257
7,2043,132795000,132801500,180,300,132860000,34274
7,2044,132860000,132866500,180,300,132925000,34289
7,2045,132925000,132931500,180,300,132990000,34306
7,2046,132990000,132996500,180,300,133055000,34323
7,2047,133055000,133061500,180,300,133120000,34341
7,2048,133120000,133126500,180,300,133185000,34356
7,2049,133185000,133191500,180,300,133250000,34374
7,205,13325000,13331500,180,300,13390000,3449
7,2050,133250000,133256500,180,300,133315000,34389
7,2051,133315000,133321500,180,300,133380000,34409
7,2052,133380000,133386500,180,300,133445000,34425
7,2053,133445000,133451500,180,300,133510000,34441
7,2054,133510000,133516500,180,300,133575000,34459
7,2055,133575000,133581500,180,300,133640000,34475
7,2056,133640000,133646500,180,300,133705000,34492
7,2057,133705000,133711500,180,300,133770000,34508
7,2058,133770000,133776500,180,300,133835000,34524
7,2059,133835000,133841500,180,300,133900000,34541
7,206,13390000,13396500,180,300,13455000,3468
7,2060,133900000,133906500,180,300,133965000,34559
7,2061,133965000,133971500,180,300,134030000,34574
7,2062,134030000,134036500,180,300,134095000,34589
7,2063,134095000,134101500,180,300,134160000,34611
7,2064,134160000,134166500,180,300,134225000,34626
7,2065,134225000,134231500,180,300,134290000,34643
7,2066,134290000,134296500,180,300,134355000,34659
7,2067,134355000,134361500,180,300,134420000,34677
7,2068,134420000,134426500,180,300,134485000,34693
7,2069,134485000,134491500,180,300,134550000,34710
7,207,13455000,13461500,180,300,13520000,3485
7,2070,134550000,134556500,180,300,134615000,34726
7,2071,134615000,134621500,180,300,134680000,34742
7,2072,134680000,134686500,180,300,134745000,34759
7,2073,134745000,134751500,180,300,134810000,34775
7,2074,134810000,134816500,180,300,134875000,34791
7,2075,134875000,134881500,180,300,134940000,34811
7,2076,134940000,134946500,180,300,135005000,34829
7,2077,135005000,135011500,180,300,135070000,34843
7,2078,135070000,135076500,180,300,135135000,34861
7,2079,135135000,135141500,180,300,135200000,34879
7,208,13520000,13526500,180,300,13585000,3499
7,2080,135200000,135206500,180,300,135265000,34893
7,2081,135265000,135271500,180,300,135330000,34911
7,2082,135330000,135336500,180,300,135395000,34926
7,2083,135395000,135401500,180,300,135460000,34945
7,2084,135460000,135466500,180,300,135525000,34961
7,2085,135525000,135531500,180,300,135590000,34976
7,2086,135590000,135596500,180,300,135655000,34993
7,2087,135655000,135661500,180,300,135720000,35013
7,2088,135720000,135726500,180,300,135785000,35028
7,2089,135785000,135791500,180,300,135850000,35045
7,209,13585000,13591500,180,300,13650000,3517
7,2090,135850000,135856500,180,300,135915000,35062
7,2091,135915000,135921500,180,300,135980000,35078
7,2092,135980000,135986500,180,300,136045000,35095
7,2093,136045000,136051500,180,300,136110000,35112
7,2094,136110000,136116500,180,300,136175000,35129
7,2095,136175000,136181500,180,300,136240000,35145
7,2096,136240000,136246500,180,300,136305000,35163
7,2097,136305000,136311500,180,300,136370000,35179
7,2098,136370000,136376500,180,300,136435000,35193
7,2099,136435000,136441500,180,300,136500000,35214
7,21,1365000,1371500,180,300,1430000,362
7,210,13650000,13656500,180,300,13715000,3532
7,2100,136500000,136506500,180,300,136565000,35230
7,2101,136565000,136571500,180,300,136630000,35246
7,2102,136630000,136636500,180,300,136695000,35262
7,2103,136695000,136701500,180,300,136760000,35281
7,2104,136760000,136766500,180,300,136825000,35296
7,2105,136825000,136831500,180,300,136890000,35313
7,2106,136890000,136896500,180,300,136955000,35329
7,2107,136955000,136961500,180,300,137020000,35346
7,2108,137020000,137026500,180,300,137085000,35364
7,2109,137085000,137091500,180,300,137150000,35379
7,211,13715000,13721500,180,300,13780000,3550
7,2110,137150000,137156500,180,300,137215000,35396
7,2111,137215000,137221500,180,300,137280000,35416
7,2112,137280000,137286500,180,300,137345000,35432
7,2113,137345000,137351500,180,300,137410000,35447
7,2114,137410000,137416500,180,300,137475000,35464
7,2115,137475000,137481500,180,300,137540000,35481
7,2116,137540000,137546500,180,300,137605000,35497
7,2117,137605000,137611500,180,300,137670000,35514
7,2118,137670000,137676500,180,300,137735000,35530
7,2119,137735000,137741500,180,300,137800000,35549
7,212,13780000,13786500,180,300,13845000,3566
7,2120,137800000,137806500,180,300,137865000,35564
7,2121,137865000,137871500,180,300,137930000,35581
7,2122,137930000,137936500,180,300,137995000,35596
7,2123,137995000,138001500,180,300,138060000,35617
7,2124,138060000,138066500,180,300,138125000,35633
7,2125,138125000,138131500,180,300,138190000,35648
7,2126,138190000,138196500,180,300,138255000,35667
7,2127,138255000,138261500,180,300,138320000,35682
7,2128,138320000,138326500,180,300,138385000,35698
7,2129,138385000,138391500,180,300,138450000,35716
7,213,13845000,13851500,180,300,13910000,3583
7,2130,138450000,138456500,180,300,138515000,35732
7,2131,138515000,138521500,180,300,138580000,35748
7,2132,138580000,138586500,180,300,138645000,35766
7,2133,138645000,138651500,180,300,138710000,35782
7,2134,138710000,138716500,180,300,138775000,35797
7,2135,138775000,138781500,180,300,138840000,35818
7,2136,138840000,138846500,180,300,138905000,35834
7,2137,138905000,138911500,180,300,138970000,35851
7,2138,138970000,138976500,180,300,139035000,35866
7,2139,139035000,139041500,180,300,139100000,35885
7,214,13910000,13916500,180,300,13975000,3599
7,2140,139100000,139106500,180,300,139165000,35901
7,2141,139165000,139171500,180,300,139230000,35916
7,2142,139230000,139236500,180,300,139295000,35932
7,2143,139295000,139301500,180,300,139360000,35950
7,2144,139360000,139366500,180,300,139425000,35967
7,2145,139425000,139431500,180,300,139490000,35982
7,2146,139490000,139496500,180,300,139555000,35999
7,2147,139555000,139561500,180,300,139620000,36019
7,2148,139620000,139626500,180,300,139685000,36036
7,2149,139685000,139691500,180,300,139750000,36051
7,215,13975000,13981500,180,300,14040000,3619
7,2150,139750000,139756500,180,300,139815000,36069
7,2151,139815000,139821500,180,300,139880000,36086
7,2152,139880000,139886500,180,300,139945000,36100
7,2153,139945000,139951500,180,300,140010000,36119
7,2154,140010000,140016500,180,300,140075000,36134
7,2155,140075000,140081500,180,300,140140000,36151
7,2156,140140000,140146500,180,300,140205000,36168
7,2157,140205000,140211500,180,300,140270000,36184
7,2158,140270000,140276500,180,300,140335000,36200
7,2159,140335000,140341500,180,300,140400000,36221
7,216,14040000,14046500,180,300,14105000,3635
7,2160,140400000,140406500,180,300,140465000,36236
7,2161,140465000,140471500,180,300,140530000,36252
7,2162,140530000,140536500,180,300,140595000,36269
7,2163,140595000,140601500,180,300,140660000,36286
7,2164,140660000,140666500,180,300,140725000,36303
7,2165,140725000,140731500,180,300,140790000,36319
7,2166,140790000,140796500,180,300,140855000,36337
7,2167,140855000,140861500,180,300,140920000,36353
7,2168,140920000,140926500,180,300,140985000,36370
7,2169,140985000,140991500,180,300,141050000,36386
7,217,14105000,14111500,180,300,14170000,3651
7,2170,141050000,141056500,180,300,141115000,36400
7,2171,141115000,141121500,180,300,141180000,36421
7,2172,141180000,141186500,180,300,141245000,36437
7,2173,141245000,141251500,180,300,141310000,36454
7,2174,141310000,141316500,180,300,141375000,36470
7,2175,141375000,141381500,180,300,141440000,36488
7,2176,141440000,141446500,180,300,141505000,36504
7,2177,141505000,141511500,180,300,141570000,36521
7,2178,141570000,141576500,180,300,141635000,36536
7,2179,141635000,141641500,180,300,141700000,36554
7,218,14170000,14176500,180,300,14235000,3668
7,2180,141700000,141706500,180,300,141765000,36572
7,2181,141765000,141771500,180,300,141830000,36586
7,2182,141830000,141836500,180,300,141895000,36603
7,2183,141895000,141901500,180,300,141960000,36623
7,2184,141960000,141966500,180,300,142025000,36639
7,2185,142025000,142031500,180,300,142090000,36654
7,2186,142090000,142096500,180,300,142155000,36672
7,2187,142155000,142161500,180,300,142220000,36689
7,2188,142220000,142226500,180,300,142285000,36704
7,2189,142285000,142291500,180,300,142350000,36722
7,219,14235000,14241500,180,300,14300000,3685
7,2190,142350000,142356500,180,300,142415000,36738
7,2191,142415000,142421500,180,300,142480000,36756
7,2192,142480000,142486500,180,300,142545000,36771
7,2193,142545000,142551500,180,300,142610000,36789
7,2194,142610000,142616500,180,300,142675000,36804
7,2195,142675000,142681500,180,300,142740000,36824
7,2196,142740000,142746500,180,300,142805000,36841
7,2197,142805000,142811500,180,300,142870000,36855
7,2198,142870000,142876500,180,300,142935000,36873
7,2199,142935000,142941500,180,300,143000000,36890
7,22,1430000,1436500,180,300,1495000,379
7,220,14300000,14306500,180,300,14365000,3702
7,2200,143000000,143006500,180,300,143065000,36906
7,2201,143065000,143071500,180,300,143130000,36923
7,2202,143130000,143136500,180,300,143195000,36939
7,2203,143195000,143201500,180,300,143260000,36956
7,2204,143260000,143266500,180,300,143325000,36974
7,2205,143325000,143331500,180,300,143390000,36989
7,2206,143390000,143396500,180,300,143455000,37005
7,2207,143455000,143461500,180,300,143520000,37026
7,2208,143520000,143526500,180,300,143585000,37041
7,2209,143585000,143591500,180,300,143650000,37059
7,221,14365000,14371500,180,300,14430000,3718
7,2210,143650000,143656500,180,300,143715000,37074
7,2211,143715000,143721500,180,300,143780000,37091
7,2212,143780000,143786500,180,300,143845000,37107
7,2213,143845000,143851500,180,300,143910000,37124
7,2214,143910000,143916500,180,300,143975000,37140
7,2215,143975000,143981500,180,300,144040000,37157
7,2216,144040000,144046500,180,300,144105000,37175
7,2217,144105000,144111500,180,300,144170000,37190
7,2218,144170000,144176500,180,300,144235000,37206
7,2219,144235000,144241500,180,300,144300000,37227
7,222,14430000,14436500,180,300,14495000,3735
7,2220,144300000,144306500,180,300,144365000,37244
7,2221,144365000,144371500,180,300,144430000,37258
7,2222,144430000,144436500,180,300,144495000,37276
7,2223,144495000,144501500,180,300,144560000,37294
7,2224,144560000,144566500,180,300,144625000,37308
7,2225,144625000,144631500,180,300,144690000,37325
7,2226,144690000,144696500,180,300,144755000,37341
7,2227,144755000,144761500,180,300,144820000,37359
7,2228,144820000,144826500,180,300,144885000,37375
7,2229,144885000,144891500,180,300,144950000,37392
7,223,14495000,14501500,180,300,14560000,3751
7,2230,144950000,144956500,180,300,145015000,37408
7,2231,145015000,145021500,180,300,145080000,37428
7,2232,145080000,145086500,180,300,145145000,37443
7,2233,145145000,145151500,180,300,145210000,37460
7,2234,145210000,145216500,180,300,145275000,37477
7,2235,145275000,145281500,180,300,145340000,37493
7,2236,145340000,145346500,180,300,145405000,37511
7,2237,145405000,145411500,180,300,145470000,37527
7,2238,145470000,145476500,180,300,145535000,37544
7,2239,145535000,145541500,180,300,145600000,37560
7,224,14560000,14566500,180,300,14625000,3768
7,2240,145600000,145606500,180,300,145665000,37577
7,2241,145665000,145671500,180,300,145730000,37593
7,2242,145730000,145736500,180,300,145795000,37607
7,2243,145795000,145801500,180,300,145860000,37629
7,2244,145860000,145866500,180,300,145925000,37645
7,2245,145925000,145931500,180,300,145990000,37661
7,2246,145990000,145996500,180,300,146055000,37678
7,2247,146055000,146061500,180,300,146120000,37696
7,2248,146120000,146126500,180,300,146185000,37711
7,2249,146185000,146191500,180,300,146250000,37729
7,225,14625000,14631500,180,300,14690000,3784
7,2250,146250000,146256500,180,300,146315000,37744
7,2251,146315000,146321500,180,300,146380000,37761
7,2252,146380000,146386500,180,300,146445000,37779
7,2253,146445000,146451500,180,300,146510000,37793
7,2254,146510000,146516500,180,300,146575000,37810
7,2255,146575000,146581500,180,300,146640000,37830
7,2256,146640000,146646500,180,300,146705000,37847
7,2257,146705000,146711500,180,300,146770000,37862
7,2258,146770000,146776500,180,300,146835000,37879
7,2259,146835000,146841500,180,300,146900000,37897
7,226,14690000,14696500,180,300,14755000,3799
7,2260,146900000,146906500,180,300,146965000,37912
7,2261,146965000,146971500,180,300,147030000,37929
7,2262,147030000,147036500,180,300,147095000,37945
7,2263,147095000,147101500,180,300,147160000,37964
7,2264,147160000,147166500,180,300,147225000,37979
7,2265,147225000,147231500,180,300,147290000,37996
7,2266,147290000,147296500,180,300,147355000,38012
7,2267,147355000,147361500,180,300,147420000,38031
7,2268,147420000,147426500,180,300,147485000,38047
7,2269,147485000,147491500,180,300,147550000,38063
7,227,14755000,14761500,180,300,14820000,3820
7,2270,147550000,147556500,180,300,147615000,38081
7,2271,147615000,147621500,180,300,147680000,38097
7,2272,147680000,147686500,180,300,147745000,38113
7,2273,147745000,147751500,180,300,147810000,38131
7,2274,147810000,147816500,180,300,147875000,38147
7,2275,147875000,147881500,180,300,147940000,38163
7,2276,147940000,147946500,180,300,148005000,38182
7,2277,148005000,148011500,180,300,148070000,38197
7,2278,148070000,148076500,180,300,148135000,38212
7,2279,148135000,148141500,180,300,148200000,38234
7,228,14820000,14826500,180,300,14885000,3836
7,2280,148200000,148206500,180,300,148265000,38249
7,2281,148265000,148271500,180,300,148330000,38265
7,2282,148330000,148336500,180,300,148395000,38280
7,2283,148395000,148401500,180,300,148460000,38299
7,2284,148460000,148466500,180,300,148525000,38315
7,2285,148525000,148531500,180,300,148590000,38331
7,2286,148590000,148596500,180,300,148655000,38348
7,2287,148655000,148661500,180,300,148720000,38365
7,2288,148720000,148726500,180,300,148785000,38382
7,2289,148785000,148791500,180,300,148850000,38398
7,229,14885000,14891500,180,300,14950000,3853
7,2290,148850000,148856500,180,300,148915000,38414
7,2291,148915000,148921500,180,300,148980000,38434
7,2292,148980000,148986500,180,300,149045000,38451
7,2293,149045000,149051500,180,300,149110000,38466
7,2294,149110000,149116500,180,300,149175000,38484
7,2295,149175000,149181500,180,300,149240000,38500
7,2296,149240000,149246500,180,300,149305000,38515
7,2297,149305000,149311500,180,300,149370000,38533
7,2298,149370000,149376500,180,300,149435000,38548
7,2299,149435000,149441500,180,300,149500000,38567
7,23,1495000,1501500,180,300,1560000,400
7,230,14950000,14956500,180,300,15015000,3869
7,2300,149500000,149506500,180,300,149565000,38583
7,2301,149565000,149571500,180,300,149630000,38599
7,2302,149630000,149636500,180,300,149695000,38615
7,2303,149695000,149701500,180,300,149760000,38636
7,2304,149760000,149766500,180,300,149825000,38651
7,2305,149825000,149831500,180,300,149890000,38667
7,2306,149890000,149896500,180,300,149955000,38685
7,2307,149955000,149961500,180,300,150020000,38701
7,2308,150020000,150026500,180,300,150085000,38718
7,2309,150085000,150091500,180,300,150150000,38734
7,231,15015000,15021500,180,300,15080000,3887
7,2310,150150000,150156500,180,300,150215000,38751
7,2311,150215000,150221500,180,300,150280000,38767
7,2312,150280000,150286500,180,300,150345000,38784
7,2313,150345000,150351500,180,300,150410000,38801
7,2314,150410000,150416500,180,300,150475000,38815
7,2315,150475000,150481500,180,300,150540000,38836
7,2316,150540000,150546500,180,300,150605000,38853
7,2317,150605000,150611500,180,300,150670000,38869
7,2318,150670000,150676500,180,300,150735000,38885
7,2319,150735000,150741500,180,300,150800000,38904
7,232,15080000,15086500,180,300,15145000,3902
7,2320,150800000,150806500,180,300,150865000,38919
7,2321,150865000,150871500,180,300,150930000,38936
7,2322,150930000,150936500,180,300,150995000,38951
7,2323,150995000,151001500,180,300,151060000,38968
7,2324,151060000,151066500,180,300,151125000,38986
7,2325,151125000,151131500,180,300,151190000,39000
7,2326,151190000,151196500,180,300,151255000,39018
7,2327,151255000,151261500,180,300,151320000,39038
7,2328,151320000,151326500,180,300,151385000,39054
7,2329,151385000,151391500,180,300,151450000,39070
7,233,15145000,15151500,180,300,15210000,3920
7,2330,151450000,151456500,180,300,151515000,39087
7,2331,151515000,151521500,180,300,151580000,39104
7,2332,151580000,151586500,180,300,151645000,39119
7,2333,151645000,151651500,180,300,151710000,39137
7,2334,151710000,151716500,180,300,151775000,39153
7,2335,151775000,151781500,180,300,151840000,39171
7,2336,151840000,151846500,180,300,151905000,39187
7,2337,151905000,151911500,180,300,151970000,39203
7,2338,151970000,151976500,180,300,152035000,39218
7,2339,152035000,152041500,180,300,152100000,39239
7,234,15210000,15216500,180,300,15275000,3935
7,2340,152100000,152106500,180,300,152165000,39255
7,2341,152165000,152171500,180,300,152230000,39270
7,2342,152230000,152236500,180,300,152295000,39288
7,2343,152295000,152301500,180,300,152360000,39305
7,2344,152360000,152366500,180,300,152425000,39321
7,2345,152425000,152431500,180,300,152490000,39338
7,2346,152490000,152496500,180,300,152555000,39355
7,2347,152555000,152561500,180,300,152620000,39371
7,2348,152620000,152626500,180,300,152685000,39389
7,2349,152685000,152691500,180,300,152750000,39405
7,235,15275000,15281500,180,300,15340000,3952
7,2350,152750000,152756500,180,300,152815000,39420
7,2351,152815000,152821500,180,300,152880000,39440
7,2352,152880000,152886500,180,300,152945000,39455
7,2353,152945000,152951500,180,300,153010000,39473
7,2354,153010000,153016500,180,300,153075000,39488
7,2355,153075000,153081500,180,300,153140000,39506
7,2356,153140000,153146500,180,300,153205000,39523
7,2357,153205000,153211500,180,300,153270000,39539
7,2358,153270000,153276500,180,300,153335000,39555
7,2359,153335000,153341500,180,300,153400000,39573
7,236,15340000,15346500,180,300,15405000,3971
7,2360,153400000,153406500,180,300,153465000,39590
7,2361,153465000,153471500,180,300,153530000,39605
7,2362,153530000,153536500,180,300,153595000,39621
7,2363,153595000,153601500,180,300,153660000,39642
7,2364,153660000,153666500,180,300,153725000,39659
7,2365,153725000,153731500,180,300,153790000,39672
7,2366,153790000,153796500,180,300,153855000,39691
7,2367,153855000,153861500,180,300,153920000,39708
7,2368,153920000,153926500,180,300,153985000,39722
7,2369,153985000,153991500,180,300,154050000,39741
7,237,15405000,15411500,180,300,15470000,3984
7,2370,154050000,154056500,180,300,154115000,39756
7,2371,154115000,154121500,180,300,154180000,39774
7,2372,154180000,154186500,180,300,154245000,39790
7,2373,154245000,154251500,180,300,154310000,39807
7,2374,154310000,154316500,180,300,154375000,39823
7,2375,154375000,154381500,180,300,154440000,39843
7,2376,154440000,154446500,180,300,154505000,39859
7,2377,154505000,154511500,180,300,154570000,39875
7,2378,154570000,154576500,180,300,154635000,39892
7,2379,154635000,154641500,180,300,154700000,39908
7,238,15470000,15476500,180,300,15535000,4001
7,2380,154700000,154706500,180,300,154765000,39925
7,2381,154765000,154771500,180,300,154830000,39941
7,2382,154830000,154836500,180,300,154895000,39958
7,2383,154895000,154901500,180,300,154960000,39975
7,2384,154960000,154966500,180,300,155025000,39992
7,2385,155025000,155031500,180,300,155090000,40008
7,2386,155090000,155096500,180,300,155155000,40023
7,2387,155155000,155161500,180,300,155220000,40044
7,2388,155220000,155226500,180,300,155285000,40060
7,2389,155285000,155291500,180,300,155350000,40077
7,239,15535000,15541500,180,300,15600000,4022
7,2390,155350000,155356500,180,300,155415000,40093
7,2391,155415000,155421500,180,300,155480000,40111
7,2392,155480000,155486500,180,300,155545000,40126
7,2393,155545000,155551500,180,300,155610000,40143
7,2394,155610000,155616500,180,300,155675000,40158
7,2395,155675000,155681500,180,300,155740000,40175
7,2396,155740000,155746500,180,300,155805000,40194
7,2397,155805000,155811500,180,300,155870000,40208
7,2398,155870000,155876500,180,300,155935000,40225
7,2399,155935000,155941500,180,300,156000000,40246
7,24,1560000,1566500,180,300,1625000,416
7,240,15600000,15606500,180,300,15665000,4038
7,2400,156000000,156006500,180,300,156065000,40262
7,2401,156065000,156071500,180,300,156130000,40277
7,2402,156130000,156136500,180,300,156195000,40294
7,2403,156195000,156201500,180,300,156260000,40312
7,2404,156260000,156266500,180,300,156325000,40327
7,2405,156325000,156331500,180,300,156390000,40344
7,2406,156390000,156396500,180,300,156455000,40361
7,2407,156455000,156461500,180,300,156520000,40378
7,2408,156520000,156526500,180,300,156585000,40393
7,2409,156585000,156591500,180,300,156650000,40411
7,241,15665000,15671500,180,300,15730000,4053
7,2410,156650000,156656500,180,300,156715000,40426
7,2411,156715000,156721500,180,300,156780000,40446
7,2412,156780000,156786500,180,300,156845000,40462
7,2413,156845000,156851500,180,300,156910000,40478
7,2414,156910000,156916500,180,300,156975000,40496
7,2415,156975000,156981500,180,300,157040000,40512
7,2416,157040000,157046500,180,300,157105000,40529
7,2417,157105000,157111500,180,300,157170000,40546
7,2418,157170000,157176500,180,300,157235000,40562
7,2419,157235000,157241500,180,300,157300000,40579
7,242,15730000,15736500,180,300,15795000,4070
7,2420,157300000,157306500,180,300,157365000,40597
7,2421,157365000,157371500,180,300,157430000,40611
7,2422,157430000,157436500,180,300,157495000,40626
7,2423,157495000,157501500,180,300,157560000,40648
7,2424,157560000,157566500,180,300,157625000,40663
7,2425,157625000,157631500,180,300,157690000,40680
7,2426,157690000,157696500,180,300,157755000,40696
7,2427,157755000,157761500,180,300,157820000,40714
7,2428,157820000,157826500,180,300,157885000,40730
7,2429,157885000,157891500,180,300,157950000,40747
7,243,15795000,15801500,180,300,15860000,4088
7,2430,157950000,157956500,180,300,158015000,40763
7,2431,158015000,158021500,180,300,158080000,40780
7,2432,158080000,158086500,180,300,158145000,40797
7,2433,158145000,158151500,180,300,158210000,40813
7,2434,158210000,158216500,180,300,158275000,40829
7,2435,158275000,158281500,180,300,158340000,40848
7,2436,158340000,158346500,180,300,158405000,40866
7,2437,158405000,158411500,180,300,158470000,40880
7,2438,158470000,158476500,180,300,158535000,40898
7,2439,158535000,158541500,180,300,158600000,40916
7,244,15860000,15866500,180,300,15925000,4103
7,2440,158600000,158606500,180,300,158665000,40930
7,2441,158665000,158671500,180,300,158730000,40948
7,2442,158730000,158736500,180,300,158795000,40963
7,2443,158795000,158801500,180,300,158860000,40982
7,2444,158860000,158866500,180,300,158925000,40998
7,2445,158925000,158931500,180,300,158990000,41014
7,2446,158990000,158996500,180,300,159055000,41031
7,2447,159055000,159061500,180,300,159120000,41051
7,2448,159120000,159126500,180,300,159185000,41066
7,2449,159185000,159191500,180,300,159250000,41082
7,245,15925000,15931500,180,300,15990000,4120
7,2450,159250000,159256500,180,300,159315000,41099
7,2451,159315000,159321500,180,300,159380000,41115
7,2452,159380000,159386500,180,300,159445000,41132
7,2453,159445000,159451500,180,300,159510000,41149
7,2454,159510000,159516500,180,300,159575000,41166
7,2455,159575000,159581500,180,300,159640000,41182
7,2456,159640000,159646500,180,300,159705000,41200
7,2457,159705000,159711500,180,300,159770000,41216
7,2458,159770000,159776500,180,300,159835000,41230
7,2459,159835000,159841500,180,300,159900000,41252
7,246,15990000,15996500,180,300,16055000,4137
7,2460,159900000,159906500,180,300,159965000,41268
7,2461,159965000,159971500,180,300,160030000,41284
7,2462,160030000,160036500,180,300,160095000,41300
7,2463,160095000,160101500,180,300,160160000,41318
7,2464,160160000,160166500,180,300,160225000,41333
7,2465,160225000,160231500,180,300,160290000,41350
7,2466,160290000,160296500,180,300,160355000,41366
7,2467,160355000,160361500,180,300,160420000,41383
7,2468,160420000,160426500,180,300,160485000,41401
7,2469,160485000,160491500,180,300,160550000,41416
7,247,16055000,16061500,180,300,16120000,4155
7,2470,160550000,160556500,180,300,160615000,41433
7,2471,160615000,160621500,180,300,160680000,41453
7,2472,160680000,160686500,180,300,160745000,41469
7,2473,160745000,160751500,180,300,160810000,41485
7,2474,160810000,160816500,180,300,160875000,41502
7,2475,160875000,160881500,180,300,160940000,41519
7,2476,160940000,160946500,180,300,161005000,41535
7,2477,161005000,161011500,180,300,161070000,41551
7,2478,161070000,161076500,180,300,161135000,41567
7,2479,161135000,161141500,180,300,161200000,41586
7,248,16120000,16126500,180,300,16185000,4170
7,2480,161200000,161206500,180,300,161265000,41601
7,2481,161265000,161271500,180,300,161330000,41618
7,2482,161330000,161336500,180,300,161395000,41633
7,2483,161395000,161401500,180,300,161460000,41654
7,2484,161460000,161466500,180,300,161525000,41670
7,2485,161525000,161531500,180,300,161590000,41685
7,2486,161590000,161596500,180,300,161655000,41704
7,2487,161655000,161661500,180,300,161720000,41720
7,2488,161720000,161726500,180,300,161785000,41736
7,2489,161785000,161791500,180,300,161850000,41754
7,249,16185000,16191500,180,300,16250000,4188
7,2490,161850000,161856500,180,300,161915000,41770
7,2491,161915000,161921500,180,300,161980000,41785
7,2492,161980000,161986500,180,300,162045000,41803
7,2493,162045000,162051500,180,300,162110000,41819
7,2494,162110000,162116500,180,300,162175000,41834
7,2495,162175000,162181500,180,300,162240000,41855
7,2496,162240000,162246500,180,300,162305000,41871
7,2497,162305000,162311500,180,300,162370000,41888
7,2498,162370000,162376500,180,300,162435000,41903
7,2499,162435000,162441500,180,300,162500000,41922
7,25,1625000,1631500,180,300,1690000,431
7,250,16250000,16256500,180,300,16315000,4203
7,2500,162500000,162506500,180,300,162565000,41938
7,2501,162565000,162571500,180,300,162630000,41954
7,2502,162630000,162636500,180,300,162695000,41970
7,2503,162695000,162701500,180,300,162760000,41988
7,2504,162760000,162766500,180,300,162825000,42005
7,2505,162825000,162831500,180,300,162890000,42019
7,2506,162890000,162896500,180,300,162955000,42036
7,2507,162955000,162961500,180,300,163020000,42056
7,2508,163020000,163026500,180,300,163085000,42073
7,2509,163085000,163091500,180,300,163150000,42088
7,251,16315000,16321500,180,300,16380000,4222
7,2510,163150000,163156500,180,300,163215000,42106
7,2511,163215000,163221500,180,300,163280000,42123
7,2512,163280000,163286500,180,300,163345000,42137
7,2513,163345000,163351500,180,300,163410000,42156
7,2514,163410000,163416500,180,300,163475000,42171
7,2515,163475000,163481500,180,300,163540000,42189
7,2516,163540000,163546500,180,300,163605000,42206
7,2517,163605000,163611500,180,300,163670000,42222
7,2518,163670000,163676500,180,300,163735000,42238
7,2519,163735000,163741500,180,300,163800000,42258
7,252,16380000,16386500,180,300,16445000,4238
7,253,16445000,16451500,180,300,16510000,4254
7,254,16510000,16516500,180,300,16575000,4272
7,255,16575000,16581500,180,300,16640000,4288
7,256,16640000,16646500,180,300,16705000,4305
7,257,16705000,16711500,180,300,16770000,4322
7,258,16770000,16776500,180,300,16835000,4338
7,259,16835000,16841500,180,300,16900000,4355
7,26,1690000,1696500,180,300,1755000,449
7,260,16900000,16906500,180,300,16965000,4373
7,261,16965000,16971500,180,300,17030000,4388
7,262,17030000,17036500,180,300,17095000,4403
7,263,17095000,17101500,180,300,17160000,4425
7,264,17160000,17166500,180,300,17225000,4440
7,265,17225000,17231500,180,300,17290000,4456
7,266,17290000,17296500,180,300,17355000,4472
7,267,17355000,17361500,180,300,17420000,4490
7,268,17420000,17426500,180,300,17485000,4506
7,269,17485000,17491500,180,300,17550000,4523
7,27,1755000,1761500,180,300,1820000,465
7,270,17550000,17556500,180,300,17615000,4539
7,271,17615000,17621500,180,300,17680000,4556
7,272,17680000,17686500,180,300,17745000,4573
7,273,17745000,17751500,180,300,17810000,4589
7,274,17810000,17816500,180,300,17875000,4605
7,275,17875000,17881500,180,300,17940000,4625
7,276,17940000,17946500,180,300,18005000,4643
7,277,18005000,18011500,180,300,18070000,4657
7,278,18070000,18076500,180,300,18135000,4675
7,279,18135000,18141500,180,300,18200000,4692
7,28,1820000,1826500,180,300,1885000,480
7,280,18200000,18206500,180,300,18265000,4706
7,281,18265000,18271500,180,300,18330000,4724
7,282,18330000,18336500,180,300,18395000,4739
7,283,18395000,18401500,180,300,18460000,4758
7,284,18460000,18466500,180,300,18525000,4774
7,285,18525000,18531500,180,300,18590000,4790
7,286,18590000,18596500,180,300,18655000,4807
7,287,18655000,18661500,180,300,18720000,4827
7,288,18720000,18726500,180,300,18785000,4842
7,289,18785000,18791500,180,300,18850000,4859
7,29,1885000,1891500,180,300,1950000,498
7,290,18850000,18856500,180,300,18915000,4876
7,291,18915000,18921500,180,300,18980000,4892
7,292,18980000,18986500,180,300,19045000,4909
7,293,19045000,19051500,180,300,19110000,4925
7,294,19110000,19116500,180,300,19175000,4942
7,295,19175000,19181500,180,300,19240000,4958
7,296,19240000,19246500,180,300,19305000,4976
7,297,19305000,19311500,180,300,19370000,4992
7,298,19370000,19376500,180,300,19435000,5006
7,299,19435000,19441500,180,300,19500000,5028
7,3,195000,201500,180,300,260000,62
7,30,1950000,1956500,180,300,2015000,514
7,300,19500000,19506500,180,300,19565000,5044
7,301,19565000,19571500,180,300,19630000,5060
7,302,19630000,19636500,180,300,19695000,5076
7,303,19695000,19701500,180,300,19760000,5095
7,304,19760000,19766500,180,300,19825000,5110
7,305,19825000,19831500,180,300,19890000,5127
7,306,19890000,19896500,180,300,19955000,5143
7,307,19955000,19961500,180,300,20020000,5159
7,308,20020000,20026500,180,300,20085000,5177
7,309,20085000,20091500,180,300,20150000,5192
7,31,2015000,2021500,180,300,2080000,532
7,310,20150000,20156500,180,300,20215000,5209
7,311,20215000,20221500,180,300,20280000,5229
7,312,20280000,20286500,180,300,20345000,5245
7,313,20345000,20351500,180,300,20410000,5261
7,314,20410000,20416500,180,300,20475000,5278
7,315,20475000,20481500,180,300,20540000,5295
7,316,20540000,20546500,180,300,20605000,5311
7,317,20605000,20611500,180,300,20670000,5328
7,318,20670000,20676500,180,300,20735000,5344
7,319,20735000,20741500,180,300,20800000,5363
7,32,2080000,2086500,180,300,2145000,547
7,320,20800000,20806500,180,300,20865000,5378
7,321,20865000,20871500,180,300,20930000,5394
7,322,20930000,20936500,180,300,20995000,5409
7,323,20995000,21001500,180,300,21060000,5430
7,324,21060000,21066500,180,300,21125000,5446
7,325,21125000,21131500,180,300,21190000,5461
7,326,21190000,21196500,180,300,21255000,5480
7,327,21255000,21261500,180,300,21320000,5496
7,328,21320000,21326500,180,300,21385000,5512
7,329,21385000,21391500,180,300,21450000,5530
7,33,2145000,2151500,180,300,2210000,565
7,330,21450000,21456500,180,300,21515000,5546
7,331,21515000,21521500,180,300,21580000,5562
7,332,21580000,21586500,180,300,21645000,5580
7,333,21645000,21651500,180,300,21710000,5596
7,334,21710000,21716500,180,300,21775000,5611
7,335,21775000,21781500,180,300,21840000,5631
7,336,21840000,21846500,180,300,21905000,5647
7,337,21905000,21911500,180,300,21970000,5664
7,338,21970000,21976500,180,300,22035000,5679
7,339,22035000,22041500,180,300,22100000,5698
7,34,2210000,2216500,180,300,2275000,580
7,340,22100000,22106500,180,300,22165000,5714
7,341,22165000,22171500,180,300,22230000,5730
7,342,22230000,22236500,180,300,22295000,5746
7,343,22295000,22301500,180,300,22360000,5764
7,344,22360000,22366500,180,300,22425000,5781
7,345,22425000,22431500,180,300,22490000,5796
7,346,22490000,22496500,180,300,22555000,5813
7,347,22555000,22561500,180,300,22620000,5833
7,348,22620000,22626500,180,300,22685000,5850
7,349,22685000,22691500,180,300,22750000,5864
7,35,2275000,2281500,180,300,2340000,600
7,350,22750000,22756500,180,300,22815000,5882
7,351,22815000,22821500,180,300,22880000,5899
7,352,22880000,22886500,180,300,22945000,5913
7,353,22945000,22951500,180,300,23010000,5932
7,354,23010000,23016500,180,300,23075000,5947
7,355,23075000,23081500,180,300,23140000,5965
7,356,23140000,23146500,180,300,23205000,5982
7,357,23205000,23211500,180,300,23270000,5998
7,358,23270000,23276500,180,300,23335000,6014
7,359,23335000,23341500,180,300,23400000,6035
7,36,2340000,2346500,180,300,2405000,617
7,360,23400000,23406500,180,300,23465000,6050
7,361,23465000,23471500,180,300,23530000,6066
7,362,23530000,23536500,180,300,23595000,6083
7,363,23595000,23601500,180,300,23660000,6099
7,364,23660000,23666500,180,300,23725000,6116
7,365,23725000,23731500,180,300,23790000,6132
7,366,23790000,23796500,180,300,23855000,6150
7,367,23855000,23861500,180,300,23920000,6166
7,368,23920000,23926500,180,300,23985000,6183
7,369,23985000,23991500,180,300,24050000,6200
7,37,2405000,2411500,180,300,2470000,632
7,370,24050000,24056500,180,300,24115000,6214
7,371,24115000,24121500,180,300,24180000,6235
7,372,24180000,24186500,180,300,24245000,6251
7,373,24245000,24251500,180,300,24310000,6268
7,374,24310000,24316500,180,300,24375000,6284
7,375,24375000,24381500,180,300,24440000,6302
7,376,24440000,24446500,180,300,24505000,6318
7,377,24505000,24511500,180,300,24570000,6334
7,378,24570000,24576500,180,300,24635000,6349
7,379,24635000,24641500,180,300,24700000,6367
7,38,2470000,2476500,180,300,2535000,650
7,380,24700000,24706500,180,300,24765000,6385
7,381,24765000,24771500,180,300,24830000,6399
7,382,24830000,24836500,180,300,24895000,6416
7,383,24895000,24901500,180,300,24960000,6437
7,384,24960000,24966500,180,300,25025000,6453
7,385,25025000,25031500,180,300,25090000,6468
7,386,25090000,25096500,180,300,25155000,6486
7,387,25155000,25161500,180,300,25220000,6503
7,388,25220000,25226500,180,300,25285000,6518
7,389,25285000,25291500,180,300,25350000,6536
7,39,2535000,2541500,180,300,2600000,667
7,390,25350000,25356500,180,300,25415000,6552
7,391,25415000,25421500,180,300,25480000,6569
7,392,25480000,25486500,180,300,25545000,6584
7,393,25545000,25551500,180,300,25610000,6602
7,394,25610000,25616500,180,300,25675000,6617
7,395,25675000,25681500,180,300,25740000,6637
7,396,25740000,25746500,180,300,25805000,6654
7,397,25805000,25811500,180,300,25870000,6669
7,398,25870000,25876500,180,300,25935000,6687
7,399,25935000,25941500,180,300,26000000,6704
7,4,260000,266500,180,300,325000,79
7,40,2600000,2606500,180,300,2665000,683
7,400,26000000,26006500,180,300,26065000,6720
7,401,26065000,26071500,180,300,26130000,6737
7,402,26130000,26136500,180,300,26195000,6753
7,403,26195000,26201500,180,300,26260000,6770
7,404,26260000,26266500,180,300,26325000,6788
7,405,26325000,26331500,180,300,26390000,6802
7,406,26390000,26396500,180,300,26455000,6818
7,407,26455000,26461500,180,300,26520000,6839
7,408,26520000,26526500,180,300,26585000,6854
7,409,26585000,26591500,180,300,26650000,6872
7,41,2665000,2671500,180,300,2730000,699
7,410,26650000,26656500,180,300,26715000,6887
7,411,26715000,26721500,180,300,26780000,6905
7,412,26780000,26786500,180,300,26845000,6921
7,413,26845000,26851500,180,300,26910000,6938
7,414,26910000,26916500,180,300,26975000,6954
7,415,26975000,26981500,180,300,27040000,6971
7,416,27040000,27046500,180,300,27105000,6989
7,417,27105000,27111500,180,300,27170000,7004
7,418,27170000,27176500,180,300,27235000,7020
7,419,27235000,27241500,180,300,27300000,7040
7,42,2730000,2736500,180,300,2795000,715
7,420,27300000,27306500,180,300,27365000,7057
7,421,27365000,27371500,180,300,27430000,7071
7,422,27430000,27436500,180,300,27495000,7089
7,423,27495000,27501500,180,300,27560000,7107
7,424,27560000,27566500,180,300,27625000,7121
7,425,27625000,27631500,180,300,27690000,7139
7,426,27690000,27696500,180,300,27755000,7155
7,427,27755000,27761500,180,300,27820000,7173
7,428,27820000,27826500,180,300,27885000,7189
7,429,27885000,27891500,180,300,27950000,7206
7,43,2795000,2801500,180,300,2860000,732
7,430,27950000,27956500,180,300,28015000,7222
7,431,28015000,28021500,180,300,28080000,7242
7,432,28080000,28086500,180,300,28145000,7257
7,433,28145000,28151500,180,300,28210000,7273
7,434,28210000,28216500,180,300,28275000,7290
7,435,28275000,28281500,180,300,28340000,7306
7,436,28340000,28346500,180,300,28405000,7324
7,437,28405000,28411500,180,300,28470000,7340
7,438,28470000,28476500,180,300,28535000,7357
7,439,28535000,28541500,180,300,28600000,7374
7,44,2860000,2866500,180,300,2925000,750
7,440,28600000,28606500,180,300,28665000,7391
7,441,28665000,28671500,180,300,28730000,7407
7,442,28730000,28736500,180,300,28795000,7421
7,443,28795000,28801500,180,300,28860000,7443
7,444,28860000,28866500,180,300,28925000,7459
7,445,28925000,28931500,180,300,28990000,7475
7,446,28990000,28996500,180,300,29055000,7492
7,447,29055000,29061500,180,300,29120000,7509
7,448,29120000,29126500,180,300,29185000,7524
7,449,29185000,29191500,180,300,29250000,7542
7,45,2925000,2931500,180,300,2990000,765
7,450,29250000,29256500,180,300,29315000,7557
7,451,29315000,29321500,180,300,29380000,7574
7,452,29380000,29386500,180,300,29445000,7592
7,453,29445000,29451500,180,300,29510000,7607
7,454,29510000,29516500,180,300,29575000,7624
7,455,29575000,29581500,180,300,29640000,7644
7,456,29640000,29646500,180,300,29705000,7661
7,457,29705000,29711500,180,300,29770000,7676
7,458,29770000,29776500,180,300,29835000,7693
7,459,29835000,29841500,180,300,29900000,7711
7,46,2990000,2996500,180,300,3055000,781
7,460,29900000,29906500,180,300,29965000,7726
7,461,29965000,29971500,180,300,30030000,7742
7,462,30030000,30036500,180,300,30095000,7758
7,463,30095000,30101500,180,300,30160000,7777
7,464,30160000,30166500,180,300,30225000,7792
7,465,30225000,30231500,180,300,30290000,7809
7,466,30290000,30296500,180,300,30355000,7825
7,467,30355000,30361500,180,300,30420000,7845
7,468,30420000,30426500,180,300,30485000,7861
7,469,30485000,30491500,180,300,30550000,7877
7,47,3055000,3061500,180,300,3120000,802
7,470,30550000,30556500,180,300,30615000,7895
7,471,30615000,30621500,180,300,30680000,7911
7,472,30680000,30686500,180,300,30745000,7927
7,473,30745000,30751500,180,300,30810000,7945
7,474,30810000,30816500,180,300,30875000,7961
7,475,30875000,30881500,180,300,30940000,7976
7,476,30940000,30946500,180,300,31005000,7995
7,477,31005000,31011500,180,300,31070000,8010
7,478,31070000,31076500,180,300,31135000,8025
7,479,31135000,31141500,180,300,31200000,8047
7,48,3120000,3126500,180,300,3185000,817
7,480,31200000,31206500,180,300,31265000,8062
7,481,31265000,31271500,180,300,31330000,8079
7,482,31330000,31336500,180,300,31395000,8094
7,483,31395000,31401500,180,300,31460000,8113
7,484,31460000,31466500,180,300,31525000,8129
7,485,31525000,31531500,180,300,31590000,8145
7,486,31590000,31596500,180,300,31655000,8162
7,487,31655000,31661500,180,300,31720000,8179
7,488,31720000,31726500,180,300,31785000,8196
7,489,31785000,31791500,180,300,31850000,8211
7,49,3185000,3191500,180,300,3250000,835
7,490,31850000,31856500,180,300,31915000,8227
7,491,31915000,31921500,180,300,31980000,8247
7,492,31980000,31986500,180,300,32045000,8264
7,493,32045000,32051500,180,300,32110000,8279
7,494,32110000,32116500,180,300,32175000,8297
7,495,32175000,32181500,180,300,32240000,8314
7,496,32240000,32246500,180,300,32305000,8329
7,497,32305000,32311500,180,300,32370000,8347
7,498,32370000,32376500,180,300,32435000,8362
7,499,32435000,32441500,180,300,32500000,8381
7,5,325000,331500,180,300,390000,95
7,50,3250000,3256500,180,300,3315000,850
7,500,32500000,32506500,180,300,32565000,8397
7,501,32565000,32571500,180,300,32630000,8413
7,502,32630000,32636500,180,300,32695000,8429
7,503,32695000,32701500,180,300,32760000,8449
7,504,32760000,32766500,180,300,32825000,8464
7,505,32825000,32831500,180,300,32890000,8480
7,506,32890000,32896500,180,300,32955000,8498
7,507,32955000,32961500,180,300,33020000,8514
7,508,33020000,33026500,180,300,33085000,8531
7,509,33085000,33091500,180,300,33150000,8548
7,51,3315000,3321500,180,300,3380000,868
7,510,33150000,33156500,180,300,33215000,8565
7,511,33215000,33221500,180,300,33280000,8581
7,512,33280000,33286500,180,300,33345000,8598
7,513,33345000,33351500,180,300,33410000,8615
7,514,33410000,33416500,180,300,33475000,8629
7,515,33475000,33481500,180,300,33540000,8650
7,516,33540000,33546500,180,300,33605000,8667
7,517,33605000,33611500,180,300,33670000,8682
7,518,33670000,33676500,180,300,33735000,8698
7,519,33735000,33741500,180,300,33800000,8717
7,52,3380000,3386500,180,300,3445000,884
7,520,33800000,33806500,180,300,33865000,8732
7,521,33865000,33871500,180,300,33930000,8749
7,522,33930000,33936500,180,300,33995000,8764
7,523,33995000,34001500,180,300,34060000,8782
7,524,34060000,34066500,180,300,34125000,8800
7,525,34125000,34131500,180,300,34190000,8814
7,526,34190000,34196500,180,300,34255000,8832
7,527,34255000,34261500,180,300,34320000,8852
7,528,34320000,34326500,180,300,34385000,8868
7,529,34385000,34391500,180,300,34450000,8884
7,53,3445000,3451500,180,300,3510000,901
7,530,34450000,34456500,180,300,34515000,8901
7,531,34515000,34521500,180,300,34580000,8917
7,532,34580000,34586500,180,300,34645000,8932
7,533,34645000,34651500,180,300,34710000,8950
7,534,34710000,34716500,180,300,34775000,8966
7,535,34775000,34781500,180,300,34840000,8984
7,536,34840000,34846500,180,300,34905000,9000
7,537,34905000,34911500,180,300,34970000,9017
7,538,34970000,34976500,180,300,35035000,9032
7,539,35035000,35041500,180,300,35100000,9053
7,54,3510000,3516500,180,300,3575000,917
7,540,35100000,35106500,180,300,35165000,9069
7,541,35165000,35171500,180,300,35230000,9084
7,542,35230000,35236500,180,300,35295000,9102
7,543,35295000,35301500,180,300,35360000,9119
7,544,35360000,35366500,180,300,35425000,9135
7,545,35425000,35431500,180,300,35490000,9151
7,546,35490000,35496500,180,300,35555000,9168
7,547,35555000,35561500,180,300,35620000,9184
7,548,35620000,35626500,180,300,35685000,9202
7,549,35685000,35691500,180,300,35750000,9218
7,55,3575000,3581500,180,300,3640000,933
7,550,35750000,35756500,180,300,35815000,9233
7,551,35815000,35821500,180,300,35880000,9254
7,552,35880000,35886500,180,300,35945000,9269
7,553,35945000,35951500,180,300,36010000,9287
7,554,36010000,36016500,180,300,36075000,9302
7,555,36075000,36081500,180,300,36140000,9320
7,556,36140000,36146500,180,300,36205000,9337
7,557,36205000,36211500,180,300,36270000,9353
7,558,36270000,36276500,180,300,36335000,9369
7,559,36335000,36341500,180,300,36400000,9386
7,56,3640000,3646500,180,300,3705000,951
7,560,36400000,36406500,180,300,36465000,9403
7,561,36465000,36471500,180,300,36530000,9418
7,562,36530000,36536500,180,300,36595000,9434
7,563,36595000,36601500,180,300,36660000,9455
7,564,36660000,36666500,180,300,36725000,9472
7,565,36725000,36731500,180,300,36790000,9486
7,566,36790000,36796500,180,300,36855000,9505
7,567,36855000,36861500,180,300,36920000,9522
7,568,36920000,36926500,180,300,36985000,9536
7,569,36985000,36991500,180,300,37050000,9555
7,57,3705000,3711500,180,300,3770000,966
7,570,37050000,37056500,180,300,37115000,9570
7,571,37115000,37121500,180,300,37180000,9588
7,572,37180000,37186500,180,300,37245000,9604
7,573,37245000,37251500,180,300,37310000,9620
7,574,37310000,37316500,180,300,37375000,9636
7,575,37375000,37381500,180,300,37440000,9656
7,576,37440000,37446500,180,300,37505000,9672
7,577,37505000,37511500,180,300,37570000,9688
7,578,37570000,37576500,180,300,37635000,9705
7,579,37635000,37641500,180,300,37700000,9722
7,58,3770000,3776500,180,300,3835000,982
7,580,37700000,37706500,180,300,37765000,9739
7,581,37765000,37771500,180,300,37830000,9755
7,582,37830000,37836500,180,300,37895000,9772
7,583,37895000,37901500,180,300,37960000,9789
7,584,37960000,37966500,180,300,38025000,9806
7,585,38025000,38031500,180,300,38090000,9822
7,586,38090000,38096500,180,300,38155000,9837
7,587,38155000,38161500,180,300,38220000,9857
7,588,38220000,38226500,180,300,38285000,9873
7,589,38285000,38291500,180,300,38350000,9890
7,59,3835000,3841500,180,300,3900000,1003
7,590,38350000,38356500,180,300,38415000,9906
7,591,38415000,38421500,180,300,38480000,9924
7,592,38480000,38486500,180,300,38545000,9939
7,593,38545000,38551500,180,300,38610000,9957
7,594,38610000,38616500,180,300,38675000,9972
7,595,38675000,38681500,180,300,38740000,9989
7,596,38740000,38746500,180,300,38805000,10008
7,597,38805000,38811500,180,300,38870000,10022
7,598,38870000,38876500,180,300,38935000,10039
7,599,38935000,38941500,180,300,39000000,10060
7,6,390000,396500,180,300,455000,113
7,60,3900000,3906500,180,300,3965000,1020
7,600,39000000,39006500,180,300,39065000,10076
7,601,39065000,39071500,180,300,39130000,10090
7,602,39130000,39136500,180,300,39195000,10107
7,603,39195000,39201500,180,300,39260000,10125
7,604,39260000,39266500,180,300,39325000,10140
7,605,39325000,39331500,180,300,39390000,10157
7,606,39390000,39396500,180,300,39455000,10174
7,607,39455000,39461500,180,300,39520000,10192
7,608,39520000,39526500,180,300,39585000,10207
7,609,39585000,39591500,180,300,39650000,10225
7,61,3965000,3971500,180,300,4030000,1034
7,610,39650000,39656500,180,300,39715000,10240
7,611,39715000,39721500,180,300,39780000,10260
7,612,39780000,39786500,180,300,39845000,10276
7,613,39845000,39851500,180,300,39910000,10292
7,614,39910000,39916500,180,300,39975000,10310
7,615,39975000,39981500,180,300,40040000,10325
7,616,40040000,40046500,180,300,40105000,10342
7,617,40105000,40111500,180,300,40170000,10359
7,618,40170000,40176500,180,300,40235000,10375
7,619,40235000,40241500,180,300,40300000,10392
7,62,4030000,4036500,180,300,4095000,1052
7,620,40300000,40306500,180,300,40365000,10410
7,621,40365000,40371500,180,300,40430000,10425
7,622,40430000,40436500,180,300,40495000,10440
7,623,40495000,40501500,180,300,40560000,10462
7,624,40560000,40566500,180,300,40625000,10477
7,625,40625000,40631500,180,300,40690000,10494
7,626,40690000,40696500,180,300,40755000,10510
7,627,40755000,40761500,180,300,40820000,10528
7,628,40820000,40826500,180,300,40885000,10544
7,629,40885000,40891500,180,300,40950000,10560
7,63,4095000,4101500,180,300,4160000,1070
7,630,40950000,40956500,180,300,41015000,10576
7,631,41015000,41021500,180,300,41080000,10593
7,632,41080000,41086500,180,300,41145000,10610
7,633,41145000,41151500,180,300,41210000,10626
7,634,41210000,41216500,180,300,41275000,10642
7,635,41275000,41281500,180,300,41340000,10662
7,636,41340000,41346500,180,300,41405000,10680
7,637,41405000,41411500,180,300,41470000,10694
7,638,41470000,41476500,180,300,41535000,10712
7,639,41535000,41541500,180,300,41600000,10730
7,64,4160000,4166500,180,300,4225000,1084
7,640,41600000,41606500,180,300,41665000,10744
7,641,41665000,41671500,180,300,41730000,10762
7,642,41730000,41736500,180,300,41795000,10777
7,643,41795000,41801500,180,300,41860000,10795
7,644,41860000,41866500,180,300,41925000,10811
7,645,41925000,41931500,180,300,41990000,10827
7,646,41990000,41996500,180,300,42055000,10844
7,647,42055000,42061500,180,300,42120000,10864
7,648,42120000,42126500,180,300,42185000,10879
7,649,42185000,42191500,180,300,42250000,10896
7,65,4225000,4231500,180,300,4290000,1102
7,650,42250000,42256500,180,300,42315000,10913
7,651,42315000,42321500,180,300,42380000,10929
7,652,42380000,42386500,180,300,42445000,10946
7,653,42445000,42451500,180,300,42510000,10963
7,654,42510000,42516500,180,300,42575000,10980
7,655,42575000,42581500,180,300,42640000,10996
7,656,42640000,42646500,180,300,42705000,11014
7,657,42705000,42711500,180,300,42770000,11029
7,658,42770000,42776500,180,300,42835000,11043
7,659,42835000,42841500,180,300,42900000,11065
7,66,4290000,4296500,180,300,4355000,1118
7,660,42900000,42906500,180,300,42965000,11081
7,661,42965000,42971500,180,300,43030000,11097
7,662,43030000,43036500,180,300,43095000,11113
7,663,43095000,43101500,180,300,43160000,11132
7,664,43160000,43166500,180,300,43225000,11147
7,665,43225000,43231500,180,300,43290000,11164
7,666,43290000,43296500,180,300,43355000,11180
7,667,43355000,43361500,180,300,43420000,11197
7,668,43420000,43426500,180,300,43485000,11215
7,669,43485000,43491500,180,300,43550000,11230
7,67,4355000,4361500,180,300,4420000,1136
7,670,43550000,43556500,180,300,43615000,11247
7,671,43615000,43621500,180,300,43680000,11266
7,672,43680000,43686500,180,300,43745000,11282
7,673,43745000,43751500,180,300,43810000,11298
7,674,43810000,43816500,180,300,43875000,11315
7,675,43875000,43881500,180,300,43940000,11332
7,676,43940000,43946500,180,300,44005000,11348
7,677,44005000,44011500,180,300,44070000,11365
7,678,44070000,44076500,180,300,44135000,11381
7,679,44135000,44141500,180,300,44200000,11400
7,68,4420000,4426500,180,300,4485000,1152
7,680,44200000,44206500,180,300,44265000,11415
7,681,44265000,44271500,180,300,44330000,11432
7,682,44330000,44336500,180,300,44395000,11447
7,683,44395000,44401500,180,300,44460000,11468
7,684,44460000,44466500,180,300,44525000,11484
7,685,44525000,44531500,180,300,44590000,11498
7,686,44590000,44596500,180,300,44655000,11517
7,687,44655000,44661500,180,300,44720000,11533
7,688,44720000,44726500,180,300,44785000,11549
7,689,44785000,44791500,180,300,44850000,11567
7,69,4485000,4491500,180,300,4550000,1168
7,690,44850000,44856500,180,300,44915000,11583
7,691,44915000,44921500,180,300,44980000,11599
7,692,44980000,44986500,180,300,45045000,11617
7,693,45045000,45051500,180,300,45110000,11633
7,694,45110000,45116500,180,300,45175000,11648
7,695,45175000,45181500,180,300,45240000,11669
7,696,45240000,45246500,180,300,45305000,11685
7,697,45305000,45311500,180,300,45370000,11702
7,698,45370000,45376500,180,300,45435000,11717
7,699,45435000,45441500,180,300,45500000,11735
7,7,455000,461500,180,300,520000,129
7,70,4550000,4556500,180,300,4615000,1184
7,700,45500000,45506500,180,300,45565000,11751
7,701,45565000,45571500,180,300,45630000,11767
7,702,45630000,45636500,180,300,45695000,11783
7,703,45695000,45701500,180,300,45760000,11801
7,704,45760000,45766500,180,300,45825000,11818
7,705,45825000,45831500,180,300,45890000,11833
7,706,45890000,45896500,180,300,45955000,11850
7,707,45955000,45961500,180,300,46020000,11870
7,708,46020000,46026500,180,300,46085000,11887
7,709,46085000,46091500,180,300,46150000,11902
7,71,4615000,4621500,180,300,4680000,1204
7,710,46150000,46156500,180,300,46215000,11920
7,711,46215000,46221500,180,300,46280000,11937
7,712,46280000,46286500,180,300,46345000,11951
7,713,46345000,46351500,180,300,46410000,11969
7,714,46410000,46416500,180,300,46475000,11984
7,715,46475000,46481500,180,300,46540000,12002
7,716,46540000,46546500,180,300,46605000,12019
7,717,46605000,46611500,180,300,46670000,12035
7,718,46670000,46676500,180,300,46735000,12051
7,719,46735000,46741500,180,300,46800000,12072
7,72,4680000,4686500,180,300,4745000,1219
7,720,46800000,46806500,180,300,46865000,12087
7,721,46865000,46871500,180,300,46930000,12103
7,722,46930000,46936500,180,300,46995000,12120
7,723,46995000,47001500,180,300,47060000,12137
7,724,47060000,47066500,180,300,47125000,12154
7,725,47125000,47131500,180,300,47190000,12170
7,726,47190000,47196500,180,300,47255000,12188
7,727,47255000,47261500,180,300,47320000,12203
7,728,47320000,47326500,180,300,47385000,12220
7,729,47385000,47391500,180,300,47450000,12237
7,73,4745000,4751500,180,300,4810000,1236
7,730,47450000,47456500,180,300,47515000,12251
7,731,47515000,47521500,180,300,47580000,12272
7,732,47580000,47586500,180,300,47645000,12288
7,733,47645000,47651500,180,300,47710000,12305
7,734,47710000,47716500,180,300,47775000,12321
7,735,47775000,47781500,180,300,47840000,12339
7,736,47840000,47846500,180,300,47905000,12355
7,737,47905000,47911500,180,300,47970000,12372
7,738,47970000,47976500,180,300,48035000,12387
7,739,48035000,48041500,180,300,48100000,12405
7,74,4810000,4816500,180,300,4875000,1253
7,740,48100000,48106500,180,300,48165000,12423
7,741,48165000,48171500,180,300,48230000,12436
7,742,48230000,48236500,180,300,48295000,12453
7,743,48295000,48301500,180,300,48360000,12474
7,744,48360000,48366500,180,300,48425000,12490
7,745,48425000,48431500,180,300,48490000,12505
7,746,48490000,48496500,180,300,48555000,12523
7,747,48555000,48561500,180,300,48620000,12540
7,748,48620000,48626500,180,300,48685000,12555
7,749,48685000,48691500,180,300,48750000,12573
7,75,4875000,4881500,180,300,4940000,1269
7,750,48750000,48756500,180,300,48815000,12589
7,751,48815000,48821500,180,300,48880000,12607
7,752,48880000,48886500,180,300,48945000,12622
7,753,48945000,48951500,180,300,49010000,12640
7,754,49010000,49016500,180,300,49075000,12655
7,755,49075000,49081500,180,300,49140000,12674
7,756,49140000,49146500,180,300,49205000,12691
7,757,49205000,49211500,180,300,49270000,12706
7,758,49270000,49276500,180,300,49335000,12724
7,759,49335000,49341500,180,300,49400000,12741
7,76,4940000,4946500,180,300,5005000,1287
7,760,49400000,49406500,180,300,49465000,12757
7,761,49465000,49471500,180,300,49530000,12774
7,762,49530000,49536500,180,300,49595000,12790
7,763,49595000,49601500,180,300,49660000,12807
7,764,49660000,49666500,180,300,49725000,12825
7,765,49725000,49731500,180,300,49790000,12840
7,766,49790000,49796500,180,300,49855000,12856
7,767,49855000,49861500,180,300,49920000,12877
7,768,49920000,49926500,180,300,49985000,12892
7,769,49985000,49991500,180,300,50050000,12909
7,77,5005000,5011500,180,300,5070000,1303
7,770,50050000,50056500,180,300,50115000,12924
7,771,50115000,50121500,180,300,50180000,12942
7,772,50180000,50186500,180,300,50245000,12958
7,773,50245000,50251500,180,300,50310000,12975
7,774,50310000,50316500,180,300,50375000,12991
7,775,50375000,50381500,180,300,50440000,13008
7,776,50440000,50446500,180,300,50505000,13026
7,777,50505000,50511500,180,300,50570000,13041
7,778,50570000,50576500,180,300,50635000,13057
7,779,50635000,50641500,180,300,50700000,13078
7,78,5070000,5076500,180,300,5135000,1320
7,780,50700000,50706500,180,300,50765000,13095
7,781,50765000,50771500,180,300,50830000,13109
7,782,50830000,50836500,180,300,50895000,13127
7,783,50895000,50901500,180,300,50960000,13144
7,784,50960000,50966500,180,300,51025000,13158
7,785,51025000,51031500,180,300,51090000,13176
7,786,51090000,51096500,180,300,51155000,13192
7,787,51155000,51161500,180,300,51220000,13210
7,788,51220000,51226500,180,300,51285000,13226
7,789,51285000,51291500,180,300,51350000,13243
7,79,5135000,5141500,180,300,5200000,1337
7,790,51350000,51356500,180,300,51415000,13259
7,791,51415000,51421500,180,300,51480000,13279
7,792,51480000,51486500,180,300,51545000,13294
7,793,51545000,51551500,180,300,51610000,13311
7,794,51610000,51616500,180,300,51675000,13328
7,795,51675000,51681500,180,300,51740000,13344
7,796,51740000,51746500,180,300,51805000,13362
7,797,51805000,51811500,180,300,51870000,13377
7,798,51870000,51876500,180,300,51935000,13394
7,799,51935000,51941500,180,300,52000000,13411
7,8,520000,526500,180,300,585000,146
7,80,5200000,5206500,180,300,5265000,1354
7,800,52000000,52006500,180,300,52065000,13428
7,801,52065000,52071500,180,300,52130000,13444
7,802,52130000,52136500,180,300,52195000,13458
7,803,52195000,52201500,180,300,52260000,13480
7,804,52260000,52266500,180,300,52325000,13496
7,805,52325000,52331500,180,300,52390000,13512
7,806,52390000,52396500,180,300,52455000,13529
7,807,52455000,52461500,180,300,52520000,13547
7,808,52520000,52526500,180,300,52585000,13562
7,809,52585000,52591500,180,300,52650000,13580
7,81,5265000,5271500,180,300,5330000,1370
7,810,52650000,52656500,180,300,52715000,13595
7,811,52715000,52721500,180,300,52780000,13611
7,812,52780000,52786500,180,300,52845000,13629
7,813,52845000,52851500,180,300,52910000,13644
7,814,52910000,52916500,180,300,52975000,13661
7,815,52975000,52981500,180,300,53040000,13681
7,816,53040000,53046500,180,300,53105000,13698
7,817,53105000,53111500,180,300,53170000,13713
7,818,53170000,53176500,180,300,53235000,13730
7,819,53235000,53241500,180,300,53300000,13748
7,82,5330000,5336500,180,300,5395000,1384
7,820,53300000,53306500,180,300,53365000,13763
7,821,53365000,53371500,180,300,53430000,13780
7,822,53430000,53436500,180,300,53495000,13796
7,823,53495000,53501500,180,300,53560000,13815
7,824,53560000,53566500,180,300,53625000,13830
7,825,53625000,53631500,180,300,53690000,13846
7,826,53690000,53696500,180,300,53755000,13862
7,827,53755000,53761500,180,300,53820000,13882
7,828,53820000,53826500,180,300,53885000,13898
7,829,53885000,53891500,180,300,53950000,13914
7,83,5395000,5401500,180,300,5460000,1405
7,830,53950000,53956500,180,300,54015000,13932
7,831,54015000,54021500,180,300,54080000,13948
7,832,54080000,54086500,180,300,54145000,13964
7,833,54145000,54151500,180,300,54210000,13982
7,834,54210000,54216500,180,300,54275000,13998
7,835,54275000,54281500,180,300,54340000,14014
7,836,54340000,54346500,180,300,54405000,14033
7,837,54405000,54411500,180,300,54470000,14048
7,838,54470000,54476500,180,300,54535000,14063
7,839,54535000,54541500,180,300,54600000,14084
7,84,5460000,5466500,180,300,5525000,1421
7,840,54600000,54606500,180,300,54665000,14099
7,841,54665000,54671500,180,300,54730000,14116
7,842,54730000,54736500,180,300,54795000,14131
7,843,54795000,54801500,180,300,54860000,14150
7,844,54860000,54866500,180,300,54925000,14166
7,845,54925000,54931500,180,300,54990000,14182
7,846,54990000,54996500,180,300,55055000,14199
7,847,55055000,55061500,180,300,55120000,14216
7,848,55120000,55126500,180,300,55185000,14233
7,849,55185000,55191500,180,300,55250000,14249
7,85,5525000,5531500,180,300,5590000,1437
7,850,55250000,55256500,180,300,55315000,14265
7,851,55315000,55321500,180,300,55380000,14285
7,852,55380000,55386500,180,300,55445000,14302
7,853,55445000,55451500,180,300,55510000,14316
7,854,55510000,55516500,180,300,55575000,14334
7,855,55575000,55581500,180,300,55640000,14351
7,856,55640000,55646500,180,300,55705000,14366
7,857,55705000,55711500,180,300,55770000,14384
7,858,55770000,55776500,180,300,55835000,14399
7,859,55835000,55841500,180,300,55900000,14418
7,86,5590000,5596500,180,300,5655000,1454
7,860,55900000,55906500,180,300,55965000,14434
7,861,55965000,55971500,180,300,56030000,14450
7,862,56030000,56036500,180,300,56095000,14466
7,863,56095000,56101500,180,300,56160000,14487
7,864,56160000,56166500,180,300,56225000,14502
7,865,56225000,56231500,180,300,56290000,14518
7,866,56290000,56296500,180,300,56355000,14536
7,867,56355000,56361500,180,300,56420000,14551
7,868,56420000,56426500,180,300,56485000,14568
7,869,56485000,56491500,180,300,56550000,14585
7,87,5655000,5661500,180,300,5720000,1472
7,870,56550000,56556500,180,300,56615000,14602
7,871,56615000,56621500,180,300,56680000,14618
7,872,56680000,56686500,180,300,56745000,14635
7,873,56745000,56751500,180,300,56810000,14652
7,874,56810000,56816500,180,300,56875000,14666
7,875,56875000,56881500,180,300,56940000,14687
7,876,56940000,56946500,180,300,57005000,14704
7,877,57005000,57011500,180,300,57070000,14720
7,878,57070000,57076500,180,300,57135000,14736
7,879,57135000,57141500,180,300,57200000,14755
7,88,5720000,5726500,180,300,5785000,1487
7,880,57200000,57206500,180,300,57265000,14770
7,881,57265000,57271500,180,300,57330000,14786
7,882,57330000,57336500,180,300,57395000,14801
7,883,57395000,57401500,180,300,57460000,14819
7,884,57460000,57466500,180,300,57525000,14837
7,885,57525000,57531500,180,300,57590000,14851
7,886,57590000,57596500,180,300,57655000,14869
7,887,57655000,57661500,180,300,57720000,14889
7,888,57720000,57726500,180,300,57785000,14905
7,889,57785000,57791500,180,300,57850000,14921
7,89,5785000,5791500,180,300,5850000,1505
7,890,57850000,57856500,180,300,57915000,14938
7,891,57915000,57921500,180,300,57980000,14955
7,892,57980000,57986500,180,300,58045000,14970
7,893,58045000,58051500,180,300,58110000,14988
7,894,58110000,58116500,180,300,58175000,15004
7,895,58175000,58181500,180,300,58240000,15021
7,896,58240000,58246500,180,300,58305000,15037
7,897,58305000,58311500,180,300,58370000,15054
7,898,58370000,58376500,180,300,58435000,15069
7,899,58435000,58441500,180,300,58500000,15090
7,9,585000,591500,180,300,650000,163
7,90,5850000,5856500,180,300,5915000,1520
7,900,58500000,58506500,180,300,58565000,15106
7,901,58565000,58571500,180,300,58630000,15121
7,902,58630000,58636500,180,300,58695000,15139
7,903,58695000,58701500,180,300,58760000,15156
7,904,58760000,58766500,180,300,58825000,15172
7,905,58825000,58831500,180,300,58890000,15189
7,906,58890000,58896500,180,300,58955000,15206
7,907,58955000,58961500,180,300,59020000,15222
7,908,59020000,59026500,180,300,59085000,15240
7,909,59085000,59091500,180,300,59150000,15255
7,91,5915000,5921500,180,300,5980000,1537
7,910,59150000,59156500,180,300,59215000,15270
7,911,59215000,59221500,180,300,59280000,15291
7,912,59280000,59286500,180,300,59345000,15306
7,913,59345000,59351500,180,300,59410000,15324
7,914,59410000,59416500,180,300,59475000,15339
7,915,59475000,59481500,180,300,59540000,15357
7,916,59540000,59546500,180,300,59605000,15374
7,917,59605000,59611500,180,300,59670000,15390
7,918,59670000,59676500,180,300,59735000,15406
7,919,59735000,59741500,180,300,59800000,15424
7,92,5980000,5986500,180,300,6045000,1555
7,920,59800000,59806500,180,300,59865000,15441
7,921,59865000,59871500,180,300,59930000,15456
7,922,59930000,59936500,180,300,59995000,15472
7,923,59995000,60001500,180,300,60060000,15492
7,924,60060000,60066500,180,300,60125000,15509
7,925,60125000,60131500,180,300,60190000,15523
7,926,60190000,60196500,180,300,60255000,15542
7,927,60255000,60261500,180,300,60320000,15559
7,928,60320000,60326500,180,300,60385000,15573
7,929,60385000,60391500,180,300,60450000,15592
7,93,6045000,6051500,180,300,6110000,1570
7,930,60450000,60456500,180,300,60515000,15607
7,931,60515000,60521500,180,300,60580000,15625
7,932,60580000,60586500,180,300,60645000,15641
7,933,60645000,60651500,180,300,60710000,15658
7,934,60710000,60716500,180,300,60775000,15674
7,935,60775000,60781500,180,300,60840000,15694
7,936,60840000,60846500,180,300,60905000,15710
7,937,60905000,60911500,180,300,60970000,15725
7,938,60970000,60976500,180,300,61035000,15742
7,939,61035000,61041500,180,300,61100000,15759
7,94,6110000,6116500,180,300,6175000,1587
7,940,61100000,61106500,180,300,61165000,15776
7,941,61165000,61171500,180,300,61230000,15792
7,942,61230000,61236500,180,300,61295000,15809
7,943,61295000,61301500,180,300,61360000,15826
7,944,61360000,61366500,180,300,61425000,15843
7,945,61425000,61431500,180,300,61490000,15859
7,946,61490000,61496500,180,300,61555000,15874
7,947,61555000,61561500,180,300,61620000,15895
7,948,61620000,61626500,180,300,61685000,15911
7,949,61685000,61691500,180,300,61750000,15928
7,95,6175000,6181500,180,300,6240000,1607
7,950,61750000,61756500,180,300,61815000,15944
7,951,61815000,61821500,180,300,61880000,15961
7,952,61880000,61886500,180,300,61945000,15976
7,953,61945000,61951500,180,300,62010000,15994
7,954,62010000,62016500,180,300,62075000,16009
7,955,62075000,62081500,180,300,62140000,16026
7,956,62140000,62146500,180,300,62205000,16045
7,957,62205000,62211500,180,300,62270000,16059
7,958,62270000,62276500,180,300,62335000,16076
7,959,62335000,62341500,180,300,62400000,16097
7,96,6240000,6246500,180,300,6305000,1624
7,960,62400000,62406500,180,300,62465000,16113
7,961,62465000,62471500,180,300,62530000,16128
7,962,62530000,62536500,180,300,62595000,16145
7,963,62595000,62601500,180,300,62660000,16163
7,964,62660000,62666500,180,300,62725000,16178
7,965,62725000,62731500,180,300,62790000,16194
7,966,62790000,62796500,180,300,62855000,16211
7,967,62855000,62861500,180,300,62920000,16229
7,968,62920000,62926500,180,300,62985000,16244
7,969,62985000,62991500,180,300,63050000,16262
7,97,6305000,6311500,180,300,6370000,1638
7,970,63050000,63056500,180,300,63115000,16277
7,971,63115000,63121500,180,300,63180000,16297
7,972,63180000,63186500,180,300,63245000,16313
7,973,63245000,63251500,180,300,63310000,16329
7,974,63310000,63316500,180,300,63375000,16347
7,975,63375000,63381500,180,300,63440000,16363
7,976,63440000,63446500,180,300,63505000,16380
7,977,63505000,63511500,180,300,63570000,16397
7,978,63570000,63576500,180,300,63635000,16413
7,979,63635000,63641500,180,300,63700000,16429
7,98,6370000,6376500,180,300,6435000,1655
7,980,63700000,63706500,180,300,63765000,16447
7,981,63765000,63771500,180,300,63830000,16462
7,982,63830000,63836500,180,300,63895000,16477
7,983,63895000,63901500,180,300,63960000,16499
7,984,63960000,63966500,180,300,64025000,16514
7,985,64025000,64031500,180,300,64090000,16531
7,986,64090000,64096500,180,300,64155000,16547
7,987,64155000,64161500,180,300,64220000,16565
7,988,64220000,64226500,180,300,64285000,16581
7,989,64285000,64291500,180,300,64350000,16598
7,99,6435000,6441500,180,300,6500000,1673
7,990,64350000,64356500,180,300,64415000,16614
7,991,64415000,64421500,180,300,64480000,16631
7,992,64480000,64486500,180,300,64545000,16648
7,993,64545000,64551500,180,300,64610000,16663
7,994,64610000,64616500,180,300,64675000,16679
7,995,64675000,64681500,180,300,64740000,16699
7,996,64740000,64746500,180,300,64805000,16717
7,997,64805000,64811500,180,300,64870000,16731
7,998,64870000,64876500,180,300,64935000,16749
7,999,64935000,64941500,180,300,65000000,16767
8,0,0,7000,7355,12258,70000,13
8,1,70000,77000,7355,12258,140000,32
8,10,700000,707000,7355,12258,770000,193
8,100,7000000,7007000,7355,12258,7070000,1818
8,1000,70000000,70007000,7355,12258,70070000,18073
8,1001,70070000,70077000,7355,12258,70140000,18093
8,1002,70140000,70147000,7355,12258,70210000,18111
8,1003,70210000,70217000,7355,12258,70280000,18128
8,1004,70280000,70287000,7355,12258,70350000,18146
8,1005,70350000,70357000,7355,12258,70420000,18163
8,1006,70420000,70427000,7355,12258,70490000,18181
8,1007,70490000,70497000,7355,12258,70560000,18202
8,1008,70560000,70567000,7355,12258,70630000,18217
8,1009,70630000,70637000,7355,12258,70700000,18237
8,101,7070000,7077000,7355,12258,7140000,1838
8,1010,70700000,70707000,7355,12258,70770000,18254
8,1011,70770000,70777000,7355,12258,70840000,18272
8,1012,70840000,70847000,7355,12258,70910000,18288
8,1013,70910000,70917000,7355,12258,70980000,18310
8,1014,70980000,70987000,7355,12258,71050000,18327
8,1015,71050000,71057000,7355,12258,71120000,18346
8,1016,71120000,71127000,7355,12258,71190000,18362
8,1017,71190000,71197000,7355,12258,71260000,18380
8,1018,71260000,71267000,7355,12258,71330000,18398
8,1019,71330000,71337000,7355,12258,71400000,18419
8,102,7140000,7147000,7355,12258,7210000,1856
8,1020,71400000,71407000,7355,12258,71470000,18435
8,1021,71470000,71477000,7355,12258,71540000,18452
8,1022,71540000,71547000,7355,12258,71610000,18471
8,1023,71610000,71617000,7355,12258,71680000,18488
8,1024,71680000,71687000,7355,12258,71750000,18506
8,1025,71750000,71757000,7355,12258,71820000,18526
8,1026,71820000,71827000,7355,12258,71890000,18543
8,1027,71890000,71897000,7355,12258,71960000,18563
8,1028,71960000,71967000,7355,12258,72030000,18579
8,1029,72030000,72037000,7355,12258,72100000,18598
8,103,7210000,7217000,7355,12258,7280000,1874
8,1030,72100000,72107000,7355,12258,72170000,18614
8,1031,72170000,72177000,7355,12258,72240000,18635
8,1032,72240000,72247000,7355,12258,72310000,18651
8,1033,72310000,72317000,7355,12258,72380000,18670
8,1034,72380000,72387000,7355,12258,72450000,18688
8,1035,72450000,72457000,7355,12258,72520000,18705
8,1036,72520000,72527000,7355,12258,72590000,18722
8,1037,72590000,72597000,7355,12258,72660000,18743
8,1038,72660000,72667000,7355,12258,72730000,18760
8,1039,72730000,72737000,7355,12258,72800000,18779
8,104,7280000,7287000,7355,12258,7350000,1892
8,1040,72800000,72807000,7355,12258,72870000,18796
8,1041,72870000,72877000,7355,12258,72940000,18813
8,1042,72940000,72947000,7355,12258,73010000,18832
8,1043,73010000,73017000,7355,12258,73080000,18852
8,1044,73080000,73087000,7355,12258,73150000,18868
8,1045,73150000,73157000,7355,12258,73220000,18887
8,1046,73220000,73227000,7355,12258,73290000,18904
8,1047,73290000,73297000,7355,12258,73360000,18923
8,1048,73360000,73367000,7355,12258,73430000,18938
8,1049,73430000,73437000,7355,12258,73500000,18960
8,105,7350000,7357000,7355,12258,7420000,1909
8,1050,73500000,73507000,7355,12258,73570000,18976
8,1051,73570000,73577000,7355,12258,73640000,18995
8,1052,73640000,73647000,7355,12258,73710000,19013
8,1053,73710000,73717000,7355,12258,73780000,19030
8,1054,73780000,73787000,7355,12258,73850000,19049
8,1055,73850000,73857000,7355,12258,73920000,19069
8,1056,73920000,73927000,7355,12258,73990000,19085
8,1057,73990000,73997000,7355,12258,74060000,19103
8,1058,74060000,74067000,7355,12258,74130000,19121
8,1059,74130000,74137000,7355,12258,74200000,19139
8,106,7420000,7427000,7355,12258,7490000,1927
8,1060,74200000,74207000,7355,12258,74270000,19156
8,1061,74270000,74277000,7355,12258,74340000,19176
8,1062,74340000,74347000,7355,12258,74410000,19193
8,1063,74410000,74417000,7355,12258,74480000,19212
8,1064,74480000,74487000,7355,12258,74550000,19229
8,1065,74550000,74557000,7355,12258,74620000,19248
8,1066,74620000,74627000,7355,12258,74690000,19264
8,1067,74690000,74697000,7355,12258,74760000,19286
8,1068,74760000,74767000,7355,12258,74830000,19301
8,1069,74830000,74837000,7355,12258,74900000,19321
8,107,7490000,7497000,7355,12258,7560000,1948
8,1070,74900000,74907000,7355,12258,74970000,19338
8,1071,74970000,74977000,7355,12258,75040000,19355
8,1072,75040000,75047000,7355,12258,75110000,19373
8,1073,75110000,75117000,7355,12258,75180000,19393
8,1074,75180000,75187000,7355,12258,75250000,19411
8,1075,75250000,75257000,7355,12258,75320000,19428
8,1076,75320000,75327000,7355,12258,75390000,19445
8,1077,75390000,75397000,7355,12258,75460000,19463
8,1078,75460000,75467000,7355,12258,75530000,19482
8,1079,75530000,75537000,7355,12258,75600000,19503
8,108,7560000,7567000,7355,12258,7630000,1963
8,1080,75600000,75607000,7355,12258,75670000,19518
8,1081,75670000,75677000,7355,12258,75740000,19537
8,1082,75740000,75747000,7355,12258,75810000,19555
8,1083,75810000,75817000,7355,12258,75880000,19573
8,1084,75880000,75887000,7355,12258,75950000,19589
8,1085,75950000,75957000,7355,12258,76020000,19610
8,1086,76020000,76027000,7355,12258,76090000,19626
8,1087,76090000,76097000,7355,12258,76160000,19646
8,1088,76160000,76167000,7355,12258,76230000,19662
8,1089,76230000,76237000,7355,12258,76300000,19680
8,109,7630000,7637000,7355,12258,7700000,1983
8,1090,76300000,76307000,7355,12258,76370000,19698
8,1091,76370000,76377000,7355,12258,76440000,19719
8,1092,76440000,76447000,7355,12258,76510000,19736
8,1093,76510000,76517000,7355,12258,76580000,19753
8,1094,76580000,76587000,7355,12258,76650000,19772
8,1095,76650000,76657000,7355,12258,76720000,19789
8,1096,76720000,76727000,7355,12258,76790000,19806
8,1097,76790000,76797000,7355,12258,76860000,19827
8,1098,76860000,76867000,7355,12258,76930000,19843
8,1099,76930000,76937000,7355,12258,77000000,19863
8,11,770000,777000,7355,12258,840000,213
8,110,7700000,7707000,7355,12258,7770000,2000
8,1100,77000000,77007000,7355,12258,77070000,19879
8,1101,77070000,77077000,7355,12258,77140000,19897
8,1102,77140000,77147000,7355,12258,77210000,19914
8,1103,77210000,77217000,7355,12258,77280000,19935
8,1104,77280000,77287000,7355,12258,77350000,19952
8,1105,77350000,77357000,7355,12258,77420000,19971
8,1106,77420000,77427000,7355,12258,77490000,19988
8,1107,77490000,77497000,7355,12258,77560000,20006
8,1108,77560000,77567000,7355,12258,77630000,20023
8,1109,77630000,77637000,7355,12258,77700000,20044
8,111,7770000,7777000,7355,12258,7840000,2018
8,1110,77700000,77707000,7355,12258,77770000,20061
8,1111,77770000,77777000,7355,12258,77840000,20078
8,1112,77840000,77847000,7355,12258,77910000,20096
8,1113,77910000,77917000,7355,12258,77980000,20113
8,1114,77980000,77987000,7355,12258,78050000,20132
8,1115,78050000,78057000,7355,12258,78120000,20152
8,1116,78120000,78127000,7355,12258,78190000,20167
8,1117,78190000,78197000,7355,12258,78260000,20188
8,1118,78260000,78267000,7355,12258,78330000,20205
8,1119,78330000,78337000,7355,12258,78400000,20224
8,112,7840000,7847000,7355,12258,7910000,2034
8,1120,78400000,78407000,7355,12258,78470000,20239
8,1121,78470000,78477000,7355,12258,78540000,20260
8,1122,78540000,78547000,7355,12258,78610000,20277
8,1123,78610000,78617000,7355,12258,78680000,20296
8,1124,78680000,78687000,7355,12258,78750000,20313
8,1125,78750000,78757000,7355,12258,78820000,20330
8,1126,78820000,78827000,7355,12258,78890000,20348
8,1127,78890000,78897000,7355,12258,78960000,20369
8,1128,78960000,78967000,7355,12258,79030000,20385
8,1129,79030000,79037000,7355,12258,79100000,20403
8,113,7910000,7917000,7355,12258,7980000,2055
8,1130,79100000,79107000,7355,12258,79170000,20422
8,1131,79170000,79177000,7355,12258,79240000,20439
8,1132,79240000,79247000,7355,12258,79310000,20457
8,1133,79310000,79317000,7355,12258,79380000,20477
8,1134,79380000,79387000,7355,12258,79450000,20494
8,1135,79450000,79457000,7355,12258,79520000,20513
8,1136,79520000,79527000,7355,12258,79590000,20529
8,1137,79590000,79597000,7355,12258,79660000,20548
8,1138,79660000,79667000,7355,12258,79730000,20564
8,1139,79730000,79737000,7355,12258,79800000,20586
8,114,7980000,7987000,7355,12258,8050000,2072
8,1140,79800000,79807000,7355,12258,79870000,20601
8,1141,79870000,79877000,7355,12258,79940000,20620
8,1142,79940000,79947000,7355,12258,80010000,20638
8,1143,80010000,80017000,7355,12258,80080000,20656
8,1144,80080000,80087000,7355,12258,80150000,20674
8,1145,80150000,80157000,7355,12258,80220000,20694
8,1146,80220000,80227000,7355,12258,80290000,20711
8,1147,80290000,80297000,7355,12258,80360000,20729
8,1148,80360000,80367000,7355,12258,80430000,20746
8,1149,80430000,80437000,7355,12258,80500000,20764
8,115,8050000,8057000,7355,12258,8120000,2091
8,1150,80500000,80507000,7355,12258,80570000,20782
8,1151,80570000,80577000,7355,12258,80640000,20802
8,1152,80640000,80647000,7355,12258,80710000,20818
8,1153,80710000,80717000,7355,12258,80780000,20837
8,1154,80780000,80787000,7355,12258,80850000,20855
8,1155,80850000,80857000,7355,12258,80920000,20873
8,1156,80920000,80927000,7355,12258,80990000,20889
8,1157,80990000,80997000,7355,12258,81060000,20911
8,1158,81060000,81067000,7355,12258,81130000,20927
8,1159,81130000,81137000,7355,12258,81200000,20947
8,116,8120000,8127000,7355,12258,8190000,2108
8,1160,81200000,81207000,7355,12258,81270000,20963
8,1161,81270000,81277000,7355,12258,81340000,20980
8,1162,81340000,81347000,7355,12258,81410000,20999
8,1163,81410000,81417000,7355,12258,81480000,21019
8,1164,81480000,81487000,7355,12258,81550000,21036
8,1165,81550000,81557000,7355,12258,81620000,21053
8,1166,81620000,81627000,7355,12258,81690000,21071
8,1167,81690000,81697000,7355,12258,81760000,21089
8,1168,81760000,81767000,7355,12258,81830000,21106
8,1169,81830000,81837000,7355,12258,81900000,21128
8,117,8190000,8197000,7355,12258,8260000,2126
8,1170,81900000,81907000,7355,12258,81970000,21144
8,1171,81970000,81977000,7355,12258,82040000,21163
8,1172,82040000,82047000,7355,12258,82110000,21180
8,1173,82110000,82117000,7355,12258,82180000,21198
8,1174,82180000,82187000,7355,12258,82250000,21215
8,1175,82250000,82257000,7355,12258,82320000,21236
8,1176,82320000,82327000,7355,12258,82390000,21251
8,1177,82390000,82397000,7355,12258,82460000,21271
8,1178,82460000,82467000,7355,12258,82530000,21288
8,1179,82530000,82537000,7355,12258,82600000,21306
8,118,8260000,8267000,7355,12258,8330000,2144
8,1180,82600000,82607000,7355,12258,82670000,21323
8,1181,82670000,82677000,7355,12258,82740000,21343
8,1182,82740000,82747000,7355,12258,82810000,21362
8,1183,82810000,82817000,7355,12258,82880000,21379
8,1184,82880000,82887000,7355,12258,82950000,21397
8,1185,82950000,82957000,7355,12258,83020000,21414
8,1186,83020000,83027000,7355,12258,83090000,21432
8,1187,83090000,83097000,7355,12258,83160000,21453
8,1188,83160000,83167000,7355,12258,83230000,21468
8,1189,83230000,83237000,7355,12258,83300000,21488
8,119,8330000,8337000,7355,12258,8400000,2165
8,1190,83300000,83307000,7355,12258,83370000,21505
8,1191,83370000,83377000,7355,12258,83440000,21523
8,1192,83440000,83447000,7355,12258,83510000,21539
8,1193,83510000,83517000,7355,12258,83580000,21560
8,1194,83580000,83587000,7355,12258,83650000,21577
8,1195,83650000,83657000,7355,12258,83720000,21597
8,1196,83720000,83727000,7355,12258,83790000,21613
8,1197,83790000,83797000,7355,12258,83860000,21631
8,1198,83860000,83867000,7355,12258,83930000,21649
8,1199,83930000,83937000,7355,12258,84000000,21670
8,12,840000,847000,7355,12258,910000,231
8,120,8400000,8407000,7355,12258,8470000,2181
8,1200,84000000,84007000,7355,12258,84070000,21686
8,1201,84070000,84077000,7355,12258,84140000,21703
8,1202,84140000,84147000,7355,12258,84210000,21722
8,1203,84210000,84217000,7355,12258,84280000,21739
8,1204,84280000,84287000,7355,12258,84350000,21757
8,1205,84350000,84357000,7355,12258,84420000,21777
8,1206,84420000,84427000,7355,12258,84490000,21793
8,1207,84490000,84497000,7355,12258,84560000,21813
8,1208,84560000,84567000,7355,12258,84630000,21830
8,1209,84630000,84637000,7355,12258,84700000,21849
8,121,8470000,8477000,7355,12258,8540000,2198
8,1210,84700000,84707000,7355,12258,84770000,21865
8,1211,84770000,84777000,7355,12258,84840000,21886
8,1212,84840000,84847000,7355,12258,84910000,21902
8,1213,84910000,84917000,7355,12258,84980000,21921
8,1214,84980000,84987000,7355,12258,85050000,21939
8,1215,85050000,85057000,7355,12258,85120000,21956
8,1216,85120000,85127000,7355,12258,85190000,21973
8,1217,85190000,85197000,7355,12258,85260000,21994
8,1218,85260000,85267000,7355,12258,85330000,22011
8,1219,85330000,85337000,7355,12258,85400000,22029
8,122,8540000,8547000,7355,12258,8610000,2217
8,1220,85400000,85407000,7355,12258,85470000,22046
8,1221,85470000,85477000,7355,12258,85540000,22064
8,1222,85540000,85547000,7355,12258,85610000,22083
8,1223,85610000,85617000,7355,12258,85680000,22103
8,1224,85680000,85687000,7355,12258,85750000,22119
8,1225,85750000,85757000,7355,12258,85820000,22138
8,1226,85820000,85827000,7355,12258,85890000,22155
8,1227,85890000,85897000,7355,12258,85960000,22174
8,1228,85960000,85967000,7355,12258,86030000,22189
8,1229,86030000,86037000,7355,12258,86100000,22211
8,123,8610000,8617000,7355,12258,8680000,2234
8,1230,86100000,86107000,7355,12258,86170000,22227
8,1231,86170000,86177000,7355,12258,86240000,22246
8,1232,86240000,86247000,7355,12258,86310000,22263
8,1233,86310000,86317000,7355,12258,86380000,22280
8,1234,86380000,86387000,7355,12258,86450000,22300
8,1235,86450000,86457000,7355,12258,86520000,22320
8,1236,86520000,86527000,7355,12258,86590000,22336
8,1237,86590000,86597000,7355,12258,86660000,22354
8,1238,86660000,86667000,7355,12258,86730000,22372
8,1239,86730000,86737000,7355,12258,86800000,22390
8,124,8680000,8687000,7355,12258,8750000,2252
8,1240,86800000,86807000,7355,12258,86870000,22407
8,1241,86870000,86877000,7355,12258,86940000,22427
8,1242,86940000,86947000,7355,12258,87010000,22444
8,1243,87010000,87017000,7355,12258,87080000,22463
8,1244,87080000,87087000,7355,12258,87150000,22480
8,1245,87150000,87157000,7355,12258,87220000,22498
8,1246,87220000,87227000,7355,12258,87290000,22514
8,1247,87290000,87297000,7355,12258,87360000,22537
8,1248,87360000,87367000,7355,12258,87430000,22552
8,1249,87430000,87437000,7355,12258,87500000,22572
8,125,8750000,8757000,7355,12258,8820000,2272
8,1250,87500000,87507000,7355,12258,87570000,22589
8,1251,87570000,87577000,7355,12258,87640000,22606
8,1252,87640000,87647000,7355,12258,87710000,22624
8,1253,87710000,87717000,7355,12258,87780000,22644
8,1254,87780000,87787000,7355,12258,87850000,22662
8,1255,87850000,87857000,7355,12258,87920000,22679
8,1256,87920000,87927000,7355,12258,87990000,22696
8,1257,87990000,87997000,7355,12258,88060000,22714
8,1258,88060000,88067000,7355,12258,88130000,22732
8,1259,88130000,88137000,7355,12258,88200000,22753
8,126,8820000,8827000,7355,12258,8890000,2288
8,1260,88200000,88207000,7355,12258,88270000,22769
8,1261,88270000,88277000,7355,12258,88340000,22788
8,1262,88340000,88347000,7355,12258,88410000,22806
8,1263,88410000,88417000,7355,12258,88480000,22824
8,1264,88480000,88487000,7355,12258,88550000,22840
8,1265,88550000,88557000,7355,12258,88620000,22861
8,1266,88620000,88627000,7355,12258,88690000,22877
8,1267,88690000,88697000,7355,12258,88760000,22897
8,1268,88760000,88767000,7355,12258,88830000,22913
8,1269,88830000,88837000,7355,12258,88900000,22931
8,127,8890000,8897000,7355,12258,8960000,2308
8,1270,88900000,88907000,7355,12258,88970000,22949
8,1271,88970000,88977000,7355,12258,89040000,22969
8,1272,89040000,89047000,7355,12258,89110000,22986
8,1273,89110000,89117000,7355,12258,89180000,23004
8,1274,89180000,89187000,7355,12258,89250000,23023
8,1275,89250000,89257000,7355,12258,89320000,23040
8,1276,89320000,89327000,7355,12258,89390000,23057
8,1277,89390000,89397000,7355,12258,89460000,23078
8,1278,89460000,89467000,7355,12258,89530000,23094
8,1279,89530000,89537000,7355,12258,89600000,23114
8,128,8960000,8967000,7355,12258,9030000,2324
8,1280,89600000,89607000,7355,12258,89670000,23130
8,1281,89670000,89677000,7355,12258,89740000,23148
8,1282,89740000,89747000,7355,12258,89810000,23165
8,1283,89810000,89817000,7355,12258,89880000,23186
8,1284,89880000,89887000,7355,12258,89950000,23202
8,1285,89950000,89957000,7355,12258,90020000,23221
8,1286,90020000,90027000,7355,12258,90090000,23239
8,1287,90090000,90097000,7355,12258,90160000,23257
8,1288,90160000,90167000,7355,12258,90230000,23274
8,1289,90230000,90237000,7355,12258,90300000,23295
8,129,9030000,9037000,7355,12258,9100000,2344
8,1290,90300000,90307000,7355,12258,90370000,23312
8,1291,90370000,90377000,7355,12258,90440000,23329
8,1292,90440000,90447000,7355,12258,90510000,23347
8,1293,90510000,90517000,7355,12258,90580000,23364
8,1294,90580000,90587000,7355,12258,90650000,23383
8,1295,90650000,90657000,7355,12258,90720000,23403
8,1296,90720000,90727000,7355,12258,90790000,23418
8,1297,90790000,90797000,7355,12258,90860000,23438
8,1298,90860000,90867000,7355,12258,90930000,23455
8,1299,90930000,90937000,7355,12258,91000000,23475
8,13,910000,917000,7355,12258,980000,248
8,130,9100000,9107000,7355,12258,9170000,2360
8,1300,91000000,91007000,7355,12258,91070000,23490
8,1301,91070000,91077000,7355,12258,91140000,23511
8,1302,91140000,91147000,7355,12258,91210000,23528
8,1303,91210000,91217000,7355,12258,91280000,23547
8,1304,91280000,91287000,7355,12258,91350000,23564
8,1305,91350000,91357000,7355,12258,91420000,23581
8,1306,91420000,91427000,7355,12258,91490000,23599
8,1307,91490000,91497000,7355,12258,91560000,23620
8,1308,91560000,91567000,7355,12258,91630000,23636
8,1309,91630000,91637000,7355,12258,91700000,23654
8,131,9170000,9177000,7355,12258,9240000,2381
8,1310,91700000,91707000,7355,12258,91770000,23672
8,1311,91770000,91777000,7355,12258,91840000,23689
8,1312,91840000,91847000,7355,12258,91910000,23708
8,1313,91910000,91917000,7355,12258,91980000,23728
8,1314,91980000,91987000,7355,12258,92050000,23745
8,1315,92050000,92057000,7355,12258,92120000,23764
8,1316,92120000,92127000,7355,12258,92190000,23780
8,1317,92190000,92197000,7355,12258,92260000,23799
8,1318,92260000,92267000,7355,12258,92330000,23815
8,1319,92330000,92337000,7355,12258,92400000,23837
8,132,9240000,9247000,7355,12258,9310000,2397
8,1320,92400000,92407000,7355,12258,92470000,23852
8,1321,92470000,92477000,7355,12258,92540000,23871
8,1322,92540000,92547000,7355,12258,92610000,23889
8,1323,92610000,92617000,7355,12258,92680000,23906
8,1324,92680000,92687000,7355,12258,92750000,23924
8,1325,92750000,92757000,7355,12258,92820000,23945
8,1326,92820000,92827000,7355,12258,92890000,23962
8,1327,92890000,92897000,7355,12258,92960000,23980
8,1328,92960000,92967000,7355,12258,93030000,23997
8,1329,93030000,93037000,7355,12258,93100000,24015
8,133,9310000,9317000,7355,12258,9380000,2416
8,1330,93100000,93107000,7355,12258,93170000,24033
8,1331,93170000,93177000,7355,12258,93240000,24053
8,1332,93240000,93247000,7355,12258,93310000,24069
8,1333,93310000,93317000,7355,12258,93380000,24088
8,1334,93380000,93387000,7355,12258,93450000,24106
8,1335,93450000,93457000,7355,12258,93520000,24124
8,1336,93520000,93527000,7355,12258,93590000,24139
8,1337,93590000,93597000,7355,12258,93660000,24161
8,1338,93660000,93667000,7355,12258,93730000,24178
8,1339,93730000,93737000,7355,12258,93800000,24198
8,134,9380000,9387000,7355,12258,9450000,2434
8,1340,93800000,93807000,7355,12258,93870000,24214
8,1341,93870000,93877000,7355,12258,93940000,24231
8,1342,93940000,93947000,7355,12258,94010000,24250
8,1343,94010000,94017000,7355,12258,94080000,24270
8,1344,94080000,94087000,7355,12258,94150000,24287
8,1345,94150000,94157000,7355,12258,94220000,24304
8,1346,94220000,94227000,7355,12258,94290000,24322
8,1347,94290000,94297000,7355,12258,94360000,24340
8,1348,94360000,94367000,7355,12258,94430000,24357
8,1349,94430000,94437000,7355,12258,94500000,24378
8,135,9450000,9457000,7355,12258,9520000,2451
8,1350,94500000,94507000,7355,12258,94570000,24394
8,1351,94570000,94577000,7355,12258,94640000,24414
8,1352,94640000,94647000,7355,12258,94710000,24431
8,1353,94710000,94717000,7355,12258,94780000,24449
8,1354,94780000,94787000,7355,12258,94850000,24466
8,1355,94850000,94857000,7355,12258,94920000,24487
8,1356,94920000,94927000,7355,12258,94990000,24502
8,1357,94990000,94997000,7355,12258,95060000,24522
8,1358,95060000,95067000,7355,12258,95130000,24539
8,1359,95130000,95137000,7355,12258,95200000,24557
8,136,9520000,9527000,7355,12258,9590000,2468
8,1360,95200000,95207000,7355,12258,95270000,24574
8,1361,95270000,95277000,7355,12258,95340000,24594
8,1362,95340000,95347000,7355,12258,95410000,24612
8,1363,95410000,95417000,7355,12258,95480000,24629
8,1364,95480000,95487000,7355,12258,95550000,24648
8,1365,95550000,95557000,7355,12258,95620000,24665
8,1366,95620000,95627000,7355,12258,95690000,24683
8,1367,95690000,95697000,7355,12258,95760000,24704
8,1368,95760000,95767000,7355,12258,95830000,24719
8,1369,95830000,95837000,7355,12258,95900000,24739
8,137,9590000,9597000,7355,12258,9660000,2489
8,1370,95900000,95907000,7355,12258,95970000,24756
8,1371,95970000,95977000,7355,12258,96040000,24774
8,1372,96040000,96047000,7355,12258,96110000,24790
8,1373,96110000,96117000,7355,12258,96180000,24811
8,1374,96180000,96187000,7355,12258,96250000,24828
8,1375,96250000,96257000,7355,12258,96320000,24847
8,1376,96320000,96327000,7355,12258,96390000,24863
8,1377,96390000,96397000,7355,12258,96460000,24882
8,1378,96460000,96467000,7355,12258,96530000,24900
8,1379,96530000,96537000,7355,12258,96600000,24921
8,138,9660000,9667000,7355,12258,9730000,2506
8,1380,96600000,96607000,7355,12258,96670000,24937
8,1381,96670000,96677000,7355,12258,96740000,24954
8,1382,96740000,96747000,7355,12258,96810000,24973
8,1383,96810000,96817000,7355,12258,96880000,24990
8,1384,96880000,96887000,7355,12258,96950000,25008
8,1385,96950000,96957000,7355,12258,97020000,25028
8,1386,97020000,97027000,7355,12258,97090000,25044
8,1387,97090000,97097000,7355,12258,97160000,25064
8,1388,97160000,97167000,7355,12258,97230000,25080
8,1389,97230000,97237000,7355,12258,97300000,25099
8,139,9730000,9737000,7355,12258,9800000,2524
8,1390,97300000,97307000,7355,12258,97370000,25116
8,1391,97370000,97377000,7355,12258,97440000,25137
8,1392,97440000,97447000,7355,12258,97510000,25153
8,1393,97510000,97517000,7355,12258,97580000,25172
8,1394,97580000,97587000,7355,12258,97650000,25190
8,1395,97650000,97657000,7355,12258,97720000,25207
8,1396,97720000,97727000,7355,12258,97790000,25224
8,1397,97790000,97797000,7355,12258,97860000,25245
8,1398,97860000,97867000,7355,12258,97930000,25262
8,1399,97930000,97937000,7355,12258,98000000,25280
8,14,980000,987000,7355,12258,1050000,267
8,140,9800000,9807000,7355,12258,9870000,2541
8,1400,98000000,98007000,7355,12258,98070000,25297
8,1401,98070000,98077000,7355,12258,98140000,25314
8,1402,98140000,98147000,7355,12258,98210000,25333
8,1403,98210000,98217000,7355,12258,98280000,25354
8,1404,98280000,98287000,7355,12258,98350000,25370
8,1405,98350000,98357000,7355,12258,98420000,25389
8,1406,98420000,98427000,7355,12258,98490000,25406
8,1407,98490000,98497000,7355,12258,98560000,25425
8,1408,98560000,98567000,7355,12258,98630000,25440
8,1409,98630000,98637000,7355,12258,98700000,25462
8,141,9870000,9877000,7355,12258,9940000,2558
8,1410,98700000,98707000,7355,12258,98770000,25478
8,1411,98770000,98777000,7355,12258,98840000,25497
8,1412,98840000,98847000,7355,12258,98910000,25514
8,1413,98910000,98917000,7355,12258,98980000,25531
8,1414,98980000,98987000,7355,12258,99050000,25550
8,1415,99050000,99057000,7355,12258,99120000,25570
8,1416,99120000,99127000,7355,12258,99190000,25587
8,1417,99190000,99197000,7355,12258,99260000,25605
8,1418,99260000,99267000,7355,12258,99330000,25623
8,1419,99330000,99337000,7355,12258,99400000,25641
8,142,9940000,9947000,7355,12258,10010000,2578
8,1420,99400000,99407000,7355,12258,99470000,25658
8,1421,99470000,99477000,7355,12258,99540000,25678
8,1422,99540000,99547000,7355,12258,99610000,25695
8,1423,99610000,99617000,7355,12258,99680000,25714
8,1424,99680000,99687000,7355,12258,99750000,25731
8,1425,99750000,99757000,7355,12258,99820000,25749
8,1426,99820000,99827000,7355,12258,99890000,25765
8,1427,99890000,99897000,7355,12258,99960000,25787
8,1428,99960000,99967000,7355,12258,100030000,25802
8,1429,100030000,100037000,7355,12258,100100000,25823
8,143,10010000,10017000,7355,12258,10080000,2598
8,1430,100100000,100107000,7355,12258,100170000,25840
8,1431,100170000,100177000,7355,12258,100240000,25857
8,1432,100240000,100247000,7355,12258,100310000,25875
8,1433,100310000,100317000,7355,12258,100380000,25895
8,1434,100380000,100387000,7355,12258,100450000,25913
8,1435,100450000,100457000,7355,12258,100520000,25930
8,1436,100520000,100527000,7355,12258,100590000,25947
8,1437,100590000,100597000,7355,12258,100660000,25965
8,1438,100660000,100667000,7355,12258,100730000,25983
8,1439,100730000,100737000,7355,12258,100800000,26004
8,144,10080000,10087000,7355,12258,10150000,2614
8,1440,100800000,100807000,7355,12258,100870000,26019
8,1441,100870000,100877000,7355,12258,100940000,26038
8,1442,100940000,100947000,7355,12258,101010000,26057
8,1443,101010000,101017000,7355,12258,101080000,26075
8,1444,101080000,101087000,7355,12258,101150000,26091
8,1445,101150000,101157000,7355,12258,101220000,26112
8,1446,101220000,101227000,7355,12258,101290000,26128
8,1447,101290000,101297000,7355,12258,101360000,26148
8,1448,101360000,101367000,7355,12258,101430000,26164
8,1449,101430000,101437000,7355,12258,101500000,26182
8,145,10150000,10157000,7355,12258,10220000,2633
8,1450,101500000,101507000,7355,12258,101570000,26200
8,1451,101570000,101577000,7355,12258,101640000,26220
8,1452,101640000,101647000,7355,12258,101710000,26237
8,1453,101710000,101717000,7355,12258,101780000,26254
8,1454,101780000,101787000,7355,12258,101850000,26273
8,1455,101850000,101857000,7355,12258,101920000,26291
8,1456,101920000,101927000,7355,12258,101990000,26308
8,1457,101990000,101997000,7355,12258,102060000,26329
8,1458,102060000,102067000,7355,12258,102130000,26345
8,1459,102130000,102137000,7355,12258,102200000,26365
8,146,10220000,10227000,7355,12258,10290000,2650
8,1460,102200000,102207000,7355,12258,102270000,26381
8,1461,102270000,102277000,7355,12258,102340000,26399
8,1462,102340000,102347000,7355,12258,102410000,26416
8,1463,102410000,102417000,7355,12258,102480000,26437
8,1464,102480000,102487000,7355,12258,102550000,26453
8,1465,102550000,102557000,7355,12258,102620000,26472
8,1466,102620000,102627000,7355,12258,102690000,26489
8,1467,102690000,102697000,7355,12258,102760000,26507
8,1468,102760000,102767000,7355,12258,102830000,26525
8,1469,102830000,102837000,7355,12258,102900000,26546
8,147,10290000,10297000,7355,12258,10360000,2669
8,1470,102900000,102907000,7355,12258,102970000,26563
8,1471,102970000,102977000,7355,12258,103040000,26580
8,1472,103040000,103047000,7355,12258,103110000,26598
8,1473,103110000,103117000,7355,12258,103180000,26615
8,1474,103180000,103187000,7355,12258,103250000,26634
8,1475,103250000,103257000,7355,12258,103320000,26654
8,1476,103320000,103327000,7355,12258,103390000,26669
8,1477,103390000,103397000,7355,12258,103460000,26689
8,1478,103460000,103467000,7355,12258,103530000,26706
8,1479,103530000,103537000,7355,12258,103600000,26725
8,148,10360000,10367000,7355,12258,10430000,2684
8,1480,103600000,103607000,7355,12258,103670000,26740
8,1481,103670000,103677000,7355,12258,103740000,26762
8,1482,103740000,103747000,7355,12258,103810000,26779
8,1483,103810000,103817000,7355,12258,103880000,26798
8,1484,103880000,103887000,7355,12258,103950000,26815
8,1485,103950000,103957000,7355,12258,104020000,26832
8,1486,104020000,104027000,7355,12258,104090000,26850
8,1487,104090000,104097000,7355,12258,104160000,26871
8,1488,104160000,104167000,7355,12258,104230000,26887
8,1489,104230000,104237000,7355,12258,104300000,26905
8,149,10430000,10437000,7355,12258,10500000,2706
8,1490,104300000,104307000,7355,12258,104370000,26923
8,1491,104370000,104377000,7355,12258,104440000,26940
8,1492,104440000,104447000,7355,12258,104510000,26958
8,1493,104510000,104517000,7355,12258,104580000,26978
8,1494,104580000,104587000,7355,12258,104650000,26996
8,1495,104650000,104657000,7355,12258,104720000,27015
8,1496,104720000,104727000,7355,12258,104790000,27031
8,1497,104790000,104797000,7355,12258,104860000,27050
8,1498,104860000,104867000,7355,12258,104930000,27066
8,1499,104930000,104937000,7355,12258,105000000,27088
8,15,1050000,1057000,7355,12258,1120000,284
8,150,10500000,10507000,7355,12258,10570000,2722
8,1500,105000000,105007000,7355,12258,105070000,27103
8,1501,105070000,105077000,7355,12258,105140000,27122
8,1502,105140000,105147000,7355,12258,105210000,27140
8,1503,105210000,105217000,7355,12258,105280000,27157
8,1504,105280000,105287000,7355,12258,105350000,27175
8,1505,105350000,105357000,7355,12258,105420000,27195
8,1506,105420000,105427000,7355,12258,105490000,27212
8,1507,105490000,105497000,7355,12258,105560000,27231
8,1508,105560000,105567000,7355,12258,105630000,27248
8,1509,105630000,105637000,7355,12258,105700000,27266
8,151,10570000,10577000,7355,12258,10640000,2741
8,1510,105700000,105707000,7355,12258,105770000,27284
8,1511,105770000,105777000,7355,12258,105840000,27304
8,1512,105840000,105847000,7355,12258,105910000,27320
8,1513,105910000,105917000,7355,12258,105980000,27339
8,1514,105980000,105987000,7355,12258,106050000,27357
8,1515,106050000,106057000,7355,12258,106120000,27375
8,1516,106120000,106127000,7355,12258,106190000,27390
8,1517,106190000,106197000,7355,12258,106260000,27412
8,1518,106260000,106267000,7355,12258,106330000,27428
8,1519,106330000,106337000,7355,12258,106400000,27448
8,152,10640000,10647000,7355,12258,10710000,2758
8,1520,106400000,106407000,7355,12258,106470000,27465
8,1521,106470000,106477000,7355,12258,106540000,27482
8,1522,106540000,106547000,7355,12258,106610000,27501
8,1523,106610000,106617000,7355,12258,106680000,27521
8,1524,106680000,106687000,7355,12258,106750000,27538
8,1525,106750000,106757000,7355,12258,106820000,27555
8,1526,106820000,106827000,7355,12258,106890000,27573
8,1527,106890000,106897000,7355,12258,106960000,27591
8,1528,106960000,106967000,7355,12258,107030000,27608
8,1529,107030000,107037000,7355,12258,107100000,27629
8,153,10710000,10717000,7355,12258,10780000,2775
8,1530,107100000,107107000,7355,12258,107170000,27645
8,1531,107170000,107177000,7355,12258,107240000,27664
8,1532,107240000,107247000,7355,12258,107310000,27681
8,1533,107310000,107317000,7355,12258,107380000,27700
8,1534,107380000,107387000,7355,12258,107450000,27717
8,1535,107450000,107457000,7355,12258,107520000,27738
8,1536,107520000,107527000,7355,12258,107590000,27753
8,1537,107590000,107597000,7355,12258,107660000,27773
8,1538,107660000,107667000,7355,12258,107730000,27790
8,1539,107730000,107737000,7355,12258,107800000,27808
8,154,10780000,10787000,7355,12258,10850000,2794
8,1540,107800000,107807000,7355,12258,107870000,27825
8,1541,107870000,107877000,7355,12258,107940000,27845
8,1542,107940000,107947000,7355,12258,108010000,27863
8,1543,108010000,108017000,7355,12258,108080000,27880
8,1544,108080000,108087000,7355,12258,108150000,27898
8,1545,108150000,108157000,7355,12258,108220000,27915
8,1546,108220000,108227000,7355,12258,108290000,27934
8,1547,108290000,108297000,7355,12258,108360000,27955
8,1548,108360000,108367000,7355,12258,108430000,27970
8,1549,108430000,108437000,7355,12258,108500000,27990
8,155,10850000,10857000,7355,12258,10920000,2815
8,1550,108500000,108507000,7355,12258,108570000,28007
8,1551,108570000,108577000,7355,12258,108640000,28025
8,1552,108640000,108647000,7355,12258,108710000,28041
8,1553,108710000,108717000,7355,12258,108780000,28062
8,1554,108780000,108787000,7355,12258,108850000,28079
8,1555,108850000,108857000,7355,12258,108920000,28098
8,1556,108920000,108927000,7355,12258,108990000,28114
8,1557,108990000,108997000,7355,12258,109060000,28132
8,1558,109060000,109067000,7355,12258,109130000,28150
8,1559,109130000,109137000,7355,12258,109200000,28172
8,156,10920000,10927000,7355,12258,10990000,2831
8,1560,109200000,109207000,7355,12258,109270000,28188
8,1561,109270000,109277000,7355,12258,109340000,28205
8,1562,109340000,109347000,7355,12258,109410000,28224
8,1563,109410000,109417000,7355,12258,109480000,28241
8,1564,109480000,109487000,7355,12258,109550000,28259
8,1565,109550000,109557000,7355,12258,109620000,28279
8,1566,109620000,109627000,7355,12258,109690000,28295
8,1567,109690000,109697000,7355,12258,109760000,28315
8,1568,109760000,109767000,7355,12258,109830000,28331
8,1569,109830000,109837000,7355,12258,109900000,28350
8,157,10990000,10997000,7355,12258,11060000,2849
8,1570,109900000,109907000,7355,12258,109970000,28366
8,1571,109970000,109977000,7355,12258,110040000,28387
8,1572,110040000,110047000,7355,12258,110110000,28404
8,1573,110110000,110117000,7355,12258,110180000,28423
8,1574,110180000,110187000,7355,12258,110250000,28441
8,1575,110250000,110257000,7355,12258,110320000,28458
8,1576,110320000,110327000,7355,12258,110390000,28475
8,1577,110390000,110397000,7355,12258,110460000,28496
8,1578,110460000,110467000,7355,12258,110530000,28513
8,1579,110530000,110537000,7355,12258,110600000,28531
8,158,11060000,11067000,7355,12258,11130000,2867
8,1580,110600000,110607000,7355,12258,110670000,28548
8,1581,110670000,110677000,7355,12258,110740000,28565
8,1582,110740000,110747000,7355,12258,110810000,28584
8,1583,110810000,110817000,7355,12258,110880000,28604
8,1584,110880000,110887000,7355,12258,110950000,28620
8,1585,110950000,110957000,7355,12258,111020000,28640
8,1586,111020000,111027000,7355,12258,111090000,28657
8,1587,111090000,111097000,7355,12258,111160000,28676
8,1588,111160000,111167000,7355,12258,111230000,28691
8,1589,111230000,111237000,7355,12258,111300000,28713
8,159,11130000,11137000,7355,12258,11200000,2885
8,1590,111300000,111307000,7355,12258,111370000,28729
8,1591,111370000,111377000,7355,12258,111440000,28748
8,1592,111440000,111447000,7355,12258,111510000,28765
8,1593,111510000,111517000,7355,12258,111580000,28782
8,1594,111580000,111587000,7355,12258,111650000,28801
8,1595,111650000,111657000,7355,12258,111720000,28821
8,1596,111720000,111727000,7355,12258,111790000,28837
8,1597,111790000,111797000,7355,12258,111860000,28855
8,1598,111860000,111867000,7355,12258,111930000,28874
8,1599,111930000,111937000,7355,12258,112000000,28892
8,16,1120000,1127000,7355,12258,1190000,301
8,160,11200000,11207000,7355,12258,11270000,2902
8,1600,112000000,112007000,7355,12258,112070000,28909
8,1601,112070000,112077000,7355,12258,112140000,28929
8,1602,112140000,112147000,7355,12258,112210000,28946
8,1603,112210000,112217000,7355,12258,112280000,28965
8,1604,112280000,112287000,7355,12258,112350000,28982
8,1605,112350000,112357000,7355,12258,112420000,29000
8,1606,112420000,112427000,7355,12258,112490000,29016
8,1607,112490000,112497000,7355,12258,112560000,29038
8,1608,112560000,112567000,7355,12258,112630000,29053
8,1609,112630000,112637000,7355,12258,112700000,29073
8,161,11270000,11277000,7355,12258,11340000,2922
8,1610,112700000,112707000,7355,12258,112770000,29090
8,1611,112770000,112777000,7355,12258,112840000,29108
8,1612,112840000,112847000,7355,12258,112910000,29126
8,1613,112910000,112917000,7355,12258,112980000,29146
8,1614,112980000,112987000,7355,12258,113050000,29164
8,1615,113050000,113057000,7355,12258,113120000,29181
8,1616,113120000,113127000,7355,12258,113190000,29198
8,1617,113190000,113197000,7355,12258,113260000,29216
8,1618,113260000,113267000,7355,12258,113330000,29234
8,1619,113330000,113337000,7355,12258,113400000,29255
8,162,11340000,11347000,7355,12258,11410000,2939
8,1620,113400000,113407000,7355,12258,113470000,29270
8,1621,113470000,113477000,7355,12258,113540000,29289
8,1622,113540000,113547000,7355,12258,113610000,29307
8,1623,113610000,113617000,7355,12258,113680000,29325
8,1624,113680000,113687000,7355,12258,113750000,29342
8,1625,113750000,113757000,7355,12258,113820000,29363
8,1626,113820000,113827000,7355,12258,113890000,29379
8,1627,113890000,113897000,7355,12258,113960000,29399
8,1628,113960000,113967000,7355,12258,114030000,29415
8,1629,114030000,114037000,7355,12258,114100000,29433
8,163,11410000,11417000,7355,12258,11480000,2958
8,1630,114100000,114107000,7355,12258,114170000,29451
8,1631,114170000,114177000,7355,12258,114240000,29471
8,1632,114240000,114247000,7355,12258,114310000,29488
8,1633,114310000,114317000,7355,12258,114380000,29505
8,1634,114380000,114387000,7355,12258,114450000,29524
8,1635,114450000,114457000,7355,12258,114520000,29541
8,1636,114520000,114527000,7355,12258,114590000,29558
8,1637,114590000,114597000,7355,12258,114660000,29580
8,1638,114660000,114667000,7355,12258,114730000,29596
8,1639,114730000,114737000,7355,12258,114800000,29616
8,164,11480000,11487000,7355,12258,11550000,2975
8,1640,114800000,114807000,7355,12258,114870000,29632
8,1641,114870000,114877000,7355,12258,114940000,29650
8,1642,114940000,114947000,7355,12258,115010000,29667
8,1643,115010000,115017000,7355,12258,115080000,29688
8,1644,115080000,115087000,7355,12258,115150000,29704
8,1645,115150000,115157000,7355,12258,115220000,29723
8,1646,115220000,115227000,7355,12258,115290000,29740
8,1647,115290000,115297000,7355,12258,115360000,29758
8,1648,115360000,115367000,7355,12258,115430000,29775
8,1649,115430000,115437000,7355,12258,115500000,29796
8,165,11550000,11557000,7355,12258,11620000,2993
8,1650,115500000,115507000,7355,12258,115570000,29814
8,1651,115570000,115577000,7355,12258,115640000,29831
8,1652,115640000,115647000,7355,12258,115710000,29849
8,1653,115710000,115717000,7355,12258,115780000,29866
8,1654,115780000,115787000,7355,12258,115850000,29885
8,1655,115850000,115857000,7355,12258,115920000,29905
8,1656,115920000,115927000,7355,12258,115990000,29920
8,1657,115990000,115997000,7355,12258,116060000,29940
8,1658,116060000,116067000,7355,12258,116130000,29957
8,1659,116130000,116137000,7355,12258,116200000,29976
8,166,11620000,11627000,7355,12258,11690000,3009
8,1660,116200000,116207000,7355,12258,116270000,29991
8,1661,116270000,116277000,7355,12258,116340000,30012
8,1662,116340000,116347000,7355,12258,116410000,30029
8,1663,116410000,116417000,7355,12258,116480000,30049
8,1664,116480000,116487000,7355,12258,116550000,30066
8,1665,116550000,116557000,7355,12258,116620000,30083
8,1666,116620000,116627000,7355,12258,116690000,30101
8,1667,116690000,116697000,7355,12258,116760000,30122
8,1668,116760000,116767000,7355,12258,116830000,30138
8,1669,116830000,116837000,7355,12258,116900000,30156
8,167,11690000,11697000,7355,12258,11760000,3031
8,1670,116900000,116907000,7355,12258,116970000,30174
8,1671,116970000,116977000,7355,12258,117040000,30191
8,1672,117040000,117047000,7355,12258,117110000,30209
8,1673,117110000,117117000,7355,12258,117180000,30229
8,1674,117180000,117187000,7355,12258,117250000,30246
8,1675,117250000,117257000,7355,12258,117320000,30265
8,1676,117320000,117327000,7355,12258,117390000,30282
8,1677,117390000,117397000,7355,12258,117460000,30301
8,1678,117460000,117467000,7355,12258,117530000,30317
8,1679,117530000,117537000,7355,12258,117600000,30339
8,168,11760000,11767000,7355,12258,11830000,3047
8,1680,117600000,117607000,7355,12258,117670000,30354
8,1681,117670000,117677000,7355,12258,117740000,30373
8,1682,117740000,117747000,7355,12258,117810000,30391
8,1683,117810000,117817000,7355,12258,117880000,30408
8,1684,117880000,117887000,7355,12258,117950000,30426
8,1685,117950000,117957000,7355,12258,118020000,30446
8,1686,118020000,118027000,7355,12258,118090000,30463
8,1687,118090000,118097000,7355,12258,118160000,30481
8,1688,118160000,118167000,7355,12258,118230000,30498
8,1689,118230000,118237000,7355,12258,118300000,30517
8,169,11830000,11837000,7355,12258,11900000,3067
8,1690,118300000,118307000,7355,12258,118370000,30535
8,1691,118370000,118377000,7355,12258,118440000,30555
8,1692,118440000,118447000,7355,12258,118510000,30571
8,1693,118510000,118517000,7355,12258,118580000,30590
8,1694,118580000,118587000,7355,12258,118650000,30608
8,1695,118650000,118657000,7355,12258,118720000,30626
8,1696,118720000,118727000,7355,12258,118790000,30641
8,1697,118790000,118797000,7355,12258,118860000,30663
8,1698,118860000,118867000,7355,12258,118930000,30679
8,1699,118930000,118937000,7355,12258,119000000,30699
8,17,1190000,1197000,7355,12258,1260000,322
8,170,11900000,11907000,7355,12258,11970000,3084
8,1700,119000000,119007000,7355,12258,119070000,30715
8,1701,119070000,119077000,7355,12258,119140000,30732
8,1702,119140000,119147000,7355,12258,119210000,30752
8,1703,119210000,119217000,7355,12258,119280000,30772
8,1704,119280000,119287000,7355,12258,119350000,30789
8,1705,119350000,119357000,7355,12258,119420000,30806
8,1706,119420000,119427000,7355,12258,119490000,30824
8,1707,119490000,119497000,7355,12258,119560000,30842
8,1708,119560000,119567000,7355,12258,119630000,30859
8,1709,119630000,119637000,7355,12258,119700000,30880
8,171,11970000,11977000,7355,12258,12040000,3101
8,1710,119700000,119707000,7355,12258,119770000,30896
8,1711,119770000,119777000,7355,12258,119840000,30915
8,1712,119840000,119847000,7355,12258,119910000,30932
8,1713,119910000,119917000,7355,12258,119980000,30950
8,1714,119980000,119987000,7355,12258,120050000,30967
8,1715,120050000,120057000,7355,12258,120120000,30989
8,1716,120120000,120127000,7355,12258,120190000,31004
8,1717,120190000,120197000,7355,12258,120260000,31024
8,1718,120260000,120267000,7355,12258,120330000,31041
8,1719,120330000,120337000,7355,12258,120400000,31059
8,172,12040000,12047000,7355,12258,12110000,3119
8,1720,120400000,120407000,7355,12258,120470000,31076
8,1721,120470000,120477000,7355,12258,120540000,31096
8,1722,120540000,120547000,7355,12258,120610000,31114
8,1723,120610000,120617000,7355,12258,120680000,31131
8,1724,120680000,120687000,7355,12258,120750000,31149
8,1725,120750000,120757000,7355,12258,120820000,31166
8,1726,120820000,120827000,7355,12258,120890000,31184
8,1727,120890000,120897000,7355,12258,120960000,31205
8,1728,120960000,120967000,7355,12258,121030000,31221
8,1729,121030000,121037000,7355,12258,121100000,31241
8,173,12110000,12117000,7355,12258,12180000,3139
8,1730,121100000,121107000,7355,12258,121170000,31258
8,1731,121170000,121177000,7355,12258,121240000,31276
8,1732,121240000,121247000,7355,12258,121310000,31292
8,1733,121310000,121317000,7355,12258,121380000,31313
8,1734,121380000,121387000,7355,12258,121450000,31330
8,1735,121450000,121457000,7355,12258,121520000,31349
8,1736,121520000,121527000,7355,12258,121590000,31365
8,1737,121590000,121597000,7355,12258,121660000,31383
8,1738,121660000,121667000,7355,12258,121730000,31401
8,1739,121730000,121737000,7355,12258,121800000,31422
8,174,12180000,12187000,7355,12258,12250000,3157
8,1740,121800000,121807000,7355,12258,121870000,31438
8,1741,121870000,121877000,7355,12258,121940000,31456
8,1742,121940000,121947000,7355,12258,122010000,31475
8,1743,122010000,122017000,7355,12258,122080000,31492
8,1744,122080000,122087000,7355,12258,122150000,31510
8,1745,122150000,122157000,7355,12258,122220000,31530
8,1746,122220000,122227000,7355,12258,122290000,31546
8,1747,122290000,122297000,7355,12258,122360000,31566
8,1748,122360000,122367000,7355,12258,122430000,31582
8,1749,122430000,122437000,7355,12258,122500000,31601
8,175,12250000,12257000,7355,12258,12320000,3174
8,1750,122500000,122507000,7355,12258,122570000,31617
8,1751,122570000,122577000,7355,12258,122640000,31638
8,1752,122640000,122647000,7355,12258,122710000,31654
8,1753,122710000,122717000,7355,12258,122780000,31673
8,1754,122780000,122787000,7355,12258,122850000,31692
8,1755,122850000,122857000,7355,12258,122920000,31709
8,1756,122920000,122927000,7355,12258,122990000,31726
8,1757,122990000,122997000,7355,12258,123060000,31747
8,1758,123060000,123067000,7355,12258,123130000,31764
8,1759,123130000,123137000,7355,12258,123200000,31782
8,176,12320000,12327000,7355,12258,12390000,3191
8,1760,123200000,123207000,7355,12258,123270000,31799
8,1761,123270000,123277000,7355,12258,123340000,31816
8,1762,123340000,123347000,7355,12258,123410000,31835
8,1763,123410000,123417000,7355,12258,123480000,31855
8,1764,123480000,123487000,7355,12258,123550000,31871
8,1765,123550000,123557000,7355,12258,123620000,31890
8,1766,123620000,123627000,7355,12258,123690000,31907
8,1767,123690000,123697000,7355,12258,123760000,31927
8,1768,123760000,123767000,7355,12258,123830000,31942
8,1769,123830000,123837000,7355,12258,123900000,31964
8,177,12390000,12397000,7355,12258,12460000,3209
8,1770,123900000,123907000,7355,12258,123970000,31980
8,1771,123970000,123977000,7355,12258,124040000,31999
8,1772,124040000,124047000,7355,12258,124110000,32016
8,1773,124110000,124117000,7355,12258,124180000,32033
8,1774,124180000,124187000,7355,12258,124250000,32052
8,1775,124250000,124257000,7355,12258,124320000,32072
8,1776,124320000,124327000,7355,12258,124390000,32088
8,1777,124390000,124397000,7355,12258,124460000,32106
8,1778,124460000,124467000,7355,12258,124530000,32124
8,1779,124530000,124537000,7355,12258,124600000,32142
8,178,12460000,12467000,7355,12258,12530000,3227
8,1780,124600000,124607000,7355,12258,124670000,32160
8,1781,124670000,124677000,7355,12258,124740000,32180
8,1782,124740000,124747000,7355,12258,124810000,32197
8,1783,124810000,124817000,7355,12258,124880000,32216
8,1784,124880000,124887000,7355,12258,124950000,32233
8,1785,124950000,124957000,7355,12258,125020000,32251
8,1786,125020000,125027000,7355,12258,125090000,32267
8,1787,125090000,125097000,7355,12258,125160000,32289
8,1788,125160000,125167000,7355,12258,125230000,32304
8,1789,125230000,125237000,7355,12258,125300000,32324
8,179,12530000,12537000,7355,12258,12600000,3248
8,1790,125300000,125307000,7355,12258,125370000,32341
8,1791,125370000,125377000,7355,12258,125440000,32358
8,1792,125440000,125447000,7355,12258,125510000,32376
8,1793,125510000,125517000,7355,12258,125580000,32397
8,1794,125580000,125587000,7355,12258,125650000,32415
8,1795,125650000,125657000,7355,12258,125720000,32432
8,1796,125720000,125727000,7355,12258,125790000,32449
8,1797,125790000,125797000,7355,12258,125860000,32467
8,1798,125860000,125867000,7355,12258,125930000,32485
8,1799,125930000,125937000,7355,12258,126000000,32506
8,18,1260000,1267000,7355,12258,1330000,338
8,180,12600000,12607000,7355,12258,12670000,3263
8,1800,126000000,126007000,7355,12258,126070000,32521
8,1801,126070000,126077000,7355,12258,126140000,32540
8,1802,126140000,126147000,7355,12258,126210000,32558
8,1803,126210000,126217000,7355,12258,126280000,32576
8,1804,126280000,126287000,7355,12258,126350000,32592
8,1805,126350000,126357000,7355,12258,126420000,32613
8,1806,126420000,126427000,7355,12258,126490000,32630
8,1807,126490000,126497000,7355,12258,126560000,32650
8,1808,126560000,126567000,7355,12258,126630000,32666
8,1809,126630000,126637000,7355,12258,126700000,32684
8,181,12670000,12677000,7355,12258,12740000,3283
8,1810,126700000,126707000,7355,12258,126770000,32702
8,1811,126770000,126777000,7355,12258,126840000,32722
8,1812,126840000,126847000,7355,12258,126910000,32739
8,1813,126910000,126917000,7355,12258,126980000,32756
8,1814,126980000,126987000,7355,12258,127050000,32775
8,1815,127050000,127057000,7355,12258,127120000,32792
8,1816,127120000,127127000,7355,12258,127190000,32809
8,1817,127190000,127197000,7355,12258,127260000,32830
8,1818,127260000,127267000,7355,12258,127330000,32846
8,1819,127330000,127337000,7355,12258,127400000,32867
8,182,12740000,12747000,7355,12258,12810000,3301
8,1820,127400000,127407000,7355,12258,127470000,32883
8,1821,127470000,127477000,7355,12258,127540000,32901
8,1822,127540000,127547000,7355,12258,127610000,32918
8,1823,127610000,127617000,7355,12258,127680000,32939
8,1824,127680000,127687000,7355,12258,127750000,32955
8,1825,127750000,127757000,7355,12258,127820000,32974
8,1826,127820000,127827000,7355,12258,127890000,32991
8,1827,127890000,127897000,7355,12258,127960000,33009
8,1828,127960000,127967000,7355,12258,128030000,33026
8,1829,128030000,128037000,7355,12258,128100000,33047
8,183,12810000,12817000,7355,12258,12880000,3319
8,1830,128100000,128107000,7355,12258,128170000,33064
8,1831,128170000,128177000,7355,12258,128240000,33081
8,1832,128240000,128247000,7355,12258,128310000,33100
8,1833,128310000,128317000,7355,12258,128380000,33117
8,1834,128380000,128387000,7355,12258,128450000,33136
8,1835,128450000,128457000,7355,12258,128520000,33156
8,1836,128520000,128527000,7355,12258,128590000,33171
8,1837,128590000,128597000,7355,12258,128660000,33191
8,1838,128660000,128667000,7355,12258,128730000,33208
8,1839,128730000,128737000,7355,12258,128800000,33227
8,184,12880000,12887000,7355,12258,12950000,3335
8,1840,128800000,128807000,7355,12258,128870000,33242
8,1841,128870000,128877000,7355,12258,128940000,33263
8,1842,128940000,128947000,7355,12258,129010000,33280
8,1843,129010000,129017000,7355,12258,129080000,33299
8,1844,129080000,129087000,7355,12258,129150000,33316
8,1845,129150000,129157000,7355,12258,129220000,33334
8,1846,129220000,129227000,7355,12258,129290000,33352
8,1847,129290000,129297000,7355,12258,129360000,33373
8,1848,129360000,129367000,7355,12258,129430000,33389
8,1849,129430000,129437000,7355,12258,129500000,33407
8,185,12950000,12957000,7355,12258,13020000,3356
8,1850,129500000,129507000,7355,12258,129570000,33425
8,1851,129570000,129577000,7355,12258,129640000,33442
8,1852,129640000,129647000,7355,12258,129710000,33460
8,1853,129710000,129717000,7355,12258,129780000,33480
8,1854,129780000,129787000,7355,12258,129850000,33497
8,1855,129850000,129857000,7355,12258,129920000,33516
8,1856,129920000,129927000,7355,12258,129990000,33532
8,1857,129990000,129997000,7355,12258,130060000,33551
8,1858,130060000,130067000,7355,12258,130130000,33568
8,1859,130130000,130137000,7355,12258,130200000,33590
8,186,13020000,13027000,7355,12258,13090000,3372
8,1860,130200000,130207000,7355,12258,130270000,33605
8,1861,130270000,130277000,7355,12258,130340000,33624
8,1862,130340000,130347000,7355,12258,130410000,33642
8,1863,130410000,130417000,7355,12258,130480000,33659
8,1864,130480000,130487000,7355,12258,130550000,33677
8,1865,130550000,130557000,7355,12258,130620000,33697
8,1866,130620000,130627000,7355,12258,130690000,33714
8,1867,130690000,130697000,7355,12258,130760000,33732
8,1868,130760000,130767000,7355,12258,130830000,33749
8,1869,130830000,130837000,7355,12258,130900000,33767
8,187,13090000,13097000,7355,12258,13160000,3392
8,1870,130900000,130907000,7355,12258,130970000,33785
8,1871,130970000,130977000,7355,12258,131040000,33806
8,1872,131040000,131047000,7355,12258,131110000,33822
8,1873,131110000,131117000,7355,12258,131180000,33841
8,1874,131180000,131187000,7355,12258,131250000,33859
8,1875,131250000,131257000,7355,12258,131320000,33877
8,1876,131320000,131327000,7355,12258,131390000,33892
8,1877,131390000,131397000,7355,12258,131460000,33914
8,1878,131460000,131467000,7355,12258,131530000,33930
8,1879,131530000,131537000,7355,12258,131600000,33950
8,188,13160000,13167000,7355,12258,13230000,3408
8,1880,131600000,131607000,7355,12258,131670000,33966
8,1881,131670000,131677000,7355,12258,131740000,33983
8,1882,131740000,131747000,7355,12258,131810000,34002
8,1883,131810000,131817000,7355,12258,131880000,34022
8,1884,131880000,131887000,7355,12258,131950000,34040
8,1885,131950000,131957000,7355,12258,132020000,34057
8,1886,132020000,132027000,7355,12258,132090000,34075
8,1887,132090000,132097000,7355,12258,132160000,34093
8,1888,132160000,132167000,7355,12258,132230000,34110
8,1889,132230000,132237000,7355,12258,132300000,34131
8,189,13230000,13237000,7355,12258,13300000,3426
8,1890,132300000,132307000,7355,12258,132370000,34147
8,1891,132370000,132377000,7355,12258,132440000,34166
8,1892,132440000,132447000,7355,12258,132510000,34183
8,1893,132510000,132517000,7355,12258,132580000,34201
8,1894,132580000,132587000,7355,12258,132650000,34218
8,1895,132650000,132657000,7355,12258,132720000,34239
8,1896,132720000,132727000,7355,12258,132790000,34254
8,1897,132790000,132797000,7355,12258,132860000,34275
8,1898,132860000,132867000,7355,12258,132930000,34292
8,1899,132930000,132937000,7355,12258,133000000,34310
8,19,1330000,1337000,7355,12258,1400000,358
8,190,13300000,13307000,7355,12258,13370000,3444
8,1900,133000000,133007000,7355,12258,133070000,34327
8,1901,133070000,133077000,7355,12258,133140000,34347
8,1902,133140000,133147000,7355,12258,133210000,34365
8,1903,133210000,133217000,7355,12258,133280000,34382
8,1904,133280000,133287000,7355,12258,133350000,34400
8,1905,133350000,133357000,7355,12258,133420000,34417
8,1906,133420000,133427000,7355,12258,133490000,34435
8,1907,133490000,133497000,7355,12258,133560000,34456
8,1908,133560000,133567000,7355,12258,133630000,34471
8,1909,133630000,133637000,7355,12258,133700000,34491
8,191,13370000,13377000,7355,12258,13440000,3464
8,1910,133700000,133707000,7355,12258,133770000,34509
8,1911,133770000,133777000,7355,12258,133840000,34527
8,1912,133840000,133847000,7355,12258,133910000,34543
8,1913,133910000,133917000,7355,12258,133980000,34564
8,1914,133980000,133987000,7355,12258,134050000,34581
8,1915,134050000,134057000,7355,12258,134120000,34600
8,1916,134120000,134127000,7355,12258,134190000,34616
8,1917,134190000,134197000,7355,12258,134260000,34634
8,1918,134260000,134267000,7355,12258,134330000,34652
8,1919,134330000,134337000,7355,12258,134400000,34673
8,192,13440000,13447000,7355,12258,13510000,3481
8,1920,134400000,134407000,7355,12258,134470000,34689
8,1921,134470000,134477000,7355,12258,134540000,34706
8,1922,134540000,134547000,7355,12258,134610000,34725
8,1923,134610000,134617000,7355,12258,134680000,34743
8,1924,134680000,134687000,7355,12258,134750000,34761
8,1925,134750000,134757000,7355,12258,134820000,34781
8,1926,134820000,134827000,7355,12258,134890000,34797
8,1927,134890000,134897000,7355,12258,134960000,34817
8,1928,134960000,134967000,7355,12258,135030000,34833
8,1929,135030000,135037000,7355,12258,135100000,34852
8,193,13510000,13517000,7355,12258,13580000,3498
8,1930,135100000,135107000,7355,12258,135170000,34868
8,1931,135170000,135177000,7355,12258,135240000,34889
8,1932,135240000,135247000,7355,12258,135310000,34905
8,1933,135310000,135317000,7355,12258,135380000,34924
8,1934,135380000,135387000,7355,12258,135450000,34942
8,1935,135450000,135457000,7355,12258,135520000,34959
8,1936,135520000,135527000,7355,12258,135590000,34977
8,1937,135590000,135597000,7355,12258,135660000,34998
8,1938,135660000,135667000,7355,12258,135730000,35015
8,1939,135730000,135737000,7355,12258,135800000,35033
8,194,13580000,13587000,7355,12258,13650000,3518
8,1940,135800000,135807000,7355,12258,135870000,35050
8,1941,135870000,135877000,7355,12258,135940000,35067
8,1942,135940000,135947000,7355,12258,136010000,35086
8,1943,136010000,136017000,7355,12258,136080000,35106
8,1944,136080000,136087000,7355,12258,136150000,35122
8,1945,136150000,136157000,7355,12258,136220000,35141
8,1946,136220000,136227000,7355,12258,136290000,35158
8,1947,136290000,136297000,7355,12258,136360000,35177
8,1948,136360000,136367000,7355,12258,136430000,35192
8,1949,136430000,136437000,7355,12258,136500000,35215
8,195,13650000,13657000,7355,12258,13720000,3535
8,1950,136500000,136507000,7355,12258,136570000,35231
8,1951,136570000,136577000,7355,12258,136640000,35250
8,1952,136640000,136647000,7355,12258,136710000,35267
8,1953,136710000,136717000,7355,12258,136780000,35284
8,1954,136780000,136787000,7355,12258,136850000,35303
8,1955,136850000,136857000,7355,12258,136920000,35323
8,1956,136920000,136927000,7355,12258,136990000,35339
8,1957,136990000,136997000,7355,12258,137060000,35357
8,1958,137060000,137067000,7355,12258,137130000,35375
8,1959,137130000,137137000,7355,12258,137200000,35393
8,196,13720000,13727000,7355,12258,13790000,3552
8,1960,137200000,137207000,7355,12258,137270000,35410
8,1961,137270000,137277000,7355,12258,137340000,35430
8,1962,137340000,137347000,7355,12258,137410000,35448
8,1963,137410000,137417000,7355,12258,137480000,35467
8,1964,137480000,137487000,7355,12258,137550000,35484
8,1965,137550000,137557000,7355,12258,137620000,35502
8,1966,137620000,137627000,7355,12258,137690000,35518
8,1967,137690000,137697000,7355,12258,137760000,35540
8,1968,137760000,137767000,7355,12258,137830000,35555
8,1969,137830000,137837000,7355,12258,137900000,35575
8,197,13790000,13797000,7355,12258,13860000,3573
8,1970,137900000,137907000,7355,12258,137970000,35592
8,1971,137970000,137977000,7355,12258,138040000,35609
8,1972,138040000,138047000,7355,12258,138110000,35627
8,1973,138110000,138117000,7355,12258,138180000,35647
8,1974,138180000,138187000,7355,12258,138250000,35665
8,1975,138250000,138257000,7355,12258,138320000,35683
8,1976,138320000,138327000,7355,12258,138390000,35700
8,1977,138390000,138397000,7355,12258,138460000,35718
8,1978,138460000,138467000,7355,12258,138530000,35736
8,1979,138530000,138537000,7355,12258,138600000,35757
8,198,13860000,13867000,7355,12258,13930000,3589
8,1980,138600000,138607000,7355,12258,138670000,35772
8,1981,138670000,138677000,7355,12258,138740000,35791
8,1982,138740000,138747000,7355,12258,138810000,35809
8,1983,138810000,138817000,7355,12258,138880000,35827
8,1984,138880000,138887000,7355,12258,138950000,35843
8,1985,138950000,138957000,7355,12258,139020000,35864
8,1986,139020000,139027000,7355,12258,139090000,35880
8,1987,139090000,139097000,7355,12258,139160000,35900
8,1988,139160000,139167000,7355,12258,139230000,35917
8,1989,139230000,139237000,7355,12258,139300000,35935
8,199,13930000,13937000,7355,12258,14000000,3609
8,1990,139300000,139307000,7355,12258,139370000,35953
8,1991,139370000,139377000,7355,12258,139440000,35973
8,1992,139440000,139447000,7355,12258,139510000,35990
8,1993,139510000,139517000,7355,12258,139580000,36007
8,1994,139580000,139587000,7355,12258,139650000,36026
8,1995,139650000,139657000,7355,12258,139720000,36043
8,1996,139720000,139727000,7355,12258,139790000,36060
8,1997,139790000,139797000,7355,12258,139860000,36081
8,1998,139860000,139867000,7355,12258,139930000,36097
8,1999,139930000,139937000,7355,12258,140000000,36117
8,2,140000,147000,7355,12258,210000,50
8,20,1400000,1407000,7355,12258,1470000,374
8,200,14000000,14007000,7355,12258,14070000,3625
8,2000,140000000,140007000,7355,12258,140070000,36133
8,2001,140070000,140077000,7355,12258,140140000,36152
8,2002,140140000,140147000,7355,12258,140210000,36169
8,2003,140210000,140217000,7355,12258,140280000,36190
8,2004,140280000,140287000,7355,12258,140350000,36206
8,2005,140350000,140357000,7355,12258,140420000,36225
8,2006,140420000,140427000,7355,12258,140490000,36242
8,2007,140490000,140497000,7355,12258,140560000,36260
8,2008,140560000,140567000,7355,12258,140630000,36277
8,2009,140630000,140637000,7355,12258,140700000,36298
8,201,14070000,14077000,7355,12258,14140000,3643
8,2010,140700000,140707000,7355,12258,140770000,36315
8,2011,140770000,140777000,7355,12258,140840000,36332
8,2012,140840000,140847000,7355,12258,140910000,36350
8,2013,140910000,140917000,7355,12258,140980000,36367
8,2014,140980000,140987000,7355,12258,141050000,36387
8,2015,141050000,141057000,7355,12258,141120000,36407
8,2016,141120000,141127000,7355,12258,141190000,36422
8,2017,141190000,141197000,7355,12258,141260000,36442
8,2018,141260000,141267000,7355,12258,141330000,36459
8,2019,141330000,141337000,7355,12258,141400000,36478
8,202,14140000,14147000,7355,12258,14210000,3660
8,2020,141400000,141407000,7355,12258,141470000,36493
8,2021,141470000,141477000,7355,12258,141540000,36514
8,2022,141540000,141547000,7355,12258,141610000,36531
8,2023,141610000,141617000,7355,12258,141680000,36550
8,2024,141680000,141687000,7355,12258,141750000,36567
8,2025,141750000,141757000,7355,12258,141820000,36584
8,2026,141820000,141827000,7355,12258,141890000,36602
8,2027,141890000,141897000,7355,12258,141960000,36624
8,2028,141960000,141967000,7355,12258,142030000,36640
8,2029,142030000,142037000,7355,12258,142100000,36658
8,203,14210000,14217000,7355,12258,14280000,3681
8,2030,142100000,142107000,7355,12258,142170000,36676
8,2031,142170000,142177000,7355,12258,142240000,36693
8,2032,142240000,142247000,7355,12258,142310000,36711
8,2033,142310000,142317000,7355,12258,142380000,36731
8,2034,142380000,142387000,7355,12258,142450000,36748
8,2035,142450000,142457000,7355,12258,142520000,36767
8,2036,142520000,142527000,7355,12258,142590000,36783
8,2037,142590000,142597000,7355,12258,142660000,36802
8,2038,142660000,142667000,7355,12258,142730000,36818
8,2039,142730000,142737000,7355,12258,142800000,36840
8,204,14280000,14287000,7355,12258,14350000,3697
8,2040,142800000,142807000,7355,12258,142870000,36856
8,2041,142870000,142877000,7355,12258,142940000,36875
8,2042,142940000,142947000,7355,12258,143010000,36893
8,2043,143010000,143017000,7355,12258,143080000,36910
8,2044,143080000,143087000,7355,12258,143150000,36928
8,2045,143150000,143157000,7355,12258,143220000,36948
8,2046,143220000,143227000,7355,12258,143290000,36965
8,2047,143290000,143297000,7355,12258,143360000,36983
8,2048,143360000,143367000,7355,12258,143430000,37000
8,2049,143430000,143437000,7355,12258,143500000,37018
8,205,14350000,14357000,7355,12258,14420000,3716
8,2050,143500000,143507000,7355,12258,143570000,37036
8,2051,143570000,143577000,7355,12258,143640000,37056
8,2052,143640000,143647000,7355,12258,143710000,37072
8,2053,143710000,143717000,7355,12258,143780000,37092
8,2054,143780000,143787000,7355,12258,143850000,37110
8,2055,143850000,143857000,7355,12258,143920000,37128
8,2056,143920000,143927000,7355,12258,143990000,37143
8,2057,143990000,143997000,7355,12258,144060000,37165
8,2058,144060000,144067000,7355,12258,144130000,37181
8,2059,144130000,144137000,7355,12258,144200000,37201
8,206,14420000,14427000,7355,12258,14490000,3733
8,2060,144200000,144207000,7355,12258,144270000,37217
8,2061,144270000,144277000,7355,12258,144340000,37234
8,2062,144340000,144347000,7355,12258,144410000,37253
8,2063,144410000,144417000,7355,12258,144480000,37273
8,2064,144480000,144487000,7355,12258,144550000,37290
8,2065,144550000,144557000,7355,12258,144620000,37307
8,2066,144620000,144627000,7355,12258,144690000,37326
8,2067,144690000,144697000,7355,12258,144760000,37344
8,2068,144760000,144767000,7355,12258,144830000,37361
8,2069,144830000,144837000,7355,12258,144900000,37382
8,207,14490000,14497000,7355,12258,14560000,3752
8,2070,144900000,144907000,7355,12258,144970000,37398
8,2071,144970000,144977000,7355,12258,145040000,37417
8,2072,145040000,145047000,7355,12258,145110000,37434
8,2073,145110000,145117000,7355,12258,145180000,37452
8,2074,145180000,145187000,7355,12258,145250000,37469
8,2075,145250000,145257000,7355,12258,145320000,37490
8,2076,145320000,145327000,7355,12258,145390000,37505
8,2077,145390000,145397000,7355,12258,145460000,37525
8,2078,145460000,145467000,7355,12258,145530000,37542
8,2079,145530000,145537000,7355,12258,145600000,37561
8,208,14560000,14567000,7355,12258,14630000,3769
8,2080,145600000,145607000,7355,12258,145670000,37578
8,2081,145670000,145677000,7355,12258,145740000,37598
8,2082,145740000,145747000,7355,12258,145810000,37616
8,2083,145810000,145817000,7355,12258,145880000,37633
8,2084,145880000,145887000,7355,12258,145950000,37651
8,2085,145950000,145957000,7355,12258,146020000,37668
8,2086,146020000,146027000,7355,12258,146090000,37686
8,2087,146090000,146097000,7355,12258,146160000,37707
8,2088,146160000,146167000,7355,12258,146230000,37722
8,2089,146230000,146237000,7355,12258,146300000,37742
8,209,14630000,14637000,7355,12258,14700000,3790
8,2090,146300000,146307000,7355,12258,146370000,37759
8,2091,146370000,146377000,7355,12258,146440000,37777
8,2092,146440000,146447000,7355,12258,146510000,37794
8,2093,146510000,146517000,7355,12258,146580000,37815
8,2094,146580000,146587000,7355,12258,146650000,37832
8,2095,146650000,146657000,7355,12258,146720000,37851
8,2096,146720000,146727000,7355,12258,146790000,37867
8,2097,146790000,146797000,7355,12258,146860000,37885
8,2098,146860000,146867000,7355,12258,146930000,37903
8,2099,146930000,146937000,7355,12258,147000000,37924
8,21,1470000,1477000,7355,12258,1540000,392
8,210,14700000,14707000,7355,12258,14770000,3807
8,2100,147000000,147007000,7355,12258,147070000,37940
8,2101,147070000,147077000,7355,12258,147140000,37957
8,2102,147140000,147147000,7355,12258,147210000,37976
8,2103,147210000,147217000,7355,12258,147280000,37993
8,2104,147280000,147287000,7355,12258,147350000,38011
8,2105,147350000,147357000,7355,12258,147420000,38032
8,2106,147420000,147427000,7355,12258,147490000,38048
8,2107,147490000,147497000,7355,12258,147560000,38068
8,2108,147560000,147567000,7355,12258,147630000,38084
8,2109,147630000,147637000,7355,12258,147700000,38103
8,211,14770000,14777000,7355,12258,14840000,3824
8,2110,147700000,147707000,7355,12258,147770000,38119
8,2111,147770000,147777000,7355,12258,147840000,38140
8,2112,147840000,147847000,7355,12258,147910000,38156
8,2113,147910000,147917000,7355,12258,147980000,38175
8,2114,147980000,147987000,7355,12258,148050000,38193
8,2115,148050000,148057000,7355,12258,148120000,38210
8,2116,148120000,148127000,7355,12258,148190000,38227
8,2117,148190000,148197000,7355,12258,148260000,38248
8,2118,148260000,148267000,7355,12258,148330000,38266
8,2119,148330000,148337000,7355,12258,148400000,38284
8,212,14840000,14847000,7355,12258,14910000,3842
8,2120,148400000,148407000,7355,12258,148470000,38301
8,2121,148470000,148477000,7355,12258,148540000,38318
8,2122,148540000,148547000,7355,12258,148610000,38337
8,2123,148610000,148617000,7355,12258,148680000,38357
8,2124,148680000,148687000,7355,12258,148750000,38373
8,2125,148750000,148757000,7355,12258,148820000,38392
8,2126,148820000,148827000,7355,12258,148890000,38409
8,2127,148890000,148897000,7355,12258,148960000,38428
8,2128,148960000,148967000,7355,12258,149030000,38443
8,2129,149030000,149037000,7355,12258,149100000,38465
8,213,14910000,14917000,7355,12258,14980000,3859
8,2130,149100000,149107000,7355,12258,149170000,38481
8,2131,149170000,149177000,7355,12258,149240000,38501
8,2132,149240000,149247000,7355,12258,149310000,38518
8,2133,149310000,149317000,7355,12258,149380000,38535
8,2134,149380000,149387000,7355,12258,149450000,38554
8,2135,149450000,149457000,7355,12258,149520000,38574
8,2136,149520000,149527000,7355,12258,149590000,38590
8,2137,149590000,149597000,7355,12258,149660000,38608
8,2138,149660000,149667000,7355,12258,149730000,38626
8,2139,149730000,149737000,7355,12258,149800000,38644
8,214,14980000,14987000,7355,12258,15050000,3878
8,2140,149800000,149807000,7355,12258,149870000,38661
8,2141,149870000,149877000,7355,12258,149940000,38681
8,2142,149940000,149947000,7355,12258,150010000,38698
8,2143,150010000,150017000,7355,12258,150080000,38717
8,2144,150080000,150087000,7355,12258,150150000,38735
8,2145,150150000,150157000,7355,12258,150220000,38753
8,2146,150220000,150227000,7355,12258,150290000,38769
8,2147,150290000,150297000,7355,12258,150360000,38791
8,2148,150360000,150367000,7355,12258,150430000,38806
8,2149,150430000,150437000,7355,12258,150500000,38826
8,215,15050000,15057000,7355,12258,15120000,3898
8,2150,150500000,150507000,7355,12258,150570000,38843
8,2151,150570000,150577000,7355,12258,150640000,38860
8,2152,150640000,150647000,7355,12258,150710000,38878
8,2153,150710000,150717000,7355,12258,150780000,38898
8,2154,150780000,150787000,7355,12258,150850000,38916
8,2155,150850000,150857000,7355,12258,150920000,38933
8,2156,150920000,150927000,7355,12258,150990000,38950
8,2157,150990000,150997000,7355,12258,151060000,38969
8,2158,151060000,151067000,7355,12258,151130000,38987
8,2159,151130000,151137000,7355,12258,151200000,39008
8,216,15120000,15127000,7355,12258,15190000,3913
8,2160,151200000,151207000,7355,12258,151270000,39023
8,2161,151270000,151277000,7355,12258,151340000,39042
8,2162,151340000,151347000,7355,12258,151410000,39060
8,2163,151410000,151417000,7355,12258,151480000,39078
8,2164,151480000,151487000,7355,12258,151550000,39094
8,2165,151550000,151557000,7355,12258,151620000,39115
8,2166,151620000,151627000,7355,12258,151690000,39131
8,2167,151690000,151697000,7355,12258,151760000,39151
8,2168,151760000,151767000,7355,12258,151830000,39167
8,2169,151830000,151837000,7355,12258,151900000,39185
8,217,15190000,15197000,7355,12258,15260000,3933
8,2170,151900000,151907000,7355,12258,151970000,39204
8,2171,151970000,151977000,7355,12258,152040000,39224
8,2172,152040000,152047000,7355,12258,152110000,39241
8,2173,152110000,152117000,7355,12258,152180000,39258
8,2174,152180000,152187000,7355,12258,152250000,39277
8,2175,152250000,152257000,7355,12258,152320000,39294
8,2176,152320000,152327000,7355,12258,152390000,39311
8,2177,152390000,152397000,7355,12258,152460000,39332
8,2178,152460000,152467000,7355,12258,152530000,39348
8,2179,152530000,152537000,7355,12258,152600000,39368
8,218,15260000,15267000,7355,12258,15330000,3950
8,2180,152600000,152607000,7355,12258,152670000,39384
8,2181,152670000,152677000,7355,12258,152740000,39402
8,2182,152740000,152747000,7355,12258,152810000,39419
8,2183,152810000,152817000,7355,12258,152880000,39441
8,2184,152880000,152887000,7355,12258,152950000,39457
8,2185,152950000,152957000,7355,12258,153020000,39476
8,2186,153020000,153027000,7355,12258,153090000,39493
8,2187,153090000,153097000,7355,12258,153160000,39511
8,2188,153160000,153167000,7355,12258,153230000,39528
8,2189,153230000,153237000,7355,12258,153300000,39549
8,219,15330000,15337000,7355,12258,15400000,3969
8,2190,153300000,153307000,7355,12258,153370000,39566
8,2191,153370000,153377000,7355,12258,153440000,39583
8,2192,153440000,153447000,7355,12258,153510000,39601
8,2193,153510000,153517000,7355,12258,153580000,39618
8,2194,153580000,153587000,7355,12258,153650000,39637
8,2195,153650000,153657000,7355,12258,153720000,39657
8,2196,153720000,153727000,7355,12258,153790000,39673
8,2197,153790000,153797000,7355,12258,153860000,39693
8,2198,153860000,153867000,7355,12258,153930000,39710
8,2199,153930000,153937000,7355,12258,154000000,39729
8,22,1540000,1547000,7355,12258,1610000,409
8,220,15400000,15407000,7355,12258,15470000,3985
8,2200,154000000,154007000,7355,12258,154070000,39744
8,2201,154070000,154077000,7355,12258,154140000,39765
8,2202,154140000,154147000,7355,12258,154210000,39782
8,2203,154210000,154217000,7355,12258,154280000,39801
8,2204,154280000,154287000,7355,12258,154350000,39818
8,2205,154350000,154357000,7355,12258,154420000,39835
8,2206,154420000,154427000,7355,12258,154490000,39853
8,2207,154490000,154497000,7355,12258,154560000,39874
8,2208,154560000,154567000,7355,12258,154630000,39890
8,2209,154630000,154637000,7355,12258,154700000,39909
8,221,15470000,15477000,7355,12258,15540000,4006
8,2210,154700000,154707000,7355,12258,154770000,39927
8,2211,154770000,154777000,7355,12258,154840000,39944
8,2212,154840000,154847000,7355,12258,154910000,39962
8,2213,154910000,154917000,7355,12258,154980000,39982
8,2214,154980000,154987000,7355,12258,155050000,39999
8,2215,155050000,155057000,7355,12258,155120000,40018
8,2216,155120000,155127000,7355,12258,155190000,40034
8,2217,155190000,155197000,7355,12258,155260000,40053
8,2218,155260000,155267000,7355,12258,155330000,40069
8,2219,155330000,155337000,7355,12258,155400000,40091
8,222,15540000,15547000,7355,12258,15610000,4023
8,2220,155400000,155407000,7355,12258,155470000,40106
8,2221,155470000,155477000,7355,12258,155540000,40125
8,2222,155540000,155547000,7355,12258,155610000,40144
8,2223,155610000,155617000,7355,12258,155680000,40161
8,2224,155680000,155687000,7355,12258,155750000,40179
8,2225,155750000,155757000,7355,12258,155820000,40199
8,2226,155820000,155827000,7355,12258,155890000,40216
8,2227,155890000,155897000,7355,12258,155960000,40234
8,2228,155960000,155967000,7355,12258,156030000,40251
8,2229,156030000,156037000,7355,12258,156100000,40269
8,223,15610000,15617000,7355,12258,15680000,4042
8,2230,156100000,156107000,7355,12258,156170000,40287
8,2231,156170000,156177000,7355,12258,156240000,40307
8,2232,156240000,156247000,7355,12258,156310000,40323
8,2233,156310000,156317000,7355,12258,156380000,40342
8,2234,156380000,156387000,7355,12258,156450000,40360
8,2235,156450000,156457000,7355,12258,156520000,40379
8,2236,156520000,156527000,7355,12258,156590000,40394
8,2237,156590000,156597000,7355,12258,156660000,40416
8,2238,156660000,156667000,7355,12258,156730000,40432
8,2239,156730000,156737000,7355,12258,156800000,40452
8,224,15680000,15687000,7355,12258,15750000,4059
8,2240,156800000,156807000,7355,12258,156870000,40468
8,2241,156870000,156877000,7355,12258,156940000,40485
8,2242,156940000,156947000,7355,12258,157010000,40504
8,2243,157010000,157017000,7355,12258,157080000,40524
8,2244,157080000,157087000,7355,12258,157150000,40541
8,2245,157150000,157157000,7355,12258,157220000,40558
8,2246,157220000,157227000,7355,12258,157290000,40576
8,2247,157290000,157297000,7355,12258,157360000,40594
8,2248,157360000,157367000,7355,12258,157430000,40612
8,2249,157430000,157437000,7355,12258,157500000,40633
8,225,15750000,15757000,7355,12258,15820000,4076
8,2250,157500000,157507000,7355,12258,157570000,40649
8,2251,157570000,157577000,7355,12258,157640000,40668
8,2252,157640000,157647000,7355,12258,157710000,40685
8,2253,157710000,157717000,7355,12258,157780000,40703
8,2254,157780000,157787000,7355,12258,157850000,40720
8,2255,157850000,157857000,7355,12258,157920000,40741
8,2256,157920000,157927000,7355,12258,157990000,40756
8,2257,157990000,157997000,7355,12258,158060000,40776
8,2258,158060000,158067000,7355,12258,158130000,40793
8,2259,158130000,158137000,7355,12258,158200000,40811
8,226,15820000,15827000,7355,12258,15890000,4094
8,2260,158200000,158207000,7355,12258,158270000,40828
8,2261,158270000,158277000,7355,12258,158340000,40849
8,2262,158340000,158347000,7355,12258,158410000,40867
8,2263,158410000,158417000,7355,12258,158480000,40884
8,2264,158480000,158487000,7355,12258,158550000,40902
8,2265,158550000,158557000,7355,12258,158620000,40919
8,2266,158620000,158627000,7355,12258,158690000,40937
8,2267,158690000,158697000,7355,12258,158760000,40958
8,2268,158760000,158767000,7355,12258,158830000,40973
8,2269,158830000,158837000,7355,12258,158900000,40993
8,227,15890000,15897000,7355,12258,15960000,4115
8,2270,158900000,158907000,7355,12258,158970000,41010
8,2271,158970000,158977000,7355,12258,159040000,41028
8,2272,159040000,159047000,7355,12258,159110000,41044
8,2273,159110000,159117000,7355,12258,159180000,41065
8,2274,159180000,159187000,7355,12258,159250000,41083
8,2275,159250000,159257000,7355,12258,159320000,41102
8,2276,159320000,159327000,7355,12258,159390000,41118
8,2277,159390000,159397000,7355,12258,159460000,41136
8,2278,159460000,159467000,7355,12258,159530000,41154
8,2279,159530000,159537000,7355,12258,159600000,41175
8,228,15960000,15967000,7355,12258,16030000,4131
8,2280,159600000,159607000,7355,12258,159670000,41191
8,2281,159670000,159677000,7355,12258,159740000,41208
8,2282,159740000,159747000,7355,12258,159810000,41227
8,2283,159810000,159817000,7355,12258,159880000,41244
8,2284,159880000,159887000,7355,12258,159950000,41262
8,2285,159950000,159957000,7355,12258,160020000,41282
8,2286,160020000,160027000,7355,12258,160090000,41298
8,2287,160090000,160097000,7355,12258,160160000,41319
8,2288,160160000,160167000,7355,12258,160230000,41335
8,2289,160230000,160237000,7355,12258,160300000,41354
8,229,16030000,16037000,7355,12258,16100000,4149
8,2290,160300000,160307000,7355,12258,160370000,41370
8,2291,160370000,160377000,7355,12258,160440000,41391
8,2292,160440000,160447000,7355,12258,160510000,41407
8,2293,160510000,160517000,7355,12258,160580000,41426
8,2294,160580000,160587000,7355,12258,160650000,41444
8,2295,160650000,160657000,7355,12258,160720000,41461
8,2296,160720000,160727000,7355,12258,160790000,41478
8,2297,160790000,160797000,7355,12258,160860000,41499
8,2298,160860000,160867000,7355,12258,160930000,41516
8,2299,160930000,160937000,7355,12258,161000000,41534
8,23,1610000,1617000,7355,12258,1680000,430
8,230,16100000,16107000,7355,12258,16170000,4167
8,2300,161000000,161007000,7355,12258,161070000,41552
8,2301,161070000,161077000,7355,12258,161140000,41569
8,2302,161140000,161147000,7355,12258,161210000,41588
8,2303,161210000,161217000,7355,12258,161280000,41608
8,2304,161280000,161287000,7355,12258,161350000,41624
8,2305,161350000,161357000,7355,12258,161420000,41643
8,2306,161420000,161427000,7355,12258,161490000,41660
8,2307,161490000,161497000,7355,12258,161560000,41679
8,2308,161560000,161567000,7355,12258,161630000,41694
8,2309,161630000,161637000,7355,12258,161700000,41716
8,231,16170000,16177000,7355,12258,16240000,4184
8,2310,161700000,161707000,7355,12258,161770000,41732
8,2311,161770000,161777000,7355,12258,161840000,41751
8,2312,161840000,161847000,7355,12258,161910000,41768
8,2313,161910000,161917000,7355,12258,161980000,41786
8,2314,161980000,161987000,7355,12258,162050000,41805
8,2315,162050000,162057000,7355,12258,162120000,41825
8,2316,162120000,162127000,7355,12258,162190000,41841
8,2317,162190000,162197000,7355,12258,162260000,41859
8,2318,162260000,162267000,7355,12258,162330000,41877
8,2319,162330000,162337000,7355,12258,162400000,41895
8,232,16240000,16247000,7355,12258,16310000,4202
8,2320,162400000,162407000,7355,12258,162470000,41912
8,2321,162470000,162477000,7355,12258,162540000,41932
8,2322,162540000,162547000,7355,12258,162610000,41949
8,2323,162610000,162617000,7355,12258,162680000,41968
8,2324,162680000,162687000,7355,12258,162750000,41985
8,2325,162750000,162757000,7355,12258,162820000,42003
8,2326,162820000,162827000,7355,12258,162890000,42020
8,2327,162890000,162897000,7355,12258,162960000,42042
8,2328,162960000,162967000,7355,12258,163030000,42057
8,2329,163030000,163037000,7355,12258,163100000,42077
8,233,16310000,16317000,7355,12258,16380000,4223
8,2330,163100000,163107000,7355,12258,163170000,42094
8,2331,163170000,163177000,7355,12258,163240000,42111
8,2332,163240000,163247000,7355,12258,163310000,42129
8,2333,163310000,163317000,7355,12258,163380000,42149
8,2334,163380000,163387000,7355,12258,163450000,42167
8,2335,163450000,163457000,7355,12258,163520000,42184
8,2336,163520000,163527000,7355,12258,163590000,42201
8,2337,163590000,163597000,7355,12258,163660000,42219
8,2338,163660000,163667000,7355,12258,163730000,42237
8,2339,163730000,163737000,7355,12258,163800000,42259
8,234,16380000,16387000,7355,12258,16450000,4240
8,235,16450000,16457000,7355,12258,16520000,4259
8,236,16520000,16527000,7355,12258,16590000,4275
8,237,16590000,16597000,7355,12258,16660000,4294
8,238,16660000,16667000,7355,12258,16730000,4310
8,239,16730000,16737000,7355,12258,16800000,4332
8,24,1680000,1687000,7355,12258,1750000,446
8,240,16800000,16807000,7355,12258,16870000,4347
8,241,16870000,16877000,7355,12258,16940000,4366
8,242,16940000,16947000,7355,12258,17010000,4384
8,243,17010000,17017000,7355,12258,17080000,4401
8,244,17080000,17087000,7355,12258,17150000,4419
8,245,17150000,17157000,7355,12258,17220000,4439
8,246,17220000,17227000,7355,12258,17290000,4457
8,247,17290000,17297000,7355,12258,17360000,4475
8,248,17360000,17367000,7355,12258,17430000,4492
8,249,17430000,17437000,7355,12258,17500000,4510
8,25,1750000,1757000,7355,12258,1820000,466
8,250,17500000,17507000,7355,12258,17570000,4528
8,251,17570000,17577000,7355,12258,17640000,4548
8,252,17640000,17647000,7355,12258,17710000,4564
8,253,17710000,17717000,7355,12258,17780000,4583
8,254,17780000,17787000,7355,12258,17850000,4601
8,255,17850000,17857000,7355,12258,17920000,4619
8,256,17920000,17927000,7355,12258,17990000,4634
8,257,17990000,17997000,7355,12258,18060000,4656
8,258,18060000,18067000,7355,12258,18130000,4672
8,259,18130000,18137000,7355,12258,18200000,4693
8,26,1820000,1827000,7355,12258,1890000,483
8,260,18200000,18207000,7355,12258,18270000,4709
8,261,18270000,18277000,7355,12258,18340000,4726
8,262,18340000,18347000,7355,12258,18410000,4745
8,263,18410000,18417000,7355,12258,18480000,4765
8,264,18480000,18487000,7355,12258,18550000,4782
8,265,18550000,18557000,7355,12258,18620000,4799
8,266,18620000,18627000,7355,12258,18690000,4817
8,267,18690000,18697000,7355,12258,18760000,4835
8,268,18760000,18767000,7355,12258,18830000,4852
8,269,18830000,18837000,7355,12258,18900000,4873
8,27,1890000,1897000,7355,12258,1960000,501
8,270,18900000,18907000,7355,12258,18970000,4889
8,271,18970000,18977000,7355,12258,19040000,4908
8,272,19040000,19047000,7355,12258,19110000,4926
8,273,19110000,19117000,7355,12258,19180000,4944
8,274,19180000,19187000,7355,12258,19250000,4961
8,275,19250000,19257000,7355,12258,19320000,4982
8,276,19320000,19327000,7355,12258,19390000,4997
8,277,19390000,19397000,7355,12258,19460000,5017
8,278,19460000,19467000,7355,12258,19530000,5034
8,279,19530000,19537000,7355,12258,19600000,5052
8,28,1960000,1967000,7355,12258,2030000,518
8,280,19600000,19607000,7355,12258,19670000,5069
8,281,19670000,19677000,7355,12258,19740000,5089
8,282,19740000,19747000,7355,12258,19810000,5107
8,283,19810000,19817000,7355,12258,19880000,5124
8,284,19880000,19887000,7355,12258,19950000,5142
8,285,19950000,19957000,7355,12258,20020000,5160
8,286,20020000,20027000,7355,12258,20090000,5178
8,287,20090000,20097000,7355,12258,20160000,5199
8,288,20160000,20167000,7355,12258,20230000,5214
8,289,20230000,20237000,7355,12258,20300000,5234
8,29,2030000,2037000,7355,12258,2100000,539
8,290,20300000,20307000,7355,12258,20370000,5251
8,291,20370000,20377000,7355,12258,20440000,5269
8,292,20440000,20447000,7355,12258,20510000,5285
8,293,20510000,20517000,7355,12258,20580000,5306
8,294,20580000,20587000,7355,12258,20650000,5323
8,295,20650000,20657000,7355,12258,20720000,5342
8,296,20720000,20727000,7355,12258,20790000,5358
8,297,20790000,20797000,7355,12258,20860000,5376
8,298,20860000,20867000,7355,12258,20930000,5395
8,299,20930000,20937000,7355,12258,21000000,5416
8,3,210000,217000,7355,12258,280000,68
8,30,2100000,2107000,7355,12258,2170000,556
8,300,21000000,21007000,7355,12258,21070000,5432
8,301,21070000,21077000,7355,12258,21140000,5449
8,302,21140000,21147000,7355,12258,21210000,5468
8,303,21210000,21217000,7355,12258,21280000,5485
8,304,21280000,21287000,7355,12258,21350000,5503
8,305,21350000,21357000,7355,12258,21420000,5523
8,306,21420000,21427000,7355,12258,21490000,5539
8,307,21490000,21497000,7355,12258,21560000,5559
8,308,21560000,21567000,7355,12258,21630000,5575
8,309,21630000,21637000,7355,12258,21700000,5594
8,31,2170000,2177000,7355,12258,2240000,573
8,310,21700000,21707000,7355,12258,21770000,5610
8,311,21770000,21777000,7355,12258,21840000,5632
8,312,21840000,21847000,7355,12258,21910000,5648
8,313,21910000,21917000,7355,12258,21980000,5667
8,314,21980000,21987000,7355,12258,22050000,5685
8,315,22050000,22057000,7355,12258,22120000,5702
8,316,22120000,22127000,7355,12258,22190000,5719
8,317,22190000,22197000,7355,12258,22260000,5740
8,318,22260000,22267000,7355,12258,22330000,5757
8,319,22330000,22337000,7355,12258,22400000,5775
8,32,2240000,2247000,7355,12258,2310000,591
8,320,22400000,22407000,7355,12258,22470000,5792
8,321,22470000,22477000,7355,12258,22540000,5809
8,322,22540000,22547000,7355,12258,22610000,5828
8,323,22610000,22617000,7355,12258,22680000,5848
8,324,22680000,22687000,7355,12258,22750000,5865
8,325,22750000,22757000,7355,12258,22820000,5884
8,326,22820000,22827000,7355,12258,22890000,5901
8,327,22890000,22897000,7355,12258,22960000,5920
8,328,22960000,22967000,7355,12258,23030000,5935
8,329,23030000,23037000,7355,12258,23100000,5957
8,33,2310000,2317000,7355,12258,2380000,608
8,330,23100000,23107000,7355,12258,23170000,5973
8,331,23170000,23177000,7355,12258,23240000,5992
8,332,23240000,23247000,7355,12258,23310000,6009
8,333,23310000,23317000,7355,12258,23380000,6026
8,334,23380000,23387000,7355,12258,23450000,6045
8,335,23450000,23457000,7355,12258,23520000,6065
8,336,23520000,23527000,7355,12258,23590000,6081
8,337,23590000,23597000,7355,12258,23660000,6100
8,338,23660000,23667000,7355,12258,23730000,6118
8,339,23730000,23737000,7355,12258,23800000,6136
8,34,2380000,2387000,7355,12258,2450000,627
8,340,23800000,23807000,7355,12258,23870000,6153
8,341,23870000,23877000,7355,12258,23940000,6173
8,342,23940000,23947000,7355,12258,24010000,6190
8,343,24010000,24017000,7355,12258,24080000,6209
8,344,24080000,24087000,7355,12258,24150000,6226
8,345,24150000,24157000,7355,12258,24220000,6244
8,346,24220000,24227000,7355,12258,24290000,6260
8,347,24290000,24297000,7355,12258,24360000,6282
8,348,24360000,24367000,7355,12258,24430000,6297
8,349,24430000,24437000,7355,12258,24500000,6317
8,35,2450000,2457000,7355,12258,2520000,647
8,350,24500000,24507000,7355,12258,24570000,6335
8,351,24570000,24577000,7355,12258,24640000,6352
8,352,24640000,24647000,7355,12258,24710000,6370
8,353,24710000,24717000,7355,12258,24780000,6390
8,354,24780000,24787000,7355,12258,24850000,6408
8,355,24850000,24857000,7355,12258,24920000,6425
8,356,24920000,24927000,7355,12258,24990000,6442
8,357,24990000,24997000,7355,12258,25060000,6460
8,358,25060000,25067000,7355,12258,25130000,6478
8,359,25130000,25137000,7355,12258,25200000,6499
8,36,2520000,2527000,7355,12258,2590000,662
8,360,25200000,25207000,7355,12258,25270000,6514
8,361,25270000,25277000,7355,12258,25340000,6533
8,362,25340000,25347000,7355,12258,25410000,6551
8,363,25410000,25417000,7355,12258,25480000,6570
8,364,25480000,25487000,7355,12258,25550000,6586
8,365,25550000,25557000,7355,12258,25620000,6607
8,366,25620000,25627000,7355,12258,25690000,6623
8,367,25690000,25697000,7355,12258,25760000,6643
8,368,25760000,25767000,7355,12258,25830000,6659
8,369,25830000,25837000,7355,12258,25900000,6677
8,37,2590000,2597000,7355,12258,2660000,682
8,370,25900000,25907000,7355,12258,25970000,6695
8,371,25970000,25977000,7355,12258,26040000,6715
8,372,26040000,26047000,7355,12258,26110000,6732
8,373,26110000,26117000,7355,12258,26180000,6749
8,374,26180000,26187000,7355,12258,26250000,6768
8,375,26250000,26257000,7355,12258,26320000,6785
8,376,26320000,26327000,7355,12258,26390000,6803
8,377,26390000,26397000,7355,12258,26460000,6824
8,378,26460000,26467000,7355,12258,26530000,6840
8,379,26530000,26537000,7355,12258,26600000,6860
8,38,2660000,2667000,7355,12258,2730000,700
8,380,26600000,26607000,7355,12258,26670000,6876
8,381,26670000,26677000,7355,12258,26740000,6894
8,382,26740000,26747000,7355,12258,26810000,6911
8,383,26810000,26817000,7355,12258,26880000,6932
8,384,26880000,26887000,7355,12258,26950000,6948
8,385,26950000,26957000,7355,12258,27020000,6967
8,386,27020000,27027000,7355,12258,27090000,6984
8,387,27090000,27097000,7355,12258,27160000,7002
8,388,27160000,27167000,7355,12258,27230000,7019
8,389,27230000,27237000,7355,12258,27300000,7041
8,39,2730000,2737000,7355,12258,2800000,719
8,390,27300000,27307000,7355,12258,27370000,7058
8,391,27370000,27377000,7355,12258,27440000,7075
8,392,27440000,27447000,7355,12258,27510000,7093
8,393,27510000,27517000,7355,12258,27580000,7110
8,394,27580000,27587000,7355,12258,27650000,7129
8,395,27650000,27657000,7355,12258,27720000,7149
8,396,27720000,27727000,7355,12258,27790000,7164
8,397,27790000,27797000,7355,12258,27860000,7184
8,398,27860000,27867000,7355,12258,27930000,7201
8,399,27930000,27937000,7355,12258,28000000,7220
8,4,280000,287000,7355,12258,350000,84
8,40,2800000,2807000,7355,12258,2870000,734
8,400,28000000,28007000,7355,12258,28070000,7235
8,401,28070000,28077000,7355,12258,28140000,7256
8,402,28140000,28147000,7355,12258,28210000,7274
8,403,28210000,28217000,7355,12258,28280000,7293
8,404,28280000,28287000,7355,12258,28350000,7310
8,405,28350000,28357000,7355,12258,28420000,7327
8,406,28420000,28427000,7355,12258,28490000,7345
8,407,28490000,28497000,7355,12258,28560000,7366
8,408,28560000,28567000,7355,12258,28630000,7382
8,409,28630000,28637000,7355,12258,28700000,7400
8,41,2870000,2877000,7355,12258,2940000,755
8,410,28700000,28707000,7355,12258,28770000,7418
8,411,28770000,28777000,7355,12258,28840000,7435
8,412,28840000,28847000,7355,12258,28910000,7453
8,413,28910000,28917000,7355,12258,28980000,7473
8,414,28980000,28987000,7355,12258,29050000,7490
8,415,29050000,29057000,7355,12258,29120000,7510
8,416,29120000,29127000,7355,12258,29190000,7526
8,417,29190000,29197000,7355,12258,29260000,7545
8,418,29260000,29267000,7355,12258,29330000,7561
8,419,29330000,29337000,7355,12258,29400000,7583
8,42,2940000,2947000,7355,12258,3010000,772
8,420,29400000,29407000,7355,12258,29470000,7598
8,421,29470000,29477000,7355,12258,29540000,7617
8,422,29540000,29547000,7355,12258,29610000,7635
8,423,29610000,29617000,7355,12258,29680000,7652
8,424,29680000,29687000,7355,12258,29750000,7670
8,425,29750000,29757000,7355,12258,29820000,7690
8,426,29820000,29827000,7355,12258,29890000,7707
8,427,29890000,29897000,7355,12258,29960000,7725
8,428,29960000,29967000,7355,12258,30030000,7743
8,429,30030000,30037000,7355,12258,30100000,7761
8,43,3010000,3017000,7355,12258,3080000,791
8,430,30100000,30107000,7355,12258,30170000,7779
8,431,30170000,30177000,7355,12258,30240000,7799
8,432,30240000,30247000,7355,12258,30310000,7815
8,433,30310000,30317000,7355,12258,30380000,7834
8,434,30380000,30387000,7355,12258,30450000,7852
8,435,30450000,30457000,7355,12258,30520000,7870
8,436,30520000,30527000,7355,12258,30590000,7885
8,437,30590000,30597000,7355,12258,30660000,7907
8,438,30660000,30667000,7355,12258,30730000,7923
8,439,30730000,30737000,7355,12258,30800000,7943
8,44,3080000,3087000,7355,12258,3150000,808
8,440,30800000,30807000,7355,12258,30870000,7959
8,441,30870000,30877000,7355,12258,30940000,7977
8,442,30940000,30947000,7355,12258,31010000,7996
8,443,31010000,31017000,7355,12258,31080000,8016
8,444,31080000,31087000,7355,12258,31150000,8033
8,445,31150000,31157000,7355,12258,31220000,8050
8,446,31220000,31227000,7355,12258,31290000,8068
8,447,31290000,31297000,7355,12258,31360000,8086
8,448,31360000,31367000,7355,12258,31430000,8103
8,449,31430000,31437000,7355,12258,31500000,8124
8,45,3150000,3157000,7355,12258,3220000,825
8,450,31500000,31507000,7355,12258,31570000,8140
8,451,31570000,31577000,7355,12258,31640000,8159
8,452,31640000,31647000,7355,12258,31710000,8176
8,453,31710000,31717000,7355,12258,31780000,8194
8,454,31780000,31787000,7355,12258,31850000,8212
8,455,31850000,31857000,7355,12258,31920000,8233
8,456,31920000,31927000,7355,12258,31990000,8248
8,457,31990000,31997000,7355,12258,32060000,8268
8,458,32060000,32067000,7355,12258,32130000,8285
8,459,32130000,32137000,7355,12258,32200000,8303
8,46,3220000,3227000,7355,12258,3290000,843
8,460,32200000,32207000,7355,12258,32270000,8320
8,461,32270000,32277000,7355,12258,32340000,8340
8,462,32340000,32347000,7355,12258,32410000,8358
8,463,32410000,32417000,7355,12258,32480000,8375
8,464,32480000,32487000,7355,12258,32550000,8393
8,465,32550000,32557000,7355,12258,32620000,8410
8,466,32620000,32627000,7355,12258,32690000,8428
8,467,32690000,32697000,7355,12258,32760000,8450
8,468,32760000,32767000,7355,12258,32830000,8465
8,469,32830000,32837000,7355,12258,32900000,8485
8,47,3290000,3297000,7355,12258,3360000,864
8,470,32900000,32907000,7355,12258,32970000,8502
8,471,32970000,32977000,7355,12258,33040000,8520
8,472,33040000,33047000,7355,12258,33110000,8536
8,473,33110000,33117000,7355,12258,33180000,8557
8,474,33180000,33187000,7355,12258,33250000,8574
8,475,33250000,33257000,7355,12258,33320000,8593
8,476,33320000,33327000,7355,12258,33390000,8609
8,477,33390000,33397000,7355,12258,33460000,8627
8,478,33460000,33467000,7355,12258,33530000,8645
8,479,33530000,33537000,7355,12258,33600000,8666
8,48,3360000,3367000,7355,12258,3430000,880
8,480,33600000,33607000,7355,12258,33670000,8683
8,481,33670000,33677000,7355,12258,33740000,8700
8,482,33740000,33747000,7355,12258,33810000,8719
8,483,33810000,33817000,7355,12258,33880000,8736
8,484,33880000,33887000,7355,12258,33950000,8754
8,485,33950000,33957000,7355,12258,34020000,8774
8,486,34020000,34027000,7355,12258,34090000,8790
8,487,34090000,34097000,7355,12258,34160000,8810
8,488,34160000,34167000,7355,12258,34230000,8826
8,489,34230000,34237000,7355,12258,34300000,8845
8,49,3430000,3437000,7355,12258,3500000,898
8,490,34300000,34307000,7355,12258,34370000,8861
8,491,34370000,34377000,7355,12258,34440000,8882
8,492,34440000,34447000,7355,12258,34510000,8898
8,493,34510000,34517000,7355,12258,34580000,8918
8,494,34580000,34587000,7355,12258,34650000,8936
8,495,34650000,34657000,7355,12258,34720000,8953
8,496,34720000,34727000,7355,12258,34790000,8970
8,497,34790000,34797000,7355,12258,34860000,8991
8,498,34860000,34867000,7355,12258,34930000,9008
8,499,34930000,34937000,7355,12258,35000000,9026
8,5,350000,357000,7355,12258,420000,105
8,50,3500000,3507000,7355,12258,3570000,916
8,500,35000000,35007000,7355,12258,35070000,9043
8,501,35070000,35077000,7355,12258,35140000,9060
8,502,35140000,35147000,7355,12258,35210000,9079
8,503,35210000,35217000,7355,12258,35280000,9099
8,504,35280000,35287000,7355,12258,35350000,9115
8,505,35350000,35357000,7355,12258,35420000,9134
8,506,35420000,35427000,7355,12258,35490000,9152
8,507,35490000,35497000,7355,12258,35560000,9171
8,508,35560000,35567000,7355,12258,35630000,9186
8,509,35630000,35637000,7355,12258,35700000,9208
8,51,3570000,3577000,7355,12258,3640000,934
8,510,35700000,35707000,7355,12258,35770000,9224
8,511,35770000,35777000,7355,12258,35840000,9243
8,512,35840000,35847000,7355,12258,35910000,9260
8,513,35910000,35917000,7355,12258,35980000,9277
8,514,35980000,35987000,7355,12258,36050000,9296
8,515,36050000,36057000,7355,12258,36120000,9316
8,516,36120000,36127000,7355,12258,36190000,9332
8,517,36190000,36197000,7355,12258,36260000,9350
8,518,36260000,36267000,7355,12258,36330000,9368
8,519,36330000,36337000,7355,12258,36400000,9387
8,52,3640000,3647000,7355,12258,3710000,952
8,520,36400000,36407000,7355,12258,36470000,9404
8,521,36470000,36477000,7355,12258,36540000,9424
8,522,36540000,36547000,7355,12258,36610000,9441
8,523,36610000,36617000,7355,12258,36680000,9460
8,524,36680000,36687000,7355,12258,36750000,9477
8,525,36750000,36757000,7355,12258,36820000,9495
8,526,36820000,36827000,7355,12258,36890000,9511
8,527,36890000,36897000,7355,12258,36960000,9533
8,528,36960000,36967000,7355,12258,37030000,9548
8,529,37030000,37037000,7355,12258,37100000,9568
8,53,3710000,3717000,7355,12258,3780000,972
8,530,37100000,37107000,7355,12258,37170000,9585
8,531,37170000,37177000,7355,12258,37240000,9602
8,532,37240000,37247000,7355,12258,37310000,9621
8,533,37310000,37317000,7355,12258,37380000,9641
8,534,37380000,37387000,7355,12258,37450000,9659
8,535,37450000,37457000,7355,12258,37520000,9676
8,536,37520000,37527000,7355,12258,37590000,9693
8,537,37590000,37597000,7355,12258,37660000,9711
8,538,37660000,37667000,7355,12258,37730000,9729
8,539,37730000,37737000,7355,12258,37800000,9750
8,54,3780000,3787000,7355,12258,3850000,989
8,540,37800000,37807000,7355,12258,37870000,9765
8,541,37870000,37877000,7355,12258,37940000,9784
8,542,37940000,37947000,7355,12258,38010000,9802
8,543,38010000,38017000,7355,12258,38080000,9820
8,544,38080000,38087000,7355,12258,38150000,9836
8,545,38150000,38157000,7355,12258,38220000,9858
8,546,38220000,38227000,7355,12258,38290000,9874
8,547,38290000,38297000,7355,12258,38360000,9894
8,548,38360000,38367000,7355,12258,38430000,9910
8,549,38430000,38437000,7355,12258,38500000,9928
8,55,3850000,3857000,7355,12258,3920000,1008
8,550,38500000,38507000,7355,12258,38570000,9946
8,551,38570000,38577000,7355,12258,38640000,9966
8,552,38640000,38647000,7355,12258,38710000,9983
8,553,38710000,38717000,7355,12258,38780000,10000
8,554,38780000,38787000,7355,12258,38850000,10019
8,555,38850000,38857000,7355,12258,38920000,10036
8,556,38920000,38927000,7355,12258,38990000,10053
8,557,38990000,38997000,7355,12258,39060000,10074
8,558,39060000,39067000,7355,12258,39130000,10091
8,559,39130000,39137000,7355,12258,39200000,10111
8,56,3920000,3927000,7355,12258,3990000,1024
8,560,39200000,39207000,7355,12258,39270000,10127
8,561,39270000,39277000,7355,12258,39340000,10145
8,562,39340000,39347000,7355,12258,39410000,10162
8,563,39410000,39417000,7355,12258,39480000,10183
8,564,39480000,39487000,7355,12258,39550000,10199
8,565,39550000,39557000,7355,12258,39620000,10218
8,566,39620000,39627000,7355,12258,39690000,10235
8,567,39690000,39697000,7355,12258,39760000,10253
8,568,39760000,39767000,7355,12258,39830000,10270
8,569,39830000,39837000,7355,12258,39900000,10291
8,57,3990000,3997000,7355,12258,4060000,1043
8,570,39900000,39907000,7355,12258,39970000,10308
8,571,39970000,39977000,7355,12258,40040000,10326
8,572,40040000,40047000,7355,12258,40110000,10344
8,573,40110000,40117000,7355,12258,40180000,10361
8,574,40180000,40187000,7355,12258,40250000,10380
8,575,40250000,40257000,7355,12258,40320000,10400
8,576,40320000,40327000,7355,12258,40390000,10415
8,577,40390000,40397000,7355,12258,40460000,10435
8,578,40460000,40467000,7355,12258,40530000,10452
8,579,40530000,40537000,7355,12258,40600000,10471
8,58,4060000,4067000,7355,12258,4130000,1059
8,580,40600000,40607000,7355,12258,40670000,10486
8,581,40670000,40677000,7355,12258,40740000,10507
8,582,40740000,40747000,7355,12258,40810000,10524
8,583,40810000,40817000,7355,12258,40880000,10543
8,584,40880000,40887000,7355,12258,40950000,10561
8,585,40950000,40957000,7355,12258,41020000,10578
8,586,41020000,41027000,7355,12258,41090000,10596
8,587,41090000,41097000,7355,12258,41160000,10617
8,588,41160000,41167000,7355,12258,41230000,10633
8,589,41230000,41237000,7355,12258,41300000,10651
8,59,4130000,4137000,7355,12258,4200000,1081
8,590,41300000,41307000,7355,12258,41370000,10669
8,591,41370000,41377000,7355,12258,41440000,10686
8,592,41440000,41447000,7355,12258,41510000,10704
8,593,41510000,41517000,7355,12258,41580000,10724
8,594,41580000,41587000,7355,12258,41650000,10741
8,595,41650000,41657000,7355,12258,41720000,10760
8,596,41720000,41727000,7355,12258,41790000,10776
8,597,41790000,41797000,7355,12258,41860000,10796
8,598,41860000,41867000,7355,12258,41930000,10812
8,599,41930000,41937000,7355,12258,42000000,10834
8,6,420000,427000,7355,12258,490000,121
8,60,4200000,4207000,7355,12258,4270000,1096
8,600,42000000,42007000,7355,12258,42070000,10849
8,601,42070000,42077000,7355,12258,42140000,10868
8,602,42140000,42147000,7355,12258,42210000,10886
8,603,42210000,42217000,7355,12258,42280000,10903
8,604,42280000,42287000,7355,12258,42350000,10921
8,605,42350000,42357000,7355,12258,42420000,10941
8,606,42420000,42427000,7355,12258,42490000,10958
8,607,42490000,42497000,7355,12258,42560000,10976
8,608,42560000,42567000,7355,12258,42630000,10993
8,609,42630000,42637000,7355,12258,42700000,11011
8,61,4270000,4277000,7355,12258,4340000,1115
8,610,42700000,42707000,7355,12258,42770000,11030
8,611,42770000,42777000,7355,12258,42840000,11050
8,612,42840000,42847000,7355,12258,42910000,11066
8,613,42910000,42917000,7355,12258,42980000,11085
8,614,42980000,42987000,7355,12258,43050000,11103
8,615,43050000,43057000,7355,12258,43120000,11121
8,616,43120000,43127000,7355,12258,43190000,11136
8,617,43190000,43197000,7355,12258,43260000,11158
8,618,43260000,43267000,7355,12258,43330000,11174
8,619,43330000,43337000,7355,12258,43400000,11194
8,62,4340000,4347000,7355,12258,4410000,1133
8,620,43400000,43407000,7355,12258,43470000,11210
8,621,43470000,43477000,7355,12258,43540000,11227
8,622,43540000,43547000,7355,12258,43610000,11246
8,623,43610000,43617000,7355,12258,43680000,11267
8,624,43680000,43687000,7355,12258,43750000,11284
8,625,43750000,43757000,7355,12258,43820000,11301
8,626,43820000,43827000,7355,12258,43890000,11319
8,627,43890000,43897000,7355,12258,43960000,11337
8,628,43960000,43967000,7355,12258,44030000,11354
8,629,44030000,44037000,7355,12258,44100000,11375
8,63,4410000,4417000,7355,12258,4480000,1150
8,630,44100000,44107000,7355,12258,44170000,11391
8,631,44170000,44177000,7355,12258,44240000,11410
8,632,44240000,44247000,7355,12258,44310000,11427
8,633,44310000,44317000,7355,12258,44380000,11445
8,634,44380000,44387000,7355,12258,44450000,11462
8,635,44450000,44457000,7355,12258,44520000,11483
8,636,44520000,44527000,7355,12258,44590000,11499
8,637,44590000,44597000,7355,12258,44660000,11519
8,638,44660000,44667000,7355,12258,44730000,11536
8,639,44730000,44737000,7355,12258,44800000,11554
8,64,4480000,4487000,7355,12258,4550000,1169
8,640,44800000,44807000,7355,12258,44870000,11571
8,641,44870000,44877000,7355,12258,44940000,11591
8,642,44940000,44947000,7355,12258,45010000,11609
8,643,45010000,45017000,7355,12258,45080000,11626
8,644,45080000,45087000,7355,12258,45150000,11644
8,645,45150000,45157000,7355,12258,45220000,11661
8,646,45220000,45227000,7355,12258,45290000,11679
8,647,45290000,45297000,7355,12258,45360000,11700
8,648,45360000,45367000,7355,12258,45430000,11715
8,649,45430000,45437000,7355,12258,45500000,11736
8,65,4550000,4557000,7355,12258,4620000,1189
8,650,45500000,45507000,7355,12258,45570000,11753
8,651,45570000,45577000,7355,12258,45640000,11771
8,652,45640000,45647000,7355,12258,45710000,11787
8,653,45710000,45717000,7355,12258,45780000,11808
8,654,45780000,45787000,7355,12258,45850000,11825
8,655,45850000,45857000,7355,12258,45920000,11844
8,656,45920000,45927000,7355,12258,45990000,11860
8,657,45990000,45997000,7355,12258,46060000,11878
8,658,46060000,46067000,7355,12258,46130000,11896
8,659,46130000,46137000,7355,12258,46200000,11917
8,66,4620000,4627000,7355,12258,4690000,1206
8,660,46200000,46207000,7355,12258,46270000,11933
8,661,46270000,46277000,7355,12258,46340000,11950
8,662,46340000,46347000,7355,12258,46410000,11970
8,663,46410000,46417000,7355,12258,46480000,11987
8,664,46480000,46487000,7355,12258,46550000,12005
8,665,46550000,46557000,7355,12258,46620000,12025
8,666,46620000,46627000,7355,12258,46690000,12041
8,667,46690000,46697000,7355,12258,46760000,12061
8,668,46760000,46767000,7355,12258,46830000,12077
8,669,46830000,46837000,7355,12258,46900000,12096
8,67,4690000,4697000,7355,12258,4760000,1224
8,670,46900000,46907000,7355,12258,46970000,12112
8,671,46970000,46977000,7355,12258,47040000,12133
8,672,47040000,47047000,7355,12258,47110000,12149
8,673,47110000,47117000,7355,12258,47180000,12168
8,674,47180000,47187000,7355,12258,47250000,12186
8,675,47250000,47257000,7355,12258,47320000,12204
8,676,47320000,47327000,7355,12258,47390000,12221
8,677,47390000,47397000,7355,12258,47460000,12242
8,678,47460000,47467000,7355,12258,47530000,12259
8,679,47530000,47537000,7355,12258,47600000,12277
8,68,4760000,4767000,7355,12258,4830000,1241
8,680,47600000,47607000,7355,12258,47670000,12294
8,681,47670000,47677000,7355,12258,47740000,12311
8,682,47740000,47747000,7355,12258,47810000,12330
8,683,47810000,47817000,7355,12258,47880000,12350
8,684,47880000,47887000,7355,12258,47950000,12366
8,685,47950000,47957000,7355,12258,48020000,12385
8,686,48020000,48027000,7355,12258,48090000,12402
8,687,48090000,48097000,7355,12258,48160000,12421
8,688,48160000,48167000,7355,12258,48230000,12437
8,689,48230000,48237000,7355,12258,48300000,12459
8,69,4830000,4837000,7355,12258,4900000,1259
8,690,48300000,48307000,7355,12258,48370000,12475
8,691,48370000,48377000,7355,12258,48440000,12494
8,692,48440000,48447000,7355,12258,48510000,12511
8,693,48510000,48517000,7355,12258,48580000,12528
8,694,48580000,48587000,7355,12258,48650000,12547
8,695,48650000,48657000,7355,12258,48720000,12567
8,696,48720000,48727000,7355,12258,48790000,12583
8,697,48790000,48797000,7355,12258,48860000,12601
8,698,48860000,48867000,7355,12258,48930000,12619
8,699,48930000,48937000,7355,12258,49000000,12637
8,7,490000,497000,7355,12258,560000,141
8,70,4900000,4907000,7355,12258,4970000,1277
8,700,49000000,49007000,7355,12258,49070000,12654
8,701,49070000,49077000,7355,12258,49140000,12675
8,702,49140000,49147000,7355,12258,49210000,12692
8,703,49210000,49217000,7355,12258,49280000,12711
8,704,49280000,49287000,7355,12258,49350000,12728
8,705,49350000,49357000,7355,12258,49420000,12746
8,706,49420000,49427000,7355,12258,49490000,12762
8,707,49490000,49497000,7355,12258,49560000,12784
8,708,49560000,49567000,7355,12258,49630000,12799
8,709,49630000,49637000,7355,12258,49700000,12819
8,71,4970000,4977000,7355,12258,5040000,1297
8,710,49700000,49707000,7355,12258,49770000,12836
8,711,49770000,49777000,7355,12258,49840000,12853
8,712,49840000,49847000,7355,12258,49910000,12871
8,713,49910000,49917000,7355,12258,49980000,12891
8,714,49980000,49987000,7355,12258,50050000,12910
8,715,50050000,50057000,7355,12258,50120000,12927
8,716,50120000,50127000,7355,12258,50190000,12944
8,717,50190000,50197000,7355,12258,50260000,12962
8,718,50260000,50267000,7355,12258,50330000,12980
8,719,50330000,50337000,7355,12258,50400000,13001
8,72,5040000,5047000,7355,12258,5110000,1313
8,720,50400000,50407000,7355,12258,50470000,13016
8,721,50470000,50477000,7355,12258,50540000,13035
8,722,50540000,50547000,7355,12258,50610000,13053
8,723,50610000,50617000,7355,12258,50680000,13071
8,724,50680000,50687000,7355,12258,50750000,13087
8,725,50750000,50757000,7355,12258,50820000,13108
8,726,50820000,50827000,7355,12258,50890000,13124
8,727,50890000,50897000,7355,12258,50960000,13145
8,728,50960000,50967000,7355,12258,51030000,13161
8,729,51030000,51037000,7355,12258,51100000,13179
8,73,5110000,5117000,7355,12258,5180000,1332
8,730,51100000,51107000,7355,12258,51170000,13197
8,731,51170000,51177000,7355,12258,51240000,13217
8,732,51240000,51247000,7355,12258,51310000,13234
8,733,51310000,51317000,7355,12258,51380000,13251
8,734,51380000,51387000,7355,12258,51450000,13270
8,735,51450000,51457000,7355,12258,51520000,13287
8,736,51520000,51527000,7355,12258,51590000,13304
8,737,51590000,51597000,7355,12258,51660000,13325
8,738,51660000,51667000,7355,12258,51730000,13341
8,739,51730000,51737000,7355,12258,51800000,13361
8,74,5180000,5187000,7355,12258,5250000,1350
8,740,51800000,51807000,7355,12258,51870000,13378
8,741,51870000,51877000,7355,12258,51940000,13396
8,742,51940000,51947000,7355,12258,52010000,13413
8,743,52010000,52017000,7355,12258,52080000,13434
8,744,52080000,52087000,7355,12258,52150000,13450
8,745,52150000,52157000,7355,12258,52220000,13469
8,746,52220000,52227000,7355,12258,52290000,13486
8,747,52290000,52297000,7355,12258,52360000,13504
8,748,52360000,52367000,7355,12258,52430000,13521
8,749,52430000,52437000,7355,12258,52500000,13542
8,75,5250000,5257000,7355,12258,5320000,1368
8,750,52500000,52507000,7355,12258,52570000,13559
8,751,52570000,52577000,7355,12258,52640000,13576
8,752,52640000,52647000,7355,12258,52710000,13594
8,753,52710000,52717000,7355,12258,52780000,13612
8,754,52780000,52787000,7355,12258,52850000,13631
8,755,52850000,52857000,7355,12258,52920000,13651
8,756,52920000,52927000,7355,12258,52990000,13666
8,757,52990000,52997000,7355,12258,53060000,13686
8,758,53060000,53067000,7355,12258,53130000,13703
8,759,53130000,53137000,7355,12258,53200000,13722
8,76,5320000,5327000,7355,12258,5390000,1383
8,760,53200000,53207000,7355,12258,53270000,13737
8,761,53270000,53277000,7355,12258,53340000,13758
8,762,53340000,53347000,7355,12258,53410000,13775
8,763,53410000,53417000,7355,12258,53480000,13794
8,764,53480000,53487000,7355,12258,53550000,13811
8,765,53550000,53557000,7355,12258,53620000,13828
8,766,53620000,53627000,7355,12258,53690000,13847
8,767,53690000,53697000,7355,12258,53760000,13868
8,768,53760000,53767000,7355,12258,53830000,13884
8,769,53830000,53837000,7355,12258,53900000,13902
8,77,5390000,5397000,7355,12258,5460000,1406
8,770,53900000,53907000,7355,12258,53970000,13920
8,771,53970000,53977000,7355,12258,54040000,13937
8,772,54040000,54047000,7355,12258,54110000,13955
8,773,54110000,54117000,7355,12258,54180000,13975
8,774,54180000,54187000,7355,12258,54250000,13992
8,775,54250000,54257000,7355,12258,54320000,14011
8,776,54320000,54327000,7355,12258,54390000,14027
8,777,54390000,54397000,7355,12258,54460000,14046
8,778,54460000,54467000,7355,12258,54530000,14062
8,779,54530000,54537000,7355,12258,54600000,14085
8,78,5460000,5467000,7355,12258,5530000,1422
8,780,54600000,54607000,7355,12258,54670000,14100
8,781,54670000,54677000,7355,12258,54740000,14119
8,782,54740000,54747000,7355,12258,54810000,14137
8,783,54810000,54817000,7355,12258,54880000,14154
8,784,54880000,54887000,7355,12258,54950000,14172
8,785,54950000,54957000,7355,12258,55020000,14192
8,786,55020000,55027000,7355,12258,55090000,14209
8,787,55090000,55097000,7355,12258,55160000,14227
8,788,55160000,55167000,7355,12258,55230000,14244
8,789,55230000,55237000,7355,12258,55300000,14262
8,79,5530000,5537000,7355,12258,5600000,1442
8,790,55300000,55307000,7355,12258,55370000,14280
8,791,55370000,55377000,7355,12258,55440000,14300
8,792,55440000,55447000,7355,12258,55510000,14317
8,793,55510000,55517000,7355,12258,55580000,14336
8,794,55580000,55587000,7355,12258,55650000,14354
8,795,55650000,55657000,7355,12258,55720000,14372
8,796,55720000,55727000,7355,12258,55790000,14387
8,797,55790000,55797000,7355,12258,55860000,14409
8,798,55860000,55867000,7355,12258,55930000,14425
8,799,55930000,55937000,7355,12258,56000000,14445
8,8,560000,567000,7355,12258,630000,157
8,80,5600000,5607000,7355,12258,5670000,1458
8,800,56000000,56007000,7355,12258,56070000,14461
8,801,56070000,56077000,7355,12258,56140000,14478
8,802,56140000,56147000,7355,12258,56210000,14497
8,803,56210000,56217000,7355,12258,56280000,14517
8,804,56280000,56287000,7355,12258,56350000,14534
8,805,56350000,56357000,7355,12258,56420000,14552
8,806,56420000,56427000,7355,12258,56490000,14570
8,807,56490000,56497000,7355,12258,56560000,14588
8,808,56560000,56567000,7355,12258,56630000,14605
8,809,56630000,56637000,7355,12258,56700000,14626
8,81,5670000,5677000,7355,12258,5740000,1475
8,810,56700000,56707000,7355,12258,56770000,14642
8,811,56770000,56777000,7355,12258,56840000,14661
8,812,56840000,56847000,7355,12258,56910000,14678
8,813,56910000,56917000,7355,12258,56980000,14696
8,814,56980000,56987000,7355,12258,57050000,14713
8,815,57050000,57057000,7355,12258,57120000,14734
8,816,57120000,57127000,7355,12258,57190000,14749
8,817,57190000,57197000,7355,12258,57260000,14769
8,818,57260000,57267000,7355,12258,57330000,14787
8,819,57330000,57337000,7355,12258,57400000,14805
8,82,5740000,5747000,7355,12258,5810000,1494
8,820,57400000,57407000,7355,12258,57470000,14822
8,821,57470000,57477000,7355,12258,57540000,14842
8,822,57540000,57547000,7355,12258,57610000,14860
8,823,57610000,57617000,7355,12258,57680000,14877
8,824,57680000,57687000,7355,12258,57750000,14895
8,825,57750000,57757000,7355,12258,57820000,14912
8,826,57820000,57827000,7355,12258,57890000,14930
8,827,57890000,57897000,7355,12258,57960000,14951
8,828,57960000,57967000,7355,12258,58030000,14966
8,829,58030000,58037000,7355,12258,58100000,14986
8,83,5810000,5817000,7355,12258,5880000,1514
8,830,58100000,58107000,7355,12258,58170000,15003
8,831,58170000,58177000,7355,12258,58240000,15022
8,832,58240000,58247000,7355,12258,58310000,15038
8,833,58310000,58317000,7355,12258,58380000,15059
8,834,58380000,58387000,7355,12258,58450000,15076
8,835,58450000,58457000,7355,12258,58520000,15095
8,836,58520000,58527000,7355,12258,58590000,15111
8,837,58590000,58597000,7355,12258,58660000,15129
8,838,58660000,58667000,7355,12258,58730000,15147
8,839,58730000,58737000,7355,12258,58800000,15168
8,84,5880000,5887000,7355,12258,5950000,1531
8,840,58800000,58807000,7355,12258,58870000,15184
8,841,58870000,58877000,7355,12258,58940000,15201
8,842,58940000,58947000,7355,12258,59010000,15220
8,843,59010000,59017000,7355,12258,59080000,15237
8,844,59080000,59087000,7355,12258,59150000,15256
8,845,59150000,59157000,7355,12258,59220000,15276
8,846,59220000,59227000,7355,12258,59290000,15292
8,847,59290000,59297000,7355,12258,59360000,15312
8,848,59360000,59367000,7355,12258,59430000,15328
8,849,59430000,59437000,7355,12258,59500000,15347
8,85,5950000,5957000,7355,12258,6020000,1548
8,850,59500000,59507000,7355,12258,59570000,15363
8,851,59570000,59577000,7355,12258,59640000,15384
8,852,59640000,59647000,7355,12258,59710000,15400
8,853,59710000,59717000,7355,12258,59780000,15419
8,854,59780000,59787000,7355,12258,59850000,15437
8,855,59850000,59857000,7355,12258,59920000,15454
8,856,59920000,59927000,7355,12258,59990000,15471
8,857,59990000,59997000,7355,12258,60060000,15493
8,858,60060000,60067000,7355,12258,60130000,15510
8,859,60130000,60137000,7355,12258,60200000,15528
8,86,6020000,6027000,7355,12258,6090000,1566
8,860,60200000,60207000,7355,12258,60270000,15545
8,861,60270000,60277000,7355,12258,60340000,15562
8,862,60340000,60347000,7355,12258,60410000,15581
8,863,60410000,60417000,7355,12258,60480000,15601
8,864,60480000,60487000,7355,12258,60550000,15617
8,865,60550000,60557000,7355,12258,60620000,15636
8,866,60620000,60627000,7355,12258,60690000,15653
8,867,60690000,60697000,7355,12258,60760000,15672
8,868,60760000,60767000,7355,12258,60830000,15687
8,869,60830000,60837000,7355,12258,60900000,15709
8,87,6090000,6097000,7355,12258,6160000,1584
8,870,60900000,60907000,7355,12258,60970000,15726
8,871,60970000,60977000,7355,12258,61040000,15745
8,872,61040000,61047000,7355,12258,61110000,15762
8,873,61110000,61117000,7355,12258,61180000,15779
8,874,61180000,61187000,7355,12258,61250000,15798
8,875,61250000,61257000,7355,12258,61320000,15818
8,876,61320000,61327000,7355,12258,61390000,15834
8,877,61390000,61397000,7355,12258,61460000,15852
8,878,61460000,61467000,7355,12258,61530000,15870
8,879,61530000,61537000,7355,12258,61600000,15888
8,88,6160000,6167000,7355,12258,6230000,1601
8,880,61600000,61607000,7355,12258,61670000,15905
8,881,61670000,61677000,7355,12258,61740000,15925
8,882,61740000,61747000,7355,12258,61810000,15942
8,883,61810000,61817000,7355,12258,61880000,15962
8,884,61880000,61887000,7355,12258,61950000,15979
8,885,61950000,61957000,7355,12258,62020000,15997
8,886,62020000,62027000,7355,12258,62090000,16013
8,887,62090000,62097000,7355,12258,62160000,16035
8,888,62160000,62167000,7355,12258,62230000,16050
8,889,62230000,62237000,7355,12258,62300000,16070
8,89,6230000,6237000,7355,12258,6300000,1622
8,890,62300000,62307000,7355,12258,62370000,16087
8,891,62370000,62377000,7355,12258,62440000,16104
8,892,62440000,62447000,7355,12258,62510000,16122
8,893,62510000,62517000,7355,12258,62580000,16142
8,894,62580000,62587000,7355,12258,62650000,16160
8,895,62650000,62657000,7355,12258,62720000,16177
8,896,62720000,62727000,7355,12258,62790000,16195
8,897,62790000,62797000,7355,12258,62860000,16213
8,898,62860000,62867000,7355,12258,62930000,16231
8,899,62930000,62937000,7355,12258,63000000,16252
8,9,630000,637000,7355,12258,700000,175
8,90,6300000,6307000,7355,12258,6370000,1639
8,900,63000000,63007000,7355,12258,63070000,16267
8,901,63070000,63077000,7355,12258,63140000,16286
8,902,63140000,63147000,7355,12258,63210000,16304
8,903,63210000,63217000,7355,12258,63280000,16322
8,904,63280000,63287000,7355,12258,63350000,16338
8,905,63350000,63357000,7355,12258,63420000,16359
8,906,63420000,63427000,7355,12258,63490000,16375
8,907,63490000,63497000,7355,12258,63560000,16395
8,908,63560000,63567000,7355,12258,63630000,16411
8,909,63630000,63637000,7355,12258,63700000,16430
8,91,6370000,6377000,7355,12258,6440000,1658
8,910,63700000,63707000,7355,12258,63770000,16448
8,911,63770000,63777000,7355,12258,63840000,16468
8,912,63840000,63847000,7355,12258,63910000,16485
8,913,63910000,63917000,7355,12258,63980000,16502
8,914,63980000,63987000,7355,12258,64050000,16521
8,915,64050000,64057000,7355,12258,64120000,16538
8,916,64120000,64127000,7355,12258,64190000,16555
8,917,64190000,64197000,7355,12258,64260000,16576
8,918,64260000,64267000,7355,12258,64330000,16592
8,919,64330000,64337000,7355,12258,64400000,16612
8,92,6440000,6447000,7355,12258,6510000,1675
8,920,64400000,64407000,7355,12258,64470000,16628
8,921,64470000,64477000,7355,12258,64540000,16646
8,922,64540000,64547000,7355,12258,64610000,16664
8,923,64610000,64617000,7355,12258,64680000,16685
8,924,64680000,64687000,7355,12258,64750000,16701
8,925,64750000,64757000,7355,12258,64820000,16720
8,926,64820000,64827000,7355,12258,64890000,16737
8,927,64890000,64897000,7355,12258,64960000,16755
8,928,64960000,64967000,7355,12258,65030000,16772
8,929,65030000,65037000,7355,12258,65100000,16793
8,93,6510000,6517000,7355,12258,6580000,1693
8,930,65100000,65107000,7355,12258,65170000,16810
8,931,65170000,65177000,7355,12258,65240000,16827
8,932,65240000,65247000,7355,12258,65310000,16845
8,933,65310000,65317000,7355,12258,65380000,16862
8,934,65380000,65387000,7355,12258,65450000,16881
8,935,65450000,65457000,7355,12258,65520000,16902
8,936,65520000,65527000,7355,12258,65590000,16917
8,937,65590000,65597000,7355,12258,65660000,16937
8,938,65660000,65667000,7355,12258,65730000,16954
8,939,65730000,65737000,7355,12258,65800000,16973
8,94,6580000,6587000,7355,12258,6650000,1710
8,940,65800000,65807000,7355,12258,65870000,16988
8,941,65870000,65877000,7355,12258,65940000,17009
8,942,65940000,65947000,7355,12258,66010000,17026
8,943,66010000,66017000,7355,12258,66080000,17045
8,944,66080000,66087000,7355,12258,66150000,17062
8,945,66150000,66157000,7355,12258,66220000,17079
8,946,66220000,66227000,7355,12258,66290000,17097
8,947,66290000,66297000,7355,12258,66360000,17118
8,948,66360000,66367000,7355,12258,66430000,17135
8,949,66430000,66437000,7355,12258,66500000,17153
8,95,6650000,6657000,7355,12258,6720000,1731
8,950,66500000,66507000,7355,12258,66570000,17171
8,951,66570000,66577000,7355,12258,66640000,17188
8,952,66640000,66647000,7355,12258,66710000,17206
8,953,66710000,66717000,7355,12258,66780000,17226
8,954,66780000,66787000,7355,12258,66850000,17243
8,955,66850000,66857000,7355,12258,66920000,17262
8,956,66920000,66927000,7355,12258,66990000,17278
8,957,66990000,66997000,7355,12258,67060000,17297
8,958,67060000,67067000,7355,12258,67130000,17313
8,959,67130000,67137000,7355,12258,67200000,17335
8,96,6720000,6727000,7355,12258,6790000,1746
8,960,67200000,67207000,7355,12258,67270000,17350
8,961,67270000,67277000,7355,12258,67340000,17370
8,962,67340000,67347000,7355,12258,67410000,17388
8,963,67410000,67417000,7355,12258,67480000,17405
8,964,67480000,67487000,7355,12258,67550000,17423
8,965,67550000,67557000,7355,12258,67620000,17443
8,966,67620000,67627000,7355,12258,67690000,17460
8,967,67690000,67697000,7355,12258,67760000,17478
8,968,67760000,67767000,7355,12258,67830000,17495
8,969,67830000,67837000,7355,12258,67900000,17513
8,97,6790000,6797000,7355,12258,6860000,1766
8,970,67900000,67907000,7355,12258,67970000,17531
8,971,67970000,67977000,7355,12258,68040000,17551
8,972,68040000,68047000,7355,12258,68110000,17567
8,973,68110000,68117000,7355,12258,68180000,17586
8,974,68180000,68187000,7355,12258,68250000,17605
8,975,68250000,68257000,7355,12258,68320000,17623
8,976,68320000,68327000,7355,12258,68390000,17638
8,977,68390000,68397000,7355,12258,68460000,17660
8,978,68460000,68467000,7355,12258,68530000,17676
8,979,68530000,68537000,7355,12258,68600000,17696
8,98,6860000,6867000,7355,12258,6930000,1783
8,980,68600000,68607000,7355,12258,68670000,17712
8,981,68670000,68677000,7355,12258,68740000,17729
8,982,68740000,68747000,7355,12258,68810000,17748
8,983,68810000,68817000,7355,12258,68880000,17768
8,984,68880000,68887000,7355,12258,68950000,17785
8,985,68950000,68957000,7355,12258,69020000,17802
8,986,69020000,69027000,7355,12258,69090000,17820
8,987,69090000,69097000,7355,12258,69160000,17839
8,988,69160000,69167000,7355,12258,69230000,17856
8,989,69230000,69237000,7355,12258,69300000,17877
8,99,6930000,6937000,7355,12258,7000000,1801
8,990,69300000,69307000,7355,12258,69370000,17893
8,991,69370000,69377000,7355,12258,69440000,17912
8,992,69440000,69447000,7355,12258,69510000,17929
8,993,69510000,69517000,7355,12258,69580000,17947
8,994,69580000,69587000,7355,12258,69650000,17964
8,995,69650000,69657000,7355,12258,69720000,17985
8,996,69720000,69727000,7355,12258,69790000,18000
8,997,69790000,69797000,7355,12258,69860000,18020
8,998,69860000,69867000,7355,12258,69930000,18037
8,999,69930000,69937000,7355,12258,70000000,18055
9,0,0,9000,27478,45796,90000,19
9,1,90000,99000,27478,45796,180000,43
9,10,900000,909000,27478,45796,990000,251
9,100,9000000,9009000,27478,45796,9090000,2340
9,1000,90000000,90009000,27478,45796,90090000,23240
9,1001,90090000,90099000,27478,45796,90180000,23264
9,1002,90180000,90189000,27478,45796,90270000,23285
9,1003,90270000,90279000,27478,45796,90360000,23311
9,1004,90360000,90369000,27478,45796,90450000,23333
9,1005,90450000,90459000,27478,45796,90540000,23356
9,1006,90540000,90549000,27478,45796,90630000,23378
9,1007,90630000,90639000,27478,45796,90720000,23404
9,1008,90720000,90729000,27478,45796,90810000,23426
9,1009,90810000,90819000,27478,45796,90900000,23450
9,101,9090000,9099000,27478,45796,9180000,2366
9,1010,90900000,90909000,27478,45796,90990000,23470
9,1011,90990000,90999000,27478,45796,91080000,23497
9,1012,91080000,91089000,27478,45796,91170000,23518
9,1013,91170000,91179000,27478,45796,91260000,23543
9,1014,91260000,91269000,27478,45796,91350000,23565
9,1015,91350000,91359000,27478,45796,91440000,23589
9,1016,91440000,91449000,27478,45796,91530000,23611
9,1017,91530000,91539000,27478,45796,91620000,23635
9,1018,91620000,91629000,27478,45796,91710000,23657
9,1019,91710000,91719000,27478,45796,91800000,23683
9,102,9180000,9189000,27478,45796,9270000,2387
9,1020,91800000,91809000,27478,45796,91890000,23703
9,1021,91890000,91899000,27478,45796,91980000,23729
9,1022,91980000,91989000,27478,45796,92070000,23750
9,1023,92070000,92079000,27478,45796,92160000,23775
9,1024,92160000,92169000,27478,45796,92250000,23797
9,1025,92250000,92259000,27478,45796,92340000,23821
9,1026,92340000,92349000,27478,45796,92430000,23843
9,1027,92430000,92439000,27478,45796,92520000,23868
9,1028,92520000,92529000,27478,45796,92610000,23890
9,1029,92610000,92619000,27478,45796,92700000,23915
9,103,9270000,9279000,27478,45796,9360000,2413
9,1030,92700000,92709000,27478,45796,92790000,23935
9,1031,92790000,92799000,27478,45796,92880000,23960
9,1032,92880000,92889000,27478,45796,92970000,23983
9,1033,92970000,92979000,27478,45796,93060000,24007
9,1034,93060000,93069000,27478,45796,93150000,24029
9,1035,93150000,93159000,27478,45796,93240000,24054
9,1036,93240000,93249000,27478,45796,93330000,24075
9,1037,93330000,93339000,27478,45796,93420000,24100
9,1038,93420000,93429000,27478,45796,93510000,24121
9,1039,93510000,93519000,27478,45796,93600000,24148
9,104,9360000,9369000,27478,45796,9450000,2435
9,1040,93600000,93609000,27478,45796,93690000,24168
9,1041,93690000,93699000,27478,45796,93780000,24192
9,1042,93780000,93789000,27478,45796,93870000,24215
9,1043,93870000,93879000,27478,45796,93960000,24240
9,1044,93960000,93969000,27478,45796,94050000,24261
9,1045,94050000,94059000,27478,45796,94140000,24285
9,1046,94140000,94149000,27478,45796,94230000,24307
9,1047,94230000,94239000,27478,45796,94320000,24333
9,1048,94320000,94329000,27478,45796,94410000,24354
9,1049,94410000,94419000,27478,45796,94500000,24379
9,105,9450000,9459000,27478,45796,9540000,2458
9,1050,94500000,94509000,27478,45796,94590000,24400
9,1051,94590000,94599000,27478,45796,94680000,24425
9,1052,94680000,94689000,27478,45796,94770000,24447
9,1053,94770000,94779000,27478,45796,94860000,24472
9,1054,94860000,94869000,27478,45796,94950000,24493
9,1055,94950000,94959000,27478,45796,95040000,24518
9,1056,95040000,95049000,27478,45796,95130000,24540
9,1057,95130000,95139000,27478,45796,95220000,24564
9,1058,95220000,95229000,27478,45796,95310000,24586
9,1059,95310000,95319000,27478,45796,95400000,24611
9,106,9540000,9549000,27478,45796,9630000,2480
9,1060,95400000,95409000,27478,45796,95490000,24633
9,1061,95490000,95499000,27478,45796,95580000,24657
9,1062,95580000,95589000,27478,45796,95670000,24678
9,1063,95670000,95679000,27478,45796,95760000,24705
9,1064,95760000,95769000,27478,45796,95850000,24726
9,1065,95850000,95859000,27478,45796,95940000,24750
9,1066,95940000,95949000,27478,45796,96030000,24771
9,1067,96030000,96039000,27478,45796,96120000,24797
9,1068,96120000,96129000,27478,45796,96210000,24819
9,1069,96210000,96219000,27478,45796,96300000,24843
9,107,9630000,9639000,27478,45796,9720000,2505
9,1070,96300000,96309000,27478,45796,96390000,24864
9,1071,96390000,96399000,27478,45796,96480000,24890
9,1072,96480000,96489000,27478,45796,96570000,24911
9,1073,96570000,96579000,27478,45796,96660000,24936
9,1074,96660000,96669000,27478,45796,96750000,24958
9,1075,96750000,96759000,27478,45796,96840000,24982
9,1076,96840000,96849000,27478,45796,96930000,25004
9,1077,96930000,96939000,27478,45796,97020000,25029
9,1078,97020000,97029000,27478,45796,97110000,25051
9,1079,97110000,97119000,27478,45796,97200000,25076
9,108,9720000,9729000,27478,45796,9810000,2527
9,1080,97200000,97209000,27478,45796,97290000,25096
9,1081,97290000,97299000,27478,45796,97380000,25122
9,1082,97380000,97389000,27478,45796,97470000,25143
9,1083,97470000,97479000,27478,45796,97560000,25168
9,1084,97560000,97569000,27478,45796,97650000,25191
9,1085,97650000,97659000,27478,45796,97740000,25214
9,1086,97740000,97749000,27478,45796,97830000,25236
9,1087,97830000,97839000,27478,45796,97920000,25261
9,1088,97920000,97929000,27478,45796,98010000,25283
9,1089,98010000,98019000,27478,45796,98100000,25308
9,109,9810000,9819000,27478,45796,9900000,2552
9,1090,98100000,98109000,27478,45796,98190000,25328
9,1091,98190000,98199000,27478,45796,98280000,25355
9,1092,98280000,98289000,27478,45796,98370000,25376
9,1093,98370000,98379000,27478,45796,98460000,25400
9,1094,98460000,98469000,27478,45796,98550000,25422
9,1095,98550000,98559000,27478,45796,98640000,25447
9,1096,98640000,98649000,27478,45796,98730000,25468
9,1097,98730000,98739000,27478,45796,98820000,25493
9,1098,98820000,98829000,27478,45796,98910000,25515
9,1099,98910000,98919000,27478,45796,99000000,25541
9,11,990000,999000,27478,45796,1080000,276
9,110,9900000,9909000,27478,45796,9990000,2572
9,1100,99000000,99009000,27478,45796,99090000,25561
9,1101,99090000,99099000,27478,45796,99180000,25585
9,1102,99180000,99189000,27478,45796,99270000,25608
9,1103,99270000,99279000,27478,45796,99360000,25633
9,1104,99360000,99369000,27478,45796,99450000,25655
9,1105,99450000,99459000,27478,45796,99540000,25679
9,1106,99540000,99549000,27478,45796,99630000,25700
9,1107,99630000,99639000,27478,45796,99720000,25726
9,1108,99720000,99729000,27478,45796,99810000,25747
9,1109,99810000,99819000,27478,45796,99900000,25772
9,111,9990000,9999000,27478,45796,10080000,2599
9,1110,99900000,99909000,27478,45796,99990000,25793
9,1111,99990000,99999000,27478,45796,100080000,25818
9,1112,100080000,100089000,27478,45796,100170000,25841
9,1113,100170000,100179000,27478,45796,100260000,25865
9,1114,100260000,100269000,27478,45796,100350000,25886
9,1115,100350000,100359000,27478,45796,100440000,25911
9,1116,100440000,100449000,27478,45796,100530000,25933
9,1117,100530000,100539000,27478,45796,100620000,25958
9,1118,100620000,100629000,27478,45796,100710000,25979
9,1119,100710000,100719000,27478,45796,100800000,26005
9,112,10080000,10089000,27478,45796,10170000,2620
9,1120,100800000,100809000,27478,45796,100890000,26026
9,1121,100890000,100899000,27478,45796,100980000,26050
9,1122,100980000,100989000,27478,45796,101070000,26071
9,1123,101070000,101079000,27478,45796,101160000,26098
9,1124,101160000,101169000,27478,45796,101250000,26119
9,1125,101250000,101259000,27478,45796,101340000,26143
9,1126,101340000,101349000,27478,45796,101430000,26165
9,1127,101430000,101439000,27478,45796,101520000,26190
9,1128,101520000,101529000,27478,45796,101610000,26212
9,1129,101610000,101619000,27478,45796,101700000,26236
9,113,10170000,10179000,27478,45796,10260000,2644
9,1130,101700000,101709000,27478,45796,101790000,26258
9,1131,101790000,101799000,27478,45796,101880000,26283
9,1132,101880000,101889000,27478,45796,101970000,26304
9,1133,101970000,101979000,27478,45796,102060000,26330
9,1134,102060000,102069000,27478,45796,102150000,26351
9,1135,102150000,102159000,27478,45796,102240000,26375
9,1136,102240000,102249000,27478,45796,102330000,26397
9,1137,102330000,102339000,27478,45796,102420000,26422
9,1138,102420000,102429000,27478,45796,102510000,26444
9,1139,102510000,102519000,27478,45796,102600000,26469
9,114,10260000,10269000,27478,45796,10350000,2666
9,1140,102600000,102609000,27478,45796,102690000,26490
9,1141,102690000,102699000,27478,45796,102780000,26515
9,1142,102780000,102789000,27478,45796,102870000,26536
9,1143,102870000,102879000,27478,45796,102960000,26562
9,1144,102960000,102969000,27478,45796,103050000,26584
9,1145,103050000,103059000,27478,45796,103140000,26607
9,1146,103140000,103149000,27478,45796,103230000,26629
9,1147,103230000,103239000,27478,45796,103320000,26655
9,1148,103320000,103329000,27478,45796,103410000,26676
9,1149,103410000,103419000,27478,45796,103500000,26701
9,115,10350000,10359000,27478,45796,10440000,2691
9,1150,103500000,103509000,27478,45796,103590000,26721
9,1151,103590000,103599000,27478,45796,103680000,26748
9,1152,103680000,103689000,27478,45796,103770000,26769
9,1153,103770000,103779000,27478,45796,103860000,26793
9,1154,103860000,103869000,27478,45796,103950000,26816
9,1155,103950000,103959000,27478,45796,104040000,26840
9,1156,104040000,104049000,27478,45796,104130000,26862
9,1157,104130000,104139000,27478,45796,104220000,26886
9,1158,104220000,104229000,27478,45796,104310000,26908
9,1159,104310000,104319000,27478,45796,104400000,26934
9,116,10440000,10449000,27478,45796,10530000,2713
9,1160,104400000,104409000,27478,45796,104490000,26954
9,1161,104490000,104499000,27478,45796,104580000,26979
9,1162,104580000,104589000,27478,45796,104670000,27001
9,1163,104670000,104679000,27478,45796,104760000,27026
9,1164,104760000,104769000,27478,45796,104850000,27048
9,1165,104850000,104859000,27478,45796,104940000,27072
9,1166,104940000,104949000,27478,45796,105030000,27093
9,1167,105030000,105039000,27478,45796,105120000,27119
9,1168,105120000,105129000,27478,45796,105210000,27141
9,1169,105210000,105219000,27478,45796,105300000,27166
9,117,10530000,10539000,27478,45796,10620000,2737
9,1170,105300000,105309000,27478,45796,105390000,27186
9,1171,105390000,105399000,27478,45796,105480000,27211
9,1172,105480000,105489000,27478,45796,105570000,27234
9,1173,105570000,105579000,27478,45796,105660000,27258
9,1174,105660000,105669000,27478,45796,105750000,27279
9,1175,105750000,105759000,27478,45796,105840000,27305
9,1176,105840000,105849000,27478,45796,105930000,27326
9,1177,105930000,105939000,27478,45796,106020000,27351
9,1178,106020000,106029000,27478,45796,106110000,27372
9,1179,106110000,106119000,27478,45796,106200000,27398
9,118,10620000,10629000,27478,45796,10710000,2759
9,1180,106200000,106209000,27478,45796,106290000,27419
9,1181,106290000,106299000,27478,45796,106380000,27443
9,1182,106380000,106389000,27478,45796,106470000,27466
9,1183,106470000,106479000,27478,45796,106560000,27491
9,1184,106560000,106569000,27478,45796,106650000,27512
9,1185,106650000,106659000,27478,45796,106740000,27536
9,1186,106740000,106749000,27478,45796,106830000,27558
9,1187,106830000,106839000,27478,45796,106920000,27583
9,1188,106920000,106929000,27478,45796,107010000,27605
9,1189,107010000,107019000,27478,45796,107100000,27630
9,119,10710000,10719000,27478,45796,10800000,2785
9,1190,107100000,107109000,27478,45796,107190000,27651
9,1191,107190000,107199000,27478,45796,107280000,27676
9,1192,107280000,107289000,27478,45796,107370000,27697
9,1193,107370000,107379000,27478,45796,107460000,27723
9,1194,107460000,107469000,27478,45796,107550000,27744
9,1195,107550000,107559000,27478,45796,107640000,27769
9,1196,107640000,107649000,27478,45796,107730000,27791
9,1197,107730000,107739000,27478,45796,107820000,27815
9,1198,107820000,107829000,27478,45796,107910000,27837
9,1199,107910000,107919000,27478,45796,108000000,27862
9,12,1080000,1089000,27478,45796,1170000,298
9,120,10800000,10809000,27478,45796,10890000,2805
9,1200,108000000,108009000,27478,45796,108090000,27883
9,1201,108090000,108099000,27478,45796,108180000,27908
9,1202,108180000,108189000,27478,45796,108270000,27929
9,1203,108270000,108279000,27478,45796,108360000,27956
9,1204,108360000,108369000,27478,45796,108450000,27977
9,1205,108450000,108459000,27478,45796,108540000,28000
9,1206,108540000,108549000,27478,45796,108630000,28022
9,1207,108630000,108639000,27478,45796,108720000,28048
9,1208,108720000,108729000,27478,45796,108810000,28070
9,1209,108810000,108819000,27478,45796,108900000,28094
9,121,10890000,10899000,27478,45796,10980000,2829
9,1210,108900000,108909000,27478,45796,108990000,28115
9,1211,108990000,108999000,27478,45796,109080000,28141
9,1212,109080000,109089000,27478,45796,109170000,28162
9,1213,109170000,109179000,27478,45796,109260000,28186
9,1214,109260000,109269000,27478,45796,109350000,28209
9,1215,109350000,109359000,27478,45796,109440000,28233
9,1216,109440000,109449000,27478,45796,109530000,28255
9,1217,109530000,109539000,27478,45796,109620000,28280
9,1218,109620000,109629000,27478,45796,109710000,28301
9,1219,109710000,109719000,27478,45796,109800000,28327
9,122,10980000,10989000,27478,45796,11070000,2852
9,1220,109800000,109809000,27478,45796,109890000,28347
9,1221,109890000,109899000,27478,45796,109980000,28373
9,1222,109980000,109989000,27478,45796,110070000,28394
9,1223,110070000,110079000,27478,45796,110160000,28419
9,1224,110160000,110169000,27478,45796,110250000,28442
9,1225,110250000,110259000,27478,45796,110340000,28465
9,1226,110340000,110349000,27478,45796,110430000,28486
9,1227,110430000,110439000,27478,45796,110520000,28512
9,1228,110520000,110529000,27478,45796,110610000,28534
9,1229,110610000,110619000,27478,45796,110700000,28559
9,123,11070000,11079000,27478,45796,11160000,2877
9,1230,110700000,110709000,27478,45796,110790000,28579
9,1231,110790000,110799000,27478,45796,110880000,28605
9,1232,110880000,110889000,27478,45796,110970000,28627
9,1233,110970000,110979000,27478,45796,111060000,28651
9,1234,111060000,111069000,27478,45796,111150000,28673
9,1235,111150000,111159000,27478,45796,111240000,28698
9,1236,111240000,111249000,27478,45796,111330000,28719
9,1237,111330000,111339000,27478,45796,111420000,28744
9,1238,111420000,111429000,27478,45796,111510000,28766
9,1239,111510000,111519000,27478,45796,111600000,28791
9,124,11160000,11169000,27478,45796,11250000,2899
9,1240,111600000,111609000,27478,45796,111690000,28812
9,1241,111690000,111699000,27478,45796,111780000,28836
9,1242,111780000,111789000,27478,45796,111870000,28859
9,1243,111870000,111879000,27478,45796,111960000,28884
9,1244,111960000,111969000,27478,45796,112050000,28905
9,1245,112050000,112059000,27478,45796,112140000,28930
9,1246,112140000,112149000,27478,45796,112230000,28951
9,1247,112230000,112239000,27478,45796,112320000,28977
9,1248,112320000,112329000,27478,45796,112410000,28998
9,1249,112410000,112419000,27478,45796,112500000,29023
9,125,11250000,11259000,27478,45796,11340000,2923
9,1250,112500000,112509000,27478,45796,112590000,29044
9,1251,112590000,112599000,27478,45796,112680000,29069
9,1252,112680000,112689000,27478,45796,112770000,29091
9,1253,112770000,112779000,27478,45796,112860000,29116
9,1254,112860000,112869000,27478,45796,112950000,29137
9,1255,112950000,112959000,27478,45796,113040000,29162
9,1256,113040000,113049000,27478,45796,113130000,29184
9,1257,113130000,113139000,27478,45796,113220000,29208
9,1258,113220000,113229000,27478,45796,113310000,29230
9,1259,113310000,113319000,27478,45796,113400000,29256
9,126,11340000,11349000,27478,45796,11430000,2944
9,1260,113400000,113409000,27478,45796,113490000,29277
9,1261,113490000,113499000,27478,45796,113580000,29301
9,1262,113580000,113589000,27478,45796,113670000,29322
9,1263,113670000,113679000,27478,45796,113760000,29349
9,1264,113760000,113769000,27478,45796,113850000,29370
9,1265,113850000,113859000,27478,45796,113940000,29393
9,1266,113940000,113949000,27478,45796,114030000,29416
9,1267,114030000,114039000,27478,45796,114120000,29441
9,1268,114120000,114129000,27478,45796,114210000,29463
9,1269,114210000,114219000,27478,45796,114300000,29487
9,127,11430000,11439000,27478,45796,11520000,2970
9,1270,114300000,114309000,27478,45796,114390000,29508
9,1271,114390000,114399000,27478,45796,114480000,29534
9,1272,114480000,114489000,27478,45796,114570000,29555
9,1273,114570000,114579000,27478,45796,114660000,29581
9,1274,114660000,114669000,27478,45796,114750000,29602
9,1275,114750000,114759000,27478,45796,114840000,29626
9,1276,114840000,114849000,27478,45796,114930000,29648
9,1277,114930000,114939000,27478,45796,115020000,29673
9,1278,115020000,115029000,27478,45796,115110000,29694
9,1279,115110000,115119000,27478,45796,115200000,29720
9,128,11520000,11529000,27478,45796,11610000,2991
9,1280,115200000,115209000,27478,45796,115290000,29741
9,1281,115290000,115299000,27478,45796,115380000,29766
9,1282,115380000,115389000,27478,45796,115470000,29787
9,1283,115470000,115479000,27478,45796,115560000,29812
9,1284,115560000,115569000,27478,45796,115650000,29835
9,1285,115650000,115659000,27478,45796,115740000,29858
9,1286,115740000,115749000,27478,45796,115830000,29880
9,1287,115830000,115839000,27478,45796,115920000,29906
9,1288,115920000,115929000,27478,45796,116010000,29927
9,1289,116010000,116019000,27478,45796,116100000,29952
9,129,11610000,11619000,27478,45796,11700000,3017
9,1290,116100000,116109000,27478,45796,116190000,29972
9,1291,116190000,116199000,27478,45796,116280000,29998
9,1292,116280000,116289000,27478,45796,116370000,30020
9,1293,116370000,116379000,27478,45796,116460000,30044
9,1294,116460000,116469000,27478,45796,116550000,30067
9,1295,116550000,116559000,27478,45796,116640000,30091
9,1296,116640000,116649000,27478,45796,116730000,30112
9,1297,116730000,116739000,27478,45796,116820000,30137
9,1298,116820000,116829000,27478,45796,116910000,30159
9,1299,116910000,116919000,27478,45796,117000000,30185
9,13,1170000,1179000,27478,45796,1260000,323
9,130,11700000,11709000,27478,45796,11790000,3037
9,1300,117000000,117009000,27478,45796,117090000,30205
9,1301,117090000,117099000,27478,45796,117180000,30230
9,1302,117180000,117189000,27478,45796,117270000,30252
9,1303,117270000,117279000,27478,45796,117360000,30277
9,1304,117360000,117369000,27478,45796,117450000,30298
9,1305,117450000,117459000,27478,45796,117540000,30323
9,1306,117540000,117549000,27478,45796,117630000,30344
9,1307,117630000,117639000,27478,45796,117720000,30370
9,1308,117720000,117729000,27478,45796,117810000,30392
9,1309,117810000,117819000,27478,45796,117900000,30416
9,131,11790000,11799000,27478,45796,11880000,3062
9,1310,117900000,117909000,27478,45796,117990000,30437
9,1311,117990000,117999000,27478,45796,118080000,30462
9,1312,118080000,118089000,27478,45796,118170000,30485
9,1313,118170000,118179000,27478,45796,118260000,30509
9,1314,118260000,118269000,27478,45796,118350000,30530
9,1315,118350000,118359000,27478,45796,118440000,30556
9,1316,118440000,118449000,27478,45796,118530000,30577
9,1317,118530000,118539000,27478,45796,118620000,30601
9,1318,118620000,118629000,27478,45796,118710000,30623
9,1319,118710000,118719000,27478,45796,118800000,30649
9,132,11880000,11889000,27478,45796,11970000,3085
9,1320,118800000,118809000,27478,45796,118890000,30670
9,1321,118890000,118899000,27478,45796,118980000,30694
9,1322,118980000,118989000,27478,45796,119070000,30716
9,1323,119070000,119079000,27478,45796,119160000,30742
9,1324,119160000,119169000,27478,45796,119250000,30763
9,1325,119250000,119259000,27478,45796,119340000,30787
9,1326,119340000,119349000,27478,45796,119430000,30809
9,1327,119430000,119439000,27478,45796,119520000,30834
9,1328,119520000,119529000,27478,45796,119610000,30856
9,1329,119610000,119619000,27478,45796,119700000,30881
9,133,11970000,11979000,27478,45796,12060000,3109
9,1330,119700000,119709000,27478,45796,119790000,30901
9,1331,119790000,119799000,27478,45796,119880000,30927
9,1332,119880000,119889000,27478,45796,119970000,30948
9,1333,119970000,119979000,27478,45796,120060000,30974
9,1334,120060000,120069000,27478,45796,120150000,30995
9,1335,120150000,120159000,27478,45796,120240000,31019
9,1336,120240000,120249000,27478,45796,120330000,31042
9,1337,120330000,120339000,27478,45796,120420000,31066
9,1338,120420000,120429000,27478,45796,120510000,31088
9,1339,120510000,120519000,27478,45796,120600000,31113
9,134,12060000,12069000,27478,45796,12150000,3130
9,1340,120600000,120609000,27478,45796,120690000,31134
9,1341,120690000,120699000,27478,45796,120780000,31159
9,1342,120780000,120789000,27478,45796,120870000,31180
9,1343,120870000,120879000,27478,45796,120960000,31206
9,1344,120960000,120969000,27478,45796,121050000,31228
9,1345,121050000,121059000,27478,45796,121140000,31251
9,1346,121140000,121149000,27478,45796,121230000,31273
9,1347,121230000,121239000,27478,45796,121320000,31299
9,1348,121320000,121329000,27478,45796,121410000,31320
9,1349,121410000,121419000,27478,45796,121500000,31345
9,135,12150000,12159000,27478,45796,12240000,3155
9,1350,121500000,121509000,27478,45796,121590000,31366
9,1351,121590000,121599000,27478,45796,121680000,31392
9,1352,121680000,121689000,27478,45796,121770000,31413
9,1353,121770000,121779000,27478,45796,121860000,31437
9,1354,121860000,121869000,27478,45796,121950000,31460
9,1355,121950000,121959000,27478,45796,122040000,31484
9,1356,122040000,122049000,27478,45796,122130000,31505
9,1357,122130000,122139000,27478,45796,122220000,31531
9,1358,122220000,122229000,27478,45796,122310000,31552
9,1359,122310000,122319000,27478,45796,122400000,31578
9,136,12240000,12249000,27478,45796,12330000,3177
9,1360,122400000,122409000,27478,45796,122490000,31598
9,1361,122490000,122499000,27478,45796,122580000,31623
9,1362,122580000,122589000,27478,45796,122670000,31645
9,1363,122670000,122679000,27478,45796,122760000,31670
9,1364,122760000,122769000,27478,45796,122850000,31693
9,1365,122850000,122859000,27478,45796,122940000,31716
9,1366,122940000,122949000,27478,45796,123030000,31737
9,1367,123030000,123039000,27478,45796,123120000,31763
9,1368,123120000,123129000,27478,45796,123210000,31785
9,1369,123210000,123219000,27478,45796,123300000,31809
9,137,12330000,12339000,27478,45796,12420000,3202
9,1370,123300000,123309000,27478,45796,123390000,31830
9,1371,123390000,123399000,27478,45796,123480000,31856
9,1372,123480000,123489000,27478,45796,123570000,31878
9,1373,123570000,123579000,27478,45796,123660000,31902
9,1374,123660000,123669000,27478,45796,123750000,31923
9,1375,123750000,123759000,27478,45796,123840000,31949
9,1376,123840000,123849000,27478,45796,123930000,31970
9,1377,123930000,123939000,27478,45796,124020000,31995
9,1378,124020000,124029000,27478,45796,124110000,32017
9,1379,124110000,124119000,27478,45796,124200000,32042
9,138,12420000,12429000,27478,45796,12510000,3223
9,1380,124200000,124209000,27478,45796,124290000,32063
9,1381,124290000,124299000,27478,45796,124380000,32087
9,1382,124380000,124389000,27478,45796,124470000,32109
9,1383,124470000,124479000,27478,45796,124560000,32135
9,1384,124560000,124569000,27478,45796,124650000,32156
9,1385,124650000,124659000,27478,45796,124740000,32181
9,1386,124740000,124749000,27478,45796,124830000,32202
9,1387,124830000,124839000,27478,45796,124920000,32227
9,1388,124920000,124929000,27478,45796,125010000,32249
9,1389,125010000,125019000,27478,45796,125100000,32274
9,139,12510000,12519000,27478,45796,12600000,3249
9,1390,125100000,125109000,27478,45796,125190000,32295
9,1391,125190000,125199000,27478,45796,125280000,32320
9,1392,125280000,125289000,27478,45796,125370000,32342
9,1393,125370000,125379000,27478,45796,125460000,32367
9,1394,125460000,125469000,27478,45796,125550000,32388
9,1395,125550000,125559000,27478,45796,125640000,32412
9,1396,125640000,125649000,27478,45796,125730000,32435
9,1397,125730000,125739000,27478,45796,125820000,32459
9,1398,125820000,125829000,27478,45796,125910000,32481
9,1399,125910000,125919000,27478,45796,126000000,32507
9,14,1260000,1269000,27478,45796,1350000,344
9,140,12600000,12609000,27478,45796,12690000,3270
9,1400,126000000,126009000,27478,45796,126090000,32527
9,1401,126090000,126099000,27478,45796,126180000,32552
9,1402,126180000,126189000,27478,45796,126270000,32573
9,1403,126270000,126279000,27478,45796,126360000,32600
9,1404,126360000,126369000,27478,45796,126450000,32621
9,1405,126450000,126459000,27478,45796,126540000,32644
9,1406,126540000,126549000,27478,45796,126630000,32667
9,1407,126630000,126639000,27478,45796,126720000,32692
9,1408,126720000,126729000,27478,45796,126810000,32713
9,1409,126810000,126819000,27478,45796,126900000,32738
9,141,12690000,12699000,27478,45796,12780000,3294
9,1410,126900000,126909000,27478,45796,126990000,32759
9,1411,126990000,126999000,27478,45796,127080000,32785
9,1412,127080000,127089000,27478,45796,127170000,32806
9,1413,127170000,127179000,27478,45796,127260000,32831
9,1414,127260000,127269000,27478,45796,127350000,32853
9,1415,127350000,127359000,27478,45796,127440000,32877
9,1416,127440000,127449000,27478,45796,127530000,32899
9,1417,127530000,127539000,27478,45796,127620000,32924
9,1418,127620000,127629000,27478,45796,127710000,32945
9,1419,127710000,127719000,27478,45796,127800000,32971
9,142,12780000,12789000,27478,45796,12870000,3316
9,1420,127800000,127809000,27478,45796,127890000,32992
9,1421,127890000,127899000,27478,45796,127980000,33016
9,1422,127980000,127989000,27478,45796,128070000,33038
9,1423,128070000,128079000,27478,45796,128160000,33063
9,1424,128160000,128169000,27478,45796,128250000,33086
9,1425,128250000,128259000,27478,45796,128340000,33109
9,1426,128340000,128349000,27478,45796,128430000,33130
9,1427,128430000,128439000,27478,45796,128520000,33157
9,1428,128520000,128529000,27478,45796,128610000,33178
9,1429,128610000,128619000,27478,45796,128700000,33203
9,143,12870000,12879000,27478,45796,12960000,3342
9,1430,128700000,128709000,27478,45796,128790000,33223
9,1431,128790000,128799000,27478,45796,128880000,33249
9,1432,128880000,128889000,27478,45796,128970000,33271
9,1433,128970000,128979000,27478,45796,129060000,33295
9,1434,129060000,129069000,27478,45796,129150000,33317
9,1435,129150000,129159000,27478,45796,129240000,33342
9,1436,129240000,129249000,27478,45796,129330000,33363
9,1437,129330000,129339000,27478,45796,129420000,33388
9,1438,129420000,129429000,27478,45796,129510000,33410
9,1439,129510000,129519000,27478,45796,129600000,33435
9,144,12960000,12969000,27478,45796,13050000,3363
9,1440,129600000,129609000,27478,45796,129690000,33456
9,1441,129690000,129699000,27478,45796,129780000,33481
9,1442,129780000,129789000,27478,45796,129870000,33503
9,1443,129870000,129879000,27478,45796,129960000,33528
9,1444,129960000,129969000,27478,45796,130050000,33549
9,1445,130050000,130059000,27478,45796,130140000,33574
9,1446,130140000,130149000,27478,45796,130230000,33595
9,1447,130230000,130239000,27478,45796,130320000,33620
9,1448,130320000,130329000,27478,45796,130410000,33643
9,1449,130410000,130419000,27478,45796,130500000,33667
9,145,13050000,13059000,27478,45796,13140000,3387
9,1450,130500000,130509000,27478,45796,130590000,33688
9,1451,130590000,130599000,27478,45796,130680000,33713
9,1452,130680000,130689000,27478,45796,130770000,33735
9,1453,130770000,130779000,27478,45796,130860000,33760
9,1454,130860000,130869000,27478,45796,130950000,33781
9,1455,130950000,130959000,27478,45796,131040000,33807
9,1456,131040000,131049000,27478,45796,131130000,33828
9,1457,131130000,131139000,27478,45796,131220000,33852
9,1458,131220000,131229000,27478,45796,131310000,33874
9,1459,131310000,131319000,27478,45796,131400000,33900
9,146,13140000,13149000,27478,45796,13230000,3409
9,1460,131400000,131409000,27478,45796,131490000,33920
9,1461,131490000,131499000,27478,45796,131580000,33945
9,1462,131580000,131589000,27478,45796,131670000,33967
9,1463,131670000,131679000,27478,45796,131760000,33993
9,1464,131760000,131769000,27478,45796,131850000,34014
9,1465,131850000,131859000,27478,45796,131940000,34037
9,1466,131940000,131949000,27478,45796,132030000,34060
9,1467,132030000,132039000,27478,45796,132120000,34085
9,1468,132120000,132129000,27478,45796,132210000,34107
9,1469,132210000,132219000,27478,45796,132300000,34132
9,147,13230000,13239000,27478,45796,13320000,3434
9,1470,132300000,132309000,27478,45796,132390000,34152
9,1471,132390000,132399000,27478,45796,132480000,34178
9,1472,132480000,132489000,27478,45796,132570000,34199
9,1473,132570000,132579000,27478,45796,132660000,34224
9,1474,132660000,132669000,27478,45796,132750000,34246
9,1475,132750000,132759000,27478,45796,132840000,34270
9,1476,132840000,132849000,27478,45796,132930000,34293
9,1477,132930000,132939000,27478,45796,133020000,34317
9,1478,133020000,133029000,27478,45796,133110000,34338
9,1479,133110000,133119000,27478,45796,133200000,34364
9,148,13320000,13329000,27478,45796,13410000,3456
9,1480,133200000,133209000,27478,45796,133290000,34385
9,1481,133290000,133299000,27478,45796,133380000,34410
9,1482,133380000,133389000,27478,45796,133470000,34431
9,1483,133470000,133479000,27478,45796,133560000,34457
9,1484,133560000,133569000,27478,45796,133650000,34479
9,1485,133650000,133659000,27478,45796,133740000,34502
9,1486,133740000,133749000,27478,45796,133830000,34523
9,1487,133830000,133839000,27478,45796,133920000,34550
9,1488,133920000,133929000,27478,45796,134010000,34571
9,1489,134010000,134019000,27478,45796,134100000,34596
9,149,13410000,13419000,27478,45796,13500000,3480
9,1490,134100000,134109000,27478,45796,134190000,34617
9,1491,134190000,134199000,27478,45796,134280000,34642
9,1492,134280000,134289000,27478,45796,134370000,34664
9,1493,134370000,134379000,27478,45796,134460000,34688
9,1494,134460000,134469000,27478,45796,134550000,34711
9,1495,134550000,134559000,27478,45796,134640000,34735
9,1496,134640000,134649000,27478,45796,134730000,34756
9,1497,134730000,134739000,27478,45796,134820000,34782
9,1498,134820000,134829000,27478,45796,134910000,34803
9,1499,134910000,134919000,27478,45796,135000000,34828
9,15,1350000,1359000,27478,45796,1440000,369
9,150,13500000,13509000,27478,45796,13590000,3502
9,1500,135000000,135009000,27478,45796,135090000,34849
9,1501,135090000,135099000,27478,45796,135180000,34874
9,1502,135180000,135189000,27478,45796,135270000,34896
9,1503,135270000,135279000,27478,45796,135360000,34921
9,1504,135360000,135369000,27478,45796,135450000,34943
9,1505,135450000,135459000,27478,45796,135540000,34967
9,1506,135540000,135549000,27478,45796,135630000,34988
9,1507,135630000,135639000,27478,45796,135720000,35014
9,1508,135720000,135729000,27478,45796,135810000,35036
9,1509,135810000,135819000,27478,45796,135900000,35060
9,151,13590000,13599000,27478,45796,13680000,3527
9,1510,135900000,135909000,27478,45796,135990000,35081
9,1511,135990000,135999000,27478,45796,136080000,35107
9,1512,136080000,136089000,27478,45796,136170000,35128
9,1513,136170000,136179000,27478,45796,136260000,35153
9,1514,136260000,136269000,27478,45796,136350000,35174
9,1515,136350000,136359000,27478,45796,136440000,35200
9,1516,136440000,136449000,27478,45796,136530000,35221
9,1517,136530000,136539000,27478,45796,136620000,35245
9,1518,136620000,136629000,27478,45796,136710000,35268
9,1519,136710000,136719000,27478,45796,136800000,35293
9,152,13680000,13689000,27478,45796,13770000,3548
9,1520,136800000,136809000,27478,45796,136890000,35314
9,1521,136890000,136899000,27478,45796,136980000,35338
9,1522,136980000,136989000,27478,45796,137070000,35360
9,1523,137070000,137079000,27478,45796,137160000,35386
9,1524,137160000,137169000,27478,45796,137250000,35407
9,1525,137250000,137259000,27478,45796,137340000,35431
9,1526,137340000,137349000,27478,45796,137430000,35453
9,1527,137430000,137439000,27478,45796,137520000,35478
9,1528,137520000,137529000,27478,45796,137610000,35500
9,1529,137610000,137619000,27478,45796,137700000,35525
9,153,13770000,13779000,27478,45796,13860000,3574
9,1530,137700000,137709000,27478,45796,137790000,35545
9,1531,137790000,137799000,27478,45796,137880000,35571
9,1532,137880000,137889000,27478,45796,137970000,35593
9,1533,137970000,137979000,27478,45796,138060000,35618
9,1534,138060000,138069000,27478,45796,138150000,35639
9,1535,138150000,138159000,27478,45796,138240000,35663
9,1536,138240000,138249000,27478,45796,138330000,35686
9,1537,138330000,138339000,27478,45796,138420000,35710
9,1538,138420000,138429000,27478,45796,138510000,35731
9,1539,138510000,138519000,27478,45796,138600000,35758
9,154,13860000,13869000,27478,45796,13950000,3595
9,1540,138600000,138609000,27478,45796,138690000,35778
9,1541,138690000,138699000,27478,45796,138780000,35803
9,1542,138780000,138789000,27478,45796,138870000,35824
9,1543,138870000,138879000,27478,45796,138960000,35850
9,1544,138960000,138969000,27478,45796,139050000,35872
9,1545,139050000,139059000,27478,45796,139140000,35895
9,1546,139140000,139149000,27478,45796,139230000,35918
9,1547,139230000,139239000,27478,45796,139320000,35943
9,1548,139320000,139329000,27478,45796,139410000,35964
9,1549,139410000,139419000,27478,45796,139500000,35989
9,155,13950000,13959000,27478,45796,14040000,3620
9,1550,139500000,139509000,27478,45796,139590000,36010
9,1551,139590000,139599000,27478,45796,139680000,36035
9,1552,139680000,139689000,27478,45796,139770000,36057
9,1553,139770000,139779000,27478,45796,139860000,36082
9,1554,139860000,139869000,27478,45796,139950000,36104
9,1555,139950000,139959000,27478,45796,140040000,36128
9,1556,140040000,140049000,27478,45796,140130000,36149
9,1557,140130000,140139000,27478,45796,140220000,36175
9,1558,140220000,140229000,27478,45796,140310000,36196
9,1559,140310000,140319000,27478,45796,140400000,36222
9,156,14040000,14049000,27478,45796,14130000,3641
9,1560,140400000,140409000,27478,45796,140490000,36243
9,1561,140490000,140499000,27478,45796,140580000,36267
9,1562,140580000,140589000,27478,45796,140670000,36289
9,1563,140670000,140679000,27478,45796,140760000,36314
9,1564,140760000,140769000,27478,45796,140850000,36336
9,1565,140850000,140859000,27478,45796,140940000,36360
9,1566,140940000,140949000,27478,45796,141030000,36381
9,1567,141030000,141039000,27478,45796,141120000,36408
9,1568,141120000,141129000,27478,45796,141210000,36429
9,1569,141210000,141219000,27478,45796,141300000,36453
9,157,14130000,14139000,27478,45796,14220000,3666
9,1570,141300000,141309000,27478,45796,141390000,36474
9,1571,141390000,141399000,27478,45796,141480000,36500
9,1572,141480000,141489000,27478,45796,141570000,36522
9,1573,141570000,141579000,27478,45796,141660000,36546
9,1574,141660000,141669000,27478,45796,141750000,36568
9,1575,141750000,141759000,27478,45796,141840000,36593
9,1576,141840000,141849000,27478,45796,141930000,36614
9,1577,141930000,141939000,27478,45796,142020000,36638
9,1578,142020000,142029000,27478,45796,142110000,36661
9,1579,142110000,142119000,27478,45796,142200000,36686
9,158,14220000,14229000,27478,45796,14310000,3688
9,1580,142200000,142209000,27478,45796,142290000,36707
9,1581,142290000,142299000,27478,45796,142380000,36732
9,1582,142380000,142389000,27478,45796,142470000,36753
9,1583,142470000,142479000,27478,45796,142560000,36779
9,1584,142560000,142569000,27478,45796,142650000,36800
9,1585,142650000,142659000,27478,45796,142740000,36825
9,1586,142740000,142749000,27478,45796,142830000,36846
9,1587,142830000,142839000,27478,45796,142920000,36871
9,1588,142920000,142929000,27478,45796,143010000,36894
9,1589,143010000,143019000,27478,45796,143100000,36918
9,159,14310000,14319000,27478,45796,14400000,3713
9,1590,143100000,143109000,27478,45796,143190000,36938
9,1591,143190000,143199000,27478,45796,143280000,36964
9,1592,143280000,143289000,27478,45796,143370000,36986
9,1593,143370000,143379000,27478,45796,143460000,37011
9,1594,143460000,143469000,27478,45796,143550000,37032
9,1595,143550000,143559000,27478,45796,143640000,37057
9,1596,143640000,143649000,27478,45796,143730000,37079
9,1597,143730000,143739000,27478,45796,143820000,37103
9,1598,143820000,143829000,27478,45796,143910000,37125
9,1599,143910000,143919000,27478,45796,144000000,37151
9,16,1440000,1449000,27478,45796,1530000,390
9,160,14400000,14409000,27478,45796,14490000,3734
9,1600,144000000,144009000,27478,45796,144090000,37171
9,1601,144090000,144099000,27478,45796,144180000,37196
9,1602,144180000,144189000,27478,45796,144270000,37218
9,1603,144270000,144279000,27478,45796,144360000,37243
9,1604,144360000,144369000,27478,45796,144450000,37265
9,1605,144450000,144459000,27478,45796,144540000,37288
9,1606,144540000,144549000,27478,45796,144630000,37311
9,1607,144630000,144639000,27478,45796,144720000,37336
9,1608,144720000,144729000,27478,45796,144810000,37357
9,1609,144810000,144819000,27478,45796,144900000,37383
9,161,14490000,14499000,27478,45796,14580000,3759
9,1610,144900000,144909000,27478,45796,144990000,37403
9,1611,144990000,144999000,27478,45796,145080000,37429
9,1612,145080000,145089000,27478,45796,145170000,37450
9,1613,145170000,145179000,27478,45796,145260000,37475
9,1614,145260000,145269000,27478,45796,145350000,37497
9,1615,145350000,145359000,27478,45796,145440000,37521
9,1616,145440000,145449000,27478,45796,145530000,37543
9,1617,145530000,145539000,27478,45796,145620000,37568
9,1618,145620000,145629000,27478,45796,145710000,37589
9,1619,145710000,145719000,27478,45796,145800000,37615
9,162,14580000,14589000,27478,45796,14670000,3780
9,1620,145800000,145809000,27478,45796,145890000,37636
9,1621,145890000,145899000,27478,45796,145980000,37660
9,1622,145980000,145989000,27478,45796,146070000,37682
9,1623,146070000,146079000,27478,45796,146160000,37708
9,1624,146160000,146169000,27478,45796,146250000,37730
9,1625,146250000,146259000,27478,45796,146340000,37753
9,1626,146340000,146349000,27478,45796,146430000,37774
9,1627,146430000,146439000,27478,45796,146520000,37801
9,1628,146520000,146529000,27478,45796,146610000,37822
9,1629,146610000,146619000,27478,45796,146700000,37846
9,163,14670000,14679000,27478,45796,14760000,3806
9,1630,146700000,146709000,27478,45796,146790000,37868
9,1631,146790000,146799000,27478,45796,146880000,37893
9,1632,146880000,146889000,27478,45796,146970000,37915
9,1633,146970000,146979000,27478,45796,147060000,37939
9,1634,147060000,147069000,27478,45796,147150000,37961
9,1635,147150000,147159000,27478,45796,147240000,37986
9,1636,147240000,147249000,27478,45796,147330000,38007
9,1637,147330000,147339000,27478,45796,147420000,38033
9,1638,147420000,147429000,27478,45796,147510000,38054
9,1639,147510000,147519000,27478,45796,147600000,38079
9,164,14760000,14769000,27478,45796,14850000,3828
9,1640,147600000,147609000,27478,45796,147690000,38100
9,1641,147690000,147699000,27478,45796,147780000,38125
9,1642,147780000,147789000,27478,45796,147870000,38146
9,1643,147870000,147879000,27478,45796,147960000,38172
9,1644,147960000,147969000,27478,45796,148050000,38194
9,1645,148050000,148059000,27478,45796,148140000,38218
9,1646,148140000,148149000,27478,45796,148230000,38239
9,1647,148230000,148239000,27478,45796,148320000,38264
9,1648,148320000,148329000,27478,45796,148410000,38287
9,1649,148410000,148419000,27478,45796,148500000,38311
9,165,14850000,14859000,27478,45796,14940000,3851
9,1650,148500000,148509000,27478,45796,148590000,38332
9,1651,148590000,148599000,27478,45796,148680000,38358
9,1652,148680000,148689000,27478,45796,148770000,38379
9,1653,148770000,148779000,27478,45796,148860000,38404
9,1654,148860000,148869000,27478,45796,148950000,38425
9,1655,148950000,148959000,27478,45796,149040000,38450
9,1656,149040000,149049000,27478,45796,149130000,38472
9,1657,149130000,149139000,27478,45796,149220000,38496
9,1658,149220000,149229000,27478,45796,149310000,38519
9,1659,149310000,149319000,27478,45796,149400000,38544
9,166,14940000,14949000,27478,45796,15030000,3873
9,1660,149400000,149409000,27478,45796,149490000,38564
9,1661,149490000,149499000,27478,45796,149580000,38589
9,1662,149580000,149589000,27478,45796,149670000,38611
9,1663,149670000,149679000,27478,45796,149760000,38637
9,1664,149760000,149769000,27478,45796,149850000,38658
9,1665,149850000,149859000,27478,45796,149940000,38682
9,1666,149940000,149949000,27478,45796,150030000,38704
9,1667,150030000,150039000,27478,45796,150120000,38729
9,1668,150120000,150129000,27478,45796,150210000,38750
9,1669,150210000,150219000,27478,45796,150300000,38776
9,167,15030000,15039000,27478,45796,15120000,3899
9,1670,150300000,150309000,27478,45796,150390000,38796
9,1671,150390000,150399000,27478,45796,150480000,38822
9,1672,150480000,150489000,27478,45796,150570000,38844
9,1673,150570000,150579000,27478,45796,150660000,38868
9,1674,150660000,150669000,27478,45796,150750000,38890
9,1675,150750000,150759000,27478,45796,150840000,38914
9,1676,150840000,150849000,27478,45796,150930000,38937
9,1677,150930000,150939000,27478,45796,151020000,38961
9,1678,151020000,151029000,27478,45796,151110000,38982
9,1679,151110000,151119000,27478,45796,151200000,39009
9,168,15120000,15129000,27478,45796,15210000,3921
9,1680,151200000,151209000,27478,45796,151290000,39029
9,1681,151290000,151299000,27478,45796,151380000,39053
9,1682,151380000,151389000,27478,45796,151470000,39075
9,1683,151470000,151479000,27478,45796,151560000,39101
9,1684,151560000,151569000,27478,45796,151650000,39123
9,1685,151650000,151659000,27478,45796,151740000,39146
9,1686,151740000,151749000,27478,45796,151830000,39168
9,1687,151830000,151839000,27478,45796,151920000,39194
9,1688,151920000,151929000,27478,45796,152010000,39215
9,1689,152010000,152019000,27478,45796,152100000,39240
9,169,15210000,15219000,27478,45796,15300000,3945
9,1690,152100000,152109000,27478,45796,152190000,39261
9,1691,152190000,152199000,27478,45796,152280000,39286
9,1692,152280000,152289000,27478,45796,152370000,39308
9,1693,152370000,152379000,27478,45796,152460000,39333
9,1694,152460000,152469000,27478,45796,152550000,39354
9,1695,152550000,152559000,27478,45796,152640000,39379
9,1696,152640000,152649000,27478,45796,152730000,39400
9,1697,152730000,152739000,27478,45796,152820000,39426
9,1698,152820000,152829000,27478,45796,152910000,39447
9,1699,152910000,152919000,27478,45796,153000000,39472
9,17,1530000,1539000,27478,45796,1620000,415
9,170,15300000,15309000,27478,45796,15390000,3965
9,1700,153000000,153009000,27478,45796,153090000,39494
9,1701,153090000,153099000,27478,45796,153180000,39518
9,1702,153180000,153189000,27478,45796,153270000,39540
9,1703,153270000,153279000,27478,45796,153360000,39565
9,1704,153360000,153369000,27478,45796,153450000,39587
9,1705,153450000,153459000,27478,45796,153540000,39611
9,1706,153540000,153549000,27478,45796,153630000,39632
9,1707,153630000,153639000,27478,45796,153720000,39658
9,1708,153720000,153729000,27478,45796,153810000,39680
9,1709,153810000,153819000,27478,45796,153900000,39704
9,171,15390000,15399000,27478,45796,15480000,3992
9,1710,153900000,153909000,27478,45796,153990000,39725
9,1711,153990000,153999000,27478,45796,154080000,39751
9,1712,154080000,154089000,27478,45796,154170000,39772
9,1713,154170000,154179000,27478,45796,154260000,39797
9,1714,154260000,154269000,27478,45796,154350000,39819
9,1715,154350000,154359000,27478,45796,154440000,39844
9,1716,154440000,154449000,27478,45796,154530000,39865
9,1717,154530000,154539000,27478,45796,154620000,39889
9,1718,154620000,154629000,27478,45796,154710000,39912
9,1719,154710000,154719000,27478,45796,154800000,39937
9,172,15480000,15489000,27478,45796,15570000,4013
9,1720,154800000,154809000,27478,45796,154890000,39957
9,1721,154890000,154899000,27478,45796,154980000,39983
9,1722,154980000,154989000,27478,45796,155070000,40004
9,1723,155070000,155079000,27478,45796,155160000,40030
9,1724,155160000,155169000,27478,45796,155250000,40051
9,1725,155250000,155259000,27478,45796,155340000,40075
9,1726,155340000,155349000,27478,45796,155430000,40097
9,1727,155430000,155439000,27478,45796,155520000,40122
9,1728,155520000,155529000,27478,45796,155610000,40145
9,1729,155610000,155619000,27478,45796,155700000,40169
9,173,15570000,15579000,27478,45796,15660000,4037
9,1730,155700000,155709000,27478,45796,155790000,40189
9,1731,155790000,155799000,27478,45796,155880000,40215
9,1732,155880000,155889000,27478,45796,155970000,40237
9,1733,155970000,155979000,27478,45796,156060000,40261
9,1734,156060000,156069000,27478,45796,156150000,40283
9,1735,156150000,156159000,27478,45796,156240000,40308
9,1736,156240000,156249000,27478,45796,156330000,40330
9,1737,156330000,156339000,27478,45796,156420000,40354
9,1738,156420000,156429000,27478,45796,156510000,40375
9,1739,156510000,156519000,27478,45796,156600000,40402
9,174,15660000,15669000,27478,45796,15750000,4060
9,1740,156600000,156609000,27478,45796,156690000,40422
9,1741,156690000,156699000,27478,45796,156780000,40447
9,1742,156780000,156789000,27478,45796,156870000,40469
9,1743,156870000,156879000,27478,45796,156960000,40494
9,1744,156960000,156969000,27478,45796,157050000,40516
9,1745,157050000,157059000,27478,45796,157140000,40539
9,1746,157140000,157149000,27478,45796,157230000,40561
9,1747,157230000,157239000,27478,45796,157320000,40587
9,1748,157320000,157329000,27478,45796,157410000,40608
9,1749,157410000,157419000,27478,45796,157500000,40634
9,175,15750000,15759000,27478,45796,15840000,4084
9,1750,157500000,157509000,27478,45796,157590000,40654
9,1751,157590000,157599000,27478,45796,157680000,40679
9,1752,157680000,157689000,27478,45796,157770000,40701
9,1753,157770000,157779000,27478,45796,157860000,40726
9,1754,157860000,157869000,27478,45796,157950000,40748
9,1755,157950000,157959000,27478,45796,158040000,40772
9,1756,158040000,158049000,27478,45796,158130000,40794
9,1757,158130000,158139000,27478,45796,158220000,40819
9,1758,158220000,158229000,27478,45796,158310000,40840
9,1759,158310000,158319000,27478,45796,158400000,40865
9,176,15840000,15849000,27478,45796,15930000,4106
9,1760,158400000,158409000,27478,45796,158490000,40887
9,1761,158490000,158499000,27478,45796,158580000,40911
9,1762,158580000,158589000,27478,45796,158670000,40933
9,1763,158670000,158679000,27478,45796,158760000,40959
9,1764,158760000,158769000,27478,45796,158850000,40980
9,1765,158850000,158859000,27478,45796,158940000,41004
9,1766,158940000,158949000,27478,45796,159030000,41025
9,1767,159030000,159039000,27478,45796,159120000,41052
9,1768,159120000,159129000,27478,45796,159210000,41073
9,1769,159210000,159219000,27478,45796,159300000,41097
9,177,15930000,15939000,27478,45796,16020000,4130
9,1770,159300000,159309000,27478,45796,159390000,41119
9,1771,159390000,159399000,27478,45796,159480000,41144
9,1772,159480000,159489000,27478,45796,159570000,41165
9,1773,159570000,159579000,27478,45796,159660000,41190
9,1774,159660000,159669000,27478,45796,159750000,41212
9,1775,159750000,159759000,27478,45796,159840000,41237
9,1776,159840000,159849000,27478,45796,159930000,41258
9,1777,159930000,159939000,27478,45796,160020000,41283
9,1778,160020000,160029000,27478,45796,160110000,41305
9,1779,160110000,160119000,27478,45796,160200000,41330
9,178,16020000,16029000,27478,45796,16110000,4152
9,1780,160200000,160209000,27478,45796,160290000,41351
9,1781,160290000,160299000,27478,45796,160380000,41376
9,1782,160380000,160389000,27478,45796,160470000,41397
9,1783,160470000,160479000,27478,45796,160560000,41423
9,1784,160560000,160569000,27478,45796,160650000,41445
9,1785,160650000,160659000,27478,45796,160740000,41468
9,1786,160740000,160749000,27478,45796,160830000,41490
9,1787,160830000,160839000,27478,45796,160920000,41515
9,1788,160920000,160929000,27478,45796,161010000,41538
9,1789,161010000,161019000,27478,45796,161100000,41562
9,179,16110000,16119000,27478,45796,16200000,4178
9,1790,161100000,161109000,27478,45796,161190000,41582
9,1791,161190000,161199000,27478,45796,161280000,41609
9,1792,161280000,161289000,27478,45796,161370000,41630
9,1793,161370000,161379000,27478,45796,161460000,41655
9,1794,161460000,161469000,27478,45796,161550000,41676
9,1795,161550000,161559000,27478,45796,161640000,41701
9,1796,161640000,161649000,27478,45796,161730000,41723
9,1797,161730000,161739000,27478,45796,161820000,41747
9,1798,161820000,161829000,27478,45796,161910000,41769
9,1799,161910000,161919000,27478,45796,162000000,41795
9,18,1620000,1629000,27478,45796,1710000,437
9,180,16200000,16209000,27478,45796,16290000,4198
9,1800,162000000,162009000,27478,45796,162090000,41815
9,1801,162090000,162099000,27478,45796,162180000,41840
9,1802,162180000,162189000,27478,45796,162270000,41862
9,1803,162270000,162279000,27478,45796,162360000,41887
9,1804,162360000,162369000,27478,45796,162450000,41909
9,1805,162450000,162459000,27478,45796,162540000,41933
9,1806,162540000,162549000,27478,45796,162630000,41955
9,1807,162630000,162639000,27478,45796,162720000,41980
9,1808,162720000,162729000,27478,45796,162810000,42001
9,1809,162810000,162819000,27478,45796,162900000,42027
9,181,16290000,16299000,27478,45796,16380000,4224
9,1810,162900000,162909000,27478,45796,162990000,42047
9,1811,162990000,162999000,27478,45796,163080000,42072
9,1812,163080000,163089000,27478,45796,163170000,42095
9,1813,163170000,163179000,27478,45796,163260000,42119
9,1814,163260000,163269000,27478,45796,163350000,42141
9,1815,163350000,163359000,27478,45796,163440000,42165
9,1816,163440000,163449000,27478,45796,163530000,42187
9,1817,163530000,163539000,27478,45796,163620000,42212
9,1818,163620000,163629000,27478,45796,163710000,42233
9,1819,163710000,163719000,27478,45796,163800000,42260
9,182,16380000,16389000,27478,45796,16470000,4245
9,183,16470000,16479000,27478,45796,16560000,4270
9,184,16560000,16569000,27478,45796,16650000,4292
9,185,16650000,16659000,27478,45796,16740000,4316
9,186,16740000,16749000,27478,45796,16830000,4337
9,187,16830000,16839000,27478,45796,16920000,4363
9,188,16920000,16929000,27478,45796,17010000,4385
9,189,17010000,17019000,27478,45796,17100000,4410
9,19,1710000,1719000,27478,45796,1800000,462
9,190,17100000,17109000,27478,45796,17190000,4430
9,191,17190000,17199000,27478,45796,17280000,4455
9,192,17280000,17289000,27478,45796,17370000,4478
9,193,17370000,17379000,27478,45796,17460000,4502
9,194,17460000,17469000,27478,45796,17550000,4524
9,195,17550000,17559000,27478,45796,17640000,4549
9,196,17640000,17649000,27478,45796,17730000,4570
9,197,17730000,17739000,27478,45796,17820000,4595
9,198,17820000,17829000,27478,45796,17910000,4616
9,199,17910000,17919000,27478,45796,18000000,4642
9,2,180000,189000,27478,45796,270000,65
9,20,1800000,1809000,27478,45796,1890000,484
9,200,18000000,18009000,27478,45796,18090000,4663
9,201,18090000,18099000,27478,45796,18180000,4687
9,202,18180000,18189000,27478,45796,18270000,4710
9,203,18270000,18279000,27478,45796,18360000,4735
9,204,18360000,18369000,27478,45796,18450000,4756
9,205,18450000,18459000,27478,45796,18540000,4780
9,206,18540000,18549000,27478,45796,18630000,4802
9,207,18630000,18639000,27478,45796,18720000,4828
9,208,18720000,18729000,27478,45796,18810000,4849
9,209,18810000,18819000,27478,45796,18900000,4874
9,21,1890000,1899000,27478,45796,1980000,508
9,210,18900000,18909000,27478,45796,18990000,4895
9,211,18990000,18999000,27478,45796,19080000,4920
9,212,19080000,19089000,27478,45796,19170000,4941
9,213,19170000,19179000,27478,45796,19260000,4967
9,214,19260000,19269000,27478,45796,19350000,4988
9,215,19350000,19359000,27478,45796,19440000,5013
9,216,19440000,19449000,27478,45796,19530000,5035
9,217,19530000,19539000,27478,45796,19620000,5059
9,218,19620000,19629000,27478,45796,19710000,5081
9,219,19710000,19719000,27478,45796,19800000,5106
9,22,1980000,1989000,27478,45796,2070000,529
9,220,19800000,19809000,27478,45796,19890000,5128
9,221,19890000,19899000,27478,45796,19980000,5152
9,222,19980000,19989000,27478,45796,20070000,5173
9,223,20070000,20079000,27478,45796,20160000,5200
9,224,20160000,20169000,27478,45796,20250000,5221
9,225,20250000,20259000,27478,45796,20340000,5244
9,226,20340000,20349000,27478,45796,20430000,5266
9,227,20430000,20439000,27478,45796,20520000,5292
9,228,20520000,20529000,27478,45796,20610000,5314
9,229,20610000,20619000,27478,45796,20700000,5338
9,23,2070000,2079000,27478,45796,2160000,555
9,230,20700000,20709000,27478,45796,20790000,5359
9,231,20790000,20799000,27478,45796,20880000,5385
9,232,20880000,20889000,27478,45796,20970000,5406
9,233,20970000,20979000,27478,45796,21060000,5431
9,234,21060000,21069000,27478,45796,21150000,5453
9,235,21150000,21159000,27478,45796,21240000,5477
9,236,21240000,21249000,27478,45796,21330000,5499
9,237,21330000,21339000,27478,45796,21420000,5524
9,238,21420000,21429000,27478,45796,21510000,5545
9,239,21510000,21519000,27478,45796,21600000,5571
9,24,2160000,2169000,27478,45796,2250000,577
9,240,21600000,21609000,27478,45796,21690000,5591
9,241,21690000,21699000,27478,45796,21780000,5617
9,242,21780000,21789000,27478,45796,21870000,5638
9,243,21870000,21879000,27478,45796,21960000,5663
9,244,21960000,21969000,27478,45796,22050000,5686
9,245,22050000,22059000,27478,45796,22140000,5709
9,246,22140000,22149000,27478,45796,22230000,5731
9,247,22230000,22239000,27478,45796,22320000,5756
9,248,22320000,22329000,27478,45796,22410000,5778
9,249,22410000,22419000,27478,45796,22500000,5803
9,25,2250000,2259000,27478,45796,2340000,601
9,250,22500000,22509000,27478,45796,22590000,5823
9,251,22590000,22599000,27478,45796,22680000,5849
9,252,22680000,22689000,27478,45796,22770000,5871
9,253,22770000,22779000,27478,45796,22860000,5895
9,254,22860000,22869000,27478,45796,22950000,5917
9,255,22950000,22959000,27478,45796,23040000,5942
9,256,23040000,23049000,27478,45796,23130000,5963
9,257,23130000,23139000,27478,45796,23220000,5988
9,258,23220000,23229000,27478,45796,23310000,6010
9,259,23310000,23319000,27478,45796,23400000,6036
9,26,2340000,2349000,27478,45796,2430000,622
9,260,23400000,23409000,27478,45796,23490000,6056
9,261,23490000,23499000,27478,45796,23580000,6080
9,262,23580000,23589000,27478,45796,23670000,6103
9,263,23670000,23679000,27478,45796,23760000,6128
9,264,23760000,23769000,27478,45796,23850000,6149
9,265,23850000,23859000,27478,45796,23940000,6174
9,266,23940000,23949000,27478,45796,24030000,6195
9,267,24030000,24039000,27478,45796,24120000,6221
9,268,24120000,24129000,27478,45796,24210000,6242
9,269,24210000,24219000,27478,45796,24300000,6267
9,27,2430000,2439000,27478,45796,2520000,648
9,270,24300000,24309000,27478,45796,24390000,6288
9,271,24390000,24399000,27478,45796,24480000,6313
9,272,24480000,24489000,27478,45796,24570000,6336
9,273,24570000,24579000,27478,45796,24660000,6360
9,274,24660000,24669000,27478,45796,24750000,6381
9,275,24750000,24759000,27478,45796,24840000,6406
9,276,24840000,24849000,27478,45796,24930000,6428
9,277,24930000,24939000,27478,45796,25020000,6452
9,278,25020000,25029000,27478,45796,25110000,6474
9,279,25110000,25119000,27478,45796,25200000,6500
9,28,2520000,2529000,27478,45796,2610000,670
9,280,25200000,25209000,27478,45796,25290000,6521
9,281,25290000,25299000,27478,45796,25380000,6545
9,282,25380000,25389000,27478,45796,25470000,6566
9,283,25470000,25479000,27478,45796,25560000,6593
9,284,25560000,25569000,27478,45796,25650000,6614
9,285,25650000,25659000,27478,45796,25740000,6638
9,286,25740000,25749000,27478,45796,25830000,6660
9,287,25830000,25839000,27478,45796,25920000,6685
9,288,25920000,25929000,27478,45796,26010000,6707
9,289,26010000,26019000,27478,45796,26100000,6731
9,29,2610000,2619000,27478,45796,2700000,694
9,290,26100000,26109000,27478,45796,26190000,6752
9,291,26190000,26199000,27478,45796,26280000,6778
9,292,26280000,26289000,27478,45796,26370000,6799
9,293,26370000,26379000,27478,45796,26460000,6825
9,294,26460000,26469000,27478,45796,26550000,6846
9,295,26550000,26559000,27478,45796,26640000,6870
9,296,26640000,26649000,27478,45796,26730000,6892
9,297,26730000,26739000,27478,45796,26820000,6917
9,298,26820000,26829000,27478,45796,26910000,6939
9,299,26910000,26919000,27478,45796,27000000,6964
9,3,270000,279000,27478,45796,360000,91
9,30,2700000,2709000,27478,45796,2790000,714
9,300,27000000,27009000,27478,45796,27090000,6985
9,301,27090000,27099000,27478,45796,27180000,7010
9,302,27180000,27189000,27478,45796,27270000,7031
9,303,27270000,27279000,27478,45796,27360000,7056
9,304,27360000,27369000,27478,45796,27450000,7079
9,305,27450000,27459000,27478,45796,27540000,7102
9,306,27540000,27549000,27478,45796,27630000,7124
9,307,27630000,27639000,27478,45796,27720000,7150
9,308,27720000,27729000,27478,45796,27810000,7171
9,309,27810000,27819000,27478,45796,27900000,7196
9,31,2790000,2799000,27478,45796,2880000,741
9,310,27900000,27909000,27478,45796,27990000,7216
9,311,27990000,27999000,27478,45796,28080000,7243
9,312,28080000,28089000,27478,45796,28170000,7264
9,313,28170000,28179000,27478,45796,28260000,7288
9,314,28260000,28269000,27478,45796,28350000,7311
9,315,28350000,28359000,27478,45796,28440000,7335
9,316,28440000,28449000,27478,45796,28530000,7356
9,317,28530000,28539000,27478,45796,28620000,7381
9,318,28620000,28629000,27478,45796,28710000,7403
9,319,28710000,28719000,27478,45796,28800000,7429
9,32,2880000,2889000,27478,45796,2970000,762
9,320,28800000,28809000,27478,45796,28890000,7449
9,321,28890000,28899000,27478,45796,28980000,7474
9,322,28980000,28989000,27478,45796,29070000,7496
9,323,29070000,29079000,27478,45796,29160000,7521
9,324,29160000,29169000,27478,45796,29250000,7543
9,325,29250000,29259000,27478,45796,29340000,7567
9,326,29340000,29349000,27478,45796,29430000,7588
9,327,29430000,29439000,27478,45796,29520000,7614
9,328,29520000,29529000,27478,45796,29610000,7636
9,329,29610000,29619000,27478,45796,29700000,7660
9,33,2970000,2979000,27478,45796,3060000,787
9,330,29700000,29709000,27478,45796,29790000,7681
9,331,29790000,29799000,27478,45796,29880000,7706
9,332,29880000,29889000,27478,45796,29970000,7729
9,333,29970000,29979000,27478,45796,30060000,7753
9,334,30060000,30069000,27478,45796,30150000,7774
9,335,30150000,30159000,27478,45796,30240000,7800
9,336,30240000,30249000,27478,45796,30330000,7821
9,337,30330000,30339000,27478,45796,30420000,7846
9,338,30420000,30429000,27478,45796,30510000,7867
9,339,30510000,30519000,27478,45796,30600000,7893
9,34,3060000,3069000,27478,45796,3150000,809
9,340,30600000,30609000,27478,45796,30690000,7914
9,341,30690000,30699000,27478,45796,30780000,7938
9,342,30780000,30789000,27478,45796,30870000,7960
9,343,30870000,30879000,27478,45796,30960000,7986
9,344,30960000,30969000,27478,45796,31050000,8007
9,345,31050000,31059000,27478,45796,31140000,8031
9,346,31140000,31149000,27478,45796,31230000,8053
9,347,31230000,31239000,27478,45796,31320000,8078
9,348,31320000,31329000,27478,45796,31410000,8100
9,349,31410000,31419000,27478,45796,31500000,8125
9,35,3150000,3159000,27478,45796,3240000,833
9,350,31500000,31509000,27478,45796,31590000,8146
9,351,31590000,31599000,27478,45796,31680000,8171
9,352,31680000,31689000,27478,45796,31770000,8192
9,353,31770000,31779000,27478,45796,31860000,8218
9,354,31860000,31869000,27478,45796,31950000,8239
9,355,31950000,31959000,27478,45796,32040000,8263
9,356,32040000,32049000,27478,45796,32130000,8286
9,357,32130000,32139000,27478,45796,32220000,8310
9,358,32220000,32229000,27478,45796,32310000,8332
9,359,32310000,32319000,27478,45796,32400000,8357
9,36,3240000,3249000,27478,45796,3330000,855
9,360,32400000,32409000,27478,45796,32490000,8378
9,361,32490000,32499000,27478,45796,32580000,8403
9,362,32580000,32589000,27478,45796,32670000,8424
9,363,32670000,32679000,27478,45796,32760000,8451
9,364,32760000,32769000,27478,45796,32850000,8472
9,365,32850000,32859000,27478,45796,32940000,8495
9,366,32940000,32949000,27478,45796,33030000,8517
9,367,33030000,33039000,27478,45796,33120000,8543
9,368,33120000,33129000,27478,45796,33210000,8564
9,369,33210000,33219000,27478,45796,33300000,8589
9,37,3330000,3339000,27478,45796,3420000,879
9,370,33300000,33309000,27478,45796,33390000,8610
9,371,33390000,33399000,27478,45796,33480000,8636
9,372,33480000,33489000,27478,45796,33570000,8657
9,373,33570000,33579000,27478,45796,33660000,8681
9,374,33660000,33669000,27478,45796,33750000,8704
9,375,33750000,33759000,27478,45796,33840000,8728
9,376,33840000,33849000,27478,45796,33930000,8750
9,377,33930000,33939000,27478,45796,34020000,8775
9,378,34020000,34029000,27478,45796,34110000,8796
9,379,34110000,34119000,27478,45796,34200000,8822
9,38,3420000,3429000,27478,45796,3510000,902
9,380,34200000,34209000,27478,45796,34290000,8842
9,381,34290000,34299000,27478,45796,34380000,8867
9,382,34380000,34389000,27478,45796,34470000,8889
9,383,34470000,34479000,27478,45796,34560000,8914
9,384,34560000,34569000,27478,45796,34650000,8937
9,385,34650000,34659000,27478,45796,34740000,8960
9,386,34740000,34749000,27478,45796,34830000,8981
9,387,34830000,34839000,27478,45796,34920000,9007
9,388,34920000,34929000,27478,45796,35010000,9029
9,389,35010000,35019000,27478,45796,35100000,9054
9,39,3510000,3519000,27478,45796,3600000,927
9,390,35100000,35109000,27478,45796,35190000,9074
9,391,35190000,35199000,27478,45796,35280000,9100
9,392,35280000,35289000,27478,45796,35370000,9122
9,393,35370000,35379000,27478,45796,35460000,9146
9,394,35460000,35469000,27478,45796,35550000,9167
9,395,35550000,35559000,27478,45796,35640000,9193
9,396,35640000,35649000,27478,45796,35730000,9214
9,397,35730000,35739000,27478,45796,35820000,9239
9,398,35820000,35829000,27478,45796,35910000,9261
9,399,35910000,35919000,27478,45796,36000000,9286
9,4,360000,369000,27478,45796,450000,112
9,40,3600000,3609000,27478,45796,3690000,947
9,400,36000000,36009000,27478,45796,36090000,9307
9,401,36090000,36099000,27478,45796,36180000,9331
9,402,36180000,36189000,27478,45796,36270000,9354
9,403,36270000,36279000,27478,45796,36360000,9379
9,404,36360000,36369000,27478,45796,36450000,9400
9,405,36450000,36459000,27478,45796,36540000,9425
9,406,36540000,36549000,27478,45796,36630000,9446
9,407,36630000,36639000,27478,45796,36720000,9471
9,408,36720000,36729000,27478,45796,36810000,9493
9,409,36810000,36819000,27478,45796,36900000,9518
9,41,3690000,3699000,27478,45796,3780000,973
9,410,36900000,36909000,27478,45796,36990000,9539
9,411,36990000,36999000,27478,45796,37080000,9564
9,412,37080000,37089000,27478,45796,37170000,9586
9,413,37170000,37179000,27478,45796,37260000,9611
9,414,37260000,37269000,27478,45796,37350000,9632
9,415,37350000,37359000,27478,45796,37440000,9657
9,416,37440000,37449000,27478,45796,37530000,9679
9,417,37530000,37539000,27478,45796,37620000,9703
9,418,37620000,37629000,27478,45796,37710000,9725
9,419,37710000,37719000,27478,45796,37800000,9751
9,42,3780000,3789000,27478,45796,3870000,994
9,420,37800000,37809000,27478,45796,37890000,9771
9,421,37890000,37899000,27478,45796,37980000,9796
9,422,37980000,37989000,27478,45796,38070000,9817
9,423,38070000,38079000,27478,45796,38160000,9844
9,424,38160000,38169000,27478,45796,38250000,9865
9,425,38250000,38259000,27478,45796,38340000,9888
9,426,38340000,38349000,27478,45796,38430000,9911
9,427,38430000,38439000,27478,45796,38520000,9936
9,428,38520000,38529000,27478,45796,38610000,9958
9,429,38610000,38619000,27478,45796,38700000,9982
9,43,3870000,3879000,27478,45796,3960000,1019
9,430,38700000,38709000,27478,45796,38790000,10003
9,431,38790000,38799000,27478,45796,38880000,10029
9,432,38880000,38889000,27478,45796,38970000,10050
9,433,38970000,38979000,27478,45796,39060000,10075
9,434,39060000,39069000,27478,45796,39150000,10097
9,435,39150000,39159000,27478,45796,39240000,10121
9,436,39240000,39249000,27478,45796,39330000,10143
9,437,39330000,39339000,27478,45796,39420000,10168
9,438,39420000,39429000,27478,45796,39510000,10189
9,439,39510000,39519000,27478,45796,39600000,10215
9,44,3960000,3969000,27478,45796,4050000,1041
9,440,39600000,39609000,27478,45796,39690000,10236
9,441,39690000,39699000,27478,45796,39780000,10261
9,442,39780000,39789000,27478,45796,39870000,10282
9,443,39870000,39879000,27478,45796,39960000,10307
9,444,39960000,39969000,27478,45796,40050000,10330
9,445,40050000,40059000,27478,45796,40140000,10353
9,446,40140000,40149000,27478,45796,40230000,10374
9,447,40230000,40239000,27478,45796,40320000,10401
9,448,40320000,40329000,27478,45796,40410000,10422
9,449,40410000,40419000,27478,45796,40500000,10447
9,45,4050000,4059000,27478,45796,4140000,1065
9,450,40500000,40509000,27478,45796,40590000,10467
9,451,40590000,40599000,27478,45796,40680000,10493
9,452,40680000,40689000,27478,45796,40770000,10515
9,453,40770000,40779000,27478,45796,40860000,10539
9,454,40860000,40869000,27478,45796,40950000,10562
9,455,40950000,40959000,27478,45796,41040000,10586
9,456,41040000,41049000,27478,45796,41130000,10607
9,457,41130000,41139000,27478,45796,41220000,10632
9,458,41220000,41229000,27478,45796,41310000,10654
9,459,41310000,41319000,27478,45796,41400000,10679
9,46,4140000,4149000,27478,45796,4230000,1087
9,460,41400000,41409000,27478,45796,41490000,10700
9,461,41490000,41499000,27478,45796,41580000,10725
9,462,41580000,41589000,27478,45796,41670000,10747
9,463,41670000,41679000,27478,45796,41760000,10772
9,464,41760000,41769000,27478,45796,41850000,10793
9,465,41850000,41859000,27478,45796,41940000,10818
9,466,41940000,41949000,27478,45796,42030000,10839
9,467,42030000,42039000,27478,45796,42120000,10865
9,468,42120000,42129000,27478,45796,42210000,10887
9,469,42210000,42219000,27478,45796,42300000,10911
9,47,4230000,4239000,27478,45796,4320000,1112
9,470,42300000,42309000,27478,45796,42390000,10932
9,471,42390000,42399000,27478,45796,42480000,10957
9,472,42480000,42489000,27478,45796,42570000,10979
9,473,42570000,42579000,27478,45796,42660000,11004
9,474,42660000,42669000,27478,45796,42750000,11025
9,475,42750000,42759000,27478,45796,42840000,11051
9,476,42840000,42849000,27478,45796,42930000,11072
9,477,42930000,42939000,27478,45796,43020000,11096
9,478,43020000,43029000,27478,45796,43110000,11118
9,479,43110000,43119000,27478,45796,43200000,11144
9,48,4320000,4329000,27478,45796,4410000,1134
9,480,43200000,43209000,27478,45796,43290000,11165
9,481,43290000,43299000,27478,45796,43380000,11189
9,482,43380000,43389000,27478,45796,43470000,11211
9,483,43470000,43479000,27478,45796,43560000,11237
9,484,43560000,43569000,27478,45796,43650000,11258
9,485,43650000,43659000,27478,45796,43740000,11281
9,486,43740000,43749000,27478,45796,43830000,11304
9,487,43830000,43839000,27478,45796,43920000,11329
9,488,43920000,43929000,27478,45796,44010000,11351
9,489,44010000,44019000,27478,45796,44100000,11376
9,49,4410000,4419000,27478,45796,4500000,1159
9,490,44100000,44109000,27478,45796,44190000,11396
9,491,44190000,44199000,27478,45796,44280000,11422
9,492,44280000,44289000,27478,45796,44370000,11443
9,493,44370000,44379000,27478,45796,44460000,11469
9,494,44460000,44469000,27478,45796,44550000,11490
9,495,44550000,44559000,27478,45796,44640000,11514
9,496,44640000,44649000,27478,45796,44730000,11537
9,497,44730000,44739000,27478,45796,44820000,11561
9,498,44820000,44829000,27478,45796,44910000,11582
9,499,44910000,44919000,27478,45796,45000000,11608
9,5,450000,459000,27478,45796,540000,136
9,50,4500000,4509000,27478,45796,4590000,1179
9,500,45000000,45009000,27478,45796,45090000,11629
9,501,45090000,45099000,27478,45796,45180000,11654
9,502,45180000,45189000,27478,45796,45270000,11675
9,503,45270000,45279000,27478,45796,45360000,11701
9,504,45360000,45369000,27478,45796,45450000,11723
9,505,45450000,45459000,27478,45796,45540000,11746
9,506,45540000,45549000,27478,45796,45630000,11768
9,507,45630000,45639000,27478,45796,45720000,11794
9,508,45720000,45729000,27478,45796,45810000,11815
9,509,45810000,45819000,27478,45796,45900000,11840
9,51,4590000,4599000,27478,45796,4680000,1205
9,510,45900000,45909000,27478,45796,45990000,11861
9,511,45990000,45999000,27478,45796,46080000,11886
9,512,46080000,46089000,27478,45796,46170000,11908
9,513,46170000,46179000,27478,45796,46260000,11932
9,514,46260000,46269000,27478,45796,46350000,11955
9,515,46350000,46359000,27478,45796,46440000,11979
9,516,46440000,46449000,27478,45796,46530000,12000
9,517,46530000,46539000,27478,45796,46620000,12026
9,518,46620000,46629000,27478,45796,46710000,12047
9,519,46710000,46719000,27478,45796,46800000,12073
9,52,4680000,4689000,27478,45796,4770000,1227
9,520,46800000,46809000,27478,45796,46890000,12093
9,521,46890000,46899000,27478,45796,46980000,12118
9,522,46980000,46989000,27478,45796,47070000,12140
9,523,47070000,47079000,27478,45796,47160000,12165
9,524,47160000,47169000,27478,45796,47250000,12187
9,525,47250000,47259000,27478,45796,47340000,12211
9,526,47340000,47349000,27478,45796,47430000,12232
9,527,47430000,47439000,27478,45796,47520000,12258
9,528,47520000,47529000,27478,45796,47610000,12280
9,529,47610000,47619000,27478,45796,47700000,12304
9,53,4770000,4779000,27478,45796,4860000,1251
9,530,47700000,47709000,27478,45796,47790000,12325
9,531,47790000,47799000,27478,45796,47880000,12351
9,532,47880000,47889000,27478,45796,47970000,12373
9,533,47970000,47979000,27478,45796,48060000,12397
9,534,48060000,48069000,27478,45796,48150000,12418
9,535,48150000,48159000,27478,45796,48240000,12444
9,536,48240000,48249000,27478,45796,48330000,12465
9,537,48330000,48339000,27478,45796,48420000,12489
9,538,48420000,48429000,27478,45796,48510000,12512
9,539,48510000,48519000,27478,45796,48600000,12537
9,54,4860000,4869000,27478,45796,4950000,1273
9,540,48600000,48609000,27478,45796,48690000,12558
9,541,48690000,48699000,27478,45796,48780000,12582
9,542,48780000,48789000,27478,45796,48870000,12604
9,543,48870000,48879000,27478,45796,48960000,12630
9,544,48960000,48969000,27478,45796,49050000,12651
9,545,49050000,49059000,27478,45796,49140000,12676
9,546,49140000,49149000,27478,45796,49230000,12697
9,547,49230000,49239000,27478,45796,49320000,12722
9,548,49320000,49329000,27478,45796,49410000,12744
9,549,49410000,49419000,27478,45796,49500000,12769
9,55,4950000,4959000,27478,45796,5040000,1298
9,550,49500000,49509000,27478,45796,49590000,12789
9,551,49590000,49599000,27478,45796,49680000,12815
9,552,49680000,49689000,27478,45796,49770000,12837
9,553,49770000,49779000,27478,45796,49860000,12862
9,554,49860000,49869000,27478,45796,49950000,12883
9,555,49950000,49959000,27478,45796,50040000,12907
9,556,50040000,50049000,27478,45796,50130000,12930
9,557,50130000,50139000,27478,45796,50220000,12954
9,558,50220000,50229000,27478,45796,50310000,12976
9,559,50310000,50319000,27478,45796,50400000,13002
9,56,5040000,5049000,27478,45796,5130000,1319
9,560,50400000,50409000,27478,45796,50490000,13022
9,561,50490000,50499000,27478,45796,50580000,13047
9,562,50580000,50589000,27478,45796,50670000,13068
9,563,50670000,50679000,27478,45796,50760000,13094
9,564,50760000,50769000,27478,45796,50850000,13116
9,565,50850000,50859000,27478,45796,50940000,13139
9,566,50940000,50949000,27478,45796,51030000,13162
9,567,51030000,51039000,27478,45796,51120000,13187
9,568,51120000,51129000,27478,45796,51210000,13208
9,569,51210000,51219000,27478,45796,51300000,13233
9,57,5130000,5139000,27478,45796,5220000,1344
9,570,51300000,51309000,27478,45796,51390000,13254
9,571,51390000,51399000,27478,45796,51480000,13280
9,572,51480000,51489000,27478,45796,51570000,13301
9,573,51570000,51579000,27478,45796,51660000,13326
9,574,51660000,51669000,27478,45796,51750000,13348
9,575,51750000,51759000,27478,45796,51840000,13372
9,576,51840000,51849000,27478,45796,51930000,13393
9,577,51930000,51939000,27478,45796,52020000,13419
9,578,52020000,52029000,27478,45796,52110000,13440
9,579,52110000,52119000,27478,45796,52200000,13466
9,58,5220000,5229000,27478,45796,5310000,1365
9,580,52200000,52209000,27478,45796,52290000,13487
9,581,52290000,52299000,27478,45796,52380000,13511
9,582,52380000,52389000,27478,45796,52470000,13533
9,583,52470000,52479000,27478,45796,52560000,13558
9,584,52560000,52569000,27478,45796,52650000,13581
9,585,52650000,52659000,27478,45796,52740000,13604
9,586,52740000,52749000,27478,45796,52830000,13625
9,587,52830000,52839000,27478,45796,52920000,13652
9,588,52920000,52929000,27478,45796,53010000,13673
9,589,53010000,53019000,27478,45796,53100000,13697
9,59,5310000,5319000,27478,45796,5400000,1392
9,590,53100000,53109000,27478,45796,53190000,13718
9,591,53190000,53199000,27478,45796,53280000,13744
9,592,53280000,53289000,27478,45796,53370000,13766
9,593,53370000,53379000,27478,45796,53460000,13790
9,594,53460000,53469000,27478,45796,53550000,13812
9,595,53550000,53559000,27478,45796,53640000,13837
9,596,53640000,53649000,27478,45796,53730000,13858
9,597,53730000,53739000,27478,45796,53820000,13883
9,598,53820000,53829000,27478,45796,53910000,13905
9,599,53910000,53919000,27478,45796,54000000,13930
9,6,540000,549000,27478,45796,630000,158
9,60,5400000,5409000,27478,45796,5490000,1412
9,600,54000000,54009000,27478,45796,54090000,13951
9,601,54090000,54099000,27478,45796,54180000,13976
9,602,54180000,54189000,27478,45796,54270000,13997
9,603,54270000,54279000,27478,45796,54360000,14023
9,604,54360000,54369000,27478,45796,54450000,14044
9,605,54450000,54459000,27478,45796,54540000,14069
9,606,54540000,54549000,27478,45796,54630000,14090
9,607,54630000,54639000,27478,45796,54720000,14115
9,608,54720000,54729000,27478,45796,54810000,14138
9,609,54810000,54819000,27478,45796,54900000,14162
9,61,5490000,5499000,27478,45796,5580000,1436
9,610,54900000,54909000,27478,45796,54990000,14183
9,611,54990000,54999000,27478,45796,55080000,14208
9,612,55080000,55089000,27478,45796,55170000,14230
9,613,55170000,55179000,27478,45796,55260000,14255
9,614,55260000,55269000,27478,45796,55350000,14276
9,615,55350000,55359000,27478,45796,55440000,14301
9,616,55440000,55449000,27478,45796,55530000,14323
9,617,55530000,55539000,27478,45796,55620000,14347
9,618,55620000,55629000,27478,45796,55710000,14369
9,619,55710000,55719000,27478,45796,55800000,14395
9,62,5580000,5589000,27478,45796,5670000,1459
9,620,55800000,55809000,27478,45796,55890000,14415
9,621,55890000,55899000,27478,45796,55980000,14440
9,622,55980000,55989000,27478,45796,56070000,14462
9,623,56070000,56079000,27478,45796,56160000,14488
9,624,56160000,56169000,27478,45796,56250000,14509
9,625,56250000,56259000,27478,45796,56340000,14532
9,626,56340000,56349000,27478,45796,56430000,14555
9,627,56430000,56439000,27478,45796,56520000,14580
9,628,56520000,56529000,27478,45796,56610000,14601
9,629,56610000,56619000,27478,45796,56700000,14627
9,63,5670000,5679000,27478,45796,5760000,1484
9,630,56700000,56709000,27478,45796,56790000,14647
9,631,56790000,56799000,27478,45796,56880000,14673
9,632,56880000,56889000,27478,45796,56970000,14694
9,633,56970000,56979000,27478,45796,57060000,14719
9,634,57060000,57069000,27478,45796,57150000,14741
9,635,57150000,57159000,27478,45796,57240000,14765
9,636,57240000,57249000,27478,45796,57330000,14788
9,637,57330000,57339000,27478,45796,57420000,14812
9,638,57420000,57429000,27478,45796,57510000,14833
9,639,57510000,57519000,27478,45796,57600000,14859
9,64,5760000,5769000,27478,45796,5850000,1506
9,640,57600000,57609000,27478,45796,57690000,14880
9,641,57690000,57699000,27478,45796,57780000,14904
9,642,57780000,57789000,27478,45796,57870000,14926
9,643,57870000,57879000,27478,45796,57960000,14952
9,644,57960000,57969000,27478,45796,58050000,14974
9,645,58050000,58059000,27478,45796,58140000,14997
9,646,58140000,58149000,27478,45796,58230000,15018
9,647,58230000,58239000,27478,45796,58320000,15045
9,648,58320000,58329000,27478,45796,58410000,15066
9,649,58410000,58419000,27478,45796,58500000,15091
9,65,5850000,5859000,27478,45796,5940000,1529
9,650,58500000,58509000,27478,45796,58590000,15112
9,651,58590000,58599000,27478,45796,58680000,15137
9,652,58680000,58689000,27478,45796,58770000,15159
9,653,58770000,58779000,27478,45796,58860000,15183
9,654,58860000,58869000,27478,45796,58950000,15205
9,655,58950000,58959000,27478,45796,59040000,15230
9,656,59040000,59049000,27478,45796,59130000,15251
9,657,59130000,59139000,27478,45796,59220000,15277
9,658,59220000,59229000,27478,45796,59310000,15298
9,659,59310000,59319000,27478,45796,59400000,15323
9,66,5940000,5949000,27478,45796,6030000,1551
9,660,59400000,59409000,27478,45796,59490000,15344
9,661,59490000,59499000,27478,45796,59580000,15369
9,662,59580000,59589000,27478,45796,59670000,15391
9,663,59670000,59679000,27478,45796,59760000,15416
9,664,59760000,59769000,27478,45796,59850000,15438
9,665,59850000,59859000,27478,45796,59940000,15462
9,666,59940000,59949000,27478,45796,60030000,15483
9,667,60030000,60039000,27478,45796,60120000,15508
9,668,60120000,60129000,27478,45796,60210000,15531
9,669,60210000,60219000,27478,45796,60300000,15555
9,67,6030000,6039000,27478,45796,6120000,1577
9,670,60300000,60309000,27478,45796,60390000,15576
9,671,60390000,60399000,27478,45796,60480000,15602
9,672,60480000,60489000,27478,45796,60570000,15623
9,673,60570000,60579000,27478,45796,60660000,15648
9,674,60660000,60669000,27478,45796,60750000,15669
9,675,60750000,60759000,27478,45796,60840000,15695
9,676,60840000,60849000,27478,45796,60930000,15716
9,677,60930000,60939000,27478,45796,61020000,15740
9,678,61020000,61029000,27478,45796,61110000,15763
9,679,61110000,61119000,27478,45796,61200000,15788
9,68,6120000,6129000,27478,45796,6210000,1598
9,680,61200000,61209000,27478,45796,61290000,15808
9,681,61290000,61299000,27478,45796,61380000,15833
9,682,61380000,61389000,27478,45796,61470000,15855
9,683,61470000,61479000,27478,45796,61560000,15881
9,684,61560000,61569000,27478,45796,61650000,15902
9,685,61650000,61659000,27478,45796,61740000,15926
9,686,61740000,61749000,27478,45796,61830000,15948
9,687,61830000,61839000,27478,45796,61920000,15973
9,688,61920000,61929000,27478,45796,62010000,15995
9,689,62010000,62019000,27478,45796,62100000,16020
9,69,6210000,6219000,27478,45796,6300000,1623
9,690,62100000,62109000,27478,45796,62190000,16040
9,691,62190000,62199000,27478,45796,62280000,16066
9,692,62280000,62289000,27478,45796,62370000,16088
9,693,62370000,62379000,27478,45796,62460000,16112
9,694,62460000,62469000,27478,45796,62550000,16134
9,695,62550000,62559000,27478,45796,62640000,16158
9,696,62640000,62649000,27478,45796,62730000,16181
9,697,62730000,62739000,27478,45796,62820000,16205
9,698,62820000,62829000,27478,45796,62910000,16226
9,699,62910000,62919000,27478,45796,63000000,16253
9,7,630000,639000,27478,45796,720000,184
9,70,6300000,6309000,27478,45796,6390000,1644
9,700,63000000,63009000,27478,45796,63090000,16273
9,701,63090000,63099000,27478,45796,63180000,16298
9,702,63180000,63189000,27478,45796,63270000,16319
9,703,63270000,63279000,27478,45796,63360000,16345
9,704,63360000,63369000,27478,45796,63450000,16367
9,705,63450000,63459000,27478,45796,63540000,16390
9,706,63540000,63549000,27478,45796,63630000,16412
9,707,63630000,63639000,27478,45796,63720000,16438
9,708,63720000,63729000,27478,45796,63810000,16459
9,709,63810000,63819000,27478,45796,63900000,16484
9,71,6390000,6399000,27478,45796,6480000,1669
9,710,63900000,63909000,27478,45796,63990000,16505
9,711,63990000,63999000,27478,45796,64080000,16530
9,712,64080000,64089000,27478,45796,64170000,16552
9,713,64170000,64179000,27478,45796,64260000,16577
9,714,64260000,64269000,27478,45796,64350000,16599
9,715,64350000,64359000,27478,45796,64440000,16623
9,716,64440000,64449000,27478,45796,64530000,16644
9,717,64530000,64539000,27478,45796,64620000,16670
9,718,64620000,64629000,27478,45796,64710000,16691
9,719,64710000,64719000,27478,45796,64800000,16716
9,72,6480000,6489000,27478,45796,6570000,1691
9,720,64800000,64809000,27478,45796,64890000,16738
9,721,64890000,64899000,27478,45796,64980000,16762
9,722,64980000,64989000,27478,45796,65070000,16784
9,723,65070000,65079000,27478,45796,65160000,16809
9,724,65160000,65169000,27478,45796,65250000,16831
9,725,65250000,65259000,27478,45796,65340000,16855
9,726,65340000,65349000,27478,45796,65430000,16876
9,727,65430000,65439000,27478,45796,65520000,16903
9,728,65520000,65529000,27478,45796,65610000,16924
9,729,65610000,65619000,27478,45796,65700000,16948
9,73,6570000,6579000,27478,45796,6660000,1716
9,730,65700000,65709000,27478,45796,65790000,16969
9,731,65790000,65799000,27478,45796,65880000,16995
9,732,65880000,65889000,27478,45796,65970000,17016
9,733,65970000,65979000,27478,45796,66060000,17041
9,734,66060000,66069000,27478,45796,66150000,17063
9,735,66150000,66159000,27478,45796,66240000,17088
9,736,66240000,66249000,27478,45796,66330000,17109
9,737,66330000,66339000,27478,45796,66420000,17133
9,738,66420000,66429000,27478,45796,66510000,17156
9,739,66510000,66519000,27478,45796,66600000,17181
9,74,6660000,6669000,27478,45796,6750000,1737
9,740,66600000,66609000,27478,45796,66690000,17202
9,741,66690000,66699000,27478,45796,66780000,17227
9,742,66780000,66789000,27478,45796,66870000,17248
9,743,66870000,66879000,27478,45796,66960000,17274
9,744,66960000,66969000,27478,45796,67050000,17295
9,745,67050000,67059000,27478,45796,67140000,17319
9,746,67140000,67149000,27478,45796,67230000,17341
9,747,67230000,67239000,27478,45796,67320000,17366
9,748,67320000,67329000,27478,45796,67410000,17389
9,749,67410000,67419000,27478,45796,67500000,17413
9,75,6750000,6759000,27478,45796,6840000,1762
9,750,67500000,67509000,27478,45796,67590000,17433
9,751,67590000,67599000,27478,45796,67680000,17459
9,752,67680000,67689000,27478,45796,67770000,17481
9,753,67770000,67779000,27478,45796,67860000,17506
9,754,67860000,67869000,27478,45796,67950000,17527
9,755,67950000,67959000,27478,45796,68040000,17552
9,756,68040000,68049000,27478,45796,68130000,17574
9,757,68130000,68139000,27478,45796,68220000,17598
9,758,68220000,68229000,27478,45796,68310000,17619
9,759,68310000,68319000,27478,45796,68400000,17646
9,76,6840000,6849000,27478,45796,6930000,1784
9,760,68400000,68409000,27478,45796,68490000,17666
9,761,68490000,68499000,27478,45796,68580000,17691
9,762,68580000,68589000,27478,45796,68670000,17713
9,763,68670000,68679000,27478,45796,68760000,17738
9,764,68760000,68769000,27478,45796,68850000,17760
9,765,68850000,68859000,27478,45796,68940000,17783
9,766,68940000,68949000,27478,45796,69030000,17806
9,767,69030000,69039000,27478,45796,69120000,17831
9,768,69120000,69129000,27478,45796,69210000,17852
9,769,69210000,69219000,27478,45796,69300000,17878
9,77,6930000,6939000,27478,45796,7020000,1809
9,770,69300000,69309000,27478,45796,69390000,17898
9,771,69390000,69399000,27478,45796,69480000,17923
9,772,69480000,69489000,27478,45796,69570000,17945
9,773,69570000,69579000,27478,45796,69660000,17970
9,774,69660000,69669000,27478,45796,69750000,17992
9,775,69750000,69759000,27478,45796,69840000,18016
9,776,69840000,69849000,27478,45796,69930000,18038
9,777,69930000,69939000,27478,45796,70020000,18063
9,778,70020000,70029000,27478,45796,70110000,18084
9,779,70110000,70119000,27478,45796,70200000,18110
9,78,7020000,7029000,27478,45796,7110000,1830
9,780,70200000,70209000,27478,45796,70290000,18131
9,781,70290000,70299000,27478,45796,70380000,18155
9,782,70380000,70389000,27478,45796,70470000,18177
9,783,70470000,70479000,27478,45796,70560000,18203
9,784,70560000,70569000,27478,45796,70650000,18224
9,785,70650000,70659000,27478,45796,70740000,18248
9,786,70740000,70749000,27478,45796,70830000,18269
9,787,70830000,70839000,27478,45796,70920000,18296
9,788,70920000,70929000,27478,45796,71010000,18317
9,789,71010000,71019000,27478,45796,71100000,18341
9,79,7110000,7119000,27478,45796,7200000,1855
9,790,71100000,71109000,27478,45796,71190000,18363
9,791,71190000,71199000,27478,45796,71280000,18388
9,792,71280000,71289000,27478,45796,71370000,18410
9,793,71370000,71379000,27478,45796,71460000,18434
9,794,71460000,71469000,27478,45796,71550000,18456
9,795,71550000,71559000,27478,45796,71640000,18481
9,796,71640000,71649000,27478,45796,71730000,18502
9,797,71730000,71739000,27478,45796,71820000,18527
9,798,71820000,71829000,27478,45796,71910000,18549
9,799,71910000,71919000,27478,45796,72000000,18574
9,8,720000,729000,27478,45796,810000,205
9,80,7200000,7209000,27478,45796,7290000,1877
9,800,72000000,72009000,27478,45796,72090000,18595
9,801,72090000,72099000,27478,45796,72180000,18620
9,802,72180000,72189000,27478,45796,72270000,18641
9,803,72270000,72279000,27478,45796,72360000,18667
9,804,72360000,72369000,27478,45796,72450000,18689
9,805,72450000,72459000,27478,45796,72540000,18713
9,806,72540000,72549000,27478,45796,72630000,18734
9,807,72630000,72639000,27478,45796,72720000,18759
9,808,72720000,72729000,27478,45796,72810000,18782
9,809,72810000,72819000,27478,45796,72900000,18806
9,81,7290000,7299000,27478,45796,7380000,1901
9,810,72900000,72909000,27478,45796,72990000,18826
9,811,72990000,72999000,27478,45796,73080000,18853
9,812,73080000,73089000,27478,45796,73170000,18874
9,813,73170000,73179000,27478,45796,73260000,18899
9,814,73260000,73269000,27478,45796,73350000,18920
9,815,73350000,73359000,27478,45796,73440000,18945
9,816,73440000,73449000,27478,45796,73530000,18967
9,817,73530000,73539000,27478,45796,73620000,18991
9,818,73620000,73629000,27478,45796,73710000,19014
9,819,73710000,73719000,27478,45796,73800000,19039
9,82,7380000,7389000,27478,45796,7470000,1922
9,820,73800000,73809000,27478,45796,73890000,19059
9,821,73890000,73899000,27478,45796,73980000,19084
9,822,73980000,73989000,27478,45796,74070000,19106
9,823,74070000,74079000,27478,45796,74160000,19131
9,824,74160000,74169000,27478,45796,74250000,19153
9,825,74250000,74259000,27478,45796,74340000,19177
9,826,74340000,74349000,27478,45796,74430000,19199
9,827,74430000,74439000,27478,45796,74520000,19224
9,828,74520000,74529000,27478,45796,74610000,19245
9,829,74610000,74619000,27478,45796,74700000,19271
9,83,7470000,7479000,27478,45796,7560000,1949
9,830,74700000,74709000,27478,45796,74790000,19291
9,831,74790000,74799000,27478,45796,74880000,19317
9,832,74880000,74889000,27478,45796,74970000,19339
9,833,74970000,74979000,27478,45796,75060000,19363
9,834,75060000,75069000,27478,45796,75150000,19385
9,835,75150000,75159000,27478,45796,75240000,19409
9,836,75240000,75249000,27478,45796,75330000,19431
9,837,75330000,75339000,27478,45796,75420000,19456
9,838,75420000,75429000,27478,45796,75510000,19477
9,839,75510000,75519000,27478,45796,75600000,19504
9,84,7560000,7569000,27478,45796,7650000,1970
9,840,75600000,75609000,27478,45796,75690000,19524
9,841,75690000,75699000,27478,45796,75780000,19548
9,842,75780000,75789000,27478,45796,75870000,19570
9,843,75870000,75879000,27478,45796,75960000,19596
9,844,75960000,75969000,27478,45796,76050000,19618
9,845,76050000,76059000,27478,45796,76140000,19641
9,846,76140000,76149000,27478,45796,76230000,19663
9,847,76230000,76239000,27478,45796,76320000,19689
9,848,76320000,76329000,27478,45796,76410000,19710
9,849,76410000,76419000,27478,45796,76500000,19734
9,85,7650000,7659000,27478,45796,7740000,1994
9,850,76500000,76509000,27478,45796,76590000,19756
9,851,76590000,76599000,27478,45796,76680000,19781
9,852,76680000,76689000,27478,45796,76770000,19803
9,853,76770000,76779000,27478,45796,76860000,19828
9,854,76860000,76869000,27478,45796,76950000,19849
9,855,76950000,76959000,27478,45796,77040000,19874
9,856,77040000,77049000,27478,45796,77130000,19895
9,857,77130000,77139000,27478,45796,77220000,19921
9,858,77220000,77229000,27478,45796,77310000,19942
9,859,77310000,77319000,27478,45796,77400000,19967
9,86,7740000,7749000,27478,45796,7830000,2015
9,860,77400000,77409000,27478,45796,77490000,19989
9,861,77490000,77499000,27478,45796,77580000,20013
9,862,77580000,77589000,27478,45796,77670000,20034
9,863,77670000,77679000,27478,45796,77760000,20060
9,864,77760000,77769000,27478,45796,77850000,20082
9,865,77850000,77859000,27478,45796,77940000,20106
9,866,77940000,77949000,27478,45796,78030000,20127
9,867,78030000,78039000,27478,45796,78120000,20153
9,868,78120000,78129000,27478,45796,78210000,20175
9,869,78210000,78219000,27478,45796,78300000,20199
9,87,7830000,7839000,27478,45796,7920000,2041
9,870,78300000,78309000,27478,45796,78390000,20220
9,871,78390000,78399000,27478,45796,78480000,20246
9,872,78480000,78489000,27478,45796,78570000,20267
9,873,78570000,78579000,27478,45796,78660000,20292
9,874,78660000,78669000,27478,45796,78750000,20314
9,875,78750000,78759000,27478,45796,78840000,20338
9,876,78840000,78849000,27478,45796,78930000,20360
9,877,78930000,78939000,27478,45796,79020000,20384
9,878,79020000,79029000,27478,45796,79110000,20407
9,879,79110000,79119000,27478,45796,79200000,20432
9,88,7920000,7929000,27478,45796,8010000,2063
9,880,79200000,79209000,27478,45796,79290000,20452
9,881,79290000,79299000,27478,45796,79380000,20478
9,882,79380000,79389000,27478,45796,79470000,20499
9,883,79470000,79479000,27478,45796,79560000,20525
9,884,79560000,79569000,27478,45796,79650000,20546
9,885,79650000,79659000,27478,45796,79740000,20570
9,886,79740000,79749000,27478,45796,79830000,20592
9,887,79830000,79839000,27478,45796,79920000,20617
9,888,79920000,79929000,27478,45796,80010000,20639
9,889,80010000,80019000,27478,45796,80100000,20664
9,89,8010000,8019000,27478,45796,8100000,2087
9,890,80100000,80109000,27478,45796,80190000,20684
9,891,80190000,80199000,27478,45796,80280000,20710
9,892,80280000,80289000,27478,45796,80370000,20732
9,893,80370000,80379000,27478,45796,80460000,20756
9,894,80460000,80469000,27478,45796,80550000,20778
9,895,80550000,80559000,27478,45796,80640000,20803
9,896,80640000,80649000,27478,45796,80730000,20825
9,897,80730000,80739000,27478,45796,80820000,20849
9,898,80820000,80829000,27478,45796,80910000,20870
9,899,80910000,80919000,27478,45796,81000000,20897
9,9,810000,819000,27478,45796,900000,229
9,90,8100000,8109000,27478,45796,8190000,2109
9,900,81000000,81009000,27478,45796,81090000,20917
9,901,81090000,81099000,27478,45796,81180000,20941
9,902,81180000,81189000,27478,45796,81270000,20964
9,903,81270000,81279000,27478,45796,81360000,20989
9,904,81360000,81369000,27478,45796,81450000,21011
9,905,81450000,81459000,27478,45796,81540000,21034
9,906,81540000,81549000,27478,45796,81630000,21056
9,907,81630000,81639000,27478,45796,81720000,21082
9,908,81720000,81729000,27478,45796,81810000,21103
9,909,81810000,81819000,27478,45796,81900000,21129
9,91,8190000,8199000,27478,45796,8280000,2134
9,910,81900000,81909000,27478,45796,81990000,21149
9,911,81990000,81999000,27478,45796,82080000,21174
9,912,82080000,82089000,27478,45796,82170000,21196
9,913,82170000,82179000,27478,45796,82260000,21221
9,914,82260000,82269000,27478,45796,82350000,21242
9,915,82350000,82359000,27478,45796,82440000,21267
9,916,82440000,82449000,27478,45796,82530000,21289
9,917,82530000,82539000,27478,45796,82620000,21314
9,918,82620000,82629000,27478,45796,82710000,21335
9,919,82710000,82719000,27478,45796,82800000,21360
9,92,8280000,8289000,27478,45796,8370000,2155
9,920,82800000,82809000,27478,45796,82890000,21382
9,921,82890000,82899000,27478,45796,82980000,21406
9,922,82980000,82989000,27478,45796,83070000,21428
9,923,83070000,83079000,27478,45796,83160000,21454
9,924,83160000,83169000,27478,45796,83250000,21475
9,925,83250000,83259000,27478,45796,83340000,21499
9,926,83340000,83349000,27478,45796,83430000,21520
9,927,83430000,83439000,27478,45796,83520000,21546
9,928,83520000,83529000,27478,45796,83610000,21568
9,929,83610000,83619000,27478,45796,83700000,21592
9,93,8370000,8379000,27478,45796,8460000,2180
9,930,83700000,83709000,27478,45796,83790000,21614
9,931,83790000,83799000,27478,45796,83880000,21639
9,932,83880000,83889000,27478,45796,83970000,21660
9,933,83970000,83979000,27478,45796,84060000,21685
9,934,84060000,84069000,27478,45796,84150000,21707
9,935,84150000,84159000,27478,45796,84240000,21732
9,936,84240000,84249000,27478,45796,84330000,21753
9,937,84330000,84339000,27478,45796,84420000,21778
9,938,84420000,84429000,27478,45796,84510000,21800
9,939,84510000,84519000,27478,45796,84600000,21825
9,94,8460000,8469000,27478,45796,8550000,2202
9,940,84600000,84609000,27478,45796,84690000,21845
9,941,84690000,84699000,27478,45796,84780000,21871
9,942,84780000,84789000,27478,45796,84870000,21892
9,943,84870000,84879000,27478,45796,84960000,21918
9,944,84960000,84969000,27478,45796,85050000,21940
9,945,85050000,85059000,27478,45796,85140000,21963
9,946,85140000,85149000,27478,45796,85230000,21985
9,947,85230000,85239000,27478,45796,85320000,22010
9,948,85320000,85329000,27478,45796,85410000,22033
9,949,85410000,85419000,27478,45796,85500000,22057
9,95,8550000,8559000,27478,45796,8640000,2226
9,950,85500000,85509000,27478,45796,85590000,22077
9,951,85590000,85599000,27478,45796,85680000,22104
9,952,85680000,85689000,27478,45796,85770000,22125
9,953,85770000,85779000,27478,45796,85860000,22149
9,954,85860000,85869000,27478,45796,85950000,22171
9,955,85950000,85959000,27478,45796,86040000,22196
9,956,86040000,86049000,27478,45796,86130000,22218
9,957,86130000,86139000,27478,45796,86220000,22242
9,958,86220000,86229000,27478,45796,86310000,22264
9,959,86310000,86319000,27478,45796,86400000,22290
9,96,8640000,8649000,27478,45796,8730000,2248
9,960,86400000,86409000,27478,45796,86490000,22310
9,961,86490000,86499000,27478,45796,86580000,22335
9,962,86580000,86589000,27478,45796,86670000,22357
9,963,86670000,86679000,27478,45796,86760000,22382
9,964,86760000,86769000,27478,45796,86850000,22404
9,965,86850000,86859000,27478,45796,86940000,22428
9,966,86940000,86949000,27478,45796,87030000,22449
9,967,87030000,87039000,27478,45796,87120000,22475
9,968,87120000,87129000,27478,45796,87210000,22496
9,969,87210000,87219000,27478,45796,87300000,22522
9,97,8730000,8739000,27478,45796,8820000,2273
9,970,87300000,87309000,27478,45796,87390000,22542
9,971,87390000,87399000,27478,45796,87480000,22567
9,972,87480000,87489000,27478,45796,87570000,22590
9,973,87570000,87579000,27478,45796,87660000,22614
9,974,87660000,87669000,27478,45796,87750000,22636
9,975,87750000,87759000,27478,45796,87840000,22660
9,976,87840000,87849000,27478,45796,87930000,22682
9,977,87930000,87939000,27478,45796,88020000,22707
9,978,88020000,88029000,27478,45796,88110000,22728
9,979,88110000,88119000,27478,45796,88200000,22754
9,98,8820000,8829000,27478,45796,8910000,2295
9,980,88200000,88209000,27478,45796,88290000,22775
9,981,88290000,88299000,27478,45796,88380000,22799
9,982,88380000,88389000,27478,45796,88470000,22821
9,983,88470000,88479000,27478,45796,88560000,22847
9,984,88560000,88569000,27478,45796,88650000,22868
9,985,88650000,88659000,27478,45796,88740000,22892
9,986,88740000,88749000,27478,45796,88830000,22914
9,987,88830000,88839000,27478,45796,88920000,22940
9,988,88920000,88929000,27478,45796,89010000,22961
9,989,89010000,89019000,27478,45796,89100000,22985
9,99,8910000,8919000,27478,45796,9000000,2320
9,990,89100000,89109000,27478,45796,89190000,23007
9,991,89190000,89199000,27478,45796,89280000,23032
9,992,89280000,89289000,27478,45796,89370000,23053
9,993,89370000,89379000,27478,45796,89460000,23079
9,994,89460000,89469000,27478,45796,89550000,23100
9,995,89550000,89559000,27478,45796,89640000,23125
9,996,89640000,89649000,27478,45796,89730000,23146
9,997,89730000,89739000,27478,45796,89820000,23171
9,998,89820000,89829000,27478,45796,89910000,23193
9,999,89910000,89919000,27478,45796,90000000,23218
