Task ID,Job ID,Arrival min,Arrival max,Cost min,Cost max,Deadline,Priority
0,0,0,2000,348,580,20000,0
0,1,20000,22000,348,580,40000,7
0,10,200000,202000,348,580,220000,64
0,11,220000,222000,348,580,240000,70
0,12,240000,242000,348,580,260000,79
0,13,260000,262000,348,580,280000,86
0,14,280000,282000,348,580,300000,87
0,2,40000,42000,348,580,60000,12
0,3,60000,62000,348,580,80000,22
0,4,80000,82000,348,580,100000,25
0,5,100000,102000,348,580,120000,30
0,6,120000,122000,348,580,140000,39
0,7,140000,142000,348,580,160000,47
0,8,160000,162000,348,580,180000,52
0,9,180000,182000,348,580,200000,57
1,0,0,2500,1098,1830,25000,1
1,1,25000,27500,1098,1830,50000,8
1,10,250000,252500,1098,1830,275000,82
1,11,275000,277500,1098,1830,300000,88
1,2,50000,52500,1098,1830,75000,17
1,3,75000,77500,1098,1830,100000,26
1,4,100000,102500,1098,1830,125000,35
1,5,125000,127500,1098,1830,150000,40
1,6,150000,152500,1098,1830,175000,48
1,7,175000,177500,1098,1830,200000,58
1,8,200000,202500,1098,1830,225000,65
1,9,225000,227500,1098,1830,250000,75
2,0,0,2500,1232,2052,25000,2
2,1,25000,27500,1232,2052,50000,9
2,10,250000,252500,1232,2052,275000,83
2,11,275000,277500,1232,2052,300000,89
2,2,50000,52500,1232,2052,75000,18
2,3,75000,77500,1232,2052,100000,27
2,4,100000,102500,1232,2052,125000,36
2,5,125000,127500,1232,2052,150000,41
2,6,150000,152500,1232,2052,175000,49
2,7,175000,177500,1232,2052,200000,59
2,8,200000,202500,1232,2052,225000,66
2,9,225000,227500,1232,2052,250000,76
3,0,0,2500,5330,8882,25000,3
3,1,25000,27500,5330,8882,50000,10
3,10,250000,252500,5330,8882,275000,84
3,11,275000,277500,5330,8882,300000,90
3,2,50000,52500,5330,8882,75000,19
3,3,75000,77500,5330,8882,100000,28
3,4,100000,102500,5330,8882,125000,37
3,5,125000,127500,5330,8882,150000,42
3,6,150000,152500,5330,8882,175000,50
3,7,175000,177500,5330,8882,200000,60
3,8,200000,202500,5330,8882,225000,67
3,9,225000,227500,5330,8882,250000,77
4,0,0,2500,4304,7172,25000,4
4,1,25000,27500,4304,7172,50000,11
4,10,250000,252500,4304,7172,275000,85
4,11,275000,277500,4304,7172,300000,91
4,2,50000,52500,4304,7172,75000,20
4,3,75000,77500,4304,7172,100000,29
4,4,100000,102500,4304,7172,125000,38
4,5,125000,127500,4304,7172,150000,43
4,6,150000,152500,4304,7172,175000,51
4,7,175000,177500,4304,7172,200000,61
4,8,200000,202500,4304,7172,225000,68
4,9,225000,227500,4304,7172,250000,78
5,0,0,3000,14165,23607,30000,5
5,1,30000,33000,14165,23607,60000,13
5,2,60000,63000,14165,23607,90000,23
5,3,90000,93000,14165,23607,120000,31
5,4,120000,123000,14165,23607,150000,44
5,5,150000,153000,14165,23607,180000,53
5,6,180000,183000,14165,23607,210000,62
5,7,210000,213000,14165,23607,240000,71
5,8,240000,243000,14165,23607,270000,80
5,9,270000,273000,14165,23607,300000,92
6,0,0,3000,374,623,30000,6
6,1,30000,33000,374,623,60000,14
6,2,60000,63000,374,623,90000,24
6,3,90000,93000,374,623,120000,32
6,4,120000,123000,374,623,150000,45
6,5,150000,153000,374,623,180000,54
6,6,180000,183000,374,623,210000,63
6,7,210000,213000,374,623,240000,72
6,8,240000,243000,374,623,270000,81
6,9,270000,273000,374,623,300000,93
7,0,0,6000,2553,4255,60000,15
7,1,60000,66000,2553,4255,120000,33
7,2,120000,126000,2553,4255,180000,55
7,3,180000,186000,2553,4255,240000,73
7,4,240000,246000,2553,4255,300000,94
8,0,0,6000,4559,7598,60000,16
8,1,60000,66000,4559,7598,120000,34
8,2,120000,126000,4559,7598,180000,56
8,3,180000,186000,4559,7598,240000,74
8,4,240000,246000,4559,7598,300000,95
9,0,0,7500,7578,12629,75000,21
9,1,75000,82500,7578,12629,150000,46
9,2,150000,157500,7578,12629,225000,69
9,3,225000,232500,7578,12629,300000,96
