Task ID,Job ID,Arrival min,Arrival max,Cost min,Cost max,Deadline,Priority
0,0,0,100,873,1455,10000,0
0,1,10000,10100,873,1455,20000,10
0,10,100000,100100,873,1455,110000,130
0,100,1000000,1000100,873,1455,1010000,1337
0,1000,10000000,10000100,873,1455,10010000,13394
0,1001,10010000,10010100,873,1455,10020000,13406
0,1002,10020000,10020100,873,1455,10030000,13419
0,1003,10030000,10030100,873,1455,10040000,13431
0,1004,10040000,10040100,873,1455,10050000,13446
0,1005,10050000,10050100,873,1455,10060000,13459
0,1006,10060000,10060100,873,1455,10070000,13471
0,1007,10070000,10070100,873,1455,10080000,13482
0,1008,10080000,10080100,873,1455,10090000,13503
0,1009,10090000,10090100,873,1455,10100000,13513
0,101,1010000,1010100,873,1455,1020000,1347
0,1010,10100000,10100100,873,1455,10110000,13526
0,1011,10110000,10110100,873,1455,10120000,13536
0,1012,10120000,10120100,873,1455,10130000,13556
0,1013,10130000,10130100,873,1455,10140000,13566
0,1014,10140000,10140100,873,1455,10150000,13578
0,1015,10150000,10150100,873,1455,10160000,13591
0,1016,10160000,10160100,873,1455,10170000,13608
0,1017,10170000,10170100,873,1455,10180000,13621
0,1018,10180000,10180100,873,1455,10190000,13633
0,1019,10190000,10190100,873,1455,10200000,13643
0,102,1020000,1020100,873,1455,1030000,1360
0,1020,10200000,10200100,873,1455,10210000,13661
0,1021,10210000,10210100,873,1455,10220000,13673
0,1022,10220000,10220100,873,1455,10230000,13688
0,1023,10230000,10230100,873,1455,10240000,13698
0,1024,10240000,10240100,873,1455,10250000,13715
0,1025,10250000,10250100,873,1455,10260000,13726
0,1026,10260000,10260100,873,1455,10270000,13740
0,1027,10270000,10270100,873,1455,10280000,13753
0,1028,10280000,10280100,873,1455,10290000,13768
0,1029,10290000,10290100,873,1455,10300000,13780
0,103,1030000,1030100,873,1455,1040000,1372
0,1030,10300000,10300100,873,1455,10310000,13795
0,1031,10310000,10310100,873,1455,10320000,13805
0,1032,10320000,10320100,873,1455,10330000,13823
0,1033,10330000,10330100,873,1455,10340000,13833
0,1034,10340000,10340100,873,1455,10350000,13845
0,1035,10350000,10350100,873,1455,10360000,13860
0,1036,10360000,10360100,873,1455,10370000,13877
0,1037,10370000,10370100,873,1455,10380000,13888
0,1038,10380000,10380100,873,1455,10390000,13900
0,1039,10390000,10390100,873,1455,10400000,13912
0,104,1040000,1040100,873,1455,1050000,1389
0,1040,10400000,10400100,873,1455,10410000,13930
0,1041,10410000,10410100,873,1455,10420000,13940
0,1042,10420000,10420100,873,1455,10430000,13955
0,1043,10430000,10430100,873,1455,10440000,13967
0,1044,10440000,10440100,873,1455,10450000,13984
0,1045,10450000,10450100,873,1455,10460000,13995
0,1046,10460000,10460100,873,1455,10470000,14007
0,1047,10470000,10470100,873,1455,10480000,14018
0,1048,10480000,10480100,873,1455,10490000,14037
0,1049,10490000,10490100,873,1455,10500000,14047
0,105,1050000,1050100,873,1455,1060000,1404
0,1050,10500000,10500100,873,1455,10510000,14064
0,1051,10510000,10510100,873,1455,10520000,14074
0,1052,10520000,10520100,873,1455,10530000,14090
0,1053,10530000,10530100,873,1455,10540000,14102
0,1054,10540000,10540100,873,1455,10550000,14114
0,1055,10550000,10550100,873,1455,10560000,14125
0,1056,10560000,10560100,873,1455,10570000,14142
0,1057,10570000,10570100,873,1455,10580000,14159
0,1058,10580000,10580100,873,1455,10590000,14171
0,1059,10590000,10590100,873,1455,10600000,14181
0,106,1060000,1060100,873,1455,1070000,1416
0,1060,10600000,10600100,873,1455,10610000,14197
0,1061,10610000,10610100,873,1455,10620000,14207
0,1062,10620000,10620100,873,1455,10630000,14222
0,1063,10630000,10630100,873,1455,10640000,14232
0,1064,10640000,10640100,873,1455,10650000,14251
0,1065,10650000,10650100,873,1455,10660000,14264
0,1066,10660000,10660100,873,1455,10670000,14278
0,1067,10670000,10670100,873,1455,10680000,14289
0,1068,10680000,10680100,873,1455,10690000,14304
0,1069,10690000,10690100,873,1455,10700000,14314
0,107,1070000,1070100,873,1455,1080000,1427
0,1070,10700000,10700100,873,1455,10710000,14327
0,1071,10710000,10710100,873,1455,10720000,14341
0,1072,10720000,10720100,873,1455,10730000,14361
0,1073,10730000,10730100,873,1455,10740000,14371
0,1074,10740000,10740100,873,1455,10750000,14383
0,1075,10750000,10750100,873,1455,10760000,14396
0,1076,10760000,10760100,873,1455,10770000,14411
0,1077,10770000,10770100,873,1455,10780000,14422
0,1078,10780000,10780100,873,1455,10790000,14436
0,1079,10790000,10790100,873,1455,10800000,14446
0,108,1080000,1080100,873,1455,1090000,1444
0,1080,10800000,10800100,873,1455,10810000,14468
0,1081,10810000,10810100,873,1455,10820000,14478
0,1082,10820000,10820100,873,1455,10830000,14491
0,1083,10830000,10830100,873,1455,10840000,14501
0,1084,10840000,10840100,873,1455,10850000,14518
0,1085,10850000,10850100,873,1455,10860000,14531
0,1086,10860000,10860100,873,1455,10870000,14543
0,1087,10870000,10870100,873,1455,10880000,14556
0,1088,10880000,10880100,873,1455,10890000,14573
0,1089,10890000,10890100,873,1455,10900000,14585
0,109,1090000,1090100,873,1455,1100000,1454
0,1090,10900000,10900100,873,1455,10910000,14598
0,1091,10910000,10910100,873,1455,10920000,14608
0,1092,10920000,10920100,873,1455,10930000,14626
0,1093,10930000,10930100,873,1455,10940000,14638
0,1094,10940000,10940100,873,1455,10950000,14650
0,1095,10950000,10950100,873,1455,10960000,14663
0,1096,10960000,10960100,873,1455,10970000,14680
0,1097,10970000,10970100,873,1455,10980000,14691
0,1098,10980000,10980100,873,1455,10990000,14705
0,1099,10990000,10990100,873,1455,11000000,14717
0,11,110000,110100,873,1455,120000,140
0,110,1100000,1100100,873,1455,1110000,1467
0,1100,11000000,11000100,873,1455,11010000,14733
0,1101,11010000,11010100,873,1455,11020000,14743
0,1102,11020000,11020100,873,1455,11030000,14760
0,1103,11030000,11030100,873,1455,11040000,14770
0,1104,11040000,11040100,873,1455,11050000,14787
0,1105,11050000,11050100,873,1455,11060000,14798
0,1106,11060000,11060100,873,1455,11070000,14812
0,1107,11070000,11070100,873,1455,11080000,14825
0,1108,11080000,11080100,873,1455,11090000,14840
0,1109,11090000,11090100,873,1455,11100000,14850
0,111,1110000,1110100,873,1455,1120000,1477
0,1110,11100000,11100100,873,1455,11110000,14865
0,1111,11110000,11110100,873,1455,11120000,14877
0,1112,11120000,11120100,873,1455,11130000,14895
0,1113,11130000,11130100,873,1455,11140000,14907
0,1114,11140000,11140100,873,1455,11150000,14919
0,1115,11150000,11150100,873,1455,11160000,14930
0,1116,11160000,11160100,873,1455,11170000,14947
0,1117,11170000,11170100,873,1455,11180000,14960
0,1118,11180000,11180100,873,1455,11190000,14972
0,1119,11190000,11190100,873,1455,11200000,14982
0,112,1120000,1120100,873,1455,1130000,1501
0,1120,11200000,11200100,873,1455,11210000,15004
0,1121,11210000,11210100,873,1455,11220000,15014
0,1122,11220000,11220100,873,1455,11230000,15027
0,1123,11230000,11230100,873,1455,11240000,15037
0,1124,11240000,11240100,873,1455,11250000,15052
0,1125,11250000,11250100,873,1455,11260000,15067
0,1126,11260000,11260100,873,1455,11270000,15079
0,1127,11270000,11270100,873,1455,11280000,15092
0,1128,11280000,11280100,873,1455,11290000,15109
0,1129,11290000,11290100,873,1455,11300000,15121
0,113,1130000,1130100,873,1455,1140000,1511
0,1130,11300000,11300100,873,1455,11310000,15134
0,1131,11310000,11310100,873,1455,11320000,15144
0,1132,11320000,11320100,873,1455,11330000,15162
0,1133,11330000,11330100,873,1455,11340000,15172
0,1134,11340000,11340100,873,1455,11350000,15188
0,1135,11350000,11350100,873,1455,11360000,15199
0,1136,11360000,11360100,873,1455,11370000,15216
0,1137,11370000,11370100,873,1455,11380000,15227
0,1138,11380000,11380100,873,1455,11390000,15241
0,1139,11390000,11390100,873,1455,11400000,15251
0,114,1140000,1140100,873,1455,1150000,1523
0,1140,11400000,11400100,873,1455,11410000,15269
0,1141,11410000,11410100,873,1455,11420000,15281
0,1142,11420000,11420100,873,1455,11430000,15294
0,1143,11430000,11430100,873,1455,11440000,15306
0,1144,11440000,11440100,873,1455,11450000,15323
0,1145,11450000,11450100,873,1455,11460000,15334
0,1146,11460000,11460100,873,1455,11470000,15346
0,1147,11470000,11470100,873,1455,11480000,15361
0,1148,11480000,11480100,873,1455,11490000,15378
0,1149,11490000,11490100,873,1455,11500000,15388
0,115,1150000,1150100,873,1455,1160000,1534
0,1150,11500000,11500100,873,1455,11510000,15401
0,1151,11510000,11510100,873,1455,11520000,15411
0,1152,11520000,11520100,873,1455,11530000,15431
0,1153,11530000,11530100,873,1455,11540000,15441
0,1154,11540000,11540100,873,1455,11550000,15453
0,1155,11550000,11550100,873,1455,11560000,15468
0,1156,11560000,11560100,873,1455,11570000,15485
0,1157,11570000,11570100,873,1455,11580000,15496
0,1158,11580000,11580100,873,1455,11590000,15508
0,1159,11590000,11590100,873,1455,11600000,15518
0,116,1160000,1160100,873,1455,1170000,1549
0,1160,11600000,11600100,873,1455,11610000,15536
0,1161,11610000,11610100,873,1455,11620000,15548
0,1162,11620000,11620100,873,1455,11630000,15565
0,1163,11630000,11630100,873,1455,11640000,15575
0,1164,11640000,11640100,873,1455,11650000,15590
0,1165,11650000,11650100,873,1455,11660000,15603
0,1166,11660000,11660100,873,1455,11670000,15615
0,1167,11670000,11670100,873,1455,11680000,15626
0,1168,11680000,11680100,873,1455,11690000,15643
0,1169,11690000,11690100,873,1455,11700000,15655
0,117,1170000,1170100,873,1455,1180000,1562
0,1170,11700000,11700100,873,1455,11710000,15672
0,1171,11710000,11710100,873,1455,11720000,15682
0,1172,11720000,11720100,873,1455,11730000,15698
0,1173,11730000,11730100,873,1455,11740000,15708
0,1174,11740000,11740100,873,1455,11750000,15722
0,1175,11750000,11750100,873,1455,11760000,15733
0,1176,11760000,11760100,873,1455,11770000,15752
0,1177,11770000,11770100,873,1455,11780000,15765
0,1178,11780000,11780100,873,1455,11790000,15777
0,1179,11790000,11790100,873,1455,11800000,15789
0,118,1180000,1180100,873,1455,1190000,1574
0,1180,11800000,11800100,873,1455,11810000,15805
0,1181,11810000,11810100,873,1455,11820000,15815
0,1182,11820000,11820100,873,1455,11830000,15828
0,1183,11830000,11830100,873,1455,11840000,15842
0,1184,11840000,11840100,873,1455,11850000,15859
0,1185,11850000,11850100,873,1455,11860000,15872
0,1186,11860000,11860100,873,1455,11870000,15884
0,1187,11870000,11870100,873,1455,11880000,15895
0,1188,11880000,11880100,873,1455,11890000,15912
0,1189,11890000,11890100,873,1455,11900000,15922
0,119,1190000,1190100,873,1455,1200000,1586
0,1190,11900000,11900100,873,1455,11910000,15937
0,1191,11910000,11910100,873,1455,11920000,15947
0,1192,11920000,11920100,873,1455,11930000,15969
0,1193,11930000,11930100,873,1455,11940000,15979
0,1194,11940000,11940100,873,1455,11950000,15991
0,1195,11950000,11950100,873,1455,11960000,16002
0,1196,11960000,11960100,873,1455,11970000,16017
0,1197,11970000,11970100,873,1455,11980000,16032
0,1198,11980000,11980100,873,1455,11990000,16044
0,1199,11990000,11990100,873,1455,12000000,16054
0,12,120000,120100,873,1455,130000,156
0,120,1200000,1200100,873,1455,1210000,1606
0,1200,12000000,12000100,873,1455,12010000,16074
0,1201,12010000,12010100,873,1455,12020000,16086
0,1202,12020000,12020100,873,1455,12030000,16099
0,1203,12030000,12030100,873,1455,12040000,16109
0,1204,12040000,12040100,873,1455,12050000,16126
0,1205,12050000,12050100,873,1455,12060000,16137
0,1206,12060000,12060100,873,1455,12070000,16151
0,1207,12070000,12070100,873,1455,12080000,16164
0,1208,12080000,12080100,873,1455,12090000,16181
0,1209,12090000,12090100,873,1455,12100000,16191
0,121,1210000,1210100,873,1455,1220000,1618
0,1210,12100000,12100100,873,1455,12110000,16206
0,1211,12110000,12110100,873,1455,12120000,16218
0,1212,12120000,12120100,873,1455,12130000,16234
0,1213,12130000,12130100,873,1455,12140000,16244
0,1214,12140000,12140100,873,1455,12150000,16256
0,1215,12150000,12150100,873,1455,12160000,16271
0,1216,12160000,12160100,873,1455,12170000,16288
0,1217,12170000,12170100,873,1455,12180000,16299
0,1218,12180000,12180100,873,1455,12190000,16313
0,1219,12190000,12190100,873,1455,12200000,16325
0,122,1220000,1220100,873,1455,1230000,1631
0,1220,12200000,12200100,873,1455,12210000,16341
0,1221,12210000,12210100,873,1455,12220000,16351
0,1222,12220000,12220100,873,1455,12230000,16366
0,1223,12230000,12230100,873,1455,12240000,16376
0,1224,12240000,12240100,873,1455,12250000,16395
0,1225,12250000,12250100,873,1455,12260000,16408
0,1226,12260000,12260100,873,1455,12270000,16420
0,1227,12270000,12270100,873,1455,12280000,16431
0,1228,12280000,12280100,873,1455,12290000,16448
0,1229,12290000,12290100,873,1455,12300000,16458
0,123,1230000,1230100,873,1455,1240000,1641
0,1230,12300000,12300100,873,1455,12310000,16473
0,1231,12310000,12310100,873,1455,12320000,16483
0,1232,12320000,12320100,873,1455,12330000,16503
0,1233,12330000,12330100,873,1455,12340000,16515
0,1234,12340000,12340100,873,1455,12350000,16527
0,1235,12350000,12350100,873,1455,12360000,16538
0,1236,12360000,12360100,873,1455,12370000,16553
0,1237,12370000,12370100,873,1455,12380000,16568
0,1238,12380000,12380100,873,1455,12390000,16580
0,1239,12390000,12390100,873,1455,12400000,16592
0,124,1240000,1240100,873,1455,1250000,1656
0,1240,12400000,12400100,873,1455,12410000,16610
0,1241,12410000,12410100,873,1455,12420000,16620
0,1242,12420000,12420100,873,1455,12430000,16635
0,1243,12430000,12430100,873,1455,12440000,16645
0,1244,12440000,12440100,873,1455,12450000,16660
0,1245,12450000,12450100,873,1455,12460000,16673
0,1246,12460000,12460100,873,1455,12470000,16689
0,1247,12470000,12470100,873,1455,12480000,16700
0,1248,12480000,12480100,873,1455,12490000,16717
0,1249,12490000,12490100,873,1455,12500000,16727
0,125,1250000,1250100,873,1455,1260000,1667
0,1250,12500000,12500100,873,1455,12510000,16740
0,1251,12510000,12510100,873,1455,12520000,16752
0,1252,12520000,12520100,873,1455,12530000,16770
0,1253,12530000,12530100,873,1455,12540000,16782
0,1254,12540000,12540100,873,1455,12550000,16794
0,1255,12550000,12550100,873,1455,12560000,16807
0,1256,12560000,12560100,873,1455,12570000,16824
0,1257,12570000,12570100,873,1455,12580000,16835
0,1258,12580000,12580100,873,1455,12590000,16847
0,1259,12590000,12590100,873,1455,12600000,16857
0,126,1260000,1260100,873,1455,1270000,1683
0,1260,12600000,12600100,873,1455,12610000,16879
0,1261,12610000,12610100,873,1455,12620000,16889
0,1262,12620000,12620100,873,1455,12630000,16902
0,1263,12630000,12630100,873,1455,12640000,16912
0,1264,12640000,12640100,873,1455,12650000,16931
0,1265,12650000,12650100,873,1455,12660000,16942
0,1266,12660000,12660100,873,1455,12670000,16954
0,1267,12670000,12670100,873,1455,12680000,16969
0,1268,12680000,12680100,873,1455,12690000,16984
0,1269,12690000,12690100,873,1455,12700000,16996
0,127,1270000,1270100,873,1455,1280000,1696
0,1270,12700000,12700100,873,1455,12710000,17009
0,1271,12710000,12710100,873,1455,12720000,17019
0,1272,12720000,12720100,873,1455,12730000,17037
0,1273,12730000,12730100,873,1455,12740000,17049
0,1274,12740000,12740100,873,1455,12750000,17063
0,1275,12750000,12750100,873,1455,12760000,17076
0,1276,12760000,12760100,873,1455,12770000,17091
0,1277,12770000,12770100,873,1455,12780000,17102
0,1278,12780000,12780100,873,1455,12790000,17116
0,1279,12790000,12790100,873,1455,12800000,17126
0,128,1280000,1280100,873,1455,1290000,1713
0,1280,12800000,12800100,873,1455,12810000,17144
0,1281,12810000,12810100,873,1455,12820000,17156
0,1282,12820000,12820100,873,1455,12830000,17173
0,1283,12830000,12830100,873,1455,12840000,17183
0,1284,12840000,12840100,873,1455,12850000,17198
0,1285,12850000,12850100,873,1455,12860000,17209
0,1286,12860000,12860100,873,1455,12870000,17221
0,1287,12870000,12870100,873,1455,12880000,17234
0,1288,12880000,12880100,873,1455,12890000,17253
0,1289,12890000,12890100,873,1455,12900000,17263
0,129,1290000,1290100,873,1455,1300000,1723
0,1290,12900000,12900100,873,1455,12910000,17278
0,1291,12910000,12910100,873,1455,12920000,17290
0,1292,12920000,12920100,873,1455,12930000,17306
0,1293,12930000,12930100,873,1455,12940000,17316
0,1294,12940000,12940100,873,1455,12950000,17328
0,1295,12950000,12950100,873,1455,12960000,17341
0,1296,12960000,12960100,873,1455,12970000,17360
0,1297,12970000,12970100,873,1455,12980000,17373
0,1298,12980000,12980100,873,1455,12990000,17385
0,1299,12990000,12990100,873,1455,13000000,17395
0,13,130000,130100,873,1455,140000,168
0,130,1300000,1300100,873,1455,1310000,1738
0,1300,13000000,13000100,873,1455,13010000,17413
0,1301,13010000,13010100,873,1455,13020000,17423
0,1302,13020000,13020100,873,1455,13030000,17438
0,1303,13030000,13030100,873,1455,13040000,17448
0,1304,13040000,13040100,873,1455,13050000,17465
0,1305,13050000,13050100,873,1455,13060000,17480
0,1306,13060000,13060100,873,1455,13070000,17492
0,1307,13070000,13070100,873,1455,13080000,17503
0,1308,13080000,13080100,873,1455,13090000,17518
0,1309,13090000,13090100,873,1455,13100000,17532
0,131,1310000,1310100,873,1455,1320000,1748
0,1310,13100000,13100100,873,1455,13110000,17545
0,1311,13110000,13110100,873,1455,13120000,17555
0,1312,13120000,13120100,873,1455,13130000,17575
0,1313,13130000,13130100,873,1455,13140000,17585
0,1314,13140000,13140100,873,1455,13150000,17599
0,1315,13150000,13150100,873,1455,13160000,17610
0,1316,13160000,13160100,873,1455,13170000,17627
0,1317,13170000,13170100,873,1455,13180000,17638
0,1318,13180000,13180100,873,1455,13190000,17652
0,1319,13190000,13190100,873,1455,13200000,17662
0,132,1320000,1320100,873,1455,1330000,1764
0,1320,13200000,13200100,873,1455,13210000,17682
0,1321,13210000,13210100,873,1455,13220000,17692
0,1322,13220000,13220100,873,1455,13230000,17705
0,1323,13230000,13230100,873,1455,13240000,17719
0,1324,13240000,13240100,873,1455,13250000,17734
0,1325,13250000,13250100,873,1455,13260000,17745
0,1326,13260000,13260100,873,1455,13270000,17757
0,1327,13270000,13270100,873,1455,13280000,17772
0,1328,13280000,13280100,873,1455,13290000,17789
0,1329,13290000,13290100,873,1455,13300000,17799
0,133,1330000,1330100,873,1455,1340000,1776
0,1330,13300000,13300100,873,1455,13310000,17814
0,1331,13310000,13310100,873,1455,13320000,17824
0,1332,13320000,13320100,873,1455,13330000,17842
0,1333,13330000,13330100,873,1455,13340000,17852
0,1334,13340000,13340100,873,1455,13350000,17864
0,1335,13350000,13350100,873,1455,13360000,17877
0,1336,13360000,13360100,873,1455,13370000,17896
0,1337,13370000,13370100,873,1455,13380000,17909
0,1338,13380000,13380100,873,1455,13390000,17921
0,1339,13390000,13390100,873,1455,13400000,17931
0,134,1340000,1340100,873,1455,1350000,1788
0,1340,13400000,13400100,873,1455,13410000,17947
0,1341,13410000,13410100,873,1455,13420000,17959
0,1342,13420000,13420100,873,1455,13430000,17974
0,1343,13430000,13430100,873,1455,13440000,17984
0,1344,13440000,13440100,873,1455,13450000,18003
0,1345,13450000,13450100,873,1455,13460000,18016
0,1346,13460000,13460100,873,1455,13470000,18028
0,1347,13470000,13470100,873,1455,13480000,18039
0,1348,13480000,13480100,873,1455,13490000,18054
0,1349,13490000,13490100,873,1455,13500000,18064
0,135,1350000,1350100,873,1455,1360000,1803
0,1350,13500000,13500100,873,1455,13510000,18081
0,1351,13510000,13510100,873,1455,13520000,18093
0,1352,13520000,13520100,873,1455,13530000,18111
0,1353,13530000,13530100,873,1455,13540000,18121
0,1354,13540000,13540100,873,1455,13550000,18135
0,1355,13550000,13550100,873,1455,13560000,18146
0,1356,13560000,13560100,873,1455,13570000,18161
0,1357,13570000,13570100,873,1455,13580000,18174
0,1358,13580000,13580100,873,1455,13590000,18188
0,1359,13590000,13590100,873,1455,13600000,18200
0,136,1360000,1360100,873,1455,1370000,1820
0,1360,13600000,13600100,873,1455,13610000,18218
0,1361,13610000,13610100,873,1455,13620000,18228
0,1362,13620000,13620100,873,1455,13630000,18241
0,1363,13630000,13630100,873,1455,13640000,18253
0,1364,13640000,13640100,873,1455,13650000,18268
0,1365,13650000,13650100,873,1455,13660000,18283
0,1366,13660000,13660100,873,1455,13670000,18295
0,1367,13670000,13670100,873,1455,13680000,18306
0,1368,13680000,13680100,873,1455,13690000,18325
0,1369,13690000,13690100,873,1455,13700000,18335
0,137,1370000,1370100,873,1455,1380000,1831
0,1370,13700000,13700100,873,1455,13710000,18348
0,1371,13710000,13710100,873,1455,13720000,18358
0,1372,13720000,13720100,873,1455,13730000,18380
0,1373,13730000,13730100,873,1455,13740000,18390
0,1374,13740000,13740100,873,1455,13750000,18402
0,1375,13750000,13750100,873,1455,13760000,18413
0,1376,13760000,13760100,873,1455,13770000,18430
0,1377,13770000,13770100,873,1455,13780000,18443
0,1378,13780000,13780100,873,1455,13790000,18455
0,1379,13790000,13790100,873,1455,13800000,18467
0,138,1380000,1380100,873,1455,1390000,1843
0,1380,13800000,13800100,873,1455,13810000,18485
0,1381,13810000,13810100,873,1455,13820000,18497
0,1382,13820000,13820100,873,1455,13830000,18510
0,1383,13830000,13830100,873,1455,13840000,18520
0,1384,13840000,13840100,873,1455,13850000,18537
0,1385,13850000,13850100,873,1455,13860000,18548
0,1386,13860000,13860100,873,1455,13870000,18564
0,1387,13870000,13870100,873,1455,13880000,18577
0,1388,13880000,13880100,873,1455,13890000,18592
0,1389,13890000,13890100,873,1455,13900000,18602
0,139,1390000,1390100,873,1455,1400000,1855
0,1390,13900000,13900100,873,1455,13910000,18617
0,1391,13910000,13910100,873,1455,13920000,18627
0,1392,13920000,13920100,873,1455,13930000,18645
0,1393,13930000,13930100,873,1455,13940000,18657
0,1394,13940000,13940100,873,1455,13950000,18669
0,1395,13950000,13950100,873,1455,13960000,18684
0,1396,13960000,13960100,873,1455,13970000,18699
0,1397,13970000,13970100,873,1455,13980000,18710
0,1398,13980000,13980100,873,1455,13990000,18722
0,1399,13990000,13990100,873,1455,14000000,18734
0,14,140000,140100,873,1455,150000,182
0,140,1400000,1400100,873,1455,1410000,1873
0,1400,14000000,14000100,873,1455,14010000,18754
0,1401,14010000,14010100,873,1455,14020000,18764
0,1402,14020000,14020100,873,1455,14030000,18779
0,1403,14030000,14030100,873,1455,14040000,18789
0,1404,14040000,14040100,873,1455,14050000,18806
0,1405,14050000,14050100,873,1455,14060000,18817
0,1406,14060000,14060100,873,1455,14070000,18829
0,1407,14070000,14070100,873,1455,14080000,18842
0,1408,14080000,14080100,873,1455,14090000,18861
0,1409,14090000,14090100,873,1455,14100000,18871
0,141,1410000,1410100,873,1455,1420000,1883
0,1410,14100000,14100100,873,1455,14110000,18886
0,1411,14110000,14110100,873,1455,14120000,18896
0,1412,14120000,14120100,873,1455,14130000,18912
0,1413,14130000,14130100,873,1455,14140000,18924
0,1414,14140000,14140100,873,1455,14150000,18938
0,1415,14150000,14150100,873,1455,14160000,18949
0,1416,14160000,14160100,873,1455,14170000,18966
0,1417,14170000,14170100,873,1455,14180000,18981
0,1418,14180000,14180100,873,1455,14190000,18993
0,1419,14190000,14190100,873,1455,14200000,19003
0,142,1420000,1420100,873,1455,1430000,1898
0,1420,14200000,14200100,873,1455,14210000,19019
0,1421,14210000,14210100,873,1455,14220000,19031
0,1422,14220000,14220100,873,1455,14230000,19046
0,1423,14230000,14230100,873,1455,14240000,19056
0,1424,14240000,14240100,873,1455,14250000,19073
0,1425,14250000,14250100,873,1455,14260000,19086
0,1426,14260000,14260100,873,1455,14270000,19100
0,1427,14270000,14270100,873,1455,14280000,19111
0,1428,14280000,14280100,873,1455,14290000,19128
0,1429,14290000,14290100,873,1455,14300000,19138
0,143,1430000,1430100,873,1455,1440000,1908
0,1430,14300000,14300100,873,1455,14310000,19151
0,1431,14310000,14310100,873,1455,14320000,19163
0,1432,14320000,14320100,873,1455,14330000,19183
0,1433,14330000,14330100,873,1455,14340000,19193
0,1434,14340000,14340100,873,1455,14350000,19205
0,1435,14350000,14350100,873,1455,14360000,19220
0,1436,14360000,14360100,873,1455,14370000,19235
0,1437,14370000,14370100,873,1455,14380000,19246
0,1438,14380000,14380100,873,1455,14390000,19258
0,1439,14390000,14390100,873,1455,14400000,19268
0,144,1440000,1440100,873,1455,1450000,1927
0,1440,14400000,14400100,873,1455,14410000,19290
0,1441,14410000,14410100,873,1455,14420000,19300
0,1442,14420000,14420100,873,1455,14430000,19315
0,1443,14430000,14430100,873,1455,14440000,19325
0,1444,14440000,14440100,873,1455,14450000,19342
0,1445,14450000,14450100,873,1455,14460000,19353
0,1446,14460000,14460100,873,1455,14470000,19365
0,1447,14470000,14470100,873,1455,14480000,19378
0,1448,14480000,14480100,873,1455,14490000,19395
0,1449,14490000,14490100,873,1455,14500000,19409
0,145,1450000,1450100,873,1455,1460000,1938
0,1450,14500000,14500100,873,1455,14510000,19422
0,1451,14510000,14510100,873,1455,14520000,19432
0,1452,14520000,14520100,873,1455,14530000,19448
0,1453,14530000,14530100,873,1455,14540000,19460
0,1454,14540000,14540100,873,1455,14550000,19472
0,1455,14550000,14550100,873,1455,14560000,19485
0,1456,14560000,14560100,873,1455,14570000,19504
0,1457,14570000,14570100,873,1455,14580000,19515
0,1458,14580000,14580100,873,1455,14590000,19529
0,1459,14590000,14590100,873,1455,14600000,19539
0,146,1460000,1460100,873,1455,1470000,1950
0,1460,14600000,14600100,873,1455,14610000,19555
0,1461,14610000,14610100,873,1455,14620000,19565
0,1462,14620000,14620100,873,1455,14630000,19582
0,1463,14630000,14630100,873,1455,14640000,19594
0,1464,14640000,14640100,873,1455,14650000,19611
0,1465,14650000,14650100,873,1455,14660000,19622
0,1466,14660000,14660100,873,1455,14670000,19634
0,1467,14670000,14670100,873,1455,14680000,19647
0,1468,14680000,14680100,873,1455,14690000,19662
0,1469,14690000,14690100,873,1455,14700000,19672
0,147,1470000,1470100,873,1455,1480000,1963
0,1470,14700000,14700100,873,1455,14710000,19689
0,1471,14710000,14710100,873,1455,14720000,19701
0,1472,14720000,14720100,873,1455,14730000,19719
0,1473,14730000,14730100,873,1455,14740000,19729
0,1474,14740000,14740100,873,1455,14750000,19741
0,1475,14750000,14750100,873,1455,14760000,19752
0,1476,14760000,14760100,873,1455,14770000,19769
0,1477,14770000,14770100,873,1455,14780000,19784
0,1478,14780000,14780100,873,1455,14790000,19796
0,1479,14790000,14790100,873,1455,14800000,19806
0,148,1480000,1480100,873,1455,1490000,1980
0,1480,14800000,14800100,873,1455,14810000,19826
0,1481,14810000,14810100,873,1455,14820000,19836
0,1482,14820000,14820100,873,1455,14830000,19849
0,1483,14830000,14830100,873,1455,14840000,19859
0,1484,14840000,14840100,873,1455,14850000,19876
0,1485,14850000,14850100,873,1455,14860000,19891
0,1486,14860000,14860100,873,1455,14870000,19903
0,1487,14870000,14870100,873,1455,14880000,19914
0,1488,14880000,14880100,873,1455,14890000,19931
0,1489,14890000,14890100,873,1455,14900000,19943
0,149,1490000,1490100,873,1455,1500000,1990
0,1490,14900000,14900100,873,1455,14910000,19956
0,1491,14910000,14910100,873,1455,14920000,19968
0,1492,14920000,14920100,873,1455,14930000,19986
0,1493,14930000,14930100,873,1455,14940000,19996
0,1494,14940000,14940100,873,1455,14950000,20010
0,1495,14950000,14950100,873,1455,14960000,20021
0,1496,14960000,14960100,873,1455,14970000,20038
0,1497,14970000,14970100,873,1455,14980000,20049
0,1498,14980000,14980100,873,1455,14990000,20065
0,1499,14990000,14990100,873,1455,15000000,20075
0,15,150000,150100,873,1455,160000,195
0,150,1500000,1500100,873,1455,1510000,2005
0,1500,15000000,15000100,873,1455,15010000,20093
0,1501,15010000,15010100,873,1455,15020000,20103
0,1502,15020000,15020100,873,1455,15030000,20116
0,1503,15030000,15030100,873,1455,15040000,20128
0,1504,15040000,15040100,873,1455,15050000,20145
0,1505,15050000,15050100,873,1455,15060000,20158
0,1506,15060000,15060100,873,1455,15070000,20170
0,1507,15070000,15070100,873,1455,15080000,20185
0,1508,15080000,15080100,873,1455,15090000,20200
0,1509,15090000,15090100,873,1455,15100000,20210
0,151,1510000,1510100,873,1455,1520000,2015
0,1510,15100000,15100100,873,1455,15110000,20223
0,1511,15110000,15110100,873,1455,15120000,20233
0,1512,15120000,15120100,873,1455,15130000,20255
0,1513,15130000,15130100,873,1455,15140000,20265
0,1514,15140000,15140100,873,1455,15150000,20277
0,1515,15150000,15150100,873,1455,15160000,20290
0,1516,15160000,15160100,873,1455,15170000,20307
0,1517,15170000,15170100,873,1455,15180000,20318
0,1518,15180000,15180100,873,1455,15190000,20330
0,1519,15190000,15190100,873,1455,15200000,20342
0,152,1520000,1520100,873,1455,1530000,2033
0,1520,15200000,15200100,873,1455,15210000,20360
0,1521,15210000,15210100,873,1455,15220000,20372
0,1522,15220000,15220100,873,1455,15230000,20387
0,1523,15230000,15230100,873,1455,15240000,20397
0,1524,15240000,15240100,873,1455,15250000,20412
0,1525,15250000,15250100,873,1455,15260000,20425
0,1526,15260000,15260100,873,1455,15270000,20439
0,1527,15270000,15270100,873,1455,15280000,20450
0,1528,15280000,15280100,873,1455,15290000,20467
0,1529,15290000,15290100,873,1455,15300000,20477
0,153,1530000,1530100,873,1455,1540000,2045
0,1530,15300000,15300100,873,1455,15310000,20494
0,1531,15310000,15310100,873,1455,15320000,20504
0,1532,15320000,15320100,873,1455,15330000,20520
0,1533,15330000,15330100,873,1455,15340000,20532
0,1534,15340000,15340100,873,1455,15350000,20546
0,1535,15350000,15350100,873,1455,15360000,20557
0,1536,15360000,15360100,873,1455,15370000,20574
0,1537,15370000,15370100,873,1455,15380000,20587
0,1538,15380000,15380100,873,1455,15390000,20599
0,1539,15390000,15390100,873,1455,15400000,20611
0,154,1540000,1540100,873,1455,1550000,2059
0,1540,15400000,15400100,873,1455,15410000,20629
0,1541,15410000,15410100,873,1455,15420000,20639
0,1542,15420000,15420100,873,1455,15430000,20652
0,1543,15430000,15430100,873,1455,15440000,20664
0,1544,15440000,15440100,873,1455,15450000,20681
0,1545,15450000,15450100,873,1455,15460000,20694
0,1546,15460000,15460100,873,1455,15470000,20706
0,1547,15470000,15470100,873,1455,15480000,20719
0,1548,15480000,15480100,873,1455,15490000,20736
0,1549,15490000,15490100,873,1455,15500000,20746
0,155,1550000,1550100,873,1455,1560000,2070
0,1550,15500000,15500100,873,1455,15510000,20759
0,1551,15510000,15510100,873,1455,15520000,20769
0,1552,15520000,15520100,873,1455,15530000,20791
0,1553,15530000,15530100,873,1455,15540000,20801
0,1554,15540000,15540100,873,1455,15550000,20815
0,1555,15550000,15550100,873,1455,15560000,20826
0,1556,15560000,15560100,873,1455,15570000,20841
0,1557,15570000,15570100,873,1455,15580000,20854
0,1558,15580000,15580100,873,1455,15590000,20866
0,1559,15590000,15590100,873,1455,15600000,20876
0,156,1560000,1560100,873,1455,1570000,2085
0,1560,15600000,15600100,873,1455,15610000,20896
0,1561,15610000,15610100,873,1455,15620000,20910
0,1562,15620000,15620100,873,1455,15630000,20923
0,1563,15630000,15630100,873,1455,15640000,20933
0,1564,15640000,15640100,873,1455,15650000,20948
0,1565,15650000,15650100,873,1455,15660000,20959
0,1566,15660000,15660100,873,1455,15670000,20973
0,1567,15670000,15670100,873,1455,15680000,20986
0,1568,15680000,15680100,873,1455,15690000,21005
0,1569,15690000,15690100,873,1455,15700000,21015
0,157,1570000,1570100,873,1455,1580000,2100
0,1570,15700000,15700100,873,1455,15710000,21030
0,1571,15710000,15710100,873,1455,15720000,21040
0,1572,15720000,15720100,873,1455,15730000,21056
0,1573,15730000,15730100,873,1455,15740000,21066
0,1574,15740000,15740100,873,1455,15750000,21078
0,1575,15750000,15750100,873,1455,15760000,21095
0,1576,15760000,15760100,873,1455,15770000,21112
0,1577,15770000,15770100,873,1455,15780000,21123
0,1578,15780000,15780100,873,1455,15790000,21135
0,1579,15790000,15790100,873,1455,15800000,21147
0,158,1580000,1580100,873,1455,1590000,2112
0,1580,15800000,15800100,873,1455,15810000,21163
0,1581,15810000,15810100,873,1455,15820000,21173
0,1582,15820000,15820100,873,1455,15830000,21190
0,1583,15830000,15830100,873,1455,15840000,21200
0,1584,15840000,15840100,873,1455,15850000,21219
0,1585,15850000,15850100,873,1455,15860000,21230
0,1586,15860000,15860100,873,1455,15870000,21242
0,1587,15870000,15870100,873,1455,15880000,21253
0,1588,15880000,15880100,873,1455,15890000,21270
0,1589,15890000,15890100,873,1455,15900000,21282
0,159,1590000,1590100,873,1455,1600000,2122
0,1590,15900000,15900100,873,1455,15910000,21297
0,1591,15910000,15910100,873,1455,15920000,21307
0,1592,15920000,15920100,873,1455,15930000,21325
0,1593,15930000,15930100,873,1455,15940000,21337
0,1594,15940000,15940100,873,1455,15950000,21349
0,1595,15950000,15950100,873,1455,15960000,21360
0,1596,15960000,15960100,873,1455,15970000,21377
0,1597,15970000,15970100,873,1455,15980000,21392
0,1598,15980000,15980100,873,1455,15990000,21404
0,1599,15990000,15990100,873,1455,16000000,21414
0,16,160000,160100,873,1455,170000,212
0,160,1600000,1600100,873,1455,1610000,2140
0,1600,16000000,16000100,873,1455,16010000,21432
0,1601,16010000,16010100,873,1455,16020000,21442
0,1602,16020000,16020100,873,1455,16030000,21457
0,1603,16030000,16030100,873,1455,16040000,21469
0,1604,16040000,16040100,873,1455,16050000,21484
0,1605,16050000,16050100,873,1455,16060000,21497
0,1606,16060000,16060100,873,1455,16070000,21511
0,1607,16070000,16070100,873,1455,16080000,21522
0,1608,16080000,16080100,873,1455,16090000,21539
0,1609,16090000,16090100,873,1455,16100000,21549
0,161,1610000,1610100,873,1455,1620000,2152
0,1610,16100000,16100100,873,1455,16110000,21564
0,1611,16110000,16110100,873,1455,16120000,21576
0,1612,16120000,16120100,873,1455,16130000,21594
0,1613,16130000,16130100,873,1455,16140000,21604
0,1614,16140000,16140100,873,1455,16150000,21616
0,1615,16150000,16150100,873,1455,16160000,21629
0,1616,16160000,16160100,873,1455,16170000,21646
0,1617,16170000,16170100,873,1455,16180000,21659
0,1618,16180000,16180100,873,1455,16190000,21671
0,1619,16190000,16190100,873,1455,16200000,21681
0,162,1620000,1620100,873,1455,1630000,2167
0,1620,16200000,16200100,873,1455,16210000,21701
0,1621,16210000,16210100,873,1455,16220000,21711
0,1622,16220000,16220100,873,1455,16230000,21724
0,1623,16230000,16230100,873,1455,16240000,21734
0,1624,16240000,16240100,873,1455,16250000,21755
0,1625,16250000,16250100,873,1455,16260000,21766
0,1626,16260000,16260100,873,1455,16270000,21778
0,1627,16270000,16270100,873,1455,16280000,21791
0,1628,16280000,16280100,873,1455,16290000,21806
0,1629,16290000,16290100,873,1455,16300000,21818
0,163,1630000,1630100,873,1455,1640000,2177
0,1630,16300000,16300100,873,1455,16310000,21831
0,1631,16310000,16310100,873,1455,16320000,21843
0,1632,16320000,16320100,873,1455,16330000,21861
0,1633,16330000,16330100,873,1455,16340000,21873
0,1634,16340000,16340100,873,1455,16350000,21885
0,1635,16350000,16350100,873,1455,16360000,21898
0,1636,16360000,16360100,873,1455,16370000,21913
0,1637,16370000,16370100,873,1455,16380000,21924
0,1638,16380000,16380100,873,1455,16390000,21940
0,1639,16390000,16390100,873,1455,16400000,21950
0,164,1640000,1640100,873,1455,1650000,2192
0,1640,16400000,16400100,873,1455,16410000,21968
0,1641,16410000,16410100,873,1455,16420000,21978
0,1642,16420000,16420100,873,1455,16430000,21995
0,1643,16430000,16430100,873,1455,16440000,22005
0,1644,16440000,16440100,873,1455,16450000,22020
0,1645,16450000,16450100,873,1455,16460000,22033
0,1646,16460000,16460100,873,1455,16470000,22045
0,1647,16470000,16470100,873,1455,16480000,22058
0,1648,16480000,16480100,873,1455,16490000,22075
0,1649,16490000,16490100,873,1455,16500000,22085
0,165,1650000,1650100,873,1455,1660000,2205
0,1650,16500000,16500100,873,1455,16510000,22100
0,1651,16510000,16510100,873,1455,16520000,22112
0,1652,16520000,16520100,873,1455,16530000,22130
0,1653,16530000,16530100,873,1455,16540000,22140
0,1654,16540000,16540100,873,1455,16550000,22152
0,1655,16550000,16550100,873,1455,16560000,22163
0,1656,16560000,16560100,873,1455,16570000,22182
0,1657,16570000,16570100,873,1455,16580000,22195
0,1658,16580000,16580100,873,1455,16590000,22207
0,1659,16590000,16590100,873,1455,16600000,22219
0,166,1660000,1660100,873,1455,1670000,2219
0,1660,16600000,16600100,873,1455,16610000,22237
0,1661,16610000,16610100,873,1455,16620000,22247
0,1662,16620000,16620100,873,1455,16630000,22260
0,1663,16630000,16630100,873,1455,16640000,22270
0,1664,16640000,16640100,873,1455,16650000,22287
0,1665,16650000,16650100,873,1455,16660000,22302
0,1666,16660000,16660100,873,1455,16670000,22316
0,1667,16670000,16670100,873,1455,16680000,22327
0,1668,16680000,16680100,873,1455,16690000,22342
0,1669,16690000,16690100,873,1455,16700000,22354
0,167,1670000,1670100,873,1455,1680000,2230
0,1670,16700000,16700100,873,1455,16710000,22367
0,1671,16710000,16710100,873,1455,16720000,22377
0,1672,16720000,16720100,873,1455,16730000,22397
0,1673,16730000,16730100,873,1455,16740000,22409
0,1674,16740000,16740100,873,1455,16750000,22423
0,1675,16750000,16750100,873,1455,16760000,22434
0,1676,16760000,16760100,873,1455,16770000,22449
0,1677,16770000,16770100,873,1455,16780000,22460
0,1678,16780000,16780100,873,1455,16790000,22474
0,1679,16790000,16790100,873,1455,16800000,22484
0,168,1680000,1680100,873,1455,1690000,2249
0,1680,16800000,16800100,873,1455,16810000,22506
0,1681,16810000,16810100,873,1455,16820000,22516
0,1682,16820000,16820100,873,1455,16830000,22529
0,1683,16830000,16830100,873,1455,16840000,22541
0,1684,16840000,16840100,873,1455,16850000,22556
0,1685,16850000,16850100,873,1455,16860000,22567
0,1686,16860000,16860100,873,1455,16870000,22579
0,1687,16870000,16870100,873,1455,16880000,22596
0,1688,16880000,16880100,873,1455,16890000,22613
0,1689,16890000,16890100,873,1455,16900000,22623
0,169,1690000,1690100,873,1455,1700000,2259
0,1690,16900000,16900100,873,1455,16910000,22636
0,1691,16910000,16910100,873,1455,16920000,22646
0,1692,16920000,16920100,873,1455,16930000,22664
0,1693,16930000,16930100,873,1455,16940000,22674
0,1694,16940000,16940100,873,1455,16950000,22688
0,1695,16950000,16950100,873,1455,16960000,22701
0,1696,16960000,16960100,873,1455,16970000,22720
0,1697,16970000,16970100,873,1455,16980000,22731
0,1698,16980000,16980100,873,1455,16990000,22743
0,1699,16990000,16990100,873,1455,17000000,22753
0,17,170000,170100,873,1455,180000,223
0,170,1700000,1700100,873,1455,1710000,2272
0,1700,17000000,17000100,873,1455,17010000,22769
0,1701,17010000,17010100,873,1455,17020000,22783
0,1702,17020000,17020100,873,1455,17030000,22798
0,1703,17030000,17030100,873,1455,17040000,22808
0,1704,17040000,17040100,873,1455,17050000,22825
0,1705,17050000,17050100,873,1455,17060000,22838
0,1706,17060000,17060100,873,1455,17070000,22850
0,1707,17070000,17070100,873,1455,17080000,22861
0,1708,17080000,17080100,873,1455,17090000,22878
0,1709,17090000,17090100,873,1455,17100000,22888
0,171,1710000,1710100,873,1455,1720000,2284
0,1710,17100000,17100100,873,1455,17110000,22905
0,1711,17110000,17110100,873,1455,17120000,22915
0,1712,17120000,17120100,873,1455,17130000,22933
0,1713,17130000,17130100,873,1455,17140000,22943
0,1714,17140000,17140100,873,1455,17150000,22957
0,1715,17150000,17150100,873,1455,17160000,22970
0,1716,17160000,17160100,873,1455,17170000,22985
0,1717,17170000,17170100,873,1455,17180000,22998
0,1718,17180000,17180100,873,1455,17190000,23010
0,1719,17190000,17190100,873,1455,17200000,23022
0,172,1720000,1720100,873,1455,1730000,2302
0,1720,17200000,17200100,873,1455,17210000,23040
0,1721,17210000,17210100,873,1455,17220000,23050
0,1722,17220000,17220100,873,1455,17230000,23065
0,1723,17230000,17230100,873,1455,17240000,23077
0,1724,17240000,17240100,873,1455,17250000,23092
0,1725,17250000,17250100,873,1455,17260000,23105
0,1726,17260000,17260100,873,1455,17270000,23117
0,1727,17270000,17270100,873,1455,17280000,23128
0,1728,17280000,17280100,873,1455,17290000,23147
0,1729,17290000,17290100,873,1455,17300000,23159
0,173,1730000,1730100,873,1455,1740000,2312
0,1730,17300000,17300100,873,1455,17310000,23172
0,1731,17310000,17310100,873,1455,17320000,23182
0,1732,17320000,17320100,873,1455,17330000,23202
0,1733,17330000,17330100,873,1455,17340000,23212
0,1734,17340000,17340100,873,1455,17350000,23224
0,1735,17350000,17350100,873,1455,17360000,23235
0,1736,17360000,17360100,873,1455,17370000,23254
0,1737,17370000,17370100,873,1455,17380000,23267
0,1738,17380000,17380100,873,1455,17390000,23279
0,1739,17390000,17390100,873,1455,17400000,23289
0,174,1740000,1740100,873,1455,1750000,2324
0,1740,17400000,17400100,873,1455,17410000,23307
0,1741,17410000,17410100,873,1455,17420000,23319
0,1742,17420000,17420100,873,1455,17430000,23332
0,1743,17430000,17430100,873,1455,17440000,23344
0,1744,17440000,17440100,873,1455,17450000,23361
0,1745,17450000,17450100,873,1455,17460000,23372
0,1746,17460000,17460100,873,1455,17470000,23386
0,1747,17470000,17470100,873,1455,17480000,23399
0,1748,17480000,17480100,873,1455,17490000,23414
0,1749,17490000,17490100,873,1455,17500000,23424
0,175,1750000,1750100,873,1455,1760000,2339
0,1750,17500000,17500100,873,1455,17510000,23441
0,1751,17510000,17510100,873,1455,17520000,23451
0,1752,17520000,17520100,873,1455,17530000,23469
0,1753,17530000,17530100,873,1455,17540000,23479
0,1754,17540000,17540100,873,1455,17550000,23491
0,1755,17550000,17550100,873,1455,17560000,23506
0,1756,17560000,17560100,873,1455,17570000,23521
0,1757,17570000,17570100,873,1455,17580000,23534
0,1758,17580000,17580100,873,1455,17590000,23546
0,1759,17590000,17590100,873,1455,17600000,23558
0,176,1760000,1760100,873,1455,1770000,2356
0,1760,17600000,17600100,873,1455,17610000,23576
0,1761,17610000,17610100,873,1455,17620000,23586
0,1762,17620000,17620100,873,1455,17630000,23601
0,1763,17630000,17630100,873,1455,17640000,23611
0,1764,17640000,17640100,873,1455,17650000,23630
0,1765,17650000,17650100,873,1455,17660000,23641
0,1766,17660000,17660100,873,1455,17670000,23653
0,1767,17670000,17670100,873,1455,17680000,23664
0,1768,17680000,17680100,873,1455,17690000,23683
0,1769,17690000,17690100,873,1455,17700000,23693
0,177,1770000,1770100,873,1455,1780000,2367
0,1770,17700000,17700100,873,1455,17710000,23708
0,1771,17710000,17710100,873,1455,17720000,23720
0,1772,17720000,17720100,873,1455,17730000,23736
0,1773,17730000,17730100,873,1455,17740000,23748
0,1774,17740000,17740100,873,1455,17750000,23760
0,1775,17750000,17750100,873,1455,17760000,23771
0,1776,17760000,17760100,873,1455,17770000,23788
0,1777,17770000,17770100,873,1455,17780000,23803
0,1778,17780000,17780100,873,1455,17790000,23817
0,1779,17790000,17790100,873,1455,17800000,23827
0,178,1780000,1780100,873,1455,1790000,2379
0,1780,17800000,17800100,873,1455,17810000,23843
0,1781,17810000,17810100,873,1455,17820000,23853
0,1782,17820000,17820100,873,1455,17830000,23868
0,1783,17830000,17830100,873,1455,17840000,23878
0,1784,17840000,17840100,873,1455,17850000,23895
0,1785,17850000,17850100,873,1455,17860000,23910
0,1786,17860000,17860100,873,1455,17870000,23924
0,1787,17870000,17870100,873,1455,17880000,23935
0,1788,17880000,17880100,873,1455,17890000,23950
0,1789,17890000,17890100,873,1455,17900000,23960
0,179,1790000,1790100,873,1455,1800000,2389
0,1790,17900000,17900100,873,1455,17910000,23973
0,1791,17910000,17910100,873,1455,17920000,23985
0,1792,17920000,17920100,873,1455,17930000,24007
0,1793,17930000,17930100,873,1455,17940000,24017
0,1794,17940000,17940100,873,1455,17950000,24029
0,1795,17950000,17950100,873,1455,17960000,24042
0,1796,17960000,17960100,873,1455,17970000,24057
0,1797,17970000,17970100,873,1455,17980000,24068
0,1798,17980000,17980100,873,1455,17990000,24080
0,1799,17990000,17990100,873,1455,18000000,24092
0,18,180000,180100,873,1455,190000,237
0,180,1800000,1800100,873,1455,1810000,2409
0,1800,18000000,18000100,873,1455,18010000,24114
0,1801,18010000,18010100,873,1455,18020000,24124
0,1802,18020000,18020100,873,1455,18030000,24137
0,1803,18030000,18030100,873,1455,18040000,24147
0,1804,18040000,18040100,873,1455,18050000,24164
0,1805,18050000,18050100,873,1455,18060000,24175
0,1806,18060000,18060100,873,1455,18070000,24189
0,1807,18070000,18070100,873,1455,18080000,24202
0,1808,18080000,18080100,873,1455,18090000,24219
0,1809,18090000,18090100,873,1455,18100000,24231
0,181,1810000,1810100,873,1455,1820000,2419
0,1810,18100000,18100100,873,1455,18110000,24244
0,1811,18110000,18110100,873,1455,18120000,24254
0,1812,18120000,18120100,873,1455,18130000,24270
0,1813,18130000,18130100,873,1455,18140000,24284
0,1814,18140000,18140100,873,1455,18150000,24296
0,1815,18150000,18150100,873,1455,18160000,24309
0,1816,18160000,18160100,873,1455,18170000,24326
0,1817,18170000,18170100,873,1455,18180000,24337
0,1818,18180000,18180100,873,1455,18190000,24351
0,1819,18190000,18190100,873,1455,18200000,24361
0,182,1820000,1820100,873,1455,1830000,2434
0,1820,18200000,18200100,873,1455,18210000,24379
0,1821,18210000,18210100,873,1455,18220000,24389
0,1822,18220000,18220100,873,1455,18230000,24406
0,1823,18230000,18230100,873,1455,18240000,24416
0,1824,18240000,18240100,873,1455,18250000,24433
0,1825,18250000,18250100,873,1455,18260000,24444
0,1826,18260000,18260100,873,1455,18270000,24456
0,1827,18270000,18270100,873,1455,18280000,24471
0,1828,18280000,18280100,873,1455,18290000,24486
0,1829,18290000,18290100,873,1455,18300000,24496
0,183,1830000,1830100,873,1455,1840000,2444
0,1830,18300000,18300100,873,1455,18310000,24511
0,1831,18310000,18310100,873,1455,18320000,24523
0,1832,18320000,18320100,873,1455,18330000,24541
0,1833,18330000,18330100,873,1455,18340000,24551
0,1834,18340000,18340100,873,1455,18350000,24565
0,1835,18350000,18350100,873,1455,18360000,24576
0,1836,18360000,18360100,873,1455,18370000,24593
0,1837,18370000,18370100,873,1455,18380000,24606
0,1838,18380000,18380100,873,1455,18390000,24618
0,1839,18390000,18390100,873,1455,18400000,24628
0,184,1840000,1840100,873,1455,1850000,2463
0,1840,18400000,18400100,873,1455,18410000,24648
0,1841,18410000,18410100,873,1455,18420000,24660
0,1842,18420000,18420100,873,1455,18430000,24673
0,1843,18430000,18430100,873,1455,18440000,24683
0,1844,18440000,18440100,873,1455,18450000,24698
0,1845,18450000,18450100,873,1455,18460000,24713
0,1846,18460000,18460100,873,1455,18470000,24725
0,1847,18470000,18470100,873,1455,18480000,24736
0,1848,18480000,18480100,873,1455,18490000,24755
0,1849,18490000,18490100,873,1455,18500000,24767
0,185,1850000,1850100,873,1455,1860000,2474
0,1850,18500000,18500100,873,1455,18510000,24780
0,1851,18510000,18510100,873,1455,18520000,24790
0,1852,18520000,18520100,873,1455,18530000,24808
0,1853,18530000,18530100,873,1455,18540000,24818
0,1854,18540000,18540100,873,1455,18550000,24832
0,1855,18550000,18550100,873,1455,18560000,24845
0,1856,18560000,18560100,873,1455,18570000,24862
0,1857,18570000,18570100,873,1455,18580000,24873
0,1858,18580000,18580100,873,1455,18590000,24887
0,1859,18590000,18590100,873,1455,18600000,24897
0,186,1860000,1860100,873,1455,1870000,2486
0,1860,18600000,18600100,873,1455,18610000,24915
0,1861,18610000,18610100,873,1455,18620000,24925
0,1862,18620000,18620100,873,1455,18630000,24940
0,1863,18630000,18630100,873,1455,18640000,24952
0,1864,18640000,18640100,873,1455,18650000,24969
0,1865,18650000,18650100,873,1455,18660000,24980
0,1866,18660000,18660100,873,1455,18670000,24992
0,1867,18670000,18670100,873,1455,18680000,25007
0,1868,18680000,18680100,873,1455,18690000,25022
0,1869,18690000,18690100,873,1455,18700000,25034
0,187,1870000,1870100,873,1455,1880000,2499
0,1870,18700000,18700100,873,1455,18710000,25047
0,1871,18710000,18710100,873,1455,18720000,25057
0,1872,18720000,18720100,873,1455,18730000,25077
0,1873,18730000,18730100,873,1455,18740000,25087
0,1874,18740000,18740100,873,1455,18750000,25099
0,1875,18750000,18750100,873,1455,18760000,25112
0,1876,18760000,18760100,873,1455,18770000,25131
0,1877,18770000,18770100,873,1455,18780000,25142
0,1878,18780000,18780100,873,1455,18790000,25154
0,1879,18790000,18790100,873,1455,18800000,25164
0,188,1880000,1880100,873,1455,1890000,2514
0,1880,18800000,18800100,873,1455,18810000,25182
0,1881,18810000,18810100,873,1455,18820000,25194
0,1882,18820000,18820100,873,1455,18830000,25209
0,1883,18830000,18830100,873,1455,18840000,25221
0,1884,18840000,18840100,873,1455,18850000,25236
0,1885,18850000,18850100,873,1455,18860000,25249
0,1886,18860000,18860100,873,1455,18870000,25261
0,1887,18870000,18870100,873,1455,18880000,25272
0,1888,18880000,18880100,873,1455,18890000,25289
0,1889,18890000,18890100,873,1455,18900000,25299
0,189,1890000,1890100,873,1455,1900000,2528
0,1890,18900000,18900100,873,1455,18910000,25318
0,1891,18910000,18910100,873,1455,18920000,25328
0,1892,18920000,18920100,873,1455,18930000,25344
0,1893,18930000,18930100,873,1455,18940000,25354
0,1894,18940000,18940100,873,1455,18950000,25368
0,1895,18950000,18950100,873,1455,18960000,25379
0,1896,18960000,18960100,873,1455,18970000,25396
0,1897,18970000,18970100,873,1455,18980000,25411
0,1898,18980000,18980100,873,1455,18990000,25423
0,1899,18990000,18990100,873,1455,19000000,25435
0,19,190000,190100,873,1455,200000,247
0,190,1900000,1900100,873,1455,1910000,2541
0,1900,19000000,19000100,873,1455,19010000,25451
0,1901,19010000,19010100,873,1455,19020000,25461
0,1902,19020000,19020100,873,1455,19030000,25474
0,1903,19030000,19030100,873,1455,19040000,25486
0,1904,19040000,19040100,873,1455,19050000,25505
0,1905,19050000,19050100,873,1455,19060000,25518
0,1906,19060000,19060100,873,1455,19070000,25530
0,1907,19070000,19070100,873,1455,19080000,25541
0,1908,19080000,19080100,873,1455,19090000,25558
0,1909,19090000,19090100,873,1455,19100000,25568
0,191,1910000,1910100,873,1455,1920000,2551
0,1910,19100000,19100100,873,1455,19110000,25581
0,1911,19110000,19110100,873,1455,19120000,25593
0,1912,19120000,19120100,873,1455,19130000,25615
0,1913,19130000,19130100,873,1455,19140000,25625
0,1914,19140000,19140100,873,1455,19150000,25637
0,1915,19150000,19150100,873,1455,19160000,25648
0,1916,19160000,19160100,873,1455,19170000,25663
0,1917,19170000,19170100,873,1455,19180000,25676
0,1918,19180000,19180100,873,1455,19190000,25690
0,1919,19190000,19190100,873,1455,19200000,25700
0,192,1920000,1920100,873,1455,1930000,2569
0,1920,19200000,19200100,873,1455,19210000,25720
0,1921,19210000,19210100,873,1455,19220000,25732
0,1922,19220000,19220100,873,1455,19230000,25745
0,1923,19230000,19230100,873,1455,19240000,25755
0,1924,19240000,19240100,873,1455,19250000,25770
0,1925,19250000,19250100,873,1455,19260000,25783
0,1926,19260000,19260100,873,1455,19270000,25797
0,1927,19270000,19270100,873,1455,19280000,25810
0,1928,19280000,19280100,873,1455,19290000,25827
0,1929,19290000,19290100,873,1455,19300000,25837
0,193,1930000,1930100,873,1455,1940000,2581
0,1930,19300000,19300100,873,1455,19310000,25852
0,1931,19310000,19310100,873,1455,19320000,25862
0,1932,19320000,19320100,873,1455,19330000,25880
0,1933,19330000,19330100,873,1455,19340000,25890
0,1934,19340000,19340100,873,1455,19350000,25902
0,1935,19350000,19350100,873,1455,19360000,25917
0,1936,19360000,19360100,873,1455,19370000,25934
0,1937,19370000,19370100,873,1455,19380000,25945
0,1938,19380000,19380100,873,1455,19390000,25957
0,1939,19390000,19390100,873,1455,19400000,25971
0,194,1940000,1940100,873,1455,1950000,2593
0,1940,19400000,19400100,873,1455,19410000,25987
0,1941,19410000,19410100,873,1455,19420000,25997
0,1942,19420000,19420100,873,1455,19430000,26012
0,1943,19430000,19430100,873,1455,19440000,26022
0,1944,19440000,19440100,873,1455,19450000,26041
0,1945,19450000,19450100,873,1455,19460000,26052
0,1946,19460000,19460100,873,1455,19470000,26066
0,1947,19470000,19470100,873,1455,19480000,26077
0,1948,19480000,19480100,873,1455,19490000,26094
0,1949,19490000,19490100,873,1455,19500000,26104
0,195,1950000,1950100,873,1455,1960000,2606
0,1950,19500000,19500100,873,1455,19510000,26119
0,1951,19510000,19510100,873,1455,19520000,26129
0,1952,19520000,19520100,873,1455,19530000,26147
0,1953,19530000,19530100,873,1455,19540000,26161
0,1954,19540000,19540100,873,1455,19550000,26173
0,1955,19550000,19550100,873,1455,19560000,26184
0,1956,19560000,19560100,873,1455,19570000,26199
0,1957,19570000,19570100,873,1455,19580000,26214
0,1958,19580000,19580100,873,1455,19590000,26226
0,1959,19590000,19590100,873,1455,19600000,26236
0,196,1960000,1960100,873,1455,1970000,2623
0,1960,19600000,19600100,873,1455,19610000,26256
0,1961,19610000,19610100,873,1455,19620000,26266
0,1962,19620000,19620100,873,1455,19630000,26281
0,1963,19630000,19630100,873,1455,19640000,26291
0,1964,19640000,19640100,873,1455,19650000,26306
0,1965,19650000,19650100,873,1455,19660000,26319
0,1966,19660000,19660100,873,1455,19670000,26333
0,1967,19670000,19670100,873,1455,19680000,26346
0,1968,19680000,19680100,873,1455,19690000,26363
0,1969,19690000,19690100,873,1455,19700000,26373
0,197,1970000,1970100,873,1455,1980000,2634
0,1970,19700000,19700100,873,1455,19710000,26386
0,1971,19710000,19710100,873,1455,19720000,26398
0,1972,19720000,19720100,873,1455,19730000,26416
0,1973,19730000,19730100,873,1455,19740000,26426
0,1974,19740000,19740100,873,1455,19750000,26440
0,1975,19750000,19750100,873,1455,19760000,26453
0,1976,19760000,19760100,873,1455,19770000,26470
0,1977,19770000,19770100,873,1455,19780000,26481
0,1978,19780000,19780100,873,1455,19790000,26493
0,1979,19790000,19790100,873,1455,19800000,26503
0,198,1980000,1980100,873,1455,1990000,2648
0,1980,19800000,19800100,873,1455,19810000,26523
0,1981,19810000,19810100,873,1455,19820000,26535
0,1982,19820000,19820100,873,1455,19830000,26548
0,1983,19830000,19830100,873,1455,19840000,26558
0,1984,19840000,19840100,873,1455,19850000,26577
0,1985,19850000,19850100,873,1455,19860000,26588
0,1986,19860000,19860100,873,1455,19870000,26600
0,1987,19870000,19870100,873,1455,19880000,26613
0,1988,19880000,19880100,873,1455,19890000,26630
0,1989,19890000,19890100,873,1455,19900000,26642
0,199,1990000,1990100,873,1455,2000000,2658
0,1990,19900000,19900100,873,1455,19910000,26655
0,1991,19910000,19910100,873,1455,19920000,26665
0,1992,19920000,19920100,873,1455,19930000,26683
0,1993,19930000,19930100,873,1455,19940000,26695
0,1994,19940000,19940100,873,1455,19950000,26707
0,1995,19950000,19950100,873,1455,19960000,26722
0,1996,19960000,19960100,873,1455,19970000,26737
0,1997,19970000,19970100,873,1455,19980000,26748
0,1998,19980000,19980100,873,1455,19990000,26762
0,1999,19990000,19990100,873,1455,20000000,26772
0,2,20000,20100,873,1455,30000,23
0,20,200000,200100,873,1455,210000,263
0,200,2000000,2000100,873,1455,2010000,2676
0,2000,20000000,20000100,873,1455,20010000,26790
0,2001,20010000,20010100,873,1455,20020000,26800
0,2002,20020000,20020100,873,1455,20030000,26819
0,2003,20030000,20030100,873,1455,20040000,26829
0,2004,20040000,20040100,873,1455,20050000,26844
0,2005,20050000,20050100,873,1455,20060000,26855
0,2006,20060000,20060100,873,1455,20070000,26867
0,2007,20070000,20070100,873,1455,20080000,26880
0,2008,20080000,20080100,873,1455,20090000,26897
0,2009,20090000,20090100,873,1455,20100000,26909
0,201,2010000,2010100,873,1455,2020000,2686
0,2010,20100000,20100100,873,1455,20110000,26924
0,2011,20110000,20110100,873,1455,20120000,26936
0,2012,20120000,20120100,873,1455,20130000,26952
0,2013,20130000,20130100,873,1455,20140000,26962
0,2014,20140000,20140100,873,1455,20150000,26974
0,2015,20150000,20150100,873,1455,20160000,26985
0,2016,20160000,20160100,873,1455,20170000,27006
0,2017,20170000,20170100,873,1455,20180000,27019
0,2018,20180000,20180100,873,1455,20190000,27031
0,2019,20190000,20190100,873,1455,20200000,27041
0,202,2020000,2020100,873,1455,2030000,2703
0,2020,20200000,20200100,873,1455,20210000,27059
0,2021,20210000,20210100,873,1455,20220000,27069
0,2022,20220000,20220100,873,1455,20230000,27082
0,2023,20230000,20230100,873,1455,20240000,27094
0,2024,20240000,20240100,873,1455,20250000,27111
0,2025,20250000,20250100,873,1455,20260000,27126
0,2026,20260000,20260100,873,1455,20270000,27138
0,2027,20270000,20270100,873,1455,20280000,27149
0,2028,20280000,20280100,873,1455,20290000,27164
0,2029,20290000,20290100,873,1455,20300000,27176
0,203,2030000,2030100,873,1455,2040000,2715
0,2030,20300000,20300100,873,1455,20310000,27191
0,2031,20310000,20310100,873,1455,20320000,27201
0,2032,20320000,20320100,873,1455,20330000,27221
0,2033,20330000,20330100,873,1455,20340000,27231
0,2034,20340000,20340100,873,1455,20350000,27245
0,2035,20350000,20350100,873,1455,20360000,27256
0,2036,20360000,20360100,873,1455,20370000,27271
0,2037,20370000,20370100,873,1455,20380000,27284
0,2038,20380000,20380100,873,1455,20390000,27298
0,2039,20390000,20390100,873,1455,20400000,27308
0,204,2040000,2040100,873,1455,2050000,2730
0,2040,20400000,20400100,873,1455,20410000,27328
0,2041,20410000,20410100,873,1455,20420000,27338
0,2042,20420000,20420100,873,1455,20430000,27351
0,2043,20430000,20430100,873,1455,20440000,27363
0,2044,20440000,20440100,873,1455,20450000,27380
0,2045,20450000,20450100,873,1455,20460000,27391
0,2046,20460000,20460100,873,1455,20470000,27403
0,2047,20470000,20470100,873,1455,20480000,27418
0,2048,20480000,20480100,873,1455,20490000,27435
0,2049,20490000,20490100,873,1455,20500000,27445
0,205,2050000,2050100,873,1455,2060000,2741
0,2050,20500000,20500100,873,1455,20510000,27458
0,2051,20510000,20510100,873,1455,20520000,27470
0,2052,20520000,20520100,873,1455,20530000,27488
0,2053,20530000,20530100,873,1455,20540000,27498
0,2054,20540000,20540100,873,1455,20550000,27510
0,2055,20550000,20550100,873,1455,20560000,27523
0,2056,20560000,20560100,873,1455,20570000,27542
0,2057,20570000,20570100,873,1455,20580000,27553
0,2058,20580000,20580100,873,1455,20590000,27567
0,2059,20590000,20590100,873,1455,20600000,27577
0,206,2060000,2060100,873,1455,2070000,2753
0,2060,20600000,20600100,873,1455,20610000,27593
0,2061,20610000,20610100,873,1455,20620000,27605
0,2062,20620000,20620100,873,1455,20630000,27620
0,2063,20630000,20630100,873,1455,20640000,27630
0,2064,20640000,20640100,873,1455,20650000,27647
0,2065,20650000,20650100,873,1455,20660000,27662
0,2066,20660000,20660100,873,1455,20670000,27674
0,2067,20670000,20670100,873,1455,20680000,27685
0,2068,20680000,20680100,873,1455,20690000,27700
0,2069,20690000,20690100,873,1455,20700000,27710
0,207,2070000,2070100,873,1455,2080000,2766
0,2070,20700000,20700100,873,1455,20710000,27727
0,2071,20710000,20710100,873,1455,20720000,27737
0,2072,20720000,20720100,873,1455,20730000,27757
0,2073,20730000,20730100,873,1455,20740000,27767
0,2074,20740000,20740100,873,1455,20750000,27781
0,2075,20750000,20750100,873,1455,20760000,27792
0,2076,20760000,20760100,873,1455,20770000,27807
0,2077,20770000,20770100,873,1455,20780000,27820
0,2078,20780000,20780100,873,1455,20790000,27832
0,2079,20790000,20790100,873,1455,20800000,27846
0,208,2080000,2080100,873,1455,2090000,2783
0,2080,20800000,20800100,873,1455,20810000,27864
0,2081,20810000,20810100,873,1455,20820000,27874
0,2082,20820000,20820100,873,1455,20830000,27887
0,2083,20830000,20830100,873,1455,20840000,27899
0,2084,20840000,20840100,873,1455,20850000,27914
0,2085,20850000,20850100,873,1455,20860000,27927
0,2086,20860000,20860100,873,1455,20870000,27941
0,2087,20870000,20870100,873,1455,20880000,27952
0,2088,20880000,20880100,873,1455,20890000,27971
0,2089,20890000,20890100,873,1455,20900000,27981
0,209,2090000,2090100,873,1455,2100000,2793
0,2090,20900000,20900100,873,1455,20910000,27994
0,2091,20910000,20910100,873,1455,20920000,28004
0,2092,20920000,20920100,873,1455,20930000,28024
0,2093,20930000,20930100,873,1455,20940000,28036
0,2094,20940000,20940100,873,1455,20950000,28048
0,2095,20950000,20950100,873,1455,20960000,28059
0,2096,20960000,20960100,873,1455,20970000,28076
0,2097,20970000,20970100,873,1455,20980000,28089
0,2098,20980000,20980100,873,1455,20990000,28101
0,2099,20990000,20990100,873,1455,21000000,28111
0,21,210000,210100,873,1455,220000,275
0,210,2100000,2100100,873,1455,2110000,2810
0,2100,21000000,21000100,873,1455,21010000,28131
0,2101,21010000,21010100,873,1455,21020000,28143
0,2102,21020000,21020100,873,1455,21030000,28156
0,2103,21030000,21030100,873,1455,21040000,28166
0,2104,21040000,21040100,873,1455,21050000,28183
0,2105,21050000,21050100,873,1455,21060000,28194
0,2106,21060000,21060100,873,1455,21070000,28208
0,2107,21070000,21070100,873,1455,21080000,28223
0,2108,21080000,21080100,873,1455,21090000,28238
0,2109,21090000,21090100,873,1455,21100000,28248
0,211,2110000,2110100,873,1455,2120000,2822
0,2110,21100000,21100100,873,1455,21110000,28263
0,2111,21110000,21110100,873,1455,21120000,28273
0,2112,21120000,21120100,873,1455,21130000,28291
0,2113,21130000,21130100,873,1455,21140000,28301
0,2114,21140000,21140100,873,1455,21150000,28315
0,2115,21150000,21150100,873,1455,21160000,28330
0,2116,21160000,21160100,873,1455,21170000,28345
0,2117,21170000,21170100,873,1455,21180000,28356
0,2118,21180000,21180100,873,1455,21190000,28368
0,2119,21190000,21190100,873,1455,21200000,28380
0,212,2120000,2120100,873,1455,2130000,2838
0,2120,21200000,21200100,873,1455,21210000,28398
0,2121,21210000,21210100,873,1455,21220000,28410
0,2122,21220000,21220100,873,1455,21230000,28425
0,2123,21230000,21230100,873,1455,21240000,28435
0,2124,21240000,21240100,873,1455,21250000,28452
0,2125,21250000,21250100,873,1455,21260000,28463
0,2126,21260000,21260100,873,1455,21270000,28475
0,2127,21270000,21270100,873,1455,21280000,28486
0,2128,21280000,21280100,873,1455,21290000,28507
0,2129,21290000,21290100,873,1455,21300000,28517
0,213,2130000,2130100,873,1455,2140000,2848
0,2130,21300000,21300100,873,1455,21310000,28532
0,2131,21310000,21310100,873,1455,21320000,28542
0,2132,21320000,21320100,873,1455,21330000,28558
0,2133,21330000,21330100,873,1455,21340000,28570
0,2134,21340000,21340100,873,1455,21350000,28582
0,2135,21350000,21350100,873,1455,21360000,28595
0,2136,21360000,21360100,873,1455,21370000,28612
0,2137,21370000,21370100,873,1455,21380000,28627
0,2138,21380000,21380100,873,1455,21390000,28639
0,2139,21390000,21390100,873,1455,21400000,28649
0,214,2140000,2140100,873,1455,2150000,2860
0,2140,21400000,21400100,873,1455,21410000,28665
0,2141,21410000,21410100,873,1455,21420000,28675
0,2142,21420000,21420100,873,1455,21430000,28692
0,2143,21430000,21430100,873,1455,21440000,28702
0,2144,21440000,21440100,873,1455,21450000,28719
0,2145,21450000,21450100,873,1455,21460000,28732
0,2146,21460000,21460100,873,1455,21470000,28746
0,2147,21470000,21470100,873,1455,21480000,28757
0,2148,21480000,21480100,873,1455,21490000,28772
0,2149,21490000,21490100,873,1455,21500000,28784
0,215,2150000,2150100,873,1455,2160000,2871
0,2150,21500000,21500100,873,1455,21510000,28797
0,2151,21510000,21510100,873,1455,21520000,28809
0,2152,21520000,21520100,873,1455,21530000,28829
0,2153,21530000,21530100,873,1455,21540000,28839
0,2154,21540000,21540100,873,1455,21550000,28851
0,2155,21550000,21550100,873,1455,21560000,28864
0,2156,21560000,21560100,873,1455,21570000,28881
0,2157,21570000,21570100,873,1455,21580000,28892
0,2158,21580000,21580100,873,1455,21590000,28904
0,2159,21590000,21590100,873,1455,21600000,28914
0,216,2160000,2160100,873,1455,2170000,2890
0,2160,21600000,21600100,873,1455,21610000,28936
0,2161,21610000,21610100,873,1455,21620000,28946
0,2162,21620000,21620100,873,1455,21630000,28959
0,2163,21630000,21630100,873,1455,21640000,28971
0,2164,21640000,21640100,873,1455,21650000,28988
0,2165,21650000,21650100,873,1455,21660000,28999
0,2166,21660000,21660100,873,1455,21670000,29011
0,2167,21670000,21670100,873,1455,21680000,29024
0,2168,21680000,21680100,873,1455,21690000,29041
0,2169,21690000,21690100,873,1455,21700000,29053
0,217,2170000,2170100,873,1455,2180000,2905
0,2170,21700000,21700100,873,1455,21710000,29068
0,2171,21710000,21710100,873,1455,21720000,29078
0,2172,21720000,21720100,873,1455,21730000,29094
0,2173,21730000,21730100,873,1455,21740000,29106
0,2174,21740000,21740100,873,1455,21750000,29118
0,2175,21750000,21750100,873,1455,21760000,29131
0,2176,21760000,21760100,873,1455,21770000,29148
0,2177,21770000,21770100,873,1455,21780000,29161
0,2178,21780000,21780100,873,1455,21790000,29175
0,2179,21790000,21790100,873,1455,21800000,29185
0,218,2180000,2180100,873,1455,2190000,2917
0,2180,21800000,21800100,873,1455,21810000,29201
0,2181,21810000,21810100,873,1455,21820000,29211
0,2182,21820000,21820100,873,1455,21830000,29228
0,2183,21830000,21830100,873,1455,21840000,29238
0,2184,21840000,21840100,873,1455,21850000,29257
0,2185,21850000,21850100,873,1455,21860000,29268
0,2186,21860000,21860100,873,1455,21870000,29280
0,2187,21870000,21870100,873,1455,21880000,29293
0,2188,21880000,21880100,873,1455,21890000,29308
0,2189,21890000,21890100,873,1455,21900000,29318
0,219,2190000,2190100,873,1455,2200000,2927
0,2190,21900000,21900100,873,1455,21910000,29333
0,2191,21910000,21910100,873,1455,21920000,29347
0,2192,21920000,21920100,873,1455,21930000,29365
0,2193,21930000,21930100,873,1455,21940000,29375
0,2194,21940000,21940100,873,1455,21950000,29387
0,2195,21950000,21950100,873,1455,21960000,29398
0,2196,21960000,21960100,873,1455,21970000,29415
0,2197,21970000,21970100,873,1455,21980000,29428
0,2198,21980000,21980100,873,1455,21990000,29442
0,2199,21990000,21990100,873,1455,22000000,29452
0,22,220000,220100,873,1455,230000,292
0,220,2200000,2200100,873,1455,2210000,2945
0,2200,22000000,22000100,873,1455,22010000,29472
0,2201,22010000,22010100,873,1455,22020000,29482
0,2202,22020000,22020100,873,1455,22030000,29495
0,2203,22030000,22030100,873,1455,22040000,29505
0,2204,22040000,22040100,873,1455,22050000,29520
0,2205,22050000,22050100,873,1455,22060000,29537
0,2206,22060000,22060100,873,1455,22070000,29549
0,2207,22070000,22070100,873,1455,22080000,29560
0,2208,22080000,22080100,873,1455,22090000,29577
0,2209,22090000,22090100,873,1455,22100000,29589
0,221,2210000,2210100,873,1455,2220000,2955
0,2210,22100000,22100100,873,1455,22110000,29602
0,2211,22110000,22110100,873,1455,22120000,29612
0,2212,22120000,22120100,873,1455,22130000,29632
0,2213,22130000,22130100,873,1455,22140000,29642
0,2214,22140000,22140100,873,1455,22150000,29656
0,2215,22150000,22150100,873,1455,22160000,29667
0,2216,22160000,22160100,873,1455,22170000,29684
0,2217,22170000,22170100,873,1455,22180000,29695
0,2218,22180000,22180100,873,1455,22190000,29709
0,2219,22190000,22190100,873,1455,22200000,29721
0,222,2220000,2220100,873,1455,2230000,2968
0,2220,22200000,22200100,873,1455,22210000,29739
0,2221,22210000,22210100,873,1455,22220000,29749
0,2222,22220000,22220100,873,1455,22230000,29762
0,2223,22230000,22230100,873,1455,22240000,29774
0,2224,22240000,22240100,873,1455,22250000,29791
0,2225,22250000,22250100,873,1455,22260000,29802
0,2226,22260000,22260100,873,1455,22270000,29816
0,2227,22270000,22270100,873,1455,22280000,29831
0,2228,22280000,22280100,873,1455,22290000,29846
0,2229,22290000,22290100,873,1455,22300000,29856
0,223,2230000,2230100,873,1455,2240000,2978
0,2230,22300000,22300100,873,1455,22310000,29869
0,2231,22310000,22310100,873,1455,22320000,29879
0,2232,22320000,22320100,873,1455,22330000,29899
0,2233,22330000,22330100,873,1455,22340000,29911
0,2234,22340000,22340100,873,1455,22350000,29923
0,2235,22350000,22350100,873,1455,22360000,29936
0,2236,22360000,22360100,873,1455,22370000,29953
0,2237,22370000,22370100,873,1455,22380000,29964
0,2238,22380000,22380100,873,1455,22390000,29976
0,2239,22390000,22390100,873,1455,22400000,29986
0,224,2240000,2240100,873,1455,2250000,2997
0,2240,22400000,22400100,873,1455,22410000,30006
0,2241,22410000,22410100,873,1455,22420000,30018
0,2242,22420000,22420100,873,1455,22430000,30033
0,2243,22430000,22430100,873,1455,22440000,30043
0,2244,22440000,22440100,873,1455,22450000,30058
0,2245,22450000,22450100,873,1455,22460000,30071
0,2246,22460000,22460100,873,1455,22470000,30083
0,2247,22470000,22470100,873,1455,22480000,30096
0,2248,22480000,22480100,873,1455,22490000,30113
0,2249,22490000,22490100,873,1455,22500000,30123
0,225,2250000,2250100,873,1455,2260000,3012
0,2250,22500000,22500100,873,1455,22510000,30140
0,2251,22510000,22510100,873,1455,22520000,30150
0,2252,22520000,22520100,873,1455,22530000,30166
0,2253,22530000,22530100,873,1455,22540000,30176
0,2254,22540000,22540100,873,1455,22550000,30192
0,2255,22550000,22550100,873,1455,22560000,30203
0,2256,22560000,22560100,873,1455,22570000,30220
0,2257,22570000,22570100,873,1455,22580000,30233
0,2258,22580000,22580100,873,1455,22590000,30245
0,2259,22590000,22590100,873,1455,22600000,30257
0,226,2260000,2260100,873,1455,2270000,3024
0,2260,22600000,22600100,873,1455,22610000,30273
0,2261,22610000,22610100,873,1455,22620000,30285
0,2262,22620000,22620100,873,1455,22630000,30298
0,2263,22630000,22630100,873,1455,22640000,30310
0,2264,22640000,22640100,873,1455,22650000,30327
0,2265,22650000,22650100,873,1455,22660000,30340
0,2266,22660000,22660100,873,1455,22670000,30352
0,2267,22670000,22670100,873,1455,22680000,30363
0,2268,22680000,22680100,873,1455,22690000,30382
0,2269,22690000,22690100,873,1455,22700000,30392
0,227,2270000,2270100,873,1455,2280000,3035
0,2270,22700000,22700100,873,1455,22710000,30405
0,2271,22710000,22710100,873,1455,22720000,30415
0,2272,22720000,22720100,873,1455,22730000,30437
0,2273,22730000,22730100,873,1455,22740000,30447
0,2274,22740000,22740100,873,1455,22750000,30459
0,2275,22750000,22750100,873,1455,22760000,30472
0,2276,22760000,22760100,873,1455,22770000,30487
0,2277,22770000,22770100,873,1455,22780000,30500
0,2278,22780000,22780100,873,1455,22790000,30512
0,2279,22790000,22790100,873,1455,22800000,30522
0,228,2280000,2280100,873,1455,2290000,3050
0,2280,22800000,22800100,873,1455,22810000,30542
0,2281,22810000,22810100,873,1455,22820000,30554
0,2282,22820000,22820100,873,1455,22830000,30569
0,2283,22830000,22830100,873,1455,22840000,30579
0,2284,22840000,22840100,873,1455,22850000,30594
0,2285,22850000,22850100,873,1455,22860000,30605
0,2286,22860000,22860100,873,1455,22870000,30619
0,2287,22870000,22870100,873,1455,22880000,30632
0,2288,22880000,22880100,873,1455,22890000,30649
0,2289,22890000,22890100,873,1455,22900000,30661
0,229,2290000,2290100,873,1455,2300000,3062
0,2290,22900000,22900100,873,1455,22910000,30676
0,2291,22910000,22910100,873,1455,22920000,30686
0,2292,22920000,22920100,873,1455,22930000,30702
0,2293,22930000,22930100,873,1455,22940000,30712
0,2294,22940000,22940100,873,1455,22950000,30724
0,2295,22950000,22950100,873,1455,22960000,30739
0,2296,22960000,22960100,873,1455,22970000,30758
0,2297,22970000,22970100,873,1455,22980000,30769
0,2298,22980000,22980100,873,1455,22990000,30781
0,2299,22990000,22990100,873,1455,23000000,30793
0,23,230000,230100,873,1455,240000,302
0,230,2300000,2300100,873,1455,2310000,3075
0,2300,23000000,23000100,873,1455,23010000,30809
0,2301,23010000,23010100,873,1455,23020000,30819
0,2302,23020000,23020100,873,1455,23030000,30834
0,2303,23030000,23030100,873,1455,23040000,30846
0,2304,23040000,23040100,873,1455,23050000,30865
0,2305,23050000,23050100,873,1455,23060000,30876
0,2306,23060000,23060100,873,1455,23070000,30888
0,2307,23070000,23070100,873,1455,23080000,30899
0,2308,23080000,23080100,873,1455,23090000,30916
0,2309,23090000,23090100,873,1455,23100000,30926
0,231,2310000,2310100,873,1455,2320000,3087
0,2310,23100000,23100100,873,1455,23110000,30943
0,2311,23110000,23110100,873,1455,23120000,30953
0,2312,23120000,23120100,873,1455,23130000,30971
0,2313,23130000,23130100,873,1455,23140000,30983
0,2314,23140000,23140100,873,1455,23150000,30995
0,2315,23150000,23150100,873,1455,23160000,31006
0,2316,23160000,23160100,873,1455,23170000,31021
0,2317,23170000,23170100,873,1455,23180000,31038
0,2318,23180000,23180100,873,1455,23190000,31050
0,2319,23190000,23190100,873,1455,23200000,31060
0,232,2320000,2320100,873,1455,2330000,3107
0,2320,23200000,23200100,873,1455,23210000,31078
0,2321,23210000,23210100,873,1455,23220000,31088
0,2322,23220000,23220100,873,1455,23230000,31103
0,2323,23230000,23230100,873,1455,23240000,31113
0,2324,23240000,23240100,873,1455,23250000,31130
0,2325,23250000,23250100,873,1455,23260000,31143
0,2326,23260000,23260100,873,1455,23270000,31157
0,2327,23270000,23270100,873,1455,23280000,31168
0,2328,23280000,23280100,873,1455,23290000,31185
0,2329,23290000,23290100,873,1455,23300000,31195
0,233,2330000,2330100,873,1455,2340000,3117
0,2330,23300000,23300100,873,1455,23310000,31208
0,2331,23310000,23310100,873,1455,23320000,31222
0,2332,23320000,23320100,873,1455,23330000,31240
0,2333,23330000,23330100,873,1455,23340000,31250
0,2334,23340000,23340100,873,1455,23350000,31262
0,2335,23350000,23350100,873,1455,23360000,31275
0,2336,23360000,23360100,873,1455,23370000,31292
0,2337,23370000,23370100,873,1455,23380000,31303
0,2338,23380000,23380100,873,1455,23390000,31317
0,2339,23390000,23390100,873,1455,23400000,31327
0,234,2340000,2340100,873,1455,2350000,3131
0,2340,23400000,23400100,873,1455,23410000,31347
0,2341,23410000,23410100,873,1455,23420000,31357
0,2342,23420000,23420100,873,1455,23430000,31370
0,2343,23430000,23430100,873,1455,23440000,31380
0,2344,23440000,23440100,873,1455,23450000,31399
0,2345,23450000,23450100,873,1455,23460000,31412
0,2346,23460000,23460100,873,1455,23470000,31424
0,2347,23470000,23470100,873,1455,23480000,31437
0,2348,23480000,23480100,873,1455,23490000,31452
0,2349,23490000,23490100,873,1455,23500000,31464
0,235,2350000,2350100,873,1455,2360000,3142
0,2350,23500000,23500100,873,1455,23510000,31477
0,2351,23510000,23510100,873,1455,23520000,31487
0,2352,23520000,23520100,873,1455,23530000,31507
0,2353,23530000,23530100,873,1455,23540000,31519
0,2354,23540000,23540100,873,1455,23550000,31531
0,2355,23550000,23550100,873,1455,23560000,31544
0,2356,23560000,23560100,873,1455,23570000,31559
0,2357,23570000,23570100,873,1455,23580000,31570
0,2358,23580000,23580100,873,1455,23590000,31584
0,2359,23590000,23590100,873,1455,23600000,31596
0,236,2360000,2360100,873,1455,2370000,3157
0,2360,23600000,23600100,873,1455,23610000,31614
0,2361,23610000,23610100,873,1455,23620000,31624
0,2362,23620000,23620100,873,1455,23630000,31641
0,2363,23630000,23630100,873,1455,23640000,31651
0,2364,23640000,23640100,873,1455,23650000,31666
0,2365,23650000,23650100,873,1455,23660000,31677
0,2366,23660000,23660100,873,1455,23670000,31691
0,2367,23670000,23670100,873,1455,23680000,31704
0,2368,23680000,23680100,873,1455,23690000,31721
0,2369,23690000,23690100,873,1455,23700000,31731
0,237,2370000,2370100,873,1455,2380000,3168
0,2370,23700000,23700100,873,1455,23710000,31746
0,2371,23710000,23710100,873,1455,23720000,31758
0,2372,23720000,23720100,873,1455,23730000,31774
0,2373,23730000,23730100,873,1455,23740000,31786
0,2374,23740000,23740100,873,1455,23750000,31798
0,2375,23750000,23750100,873,1455,23760000,31809
0,2376,23760000,23760100,873,1455,23770000,31828
0,2377,23770000,23770100,873,1455,23780000,31841
0,2378,23780000,23780100,873,1455,23790000,31853
0,2379,23790000,23790100,873,1455,23800000,31863
0,238,2380000,2380100,873,1455,2390000,3184
0,2380,23800000,23800100,873,1455,23810000,31883
0,2381,23810000,23810100,873,1455,23820000,31893
0,2382,23820000,23820100,873,1455,23830000,31906
0,2383,23830000,23830100,873,1455,23840000,31916
0,2384,23840000,23840100,873,1455,23850000,31933
0,2385,23850000,23850100,873,1455,23860000,31948
0,2386,23860000,23860100,873,1455,23870000,31960
0,2387,23870000,23870100,873,1455,23880000,31973
0,2388,23880000,23880100,873,1455,23890000,31988
0,2389,23890000,23890100,873,1455,23900000,32000
0,239,2390000,2390100,873,1455,2400000,3194
0,2390,23900000,23900100,873,1455,23910000,32013
0,2391,23910000,23910100,873,1455,23920000,32023
0,2392,23920000,23920100,873,1455,23930000,32043
0,2393,23930000,23930100,873,1455,23940000,32053
0,2394,23940000,23940100,873,1455,23950000,32069
0,2395,23950000,23950100,873,1455,23960000,32080
0,2396,23960000,23960100,873,1455,23970000,32095
0,2397,23970000,23970100,873,1455,23980000,32106
0,2398,23980000,23980100,873,1455,23990000,32120
0,2399,23990000,23990100,873,1455,24000000,32130
0,24,240000,240100,873,1455,250000,319
0,240,2400000,2400100,873,1455,2410000,3214
0,2400,24000000,24000100,873,1455,24010000,32150
0,2401,24010000,24010100,873,1455,24020000,32162
0,2402,24020000,24020100,873,1455,24030000,32175
0,2403,24030000,24030100,873,1455,24040000,32187
0,2404,24040000,24040100,873,1455,24050000,32202
0,2405,24050000,24050100,873,1455,24060000,32213
0,2406,24060000,24060100,873,1455,24070000,32225
0,2407,24070000,24070100,873,1455,24080000,32240
0,2408,24080000,24080100,873,1455,24090000,32259
0,2409,24090000,24090100,873,1455,24100000,32269
0,241,2410000,2410100,873,1455,2420000,3224
0,2410,24100000,24100100,873,1455,24110000,32282
0,2411,24110000,24110100,873,1455,24120000,32292
0,2412,24120000,24120100,873,1455,24130000,32310
0,2413,24130000,24130100,873,1455,24140000,32320
0,2414,24140000,24140100,873,1455,24150000,32332
0,2415,24150000,24150100,873,1455,24160000,32347
0,2416,24160000,24160100,873,1455,24170000,32366
0,2417,24170000,24170100,873,1455,24180000,32377
0,2418,24180000,24180100,873,1455,24190000,32389
0,2419,24190000,24190100,873,1455,24200000,32399
0,242,2420000,2420100,873,1455,2430000,3237
0,2420,24200000,24200100,873,1455,24210000,32415
0,2421,24210000,24210100,873,1455,24220000,32427
0,2422,24220000,24220100,873,1455,24230000,32444
0,2423,24230000,24230100,873,1455,24240000,32454
0,2424,24240000,24240100,873,1455,24250000,32471
0,2425,24250000,24250100,873,1455,24260000,32484
0,2426,24260000,24260100,873,1455,24270000,32496
0,2427,24270000,24270100,873,1455,24280000,32507
0,2428,24280000,24280100,873,1455,24290000,32522
0,2429,24290000,24290100,873,1455,24300000,32534
0,243,2430000,2430100,873,1455,2440000,3249
0,2430,24300000,24300100,873,1455,24310000,32551
0,2431,24310000,24310100,873,1455,24320000,32561
0,2432,24320000,24320100,873,1455,24330000,32579
0,2433,24330000,24330100,873,1455,24340000,32589
0,2434,24340000,24340100,873,1455,24350000,32603
0,2435,24350000,24350100,873,1455,24360000,32614
0,2436,24360000,24360100,873,1455,24370000,32631
0,2437,24370000,24370100,873,1455,24380000,32644
0,2438,24380000,24380100,873,1455,24390000,32656
0,2439,24390000,24390100,873,1455,24400000,32668
0,244,2440000,2440100,873,1455,2450000,3264
0,2440,24400000,24400100,873,1455,24410000,32686
0,2441,24410000,24410100,873,1455,24420000,32696
0,2442,24420000,24420100,873,1455,24430000,32709
0,2443,24430000,24430100,873,1455,24440000,32723
0,2444,24440000,24440100,873,1455,24450000,32738
0,2445,24450000,24450100,873,1455,24460000,32751
0,2446,24460000,24460100,873,1455,24470000,32763
0,2447,24470000,24470100,873,1455,24480000,32774
0,2448,24480000,24480100,873,1455,24490000,32793
0,2449,24490000,24490100,873,1455,24500000,32803
0,245,2450000,2450100,873,1455,2460000,3277
0,2450,24500000,24500100,873,1455,24510000,32818
0,2451,24510000,24510100,873,1455,24520000,32828
0,2452,24520000,24520100,873,1455,24530000,32848
0,2453,24530000,24530100,873,1455,24540000,32858
0,2454,24540000,24540100,873,1455,24550000,32870
0,2455,24550000,24550100,873,1455,24560000,32881
0,2456,24560000,24560100,873,1455,24570000,32898
0,2457,24570000,24570100,873,1455,24580000,32913
0,2458,24580000,24580100,873,1455,24590000,32925
0,2459,24590000,24590100,873,1455,24600000,32935
0,246,2460000,2460100,873,1455,2470000,3289
0,2460,24600000,24600100,873,1455,24610000,32953
0,2461,24610000,24610100,873,1455,24620000,32965
0,2462,24620000,24620100,873,1455,24630000,32978
0,2463,24630000,24630100,873,1455,24640000,32988
0,2464,24640000,24640100,873,1455,24650000,33007
0,2465,24650000,24650100,873,1455,24660000,33018
0,2466,24660000,24660100,873,1455,24670000,33032
0,2467,24670000,24670100,873,1455,24680000,33045
0,2468,24680000,24680100,873,1455,24690000,33060
0,2469,24690000,24690100,873,1455,24700000,33070
0,247,2470000,2470100,873,1455,2480000,3304
0,2470,24700000,24700100,873,1455,24710000,33085
0,2471,24710000,24710100,873,1455,24720000,33097
0,2472,24720000,24720100,873,1455,24730000,33115
0,2473,24730000,24730100,873,1455,24740000,33125
0,2474,24740000,24740100,873,1455,24750000,33137
0,2475,24750000,24750100,873,1455,24760000,33152
0,2476,24760000,24760100,873,1455,24770000,33167
0,2477,24770000,24770100,873,1455,24780000,33178
0,2478,24780000,24780100,873,1455,24790000,33192
0,2479,24790000,24790100,873,1455,24800000,33204
0,248,2480000,2480100,873,1455,2490000,3321
0,2480,24800000,24800100,873,1455,24810000,33222
0,2481,24810000,24810100,873,1455,24820000,33232
0,2482,24820000,24820100,873,1455,24830000,33247
0,2483,24830000,24830100,873,1455,24840000,33257
0,2484,24840000,24840100,873,1455,24850000,33274
0,2485,24850000,24850100,873,1455,24860000,33287
0,2486,24860000,24860100,873,1455,24870000,33299
0,2487,24870000,24870100,873,1455,24880000,33310
0,2488,24880000,24880100,873,1455,24890000,33329
0,2489,24890000,24890100,873,1455,24900000,33339
0,249,2490000,2490100,873,1455,2500000,3331
0,2490,24900000,24900100,873,1455,24910000,33354
0,2491,24910000,24910100,873,1455,24920000,33364
0,2492,24920000,24920100,873,1455,24930000,33382
0,2493,24930000,24930100,873,1455,24940000,33394
0,2494,24940000,24940100,873,1455,24950000,33406
0,2495,24950000,24950100,873,1455,24960000,33417
0,2496,24960000,24960100,873,1455,24970000,33434
0,2497,24970000,24970100,873,1455,24980000,33449
0,2498,24980000,24980100,873,1455,24990000,33461
0,2499,24990000,24990100,873,1455,25000000,33473
0,25,250000,250100,873,1455,260000,330
0,250,2500000,2500100,873,1455,2510000,3344
0,2500,25000000,25000100,873,1455,25010000,33489
0,2501,25010000,25010100,873,1455,25020000,33499
0,2502,25020000,25020100,873,1455,25030000,33514
0,2503,25030000,25030100,873,1455,25040000,33524
0,2504,25040000,25040100,873,1455,25050000,33541
0,2505,25050000,25050100,873,1455,25060000,33554
0,2506,25060000,25060100,873,1455,25070000,33570
0,2507,25070000,25070100,873,1455,25080000,33581
0,2508,25080000,25080100,873,1455,25090000,33596
0,2509,25090000,25090100,873,1455,25100000,33606
0,251,2510000,2510100,873,1455,2520000,3354
0,2510,25100000,25100100,873,1455,25110000,33619
0,2511,25110000,25110100,873,1455,25120000,33631
0,2512,25120000,25120100,873,1455,25130000,33651
0,2513,25130000,25130100,873,1455,25140000,33663
0,2514,25140000,25140100,873,1455,25150000,33675
0,2515,25150000,25150100,873,1455,25160000,33688
0,2516,25160000,25160100,873,1455,25170000,33703
0,2517,25170000,25170100,873,1455,25180000,33714
0,2518,25180000,25180100,873,1455,25190000,33726
0,2519,25190000,25190100,873,1455,25200000,33736
0,252,2520000,2520100,873,1455,2530000,3374
0,253,2530000,2530100,873,1455,2540000,3384
0,254,2540000,2540100,873,1455,2550000,3396
0,255,2550000,2550100,873,1455,2560000,3409
0,256,2560000,2560100,873,1455,2570000,3428
0,257,2570000,2570100,873,1455,2580000,3439
0,258,2580000,2580100,873,1455,2590000,3451
0,259,2590000,2590100,873,1455,2600000,3463
0,26,260000,260100,873,1455,270000,342
0,260,2600000,2600100,873,1455,2610000,3479
0,261,2610000,2610100,873,1455,2620000,3491
0,262,2620000,2620100,873,1455,2630000,3506
0,263,2630000,2630100,873,1455,2640000,3516
0,264,2640000,2640100,873,1455,2650000,3533
0,265,2650000,2650100,873,1455,2660000,3546
0,266,2660000,2660100,873,1455,2670000,3560
0,267,2670000,2670100,873,1455,2680000,3571
0,268,2680000,2680100,873,1455,2690000,3586
0,269,2690000,2690100,873,1455,2700000,3596
0,27,270000,270100,873,1455,280000,355
0,270,2700000,2700100,873,1455,2710000,3613
0,271,2710000,2710100,873,1455,2720000,3623
0,272,2720000,2720100,873,1455,2730000,3641
0,273,2730000,2730100,873,1455,2740000,3653
0,274,2740000,2740100,873,1455,2750000,3667
0,275,2750000,2750100,873,1455,2760000,3678
0,276,2760000,2760100,873,1455,2770000,3693
0,277,2770000,2770100,873,1455,2780000,3706
0,278,2780000,2780100,873,1455,2790000,3718
0,279,2790000,2790100,873,1455,2800000,3730
0,28,280000,280100,873,1455,290000,372
0,280,2800000,2800100,873,1455,2810000,3750
0,281,2810000,2810100,873,1455,2820000,3760
0,282,2820000,2820100,873,1455,2830000,3773
0,283,2830000,2830100,873,1455,2840000,3785
0,284,2840000,2840100,873,1455,2850000,3800
0,285,2850000,2850100,873,1455,2860000,3813
0,286,2860000,2860100,873,1455,2870000,3825
0,287,2870000,2870100,873,1455,2880000,3838
0,288,2880000,2880100,873,1455,2890000,3857
0,289,2890000,2890100,873,1455,2900000,3867
0,29,290000,290100,873,1455,300000,382
0,290,2900000,2900100,873,1455,2910000,3880
0,291,2910000,2910100,873,1455,2920000,3890
0,292,2920000,2920100,873,1455,2930000,3910
0,293,2930000,2930100,873,1455,2940000,3920
0,294,2940000,2940100,873,1455,2950000,3934
0,295,2950000,2950100,873,1455,2960000,3945
0,296,2960000,2960100,873,1455,2970000,3962
0,297,2970000,2970100,873,1455,2980000,3975
0,298,2980000,2980100,873,1455,2990000,3987
0,299,2990000,2990100,873,1455,3000000,3997
0,3,30000,30100,873,1455,40000,33
0,30,300000,300100,873,1455,310000,397
0,300,3000000,3000100,873,1455,3010000,4015
0,301,3010000,3010100,873,1455,3020000,4029
0,302,3020000,3020100,873,1455,3030000,4042
0,303,3030000,3030100,873,1455,3040000,4052
0,304,3040000,3040100,873,1455,3050000,4069
0,305,3050000,3050100,873,1455,3060000,4080
0,306,3060000,3060100,873,1455,3070000,4094
0,307,3070000,3070100,873,1455,3080000,4107
0,308,3080000,3080100,873,1455,3090000,4124
0,309,3090000,3090100,873,1455,3100000,4134
0,31,310000,310100,873,1455,320000,409
0,310,3100000,3100100,873,1455,3110000,4149
0,311,3110000,3110100,873,1455,3120000,4159
0,312,3120000,3120100,873,1455,3130000,4177
0,313,3130000,3130100,873,1455,3140000,4187
0,314,3140000,3140100,873,1455,3150000,4199
0,315,3150000,3150100,873,1455,3160000,4216
0,316,3160000,3160100,873,1455,3170000,4231
0,317,3170000,3170100,873,1455,3180000,4242
0,318,3180000,3180100,873,1455,3190000,4254
0,319,3190000,3190100,873,1455,3200000,4266
0,32,320000,320100,873,1455,330000,427
0,320,3200000,3200100,873,1455,3210000,4284
0,321,3210000,3210100,873,1455,3220000,4294
0,322,3220000,3220100,873,1455,3230000,4311
0,323,3230000,3230100,873,1455,3240000,4321
0,324,3240000,3240100,873,1455,3250000,4338
0,325,3250000,3250100,873,1455,3260000,4349
0,326,3260000,3260100,873,1455,3270000,4361
0,327,3270000,3270100,873,1455,3280000,4372
0,328,3280000,3280100,873,1455,3290000,4391
0,329,3290000,3290100,873,1455,3300000,4403
0,33,330000,330100,873,1455,340000,437
0,330,3300000,3300100,873,1455,3310000,4418
0,331,3310000,3310100,873,1455,3320000,4428
0,332,3320000,3320100,873,1455,3330000,4444
0,333,3330000,3330100,873,1455,3340000,4456
0,334,3340000,3340100,873,1455,3350000,4468
0,335,3350000,3350100,873,1455,3360000,4479
0,336,3360000,3360100,873,1455,3370000,4498
0,337,3370000,3370100,873,1455,3380000,4513
0,338,3380000,3380100,873,1455,3390000,4525
0,339,3390000,3390100,873,1455,3400000,4535
0,34,340000,340100,873,1455,350000,449
0,340,3400000,3400100,873,1455,3410000,4551
0,341,3410000,3410100,873,1455,3420000,4561
0,342,3420000,3420100,873,1455,3430000,4576
0,343,3430000,3430100,873,1455,3440000,4588
0,344,3440000,3440100,873,1455,3450000,4605
0,345,3450000,3450100,873,1455,3460000,4618
0,346,3460000,3460100,873,1455,3470000,4632
0,347,3470000,3470100,873,1455,3480000,4643
0,348,3480000,3480100,873,1455,3490000,4658
0,349,3490000,3490100,873,1455,3500000,4668
0,35,350000,350100,873,1455,360000,462
0,350,3500000,3500100,873,1455,3510000,4683
0,351,3510000,3510100,873,1455,3520000,4695
0,352,3520000,3520100,873,1455,3530000,4715
0,353,3530000,3530100,873,1455,3540000,4725
0,354,3540000,3540100,873,1455,3550000,4737
0,355,3550000,3550100,873,1455,3560000,4750
0,356,3560000,3560100,873,1455,3570000,4765
0,357,3570000,3570100,873,1455,3580000,4778
0,358,3580000,3580100,873,1455,3590000,4790
0,359,3590000,3590100,873,1455,3600000,4800
0,36,360000,360100,873,1455,370000,479
0,360,3600000,3600100,873,1455,3610000,4822
0,361,3610000,3610100,873,1455,3620000,4832
0,362,3620000,3620100,873,1455,3630000,4845
0,363,3630000,3630100,873,1455,3640000,4855
0,364,3640000,3640100,873,1455,3650000,4874
0,365,3650000,3650100,873,1455,3660000,4885
0,366,3660000,3660100,873,1455,3670000,4897
0,367,3670000,3670100,873,1455,3680000,4910
0,368,3680000,3680100,873,1455,3690000,4927
0,369,3690000,3690100,873,1455,3700000,4939
0,37,370000,370100,873,1455,380000,492
0,370,3700000,3700100,873,1455,3710000,4952
0,371,3710000,3710100,873,1455,3720000,4964
0,372,3720000,3720100,873,1455,3730000,4980
0,373,3730000,3730100,873,1455,3740000,4992
0,374,3740000,3740100,873,1455,3750000,5004
0,375,3750000,3750100,873,1455,3760000,5017
0,376,3760000,3760100,873,1455,3770000,5034
0,377,3770000,3770100,873,1455,3780000,5045
0,378,3780000,3780100,873,1455,3790000,5061
0,379,3790000,3790100,873,1455,3800000,5071
0,38,380000,380100,873,1455,390000,504
0,380,3800000,3800100,873,1455,3810000,5087
0,381,3810000,3810100,873,1455,3820000,5097
0,382,3820000,3820100,873,1455,3830000,5114
0,383,3830000,3830100,873,1455,3840000,5124
0,384,3840000,3840100,873,1455,3850000,5141
0,385,3850000,3850100,873,1455,3860000,5154
0,386,3860000,3860100,873,1455,3870000,5166
0,387,3870000,3870100,873,1455,3880000,5179
0,388,3880000,3880100,873,1455,3890000,5194
0,389,3890000,3890100,873,1455,3900000,5204
0,39,390000,390100,873,1455,400000,514
0,390,3900000,3900100,873,1455,3910000,5219
0,391,3910000,3910100,873,1455,3920000,5231
0,392,3920000,3920100,873,1455,3930000,5251
0,393,3930000,3930100,873,1455,3940000,5261
0,394,3940000,3940100,873,1455,3950000,5273
0,395,3950000,3950100,873,1455,3960000,5284
0,396,3960000,3960100,873,1455,3970000,5301
0,397,3970000,3970100,873,1455,3980000,5314
0,398,3980000,3980100,873,1455,3990000,5326
0,399,3990000,3990100,873,1455,4000000,5338
0,4,40000,40100,873,1455,50000,50
0,40,400000,400100,873,1455,410000,534
0,400,4000000,4000100,873,1455,4010000,5358
0,401,4010000,4010100,873,1455,4020000,5368
0,402,4020000,4020100,873,1455,4030000,5381
0,403,4030000,4030100,873,1455,4040000,5391
0,404,4040000,4040100,873,1455,4050000,5406
0,405,4050000,4050100,873,1455,4060000,5421
0,406,4060000,4060100,873,1455,4070000,5435
0,407,4070000,4070100,873,1455,4080000,5446
0,408,4080000,4080100,873,1455,4090000,5463
0,409,4090000,4090100,873,1455,4100000,5475
0,41,410000,410100,873,1455,420000,544
0,410,4100000,4100100,873,1455,4110000,5488
0,411,4110000,4110100,873,1455,4120000,5498
0,412,4120000,4120100,873,1455,4130000,5516
0,413,4130000,4130100,873,1455,4140000,5528
0,414,4140000,4140100,873,1455,4150000,5542
0,415,4150000,4150100,873,1455,4160000,5553
0,416,4160000,4160100,873,1455,4170000,5570
0,417,4170000,4170100,873,1455,4180000,5581
0,418,4180000,4180100,873,1455,4190000,5595
0,419,4190000,4190100,873,1455,4200000,5605
0,42,420000,420100,873,1455,430000,559
0,420,4200000,4200100,873,1455,4210000,5625
0,421,4210000,4210100,873,1455,4220000,5635
0,422,4220000,4220100,873,1455,4230000,5648
0,423,4230000,4230100,873,1455,4240000,5660
0,424,4240000,4240100,873,1455,4250000,5677
0,425,4250000,4250100,873,1455,4260000,5688
0,426,4260000,4260100,873,1455,4270000,5700
0,427,4270000,4270100,873,1455,4280000,5717
0,428,4280000,4280100,873,1455,4290000,5732
0,429,4290000,4290100,873,1455,4300000,5742
0,43,430000,430100,873,1455,440000,569
0,430,4300000,4300100,873,1455,4310000,5755
0,431,4310000,4310100,873,1455,4320000,5765
0,432,4320000,4320100,873,1455,4330000,5785
0,433,4330000,4330100,873,1455,4340000,5795
0,434,4340000,4340100,873,1455,4350000,5809
0,435,4350000,4350100,873,1455,4360000,5822
0,436,4360000,4360100,873,1455,4370000,5839
0,437,4370000,4370100,873,1455,4380000,5850
0,438,4380000,4380100,873,1455,4390000,5862
0,439,4390000,4390100,873,1455,4400000,5872
0,44,440000,440100,873,1455,450000,584
0,440,4400000,4400100,873,1455,4410000,5890
0,441,4410000,4410100,873,1455,4420000,5904
0,442,4420000,4420100,873,1455,4430000,5919
0,443,4430000,4430100,873,1455,4440000,5929
0,444,4440000,4440100,873,1455,4450000,5944
0,445,4450000,4450100,873,1455,4460000,5957
0,446,4460000,4460100,873,1455,4470000,5969
0,447,4470000,4470100,873,1455,4480000,5980
0,448,4480000,4480100,873,1455,4490000,5999
0,449,4490000,4490100,873,1455,4500000,6009
0,45,450000,450100,873,1455,460000,599
0,450,4500000,4500100,873,1455,4510000,6026
0,451,4510000,4510100,873,1455,4520000,6036
0,452,4520000,4520100,873,1455,4530000,6052
0,453,4530000,4530100,873,1455,4540000,6062
0,454,4540000,4540100,873,1455,4550000,6076
0,455,4550000,4550100,873,1455,4560000,6089
0,456,4560000,4560100,873,1455,4570000,6106
0,457,4570000,4570100,873,1455,4580000,6119
0,458,4580000,4580100,873,1455,4590000,6131
0,459,4590000,4590100,873,1455,4600000,6143
0,46,460000,460100,873,1455,470000,611
0,460,4600000,4600100,873,1455,4610000,6159
0,461,4610000,4610100,873,1455,4620000,6169
0,462,4620000,4620100,873,1455,4630000,6184
0,463,4630000,4630100,873,1455,4640000,6196
0,464,4640000,4640100,873,1455,4650000,6213
0,465,4650000,4650100,873,1455,4660000,6226
0,466,4660000,4660100,873,1455,4670000,6238
0,467,4670000,4670100,873,1455,4680000,6249
0,468,4680000,4680100,873,1455,4690000,6266
0,469,4690000,4690100,873,1455,4700000,6278
0,47,470000,470100,873,1455,480000,622
0,470,4700000,4700100,873,1455,4710000,6291
0,471,4710000,4710100,873,1455,4720000,6301
0,472,4720000,4720100,873,1455,4730000,6323
0,473,4730000,4730100,873,1455,4740000,6333
0,474,4740000,4740100,873,1455,4750000,6345
0,475,4750000,4750100,873,1455,4760000,6356
0,476,4760000,4760100,873,1455,4770000,6373
0,477,4770000,4770100,873,1455,4780000,6386
0,478,4780000,4780100,873,1455,4790000,6398
0,479,4790000,4790100,873,1455,4800000,6408
0,48,480000,480100,873,1455,490000,639
0,480,4800000,4800100,873,1455,4810000,6428
0,481,4810000,4810100,873,1455,4820000,6440
0,482,4820000,4820100,873,1455,4830000,6453
0,483,4830000,4830100,873,1455,4840000,6465
0,484,4840000,4840100,873,1455,4850000,6480
0,485,4850000,4850100,873,1455,4860000,6491
0,486,4860000,4860100,873,1455,4870000,6505
0,487,4870000,4870100,873,1455,4880000,6518
0,488,4880000,4880100,873,1455,4890000,6535
0,489,4890000,4890100,873,1455,4900000,6545
0,49,490000,490100,873,1455,500000,653
0,490,4900000,4900100,873,1455,4910000,6562
0,491,4910000,4910100,873,1455,4920000,6572
0,492,4920000,4920100,873,1455,4930000,6588
0,493,4930000,4930100,873,1455,4940000,6598
0,494,4940000,4940100,873,1455,4950000,6610
0,495,4950000,4950100,873,1455,4960000,6625
0,496,4960000,4960100,873,1455,4970000,6642
0,497,4970000,4970100,873,1455,4980000,6655
0,498,4980000,4980100,873,1455,4990000,6667
0,499,4990000,4990100,873,1455,5000000,6679
0,5,50000,50100,873,1455,60000,61
0,50,500000,500100,873,1455,510000,666
0,500,5000000,5000100,873,1455,5010000,6695
0,501,5010000,5010100,873,1455,5020000,6705
0,502,5020000,5020100,873,1455,5030000,6720
0,503,5030000,5030100,873,1455,5040000,6730
0,504,5040000,5040100,873,1455,5050000,6751
0,505,5050000,5050100,873,1455,5060000,6762
0,506,5060000,5060100,873,1455,5070000,6774
0,507,5070000,5070100,873,1455,5080000,6785
0,508,5080000,5080100,873,1455,5090000,6802
0,509,5090000,5090100,873,1455,5100000,6812
0,51,510000,510100,873,1455,520000,676
0,510,5100000,5100100,873,1455,5110000,6827
0,511,5110000,5110100,873,1455,5120000,6839
0,512,5120000,5120100,873,1455,5130000,6857
0,513,5130000,5130100,873,1455,5140000,6869
0,514,5140000,5140100,873,1455,5150000,6881
0,515,5150000,5150100,873,1455,5160000,6892
0,516,5160000,5160100,873,1455,5170000,6907
0,517,5170000,5170100,873,1455,5180000,6922
0,518,5180000,5180100,873,1455,5190000,6936
0,519,5190000,5190100,873,1455,5200000,6946
0,52,520000,520100,873,1455,530000,694
0,520,5200000,5200100,873,1455,5210000,6964
0,521,5210000,5210100,873,1455,5220000,6974
0,522,5220000,5220100,873,1455,5230000,6989
0,523,5230000,5230100,873,1455,5240000,6999
0,524,5240000,5240100,873,1455,5250000,7014
0,525,5250000,5250100,873,1455,5260000,7029
0,526,5260000,5260100,873,1455,5270000,7043
0,527,5270000,5270100,873,1455,5280000,7054
0,528,5280000,5280100,873,1455,5290000,7071
0,529,5290000,5290100,873,1455,5300000,7081
0,53,530000,530100,873,1455,540000,704
0,530,5300000,5300100,873,1455,5310000,7094
0,531,5310000,5310100,873,1455,5320000,7106
0,532,5320000,5320100,873,1455,5330000,7126
0,533,5330000,5330100,873,1455,5340000,7136
0,534,5340000,5340100,873,1455,5350000,7148
0,535,5350000,5350100,873,1455,5360000,7161
0,536,5360000,5360100,873,1455,5370000,7178
0,537,5370000,5370100,873,1455,5380000,7189
0,538,5380000,5380100,873,1455,5390000,7201
0,539,5390000,5390100,873,1455,5400000,7213
0,54,540000,540100,873,1455,550000,718
0,540,5400000,5400100,873,1455,5410000,7233
0,541,5410000,5410100,873,1455,5420000,7243
0,542,5420000,5420100,873,1455,5430000,7256
0,543,5430000,5430100,873,1455,5440000,7266
0,544,5440000,5440100,873,1455,5450000,7285
0,545,5450000,5450100,873,1455,5460000,7296
0,546,5460000,5460100,873,1455,5470000,7310
0,547,5470000,5470100,873,1455,5480000,7323
0,548,5480000,5480100,873,1455,5490000,7338
0,549,5490000,5490100,873,1455,5500000,7350
0,55,550000,550100,873,1455,560000,729
0,550,5500000,5500100,873,1455,5510000,7363
0,551,5510000,5510100,873,1455,5520000,7373
0,552,5520000,5520100,873,1455,5530000,7391
0,553,5530000,5530100,873,1455,5540000,7405
0,554,5540000,5540100,873,1455,5550000,7417
0,555,5550000,5550100,873,1455,5560000,7430
0,556,5560000,5560100,873,1455,5570000,7445
0,557,5570000,5570100,873,1455,5580000,7456
0,558,5580000,5580100,873,1455,5590000,7470
0,559,5590000,5590100,873,1455,5600000,7480
0,56,560000,560100,873,1455,570000,748
0,560,5600000,5600100,873,1455,5610000,7500
0,561,5610000,5610100,873,1455,5620000,7510
0,562,5620000,5620100,873,1455,5630000,7527
0,563,5630000,5630100,873,1455,5640000,7537
0,564,5640000,5640100,873,1455,5650000,7552
0,565,5650000,5650100,873,1455,5660000,7563
0,566,5660000,5660100,873,1455,5670000,7575
0,567,5670000,5670100,873,1455,5680000,7590
0,568,5680000,5680100,873,1455,5690000,7607
0,569,5690000,5690100,873,1455,5700000,7617
0,57,570000,570100,873,1455,580000,759
0,570,5700000,5700100,873,1455,5710000,7632
0,571,5710000,5710100,873,1455,5720000,7644
0,572,5720000,5720100,873,1455,5730000,7660
0,573,5730000,5730100,873,1455,5740000,7670
0,574,5740000,5740100,873,1455,5750000,7684
0,575,5750000,5750100,873,1455,5760000,7695
0,576,5760000,5760100,873,1455,5770000,7714
0,577,5770000,5770100,873,1455,5780000,7727
0,578,5780000,5780100,873,1455,5790000,7739
0,579,5790000,5790100,873,1455,5800000,7749
0,58,580000,580100,873,1455,590000,773
0,580,5800000,5800100,873,1455,5810000,7767
0,581,5810000,5810100,873,1455,5820000,7779
0,582,5820000,5820100,873,1455,5830000,7792
0,583,5830000,5830100,873,1455,5840000,7802
0,584,5840000,5840100,873,1455,5850000,7819
0,585,5850000,5850100,873,1455,5860000,7834
0,586,5860000,5860100,873,1455,5870000,7846
0,587,5870000,5870100,873,1455,5880000,7857
0,588,5880000,5880100,873,1455,5890000,7874
0,589,5890000,5890100,873,1455,5900000,7886
0,59,590000,590100,873,1455,600000,783
0,590,5900000,5900100,873,1455,5910000,7899
0,591,5910000,5910100,873,1455,5920000,7909
0,592,5920000,5920100,873,1455,5930000,7929
0,593,5930000,5930100,873,1455,5940000,7939
0,594,5940000,5940100,873,1455,5950000,7953
0,595,5950000,5950100,873,1455,5960000,7966
0,596,5960000,5960100,873,1455,5970000,7981
0,597,5970000,5970100,873,1455,5980000,7992
0,598,5980000,5980100,873,1455,5990000,8006
0,599,5990000,5990100,873,1455,6000000,8016
0,6,60000,60100,873,1455,70000,73
0,60,600000,600100,873,1455,610000,801
0,600,6000000,6000100,873,1455,6010000,8036
0,601,6010000,6010100,873,1455,6020000,8046
0,602,6020000,6020100,873,1455,6030000,8061
0,603,6030000,6030100,873,1455,6040000,8073
0,604,6040000,6040100,873,1455,6050000,8088
0,605,6050000,6050100,873,1455,6060000,8099
0,606,6060000,6060100,873,1455,6070000,8111
0,607,6070000,6070100,873,1455,6080000,8126
0,608,6080000,6080100,873,1455,6090000,8143
0,609,6090000,6090100,873,1455,6100000,8155
0,61,610000,610100,873,1455,620000,811
0,610,6100000,6100100,873,1455,6110000,8168
0,611,6110000,6110100,873,1455,6120000,8178
0,612,6120000,6120100,873,1455,6130000,8196
0,613,6130000,6130100,873,1455,6140000,8206
0,614,6140000,6140100,873,1455,6150000,8218
0,615,6150000,6150100,873,1455,6160000,8231
0,616,6160000,6160100,873,1455,6170000,8252
0,617,6170000,6170100,873,1455,6180000,8263
0,618,6180000,6180100,873,1455,6190000,8275
0,619,6190000,6190100,873,1455,6200000,8285
0,62,620000,620100,873,1455,630000,824
0,620,6200000,6200100,873,1455,6210000,8301
0,621,6210000,6210100,873,1455,6220000,8313
0,622,6220000,6220100,873,1455,6230000,8328
0,623,6230000,6230100,873,1455,6240000,8340
0,624,6240000,6240100,873,1455,6250000,8357
0,625,6250000,6250100,873,1455,6260000,8370
0,626,6260000,6260100,873,1455,6270000,8382
0,627,6270000,6270100,873,1455,6280000,8393
0,628,6280000,6280100,873,1455,6290000,8408
0,629,6290000,6290100,873,1455,6300000,8418
0,63,630000,630100,873,1455,640000,838
0,630,6300000,6300100,873,1455,6310000,8437
0,631,6310000,6310100,873,1455,6320000,8447
0,632,6320000,6320100,873,1455,6330000,8465
0,633,6330000,6330100,873,1455,6340000,8475
0,634,6340000,6340100,873,1455,6350000,8489
0,635,6350000,6350100,873,1455,6360000,8500
0,636,6360000,6360100,873,1455,6370000,8515
0,637,6370000,6370100,873,1455,6380000,8530
0,638,6380000,6380100,873,1455,6390000,8542
0,639,6390000,6390100,873,1455,6400000,8554
0,64,640000,640100,873,1455,650000,855
0,640,6400000,6400100,873,1455,6410000,8572
0,641,6410000,6410100,873,1455,6420000,8582
0,642,6420000,6420100,873,1455,6430000,8595
0,643,6430000,6430100,873,1455,6440000,8607
0,644,6440000,6440100,873,1455,6450000,8624
0,645,6450000,6450100,873,1455,6460000,8637
0,646,6460000,6460100,873,1455,6470000,8649
0,647,6470000,6470100,873,1455,6480000,8660
0,648,6480000,6480100,873,1455,6490000,8679
0,649,6490000,6490100,873,1455,6500000,8689
0,65,650000,650100,873,1455,660000,866
0,650,6500000,6500100,873,1455,6510000,8702
0,651,6510000,6510100,873,1455,6520000,8714
0,652,6520000,6520100,873,1455,6530000,8734
0,653,6530000,6530100,873,1455,6540000,8744
0,654,6540000,6540100,873,1455,6550000,8756
0,655,6550000,6550100,873,1455,6560000,8767
0,656,6560000,6560100,873,1455,6570000,8784
0,657,6570000,6570100,873,1455,6580000,8797
0,658,6580000,6580100,873,1455,6590000,8811
0,659,6590000,6590100,873,1455,6600000,8821
0,66,660000,660100,873,1455,670000,878
0,660,6600000,6600100,873,1455,6610000,8839
0,661,6610000,6610100,873,1455,6620000,8851
0,662,6620000,6620100,873,1455,6630000,8864
0,663,6630000,6630100,873,1455,6640000,8874
0,664,6640000,6640100,873,1455,6650000,8891
0,665,6650000,6650100,873,1455,6660000,8904
0,666,6660000,6660100,873,1455,6670000,8918
0,667,6670000,6670100,873,1455,6680000,8931
0,668,6680000,6680100,873,1455,6690000,8946
0,669,6690000,6690100,873,1455,6700000,8956
0,67,670000,670100,873,1455,680000,893
0,670,6700000,6700100,873,1455,6710000,8971
0,671,6710000,6710100,873,1455,6720000,8981
0,672,6720000,6720100,873,1455,6730000,9001
0,673,6730000,6730100,873,1455,6740000,9011
0,674,6740000,6740100,873,1455,6750000,9023
0,675,6750000,6750100,873,1455,6760000,9038
0,676,6760000,6760100,873,1455,6770000,9053
0,677,6770000,6770100,873,1455,6780000,9064
0,678,6780000,6780100,873,1455,6790000,9076
0,679,6790000,6790100,873,1455,6800000,9090
0,68,680000,680100,873,1455,690000,908
0,680,6800000,6800100,873,1455,6810000,9108
0,681,6810000,6810100,873,1455,6820000,9118
0,682,6820000,6820100,873,1455,6830000,9133
0,683,6830000,6830100,873,1455,6840000,9143
0,684,6840000,6840100,873,1455,6850000,9160
0,685,6850000,6850100,873,1455,6860000,9171
0,686,6860000,6860100,873,1455,6870000,9185
0,687,6870000,6870100,873,1455,6880000,9196
0,688,6880000,6880100,873,1455,6890000,9215
0,689,6890000,6890100,873,1455,6900000,9225
0,69,690000,690100,873,1455,700000,918
0,690,6900000,6900100,873,1455,6910000,9240
0,691,6910000,6910100,873,1455,6920000,9250
0,692,6920000,6920100,873,1455,6930000,9266
0,693,6930000,6930100,873,1455,6940000,9280
0,694,6940000,6940100,873,1455,6950000,9292
0,695,6950000,6950100,873,1455,6960000,9303
0,696,6960000,6960100,873,1455,6970000,9320
0,697,6970000,6970100,873,1455,6980000,9335
0,698,6980000,6980100,873,1455,6990000,9347
0,699,6990000,6990100,873,1455,7000000,9357
0,7,70000,70100,873,1455,80000,88
0,70,700000,700100,873,1455,710000,933
0,700,7000000,7000100,873,1455,7010000,9375
0,701,7010000,7010100,873,1455,7020000,9385
0,702,7020000,7020100,873,1455,7030000,9400
0,703,7030000,7030100,873,1455,7040000,9410
0,704,7040000,7040100,873,1455,7050000,9427
0,705,7050000,7050100,873,1455,7060000,9440
0,706,7060000,7060100,873,1455,7070000,9454
0,707,7070000,7070100,873,1455,7080000,9467
0,708,7080000,7080100,873,1455,7090000,9482
0,709,7090000,7090100,873,1455,7100000,9492
0,71,710000,710100,873,1455,720000,943
0,710,7100000,7100100,873,1455,7110000,9505
0,711,7110000,7110100,873,1455,7120000,9517
0,712,7120000,7120100,873,1455,7130000,9537
0,713,7130000,7130100,873,1455,7140000,9547
0,714,7140000,7140100,873,1455,7150000,9561
0,715,7150000,7150100,873,1455,7160000,9574
0,716,7160000,7160100,873,1455,7170000,9589
0,717,7170000,7170100,873,1455,7180000,9600
0,718,7180000,7180100,873,1455,7190000,9612
0,719,7190000,7190100,873,1455,7200000,9622
0,72,720000,720100,873,1455,730000,963
0,720,7200000,7200100,873,1455,7210000,9644
0,721,7210000,7210100,873,1455,7220000,9656
0,722,7220000,7220100,873,1455,7230000,9669
0,723,7230000,7230100,873,1455,7240000,9679
0,724,7240000,7240100,873,1455,7250000,9696
0,725,7250000,7250100,873,1455,7260000,9707
0,726,7260000,7260100,873,1455,7270000,9719
0,727,7270000,7270100,873,1455,7280000,9732
0,728,7280000,7280100,873,1455,7290000,9751
0,729,7290000,7290100,873,1455,7300000,9763
0,73,730000,730100,873,1455,740000,973
0,730,7300000,7300100,873,1455,7310000,9776
0,731,7310000,7310100,873,1455,7320000,9786
0,732,7320000,7320100,873,1455,7330000,9802
0,733,7330000,7330100,873,1455,7340000,9814
0,734,7340000,7340100,873,1455,7350000,9826
0,735,7350000,7350100,873,1455,7360000,9841
0,736,7360000,7360100,873,1455,7370000,9858
0,737,7370000,7370100,873,1455,7380000,9869
0,738,7380000,7380100,873,1455,7390000,9883
0,739,7390000,7390100,873,1455,7400000,9893
0,74,740000,740100,873,1455,750000,985
0,740,7400000,7400100,873,1455,7410000,9909
0,741,7410000,7410100,873,1455,7420000,9919
0,742,7420000,7420100,873,1455,7430000,9938
0,743,7430000,7430100,873,1455,7440000,9948
0,744,7440000,7440100,873,1455,7450000,9965
0,745,7450000,7450100,873,1455,7460000,9976
0,746,7460000,7460100,873,1455,7470000,9988
0,747,7470000,7470100,873,1455,7480000,10001
0,748,7480000,7480100,873,1455,7490000,10016
0,749,7490000,7490100,873,1455,7500000,10028
0,75,750000,750100,873,1455,760000,998
0,750,7500000,7500100,873,1455,7510000,10043
0,751,7510000,7510100,873,1455,7520000,10055
0,752,7520000,7520100,873,1455,7530000,10073
0,753,7530000,7530100,873,1455,7540000,10083
0,754,7540000,7540100,873,1455,7550000,10095
0,755,7550000,7550100,873,1455,7560000,10106
0,756,7560000,7560100,873,1455,7570000,10125
0,757,7570000,7570100,873,1455,7580000,10138
0,758,7580000,7580100,873,1455,7590000,10150
0,759,7590000,7590100,873,1455,7600000,10160
0,76,760000,760100,873,1455,770000,1015
0,760,7600000,7600100,873,1455,7610000,10180
0,761,7610000,7610100,873,1455,7620000,10190
0,762,7620000,7620100,873,1455,7630000,10203
0,763,7630000,7630100,873,1455,7640000,10215
0,764,7640000,7640100,873,1455,7650000,10230
0,765,7650000,7650100,873,1455,7660000,10245
0,766,7660000,7660100,873,1455,7670000,10257
0,767,7670000,7670100,873,1455,7680000,10268
0,768,7680000,7680100,873,1455,7690000,10285
0,769,7690000,7690100,873,1455,7700000,10297
0,77,770000,770100,873,1455,780000,1028
0,770,7700000,7700100,873,1455,7710000,10312
0,771,7710000,7710100,873,1455,7720000,10322
0,772,7720000,7720100,873,1455,7730000,10340
0,773,7730000,7730100,873,1455,7740000,10350
0,774,7740000,7740100,873,1455,7750000,10364
0,775,7750000,7750100,873,1455,7760000,10375
0,776,7760000,7760100,873,1455,7770000,10392
0,777,7770000,7770100,873,1455,7780000,10405
0,778,7780000,7780100,873,1455,7790000,10419
0,779,7790000,7790100,873,1455,7800000,10429
0,78,780000,780100,873,1455,790000,1040
0,780,7800000,7800100,873,1455,7810000,10447
0,781,7810000,7810100,873,1455,7820000,10457
0,782,7820000,7820100,873,1455,7830000,10470
0,783,7830000,7830100,873,1455,7840000,10482
0,784,7840000,7840100,873,1455,7850000,10501
0,785,7850000,7850100,873,1455,7860000,10512
0,786,7860000,7860100,873,1455,7870000,10524
0,787,7870000,7870100,873,1455,7880000,10539
0,788,7880000,7880100,873,1455,7890000,10554
0,789,7890000,7890100,873,1455,7900000,10564
0,79,790000,790100,873,1455,800000,1050
0,790,7900000,7900100,873,1455,7910000,10577
0,791,7910000,7910100,873,1455,7920000,10589
0,792,7920000,7920100,873,1455,7930000,10609
0,793,7930000,7930100,873,1455,7940000,10619
0,794,7940000,7940100,873,1455,7950000,10631
0,795,7950000,7950100,873,1455,7960000,10644
0,796,7960000,7960100,873,1455,7970000,10661
0,797,7970000,7970100,873,1455,7980000,10672
0,798,7980000,7980100,873,1455,7990000,10686
0,799,7990000,7990100,873,1455,8000000,10696
0,8,80000,80100,873,1455,90000,105
0,80,800000,800100,873,1455,810000,1068
0,800,8000000,8000100,873,1455,8010000,10714
0,801,8010000,8010100,873,1455,8020000,10726
0,802,8020000,8020100,873,1455,8030000,10741
0,803,8030000,8030100,873,1455,8040000,10751
0,804,8040000,8040100,873,1455,8050000,10766
0,805,8050000,8050100,873,1455,8060000,10781
0,806,8060000,8060100,873,1455,8070000,10793
0,807,8070000,8070100,873,1455,8080000,10804
0,808,8080000,8080100,873,1455,8090000,10821
0,809,8090000,8090100,873,1455,8100000,10831
0,81,810000,810100,873,1455,820000,1080
0,810,8100000,8100100,873,1455,8110000,10848
0,811,8110000,8110100,873,1455,8120000,10858
0,812,8120000,8120100,873,1455,8130000,10876
0,813,8130000,8130100,873,1455,8140000,10886
0,814,8140000,8140100,873,1455,8150000,10900
0,815,8150000,8150100,873,1455,8160000,10911
0,816,8160000,8160100,873,1455,8170000,10928
0,817,8170000,8170100,873,1455,8180000,10941
0,818,8180000,8180100,873,1455,8190000,10953
0,819,8190000,8190100,873,1455,8200000,10967
0,82,820000,820100,873,1455,830000,1095
0,820,8200000,8200100,873,1455,8210000,10983
0,821,8210000,8210100,873,1455,8220000,10993
0,822,8220000,8220100,873,1455,8230000,11006
0,823,8230000,8230100,873,1455,8240000,11018
0,824,8240000,8240100,873,1455,8250000,11035
0,825,8250000,8250100,873,1455,8260000,11048
0,826,8260000,8260100,873,1455,8270000,11062
0,827,8270000,8270100,873,1455,8280000,11073
0,828,8280000,8280100,873,1455,8290000,11090
0,829,8290000,8290100,873,1455,8300000,11100
0,83,830000,830100,873,1455,840000,1105
0,830,8300000,8300100,873,1455,8310000,11113
0,831,8310000,8310100,873,1455,8320000,11123
0,832,8320000,8320100,873,1455,8330000,11145
0,833,8330000,8330100,873,1455,8340000,11157
0,834,8340000,8340100,873,1455,8350000,11169
0,835,8350000,8350100,873,1455,8360000,11180
0,836,8360000,8360100,873,1455,8370000,11195
0,837,8370000,8370100,873,1455,8380000,11208
0,838,8380000,8380100,873,1455,8390000,11220
0,839,8390000,8390100,873,1455,8400000,11230
0,84,840000,840100,873,1455,850000,1122
0,840,8400000,8400100,873,1455,8410000,11252
0,841,8410000,8410100,873,1455,8420000,11264
0,842,8420000,8420100,873,1455,8430000,11277
0,843,8430000,8430100,873,1455,8440000,11287
0,844,8440000,8440100,873,1455,8450000,11302
0,845,8450000,8450100,873,1455,8460000,11313
0,846,8460000,8460100,873,1455,8470000,11327
0,847,8470000,8470100,873,1455,8480000,11342
0,848,8480000,8480100,873,1455,8490000,11359
0,849,8490000,8490100,873,1455,8500000,11369
0,85,850000,850100,873,1455,860000,1135
0,850,8500000,8500100,873,1455,8510000,11384
0,851,8510000,8510100,873,1455,8520000,11394
0,852,8520000,8520100,873,1455,8530000,11410
0,853,8530000,8530100,873,1455,8540000,11420
0,854,8540000,8540100,873,1455,8550000,11434
0,855,8550000,8550100,873,1455,8560000,11449
0,856,8560000,8560100,873,1455,8570000,11466
0,857,8570000,8570100,873,1455,8580000,11477
0,858,8580000,8580100,873,1455,8590000,11489
0,859,8590000,8590100,873,1455,8600000,11501
0,86,860000,860100,873,1455,870000,1147
0,860,8600000,8600100,873,1455,8610000,11517
0,861,8610000,8610100,873,1455,8620000,11529
0,862,8620000,8620100,873,1455,8630000,11544
0,863,8630000,8630100,873,1455,8640000,11554
0,864,8640000,8640100,873,1455,8650000,11573
0,865,8650000,8650100,873,1455,8660000,11584
0,866,8660000,8660100,873,1455,8670000,11596
0,867,8670000,8670100,873,1455,8680000,11607
0,868,8680000,8680100,873,1455,8690000,11626
0,869,8690000,8690100,873,1455,8700000,11636
0,87,870000,870100,873,1455,880000,1158
0,870,8700000,8700100,873,1455,8710000,11651
0,871,8710000,8710100,873,1455,8720000,11661
0,872,8720000,8720100,873,1455,8730000,11679
0,873,8730000,8730100,873,1455,8740000,11691
0,874,8740000,8740100,873,1455,8750000,11703
0,875,8750000,8750100,873,1455,8760000,11716
0,876,8760000,8760100,873,1455,8770000,11731
0,877,8770000,8770100,873,1455,8780000,11746
0,878,8780000,8780100,873,1455,8790000,11758
0,879,8790000,8790100,873,1455,8800000,11768
0,88,880000,880100,873,1455,890000,1175
0,880,8800000,8800100,873,1455,8810000,11786
0,881,8810000,8810100,873,1455,8820000,11796
0,882,8820000,8820100,873,1455,8830000,11813
0,883,8830000,8830100,873,1455,8840000,11823
0,884,8840000,8840100,873,1455,8850000,11838
0,885,8850000,8850100,873,1455,8860000,11851
0,886,8860000,8860100,873,1455,8870000,11865
0,887,8870000,8870100,873,1455,8880000,11876
0,888,8880000,8880100,873,1455,8890000,11893
0,889,8890000,8890100,873,1455,8900000,11905
0,89,890000,890100,873,1455,900000,1185
0,890,8900000,8900100,873,1455,8910000,11918
0,891,8910000,8910100,873,1455,8920000,11930
0,892,8920000,8920100,873,1455,8930000,11948
0,893,8930000,8930100,873,1455,8940000,11958
0,894,8940000,8940100,873,1455,8950000,11970
0,895,8950000,8950100,873,1455,8960000,11983
0,896,8960000,8960100,873,1455,8970000,12002
0,897,8970000,8970100,873,1455,8980000,12013
0,898,8980000,8980100,873,1455,8990000,12025
0,899,8990000,8990100,873,1455,9000000,12035
0,9,90000,90100,873,1455,100000,117
0,90,900000,900100,873,1455,910000,1202
0,900,9000000,9000100,873,1455,9010000,12055
0,901,9010000,9010100,873,1455,9020000,12065
0,902,9020000,9020100,873,1455,9030000,12078
0,903,9030000,9030100,873,1455,9040000,12090
0,904,9040000,9040100,873,1455,9050000,12109
0,905,9050000,9050100,873,1455,9060000,12120
0,906,9060000,9060100,873,1455,9070000,12132
0,907,9070000,9070100,873,1455,9080000,12145
0,908,9080000,9080100,873,1455,9090000,12160
0,909,9090000,9090100,873,1455,9100000,12172
0,91,910000,910100,873,1455,920000,1214
0,910,9100000,9100100,873,1455,9110000,12187
0,911,9110000,9110100,873,1455,9120000,12197
0,912,9120000,9120100,873,1455,9130000,12215
0,913,9130000,9130100,873,1455,9140000,12227
0,914,9140000,9140100,873,1455,9150000,12239
0,915,9150000,9150100,873,1455,9160000,12252
0,916,9160000,9160100,873,1455,9170000,12267
0,917,9170000,9170100,873,1455,9180000,12280
0,918,9180000,9180100,873,1455,9190000,12294
0,919,9190000,9190100,873,1455,9200000,12304
0,92,920000,920100,873,1455,930000,1230
0,920,9200000,9200100,873,1455,9210000,12322
0,921,9210000,9210100,873,1455,9220000,12332
0,922,9220000,9220100,873,1455,9230000,12349
0,923,9230000,9230100,873,1455,9240000,12359
0,924,9240000,9240100,873,1455,9250000,12376
0,925,9250000,9250100,873,1455,9260000,12387
0,926,9260000,9260100,873,1455,9270000,12399
0,927,9270000,9270100,873,1455,9280000,12412
0,928,9280000,9280100,873,1455,9290000,12429
0,929,9290000,9290100,873,1455,9300000,12439
0,93,930000,930100,873,1455,940000,1240
0,930,9300000,9300100,873,1455,9310000,12454
0,931,9310000,9310100,873,1455,9320000,12468
0,932,9320000,9320100,873,1455,9330000,12484
0,933,9330000,9330100,873,1455,9340000,12494
0,934,9340000,9340100,873,1455,9350000,12506
0,935,9350000,9350100,873,1455,9360000,12517
0,936,9360000,9360100,873,1455,9370000,12536
0,937,9370000,9370100,873,1455,9380000,12549
0,938,9380000,9380100,873,1455,9390000,12563
0,939,9390000,9390100,873,1455,9400000,12573
0,94,940000,940100,873,1455,950000,1254
0,940,9400000,9400100,873,1455,9410000,12591
0,941,9410000,9410100,873,1455,9420000,12601
0,942,9420000,9420100,873,1455,9430000,12614
0,943,9430000,9430100,873,1455,9440000,12624
0,944,9440000,9440100,873,1455,9450000,12641
0,945,9450000,9450100,873,1455,9460000,12658
0,946,9460000,9460100,873,1455,9470000,12670
0,947,9470000,9470100,873,1455,9480000,12681
0,948,9480000,9480100,873,1455,9490000,12696
0,949,9490000,9490100,873,1455,9500000,12708
0,95,950000,950100,873,1455,960000,1265
0,950,9500000,9500100,873,1455,9510000,12721
0,951,9510000,9510100,873,1455,9520000,12731
0,952,9520000,9520100,873,1455,9530000,12753
0,953,9530000,9530100,873,1455,9540000,12763
0,954,9540000,9540100,873,1455,9550000,12777
0,955,9550000,9550100,873,1455,9560000,12788
0,956,9560000,9560100,873,1455,9570000,12803
0,957,9570000,9570100,873,1455,9580000,12814
0,958,9580000,9580100,873,1455,9590000,12828
0,959,9590000,9590100,873,1455,9600000,12840
0,96,960000,960100,873,1455,970000,1282
0,960,9600000,9600100,873,1455,9610000,12860
0,961,9610000,9610100,873,1455,9620000,12870
0,962,9620000,9620100,873,1455,9630000,12883
0,963,9630000,9630100,873,1455,9640000,12895
0,964,9640000,9640100,873,1455,9650000,12910
0,965,9650000,9650100,873,1455,9660000,12921
0,966,9660000,9660100,873,1455,9670000,12935
0,967,9670000,9670100,873,1455,9680000,12950
0,968,9680000,9680100,873,1455,9690000,12967
0,969,9690000,9690100,873,1455,9700000,12977
0,97,970000,970100,873,1455,980000,1295
0,970,9700000,9700100,873,1455,9710000,12990
0,971,9710000,9710100,873,1455,9720000,13000
0,972,9720000,9720100,873,1455,9730000,13018
0,973,9730000,9730100,873,1455,9740000,13030
0,974,9740000,9740100,873,1455,9750000,13042
0,975,9750000,9750100,873,1455,9760000,13055
0,976,9760000,9760100,873,1455,9770000,13074
0,977,9770000,9770100,873,1455,9780000,13085
0,978,9780000,9780100,873,1455,9790000,13097
0,979,9790000,9790100,873,1455,9800000,13107
0,98,980000,980100,873,1455,990000,1309
0,980,9800000,9800100,873,1455,9810000,13125
0,981,9810000,9810100,873,1455,9820000,13137
0,982,9820000,9820100,873,1455,9830000,13152
0,983,9830000,9830100,873,1455,9840000,13162
0,984,9840000,9840100,873,1455,9850000,13179
0,985,9850000,9850100,873,1455,9860000,13192
0,986,9860000,9860100,873,1455,9870000,13204
0,987,9870000,9870100,873,1455,9880000,13217
0,988,9880000,9880100,873,1455,9890000,13232
0,989,9890000,9890100,873,1455,9900000,13242
0,99,990000,990100,873,1455,1000000,1321
0,990,9900000,9900100,873,1455,9910000,13259
0,991,9910000,9910100,873,1455,9920000,13269
0,992,9920000,9920100,873,1455,9930000,13287
0,993,9930000,9930100,873,1455,9940000,13297
0,994,9940000,9940100,873,1455,9950000,13313
0,995,9950000,9950100,873,1455,9960000,13324
0,996,9960000,9960100,873,1455,9970000,13339
0,997,9970000,9970100,873,1455,9980000,13352
0,998,9980000,9980100,873,1455,9990000,13364
0,999,9990000,9990100,873,1455,10000000,13376
1,0,0,100,149,248,10000,1
1,1,10000,10100,149,248,20000,11
1,10,100000,100100,149,248,110000,131
1,100,1000000,1000100,149,248,1010000,1338
1,1000,10000000,10000100,149,248,10010000,13395
1,1001,10010000,10010100,149,248,10020000,13407
1,1002,10020000,10020100,149,248,10030000,13420
1,1003,10030000,10030100,149,248,10040000,13432
1,1004,10040000,10040100,149,248,10050000,13447
1,1005,10050000,10050100,149,248,10060000,13460
1,1006,10060000,10060100,149,248,10070000,13472
1,1007,10070000,10070100,149,248,10080000,13483
1,1008,10080000,10080100,149,248,10090000,13504
1,1009,10090000,10090100,149,248,10100000,13514
1,101,1010000,1010100,149,248,1020000,1348
1,1010,10100000,10100100,149,248,10110000,13527
1,1011,10110000,10110100,149,248,10120000,13537
1,1012,10120000,10120100,149,248,10130000,13557
1,1013,10130000,10130100,149,248,10140000,13567
1,1014,10140000,10140100,149,248,10150000,13579
1,1015,10150000,10150100,149,248,10160000,13592
1,1016,10160000,10160100,149,248,10170000,13609
1,1017,10170000,10170100,149,248,10180000,13622
1,1018,10180000,10180100,149,248,10190000,13634
1,1019,10190000,10190100,149,248,10200000,13644
1,102,1020000,1020100,149,248,1030000,1361
1,1020,10200000,10200100,149,248,10210000,13662
1,1021,10210000,10210100,149,248,10220000,13674
1,1022,10220000,10220100,149,248,10230000,13689
1,1023,10230000,10230100,149,248,10240000,13699
1,1024,10240000,10240100,149,248,10250000,13716
1,1025,10250000,10250100,149,248,10260000,13727
1,1026,10260000,10260100,149,248,10270000,13741
1,1027,10270000,10270100,149,248,10280000,13754
1,1028,10280000,10280100,149,248,10290000,13769
1,1029,10290000,10290100,149,248,10300000,13781
1,103,1030000,1030100,149,248,1040000,1373
1,1030,10300000,10300100,149,248,10310000,13796
1,1031,10310000,10310100,149,248,10320000,13806
1,1032,10320000,10320100,149,248,10330000,13824
1,1033,10330000,10330100,149,248,10340000,13834
1,1034,10340000,10340100,149,248,10350000,13846
1,1035,10350000,10350100,149,248,10360000,13861
1,1036,10360000,10360100,149,248,10370000,13878
1,1037,10370000,10370100,149,248,10380000,13889
1,1038,10380000,10380100,149,248,10390000,13901
1,1039,10390000,10390100,149,248,10400000,13913
1,104,1040000,1040100,149,248,1050000,1390
1,1040,10400000,10400100,149,248,10410000,13931
1,1041,10410000,10410100,149,248,10420000,13941
1,1042,10420000,10420100,149,248,10430000,13956
1,1043,10430000,10430100,149,248,10440000,13968
1,1044,10440000,10440100,149,248,10450000,13985
1,1045,10450000,10450100,149,248,10460000,13996
1,1046,10460000,10460100,149,248,10470000,14008
1,1047,10470000,10470100,149,248,10480000,14019
1,1048,10480000,10480100,149,248,10490000,14038
1,1049,10490000,10490100,149,248,10500000,14048
1,105,1050000,1050100,149,248,1060000,1405
1,1050,10500000,10500100,149,248,10510000,14065
1,1051,10510000,10510100,149,248,10520000,14075
1,1052,10520000,10520100,149,248,10530000,14091
1,1053,10530000,10530100,149,248,10540000,14103
1,1054,10540000,10540100,149,248,10550000,14115
1,1055,10550000,10550100,149,248,10560000,14126
1,1056,10560000,10560100,149,248,10570000,14143
1,1057,10570000,10570100,149,248,10580000,14160
1,1058,10580000,10580100,149,248,10590000,14172
1,1059,10590000,10590100,149,248,10600000,14182
1,106,1060000,1060100,149,248,1070000,1417
1,1060,10600000,10600100,149,248,10610000,14198
1,1061,10610000,10610100,149,248,10620000,14208
1,1062,10620000,10620100,149,248,10630000,14223
1,1063,10630000,10630100,149,248,10640000,14233
1,1064,10640000,10640100,149,248,10650000,14252
1,1065,10650000,10650100,149,248,10660000,14265
1,1066,10660000,10660100,149,248,10670000,14279
1,1067,10670000,10670100,149,248,10680000,14290
1,1068,10680000,10680100,149,248,10690000,14305
1,1069,10690000,10690100,149,248,10700000,14315
1,107,1070000,1070100,149,248,1080000,1428
1,1070,10700000,10700100,149,248,10710000,14328
1,1071,10710000,10710100,149,248,10720000,14342
1,1072,10720000,10720100,149,248,10730000,14362
1,1073,10730000,10730100,149,248,10740000,14372
1,1074,10740000,10740100,149,248,10750000,14384
1,1075,10750000,10750100,149,248,10760000,14397
1,1076,10760000,10760100,149,248,10770000,14412
1,1077,10770000,10770100,149,248,10780000,14423
1,1078,10780000,10780100,149,248,10790000,14437
1,1079,10790000,10790100,149,248,10800000,14447
1,108,1080000,1080100,149,248,1090000,1445
1,1080,10800000,10800100,149,248,10810000,14469
1,1081,10810000,10810100,149,248,10820000,14479
1,1082,10820000,10820100,149,248,10830000,14492
1,1083,10830000,10830100,149,248,10840000,14502
1,1084,10840000,10840100,149,248,10850000,14519
1,1085,10850000,10850100,149,248,10860000,14532
1,1086,10860000,10860100,149,248,10870000,14544
1,1087,10870000,10870100,149,248,10880000,14557
1,1088,10880000,10880100,149,248,10890000,14574
1,1089,10890000,10890100,149,248,10900000,14586
1,109,1090000,1090100,149,248,1100000,1455
1,1090,10900000,10900100,149,248,10910000,14599
1,1091,10910000,10910100,149,248,10920000,14609
1,1092,10920000,10920100,149,248,10930000,14627
1,1093,10930000,10930100,149,248,10940000,14639
1,1094,10940000,10940100,149,248,10950000,14651
1,1095,10950000,10950100,149,248,10960000,14664
1,1096,10960000,10960100,149,248,10970000,14681
1,1097,10970000,10970100,149,248,10980000,14692
1,1098,10980000,10980100,149,248,10990000,14706
1,1099,10990000,10990100,149,248,11000000,14718
1,11,110000,110100,149,248,120000,141
1,110,1100000,1100100,149,248,1110000,1468
1,1100,11000000,11000100,149,248,11010000,14734
1,1101,11010000,11010100,149,248,11020000,14744
1,1102,11020000,11020100,149,248,11030000,14761
1,1103,11030000,11030100,149,248,11040000,14771
1,1104,11040000,11040100,149,248,11050000,14788
1,1105,11050000,11050100,149,248,11060000,14799
1,1106,11060000,11060100,149,248,11070000,14813
1,1107,11070000,11070100,149,248,11080000,14826
1,1108,11080000,11080100,149,248,11090000,14841
1,1109,11090000,11090100,149,248,11100000,14851
1,111,1110000,1110100,149,248,1120000,1478
1,1110,11100000,11100100,149,248,11110000,14866
1,1111,11110000,11110100,149,248,11120000,14878
1,1112,11120000,11120100,149,248,11130000,14896
1,1113,11130000,11130100,149,248,11140000,14908
1,1114,11140000,11140100,149,248,11150000,14920
1,1115,11150000,11150100,149,248,11160000,14931
1,1116,11160000,11160100,149,248,11170000,14948
1,1117,11170000,11170100,149,248,11180000,14961
1,1118,11180000,11180100,149,248,11190000,14973
1,1119,11190000,11190100,149,248,11200000,14983
1,112,1120000,1120100,149,248,1130000,1502
1,1120,11200000,11200100,149,248,11210000,15005
1,1121,11210000,11210100,149,248,11220000,15015
1,1122,11220000,11220100,149,248,11230000,15028
1,1123,11230000,11230100,149,248,11240000,15038
1,1124,11240000,11240100,149,248,11250000,15053
1,1125,11250000,11250100,149,248,11260000,15068
1,1126,11260000,11260100,149,248,11270000,15080
1,1127,11270000,11270100,149,248,11280000,15093
1,1128,11280000,11280100,149,248,11290000,15110
1,1129,11290000,11290100,149,248,11300000,15122
1,113,1130000,1130100,149,248,1140000,1512
1,1130,11300000,11300100,149,248,11310000,15135
1,1131,11310000,11310100,149,248,11320000,15145
1,1132,11320000,11320100,149,248,11330000,15163
1,1133,11330000,11330100,149,248,11340000,15173
1,1134,11340000,11340100,149,248,11350000,15189
1,1135,11350000,11350100,149,248,11360000,15200
1,1136,11360000,11360100,149,248,11370000,15217
1,1137,11370000,11370100,149,248,11380000,15228
1,1138,11380000,11380100,149,248,11390000,15242
1,1139,11390000,11390100,149,248,11400000,15252
1,114,1140000,1140100,149,248,1150000,1524
1,1140,11400000,11400100,149,248,11410000,15270
1,1141,11410000,11410100,149,248,11420000,15282
1,1142,11420000,11420100,149,248,11430000,15295
1,1143,11430000,11430100,149,248,11440000,15307
1,1144,11440000,11440100,149,248,11450000,15324
1,1145,11450000,11450100,149,248,11460000,15335
1,1146,11460000,11460100,149,248,11470000,15347
1,1147,11470000,11470100,149,248,11480000,15362
1,1148,11480000,11480100,149,248,11490000,15379
1,1149,11490000,11490100,149,248,11500000,15389
1,115,1150000,1150100,149,248,1160000,1535
1,1150,11500000,11500100,149,248,11510000,15402
1,1151,11510000,11510100,149,248,11520000,15412
1,1152,11520000,11520100,149,248,11530000,15432
1,1153,11530000,11530100,149,248,11540000,15442
1,1154,11540000,11540100,149,248,11550000,15454
1,1155,11550000,11550100,149,248,11560000,15469
1,1156,11560000,11560100,149,248,11570000,15486
1,1157,11570000,11570100,149,248,11580000,15497
1,1158,11580000,11580100,149,248,11590000,15509
1,1159,11590000,11590100,149,248,11600000,15519
1,116,1160000,1160100,149,248,1170000,1550
1,1160,11600000,11600100,149,248,11610000,15537
1,1161,11610000,11610100,149,248,11620000,15549
1,1162,11620000,11620100,149,248,11630000,15566
1,1163,11630000,11630100,149,248,11640000,15576
1,1164,11640000,11640100,149,248,11650000,15591
1,1165,11650000,11650100,149,248,11660000,15604
1,1166,11660000,11660100,149,248,11670000,15616
1,1167,11670000,11670100,149,248,11680000,15627
1,1168,11680000,11680100,149,248,11690000,15644
1,1169,11690000,11690100,149,248,11700000,15656
1,117,1170000,1170100,149,248,1180000,1563
1,1170,11700000,11700100,149,248,11710000,15673
1,1171,11710000,11710100,149,248,11720000,15683
1,1172,11720000,11720100,149,248,11730000,15699
1,1173,11730000,11730100,149,248,11740000,15709
1,1174,11740000,11740100,149,248,11750000,15723
1,1175,11750000,11750100,149,248,11760000,15734
1,1176,11760000,11760100,149,248,11770000,15753
1,1177,11770000,11770100,149,248,11780000,15766
1,1178,11780000,11780100,149,248,11790000,15778
1,1179,11790000,11790100,149,248,11800000,15790
1,118,1180000,1180100,149,248,1190000,1575
1,1180,11800000,11800100,149,248,11810000,15806
1,1181,11810000,11810100,149,248,11820000,15816
1,1182,11820000,11820100,149,248,11830000,15829
1,1183,11830000,11830100,149,248,11840000,15843
1,1184,11840000,11840100,149,248,11850000,15860
1,1185,11850000,11850100,149,248,11860000,15873
1,1186,11860000,11860100,149,248,11870000,15885
1,1187,11870000,11870100,149,248,11880000,15896
1,1188,11880000,11880100,149,248,11890000,15913
1,1189,11890000,11890100,149,248,11900000,15923
1,119,1190000,1190100,149,248,1200000,1587
1,1190,11900000,11900100,149,248,11910000,15938
1,1191,11910000,11910100,149,248,11920000,15948
1,1192,11920000,11920100,149,248,11930000,15970
1,1193,11930000,11930100,149,248,11940000,15980
1,1194,11940000,11940100,149,248,11950000,15992
1,1195,11950000,11950100,149,248,11960000,16003
1,1196,11960000,11960100,149,248,11970000,16018
1,1197,11970000,11970100,149,248,11980000,16033
1,1198,11980000,11980100,149,248,11990000,16045
1,1199,11990000,11990100,149,248,12000000,16055
1,12,120000,120100,149,248,130000,157
1,120,1200000,1200100,149,248,1210000,1607
1,1200,12000000,12000100,149,248,12010000,16075
1,1201,12010000,12010100,149,248,12020000,16087
1,1202,12020000,12020100,149,248,12030000,16100
1,1203,12030000,12030100,149,248,12040000,16110
1,1204,12040000,12040100,149,248,12050000,16127
1,1205,12050000,12050100,149,248,12060000,16138
1,1206,12060000,12060100,149,248,12070000,16152
1,1207,12070000,12070100,149,248,12080000,16165
1,1208,12080000,12080100,149,248,12090000,16182
1,1209,12090000,12090100,149,248,12100000,16192
1,121,1210000,1210100,149,248,1220000,1619
1,1210,12100000,12100100,149,248,12110000,16207
1,1211,12110000,12110100,149,248,12120000,16219
1,1212,12120000,12120100,149,248,12130000,16235
1,1213,12130000,12130100,149,248,12140000,16245
1,1214,12140000,12140100,149,248,12150000,16257
1,1215,12150000,12150100,149,248,12160000,16272
1,1216,12160000,12160100,149,248,12170000,16289
1,1217,12170000,12170100,149,248,12180000,16300
1,1218,12180000,12180100,149,248,12190000,16314
1,1219,12190000,12190100,149,248,12200000,16326
1,122,1220000,1220100,149,248,1230000,1632
1,1220,12200000,12200100,149,248,12210000,16342
1,1221,12210000,12210100,149,248,12220000,16352
1,1222,12220000,12220100,149,248,12230000,16367
1,1223,12230000,12230100,149,248,12240000,16377
1,1224,12240000,12240100,149,248,12250000,16396
1,1225,12250000,12250100,149,248,12260000,16409
1,1226,12260000,12260100,149,248,12270000,16421
1,1227,12270000,12270100,149,248,12280000,16432
1,1228,12280000,12280100,149,248,12290000,16449
1,1229,12290000,12290100,149,248,12300000,16459
1,123,1230000,1230100,149,248,1240000,1642
1,1230,12300000,12300100,149,248,12310000,16474
1,1231,12310000,12310100,149,248,12320000,16484
1,1232,12320000,12320100,149,248,12330000,16504
1,1233,12330000,12330100,149,248,12340000,16516
1,1234,12340000,12340100,149,248,12350000,16528
1,1235,12350000,12350100,149,248,12360000,16539
1,1236,12360000,12360100,149,248,12370000,16554
1,1237,12370000,12370100,149,248,12380000,16569
1,1238,12380000,12380100,149,248,12390000,16581
1,1239,12390000,12390100,149,248,12400000,16593
1,124,1240000,1240100,149,248,1250000,1657
1,1240,12400000,12400100,149,248,12410000,16611
1,1241,12410000,12410100,149,248,12420000,16621
1,1242,12420000,12420100,149,248,12430000,16636
1,1243,12430000,12430100,149,248,12440000,16646
1,1244,12440000,12440100,149,248,12450000,16661
1,1245,12450000,12450100,149,248,12460000,16674
1,1246,12460000,12460100,149,248,12470000,16690
1,1247,12470000,12470100,149,248,12480000,16701
1,1248,12480000,12480100,149,248,12490000,16718
1,1249,12490000,12490100,149,248,12500000,16728
1,125,1250000,1250100,149,248,1260000,1668
1,1250,12500000,12500100,149,248,12510000,16741
1,1251,12510000,12510100,149,248,12520000,16753
1,1252,12520000,12520100,149,248,12530000,16771
1,1253,12530000,12530100,149,248,12540000,16783
1,1254,12540000,12540100,149,248,12550000,16795
1,1255,12550000,12550100,149,248,12560000,16808
1,1256,12560000,12560100,149,248,12570000,16825
1,1257,12570000,12570100,149,248,12580000,16836
1,1258,12580000,12580100,149,248,12590000,16848
1,1259,12590000,12590100,149,248,12600000,16858
1,126,1260000,1260100,149,248,1270000,1684
1,1260,12600000,12600100,149,248,12610000,16880
1,1261,12610000,12610100,149,248,12620000,16890
1,1262,12620000,12620100,149,248,12630000,16903
1,1263,12630000,12630100,149,248,12640000,16913
1,1264,12640000,12640100,149,248,12650000,16932
1,1265,12650000,12650100,149,248,12660000,16943
1,1266,12660000,12660100,149,248,12670000,16955
1,1267,12670000,12670100,149,248,12680000,16970
1,1268,12680000,12680100,149,248,12690000,16985
1,1269,12690000,12690100,149,248,12700000,16997
1,127,1270000,1270100,149,248,1280000,1697
1,1270,12700000,12700100,149,248,12710000,17010
1,1271,12710000,12710100,149,248,12720000,17020
1,1272,12720000,12720100,149,248,12730000,17038
1,1273,12730000,12730100,149,248,12740000,17050
1,1274,12740000,12740100,149,248,12750000,17064
1,1275,12750000,12750100,149,248,12760000,17077
1,1276,12760000,12760100,149,248,12770000,17092
1,1277,12770000,12770100,149,248,12780000,17103
1,1278,12780000,12780100,149,248,12790000,17117
1,1279,12790000,12790100,149,248,12800000,17127
1,128,1280000,1280100,149,248,1290000,1714
1,1280,12800000,12800100,149,248,12810000,17145
1,1281,12810000,12810100,149,248,12820000,17157
1,1282,12820000,12820100,149,248,12830000,17174
1,1283,12830000,12830100,149,248,12840000,17184
1,1284,12840000,12840100,149,248,12850000,17199
1,1285,12850000,12850100,149,248,12860000,17210
1,1286,12860000,12860100,149,248,12870000,17222
1,1287,12870000,12870100,149,248,12880000,17235
1,1288,12880000,12880100,149,248,12890000,17254
1,1289,12890000,12890100,149,248,12900000,17264
1,129,1290000,1290100,149,248,1300000,1724
1,1290,12900000,12900100,149,248,12910000,17279
1,1291,12910000,12910100,149,248,12920000,17291
1,1292,12920000,12920100,149,248,12930000,17307
1,1293,12930000,12930100,149,248,12940000,17317
1,1294,12940000,12940100,149,248,12950000,17329
1,1295,12950000,12950100,149,248,12960000,17342
1,1296,12960000,12960100,149,248,12970000,17361
1,1297,12970000,12970100,149,248,12980000,17374
1,1298,12980000,12980100,149,248,12990000,17386
1,1299,12990000,12990100,149,248,13000000,17396
1,13,130000,130100,149,248,140000,169
1,130,1300000,1300100,149,248,1310000,1739
1,1300,13000000,13000100,149,248,13010000,17414
1,1301,13010000,13010100,149,248,13020000,17424
1,1302,13020000,13020100,149,248,13030000,17439
1,1303,13030000,13030100,149,248,13040000,17449
1,1304,13040000,13040100,149,248,13050000,17466
1,1305,13050000,13050100,149,248,13060000,17481
1,1306,13060000,13060100,149,248,13070000,17493
1,1307,13070000,13070100,149,248,13080000,17504
1,1308,13080000,13080100,149,248,13090000,17519
1,1309,13090000,13090100,149,248,13100000,17533
1,131,1310000,1310100,149,248,1320000,1749
1,1310,13100000,13100100,149,248,13110000,17546
1,1311,13110000,13110100,149,248,13120000,17556
1,1312,13120000,13120100,149,248,13130000,17576
1,1313,13130000,13130100,149,248,13140000,17586
1,1314,13140000,13140100,149,248,13150000,17600
1,1315,13150000,13150100,149,248,13160000,17611
1,1316,13160000,13160100,149,248,13170000,17628
1,1317,13170000,13170100,149,248,13180000,17639
1,1318,13180000,13180100,149,248,13190000,17653
1,1319,13190000,13190100,149,248,13200000,17663
1,132,1320000,1320100,149,248,1330000,1765
1,1320,13200000,13200100,149,248,13210000,17683
1,1321,13210000,13210100,149,248,13220000,17693
1,1322,13220000,13220100,149,248,13230000,17706
1,1323,13230000,13230100,149,248,13240000,17720
1,1324,13240000,13240100,149,248,13250000,17735
1,1325,13250000,13250100,149,248,13260000,17746
1,1326,13260000,13260100,149,248,13270000,17758
1,1327,13270000,13270100,149,248,13280000,17773
1,1328,13280000,13280100,149,248,13290000,17790
1,1329,13290000,13290100,149,248,13300000,17800
1,133,1330000,1330100,149,248,1340000,1777
1,1330,13300000,13300100,149,248,13310000,17815
1,1331,13310000,13310100,149,248,13320000,17825
1,1332,13320000,13320100,149,248,13330000,17843
1,1333,13330000,13330100,149,248,13340000,17853
1,1334,13340000,13340100,149,248,13350000,17865
1,1335,13350000,13350100,149,248,13360000,17878
1,1336,13360000,13360100,149,248,13370000,17897
1,1337,13370000,13370100,149,248,13380000,17910
1,1338,13380000,13380100,149,248,13390000,17922
1,1339,13390000,13390100,149,248,13400000,17932
1,134,1340000,1340100,149,248,1350000,1789
1,1340,13400000,13400100,149,248,13410000,17948
1,1341,13410000,13410100,149,248,13420000,17960
1,1342,13420000,13420100,149,248,13430000,17975
1,1343,13430000,13430100,149,248,13440000,17985
1,1344,13440000,13440100,149,248,13450000,18004
1,1345,13450000,13450100,149,248,13460000,18017
1,1346,13460000,13460100,149,248,13470000,18029
1,1347,13470000,13470100,149,248,13480000,18040
1,1348,13480000,13480100,149,248,13490000,18055
1,1349,13490000,13490100,149,248,13500000,18065
1,135,1350000,1350100,149,248,1360000,1804
1,1350,13500000,13500100,149,248,13510000,18082
1,1351,13510000,13510100,149,248,13520000,18094
1,1352,13520000,13520100,149,248,13530000,18112
1,1353,13530000,13530100,149,248,13540000,18122
1,1354,13540000,13540100,149,248,13550000,18136
1,1355,13550000,13550100,149,248,13560000,18147
1,1356,13560000,13560100,149,248,13570000,18162
1,1357,13570000,13570100,149,248,13580000,18175
1,1358,13580000,13580100,149,248,13590000,18189
1,1359,13590000,13590100,149,248,13600000,18201
1,136,1360000,1360100,149,248,1370000,1821
1,1360,13600000,13600100,149,248,13610000,18219
1,1361,13610000,13610100,149,248,13620000,18229
1,1362,13620000,13620100,149,248,13630000,18242
1,1363,13630000,13630100,149,248,13640000,18254
1,1364,13640000,13640100,149,248,13650000,18269
1,1365,13650000,13650100,149,248,13660000,18284
1,1366,13660000,13660100,149,248,13670000,18296
1,1367,13670000,13670100,149,248,13680000,18307
1,1368,13680000,13680100,149,248,13690000,18326
1,1369,13690000,13690100,149,248,13700000,18336
1,137,1370000,1370100,149,248,1380000,1832
1,1370,13700000,13700100,149,248,13710000,18349
1,1371,13710000,13710100,149,248,13720000,18359
1,1372,13720000,13720100,149,248,13730000,18381
1,1373,13730000,13730100,149,248,13740000,18391
1,1374,13740000,13740100,149,248,13750000,18403
1,1375,13750000,13750100,149,248,13760000,18414
1,1376,13760000,13760100,149,248,13770000,18431
1,1377,13770000,13770100,149,248,13780000,18444
1,1378,13780000,13780100,149,248,13790000,18456
1,1379,13790000,13790100,149,248,13800000,18468
1,138,1380000,1380100,149,248,1390000,1844
1,1380,13800000,13800100,149,248,13810000,18486
1,1381,13810000,13810100,149,248,13820000,18498
1,1382,13820000,13820100,149,248,13830000,18511
1,1383,13830000,13830100,149,248,13840000,18521
1,1384,13840000,13840100,149,248,13850000,18538
1,1385,13850000,13850100,149,248,13860000,18549
1,1386,13860000,13860100,149,248,13870000,18565
1,1387,13870000,13870100,149,248,13880000,18578
1,1388,13880000,13880100,149,248,13890000,18593
1,1389,13890000,13890100,149,248,13900000,18603
1,139,1390000,1390100,149,248,1400000,1856
1,1390,13900000,13900100,149,248,13910000,18618
1,1391,13910000,13910100,149,248,13920000,18628
1,1392,13920000,13920100,149,248,13930000,18646
1,1393,13930000,13930100,149,248,13940000,18658
1,1394,13940000,13940100,149,248,13950000,18670
1,1395,13950000,13950100,149,248,13960000,18685
1,1396,13960000,13960100,149,248,13970000,18700
1,1397,13970000,13970100,149,248,13980000,18711
1,1398,13980000,13980100,149,248,13990000,18723
1,1399,13990000,13990100,149,248,14000000,18735
1,14,140000,140100,149,248,150000,183
1,140,1400000,1400100,149,248,1410000,1874
1,1400,14000000,14000100,149,248,14010000,18755
1,1401,14010000,14010100,149,248,14020000,18765
1,1402,14020000,14020100,149,248,14030000,18780
1,1403,14030000,14030100,149,248,14040000,18790
1,1404,14040000,14040100,149,248,14050000,18807
1,1405,14050000,14050100,149,248,14060000,18818
1,1406,14060000,14060100,149,248,14070000,18830
1,1407,14070000,14070100,149,248,14080000,18843
1,1408,14080000,14080100,149,248,14090000,18862
1,1409,14090000,14090100,149,248,14100000,18872
1,141,1410000,1410100,149,248,1420000,1884
1,1410,14100000,14100100,149,248,14110000,18887
1,1411,14110000,14110100,149,248,14120000,18897
1,1412,14120000,14120100,149,248,14130000,18913
1,1413,14130000,14130100,149,248,14140000,18925
1,1414,14140000,14140100,149,248,14150000,18939
1,1415,14150000,14150100,149,248,14160000,18950
1,1416,14160000,14160100,149,248,14170000,18967
1,1417,14170000,14170100,149,248,14180000,18982
1,1418,14180000,14180100,149,248,14190000,18994
1,1419,14190000,14190100,149,248,14200000,19004
1,142,1420000,1420100,149,248,1430000,1899
1,1420,14200000,14200100,149,248,14210000,19020
1,1421,14210000,14210100,149,248,14220000,19032
1,1422,14220000,14220100,149,248,14230000,19047
1,1423,14230000,14230100,149,248,14240000,19057
1,1424,14240000,14240100,149,248,14250000,19074
1,1425,14250000,14250100,149,248,14260000,19087
1,1426,14260000,14260100,149,248,14270000,19101
1,1427,14270000,14270100,149,248,14280000,19112
1,1428,14280000,14280100,149,248,14290000,19129
1,1429,14290000,14290100,149,248,14300000,19139
1,143,1430000,1430100,149,248,1440000,1909
1,1430,14300000,14300100,149,248,14310000,19152
1,1431,14310000,14310100,149,248,14320000,19164
1,1432,14320000,14320100,149,248,14330000,19184
1,1433,14330000,14330100,149,248,14340000,19194
1,1434,14340000,14340100,149,248,14350000,19206
1,1435,14350000,14350100,149,248,14360000,19221
1,1436,14360000,14360100,149,248,14370000,19236
1,1437,14370000,14370100,149,248,14380000,19247
1,1438,14380000,14380100,149,248,14390000,19259
1,1439,14390000,14390100,149,248,14400000,19269
1,144,1440000,1440100,149,248,1450000,1928
1,1440,14400000,14400100,149,248,14410000,19291
1,1441,14410000,14410100,149,248,14420000,19301
1,1442,14420000,14420100,149,248,14430000,19316
1,1443,14430000,14430100,149,248,14440000,19326
1,1444,14440000,14440100,149,248,14450000,19343
1,1445,14450000,14450100,149,248,14460000,19354
1,1446,14460000,14460100,149,248,14470000,19366
1,1447,14470000,14470100,149,248,14480000,19379
1,1448,14480000,14480100,149,248,14490000,19396
1,1449,14490000,14490100,149,248,14500000,19410
1,145,1450000,1450100,149,248,1460000,1939
1,1450,14500000,14500100,149,248,14510000,19423
1,1451,14510000,14510100,149,248,14520000,19433
1,1452,14520000,14520100,149,248,14530000,19449
1,1453,14530000,14530100,149,248,14540000,19461
1,1454,14540000,14540100,149,248,14550000,19473
1,1455,14550000,14550100,149,248,14560000,19486
1,1456,14560000,14560100,149,248,14570000,19505
1,1457,14570000,14570100,149,248,14580000,19516
1,1458,14580000,14580100,149,248,14590000,19530
1,1459,14590000,14590100,149,248,14600000,19540
1,146,1460000,1460100,149,248,1470000,1951
1,1460,14600000,14600100,149,248,14610000,19556
1,1461,14610000,14610100,149,248,14620000,19566
1,1462,14620000,14620100,149,248,14630000,19583
1,1463,14630000,14630100,149,248,14640000,19595
1,1464,14640000,14640100,149,248,14650000,19612
1,1465,14650000,14650100,149,248,14660000,19623
1,1466,14660000,14660100,149,248,14670000,19635
1,1467,14670000,14670100,149,248,14680000,19648
1,1468,14680000,14680100,149,248,14690000,19663
1,1469,14690000,14690100,149,248,14700000,19673
1,147,1470000,1470100,149,248,1480000,1964
1,1470,14700000,14700100,149,248,14710000,19690
1,1471,14710000,14710100,149,248,14720000,19702
1,1472,14720000,14720100,149,248,14730000,19720
1,1473,14730000,14730100,149,248,14740000,19730
1,1474,14740000,14740100,149,248,14750000,19742
1,1475,14750000,14750100,149,248,14760000,19753
1,1476,14760000,14760100,149,248,14770000,19770
1,1477,14770000,14770100,149,248,14780000,19785
1,1478,14780000,14780100,149,248,14790000,19797
1,1479,14790000,14790100,149,248,14800000,19807
1,148,1480000,1480100,149,248,1490000,1981
1,1480,14800000,14800100,149,248,14810000,19827
1,1481,14810000,14810100,149,248,14820000,19837
1,1482,14820000,14820100,149,248,14830000,19850
1,1483,14830000,14830100,149,248,14840000,19860
1,1484,14840000,14840100,149,248,14850000,19877
1,1485,14850000,14850100,149,248,14860000,19892
1,1486,14860000,14860100,149,248,14870000,19904
1,1487,14870000,14870100,149,248,14880000,19915
1,1488,14880000,14880100,149,248,14890000,19932
1,1489,14890000,14890100,149,248,14900000,19944
1,149,1490000,1490100,149,248,1500000,1991
1,1490,14900000,14900100,149,248,14910000,19957
1,1491,14910000,14910100,149,248,14920000,19969
1,1492,14920000,14920100,149,248,14930000,19987
1,1493,14930000,14930100,149,248,14940000,19997
1,1494,14940000,14940100,149,248,14950000,20011
1,1495,14950000,14950100,149,248,14960000,20022
1,1496,14960000,14960100,149,248,14970000,20039
1,1497,14970000,14970100,149,248,14980000,20050
1,1498,14980000,14980100,149,248,14990000,20066
1,1499,14990000,14990100,149,248,15000000,20076
1,15,150000,150100,149,248,160000,196
1,150,1500000,1500100,149,248,1510000,2006
1,1500,15000000,15000100,149,248,15010000,20094
1,1501,15010000,15010100,149,248,15020000,20104
1,1502,15020000,15020100,149,248,15030000,20117
1,1503,15030000,15030100,149,248,15040000,20129
1,1504,15040000,15040100,149,248,15050000,20146
1,1505,15050000,15050100,149,248,15060000,20159
1,1506,15060000,15060100,149,248,15070000,20171
1,1507,15070000,15070100,149,248,15080000,20186
1,1508,15080000,15080100,149,248,15090000,20201
1,1509,15090000,15090100,149,248,15100000,20211
1,151,1510000,1510100,149,248,1520000,2016
1,1510,15100000,15100100,149,248,15110000,20224
1,1511,15110000,15110100,149,248,15120000,20234
1,1512,15120000,15120100,149,248,15130000,20256
1,1513,15130000,15130100,149,248,15140000,20266
1,1514,15140000,15140100,149,248,15150000,20278
1,1515,15150000,15150100,149,248,15160000,20291
1,1516,15160000,15160100,149,248,15170000,20308
1,1517,15170000,15170100,149,248,15180000,20319
1,1518,15180000,15180100,149,248,15190000,20331
1,1519,15190000,15190100,149,248,15200000,20343
1,152,1520000,1520100,149,248,1530000,2034
1,1520,15200000,15200100,149,248,15210000,20361
1,1521,15210000,15210100,149,248,15220000,20373
1,1522,15220000,15220100,149,248,15230000,20388
1,1523,15230000,15230100,149,248,15240000,20398
1,1524,15240000,15240100,149,248,15250000,20413
1,1525,15250000,15250100,149,248,15260000,20426
1,1526,15260000,15260100,149,248,15270000,20440
1,1527,15270000,15270100,149,248,15280000,20451
1,1528,15280000,15280100,149,248,15290000,20468
1,1529,15290000,15290100,149,248,15300000,20478
1,153,1530000,1530100,149,248,1540000,2046
1,1530,15300000,15300100,149,248,15310000,20495
1,1531,15310000,15310100,149,248,15320000,20505
1,1532,15320000,15320100,149,248,15330000,20521
1,1533,15330000,15330100,149,248,15340000,20533
1,1534,15340000,15340100,149,248,15350000,20547
1,1535,15350000,15350100,149,248,15360000,20558
1,1536,15360000,15360100,149,248,15370000,20575
1,1537,15370000,15370100,149,248,15380000,20588
1,1538,15380000,15380100,149,248,15390000,20600
1,1539,15390000,15390100,149,248,15400000,20612
1,154,1540000,1540100,149,248,1550000,2060
1,1540,15400000,15400100,149,248,15410000,20630
1,1541,15410000,15410100,149,248,15420000,20640
1,1542,15420000,15420100,149,248,15430000,20653
1,1543,15430000,15430100,149,248,15440000,20665
1,1544,15440000,15440100,149,248,15450000,20682
1,1545,15450000,15450100,149,248,15460000,20695
1,1546,15460000,15460100,149,248,15470000,20707
1,1547,15470000,15470100,149,248,15480000,20720
1,1548,15480000,15480100,149,248,15490000,20737
1,1549,15490000,15490100,149,248,15500000,20747
1,155,1550000,1550100,149,248,1560000,2071
1,1550,15500000,15500100,149,248,15510000,20760
1,1551,15510000,15510100,149,248,15520000,20770
1,1552,15520000,15520100,149,248,15530000,20792
1,1553,15530000,15530100,149,248,15540000,20802
1,1554,15540000,15540100,149,248,15550000,20816
1,1555,15550000,15550100,149,248,15560000,20827
1,1556,15560000,15560100,149,248,15570000,20842
1,1557,15570000,15570100,149,248,15580000,20855
1,1558,15580000,15580100,149,248,15590000,20867
1,1559,15590000,15590100,149,248,15600000,20877
1,156,1560000,1560100,149,248,1570000,2086
1,1560,15600000,15600100,149,248,15610000,20897
1,1561,15610000,15610100,149,248,15620000,20911
1,1562,15620000,15620100,149,248,15630000,20924
1,1563,15630000,15630100,149,248,15640000,20934
1,1564,15640000,15640100,149,248,15650000,20949
1,1565,15650000,15650100,149,248,15660000,20960
1,1566,15660000,15660100,149,248,15670000,20974
1,1567,15670000,15670100,149,248,15680000,20987
1,1568,15680000,15680100,149,248,15690000,21006
1,1569,15690000,15690100,149,248,15700000,21016
1,157,1570000,1570100,149,248,1580000,2101
1,1570,15700000,15700100,149,248,15710000,21031
1,1571,15710000,15710100,149,248,15720000,21041
1,1572,15720000,15720100,149,248,15730000,21057
1,1573,15730000,15730100,149,248,15740000,21067
1,1574,15740000,15740100,149,248,15750000,21079
1,1575,15750000,15750100,149,248,15760000,21096
1,1576,15760000,15760100,149,248,15770000,21113
1,1577,15770000,15770100,149,248,15780000,21124
1,1578,15780000,15780100,149,248,15790000,21136
1,1579,15790000,15790100,149,248,15800000,21148
1,158,1580000,1580100,149,248,1590000,2113
1,1580,15800000,15800100,149,248,15810000,21164
1,1581,15810000,15810100,149,248,15820000,21174
1,1582,15820000,15820100,149,248,15830000,21191
1,1583,15830000,15830100,149,248,15840000,21201
1,1584,15840000,15840100,149,248,15850000,21220
1,1585,15850000,15850100,149,248,15860000,21231
1,1586,15860000,15860100,149,248,15870000,21243
1,1587,15870000,15870100,149,248,15880000,21254
1,1588,15880000,15880100,149,248,15890000,21271
1,1589,15890000,15890100,149,248,15900000,21283
1,159,1590000,1590100,149,248,1600000,2123
1,1590,15900000,15900100,149,248,15910000,21298
1,1591,15910000,15910100,149,248,15920000,21308
1,1592,15920000,15920100,149,248,15930000,21326
1,1593,15930000,15930100,149,248,15940000,21338
1,1594,15940000,15940100,149,248,15950000,21350
1,1595,15950000,15950100,149,248,15960000,21361
1,1596,15960000,15960100,149,248,15970000,21378
1,1597,15970000,15970100,149,248,15980000,21393
1,1598,15980000,15980100,149,248,15990000,21405
1,1599,15990000,15990100,149,248,16000000,21415
1,16,160000,160100,149,248,170000,213
1,160,1600000,1600100,149,248,1610000,2141
1,1600,16000000,16000100,149,248,16010000,21433
1,1601,16010000,16010100,149,248,16020000,21443
1,1602,16020000,16020100,149,248,16030000,21458
1,1603,16030000,16030100,149,248,16040000,21470
1,1604,16040000,16040100,149,248,16050000,21485
1,1605,16050000,16050100,149,248,16060000,21498
1,1606,16060000,16060100,149,248,16070000,21512
1,1607,16070000,16070100,149,248,16080000,21523
1,1608,16080000,16080100,149,248,16090000,21540
1,1609,16090000,16090100,149,248,16100000,21550
1,161,1610000,1610100,149,248,1620000,2153
1,1610,16100000,16100100,149,248,16110000,21565
1,1611,16110000,16110100,149,248,16120000,21577
1,1612,16120000,16120100,149,248,16130000,21595
1,1613,16130000,16130100,149,248,16140000,21605
1,1614,16140000,16140100,149,248,16150000,21617
1,1615,16150000,16150100,149,248,16160000,21630
1,1616,16160000,16160100,149,248,16170000,21647
1,1617,16170000,16170100,149,248,16180000,21660
1,1618,16180000,16180100,149,248,16190000,21672
1,1619,16190000,16190100,149,248,16200000,21682
1,162,1620000,1620100,149,248,1630000,2168
1,1620,16200000,16200100,149,248,16210000,21702
1,1621,16210000,16210100,149,248,16220000,21712
1,1622,16220000,16220100,149,248,16230000,21725
1,1623,16230000,16230100,149,248,16240000,21735
1,1624,16240000,16240100,149,248,16250000,21756
1,1625,16250000,16250100,149,248,16260000,21767
1,1626,16260000,16260100,149,248,16270000,21779
1,1627,16270000,16270100,149,248,16280000,21792
1,1628,16280000,16280100,149,248,16290000,21807
1,1629,16290000,16290100,149,248,16300000,21819
1,163,1630000,1630100,149,248,1640000,2178
1,1630,16300000,16300100,149,248,16310000,21832
1,1631,16310000,16310100,149,248,16320000,21844
1,1632,16320000,16320100,149,248,16330000,21862
1,1633,16330000,16330100,149,248,16340000,21874
1,1634,16340000,16340100,149,248,16350000,21886
1,1635,16350000,16350100,149,248,16360000,21899
1,1636,16360000,16360100,149,248,16370000,21914
1,1637,16370000,16370100,149,248,16380000,21925
1,1638,16380000,16380100,149,248,16390000,21941
1,1639,16390000,16390100,149,248,16400000,21951
1,164,1640000,1640100,149,248,1650000,2193
1,1640,16400000,16400100,149,248,16410000,21969
1,1641,16410000,16410100,149,248,16420000,21979
1,1642,16420000,16420100,149,248,16430000,21996
1,1643,16430000,16430100,149,248,16440000,22006
1,1644,16440000,16440100,149,248,16450000,22021
1,1645,16450000,16450100,149,248,16460000,22034
1,1646,16460000,16460100,149,248,16470000,22046
1,1647,16470000,16470100,149,248,16480000,22059
1,1648,16480000,16480100,149,248,16490000,22076
1,1649,16490000,16490100,149,248,16500000,22086
1,165,1650000,1650100,149,248,1660000,2206
1,1650,16500000,16500100,149,248,16510000,22101
1,1651,16510000,16510100,149,248,16520000,22113
1,1652,16520000,16520100,149,248,16530000,22131
1,1653,16530000,16530100,149,248,16540000,22141
1,1654,16540000,16540100,149,248,16550000,22153
1,1655,16550000,16550100,149,248,16560000,22164
1,1656,16560000,16560100,149,248,16570000,22183
1,1657,16570000,16570100,149,248,16580000,22196
1,1658,16580000,16580100,149,248,16590000,22208
1,1659,16590000,16590100,149,248,16600000,22220
1,166,1660000,1660100,149,248,1670000,2220
1,1660,16600000,16600100,149,248,16610000,22238
1,1661,16610000,16610100,149,248,16620000,22248
1,1662,16620000,16620100,149,248,16630000,22261
1,1663,16630000,16630100,149,248,16640000,22271
1,1664,16640000,16640100,149,248,16650000,22288
1,1665,16650000,16650100,149,248,16660000,22303
1,1666,16660000,16660100,149,248,16670000,22317
1,1667,16670000,16670100,149,248,16680000,22328
1,1668,16680000,16680100,149,248,16690000,22343
1,1669,16690000,16690100,149,248,16700000,22355
1,167,1670000,1670100,149,248,1680000,2231
1,1670,16700000,16700100,149,248,16710000,22368
1,1671,16710000,16710100,149,248,16720000,22378
1,1672,16720000,16720100,149,248,16730000,22398
1,1673,16730000,16730100,149,248,16740000,22410
1,1674,16740000,16740100,149,248,16750000,22424
1,1675,16750000,16750100,149,248,16760000,22435
1,1676,16760000,16760100,149,248,16770000,22450
1,1677,16770000,16770100,149,248,16780000,22461
1,1678,16780000,16780100,149,248,16790000,22475
1,1679,16790000,16790100,149,248,16800000,22485
1,168,1680000,1680100,149,248,1690000,2250
1,1680,16800000,16800100,149,248,16810000,22507
1,1681,16810000,16810100,149,248,16820000,22517
1,1682,16820000,16820100,149,248,16830000,22530
1,1683,16830000,16830100,149,248,16840000,22542
1,1684,16840000,16840100,149,248,16850000,22557
1,1685,16850000,16850100,149,248,16860000,22568
1,1686,16860000,16860100,149,248,16870000,22580
1,1687,16870000,16870100,149,248,16880000,22597
1,1688,16880000,16880100,149,248,16890000,22614
1,1689,16890000,16890100,149,248,16900000,22624
1,169,1690000,1690100,149,248,1700000,2260
1,1690,16900000,16900100,149,248,16910000,22637
1,1691,16910000,16910100,149,248,16920000,22647
1,1692,16920000,16920100,149,248,16930000,22665
1,1693,16930000,16930100,149,248,16940000,22675
1,1694,16940000,16940100,149,248,16950000,22689
1,1695,16950000,16950100,149,248,16960000,22702
1,1696,16960000,16960100,149,248,16970000,22721
1,1697,16970000,16970100,149,248,16980000,22732
1,1698,16980000,16980100,149,248,16990000,22744
1,1699,16990000,16990100,149,248,17000000,22754
1,17,170000,170100,149,248,180000,224
1,170,1700000,1700100,149,248,1710000,2273
1,1700,17000000,17000100,149,248,17010000,22770
1,1701,17010000,17010100,149,248,17020000,22784
1,1702,17020000,17020100,149,248,17030000,22799
1,1703,17030000,17030100,149,248,17040000,22809
1,1704,17040000,17040100,149,248,17050000,22826
1,1705,17050000,17050100,149,248,17060000,22839
1,1706,17060000,17060100,149,248,17070000,22851
1,1707,17070000,17070100,149,248,17080000,22862
1,1708,17080000,17080100,149,248,17090000,22879
1,1709,17090000,17090100,149,248,17100000,22889
1,171,1710000,1710100,149,248,1720000,2285
1,1710,17100000,17100100,149,248,17110000,22906
1,1711,17110000,17110100,149,248,17120000,22916
1,1712,17120000,17120100,149,248,17130000,22934
1,1713,17130000,17130100,149,248,17140000,22944
1,1714,17140000,17140100,149,248,17150000,22958
1,1715,17150000,17150100,149,248,17160000,22971
1,1716,17160000,17160100,149,248,17170000,22986
1,1717,17170000,17170100,149,248,17180000,22999
1,1718,17180000,17180100,149,248,17190000,23011
1,1719,17190000,17190100,149,248,17200000,23023
1,172,1720000,1720100,149,248,1730000,2303
1,1720,17200000,17200100,149,248,17210000,23041
1,1721,17210000,17210100,149,248,17220000,23051
1,1722,17220000,17220100,149,248,17230000,23066
1,1723,17230000,17230100,149,248,17240000,23078
1,1724,17240000,17240100,149,248,17250000,23093
1,1725,17250000,17250100,149,248,17260000,23106
1,1726,17260000,17260100,149,248,17270000,23118
1,1727,17270000,17270100,149,248,17280000,23129
1,1728,17280000,17280100,149,248,17290000,23148
1,1729,17290000,17290100,149,248,17300000,23160
1,173,1730000,1730100,149,248,1740000,2313
1,1730,17300000,17300100,149,248,17310000,23173
1,1731,17310000,17310100,149,248,17320000,23183
1,1732,17320000,17320100,149,248,17330000,23203
1,1733,17330000,17330100,149,248,17340000,23213
1,1734,17340000,17340100,149,248,17350000,23225
1,1735,17350000,17350100,149,248,17360000,23236
1,1736,17360000,17360100,149,248,17370000,23255
1,1737,17370000,17370100,149,248,17380000,23268
1,1738,17380000,17380100,149,248,17390000,23280
1,1739,17390000,17390100,149,248,17400000,23290
1,174,1740000,1740100,149,248,1750000,2325
1,1740,17400000,17400100,149,248,17410000,23308
1,1741,17410000,17410100,149,248,17420000,23320
1,1742,17420000,17420100,149,248,17430000,23333
1,1743,17430000,17430100,149,248,17440000,23345
1,1744,17440000,17440100,149,248,17450000,23362
1,1745,17450000,17450100,149,248,17460000,23373
1,1746,17460000,17460100,149,248,17470000,23387
1,1747,17470000,17470100,149,248,17480000,23400
1,1748,17480000,17480100,149,248,17490000,23415
1,1749,17490000,17490100,149,248,17500000,23425
1,175,1750000,1750100,149,248,1760000,2340
1,1750,17500000,17500100,149,248,17510000,23442
1,1751,17510000,17510100,149,248,17520000,23452
1,1752,17520000,17520100,149,248,17530000,23470
1,1753,17530000,17530100,149,248,17540000,23480
1,1754,17540000,17540100,149,248,17550000,23492
1,1755,17550000,17550100,149,248,17560000,23507
1,1756,17560000,17560100,149,248,17570000,23522
1,1757,17570000,17570100,149,248,17580000,23535
1,1758,17580000,17580100,149,248,17590000,23547
1,1759,17590000,17590100,149,248,17600000,23559
1,176,1760000,1760100,149,248,1770000,2357
1,1760,17600000,17600100,149,248,17610000,23577
1,1761,17610000,17610100,149,248,17620000,23587
1,1762,17620000,17620100,149,248,17630000,23602
1,1763,17630000,17630100,149,248,17640000,23612
1,1764,17640000,17640100,149,248,17650000,23631
1,1765,17650000,17650100,149,248,17660000,23642
1,1766,17660000,17660100,149,248,17670000,23654
1,1767,17670000,17670100,149,248,17680000,23665
1,1768,17680000,17680100,149,248,17690000,23684
1,1769,17690000,17690100,149,248,17700000,23694
1,177,1770000,1770100,149,248,1780000,2368
1,1770,17700000,17700100,149,248,17710000,23709
1,1771,17710000,17710100,149,248,17720000,23721
1,1772,17720000,17720100,149,248,17730000,23737
1,1773,17730000,17730100,149,248,17740000,23749
1,1774,17740000,17740100,149,248,17750000,23761
1,1775,17750000,17750100,149,248,17760000,23772
1,1776,17760000,17760100,149,248,17770000,23789
1,1777,17770000,17770100,149,248,17780000,23804
1,1778,17780000,17780100,149,248,17790000,23818
1,1779,17790000,17790100,149,248,17800000,23828
1,178,1780000,1780100,149,248,1790000,2380
1,1780,17800000,17800100,149,248,17810000,23844
1,1781,17810000,17810100,149,248,17820000,23854
1,1782,17820000,17820100,149,248,17830000,23869
1,1783,17830000,17830100,149,248,17840000,23879
1,1784,17840000,17840100,149,248,17850000,23896
1,1785,17850000,17850100,149,248,17860000,23911
1,1786,17860000,17860100,149,248,17870000,23925
1,1787,17870000,17870100,149,248,17880000,23936
1,1788,17880000,17880100,149,248,17890000,23951
1,1789,17890000,17890100,149,248,17900000,23961
1,179,1790000,1790100,149,248,1800000,2390
1,1790,17900000,17900100,149,248,17910000,23974
1,1791,17910000,17910100,149,248,17920000,23986
1,1792,17920000,17920100,149,248,17930000,24008
1,1793,17930000,17930100,149,248,17940000,24018
1,1794,17940000,17940100,149,248,17950000,24030
1,1795,17950000,17950100,149,248,17960000,24043
1,1796,17960000,17960100,149,248,17970000,24058
1,1797,17970000,17970100,149,248,17980000,24069
1,1798,17980000,17980100,149,248,17990000,24081
1,1799,17990000,17990100,149,248,18000000,24093
1,18,180000,180100,149,248,190000,238
1,180,1800000,1800100,149,248,1810000,2410
1,1800,18000000,18000100,149,248,18010000,24115
1,1801,18010000,18010100,149,248,18020000,24125
1,1802,18020000,18020100,149,248,18030000,24138
1,1803,18030000,18030100,149,248,18040000,24148
1,1804,18040000,18040100,149,248,18050000,24165
1,1805,18050000,18050100,149,248,18060000,24176
1,1806,18060000,18060100,149,248,18070000,24190
1,1807,18070000,18070100,149,248,18080000,24203
1,1808,18080000,18080100,149,248,18090000,24220
1,1809,18090000,18090100,149,248,18100000,24232
1,181,1810000,1810100,149,248,1820000,2420
1,1810,18100000,18100100,149,248,18110000,24245
1,1811,18110000,18110100,149,248,18120000,24255
1,1812,18120000,18120100,149,248,18130000,24271
1,1813,18130000,18130100,149,248,18140000,24285
1,1814,18140000,18140100,149,248,18150000,24297
1,1815,18150000,18150100,149,248,18160000,24310
1,1816,18160000,18160100,149,248,18170000,24327
1,1817,18170000,18170100,149,248,18180000,24338
1,1818,18180000,18180100,149,248,18190000,24352
1,1819,18190000,18190100,149,248,18200000,24362
1,182,1820000,1820100,149,248,1830000,2435
1,1820,18200000,18200100,149,248,18210000,24380
1,1821,18210000,18210100,149,248,18220000,24390
1,1822,18220000,18220100,149,248,18230000,24407
1,1823,18230000,18230100,149,248,18240000,24417
1,1824,18240000,18240100,149,248,18250000,24434
1,1825,18250000,18250100,149,248,18260000,24445
1,1826,18260000,18260100,149,248,18270000,24457
1,1827,18270000,18270100,149,248,18280000,24472
1,1828,18280000,18280100,149,248,18290000,24487
1,1829,18290000,18290100,149,248,18300000,24497
1,183,1830000,1830100,149,248,1840000,2445
1,1830,18300000,18300100,149,248,18310000,24512
1,1831,18310000,18310100,149,248,18320000,24524
1,1832,18320000,18320100,149,248,18330000,24542
1,1833,18330000,18330100,149,248,18340000,24552
1,1834,18340000,18340100,149,248,18350000,24566
1,1835,18350000,18350100,149,248,18360000,24577
1,1836,18360000,18360100,149,248,18370000,24594
1,1837,18370000,18370100,149,248,18380000,24607
1,1838,18380000,18380100,149,248,18390000,24619
1,1839,18390000,18390100,149,248,18400000,24629
1,184,1840000,1840100,149,248,1850000,2464
1,1840,18400000,18400100,149,248,18410000,24649
1,1841,18410000,18410100,149,248,18420000,24661
1,1842,18420000,18420100,149,248,18430000,24674
1,1843,18430000,18430100,149,248,18440000,24684
1,1844,18440000,18440100,149,248,18450000,24699
1,1845,18450000,18450100,149,248,18460000,24714
1,1846,18460000,18460100,149,248,18470000,24726
1,1847,18470000,18470100,149,248,18480000,24737
1,1848,18480000,18480100,149,248,18490000,24756
1,1849,18490000,18490100,149,248,18500000,24768
1,185,1850000,1850100,149,248,1860000,2475
1,1850,18500000,18500100,149,248,18510000,24781
1,1851,18510000,18510100,149,248,18520000,24791
1,1852,18520000,18520100,149,248,18530000,24809
1,1853,18530000,18530100,149,248,18540000,24819
1,1854,18540000,18540100,149,248,18550000,24833
1,1855,18550000,18550100,149,248,18560000,24846
1,1856,18560000,18560100,149,248,18570000,24863
1,1857,18570000,18570100,149,248,18580000,24874
1,1858,18580000,18580100,149,248,18590000,24888
1,1859,18590000,18590100,149,248,18600000,24898
1,186,1860000,1860100,149,248,1870000,2487
1,1860,18600000,18600100,149,248,18610000,24916
1,1861,18610000,18610100,149,248,18620000,24926
1,1862,18620000,18620100,149,248,18630000,24941
1,1863,18630000,18630100,149,248,18640000,24953
1,1864,18640000,18640100,149,248,18650000,24970
1,1865,18650000,18650100,149,248,18660000,24981
1,1866,18660000,18660100,149,248,18670000,24993
1,1867,18670000,18670100,149,248,18680000,25008
1,1868,18680000,18680100,149,248,18690000,25023
1,1869,18690000,18690100,149,248,18700000,25035
1,187,1870000,1870100,149,248,1880000,2500
1,1870,18700000,18700100,149,248,18710000,25048
1,1871,18710000,18710100,149,248,18720000,25058
1,1872,18720000,18720100,149,248,18730000,25078
1,1873,18730000,18730100,149,248,18740000,25088
1,1874,18740000,18740100,149,248,18750000,25100
1,1875,18750000,18750100,149,248,18760000,25113
1,1876,18760000,18760100,149,248,18770000,25132
1,1877,18770000,18770100,149,248,18780000,25143
1,1878,18780000,18780100,149,248,18790000,25155
1,1879,18790000,18790100,149,248,18800000,25165
1,188,1880000,1880100,149,248,1890000,2515
1,1880,18800000,18800100,149,248,18810000,25183
1,1881,18810000,18810100,149,248,18820000,25195
1,1882,18820000,18820100,149,248,18830000,25210
1,1883,18830000,18830100,149,248,18840000,25222
1,1884,18840000,18840100,149,248,18850000,25237
1,1885,18850000,18850100,149,248,18860000,25250
1,1886,18860000,18860100,149,248,18870000,25262
1,1887,18870000,18870100,149,248,18880000,25273
1,1888,18880000,18880100,149,248,18890000,25290
1,1889,18890000,18890100,149,248,18900000,25300
1,189,1890000,1890100,149,248,1900000,2529
1,1890,18900000,18900100,149,248,18910000,25319
1,1891,18910000,18910100,149,248,18920000,25329
1,1892,18920000,18920100,149,248,18930000,25345
1,1893,18930000,18930100,149,248,18940000,25355
1,1894,18940000,18940100,149,248,18950000,25369
1,1895,18950000,18950100,149,248,18960000,25380
1,1896,18960000,18960100,149,248,18970000,25397
1,1897,18970000,18970100,149,248,18980000,25412
1,1898,18980000,18980100,149,248,18990000,25424
1,1899,18990000,18990100,149,248,19000000,25436
1,19,190000,190100,149,248,200000,248
1,190,1900000,1900100,149,248,1910000,2542
1,1900,19000000,19000100,149,248,19010000,25452
1,1901,19010000,19010100,149,248,19020000,25462
1,1902,19020000,19020100,149,248,19030000,25475
1,1903,19030000,19030100,149,248,19040000,25487
1,1904,19040000,19040100,149,248,19050000,25506
1,1905,19050000,19050100,149,248,19060000,25519
1,1906,19060000,19060100,149,248,19070000,25531
1,1907,19070000,19070100,149,248,19080000,25542
1,1908,19080000,19080100,149,248,19090000,25559
1,1909,19090000,19090100,149,248,19100000,25569
1,191,1910000,1910100,149,248,1920000,2552
1,1910,19100000,19100100,149,248,19110000,25582
1,1911,19110000,19110100,149,248,19120000,25594
1,1912,19120000,19120100,149,248,19130000,25616
1,1913,19130000,19130100,149,248,19140000,25626
1,1914,19140000,19140100,149,248,19150000,25638
1,1915,19150000,19150100,149,248,19160000,25649
1,1916,19160000,19160100,149,248,19170000,25664
1,1917,19170000,19170100,149,248,19180000,25677
1,1918,19180000,19180100,149,248,19190000,25691
1,1919,19190000,19190100,149,248,19200000,25701
1,192,1920000,1920100,149,248,1930000,2570
1,1920,19200000,19200100,149,248,19210000,25721
1,1921,19210000,19210100,149,248,19220000,25733
1,1922,19220000,19220100,149,248,19230000,25746
1,1923,19230000,19230100,149,248,19240000,25756
1,1924,19240000,19240100,149,248,19250000,25771
1,1925,19250000,19250100,149,248,19260000,25784
1,1926,19260000,19260100,149,248,19270000,25798
1,1927,19270000,19270100,149,248,19280000,25811
1,1928,19280000,19280100,149,248,19290000,25828
1,1929,19290000,19290100,149,248,19300000,25838
1,193,1930000,1930100,149,248,1940000,2582
1,1930,19300000,19300100,149,248,19310000,25853
1,1931,19310000,19310100,149,248,19320000,25863
1,1932,19320000,19320100,149,248,19330000,25881
1,1933,19330000,19330100,149,248,19340000,25891
1,1934,19340000,19340100,149,248,19350000,25903
1,1935,19350000,19350100,149,248,19360000,25918
1,1936,19360000,19360100,149,248,19370000,25935
1,1937,19370000,19370100,149,248,19380000,25946
1,1938,19380000,19380100,149,248,19390000,25958
1,1939,19390000,19390100,149,248,19400000,25972
1,194,1940000,1940100,149,248,1950000,2594
1,1940,19400000,19400100,149,248,19410000,25988
1,1941,19410000,19410100,149,248,19420000,25998
1,1942,19420000,19420100,149,248,19430000,26013
1,1943,19430000,19430100,149,248,19440000,26023
1,1944,19440000,19440100,149,248,19450000,26042
1,1945,19450000,19450100,149,248,19460000,26053
1,1946,19460000,19460100,149,248,19470000,26067
1,1947,19470000,19470100,149,248,19480000,26078
1,1948,19480000,19480100,149,248,19490000,26095
1,1949,19490000,19490100,149,248,19500000,26105
1,195,1950000,1950100,149,248,1960000,2607
1,1950,19500000,19500100,149,248,19510000,26120
1,1951,19510000,19510100,149,248,19520000,26130
1,1952,19520000,19520100,149,248,19530000,26148
1,1953,19530000,19530100,149,248,19540000,26162
1,1954,19540000,19540100,149,248,19550000,26174
1,1955,19550000,19550100,149,248,19560000,26185
1,1956,19560000,19560100,149,248,19570000,26200
1,1957,19570000,19570100,149,248,19580000,26215
1,1958,19580000,19580100,149,248,19590000,26227
1,1959,19590000,19590100,149,248,19600000,26237
1,196,1960000,1960100,149,248,1970000,2624
1,1960,19600000,19600100,149,248,19610000,26257
1,1961,19610000,19610100,149,248,19620000,26267
1,1962,19620000,19620100,149,248,19630000,26282
1,1963,19630000,19630100,149,248,19640000,26292
1,1964,19640000,19640100,149,248,19650000,26307
1,1965,19650000,19650100,149,248,19660000,26320
1,1966,19660000,19660100,149,248,19670000,26334
1,1967,19670000,19670100,149,248,19680000,26347
1,1968,19680000,19680100,149,248,19690000,26364
1,1969,19690000,19690100,149,248,19700000,26374
1,197,1970000,1970100,149,248,1980000,2635
1,1970,19700000,19700100,149,248,19710000,26387
1,1971,19710000,19710100,149,248,19720000,26399
1,1972,19720000,19720100,149,248,19730000,26417
1,1973,19730000,19730100,149,248,19740000,26427
1,1974,19740000,19740100,149,248,19750000,26441
1,1975,19750000,19750100,149,248,19760000,26454
1,1976,19760000,19760100,149,248,19770000,26471
1,1977,19770000,19770100,149,248,19780000,26482
1,1978,19780000,19780100,149,248,19790000,26494
1,1979,19790000,19790100,149,248,19800000,26504
1,198,1980000,1980100,149,248,1990000,2649
1,1980,19800000,19800100,149,248,19810000,26524
1,1981,19810000,19810100,149,248,19820000,26536
1,1982,19820000,19820100,149,248,19830000,26549
1,1983,19830000,19830100,149,248,19840000,26559
1,1984,19840000,19840100,149,248,19850000,26578
1,1985,19850000,19850100,149,248,19860000,26589
1,1986,19860000,19860100,149,248,19870000,26601
1,1987,19870000,19870100,149,248,19880000,26614
1,1988,19880000,19880100,149,248,19890000,26631
1,1989,19890000,19890100,149,248,19900000,26643
1,199,1990000,1990100,149,248,2000000,2659
1,1990,19900000,19900100,149,248,19910000,26656
1,1991,19910000,19910100,149,248,19920000,26666
1,1992,19920000,19920100,149,248,19930000,26684
1,1993,19930000,19930100,149,248,19940000,26696
1,1994,19940000,19940100,149,248,19950000,26708
1,1995,19950000,19950100,149,248,19960000,26723
1,1996,19960000,19960100,149,248,19970000,26738
1,1997,19970000,19970100,149,248,19980000,26749
1,1998,19980000,19980100,149,248,19990000,26763
1,1999,19990000,19990100,149,248,20000000,26773
1,2,20000,20100,149,248,30000,24
1,20,200000,200100,149,248,210000,264
1,200,2000000,2000100,149,248,2010000,2677
1,2000,20000000,20000100,149,248,20010000,26791
1,2001,20010000,20010100,149,248,20020000,26801
1,2002,20020000,20020100,149,248,20030000,26820
1,2003,20030000,20030100,149,248,20040000,26830
1,2004,20040000,20040100,149,248,20050000,26845
1,2005,20050000,20050100,149,248,20060000,26856
1,2006,20060000,20060100,149,248,20070000,26868
1,2007,20070000,20070100,149,248,20080000,26881
1,2008,20080000,20080100,149,248,20090000,26898
1,2009,20090000,20090100,149,248,20100000,26910
1,201,2010000,2010100,149,248,2020000,2687
1,2010,20100000,20100100,149,248,20110000,26925
1,2011,20110000,20110100,149,248,20120000,26937
1,2012,20120000,20120100,149,248,20130000,26953
1,2013,20130000,20130100,149,248,20140000,26963
1,2014,20140000,20140100,149,248,20150000,26975
1,2015,20150000,20150100,149,248,20160000,26986
1,2016,20160000,20160100,149,248,20170000,27007
1,2017,20170000,20170100,149,248,20180000,27020
1,2018,20180000,20180100,149,248,20190000,27032
1,2019,20190000,20190100,149,248,20200000,27042
1,202,2020000,2020100,149,248,2030000,2704
1,2020,20200000,20200100,149,248,20210000,27060
1,2021,20210000,20210100,149,248,20220000,27070
1,2022,20220000,20220100,149,248,20230000,27083
1,2023,20230000,20230100,149,248,20240000,27095
1,2024,20240000,20240100,149,248,20250000,27112
1,2025,20250000,20250100,149,248,20260000,27127
1,2026,20260000,20260100,149,248,20270000,27139
1,2027,20270000,20270100,149,248,20280000,27150
1,2028,20280000,20280100,149,248,20290000,27165
1,2029,20290000,20290100,149,248,20300000,27177
1,203,2030000,2030100,149,248,2040000,2716
1,2030,20300000,20300100,149,248,20310000,27192
1,2031,20310000,20310100,149,248,20320000,27202
1,2032,20320000,20320100,149,248,20330000,27222
1,2033,20330000,20330100,149,248,20340000,27232
1,2034,20340000,20340100,149,248,20350000,27246
1,2035,20350000,20350100,149,248,20360000,27257
1,2036,20360000,20360100,149,248,20370000,27272
1,2037,20370000,20370100,149,248,20380000,27285
1,2038,20380000,20380100,149,248,20390000,27299
1,2039,20390000,20390100,149,248,20400000,27309
1,204,2040000,2040100,149,248,2050000,2731
1,2040,20400000,20400100,149,248,20410000,27329
1,2041,20410000,20410100,149,248,20420000,27339
1,2042,20420000,20420100,149,248,20430000,27352
1,2043,20430000,20430100,149,248,20440000,27364
1,2044,20440000,20440100,149,248,20450000,27381
1,2045,20450000,20450100,149,248,20460000,27392
1,2046,20460000,20460100,149,248,20470000,27404
1,2047,20470000,20470100,149,248,20480000,27419
1,2048,20480000,20480100,149,248,20490000,27436
1,2049,20490000,20490100,149,248,20500000,27446
1,205,2050000,2050100,149,248,2060000,2742
1,2050,20500000,20500100,149,248,20510000,27459
1,2051,20510000,20510100,149,248,20520000,27471
1,2052,20520000,20520100,149,248,20530000,27489
1,2053,20530000,20530100,149,248,20540000,27499
1,2054,20540000,20540100,149,248,20550000,27511
1,2055,20550000,20550100,149,248,20560000,27524
1,2056,20560000,20560100,149,248,20570000,27543
1,2057,20570000,20570100,149,248,20580000,27554
1,2058,20580000,20580100,149,248,20590000,27568
1,2059,20590000,20590100,149,248,20600000,27578
1,206,2060000,2060100,149,248,2070000,2754
1,2060,20600000,20600100,149,248,20610000,27594
1,2061,20610000,20610100,149,248,20620000,27606
1,2062,20620000,20620100,149,248,20630000,27621
1,2063,20630000,20630100,149,248,20640000,27631
1,2064,20640000,20640100,149,248,20650000,27648
1,2065,20650000,20650100,149,248,20660000,27663
1,2066,20660000,20660100,149,248,20670000,27675
1,2067,20670000,20670100,149,248,20680000,27686
1,2068,20680000,20680100,149,248,20690000,27701
1,2069,20690000,20690100,149,248,20700000,27711
1,207,2070000,2070100,149,248,2080000,2767
1,2070,20700000,20700100,149,248,20710000,27728
1,2071,20710000,20710100,149,248,20720000,27738
1,2072,20720000,20720100,149,248,20730000,27758
1,2073,20730000,20730100,149,248,20740000,27768
1,2074,20740000,20740100,149,248,20750000,27782
1,2075,20750000,20750100,149,248,20760000,27793
1,2076,20760000,20760100,149,248,20770000,27808
1,2077,20770000,20770100,149,248,20780000,27821
1,2078,20780000,20780100,149,248,20790000,27833
1,2079,20790000,20790100,149,248,20800000,27847
1,208,2080000,2080100,149,248,2090000,2784
1,2080,20800000,20800100,149,248,20810000,27865
1,2081,20810000,20810100,149,248,20820000,27875
1,2082,20820000,20820100,149,248,20830000,27888
1,2083,20830000,20830100,149,248,20840000,27900
1,2084,20840000,20840100,149,248,20850000,27915
1,2085,20850000,20850100,149,248,20860000,27928
1,2086,20860000,20860100,149,248,20870000,27942
1,2087,20870000,20870100,149,248,20880000,27953
1,2088,20880000,20880100,149,248,20890000,27972
1,2089,20890000,20890100,149,248,20900000,27982
1,209,2090000,2090100,149,248,2100000,2794
1,2090,20900000,20900100,149,248,20910000,27995
1,2091,20910000,20910100,149,248,20920000,28005
1,2092,20920000,20920100,149,248,20930000,28025
1,2093,20930000,20930100,149,248,20940000,28037
1,2094,20940000,20940100,149,248,20950000,28049
1,2095,20950000,20950100,149,248,20960000,28060
1,2096,20960000,20960100,149,248,20970000,28077
1,2097,20970000,20970100,149,248,20980000,28090
1,2098,20980000,20980100,149,248,20990000,28102
1,2099,20990000,20990100,149,248,21000000,28112
1,21,210000,210100,149,248,220000,276
1,210,2100000,2100100,149,248,2110000,2811
1,2100,21000000,21000100,149,248,21010000,28132
1,2101,21010000,21010100,149,248,21020000,28144
1,2102,21020000,21020100,149,248,21030000,28157
1,2103,21030000,21030100,149,248,21040000,28167
1,2104,21040000,21040100,149,248,21050000,28184
1,2105,21050000,21050100,149,248,21060000,28195
1,2106,21060000,21060100,149,248,21070000,28209
1,2107,21070000,21070100,149,248,21080000,28224
1,2108,21080000,21080100,149,248,21090000,28239
1,2109,21090000,21090100,149,248,21100000,28249
1,211,2110000,2110100,149,248,2120000,2823
1,2110,21100000,21100100,149,248,21110000,28264
1,2111,21110000,21110100,149,248,21120000,28274
1,2112,21120000,21120100,149,248,21130000,28292
1,2113,21130000,21130100,149,248,21140000,28302
1,2114,21140000,21140100,149,248,21150000,28316
1,2115,21150000,21150100,149,248,21160000,28331
1,2116,21160000,21160100,149,248,21170000,28346
1,2117,21170000,21170100,149,248,21180000,28357
1,2118,21180000,21180100,149,248,21190000,28369
1,2119,21190000,21190100,149,248,21200000,28381
1,212,2120000,2120100,149,248,2130000,2839
1,2120,21200000,21200100,149,248,21210000,28399
1,2121,21210000,21210100,149,248,21220000,28411
1,2122,21220000,21220100,149,248,21230000,28426
1,2123,21230000,21230100,149,248,21240000,28436
1,2124,21240000,21240100,149,248,21250000,28453
1,2125,21250000,21250100,149,248,21260000,28464
1,2126,21260000,21260100,149,248,21270000,28476
1,2127,21270000,21270100,149,248,21280000,28487
1,2128,21280000,21280100,149,248,21290000,28508
1,2129,21290000,21290100,149,248,21300000,28518
1,213,2130000,2130100,149,248,2140000,2849
1,2130,21300000,21300100,149,248,21310000,28533
1,2131,21310000,21310100,149,248,21320000,28543
1,2132,21320000,21320100,149,248,21330000,28559
1,2133,21330000,21330100,149,248,21340000,28571
1,2134,21340000,21340100,149,248,21350000,28583
1,2135,21350000,21350100,149,248,21360000,28596
1,2136,21360000,21360100,149,248,21370000,28613
1,2137,21370000,21370100,149,248,21380000,28628
1,2138,21380000,21380100,149,248,21390000,28640
1,2139,21390000,21390100,149,248,21400000,28650
1,214,2140000,2140100,149,248,2150000,2861
1,2140,21400000,21400100,149,248,21410000,28666
1,2141,21410000,21410100,149,248,21420000,28676
1,2142,21420000,21420100,149,248,21430000,28693
1,2143,21430000,21430100,149,248,21440000,28703
1,2144,21440000,21440100,149,248,21450000,28720
1,2145,21450000,21450100,149,248,21460000,28733
1,2146,21460000,21460100,149,248,21470000,28747
1,2147,21470000,21470100,149,248,21480000,28758
1,2148,21480000,21480100,149,248,21490000,28773
1,2149,21490000,21490100,149,248,21500000,28785
1,215,2150000,2150100,149,248,2160000,2872
1,2150,21500000,21500100,149,248,21510000,28798
1,2151,21510000,21510100,149,248,21520000,28810
1,2152,21520000,21520100,149,248,21530000,28830
1,2153,21530000,21530100,149,248,21540000,28840
1,2154,21540000,21540100,149,248,21550000,28852
1,2155,21550000,21550100,149,248,21560000,28865
1,2156,21560000,21560100,149,248,21570000,28882
1,2157,21570000,21570100,149,248,21580000,28893
1,2158,21580000,21580100,149,248,21590000,28905
1,2159,21590000,21590100,149,248,21600000,28915
1,216,2160000,2160100,149,248,2170000,2891
1,2160,21600000,21600100,149,248,21610000,28937
1,2161,21610000,21610100,149,248,21620000,28947
1,2162,21620000,21620100,149,248,21630000,28960
1,2163,21630000,21630100,149,248,21640000,28972
1,2164,21640000,21640100,149,248,21650000,28989
1,2165,21650000,21650100,149,248,21660000,29000
1,2166,21660000,21660100,149,248,21670000,29012
1,2167,21670000,21670100,149,248,21680000,29025
1,2168,21680000,21680100,149,248,21690000,29042
1,2169,21690000,21690100,149,248,21700000,29054
1,217,2170000,2170100,149,248,2180000,2906
1,2170,21700000,21700100,149,248,21710000,29069
1,2171,21710000,21710100,149,248,21720000,29079
1,2172,21720000,21720100,149,248,21730000,29095
1,2173,21730000,21730100,149,248,21740000,29107
1,2174,21740000,21740100,149,248,21750000,29119
1,2175,21750000,21750100,149,248,21760000,29132
1,2176,21760000,21760100,149,248,21770000,29149
1,2177,21770000,21770100,149,248,21780000,29162
1,2178,21780000,21780100,149,248,21790000,29176
1,2179,21790000,21790100,149,248,21800000,29186
1,218,2180000,2180100,149,248,2190000,2918
1,2180,21800000,21800100,149,248,21810000,29202
1,2181,21810000,21810100,149,248,21820000,29212
1,2182,21820000,21820100,149,248,21830000,29229
1,2183,21830000,21830100,149,248,21840000,29239
1,2184,21840000,21840100,149,248,21850000,29258
1,2185,21850000,21850100,149,248,21860000,29269
1,2186,21860000,21860100,149,248,21870000,29281
1,2187,21870000,21870100,149,248,21880000,29294
1,2188,21880000,21880100,149,248,21890000,29309
1,2189,21890000,21890100,149,248,21900000,29319
1,219,2190000,2190100,149,248,2200000,2928
1,2190,21900000,21900100,149,248,21910000,29334
1,2191,21910000,21910100,149,248,21920000,29348
1,2192,21920000,21920100,149,248,21930000,29366
1,2193,21930000,21930100,149,248,21940000,29376
1,2194,21940000,21940100,149,248,21950000,29388
1,2195,21950000,21950100,149,248,21960000,29399
1,2196,21960000,21960100,149,248,21970000,29416
1,2197,21970000,21970100,149,248,21980000,29429
1,2198,21980000,21980100,149,248,21990000,29443
1,2199,21990000,21990100,149,248,22000000,29453
1,22,220000,220100,149,248,230000,293
1,220,2200000,2200100,149,248,2210000,2946
1,2200,22000000,22000100,149,248,22010000,29473
1,2201,22010000,22010100,149,248,22020000,29483
1,2202,22020000,22020100,149,248,22030000,29496
1,2203,22030000,22030100,149,248,22040000,29506
1,2204,22040000,22040100,149,248,22050000,29521
1,2205,22050000,22050100,149,248,22060000,29538
1,2206,22060000,22060100,149,248,22070000,29550
1,2207,22070000,22070100,149,248,22080000,29561
1,2208,22080000,22080100,149,248,22090000,29578
1,2209,22090000,22090100,149,248,22100000,29590
1,221,2210000,2210100,149,248,2220000,2956
1,2210,22100000,22100100,149,248,22110000,29603
1,2211,22110000,22110100,149,248,22120000,29613
1,2212,22120000,22120100,149,248,22130000,29633
1,2213,22130000,22130100,149,248,22140000,29643
1,2214,22140000,22140100,149,248,22150000,29657
1,2215,22150000,22150100,149,248,22160000,29668
1,2216,22160000,22160100,149,248,22170000,29685
1,2217,22170000,22170100,149,248,22180000,29696
1,2218,22180000,22180100,149,248,22190000,29710
1,2219,22190000,22190100,149,248,22200000,29722
1,222,2220000,2220100,149,248,2230000,2969
1,2220,22200000,22200100,149,248,22210000,29740
1,2221,22210000,22210100,149,248,22220000,29750
1,2222,22220000,22220100,149,248,22230000,29763
1,2223,22230000,22230100,149,248,22240000,29775
1,2224,22240000,22240100,149,248,22250000,29792
1,2225,22250000,22250100,149,248,22260000,29803
1,2226,22260000,22260100,149,248,22270000,29817
1,2227,22270000,22270100,149,248,22280000,29832
1,2228,22280000,22280100,149,248,22290000,29847
1,2229,22290000,22290100,149,248,22300000,29857
1,223,2230000,2230100,149,248,2240000,2979
1,2230,22300000,22300100,149,248,22310000,29870
1,2231,22310000,22310100,149,248,22320000,29880
1,2232,22320000,22320100,149,248,22330000,29900
1,2233,22330000,22330100,149,248,22340000,29912
1,2234,22340000,22340100,149,248,22350000,29924
1,2235,22350000,22350100,149,248,22360000,29937
1,2236,22360000,22360100,149,248,22370000,29954
1,2237,22370000,22370100,149,248,22380000,29965
1,2238,22380000,22380100,149,248,22390000,29977
1,2239,22390000,22390100,149,248,22400000,29987
1,224,2240000,2240100,149,248,2250000,2998
1,2240,22400000,22400100,149,248,22410000,30007
1,2241,22410000,22410100,149,248,22420000,30019
1,2242,22420000,22420100,149,248,22430000,30034
1,2243,22430000,22430100,149,248,22440000,30044
1,2244,22440000,22440100,149,248,22450000,30059
1,2245,22450000,22450100,149,248,22460000,30072
1,2246,22460000,22460100,149,248,22470000,30084
1,2247,22470000,22470100,149,248,22480000,30097
1,2248,22480000,22480100,149,248,22490000,30114
1,2249,22490000,22490100,149,248,22500000,30124
1,225,2250000,2250100,149,248,2260000,3013
1,2250,22500000,22500100,149,248,22510000,30141
1,2251,22510000,22510100,149,248,22520000,30151
1,2252,22520000,22520100,149,248,22530000,30167
1,2253,22530000,22530100,149,248,22540000,30177
1,2254,22540000,22540100,149,248,22550000,30193
1,2255,22550000,22550100,149,248,22560000,30204
1,2256,22560000,22560100,149,248,22570000,30221
1,2257,22570000,22570100,149,248,22580000,30234
1,2258,22580000,22580100,149,248,22590000,30246
1,2259,22590000,22590100,149,248,22600000,30258
1,226,2260000,2260100,149,248,2270000,3025
1,2260,22600000,22600100,149,248,22610000,30274
1,2261,22610000,22610100,149,248,22620000,30286
1,2262,22620000,22620100,149,248,22630000,30299
1,2263,22630000,22630100,149,248,22640000,30311
1,2264,22640000,22640100,149,248,22650000,30328
1,2265,22650000,22650100,149,248,22660000,30341
1,2266,22660000,22660100,149,248,22670000,30353
1,2267,22670000,22670100,149,248,22680000,30364
1,2268,22680000,22680100,149,248,22690000,30383
1,2269,22690000,22690100,149,248,22700000,30393
1,227,2270000,2270100,149,248,2280000,3036
1,2270,22700000,22700100,149,248,22710000,30406
1,2271,22710000,22710100,149,248,22720000,30416
1,2272,22720000,22720100,149,248,22730000,30438
1,2273,22730000,22730100,149,248,22740000,30448
1,2274,22740000,22740100,149,248,22750000,30460
1,2275,22750000,22750100,149,248,22760000,30473
1,2276,22760000,22760100,149,248,22770000,30488
1,2277,22770000,22770100,149,248,22780000,30501
1,2278,22780000,22780100,149,248,22790000,30513
1,2279,22790000,22790100,149,248,22800000,30523
1,228,2280000,2280100,149,248,2290000,3051
1,2280,22800000,22800100,149,248,22810000,30543
1,2281,22810000,22810100,149,248,22820000,30555
1,2282,22820000,22820100,149,248,22830000,30570
1,2283,22830000,22830100,149,248,22840000,30580
1,2284,22840000,22840100,149,248,22850000,30595
1,2285,22850000,22850100,149,248,22860000,30606
1,2286,22860000,22860100,149,248,22870000,30620
1,2287,22870000,22870100,149,248,22880000,30633
1,2288,22880000,22880100,149,248,22890000,30650
1,2289,22890000,22890100,149,248,22900000,30662
1,229,2290000,2290100,149,248,2300000,3063
1,2290,22900000,22900100,149,248,22910000,30677
1,2291,22910000,22910100,149,248,22920000,30687
1,2292,22920000,22920100,149,248,22930000,30703
1,2293,22930000,22930100,149,248,22940000,30713
1,2294,22940000,22940100,149,248,22950000,30725
1,2295,22950000,22950100,149,248,22960000,30740
1,2296,22960000,22960100,149,248,22970000,30759
1,2297,22970000,22970100,149,248,22980000,30770
1,2298,22980000,22980100,149,248,22990000,30782
1,2299,22990000,22990100,149,248,23000000,30794
1,23,230000,230100,149,248,240000,303
1,230,2300000,2300100,149,248,2310000,3076
1,2300,23000000,23000100,149,248,23010000,30810
1,2301,23010000,23010100,149,248,23020000,30820
1,2302,23020000,23020100,149,248,23030000,30835
1,2303,23030000,23030100,149,248,23040000,30847
1,2304,23040000,23040100,149,248,23050000,30866
1,2305,23050000,23050100,149,248,23060000,30877
1,2306,23060000,23060100,149,248,23070000,30889
1,2307,23070000,23070100,149,248,23080000,30900
1,2308,23080000,23080100,149,248,23090000,30917
1,2309,23090000,23090100,149,248,23100000,30927
1,231,2310000,2310100,149,248,2320000,3088
1,2310,23100000,23100100,149,248,23110000,30944
1,2311,23110000,23110100,149,248,23120000,30954
1,2312,23120000,23120100,149,248,23130000,30972
1,2313,23130000,23130100,149,248,23140000,30984
1,2314,23140000,23140100,149,248,23150000,30996
1,2315,23150000,23150100,149,248,23160000,31007
1,2316,23160000,23160100,149,248,23170000,31022
1,2317,23170000,23170100,149,248,23180000,31039
1,2318,23180000,23180100,149,248,23190000,31051
1,2319,23190000,23190100,149,248,23200000,31061
1,232,2320000,2320100,149,248,2330000,3108
1,2320,23200000,23200100,149,248,23210000,31079
1,2321,23210000,23210100,149,248,23220000,31089
1,2322,23220000,23220100,149,248,23230000,31104
1,2323,23230000,23230100,149,248,23240000,31114
1,2324,23240000,23240100,149,248,23250000,31131
1,2325,23250000,23250100,149,248,23260000,31144
1,2326,23260000,23260100,149,248,23270000,31158
1,2327,23270000,23270100,149,248,23280000,31169
1,2328,23280000,23280100,149,248,23290000,31186
1,2329,23290000,23290100,149,248,23300000,31196
1,233,2330000,2330100,149,248,2340000,3118
1,2330,23300000,23300100,149,248,23310000,31209
1,2331,23310000,23310100,149,248,23320000,31223
1,2332,23320000,23320100,149,248,23330000,31241
1,2333,23330000,23330100,149,248,23340000,31251
1,2334,23340000,23340100,149,248,23350000,31263
1,2335,23350000,23350100,149,248,23360000,31276
1,2336,23360000,23360100,149,248,23370000,31293
1,2337,23370000,23370100,149,248,23380000,31304
1,2338,23380000,23380100,149,248,23390000,31318
1,2339,23390000,23390100,149,248,23400000,31328
1,234,2340000,2340100,149,248,2350000,3132
1,2340,23400000,23400100,149,248,23410000,31348
1,2341,23410000,23410100,149,248,23420000,31358
1,2342,23420000,23420100,149,248,23430000,31371
1,2343,23430000,23430100,149,248,23440000,31381
1,2344,23440000,23440100,149,248,23450000,31400
1,2345,23450000,23450100,149,248,23460000,31413
1,2346,23460000,23460100,149,248,23470000,31425
1,2347,23470000,23470100,149,248,23480000,31438
1,2348,23480000,23480100,149,248,23490000,31453
1,2349,23490000,23490100,149,248,23500000,31465
1,235,2350000,2350100,149,248,2360000,3143
1,2350,23500000,23500100,149,248,23510000,31478
1,2351,23510000,23510100,149,248,23520000,31488
1,2352,23520000,23520100,149,248,23530000,31508
1,2353,23530000,23530100,149,248,23540000,31520
1,2354,23540000,23540100,149,248,23550000,31532
1,2355,23550000,23550100,149,248,23560000,31545
1,2356,23560000,23560100,149,248,23570000,31560
1,2357,23570000,23570100,149,248,23580000,31571
1,2358,23580000,23580100,149,248,23590000,31585
1,2359,23590000,23590100,149,248,23600000,31597
1,236,2360000,2360100,149,248,2370000,3158
1,2360,23600000,23600100,149,248,23610000,31615
1,2361,23610000,23610100,149,248,23620000,31625
1,2362,23620000,23620100,149,248,23630000,31642
1,2363,23630000,23630100,149,248,23640000,31652
1,2364,23640000,23640100,149,248,23650000,31667
1,2365,23650000,23650100,149,248,23660000,31678
1,2366,23660000,23660100,149,248,23670000,31692
1,2367,23670000,23670100,149,248,23680000,31705
1,2368,23680000,23680100,149,248,23690000,31722
1,2369,23690000,23690100,149,248,23700000,31732
1,237,2370000,2370100,149,248,2380000,3169
1,2370,23700000,23700100,149,248,23710000,31747
1,2371,23710000,23710100,149,248,23720000,31759
1,2372,23720000,23720100,149,248,23730000,31775
1,2373,23730000,23730100,149,248,23740000,31787
1,2374,23740000,23740100,149,248,23750000,31799
1,2375,23750000,23750100,149,248,23760000,31810
1,2376,23760000,23760100,149,248,23770000,31829
1,2377,23770000,23770100,149,248,23780000,31842
1,2378,23780000,23780100,149,248,23790000,31854
1,2379,23790000,23790100,149,248,23800000,31864
1,238,2380000,2380100,149,248,2390000,3185
1,2380,23800000,23800100,149,248,23810000,31884
1,2381,23810000,23810100,149,248,23820000,31894
1,2382,23820000,23820100,149,248,23830000,31907
1,2383,23830000,23830100,149,248,23840000,31917
1,2384,23840000,23840100,149,248,23850000,31934
1,2385,23850000,23850100,149,248,23860000,31949
1,2386,23860000,23860100,149,248,23870000,31961
1,2387,23870000,23870100,149,248,23880000,31974
1,2388,23880000,23880100,149,248,23890000,31989
1,2389,23890000,23890100,149,248,23900000,32001
1,239,2390000,2390100,149,248,2400000,3195
1,2390,23900000,23900100,149,248,23910000,32014
1,2391,23910000,23910100,149,248,23920000,32024
1,2392,23920000,23920100,149,248,23930000,32044
1,2393,23930000,23930100,149,248,23940000,32054
1,2394,23940000,23940100,149,248,23950000,32070
1,2395,23950000,23950100,149,248,23960000,32081
1,2396,23960000,23960100,149,248,23970000,32096
1,2397,23970000,23970100,149,248,23980000,32107
1,2398,23980000,23980100,149,248,23990000,32121
1,2399,23990000,23990100,149,248,24000000,32131
1,24,240000,240100,149,248,250000,320
1,240,2400000,2400100,149,248,2410000,3215
1,2400,24000000,24000100,149,248,24010000,32151
1,2401,24010000,24010100,149,248,24020000,32163
1,2402,24020000,24020100,149,248,24030000,32176
1,2403,24030000,24030100,149,248,24040000,32188
1,2404,24040000,24040100,149,248,24050000,32203
1,2405,24050000,24050100,149,248,24060000,32214
1,2406,24060000,24060100,149,248,24070000,32226
1,2407,24070000,24070100,149,248,24080000,32241
1,2408,24080000,24080100,149,248,24090000,32260
1,2409,24090000,24090100,149,248,24100000,32270
1,241,2410000,2410100,149,248,2420000,3225
1,2410,24100000,24100100,149,248,24110000,32283
1,2411,24110000,24110100,149,248,24120000,32293
1,2412,24120000,24120100,149,248,24130000,32311
1,2413,24130000,24130100,149,248,24140000,32321
1,2414,24140000,24140100,149,248,24150000,32333
1,2415,24150000,24150100,149,248,24160000,32348
1,2416,24160000,24160100,149,248,24170000,32367
1,2417,24170000,24170100,149,248,24180000,32378
1,2418,24180000,24180100,149,248,24190000,32390
1,2419,24190000,24190100,149,248,24200000,32400
1,242,2420000,2420100,149,248,2430000,3238
1,2420,24200000,24200100,149,248,24210000,32416
1,2421,24210000,24210100,149,248,24220000,32428
1,2422,24220000,24220100,149,248,24230000,32445
1,2423,24230000,24230100,149,248,24240000,32455
1,2424,24240000,24240100,149,248,24250000,32472
1,2425,24250000,24250100,149,248,24260000,32485
1,2426,24260000,24260100,149,248,24270000,32497
1,2427,24270000,24270100,149,248,24280000,32508
1,2428,24280000,24280100,149,248,24290000,32523
1,2429,24290000,24290100,149,248,24300000,32535
1,243,2430000,2430100,149,248,2440000,3250
1,2430,24300000,24300100,149,248,24310000,32552
1,2431,24310000,24310100,149,248,24320000,32562
1,2432,24320000,24320100,149,248,24330000,32580
1,2433,24330000,24330100,149,248,24340000,32590
1,2434,24340000,24340100,149,248,24350000,32604
1,2435,24350000,24350100,149,248,24360000,32615
1,2436,24360000,24360100,149,248,24370000,32632
1,2437,24370000,24370100,149,248,24380000,32645
1,2438,24380000,24380100,149,248,24390000,32657
1,2439,24390000,24390100,149,248,24400000,32669
1,244,2440000,2440100,149,248,2450000,3265
1,2440,24400000,24400100,149,248,24410000,32687
1,2441,24410000,24410100,149,248,24420000,32697
1,2442,24420000,24420100,149,248,24430000,32710
1,2443,24430000,24430100,149,248,24440000,32724
1,2444,24440000,24440100,149,248,24450000,32739
1,2445,24450000,24450100,149,248,24460000,32752
1,2446,24460000,24460100,149,248,24470000,32764
1,2447,24470000,24470100,149,248,24480000,32775
1,2448,24480000,24480100,149,248,24490000,32794
1,2449,24490000,24490100,149,248,24500000,32804
1,245,2450000,2450100,149,248,2460000,3278
1,2450,24500000,24500100,149,248,24510000,32819
1,2451,24510000,24510100,149,248,24520000,32829
1,2452,24520000,24520100,149,248,24530000,32849
1,2453,24530000,24530100,149,248,24540000,32859
1,2454,24540000,24540100,149,248,24550000,32871
1,2455,24550000,24550100,149,248,24560000,32882
1,2456,24560000,24560100,149,248,24570000,32899
1,2457,24570000,24570100,149,248,24580000,32914
1,2458,24580000,24580100,149,248,24590000,32926
1,2459,24590000,24590100,149,248,24600000,32936
1,246,2460000,2460100,149,248,2470000,3290
1,2460,24600000,24600100,149,248,24610000,32954
1,2461,24610000,24610100,149,248,24620000,32966
1,2462,24620000,24620100,149,248,24630000,32979
1,2463,24630000,24630100,149,248,24640000,32989
1,2464,24640000,24640100,149,248,24650000,33008
1,2465,24650000,24650100,149,248,24660000,33019
1,2466,24660000,24660100,149,248,24670000,33033
1,2467,24670000,24670100,149,248,24680000,33046
1,2468,24680000,24680100,149,248,24690000,33061
1,2469,24690000,24690100,149,248,24700000,33071
1,247,2470000,2470100,149,248,2480000,3305
1,2470,24700000,24700100,149,248,24710000,33086
1,2471,24710000,24710100,149,248,24720000,33098
1,2472,24720000,24720100,149,248,24730000,33116
1,2473,24730000,24730100,149,248,24740000,33126
1,2474,24740000,24740100,149,248,24750000,33138
1,2475,24750000,24750100,149,248,24760000,33153
1,2476,24760000,24760100,149,248,24770000,33168
1,2477,24770000,24770100,149,248,24780000,33179
1,2478,24780000,24780100,149,248,24790000,33193
1,2479,24790000,24790100,149,248,24800000,33205
1,248,2480000,2480100,149,248,2490000,3322
1,2480,24800000,24800100,149,248,24810000,33223
1,2481,24810000,24810100,149,248,24820000,33233
1,2482,24820000,24820100,149,248,24830000,33248
1,2483,24830000,24830100,149,248,24840000,33258
1,2484,24840000,24840100,149,248,24850000,33275
1,2485,24850000,24850100,149,248,24860000,33288
1,2486,24860000,24860100,149,248,24870000,33300
1,2487,24870000,24870100,149,248,24880000,33311
1,2488,24880000,24880100,149,248,24890000,33330
1,2489,24890000,24890100,149,248,24900000,33340
1,249,2490000,2490100,149,248,2500000,3332
1,2490,24900000,24900100,149,248,24910000,33355
1,2491,24910000,24910100,149,248,24920000,33365
1,2492,24920000,24920100,149,248,24930000,33383
1,2493,24930000,24930100,149,248,24940000,33395
1,2494,24940000,24940100,149,248,24950000,33407
1,2495,24950000,24950100,149,248,24960000,33418
1,2496,24960000,24960100,149,248,24970000,33435
1,2497,24970000,24970100,149,248,24980000,33450
1,2498,24980000,24980100,149,248,24990000,33462
1,2499,24990000,24990100,149,248,25000000,33474
1,25,250000,250100,149,248,260000,331
1,250,2500000,2500100,149,248,2510000,3345
1,2500,25000000,25000100,149,248,25010000,33490
1,2501,25010000,25010100,149,248,25020000,33500
1,2502,25020000,25020100,149,248,25030000,33515
1,2503,25030000,25030100,149,248,25040000,33525
1,2504,25040000,25040100,149,248,25050000,33542
1,2505,25050000,25050100,149,248,25060000,33555
1,2506,25060000,25060100,149,248,25070000,33571
1,2507,25070000,25070100,149,248,25080000,33582
1,2508,25080000,25080100,149,248,25090000,33597
1,2509,25090000,25090100,149,248,25100000,33607
1,251,2510000,2510100,149,248,2520000,3355
1,2510,25100000,25100100,149,248,25110000,33620
1,2511,25110000,25110100,149,248,25120000,33632
1,2512,25120000,25120100,149,248,25130000,33652
1,2513,25130000,25130100,149,248,25140000,33664
1,2514,25140000,25140100,149,248,25150000,33676
1,2515,25150000,25150100,149,248,25160000,33689
1,2516,25160000,25160100,149,248,25170000,33704
1,2517,25170000,25170100,149,248,25180000,33715
1,2518,25180000,25180100,149,248,25190000,33727
1,2519,25190000,25190100,149,248,25200000,33737
1,252,2520000,2520100,149,248,2530000,3375
1,253,2530000,2530100,149,248,2540000,3385
1,254,2540000,2540100,149,248,2550000,3397
1,255,2550000,2550100,149,248,2560000,3410
1,256,2560000,2560100,149,248,2570000,3429
1,257,2570000,2570100,149,248,2580000,3440
1,258,2580000,2580100,149,248,2590000,3452
1,259,2590000,2590100,149,248,2600000,3464
1,26,260000,260100,149,248,270000,343
1,260,2600000,2600100,149,248,2610000,3480
1,261,2610000,2610100,149,248,2620000,3492
1,262,2620000,2620100,149,248,2630000,3507
1,263,2630000,2630100,149,248,2640000,3517
1,264,2640000,2640100,149,248,2650000,3534
1,265,2650000,2650100,149,248,2660000,3547
1,266,2660000,2660100,149,248,2670000,3561
1,267,2670000,2670100,149,248,2680000,3572
1,268,2680000,2680100,149,248,2690000,3587
1,269,2690000,2690100,149,248,2700000,3597
1,27,270000,270100,149,248,280000,356
1,270,2700000,2700100,149,248,2710000,3614
1,271,2710000,2710100,149,248,2720000,3624
1,272,2720000,2720100,149,248,2730000,3642
1,273,2730000,2730100,149,248,2740000,3654
1,274,2740000,2740100,149,248,2750000,3668
1,275,2750000,2750100,149,248,2760000,3679
1,276,2760000,2760100,149,248,2770000,3694
1,277,2770000,2770100,149,248,2780000,3707
1,278,2780000,2780100,149,248,2790000,3719
1,279,2790000,2790100,149,248,2800000,3731
1,28,280000,280100,149,248,290000,373
1,280,2800000,2800100,149,248,2810000,3751
1,281,2810000,2810100,149,248,2820000,3761
1,282,2820000,2820100,149,248,2830000,3774
1,283,2830000,2830100,149,248,2840000,3786
1,284,2840000,2840100,149,248,2850000,3801
1,285,2850000,2850100,149,248,2860000,3814
1,286,2860000,2860100,149,248,2870000,3826
1,287,2870000,2870100,149,248,2880000,3839
1,288,2880000,2880100,149,248,2890000,3858
1,289,2890000,2890100,149,248,2900000,3868
1,29,290000,290100,149,248,300000,383
1,290,2900000,2900100,149,248,2910000,3881
1,291,2910000,2910100,149,248,2920000,3891
1,292,2920000,2920100,149,248,2930000,3911
1,293,2930000,2930100,149,248,2940000,3921
1,294,2940000,2940100,149,248,2950000,3935
1,295,2950000,2950100,149,248,2960000,3946
1,296,2960000,2960100,149,248,2970000,3963
1,297,2970000,2970100,149,248,2980000,3976
1,298,2980000,2980100,149,248,2990000,3988
1,299,2990000,2990100,149,248,3000000,3998
1,3,30000,30100,149,248,40000,34
1,30,300000,300100,149,248,310000,398
1,300,3000000,3000100,149,248,3010000,4016
1,301,3010000,3010100,149,248,3020000,4030
1,302,3020000,3020100,149,248,3030000,4043
1,303,3030000,3030100,149,248,3040000,4053
1,304,3040000,3040100,149,248,3050000,4070
1,305,3050000,3050100,149,248,3060000,4081
1,306,3060000,3060100,149,248,3070000,4095
1,307,3070000,3070100,149,248,3080000,4108
1,308,3080000,3080100,149,248,3090000,4125
1,309,3090000,3090100,149,248,3100000,4135
1,31,310000,310100,149,248,320000,410
1,310,3100000,3100100,149,248,3110000,4150
1,311,3110000,3110100,149,248,3120000,4160
1,312,3120000,3120100,149,248,3130000,4178
1,313,3130000,3130100,149,248,3140000,4188
1,314,3140000,3140100,149,248,3150000,4200
1,315,3150000,3150100,149,248,3160000,4217
1,316,3160000,3160100,149,248,3170000,4232
1,317,3170000,3170100,149,248,3180000,4243
1,318,3180000,3180100,149,248,3190000,4255
1,319,3190000,3190100,149,248,3200000,4267
1,32,320000,320100,149,248,330000,428
1,320,3200000,3200100,149,248,3210000,4285
1,321,3210000,3210100,149,248,3220000,4295
1,322,3220000,3220100,149,248,3230000,4312
1,323,3230000,3230100,149,248,3240000,4322
1,324,3240000,3240100,149,248,3250000,4339
1,325,3250000,3250100,149,248,3260000,4350
1,326,3260000,3260100,149,248,3270000,4362
1,327,3270000,3270100,149,248,3280000,4373
1,328,3280000,3280100,149,248,3290000,4392
1,329,3290000,3290100,149,248,3300000,4404
1,33,330000,330100,149,248,340000,438
1,330,3300000,3300100,149,248,3310000,4419
1,331,3310000,3310100,149,248,3320000,4429
1,332,3320000,3320100,149,248,3330000,4445
1,333,3330000,3330100,149,248,3340000,4457
1,334,3340000,3340100,149,248,3350000,4469
1,335,3350000,3350100,149,248,3360000,4480
1,336,3360000,3360100,149,248,3370000,4499
1,337,3370000,3370100,149,248,3380000,4514
1,338,3380000,3380100,149,248,3390000,4526
1,339,3390000,3390100,149,248,3400000,4536
1,34,340000,340100,149,248,350000,450
1,340,3400000,3400100,149,248,3410000,4552
1,341,3410000,3410100,149,248,3420000,4562
1,342,3420000,3420100,149,248,3430000,4577
1,343,3430000,3430100,149,248,3440000,4589
1,344,3440000,3440100,149,248,3450000,4606
1,345,3450000,3450100,149,248,3460000,4619
1,346,3460000,3460100,149,248,3470000,4633
1,347,3470000,3470100,149,248,3480000,4644
1,348,3480000,3480100,149,248,3490000,4659
1,349,3490000,3490100,149,248,3500000,4669
1,35,350000,350100,149,248,360000,463
1,350,3500000,3500100,149,248,3510000,4684
1,351,3510000,3510100,149,248,3520000,4696
1,352,3520000,3520100,149,248,3530000,4716
1,353,3530000,3530100,149,248,3540000,4726
1,354,3540000,3540100,149,248,3550000,4738
1,355,3550000,3550100,149,248,3560000,4751
1,356,3560000,3560100,149,248,3570000,4766
1,357,3570000,3570100,149,248,3580000,4779
1,358,3580000,3580100,149,248,3590000,4791
1,359,3590000,3590100,149,248,3600000,4801
1,36,360000,360100,149,248,370000,480
1,360,3600000,3600100,149,248,3610000,4823
1,361,3610000,3610100,149,248,3620000,4833
1,362,3620000,3620100,149,248,3630000,4846
1,363,3630000,3630100,149,248,3640000,4856
1,364,3640000,3640100,149,248,3650000,4875
1,365,3650000,3650100,149,248,3660000,4886
1,366,3660000,3660100,149,248,3670000,4898
1,367,3670000,3670100,149,248,3680000,4911
1,368,3680000,3680100,149,248,3690000,4928
1,369,3690000,3690100,149,248,3700000,4940
1,37,370000,370100,149,248,380000,493
1,370,3700000,3700100,149,248,3710000,4953
1,371,3710000,3710100,149,248,3720000,4965
1,372,3720000,3720100,149,248,3730000,4981
1,373,3730000,3730100,149,248,3740000,4993
1,374,3740000,3740100,149,248,3750000,5005
1,375,3750000,3750100,149,248,3760000,5018
1,376,3760000,3760100,149,248,3770000,5035
1,377,3770000,3770100,149,248,3780000,5046
1,378,3780000,3780100,149,248,3790000,5062
1,379,3790000,3790100,149,248,3800000,5072
1,38,380000,380100,149,248,390000,505
1,380,3800000,3800100,149,248,3810000,5088
1,381,3810000,3810100,149,248,3820000,5098
1,382,3820000,3820100,149,248,3830000,5115
1,383,3830000,3830100,149,248,3840000,5125
1,384,3840000,3840100,149,248,3850000,5142
1,385,3850000,3850100,149,248,3860000,5155
1,386,3860000,3860100,149,248,3870000,5167
1,387,3870000,3870100,149,248,3880000,5180
1,388,3880000,3880100,149,248,3890000,5195
1,389,3890000,3890100,149,248,3900000,5205
1,39,390000,390100,149,248,400000,515
1,390,3900000,3900100,149,248,3910000,5220
1,391,3910000,3910100,149,248,3920000,5232
1,392,3920000,3920100,149,248,3930000,5252
1,393,3930000,3930100,149,248,3940000,5262
1,394,3940000,3940100,149,248,3950000,5274
1,395,3950000,3950100,149,248,3960000,5285
1,396,3960000,3960100,149,248,3970000,5302
1,397,3970000,3970100,149,248,3980000,5315
1,398,3980000,3980100,149,248,3990000,5327
1,399,3990000,3990100,149,248,4000000,5339
1,4,40000,40100,149,248,50000,51
1,40,400000,400100,149,248,410000,535
1,400,4000000,4000100,149,248,4010000,5359
1,401,4010000,4010100,149,248,4020000,5369
1,402,4020000,4020100,149,248,4030000,5382
1,403,4030000,4030100,149,248,4040000,5392
1,404,4040000,4040100,149,248,4050000,5407
1,405,4050000,4050100,149,248,4060000,5422
1,406,4060000,4060100,149,248,4070000,5436
1,407,4070000,4070100,149,248,4080000,5447
1,408,4080000,4080100,149,248,4090000,5464
1,409,4090000,4090100,149,248,4100000,5476
1,41,410000,410100,149,248,420000,545
1,410,4100000,4100100,149,248,4110000,5489
1,411,4110000,4110100,149,248,4120000,5499
1,412,4120000,4120100,149,248,4130000,5517
1,413,4130000,4130100,149,248,4140000,5529
1,414,4140000,4140100,149,248,4150000,5543
1,415,4150000,4150100,149,248,4160000,5554
1,416,4160000,4160100,149,248,4170000,5571
1,417,4170000,4170100,149,248,4180000,5582
1,418,4180000,4180100,149,248,4190000,5596
1,419,4190000,4190100,149,248,4200000,5606
1,42,420000,420100,149,248,430000,560
1,420,4200000,4200100,149,248,4210000,5626
1,421,4210000,4210100,149,248,4220000,5636
1,422,4220000,4220100,149,248,4230000,5649
1,423,4230000,4230100,149,248,4240000,5661
1,424,4240000,4240100,149,248,4250000,5678
1,425,4250000,4250100,149,248,4260000,5689
1,426,4260000,4260100,149,248,4270000,5701
1,427,4270000,4270100,149,248,4280000,5718
1,428,4280000,4280100,149,248,4290000,5733
1,429,4290000,4290100,149,248,4300000,5743
1,43,430000,430100,149,248,440000,570
1,430,4300000,4300100,149,248,4310000,5756
1,431,4310000,4310100,149,248,4320000,5766
1,432,4320000,4320100,149,248,4330000,5786
1,433,4330000,4330100,149,248,4340000,5796
1,434,4340000,4340100,149,248,4350000,5810
1,435,4350000,4350100,149,248,4360000,5823
1,436,4360000,4360100,149,248,4370000,5840
1,437,4370000,4370100,149,248,4380000,5851
1,438,4380000,4380100,149,248,4390000,5863
1,439,4390000,4390100,149,248,4400000,5873
1,44,440000,440100,149,248,450000,585
1,440,4400000,4400100,149,248,4410000,5891
1,441,4410000,4410100,149,248,4420000,5905
1,442,4420000,4420100,149,248,4430000,5920
1,443,4430000,4430100,149,248,4440000,5930
1,444,4440000,4440100,149,248,4450000,5945
1,445,4450000,4450100,149,248,4460000,5958
1,446,4460000,4460100,149,248,4470000,5970
1,447,4470000,4470100,149,248,4480000,5981
1,448,4480000,4480100,149,248,4490000,6000
1,449,4490000,4490100,149,248,4500000,6010
1,45,450000,450100,149,248,460000,600
1,450,4500000,4500100,149,248,4510000,6027
1,451,4510000,4510100,149,248,4520000,6037
1,452,4520000,4520100,149,248,4530000,6053
1,453,4530000,4530100,149,248,4540000,6063
1,454,4540000,4540100,149,248,4550000,6077
1,455,4550000,4550100,149,248,4560000,6090
1,456,4560000,4560100,149,248,4570000,6107
1,457,4570000,4570100,149,248,4580000,6120
1,458,4580000,4580100,149,248,4590000,6132
1,459,4590000,4590100,149,248,4600000,6144
1,46,460000,460100,149,248,470000,612
1,460,4600000,4600100,149,248,4610000,6160
1,461,4610000,4610100,149,248,4620000,6170
1,462,4620000,4620100,149,248,4630000,6185
1,463,4630000,4630100,149,248,4640000,6197
1,464,4640000,4640100,149,248,4650000,6214
1,465,4650000,4650100,149,248,4660000,6227
1,466,4660000,4660100,149,248,4670000,6239
1,467,4670000,4670100,149,248,4680000,6250
1,468,4680000,4680100,149,248,4690000,6267
1,469,4690000,4690100,149,248,4700000,6279
1,47,470000,470100,149,248,480000,623
1,470,4700000,4700100,149,248,4710000,6292
1,471,4710000,4710100,149,248,4720000,6302
1,472,4720000,4720100,149,248,4730000,6324
1,473,4730000,4730100,149,248,4740000,6334
1,474,4740000,4740100,149,248,4750000,6346
1,475,4750000,4750100,149,248,4760000,6357
1,476,4760000,4760100,149,248,4770000,6374
1,477,4770000,4770100,149,248,4780000,6387
1,478,4780000,4780100,149,248,4790000,6399
1,479,4790000,4790100,149,248,4800000,6409
1,48,480000,480100,149,248,490000,640
1,480,4800000,4800100,149,248,4810000,6429
1,481,4810000,4810100,149,248,4820000,6441
1,482,4820000,4820100,149,248,4830000,6454
1,483,4830000,4830100,149,248,4840000,6466
1,484,4840000,4840100,149,248,4850000,6481
1,485,4850000,4850100,149,248,4860000,6492
1,486,4860000,4860100,149,248,4870000,6506
1,487,4870000,4870100,149,248,4880000,6519
1,488,4880000,4880100,149,248,4890000,6536
1,489,4890000,4890100,149,248,4900000,6546
1,49,490000,490100,149,248,500000,654
1,490,4900000,4900100,149,248,4910000,6563
1,491,4910000,4910100,149,248,4920000,6573
1,492,4920000,4920100,149,248,4930000,6589
1,493,4930000,4930100,149,248,4940000,6599
1,494,4940000,4940100,149,248,4950000,6611
1,495,4950000,4950100,149,248,4960000,6626
1,496,4960000,4960100,149,248,4970000,6643
1,497,4970000,4970100,149,248,4980000,6656
1,498,4980000,4980100,149,248,4990000,6668
1,499,4990000,4990100,149,248,5000000,6680
1,5,50000,50100,149,248,60000,62
1,50,500000,500100,149,248,510000,667
1,500,5000000,5000100,149,248,5010000,6696
1,501,5010000,5010100,149,248,5020000,6706
1,502,5020000,5020100,149,248,5030000,6721
1,503,5030000,5030100,149,248,5040000,6731
1,504,5040000,5040100,149,248,5050000,6752
1,505,5050000,5050100,149,248,5060000,6763
1,506,5060000,5060100,149,248,5070000,6775
1,507,5070000,5070100,149,248,5080000,6786
1,508,5080000,5080100,149,248,5090000,6803
1,509,5090000,5090100,149,248,5100000,6813
1,51,510000,510100,149,248,520000,677
1,510,5100000,5100100,149,248,5110000,6828
1,511,5110000,5110100,149,248,5120000,6840
1,512,5120000,5120100,149,248,5130000,6858
1,513,5130000,5130100,149,248,5140000,6870
1,514,5140000,5140100,149,248,5150000,6882
1,515,5150000,5150100,149,248,5160000,6893
1,516,5160000,5160100,149,248,5170000,6908
1,517,5170000,5170100,149,248,5180000,6923
1,518,5180000,5180100,149,248,5190000,6937
1,519,5190000,5190100,149,248,5200000,6947
1,52,520000,520100,149,248,530000,695
1,520,5200000,5200100,149,248,5210000,6965
1,521,5210000,5210100,149,248,5220000,6975
1,522,5220000,5220100,149,248,5230000,6990
1,523,5230000,5230100,149,248,5240000,7000
1,524,5240000,5240100,149,248,5250000,7015
1,525,5250000,5250100,149,248,5260000,7030
1,526,5260000,5260100,149,248,5270000,7044
1,527,5270000,5270100,149,248,5280000,7055
1,528,5280000,5280100,149,248,5290000,7072
1,529,5290000,5290100,149,248,5300000,7082
1,53,530000,530100,149,248,540000,705
1,530,5300000,5300100,149,248,5310000,7095
1,531,5310000,5310100,149,248,5320000,7107
1,532,5320000,5320100,149,248,5330000,7127
1,533,5330000,5330100,149,248,5340000,7137
1,534,5340000,5340100,149,248,5350000,7149
1,535,5350000,5350100,149,248,5360000,7162
1,536,5360000,5360100,149,248,5370000,7179
1,537,5370000,5370100,149,248,5380000,7190
1,538,5380000,5380100,149,248,5390000,7202
1,539,5390000,5390100,149,248,5400000,7214
1,54,540000,540100,149,248,550000,719
1,540,5400000,5400100,149,248,5410000,7234
1,541,5410000,5410100,149,248,5420000,7244
1,542,5420000,5420100,149,248,5430000,7257
1,543,5430000,5430100,149,248,5440000,7267
1,544,5440000,5440100,149,248,5450000,7286
1,545,5450000,5450100,149,248,5460000,7297
1,546,5460000,5460100,149,248,5470000,7311
1,547,5470000,5470100,149,248,5480000,7324
1,548,5480000,5480100,149,248,5490000,7339
1,549,5490000,5490100,149,248,5500000,7351
1,55,550000,550100,149,248,560000,730
1,550,5500000,5500100,149,248,5510000,7364
1,551,5510000,5510100,149,248,5520000,7374
1,552,5520000,5520100,149,248,5530000,7392
1,553,5530000,5530100,149,248,5540000,7406
1,554,5540000,5540100,149,248,5550000,7418
1,555,5550000,5550100,149,248,5560000,7431
1,556,5560000,5560100,149,248,5570000,7446
1,557,5570000,5570100,149,248,5580000,7457
1,558,5580000,5580100,149,248,5590000,7471
1,559,5590000,5590100,149,248,5600000,7481
1,56,560000,560100,149,248,570000,749
1,560,5600000,5600100,149,248,5610000,7501
1,561,5610000,5610100,149,248,5620000,7511
1,562,5620000,5620100,149,248,5630000,7528
1,563,5630000,5630100,149,248,5640000,7538
1,564,5640000,5640100,149,248,5650000,7553
1,565,5650000,5650100,149,248,5660000,7564
1,566,5660000,5660100,149,248,5670000,7576
1,567,5670000,5670100,149,248,5680000,7591
1,568,5680000,5680100,149,248,5690000,7608
1,569,5690000,5690100,149,248,5700000,7618
1,57,570000,570100,149,248,580000,760
1,570,5700000,5700100,149,248,5710000,7633
1,571,5710000,5710100,149,248,5720000,7645
1,572,5720000,5720100,149,248,5730000,7661
1,573,5730000,5730100,149,248,5740000,7671
1,574,5740000,5740100,149,248,5750000,7685
1,575,5750000,5750100,149,248,5760000,7696
1,576,5760000,5760100,149,248,5770000,7715
1,577,5770000,5770100,149,248,5780000,7728
1,578,5780000,5780100,149,248,5790000,7740
1,579,5790000,5790100,149,248,5800000,7750
1,58,580000,580100,149,248,590000,774
1,580,5800000,5800100,149,248,5810000,7768
1,581,5810000,5810100,149,248,5820000,7780
1,582,5820000,5820100,149,248,5830000,7793
1,583,5830000,5830100,149,248,5840000,7803
1,584,5840000,5840100,149,248,5850000,7820
1,585,5850000,5850100,149,248,5860000,7835
1,586,5860000,5860100,149,248,5870000,7847
1,587,5870000,5870100,149,248,5880000,7858
1,588,5880000,5880100,149,248,5890000,7875
1,589,5890000,5890100,149,248,5900000,7887
1,59,590000,590100,149,248,600000,784
1,590,5900000,5900100,149,248,5910000,7900
1,591,5910000,5910100,149,248,5920000,7910
1,592,5920000,5920100,149,248,5930000,7930
1,593,5930000,5930100,149,248,5940000,7940
1,594,5940000,5940100,149,248,5950000,7954
1,595,5950000,5950100,149,248,5960000,7967
1,596,5960000,5960100,149,248,5970000,7982
1,597,5970000,5970100,149,248,5980000,7993
1,598,5980000,5980100,149,248,5990000,8007
1,599,5990000,5990100,149,248,6000000,8017
1,6,60000,60100,149,248,70000,74
1,60,600000,600100,149,248,610000,802
1,600,6000000,6000100,149,248,6010000,8037
1,601,6010000,6010100,149,248,6020000,8047
1,602,6020000,6020100,149,248,6030000,8062
1,603,6030000,6030100,149,248,6040000,8074
1,604,6040000,6040100,149,248,6050000,8089
1,605,6050000,6050100,149,248,6060000,8100
1,606,6060000,6060100,149,248,6070000,8112
1,607,6070000,6070100,149,248,6080000,8127
1,608,6080000,6080100,149,248,6090000,8144
1,609,6090000,6090100,149,248,6100000,8156
1,61,610000,610100,149,248,620000,812
1,610,6100000,6100100,149,248,6110000,8169
1,611,6110000,6110100,149,248,6120000,8179
1,612,6120000,6120100,149,248,6130000,8197
1,613,6130000,6130100,149,248,6140000,8207
1,614,6140000,6140100,149,248,6150000,8219
1,615,6150000,6150100,149,248,6160000,8232
1,616,6160000,6160100,149,248,6170000,8253
1,617,6170000,6170100,149,248,6180000,8264
1,618,6180000,6180100,149,248,6190000,8276
1,619,6190000,6190100,149,248,6200000,8286
1,62,620000,620100,149,248,630000,825
1,620,6200000,6200100,149,248,6210000,8302
1,621,6210000,6210100,149,248,6220000,8314
1,622,6220000,6220100,149,248,6230000,8329
1,623,6230000,6230100,149,248,6240000,8341
1,624,6240000,6240100,149,248,6250000,8358
1,625,6250000,6250100,149,248,6260000,8371
1,626,6260000,6260100,149,248,6270000,8383
1,627,6270000,6270100,149,248,6280000,8394
1,628,6280000,6280100,149,248,6290000,8409
1,629,6290000,6290100,149,248,6300000,8419
1,63,630000,630100,149,248,640000,839
1,630,6300000,6300100,149,248,6310000,8438
1,631,6310000,6310100,149,248,6320000,8448
1,632,6320000,6320100,149,248,6330000,8466
1,633,6330000,6330100,149,248,6340000,8476
1,634,6340000,6340100,149,248,6350000,8490
1,635,6350000,6350100,149,248,6360000,8501
1,636,6360000,6360100,149,248,6370000,8516
1,637,6370000,6370100,149,248,6380000,8531
1,638,6380000,6380100,149,248,6390000,8543
1,639,6390000,6390100,149,248,6400000,8555
1,64,640000,640100,149,248,650000,856
1,640,6400000,6400100,149,248,6410000,8573
1,641,6410000,6410100,149,248,6420000,8583
1,642,6420000,6420100,149,248,6430000,8596
1,643,6430000,6430100,149,248,6440000,8608
1,644,6440000,6440100,149,248,6450000,8625
1,645,6450000,6450100,149,248,6460000,8638
1,646,6460000,6460100,149,248,6470000,8650
1,647,6470000,6470100,149,248,6480000,8661
1,648,6480000,6480100,149,248,6490000,8680
1,649,6490000,6490100,149,248,6500000,8690
1,65,650000,650100,149,248,660000,867
1,650,6500000,6500100,149,248,6510000,8703
1,651,6510000,6510100,149,248,6520000,8715
1,652,6520000,6520100,149,248,6530000,8735
1,653,6530000,6530100,149,248,6540000,8745
1,654,6540000,6540100,149,248,6550000,8757
1,655,6550000,6550100,149,248,6560000,8768
1,656,6560000,6560100,149,248,6570000,8785
1,657,6570000,6570100,149,248,6580000,8798
1,658,6580000,6580100,149,248,6590000,8812
1,659,6590000,6590100,149,248,6600000,8822
1,66,660000,660100,149,248,670000,879
1,660,6600000,6600100,149,248,6610000,8840
1,661,6610000,6610100,149,248,6620000,8852
1,662,6620000,6620100,149,248,6630000,8865
1,663,6630000,6630100,149,248,6640000,8875
1,664,6640000,6640100,149,248,6650000,8892
1,665,6650000,6650100,149,248,6660000,8905
1,666,6660000,6660100,149,248,6670000,8919
1,667,6670000,6670100,149,248,6680000,8932
1,668,6680000,6680100,149,248,6690000,8947
1,669,6690000,6690100,149,248,6700000,8957
1,67,670000,670100,149,248,680000,894
1,670,6700000,6700100,149,248,6710000,8972
1,671,6710000,6710100,149,248,6720000,8982
1,672,6720000,6720100,149,248,6730000,9002
1,673,6730000,6730100,149,248,6740000,9012
1,674,6740000,6740100,149,248,6750000,9024
1,675,6750000,6750100,149,248,6760000,9039
1,676,6760000,6760100,149,248,6770000,9054
1,677,6770000,6770100,149,248,6780000,9065
1,678,6780000,6780100,149,248,6790000,9077
1,679,6790000,6790100,149,248,6800000,9091
1,68,680000,680100,149,248,690000,909
1,680,6800000,6800100,149,248,6810000,9109
1,681,6810000,6810100,149,248,6820000,9119
1,682,6820000,6820100,149,248,6830000,9134
1,683,6830000,6830100,149,248,6840000,9144
1,684,6840000,6840100,149,248,6850000,9161
1,685,6850000,6850100,149,248,6860000,9172
1,686,6860000,6860100,149,248,6870000,9186
1,687,6870000,6870100,149,248,6880000,9197
1,688,6880000,6880100,149,248,6890000,9216
1,689,6890000,6890100,149,248,6900000,9226
1,69,690000,690100,149,248,700000,919
1,690,6900000,6900100,149,248,6910000,9241
1,691,6910000,6910100,149,248,6920000,9251
1,692,6920000,6920100,149,248,6930000,9267
1,693,6930000,6930100,149,248,6940000,9281
1,694,6940000,6940100,149,248,6950000,9293
1,695,6950000,6950100,149,248,6960000,9304
1,696,6960000,6960100,149,248,6970000,9321
1,697,6970000,6970100,149,248,6980000,9336
1,698,6980000,6980100,149,248,6990000,9348
1,699,6990000,6990100,149,248,7000000,9358
1,7,70000,70100,149,248,80000,89
1,70,700000,700100,149,248,710000,934
1,700,7000000,7000100,149,248,7010000,9376
1,701,7010000,7010100,149,248,7020000,9386
1,702,7020000,7020100,149,248,7030000,9401
1,703,7030000,7030100,149,248,7040000,9411
1,704,7040000,7040100,149,248,7050000,9428
1,705,7050000,7050100,149,248,7060000,9441
1,706,7060000,7060100,149,248,7070000,9455
1,707,7070000,7070100,149,248,7080000,9468
1,708,7080000,7080100,149,248,7090000,9483
1,709,7090000,7090100,149,248,7100000,9493
1,71,710000,710100,149,248,720000,944
1,710,7100000,7100100,149,248,7110000,9506
1,711,7110000,7110100,149,248,7120000,9518
1,712,7120000,7120100,149,248,7130000,9538
1,713,7130000,7130100,149,248,7140000,9548
1,714,7140000,7140100,149,248,7150000,9562
1,715,7150000,7150100,149,248,7160000,9575
1,716,7160000,7160100,149,248,7170000,9590
1,717,7170000,7170100,149,248,7180000,9601
1,718,7180000,7180100,149,248,7190000,9613
1,719,7190000,7190100,149,248,7200000,9623
1,72,720000,720100,149,248,730000,964
1,720,7200000,7200100,149,248,7210000,9645
1,721,7210000,7210100,149,248,7220000,9657
1,722,7220000,7220100,149,248,7230000,9670
1,723,7230000,7230100,149,248,7240000,9680
1,724,7240000,7240100,149,248,7250000,9697
1,725,7250000,7250100,149,248,7260000,9708
1,726,7260000,7260100,149,248,7270000,9720
1,727,7270000,7270100,149,248,7280000,9733
1,728,7280000,7280100,149,248,7290000,9752
1,729,7290000,7290100,149,248,7300000,9764
1,73,730000,730100,149,248,740000,974
1,730,7300000,7300100,149,248,7310000,9777
1,731,7310000,7310100,149,248,7320000,9787
1,732,7320000,7320100,149,248,7330000,9803
1,733,7330000,7330100,149,248,7340000,9815
1,734,7340000,7340100,149,248,7350000,9827
1,735,7350000,7350100,149,248,7360000,9842
1,736,7360000,7360100,149,248,7370000,9859
1,737,7370000,7370100,149,248,7380000,9870
1,738,7380000,7380100,149,248,7390000,9884
1,739,7390000,7390100,149,248,7400000,9894
1,74,740000,740100,149,248,750000,986
1,740,7400000,7400100,149,248,7410000,9910
1,741,7410000,7410100,149,248,7420000,9920
1,742,7420000,7420100,149,248,7430000,9939
1,743,7430000,7430100,149,248,7440000,9949
1,744,7440000,7440100,149,248,7450000,9966
1,745,7450000,7450100,149,248,7460000,9977
1,746,7460000,7460100,149,248,7470000,9989
1,747,7470000,7470100,149,248,7480000,10002
1,748,7480000,7480100,149,248,7490000,10017
1,749,7490000,7490100,149,248,7500000,10029
1,75,750000,750100,149,248,760000,999
1,750,7500000,7500100,149,248,7510000,10044
1,751,7510000,7510100,149,248,7520000,10056
1,752,7520000,7520100,149,248,7530000,10074
1,753,7530000,7530100,149,248,7540000,10084
1,754,7540000,7540100,149,248,7550000,10096
1,755,7550000,7550100,149,248,7560000,10107
1,756,7560000,7560100,149,248,7570000,10126
1,757,7570000,7570100,149,248,7580000,10139
1,758,7580000,7580100,149,248,7590000,10151
1,759,7590000,7590100,149,248,7600000,10161
1,76,760000,760100,149,248,770000,1016
1,760,7600000,7600100,149,248,7610000,10181
1,761,7610000,7610100,149,248,7620000,10191
1,762,7620000,7620100,149,248,7630000,10204
1,763,7630000,7630100,149,248,7640000,10216
1,764,7640000,7640100,149,248,7650000,10231
1,765,7650000,7650100,149,248,7660000,10246
1,766,7660000,7660100,149,248,7670000,10258
1,767,7670000,7670100,149,248,7680000,10269
1,768,7680000,7680100,149,248,7690000,10286
1,769,7690000,7690100,149,248,7700000,10298
1,77,770000,770100,149,248,780000,1029
1,770,7700000,7700100,149,248,7710000,10313
1,771,7710000,7710100,149,248,7720000,10323
1,772,7720000,7720100,149,248,7730000,10341
1,773,7730000,7730100,149,248,7740000,10351
1,774,7740000,7740100,149,248,7750000,10365
1,775,7750000,7750100,149,248,7760000,10376
1,776,7760000,7760100,149,248,7770000,10393
1,777,7770000,7770100,149,248,7780000,10406
1,778,7780000,7780100,149,248,7790000,10420
1,779,7790000,7790100,149,248,7800000,10430
1,78,780000,780100,149,248,790000,1041
1,780,7800000,7800100,149,248,7810000,10448
1,781,7810000,7810100,149,248,7820000,10458
1,782,7820000,7820100,149,248,7830000,10471
1,783,7830000,7830100,149,248,7840000,10483
1,784,7840000,7840100,149,248,7850000,10502
1,785,7850000,7850100,149,248,7860000,10513
1,786,7860000,7860100,149,248,7870000,10525
1,787,7870000,7870100,149,248,7880000,10540
1,788,7880000,7880100,149,248,7890000,10555
1,789,7890000,7890100,149,248,7900000,10565
1,79,790000,790100,149,248,800000,1051
1,790,7900000,7900100,149,248,7910000,10578
1,791,7910000,7910100,149,248,7920000,10590
1,792,7920000,7920100,149,248,7930000,10610
1,793,7930000,7930100,149,248,7940000,10620
1,794,7940000,7940100,149,248,7950000,10632
1,795,7950000,7950100,149,248,7960000,10645
1,796,7960000,7960100,149,248,7970000,10662
1,797,7970000,7970100,149,248,7980000,10673
1,798,7980000,7980100,149,248,7990000,10687
1,799,7990000,7990100,149,248,8000000,10697
1,8,80000,80100,149,248,90000,106
1,80,800000,800100,149,248,810000,1069
1,800,8000000,8000100,149,248,8010000,10715
1,801,8010000,8010100,149,248,8020000,10727
1,802,8020000,8020100,149,248,8030000,10742
1,803,8030000,8030100,149,248,8040000,10752
1,804,8040000,8040100,149,248,8050000,10767
1,805,8050000,8050100,149,248,8060000,10782
1,806,8060000,8060100,149,248,8070000,10794
1,807,8070000,8070100,149,248,8080000,10805
1,808,8080000,8080100,149,248,8090000,10822
1,809,8090000,8090100,149,248,8100000,10832
1,81,810000,810100,149,248,820000,1081
1,810,8100000,8100100,149,248,8110000,10849
1,811,8110000,8110100,149,248,8120000,10859
1,812,8120000,8120100,149,248,8130000,10877
1,813,8130000,8130100,149,248,8140000,10887
1,814,8140000,8140100,149,248,8150000,10901
1,815,8150000,8150100,149,248,8160000,10912
1,816,8160000,8160100,149,248,8170000,10929
1,817,8170000,8170100,149,248,8180000,10942
1,818,8180000,8180100,149,248,8190000,10954
1,819,8190000,8190100,149,248,8200000,10968
1,82,820000,820100,149,248,830000,1096
1,820,8200000,8200100,149,248,8210000,10984
1,821,8210000,8210100,149,248,8220000,10994
1,822,8220000,8220100,149,248,8230000,11007
1,823,8230000,8230100,149,248,8240000,11019
1,824,8240000,8240100,149,248,8250000,11036
1,825,8250000,8250100,149,248,8260000,11049
1,826,8260000,8260100,149,248,8270000,11063
1,827,8270000,8270100,149,248,8280000,11074
1,828,8280000,8280100,149,248,8290000,11091
1,829,8290000,8290100,149,248,8300000,11101
1,83,830000,830100,149,248,840000,1106
1,830,8300000,8300100,149,248,8310000,11114
1,831,8310000,8310100,149,248,8320000,11124
1,832,8320000,8320100,149,248,8330000,11146
1,833,8330000,8330100,149,248,8340000,11158
1,834,8340000,8340100,149,248,8350000,11170
1,835,8350000,8350100,149,248,8360000,11181
1,836,8360000,8360100,149,248,8370000,11196
1,837,8370000,8370100,149,248,8380000,11209
1,838,8380000,8380100,149,248,8390000,11221
1,839,8390000,8390100,149,248,8400000,11231
1,84,840000,840100,149,248,850000,1123
1,840,8400000,8400100,149,248,8410000,11253
1,841,8410000,8410100,149,248,8420000,11265
1,842,8420000,8420100,149,248,8430000,11278
1,843,8430000,8430100,149,248,8440000,11288
1,844,8440000,8440100,149,248,8450000,11303
1,845,8450000,8450100,149,248,8460000,11314
1,846,8460000,8460100,149,248,8470000,11328
1,847,8470000,8470100,149,248,8480000,11343
1,848,8480000,8480100,149,248,8490000,11360
1,849,8490000,8490100,149,248,8500000,11370
1,85,850000,850100,149,248,860000,1136
1,850,8500000,8500100,149,248,8510000,11385
1,851,8510000,8510100,149,248,8520000,11395
1,852,8520000,8520100,149,248,8530000,11411
1,853,8530000,8530100,149,248,8540000,11421
1,854,8540000,8540100,149,248,8550000,11435
1,855,8550000,8550100,149,248,8560000,11450
1,856,8560000,8560100,149,248,8570000,11467
1,857,8570000,8570100,149,248,8580000,11478
1,858,8580000,8580100,149,248,8590000,11490
1,859,8590000,8590100,149,248,8600000,11502
1,86,860000,860100,149,248,870000,1148
1,860,8600000,8600100,149,248,8610000,11518
1,861,8610000,8610100,149,248,8620000,11530
1,862,8620000,8620100,149,248,8630000,11545
1,863,8630000,8630100,149,248,8640000,11555
1,864,8640000,8640100,149,248,8650000,11574
1,865,8650000,8650100,149,248,8660000,11585
1,866,8660000,8660100,149,248,8670000,11597
1,867,8670000,8670100,149,248,8680000,11608
1,868,8680000,8680100,149,248,8690000,11627
1,869,8690000,8690100,149,248,8700000,11637
1,87,870000,870100,149,248,880000,1159
1,870,8700000,8700100,149,248,8710000,11652
1,871,8710000,8710100,149,248,8720000,11662
1,872,8720000,8720100,149,248,8730000,11680
1,873,8730000,8730100,149,248,8740000,11692
1,874,8740000,8740100,149,248,8750000,11704
1,875,8750000,8750100,149,248,8760000,11717
1,876,8760000,8760100,149,248,8770000,11732
1,877,8770000,8770100,149,248,8780000,11747
1,878,8780000,8780100,149,248,8790000,11759
1,879,8790000,8790100,149,248,8800000,11769
1,88,880000,880100,149,248,890000,1176
1,880,8800000,8800100,149,248,8810000,11787
1,881,8810000,8810100,149,248,8820000,11797
1,882,8820000,8820100,149,248,8830000,11814
1,883,8830000,8830100,149,248,8840000,11824
1,884,8840000,8840100,149,248,8850000,11839
1,885,8850000,8850100,149,248,8860000,11852
1,886,8860000,8860100,149,248,8870000,11866
1,887,8870000,8870100,149,248,8880000,11877
1,888,8880000,8880100,149,248,8890000,11894
1,889,8890000,8890100,149,248,8900000,11906
1,89,890000,890100,149,248,900000,1186
1,890,8900000,8900100,149,248,8910000,11919
1,891,8910000,8910100,149,248,8920000,11931
1,892,8920000,8920100,149,248,8930000,11949
1,893,8930000,8930100,149,248,8940000,11959
1,894,8940000,8940100,149,248,8950000,11971
1,895,8950000,8950100,149,248,8960000,11984
1,896,8960000,8960100,149,248,8970000,12003
1,897,8970000,8970100,149,248,8980000,12014
1,898,8980000,8980100,149,248,8990000,12026
1,899,8990000,8990100,149,248,9000000,12036
1,9,90000,90100,149,248,100000,118
1,90,900000,900100,149,248,910000,1203
1,900,9000000,9000100,149,248,9010000,12056
1,901,9010000,9010100,149,248,9020000,12066
1,902,9020000,9020100,149,248,9030000,12079
1,903,9030000,9030100,149,248,9040000,12091
1,904,9040000,9040100,149,248,9050000,12110
1,905,9050000,9050100,149,248,9060000,12121
1,906,9060000,9060100,149,248,9070000,12133
1,907,9070000,9070100,149,248,9080000,12146
1,908,9080000,9080100,149,248,9090000,12161
1,909,9090000,9090100,149,248,9100000,12173
1,91,910000,910100,149,248,920000,1215
1,910,9100000,9100100,149,248,9110000,12188
1,911,9110000,9110100,149,248,9120000,12198
1,912,9120000,9120100,149,248,9130000,12216
1,913,9130000,9130100,149,248,9140000,12228
1,914,9140000,9140100,149,248,9150000,12240
1,915,9150000,9150100,149,248,9160000,12253
1,916,9160000,9160100,149,248,9170000,12268
1,917,9170000,9170100,149,248,9180000,12281
1,918,9180000,9180100,149,248,9190000,12295
1,919,9190000,9190100,149,248,9200000,12305
1,92,920000,920100,149,248,930000,1231
1,920,9200000,9200100,149,248,9210000,12323
1,921,9210000,9210100,149,248,9220000,12333
1,922,9220000,9220100,149,248,9230000,12350
1,923,9230000,9230100,149,248,9240000,12360
1,924,9240000,9240100,149,248,9250000,12377
1,925,9250000,9250100,149,248,9260000,12388
1,926,9260000,9260100,149,248,9270000,12400
1,927,9270000,9270100,149,248,9280000,12413
1,928,9280000,9280100,149,248,9290000,12430
1,929,9290000,9290100,149,248,9300000,12440
1,93,930000,930100,149,248,940000,1241
1,930,9300000,9300100,149,248,9310000,12455
1,931,9310000,9310100,149,248,9320000,12469
1,932,9320000,9320100,149,248,9330000,12485
1,933,9330000,9330100,149,248,9340000,12495
1,934,9340000,9340100,149,248,9350000,12507
1,935,9350000,9350100,149,248,9360000,12518
1,936,9360000,9360100,149,248,9370000,12537
1,937,9370000,9370100,149,248,9380000,12550
1,938,9380000,9380100,149,248,9390000,12564
1,939,9390000,9390100,149,248,9400000,12574
1,94,940000,940100,149,248,950000,1255
1,940,9400000,9400100,149,248,9410000,12592
1,941,9410000,9410100,149,248,9420000,12602
1,942,9420000,9420100,149,248,9430000,12615
1,943,9430000,9430100,149,248,9440000,12625
1,944,9440000,9440100,149,248,9450000,12642
1,945,9450000,9450100,149,248,9460000,12659
1,946,9460000,9460100,149,248,9470000,12671
1,947,9470000,9470100,149,248,9480000,12682
1,948,9480000,9480100,149,248,9490000,12697
1,949,9490000,9490100,149,248,9500000,12709
1,95,950000,950100,149,248,960000,1266
1,950,9500000,9500100,149,248,9510000,12722
1,951,9510000,9510100,149,248,9520000,12732
1,952,9520000,9520100,149,248,9530000,12754
1,953,9530000,9530100,149,248,9540000,12764
1,954,9540000,9540100,149,248,9550000,12778
1,955,9550000,9550100,149,248,9560000,12789
1,956,9560000,9560100,149,248,9570000,12804
1,957,9570000,9570100,149,248,9580000,12815
1,958,9580000,9580100,149,248,9590000,12829
1,959,9590000,9590100,149,248,9600000,12841
1,96,960000,960100,149,248,970000,1283
1,960,9600000,9600100,149,248,9610000,12861
1,961,9610000,9610100,149,248,9620000,12871
1,962,9620000,9620100,149,248,9630000,12884
1,963,9630000,9630100,149,248,9640000,12896
1,964,9640000,9640100,149,248,9650000,12911
1,965,9650000,9650100,149,248,9660000,12922
1,966,9660000,9660100,149,248,9670000,12936
1,967,9670000,9670100,149,248,9680000,12951
1,968,9680000,9680100,149,248,9690000,12968
1,969,9690000,9690100,149,248,9700000,12978
1,97,970000,970100,149,248,980000,1296
1,970,9700000,9700100,149,248,9710000,12991
1,971,9710000,9710100,149,248,9720000,13001
1,972,9720000,9720100,149,248,9730000,13019
1,973,9730000,9730100,149,248,9740000,13031
1,974,9740000,9740100,149,248,9750000,13043
1,975,9750000,9750100,149,248,9760000,13056
1,976,9760000,9760100,149,248,9770000,13075
1,977,9770000,9770100,149,248,9780000,13086
1,978,9780000,9780100,149,248,9790000,13098
1,979,9790000,9790100,149,248,9800000,13108
1,98,980000,980100,149,248,990000,1310
1,980,9800000,9800100,149,248,9810000,13126
1,981,9810000,9810100,149,248,9820000,13138
1,982,9820000,9820100,149,248,9830000,13153
1,983,9830000,9830100,149,248,9840000,13163
1,984,9840000,9840100,149,248,9850000,13180
1,985,9850000,9850100,149,248,9860000,13193
1,986,9860000,9860100,149,248,9870000,13205
1,987,9870000,9870100,149,248,9880000,13218
1,988,9880000,9880100,149,248,9890000,13233
1,989,9890000,9890100,149,248,9900000,13243
1,99,990000,990100,149,248,1000000,1322
1,990,9900000,9900100,149,248,9910000,13260
1,991,9910000,9910100,149,248,9920000,13270
1,992,9920000,9920100,149,248,9930000,13288
1,993,9930000,9930100,149,248,9940000,13298
1,994,9940000,9940100,149,248,9950000,13314
1,995,9950000,9950100,149,248,9960000,13325
1,996,9960000,9960100,149,248,9970000,13340
1,997,9970000,9970100,149,248,9980000,13353
1,998,9980000,9980100,149,248,9990000,13365
1,999,9990000,9990100,149,248,10000000,13377
10,0,0,100,3683,6137,20000,20
10,1,20000,20100,3683,6137,40000,43
10,10,200000,200100,3683,6137,220000,285
10,100,2000000,2000100,3683,6137,2020000,2696
10,1000,20000000,20000100,3683,6137,20020000,26810
10,1001,20020000,20020100,3683,6137,20040000,26839
10,1002,20040000,20040100,3683,6137,20060000,26865
10,1003,20060000,20060100,3683,6137,20080000,26890
10,1004,20080000,20080100,3683,6137,20100000,26919
10,1005,20100000,20100100,3683,6137,20120000,26946
10,1006,20120000,20120100,3683,6137,20140000,26972
10,1007,20140000,20140100,3683,6137,20160000,26995
10,1008,20160000,20160100,3683,6137,20180000,27029
10,1009,20180000,20180100,3683,6137,20200000,27051
10,101,2020000,2020100,3683,6137,2040000,2725
10,1010,20200000,20200100,3683,6137,20220000,27079
10,1011,20220000,20220100,3683,6137,20240000,27104
10,1012,20240000,20240100,3683,6137,20260000,27136
10,1013,20260000,20260100,3683,6137,20280000,27159
10,1014,20280000,20280100,3683,6137,20300000,27186
10,1015,20300000,20300100,3683,6137,20320000,27211
10,1016,20320000,20320100,3683,6137,20340000,27241
10,1017,20340000,20340100,3683,6137,20360000,27266
10,1018,20360000,20360100,3683,6137,20380000,27294
10,1019,20380000,20380100,3683,6137,20400000,27318
10,102,2040000,2040100,3683,6137,2060000,2751
10,1020,20400000,20400100,3683,6137,20420000,27348
10,1021,20420000,20420100,3683,6137,20440000,27373
10,1022,20440000,20440100,3683,6137,20460000,27401
10,1023,20460000,20460100,3683,6137,20480000,27428
10,1024,20480000,20480100,3683,6137,20500000,27455
10,1025,20500000,20500100,3683,6137,20520000,27480
10,1026,20520000,20520100,3683,6137,20540000,27508
10,1027,20540000,20540100,3683,6137,20560000,27533
10,1028,20560000,20560100,3683,6137,20580000,27563
10,1029,20580000,20580100,3683,6137,20600000,27587
10,103,2060000,2060100,3683,6137,2080000,2776
10,1030,20600000,20600100,3683,6137,20620000,27615
10,1031,20620000,20620100,3683,6137,20640000,27640
10,1032,20640000,20640100,3683,6137,20660000,27672
10,1033,20660000,20660100,3683,6137,20680000,27695
10,1034,20680000,20680100,3683,6137,20700000,27720
10,1035,20700000,20700100,3683,6137,20720000,27747
10,1036,20720000,20720100,3683,6137,20740000,27777
10,1037,20740000,20740100,3683,6137,20760000,27802
10,1038,20760000,20760100,3683,6137,20780000,27830
10,1039,20780000,20780100,3683,6137,20800000,27856
10,104,2080000,2080100,3683,6137,2100000,2803
10,1040,20800000,20800100,3683,6137,20820000,27884
10,1041,20820000,20820100,3683,6137,20840000,27909
10,1042,20840000,20840100,3683,6137,20860000,27937
10,1043,20860000,20860100,3683,6137,20880000,27962
10,1044,20880000,20880100,3683,6137,20900000,27991
10,1045,20900000,20900100,3683,6137,20920000,28014
10,1046,20920000,20920100,3683,6137,20940000,28046
10,1047,20940000,20940100,3683,6137,20960000,28069
10,1048,20960000,20960100,3683,6137,20980000,28099
10,1049,20980000,20980100,3683,6137,21000000,28121
10,105,2100000,2100100,3683,6137,2120000,2832
10,1050,21000000,21000100,3683,6137,21020000,28153
10,1051,21020000,21020100,3683,6137,21040000,28176
10,1052,21040000,21040100,3683,6137,21060000,28204
10,1053,21060000,21060100,3683,6137,21080000,28233
10,1054,21080000,21080100,3683,6137,21100000,28258
10,1055,21100000,21100100,3683,6137,21120000,28283
10,1056,21120000,21120100,3683,6137,21140000,28311
10,1057,21140000,21140100,3683,6137,21160000,28340
10,1058,21160000,21160100,3683,6137,21180000,28366
10,1059,21180000,21180100,3683,6137,21200000,28390
10,106,2120000,2120100,3683,6137,2140000,2858
10,1060,21200000,21200100,3683,6137,21220000,28420
10,1061,21220000,21220100,3683,6137,21240000,28445
10,1062,21240000,21240100,3683,6137,21260000,28473
10,1063,21260000,21260100,3683,6137,21280000,28496
10,1064,21280000,21280100,3683,6137,21300000,28527
10,1065,21300000,21300100,3683,6137,21320000,28552
10,1066,21320000,21320100,3683,6137,21340000,28580
10,1067,21340000,21340100,3683,6137,21360000,28605
10,1068,21360000,21360100,3683,6137,21380000,28637
10,1069,21380000,21380100,3683,6137,21400000,28659
10,107,2140000,2140100,3683,6137,2160000,2881
10,1070,21400000,21400100,3683,6137,21420000,28685
10,1071,21420000,21420100,3683,6137,21440000,28712
10,1072,21440000,21440100,3683,6137,21460000,28742
10,1073,21460000,21460100,3683,6137,21480000,28767
10,1074,21480000,21480100,3683,6137,21500000,28794
10,1075,21500000,21500100,3683,6137,21520000,28819
10,1076,21520000,21520100,3683,6137,21540000,28849
10,1077,21540000,21540100,3683,6137,21560000,28874
10,1078,21560000,21560100,3683,6137,21580000,28902
10,1079,21580000,21580100,3683,6137,21600000,28924
10,108,2160000,2160100,3683,6137,2180000,2915
10,1080,21600000,21600100,3683,6137,21620000,28956
10,1081,21620000,21620100,3683,6137,21640000,28981
10,1082,21640000,21640100,3683,6137,21660000,29009
10,1083,21660000,21660100,3683,6137,21680000,29034
10,1084,21680000,21680100,3683,6137,21700000,29063
10,1085,21700000,21700100,3683,6137,21720000,29088
10,1086,21720000,21720100,3683,6137,21740000,29116
10,1087,21740000,21740100,3683,6137,21760000,29141
10,1088,21760000,21760100,3683,6137,21780000,29171
10,1089,21780000,21780100,3683,6137,21800000,29195
10,109,2180000,2180100,3683,6137,2200000,2937
10,1090,21800000,21800100,3683,6137,21820000,29221
10,1091,21820000,21820100,3683,6137,21840000,29248
10,1092,21840000,21840100,3683,6137,21860000,29278
10,1093,21860000,21860100,3683,6137,21880000,29303
10,1094,21880000,21880100,3683,6137,21900000,29328
10,1095,21900000,21900100,3683,6137,21920000,29357
10,1096,21920000,21920100,3683,6137,21940000,29385
10,1097,21940000,21940100,3683,6137,21960000,29408
10,1098,21960000,21960100,3683,6137,21980000,29438
10,1099,21980000,21980100,3683,6137,22000000,29462
10,11,220000,220100,3683,6137,240000,312
10,110,2200000,2200100,3683,6137,2220000,2965
10,1100,22000000,22000100,3683,6137,22020000,29492
10,1101,22020000,22020100,3683,6137,22040000,29515
10,1102,22040000,22040100,3683,6137,22060000,29547
10,1103,22060000,22060100,3683,6137,22080000,29570
10,1104,22080000,22080100,3683,6137,22100000,29599
10,1105,22100000,22100100,3683,6137,22120000,29622
10,1106,22120000,22120100,3683,6137,22140000,29652
10,1107,22140000,22140100,3683,6137,22160000,29677
10,1108,22160000,22160100,3683,6137,22180000,29705
10,1109,22180000,22180100,3683,6137,22200000,29731
10,111,2220000,2220100,3683,6137,2240000,2988
10,1110,22200000,22200100,3683,6137,22220000,29759
10,1111,22220000,22220100,3683,6137,22240000,29784
10,1112,22240000,22240100,3683,6137,22260000,29812
10,1113,22260000,22260100,3683,6137,22280000,29841
10,1114,22280000,22280100,3683,6137,22300000,29866
10,1115,22300000,22300100,3683,6137,22320000,29889
10,1116,22320000,22320100,3683,6137,22340000,29921
10,1117,22340000,22340100,3683,6137,22360000,29946
10,1118,22360000,22360100,3683,6137,22380000,29974
10,1119,22380000,22380100,3683,6137,22400000,29996
10,112,2240000,2240100,3683,6137,2260000,3022
10,1120,22400000,22400100,3683,6137,22420000,30028
10,1121,22420000,22420100,3683,6137,22440000,30053
10,1122,22440000,22440100,3683,6137,22460000,30081
10,1123,22460000,22460100,3683,6137,22480000,30106
10,1124,22480000,22480100,3683,6137,22500000,30133
10,1125,22500000,22500100,3683,6137,22520000,30160
10,1126,22520000,22520100,3683,6137,22540000,30186
10,1127,22540000,22540100,3683,6137,22560000,30213
10,1128,22560000,22560100,3683,6137,22580000,30243
10,1129,22580000,22580100,3683,6137,22600000,30267
10,113,2260000,2260100,3683,6137,2280000,3045
10,1130,22600000,22600100,3683,6137,22620000,30295
10,1131,22620000,22620100,3683,6137,22640000,30320
10,1132,22640000,22640100,3683,6137,22660000,30350
10,1133,22660000,22660100,3683,6137,22680000,30373
10,1134,22680000,22680100,3683,6137,22700000,30402
10,1135,22700000,22700100,3683,6137,22720000,30425
10,1136,22720000,22720100,3683,6137,22740000,30457
10,1137,22740000,22740100,3683,6137,22760000,30482
10,1138,22760000,22760100,3683,6137,22780000,30510
10,1139,22780000,22780100,3683,6137,22800000,30532
10,114,2280000,2280100,3683,6137,2300000,3072
10,1140,22800000,22800100,3683,6137,22820000,30564
10,1141,22820000,22820100,3683,6137,22840000,30589
10,1142,22840000,22840100,3683,6137,22860000,30615
10,1143,22860000,22860100,3683,6137,22880000,30642
10,1144,22880000,22880100,3683,6137,22900000,30671
10,1145,22900000,22900100,3683,6137,22920000,30696
10,1146,22920000,22920100,3683,6137,22940000,30722
10,1147,22940000,22940100,3683,6137,22960000,30749
10,1148,22960000,22960100,3683,6137,22980000,30779
10,1149,22980000,22980100,3683,6137,23000000,30803
10,115,2300000,2300100,3683,6137,2320000,3097
10,1150,23000000,23000100,3683,6137,23020000,30829
10,1151,23020000,23020100,3683,6137,23040000,30856
10,1152,23040000,23040100,3683,6137,23060000,30886
10,1153,23060000,23060100,3683,6137,23080000,30909
10,1154,23080000,23080100,3683,6137,23100000,30936
10,1155,23100000,23100100,3683,6137,23120000,30963
10,1156,23120000,23120100,3683,6137,23140000,30993
10,1157,23140000,23140100,3683,6137,23160000,31016
10,1158,23160000,23160100,3683,6137,23180000,31048
10,1159,23180000,23180100,3683,6137,23200000,31070
10,116,2320000,2320100,3683,6137,2340000,3127
10,1160,23200000,23200100,3683,6137,23220000,31098
10,1161,23220000,23220100,3683,6137,23240000,31123
10,1162,23240000,23240100,3683,6137,23260000,31153
10,1163,23260000,23260100,3683,6137,23280000,31178
10,1164,23280000,23280100,3683,6137,23300000,31205
10,1165,23300000,23300100,3683,6137,23320000,31232
10,1166,23320000,23320100,3683,6137,23340000,31260
10,1167,23340000,23340100,3683,6137,23360000,31285
10,1168,23360000,23360100,3683,6137,23380000,31313
10,1169,23380000,23380100,3683,6137,23400000,31337
10,117,2340000,2340100,3683,6137,2360000,3152
10,1170,23400000,23400100,3683,6137,23420000,31367
10,1171,23420000,23420100,3683,6137,23440000,31390
10,1172,23440000,23440100,3683,6137,23460000,31422
10,1173,23460000,23460100,3683,6137,23480000,31447
10,1174,23480000,23480100,3683,6137,23500000,31474
10,1175,23500000,23500100,3683,6137,23520000,31497
10,1176,23520000,23520100,3683,6137,23540000,31529
10,1177,23540000,23540100,3683,6137,23560000,31554
10,1178,23560000,23560100,3683,6137,23580000,31580
10,1179,23580000,23580100,3683,6137,23600000,31606
10,118,2360000,2360100,3683,6137,2380000,3178
10,1180,23600000,23600100,3683,6137,23620000,31634
10,1181,23620000,23620100,3683,6137,23640000,31661
10,1182,23640000,23640100,3683,6137,23660000,31687
10,1183,23660000,23660100,3683,6137,23680000,31714
10,1184,23680000,23680100,3683,6137,23700000,31741
10,1185,23700000,23700100,3683,6137,23720000,31768
10,1186,23720000,23720100,3683,6137,23740000,31796
10,1187,23740000,23740100,3683,6137,23760000,31819
10,1188,23760000,23760100,3683,6137,23780000,31851
10,1189,23780000,23780100,3683,6137,23800000,31873
10,119,2380000,2380100,3683,6137,2400000,3204
10,1190,23800000,23800100,3683,6137,23820000,31903
10,1191,23820000,23820100,3683,6137,23840000,31926
10,1192,23840000,23840100,3683,6137,23860000,31958
10,1193,23860000,23860100,3683,6137,23880000,31983
10,1194,23880000,23880100,3683,6137,23900000,32010
10,1195,23900000,23900100,3683,6137,23920000,32033
10,1196,23920000,23920100,3683,6137,23940000,32063
10,1197,23940000,23940100,3683,6137,23960000,32090
10,1198,23960000,23960100,3683,6137,23980000,32116
10,1199,23980000,23980100,3683,6137,24000000,32140
10,12,240000,240100,3683,6137,260000,340
10,120,2400000,2400100,3683,6137,2420000,3234
10,1200,24000000,24000100,3683,6137,24020000,32172
10,1201,24020000,24020100,3683,6137,24040000,32197
10,1202,24040000,24040100,3683,6137,24060000,32223
10,1203,24060000,24060100,3683,6137,24080000,32250
10,1204,24080000,24080100,3683,6137,24100000,32279
10,1205,24100000,24100100,3683,6137,24120000,32302
10,1206,24120000,24120100,3683,6137,24140000,32330
10,1207,24140000,24140100,3683,6137,24160000,32357
10,1208,24160000,24160100,3683,6137,24180000,32387
10,1209,24180000,24180100,3683,6137,24200000,32409
10,121,2420000,2420100,3683,6137,2440000,3259
10,1210,24200000,24200100,3683,6137,24220000,32437
10,1211,24220000,24220100,3683,6137,24240000,32464
10,1212,24240000,24240100,3683,6137,24260000,32494
10,1213,24260000,24260100,3683,6137,24280000,32517
10,1214,24280000,24280100,3683,6137,24300000,32544
10,1215,24300000,24300100,3683,6137,24320000,32571
10,1216,24320000,24320100,3683,6137,24340000,32599
10,1217,24340000,24340100,3683,6137,24360000,32624
10,1218,24360000,24360100,3683,6137,24380000,32654
10,1219,24380000,24380100,3683,6137,24400000,32678
10,122,2440000,2440100,3683,6137,2460000,3287
10,1220,24400000,24400100,3683,6137,24420000,32706
10,1221,24420000,24420100,3683,6137,24440000,32733
10,1222,24440000,24440100,3683,6137,24460000,32761
10,1223,24460000,24460100,3683,6137,24480000,32784
10,1224,24480000,24480100,3683,6137,24500000,32813
10,1225,24500000,24500100,3683,6137,24520000,32838
10,1226,24520000,24520100,3683,6137,24540000,32868
10,1227,24540000,24540100,3683,6137,24560000,32891
10,1228,24560000,24560100,3683,6137,24580000,32923
10,1229,24580000,24580100,3683,6137,24600000,32945
10,123,2460000,2460100,3683,6137,2480000,3314
10,1230,24600000,24600100,3683,6137,24620000,32975
10,1231,24620000,24620100,3683,6137,24640000,32998
10,1232,24640000,24640100,3683,6137,24660000,33028
10,1233,24660000,24660100,3683,6137,24680000,33055
10,1234,24680000,24680100,3683,6137,24700000,33080
10,1235,24700000,24700100,3683,6137,24720000,33107
10,1236,24720000,24720100,3683,6137,24740000,33135
10,1237,24740000,24740100,3683,6137,24760000,33162
10,1238,24760000,24760100,3683,6137,24780000,33188
10,1239,24780000,24780100,3683,6137,24800000,33214
10,124,2480000,2480100,3683,6137,2500000,3341
10,1240,24800000,24800100,3683,6137,24820000,33242
10,1241,24820000,24820100,3683,6137,24840000,33267
10,1242,24840000,24840100,3683,6137,24860000,33297
10,1243,24860000,24860100,3683,6137,24880000,33320
10,1244,24880000,24880100,3683,6137,24900000,33349
10,1245,24900000,24900100,3683,6137,24920000,33374
10,1246,24920000,24920100,3683,6137,24940000,33404
10,1247,24940000,24940100,3683,6137,24960000,33427
10,1248,24960000,24960100,3683,6137,24980000,33459
10,1249,24980000,24980100,3683,6137,25000000,33483
10,125,2500000,2500100,3683,6137,2520000,3364
10,1250,25000000,25000100,3683,6137,25020000,33509
10,1251,25020000,25020100,3683,6137,25040000,33534
10,1252,25040000,25040100,3683,6137,25060000,33564
10,1253,25060000,25060100,3683,6137,25080000,33591
10,1254,25080000,25080100,3683,6137,25100000,33616
10,1255,25100000,25100100,3683,6137,25120000,33641
10,1256,25120000,25120100,3683,6137,25140000,33673
10,1257,25140000,25140100,3683,6137,25160000,33698
10,1258,25160000,25160100,3683,6137,25180000,33724
10,1259,25180000,25180100,3683,6137,25200000,33746
10,126,2520000,2520100,3683,6137,2540000,3394
10,127,2540000,2540100,3683,6137,2560000,3419
10,128,2560000,2560100,3683,6137,2580000,3449
10,129,2580000,2580100,3683,6137,2600000,3473
10,13,260000,260100,3683,6137,280000,365
10,130,2600000,2600100,3683,6137,2620000,3501
10,131,2620000,2620100,3683,6137,2640000,3526
10,132,2640000,2640100,3683,6137,2660000,3556
10,133,2660000,2660100,3683,6137,2680000,3581
10,134,2680000,2680100,3683,6137,2700000,3606
10,135,2700000,2700100,3683,6137,2720000,3633
10,136,2720000,2720100,3683,6137,2740000,3663
10,137,2740000,2740100,3683,6137,2760000,3688
10,138,2760000,2760100,3683,6137,2780000,3716
10,139,2780000,2780100,3683,6137,2800000,3740
10,14,280000,280100,3683,6137,300000,392
10,140,2800000,2800100,3683,6137,2820000,3770
10,141,2820000,2820100,3683,6137,2840000,3795
10,142,2840000,2840100,3683,6137,2860000,3823
10,143,2860000,2860100,3683,6137,2880000,3848
10,144,2880000,2880100,3683,6137,2900000,3877
10,145,2900000,2900100,3683,6137,2920000,3900
10,146,2920000,2920100,3683,6137,2940000,3930
10,147,2940000,2940100,3683,6137,2960000,3955
10,148,2960000,2960100,3683,6137,2980000,3985
10,149,2980000,2980100,3683,6137,3000000,4007
10,15,300000,300100,3683,6137,320000,419
10,150,3000000,3000100,3683,6137,3020000,4039
10,151,3020000,3020100,3683,6137,3040000,4062
10,152,3040000,3040100,3683,6137,3060000,4090
10,153,3060000,3060100,3683,6137,3080000,4117
10,154,3080000,3080100,3683,6137,3100000,4144
10,155,3100000,3100100,3683,6137,3120000,4169
10,156,3120000,3120100,3683,6137,3140000,4197
10,157,3140000,3140100,3683,6137,3160000,4226
10,158,3160000,3160100,3683,6137,3180000,4252
10,159,3180000,3180100,3683,6137,3200000,4276
10,16,320000,320100,3683,6137,340000,447
10,160,3200000,3200100,3683,6137,3220000,4304
10,161,3220000,3220100,3683,6137,3240000,4331
10,162,3240000,3240100,3683,6137,3260000,4359
10,163,3260000,3260100,3683,6137,3280000,4382
10,164,3280000,3280100,3683,6137,3300000,4413
10,165,3300000,3300100,3683,6137,3320000,4438
10,166,3320000,3320100,3683,6137,3340000,4466
10,167,3340000,3340100,3683,6137,3360000,4489
10,168,3360000,3360100,3683,6137,3380000,4523
10,169,3380000,3380100,3683,6137,3400000,4545
10,17,340000,340100,3683,6137,360000,472
10,170,3400000,3400100,3683,6137,3420000,4571
10,171,3420000,3420100,3683,6137,3440000,4598
10,172,3440000,3440100,3683,6137,3460000,4628
10,173,3460000,3460100,3683,6137,3480000,4653
10,174,3480000,3480100,3683,6137,3500000,4678
10,175,3500000,3500100,3683,6137,3520000,4705
10,176,3520000,3520100,3683,6137,3540000,4735
10,177,3540000,3540100,3683,6137,3560000,4760
10,178,3560000,3560100,3683,6137,3580000,4788
10,179,3580000,3580100,3683,6137,3600000,4810
10,18,360000,360100,3683,6137,380000,502
10,180,3600000,3600100,3683,6137,3620000,4842
10,181,3620000,3620100,3683,6137,3640000,4865
10,182,3640000,3640100,3683,6137,3660000,4895
10,183,3660000,3660100,3683,6137,3680000,4920
10,184,3680000,3680100,3683,6137,3700000,4949
10,185,3700000,3700100,3683,6137,3720000,4974
10,186,3720000,3720100,3683,6137,3740000,5002
10,187,3740000,3740100,3683,6137,3760000,5027
10,188,3760000,3760100,3683,6137,3780000,5055
10,189,3780000,3780100,3683,6137,3800000,5081
10,19,380000,380100,3683,6137,400000,524
10,190,3800000,3800100,3683,6137,3820000,5107
10,191,3820000,3820100,3683,6137,3840000,5134
10,192,3840000,3840100,3683,6137,3860000,5164
10,193,3860000,3860100,3683,6137,3880000,5189
10,194,3880000,3880100,3683,6137,3900000,5214
10,195,3900000,3900100,3683,6137,3920000,5241
10,196,3920000,3920100,3683,6137,3940000,5271
10,197,3940000,3940100,3683,6137,3960000,5294
10,198,3960000,3960100,3683,6137,3980000,5324
10,199,3980000,3980100,3683,6137,4000000,5348
10,2,40000,40100,3683,6137,60000,71
10,20,400000,400100,3683,6137,420000,554
10,200,4000000,4000100,3683,6137,4020000,5378
10,201,4020000,4020100,3683,6137,4040000,5401
10,202,4040000,4040100,3683,6137,4060000,5431
10,203,4060000,4060100,3683,6137,4080000,5456
10,204,4080000,4080100,3683,6137,4100000,5485
10,205,4100000,4100100,3683,6137,4120000,5508
10,206,4120000,4120100,3683,6137,4140000,5538
10,207,4140000,4140100,3683,6137,4160000,5563
10,208,4160000,4160100,3683,6137,4180000,5591
10,209,4180000,4180100,3683,6137,4200000,5615
10,21,420000,420100,3683,6137,440000,579
10,210,4200000,4200100,3683,6137,4220000,5645
10,211,4220000,4220100,3683,6137,4240000,5670
10,212,4240000,4240100,3683,6137,4260000,5698
10,213,4260000,4260100,3683,6137,4280000,5727
10,214,4280000,4280100,3683,6137,4300000,5752
10,215,4300000,4300100,3683,6137,4320000,5775
10,216,4320000,4320100,3683,6137,4340000,5805
10,217,4340000,4340100,3683,6137,4360000,5832
10,218,4360000,4360100,3683,6137,4380000,5860
10,219,4380000,4380100,3683,6137,4400000,5882
10,22,440000,440100,3683,6137,460000,609
10,220,4400000,4400100,3683,6137,4420000,5914
10,221,4420000,4420100,3683,6137,4440000,5939
10,222,4440000,4440100,3683,6137,4460000,5967
10,223,4460000,4460100,3683,6137,4480000,5990
10,224,4480000,4480100,3683,6137,4500000,6019
10,225,4500000,4500100,3683,6137,4520000,6046
10,226,4520000,4520100,3683,6137,4540000,6072
10,227,4540000,4540100,3683,6137,4560000,6099
10,228,4560000,4560100,3683,6137,4580000,6129
10,229,4580000,4580100,3683,6137,4600000,6153
10,23,460000,460100,3683,6137,480000,632
10,230,4600000,4600100,3683,6137,4620000,6179
10,231,4620000,4620100,3683,6137,4640000,6206
10,232,4640000,4640100,3683,6137,4660000,6236
10,233,4660000,4660100,3683,6137,4680000,6259
10,234,4680000,4680100,3683,6137,4700000,6288
10,235,4700000,4700100,3683,6137,4720000,6311
10,236,4720000,4720100,3683,6137,4740000,6343
10,237,4740000,4740100,3683,6137,4760000,6366
10,238,4760000,4760100,3683,6137,4780000,6396
10,239,4780000,4780100,3683,6137,4800000,6418
10,24,480000,480100,3683,6137,500000,663
10,240,4800000,4800100,3683,6137,4820000,6450
10,241,4820000,4820100,3683,6137,4840000,6475
10,242,4840000,4840100,3683,6137,4860000,6501
10,243,4860000,4860100,3683,6137,4880000,6528
10,244,4880000,4880100,3683,6137,4900000,6555
10,245,4900000,4900100,3683,6137,4920000,6582
10,246,4920000,4920100,3683,6137,4940000,6608
10,247,4940000,4940100,3683,6137,4960000,6635
10,248,4960000,4960100,3683,6137,4980000,6665
10,249,4980000,4980100,3683,6137,5000000,6689
10,25,500000,500100,3683,6137,520000,686
10,250,5000000,5000100,3683,6137,5020000,6715
10,251,5020000,5020100,3683,6137,5040000,6740
10,252,5040000,5040100,3683,6137,5060000,6772
10,253,5060000,5060100,3683,6137,5080000,6795
10,254,5080000,5080100,3683,6137,5100000,6822
10,255,5100000,5100100,3683,6137,5120000,6849
10,256,5120000,5120100,3683,6137,5140000,6879
10,257,5140000,5140100,3683,6137,5160000,6902
10,258,5160000,5160100,3683,6137,5180000,6932
10,259,5180000,5180100,3683,6137,5200000,6956
10,26,520000,520100,3683,6137,540000,714
10,260,5200000,5200100,3683,6137,5220000,6984
10,261,5220000,5220100,3683,6137,5240000,7009
10,262,5240000,5240100,3683,6137,5260000,7039
10,263,5260000,5260100,3683,6137,5280000,7064
10,264,5280000,5280100,3683,6137,5300000,7091
10,265,5300000,5300100,3683,6137,5320000,7116
10,266,5320000,5320100,3683,6137,5340000,7146
10,267,5340000,5340100,3683,6137,5360000,7171
10,268,5360000,5360100,3683,6137,5380000,7199
10,269,5380000,5380100,3683,6137,5400000,7223
10,27,540000,540100,3683,6137,560000,739
10,270,5400000,5400100,3683,6137,5420000,7253
10,271,5420000,5420100,3683,6137,5440000,7276
10,272,5440000,5440100,3683,6137,5460000,7306
10,273,5460000,5460100,3683,6137,5480000,7333
10,274,5480000,5480100,3683,6137,5500000,7360
10,275,5500000,5500100,3683,6137,5520000,7383
10,276,5520000,5520100,3683,6137,5540000,7415
10,277,5540000,5540100,3683,6137,5560000,7440
10,278,5560000,5560100,3683,6137,5580000,7466
10,279,5580000,5580100,3683,6137,5600000,7490
10,28,560000,560100,3683,6137,580000,769
10,280,5600000,5600100,3683,6137,5620000,7520
10,281,5620000,5620100,3683,6137,5640000,7547
10,282,5640000,5640100,3683,6137,5660000,7573
10,283,5660000,5660100,3683,6137,5680000,7600
10,284,5680000,5680100,3683,6137,5700000,7627
10,285,5700000,5700100,3683,6137,5720000,7654
10,286,5720000,5720100,3683,6137,5740000,7680
10,287,5740000,5740100,3683,6137,5760000,7705
10,288,5760000,5760100,3683,6137,5780000,7737
10,289,5780000,5780100,3683,6137,5800000,7759
10,29,580000,580100,3683,6137,600000,793
10,290,5800000,5800100,3683,6137,5820000,7789
10,291,5820000,5820100,3683,6137,5840000,7812
10,292,5840000,5840100,3683,6137,5860000,7844
10,293,5860000,5860100,3683,6137,5880000,7867
10,294,5880000,5880100,3683,6137,5900000,7896
10,295,5900000,5900100,3683,6137,5920000,7919
10,296,5920000,5920100,3683,6137,5940000,7949
10,297,5940000,5940100,3683,6137,5960000,7976
10,298,5960000,5960100,3683,6137,5980000,8002
10,299,5980000,5980100,3683,6137,6000000,8026
10,3,60000,60100,3683,6137,80000,98
10,30,600000,600100,3683,6137,620000,821
10,300,6000000,6000100,3683,6137,6020000,8056
10,301,6020000,6020100,3683,6137,6040000,8083
10,302,6040000,6040100,3683,6137,6060000,8109
10,303,6060000,6060100,3683,6137,6080000,8136
10,304,6080000,6080100,3683,6137,6100000,8165
10,305,6100000,6100100,3683,6137,6120000,8188
10,306,6120000,6120100,3683,6137,6140000,8216
10,307,6140000,6140100,3683,6137,6160000,8241
10,308,6160000,6160100,3683,6137,6180000,8273
10,309,6180000,6180100,3683,6137,6200000,8295
10,31,620000,620100,3683,6137,640000,848
10,310,6200000,6200100,3683,6137,6220000,8323
10,311,6220000,6220100,3683,6137,6240000,8350
10,312,6240000,6240100,3683,6137,6260000,8380
10,313,6260000,6260100,3683,6137,6280000,8403
10,314,6280000,6280100,3683,6137,6300000,8428
10,315,6300000,6300100,3683,6137,6320000,8457
10,316,6320000,6320100,3683,6137,6340000,8485
10,317,6340000,6340100,3683,6137,6360000,8510
10,318,6360000,6360100,3683,6137,6380000,8540
10,319,6380000,6380100,3683,6137,6400000,8564
10,32,640000,640100,3683,6137,660000,876
10,320,6400000,6400100,3683,6137,6420000,8592
10,321,6420000,6420100,3683,6137,6440000,8617
10,322,6440000,6440100,3683,6137,6460000,8647
10,323,6460000,6460100,3683,6137,6480000,8670
10,324,6480000,6480100,3683,6137,6500000,8699
10,325,6500000,6500100,3683,6137,6520000,8724
10,326,6520000,6520100,3683,6137,6540000,8754
10,327,6540000,6540100,3683,6137,6560000,8777
10,328,6560000,6560100,3683,6137,6580000,8807
10,329,6580000,6580100,3683,6137,6600000,8831
10,33,660000,660100,3683,6137,680000,903
10,330,6600000,6600100,3683,6137,6620000,8861
10,331,6620000,6620100,3683,6137,6640000,8884
10,332,6640000,6640100,3683,6137,6660000,8914
10,333,6660000,6660100,3683,6137,6680000,8941
10,334,6680000,6680100,3683,6137,6700000,8966
10,335,6700000,6700100,3683,6137,6720000,8991
10,336,6720000,6720100,3683,6137,6740000,9021
10,337,6740000,6740100,3683,6137,6760000,9048
10,338,6760000,6760100,3683,6137,6780000,9074
10,339,6780000,6780100,3683,6137,6800000,9100
10,34,680000,680100,3683,6137,700000,928
10,340,6800000,6800100,3683,6137,6820000,9128
10,341,6820000,6820100,3683,6137,6840000,9153
10,342,6840000,6840100,3683,6137,6860000,9181
10,343,6860000,6860100,3683,6137,6880000,9206
10,344,6880000,6880100,3683,6137,6900000,9235
10,345,6900000,6900100,3683,6137,6920000,9260
10,346,6920000,6920100,3683,6137,6940000,9290
10,347,6940000,6940100,3683,6137,6960000,9313
10,348,6960000,6960100,3683,6137,6980000,9345
10,349,6980000,6980100,3683,6137,7000000,9367
10,35,700000,700100,3683,6137,720000,953
10,350,7000000,7000100,3683,6137,7020000,9395
10,351,7020000,7020100,3683,6137,7040000,9420
10,352,7040000,7040100,3683,6137,7060000,9450
10,353,7060000,7060100,3683,6137,7080000,9477
10,354,7080000,7080100,3683,6137,7100000,9502
10,355,7100000,7100100,3683,6137,7120000,9527
10,356,7120000,7120100,3683,6137,7140000,9557
10,357,7140000,7140100,3683,6137,7160000,9584
10,358,7160000,7160100,3683,6137,7180000,9610
10,359,7180000,7180100,3683,6137,7200000,9632
10,36,720000,720100,3683,6137,740000,983
10,360,7200000,7200100,3683,6137,7220000,9666
10,361,7220000,7220100,3683,6137,7240000,9689
10,362,7240000,7240100,3683,6137,7260000,9717
10,363,7260000,7260100,3683,6137,7280000,9742
10,364,7280000,7280100,3683,6137,7300000,9773
10,365,7300000,7300100,3683,6137,7320000,9796
10,366,7320000,7320100,3683,6137,7340000,9824
10,367,7340000,7340100,3683,6137,7360000,9851
10,368,7360000,7360100,3683,6137,7380000,9879
10,369,7380000,7380100,3683,6137,7400000,9903
10,37,740000,740100,3683,6137,760000,1008
10,370,7400000,7400100,3683,6137,7420000,9929
10,371,7420000,7420100,3683,6137,7440000,9958
10,372,7440000,7440100,3683,6137,7460000,9986
10,373,7460000,7460100,3683,6137,7480000,10011
10,374,7480000,7480100,3683,6137,7500000,10038
10,375,7500000,7500100,3683,6137,7520000,10065
10,376,7520000,7520100,3683,6137,7540000,10093
10,377,7540000,7540100,3683,6137,7560000,10116
10,378,7560000,7560100,3683,6137,7580000,10148
10,379,7580000,7580100,3683,6137,7600000,10170
10,38,760000,760100,3683,6137,780000,1038
10,380,7600000,7600100,3683,6137,7620000,10200
10,381,7620000,7620100,3683,6137,7640000,10225
10,382,7640000,7640100,3683,6137,7660000,10255
10,383,7660000,7660100,3683,6137,7680000,10278
10,384,7680000,7680100,3683,6137,7700000,10307
10,385,7700000,7700100,3683,6137,7720000,10332
10,386,7720000,7720100,3683,6137,7740000,10360
10,387,7740000,7740100,3683,6137,7760000,10385
10,388,7760000,7760100,3683,6137,7780000,10415
10,389,7780000,7780100,3683,6137,7800000,10439
10,39,780000,780100,3683,6137,800000,1060
10,390,7800000,7800100,3683,6137,7820000,10467
10,391,7820000,7820100,3683,6137,7840000,10492
10,392,7840000,7840100,3683,6137,7860000,10522
10,393,7860000,7860100,3683,6137,7880000,10549
10,394,7880000,7880100,3683,6137,7900000,10574
10,395,7900000,7900100,3683,6137,7920000,10599
10,396,7920000,7920100,3683,6137,7940000,10629
10,397,7940000,7940100,3683,6137,7960000,10654
10,398,7960000,7960100,3683,6137,7980000,10682
10,399,7980000,7980100,3683,6137,8000000,10706
10,4,80000,80100,3683,6137,100000,127
10,40,800000,800100,3683,6137,820000,1090
10,400,8000000,8000100,3683,6137,8020000,10736
10,401,8020000,8020100,3683,6137,8040000,10761
10,402,8040000,8040100,3683,6137,8060000,10791
10,403,8060000,8060100,3683,6137,8080000,10814
10,404,8080000,8080100,3683,6137,8100000,10841
10,405,8100000,8100100,3683,6137,8120000,10868
10,406,8120000,8120100,3683,6137,8140000,10896
10,407,8140000,8140100,3683,6137,8160000,10921
10,408,8160000,8160100,3683,6137,8180000,10951
10,409,8180000,8180100,3683,6137,8200000,10977
10,41,820000,820100,3683,6137,840000,1115
10,410,8200000,8200100,3683,6137,8220000,11003
10,411,8220000,8220100,3683,6137,8240000,11028
10,412,8240000,8240100,3683,6137,8260000,11058
10,413,8260000,8260100,3683,6137,8280000,11083
10,414,8280000,8280100,3683,6137,8300000,11110
10,415,8300000,8300100,3683,6137,8320000,11133
10,416,8320000,8320100,3683,6137,8340000,11167
10,417,8340000,8340100,3683,6137,8360000,11190
10,418,8360000,8360100,3683,6137,8380000,11218
10,419,8380000,8380100,3683,6137,8400000,11240
10,42,840000,840100,3683,6137,860000,1145
10,420,8400000,8400100,3683,6137,8420000,11274
10,421,8420000,8420100,3683,6137,8440000,11297
10,422,8440000,8440100,3683,6137,8460000,11323
10,423,8460000,8460100,3683,6137,8480000,11352
10,424,8480000,8480100,3683,6137,8500000,11379
10,425,8500000,8500100,3683,6137,8520000,11404
10,426,8520000,8520100,3683,6137,8540000,11430
10,427,8540000,8540100,3683,6137,8560000,11459
10,428,8560000,8560100,3683,6137,8580000,11487
10,429,8580000,8580100,3683,6137,8600000,11511
10,43,860000,860100,3683,6137,880000,1168
10,430,8600000,8600100,3683,6137,8620000,11539
10,431,8620000,8620100,3683,6137,8640000,11564
10,432,8640000,8640100,3683,6137,8660000,11594
10,433,8660000,8660100,3683,6137,8680000,11617
10,434,8680000,8680100,3683,6137,8700000,11646
10,435,8700000,8700100,3683,6137,8720000,11671
10,436,8720000,8720100,3683,6137,8740000,11701
10,437,8740000,8740100,3683,6137,8760000,11726
10,438,8760000,8760100,3683,6137,8780000,11756
10,439,8780000,8780100,3683,6137,8800000,11778
10,44,880000,880100,3683,6137,900000,1195
10,440,8800000,8800100,3683,6137,8820000,11806
10,441,8820000,8820100,3683,6137,8840000,11833
10,442,8840000,8840100,3683,6137,8860000,11861
10,443,8860000,8860100,3683,6137,8880000,11886
10,444,8880000,8880100,3683,6137,8900000,11915
10,445,8900000,8900100,3683,6137,8920000,11940
10,446,8920000,8920100,3683,6137,8940000,11968
10,447,8940000,8940100,3683,6137,8960000,11993
10,448,8960000,8960100,3683,6137,8980000,12023
10,449,8980000,8980100,3683,6137,9000000,12045
10,45,900000,900100,3683,6137,920000,1224
10,450,9000000,9000100,3683,6137,9020000,12075
10,451,9020000,9020100,3683,6137,9040000,12100
10,452,9040000,9040100,3683,6137,9060000,12130
10,453,9060000,9060100,3683,6137,9080000,12155
10,454,9080000,9080100,3683,6137,9100000,12182
10,455,9100000,9100100,3683,6137,9120000,12207
10,456,9120000,9120100,3683,6137,9140000,12237
10,457,9140000,9140100,3683,6137,9160000,12262
10,458,9160000,9160100,3683,6137,9180000,12290
10,459,9180000,9180100,3683,6137,9200000,12314
10,46,920000,920100,3683,6137,940000,1250
10,460,9200000,9200100,3683,6137,9220000,12342
10,461,9220000,9220100,3683,6137,9240000,12369
10,462,9240000,9240100,3683,6137,9260000,12397
10,463,9260000,9260100,3683,6137,9280000,12422
10,464,9280000,9280100,3683,6137,9300000,12449
10,465,9300000,9300100,3683,6137,9320000,12478
10,466,9320000,9320100,3683,6137,9340000,12504
10,467,9340000,9340100,3683,6137,9360000,12527
10,468,9360000,9360100,3683,6137,9380000,12559
10,469,9380000,9380100,3683,6137,9400000,12583
10,47,940000,940100,3683,6137,960000,1275
10,470,9400000,9400100,3683,6137,9420000,12611
10,471,9420000,9420100,3683,6137,9440000,12634
10,472,9440000,9440100,3683,6137,9460000,12668
10,473,9460000,9460100,3683,6137,9480000,12691
10,474,9480000,9480100,3683,6137,9500000,12718
10,475,9500000,9500100,3683,6137,9520000,12741
10,476,9520000,9520100,3683,6137,9540000,12773
10,477,9540000,9540100,3683,6137,9560000,12798
10,478,9560000,9560100,3683,6137,9580000,12824
10,479,9580000,9580100,3683,6137,9600000,12850
10,48,960000,960100,3683,6137,980000,1305
10,480,9600000,9600100,3683,6137,9620000,12880
10,481,9620000,9620100,3683,6137,9640000,12905
10,482,9640000,9640100,3683,6137,9660000,12931
10,483,9660000,9660100,3683,6137,9680000,12960
10,484,9680000,9680100,3683,6137,9700000,12987
10,485,9700000,9700100,3683,6137,9720000,13010
10,486,9720000,9720100,3683,6137,9740000,13040
10,487,9740000,9740100,3683,6137,9760000,13065
10,488,9760000,9760100,3683,6137,9780000,13095
10,489,9780000,9780100,3683,6137,9800000,13117
10,49,980000,980100,3683,6137,1000000,1331
10,490,9800000,9800100,3683,6137,9820000,13147
10,491,9820000,9820100,3683,6137,9840000,13172
10,492,9840000,9840100,3683,6137,9860000,13202
10,493,9860000,9860100,3683,6137,9880000,13227
10,494,9880000,9880100,3683,6137,9900000,13252
10,495,9900000,9900100,3683,6137,9920000,13279
10,496,9920000,9920100,3683,6137,9940000,13307
10,497,9940000,9940100,3683,6137,9960000,13334
10,498,9960000,9960100,3683,6137,9980000,13362
10,499,9980000,9980100,3683,6137,10000000,13386
10,5,100000,100100,3683,6137,120000,150
10,50,1000000,1000100,3683,6137,1020000,1357
10,500,10000000,10000100,3683,6137,10020000,13416
10,501,10020000,10020100,3683,6137,10040000,13441
10,502,10040000,10040100,3683,6137,10060000,13469
10,503,10060000,10060100,3683,6137,10080000,13492
10,504,10080000,10080100,3683,6137,10100000,13523
10,505,10100000,10100100,3683,6137,10120000,13546
10,506,10120000,10120100,3683,6137,10140000,13576
10,507,10140000,10140100,3683,6137,10160000,13601
10,508,10160000,10160100,3683,6137,10180000,13631
10,509,10180000,10180100,3683,6137,10200000,13653
10,51,1020000,1020100,3683,6137,1040000,1382
10,510,10200000,10200100,3683,6137,10220000,13683
10,511,10220000,10220100,3683,6137,10240000,13708
10,512,10240000,10240100,3683,6137,10260000,13736
10,513,10260000,10260100,3683,6137,10280000,13763
10,514,10280000,10280100,3683,6137,10300000,13790
10,515,10300000,10300100,3683,6137,10320000,13815
10,516,10320000,10320100,3683,6137,10340000,13843
10,517,10340000,10340100,3683,6137,10360000,13870
10,518,10360000,10360100,3683,6137,10380000,13898
10,519,10380000,10380100,3683,6137,10400000,13922
10,52,1040000,1040100,3683,6137,1060000,1414
10,520,10400000,10400100,3683,6137,10420000,13950
10,521,10420000,10420100,3683,6137,10440000,13977
10,522,10440000,10440100,3683,6137,10460000,14005
10,523,10460000,10460100,3683,6137,10480000,14028
10,524,10480000,10480100,3683,6137,10500000,14057
10,525,10500000,10500100,3683,6137,10520000,14084
10,526,10520000,10520100,3683,6137,10540000,14112
10,527,10540000,10540100,3683,6137,10560000,14135
10,528,10560000,10560100,3683,6137,10580000,14169
10,529,10580000,10580100,3683,6137,10600000,14191
10,53,1060000,1060100,3683,6137,1080000,1437
10,530,10600000,10600100,3683,6137,10620000,14217
10,531,10620000,10620100,3683,6137,10640000,14242
10,532,10640000,10640100,3683,6137,10660000,14274
10,533,10660000,10660100,3683,6137,10680000,14299
10,534,10680000,10680100,3683,6137,10700000,14324
10,535,10700000,10700100,3683,6137,10720000,14351
10,536,10720000,10720100,3683,6137,10740000,14381
10,537,10740000,10740100,3683,6137,10760000,14406
10,538,10760000,10760100,3683,6137,10780000,14432
10,539,10780000,10780100,3683,6137,10800000,14456
10,54,1080000,1080100,3683,6137,1100000,1464
10,540,10800000,10800100,3683,6137,10820000,14488
10,541,10820000,10820100,3683,6137,10840000,14511
10,542,10840000,10840100,3683,6137,10860000,14541
10,543,10860000,10860100,3683,6137,10880000,14566
10,544,10880000,10880100,3683,6137,10900000,14595
10,545,10900000,10900100,3683,6137,10920000,14618
10,546,10920000,10920100,3683,6137,10940000,14648
10,547,10940000,10940100,3683,6137,10960000,14673
10,548,10960000,10960100,3683,6137,10980000,14701
10,549,10980000,10980100,3683,6137,11000000,14727
10,55,1100000,1100100,3683,6137,1120000,1487
10,550,11000000,11000100,3683,6137,11020000,14753
10,551,11020000,11020100,3683,6137,11040000,14780
10,552,11040000,11040100,3683,6137,11060000,14808
10,553,11060000,11060100,3683,6137,11080000,14835
10,554,11080000,11080100,3683,6137,11100000,14860
10,555,11100000,11100100,3683,6137,11120000,14887
10,556,11120000,11120100,3683,6137,11140000,14917
10,557,11140000,11140100,3683,6137,11160000,14940
10,558,11160000,11160100,3683,6137,11180000,14970
10,559,11180000,11180100,3683,6137,11200000,14992
10,56,1120000,1120100,3683,6137,1140000,1521
10,560,11200000,11200100,3683,6137,11220000,15024
10,561,11220000,11220100,3683,6137,11240000,15047
10,562,11240000,11240100,3683,6137,11260000,15077
10,563,11260000,11260100,3683,6137,11280000,15102
10,564,11280000,11280100,3683,6137,11300000,15131
10,565,11300000,11300100,3683,6137,11320000,15154
10,566,11320000,11320100,3683,6137,11340000,15182
10,567,11340000,11340100,3683,6137,11360000,15209
10,568,11360000,11360100,3683,6137,11380000,15237
10,569,11380000,11380100,3683,6137,11400000,15261
10,57,1140000,1140100,3683,6137,1160000,1544
10,570,11400000,11400100,3683,6137,11420000,15291
10,571,11420000,11420100,3683,6137,11440000,15316
10,572,11440000,11440100,3683,6137,11460000,15344
10,573,11460000,11460100,3683,6137,11480000,15371
10,574,11480000,11480100,3683,6137,11500000,15398
10,575,11500000,11500100,3683,6137,11520000,15421
10,576,11520000,11520100,3683,6137,11540000,15451
10,577,11540000,11540100,3683,6137,11560000,15478
10,578,11560000,11560100,3683,6137,11580000,15506
10,579,11580000,11580100,3683,6137,11600000,15528
10,58,1160000,1160100,3683,6137,1180000,1572
10,580,11600000,11600100,3683,6137,11620000,15558
10,581,11620000,11620100,3683,6137,11640000,15585
10,582,11640000,11640100,3683,6137,11660000,15613
10,583,11660000,11660100,3683,6137,11680000,15636
10,584,11680000,11680100,3683,6137,11700000,15665
10,585,11700000,11700100,3683,6137,11720000,15692
10,586,11720000,11720100,3683,6137,11740000,15718
10,587,11740000,11740100,3683,6137,11760000,15743
10,588,11760000,11760100,3683,6137,11780000,15775
10,589,11780000,11780100,3683,6137,11800000,15799
10,59,1180000,1180100,3683,6137,1200000,1596
10,590,11800000,11800100,3683,6137,11820000,15825
10,591,11820000,11820100,3683,6137,11840000,15852
10,592,11840000,11840100,3683,6137,11860000,15882
10,593,11860000,11860100,3683,6137,11880000,15905
10,594,11880000,11880100,3683,6137,11900000,15932
10,595,11900000,11900100,3683,6137,11920000,15957
10,596,11920000,11920100,3683,6137,11940000,15989
10,597,11940000,11940100,3683,6137,11960000,16012
10,598,11960000,11960100,3683,6137,11980000,16042
10,599,11980000,11980100,3683,6137,12000000,16064
10,6,120000,120100,3683,6137,140000,178
10,60,1200000,1200100,3683,6137,1220000,1628
10,600,12000000,12000100,3683,6137,12020000,16096
10,601,12020000,12020100,3683,6137,12040000,16119
10,602,12040000,12040100,3683,6137,12060000,16147
10,603,12060000,12060100,3683,6137,12080000,16174
10,604,12080000,12080100,3683,6137,12100000,16201
10,605,12100000,12100100,3683,6137,12120000,16228
10,606,12120000,12120100,3683,6137,12140000,16254
10,607,12140000,12140100,3683,6137,12160000,16281
10,608,12160000,12160100,3683,6137,12180000,16309
10,609,12180000,12180100,3683,6137,12200000,16335
10,61,1220000,1220100,3683,6137,1240000,1651
10,610,12200000,12200100,3683,6137,12220000,16361
10,611,12220000,12220100,3683,6137,12240000,16386
10,612,12240000,12240100,3683,6137,12260000,16418
10,613,12260000,12260100,3683,6137,12280000,16441
10,614,12280000,12280100,3683,6137,12300000,16468
10,615,12300000,12300100,3683,6137,12320000,16493
10,616,12320000,12320100,3683,6137,12340000,16525
10,617,12340000,12340100,3683,6137,12360000,16548
10,618,12360000,12360100,3683,6137,12380000,16578
10,619,12380000,12380100,3683,6137,12400000,16602
10,62,1240000,1240100,3683,6137,1260000,1677
10,620,12400000,12400100,3683,6137,12420000,16630
10,621,12420000,12420100,3683,6137,12440000,16655
10,622,12440000,12440100,3683,6137,12460000,16683
10,623,12460000,12460100,3683,6137,12480000,16710
10,624,12480000,12480100,3683,6137,12500000,16737
10,625,12500000,12500100,3683,6137,12520000,16762
10,626,12520000,12520100,3683,6137,12540000,16792
10,627,12540000,12540100,3683,6137,12560000,16817
10,628,12560000,12560100,3683,6137,12580000,16845
10,629,12580000,12580100,3683,6137,12600000,16867
10,63,1260000,1260100,3683,6137,1280000,1706
10,630,12600000,12600100,3683,6137,12620000,16899
10,631,12620000,12620100,3683,6137,12640000,16922
10,632,12640000,12640100,3683,6137,12660000,16952
10,633,12660000,12660100,3683,6137,12680000,16979
10,634,12680000,12680100,3683,6137,12700000,17006
10,635,12700000,12700100,3683,6137,12720000,17029
10,636,12720000,12720100,3683,6137,12740000,17059
10,637,12740000,12740100,3683,6137,12760000,17086
10,638,12760000,12760100,3683,6137,12780000,17112
10,639,12780000,12780100,3683,6137,12800000,17136
10,64,1280000,1280100,3683,6137,1300000,1733
10,640,12800000,12800100,3683,6137,12820000,17166
10,641,12820000,12820100,3683,6137,12840000,17193
10,642,12840000,12840100,3683,6137,12860000,17219
10,643,12860000,12860100,3683,6137,12880000,17244
10,644,12880000,12880100,3683,6137,12900000,17273
10,645,12900000,12900100,3683,6137,12920000,17300
10,646,12920000,12920100,3683,6137,12940000,17326
10,647,12940000,12940100,3683,6137,12960000,17351
10,648,12960000,12960100,3683,6137,12980000,17383
10,649,12980000,12980100,3683,6137,13000000,17405
10,65,1300000,1300100,3683,6137,1320000,1758
10,650,13000000,13000100,3683,6137,13020000,17433
10,651,13020000,13020100,3683,6137,13040000,17458
10,652,13040000,13040100,3683,6137,13060000,17490
10,653,13060000,13060100,3683,6137,13080000,17513
10,654,13080000,13080100,3683,6137,13100000,17542
10,655,13100000,13100100,3683,6137,13120000,17565
10,656,13120000,13120100,3683,6137,13140000,17595
10,657,13140000,13140100,3683,6137,13160000,17620
10,658,13160000,13160100,3683,6137,13180000,17648
10,659,13180000,13180100,3683,6137,13200000,17672
10,66,1320000,1320100,3683,6137,1340000,1786
10,660,13200000,13200100,3683,6137,13220000,17702
10,661,13220000,13220100,3683,6137,13240000,17729
10,662,13240000,13240100,3683,6137,13260000,17755
10,663,13260000,13260100,3683,6137,13280000,17782
10,664,13280000,13280100,3683,6137,13300000,17809
10,665,13300000,13300100,3683,6137,13320000,17834
10,666,13320000,13320100,3683,6137,13340000,17862
10,667,13340000,13340100,3683,6137,13360000,17887
10,668,13360000,13360100,3683,6137,13380000,17919
10,669,13380000,13380100,3683,6137,13400000,17941
10,67,1340000,1340100,3683,6137,1360000,1813
10,670,13400000,13400100,3683,6137,13420000,17969
10,671,13420000,13420100,3683,6137,13440000,17994
10,672,13440000,13440100,3683,6137,13460000,18026
10,673,13460000,13460100,3683,6137,13480000,18049
10,674,13480000,13480100,3683,6137,13500000,18074
10,675,13500000,13500100,3683,6137,13520000,18103
10,676,13520000,13520100,3683,6137,13540000,18131
10,677,13540000,13540100,3683,6137,13560000,18156
10,678,13560000,13560100,3683,6137,13580000,18184
10,679,13580000,13580100,3683,6137,13600000,18210
10,68,1360000,1360100,3683,6137,1380000,1841
10,680,13600000,13600100,3683,6137,13620000,18238
10,681,13620000,13620100,3683,6137,13640000,18263
10,682,13640000,13640100,3683,6137,13660000,18293
10,683,13660000,13660100,3683,6137,13680000,18316
10,684,13680000,13680100,3683,6137,13700000,18345
10,685,13700000,13700100,3683,6137,13720000,18368
10,686,13720000,13720100,3683,6137,13740000,18400
10,687,13740000,13740100,3683,6137,13760000,18423
10,688,13760000,13760100,3683,6137,13780000,18453
10,689,13780000,13780100,3683,6137,13800000,18477
10,69,1380000,1380100,3683,6137,1400000,1865
10,690,13800000,13800100,3683,6137,13820000,18507
10,691,13820000,13820100,3683,6137,13840000,18530
10,692,13840000,13840100,3683,6137,13860000,18558
10,693,13860000,13860100,3683,6137,13880000,18587
10,694,13880000,13880100,3683,6137,13900000,18612
10,695,13900000,13900100,3683,6137,13920000,18637
10,696,13920000,13920100,3683,6137,13940000,18667
10,697,13940000,13940100,3683,6137,13960000,18694
10,698,13960000,13960100,3683,6137,13980000,18720
10,699,13980000,13980100,3683,6137,14000000,18744
10,7,140000,140100,3683,6137,160000,205
10,70,1400000,1400100,3683,6137,1420000,1893
10,700,14000000,14000100,3683,6137,14020000,18774
10,701,14020000,14020100,3683,6137,14040000,18799
10,702,14040000,14040100,3683,6137,14060000,18827
10,703,14060000,14060100,3683,6137,14080000,18852
10,704,14080000,14080100,3683,6137,14100000,18881
10,705,14100000,14100100,3683,6137,14120000,18906
10,706,14120000,14120100,3683,6137,14140000,18934
10,707,14140000,14140100,3683,6137,14160000,18959
10,708,14160000,14160100,3683,6137,14180000,18991
10,709,14180000,14180100,3683,6137,14200000,19013
10,71,1420000,1420100,3683,6137,1440000,1918
10,710,14200000,14200100,3683,6137,14220000,19041
10,711,14220000,14220100,3683,6137,14240000,19066
10,712,14240000,14240100,3683,6137,14260000,19096
10,713,14260000,14260100,3683,6137,14280000,19121
10,714,14280000,14280100,3683,6137,14300000,19148
10,715,14300000,14300100,3683,6137,14320000,19173
10,716,14320000,14320100,3683,6137,14340000,19203
10,717,14340000,14340100,3683,6137,14360000,19230
10,718,14360000,14360100,3683,6137,14380000,19256
10,719,14380000,14380100,3683,6137,14400000,19278
10,72,1440000,1440100,3683,6137,1460000,1948
10,720,14400000,14400100,3683,6137,14420000,19310
10,721,14420000,14420100,3683,6137,14440000,19335
10,722,14440000,14440100,3683,6137,14460000,19363
10,723,14460000,14460100,3683,6137,14480000,19388
10,724,14480000,14480100,3683,6137,14500000,19419
10,725,14500000,14500100,3683,6137,14520000,19442
10,726,14520000,14520100,3683,6137,14540000,19470
10,727,14540000,14540100,3683,6137,14560000,19495
10,728,14560000,14560100,3683,6137,14580000,19525
10,729,14580000,14580100,3683,6137,14600000,19549
10,73,1460000,1460100,3683,6137,1480000,1973
10,730,14600000,14600100,3683,6137,14620000,19575
10,731,14620000,14620100,3683,6137,14640000,19604
10,732,14640000,14640100,3683,6137,14660000,19632
10,733,14660000,14660100,3683,6137,14680000,19657
10,734,14680000,14680100,3683,6137,14700000,19682
10,735,14700000,14700100,3683,6137,14720000,19711
10,736,14720000,14720100,3683,6137,14740000,19739
10,737,14740000,14740100,3683,6137,14760000,19762
10,738,14760000,14760100,3683,6137,14780000,19794
10,739,14780000,14780100,3683,6137,14800000,19816
10,74,1480000,1480100,3683,6137,1500000,2000
10,740,14800000,14800100,3683,6137,14820000,19846
10,741,14820000,14820100,3683,6137,14840000,19869
10,742,14840000,14840100,3683,6137,14860000,19901
10,743,14860000,14860100,3683,6137,14880000,19924
10,744,14880000,14880100,3683,6137,14900000,19953
10,745,14900000,14900100,3683,6137,14920000,19978
10,746,14920000,14920100,3683,6137,14940000,20006
10,747,14940000,14940100,3683,6137,14960000,20031
10,748,14960000,14960100,3683,6137,14980000,20059
10,749,14980000,14980100,3683,6137,15000000,20085
10,75,1500000,1500100,3683,6137,1520000,2025
10,750,15000000,15000100,3683,6137,15020000,20113
10,751,15020000,15020100,3683,6137,15040000,20138
10,752,15040000,15040100,3683,6137,15060000,20168
10,753,15060000,15060100,3683,6137,15080000,20195
10,754,15080000,15080100,3683,6137,15100000,20220
10,755,15100000,15100100,3683,6137,15120000,20243
10,756,15120000,15120100,3683,6137,15140000,20275
10,757,15140000,15140100,3683,6137,15160000,20300
10,758,15160000,15160100,3683,6137,15180000,20328
10,759,15180000,15180100,3683,6137,15200000,20352
10,76,1520000,1520100,3683,6137,1540000,2055
10,760,15200000,15200100,3683,6137,15220000,20382
10,761,15220000,15220100,3683,6137,15240000,20407
10,762,15240000,15240100,3683,6137,15260000,20435
10,763,15260000,15260100,3683,6137,15280000,20460
10,764,15280000,15280100,3683,6137,15300000,20487
10,765,15300000,15300100,3683,6137,15320000,20514
10,766,15320000,15320100,3683,6137,15340000,20542
10,767,15340000,15340100,3683,6137,15360000,20567
10,768,15360000,15360100,3683,6137,15380000,20597
10,769,15380000,15380100,3683,6137,15400000,20621
10,77,1540000,1540100,3683,6137,1560000,2080
10,770,15400000,15400100,3683,6137,15420000,20649
10,771,15420000,15420100,3683,6137,15440000,20674
10,772,15440000,15440100,3683,6137,15460000,20704
10,773,15460000,15460100,3683,6137,15480000,20729
10,774,15480000,15480100,3683,6137,15500000,20756
10,775,15500000,15500100,3683,6137,15520000,20779
10,776,15520000,15520100,3683,6137,15540000,20811
10,777,15540000,15540100,3683,6137,15560000,20836
10,778,15560000,15560100,3683,6137,15580000,20864
10,779,15580000,15580100,3683,6137,15600000,20886
10,78,1560000,1560100,3683,6137,1580000,2110
10,780,15600000,15600100,3683,6137,15620000,20920
10,781,15620000,15620100,3683,6137,15640000,20943
10,782,15640000,15640100,3683,6137,15660000,20969
10,783,15660000,15660100,3683,6137,15680000,20996
10,784,15680000,15680100,3683,6137,15700000,21025
10,785,15700000,15700100,3683,6137,15720000,21050
10,786,15720000,15720100,3683,6137,15740000,21076
10,787,15740000,15740100,3683,6137,15760000,21105
10,788,15760000,15760100,3683,6137,15780000,21133
10,789,15780000,15780100,3683,6137,15800000,21157
10,79,1580000,1580100,3683,6137,1600000,2132
10,790,15800000,15800100,3683,6137,15820000,21183
10,791,15820000,15820100,3683,6137,15840000,21210
10,792,15840000,15840100,3683,6137,15860000,21240
10,793,15860000,15860100,3683,6137,15880000,21263
10,794,15880000,15880100,3683,6137,15900000,21292
10,795,15900000,15900100,3683,6137,15920000,21317
10,796,15920000,15920100,3683,6137,15940000,21347
10,797,15940000,15940100,3683,6137,15960000,21370
10,798,15960000,15960100,3683,6137,15980000,21402
10,799,15980000,15980100,3683,6137,16000000,21424
10,8,160000,160100,3683,6137,180000,233
10,80,1600000,1600100,3683,6137,1620000,2162
10,800,16000000,16000100,3683,6137,16020000,21452
10,801,16020000,16020100,3683,6137,16040000,21479
10,802,16040000,16040100,3683,6137,16060000,21507
10,803,16060000,16060100,3683,6137,16080000,21532
10,804,16080000,16080100,3683,6137,16100000,21559
10,805,16100000,16100100,3683,6137,16120000,21586
10,806,16120000,16120100,3683,6137,16140000,21614
10,807,16140000,16140100,3683,6137,16160000,21639
10,808,16160000,16160100,3683,6137,16180000,21669
10,809,16180000,16180100,3683,6137,16200000,21691
10,81,1620000,1620100,3683,6137,1640000,2187
10,810,16200000,16200100,3683,6137,16220000,21721
10,811,16220000,16220100,3683,6137,16240000,21744
10,812,16240000,16240100,3683,6137,16260000,21776
10,813,16260000,16260100,3683,6137,16280000,21801
10,814,16280000,16280100,3683,6137,16300000,21828
10,815,16300000,16300100,3683,6137,16320000,21853
10,816,16320000,16320100,3683,6137,16340000,21883
10,817,16340000,16340100,3683,6137,16360000,21908
10,818,16360000,16360100,3683,6137,16380000,21934
10,819,16380000,16380100,3683,6137,16400000,21960
10,82,1640000,1640100,3683,6137,1660000,2215
10,820,16400000,16400100,3683,6137,16420000,21988
10,821,16420000,16420100,3683,6137,16440000,22015
10,822,16440000,16440100,3683,6137,16460000,22043
10,823,16460000,16460100,3683,6137,16480000,22068
10,824,16480000,16480100,3683,6137,16500000,22095
10,825,16500000,16500100,3683,6137,16520000,22122
10,826,16520000,16520100,3683,6137,16540000,22150
10,827,16540000,16540100,3683,6137,16560000,22173
10,828,16560000,16560100,3683,6137,16580000,22205
10,829,16580000,16580100,3683,6137,16600000,22229
10,83,1660000,1660100,3683,6137,1680000,2240
10,830,16600000,16600100,3683,6137,16620000,22257
10,831,16620000,16620100,3683,6137,16640000,22280
10,832,16640000,16640100,3683,6137,16660000,22312
10,833,16660000,16660100,3683,6137,16680000,22337
10,834,16680000,16680100,3683,6137,16700000,22364
10,835,16700000,16700100,3683,6137,16720000,22387
10,836,16720000,16720100,3683,6137,16740000,22419
10,837,16740000,16740100,3683,6137,16760000,22444
10,838,16760000,16760100,3683,6137,16780000,22470
10,839,16780000,16780100,3683,6137,16800000,22494
10,84,1680000,1680100,3683,6137,1700000,2269
10,840,16800000,16800100,3683,6137,16820000,22526
10,841,16820000,16820100,3683,6137,16840000,22551
10,842,16840000,16840100,3683,6137,16860000,22577
10,843,16860000,16860100,3683,6137,16880000,22606
10,844,16880000,16880100,3683,6137,16900000,22633
10,845,16900000,16900100,3683,6137,16920000,22656
10,846,16920000,16920100,3683,6137,16940000,22684
10,847,16940000,16940100,3683,6137,16960000,22711
10,848,16960000,16960100,3683,6137,16980000,22741
10,849,16980000,16980100,3683,6137,17000000,22763
10,85,1700000,1700100,3683,6137,1720000,2294
10,850,17000000,17000100,3683,6137,17020000,22793
10,851,17020000,17020100,3683,6137,17040000,22818
10,852,17040000,17040100,3683,6137,17060000,22848
10,853,17060000,17060100,3683,6137,17080000,22871
10,854,17080000,17080100,3683,6137,17100000,22898
10,855,17100000,17100100,3683,6137,17120000,22925
10,856,17120000,17120100,3683,6137,17140000,22953
10,857,17140000,17140100,3683,6137,17160000,22980
10,858,17160000,17160100,3683,6137,17180000,23008
10,859,17180000,17180100,3683,6137,17200000,23032
10,86,1720000,1720100,3683,6137,1740000,2322
10,860,17200000,17200100,3683,6137,17220000,23060
10,861,17220000,17220100,3683,6137,17240000,23087
10,862,17240000,17240100,3683,6137,17260000,23115
10,863,17260000,17260100,3683,6137,17280000,23138
10,864,17280000,17280100,3683,6137,17300000,23169
10,865,17300000,17300100,3683,6137,17320000,23192
10,866,17320000,17320100,3683,6137,17340000,23222
10,867,17340000,17340100,3683,6137,17360000,23245
10,868,17360000,17360100,3683,6137,17380000,23277
10,869,17380000,17380100,3683,6137,17400000,23299
10,87,1740000,1740100,3683,6137,1760000,2349
10,870,17400000,17400100,3683,6137,17420000,23329
10,871,17420000,17420100,3683,6137,17440000,23354
10,872,17440000,17440100,3683,6137,17460000,23382
10,873,17460000,17460100,3683,6137,17480000,23409
10,874,17480000,17480100,3683,6137,17500000,23434
10,875,17500000,17500100,3683,6137,17520000,23461
10,876,17520000,17520100,3683,6137,17540000,23489
10,877,17540000,17540100,3683,6137,17560000,23516
10,878,17560000,17560100,3683,6137,17580000,23544
10,879,17580000,17580100,3683,6137,17600000,23568
10,88,1760000,1760100,3683,6137,1780000,2377
10,880,17600000,17600100,3683,6137,17620000,23596
10,881,17620000,17620100,3683,6137,17640000,23621
10,882,17640000,17640100,3683,6137,17660000,23651
10,883,17660000,17660100,3683,6137,17680000,23674
10,884,17680000,17680100,3683,6137,17700000,23703
10,885,17700000,17700100,3683,6137,17720000,23730
10,886,17720000,17720100,3683,6137,17740000,23758
10,887,17740000,17740100,3683,6137,17760000,23781
10,888,17760000,17760100,3683,6137,17780000,23813
10,889,17780000,17780100,3683,6137,17800000,23837
10,89,1780000,1780100,3683,6137,1800000,2399
10,890,17800000,17800100,3683,6137,17820000,23863
10,891,17820000,17820100,3683,6137,17840000,23888
10,892,17840000,17840100,3683,6137,17860000,23920
10,893,17860000,17860100,3683,6137,17880000,23945
10,894,17880000,17880100,3683,6137,17900000,23970
10,895,17900000,17900100,3683,6137,17920000,23995
10,896,17920000,17920100,3683,6137,17940000,24027
10,897,17940000,17940100,3683,6137,17960000,24052
10,898,17960000,17960100,3683,6137,17980000,24078
10,899,17980000,17980100,3683,6137,18000000,24102
10,9,180000,180100,3683,6137,200000,257
10,90,1800000,1800100,3683,6137,1820000,2429
10,900,18000000,18000100,3683,6137,18020000,24134
10,901,18020000,18020100,3683,6137,18040000,24157
10,902,18040000,18040100,3683,6137,18060000,24185
10,903,18060000,18060100,3683,6137,18080000,24212
10,904,18080000,18080100,3683,6137,18100000,24241
10,905,18100000,18100100,3683,6137,18120000,24264
10,906,18120000,18120100,3683,6137,18140000,24294
10,907,18140000,18140100,3683,6137,18160000,24319
10,908,18160000,18160100,3683,6137,18180000,24347
10,909,18180000,18180100,3683,6137,18200000,24371
10,91,1820000,1820100,3683,6137,1840000,2454
10,910,18200000,18200100,3683,6137,18220000,24399
10,911,18220000,18220100,3683,6137,18240000,24426
10,912,18240000,18240100,3683,6137,18260000,24454
10,913,18260000,18260100,3683,6137,18280000,24481
10,914,18280000,18280100,3683,6137,18300000,24506
10,915,18300000,18300100,3683,6137,18320000,24533
10,916,18320000,18320100,3683,6137,18340000,24561
10,917,18340000,18340100,3683,6137,18360000,24586
10,918,18360000,18360100,3683,6137,18380000,24616
10,919,18380000,18380100,3683,6137,18400000,24638
10,92,1840000,1840100,3683,6137,1860000,2484
10,920,18400000,18400100,3683,6137,18420000,24670
10,921,18420000,18420100,3683,6137,18440000,24693
10,922,18440000,18440100,3683,6137,18460000,24723
10,923,18460000,18460100,3683,6137,18480000,24746
10,924,18480000,18480100,3683,6137,18500000,24777
10,925,18500000,18500100,3683,6137,18520000,24800
10,926,18520000,18520100,3683,6137,18540000,24828
10,927,18540000,18540100,3683,6137,18560000,24855
10,928,18560000,18560100,3683,6137,18580000,24883
10,929,18580000,18580100,3683,6137,18600000,24907
10,93,1860000,1860100,3683,6137,1880000,2509
10,930,18600000,18600100,3683,6137,18620000,24935
10,931,18620000,18620100,3683,6137,18640000,24962
10,932,18640000,18640100,3683,6137,18660000,24990
10,933,18660000,18660100,3683,6137,18680000,25017
10,934,18680000,18680100,3683,6137,18700000,25044
10,935,18700000,18700100,3683,6137,18720000,25067
10,936,18720000,18720100,3683,6137,18740000,25097
10,937,18740000,18740100,3683,6137,18760000,25122
10,938,18760000,18760100,3683,6137,18780000,25152
10,939,18780000,18780100,3683,6137,18800000,25174
10,94,1880000,1880100,3683,6137,1900000,2538
10,940,18800000,18800100,3683,6137,18820000,25204
10,941,18820000,18820100,3683,6137,18840000,25231
10,942,18840000,18840100,3683,6137,18860000,25259
10,943,18860000,18860100,3683,6137,18880000,25282
10,944,18880000,18880100,3683,6137,18900000,25309
10,945,18900000,18900100,3683,6137,18920000,25338
10,946,18920000,18920100,3683,6137,18940000,25364
10,947,18940000,18940100,3683,6137,18960000,25389
10,948,18960000,18960100,3683,6137,18980000,25421
10,949,18980000,18980100,3683,6137,19000000,25445
10,95,1900000,1900100,3683,6137,1920000,2561
10,950,19000000,19000100,3683,6137,19020000,25471
10,951,19020000,19020100,3683,6137,19040000,25496
10,952,19040000,19040100,3683,6137,19060000,25528
10,953,19060000,19060100,3683,6137,19080000,25551
10,954,19080000,19080100,3683,6137,19100000,25578
10,955,19100000,19100100,3683,6137,19120000,25603
10,956,19120000,19120100,3683,6137,19140000,25635
10,957,19140000,19140100,3683,6137,19160000,25658
10,958,19160000,19160100,3683,6137,19180000,25686
10,959,19180000,19180100,3683,6137,19200000,25710
10,96,1920000,1920100,3683,6137,1940000,2591
10,960,19200000,19200100,3683,6137,19220000,25742
10,961,19220000,19220100,3683,6137,19240000,25765
10,962,19240000,19240100,3683,6137,19260000,25793
10,963,19260000,19260100,3683,6137,19280000,25820
10,964,19280000,19280100,3683,6137,19300000,25847
10,965,19300000,19300100,3683,6137,19320000,25872
10,966,19320000,19320100,3683,6137,19340000,25900
10,967,19340000,19340100,3683,6137,19360000,25927
10,968,19360000,19360100,3683,6137,19380000,25955
10,969,19380000,19380100,3683,6137,19400000,25981
10,97,1940000,1940100,3683,6137,1960000,2616
10,970,19400000,19400100,3683,6137,19420000,26007
10,971,19420000,19420100,3683,6137,19440000,26032
10,972,19440000,19440100,3683,6137,19460000,26062
10,973,19460000,19460100,3683,6137,19480000,26087
10,974,19480000,19480100,3683,6137,19500000,26114
10,975,19500000,19500100,3683,6137,19520000,26139
10,976,19520000,19520100,3683,6137,19540000,26171
10,977,19540000,19540100,3683,6137,19560000,26194
10,978,19560000,19560100,3683,6137,19580000,26224
10,979,19580000,19580100,3683,6137,19600000,26246
10,98,1960000,1960100,3683,6137,1980000,2644
10,980,19600000,19600100,3683,6137,19620000,26276
10,981,19620000,19620100,3683,6137,19640000,26301
10,982,19640000,19640100,3683,6137,19660000,26329
10,983,19660000,19660100,3683,6137,19680000,26356
10,984,19680000,19680100,3683,6137,19700000,26383
10,985,19700000,19700100,3683,6137,19720000,26408
10,986,19720000,19720100,3683,6137,19740000,26436
10,987,19740000,19740100,3683,6137,19760000,26463
10,988,19760000,19760100,3683,6137,19780000,26491
10,989,19780000,19780100,3683,6137,19800000,26513
10,99,1980000,1980100,3683,6137,2000000,2668
10,990,19800000,19800100,3683,6137,19820000,26545
10,991,19820000,19820100,3683,6137,19840000,26568
10,992,19840000,19840100,3683,6137,19860000,26598
10,993,19860000,19860100,3683,6137,19880000,26623
10,994,19880000,19880100,3683,6137,19900000,26652
10,995,19900000,19900100,3683,6137,19920000,26675
10,996,19920000,19920100,3683,6137,19940000,26705
10,997,19940000,19940100,3683,6137,19960000,26732
10,998,19960000,19960100,3683,6137,19980000,26758
10,999,19980000,19980100,3683,6137,20000000,26782
11,0,0,100,975,1625,20000,21
11,1,20000,20100,975,1625,40000,44
11,10,200000,200100,975,1625,220000,286
11,100,2000000,2000100,975,1625,2020000,2697
11,1000,20000000,20000100,975,1625,20020000,26811
11,1001,20020000,20020100,975,1625,20040000,26840
11,1002,20040000,20040100,975,1625,20060000,26866
11,1003,20060000,20060100,975,1625,20080000,26891
11,1004,20080000,20080100,975,1625,20100000,26920
11,1005,20100000,20100100,975,1625,20120000,26947
11,1006,20120000,20120100,975,1625,20140000,26973
11,1007,20140000,20140100,975,1625,20160000,26996
11,1008,20160000,20160100,975,1625,20180000,27030
11,1009,20180000,20180100,975,1625,20200000,27052
11,101,2020000,2020100,975,1625,2040000,2726
11,1010,20200000,20200100,975,1625,20220000,27080
11,1011,20220000,20220100,975,1625,20240000,27105
11,1012,20240000,20240100,975,1625,20260000,27137
11,1013,20260000,20260100,975,1625,20280000,27160
11,1014,20280000,20280100,975,1625,20300000,27187
11,1015,20300000,20300100,975,1625,20320000,27212
11,1016,20320000,20320100,975,1625,20340000,27242
11,1017,20340000,20340100,975,1625,20360000,27267
11,1018,20360000,20360100,975,1625,20380000,27295
11,1019,20380000,20380100,975,1625,20400000,27319
11,102,2040000,2040100,975,1625,2060000,2752
11,1020,20400000,20400100,975,1625,20420000,27349
11,1021,20420000,20420100,975,1625,20440000,27374
11,1022,20440000,20440100,975,1625,20460000,27402
11,1023,20460000,20460100,975,1625,20480000,27429
11,1024,20480000,20480100,975,1625,20500000,27456
11,1025,20500000,20500100,975,1625,20520000,27481
11,1026,20520000,20520100,975,1625,20540000,27509
11,1027,20540000,20540100,975,1625,20560000,27534
11,1028,20560000,20560100,975,1625,20580000,27564
11,1029,20580000,20580100,975,1625,20600000,27588
11,103,2060000,2060100,975,1625,2080000,2777
11,1030,20600000,20600100,975,1625,20620000,27616
11,1031,20620000,20620100,975,1625,20640000,27641
11,1032,20640000,20640100,975,1625,20660000,27673
11,1033,20660000,20660100,975,1625,20680000,27696
11,1034,20680000,20680100,975,1625,20700000,27721
11,1035,20700000,20700100,975,1625,20720000,27748
11,1036,20720000,20720100,975,1625,20740000,27778
11,1037,20740000,20740100,975,1625,20760000,27803
11,1038,20760000,20760100,975,1625,20780000,27831
11,1039,20780000,20780100,975,1625,20800000,27857
11,104,2080000,2080100,975,1625,2100000,2804
11,1040,20800000,20800100,975,1625,20820000,27885
11,1041,20820000,20820100,975,1625,20840000,27910
11,1042,20840000,20840100,975,1625,20860000,27938
11,1043,20860000,20860100,975,1625,20880000,27963
11,1044,20880000,20880100,975,1625,20900000,27992
11,1045,20900000,20900100,975,1625,20920000,28015
11,1046,20920000,20920100,975,1625,20940000,28047
11,1047,20940000,20940100,975,1625,20960000,28070
11,1048,20960000,20960100,975,1625,20980000,28100
11,1049,20980000,20980100,975,1625,21000000,28122
11,105,2100000,2100100,975,1625,2120000,2833
11,1050,21000000,21000100,975,1625,21020000,28154
11,1051,21020000,21020100,975,1625,21040000,28177
11,1052,21040000,21040100,975,1625,21060000,28205
11,1053,21060000,21060100,975,1625,21080000,28234
11,1054,21080000,21080100,975,1625,21100000,28259
11,1055,21100000,21100100,975,1625,21120000,28284
11,1056,21120000,21120100,975,1625,21140000,28312
11,1057,21140000,21140100,975,1625,21160000,28341
11,1058,21160000,21160100,975,1625,21180000,28367
11,1059,21180000,21180100,975,1625,21200000,28391
11,106,2120000,2120100,975,1625,2140000,2859
11,1060,21200000,21200100,975,1625,21220000,28421
11,1061,21220000,21220100,975,1625,21240000,28446
11,1062,21240000,21240100,975,1625,21260000,28474
11,1063,21260000,21260100,975,1625,21280000,28497
11,1064,21280000,21280100,975,1625,21300000,28528
11,1065,21300000,21300100,975,1625,21320000,28553
11,1066,21320000,21320100,975,1625,21340000,28581
11,1067,21340000,21340100,975,1625,21360000,28606
11,1068,21360000,21360100,975,1625,21380000,28638
11,1069,21380000,21380100,975,1625,21400000,28660
11,107,2140000,2140100,975,1625,2160000,2882
11,1070,21400000,21400100,975,1625,21420000,28686
11,1071,21420000,21420100,975,1625,21440000,28713
11,1072,21440000,21440100,975,1625,21460000,28743
11,1073,21460000,21460100,975,1625,21480000,28768
11,1074,21480000,21480100,975,1625,21500000,28795
11,1075,21500000,21500100,975,1625,21520000,28820
11,1076,21520000,21520100,975,1625,21540000,28850
11,1077,21540000,21540100,975,1625,21560000,28875
11,1078,21560000,21560100,975,1625,21580000,28903
11,1079,21580000,21580100,975,1625,21600000,28925
11,108,2160000,2160100,975,1625,2180000,2916
11,1080,21600000,21600100,975,1625,21620000,28957
11,1081,21620000,21620100,975,1625,21640000,28982
11,1082,21640000,21640100,975,1625,21660000,29010
11,1083,21660000,21660100,975,1625,21680000,29035
11,1084,21680000,21680100,975,1625,21700000,29064
11,1085,21700000,21700100,975,1625,21720000,29089
11,1086,21720000,21720100,975,1625,21740000,29117
11,1087,21740000,21740100,975,1625,21760000,29142
11,1088,21760000,21760100,975,1625,21780000,29172
11,1089,21780000,21780100,975,1625,21800000,29196
11,109,2180000,2180100,975,1625,2200000,2938
11,1090,21800000,21800100,975,1625,21820000,29222
11,1091,21820000,21820100,975,1625,21840000,29249
11,1092,21840000,21840100,975,1625,21860000,29279
11,1093,21860000,21860100,975,1625,21880000,29304
11,1094,21880000,21880100,975,1625,21900000,29329
11,1095,21900000,21900100,975,1625,21920000,29358
11,1096,21920000,21920100,975,1625,21940000,29386
11,1097,21940000,21940100,975,1625,21960000,29409
11,1098,21960000,21960100,975,1625,21980000,29439
11,1099,21980000,21980100,975,1625,22000000,29463
11,11,220000,220100,975,1625,240000,313
11,110,2200000,2200100,975,1625,2220000,2966
11,1100,22000000,22000100,975,1625,22020000,29493
11,1101,22020000,22020100,975,1625,22040000,29516
11,1102,22040000,22040100,975,1625,22060000,29548
11,1103,22060000,22060100,975,1625,22080000,29571
11,1104,22080000,22080100,975,1625,22100000,29600
11,1105,22100000,22100100,975,1625,22120000,29623
11,1106,22120000,22120100,975,1625,22140000,29653
11,1107,22140000,22140100,975,1625,22160000,29678
11,1108,22160000,22160100,975,1625,22180000,29706
11,1109,22180000,22180100,975,1625,22200000,29732
11,111,2220000,2220100,975,1625,2240000,2989
11,1110,22200000,22200100,975,1625,22220000,29760
11,1111,22220000,22220100,975,1625,22240000,29785
11,1112,22240000,22240100,975,1625,22260000,29813
11,1113,22260000,22260100,975,1625,22280000,29842
11,1114,22280000,22280100,975,1625,22300000,29867
11,1115,22300000,22300100,975,1625,22320000,29890
11,1116,22320000,22320100,975,1625,22340000,29922
11,1117,22340000,22340100,975,1625,22360000,29947
11,1118,22360000,22360100,975,1625,22380000,29975
11,1119,22380000,22380100,975,1625,22400000,29997
11,112,2240000,2240100,975,1625,2260000,3023
11,1120,22400000,22400100,975,1625,22420000,30029
11,1121,22420000,22420100,975,1625,22440000,30054
11,1122,22440000,22440100,975,1625,22460000,30082
11,1123,22460000,22460100,975,1625,22480000,30107
11,1124,22480000,22480100,975,1625,22500000,30134
11,1125,22500000,22500100,975,1625,22520000,30161
11,1126,22520000,22520100,975,1625,22540000,30187
11,1127,22540000,22540100,975,1625,22560000,30214
11,1128,22560000,22560100,975,1625,22580000,30244
11,1129,22580000,22580100,975,1625,22600000,30268
11,113,2260000,2260100,975,1625,2280000,3046
11,1130,22600000,22600100,975,1625,22620000,30296
11,1131,22620000,22620100,975,1625,22640000,30321
11,1132,22640000,22640100,975,1625,22660000,30351
11,1133,22660000,22660100,975,1625,22680000,30374
11,1134,22680000,22680100,975,1625,22700000,30403
11,1135,22700000,22700100,975,1625,22720000,30426
11,1136,22720000,22720100,975,1625,22740000,30458
11,1137,22740000,22740100,975,1625,22760000,30483
11,1138,22760000,22760100,975,1625,22780000,30511
11,1139,22780000,22780100,975,1625,22800000,30533
11,114,2280000,2280100,975,1625,2300000,3073
11,1140,22800000,22800100,975,1625,22820000,30565
11,1141,22820000,22820100,975,1625,22840000,30590
11,1142,22840000,22840100,975,1625,22860000,30616
11,1143,22860000,22860100,975,1625,22880000,30643
11,1144,22880000,22880100,975,1625,22900000,30672
11,1145,22900000,22900100,975,1625,22920000,30697
11,1146,22920000,22920100,975,1625,22940000,30723
11,1147,22940000,22940100,975,1625,22960000,30750
11,1148,22960000,22960100,975,1625,22980000,30780
11,1149,22980000,22980100,975,1625,23000000,30804
11,115,2300000,2300100,975,1625,2320000,3098
11,1150,23000000,23000100,975,1625,23020000,30830
11,1151,23020000,23020100,975,1625,23040000,30857
11,1152,23040000,23040100,975,1625,23060000,30887
11,1153,23060000,23060100,975,1625,23080000,30910
11,1154,23080000,23080100,975,1625,23100000,30937
11,1155,23100000,23100100,975,1625,23120000,30964
11,1156,23120000,23120100,975,1625,23140000,30994
11,1157,23140000,23140100,975,1625,23160000,31017
11,1158,23160000,23160100,975,1625,23180000,31049
11,1159,23180000,23180100,975,1625,23200000,31071
11,116,2320000,2320100,975,1625,2340000,3128
11,1160,23200000,23200100,975,1625,23220000,31099
11,1161,23220000,23220100,975,1625,23240000,31124
11,1162,23240000,23240100,975,1625,23260000,31154
11,1163,23260000,23260100,975,1625,23280000,31179
11,1164,23280000,23280100,975,1625,23300000,31206
11,1165,23300000,23300100,975,1625,23320000,31233
11,1166,23320000,23320100,975,1625,23340000,31261
11,1167,23340000,23340100,975,1625,23360000,31286
11,1168,23360000,23360100,975,1625,23380000,31314
11,1169,23380000,23380100,975,1625,23400000,31338
11,117,2340000,2340100,975,1625,2360000,3153
11,1170,23400000,23400100,975,1625,23420000,31368
11,1171,23420000,23420100,975,1625,23440000,31391
11,1172,23440000,23440100,975,1625,23460000,31423
11,1173,23460000,23460100,975,1625,23480000,31448
11,1174,23480000,23480100,975,1625,23500000,31475
11,1175,23500000,23500100,975,1625,23520000,31498
11,1176,23520000,23520100,975,1625,23540000,31530
11,1177,23540000,23540100,975,1625,23560000,31555
11,1178,23560000,23560100,975,1625,23580000,31581
11,1179,23580000,23580100,975,1625,23600000,31607
11,118,2360000,2360100,975,1625,2380000,3179
11,1180,23600000,23600100,975,1625,23620000,31635
11,1181,23620000,23620100,975,1625,23640000,31662
11,1182,23640000,23640100,975,1625,23660000,31688
11,1183,23660000,23660100,975,1625,23680000,31715
11,1184,23680000,23680100,975,1625,23700000,31742
11,1185,23700000,23700100,975,1625,23720000,31769
11,1186,23720000,23720100,975,1625,23740000,31797
11,1187,23740000,23740100,975,1625,23760000,31820
11,1188,23760000,23760100,975,1625,23780000,31852
11,1189,23780000,23780100,975,1625,23800000,31874
11,119,2380000,2380100,975,1625,2400000,3205
11,1190,23800000,23800100,975,1625,23820000,31904
11,1191,23820000,23820100,975,1625,23840000,31927
11,1192,23840000,23840100,975,1625,23860000,31959
11,1193,23860000,23860100,975,1625,23880000,31984
11,1194,23880000,23880100,975,1625,23900000,32011
11,1195,23900000,23900100,975,1625,23920000,32034
11,1196,23920000,23920100,975,1625,23940000,32064
11,1197,23940000,23940100,975,1625,23960000,32091
11,1198,23960000,23960100,975,1625,23980000,32117
11,1199,23980000,23980100,975,1625,24000000,32141
11,12,240000,240100,975,1625,260000,341
11,120,2400000,2400100,975,1625,2420000,3235
11,1200,24000000,24000100,975,1625,24020000,32173
11,1201,24020000,24020100,975,1625,24040000,32198
11,1202,24040000,24040100,975,1625,24060000,32224
11,1203,24060000,24060100,975,1625,24080000,32251
11,1204,24080000,24080100,975,1625,24100000,32280
11,1205,24100000,24100100,975,1625,24120000,32303
11,1206,24120000,24120100,975,1625,24140000,32331
11,1207,24140000,24140100,975,1625,24160000,32358
11,1208,24160000,24160100,975,1625,24180000,32388
11,1209,24180000,24180100,975,1625,24200000,32410
11,121,2420000,2420100,975,1625,2440000,3260
11,1210,24200000,24200100,975,1625,24220000,32438
11,1211,24220000,24220100,975,1625,24240000,32465
11,1212,24240000,24240100,975,1625,24260000,32495
11,1213,24260000,24260100,975,1625,24280000,32518
11,1214,24280000,24280100,975,1625,24300000,32545
11,1215,24300000,24300100,975,1625,24320000,32572
11,1216,24320000,24320100,975,1625,24340000,32600
11,1217,24340000,24340100,975,1625,24360000,32625
11,1218,24360000,24360100,975,1625,24380000,32655
11,1219,24380000,24380100,975,1625,24400000,32679
11,122,2440000,2440100,975,1625,2460000,3288
11,1220,24400000,24400100,975,1625,24420000,32707
11,1221,24420000,24420100,975,1625,24440000,32734
11,1222,24440000,24440100,975,1625,24460000,32762
11,1223,24460000,24460100,975,1625,24480000,32785
11,1224,24480000,24480100,975,1625,24500000,32814
11,1225,24500000,24500100,975,1625,24520000,32839
11,1226,24520000,24520100,975,1625,24540000,32869
11,1227,24540000,24540100,975,1625,24560000,32892
11,1228,24560000,24560100,975,1625,24580000,32924
11,1229,24580000,24580100,975,1625,24600000,32946
11,123,2460000,2460100,975,1625,2480000,3315
11,1230,24600000,24600100,975,1625,24620000,32976
11,1231,24620000,24620100,975,1625,24640000,32999
11,1232,24640000,24640100,975,1625,24660000,33029
11,1233,24660000,24660100,975,1625,24680000,33056
11,1234,24680000,24680100,975,1625,24700000,33081
11,1235,24700000,24700100,975,1625,24720000,33108
11,1236,24720000,24720100,975,1625,24740000,33136
11,1237,24740000,24740100,975,1625,24760000,33163
11,1238,24760000,24760100,975,1625,24780000,33189
11,1239,24780000,24780100,975,1625,24800000,33215
11,124,2480000,2480100,975,1625,2500000,3342
11,1240,24800000,24800100,975,1625,24820000,33243
11,1241,24820000,24820100,975,1625,24840000,33268
11,1242,24840000,24840100,975,1625,24860000,33298
11,1243,24860000,24860100,975,1625,24880000,33321
11,1244,24880000,24880100,975,1625,24900000,33350
11,1245,24900000,24900100,975,1625,24920000,33375
11,1246,24920000,24920100,975,1625,24940000,33405
11,1247,24940000,24940100,975,1625,24960000,33428
11,1248,24960000,24960100,975,1625,24980000,33460
11,1249,24980000,24980100,975,1625,25000000,33484
11,125,2500000,2500100,975,1625,2520000,3365
11,1250,25000000,25000100,975,1625,25020000,33510
11,1251,25020000,25020100,975,1625,25040000,33535
11,1252,25040000,25040100,975,1625,25060000,33565
11,1253,25060000,25060100,975,1625,25080000,33592
11,1254,25080000,25080100,975,1625,25100000,33617
11,1255,25100000,25100100,975,1625,25120000,33642
11,1256,25120000,25120100,975,1625,25140000,33674
11,1257,25140000,25140100,975,1625,25160000,33699
11,1258,25160000,25160100,975,1625,25180000,33725
11,1259,25180000,25180100,975,1625,25200000,33747
11,126,2520000,2520100,975,1625,2540000,3395
11,127,2540000,2540100,975,1625,2560000,3420
11,128,2560000,2560100,975,1625,2580000,3450
11,129,2580000,2580100,975,1625,2600000,3474
11,13,260000,260100,975,1625,280000,366
11,130,2600000,2600100,975,1625,2620000,3502
11,131,2620000,2620100,975,1625,2640000,3527
11,132,2640000,2640100,975,1625,2660000,3557
11,133,2660000,2660100,975,1625,2680000,3582
11,134,2680000,2680100,975,1625,2700000,3607
11,135,2700000,2700100,975,1625,2720000,3634
11,136,2720000,2720100,975,1625,2740000,3664
11,137,2740000,2740100,975,1625,2760000,3689
11,138,2760000,2760100,975,1625,2780000,3717
11,139,2780000,2780100,975,1625,2800000,3741
11,14,280000,280100,975,1625,300000,393
11,140,2800000,2800100,975,1625,2820000,3771
11,141,2820000,2820100,975,1625,2840000,3796
11,142,2840000,2840100,975,1625,2860000,3824
11,143,2860000,2860100,975,1625,2880000,3849
11,144,2880000,2880100,975,1625,2900000,3878
11,145,2900000,2900100,975,1625,2920000,3901
11,146,2920000,2920100,975,1625,2940000,3931
11,147,2940000,2940100,975,1625,2960000,3956
11,148,2960000,2960100,975,1625,2980000,3986
11,149,2980000,2980100,975,1625,3000000,4008
11,15,300000,300100,975,1625,320000,420
11,150,3000000,3000100,975,1625,3020000,4040
11,151,3020000,3020100,975,1625,3040000,4063
11,152,3040000,3040100,975,1625,3060000,4091
11,153,3060000,3060100,975,1625,3080000,4118
11,154,3080000,3080100,975,1625,3100000,4145
11,155,3100000,3100100,975,1625,3120000,4170
11,156,3120000,3120100,975,1625,3140000,4198
11,157,3140000,3140100,975,1625,3160000,4227
11,158,3160000,3160100,975,1625,3180000,4253
11,159,3180000,3180100,975,1625,3200000,4277
11,16,320000,320100,975,1625,340000,448
11,160,3200000,3200100,975,1625,3220000,4305
11,161,3220000,3220100,975,1625,3240000,4332
11,162,3240000,3240100,975,1625,3260000,4360
11,163,3260000,3260100,975,1625,3280000,4383
11,164,3280000,3280100,975,1625,3300000,4414
11,165,3300000,3300100,975,1625,3320000,4439
11,166,3320000,3320100,975,1625,3340000,4467
11,167,3340000,3340100,975,1625,3360000,4490
11,168,3360000,3360100,975,1625,3380000,4524
11,169,3380000,3380100,975,1625,3400000,4546
11,17,340000,340100,975,1625,360000,473
11,170,3400000,3400100,975,1625,3420000,4572
11,171,3420000,3420100,975,1625,3440000,4599
11,172,3440000,3440100,975,1625,3460000,4629
11,173,3460000,3460100,975,1625,3480000,4654
11,174,3480000,3480100,975,1625,3500000,4679
11,175,3500000,3500100,975,1625,3520000,4706
11,176,3520000,3520100,975,1625,3540000,4736
11,177,3540000,3540100,975,1625,3560000,4761
11,178,3560000,3560100,975,1625,3580000,4789
11,179,3580000,3580100,975,1625,3600000,4811
11,18,360000,360100,975,1625,380000,503
11,180,3600000,3600100,975,1625,3620000,4843
11,181,3620000,3620100,975,1625,3640000,4866
11,182,3640000,3640100,975,1625,3660000,4896
11,183,3660000,3660100,975,1625,3680000,4921
11,184,3680000,3680100,975,1625,3700000,4950
11,185,3700000,3700100,975,1625,3720000,4975
11,186,3720000,3720100,975,1625,3740000,5003
11,187,3740000,3740100,975,1625,3760000,5028
11,188,3760000,3760100,975,1625,3780000,5056
11,189,3780000,3780100,975,1625,3800000,5082
11,19,380000,380100,975,1625,400000,525
11,190,3800000,3800100,975,1625,3820000,5108
11,191,3820000,3820100,975,1625,3840000,5135
11,192,3840000,3840100,975,1625,3860000,5165
11,193,3860000,3860100,975,1625,3880000,5190
11,194,3880000,3880100,975,1625,3900000,5215
11,195,3900000,3900100,975,1625,3920000,5242
11,196,3920000,3920100,975,1625,3940000,5272
11,197,3940000,3940100,975,1625,3960000,5295
11,198,3960000,3960100,975,1625,3980000,5325
11,199,3980000,3980100,975,1625,4000000,5349
11,2,40000,40100,975,1625,60000,72
11,20,400000,400100,975,1625,420000,555
11,200,4000000,4000100,975,1625,4020000,5379
11,201,4020000,4020100,975,1625,4040000,5402
11,202,4040000,4040100,975,1625,4060000,5432
11,203,4060000,4060100,975,1625,4080000,5457
11,204,4080000,4080100,975,1625,4100000,5486
11,205,4100000,4100100,975,1625,4120000,5509
11,206,4120000,4120100,975,1625,4140000,5539
11,207,4140000,4140100,975,1625,4160000,5564
11,208,4160000,4160100,975,1625,4180000,5592
11,209,4180000,4180100,975,1625,4200000,5616
11,21,420000,420100,975,1625,440000,580
11,210,4200000,4200100,975,1625,4220000,5646
11,211,4220000,4220100,975,1625,4240000,5671
11,212,4240000,4240100,975,1625,4260000,5699
11,213,4260000,4260100,975,1625,4280000,5728
11,214,4280000,4280100,975,1625,4300000,5753
11,215,4300000,4300100,975,1625,4320000,5776
11,216,4320000,4320100,975,1625,4340000,5806
11,217,4340000,4340100,975,1625,4360000,5833
11,218,4360000,4360100,975,1625,4380000,5861
11,219,4380000,4380100,975,1625,4400000,5883
11,22,440000,440100,975,1625,460000,610
11,220,4400000,4400100,975,1625,4420000,5915
11,221,4420000,4420100,975,1625,4440000,5940
11,222,4440000,4440100,975,1625,4460000,5968
11,223,4460000,4460100,975,1625,4480000,5991
11,224,4480000,4480100,975,1625,4500000,6020
11,225,4500000,4500100,975,1625,4520000,6047
11,226,4520000,4520100,975,1625,4540000,6073
11,227,4540000,4540100,975,1625,4560000,6100
11,228,4560000,4560100,975,1625,4580000,6130
11,229,4580000,4580100,975,1625,4600000,6154
11,23,460000,460100,975,1625,480000,633
11,230,4600000,4600100,975,1625,4620000,6180
11,231,4620000,4620100,975,1625,4640000,6207
11,232,4640000,4640100,975,1625,4660000,6237
11,233,4660000,4660100,975,1625,4680000,6260
11,234,4680000,4680100,975,1625,4700000,6289
11,235,4700000,4700100,975,1625,4720000,6312
11,236,4720000,4720100,975,1625,4740000,6344
11,237,4740000,4740100,975,1625,4760000,6367
11,238,4760000,4760100,975,1625,4780000,6397
11,239,4780000,4780100,975,1625,4800000,6419
11,24,480000,480100,975,1625,500000,664
11,240,4800000,4800100,975,1625,4820000,6451
11,241,4820000,4820100,975,1625,4840000,6476
11,242,4840000,4840100,975,1625,4860000,6502
11,243,4860000,4860100,975,1625,4880000,6529
11,244,4880000,4880100,975,1625,4900000,6556
11,245,4900000,4900100,975,1625,4920000,6583
11,246,4920000,4920100,975,1625,4940000,6609
11,247,4940000,4940100,975,1625,4960000,6636
11,248,4960000,4960100,975,1625,4980000,6666
11,249,4980000,4980100,975,1625,5000000,6690
11,25,500000,500100,975,1625,520000,687
11,250,5000000,5000100,975,1625,5020000,6716
11,251,5020000,5020100,975,1625,5040000,6741
11,252,5040000,5040100,975,1625,5060000,6773
11,253,5060000,5060100,975,1625,5080000,6796
11,254,5080000,5080100,975,1625,5100000,6823
11,255,5100000,5100100,975,1625,5120000,6850
11,256,5120000,5120100,975,1625,5140000,6880
11,257,5140000,5140100,975,1625,5160000,6903
11,258,5160000,5160100,975,1625,5180000,6933
11,259,5180000,5180100,975,1625,5200000,6957
11,26,520000,520100,975,1625,540000,715
11,260,5200000,5200100,975,1625,5220000,6985
11,261,5220000,5220100,975,1625,5240000,7010
11,262,5240000,5240100,975,1625,5260000,7040
11,263,5260000,5260100,975,1625,5280000,7065
11,264,5280000,5280100,975,1625,5300000,7092
11,265,5300000,5300100,975,1625,5320000,7117
11,266,5320000,5320100,975,1625,5340000,7147
11,267,5340000,5340100,975,1625,5360000,7172
11,268,5360000,5360100,975,1625,5380000,7200
11,269,5380000,5380100,975,1625,5400000,7224
11,27,540000,540100,975,1625,560000,740
11,270,5400000,5400100,975,1625,5420000,7254
11,271,5420000,5420100,975,1625,5440000,7277
11,272,5440000,5440100,975,1625,5460000,7307
11,273,5460000,5460100,975,1625,5480000,7334
11,274,5480000,5480100,975,1625,5500000,7361
11,275,5500000,5500100,975,1625,5520000,7384
11,276,5520000,5520100,975,1625,5540000,7416
11,277,5540000,5540100,975,1625,5560000,7441
11,278,5560000,5560100,975,1625,5580000,7467
11,279,5580000,5580100,975,1625,5600000,7491
11,28,560000,560100,975,1625,580000,770
11,280,5600000,5600100,975,1625,5620000,7521
11,281,5620000,5620100,975,1625,5640000,7548
11,282,5640000,5640100,975,1625,5660000,7574
11,283,5660000,5660100,975,1625,5680000,7601
11,284,5680000,5680100,975,1625,5700000,7628
11,285,5700000,5700100,975,1625,5720000,7655
11,286,5720000,5720100,975,1625,5740000,7681
11,287,5740000,5740100,975,1625,5760000,7706
11,288,5760000,5760100,975,1625,5780000,7738
11,289,5780000,5780100,975,1625,5800000,7760
11,29,580000,580100,975,1625,600000,794
11,290,5800000,5800100,975,1625,5820000,7790
11,291,5820000,5820100,975,1625,5840000,7813
11,292,5840000,5840100,975,1625,5860000,7845
11,293,5860000,5860100,975,1625,5880000,7868
11,294,5880000,5880100,975,1625,5900000,7897
11,295,5900000,5900100,975,1625,5920000,7920
11,296,5920000,5920100,975,1625,5940000,7950
11,297,5940000,5940100,975,1625,5960000,7977
11,298,5960000,5960100,975,1625,5980000,8003
11,299,5980000,5980100,975,1625,6000000,8027
11,3,60000,60100,975,1625,80000,99
11,30,600000,600100,975,1625,620000,822
11,300,6000000,6000100,975,1625,6020000,8057
11,301,6020000,6020100,975,1625,6040000,8084
11,302,6040000,6040100,975,1625,6060000,8110
11,303,6060000,6060100,975,1625,6080000,8137
11,304,6080000,6080100,975,1625,6100000,8166
11,305,6100000,6100100,975,1625,6120000,8189
11,306,6120000,6120100,975,1625,6140000,8217
11,307,6140000,6140100,975,1625,6160000,8242
11,308,6160000,6160100,975,1625,6180000,8274
11,309,6180000,6180100,975,1625,6200000,8296
11,31,620000,620100,975,1625,640000,849
11,310,6200000,6200100,975,1625,6220000,8324
11,311,6220000,6220100,975,1625,6240000,8351
11,312,6240000,6240100,975,1625,6260000,8381
11,313,6260000,6260100,975,1625,6280000,8404
11,314,6280000,6280100,975,1625,6300000,8429
11,315,6300000,6300100,975,1625,6320000,8458
11,316,6320000,6320100,975,1625,6340000,8486
11,317,6340000,6340100,975,1625,6360000,8511
11,318,6360000,6360100,975,1625,6380000,8541
11,319,6380000,6380100,975,1625,6400000,8565
11,32,640000,640100,975,1625,660000,877
11,320,6400000,6400100,975,1625,6420000,8593
11,321,6420000,6420100,975,1625,6440000,8618
11,322,6440000,6440100,975,1625,6460000,8648
11,323,6460000,6460100,975,1625,6480000,8671
11,324,6480000,6480100,975,1625,6500000,8700
11,325,6500000,6500100,975,1625,6520000,8725
11,326,6520000,6520100,975,1625,6540000,8755
11,327,6540000,6540100,975,1625,6560000,8778
11,328,6560000,6560100,975,1625,6580000,8808
11,329,6580000,6580100,975,1625,6600000,8832
11,33,660000,660100,975,1625,680000,904
11,330,6600000,6600100,975,1625,6620000,8862
11,331,6620000,6620100,975,1625,6640000,8885
11,332,6640000,6640100,975,1625,6660000,8915
11,333,6660000,6660100,975,1625,6680000,8942
11,334,6680000,6680100,975,1625,6700000,8967
11,335,6700000,6700100,975,1625,6720000,8992
11,336,6720000,6720100,975,1625,6740000,9022
11,337,6740000,6740100,975,1625,6760000,9049
11,338,6760000,6760100,975,1625,6780000,9075
11,339,6780000,6780100,975,1625,6800000,9101
11,34,680000,680100,975,1625,700000,929
11,340,6800000,6800100,975,1625,6820000,9129
11,341,6820000,6820100,975,1625,6840000,9154
11,342,6840000,6840100,975,1625,6860000,9182
11,343,6860000,6860100,975,1625,6880000,9207
11,344,6880000,6880100,975,1625,6900000,9236
11,345,6900000,6900100,975,1625,6920000,9261
11,346,6920000,6920100,975,1625,6940000,9291
11,347,6940000,6940100,975,1625,6960000,9314
11,348,6960000,6960100,975,1625,6980000,9346
11,349,6980000,6980100,975,1625,7000000,9368
11,35,700000,700100,975,1625,720000,954
11,350,7000000,7000100,975,1625,7020000,9396
11,351,7020000,7020100,975,1625,7040000,9421
11,352,7040000,7040100,975,1625,7060000,9451
11,353,7060000,7060100,975,1625,7080000,9478
11,354,7080000,7080100,975,1625,7100000,9503
11,355,7100000,7100100,975,1625,7120000,9528
11,356,7120000,7120100,975,1625,7140000,9558
11,357,7140000,7140100,975,1625,7160000,9585
11,358,7160000,7160100,975,1625,7180000,9611
11,359,7180000,7180100,975,1625,7200000,9633
11,36,720000,720100,975,1625,740000,984
11,360,7200000,7200100,975,1625,7220000,9667
11,361,7220000,7220100,975,1625,7240000,9690
11,362,7240000,7240100,975,1625,7260000,9718
11,363,7260000,7260100,975,1625,7280000,9743
11,364,7280000,7280100,975,1625,7300000,9774
11,365,7300000,7300100,975,1625,7320000,9797
11,366,7320000,7320100,975,1625,7340000,9825
11,367,7340000,7340100,975,1625,7360000,9852
11,368,7360000,7360100,975,1625,7380000,9880
11,369,7380000,7380100,975,1625,7400000,9904
11,37,740000,740100,975,1625,760000,1009
11,370,7400000,7400100,975,1625,7420000,9930
11,371,7420000,7420100,975,1625,7440000,9959
11,372,7440000,7440100,975,1625,7460000,9987
11,373,7460000,7460100,975,1625,7480000,10012
11,374,7480000,7480100,975,1625,7500000,10039
11,375,7500000,7500100,975,1625,7520000,10066
11,376,7520000,7520100,975,1625,7540000,10094
11,377,7540000,7540100,975,1625,7560000,10117
11,378,7560000,7560100,975,1625,7580000,10149
11,379,7580000,7580100,975,1625,7600000,10171
11,38,760000,760100,975,1625,780000,1039
11,380,7600000,7600100,975,1625,7620000,10201
11,381,7620000,7620100,975,1625,7640000,10226
11,382,7640000,7640100,975,1625,7660000,10256
11,383,7660000,7660100,975,1625,7680000,10279
11,384,7680000,7680100,975,1625,7700000,10308
11,385,7700000,7700100,975,1625,7720000,10333
11,386,7720000,7720100,975,1625,7740000,10361
11,387,7740000,7740100,975,1625,7760000,10386
11,388,7760000,7760100,975,1625,7780000,10416
11,389,7780000,7780100,975,1625,7800000,10440
11,39,780000,780100,975,1625,800000,1061
11,390,7800000,7800100,975,1625,7820000,10468
11,391,7820000,7820100,975,1625,7840000,10493
11,392,7840000,7840100,975,1625,7860000,10523
11,393,7860000,7860100,975,1625,7880000,10550
11,394,7880000,7880100,975,1625,7900000,10575
11,395,7900000,7900100,975,1625,7920000,10600
11,396,7920000,7920100,975,1625,7940000,10630
11,397,7940000,7940100,975,1625,7960000,10655
11,398,7960000,7960100,975,1625,7980000,10683
11,399,7980000,7980100,975,1625,8000000,10707
11,4,80000,80100,975,1625,100000,128
11,40,800000,800100,975,1625,820000,1091
11,400,8000000,8000100,975,1625,8020000,10737
11,401,8020000,8020100,975,1625,8040000,10762
11,402,8040000,8040100,975,1625,8060000,10792
11,403,8060000,8060100,975,1625,8080000,10815
11,404,8080000,8080100,975,1625,8100000,10842
11,405,8100000,8100100,975,1625,8120000,10869
11,406,8120000,8120100,975,1625,8140000,10897
11,407,8140000,8140100,975,1625,8160000,10922
11,408,8160000,8160100,975,1625,8180000,10952
11,409,8180000,8180100,975,1625,8200000,10978
11,41,820000,820100,975,1625,840000,1116
11,410,8200000,8200100,975,1625,8220000,11004
11,411,8220000,8220100,975,1625,8240000,11029
11,412,8240000,8240100,975,1625,8260000,11059
11,413,8260000,8260100,975,1625,8280000,11084
11,414,8280000,8280100,975,1625,8300000,11111
11,415,8300000,8300100,975,1625,8320000,11134
11,416,8320000,8320100,975,1625,8340000,11168
11,417,8340000,8340100,975,1625,8360000,11191
11,418,8360000,8360100,975,1625,8380000,11219
11,419,8380000,8380100,975,1625,8400000,11241
11,42,840000,840100,975,1625,860000,1146
11,420,8400000,8400100,975,1625,8420000,11275
11,421,8420000,8420100,975,1625,8440000,11298
11,422,8440000,8440100,975,1625,8460000,11324
11,423,8460000,8460100,975,1625,8480000,11353
11,424,8480000,8480100,975,1625,8500000,11380
11,425,8500000,8500100,975,1625,8520000,11405
11,426,8520000,8520100,975,1625,8540000,11431
11,427,8540000,8540100,975,1625,8560000,11460
11,428,8560000,8560100,975,1625,8580000,11488
11,429,8580000,8580100,975,1625,8600000,11512
11,43,860000,860100,975,1625,880000,1169
11,430,8600000,8600100,975,1625,8620000,11540
11,431,8620000,8620100,975,1625,8640000,11565
11,432,8640000,8640100,975,1625,8660000,11595
11,433,8660000,8660100,975,1625,8680000,11618
11,434,8680000,8680100,975,1625,8700000,11647
11,435,8700000,8700100,975,1625,8720000,11672
11,436,8720000,8720100,975,1625,8740000,11702
11,437,8740000,8740100,975,1625,8760000,11727
11,438,8760000,8760100,975,1625,8780000,11757
11,439,8780000,8780100,975,1625,8800000,11779
11,44,880000,880100,975,1625,900000,1196
11,440,8800000,8800100,975,1625,8820000,11807
11,441,8820000,8820100,975,1625,8840000,11834
11,442,8840000,8840100,975,1625,8860000,11862
11,443,8860000,8860100,975,1625,8880000,11887
11,444,8880000,8880100,975,1625,8900000,11916
11,445,8900000,8900100,975,1625,8920000,11941
11,446,8920000,8920100,975,1625,8940000,11969
11,447,8940000,8940100,975,1625,8960000,11994
11,448,8960000,8960100,975,1625,8980000,12024
11,449,8980000,8980100,975,1625,9000000,12046
11,45,900000,900100,975,1625,920000,1225
11,450,9000000,9000100,975,1625,9020000,12076
11,451,9020000,9020100,975,1625,9040000,12101
11,452,9040000,9040100,975,1625,9060000,12131
11,453,9060000,9060100,975,1625,9080000,12156
11,454,9080000,9080100,975,1625,9100000,12183
11,455,9100000,9100100,975,1625,9120000,12208
11,456,9120000,9120100,975,1625,9140000,12238
11,457,9140000,9140100,975,1625,9160000,12263
11,458,9160000,9160100,975,1625,9180000,12291
11,459,9180000,9180100,975,1625,9200000,12315
11,46,920000,920100,975,1625,940000,1251
11,460,9200000,9200100,975,1625,9220000,12343
11,461,9220000,9220100,975,1625,9240000,12370
11,462,9240000,9240100,975,1625,9260000,12398
11,463,9260000,9260100,975,1625,9280000,12423
11,464,9280000,9280100,975,1625,9300000,12450
11,465,9300000,9300100,975,1625,9320000,12479
11,466,9320000,9320100,975,1625,9340000,12505
11,467,9340000,9340100,975,1625,9360000,12528
11,468,9360000,9360100,975,1625,9380000,12560
11,469,9380000,9380100,975,1625,9400000,12584
11,47,940000,940100,975,1625,960000,1276
11,470,9400000,9400100,975,1625,9420000,12612
11,471,9420000,9420100,975,1625,9440000,12635
11,472,9440000,9440100,975,1625,9460000,12669
11,473,9460000,9460100,975,1625,9480000,12692
11,474,9480000,9480100,975,1625,9500000,12719
11,475,9500000,9500100,975,1625,9520000,12742
11,476,9520000,9520100,975,1625,9540000,12774
11,477,9540000,9540100,975,1625,9560000,12799
11,478,9560000,9560100,975,1625,9580000,12825
11,479,9580000,9580100,975,1625,9600000,12851
11,48,960000,960100,975,1625,980000,1306
11,480,9600000,9600100,975,1625,9620000,12881
11,481,9620000,9620100,975,1625,9640000,12906
11,482,9640000,9640100,975,1625,9660000,12932
11,483,9660000,9660100,975,1625,9680000,12961
11,484,9680000,9680100,975,1625,9700000,12988
11,485,9700000,9700100,975,1625,9720000,13011
11,486,9720000,9720100,975,1625,9740000,13041
11,487,9740000,9740100,975,1625,9760000,13066
11,488,9760000,9760100,975,1625,9780000,13096
11,489,9780000,9780100,975,1625,9800000,13118
11,49,980000,980100,975,1625,1000000,1332
11,490,9800000,9800100,975,1625,9820000,13148
11,491,9820000,9820100,975,1625,9840000,13173
11,492,9840000,9840100,975,1625,9860000,13203
11,493,9860000,9860100,975,1625,9880000,13228
11,494,9880000,9880100,975,1625,9900000,13253
11,495,9900000,9900100,975,1625,9920000,13280
11,496,9920000,9920100,975,1625,9940000,13308
11,497,9940000,9940100,975,1625,9960000,13335
11,498,9960000,9960100,975,1625,9980000,13363
11,499,9980000,9980100,975,1625,10000000,13387
11,5,100000,100100,975,1625,120000,151
11,50,1000000,1000100,975,1625,1020000,1358
11,500,10000000,10000100,975,1625,10020000,13417
11,501,10020000,10020100,975,1625,10040000,13442
11,502,10040000,10040100,975,1625,10060000,13470
11,503,10060000,10060100,975,1625,10080000,13493
11,504,10080000,10080100,975,1625,10100000,13524
11,505,10100000,10100100,975,1625,10120000,13547
11,506,10120000,10120100,975,1625,10140000,13577
11,507,10140000,10140100,975,1625,10160000,13602
11,508,10160000,10160100,975,1625,10180000,13632
11,509,10180000,10180100,975,1625,10200000,13654
11,51,1020000,1020100,975,1625,1040000,1383
11,510,10200000,10200100,975,1625,10220000,13684
11,511,10220000,10220100,975,1625,10240000,13709
11,512,10240000,10240100,975,1625,10260000,13737
11,513,10260000,10260100,975,1625,10280000,13764
11,514,10280000,10280100,975,1625,10300000,13791
11,515,10300000,10300100,975,1625,10320000,13816
11,516,10320000,10320100,975,1625,10340000,13844
11,517,10340000,10340100,975,1625,10360000,13871
11,518,10360000,10360100,975,1625,10380000,13899
11,519,10380000,10380100,975,1625,10400000,13923
11,52,1040000,1040100,975,1625,1060000,1415
11,520,10400000,10400100,975,1625,10420000,13951
11,521,10420000,10420100,975,1625,10440000,13978
11,522,10440000,10440100,975,1625,10460000,14006
11,523,10460000,10460100,975,1625,10480000,14029
11,524,10480000,10480100,975,1625,10500000,14058
11,525,10500000,10500100,975,1625,10520000,14085
11,526,10520000,10520100,975,1625,10540000,14113
11,527,10540000,10540100,975,1625,10560000,14136
11,528,10560000,10560100,975,1625,10580000,14170
11,529,10580000,10580100,975,1625,10600000,14192
11,53,1060000,1060100,975,1625,1080000,1438
11,530,10600000,10600100,975,1625,10620000,14218
11,531,10620000,10620100,975,1625,10640000,14243
11,532,10640000,10640100,975,1625,10660000,14275
11,533,10660000,10660100,975,1625,10680000,14300
11,534,10680000,10680100,975,1625,10700000,14325
11,535,10700000,10700100,975,1625,10720000,14352
11,536,10720000,10720100,975,1625,10740000,14382
11,537,10740000,10740100,975,1625,10760000,14407
11,538,10760000,10760100,975,1625,10780000,14433
11,539,10780000,10780100,975,1625,10800000,14457
11,54,1080000,1080100,975,1625,1100000,1465
11,540,10800000,10800100,975,1625,10820000,14489
11,541,10820000,10820100,975,1625,10840000,14512
11,542,10840000,10840100,975,1625,10860000,14542
11,543,10860000,10860100,975,1625,10880000,14567
11,544,10880000,10880100,975,1625,10900000,14596
11,545,10900000,10900100,975,1625,10920000,14619
11,546,10920000,10920100,975,1625,10940000,14649
11,547,10940000,10940100,975,1625,10960000,14674
11,548,10960000,10960100,975,1625,10980000,14702
11,549,10980000,10980100,975,1625,11000000,14728
11,55,1100000,1100100,975,1625,1120000,1488
11,550,11000000,11000100,975,1625,11020000,14754
11,551,11020000,11020100,975,1625,11040000,14781
11,552,11040000,11040100,975,1625,11060000,14809
11,553,11060000,11060100,975,1625,11080000,14836
11,554,11080000,11080100,975,1625,11100000,14861
11,555,11100000,11100100,975,1625,11120000,14888
11,556,11120000,11120100,975,1625,11140000,14918
11,557,11140000,11140100,975,1625,11160000,14941
11,558,11160000,11160100,975,1625,11180000,14971
11,559,11180000,11180100,975,1625,11200000,14993
11,56,1120000,1120100,975,1625,1140000,1522
11,560,11200000,11200100,975,1625,11220000,15025
11,561,11220000,11220100,975,1625,11240000,15048
11,562,11240000,11240100,975,1625,11260000,15078
11,563,11260000,11260100,975,1625,11280000,15103
11,564,11280000,11280100,975,1625,11300000,15132
11,565,11300000,11300100,975,1625,11320000,15155
11,566,11320000,11320100,975,1625,11340000,15183
11,567,11340000,11340100,975,1625,11360000,15210
11,568,11360000,11360100,975,1625,11380000,15238
11,569,11380000,11380100,975,1625,11400000,15262
11,57,1140000,1140100,975,1625,1160000,1545
11,570,11400000,11400100,975,1625,11420000,15292
11,571,11420000,11420100,975,1625,11440000,15317
11,572,11440000,11440100,975,1625,11460000,15345
11,573,11460000,11460100,975,1625,11480000,15372
11,574,11480000,11480100,975,1625,11500000,15399
11,575,11500000,11500100,975,1625,11520000,15422
11,576,11520000,11520100,975,1625,11540000,15452
11,577,11540000,11540100,975,1625,11560000,15479
11,578,11560000,11560100,975,1625,11580000,15507
11,579,11580000,11580100,975,1625,11600000,15529
11,58,1160000,1160100,975,1625,1180000,1573
11,580,11600000,11600100,975,1625,11620000,15559
11,581,11620000,11620100,975,1625,11640000,15586
11,582,11640000,11640100,975,1625,11660000,15614
11,583,11660000,11660100,975,1625,11680000,15637
11,584,11680000,11680100,975,1625,11700000,15666
11,585,11700000,11700100,975,1625,11720000,15693
11,586,11720000,11720100,975,1625,11740000,15719
11,587,11740000,11740100,975,1625,11760000,15744
11,588,11760000,11760100,975,1625,11780000,15776
11,589,11780000,11780100,975,1625,11800000,15800
11,59,1180000,1180100,975,1625,1200000,1597
11,590,11800000,11800100,975,1625,11820000,15826
11,591,11820000,11820100,975,1625,11840000,15853
11,592,11840000,11840100,975,1625,11860000,15883
11,593,11860000,11860100,975,1625,11880000,15906
11,594,11880000,11880100,975,1625,11900000,15933
11,595,11900000,11900100,975,1625,11920000,15958
11,596,11920000,11920100,975,1625,11940000,15990
11,597,11940000,11940100,975,1625,11960000,16013
11,598,11960000,11960100,975,1625,11980000,16043
11,599,11980000,11980100,975,1625,12000000,16065
11,6,120000,120100,975,1625,140000,179
11,60,1200000,1200100,975,1625,1220000,1629
11,600,12000000,12000100,975,1625,12020000,16097
11,601,12020000,12020100,975,1625,12040000,16120
11,602,12040000,12040100,975,1625,12060000,16148
11,603,12060000,12060100,975,1625,12080000,16175
11,604,12080000,12080100,975,1625,12100000,16202
11,605,12100000,12100100,975,1625,12120000,16229
11,606,12120000,12120100,975,1625,12140000,16255
11,607,12140000,12140100,975,1625,12160000,16282
11,608,12160000,12160100,975,1625,12180000,16310
11,609,12180000,12180100,975,1625,12200000,16336
11,61,1220000,1220100,975,1625,1240000,1652
11,610,12200000,12200100,975,1625,12220000,16362
11,611,12220000,12220100,975,1625,12240000,16387
11,612,12240000,12240100,975,1625,12260000,16419
11,613,12260000,12260100,975,1625,12280000,16442
11,614,12280000,12280100,975,1625,12300000,16469
11,615,12300000,12300100,975,1625,12320000,16494
11,616,12320000,12320100,975,1625,12340000,16526
11,617,12340000,12340100,975,1625,12360000,16549
11,618,12360000,12360100,975,1625,12380000,16579
11,619,12380000,12380100,975,1625,12400000,16603
11,62,1240000,1240100,975,1625,1260000,1678
11,620,12400000,12400100,975,1625,12420000,16631
11,621,12420000,12420100,975,1625,12440000,16656
11,622,12440000,12440100,975,1625,12460000,16684
11,623,12460000,12460100,975,1625,12480000,16711
11,624,12480000,12480100,975,1625,12500000,16738
11,625,12500000,12500100,975,1625,12520000,16763
11,626,12520000,12520100,975,1625,12540000,16793
11,627,12540000,12540100,975,1625,12560000,16818
11,628,12560000,12560100,975,1625,12580000,16846
11,629,12580000,12580100,975,1625,12600000,16868
11,63,1260000,1260100,975,1625,1280000,1707
11,630,12600000,12600100,975,1625,12620000,16900
11,631,12620000,12620100,975,1625,12640000,16923
11,632,12640000,12640100,975,1625,12660000,16953
11,633,12660000,12660100,975,1625,12680000,16980
11,634,12680000,12680100,975,1625,12700000,17007
11,635,12700000,12700100,975,1625,12720000,17030
11,636,12720000,12720100,975,1625,12740000,17060
11,637,12740000,12740100,975,1625,12760000,17087
11,638,12760000,12760100,975,1625,12780000,17113
11,639,12780000,12780100,975,1625,12800000,17137
11,64,1280000,1280100,975,1625,1300000,1734
11,640,12800000,12800100,975,1625,12820000,17167
11,641,12820000,12820100,975,1625,12840000,17194
11,642,12840000,12840100,975,1625,12860000,17220
11,643,12860000,12860100,975,1625,12880000,17245
11,644,12880000,12880100,975,1625,12900000,17274
11,645,12900000,12900100,975,1625,12920000,17301
11,646,12920000,12920100,975,1625,12940000,17327
11,647,12940000,12940100,975,1625,12960000,17352
11,648,12960000,12960100,975,1625,12980000,17384
11,649,12980000,12980100,975,1625,13000000,17406
11,65,1300000,1300100,975,1625,1320000,1759
11,650,13000000,13000100,975,1625,13020000,17434
11,651,13020000,13020100,975,1625,13040000,17459
11,652,13040000,13040100,975,1625,13060000,17491
11,653,13060000,13060100,975,1625,13080000,17514
11,654,13080000,13080100,975,1625,13100000,17543
11,655,13100000,13100100,975,1625,13120000,17566
11,656,13120000,13120100,975,1625,13140000,17596
11,657,13140000,13140100,975,1625,13160000,17621
11,658,13160000,13160100,975,1625,13180000,17649
11,659,13180000,13180100,975,1625,13200000,17673
11,66,1320000,1320100,975,1625,1340000,1787
11,660,13200000,13200100,975,1625,13220000,17703
11,661,13220000,13220100,975,1625,13240000,17730
11,662,13240000,13240100,975,1625,13260000,17756
11,663,13260000,13260100,975,1625,13280000,17783
11,664,13280000,13280100,975,1625,13300000,17810
11,665,13300000,13300100,975,1625,13320000,17835
11,666,13320000,13320100,975,1625,13340000,17863
11,667,13340000,13340100,975,1625,13360000,17888
11,668,13360000,13360100,975,1625,13380000,17920
11,669,13380000,13380100,975,1625,13400000,17942
11,67,1340000,1340100,975,1625,1360000,1814
11,670,13400000,13400100,975,1625,13420000,17970
11,671,13420000,13420100,975,1625,13440000,17995
11,672,13440000,13440100,975,1625,13460000,18027
11,673,13460000,13460100,975,1625,13480000,18050
11,674,13480000,13480100,975,1625,13500000,18075
11,675,13500000,13500100,975,1625,13520000,18104
11,676,13520000,13520100,975,1625,13540000,18132
11,677,13540000,13540100,975,1625,13560000,18157
11,678,13560000,13560100,975,1625,13580000,18185
11,679,13580000,13580100,975,1625,13600000,18211
11,68,1360000,1360100,975,1625,1380000,1842
11,680,13600000,13600100,975,1625,13620000,18239
11,681,13620000,13620100,975,1625,13640000,18264
11,682,13640000,13640100,975,1625,13660000,18294
11,683,13660000,13660100,975,1625,13680000,18317
11,684,13680000,13680100,975,1625,13700000,18346
11,685,13700000,13700100,975,1625,13720000,18369
11,686,13720000,13720100,975,1625,13740000,18401
11,687,13740000,13740100,975,1625,13760000,18424
11,688,13760000,13760100,975,1625,13780000,18454
11,689,13780000,13780100,975,1625,13800000,18478
11,69,1380000,1380100,975,1625,1400000,1866
11,690,13800000,13800100,975,1625,13820000,18508
11,691,13820000,13820100,975,1625,13840000,18531
11,692,13840000,13840100,975,1625,13860000,18559
11,693,13860000,13860100,975,1625,13880000,18588
11,694,13880000,13880100,975,1625,13900000,18613
11,695,13900000,13900100,975,1625,13920000,18638
11,696,13920000,13920100,975,1625,13940000,18668
11,697,13940000,13940100,975,1625,13960000,18695
11,698,13960000,13960100,975,1625,13980000,18721
11,699,13980000,13980100,975,1625,14000000,18745
11,7,140000,140100,975,1625,160000,206
11,70,1400000,1400100,975,1625,1420000,1894
11,700,14000000,14000100,975,1625,14020000,18775
11,701,14020000,14020100,975,1625,14040000,18800
11,702,14040000,14040100,975,1625,14060000,18828
11,703,14060000,14060100,975,1625,14080000,18853
11,704,14080000,14080100,975,1625,14100000,18882
11,705,14100000,14100100,975,1625,14120000,18907
11,706,14120000,14120100,975,1625,14140000,18935
11,707,14140000,14140100,975,1625,14160000,18960
11,708,14160000,14160100,975,1625,14180000,18992
11,709,14180000,14180100,975,1625,14200000,19014
11,71,1420000,1420100,975,1625,1440000,1919
11,710,14200000,14200100,975,1625,14220000,19042
11,711,14220000,14220100,975,1625,14240000,19067
11,712,14240000,14240100,975,1625,14260000,19097
11,713,14260000,14260100,975,1625,14280000,19122
11,714,14280000,14280100,975,1625,14300000,19149
11,715,14300000,14300100,975,1625,14320000,19174
11,716,14320000,14320100,975,1625,14340000,19204
11,717,14340000,14340100,975,1625,14360000,19231
11,718,14360000,14360100,975,1625,14380000,19257
11,719,14380000,14380100,975,1625,14400000,19279
11,72,1440000,1440100,975,1625,1460000,1949
11,720,14400000,14400100,975,1625,14420000,19311
11,721,14420000,14420100,975,1625,14440000,19336
11,722,14440000,14440100,975,1625,14460000,19364
11,723,14460000,14460100,975,1625,14480000,19389
11,724,14480000,14480100,975,1625,14500000,19420
11,725,14500000,14500100,975,1625,14520000,19443
11,726,14520000,14520100,975,1625,14540000,19471
11,727,14540000,14540100,975,1625,14560000,19496
11,728,14560000,14560100,975,1625,14580000,19526
11,729,14580000,14580100,975,1625,14600000,19550
11,73,1460000,1460100,975,1625,1480000,1974
11,730,14600000,14600100,975,1625,14620000,19576
11,731,14620000,14620100,975,1625,14640000,19605
11,732,14640000,14640100,975,1625,14660000,19633
11,733,14660000,14660100,975,1625,14680000,19658
11,734,14680000,14680100,975,1625,14700000,19683
11,735,14700000,14700100,975,1625,14720000,19712
11,736,14720000,14720100,975,1625,14740000,19740
11,737,14740000,14740100,975,1625,14760000,19763
11,738,14760000,14760100,975,1625,14780000,19795
11,739,14780000,14780100,975,1625,14800000,19817
11,74,1480000,1480100,975,1625,1500000,2001
11,740,14800000,14800100,975,1625,14820000,19847
11,741,14820000,14820100,975,1625,14840000,19870
11,742,14840000,14840100,975,1625,14860000,19902
11,743,14860000,14860100,975,1625,14880000,19925
11,744,14880000,14880100,975,1625,14900000,19954
11,745,14900000,14900100,975,1625,14920000,19979
11,746,14920000,14920100,975,1625,14940000,20007
11,747,14940000,14940100,975,1625,14960000,20032
11,748,14960000,14960100,975,1625,14980000,20060
11,749,14980000,14980100,975,1625,15000000,20086
11,75,1500000,1500100,975,1625,1520000,2026
11,750,15000000,15000100,975,1625,15020000,20114
11,751,15020000,15020100,975,1625,15040000,20139
11,752,15040000,15040100,975,1625,15060000,20169
11,753,15060000,15060100,975,1625,15080000,20196
11,754,15080000,15080100,975,1625,15100000,20221
11,755,15100000,15100100,975,1625,15120000,20244
11,756,15120000,15120100,975,1625,15140000,20276
11,757,15140000,15140100,975,1625,15160000,20301
11,758,15160000,15160100,975,1625,15180000,20329
11,759,15180000,15180100,975,1625,15200000,20353
11,76,1520000,1520100,975,1625,1540000,2056
11,760,15200000,15200100,975,1625,15220000,20383
11,761,15220000,15220100,975,1625,15240000,20408
11,762,15240000,15240100,975,1625,15260000,20436
11,763,15260000,15260100,975,1625,15280000,20461
11,764,15280000,15280100,975,1625,15300000,20488
11,765,15300000,15300100,975,1625,15320000,20515
11,766,15320000,15320100,975,1625,15340000,20543
11,767,15340000,15340100,975,1625,15360000,20568
11,768,15360000,15360100,975,1625,15380000,20598
11,769,15380000,15380100,975,1625,15400000,20622
11,77,1540000,1540100,975,1625,1560000,2081
11,770,15400000,15400100,975,1625,15420000,20650
11,771,15420000,15420100,975,1625,15440000,20675
11,772,15440000,15440100,975,1625,15460000,20705
11,773,15460000,15460100,975,1625,15480000,20730
11,774,15480000,15480100,975,1625,15500000,20757
11,775,15500000,15500100,975,1625,15520000,20780
11,776,15520000,15520100,975,1625,15540000,20812
11,777,15540000,15540100,975,1625,15560000,20837
11,778,15560000,15560100,975,1625,15580000,20865
11,779,15580000,15580100,975,1625,15600000,20887
11,78,1560000,1560100,975,1625,1580000,2111
11,780,15600000,15600100,975,1625,15620000,20921
11,781,15620000,15620100,975,1625,15640000,20944
11,782,15640000,15640100,975,1625,15660000,20970
11,783,15660000,15660100,975,1625,15680000,20997
11,784,15680000,15680100,975,1625,15700000,21026
11,785,15700000,15700100,975,1625,15720000,21051
11,786,15720000,15720100,975,1625,15740000,21077
11,787,15740000,15740100,975,1625,15760000,21106
11,788,15760000,15760100,975,1625,15780000,21134
11,789,15780000,15780100,975,1625,15800000,21158
11,79,1580000,1580100,975,1625,1600000,2133
11,790,15800000,15800100,975,1625,15820000,21184
11,791,15820000,15820100,975,1625,15840000,21211
11,792,15840000,15840100,975,1625,15860000,21241
11,793,15860000,15860100,975,1625,15880000,21264
11,794,15880000,15880100,975,1625,15900000,21293
11,795,15900000,15900100,975,1625,15920000,21318
11,796,15920000,15920100,975,1625,15940000,21348
11,797,15940000,15940100,975,1625,15960000,21371
11,798,15960000,15960100,975,1625,15980000,21403
11,799,15980000,15980100,975,1625,16000000,21425
11,8,160000,160100,975,1625,180000,234
11,80,1600000,1600100,975,1625,1620000,2163
11,800,16000000,16000100,975,1625,16020000,21453
11,801,16020000,16020100,975,1625,16040000,21480
11,802,16040000,16040100,975,1625,16060000,21508
11,803,16060000,16060100,975,1625,16080000,21533
11,804,16080000,16080100,975,1625,16100000,21560
11,805,16100000,16100100,975,1625,16120000,21587
11,806,16120000,16120100,975,1625,16140000,21615
11,807,16140000,16140100,975,1625,16160000,21640
11,808,16160000,16160100,975,1625,16180000,21670
11,809,16180000,16180100,975,1625,16200000,21692
11,81,1620000,1620100,975,1625,1640000,2188
11,810,16200000,16200100,975,1625,16220000,21722
11,811,16220000,16220100,975,1625,16240000,21745
11,812,16240000,16240100,975,1625,16260000,21777
11,813,16260000,16260100,975,1625,16280000,21802
11,814,16280000,16280100,975,1625,16300000,21829
11,815,16300000,16300100,975,1625,16320000,21854
11,816,16320000,16320100,975,1625,16340000,21884
11,817,16340000,16340100,975,1625,16360000,21909
11,818,16360000,16360100,975,1625,16380000,21935
11,819,16380000,16380100,975,1625,16400000,21961
11,82,1640000,1640100,975,1625,1660000,2216
11,820,16400000,16400100,975,1625,16420000,21989
11,821,16420000,16420100,975,1625,16440000,22016
11,822,16440000,16440100,975,1625,16460000,22044
11,823,16460000,16460100,975,1625,16480000,22069
11,824,16480000,16480100,975,1625,16500000,22096
11,825,16500000,16500100,975,1625,16520000,22123
11,826,16520000,16520100,975,1625,16540000,22151
11,827,16540000,16540100,975,1625,16560000,22174
11,828,16560000,16560100,975,1625,16580000,22206
11,829,16580000,16580100,975,1625,16600000,22230
11,83,1660000,1660100,975,1625,1680000,2241
11,830,16600000,16600100,975,1625,16620000,22258
11,831,16620000,16620100,975,1625,16640000,22281
11,832,16640000,16640100,975,1625,16660000,22313
11,833,16660000,16660100,975,1625,16680000,22338
11,834,16680000,16680100,975,1625,16700000,22365
11,835,16700000,16700100,975,1625,16720000,22388
11,836,16720000,16720100,975,1625,16740000,22420
11,837,16740000,16740100,975,1625,16760000,22445
11,838,16760000,16760100,975,1625,16780000,22471
11,839,16780000,16780100,975,1625,16800000,22495
11,84,1680000,1680100,975,1625,1700000,2270
11,840,16800000,16800100,975,1625,16820000,22527
11,841,16820000,16820100,975,1625,16840000,22552
11,842,16840000,16840100,975,1625,16860000,22578
11,843,16860000,16860100,975,1625,16880000,22607
11,844,16880000,16880100,975,1625,16900000,22634
11,845,16900000,16900100,975,1625,16920000,22657
11,846,16920000,16920100,975,1625,16940000,22685
11,847,16940000,16940100,975,1625,16960000,22712
11,848,16960000,16960100,975,1625,16980000,22742
11,849,16980000,16980100,975,1625,17000000,22764
11,85,1700000,1700100,975,1625,1720000,2295
11,850,17000000,17000100,975,1625,17020000,22794
11,851,17020000,17020100,975,1625,17040000,22819
11,852,17040000,17040100,975,1625,17060000,22849
11,853,17060000,17060100,975,1625,17080000,22872
11,854,17080000,17080100,975,1625,17100000,22899
11,855,17100000,17100100,975,1625,17120000,22926
11,856,17120000,17120100,975,1625,17140000,22954
11,857,17140000,17140100,975,1625,17160000,22981
11,858,17160000,17160100,975,1625,17180000,23009
11,859,17180000,17180100,975,1625,17200000,23033
11,86,1720000,1720100,975,1625,1740000,2323
11,860,17200000,17200100,975,1625,17220000,23061
11,861,17220000,17220100,975,1625,17240000,23088
11,862,17240000,17240100,975,1625,17260000,23116
11,863,17260000,17260100,975,1625,17280000,23139
11,864,17280000,17280100,975,1625,17300000,23170
11,865,17300000,17300100,975,1625,17320000,23193
11,866,17320000,17320100,975,1625,17340000,23223
11,867,17340000,17340100,975,1625,17360000,23246
11,868,17360000,17360100,975,1625,17380000,23278
11,869,17380000,17380100,975,1625,17400000,23300
11,87,1740000,1740100,975,1625,1760000,2350
11,870,17400000,17400100,975,1625,17420000,23330
11,871,17420000,17420100,975,1625,17440000,23355
11,872,17440000,17440100,975,1625,17460000,23383
11,873,17460000,17460100,975,1625,17480000,23410
11,874,17480000,17480100,975,1625,17500000,23435
11,875,17500000,17500100,975,1625,17520000,23462
11,876,17520000,17520100,975,1625,17540000,23490
11,877,17540000,17540100,975,1625,17560000,23517
11,878,17560000,17560100,975,1625,17580000,23545
11,879,17580000,17580100,975,1625,17600000,23569
11,88,1760000,1760100,975,1625,1780000,2378
11,880,17600000,17600100,975,1625,17620000,23597
11,881,17620000,17620100,975,1625,17640000,23622
11,882,17640000,17640100,975,1625,17660000,23652
11,883,17660000,17660100,975,1625,17680000,23675
11,884,17680000,17680100,975,1625,17700000,23704
11,885,17700000,17700100,975,1625,17720000,23731
11,886,17720000,17720100,975,1625,17740000,23759
11,887,17740000,17740100,975,1625,17760000,23782
11,888,17760000,17760100,975,1625,17780000,23814
11,889,17780000,17780100,975,1625,17800000,23838
11,89,1780000,1780100,975,1625,1800000,2400
11,890,17800000,17800100,975,1625,17820000,23864
11,891,17820000,17820100,975,1625,17840000,23889
11,892,17840000,17840100,975,1625,17860000,23921
11,893,17860000,17860100,975,1625,17880000,23946
11,894,17880000,17880100,975,1625,17900000,23971
11,895,17900000,17900100,975,1625,17920000,23996
11,896,17920000,17920100,975,1625,17940000,24028
11,897,17940000,17940100,975,1625,17960000,24053
11,898,17960000,17960100,975,1625,17980000,24079
11,899,17980000,17980100,975,1625,18000000,24103
11,9,180000,180100,975,1625,200000,258
11,90,1800000,1800100,975,1625,1820000,2430
11,900,18000000,18000100,975,1625,18020000,24135
11,901,18020000,18020100,975,1625,18040000,24158
11,902,18040000,18040100,975,1625,18060000,24186
11,903,18060000,18060100,975,1625,18080000,24213
11,904,18080000,18080100,975,1625,18100000,24242
11,905,18100000,18100100,975,1625,18120000,24265
11,906,18120000,18120100,975,1625,18140000,24295
11,907,18140000,18140100,975,1625,18160000,24320
11,908,18160000,18160100,975,1625,18180000,24348
11,909,18180000,18180100,975,1625,18200000,24372
11,91,1820000,1820100,975,1625,1840000,2455
11,910,18200000,18200100,975,1625,18220000,24400
11,911,18220000,18220100,975,1625,18240000,24427
11,912,18240000,18240100,975,1625,18260000,24455
11,913,18260000,18260100,975,1625,18280000,24482
11,914,18280000,18280100,975,1625,18300000,24507
11,915,18300000,18300100,975,1625,18320000,24534
11,916,18320000,18320100,975,1625,18340000,24562
11,917,18340000,18340100,975,1625,18360000,24587
11,918,18360000,18360100,975,1625,18380000,24617
11,919,18380000,18380100,975,1625,18400000,24639
11,92,1840000,1840100,975,1625,1860000,2485
11,920,18400000,18400100,975,1625,18420000,24671
11,921,18420000,18420100,975,1625,18440000,24694
11,922,18440000,18440100,975,1625,18460000,24724
11,923,18460000,18460100,975,1625,18480000,24747
11,924,18480000,18480100,975,1625,18500000,24778
11,925,18500000,18500100,975,1625,18520000,24801
11,926,18520000,18520100,975,1625,18540000,24829
11,927,18540000,18540100,975,1625,18560000,24856
11,928,18560000,18560100,975,1625,18580000,24884
11,929,18580000,18580100,975,1625,18600000,24908
11,93,1860000,1860100,975,1625,1880000,2510
11,930,18600000,18600100,975,1625,18620000,24936
11,931,18620000,18620100,975,1625,18640000,24963
11,932,18640000,18640100,975,1625,18660000,24991
11,933,18660000,18660100,975,1625,18680000,25018
11,934,18680000,18680100,975,1625,18700000,25045
11,935,18700000,18700100,975,1625,18720000,25068
11,936,18720000,18720100,975,1625,18740000,25098
11,937,18740000,18740100,975,1625,18760000,25123
11,938,18760000,18760100,975,1625,18780000,25153
11,939,18780000,18780100,975,1625,18800000,25175
11,94,1880000,1880100,975,1625,1900000,2539
11,940,18800000,18800100,975,1625,18820000,25205
11,941,18820000,18820100,975,1625,18840000,25232
11,942,18840000,18840100,975,1625,18860000,25260
11,943,18860000,18860100,975,1625,18880000,25283
11,944,18880000,18880100,975,1625,18900000,25310
11,945,18900000,18900100,975,1625,18920000,25339
11,946,18920000,18920100,975,1625,18940000,25365
11,947,18940000,18940100,975,1625,18960000,25390
11,948,18960000,18960100,975,1625,18980000,25422
11,949,18980000,18980100,975,1625,19000000,25446
11,95,1900000,1900100,975,1625,1920000,2562
11,950,19000000,19000100,975,1625,19020000,25472
11,951,19020000,19020100,975,1625,19040000,25497
11,952,19040000,19040100,975,1625,19060000,25529
11,953,19060000,19060100,975,1625,19080000,25552
11,954,19080000,19080100,975,1625,19100000,25579
11,955,19100000,19100100,975,1625,19120000,25604
11,956,19120000,19120100,975,1625,19140000,25636
11,957,19140000,19140100,975,1625,19160000,25659
11,958,19160000,19160100,975,1625,19180000,25687
11,959,19180000,19180100,975,1625,19200000,25711
11,96,1920000,1920100,975,1625,1940000,2592
11,960,19200000,19200100,975,1625,19220000,25743
11,961,19220000,19220100,975,1625,19240000,25766
11,962,19240000,19240100,975,1625,19260000,25794
11,963,19260000,19260100,975,1625,19280000,25821
11,964,19280000,19280100,975,1625,19300000,25848
11,965,19300000,19300100,975,1625,19320000,25873
11,966,19320000,19320100,975,1625,19340000,25901
11,967,19340000,19340100,975,1625,19360000,25928
11,968,19360000,19360100,975,1625,19380000,25956
11,969,19380000,19380100,975,1625,19400000,25982
11,97,1940000,1940100,975,1625,1960000,2617
11,970,19400000,19400100,975,1625,19420000,26008
11,971,19420000,19420100,975,1625,19440000,26033
11,972,19440000,19440100,975,1625,19460000,26063
11,973,19460000,19460100,975,1625,19480000,26088
11,974,19480000,19480100,975,1625,19500000,26115
11,975,19500000,19500100,975,1625,19520000,26140
11,976,19520000,19520100,975,1625,19540000,26172
11,977,19540000,19540100,975,1625,19560000,26195
11,978,19560000,19560100,975,1625,19580000,26225
11,979,19580000,19580100,975,1625,19600000,26247
11,98,1960000,1960100,975,1625,1980000,2645
11,980,19600000,19600100,975,1625,19620000,26277
11,981,19620000,19620100,975,1625,19640000,26302
11,982,19640000,19640100,975,1625,19660000,26330
11,983,19660000,19660100,975,1625,19680000,26357
11,984,19680000,19680100,975,1625,19700000,26384
11,985,19700000,19700100,975,1625,19720000,26409
11,986,19720000,19720100,975,1625,19740000,26437
11,987,19740000,19740100,975,1625,19760000,26464
11,988,19760000,19760100,975,1625,19780000,26492
11,989,19780000,19780100,975,1625,19800000,26514
11,99,1980000,1980100,975,1625,2000000,2669
11,990,19800000,19800100,975,1625,19820000,26546
11,991,19820000,19820100,975,1625,19840000,26569
11,992,19840000,19840100,975,1625,19860000,26599
11,993,19860000,19860100,975,1625,19880000,26624
11,994,19880000,19880100,975,1625,19900000,26653
11,995,19900000,19900100,975,1625,19920000,26676
11,996,19920000,19920100,975,1625,19940000,26706
11,997,19940000,19940100,975,1625,19960000,26733
11,998,19960000,19960100,975,1625,19980000,26759
11,999,19980000,19980100,975,1625,20000000,26783
12,0,0,100,302,503,25000,22
12,1,25000,25100,302,503,50000,60
12,10,250000,250100,302,503,275000,354
12,100,2500000,2500100,302,503,2525000,3373
12,1000,25000000,25000100,302,503,25025000,33513
12,1001,25025000,25025100,302,503,25050000,33551
12,1002,25050000,25050100,302,503,25075000,33580
12,1003,25075000,25075100,302,503,25100000,33618
12,1004,25100000,25100100,302,503,25125000,33648
12,1005,25125000,25125100,302,503,25150000,33685
12,1006,25150000,25150100,302,503,25175000,33713
12,1007,25175000,25175100,302,503,25200000,33748
12,101,2525000,2525100,302,503,2550000,3406
12,102,2550000,2550100,302,503,2575000,3438
12,103,2575000,2575100,302,503,2600000,3475
12,104,2600000,2600100,302,503,2625000,3503
12,105,2625000,2625100,302,503,2650000,3543
12,106,2650000,2650100,302,503,2675000,3570
12,107,2675000,2675100,302,503,2700000,3608
12,108,2700000,2700100,302,503,2725000,3640
12,109,2725000,2725100,302,503,2750000,3677
12,11,275000,275100,302,503,300000,394
12,110,2750000,2750100,302,503,2775000,3703
12,111,2775000,2775100,302,503,2800000,3742
12,112,2800000,2800100,302,503,2825000,3772
12,113,2825000,2825100,302,503,2850000,3810
12,114,2850000,2850100,302,503,2875000,3837
12,115,2875000,2875100,302,503,2900000,3879
12,116,2900000,2900100,302,503,2925000,3905
12,117,2925000,2925100,302,503,2950000,3944
12,118,2950000,2950100,302,503,2975000,3974
12,119,2975000,2975100,302,503,3000000,4009
12,12,300000,300100,302,503,325000,426
12,120,3000000,3000100,302,503,3025000,4041
12,121,3025000,3025100,302,503,3050000,4079
12,122,3050000,3050100,302,503,3075000,4104
12,123,3075000,3075100,302,503,3100000,4146
12,124,3100000,3100100,302,503,3125000,4176
12,125,3125000,3125100,302,503,3150000,4209
12,126,3150000,3150100,302,503,3175000,4241
12,127,3175000,3175100,302,503,3200000,4278
12,128,3200000,3200100,302,503,3225000,4308
12,129,3225000,3225100,302,503,3250000,4348
12,13,325000,325100,302,503,350000,459
12,130,3250000,3250100,302,503,3275000,4371
12,131,3275000,3275100,302,503,3300000,4415
12,132,3300000,3300100,302,503,3325000,4443
12,133,3325000,3325100,302,503,3350000,4478
12,134,3350000,3350100,302,503,3375000,4508
12,135,3375000,3375100,302,503,3400000,4547
12,136,3400000,3400100,302,503,3425000,4575
12,137,3425000,3425100,302,503,3450000,4615
12,138,3450000,3450100,302,503,3475000,4642
12,139,3475000,3475100,302,503,3500000,4680
12,14,350000,350100,302,503,375000,489
12,140,3500000,3500100,302,503,3525000,4712
12,141,3525000,3525100,302,503,3550000,4747
12,142,3550000,3550100,302,503,3575000,4777
12,143,3575000,3575100,302,503,3600000,4812
12,144,3600000,3600100,302,503,3625000,4844
12,145,3625000,3625100,302,503,3650000,4884
12,146,3650000,3650100,302,503,3675000,4907
12,147,3675000,3675100,302,503,3700000,4951
12,148,3700000,3700100,302,503,3725000,4979
12,149,3725000,3725100,302,503,3750000,5014
12,15,375000,375100,302,503,400000,526
12,150,3750000,3750100,302,503,3775000,5044
12,151,3775000,3775100,302,503,3800000,5083
12,152,3800000,3800100,302,503,3825000,5109
12,153,3825000,3825100,302,503,3850000,5151
12,154,3850000,3850100,302,503,3875000,5178
12,155,3875000,3875100,302,503,3900000,5216
12,156,3900000,3900100,302,503,3925000,5250
12,157,3925000,3925100,302,503,3950000,5283
12,158,3950000,3950100,302,503,3975000,5311
12,159,3975000,3975100,302,503,4000000,5350
12,16,400000,400100,302,503,425000,558
12,160,4000000,4000100,302,503,4025000,5380
12,161,4025000,4025100,302,503,4050000,5416
12,162,4050000,4050100,302,503,4075000,5445
12,163,4075000,4075100,302,503,4100000,5487
12,164,4100000,4100100,302,503,4125000,5513
12,165,4125000,4125100,302,503,4150000,5552
12,166,4150000,4150100,302,503,4175000,5580
12,167,4175000,4175100,302,503,4200000,5617
12,168,4200000,4200100,302,503,4225000,5647
12,169,4225000,4225100,302,503,4250000,5687
12,17,425000,425100,302,503,450000,594
12,170,4250000,4250100,302,503,4275000,5712
12,171,4275000,4275100,302,503,4300000,5754
12,172,4300000,4300100,302,503,4325000,5784
12,173,4325000,4325100,302,503,4350000,5819
12,174,4350000,4350100,302,503,4375000,5849
12,175,4375000,4375100,302,503,4400000,5884
12,176,4400000,4400100,302,503,4425000,5916
12,177,4425000,4425100,302,503,4450000,5954
12,178,4450000,4450100,302,503,4475000,5979
12,179,4475000,4475100,302,503,4500000,6021
12,18,450000,450100,302,503,475000,621
12,180,4500000,4500100,302,503,4525000,6051
12,181,4525000,4525100,302,503,4550000,6086
12,182,4550000,4550100,302,503,4575000,6116
12,183,4575000,4575100,302,503,4600000,6155
12,184,4600000,4600100,302,503,4625000,6183
12,185,4625000,4625100,302,503,4650000,6223
12,186,4650000,4650100,302,503,4675000,6248
12,187,4675000,4675100,302,503,4700000,6290
12,188,4700000,4700100,302,503,4725000,6318
12,189,4725000,4725100,302,503,4750000,6355
12,19,475000,475100,302,503,500000,665
12,190,4750000,4750100,302,503,4775000,6385
12,191,4775000,4775100,302,503,4800000,6420
12,192,4800000,4800100,302,503,4825000,6452
12,193,4825000,4825100,302,503,4850000,6490
12,194,4850000,4850100,302,503,4875000,6515
12,195,4875000,4875100,302,503,4900000,6557
12,196,4900000,4900100,302,503,4925000,6587
12,197,4925000,4925100,302,503,4950000,6620
12,198,4950000,4950100,302,503,4975000,6654
12,199,4975000,4975100,302,503,5000000,6691
12,2,50000,50100,302,503,75000,85
12,20,500000,500100,302,503,525000,691
12,200,5000000,5000100,302,503,5025000,6717
12,201,5025000,5025100,302,503,5050000,6761
12,202,5050000,5050100,302,503,5075000,6784
12,203,5075000,5075100,302,503,5100000,6824
12,204,5100000,5100100,302,503,5125000,6856
12,205,5125000,5125100,302,503,5150000,6891
12,206,5150000,5150100,302,503,5175000,6917
12,207,5175000,5175100,302,503,5200000,6958
12,208,5200000,5200100,302,503,5225000,6988
12,209,5225000,5225100,302,503,5250000,7024
12,21,525000,525100,302,503,550000,728
12,210,5250000,5250100,302,503,5275000,7053
12,211,5275000,5275100,302,503,5300000,7093
12,212,5300000,5300100,302,503,5325000,7123
12,213,5325000,5325100,302,503,5350000,7158
12,214,5350000,5350100,302,503,5375000,7188
12,215,5375000,5375100,302,503,5400000,7225
12,216,5400000,5400100,302,503,5425000,7255
12,217,5425000,5425100,302,503,5450000,7295
12,218,5450000,5450100,302,503,5475000,7320
12,219,5475000,5475100,302,503,5500000,7362
12,22,550000,550100,302,503,575000,758
12,220,5500000,5500100,302,503,5525000,7390
12,221,5525000,5525100,302,503,5550000,7427
12,222,5550000,5550100,302,503,5575000,7455
12,223,5575000,5575100,302,503,5600000,7492
12,224,5600000,5600100,302,503,5625000,7522
12,225,5625000,5625100,302,503,5650000,7562
12,226,5650000,5650100,302,503,5675000,7589
12,227,5675000,5675100,302,503,5700000,7629
12,228,5700000,5700100,302,503,5725000,7659
12,229,5725000,5725100,302,503,5750000,7694
12,23,575000,575100,302,503,600000,795
12,230,5750000,5750100,302,503,5775000,7724
12,231,5775000,5775100,302,503,5800000,7761
12,232,5800000,5800100,302,503,5825000,7791
12,233,5825000,5825100,302,503,5850000,7829
12,234,5850000,5850100,302,503,5875000,7856
12,235,5875000,5875100,302,503,5900000,7898
12,236,5900000,5900100,302,503,5925000,7926
12,237,5925000,5925100,302,503,5950000,7963
12,238,5950000,5950100,302,503,5975000,7991
12,239,5975000,5975100,302,503,6000000,8028
12,24,600000,600100,302,503,625000,823
12,240,6000000,6000100,302,503,6025000,8060
12,241,6025000,6025100,302,503,6050000,8098
12,242,6050000,6050100,302,503,6075000,8121
12,243,6075000,6075100,302,503,6100000,8167
12,244,6100000,6100100,302,503,6125000,8195
12,245,6125000,6125100,302,503,6150000,8228
12,246,6150000,6150100,302,503,6175000,8262
12,247,6175000,6175100,302,503,6200000,8297
12,248,6200000,6200100,302,503,6225000,8325
12,249,6225000,6225100,302,503,6250000,8367
12,25,625000,625100,302,503,650000,865
12,250,6250000,6250100,302,503,6275000,8392
12,251,6275000,6275100,302,503,6300000,8430
12,252,6300000,6300100,302,503,6325000,8464
12,253,6325000,6325100,302,503,6350000,8499
12,254,6350000,6350100,302,503,6375000,8527
12,255,6375000,6375100,302,503,6400000,8566
12,256,6400000,6400100,302,503,6425000,8594
12,257,6425000,6425100,302,503,6450000,8634
12,258,6450000,6450100,302,503,6475000,8659
12,259,6475000,6475100,302,503,6500000,8701
12,26,650000,650100,302,503,675000,888
12,260,6500000,6500100,302,503,6525000,8729
12,261,6525000,6525100,302,503,6550000,8766
12,262,6550000,6550100,302,503,6575000,8796
12,263,6575000,6575100,302,503,6600000,8833
12,264,6600000,6600100,302,503,6625000,8863
12,265,6625000,6625100,302,503,6650000,8901
12,266,6650000,6650100,302,503,6675000,8928
12,267,6675000,6675100,302,503,6700000,8968
12,268,6700000,6700100,302,503,6725000,9000
12,269,6725000,6725100,302,503,6750000,9033
12,27,675000,675100,302,503,700000,930
12,270,6750000,6750100,302,503,6775000,9063
12,271,6775000,6775100,302,503,6800000,9102
12,272,6800000,6800100,302,503,6825000,9130
12,273,6825000,6825100,302,503,6850000,9170
12,274,6850000,6850100,302,503,6875000,9195
12,275,6875000,6875100,302,503,6900000,9237
12,276,6900000,6900100,302,503,6925000,9265
12,277,6925000,6925100,302,503,6950000,9302
12,278,6950000,6950100,302,503,6975000,9330
12,279,6975000,6975100,302,503,7000000,9369
12,28,700000,700100,302,503,725000,962
12,280,7000000,7000100,302,503,7025000,9399
12,281,7025000,7025100,302,503,7050000,9437
12,282,7050000,7050100,302,503,7075000,9466
12,283,7075000,7075100,302,503,7100000,9504
12,284,7100000,7100100,302,503,7125000,9534
12,285,7125000,7125100,302,503,7150000,9571
12,286,7150000,7150100,302,503,7175000,9599
12,287,7175000,7175100,302,503,7200000,9634
12,288,7200000,7200100,302,503,7225000,9668
12,289,7225000,7225100,302,503,7250000,9706
12,29,725000,725100,302,503,750000,995
12,290,7250000,7250100,302,503,7275000,9729
12,291,7275000,7275100,302,503,7300000,9775
12,292,7300000,7300100,302,503,7325000,9801
12,293,7325000,7325100,302,503,7350000,9836
12,294,7350000,7350100,302,503,7375000,9868
12,295,7375000,7375100,302,503,7400000,9905
12,296,7400000,7400100,302,503,7425000,9933
12,297,7425000,7425100,302,503,7450000,9975
12,298,7450000,7450100,302,503,7475000,10000
12,299,7475000,7475100,302,503,7500000,10040
12,3,75000,75100,302,503,100000,129
12,30,750000,750100,302,503,775000,1027
12,300,7500000,7500100,302,503,7525000,10072
12,301,7525000,7525100,302,503,7550000,10105
12,302,7550000,7550100,302,503,7575000,10135
12,303,7575000,7575100,302,503,7600000,10172
12,304,7600000,7600100,302,503,7625000,10202
12,305,7625000,7625100,302,503,7650000,10240
12,306,7650000,7650100,302,503,7675000,10267
12,307,7675000,7675100,302,503,7700000,10309
12,308,7700000,7700100,302,503,7725000,10337
12,309,7725000,7725100,302,503,7750000,10374
12,31,775000,775100,302,503,800000,1062
12,310,7750000,7750100,302,503,7775000,10404
12,311,7775000,7775100,302,503,7800000,10441
12,312,7800000,7800100,302,503,7825000,10469
12,313,7825000,7825100,302,503,7850000,10511
12,314,7850000,7850100,302,503,7875000,10534
12,315,7875000,7875100,302,503,7900000,10576
12,316,7900000,7900100,302,503,7925000,10608
12,317,7925000,7925100,302,503,7950000,10641
12,318,7950000,7950100,302,503,7975000,10671
12,319,7975000,7975100,302,503,8000000,10708
12,32,800000,800100,302,503,825000,1092
12,320,8000000,8000100,302,503,8025000,10738
12,321,8025000,8025100,302,503,8050000,10776
12,322,8050000,8050100,302,503,8075000,10803
12,323,8075000,8075100,302,503,8100000,10843
12,324,8100000,8100100,302,503,8125000,10875
12,325,8125000,8125100,302,503,8150000,10910
12,326,8150000,8150100,302,503,8175000,10938
12,327,8175000,8175100,302,503,8200000,10979
12,328,8200000,8200100,302,503,8225000,11005
12,329,8225000,8225100,302,503,8250000,11045
12,33,825000,825100,302,503,850000,1132
12,330,8250000,8250100,302,503,8275000,11072
12,331,8275000,8275100,302,503,8300000,11112
12,332,8300000,8300100,302,503,8325000,11140
12,333,8325000,8325100,302,503,8350000,11179
12,334,8350000,8350100,302,503,8375000,11207
12,335,8375000,8375100,302,503,8400000,11242
12,336,8400000,8400100,302,503,8425000,11276
12,337,8425000,8425100,302,503,8450000,11312
12,338,8450000,8450100,302,503,8475000,11339
12,339,8475000,8475100,302,503,8500000,11381
12,34,850000,850100,302,503,875000,1157
12,340,8500000,8500100,302,503,8525000,11409
12,341,8525000,8525100,302,503,8550000,11444
12,342,8550000,8550100,302,503,8575000,11476
12,343,8575000,8575100,302,503,8600000,11513
12,344,8600000,8600100,302,503,8625000,11541
12,345,8625000,8625100,302,503,8650000,11583
12,346,8650000,8650100,302,503,8675000,11606
12,347,8675000,8675100,302,503,8700000,11648
12,348,8700000,8700100,302,503,8725000,11678
12,349,8725000,8725100,302,503,8750000,11713
12,35,875000,875100,302,503,900000,1197
12,350,8750000,8750100,302,503,8775000,11741
12,351,8775000,8775100,302,503,8800000,11780
12,352,8800000,8800100,302,503,8825000,11812
12,353,8825000,8825100,302,503,8850000,11848
12,354,8850000,8850100,302,503,8875000,11875
12,355,8875000,8875100,302,503,8900000,11917
12,356,8900000,8900100,302,503,8925000,11945
12,357,8925000,8925100,302,503,8950000,11980
12,358,8950000,8950100,302,503,8975000,12012
12,359,8975000,8975100,302,503,9000000,12047
12,36,900000,900100,302,503,925000,1229
12,360,9000000,9000100,302,503,9025000,12077
12,361,9025000,9025100,302,503,9050000,12119
12,362,9050000,9050100,302,503,9075000,12142
12,363,9075000,9075100,302,503,9100000,12184
12,364,9100000,9100100,302,503,9125000,12214
12,365,9125000,9125100,302,503,9150000,12249
12,366,9150000,9150100,302,503,9175000,12279
12,367,9175000,9175100,302,503,9200000,12316
12,368,9200000,9200100,302,503,9225000,12344
12,369,9225000,9225100,302,503,9250000,12386
12,37,925000,925100,302,503,950000,1264
12,370,9250000,9250100,302,503,9275000,12411
12,371,9275000,9275100,302,503,9300000,12451
12,372,9300000,9300100,302,503,9325000,12483
12,373,9325000,9325100,302,503,9350000,12516
12,374,9350000,9350100,302,503,9375000,12546
12,375,9375000,9375100,302,503,9400000,12585
12,376,9400000,9400100,302,503,9425000,12613
12,377,9425000,9425100,302,503,9450000,12651
12,378,9450000,9450100,302,503,9475000,12680
12,379,9475000,9475100,302,503,9500000,12720
12,38,950000,950100,302,503,975000,1292
12,380,9500000,9500100,302,503,9525000,12750
12,381,9525000,9525100,302,503,9550000,12787
12,382,9550000,9550100,302,503,9575000,12813
12,383,9575000,9575100,302,503,9600000,12852
12,384,9600000,9600100,302,503,9625000,12882
12,385,9625000,9625100,302,503,9650000,12920
12,386,9650000,9650100,302,503,9675000,12945
12,387,9675000,9675100,302,503,9700000,12989
12,388,9700000,9700100,302,503,9725000,13017
12,389,9725000,9725100,302,503,9750000,13052
12,39,975000,975100,302,503,1000000,1333
12,390,9750000,9750100,302,503,9775000,13084
12,391,9775000,9775100,302,503,9800000,13119
12,392,9800000,9800100,302,503,9825000,13149
12,393,9825000,9825100,302,503,9850000,13189
12,394,9850000,9850100,302,503,9875000,13216
12,395,9875000,9875100,302,503,9900000,13254
12,396,9900000,9900100,302,503,9925000,13286
12,397,9925000,9925100,302,503,9950000,13323
12,398,9950000,9950100,302,503,9975000,13349
12,399,9975000,9975100,302,503,10000000,13388
12,4,100000,100100,302,503,125000,155
12,40,1000000,1000100,302,503,1025000,1359
12,400,10000000,10000100,302,503,10025000,13418
12,401,10025000,10025100,302,503,10050000,13456
12,402,10050000,10050100,302,503,10075000,13481
12,403,10075000,10075100,302,503,10100000,13525
12,404,10100000,10100100,302,503,10125000,13551
12,405,10125000,10125100,302,503,10150000,13588
12,406,10150000,10150100,302,503,10175000,13620
12,407,10175000,10175100,302,503,10200000,13655
12,408,10200000,10200100,302,503,10225000,13687
12,409,10225000,10225100,302,503,10250000,13725
12,41,1025000,1025100,302,503,1050000,1399
12,410,10250000,10250100,302,503,10275000,13750
12,411,10275000,10275100,302,503,10300000,13792
12,412,10300000,10300100,302,503,10325000,13822
12,413,10325000,10325100,302,503,10350000,13855
12,414,10350000,10350100,302,503,10375000,13887
12,415,10375000,10375100,302,503,10400000,13924
12,416,10400000,10400100,302,503,10425000,13952
12,417,10425000,10425100,302,503,10450000,13994
12,418,10450000,10450100,302,503,10475000,14017
12,419,10475000,10475100,302,503,10500000,14059
12,42,1050000,1050100,302,503,1075000,1426
12,420,10500000,10500100,302,503,10525000,14089
12,421,10525000,10525100,302,503,10550000,14124
12,422,10550000,10550100,302,503,10575000,14154
12,423,10575000,10575100,302,503,10600000,14193
12,424,10600000,10600100,302,503,10625000,14221
12,425,10625000,10625100,302,503,10650000,14261
12,426,10650000,10650100,302,503,10675000,14288
12,427,10675000,10675100,302,503,10700000,14326
12,428,10700000,10700100,302,503,10725000,14358
12,429,10725000,10725100,302,503,10750000,14393
12,43,1075000,1075100,302,503,1100000,1466
12,430,10750000,10750100,302,503,10775000,14421
12,431,10775000,10775100,302,503,10800000,14458
12,432,10800000,10800100,302,503,10825000,14490
12,433,10825000,10825100,302,503,10850000,14528
12,434,10850000,10850100,302,503,10875000,14553
12,435,10875000,10875100,302,503,10900000,14597
12,436,10900000,10900100,302,503,10925000,14625
12,437,10925000,10925100,302,503,10950000,14660
12,438,10950000,10950100,302,503,10975000,14690
12,439,10975000,10975100,302,503,11000000,14729
12,44,1100000,1100100,302,503,1125000,1496
12,440,11000000,11000100,302,503,11025000,14755
12,441,11025000,11025100,302,503,11050000,14797
12,442,11050000,11050100,302,503,11075000,14824
12,443,11075000,11075100,302,503,11100000,14862
12,444,11100000,11100100,302,503,11125000,14894
12,445,11125000,11125100,302,503,11150000,14929
12,446,11150000,11150100,302,503,11175000,14957
12,447,11175000,11175100,302,503,11200000,14994
12,448,11200000,11200100,302,503,11225000,15026
12,449,11225000,11225100,302,503,11250000,15062
12,45,1125000,1125100,302,503,1150000,1533
12,450,11250000,11250100,302,503,11275000,15091
12,451,11275000,11275100,302,503,11300000,15133
12,452,11300000,11300100,302,503,11325000,15159
12,453,11325000,11325100,302,503,11350000,15198
12,454,11350000,11350100,302,503,11375000,15226
12,455,11375000,11375100,302,503,11400000,15263
12,456,11400000,11400100,302,503,11425000,15293
12,457,11425000,11425100,302,503,11450000,15333
12,458,11450000,11450100,302,503,11475000,15356
12,459,11475000,11475100,302,503,11500000,15400
12,46,1150000,1150100,302,503,1175000,1561
12,460,11500000,11500100,302,503,11525000,15430
12,461,11525000,11525100,302,503,11550000,15463
12,462,11550000,11550100,302,503,11575000,15495
12,463,11575000,11575100,302,503,11600000,15530
12,464,11600000,11600100,302,503,11625000,15562
12,465,11625000,11625100,302,503,11650000,15600
12,466,11650000,11650100,302,503,11675000,15625
12,467,11675000,11675100,302,503,11700000,15667
12,468,11700000,11700100,302,503,11725000,15697
12,469,11725000,11725100,302,503,11750000,15732
12,47,1175000,1175100,302,503,1200000,1598
12,470,11750000,11750100,302,503,11775000,15762
12,471,11775000,11775100,302,503,11800000,15801
12,472,11800000,11800100,302,503,11825000,15827
12,473,11825000,11825100,302,503,11850000,15869
12,474,11850000,11850100,302,503,11875000,15894
12,475,11875000,11875100,302,503,11900000,15934
12,476,11900000,11900100,302,503,11925000,15964
12,477,11925000,11925100,302,503,11950000,16001
12,478,11950000,11950100,302,503,11975000,16031
12,479,11975000,11975100,302,503,12000000,16066
12,48,1200000,1200100,302,503,1225000,1630
12,480,12000000,12000100,302,503,12025000,16098
12,481,12025000,12025100,302,503,12050000,16136
12,482,12050000,12050100,302,503,12075000,16161
12,483,12075000,12075100,302,503,12100000,16203
12,484,12100000,12100100,302,503,12125000,16233
12,485,12125000,12125100,302,503,12150000,16266
12,486,12150000,12150100,302,503,12175000,16298
12,487,12175000,12175100,302,503,12200000,16337
12,488,12200000,12200100,302,503,12225000,16363
12,489,12225000,12225100,302,503,12250000,16405
12,49,1225000,1225100,302,503,1250000,1666
12,490,12250000,12250100,302,503,12275000,16430
12,491,12275000,12275100,302,503,12300000,16470
12,492,12300000,12300100,302,503,12325000,16502
12,493,12325000,12325100,302,503,12350000,16537
12,494,12350000,12350100,302,503,12375000,16563
12,495,12375000,12375100,302,503,12400000,16604
12,496,12400000,12400100,302,503,12425000,16634
12,497,12425000,12425100,302,503,12450000,16670
12,498,12450000,12450100,302,503,12475000,16699
12,499,12475000,12475100,302,503,12500000,16739
12,5,125000,125100,302,503,150000,192
12,50,1250000,1250100,302,503,1275000,1693
12,500,12500000,12500100,302,503,12525000,16767
12,501,12525000,12525100,302,503,12550000,16804
12,502,12550000,12550100,302,503,12575000,16834
12,503,12575000,12575100,302,503,12600000,16869
12,504,12600000,12600100,302,503,12625000,16901
12,505,12625000,12625100,302,503,12650000,16941
12,506,12650000,12650100,302,503,12675000,16966
12,507,12675000,12675100,302,503,12700000,17008
12,508,12700000,12700100,302,503,12725000,17036
12,509,12725000,12725100,302,503,12750000,17073
12,51,1275000,1275100,302,503,1300000,1735
12,510,12750000,12750100,302,503,12775000,17101
12,511,12775000,12775100,302,503,12800000,17138
12,512,12800000,12800100,302,503,12825000,17168
12,513,12825000,12825100,302,503,12850000,17208
12,514,12850000,12850100,302,503,12875000,17233
12,515,12875000,12875100,302,503,12900000,17275
12,516,12900000,12900100,302,503,12925000,17305
12,517,12925000,12925100,302,503,12950000,17338
12,518,12950000,12950100,302,503,12975000,17370
12,519,12975000,12975100,302,503,13000000,17407
12,52,1300000,1300100,302,503,1325000,1763
12,520,13000000,13000100,302,503,13025000,17437
12,521,13025000,13025100,302,503,13050000,17475
12,522,13050000,13050100,302,503,13075000,17502
12,523,13075000,13075100,302,503,13100000,17544
12,524,13100000,13100100,302,503,13125000,17572
12,525,13125000,13125100,302,503,13150000,17609
12,526,13150000,13150100,302,503,13175000,17637
12,527,13175000,13175100,302,503,13200000,17674
12,528,13200000,13200100,302,503,13225000,17704
12,529,13225000,13225100,302,503,13250000,17744
12,53,1325000,1325100,302,503,1350000,1798
12,530,13250000,13250100,302,503,13275000,17767
12,531,13275000,13275100,302,503,13300000,17811
12,532,13300000,13300100,302,503,13325000,17841
12,533,13325000,13325100,302,503,13350000,17874
12,534,13350000,13350100,302,503,13375000,17908
12,535,13375000,13375100,302,503,13400000,17943
12,536,13400000,13400100,302,503,13425000,17971
12,537,13425000,13425100,302,503,13450000,18013
12,538,13450000,13450100,302,503,13475000,18038
12,539,13475000,13475100,302,503,13500000,18076
12,54,1350000,1350100,302,503,1375000,1830
12,540,13500000,13500100,302,503,13525000,18110
12,541,13525000,13525100,302,503,13550000,18145
12,542,13550000,13550100,302,503,13575000,18171
12,543,13575000,13575100,302,503,13600000,18212
12,544,13600000,13600100,302,503,13625000,18240
12,545,13625000,13625100,302,503,13650000,18278
12,546,13650000,13650100,302,503,13675000,18305
12,547,13675000,13675100,302,503,13700000,18347
12,548,13700000,13700100,302,503,13725000,18375
12,549,13725000,13725100,302,503,13750000,18412
12,55,1375000,1375100,302,503,1400000,1867
12,550,13750000,13750100,302,503,13775000,18442
12,551,13775000,13775100,302,503,13800000,18479
12,552,13800000,13800100,302,503,13825000,18509
12,553,13825000,13825100,302,503,13850000,18547
12,554,13850000,13850100,302,503,13875000,18574
12,555,13875000,13875100,302,503,13900000,18614
12,556,13900000,13900100,302,503,13925000,18644
12,557,13925000,13925100,302,503,13950000,18679
12,558,13950000,13950100,302,503,13975000,18709
12,559,13975000,13975100,302,503,14000000,18746
12,56,1400000,1400100,302,503,1425000,1895
12,560,14000000,14000100,302,503,14025000,18776
12,561,14025000,14025100,302,503,14050000,18816
12,562,14050000,14050100,302,503,14075000,18841
12,563,14075000,14075100,302,503,14100000,18883
12,564,14100000,14100100,302,503,14125000,18911
12,565,14125000,14125100,302,503,14150000,18948
12,566,14150000,14150100,302,503,14175000,18976
12,567,14175000,14175100,302,503,14200000,19015
12,568,14200000,14200100,302,503,14225000,19045
12,569,14225000,14225100,302,503,14250000,19083
12,57,1425000,1425100,302,503,1450000,1937
12,570,14250000,14250100,302,503,14275000,19110
12,571,14275000,14275100,302,503,14300000,19150
12,572,14300000,14300100,302,503,14325000,19180
12,573,14325000,14325100,302,503,14350000,19215
12,574,14350000,14350100,302,503,14375000,19245
12,575,14375000,14375100,302,503,14400000,19280
12,576,14400000,14400100,302,503,14425000,19314
12,577,14425000,14425100,302,503,14450000,19352
12,578,14450000,14450100,302,503,14475000,19375
12,579,14475000,14475100,302,503,14500000,19421
12,58,1450000,1450100,302,503,1475000,1962
12,580,14500000,14500100,302,503,14525000,19447
12,581,14525000,14525100,302,503,14550000,19482
12,582,14550000,14550100,302,503,14575000,19514
12,583,14575000,14575100,302,503,14600000,19551
12,584,14600000,14600100,302,503,14625000,19577
12,585,14625000,14625100,302,503,14650000,19621
12,586,14650000,14650100,302,503,14675000,19646
12,587,14675000,14675100,302,503,14700000,19684
12,588,14700000,14700100,302,503,14725000,19718
12,589,14725000,14725100,302,503,14750000,19751
12,59,1475000,1475100,302,503,1500000,2002
12,590,14750000,14750100,302,503,14775000,19781
12,591,14775000,14775100,302,503,14800000,19818
12,592,14800000,14800100,302,503,14825000,19848
12,593,14825000,14825100,302,503,14850000,19886
12,594,14850000,14850100,302,503,14875000,19913
12,595,14875000,14875100,302,503,14900000,19955
12,596,14900000,14900100,302,503,14925000,19983
12,597,14925000,14925100,302,503,14950000,20020
12,598,14950000,14950100,302,503,14975000,20048
12,599,14975000,14975100,302,503,15000000,20087
12,6,150000,150100,302,503,175000,222
12,60,1500000,1500100,302,503,1525000,2032
12,600,15000000,15000100,302,503,15025000,20115
12,601,15025000,15025100,302,503,15050000,20155
12,602,15050000,15050100,302,503,15075000,20180
12,603,15075000,15075100,302,503,15100000,20222
12,604,15100000,15100100,302,503,15125000,20254
12,605,15125000,15125100,302,503,15150000,20287
12,606,15150000,15150100,302,503,15175000,20317
12,607,15175000,15175100,302,503,15200000,20354
12,608,15200000,15200100,302,503,15225000,20384
12,609,15225000,15225100,302,503,15250000,20422
12,61,1525000,1525100,302,503,1550000,2069
12,610,15250000,15250100,302,503,15275000,20449
12,611,15275000,15275100,302,503,15300000,20489
12,612,15300000,15300100,302,503,15325000,20519
12,613,15325000,15325100,302,503,15350000,20556
12,614,15350000,15350100,302,503,15375000,20584
12,615,15375000,15375100,302,503,15400000,20623
12,616,15400000,15400100,302,503,15425000,20651
12,617,15425000,15425100,302,503,15450000,20691
12,618,15450000,15450100,302,503,15475000,20718
12,619,15475000,15475100,302,503,15500000,20758
12,62,1550000,1550100,302,503,1575000,2095
12,620,15500000,15500100,302,503,15525000,20786
12,621,15525000,15525100,302,503,15550000,20825
12,622,15550000,15550100,302,503,15575000,20853
12,623,15575000,15575100,302,503,15600000,20888
12,624,15600000,15600100,302,503,15625000,20922
12,625,15625000,15625100,302,503,15650000,20958
12,626,15650000,15650100,302,503,15675000,20983
12,627,15675000,15675100,302,503,15700000,21027
12,628,15700000,15700100,302,503,15725000,21055
12,629,15725000,15725100,302,503,15750000,21088
12,63,1575000,1575100,302,503,1600000,2134
12,630,15750000,15750100,302,503,15775000,21122
12,631,15775000,15775100,302,503,15800000,21159
12,632,15800000,15800100,302,503,15825000,21187
12,633,15825000,15825100,302,503,15850000,21229
12,634,15850000,15850100,302,503,15875000,21252
12,635,15875000,15875100,302,503,15900000,21294
12,636,15900000,15900100,302,503,15925000,21324
12,637,15925000,15925100,302,503,15950000,21359
12,638,15950000,15950100,302,503,15975000,21387
12,639,15975000,15975100,302,503,16000000,21426
12,64,1600000,1600100,302,503,1625000,2166
12,640,16000000,16000100,302,503,16025000,21456
12,641,16025000,16025100,302,503,16050000,21494
12,642,16050000,16050100,302,503,16075000,21521
12,643,16075000,16075100,302,503,16100000,21561
12,644,16100000,16100100,302,503,16125000,21591
12,645,16125000,16125100,302,503,16150000,21626
12,646,16150000,16150100,302,503,16175000,21658
12,647,16175000,16175100,302,503,16200000,21693
12,648,16200000,16200100,302,503,16225000,21723
12,649,16225000,16225100,302,503,16250000,21765
12,65,1625000,1625100,302,503,1650000,2202
12,650,16250000,16250100,302,503,16275000,21788
12,651,16275000,16275100,302,503,16300000,21830
12,652,16300000,16300100,302,503,16325000,21860
12,653,16325000,16325100,302,503,16350000,21895
12,654,16350000,16350100,302,503,16375000,21923
12,655,16375000,16375100,302,503,16400000,21962
12,656,16400000,16400100,302,503,16425000,21990
12,657,16425000,16425100,302,503,16450000,22030
12,658,16450000,16450100,302,503,16475000,22057
12,659,16475000,16475100,302,503,16500000,22097
12,66,1650000,1650100,302,503,1675000,2229
12,660,16500000,16500100,302,503,16525000,22129
12,661,16525000,16525100,302,503,16550000,22162
12,662,16550000,16550100,302,503,16575000,22192
12,663,16575000,16575100,302,503,16600000,22231
12,664,16600000,16600100,302,503,16625000,22259
12,665,16625000,16625100,302,503,16650000,22297
12,666,16650000,16650100,302,503,16675000,22326
12,667,16675000,16675100,302,503,16700000,22366
12,668,16700000,16700100,302,503,16725000,22394
12,669,16725000,16725100,302,503,16750000,22433
12,67,1675000,1675100,302,503,1700000,2271
12,670,16750000,16750100,302,503,16775000,22459
12,671,16775000,16775100,302,503,16800000,22496
12,672,16800000,16800100,302,503,16825000,22528
12,673,16825000,16825100,302,503,16850000,22566
12,674,16850000,16850100,302,503,16875000,22591
12,675,16875000,16875100,302,503,16900000,22635
12,676,16900000,16900100,302,503,16925000,22663
12,677,16925000,16925100,302,503,16950000,22698
12,678,16950000,16950100,302,503,16975000,22730
12,679,16975000,16975100,302,503,17000000,22765
12,68,1700000,1700100,302,503,1725000,2299
12,680,17000000,17000100,302,503,17025000,22795
12,681,17025000,17025100,302,503,17050000,22835
12,682,17050000,17050100,302,503,17075000,22860
12,683,17075000,17075100,302,503,17100000,22900
12,684,17100000,17100100,302,503,17125000,22932
12,685,17125000,17125100,302,503,17150000,22967
12,686,17150000,17150100,302,503,17175000,22995
12,687,17175000,17175100,302,503,17200000,23034
12,688,17200000,17200100,302,503,17225000,23064
12,689,17225000,17225100,302,503,17250000,23102
12,69,1725000,1725100,302,503,1750000,2334
12,690,17250000,17250100,302,503,17275000,23127
12,691,17275000,17275100,302,503,17300000,23171
12,692,17300000,17300100,302,503,17325000,23197
12,693,17325000,17325100,302,503,17350000,23234
12,694,17350000,17350100,302,503,17375000,23266
12,695,17375000,17375100,302,503,17400000,23301
12,696,17400000,17400100,302,503,17425000,23331
12,697,17425000,17425100,302,503,17450000,23371
12,698,17450000,17450100,302,503,17475000,23396
12,699,17475000,17475100,302,503,17500000,23436
12,7,175000,175100,302,503,200000,259
12,70,1750000,1750100,302,503,1775000,2366
12,700,17500000,17500100,302,503,17525000,23468
12,701,17525000,17525100,302,503,17550000,23501
12,702,17550000,17550100,302,503,17575000,23533
12,703,17575000,17575100,302,503,17600000,23570
12,704,17600000,17600100,302,503,17625000,23598
12,705,17625000,17625100,302,503,17650000,23640
12,706,17650000,17650100,302,503,17675000,23663
12,707,17675000,17675100,302,503,17700000,23705
12,708,17700000,17700100,302,503,17725000,23735
12,709,17725000,17725100,302,503,17750000,23770
12,71,1775000,1775100,302,503,1800000,2401
12,710,17750000,17750100,302,503,17775000,23798
12,711,17775000,17775100,302,503,17800000,23839
12,712,17800000,17800100,302,503,17825000,23867
12,713,17825000,17825100,302,503,17850000,23905
12,714,17850000,17850100,302,503,17875000,23934
12,715,17875000,17875100,302,503,17900000,23972
12,716,17900000,17900100,302,503,17925000,24004
12,717,17925000,17925100,302,503,17950000,24039
12,718,17950000,17950100,302,503,17975000,24067
12,719,17975000,17975100,302,503,18000000,24104
12,72,1800000,1800100,302,503,1825000,2433
12,720,18000000,18000100,302,503,18025000,24136
12,721,18025000,18025100,302,503,18050000,24174
12,722,18050000,18050100,302,503,18075000,24199
12,723,18075000,18075100,302,503,18100000,24243
12,724,18100000,18100100,302,503,18125000,24269
12,725,18125000,18125100,302,503,18150000,24306
12,726,18150000,18150100,302,503,18175000,24336
12,727,18175000,18175100,302,503,18200000,24373
12,728,18200000,18200100,302,503,18225000,24401
12,729,18225000,18225100,302,503,18250000,24443
12,73,1825000,1825100,302,503,1850000,2473
12,730,18250000,18250100,302,503,18275000,24470
12,731,18275000,18275100,302,503,18300000,24508
12,732,18300000,18300100,302,503,18325000,24540
12,733,18325000,18325100,302,503,18350000,24575
12,734,18350000,18350100,302,503,18375000,24603
12,735,18375000,18375100,302,503,18400000,24640
12,736,18400000,18400100,302,503,18425000,24672
12,737,18425000,18425100,302,503,18450000,24708
12,738,18450000,18450100,302,503,18475000,24735
12,739,18475000,18475100,302,503,18500000,24779
12,74,1850000,1850100,302,503,1875000,2496
12,740,18500000,18500100,302,503,18525000,24805
12,741,18525000,18525100,302,503,18550000,24842
12,742,18550000,18550100,302,503,18575000,24872
12,743,18575000,18575100,302,503,18600000,24909
12,744,18600000,18600100,302,503,18625000,24939
12,745,18625000,18625100,302,503,18650000,24979
12,746,18650000,18650100,302,503,18675000,25002
12,747,18675000,18675100,302,503,18700000,25046
12,748,18700000,18700100,302,503,18725000,25076
12,749,18725000,18725100,302,503,18750000,25109
12,75,1875000,1875100,302,503,1900000,2540
12,750,18750000,18750100,302,503,18775000,25141
12,751,18775000,18775100,302,503,18800000,25176
12,752,18800000,18800100,302,503,18825000,25206
12,753,18825000,18825100,302,503,18850000,25246
12,754,18850000,18850100,302,503,18875000,25271
12,755,18875000,18875100,302,503,18900000,25311
12,756,18900000,18900100,302,503,18925000,25343
12,757,18925000,18925100,302,503,18950000,25378
12,758,18950000,18950100,302,503,18975000,25408
12,759,18975000,18975100,302,503,19000000,25447
12,76,1900000,1900100,302,503,1925000,2568
12,760,19000000,19000100,302,503,19025000,25473
12,761,19025000,19025100,302,503,19050000,25515
12,762,19050000,19050100,302,503,19075000,25540
12,763,19075000,19075100,302,503,19100000,25580
12,764,19100000,19100100,302,503,19125000,25610
12,765,19125000,19125100,302,503,19150000,25647
12,766,19150000,19150100,302,503,19175000,25675
12,767,19175000,19175100,302,503,19200000,25712
12,768,19200000,19200100,302,503,19225000,25744
12,769,19225000,19225100,302,503,19250000,25780
12,77,1925000,1925100,302,503,1950000,2603
12,770,19250000,19250100,302,503,19275000,25807
12,771,19275000,19275100,302,503,19300000,25849
12,772,19300000,19300100,302,503,19325000,25879
12,773,19325000,19325100,302,503,19350000,25912
12,774,19350000,19350100,302,503,19375000,25944
12,775,19375000,19375100,302,503,19400000,25983
12,776,19400000,19400100,302,503,19425000,26009
12,777,19425000,19425100,302,503,19450000,26051
12,778,19450000,19450100,302,503,19475000,26076
12,779,19475000,19475100,302,503,19500000,26116
12,78,1950000,1950100,302,503,1975000,2633
12,780,19500000,19500100,302,503,19525000,26146
12,781,19525000,19525100,302,503,19550000,26183
12,782,19550000,19550100,302,503,19575000,26209
12,783,19575000,19575100,302,503,19600000,26248
12,784,19600000,19600100,302,503,19625000,26280
12,785,19625000,19625100,302,503,19650000,26316
12,786,19650000,19650100,302,503,19675000,26345
12,787,19675000,19675100,302,503,19700000,26385
12,788,19700000,19700100,302,503,19725000,26413
12,789,19725000,19725100,302,503,19750000,26450
12,79,1975000,1975100,302,503,2000000,2670
12,790,19750000,19750100,302,503,19775000,26480
12,791,19775000,19775100,302,503,19800000,26515
12,792,19800000,19800100,302,503,19825000,26547
12,793,19825000,19825100,302,503,19850000,26587
12,794,19850000,19850100,302,503,19875000,26610
12,795,19875000,19875100,302,503,19900000,26654
12,796,19900000,19900100,302,503,19925000,26682
12,797,19925000,19925100,302,503,19950000,26717
12,798,19950000,19950100,302,503,19975000,26747
12,799,19975000,19975100,302,503,20000000,26784
12,8,200000,200100,302,503,225000,287
12,80,2000000,2000100,302,503,2025000,2698
12,800,20000000,20000100,302,503,20025000,26814
12,801,20025000,20025100,302,503,20050000,26854
12,802,20050000,20050100,302,503,20075000,26879
12,803,20075000,20075100,302,503,20100000,26921
12,804,20100000,20100100,302,503,20125000,26951
12,805,20125000,20125100,302,503,20150000,26984
12,806,20150000,20150100,302,503,20175000,27016
12,807,20175000,20175100,302,503,20200000,27053
12,808,20200000,20200100,302,503,20225000,27081
12,809,20225000,20225100,302,503,20250000,27121
12,81,2025000,2025100,302,503,2050000,2740
12,810,20250000,20250100,302,503,20275000,27148
12,811,20275000,20275100,302,503,20300000,27188
12,812,20300000,20300100,302,503,20325000,27218
12,813,20325000,20325100,302,503,20350000,27255
12,814,20350000,20350100,302,503,20375000,27283
12,815,20375000,20375100,302,503,20400000,27320
12,816,20400000,20400100,302,503,20425000,27350
12,817,20425000,20425100,302,503,20450000,27390
12,818,20450000,20450100,302,503,20475000,27413
12,819,20475000,20475100,302,503,20500000,27457
12,82,2050000,2050100,302,503,2075000,2765
12,820,20500000,20500100,302,503,20525000,27487
12,821,20525000,20525100,302,503,20550000,27520
12,822,20550000,20550100,302,503,20575000,27552
12,823,20575000,20575100,302,503,20600000,27589
12,824,20600000,20600100,302,503,20625000,27617
12,825,20625000,20625100,302,503,20650000,27657
12,826,20650000,20650100,302,503,20675000,27684
12,827,20675000,20675100,302,503,20700000,27722
12,828,20700000,20700100,302,503,20725000,27756
12,829,20725000,20725100,302,503,20750000,27791
12,83,2075000,2075100,302,503,2100000,2805
12,830,20750000,20750100,302,503,20775000,27817
12,831,20775000,20775100,302,503,20800000,27858
12,832,20800000,20800100,302,503,20825000,27886
12,833,20825000,20825100,302,503,20850000,27924
12,834,20850000,20850100,302,503,20875000,27951
12,835,20875000,20875100,302,503,20900000,27993
12,836,20900000,20900100,302,503,20925000,28019
12,837,20925000,20925100,302,503,20950000,28058
12,838,20950000,20950100,302,503,20975000,28088
12,839,20975000,20975100,302,503,21000000,28123
12,84,2100000,2100100,302,503,2125000,2837
12,840,21000000,21000100,302,503,21025000,28155
12,841,21025000,21025100,302,503,21050000,28193
12,842,21050000,21050100,302,503,21075000,28220
12,843,21075000,21075100,302,503,21100000,28260
12,844,21100000,21100100,302,503,21125000,28290
12,845,21125000,21125100,302,503,21150000,28325
12,846,21150000,21150100,302,503,21175000,28355
12,847,21175000,21175100,302,503,21200000,28392
12,848,21200000,21200100,302,503,21225000,28422
12,849,21225000,21225100,302,503,21250000,28462
12,85,2125000,2125100,302,503,2150000,2870
12,850,21250000,21250100,302,503,21275000,28485
12,851,21275000,21275100,302,503,21300000,28529
12,852,21300000,21300100,302,503,21325000,28557
12,853,21325000,21325100,302,503,21350000,28592
12,854,21350000,21350100,302,503,21375000,28622
12,855,21375000,21375100,302,503,21400000,28661
12,856,21400000,21400100,302,503,21425000,28691
12,857,21425000,21425100,302,503,21450000,28729
12,858,21450000,21450100,302,503,21475000,28756
12,859,21475000,21475100,302,503,21500000,28796
12,86,2150000,2150100,302,503,2175000,2902
12,860,21500000,21500100,302,503,21525000,28826
12,861,21525000,21525100,302,503,21550000,28861
12,862,21550000,21550100,302,503,21575000,28891
12,863,21575000,21575100,302,503,21600000,28926
12,864,21600000,21600100,302,503,21625000,28958
12,865,21625000,21625100,302,503,21650000,28998
12,866,21650000,21650100,302,503,21675000,29021
12,867,21675000,21675100,302,503,21700000,29065
12,868,21700000,21700100,302,503,21725000,29093
12,869,21725000,21725100,302,503,21750000,29128
12,87,2175000,2175100,302,503,2200000,2939
12,870,21750000,21750100,302,503,21775000,29160
12,871,21775000,21775100,302,503,21800000,29197
12,872,21800000,21800100,302,503,21825000,29223
12,873,21825000,21825100,302,503,21850000,29267
12,874,21850000,21850100,302,503,21875000,29292
12,875,21875000,21875100,302,503,21900000,29330
12,876,21900000,21900100,302,503,21925000,29364
12,877,21925000,21925100,302,503,21950000,29397
12,878,21950000,21950100,302,503,21975000,29425
12,879,21975000,21975100,302,503,22000000,29464
12,88,2200000,2200100,302,503,2225000,2967
12,880,22000000,22000100,302,503,22025000,29494
12,881,22025000,22025100,302,503,22050000,29530
12,882,22050000,22050100,302,503,22075000,29559
12,883,22075000,22075100,302,503,22100000,29601
12,884,22100000,22100100,302,503,22125000,29629
12,885,22125000,22125100,302,503,22150000,29666
12,886,22150000,22150100,302,503,22175000,29694
12,887,22175000,22175100,302,503,22200000,29733
12,888,22200000,22200100,302,503,22225000,29761
12,889,22225000,22225100,302,503,22250000,29801
12,89,2225000,2225100,302,503,2250000,3007
12,890,22250000,22250100,302,503,22275000,29826
12,891,22275000,22275100,302,503,22300000,29868
12,892,22300000,22300100,302,503,22325000,29898
12,893,22325000,22325100,302,503,22350000,29933
12,894,22350000,22350100,302,503,22375000,29963
12,895,22375000,22375100,302,503,22400000,29998
12,896,22400000,22400100,302,503,22425000,30030
12,897,22425000,22425100,302,503,22450000,30068
12,898,22450000,22450100,302,503,22475000,30095
12,899,22475000,22475100,302,503,22500000,30135
12,9,225000,225100,302,503,250000,329
12,90,2250000,2250100,302,503,2275000,3034
12,900,22500000,22500100,302,503,22525000,30165
12,901,22525000,22525100,302,503,22550000,30202
12,902,22550000,22550100,302,503,22575000,30230
12,903,22575000,22575100,302,503,22600000,30269
12,904,22600000,22600100,302,503,22625000,30297
12,905,22625000,22625100,302,503,22650000,30337
12,906,22650000,22650100,302,503,22675000,30362
12,907,22675000,22675100,302,503,22700000,30404
12,908,22700000,22700100,302,503,22725000,30432
12,909,22725000,22725100,302,503,22750000,30469
12,91,2275000,2275100,302,503,2300000,3074
12,910,22750000,22750100,302,503,22775000,30499
12,911,22775000,22775100,302,503,22800000,30534
12,912,22800000,22800100,302,503,22825000,30568
12,913,22825000,22825100,302,503,22850000,30604
12,914,22850000,22850100,302,503,22875000,30629
12,915,22875000,22875100,302,503,22900000,30673
12,916,22900000,22900100,302,503,22925000,30701
12,917,22925000,22925100,302,503,22950000,30734
12,918,22950000,22950100,302,503,22975000,30768
12,919,22975000,22975100,302,503,23000000,30805
12,92,2300000,2300100,302,503,2325000,3104
12,920,23000000,23000100,302,503,23025000,30831
12,921,23025000,23025100,302,503,23050000,30875
12,922,23050000,23050100,302,503,23075000,30898
12,923,23075000,23075100,302,503,23100000,30938
12,924,23100000,23100100,302,503,23125000,30970
12,925,23125000,23125100,302,503,23150000,31005
12,926,23150000,23150100,302,503,23175000,31033
12,927,23175000,23175100,302,503,23200000,31072
12,928,23200000,23200100,302,503,23225000,31102
12,929,23225000,23225100,302,503,23250000,31140
12,93,2325000,2325100,302,503,2350000,3141
12,930,23250000,23250100,302,503,23275000,31167
12,931,23275000,23275100,302,503,23300000,31207
12,932,23300000,23300100,302,503,23325000,31237
12,933,23325000,23325100,302,503,23350000,31272
12,934,23350000,23350100,302,503,23375000,31302
12,935,23375000,23375100,302,503,23400000,31339
12,936,23400000,23400100,302,503,23425000,31369
12,937,23425000,23425100,302,503,23450000,31409
12,938,23450000,23450100,302,503,23475000,31434
12,939,23475000,23475100,302,503,23500000,31476
12,94,2350000,2350100,302,503,2375000,3167
12,940,23500000,23500100,302,503,23525000,31506
12,941,23525000,23525100,302,503,23550000,31541
12,942,23550000,23550100,302,503,23575000,31569
12,943,23575000,23575100,302,503,23600000,31608
12,944,23600000,23600100,302,503,23625000,31636
12,945,23625000,23625100,302,503,23650000,31676
12,946,23650000,23650100,302,503,23675000,31703
12,947,23675000,23675100,302,503,23700000,31743
12,948,23700000,23700100,302,503,23725000,31773
12,949,23725000,23725100,302,503,23750000,31808
12,95,2375000,2375100,302,503,2400000,3206
12,950,23750000,23750100,302,503,23775000,31838
12,951,23775000,23775100,302,503,23800000,31875
12,952,23800000,23800100,302,503,23825000,31905
12,953,23825000,23825100,302,503,23850000,31943
12,954,23850000,23850100,302,503,23875000,31972
12,955,23875000,23875100,302,503,23900000,32012
12,956,23900000,23900100,302,503,23925000,32040
12,957,23925000,23925100,302,503,23950000,32079
12,958,23950000,23950100,302,503,23975000,32105
12,959,23975000,23975100,302,503,24000000,32142
12,96,2400000,2400100,302,503,2425000,3236
12,960,24000000,24000100,302,503,24025000,32174
12,961,24025000,24025100,302,503,24050000,32212
12,962,24050000,24050100,302,503,24075000,32235
12,963,24075000,24075100,302,503,24100000,32281
12,964,24100000,24100100,302,503,24125000,32309
12,965,24125000,24125100,302,503,24150000,32342
12,966,24150000,24150100,302,503,24175000,32376
12,967,24175000,24175100,302,503,24200000,32411
12,968,24200000,24200100,302,503,24225000,32441
12,969,24225000,24225100,302,503,24250000,32481
12,97,2425000,2425100,302,503,2450000,3274
12,970,24250000,24250100,302,503,24275000,32506
12,971,24275000,24275100,302,503,24300000,32546
12,972,24300000,24300100,302,503,24325000,32578
12,973,24325000,24325100,302,503,24350000,32613
12,974,24350000,24350100,302,503,24375000,32641
12,975,24375000,24375100,302,503,24400000,32680
12,976,24400000,24400100,302,503,24425000,32708
12,977,24425000,24425100,302,503,24450000,32748
12,978,24450000,24450100,302,503,24475000,32773
12,979,24475000,24475100,302,503,24500000,32815
12,98,2450000,2450100,302,503,2475000,3299
12,980,24500000,24500100,302,503,24525000,32843
12,981,24525000,24525100,302,503,24550000,32880
12,982,24550000,24550100,302,503,24575000,32912
12,983,24575000,24575100,302,503,24600000,32947
12,984,24600000,24600100,302,503,24625000,32977
12,985,24625000,24625100,302,503,24650000,33017
12,986,24650000,24650100,302,503,24675000,33042
12,987,24675000,24675100,302,503,24700000,33082
12,988,24700000,24700100,302,503,24725000,33114
12,989,24725000,24725100,302,503,24750000,33147
12,99,2475000,2475100,302,503,2500000,3343
12,990,24750000,24750100,302,503,24775000,33177
12,991,24775000,24775100,302,503,24800000,33216
12,992,24800000,24800100,302,503,24825000,33244
12,993,24825000,24825100,302,503,24850000,33284
12,994,24850000,24850100,302,503,24875000,33309
12,995,24875000,24875100,302,503,24900000,33351
12,996,24900000,24900100,302,503,24925000,33381
12,997,24925000,24925100,302,503,24950000,33416
12,998,24950000,24950100,302,503,24975000,33444
12,999,24975000,24975100,302,503,25000000,33485
13,0,0,100,746,1243,40000,45
13,1,40000,40100,746,1243,80000,100
13,10,400000,400100,746,1243,440000,581
13,100,4000000,4000100,746,1243,4040000,5403
13,101,4040000,4040100,746,1243,4080000,5458
13,102,4080000,4080100,746,1243,4120000,5510
13,103,4120000,4120100,746,1243,4160000,5565
13,104,4160000,4160100,746,1243,4200000,5618
13,105,4200000,4200100,746,1243,4240000,5672
13,106,4240000,4240100,746,1243,4280000,5729
13,107,4280000,4280100,746,1243,4320000,5777
13,108,4320000,4320100,746,1243,4360000,5834
13,109,4360000,4360100,746,1243,4400000,5885
13,11,440000,440100,746,1243,480000,634
13,110,4400000,4400100,746,1243,4440000,5941
13,111,4440000,4440100,746,1243,4480000,5992
13,112,4480000,4480100,746,1243,4520000,6048
13,113,4520000,4520100,746,1243,4560000,6101
13,114,4560000,4560100,746,1243,4600000,6156
13,115,4600000,4600100,746,1243,4640000,6208
13,116,4640000,4640100,746,1243,4680000,6261
13,117,4680000,4680100,746,1243,4720000,6313
13,118,4720000,4720100,746,1243,4760000,6368
13,119,4760000,4760100,746,1243,4800000,6421
13,12,480000,480100,746,1243,520000,688
13,120,4800000,4800100,746,1243,4840000,6477
13,121,4840000,4840100,746,1243,4880000,6530
13,122,4880000,4880100,746,1243,4920000,6584
13,123,4920000,4920100,746,1243,4960000,6637
13,124,4960000,4960100,746,1243,5000000,6692
13,125,5000000,5000100,746,1243,5040000,6742
13,126,5040000,5040100,746,1243,5080000,6797
13,127,5080000,5080100,746,1243,5120000,6851
13,128,5120000,5120100,746,1243,5160000,6904
13,129,5160000,5160100,746,1243,5200000,6959
13,13,520000,520100,746,1243,560000,741
13,130,5200000,5200100,746,1243,5240000,7011
13,131,5240000,5240100,746,1243,5280000,7066
13,132,5280000,5280100,746,1243,5320000,7118
13,133,5320000,5320100,746,1243,5360000,7173
13,134,5360000,5360100,746,1243,5400000,7226
13,135,5400000,5400100,746,1243,5440000,7278
13,136,5440000,5440100,746,1243,5480000,7335
13,137,5480000,5480100,746,1243,5520000,7385
13,138,5520000,5520100,746,1243,5560000,7442
13,139,5560000,5560100,746,1243,5600000,7493
13,14,560000,560100,746,1243,600000,796
13,140,5600000,5600100,746,1243,5640000,7549
13,141,5640000,5640100,746,1243,5680000,7602
13,142,5680000,5680100,746,1243,5720000,7656
13,143,5720000,5720100,746,1243,5760000,7707
13,144,5760000,5760100,746,1243,5800000,7762
13,145,5800000,5800100,746,1243,5840000,7814
13,146,5840000,5840100,746,1243,5880000,7869
13,147,5880000,5880100,746,1243,5920000,7921
13,148,5920000,5920100,746,1243,5960000,7978
13,149,5960000,5960100,746,1243,6000000,8029
13,15,600000,600100,746,1243,640000,850
13,150,6000000,6000100,746,1243,6040000,8085
13,151,6040000,6040100,746,1243,6080000,8138
13,152,6080000,6080100,746,1243,6120000,8190
13,153,6120000,6120100,746,1243,6160000,8243
13,154,6160000,6160100,746,1243,6200000,8298
13,155,6200000,6200100,746,1243,6240000,8352
13,156,6240000,6240100,746,1243,6280000,8405
13,157,6280000,6280100,746,1243,6320000,8459
13,158,6320000,6320100,746,1243,6360000,8512
13,159,6360000,6360100,746,1243,6400000,8567
13,16,640000,640100,746,1243,680000,905
13,160,6400000,6400100,746,1243,6440000,8619
13,161,6440000,6440100,746,1243,6480000,8672
13,162,6480000,6480100,746,1243,6520000,8726
13,163,6520000,6520100,746,1243,6560000,8779
13,164,6560000,6560100,746,1243,6600000,8834
13,165,6600000,6600100,746,1243,6640000,8886
13,166,6640000,6640100,746,1243,6680000,8943
13,167,6680000,6680100,746,1243,6720000,8993
13,168,6720000,6720100,746,1243,6760000,9050
13,169,6760000,6760100,746,1243,6800000,9103
13,17,680000,680100,746,1243,720000,955
13,170,6800000,6800100,746,1243,6840000,9155
13,171,6840000,6840100,746,1243,6880000,9208
13,172,6880000,6880100,746,1243,6920000,9262
13,173,6920000,6920100,746,1243,6960000,9315
13,174,6960000,6960100,746,1243,7000000,9370
13,175,7000000,7000100,746,1243,7040000,9422
13,176,7040000,7040100,746,1243,7080000,9479
13,177,7080000,7080100,746,1243,7120000,9529
13,178,7120000,7120100,746,1243,7160000,9586
13,179,7160000,7160100,746,1243,7200000,9635
13,18,720000,720100,746,1243,760000,1010
13,180,7200000,7200100,746,1243,7240000,9691
13,181,7240000,7240100,746,1243,7280000,9744
13,182,7280000,7280100,746,1243,7320000,9798
13,183,7320000,7320100,746,1243,7360000,9853
13,184,7360000,7360100,746,1243,7400000,9906
13,185,7400000,7400100,746,1243,7440000,9960
13,186,7440000,7440100,746,1243,7480000,10013
13,187,7480000,7480100,746,1243,7520000,10067
13,188,7520000,7520100,746,1243,7560000,10118
13,189,7560000,7560100,746,1243,7600000,10173
13,19,760000,760100,746,1243,800000,1063
13,190,7600000,7600100,746,1243,7640000,10227
13,191,7640000,7640100,746,1243,7680000,10280
13,192,7680000,7680100,746,1243,7720000,10334
13,193,7720000,7720100,746,1243,7760000,10387
13,194,7760000,7760100,746,1243,7800000,10442
13,195,7800000,7800100,746,1243,7840000,10494
13,196,7840000,7840100,746,1243,7880000,10551
13,197,7880000,7880100,746,1243,7920000,10601
13,198,7920000,7920100,746,1243,7960000,10656
13,199,7960000,7960100,746,1243,8000000,10709
13,2,80000,80100,746,1243,120000,152
13,20,800000,800100,746,1243,840000,1117
13,200,8000000,8000100,746,1243,8040000,10763
13,201,8040000,8040100,746,1243,8080000,10816
13,202,8080000,8080100,746,1243,8120000,10870
13,203,8120000,8120100,746,1243,8160000,10923
13,204,8160000,8160100,746,1243,8200000,10980
13,205,8200000,8200100,746,1243,8240000,11030
13,206,8240000,8240100,746,1243,8280000,11085
13,207,8280000,8280100,746,1243,8320000,11135
13,208,8320000,8320100,746,1243,8360000,11192
13,209,8360000,8360100,746,1243,8400000,11243
13,21,840000,840100,746,1243,880000,1170
13,210,8400000,8400100,746,1243,8440000,11299
13,211,8440000,8440100,746,1243,8480000,11354
13,212,8480000,8480100,746,1243,8520000,11406
13,213,8520000,8520100,746,1243,8560000,11461
13,214,8560000,8560100,746,1243,8600000,11514
13,215,8600000,8600100,746,1243,8640000,11566
13,216,8640000,8640100,746,1243,8680000,11619
13,217,8680000,8680100,746,1243,8720000,11673
13,218,8720000,8720100,746,1243,8760000,11728
13,219,8760000,8760100,746,1243,8800000,11781
13,22,880000,880100,746,1243,920000,1226
13,220,8800000,8800100,746,1243,8840000,11835
13,221,8840000,8840100,746,1243,8880000,11888
13,222,8880000,8880100,746,1243,8920000,11942
13,223,8920000,8920100,746,1243,8960000,11995
13,224,8960000,8960100,746,1243,9000000,12048
13,225,9000000,9000100,746,1243,9040000,12102
13,226,9040000,9040100,746,1243,9080000,12157
13,227,9080000,9080100,746,1243,9120000,12209
13,228,9120000,9120100,746,1243,9160000,12264
13,229,9160000,9160100,746,1243,9200000,12317
13,23,920000,920100,746,1243,960000,1277
13,230,9200000,9200100,746,1243,9240000,12371
13,231,9240000,9240100,746,1243,9280000,12424
13,232,9280000,9280100,746,1243,9320000,12480
13,233,9320000,9320100,746,1243,9360000,12529
13,234,9360000,9360100,746,1243,9400000,12586
13,235,9400000,9400100,746,1243,9440000,12636
13,236,9440000,9440100,746,1243,9480000,12693
13,237,9480000,9480100,746,1243,9520000,12743
13,238,9520000,9520100,746,1243,9560000,12800
13,239,9560000,9560100,746,1243,9600000,12853
13,24,960000,960100,746,1243,1000000,1334
13,240,9600000,9600100,746,1243,9640000,12907
13,241,9640000,9640100,746,1243,9680000,12962
13,242,9680000,9680100,746,1243,9720000,13012
13,243,9720000,9720100,746,1243,9760000,13067
13,244,9760000,9760100,746,1243,9800000,13120
13,245,9800000,9800100,746,1243,9840000,13174
13,246,9840000,9840100,746,1243,9880000,13229
13,247,9880000,9880100,746,1243,9920000,13281
13,248,9920000,9920100,746,1243,9960000,13336
13,249,9960000,9960100,746,1243,10000000,13389
13,25,1000000,1000100,746,1243,1040000,1384
13,250,10000000,10000100,746,1243,10040000,13443
13,251,10040000,10040100,746,1243,10080000,13494
13,252,10080000,10080100,746,1243,10120000,13548
13,253,10120000,10120100,746,1243,10160000,13603
13,254,10160000,10160100,746,1243,10200000,13656
13,255,10200000,10200100,746,1243,10240000,13710
13,256,10240000,10240100,746,1243,10280000,13765
13,257,10280000,10280100,746,1243,10320000,13817
13,258,10320000,10320100,746,1243,10360000,13872
13,259,10360000,10360100,746,1243,10400000,13925
13,26,1040000,1040100,746,1243,1080000,1439
13,260,10400000,10400100,746,1243,10440000,13979
13,261,10440000,10440100,746,1243,10480000,14030
13,262,10480000,10480100,746,1243,10520000,14086
13,263,10520000,10520100,746,1243,10560000,14137
13,264,10560000,10560100,746,1243,10600000,14194
13,265,10600000,10600100,746,1243,10640000,14244
13,266,10640000,10640100,746,1243,10680000,14301
13,267,10680000,10680100,746,1243,10720000,14353
13,268,10720000,10720100,746,1243,10760000,14408
13,269,10760000,10760100,746,1243,10800000,14459
13,27,1080000,1080100,746,1243,1120000,1489
13,270,10800000,10800100,746,1243,10840000,14513
13,271,10840000,10840100,746,1243,10880000,14568
13,272,10880000,10880100,746,1243,10920000,14620
13,273,10920000,10920100,746,1243,10960000,14675
13,274,10960000,10960100,746,1243,11000000,14730
13,275,11000000,11000100,746,1243,11040000,14782
13,276,11040000,11040100,746,1243,11080000,14837
13,277,11080000,11080100,746,1243,11120000,14889
13,278,11120000,11120100,746,1243,11160000,14942
13,279,11160000,11160100,746,1243,11200000,14995
13,28,1120000,1120100,746,1243,1160000,1546
13,280,11200000,11200100,746,1243,11240000,15049
13,281,11240000,11240100,746,1243,11280000,15104
13,282,11280000,11280100,746,1243,11320000,15156
13,283,11320000,11320100,746,1243,11360000,15211
13,284,11360000,11360100,746,1243,11400000,15264
13,285,11400000,11400100,746,1243,11440000,15318
13,286,11440000,11440100,746,1243,11480000,15373
13,287,11480000,11480100,746,1243,11520000,15423
13,288,11520000,11520100,746,1243,11560000,15480
13,289,11560000,11560100,746,1243,11600000,15531
13,29,1160000,1160100,746,1243,1200000,1599
13,290,11600000,11600100,746,1243,11640000,15587
13,291,11640000,11640100,746,1243,11680000,15638
13,292,11680000,11680100,746,1243,11720000,15694
13,293,11720000,11720100,746,1243,11760000,15745
13,294,11760000,11760100,746,1243,11800000,15802
13,295,11800000,11800100,746,1243,11840000,15854
13,296,11840000,11840100,746,1243,11880000,15907
13,297,11880000,11880100,746,1243,11920000,15959
13,298,11920000,11920100,746,1243,11960000,16014
13,299,11960000,11960100,746,1243,12000000,16067
13,3,120000,120100,746,1243,160000,207
13,30,1200000,1200100,746,1243,1240000,1653
13,300,12000000,12000100,746,1243,12040000,16121
13,301,12040000,12040100,746,1243,12080000,16176
13,302,12080000,12080100,746,1243,12120000,16230
13,303,12120000,12120100,746,1243,12160000,16283
13,304,12160000,12160100,746,1243,12200000,16338
13,305,12200000,12200100,746,1243,12240000,16388
13,306,12240000,12240100,746,1243,12280000,16443
13,307,12280000,12280100,746,1243,12320000,16495
13,308,12320000,12320100,746,1243,12360000,16550
13,309,12360000,12360100,746,1243,12400000,16605
13,31,1240000,1240100,746,1243,1280000,1708
13,310,12400000,12400100,746,1243,12440000,16657
13,311,12440000,12440100,746,1243,12480000,16712
13,312,12480000,12480100,746,1243,12520000,16764
13,313,12520000,12520100,746,1243,12560000,16819
13,314,12560000,12560100,746,1243,12600000,16870
13,315,12600000,12600100,746,1243,12640000,16924
13,316,12640000,12640100,746,1243,12680000,16981
13,317,12680000,12680100,746,1243,12720000,17031
13,318,12720000,12720100,746,1243,12760000,17088
13,319,12760000,12760100,746,1243,12800000,17139
13,32,1280000,1280100,746,1243,1320000,1760
13,320,12800000,12800100,746,1243,12840000,17195
13,321,12840000,12840100,746,1243,12880000,17246
13,322,12880000,12880100,746,1243,12920000,17302
13,323,12920000,12920100,746,1243,12960000,17353
13,324,12960000,12960100,746,1243,13000000,17408
13,325,13000000,13000100,746,1243,13040000,17460
13,326,13040000,13040100,746,1243,13080000,17515
13,327,13080000,13080100,746,1243,13120000,17567
13,328,13120000,13120100,746,1243,13160000,17622
13,329,13160000,13160100,746,1243,13200000,17675
13,33,1320000,1320100,746,1243,1360000,1815
13,330,13200000,13200100,746,1243,13240000,17731
13,331,13240000,13240100,746,1243,13280000,17784
13,332,13280000,13280100,746,1243,13320000,17836
13,333,13320000,13320100,746,1243,13360000,17889
13,334,13360000,13360100,746,1243,13400000,17944
13,335,13400000,13400100,746,1243,13440000,17996
13,336,13440000,13440100,746,1243,13480000,18051
13,337,13480000,13480100,746,1243,13520000,18105
13,338,13520000,13520100,746,1243,13560000,18158
13,339,13560000,13560100,746,1243,13600000,18213
13,34,1360000,1360100,746,1243,1400000,1868
13,340,13600000,13600100,746,1243,13640000,18265
13,341,13640000,13640100,746,1243,13680000,18318
13,342,13680000,13680100,746,1243,13720000,18370
13,343,13720000,13720100,746,1243,13760000,18425
13,344,13760000,13760100,746,1243,13800000,18480
13,345,13800000,13800100,746,1243,13840000,18532
13,346,13840000,13840100,746,1243,13880000,18589
13,347,13880000,13880100,746,1243,13920000,18639
13,348,13920000,13920100,746,1243,13960000,18696
13,349,13960000,13960100,746,1243,14000000,18747
13,35,1400000,1400100,746,1243,1440000,1920
13,350,14000000,14000100,746,1243,14040000,18801
13,351,14040000,14040100,746,1243,14080000,18854
13,352,14080000,14080100,746,1243,14120000,18908
13,353,14120000,14120100,746,1243,14160000,18961
13,354,14160000,14160100,746,1243,14200000,19016
13,355,14200000,14200100,746,1243,14240000,19068
13,356,14240000,14240100,746,1243,14280000,19123
13,357,14280000,14280100,746,1243,14320000,19175
13,358,14320000,14320100,746,1243,14360000,19232
13,359,14360000,14360100,746,1243,14400000,19281
13,36,1440000,1440100,746,1243,1480000,1975
13,360,14400000,14400100,746,1243,14440000,19337
13,361,14440000,14440100,746,1243,14480000,19390
13,362,14480000,14480100,746,1243,14520000,19444
13,363,14520000,14520100,746,1243,14560000,19497
13,364,14560000,14560100,746,1243,14600000,19552
13,365,14600000,14600100,746,1243,14640000,19606
13,366,14640000,14640100,746,1243,14680000,19659
13,367,14680000,14680100,746,1243,14720000,19713
13,368,14720000,14720100,746,1243,14760000,19764
13,369,14760000,14760100,746,1243,14800000,19819
13,37,1480000,1480100,746,1243,1520000,2027
13,370,14800000,14800100,746,1243,14840000,19871
13,371,14840000,14840100,746,1243,14880000,19926
13,372,14880000,14880100,746,1243,14920000,19980
13,373,14920000,14920100,746,1243,14960000,20033
13,374,14960000,14960100,746,1243,15000000,20088
13,375,15000000,15000100,746,1243,15040000,20140
13,376,15040000,15040100,746,1243,15080000,20197
13,377,15080000,15080100,746,1243,15120000,20245
13,378,15120000,15120100,746,1243,15160000,20302
13,379,15160000,15160100,746,1243,15200000,20355
13,38,1520000,1520100,746,1243,1560000,2082
13,380,15200000,15200100,746,1243,15240000,20409
13,381,15240000,15240100,746,1243,15280000,20462
13,382,15280000,15280100,746,1243,15320000,20516
13,383,15320000,15320100,746,1243,15360000,20569
13,384,15360000,15360100,746,1243,15400000,20624
13,385,15400000,15400100,746,1243,15440000,20676
13,386,15440000,15440100,746,1243,15480000,20731
13,387,15480000,15480100,746,1243,15520000,20781
13,388,15520000,15520100,746,1243,15560000,20838
13,389,15560000,15560100,746,1243,15600000,20889
13,39,1560000,1560100,746,1243,1600000,2135
13,390,15600000,15600100,746,1243,15640000,20945
13,391,15640000,15640100,746,1243,15680000,20998
13,392,15680000,15680100,746,1243,15720000,21052
13,393,15720000,15720100,746,1243,15760000,21107
13,394,15760000,15760100,746,1243,15800000,21160
13,395,15800000,15800100,746,1243,15840000,21212
13,396,15840000,15840100,746,1243,15880000,21265
13,397,15880000,15880100,746,1243,15920000,21319
13,398,15920000,15920100,746,1243,15960000,21372
13,399,15960000,15960100,746,1243,16000000,21427
13,4,160000,160100,746,1243,200000,260
13,40,1600000,1600100,746,1243,1640000,2189
13,400,16000000,16000100,746,1243,16040000,21481
13,401,16040000,16040100,746,1243,16080000,21534
13,402,16080000,16080100,746,1243,16120000,21588
13,403,16120000,16120100,746,1243,16160000,21641
13,404,16160000,16160100,746,1243,16200000,21694
13,405,16200000,16200100,746,1243,16240000,21746
13,406,16240000,16240100,746,1243,16280000,21803
13,407,16280000,16280100,746,1243,16320000,21855
13,408,16320000,16320100,746,1243,16360000,21910
13,409,16360000,16360100,746,1243,16400000,21963
13,41,1640000,1640100,746,1243,1680000,2242
13,410,16400000,16400100,746,1243,16440000,22017
13,411,16440000,16440100,746,1243,16480000,22070
13,412,16480000,16480100,746,1243,16520000,22124
13,413,16520000,16520100,746,1243,16560000,22175
13,414,16560000,16560100,746,1243,16600000,22232
13,415,16600000,16600100,746,1243,16640000,22282
13,416,16640000,16640100,746,1243,16680000,22339
13,417,16680000,16680100,746,1243,16720000,22389
13,418,16720000,16720100,746,1243,16760000,22446
13,419,16760000,16760100,746,1243,16800000,22497
13,42,1680000,1680100,746,1243,1720000,2296
13,420,16800000,16800100,746,1243,16840000,22553
13,421,16840000,16840100,746,1243,16880000,22608
13,422,16880000,16880100,746,1243,16920000,22658
13,423,16920000,16920100,746,1243,16960000,22713
13,424,16960000,16960100,746,1243,17000000,22766
13,425,17000000,17000100,746,1243,17040000,22820
13,426,17040000,17040100,746,1243,17080000,22873
13,427,17080000,17080100,746,1243,17120000,22927
13,428,17120000,17120100,746,1243,17160000,22982
13,429,17160000,17160100,746,1243,17200000,23035
13,43,1720000,1720100,746,1243,1760000,2351
13,430,17200000,17200100,746,1243,17240000,23089
13,431,17240000,17240100,746,1243,17280000,23140
13,432,17280000,17280100,746,1243,17320000,23194
13,433,17320000,17320100,746,1243,17360000,23247
13,434,17360000,17360100,746,1243,17400000,23302
13,435,17400000,17400100,746,1243,17440000,23356
13,436,17440000,17440100,746,1243,17480000,23411
13,437,17480000,17480100,746,1243,17520000,23463
13,438,17520000,17520100,746,1243,17560000,23518
13,439,17560000,17560100,746,1243,17600000,23571
13,44,1760000,1760100,746,1243,1800000,2402
13,440,17600000,17600100,746,1243,17640000,23623
13,441,17640000,17640100,746,1243,17680000,23676
13,442,17680000,17680100,746,1243,17720000,23732
13,443,17720000,17720100,746,1243,17760000,23783
13,444,17760000,17760100,746,1243,17800000,23840
13,445,17800000,17800100,746,1243,17840000,23890
13,446,17840000,17840100,746,1243,17880000,23947
13,447,17880000,17880100,746,1243,17920000,23997
13,448,17920000,17920100,746,1243,17960000,24054
13,449,17960000,17960100,746,1243,18000000,24105
13,45,1800000,1800100,746,1243,1840000,2456
13,450,18000000,18000100,746,1243,18040000,24159
13,451,18040000,18040100,746,1243,18080000,24214
13,452,18080000,18080100,746,1243,18120000,24266
13,453,18120000,18120100,746,1243,18160000,24321
13,454,18160000,18160100,746,1243,18200000,24374
13,455,18200000,18200100,746,1243,18240000,24428
13,456,18240000,18240100,746,1243,18280000,24483
13,457,18280000,18280100,746,1243,18320000,24535
13,458,18320000,18320100,746,1243,18360000,24588
13,459,18360000,18360100,746,1243,18400000,24641
13,46,1840000,1840100,746,1243,1880000,2511
13,460,18400000,18400100,746,1243,18440000,24695
13,461,18440000,18440100,746,1243,18480000,24748
13,462,18480000,18480100,746,1243,18520000,24802
13,463,18520000,18520100,746,1243,18560000,24857
13,464,18560000,18560100,746,1243,18600000,24910
13,465,18600000,18600100,746,1243,18640000,24964
13,466,18640000,18640100,746,1243,18680000,25019
13,467,18680000,18680100,746,1243,18720000,25069
13,468,18720000,18720100,746,1243,18760000,25124
13,469,18760000,18760100,746,1243,18800000,25177
13,47,1880000,1880100,746,1243,1920000,2563
13,470,18800000,18800100,746,1243,18840000,25233
13,471,18840000,18840100,746,1243,18880000,25284
13,472,18880000,18880100,746,1243,18920000,25340
13,473,18920000,18920100,746,1243,18960000,25391
13,474,18960000,18960100,746,1243,19000000,25448
13,475,19000000,19000100,746,1243,19040000,25498
13,476,19040000,19040100,746,1243,19080000,25553
13,477,19080000,19080100,746,1243,19120000,25605
13,478,19120000,19120100,746,1243,19160000,25660
13,479,19160000,19160100,746,1243,19200000,25713
13,48,1920000,1920100,746,1243,1960000,2618
13,480,19200000,19200100,746,1243,19240000,25767
13,481,19240000,19240100,746,1243,19280000,25822
13,482,19280000,19280100,746,1243,19320000,25874
13,483,19320000,19320100,746,1243,19360000,25929
13,484,19360000,19360100,746,1243,19400000,25984
13,485,19400000,19400100,746,1243,19440000,26034
13,486,19440000,19440100,746,1243,19480000,26089
13,487,19480000,19480100,746,1243,19520000,26141
13,488,19520000,19520100,746,1243,19560000,26196
13,489,19560000,19560100,746,1243,19600000,26249
13,49,1960000,1960100,746,1243,2000000,2671
13,490,19600000,19600100,746,1243,19640000,26303
13,491,19640000,19640100,746,1243,19680000,26358
13,492,19680000,19680100,746,1243,19720000,26410
13,493,19720000,19720100,746,1243,19760000,26465
13,494,19760000,19760100,746,1243,19800000,26516
13,495,19800000,19800100,746,1243,19840000,26570
13,496,19840000,19840100,746,1243,19880000,26625
13,497,19880000,19880100,746,1243,19920000,26677
13,498,19920000,19920100,746,1243,19960000,26734
13,499,19960000,19960100,746,1243,20000000,26785
13,5,200000,200100,746,1243,240000,314
13,50,2000000,2000100,746,1243,2040000,2727
13,500,20000000,20000100,746,1243,20040000,26841
13,501,20040000,20040100,746,1243,20080000,26892
13,502,20080000,20080100,746,1243,20120000,26948
13,503,20120000,20120100,746,1243,20160000,26997
13,504,20160000,20160100,746,1243,20200000,27054
13,505,20200000,20200100,746,1243,20240000,27106
13,506,20240000,20240100,746,1243,20280000,27161
13,507,20280000,20280100,746,1243,20320000,27213
13,508,20320000,20320100,746,1243,20360000,27268
13,509,20360000,20360100,746,1243,20400000,27321
13,51,2040000,2040100,746,1243,2080000,2778
13,510,20400000,20400100,746,1243,20440000,27375
13,511,20440000,20440100,746,1243,20480000,27430
13,512,20480000,20480100,746,1243,20520000,27482
13,513,20520000,20520100,746,1243,20560000,27535
13,514,20560000,20560100,746,1243,20600000,27590
13,515,20600000,20600100,746,1243,20640000,27642
13,516,20640000,20640100,746,1243,20680000,27697
13,517,20680000,20680100,746,1243,20720000,27749
13,518,20720000,20720100,746,1243,20760000,27804
13,519,20760000,20760100,746,1243,20800000,27859
13,52,2080000,2080100,746,1243,2120000,2834
13,520,20800000,20800100,746,1243,20840000,27911
13,521,20840000,20840100,746,1243,20880000,27964
13,522,20880000,20880100,746,1243,20920000,28016
13,523,20920000,20920100,746,1243,20960000,28071
13,524,20960000,20960100,746,1243,21000000,28124
13,525,21000000,21000100,746,1243,21040000,28178
13,526,21040000,21040100,746,1243,21080000,28235
13,527,21080000,21080100,746,1243,21120000,28285
13,528,21120000,21120100,746,1243,21160000,28342
13,529,21160000,21160100,746,1243,21200000,28393
13,53,2120000,2120100,746,1243,2160000,2883
13,530,21200000,21200100,746,1243,21240000,28447
13,531,21240000,21240100,746,1243,21280000,28498
13,532,21280000,21280100,746,1243,21320000,28554
13,533,21320000,21320100,746,1243,21360000,28607
13,534,21360000,21360100,746,1243,21400000,28662
13,535,21400000,21400100,746,1243,21440000,28714
13,536,21440000,21440100,746,1243,21480000,28769
13,537,21480000,21480100,746,1243,21520000,28821
13,538,21520000,21520100,746,1243,21560000,28876
13,539,21560000,21560100,746,1243,21600000,28927
13,54,2160000,2160100,746,1243,2200000,2940
13,540,21600000,21600100,746,1243,21640000,28983
13,541,21640000,21640100,746,1243,21680000,29036
13,542,21680000,21680100,746,1243,21720000,29090
13,543,21720000,21720100,746,1243,21760000,29143
13,544,21760000,21760100,746,1243,21800000,29198
13,545,21800000,21800100,746,1243,21840000,29250
13,546,21840000,21840100,746,1243,21880000,29305
13,547,21880000,21880100,746,1243,21920000,29359
13,548,21920000,21920100,746,1243,21960000,29410
13,549,21960000,21960100,746,1243,22000000,29465
13,55,2200000,2200100,746,1243,2240000,2990
13,550,22000000,22000100,746,1243,22040000,29517
13,551,22040000,22040100,746,1243,22080000,29572
13,552,22080000,22080100,746,1243,22120000,29624
13,553,22120000,22120100,746,1243,22160000,29679
13,554,22160000,22160100,746,1243,22200000,29734
13,555,22200000,22200100,746,1243,22240000,29786
13,556,22240000,22240100,746,1243,22280000,29843
13,557,22280000,22280100,746,1243,22320000,29891
13,558,22320000,22320100,746,1243,22360000,29948
13,559,22360000,22360100,746,1243,22400000,29999
13,56,2240000,2240100,746,1243,2280000,3047
13,560,22400000,22400100,746,1243,22440000,30055
13,561,22440000,22440100,746,1243,22480000,30108
13,562,22480000,22480100,746,1243,22520000,30162
13,563,22520000,22520100,746,1243,22560000,30215
13,564,22560000,22560100,746,1243,22600000,30270
13,565,22600000,22600100,746,1243,22640000,30322
13,566,22640000,22640100,746,1243,22680000,30375
13,567,22680000,22680100,746,1243,22720000,30427
13,568,22720000,22720100,746,1243,22760000,30484
13,569,22760000,22760100,746,1243,22800000,30535
13,57,2280000,2280100,746,1243,2320000,3099
13,570,22800000,22800100,746,1243,22840000,30591
13,571,22840000,22840100,746,1243,22880000,30644
13,572,22880000,22880100,746,1243,22920000,30698
13,573,22920000,22920100,746,1243,22960000,30751
13,574,22960000,22960100,746,1243,23000000,30806
13,575,23000000,23000100,746,1243,23040000,30858
13,576,23040000,23040100,746,1243,23080000,30911
13,577,23080000,23080100,746,1243,23120000,30965
13,578,23120000,23120100,746,1243,23160000,31018
13,579,23160000,23160100,746,1243,23200000,31073
13,58,2320000,2320100,746,1243,2360000,3154
13,580,23200000,23200100,746,1243,23240000,31125
13,581,23240000,23240100,746,1243,23280000,31180
13,582,23280000,23280100,746,1243,23320000,31234
13,583,23320000,23320100,746,1243,23360000,31287
13,584,23360000,23360100,746,1243,23400000,31340
13,585,23400000,23400100,746,1243,23440000,31392
13,586,23440000,23440100,746,1243,23480000,31449
13,587,23480000,23480100,746,1243,23520000,31499
13,588,23520000,23520100,746,1243,23560000,31556
13,589,23560000,23560100,746,1243,23600000,31609
13,59,2360000,2360100,746,1243,2400000,3207
13,590,23600000,23600100,746,1243,23640000,31663
13,591,23640000,23640100,746,1243,23680000,31716
13,592,23680000,23680100,746,1243,23720000,31770
13,593,23720000,23720100,746,1243,23760000,31821
13,594,23760000,23760100,746,1243,23800000,31876
13,595,23800000,23800100,746,1243,23840000,31928
13,596,23840000,23840100,746,1243,23880000,31985
13,597,23880000,23880100,746,1243,23920000,32035
13,598,23920000,23920100,746,1243,23960000,32092
13,599,23960000,23960100,746,1243,24000000,32143
13,6,240000,240100,746,1243,280000,367
13,60,2400000,2400100,746,1243,2440000,3261
13,600,24000000,24000100,746,1243,24040000,32199
13,601,24040000,24040100,746,1243,24080000,32252
13,602,24080000,24080100,746,1243,24120000,32304
13,603,24120000,24120100,746,1243,24160000,32359
13,604,24160000,24160100,746,1243,24200000,32412
13,605,24200000,24200100,746,1243,24240000,32466
13,606,24240000,24240100,746,1243,24280000,32519
13,607,24280000,24280100,746,1243,24320000,32573
13,608,24320000,24320100,746,1243,24360000,32626
13,609,24360000,24360100,746,1243,24400000,32681
13,61,2440000,2440100,746,1243,2480000,3316
13,610,24400000,24400100,746,1243,24440000,32735
13,611,24440000,24440100,746,1243,24480000,32786
13,612,24480000,24480100,746,1243,24520000,32840
13,613,24520000,24520100,746,1243,24560000,32893
13,614,24560000,24560100,746,1243,24600000,32948
13,615,24600000,24600100,746,1243,24640000,33000
13,616,24640000,24640100,746,1243,24680000,33057
13,617,24680000,24680100,746,1243,24720000,33109
13,618,24720000,24720100,746,1243,24760000,33164
13,619,24760000,24760100,746,1243,24800000,33217
13,62,2480000,2480100,746,1243,2520000,3366
13,620,24800000,24800100,746,1243,24840000,33269
13,621,24840000,24840100,746,1243,24880000,33322
13,622,24880000,24880100,746,1243,24920000,33376
13,623,24920000,24920100,746,1243,24960000,33429
13,624,24960000,24960100,746,1243,25000000,33486
13,625,25000000,25000100,746,1243,25040000,33536
13,626,25040000,25040100,746,1243,25080000,33593
13,627,25080000,25080100,746,1243,25120000,33643
13,628,25120000,25120100,746,1243,25160000,33700
13,629,25160000,25160100,746,1243,25200000,33749
13,63,2520000,2520100,746,1243,2560000,3421
13,64,2560000,2560100,746,1243,2600000,3476
13,65,2600000,2600100,746,1243,2640000,3528
13,66,2640000,2640100,746,1243,2680000,3583
13,67,2680000,2680100,746,1243,2720000,3635
13,68,2720000,2720100,746,1243,2760000,3690
13,69,2760000,2760100,746,1243,2800000,3743
13,7,280000,280100,746,1243,320000,421
13,70,2800000,2800100,746,1243,2840000,3797
13,71,2840000,2840100,746,1243,2880000,3850
13,72,2880000,2880100,746,1243,2920000,3902
13,73,2920000,2920100,746,1243,2960000,3957
13,74,2960000,2960100,746,1243,3000000,4010
13,75,3000000,3000100,746,1243,3040000,4064
13,76,3040000,3040100,746,1243,3080000,4119
13,77,3080000,3080100,746,1243,3120000,4171
13,78,3120000,3120100,746,1243,3160000,4228
13,79,3160000,3160100,746,1243,3200000,4279
13,8,320000,320100,746,1243,360000,474
13,80,3200000,3200100,746,1243,3240000,4333
13,81,3240000,3240100,746,1243,3280000,4384
13,82,3280000,3280100,746,1243,3320000,4440
13,83,3320000,3320100,746,1243,3360000,4491
13,84,3360000,3360100,746,1243,3400000,4548
13,85,3400000,3400100,746,1243,3440000,4600
13,86,3440000,3440100,746,1243,3480000,4655
13,87,3480000,3480100,746,1243,3520000,4707
13,88,3520000,3520100,746,1243,3560000,4762
13,89,3560000,3560100,746,1243,3600000,4813
13,9,360000,360100,746,1243,400000,527
13,90,3600000,3600100,746,1243,3640000,4867
13,91,3640000,3640100,746,1243,3680000,4922
13,92,3680000,3680100,746,1243,3720000,4976
13,93,3720000,3720100,746,1243,3760000,5029
13,94,3760000,3760100,746,1243,3800000,5084
13,95,3800000,3800100,746,1243,3840000,5136
13,96,3840000,3840100,746,1243,3880000,5191
13,97,3880000,3880100,746,1243,3920000,5243
13,98,3920000,3920100,746,1243,3960000,5296
13,99,3960000,3960100,746,1243,4000000,5351
14,0,0,100,4302,7170,40000,46
14,1,40000,40100,4302,7170,80000,101
14,10,400000,400100,4302,7170,440000,582
14,100,4000000,4000100,4302,7170,4040000,5404
14,101,4040000,4040100,4302,7170,4080000,5459
14,102,4080000,4080100,4302,7170,4120000,5511
14,103,4120000,4120100,4302,7170,4160000,5566
14,104,4160000,4160100,4302,7170,4200000,5619
14,105,4200000,4200100,4302,7170,4240000,5673
14,106,4240000,4240100,4302,7170,4280000,5730
14,107,4280000,4280100,4302,7170,4320000,5778
14,108,4320000,4320100,4302,7170,4360000,5835
14,109,4360000,4360100,4302,7170,4400000,5886
14,11,440000,440100,4302,7170,480000,635
14,110,4400000,4400100,4302,7170,4440000,5942
14,111,4440000,4440100,4302,7170,4480000,5993
14,112,4480000,4480100,4302,7170,4520000,6049
14,113,4520000,4520100,4302,7170,4560000,6102
14,114,4560000,4560100,4302,7170,4600000,6157
14,115,4600000,4600100,4302,7170,4640000,6209
14,116,4640000,4640100,4302,7170,4680000,6262
14,117,4680000,4680100,4302,7170,4720000,6314
14,118,4720000,4720100,4302,7170,4760000,6369
14,119,4760000,4760100,4302,7170,4800000,6422
14,12,480000,480100,4302,7170,520000,689
14,120,4800000,4800100,4302,7170,4840000,6478
14,121,4840000,4840100,4302,7170,4880000,6531
14,122,4880000,4880100,4302,7170,4920000,6585
14,123,4920000,4920100,4302,7170,4960000,6638
14,124,4960000,4960100,4302,7170,5000000,6693
14,125,5000000,5000100,4302,7170,5040000,6743
14,126,5040000,5040100,4302,7170,5080000,6798
14,127,5080000,5080100,4302,7170,5120000,6852
14,128,5120000,5120100,4302,7170,5160000,6905
14,129,5160000,5160100,4302,7170,5200000,6960
14,13,520000,520100,4302,7170,560000,742
14,130,5200000,5200100,4302,7170,5240000,7012
14,131,5240000,5240100,4302,7170,5280000,7067
14,132,5280000,5280100,4302,7170,5320000,7119
14,133,5320000,5320100,4302,7170,5360000,7174
14,134,5360000,5360100,4302,7170,5400000,7227
14,135,5400000,5400100,4302,7170,5440000,7279
14,136,5440000,5440100,4302,7170,5480000,7336
14,137,5480000,5480100,4302,7170,5520000,7386
14,138,5520000,5520100,4302,7170,5560000,7443
14,139,5560000,5560100,4302,7170,5600000,7494
14,14,560000,560100,4302,7170,600000,797
14,140,5600000,5600100,4302,7170,5640000,7550
14,141,5640000,5640100,4302,7170,5680000,7603
14,142,5680000,5680100,4302,7170,5720000,7657
14,143,5720000,5720100,4302,7170,5760000,7708
14,144,5760000,5760100,4302,7170,5800000,7763
14,145,5800000,5800100,4302,7170,5840000,7815
14,146,5840000,5840100,4302,7170,5880000,7870
14,147,5880000,5880100,4302,7170,5920000,7922
14,148,5920000,5920100,4302,7170,5960000,7979
14,149,5960000,5960100,4302,7170,6000000,8030
14,15,600000,600100,4302,7170,640000,851
14,150,6000000,6000100,4302,7170,6040000,8086
14,151,6040000,6040100,4302,7170,6080000,8139
14,152,6080000,6080100,4302,7170,6120000,8191
14,153,6120000,6120100,4302,7170,6160000,8244
14,154,6160000,6160100,4302,7170,6200000,8299
14,155,6200000,6200100,4302,7170,6240000,8353
14,156,6240000,6240100,4302,7170,6280000,8406
14,157,6280000,6280100,4302,7170,6320000,8460
14,158,6320000,6320100,4302,7170,6360000,8513
14,159,6360000,6360100,4302,7170,6400000,8568
14,16,640000,640100,4302,7170,680000,906
14,160,6400000,6400100,4302,7170,6440000,8620
14,161,6440000,6440100,4302,7170,6480000,8673
14,162,6480000,6480100,4302,7170,6520000,8727
14,163,6520000,6520100,4302,7170,6560000,8780
14,164,6560000,6560100,4302,7170,6600000,8835
14,165,6600000,6600100,4302,7170,6640000,8887
14,166,6640000,6640100,4302,7170,6680000,8944
14,167,6680000,6680100,4302,7170,6720000,8994
14,168,6720000,6720100,4302,7170,6760000,9051
14,169,6760000,6760100,4302,7170,6800000,9104
14,17,680000,680100,4302,7170,720000,956
14,170,6800000,6800100,4302,7170,6840000,9156
14,171,6840000,6840100,4302,7170,6880000,9209
14,172,6880000,6880100,4302,7170,6920000,9263
14,173,6920000,6920100,4302,7170,6960000,9316
14,174,6960000,6960100,4302,7170,7000000,9371
14,175,7000000,7000100,4302,7170,7040000,9423
14,176,7040000,7040100,4302,7170,7080000,9480
14,177,7080000,7080100,4302,7170,7120000,9530
14,178,7120000,7120100,4302,7170,7160000,9587
14,179,7160000,7160100,4302,7170,7200000,9636
14,18,720000,720100,4302,7170,760000,1011
14,180,7200000,7200100,4302,7170,7240000,9692
14,181,7240000,7240100,4302,7170,7280000,9745
14,182,7280000,7280100,4302,7170,7320000,9799
14,183,7320000,7320100,4302,7170,7360000,9854
14,184,7360000,7360100,4302,7170,7400000,9907
14,185,7400000,7400100,4302,7170,7440000,9961
14,186,7440000,7440100,4302,7170,7480000,10014
14,187,7480000,7480100,4302,7170,7520000,10068
14,188,7520000,7520100,4302,7170,7560000,10119
14,189,7560000,7560100,4302,7170,7600000,10174
14,19,760000,760100,4302,7170,800000,1064
14,190,7600000,7600100,4302,7170,7640000,10228
14,191,7640000,7640100,4302,7170,7680000,10281
14,192,7680000,7680100,4302,7170,7720000,10335
14,193,7720000,7720100,4302,7170,7760000,10388
14,194,7760000,7760100,4302,7170,7800000,10443
14,195,7800000,7800100,4302,7170,7840000,10495
14,196,7840000,7840100,4302,7170,7880000,10552
14,197,7880000,7880100,4302,7170,7920000,10602
14,198,7920000,7920100,4302,7170,7960000,10657
14,199,7960000,7960100,4302,7170,8000000,10710
14,2,80000,80100,4302,7170,120000,153
14,20,800000,800100,4302,7170,840000,1118
14,200,8000000,8000100,4302,7170,8040000,10764
14,201,8040000,8040100,4302,7170,8080000,10817
14,202,8080000,8080100,4302,7170,8120000,10871
14,203,8120000,8120100,4302,7170,8160000,10924
14,204,8160000,8160100,4302,7170,8200000,10981
14,205,8200000,8200100,4302,7170,8240000,11031
14,206,8240000,8240100,4302,7170,8280000,11086
14,207,8280000,8280100,4302,7170,8320000,11136
14,208,8320000,8320100,4302,7170,8360000,11193
14,209,8360000,8360100,4302,7170,8400000,11244
14,21,840000,840100,4302,7170,880000,1171
14,210,8400000,8400100,4302,7170,8440000,11300
14,211,8440000,8440100,4302,7170,8480000,11355
14,212,8480000,8480100,4302,7170,8520000,11407
14,213,8520000,8520100,4302,7170,8560000,11462
14,214,8560000,8560100,4302,7170,8600000,11515
14,215,8600000,8600100,4302,7170,8640000,11567
14,216,8640000,8640100,4302,7170,8680000,11620
14,217,8680000,8680100,4302,7170,8720000,11674
14,218,8720000,8720100,4302,7170,8760000,11729
14,219,8760000,8760100,4302,7170,8800000,11782
14,22,880000,880100,4302,7170,920000,1227
14,220,8800000,8800100,4302,7170,8840000,11836
14,221,8840000,8840100,4302,7170,8880000,11889
14,222,8880000,8880100,4302,7170,8920000,11943
14,223,8920000,8920100,4302,7170,8960000,11996
14,224,8960000,8960100,4302,7170,9000000,12049
14,225,9000000,9000100,4302,7170,9040000,12103
14,226,9040000,9040100,4302,7170,9080000,12158
14,227,9080000,9080100,4302,7170,9120000,12210
14,228,9120000,9120100,4302,7170,9160000,12265
14,229,9160000,9160100,4302,7170,9200000,12318
14,23,920000,920100,4302,7170,960000,1278
14,230,9200000,9200100,4302,7170,9240000,12372
14,231,9240000,9240100,4302,7170,9280000,12425
14,232,9280000,9280100,4302,7170,9320000,12481
14,233,9320000,9320100,4302,7170,9360000,12530
14,234,9360000,9360100,4302,7170,9400000,12587
14,235,9400000,9400100,4302,7170,9440000,12637
14,236,9440000,9440100,4302,7170,9480000,12694
14,237,9480000,9480100,4302,7170,9520000,12744
14,238,9520000,9520100,4302,7170,9560000,12801
14,239,9560000,9560100,4302,7170,9600000,12854
14,24,960000,960100,4302,7170,1000000,1335
14,240,9600000,9600100,4302,7170,9640000,12908
14,241,9640000,9640100,4302,7170,9680000,12963
14,242,9680000,9680100,4302,7170,9720000,13013
14,243,9720000,9720100,4302,7170,9760000,13068
14,244,9760000,9760100,4302,7170,9800000,13121
14,245,9800000,9800100,4302,7170,9840000,13175
14,246,9840000,9840100,4302,7170,9880000,13230
14,247,9880000,9880100,4302,7170,9920000,13282
14,248,9920000,9920100,4302,7170,9960000,13337
14,249,9960000,9960100,4302,7170,10000000,13390
14,25,1000000,1000100,4302,7170,1040000,1385
14,250,10000000,10000100,4302,7170,10040000,13444
14,251,10040000,10040100,4302,7170,10080000,13495
14,252,10080000,10080100,4302,7170,10120000,13549
14,253,10120000,10120100,4302,7170,10160000,13604
14,254,10160000,10160100,4302,7170,10200000,13657
14,255,10200000,10200100,4302,7170,10240000,13711
14,256,10240000,10240100,4302,7170,10280000,13766
14,257,10280000,10280100,4302,7170,10320000,13818
14,258,10320000,10320100,4302,7170,10360000,13873
14,259,10360000,10360100,4302,7170,10400000,13926
14,26,1040000,1040100,4302,7170,1080000,1440
14,260,10400000,10400100,4302,7170,10440000,13980
14,261,10440000,10440100,4302,7170,10480000,14031
14,262,10480000,10480100,4302,7170,10520000,14087
14,263,10520000,10520100,4302,7170,10560000,14138
14,264,10560000,10560100,4302,7170,10600000,14195
14,265,10600000,10600100,4302,7170,10640000,14245
14,266,10640000,10640100,4302,7170,10680000,14302
14,267,10680000,10680100,4302,7170,10720000,14354
14,268,10720000,10720100,4302,7170,10760000,14409
14,269,10760000,10760100,4302,7170,10800000,14460
14,27,1080000,1080100,4302,7170,1120000,1490
14,270,10800000,10800100,4302,7170,10840000,14514
14,271,10840000,10840100,4302,7170,10880000,14569
14,272,10880000,10880100,4302,7170,10920000,14621
14,273,10920000,10920100,4302,7170,10960000,14676
14,274,10960000,10960100,4302,7170,11000000,14731
14,275,11000000,11000100,4302,7170,11040000,14783
14,276,11040000,11040100,4302,7170,11080000,14838
14,277,11080000,11080100,4302,7170,11120000,14890
14,278,11120000,11120100,4302,7170,11160000,14943
14,279,11160000,11160100,4302,7170,11200000,14996
14,28,1120000,1120100,4302,7170,1160000,1547
14,280,11200000,11200100,4302,7170,11240000,15050
14,281,11240000,11240100,4302,7170,11280000,15105
14,282,11280000,11280100,4302,7170,11320000,15157
14,283,11320000,11320100,4302,7170,11360000,15212
14,284,11360000,11360100,4302,7170,11400000,15265
14,285,11400000,11400100,4302,7170,11440000,15319
14,286,11440000,11440100,4302,7170,11480000,15374
14,287,11480000,11480100,4302,7170,11520000,15424
14,288,11520000,11520100,4302,7170,11560000,15481
14,289,11560000,11560100,4302,7170,11600000,15532
14,29,1160000,1160100,4302,7170,1200000,1600
14,290,11600000,11600100,4302,7170,11640000,15588
14,291,11640000,11640100,4302,7170,11680000,15639
14,292,11680000,11680100,4302,7170,11720000,15695
14,293,11720000,11720100,4302,7170,11760000,15746
14,294,11760000,11760100,4302,7170,11800000,15803
14,295,11800000,11800100,4302,7170,11840000,15855
14,296,11840000,11840100,4302,7170,11880000,15908
14,297,11880000,11880100,4302,7170,11920000,15960
14,298,11920000,11920100,4302,7170,11960000,16015
14,299,11960000,11960100,4302,7170,12000000,16068
14,3,120000,120100,4302,7170,160000,208
14,30,1200000,1200100,4302,7170,1240000,1654
14,300,12000000,12000100,4302,7170,12040000,16122
14,301,12040000,12040100,4302,7170,12080000,16177
14,302,12080000,12080100,4302,7170,12120000,16231
14,303,12120000,12120100,4302,7170,12160000,16284
14,304,12160000,12160100,4302,7170,12200000,16339
14,305,12200000,12200100,4302,7170,12240000,16389
14,306,12240000,12240100,4302,7170,12280000,16444
14,307,12280000,12280100,4302,7170,12320000,16496
14,308,12320000,12320100,4302,7170,12360000,16551
14,309,12360000,12360100,4302,7170,12400000,16606
14,31,1240000,1240100,4302,7170,1280000,1709
14,310,12400000,12400100,4302,7170,12440000,16658
14,311,12440000,12440100,4302,7170,12480000,16713
14,312,12480000,12480100,4302,7170,12520000,16765
14,313,12520000,12520100,4302,7170,12560000,16820
14,314,12560000,12560100,4302,7170,12600000,16871
14,315,12600000,12600100,4302,7170,12640000,16925
14,316,12640000,12640100,4302,7170,12680000,16982
14,317,12680000,12680100,4302,7170,12720000,17032
14,318,12720000,12720100,4302,7170,12760000,17089
14,319,12760000,12760100,4302,7170,12800000,17140
14,32,1280000,1280100,4302,7170,1320000,1761
14,320,12800000,12800100,4302,7170,12840000,17196
14,321,12840000,12840100,4302,7170,12880000,17247
14,322,12880000,12880100,4302,7170,12920000,17303
14,323,12920000,12920100,4302,7170,12960000,17354
14,324,12960000,12960100,4302,7170,13000000,17409
14,325,13000000,13000100,4302,7170,13040000,17461
14,326,13040000,13040100,4302,7170,13080000,17516
14,327,13080000,13080100,4302,7170,13120000,17568
14,328,13120000,13120100,4302,7170,13160000,17623
14,329,13160000,13160100,4302,7170,13200000,17676
14,33,1320000,1320100,4302,7170,1360000,1816
14,330,13200000,13200100,4302,7170,13240000,17732
14,331,13240000,13240100,4302,7170,13280000,17785
14,332,13280000,13280100,4302,7170,13320000,17837
14,333,13320000,13320100,4302,7170,13360000,17890
14,334,13360000,13360100,4302,7170,13400000,17945
14,335,13400000,13400100,4302,7170,13440000,17997
14,336,13440000,13440100,4302,7170,13480000,18052
14,337,13480000,13480100,4302,7170,13520000,18106
14,338,13520000,13520100,4302,7170,13560000,18159
14,339,13560000,13560100,4302,7170,13600000,18214
14,34,1360000,1360100,4302,7170,1400000,1869
14,340,13600000,13600100,4302,7170,13640000,18266
14,341,13640000,13640100,4302,7170,13680000,18319
14,342,13680000,13680100,4302,7170,13720000,18371
14,343,13720000,13720100,4302,7170,13760000,18426
14,344,13760000,13760100,4302,7170,13800000,18481
14,345,13800000,13800100,4302,7170,13840000,18533
14,346,13840000,13840100,4302,7170,13880000,18590
14,347,13880000,13880100,4302,7170,13920000,18640
14,348,13920000,13920100,4302,7170,13960000,18697
14,349,13960000,13960100,4302,7170,14000000,18748
14,35,1400000,1400100,4302,7170,1440000,1921
14,350,14000000,14000100,4302,7170,14040000,18802
14,351,14040000,14040100,4302,7170,14080000,18855
14,352,14080000,14080100,4302,7170,14120000,18909
14,353,14120000,14120100,4302,7170,14160000,18962
14,354,14160000,14160100,4302,7170,14200000,19017
14,355,14200000,14200100,4302,7170,14240000,19069
14,356,14240000,14240100,4302,7170,14280000,19124
14,357,14280000,14280100,4302,7170,14320000,19176
14,358,14320000,14320100,4302,7170,14360000,19233
14,359,14360000,14360100,4302,7170,14400000,19282
14,36,1440000,1440100,4302,7170,1480000,1976
14,360,14400000,14400100,4302,7170,14440000,19338
14,361,14440000,14440100,4302,7170,14480000,19391
14,362,14480000,14480100,4302,7170,14520000,19445
14,363,14520000,14520100,4302,7170,14560000,19498
14,364,14560000,14560100,4302,7170,14600000,19553
14,365,14600000,14600100,4302,7170,14640000,19607
14,366,14640000,14640100,4302,7170,14680000,19660
14,367,14680000,14680100,4302,7170,14720000,19714
14,368,14720000,14720100,4302,7170,14760000,19765
14,369,14760000,14760100,4302,7170,14800000,19820
14,37,1480000,1480100,4302,7170,1520000,2028
14,370,14800000,14800100,4302,7170,14840000,19872
14,371,14840000,14840100,4302,7170,14880000,19927
14,372,14880000,14880100,4302,7170,14920000,19981
14,373,14920000,14920100,4302,7170,14960000,20034
14,374,14960000,14960100,4302,7170,15000000,20089
14,375,15000000,15000100,4302,7170,15040000,20141
14,376,15040000,15040100,4302,7170,15080000,20198
14,377,15080000,15080100,4302,7170,15120000,20246
14,378,15120000,15120100,4302,7170,15160000,20303
14,379,15160000,15160100,4302,7170,15200000,20356
14,38,1520000,1520100,4302,7170,1560000,2083
14,380,15200000,15200100,4302,7170,15240000,20410
14,381,15240000,15240100,4302,7170,15280000,20463
14,382,15280000,15280100,4302,7170,15320000,20517
14,383,15320000,15320100,4302,7170,15360000,20570
14,384,15360000,15360100,4302,7170,15400000,20625
14,385,15400000,15400100,4302,7170,15440000,20677
14,386,15440000,15440100,4302,7170,15480000,20732
14,387,15480000,15480100,4302,7170,15520000,20782
14,388,15520000,15520100,4302,7170,15560000,20839
14,389,15560000,15560100,4302,7170,15600000,20890
14,39,1560000,1560100,4302,7170,1600000,2136
14,390,15600000,15600100,4302,7170,15640000,20946
14,391,15640000,15640100,4302,7170,15680000,20999
14,392,15680000,15680100,4302,7170,15720000,21053
14,393,15720000,15720100,4302,7170,15760000,21108
14,394,15760000,15760100,4302,7170,15800000,21161
14,395,15800000,15800100,4302,7170,15840000,21213
14,396,15840000,15840100,4302,7170,15880000,21266
14,397,15880000,15880100,4302,7170,15920000,21320
14,398,15920000,15920100,4302,7170,15960000,21373
14,399,15960000,15960100,4302,7170,16000000,21428
14,4,160000,160100,4302,7170,200000,261
14,40,1600000,1600100,4302,7170,1640000,2190
14,400,16000000,16000100,4302,7170,16040000,21482
14,401,16040000,16040100,4302,7170,16080000,21535
14,402,16080000,16080100,4302,7170,16120000,21589
14,403,16120000,16120100,4302,7170,16160000,21642
14,404,16160000,16160100,4302,7170,16200000,21695
14,405,16200000,16200100,4302,7170,16240000,21747
14,406,16240000,16240100,4302,7170,16280000,21804
14,407,16280000,16280100,4302,7170,16320000,21856
14,408,16320000,16320100,4302,7170,16360000,21911
14,409,16360000,16360100,4302,7170,16400000,21964
14,41,1640000,1640100,4302,7170,1680000,2243
14,410,16400000,16400100,4302,7170,16440000,22018
14,411,16440000,16440100,4302,7170,16480000,22071
14,412,16480000,16480100,4302,7170,16520000,22125
14,413,16520000,16520100,4302,7170,16560000,22176
14,414,16560000,16560100,4302,7170,16600000,22233
14,415,16600000,16600100,4302,7170,16640000,22283
14,416,16640000,16640100,4302,7170,16680000,22340
14,417,16680000,16680100,4302,7170,16720000,22390
14,418,16720000,16720100,4302,7170,16760000,22447
14,419,16760000,16760100,4302,7170,16800000,22498
14,42,1680000,1680100,4302,7170,1720000,2297
14,420,16800000,16800100,4302,7170,16840000,22554
14,421,16840000,16840100,4302,7170,16880000,22609
14,422,16880000,16880100,4302,7170,16920000,22659
14,423,16920000,16920100,4302,7170,16960000,22714
14,424,16960000,16960100,4302,7170,17000000,22767
14,425,17000000,17000100,4302,7170,17040000,22821
14,426,17040000,17040100,4302,7170,17080000,22874
14,427,17080000,17080100,4302,7170,17120000,22928
14,428,17120000,17120100,4302,7170,17160000,22983
14,429,17160000,17160100,4302,7170,17200000,23036
14,43,1720000,1720100,4302,7170,1760000,2352
14,430,17200000,17200100,4302,7170,17240000,23090
14,431,17240000,17240100,4302,7170,17280000,23141
14,432,17280000,17280100,4302,7170,17320000,23195
14,433,17320000,17320100,4302,7170,17360000,23248
14,434,17360000,17360100,4302,7170,17400000,23303
14,435,17400000,17400100,4302,7170,17440000,23357
14,436,17440000,17440100,4302,7170,17480000,23412
14,437,17480000,17480100,4302,7170,17520000,23464
14,438,17520000,17520100,4302,7170,17560000,23519
14,439,17560000,17560100,4302,7170,17600000,23572
14,44,1760000,1760100,4302,7170,1800000,2403
14,440,17600000,17600100,4302,7170,17640000,23624
14,441,17640000,17640100,4302,7170,17680000,23677
14,442,17680000,17680100,4302,7170,17720000,23733
14,443,17720000,17720100,4302,7170,17760000,23784
14,444,17760000,17760100,4302,7170,17800000,23841
14,445,17800000,17800100,4302,7170,17840000,23891
14,446,17840000,17840100,4302,7170,17880000,23948
14,447,17880000,17880100,4302,7170,17920000,23998
14,448,17920000,17920100,4302,7170,17960000,24055
14,449,17960000,17960100,4302,7170,18000000,24106
14,45,1800000,1800100,4302,7170,1840000,2457
14,450,18000000,18000100,4302,7170,18040000,24160
14,451,18040000,18040100,4302,7170,18080000,24215
14,452,18080000,18080100,4302,7170,18120000,24267
14,453,18120000,18120100,4302,7170,18160000,24322
14,454,18160000,18160100,4302,7170,18200000,24375
14,455,18200000,18200100,4302,7170,18240000,24429
14,456,18240000,18240100,4302,7170,18280000,24484
14,457,18280000,18280100,4302,7170,18320000,24536
14,458,18320000,18320100,4302,7170,18360000,24589
14,459,18360000,18360100,4302,7170,18400000,24642
14,46,1840000,1840100,4302,7170,1880000,2512
14,460,18400000,18400100,4302,7170,18440000,24696
14,461,18440000,18440100,4302,7170,18480000,24749
14,462,18480000,18480100,4302,7170,18520000,24803
14,463,18520000,18520100,4302,7170,18560000,24858
14,464,18560000,18560100,4302,7170,18600000,24911
14,465,18600000,18600100,4302,7170,18640000,24965
14,466,18640000,18640100,4302,7170,18680000,25020
14,467,18680000,18680100,4302,7170,18720000,25070
14,468,18720000,18720100,4302,7170,18760000,25125
14,469,18760000,18760100,4302,7170,18800000,25178
14,47,1880000,1880100,4302,7170,1920000,2564
14,470,18800000,18800100,4302,7170,18840000,25234
14,471,18840000,18840100,4302,7170,18880000,25285
14,472,18880000,18880100,4302,7170,18920000,25341
14,473,18920000,18920100,4302,7170,18960000,25392
14,474,18960000,18960100,4302,7170,19000000,25449
14,475,19000000,19000100,4302,7170,19040000,25499
14,476,19040000,19040100,4302,7170,19080000,25554
14,477,19080000,19080100,4302,7170,19120000,25606
14,478,19120000,19120100,4302,7170,19160000,25661
14,479,19160000,19160100,4302,7170,19200000,25714
14,48,1920000,1920100,4302,7170,1960000,2619
14,480,19200000,19200100,4302,7170,19240000,25768
14,481,19240000,19240100,4302,7170,19280000,25823
14,482,19280000,19280100,4302,7170,19320000,25875
14,483,19320000,19320100,4302,7170,19360000,25930
14,484,19360000,19360100,4302,7170,19400000,25985
14,485,19400000,19400100,4302,7170,19440000,26035
14,486,19440000,19440100,4302,7170,19480000,26090
14,487,19480000,19480100,4302,7170,19520000,26142
14,488,19520000,19520100,4302,7170,19560000,26197
14,489,19560000,19560100,4302,7170,19600000,26250
14,49,1960000,1960100,4302,7170,2000000,2672
14,490,19600000,19600100,4302,7170,19640000,26304
14,491,19640000,19640100,4302,7170,19680000,26359
14,492,19680000,19680100,4302,7170,19720000,26411
14,493,19720000,19720100,4302,7170,19760000,26466
14,494,19760000,19760100,4302,7170,19800000,26517
14,495,19800000,19800100,4302,7170,19840000,26571
14,496,19840000,19840100,4302,7170,19880000,26626
14,497,19880000,19880100,4302,7170,19920000,26678
14,498,19920000,19920100,4302,7170,19960000,26735
14,499,19960000,19960100,4302,7170,20000000,26786
14,5,200000,200100,4302,7170,240000,315
14,50,2000000,2000100,4302,7170,2040000,2728
14,500,20000000,20000100,4302,7170,20040000,26842
14,501,20040000,20040100,4302,7170,20080000,26893
14,502,20080000,20080100,4302,7170,20120000,26949
14,503,20120000,20120100,4302,7170,20160000,26998
14,504,20160000,20160100,4302,7170,20200000,27055
14,505,20200000,20200100,4302,7170,20240000,27107
14,506,20240000,20240100,4302,7170,20280000,27162
14,507,20280000,20280100,4302,7170,20320000,27214
14,508,20320000,20320100,4302,7170,20360000,27269
14,509,20360000,20360100,4302,7170,20400000,27322
14,51,2040000,2040100,4302,7170,2080000,2779
14,510,20400000,20400100,4302,7170,20440000,27376
14,511,20440000,20440100,4302,7170,20480000,27431
14,512,20480000,20480100,4302,7170,20520000,27483
14,513,20520000,20520100,4302,7170,20560000,27536
14,514,20560000,20560100,4302,7170,20600000,27591
14,515,20600000,20600100,4302,7170,20640000,27643
14,516,20640000,20640100,4302,7170,20680000,27698
14,517,20680000,20680100,4302,7170,20720000,27750
14,518,20720000,20720100,4302,7170,20760000,27805
14,519,20760000,20760100,4302,7170,20800000,27860
14,52,2080000,2080100,4302,7170,2120000,2835
14,520,20800000,20800100,4302,7170,20840000,27912
14,521,20840000,20840100,4302,7170,20880000,27965
14,522,20880000,20880100,4302,7170,20920000,28017
14,523,20920000,20920100,4302,7170,20960000,28072
14,524,20960000,20960100,4302,7170,21000000,28125
14,525,21000000,21000100,4302,7170,21040000,28179
14,526,21040000,21040100,4302,7170,21080000,28236
14,527,21080000,21080100,4302,7170,21120000,28286
14,528,21120000,21120100,4302,7170,21160000,28343
14,529,21160000,21160100,4302,7170,21200000,28394
14,53,2120000,2120100,4302,7170,2160000,2884
14,530,21200000,21200100,4302,7170,21240000,28448
14,531,21240000,21240100,4302,7170,21280000,28499
14,532,21280000,21280100,4302,7170,21320000,28555
14,533,21320000,21320100,4302,7170,21360000,28608
14,534,21360000,21360100,4302,7170,21400000,28663
14,535,21400000,21400100,4302,7170,21440000,28715
14,536,21440000,21440100,4302,7170,21480000,28770
14,537,21480000,21480100,4302,7170,21520000,28822
14,538,21520000,21520100,4302,7170,21560000,28877
14,539,21560000,21560100,4302,7170,21600000,28928
14,54,2160000,2160100,4302,7170,2200000,2941
14,540,21600000,21600100,4302,7170,21640000,28984
14,541,21640000,21640100,4302,7170,21680000,29037
14,542,21680000,21680100,4302,7170,21720000,29091
14,543,21720000,21720100,4302,7170,21760000,29144
14,544,21760000,21760100,4302,7170,21800000,29199
14,545,21800000,21800100,4302,7170,21840000,29251
14,546,21840000,21840100,4302,7170,21880000,29306
14,547,21880000,21880100,4302,7170,21920000,29360
14,548,21920000,21920100,4302,7170,21960000,29411
14,549,21960000,21960100,4302,7170,22000000,29466
14,55,2200000,2200100,4302,7170,2240000,2991
14,550,22000000,22000100,4302,7170,22040000,29518
14,551,22040000,22040100,4302,7170,22080000,29573
14,552,22080000,22080100,4302,7170,22120000,29625
14,553,22120000,22120100,4302,7170,22160000,29680
14,554,22160000,22160100,4302,7170,22200000,29735
14,555,22200000,22200100,4302,7170,22240000,29787
14,556,22240000,22240100,4302,7170,22280000,29844
14,557,22280000,22280100,4302,7170,22320000,29892
14,558,22320000,22320100,4302,7170,22360000,29949
14,559,22360000,22360100,4302,7170,22400000,30000
14,56,2240000,2240100,4302,7170,2280000,3048
14,560,22400000,22400100,4302,7170,22440000,30056
14,561,22440000,22440100,4302,7170,22480000,30109
14,562,22480000,22480100,4302,7170,22520000,30163
14,563,22520000,22520100,4302,7170,22560000,30216
14,564,22560000,22560100,4302,7170,22600000,30271
14,565,22600000,22600100,4302,7170,22640000,30323
14,566,22640000,22640100,4302,7170,22680000,30376
14,567,22680000,22680100,4302,7170,22720000,30428
14,568,22720000,22720100,4302,7170,22760000,30485
14,569,22760000,22760100,4302,7170,22800000,30536
14,57,2280000,2280100,4302,7170,2320000,3100
14,570,22800000,22800100,4302,7170,22840000,30592
14,571,22840000,22840100,4302,7170,22880000,30645
14,572,22880000,22880100,4302,7170,22920000,30699
14,573,22920000,22920100,4302,7170,22960000,30752
14,574,22960000,22960100,4302,7170,23000000,30807
14,575,23000000,23000100,4302,7170,23040000,30859
14,576,23040000,23040100,4302,7170,23080000,30912
14,577,23080000,23080100,4302,7170,23120000,30966
14,578,23120000,23120100,4302,7170,23160000,31019
14,579,23160000,23160100,4302,7170,23200000,31074
14,58,2320000,2320100,4302,7170,2360000,3155
14,580,23200000,23200100,4302,7170,23240000,31126
14,581,23240000,23240100,4302,7170,23280000,31181
14,582,23280000,23280100,4302,7170,23320000,31235
14,583,23320000,23320100,4302,7170,23360000,31288
14,584,23360000,23360100,4302,7170,23400000,31341
14,585,23400000,23400100,4302,7170,23440000,31393
14,586,23440000,23440100,4302,7170,23480000,31450
14,587,23480000,23480100,4302,7170,23520000,31500
14,588,23520000,23520100,4302,7170,23560000,31557
14,589,23560000,23560100,4302,7170,23600000,31610
14,59,2360000,2360100,4302,7170,2400000,3208
14,590,23600000,23600100,4302,7170,23640000,31664
14,591,23640000,23640100,4302,7170,23680000,31717
14,592,23680000,23680100,4302,7170,23720000,31771
14,593,23720000,23720100,4302,7170,23760000,31822
14,594,23760000,23760100,4302,7170,23800000,31877
14,595,23800000,23800100,4302,7170,23840000,31929
14,596,23840000,23840100,4302,7170,23880000,31986
14,597,23880000,23880100,4302,7170,23920000,32036
14,598,23920000,23920100,4302,7170,23960000,32093
14,599,23960000,23960100,4302,7170,24000000,32144
14,6,240000,240100,4302,7170,280000,368
14,60,2400000,2400100,4302,7170,2440000,3262
14,600,24000000,24000100,4302,7170,24040000,32200
14,601,24040000,24040100,4302,7170,24080000,32253
14,602,24080000,24080100,4302,7170,24120000,32305
14,603,24120000,24120100,4302,7170,24160000,32360
14,604,24160000,24160100,4302,7170,24200000,32413
14,605,24200000,24200100,4302,7170,24240000,32467
14,606,24240000,24240100,4302,7170,24280000,32520
14,607,24280000,24280100,4302,7170,24320000,32574
14,608,24320000,24320100,4302,7170,24360000,32627
14,609,24360000,24360100,4302,7170,24400000,32682
14,61,2440000,2440100,4302,7170,2480000,3317
14,610,24400000,24400100,4302,7170,24440000,32736
14,611,24440000,24440100,4302,7170,24480000,32787
14,612,24480000,24480100,4302,7170,24520000,32841
14,613,24520000,24520100,4302,7170,24560000,32894
14,614,24560000,24560100,4302,7170,24600000,32949
14,615,24600000,24600100,4302,7170,24640000,33001
14,616,24640000,24640100,4302,7170,24680000,33058
14,617,24680000,24680100,4302,7170,24720000,33110
14,618,24720000,24720100,4302,7170,24760000,33165
14,619,24760000,24760100,4302,7170,24800000,33218
14,62,2480000,2480100,4302,7170,2520000,3367
14,620,24800000,24800100,4302,7170,24840000,33270
14,621,24840000,24840100,4302,7170,24880000,33323
14,622,24880000,24880100,4302,7170,24920000,33377
14,623,24920000,24920100,4302,7170,24960000,33430
14,624,24960000,24960100,4302,7170,25000000,33487
14,625,25000000,25000100,4302,7170,25040000,33537
14,626,25040000,25040100,4302,7170,25080000,33594
14,627,25080000,25080100,4302,7170,25120000,33644
14,628,25120000,25120100,4302,7170,25160000,33701
14,629,25160000,25160100,4302,7170,25200000,33750
14,63,2520000,2520100,4302,7170,2560000,3422
14,64,2560000,2560100,4302,7170,2600000,3477
14,65,2600000,2600100,4302,7170,2640000,3529
14,66,2640000,2640100,4302,7170,2680000,3584
14,67,2680000,2680100,4302,7170,2720000,3636
14,68,2720000,2720100,4302,7170,2760000,3691
14,69,2760000,2760100,4302,7170,2800000,3744
14,7,280000,280100,4302,7170,320000,422
14,70,2800000,2800100,4302,7170,2840000,3798
14,71,2840000,2840100,4302,7170,2880000,3851
14,72,2880000,2880100,4302,7170,2920000,3903
14,73,2920000,2920100,4302,7170,2960000,3958
14,74,2960000,2960100,4302,7170,3000000,4011
14,75,3000000,3000100,4302,7170,3040000,4065
14,76,3040000,3040100,4302,7170,3080000,4120
14,77,3080000,3080100,4302,7170,3120000,4172
14,78,3120000,3120100,4302,7170,3160000,4229
14,79,3160000,3160100,4302,7170,3200000,4280
14,8,320000,320100,4302,7170,360000,475
14,80,3200000,3200100,4302,7170,3240000,4334
14,81,3240000,3240100,4302,7170,3280000,4385
14,82,3280000,3280100,4302,7170,3320000,4441
14,83,3320000,3320100,4302,7170,3360000,4492
14,84,3360000,3360100,4302,7170,3400000,4549
14,85,3400000,3400100,4302,7170,3440000,4601
14,86,3440000,3440100,4302,7170,3480000,4656
14,87,3480000,3480100,4302,7170,3520000,4708
14,88,3520000,3520100,4302,7170,3560000,4763
14,89,3560000,3560100,4302,7170,3600000,4814
14,9,360000,360100,4302,7170,400000,528
14,90,3600000,3600100,4302,7170,3640000,4868
14,91,3640000,3640100,4302,7170,3680000,4923
14,92,3680000,3680100,4302,7170,3720000,4977
14,93,3720000,3720100,4302,7170,3760000,5030
14,94,3760000,3760100,4302,7170,3800000,5085
14,95,3800000,3800100,4302,7170,3840000,5137
14,96,3840000,3840100,4302,7170,3880000,5192
14,97,3880000,3880100,4302,7170,3920000,5244
14,98,3920000,3920100,4302,7170,3960000,5297
14,99,3960000,3960100,4302,7170,4000000,5352
15,0,0,100,184,306,40000,47
15,1,40000,40100,184,306,80000,102
15,10,400000,400100,184,306,440000,583
15,100,4000000,4000100,184,306,4040000,5405
15,101,4040000,4040100,184,306,4080000,5460
15,102,4080000,4080100,184,306,4120000,5512
15,103,4120000,4120100,184,306,4160000,5567
15,104,4160000,4160100,184,306,4200000,5620
15,105,4200000,4200100,184,306,4240000,5674
15,106,4240000,4240100,184,306,4280000,5731
15,107,4280000,4280100,184,306,4320000,5779
15,108,4320000,4320100,184,306,4360000,5836
15,109,4360000,4360100,184,306,4400000,5887
15,11,440000,440100,184,306,480000,636
15,110,4400000,4400100,184,306,4440000,5943
15,111,4440000,4440100,184,306,4480000,5994
15,112,4480000,4480100,184,306,4520000,6050
15,113,4520000,4520100,184,306,4560000,6103
15,114,4560000,4560100,184,306,4600000,6158
15,115,4600000,4600100,184,306,4640000,6210
15,116,4640000,4640100,184,306,4680000,6263
15,117,4680000,4680100,184,306,4720000,6315
15,118,4720000,4720100,184,306,4760000,6370
15,119,4760000,4760100,184,306,4800000,6423
15,12,480000,480100,184,306,520000,690
15,120,4800000,4800100,184,306,4840000,6479
15,121,4840000,4840100,184,306,4880000,6532
15,122,4880000,4880100,184,306,4920000,6586
15,123,4920000,4920100,184,306,4960000,6639
15,124,4960000,4960100,184,306,5000000,6694
15,125,5000000,5000100,184,306,5040000,6744
15,126,5040000,5040100,184,306,5080000,6799
15,127,5080000,5080100,184,306,5120000,6853
15,128,5120000,5120100,184,306,5160000,6906
15,129,5160000,5160100,184,306,5200000,6961
15,13,520000,520100,184,306,560000,743
15,130,5200000,5200100,184,306,5240000,7013
15,131,5240000,5240100,184,306,5280000,7068
15,132,5280000,5280100,184,306,5320000,7120
15,133,5320000,5320100,184,306,5360000,7175
15,134,5360000,5360100,184,306,5400000,7228
15,135,5400000,5400100,184,306,5440000,7280
15,136,5440000,5440100,184,306,5480000,7337
15,137,5480000,5480100,184,306,5520000,7387
15,138,5520000,5520100,184,306,5560000,7444
15,139,5560000,5560100,184,306,5600000,7495
15,14,560000,560100,184,306,600000,798
15,140,5600000,5600100,184,306,5640000,7551
15,141,5640000,5640100,184,306,5680000,7604
15,142,5680000,5680100,184,306,5720000,7658
15,143,5720000,5720100,184,306,5760000,7709
15,144,5760000,5760100,184,306,5800000,7764
15,145,5800000,5800100,184,306,5840000,7816
15,146,5840000,5840100,184,306,5880000,7871
15,147,5880000,5880100,184,306,5920000,7923
15,148,5920000,5920100,184,306,5960000,7980
15,149,5960000,5960100,184,306,6000000,8031
15,15,600000,600100,184,306,640000,852
15,150,6000000,6000100,184,306,6040000,8087
15,151,6040000,6040100,184,306,6080000,8140
15,152,6080000,6080100,184,306,6120000,8192
15,153,6120000,6120100,184,306,6160000,8245
15,154,6160000,6160100,184,306,6200000,8300
15,155,6200000,6200100,184,306,6240000,8354
15,156,6240000,6240100,184,306,6280000,8407
15,157,6280000,6280100,184,306,6320000,8461
15,158,6320000,6320100,184,306,6360000,8514
15,159,6360000,6360100,184,306,6400000,8569
15,16,640000,640100,184,306,680000,907
15,160,6400000,6400100,184,306,6440000,8621
15,161,6440000,6440100,184,306,6480000,8674
15,162,6480000,6480100,184,306,6520000,8728
15,163,6520000,6520100,184,306,6560000,8781
15,164,6560000,6560100,184,306,6600000,8836
15,165,6600000,6600100,184,306,6640000,8888
15,166,6640000,6640100,184,306,6680000,8945
15,167,6680000,6680100,184,306,6720000,8995
15,168,6720000,6720100,184,306,6760000,9052
15,169,6760000,6760100,184,306,6800000,9105
15,17,680000,680100,184,306,720000,957
15,170,6800000,6800100,184,306,6840000,9157
15,171,6840000,6840100,184,306,6880000,9210
15,172,6880000,6880100,184,306,6920000,9264
15,173,6920000,6920100,184,306,6960000,9317
15,174,6960000,6960100,184,306,7000000,9372
15,175,7000000,7000100,184,306,7040000,9424
15,176,7040000,7040100,184,306,7080000,9481
15,177,7080000,7080100,184,306,7120000,9531
15,178,7120000,7120100,184,306,7160000,9588
15,179,7160000,7160100,184,306,7200000,9637
15,18,720000,720100,184,306,760000,1012
15,180,7200000,7200100,184,306,7240000,9693
15,181,7240000,7240100,184,306,7280000,9746
15,182,7280000,7280100,184,306,7320000,9800
15,183,7320000,7320100,184,306,7360000,9855
15,184,7360000,7360100,184,306,7400000,9908
15,185,7400000,7400100,184,306,7440000,9962
15,186,7440000,7440100,184,306,7480000,10015
15,187,7480000,7480100,184,306,7520000,10069
15,188,7520000,7520100,184,306,7560000,10120
15,189,7560000,7560100,184,306,7600000,10175
15,19,760000,760100,184,306,800000,1065
15,190,7600000,7600100,184,306,7640000,10229
15,191,7640000,7640100,184,306,7680000,10282
15,192,7680000,7680100,184,306,7720000,10336
15,193,7720000,7720100,184,306,7760000,10389
15,194,7760000,7760100,184,306,7800000,10444
15,195,7800000,7800100,184,306,7840000,10496
15,196,7840000,7840100,184,306,7880000,10553
15,197,7880000,7880100,184,306,7920000,10603
15,198,7920000,7920100,184,306,7960000,10658
15,199,7960000,7960100,184,306,8000000,10711
15,2,80000,80100,184,306,120000,154
15,20,800000,800100,184,306,840000,1119
15,200,8000000,8000100,184,306,8040000,10765
15,201,8040000,8040100,184,306,8080000,10818
15,202,8080000,8080100,184,306,8120000,10872
15,203,8120000,8120100,184,306,8160000,10925
15,204,8160000,8160100,184,306,8200000,10982
15,205,8200000,8200100,184,306,8240000,11032
15,206,8240000,8240100,184,306,8280000,11087
15,207,8280000,8280100,184,306,8320000,11137
15,208,8320000,8320100,184,306,8360000,11194
15,209,8360000,8360100,184,306,8400000,11245
15,21,840000,840100,184,306,880000,1172
15,210,8400000,8400100,184,306,8440000,11301
15,211,8440000,8440100,184,306,8480000,11356
15,212,8480000,8480100,184,306,8520000,11408
15,213,8520000,8520100,184,306,8560000,11463
15,214,8560000,8560100,184,306,8600000,11516
15,215,8600000,8600100,184,306,8640000,11568
15,216,8640000,8640100,184,306,8680000,11621
15,217,8680000,8680100,184,306,8720000,11675
15,218,8720000,8720100,184,306,8760000,11730
15,219,8760000,8760100,184,306,8800000,11783
15,22,880000,880100,184,306,920000,1228
15,220,8800000,8800100,184,306,8840000,11837
15,221,8840000,8840100,184,306,8880000,11890
15,222,8880000,8880100,184,306,8920000,11944
15,223,8920000,8920100,184,306,8960000,11997
15,224,8960000,8960100,184,306,9000000,12050
15,225,9000000,9000100,184,306,9040000,12104
15,226,9040000,9040100,184,306,9080000,12159
15,227,9080000,9080100,184,306,9120000,12211
15,228,9120000,9120100,184,306,9160000,12266
15,229,9160000,9160100,184,306,9200000,12319
15,23,920000,920100,184,306,960000,1279
15,230,9200000,9200100,184,306,9240000,12373
15,231,9240000,9240100,184,306,9280000,12426
15,232,9280000,9280100,184,306,9320000,12482
15,233,9320000,9320100,184,306,9360000,12531
15,234,9360000,9360100,184,306,9400000,12588
15,235,9400000,9400100,184,306,9440000,12638
15,236,9440000,9440100,184,306,9480000,12695
15,237,9480000,9480100,184,306,9520000,12745
15,238,9520000,9520100,184,306,9560000,12802
15,239,9560000,9560100,184,306,9600000,12855
15,24,960000,960100,184,306,1000000,1336
15,240,9600000,9600100,184,306,9640000,12909
15,241,9640000,9640100,184,306,9680000,12964
15,242,9680000,9680100,184,306,9720000,13014
15,243,9720000,9720100,184,306,9760000,13069
15,244,9760000,9760100,184,306,9800000,13122
15,245,9800000,9800100,184,306,9840000,13176
15,246,9840000,9840100,184,306,9880000,13231
15,247,9880000,9880100,184,306,9920000,13283
15,248,9920000,9920100,184,306,9960000,13338
15,249,9960000,9960100,184,306,10000000,13391
15,25,1000000,1000100,184,306,1040000,1386
15,250,10000000,10000100,184,306,10040000,13445
15,251,10040000,10040100,184,306,10080000,13496
15,252,10080000,10080100,184,306,10120000,13550
15,253,10120000,10120100,184,306,10160000,13605
15,254,10160000,10160100,184,306,10200000,13658
15,255,10200000,10200100,184,306,10240000,13712
15,256,10240000,10240100,184,306,10280000,13767
15,257,10280000,10280100,184,306,10320000,13819
15,258,10320000,10320100,184,306,10360000,13874
15,259,10360000,10360100,184,306,10400000,13927
15,26,1040000,1040100,184,306,1080000,1441
15,260,10400000,10400100,184,306,10440000,13981
15,261,10440000,10440100,184,306,10480000,14032
15,262,10480000,10480100,184,306,10520000,14088
15,263,10520000,10520100,184,306,10560000,14139
15,264,10560000,10560100,184,306,10600000,14196
15,265,10600000,10600100,184,306,10640000,14246
15,266,10640000,10640100,184,306,10680000,14303
15,267,10680000,10680100,184,306,10720000,14355
15,268,10720000,10720100,184,306,10760000,14410
15,269,10760000,10760100,184,306,10800000,14461
15,27,1080000,1080100,184,306,1120000,1491
15,270,10800000,10800100,184,306,10840000,14515
15,271,10840000,10840100,184,306,10880000,14570
15,272,10880000,10880100,184,306,10920000,14622
15,273,10920000,10920100,184,306,10960000,14677
15,274,10960000,10960100,184,306,11000000,14732
15,275,11000000,11000100,184,306,11040000,14784
15,276,11040000,11040100,184,306,11080000,14839
15,277,11080000,11080100,184,306,11120000,14891
15,278,11120000,11120100,184,306,11160000,14944
15,279,11160000,11160100,184,306,11200000,14997
15,28,1120000,1120100,184,306,1160000,1548
15,280,11200000,11200100,184,306,11240000,15051
15,281,11240000,11240100,184,306,11280000,15106
15,282,11280000,11280100,184,306,11320000,15158
15,283,11320000,11320100,184,306,11360000,15213
15,284,11360000,11360100,184,306,11400000,15266
15,285,11400000,11400100,184,306,11440000,15320
15,286,11440000,11440100,184,306,11480000,15375
15,287,11480000,11480100,184,306,11520000,15425
15,288,11520000,11520100,184,306,11560000,15482
15,289,11560000,11560100,184,306,11600000,15533
15,29,1160000,1160100,184,306,1200000,1601
15,290,11600000,11600100,184,306,11640000,15589
15,291,11640000,11640100,184,306,11680000,15640
15,292,11680000,11680100,184,306,11720000,15696
15,293,11720000,11720100,184,306,11760000,15747
15,294,11760000,11760100,184,306,11800000,15804
15,295,11800000,11800100,184,306,11840000,15856
15,296,11840000,11840100,184,306,11880000,15909
15,297,11880000,11880100,184,306,11920000,15961
15,298,11920000,11920100,184,306,11960000,16016
15,299,11960000,11960100,184,306,12000000,16069
15,3,120000,120100,184,306,160000,209
15,30,1200000,1200100,184,306,1240000,1655
15,300,12000000,12000100,184,306,12040000,16123
15,301,12040000,12040100,184,306,12080000,16178
15,302,12080000,12080100,184,306,12120000,16232
15,303,12120000,12120100,184,306,12160000,16285
15,304,12160000,12160100,184,306,12200000,16340
15,305,12200000,12200100,184,306,12240000,16390
15,306,12240000,12240100,184,306,12280000,16445
15,307,12280000,12280100,184,306,12320000,16497
15,308,12320000,12320100,184,306,12360000,16552
15,309,12360000,12360100,184,306,12400000,16607
15,31,1240000,1240100,184,306,1280000,1710
15,310,12400000,12400100,184,306,12440000,16659
15,311,12440000,12440100,184,306,12480000,16714
15,312,12480000,12480100,184,306,12520000,16766
15,313,12520000,12520100,184,306,12560000,16821
15,314,12560000,12560100,184,306,12600000,16872
15,315,12600000,12600100,184,306,12640000,16926
15,316,12640000,12640100,184,306,12680000,16983
15,317,12680000,12680100,184,306,12720000,17033
15,318,12720000,12720100,184,306,12760000,17090
15,319,12760000,12760100,184,306,12800000,17141
15,32,1280000,1280100,184,306,1320000,1762
15,320,12800000,12800100,184,306,12840000,17197
15,321,12840000,12840100,184,306,12880000,17248
15,322,12880000,12880100,184,306,12920000,17304
15,323,12920000,12920100,184,306,12960000,17355
15,324,12960000,12960100,184,306,13000000,17410
15,325,13000000,13000100,184,306,13040000,17462
15,326,13040000,13040100,184,306,13080000,17517
15,327,13080000,13080100,184,306,13120000,17569
15,328,13120000,13120100,184,306,13160000,17624
15,329,13160000,13160100,184,306,13200000,17677
15,33,1320000,1320100,184,306,1360000,1817
15,330,13200000,13200100,184,306,13240000,17733
15,331,13240000,13240100,184,306,13280000,17786
15,332,13280000,13280100,184,306,13320000,17838
15,333,13320000,13320100,184,306,13360000,17891
15,334,13360000,13360100,184,306,13400000,17946
15,335,13400000,13400100,184,306,13440000,17998
15,336,13440000,13440100,184,306,13480000,18053
15,337,13480000,13480100,184,306,13520000,18107
15,338,13520000,13520100,184,306,13560000,18160
15,339,13560000,13560100,184,306,13600000,18215
15,34,1360000,1360100,184,306,1400000,1870
15,340,13600000,13600100,184,306,13640000,18267
15,341,13640000,13640100,184,306,13680000,18320
15,342,13680000,13680100,184,306,13720000,18372
15,343,13720000,13720100,184,306,13760000,18427
15,344,13760000,13760100,184,306,13800000,18482
15,345,13800000,13800100,184,306,13840000,18534
15,346,13840000,13840100,184,306,13880000,18591
15,347,13880000,13880100,184,306,13920000,18641
15,348,13920000,13920100,184,306,13960000,18698
15,349,13960000,13960100,184,306,14000000,18749
15,35,1400000,1400100,184,306,1440000,1922
15,350,14000000,14000100,184,306,14040000,18803
15,351,14040000,14040100,184,306,14080000,18856
15,352,14080000,14080100,184,306,14120000,18910
15,353,14120000,14120100,184,306,14160000,18963
15,354,14160000,14160100,184,306,14200000,19018
15,355,14200000,14200100,184,306,14240000,19070
15,356,14240000,14240100,184,306,14280000,19125
15,357,14280000,14280100,184,306,14320000,19177
15,358,14320000,14320100,184,306,14360000,19234
15,359,14360000,14360100,184,306,14400000,19283
15,36,1440000,1440100,184,306,1480000,1977
15,360,14400000,14400100,184,306,14440000,19339
15,361,14440000,14440100,184,306,14480000,19392
15,362,14480000,14480100,184,306,14520000,19446
15,363,14520000,14520100,184,306,14560000,19499
15,364,14560000,14560100,184,306,14600000,19554
15,365,14600000,14600100,184,306,14640000,19608
15,366,14640000,14640100,184,306,14680000,19661
15,367,14680000,14680100,184,306,14720000,19715
15,368,14720000,14720100,184,306,14760000,19766
15,369,14760000,14760100,184,306,14800000,19821
15,37,1480000,1480100,184,306,1520000,2029
15,370,14800000,14800100,184,306,14840000,19873
15,371,14840000,14840100,184,306,14880000,19928
15,372,14880000,14880100,184,306,14920000,19982
15,373,14920000,14920100,184,306,14960000,20035
15,374,14960000,14960100,184,306,15000000,20090
15,375,15000000,15000100,184,306,15040000,20142
15,376,15040000,15040100,184,306,15080000,20199
15,377,15080000,15080100,184,306,15120000,20247
15,378,15120000,15120100,184,306,15160000,20304
15,379,15160000,15160100,184,306,15200000,20357
15,38,1520000,1520100,184,306,1560000,2084
15,380,15200000,15200100,184,306,15240000,20411
15,381,15240000,15240100,184,306,15280000,20464
15,382,15280000,15280100,184,306,15320000,20518
15,383,15320000,15320100,184,306,15360000,20571
15,384,15360000,15360100,184,306,15400000,20626
15,385,15400000,15400100,184,306,15440000,20678
15,386,15440000,15440100,184,306,15480000,20733
15,387,15480000,15480100,184,306,15520000,20783
15,388,15520000,15520100,184,306,15560000,20840
15,389,15560000,15560100,184,306,15600000,20891
15,39,1560000,1560100,184,306,1600000,2137
15,390,15600000,15600100,184,306,15640000,20947
15,391,15640000,15640100,184,306,15680000,21000
15,392,15680000,15680100,184,306,15720000,21054
15,393,15720000,15720100,184,306,15760000,21109
15,394,15760000,15760100,184,306,15800000,21162
15,395,15800000,15800100,184,306,15840000,21214
15,396,15840000,15840100,184,306,15880000,21267
15,397,15880000,15880100,184,306,15920000,21321
15,398,15920000,15920100,184,306,15960000,21374
15,399,15960000,15960100,184,306,16000000,21429
15,4,160000,160100,184,306,200000,262
15,40,1600000,1600100,184,306,1640000,2191
15,400,16000000,16000100,184,306,16040000,21483
15,401,16040000,16040100,184,306,16080000,21536
15,402,16080000,16080100,184,306,16120000,21590
15,403,16120000,16120100,184,306,16160000,21643
15,404,16160000,16160100,184,306,16200000,21696
15,405,16200000,16200100,184,306,16240000,21748
15,406,16240000,16240100,184,306,16280000,21805
15,407,16280000,16280100,184,306,16320000,21857
15,408,16320000,16320100,184,306,16360000,21912
15,409,16360000,16360100,184,306,16400000,21965
15,41,1640000,1640100,184,306,1680000,2244
15,410,16400000,16400100,184,306,16440000,22019
15,411,16440000,16440100,184,306,16480000,22072
15,412,16480000,16480100,184,306,16520000,22126
15,413,16520000,16520100,184,306,16560000,22177
15,414,16560000,16560100,184,306,16600000,22234
15,415,16600000,16600100,184,306,16640000,22284
15,416,16640000,16640100,184,306,16680000,22341
15,417,16680000,16680100,184,306,16720000,22391
15,418,16720000,16720100,184,306,16760000,22448
15,419,16760000,16760100,184,306,16800000,22499
15,42,1680000,1680100,184,306,1720000,2298
15,420,16800000,16800100,184,306,16840000,22555
15,421,16840000,16840100,184,306,16880000,22610
15,422,16880000,16880100,184,306,16920000,22660
15,423,16920000,16920100,184,306,16960000,22715
15,424,16960000,16960100,184,306,17000000,22768
15,425,17000000,17000100,184,306,17040000,22822
15,426,17040000,17040100,184,306,17080000,22875
15,427,17080000,17080100,184,306,17120000,22929
15,428,17120000,17120100,184,306,17160000,22984
15,429,17160000,17160100,184,306,17200000,23037
15,43,1720000,1720100,184,306,1760000,2353
15,430,17200000,17200100,184,306,17240000,23091
15,431,17240000,17240100,184,306,17280000,23142
15,432,17280000,17280100,184,306,17320000,23196
15,433,17320000,17320100,184,306,17360000,23249
15,434,17360000,17360100,184,306,17400000,23304
15,435,17400000,17400100,184,306,17440000,23358
15,436,17440000,17440100,184,306,17480000,23413
15,437,17480000,17480100,184,306,17520000,23465
15,438,17520000,17520100,184,306,17560000,23520
15,439,17560000,17560100,184,306,17600000,23573
15,44,1760000,1760100,184,306,1800000,2404
15,440,17600000,17600100,184,306,17640000,23625
15,441,17640000,17640100,184,306,17680000,23678
15,442,17680000,17680100,184,306,17720000,23734
15,443,17720000,17720100,184,306,17760000,23785
15,444,17760000,17760100,184,306,17800000,23842
15,445,17800000,17800100,184,306,17840000,23892
15,446,17840000,17840100,184,306,17880000,23949
15,447,17880000,17880100,184,306,17920000,23999
15,448,17920000,17920100,184,306,17960000,24056
15,449,17960000,17960100,184,306,18000000,24107
15,45,1800000,1800100,184,306,1840000,2458
15,450,18000000,18000100,184,306,18040000,24161
15,451,18040000,18040100,184,306,18080000,24216
15,452,18080000,18080100,184,306,18120000,24268
15,453,18120000,18120100,184,306,18160000,24323
15,454,18160000,18160100,184,306,18200000,24376
15,455,18200000,18200100,184,306,18240000,24430
15,456,18240000,18240100,184,306,18280000,24485
15,457,18280000,18280100,184,306,18320000,24537
15,458,18320000,18320100,184,306,18360000,24590
15,459,18360000,18360100,184,306,18400000,24643
15,46,1840000,1840100,184,306,1880000,2513
15,460,18400000,18400100,184,306,18440000,24697
15,461,18440000,18440100,184,306,18480000,24750
15,462,18480000,18480100,184,306,18520000,24804
15,463,18520000,18520100,184,306,18560000,24859
15,464,18560000,18560100,184,306,18600000,24912
15,465,18600000,18600100,184,306,18640000,24966
15,466,18640000,18640100,184,306,18680000,25021
15,467,18680000,18680100,184,306,18720000,25071
15,468,18720000,18720100,184,306,18760000,25126
15,469,18760000,18760100,184,306,18800000,25179
15,47,1880000,1880100,184,306,1920000,2565
15,470,18800000,18800100,184,306,18840000,25235
15,471,18840000,18840100,184,306,18880000,25286
15,472,18880000,18880100,184,306,18920000,25342
15,473,18920000,18920100,184,306,18960000,25393
15,474,18960000,18960100,184,306,19000000,25450
15,475,19000000,19000100,184,306,19040000,25500
15,476,19040000,19040100,184,306,19080000,25555
15,477,19080000,19080100,184,306,19120000,25607
15,478,19120000,19120100,184,306,19160000,25662
15,479,19160000,19160100,184,306,19200000,25715
15,48,1920000,1920100,184,306,1960000,2620
15,480,19200000,19200100,184,306,19240000,25769
15,481,19240000,19240100,184,306,19280000,25824
15,482,19280000,19280100,184,306,19320000,25876
15,483,19320000,19320100,184,306,19360000,25931
15,484,19360000,19360100,184,306,19400000,25986
15,485,19400000,19400100,184,306,19440000,26036
15,486,19440000,19440100,184,306,19480000,26091
15,487,19480000,19480100,184,306,19520000,26143
15,488,19520000,19520100,184,306,19560000,26198
15,489,19560000,19560100,184,306,19600000,26251
15,49,1960000,1960100,184,306,2000000,2673
15,490,19600000,19600100,184,306,19640000,26305
15,491,19640000,19640100,184,306,19680000,26360
15,492,19680000,19680100,184,306,19720000,26412
15,493,19720000,19720100,184,306,19760000,26467
15,494,19760000,19760100,184,306,19800000,26518
15,495,19800000,19800100,184,306,19840000,26572
15,496,19840000,19840100,184,306,19880000,26627
15,497,19880000,19880100,184,306,19920000,26679
15,498,19920000,19920100,184,306,19960000,26736
15,499,19960000,19960100,184,306,20000000,26787
15,5,200000,200100,184,306,240000,316
15,50,2000000,2000100,184,306,2040000,2729
15,500,20000000,20000100,184,306,20040000,26843
15,501,20040000,20040100,184,306,20080000,26894
15,502,20080000,20080100,184,306,20120000,26950
15,503,20120000,20120100,184,306,20160000,26999
15,504,20160000,20160100,184,306,20200000,27056
15,505,20200000,20200100,184,306,20240000,27108
15,506,20240000,20240100,184,306,20280000,27163
15,507,20280000,20280100,184,306,20320000,27215
15,508,20320000,20320100,184,306,20360000,27270
15,509,20360000,20360100,184,306,20400000,27323
15,51,2040000,2040100,184,306,2080000,2780
15,510,20400000,20400100,184,306,20440000,27377
15,511,20440000,20440100,184,306,20480000,27432
15,512,20480000,20480100,184,306,20520000,27484
15,513,20520000,20520100,184,306,20560000,27537
15,514,20560000,20560100,184,306,20600000,27592
15,515,20600000,20600100,184,306,20640000,27644
15,516,20640000,20640100,184,306,20680000,27699
15,517,20680000,20680100,184,306,20720000,27751
15,518,20720000,20720100,184,306,20760000,27806
15,519,20760000,20760100,184,306,20800000,27861
15,52,2080000,2080100,184,306,2120000,2836
15,520,20800000,20800100,184,306,20840000,27913
15,521,20840000,20840100,184,306,20880000,27966
15,522,20880000,20880100,184,306,20920000,28018
15,523,20920000,20920100,184,306,20960000,28073
15,524,20960000,20960100,184,306,21000000,28126
15,525,21000000,21000100,184,306,21040000,28180
15,526,21040000,21040100,184,306,21080000,28237
15,527,21080000,21080100,184,306,21120000,28287
15,528,21120000,21120100,184,306,21160000,28344
15,529,21160000,21160100,184,306,21200000,28395
15,53,2120000,2120100,184,306,2160000,2885
15,530,21200000,21200100,184,306,21240000,28449
15,531,21240000,21240100,184,306,21280000,28500
15,532,21280000,21280100,184,306,21320000,28556
15,533,21320000,21320100,184,306,21360000,28609
15,534,21360000,21360100,184,306,21400000,28664
15,535,21400000,21400100,184,306,21440000,28716
15,536,21440000,21440100,184,306,21480000,28771
15,537,21480000,21480100,184,306,21520000,28823
15,538,21520000,21520100,184,306,21560000,28878
15,539,21560000,21560100,184,306,21600000,28929
15,54,2160000,2160100,184,306,2200000,2942
15,540,21600000,21600100,184,306,21640000,28985
15,541,21640000,21640100,184,306,21680000,29038
15,542,21680000,21680100,184,306,21720000,29092
15,543,21720000,21720100,184,306,21760000,29145
15,544,21760000,21760100,184,306,21800000,29200
15,545,21800000,21800100,184,306,21840000,29252
15,546,21840000,21840100,184,306,21880000,29307
15,547,21880000,21880100,184,306,21920000,29361
15,548,21920000,21920100,184,306,21960000,29412
15,549,21960000,21960100,184,306,22000000,29467
15,55,2200000,2200100,184,306,2240000,2992
15,550,22000000,22000100,184,306,22040000,29519
15,551,22040000,22040100,184,306,22080000,29574
15,552,22080000,22080100,184,306,22120000,29626
15,553,22120000,22120100,184,306,22160000,29681
15,554,22160000,22160100,184,306,22200000,29736
15,555,22200000,22200100,184,306,22240000,29788
15,556,22240000,22240100,184,306,22280000,29845
15,557,22280000,22280100,184,306,22320000,29893
15,558,22320000,22320100,184,306,22360000,29950
15,559,22360000,22360100,184,306,22400000,30001
15,56,2240000,2240100,184,306,2280000,3049
15,560,22400000,22400100,184,306,22440000,30057
15,561,22440000,22440100,184,306,22480000,30110
15,562,22480000,22480100,184,306,22520000,30164
15,563,22520000,22520100,184,306,22560000,30217
15,564,22560000,22560100,184,306,22600000,30272
15,565,22600000,22600100,184,306,22640000,30324
15,566,22640000,22640100,184,306,22680000,30377
15,567,22680000,22680100,184,306,22720000,30429
15,568,22720000,22720100,184,306,22760000,30486
15,569,22760000,22760100,184,306,22800000,30537
15,57,2280000,2280100,184,306,2320000,3101
15,570,22800000,22800100,184,306,22840000,30593
15,571,22840000,22840100,184,306,22880000,30646
15,572,22880000,22880100,184,306,22920000,30700
15,573,22920000,22920100,184,306,22960000,30753
15,574,22960000,22960100,184,306,23000000,30808
15,575,23000000,23000100,184,306,23040000,30860
15,576,23040000,23040100,184,306,23080000,30913
15,577,23080000,23080100,184,306,23120000,30967
15,578,23120000,23120100,184,306,23160000,31020
15,579,23160000,23160100,184,306,23200000,31075
15,58,2320000,2320100,184,306,2360000,3156
15,580,23200000,23200100,184,306,23240000,31127
15,581,23240000,23240100,184,306,23280000,31182
15,582,23280000,23280100,184,306,23320000,31236
15,583,23320000,23320100,184,306,23360000,31289
15,584,23360000,23360100,184,306,23400000,31342
15,585,23400000,23400100,184,306,23440000,31394
15,586,23440000,23440100,184,306,23480000,31451
15,587,23480000,23480100,184,306,23520000,31501
15,588,23520000,23520100,184,306,23560000,31558
15,589,23560000,23560100,184,306,23600000,31611
15,59,2360000,2360100,184,306,2400000,3209
15,590,23600000,23600100,184,306,23640000,31665
15,591,23640000,23640100,184,306,23680000,31718
15,592,23680000,23680100,184,306,23720000,31772
15,593,23720000,23720100,184,306,23760000,31823
15,594,23760000,23760100,184,306,23800000,31878
15,595,23800000,23800100,184,306,23840000,31930
15,596,23840000,23840100,184,306,23880000,31987
15,597,23880000,23880100,184,306,23920000,32037
15,598,23920000,23920100,184,306,23960000,32094
15,599,23960000,23960100,184,306,24000000,32145
15,6,240000,240100,184,306,280000,369
15,60,2400000,2400100,184,306,2440000,3263
15,600,24000000,24000100,184,306,24040000,32201
15,601,24040000,24040100,184,306,24080000,32254
15,602,24080000,24080100,184,306,24120000,32306
15,603,24120000,24120100,184,306,24160000,32361
15,604,24160000,24160100,184,306,24200000,32414
15,605,24200000,24200100,184,306,24240000,32468
15,606,24240000,24240100,184,306,24280000,32521
15,607,24280000,24280100,184,306,24320000,32575
15,608,24320000,24320100,184,306,24360000,32628
15,609,24360000,24360100,184,306,24400000,32683
15,61,2440000,2440100,184,306,2480000,3318
15,610,24400000,24400100,184,306,24440000,32737
15,611,24440000,24440100,184,306,24480000,32788
15,612,24480000,24480100,184,306,24520000,32842
15,613,24520000,24520100,184,306,24560000,32895
15,614,24560000,24560100,184,306,24600000,32950
15,615,24600000,24600100,184,306,24640000,33002
15,616,24640000,24640100,184,306,24680000,33059
15,617,24680000,24680100,184,306,24720000,33111
15,618,24720000,24720100,184,306,24760000,33166
15,619,24760000,24760100,184,306,24800000,33219
15,62,2480000,2480100,184,306,2520000,3368
15,620,24800000,24800100,184,306,24840000,33271
15,621,24840000,24840100,184,306,24880000,33324
15,622,24880000,24880100,184,306,24920000,33378
15,623,24920000,24920100,184,306,24960000,33431
15,624,24960000,24960100,184,306,25000000,33488
15,625,25000000,25000100,184,306,25040000,33538
15,626,25040000,25040100,184,306,25080000,33595
15,627,25080000,25080100,184,306,25120000,33645
15,628,25120000,25120100,184,306,25160000,33702
15,629,25160000,25160100,184,306,25200000,33751
15,63,2520000,2520100,184,306,2560000,3423
15,64,2560000,2560100,184,306,2600000,3478
15,65,2600000,2600100,184,306,2640000,3530
15,66,2640000,2640100,184,306,2680000,3585
15,67,2680000,2680100,184,306,2720000,3637
15,68,2720000,2720100,184,306,2760000,3692
15,69,2760000,2760100,184,306,2800000,3745
15,7,280000,280100,184,306,320000,423
15,70,2800000,2800100,184,306,2840000,3799
15,71,2840000,2840100,184,306,2880000,3852
15,72,2880000,2880100,184,306,2920000,3904
15,73,2920000,2920100,184,306,2960000,3959
15,74,2960000,2960100,184,306,3000000,4012
15,75,3000000,3000100,184,306,3040000,4066
15,76,3040000,3040100,184,306,3080000,4121
15,77,3080000,3080100,184,306,3120000,4173
15,78,3120000,3120100,184,306,3160000,4230
15,79,3160000,3160100,184,306,3200000,4281
15,8,320000,320100,184,306,360000,476
15,80,3200000,3200100,184,306,3240000,4335
15,81,3240000,3240100,184,306,3280000,4386
15,82,3280000,3280100,184,306,3320000,4442
15,83,3320000,3320100,184,306,3360000,4493
15,84,3360000,3360100,184,306,3400000,4550
15,85,3400000,3400100,184,306,3440000,4602
15,86,3440000,3440100,184,306,3480000,4657
15,87,3480000,3480100,184,306,3520000,4709
15,88,3520000,3520100,184,306,3560000,4764
15,89,3560000,3560100,184,306,3600000,4815
15,9,360000,360100,184,306,400000,529
15,90,3600000,3600100,184,306,3640000,4869
15,91,3640000,3640100,184,306,3680000,4924
15,92,3680000,3680100,184,306,3720000,4978
15,93,3720000,3720100,184,306,3760000,5031
15,94,3760000,3760100,184,306,3800000,5086
15,95,3800000,3800100,184,306,3840000,5138
15,96,3840000,3840100,184,306,3880000,5193
15,97,3880000,3880100,184,306,3920000,5245
15,98,3920000,3920100,184,306,3960000,5298
15,99,3960000,3960100,184,306,4000000,5353
16,0,0,100,6677,11127,45000,48
16,1,45000,45100,6677,11127,90000,115
16,10,450000,450100,6677,11127,495000,651
16,100,4500000,4500100,6677,11127,4545000,6074
16,101,4545000,4545100,6677,11127,4590000,6141
16,102,4590000,4590100,6677,11127,4635000,6194
16,103,4635000,4635100,6677,11127,4680000,6264
16,104,4680000,4680100,6677,11127,4725000,6319
16,105,4725000,4725100,6677,11127,4770000,6383
16,106,4770000,4770100,6677,11127,4815000,6438
16,107,4815000,4815100,6677,11127,4860000,6503
16,108,4860000,4860100,6677,11127,4905000,6560
16,109,4905000,4905100,6677,11127,4950000,6621
16,11,495000,495100,6677,11127,540000,716
16,110,4950000,4950100,6677,11127,4995000,6677
16,111,4995000,4995100,6677,11127,5040000,6745
16,112,5040000,5040100,6677,11127,5085000,6800
16,113,5085000,5085100,6677,11127,5130000,6867
16,114,5130000,5130100,6677,11127,5175000,6918
16,115,5175000,5175100,6677,11127,5220000,6986
16,116,5220000,5220100,6677,11127,5265000,7041
16,117,5265000,5265100,6677,11127,5310000,7104
16,118,5310000,5310100,6677,11127,5355000,7159
16,119,5355000,5355100,6677,11127,5400000,7229
16,12,540000,540100,6677,11127,585000,771
16,120,5400000,5400100,6677,11127,5445000,7283
16,121,5445000,5445100,6677,11127,5490000,7348
16,122,5490000,5490100,6677,11127,5535000,7403
16,123,5535000,5535100,6677,11127,5580000,7468
16,124,5580000,5580100,6677,11127,5625000,7523
16,125,5625000,5625100,6677,11127,5670000,7585
16,126,5670000,5670100,6677,11127,5715000,7642
16,127,5715000,5715100,6677,11127,5760000,7710
16,128,5760000,5760100,6677,11127,5805000,7765
16,129,5805000,5805100,6677,11127,5850000,7830
16,13,585000,585100,6677,11127,630000,834
16,130,5850000,5850100,6677,11127,5895000,7884
16,131,5895000,5895100,6677,11127,5940000,7951
16,132,5940000,5940100,6677,11127,5985000,8004
16,133,5985000,5985100,6677,11127,6030000,8071
16,134,6030000,6030100,6677,11127,6075000,8122
16,135,6075000,6075100,6677,11127,6120000,8193
16,136,6120000,6120100,6677,11127,6165000,8250
16,137,6165000,6165100,6677,11127,6210000,8311
16,138,6210000,6210100,6677,11127,6255000,8368
16,139,6255000,6255100,6677,11127,6300000,8431
16,14,630000,630100,6677,11127,675000,889
16,140,6300000,6300100,6677,11127,6345000,8487
16,141,6345000,6345100,6677,11127,6390000,8552
16,142,6390000,6390100,6677,11127,6435000,8605
16,143,6435000,6435100,6677,11127,6480000,8675
16,144,6480000,6480100,6677,11127,6525000,8730
16,145,6525000,6525100,6677,11127,6570000,8794
16,146,6570000,6570100,6677,11127,6615000,8849
16,147,6615000,6615100,6677,11127,6660000,8916
16,148,6660000,6660100,6677,11127,6705000,8969
16,149,6705000,6705100,6677,11127,6750000,9034
16,15,675000,675100,6677,11127,720000,958
16,150,6750000,6750100,6677,11127,6795000,9088
16,151,6795000,6795100,6677,11127,6840000,9158
16,152,6840000,6840100,6677,11127,6885000,9213
16,153,6885000,6885100,6677,11127,6930000,9276
16,154,6930000,6930100,6677,11127,6975000,9331
16,155,6975000,6975100,6677,11127,7020000,9397
16,156,7020000,7020100,6677,11127,7065000,9452
16,157,7065000,7065100,6677,11127,7110000,9515
16,158,7110000,7110100,6677,11127,7155000,9572
16,159,7155000,7155100,6677,11127,7200000,9638
16,16,720000,720100,6677,11127,765000,1013
16,160,7200000,7200100,6677,11127,7245000,9694
16,161,7245000,7245100,6677,11127,7290000,9761
16,162,7290000,7290100,6677,11127,7335000,9812
16,163,7335000,7335100,6677,11127,7380000,9881
16,164,7380000,7380100,6677,11127,7425000,9934
16,165,7425000,7425100,6677,11127,7470000,9998
16,166,7470000,7470100,6677,11127,7515000,10053
16,167,7515000,7515100,6677,11127,7560000,10121
16,168,7560000,7560100,6677,11127,7605000,10178
16,169,7605000,7605100,6677,11127,7650000,10241
16,17,765000,765100,6677,11127,810000,1078
16,170,7650000,7650100,6677,11127,7695000,10295
16,171,7695000,7695100,6677,11127,7740000,10362
16,172,7740000,7740100,6677,11127,7785000,10417
16,173,7785000,7785100,6677,11127,7830000,10480
16,174,7830000,7830100,6677,11127,7875000,10535
16,175,7875000,7875100,6677,11127,7920000,10604
16,176,7920000,7920100,6677,11127,7965000,10659
16,177,7965000,7965100,6677,11127,8010000,10724
16,178,8010000,8010100,6677,11127,8055000,10779
16,179,8055000,8055100,6677,11127,8100000,10844
16,18,810000,810100,6677,11127,855000,1133
16,180,8100000,8100100,6677,11127,8145000,10898
16,181,8145000,8145100,6677,11127,8190000,10963
16,182,8190000,8190100,6677,11127,8235000,11016
16,183,8235000,8235100,6677,11127,8280000,11088
16,184,8280000,8280100,6677,11127,8325000,11141
16,185,8325000,8325100,6677,11127,8370000,11205
16,186,8370000,8370100,6677,11127,8415000,11262
16,187,8415000,8415100,6677,11127,8460000,11325
16,188,8460000,8460100,6677,11127,8505000,11382
16,189,8505000,8505100,6677,11127,8550000,11445
16,19,855000,855100,6677,11127,900000,1198
16,190,8550000,8550100,6677,11127,8595000,11499
16,191,8595000,8595100,6677,11127,8640000,11569
16,192,8640000,8640100,6677,11127,8685000,11624
16,193,8685000,8685100,6677,11127,8730000,11689
16,194,8730000,8730100,6677,11127,8775000,11742
16,195,8775000,8775100,6677,11127,8820000,11808
16,196,8820000,8820100,6677,11127,8865000,11863
16,197,8865000,8865100,6677,11127,8910000,11928
16,198,8910000,8910100,6677,11127,8955000,11981
16,199,8955000,8955100,6677,11127,9000000,12051
16,2,90000,90100,6677,11127,135000,166
16,20,900000,900100,6677,11127,945000,1252
16,200,9000000,9000100,6677,11127,9045000,12107
16,201,9045000,9045100,6677,11127,9090000,12170
16,202,9090000,9090100,6677,11127,9135000,12225
16,203,9135000,9135100,6677,11127,9180000,12292
16,204,9180000,9180100,6677,11127,9225000,12345
16,205,9225000,9225100,6677,11127,9270000,12409
16,206,9270000,9270100,6677,11127,9315000,12466
16,207,9315000,9315100,6677,11127,9360000,12532
16,208,9360000,9360100,6677,11127,9405000,12589
16,209,9405000,9405100,6677,11127,9450000,12652
16,21,945000,945100,6677,11127,990000,1319
16,210,9450000,9450100,6677,11127,9495000,12706
16,211,9495000,9495100,6677,11127,9540000,12775
16,212,9540000,9540100,6677,11127,9585000,12826
16,213,9585000,9585100,6677,11127,9630000,12893
16,214,9630000,9630100,6677,11127,9675000,12946
16,215,9675000,9675100,6677,11127,9720000,13015
16,216,9720000,9720100,6677,11127,9765000,13072
16,217,9765000,9765100,6677,11127,9810000,13135
16,218,9810000,9810100,6677,11127,9855000,13190
16,219,9855000,9855100,6677,11127,9900000,13255
16,22,990000,990100,6677,11127,1035000,1370
16,220,9900000,9900100,6677,11127,9945000,13311
16,221,9945000,9945100,6677,11127,9990000,13374
16,222,9990000,9990100,6677,11127,10035000,13429
16,223,10035000,10035100,6677,11127,10080000,13497
16,224,10080000,10080100,6677,11127,10125000,13552
16,225,10125000,10125100,6677,11127,10170000,13618
16,226,10170000,10170100,6677,11127,10215000,13671
16,227,10215000,10215100,6677,11127,10260000,13738
16,228,10260000,10260100,6677,11127,10305000,13793
16,229,10305000,10305100,6677,11127,10350000,13856
16,23,1035000,1035100,6677,11127,1080000,1442
16,230,10350000,10350100,6677,11127,10395000,13910
16,231,10395000,10395100,6677,11127,10440000,13982
16,232,10440000,10440100,6677,11127,10485000,14035
16,233,10485000,10485100,6677,11127,10530000,14100
16,234,10530000,10530100,6677,11127,10575000,14155
16,235,10575000,10575100,6677,11127,10620000,14219
16,236,10620000,10620100,6677,11127,10665000,14276
16,237,10665000,10665100,6677,11127,10710000,14337
16,238,10710000,10710100,6677,11127,10755000,14394
16,239,10755000,10755100,6677,11127,10800000,14462
16,24,1080000,1080100,6677,11127,1125000,1497
16,240,10800000,10800100,6677,11127,10845000,14516
16,241,10845000,10845100,6677,11127,10890000,14583
16,242,10890000,10890100,6677,11127,10935000,14636
16,243,10935000,10935100,6677,11127,10980000,14703
16,244,10980000,10980100,6677,11127,11025000,14756
16,245,11025000,11025100,6677,11127,11070000,14822
16,246,11070000,11070100,6677,11127,11115000,14875
16,247,11115000,11115100,6677,11127,11160000,14945
16,248,11160000,11160100,6677,11127,11205000,15002
16,249,11205000,11205100,6677,11127,11250000,15063
16,25,1125000,1125100,6677,11127,1170000,1559
16,250,11250000,11250100,6677,11127,11295000,15119
16,251,11295000,11295100,6677,11127,11340000,15184
16,252,11340000,11340100,6677,11127,11385000,15239
16,253,11385000,11385100,6677,11127,11430000,15304
16,254,11430000,11430100,6677,11127,11475000,15357
16,255,11475000,11475100,6677,11127,11520000,15426
16,256,11520000,11520100,6677,11127,11565000,15483
16,257,11565000,11565100,6677,11127,11610000,15546
16,258,11610000,11610100,6677,11127,11655000,15601
16,259,11655000,11655100,6677,11127,11700000,15668
16,26,1170000,1170100,6677,11127,1215000,1616
16,260,11700000,11700100,6677,11127,11745000,15720
16,261,11745000,11745100,6677,11127,11790000,15787
16,262,11790000,11790100,6677,11127,11835000,15840
16,263,11835000,11835100,6677,11127,11880000,15910
16,264,11880000,11880100,6677,11127,11925000,15965
16,265,11925000,11925100,6677,11127,11970000,16027
16,266,11970000,11970100,6677,11127,12015000,16084
16,267,12015000,12015100,6677,11127,12060000,16149
16,268,12060000,12060100,6677,11127,12105000,16204
16,269,12105000,12105100,6677,11127,12150000,16267
16,27,1215000,1215100,6677,11127,1260000,1679
16,270,12150000,12150100,6677,11127,12195000,16323
16,271,12195000,12195100,6677,11127,12240000,16391
16,272,12240000,12240100,6677,11127,12285000,16446
16,273,12285000,12285100,6677,11127,12330000,16513
16,274,12330000,12330100,6677,11127,12375000,16564
16,275,12375000,12375100,6677,11127,12420000,16632
16,276,12420000,12420100,6677,11127,12465000,16687
16,277,12465000,12465100,6677,11127,12510000,16750
16,278,12510000,12510100,6677,11127,12555000,16805
16,279,12555000,12555100,6677,11127,12600000,16873
16,28,1260000,1260100,6677,11127,1305000,1736
16,280,12600000,12600100,6677,11127,12645000,16929
16,281,12645000,12645100,6677,11127,12690000,16994
16,282,12690000,12690100,6677,11127,12735000,17047
16,283,12735000,12735100,6677,11127,12780000,17114
16,284,12780000,12780100,6677,11127,12825000,17169
16,285,12825000,12825100,6677,11127,12870000,17231
16,286,12870000,12870100,6677,11127,12915000,17288
16,287,12915000,12915100,6677,11127,12960000,17356
16,288,12960000,12960100,6677,11127,13005000,17411
16,289,13005000,13005100,6677,11127,13050000,17476
16,29,1305000,1305100,6677,11127,1350000,1799
16,290,13050000,13050100,6677,11127,13095000,17530
16,291,13095000,13095100,6677,11127,13140000,17597
16,292,13140000,13140100,6677,11127,13185000,17650
16,293,13185000,13185100,6677,11127,13230000,17715
16,294,13230000,13230100,6677,11127,13275000,17768
16,295,13275000,13275100,6677,11127,13320000,17839
16,296,13320000,13320100,6677,11127,13365000,17894
16,297,13365000,13365100,6677,11127,13410000,17957
16,298,13410000,13410100,6677,11127,13455000,18014
16,299,13455000,13455100,6677,11127,13500000,18077
16,3,135000,135100,6677,11127,180000,235
16,30,1350000,1350100,6677,11127,1395000,1853
16,300,13500000,13500100,6677,11127,13545000,18133
16,301,13545000,13545100,6677,11127,13590000,18198
16,302,13590000,13590100,6677,11127,13635000,18251
16,303,13635000,13635100,6677,11127,13680000,18321
16,304,13680000,13680100,6677,11127,13725000,18376
16,305,13725000,13725100,6677,11127,13770000,18440
16,306,13770000,13770100,6677,11127,13815000,18495
16,307,13815000,13815100,6677,11127,13860000,18560
16,308,13860000,13860100,6677,11127,13905000,18615
16,309,13905000,13905100,6677,11127,13950000,18680
16,31,1395000,1395100,6677,11127,1440000,1923
16,310,13950000,13950100,6677,11127,13995000,18732
16,311,13995000,13995100,6677,11127,14040000,18804
16,312,14040000,14040100,6677,11127,14085000,18859
16,313,14085000,14085100,6677,11127,14130000,18922
16,314,14130000,14130100,6677,11127,14175000,18977
16,315,14175000,14175100,6677,11127,14220000,19043
16,316,14220000,14220100,6677,11127,14265000,19098
16,317,14265000,14265100,6677,11127,14310000,19161
16,318,14310000,14310100,6677,11127,14355000,19218
16,319,14355000,14355100,6677,11127,14400000,19284
16,32,1440000,1440100,6677,11127,1485000,1978
16,320,14400000,14400100,6677,11127,14445000,19340
16,321,14445000,14445100,6677,11127,14490000,19405
16,322,14490000,14490100,6677,11127,14535000,19458
16,323,14535000,14535100,6677,11127,14580000,19527
16,324,14580000,14580100,6677,11127,14625000,19578
16,325,14625000,14625100,6677,11127,14670000,19644
16,326,14670000,14670100,6677,11127,14715000,19699
16,327,14715000,14715100,6677,11127,14760000,19767
16,328,14760000,14760100,6677,11127,14805000,19824
16,329,14805000,14805100,6677,11127,14850000,19887
16,33,1485000,1485100,6677,11127,1530000,2043
16,330,14850000,14850100,6677,11127,14895000,19941
16,331,14895000,14895100,6677,11127,14940000,20008
16,332,14940000,14940100,6677,11127,14985000,20063
16,333,14985000,14985100,6677,11127,15030000,20126
16,334,15030000,15030100,6677,11127,15075000,20181
16,335,15075000,15075100,6677,11127,15120000,20248
16,336,15120000,15120100,6677,11127,15165000,20305
16,337,15165000,15165100,6677,11127,15210000,20370
16,338,15210000,15210100,6677,11127,15255000,20423
16,339,15255000,15255100,6677,11127,15300000,20490
16,34,1530000,1530100,6677,11127,1575000,2096
16,340,15300000,15300100,6677,11127,15345000,20544
16,341,15345000,15345100,6677,11127,15390000,20609
16,342,15390000,15390100,6677,11127,15435000,20662
16,343,15435000,15435100,6677,11127,15480000,20734
16,344,15480000,15480100,6677,11127,15525000,20787
16,345,15525000,15525100,6677,11127,15570000,20851
16,346,15570000,15570100,6677,11127,15615000,20908
16,347,15615000,15615100,6677,11127,15660000,20971
16,348,15660000,15660100,6677,11127,15705000,21028
16,349,15705000,15705100,6677,11127,15750000,21089
16,35,1575000,1575100,6677,11127,1620000,2164
16,350,15750000,15750100,6677,11127,15795000,21145
16,351,15795000,15795100,6677,11127,15840000,21215
16,352,15840000,15840100,6677,11127,15885000,21268
16,353,15885000,15885100,6677,11127,15930000,21335
16,354,15930000,15930100,6677,11127,15975000,21388
16,355,15975000,15975100,6677,11127,16020000,21454
16,356,16020000,16020100,6677,11127,16065000,21509
16,357,16065000,16065100,6677,11127,16110000,21574
16,358,16110000,16110100,6677,11127,16155000,21627
16,359,16155000,16155100,6677,11127,16200000,21697
16,36,1620000,1620100,6677,11127,1665000,2217
16,360,16200000,16200100,6677,11127,16245000,21753
16,361,16245000,16245100,6677,11127,16290000,21816
16,362,16290000,16290100,6677,11127,16335000,21871
16,363,16335000,16335100,6677,11127,16380000,21936
16,364,16380000,16380100,6677,11127,16425000,21991
16,365,16425000,16425100,6677,11127,16470000,22055
16,366,16470000,16470100,6677,11127,16515000,22110
16,367,16515000,16515100,6677,11127,16560000,22178
16,368,16560000,16560100,6677,11127,16605000,22235
16,369,16605000,16605100,6677,11127,16650000,22298
16,37,1665000,1665100,6677,11127,1710000,2282
16,370,16650000,16650100,6677,11127,16695000,22352
16,371,16695000,16695100,6677,11127,16740000,22421
16,372,16740000,16740100,6677,11127,16785000,22472
16,373,16785000,16785100,6677,11127,16830000,22539
16,374,16830000,16830100,6677,11127,16875000,22592
16,375,16875000,16875100,6677,11127,16920000,22661
16,376,16920000,16920100,6677,11127,16965000,22718
16,377,16965000,16965100,6677,11127,17010000,22779
16,378,17010000,17010100,6677,11127,17055000,22836
16,379,17055000,17055100,6677,11127,17100000,22901
16,38,1710000,1710100,6677,11127,1755000,2337
16,380,17100000,17100100,6677,11127,17145000,22955
16,381,17145000,17145100,6677,11127,17190000,23020
16,382,17190000,17190100,6677,11127,17235000,23075
16,383,17235000,17235100,6677,11127,17280000,23143
16,384,17280000,17280100,6677,11127,17325000,23198
16,385,17325000,17325100,6677,11127,17370000,23264
16,386,17370000,17370100,6677,11127,17415000,23317
16,387,17415000,17415100,6677,11127,17460000,23384
16,388,17460000,17460100,6677,11127,17505000,23439
16,389,17505000,17505100,6677,11127,17550000,23502
16,39,1755000,1755100,6677,11127,1800000,2405
16,390,17550000,17550100,6677,11127,17595000,23556
16,391,17595000,17595100,6677,11127,17640000,23626
16,392,17640000,17640100,6677,11127,17685000,23681
16,393,17685000,17685100,6677,11127,17730000,23746
16,394,17730000,17730100,6677,11127,17775000,23799
16,395,17775000,17775100,6677,11127,17820000,23865
16,396,17820000,17820100,6677,11127,17865000,23922
16,397,17865000,17865100,6677,11127,17910000,23983
16,398,17910000,17910100,6677,11127,17955000,24040
16,399,17955000,17955100,6677,11127,18000000,24108
16,4,180000,180100,6677,11127,225000,288
16,40,1800000,1800100,6677,11127,1845000,2461
16,400,18000000,18000100,6677,11127,18045000,24162
16,401,18045000,18045100,6677,11127,18090000,24229
16,402,18090000,18090100,6677,11127,18135000,24282
16,403,18135000,18135100,6677,11127,18180000,24349
16,404,18180000,18180100,6677,11127,18225000,24402
16,405,18225000,18225100,6677,11127,18270000,24466
16,406,18270000,18270100,6677,11127,18315000,24521
16,407,18315000,18315100,6677,11127,18360000,24591
16,408,18360000,18360100,6677,11127,18405000,24646
16,409,18405000,18405100,6677,11127,18450000,24709
16,41,1845000,1845100,6677,11127,1890000,2524
16,410,18450000,18450100,6677,11127,18495000,24765
16,411,18495000,18495100,6677,11127,18540000,24830
16,412,18540000,18540100,6677,11127,18585000,24885
16,413,18585000,18585100,6677,11127,18630000,24950
16,414,18630000,18630100,6677,11127,18675000,25003
16,415,18675000,18675100,6677,11127,18720000,25072
16,416,18720000,18720100,6677,11127,18765000,25129
16,417,18765000,18765100,6677,11127,18810000,25192
16,418,18810000,18810100,6677,11127,18855000,25247
16,419,18855000,18855100,6677,11127,18900000,25312
16,42,1890000,1890100,6677,11127,1935000,2579
16,420,18900000,18900100,6677,11127,18945000,25366
16,421,18945000,18945100,6677,11127,18990000,25433
16,422,18990000,18990100,6677,11127,19035000,25484
16,423,19035000,19035100,6677,11127,19080000,25556
16,424,19080000,19080100,6677,11127,19125000,25611
16,425,19125000,19125100,6677,11127,19170000,25673
16,426,19170000,19170100,6677,11127,19215000,25730
16,427,19215000,19215100,6677,11127,19260000,25795
16,428,19260000,19260100,6677,11127,19305000,25850
16,429,19305000,19305100,6677,11127,19350000,25913
16,43,1935000,1935100,6677,11127,1980000,2646
16,430,19350000,19350100,6677,11127,19395000,25969
16,431,19395000,19395100,6677,11127,19440000,26037
16,432,19440000,19440100,6677,11127,19485000,26092
16,433,19485000,19485100,6677,11127,19530000,26157
16,434,19530000,19530100,6677,11127,19575000,26210
16,435,19575000,19575100,6677,11127,19620000,26278
16,436,19620000,19620100,6677,11127,19665000,26331
16,437,19665000,19665100,6677,11127,19710000,26396
16,438,19710000,19710100,6677,11127,19755000,26451
16,439,19755000,19755100,6677,11127,19800000,26519
16,44,1980000,1980100,6677,11127,2025000,2699
16,440,19800000,19800100,6677,11127,19845000,26575
16,441,19845000,19845100,6677,11127,19890000,26640
16,442,19890000,19890100,6677,11127,19935000,26693
16,443,19935000,19935100,6677,11127,19980000,26760
16,444,19980000,19980100,6677,11127,20025000,26815
16,445,20025000,20025100,6677,11127,20070000,26877
16,446,20070000,20070100,6677,11127,20115000,26934
16,447,20115000,20115100,6677,11127,20160000,27000
16,448,20160000,20160100,6677,11127,20205000,27057
16,449,20205000,20205100,6677,11127,20250000,27122
16,45,2025000,2025100,6677,11127,2070000,2763
16,450,20250000,20250100,6677,11127,20295000,27174
16,451,20295000,20295100,6677,11127,20340000,27243
16,452,20340000,20340100,6677,11127,20385000,27296
16,453,20385000,20385100,6677,11127,20430000,27361
16,454,20430000,20430100,6677,11127,20475000,27414
16,455,20475000,20475100,6677,11127,20520000,27485
16,456,20520000,20520100,6677,11127,20565000,27540
16,457,20565000,20565100,6677,11127,20610000,27603
16,458,20610000,20610100,6677,11127,20655000,27660
16,459,20655000,20655100,6677,11127,20700000,27723
16,46,2070000,2070100,6677,11127,2115000,2820
16,460,20700000,20700100,6677,11127,20745000,27779
16,461,20745000,20745100,6677,11127,20790000,27842
16,462,20790000,20790100,6677,11127,20835000,27897
16,463,20835000,20835100,6677,11127,20880000,27967
16,464,20880000,20880100,6677,11127,20925000,28020
16,465,20925000,20925100,6677,11127,20970000,28086
16,466,20970000,20970100,6677,11127,21015000,28141
16,467,21015000,21015100,6677,11127,21060000,28206
16,468,21060000,21060100,6677,11127,21105000,28261
16,469,21105000,21105100,6677,11127,21150000,28326
16,47,2115000,2115100,6677,11127,2160000,2886
16,470,21150000,21150100,6677,11127,21195000,28378
16,471,21195000,21195100,6677,11127,21240000,28450
16,472,21240000,21240100,6677,11127,21285000,28505
16,473,21285000,21285100,6677,11127,21330000,28568
16,474,21330000,21330100,6677,11127,21375000,28623
16,475,21375000,21375100,6677,11127,21420000,28687
16,476,21420000,21420100,6677,11127,21465000,28744
16,477,21465000,21465100,6677,11127,21510000,28807
16,478,21510000,21510100,6677,11127,21555000,28862
16,479,21555000,21555100,6677,11127,21600000,28930
16,48,2160000,2160100,6677,11127,2205000,2943
16,480,21600000,21600100,6677,11127,21645000,28986
16,481,21645000,21645100,6677,11127,21690000,29051
16,482,21690000,21690100,6677,11127,21735000,29104
16,483,21735000,21735100,6677,11127,21780000,29173
16,484,21780000,21780100,6677,11127,21825000,29224
16,485,21825000,21825100,6677,11127,21870000,29290
16,486,21870000,21870100,6677,11127,21915000,29345
16,487,21915000,21915100,6677,11127,21960000,29413
16,488,21960000,21960100,6677,11127,22005000,29470
16,489,22005000,22005100,6677,11127,22050000,29531
16,49,2205000,2205100,6677,11127,2250000,3008
16,490,22050000,22050100,6677,11127,22095000,29587
16,491,22095000,22095100,6677,11127,22140000,29654
16,492,22140000,22140100,6677,11127,22185000,29707
16,493,22185000,22185100,6677,11127,22230000,29772
16,494,22230000,22230100,6677,11127,22275000,29827
16,495,22275000,22275100,6677,11127,22320000,29894
16,496,22320000,22320100,6677,11127,22365000,29951
16,497,22365000,22365100,6677,11127,22410000,30016
16,498,22410000,22410100,6677,11127,22455000,30069
16,499,22455000,22455100,6677,11127,22500000,30136
16,5,225000,225100,6677,11127,270000,352
16,50,2250000,2250100,6677,11127,2295000,3060
16,500,22500000,22500100,6677,11127,22545000,30190
16,501,22545000,22545100,6677,11127,22590000,30255
16,502,22590000,22590100,6677,11127,22635000,30308
16,503,22635000,22635100,6677,11127,22680000,30378
16,504,22680000,22680100,6677,11127,22725000,30433
16,505,22725000,22725100,6677,11127,22770000,30497
16,506,22770000,22770100,6677,11127,22815000,30552
16,507,22815000,22815100,6677,11127,22860000,30617
16,508,22860000,22860100,6677,11127,22905000,30674
16,509,22905000,22905100,6677,11127,22950000,30735
16,51,2295000,2295100,6677,11127,2340000,3129
16,510,22950000,22950100,6677,11127,22995000,30791
16,511,22995000,22995100,6677,11127,23040000,30861
16,512,23040000,23040100,6677,11127,23085000,30914
16,513,23085000,23085100,6677,11127,23130000,30981
16,514,23130000,23130100,6677,11127,23175000,31034
16,515,23175000,23175100,6677,11127,23220000,31100
16,516,23220000,23220100,6677,11127,23265000,31155
16,517,23265000,23265100,6677,11127,23310000,31218
16,518,23310000,23310100,6677,11127,23355000,31273
16,519,23355000,23355100,6677,11127,23400000,31343
16,52,2340000,2340100,6677,11127,2385000,3182
16,520,23400000,23400100,6677,11127,23445000,31397
16,521,23445000,23445100,6677,11127,23490000,31462
16,522,23490000,23490100,6677,11127,23535000,31517
16,523,23535000,23535100,6677,11127,23580000,31582
16,524,23580000,23580100,6677,11127,23625000,31637
16,525,23625000,23625100,6677,11127,23670000,31701
16,526,23670000,23670100,6677,11127,23715000,31756
16,527,23715000,23715100,6677,11127,23760000,31824
16,528,23760000,23760100,6677,11127,23805000,31881
16,529,23805000,23805100,6677,11127,23850000,31944
16,53,2385000,2385100,6677,11127,2430000,3247
16,530,23850000,23850100,6677,11127,23895000,31998
16,531,23895000,23895100,6677,11127,23940000,32065
16,532,23940000,23940100,6677,11127,23985000,32118
16,533,23985000,23985100,6677,11127,24030000,32185
16,534,24030000,24030100,6677,11127,24075000,32236
16,535,24075000,24075100,6677,11127,24120000,32307
16,536,24120000,24120100,6677,11127,24165000,32364
16,537,24165000,24165100,6677,11127,24210000,32425
16,538,24210000,24210100,6677,11127,24255000,32482
16,539,24255000,24255100,6677,11127,24300000,32547
16,54,2430000,2430100,6677,11127,2475000,3300
16,540,24300000,24300100,6677,11127,24345000,32601
16,541,24345000,24345100,6677,11127,24390000,32666
16,542,24390000,24390100,6677,11127,24435000,32721
16,543,24435000,24435100,6677,11127,24480000,32789
16,544,24480000,24480100,6677,11127,24525000,32844
16,545,24525000,24525100,6677,11127,24570000,32908
16,546,24570000,24570100,6677,11127,24615000,32963
16,547,24615000,24615100,6677,11127,24660000,33030
16,548,24660000,24660100,6677,11127,24705000,33083
16,549,24705000,24705100,6677,11127,24750000,33148
16,55,2475000,2475100,6677,11127,2520000,3369
16,550,24750000,24750100,6677,11127,24795000,33202
16,551,24795000,24795100,6677,11127,24840000,33272
16,552,24840000,24840100,6677,11127,24885000,33327
16,553,24885000,24885100,6677,11127,24930000,33392
16,554,24930000,24930100,6677,11127,24975000,33445
16,555,24975000,24975100,6677,11127,25020000,33511
16,556,25020000,25020100,6677,11127,25065000,33568
16,557,25065000,25065100,6677,11127,25110000,33629
16,558,25110000,25110100,6677,11127,25155000,33686
16,559,25155000,25155100,6677,11127,25200000,33752
16,56,2520000,2520100,6677,11127,2565000,3426
16,57,2565000,2565100,6677,11127,2610000,3489
16,58,2610000,2610100,6677,11127,2655000,3544
16,59,2655000,2655100,6677,11127,2700000,3609
16,6,270000,270100,6677,11127,315000,407
16,60,2700000,2700100,6677,11127,2745000,3665
16,61,2745000,2745100,6677,11127,2790000,3728
16,62,2790000,2790100,6677,11127,2835000,3783
16,63,2835000,2835100,6677,11127,2880000,3853
16,64,2880000,2880100,6677,11127,2925000,3906
16,65,2925000,2925100,6677,11127,2970000,3972
16,66,2970000,2970100,6677,11127,3015000,4027
16,67,3015000,3015100,6677,11127,3060000,4092
16,68,3060000,3060100,6677,11127,3105000,4147
16,69,3105000,3105100,6677,11127,3150000,4210
16,7,315000,315100,6677,11127,360000,477
16,70,3150000,3150100,6677,11127,3195000,4264
16,71,3195000,3195100,6677,11127,3240000,4336
16,72,3240000,3240100,6677,11127,3285000,4389
16,73,3285000,3285100,6677,11127,3330000,4454
16,74,3330000,3330100,6677,11127,3375000,4509
16,75,3375000,3375100,6677,11127,3420000,4573
16,76,3420000,3420100,6677,11127,3465000,4630
16,77,3465000,3465100,6677,11127,3510000,4693
16,78,3510000,3510100,6677,11127,3555000,4748
16,79,3555000,3555100,6677,11127,3600000,4816
16,8,360000,360100,6677,11127,405000,532
16,80,3600000,3600100,6677,11127,3645000,4872
16,81,3645000,3645100,6677,11127,3690000,4937
16,82,3690000,3690100,6677,11127,3735000,4990
16,83,3735000,3735100,6677,11127,3780000,5057
16,84,3780000,3780100,6677,11127,3825000,5110
16,85,3825000,3825100,6677,11127,3870000,5176
16,86,3870000,3870100,6677,11127,3915000,5229
16,87,3915000,3915100,6677,11127,3960000,5299
16,88,3960000,3960100,6677,11127,4005000,5356
16,89,4005000,4005100,6677,11127,4050000,5417
16,9,405000,405100,6677,11127,450000,595
16,90,4050000,4050100,6677,11127,4095000,5473
16,91,4095000,4095100,6677,11127,4140000,5540
16,92,4140000,4140100,6677,11127,4185000,5593
16,93,4185000,4185100,6677,11127,4230000,5658
16,94,4230000,4230100,6677,11127,4275000,5713
16,95,4275000,4275100,6677,11127,4320000,5780
16,96,4320000,4320100,6677,11127,4365000,5837
16,97,4365000,4365100,6677,11127,4410000,5900
16,98,4410000,4410100,6677,11127,4455000,5955
16,99,4455000,4455100,6677,11127,4500000,6022
17,0,0,100,6043,10071,45000,49
17,1,45000,45100,6043,10071,90000,116
17,10,450000,450100,6043,10071,495000,652
17,100,4500000,4500100,6043,10071,4545000,6075
17,101,4545000,4545100,6043,10071,4590000,6142
17,102,4590000,4590100,6043,10071,4635000,6195
17,103,4635000,4635100,6043,10071,4680000,6265
17,104,4680000,4680100,6043,10071,4725000,6320
17,105,4725000,4725100,6043,10071,4770000,6384
17,106,4770000,4770100,6043,10071,4815000,6439
17,107,4815000,4815100,6043,10071,4860000,6504
17,108,4860000,4860100,6043,10071,4905000,6561
17,109,4905000,4905100,6043,10071,4950000,6622
17,11,495000,495100,6043,10071,540000,717
17,110,4950000,4950100,6043,10071,4995000,6678
17,111,4995000,4995100,6043,10071,5040000,6746
17,112,5040000,5040100,6043,10071,5085000,6801
17,113,5085000,5085100,6043,10071,5130000,6868
17,114,5130000,5130100,6043,10071,5175000,6919
17,115,5175000,5175100,6043,10071,5220000,6987
17,116,5220000,5220100,6043,10071,5265000,7042
17,117,5265000,5265100,6043,10071,5310000,7105
17,118,5310000,5310100,6043,10071,5355000,7160
17,119,5355000,5355100,6043,10071,5400000,7230
17,12,540000,540100,6043,10071,585000,772
17,120,5400000,5400100,6043,10071,5445000,7284
17,121,5445000,5445100,6043,10071,5490000,7349
17,122,5490000,5490100,6043,10071,5535000,7404
17,123,5535000,5535100,6043,10071,5580000,7469
17,124,5580000,5580100,6043,10071,5625000,7524
17,125,5625000,5625100,6043,10071,5670000,7586
17,126,5670000,5670100,6043,10071,5715000,7643
17,127,5715000,5715100,6043,10071,5760000,7711
17,128,5760000,5760100,6043,10071,5805000,7766
17,129,5805000,5805100,6043,10071,5850000,7831
17,13,585000,585100,6043,10071,630000,835
17,130,5850000,5850100,6043,10071,5895000,7885
17,131,5895000,5895100,6043,10071,5940000,7952
17,132,5940000,5940100,6043,10071,5985000,8005
17,133,5985000,5985100,6043,10071,6030000,8072
17,134,6030000,6030100,6043,10071,6075000,8123
17,135,6075000,6075100,6043,10071,6120000,8194
17,136,6120000,6120100,6043,10071,6165000,8251
17,137,6165000,6165100,6043,10071,6210000,8312
17,138,6210000,6210100,6043,10071,6255000,8369
17,139,6255000,6255100,6043,10071,6300000,8432
17,14,630000,630100,6043,10071,675000,890
17,140,6300000,6300100,6043,10071,6345000,8488
17,141,6345000,6345100,6043,10071,6390000,8553
17,142,6390000,6390100,6043,10071,6435000,8606
17,143,6435000,6435100,6043,10071,6480000,8676
17,144,6480000,6480100,6043,10071,6525000,8731
17,145,6525000,6525100,6043,10071,6570000,8795
17,146,6570000,6570100,6043,10071,6615000,8850
17,147,6615000,6615100,6043,10071,6660000,8917
17,148,6660000,6660100,6043,10071,6705000,8970
17,149,6705000,6705100,6043,10071,6750000,9035
17,15,675000,675100,6043,10071,720000,959
17,150,6750000,6750100,6043,10071,6795000,9089
17,151,6795000,6795100,6043,10071,6840000,9159
17,152,6840000,6840100,6043,10071,6885000,9214
17,153,6885000,6885100,6043,10071,6930000,9277
17,154,6930000,6930100,6043,10071,6975000,9332
17,155,6975000,6975100,6043,10071,7020000,9398
17,156,7020000,7020100,6043,10071,7065000,9453
17,157,7065000,7065100,6043,10071,7110000,9516
17,158,7110000,7110100,6043,10071,7155000,9573
17,159,7155000,7155100,6043,10071,7200000,9639
17,16,720000,720100,6043,10071,765000,1014
17,160,7200000,7200100,6043,10071,7245000,9695
17,161,7245000,7245100,6043,10071,7290000,9762
17,162,7290000,7290100,6043,10071,7335000,9813
17,163,7335000,7335100,6043,10071,7380000,9882
17,164,7380000,7380100,6043,10071,7425000,9935
17,165,7425000,7425100,6043,10071,7470000,9999
17,166,7470000,7470100,6043,10071,7515000,10054
17,167,7515000,7515100,6043,10071,7560000,10122
17,168,7560000,7560100,6043,10071,7605000,10179
17,169,7605000,7605100,6043,10071,7650000,10242
17,17,765000,765100,6043,10071,810000,1079
17,170,7650000,7650100,6043,10071,7695000,10296
17,171,7695000,7695100,6043,10071,7740000,10363
17,172,7740000,7740100,6043,10071,7785000,10418
17,173,7785000,7785100,6043,10071,7830000,10481
17,174,7830000,7830100,6043,10071,7875000,10536
17,175,7875000,7875100,6043,10071,7920000,10605
17,176,7920000,7920100,6043,10071,7965000,10660
17,177,7965000,7965100,6043,10071,8010000,10725
17,178,8010000,8010100,6043,10071,8055000,10780
17,179,8055000,8055100,6043,10071,8100000,10845
17,18,810000,810100,6043,10071,855000,1134
17,180,8100000,8100100,6043,10071,8145000,10899
17,181,8145000,8145100,6043,10071,8190000,10964
17,182,8190000,8190100,6043,10071,8235000,11017
17,183,8235000,8235100,6043,10071,8280000,11089
17,184,8280000,8280100,6043,10071,8325000,11142
17,185,8325000,8325100,6043,10071,8370000,11206
17,186,8370000,8370100,6043,10071,8415000,11263
17,187,8415000,8415100,6043,10071,8460000,11326
17,188,8460000,8460100,6043,10071,8505000,11383
17,189,8505000,8505100,6043,10071,8550000,11446
17,19,855000,855100,6043,10071,900000,1199
17,190,8550000,8550100,6043,10071,8595000,11500
17,191,8595000,8595100,6043,10071,8640000,11570
17,192,8640000,8640100,6043,10071,8685000,11625
17,193,8685000,8685100,6043,10071,8730000,11690
17,194,8730000,8730100,6043,10071,8775000,11743
17,195,8775000,8775100,6043,10071,8820000,11809
17,196,8820000,8820100,6043,10071,8865000,11864
17,197,8865000,8865100,6043,10071,8910000,11929
17,198,8910000,8910100,6043,10071,8955000,11982
17,199,8955000,8955100,6043,10071,9000000,12052
17,2,90000,90100,6043,10071,135000,167
17,20,900000,900100,6043,10071,945000,1253
17,200,9000000,9000100,6043,10071,9045000,12108
17,201,9045000,9045100,6043,10071,9090000,12171
17,202,9090000,9090100,6043,10071,9135000,12226
17,203,9135000,9135100,6043,10071,9180000,12293
17,204,9180000,9180100,6043,10071,9225000,12346
17,205,9225000,9225100,6043,10071,9270000,12410
17,206,9270000,9270100,6043,10071,9315000,12467
17,207,9315000,9315100,6043,10071,9360000,12533
17,208,9360000,9360100,6043,10071,9405000,12590
17,209,9405000,9405100,6043,10071,9450000,12653
17,21,945000,945100,6043,10071,990000,1320
17,210,9450000,9450100,6043,10071,9495000,12707
17,211,9495000,9495100,6043,10071,9540000,12776
17,212,9540000,9540100,6043,10071,9585000,12827
17,213,9585000,9585100,6043,10071,9630000,12894
17,214,9630000,9630100,6043,10071,9675000,12947
17,215,9675000,9675100,6043,10071,9720000,13016
17,216,9720000,9720100,6043,10071,9765000,13073
17,217,9765000,9765100,6043,10071,9810000,13136
17,218,9810000,9810100,6043,10071,9855000,13191
17,219,9855000,9855100,6043,10071,9900000,13256
17,22,990000,990100,6043,10071,1035000,1371
17,220,9900000,9900100,6043,10071,9945000,13312
17,221,9945000,9945100,6043,10071,9990000,13375
17,222,9990000,9990100,6043,10071,10035000,13430
17,223,10035000,10035100,6043,10071,10080000,13498
17,224,10080000,10080100,6043,10071,10125000,13553
17,225,10125000,10125100,6043,10071,10170000,13619
17,226,10170000,10170100,6043,10071,10215000,13672
17,227,10215000,10215100,6043,10071,10260000,13739
17,228,10260000,10260100,6043,10071,10305000,13794
17,229,10305000,10305100,6043,10071,10350000,13857
17,23,1035000,1035100,6043,10071,1080000,1443
17,230,10350000,10350100,6043,10071,10395000,13911
17,231,10395000,10395100,6043,10071,10440000,13983
17,232,10440000,10440100,6043,10071,10485000,14036
17,233,10485000,10485100,6043,10071,10530000,14101
17,234,10530000,10530100,6043,10071,10575000,14156
17,235,10575000,10575100,6043,10071,10620000,14220
17,236,10620000,10620100,6043,10071,10665000,14277
17,237,10665000,10665100,6043,10071,10710000,14338
17,238,10710000,10710100,6043,10071,10755000,14395
17,239,10755000,10755100,6043,10071,10800000,14463
17,24,1080000,1080100,6043,10071,1125000,1498
17,240,10800000,10800100,6043,10071,10845000,14517
17,241,10845000,10845100,6043,10071,10890000,14584
17,242,10890000,10890100,6043,10071,10935000,14637
17,243,10935000,10935100,6043,10071,10980000,14704
17,244,10980000,10980100,6043,10071,11025000,14757
17,245,11025000,11025100,6043,10071,11070000,14823
17,246,11070000,11070100,6043,10071,11115000,14876
17,247,11115000,11115100,6043,10071,11160000,14946
17,248,11160000,11160100,6043,10071,11205000,15003
17,249,11205000,11205100,6043,10071,11250000,15064
17,25,1125000,1125100,6043,10071,1170000,1560
17,250,11250000,11250100,6043,10071,11295000,15120
17,251,11295000,11295100,6043,10071,11340000,15185
17,252,11340000,11340100,6043,10071,11385000,15240
17,253,11385000,11385100,6043,10071,11430000,15305
17,254,11430000,11430100,6043,10071,11475000,15358
17,255,11475000,11475100,6043,10071,11520000,15427
17,256,11520000,11520100,6043,10071,11565000,15484
17,257,11565000,11565100,6043,10071,11610000,15547
17,258,11610000,11610100,6043,10071,11655000,15602
17,259,11655000,11655100,6043,10071,11700000,15669
17,26,1170000,1170100,6043,10071,1215000,1617
17,260,11700000,11700100,6043,10071,11745000,15721
17,261,11745000,11745100,6043,10071,11790000,15788
17,262,11790000,11790100,6043,10071,11835000,15841
17,263,11835000,11835100,6043,10071,11880000,15911
17,264,11880000,11880100,6043,10071,11925000,15966
17,265,11925000,11925100,6043,10071,11970000,16028
17,266,11970000,11970100,6043,10071,12015000,16085
17,267,12015000,12015100,6043,10071,12060000,16150
17,268,12060000,12060100,6043,10071,12105000,16205
17,269,12105000,12105100,6043,10071,12150000,16268
17,27,1215000,1215100,6043,10071,1260000,1680
17,270,12150000,12150100,6043,10071,12195000,16324
17,271,12195000,12195100,6043,10071,12240000,16392
17,272,12240000,12240100,6043,10071,12285000,16447
17,273,12285000,12285100,6043,10071,12330000,16514
17,274,12330000,12330100,6043,10071,12375000,16565
17,275,12375000,12375100,6043,10071,12420000,16633
17,276,12420000,12420100,6043,10071,12465000,16688
17,277,12465000,12465100,6043,10071,12510000,16751
17,278,12510000,12510100,6043,10071,12555000,16806
17,279,12555000,12555100,6043,10071,12600000,16874
17,28,1260000,1260100,6043,10071,1305000,1737
17,280,12600000,12600100,6043,10071,12645000,16930
17,281,12645000,12645100,6043,10071,12690000,16995
17,282,12690000,12690100,6043,10071,12735000,17048
17,283,12735000,12735100,6043,10071,12780000,17115
17,284,12780000,12780100,6043,10071,12825000,17170
17,285,12825000,12825100,6043,10071,12870000,17232
17,286,12870000,12870100,6043,10071,12915000,17289
17,287,12915000,12915100,6043,10071,12960000,17357
17,288,12960000,12960100,6043,10071,13005000,17412
17,289,13005000,13005100,6043,10071,13050000,17477
17,29,1305000,1305100,6043,10071,1350000,1800
17,290,13050000,13050100,6043,10071,13095000,17531
17,291,13095000,13095100,6043,10071,13140000,17598
17,292,13140000,13140100,6043,10071,13185000,17651
17,293,13185000,13185100,6043,10071,13230000,17716
17,294,13230000,13230100,6043,10071,13275000,17769
17,295,13275000,13275100,6043,10071,13320000,17840
17,296,13320000,13320100,6043,10071,13365000,17895
17,297,13365000,13365100,6043,10071,13410000,17958
17,298,13410000,13410100,6043,10071,13455000,18015
17,299,13455000,13455100,6043,10071,13500000,18078
17,3,135000,135100,6043,10071,180000,236
17,30,1350000,1350100,6043,10071,1395000,1854
17,300,13500000,13500100,6043,10071,13545000,18134
17,301,13545000,13545100,6043,10071,13590000,18199
17,302,13590000,13590100,6043,10071,13635000,18252
17,303,13635000,13635100,6043,10071,13680000,18322
17,304,13680000,13680100,6043,10071,13725000,18377
17,305,13725000,13725100,6043,10071,13770000,18441
17,306,13770000,13770100,6043,10071,13815000,18496
17,307,13815000,13815100,6043,10071,13860000,18561
17,308,13860000,13860100,6043,10071,13905000,18616
17,309,13905000,13905100,6043,10071,13950000,18681
17,31,1395000,1395100,6043,10071,1440000,1924
17,310,13950000,13950100,6043,10071,13995000,18733
17,311,13995000,13995100,6043,10071,14040000,18805
17,312,14040000,14040100,6043,10071,14085000,18860
17,313,14085000,14085100,6043,10071,14130000,18923
17,314,14130000,14130100,6043,10071,14175000,18978
17,315,14175000,14175100,6043,10071,14220000,19044
17,316,14220000,14220100,6043,10071,14265000,19099
17,317,14265000,14265100,6043,10071,14310000,19162
17,318,14310000,14310100,6043,10071,14355000,19219
17,319,14355000,14355100,6043,10071,14400000,19285
17,32,1440000,1440100,6043,10071,1485000,1979
17,320,14400000,14400100,6043,10071,14445000,19341
17,321,14445000,14445100,6043,10071,14490000,19406
17,322,14490000,14490100,6043,10071,14535000,19459
17,323,14535000,14535100,6043,10071,14580000,19528
17,324,14580000,14580100,6043,10071,14625000,19579
17,325,14625000,14625100,6043,10071,14670000,19645
17,326,14670000,14670100,6043,10071,14715000,19700
17,327,14715000,14715100,6043,10071,14760000,19768
17,328,14760000,14760100,6043,10071,14805000,19825
17,329,14805000,14805100,6043,10071,14850000,19888
17,33,1485000,1485100,6043,10071,1530000,2044
17,330,14850000,14850100,6043,10071,14895000,19942
17,331,14895000,14895100,6043,10071,14940000,20009
17,332,14940000,14940100,6043,10071,14985000,20064
17,333,14985000,14985100,6043,10071,15030000,20127
17,334,15030000,15030100,6043,10071,15075000,20182
17,335,15075000,15075100,6043,10071,15120000,20249
17,336,15120000,15120100,6043,10071,15165000,20306
17,337,15165000,15165100,6043,10071,15210000,20371
17,338,15210000,15210100,6043,10071,15255000,20424
17,339,15255000,15255100,6043,10071,15300000,20491
17,34,1530000,1530100,6043,10071,1575000,2097
17,340,15300000,15300100,6043,10071,15345000,20545
17,341,15345000,15345100,6043,10071,15390000,20610
17,342,15390000,15390100,6043,10071,15435000,20663
17,343,15435000,15435100,6043,10071,15480000,20735
17,344,15480000,15480100,6043,10071,15525000,20788
17,345,15525000,15525100,6043,10071,15570000,20852
17,346,15570000,15570100,6043,10071,15615000,20909
17,347,15615000,15615100,6043,10071,15660000,20972
17,348,15660000,15660100,6043,10071,15705000,21029
17,349,15705000,15705100,6043,10071,15750000,21090
17,35,1575000,1575100,6043,10071,1620000,2165
17,350,15750000,15750100,6043,10071,15795000,21146
17,351,15795000,15795100,6043,10071,15840000,21216
17,352,15840000,15840100,6043,10071,15885000,21269
17,353,15885000,15885100,6043,10071,15930000,21336
17,354,15930000,15930100,6043,10071,15975000,21389
17,355,15975000,15975100,6043,10071,16020000,21455
17,356,16020000,16020100,6043,10071,16065000,21510
17,357,16065000,16065100,6043,10071,16110000,21575
17,358,16110000,16110100,6043,10071,16155000,21628
17,359,16155000,16155100,6043,10071,16200000,21698
17,36,1620000,1620100,6043,10071,1665000,2218
17,360,16200000,16200100,6043,10071,16245000,21754
17,361,16245000,16245100,6043,10071,16290000,21817
17,362,16290000,16290100,6043,10071,16335000,21872
17,363,16335000,16335100,6043,10071,16380000,21937
17,364,16380000,16380100,6043,10071,16425000,21992
17,365,16425000,16425100,6043,10071,16470000,22056
17,366,16470000,16470100,6043,10071,16515000,22111
17,367,16515000,16515100,6043,10071,16560000,22179
17,368,16560000,16560100,6043,10071,16605000,22236
17,369,16605000,16605100,6043,10071,16650000,22299
17,37,1665000,1665100,6043,10071,1710000,2283
17,370,16650000,16650100,6043,10071,16695000,22353
17,371,16695000,16695100,6043,10071,16740000,22422
17,372,16740000,16740100,6043,10071,16785000,22473
17,373,16785000,16785100,6043,10071,16830000,22540
17,374,16830000,16830100,6043,10071,16875000,22593
17,375,16875000,16875100,6043,10071,16920000,22662
17,376,16920000,16920100,6043,10071,16965000,22719
17,377,16965000,16965100,6043,10071,17010000,22780
17,378,17010000,17010100,6043,10071,17055000,22837
17,379,17055000,17055100,6043,10071,17100000,22902
17,38,1710000,1710100,6043,10071,1755000,2338
17,380,17100000,17100100,6043,10071,17145000,22956
17,381,17145000,17145100,6043,10071,17190000,23021
17,382,17190000,17190100,6043,10071,17235000,23076
17,383,17235000,17235100,6043,10071,17280000,23144
17,384,17280000,17280100,6043,10071,17325000,23199
17,385,17325000,17325100,6043,10071,17370000,23265
17,386,17370000,17370100,6043,10071,17415000,23318
17,387,17415000,17415100,6043,10071,17460000,23385
17,388,17460000,17460100,6043,10071,17505000,23440
17,389,17505000,17505100,6043,10071,17550000,23503
17,39,1755000,1755100,6043,10071,1800000,2406
17,390,17550000,17550100,6043,10071,17595000,23557
17,391,17595000,17595100,6043,10071,17640000,23627
17,392,17640000,17640100,6043,10071,17685000,23682
17,393,17685000,17685100,6043,10071,17730000,23747
17,394,17730000,17730100,6043,10071,17775000,23800
17,395,17775000,17775100,6043,10071,17820000,23866
17,396,17820000,17820100,6043,10071,17865000,23923
17,397,17865000,17865100,6043,10071,17910000,23984
17,398,17910000,17910100,6043,10071,17955000,24041
17,399,17955000,17955100,6043,10071,18000000,24109
17,4,180000,180100,6043,10071,225000,289
17,40,1800000,1800100,6043,10071,1845000,2462
17,400,18000000,18000100,6043,10071,18045000,24163
17,401,18045000,18045100,6043,10071,18090000,24230
17,402,18090000,18090100,6043,10071,18135000,24283
17,403,18135000,18135100,6043,10071,18180000,24350
17,404,18180000,18180100,6043,10071,18225000,24403
17,405,18225000,18225100,6043,10071,18270000,24467
17,406,18270000,18270100,6043,10071,18315000,24522
17,407,18315000,18315100,6043,10071,18360000,24592
17,408,18360000,18360100,6043,10071,18405000,24647
17,409,18405000,18405100,6043,10071,18450000,24710
17,41,1845000,1845100,6043,10071,1890000,2525
17,410,18450000,18450100,6043,10071,18495000,24766
17,411,18495000,18495100,6043,10071,18540000,24831
17,412,18540000,18540100,6043,10071,18585000,24886
17,413,18585000,18585100,6043,10071,18630000,24951
17,414,18630000,18630100,6043,10071,18675000,25004
17,415,18675000,18675100,6043,10071,18720000,25073
17,416,18720000,18720100,6043,10071,18765000,25130
17,417,18765000,18765100,6043,10071,18810000,25193
17,418,18810000,18810100,6043,10071,18855000,25248
17,419,18855000,18855100,6043,10071,18900000,25313
17,42,1890000,1890100,6043,10071,1935000,2580
17,420,18900000,18900100,6043,10071,18945000,25367
17,421,18945000,18945100,6043,10071,18990000,25434
17,422,18990000,18990100,6043,10071,19035000,25485
17,423,19035000,19035100,6043,10071,19080000,25557
17,424,19080000,19080100,6043,10071,19125000,25612
17,425,19125000,19125100,6043,10071,19170000,25674
17,426,19170000,19170100,6043,10071,19215000,25731
17,427,19215000,19215100,6043,10071,19260000,25796
17,428,19260000,19260100,6043,10071,19305000,25851
17,429,19305000,19305100,6043,10071,19350000,25914
17,43,1935000,1935100,6043,10071,1980000,2647
17,430,19350000,19350100,6043,10071,19395000,25970
17,431,19395000,19395100,6043,10071,19440000,26038
17,432,19440000,19440100,6043,10071,19485000,26093
17,433,19485000,19485100,6043,10071,19530000,26158
17,434,19530000,19530100,6043,10071,19575000,26211
17,435,19575000,19575100,6043,10071,19620000,26279
17,436,19620000,19620100,6043,10071,19665000,26332
17,437,19665000,19665100,6043,10071,19710000,26397
17,438,19710000,19710100,6043,10071,19755000,26452
17,439,19755000,19755100,6043,10071,19800000,26520
17,44,1980000,1980100,6043,10071,2025000,2700
17,440,19800000,19800100,6043,10071,19845000,26576
17,441,19845000,19845100,6043,10071,19890000,26641
17,442,19890000,19890100,6043,10071,19935000,26694
17,443,19935000,19935100,6043,10071,19980000,26761
17,444,19980000,19980100,6043,10071,20025000,26816
17,445,20025000,20025100,6043,10071,20070000,26878
17,446,20070000,20070100,6043,10071,20115000,26935
17,447,20115000,20115100,6043,10071,20160000,27001
17,448,20160000,20160100,6043,10071,20205000,27058
17,449,20205000,20205100,6043,10071,20250000,27123
17,45,2025000,2025100,6043,10071,2070000,2764
17,450,20250000,20250100,6043,10071,20295000,27175
17,451,20295000,20295100,6043,10071,20340000,27244
17,452,20340000,20340100,6043,10071,20385000,27297
17,453,20385000,20385100,6043,10071,20430000,27362
17,454,20430000,20430100,6043,10071,20475000,27415
17,455,20475000,20475100,6043,10071,20520000,27486
17,456,20520000,20520100,6043,10071,20565000,27541
17,457,20565000,20565100,6043,10071,20610000,27604
17,458,20610000,20610100,6043,10071,20655000,27661
17,459,20655000,20655100,6043,10071,20700000,27724
17,46,2070000,2070100,6043,10071,2115000,2821
17,460,20700000,20700100,6043,10071,20745000,27780
17,461,20745000,20745100,6043,10071,20790000,27843
17,462,20790000,20790100,6043,10071,20835000,27898
17,463,20835000,20835100,6043,10071,20880000,27968
17,464,20880000,20880100,6043,10071,20925000,28021
17,465,20925000,20925100,6043,10071,20970000,28087
17,466,20970000,20970100,6043,10071,21015000,28142
17,467,21015000,21015100,6043,10071,21060000,28207
17,468,21060000,21060100,6043,10071,21105000,28262
17,469,21105000,21105100,6043,10071,21150000,28327
17,47,2115000,2115100,6043,10071,2160000,2887
17,470,21150000,21150100,6043,10071,21195000,28379
17,471,21195000,21195100,6043,10071,21240000,28451
17,472,21240000,21240100,6043,10071,21285000,28506
17,473,21285000,21285100,6043,10071,21330000,28569
17,474,21330000,21330100,6043,10071,21375000,28624
17,475,21375000,21375100,6043,10071,21420000,28688
17,476,21420000,21420100,6043,10071,21465000,28745
17,477,21465000,21465100,6043,10071,21510000,28808
17,478,21510000,21510100,6043,10071,21555000,28863
17,479,21555000,21555100,6043,10071,21600000,28931
17,48,2160000,2160100,6043,10071,2205000,2944
17,480,21600000,21600100,6043,10071,21645000,28987
17,481,21645000,21645100,6043,10071,21690000,29052
17,482,21690000,21690100,6043,10071,21735000,29105
17,483,21735000,21735100,6043,10071,21780000,29174
17,484,21780000,21780100,6043,10071,21825000,29225
17,485,21825000,21825100,6043,10071,21870000,29291
17,486,21870000,21870100,6043,10071,21915000,29346
17,487,21915000,21915100,6043,10071,21960000,29414
17,488,21960000,21960100,6043,10071,22005000,29471
17,489,22005000,22005100,6043,10071,22050000,29532
17,49,2205000,2205100,6043,10071,2250000,3009
17,490,22050000,22050100,6043,10071,22095000,29588
17,491,22095000,22095100,6043,10071,22140000,29655
17,492,22140000,22140100,6043,10071,22185000,29708
17,493,22185000,22185100,6043,10071,22230000,29773
17,494,22230000,22230100,6043,10071,22275000,29828
17,495,22275000,22275100,6043,10071,22320000,29895
17,496,22320000,22320100,6043,10071,22365000,29952
17,497,22365000,22365100,6043,10071,22410000,30017
17,498,22410000,22410100,6043,10071,22455000,30070
17,499,22455000,22455100,6043,10071,22500000,30137
17,5,225000,225100,6043,10071,270000,353
17,50,2250000,2250100,6043,10071,2295000,3061
17,500,22500000,22500100,6043,10071,22545000,30191
17,501,22545000,22545100,6043,10071,22590000,30256
17,502,22590000,22590100,6043,10071,22635000,30309
17,503,22635000,22635100,6043,10071,22680000,30379
17,504,22680000,22680100,6043,10071,22725000,30434
17,505,22725000,22725100,6043,10071,22770000,30498
17,506,22770000,22770100,6043,10071,22815000,30553
17,507,22815000,22815100,6043,10071,22860000,30618
17,508,22860000,22860100,6043,10071,22905000,30675
17,509,22905000,22905100,6043,10071,22950000,30736
17,51,2295000,2295100,6043,10071,2340000,3130
17,510,22950000,22950100,6043,10071,22995000,30792
17,511,22995000,22995100,6043,10071,23040000,30862
17,512,23040000,23040100,6043,10071,23085000,30915
17,513,23085000,23085100,6043,10071,23130000,30982
17,514,23130000,23130100,6043,10071,23175000,31035
17,515,23175000,23175100,6043,10071,23220000,31101
17,516,23220000,23220100,6043,10071,23265000,31156
17,517,23265000,23265100,6043,10071,23310000,31219
17,518,23310000,23310100,6043,10071,23355000,31274
17,519,23355000,23355100,6043,10071,23400000,31344
17,52,2340000,2340100,6043,10071,2385000,3183
17,520,23400000,23400100,6043,10071,23445000,31398
17,521,23445000,23445100,6043,10071,23490000,31463
17,522,23490000,23490100,6043,10071,23535000,31518
17,523,23535000,23535100,6043,10071,23580000,31583
17,524,23580000,23580100,6043,10071,23625000,31638
17,525,23625000,23625100,6043,10071,23670000,31702
17,526,23670000,23670100,6043,10071,23715000,31757
17,527,23715000,23715100,6043,10071,23760000,31825
17,528,23760000,23760100,6043,10071,23805000,31882
17,529,23805000,23805100,6043,10071,23850000,31945
17,53,2385000,2385100,6043,10071,2430000,3248
17,530,23850000,23850100,6043,10071,23895000,31999
17,531,23895000,23895100,6043,10071,23940000,32066
17,532,23940000,23940100,6043,10071,23985000,32119
17,533,23985000,23985100,6043,10071,24030000,32186
17,534,24030000,24030100,6043,10071,24075000,32237
17,535,24075000,24075100,6043,10071,24120000,32308
17,536,24120000,24120100,6043,10071,24165000,32365
17,537,24165000,24165100,6043,10071,24210000,32426
17,538,24210000,24210100,6043,10071,24255000,32483
17,539,24255000,24255100,6043,10071,24300000,32548
17,54,2430000,2430100,6043,10071,2475000,3301
17,540,24300000,24300100,6043,10071,24345000,32602
17,541,24345000,24345100,6043,10071,24390000,32667
17,542,24390000,24390100,6043,10071,24435000,32722
17,543,24435000,24435100,6043,10071,24480000,32790
17,544,24480000,24480100,6043,10071,24525000,32845
17,545,24525000,24525100,6043,10071,24570000,32909
17,546,24570000,24570100,6043,10071,24615000,32964
17,547,24615000,24615100,6043,10071,24660000,33031
17,548,24660000,24660100,6043,10071,24705000,33084
17,549,24705000,24705100,6043,10071,24750000,33149
17,55,2475000,2475100,6043,10071,2520000,3370
17,550,24750000,24750100,6043,10071,24795000,33203
17,551,24795000,24795100,6043,10071,24840000,33273
17,552,24840000,24840100,6043,10071,24885000,33328
17,553,24885000,24885100,6043,10071,24930000,33393
17,554,24930000,24930100,6043,10071,24975000,33446
17,555,24975000,24975100,6043,10071,25020000,33512
17,556,25020000,25020100,6043,10071,25065000,33569
17,557,25065000,25065100,6043,10071,25110000,33630
17,558,25110000,25110100,6043,10071,25155000,33687
17,559,25155000,25155100,6043,10071,25200000,33753
17,56,2520000,2520100,6043,10071,2565000,3427
17,57,2565000,2565100,6043,10071,2610000,3490
17,58,2610000,2610100,6043,10071,2655000,3545
17,59,2655000,2655100,6043,10071,2700000,3610
17,6,270000,270100,6043,10071,315000,408
17,60,2700000,2700100,6043,10071,2745000,3666
17,61,2745000,2745100,6043,10071,2790000,3729
17,62,2790000,2790100,6043,10071,2835000,3784
17,63,2835000,2835100,6043,10071,2880000,3854
17,64,2880000,2880100,6043,10071,2925000,3907
17,65,2925000,2925100,6043,10071,2970000,3973
17,66,2970000,2970100,6043,10071,3015000,4028
17,67,3015000,3015100,6043,10071,3060000,4093
17,68,3060000,3060100,6043,10071,3105000,4148
17,69,3105000,3105100,6043,10071,3150000,4211
17,7,315000,315100,6043,10071,360000,478
17,70,3150000,3150100,6043,10071,3195000,4265
17,71,3195000,3195100,6043,10071,3240000,4337
17,72,3240000,3240100,6043,10071,3285000,4390
17,73,3285000,3285100,6043,10071,3330000,4455
17,74,3330000,3330100,6043,10071,3375000,4510
17,75,3375000,3375100,6043,10071,3420000,4574
17,76,3420000,3420100,6043,10071,3465000,4631
17,77,3465000,3465100,6043,10071,3510000,4694
17,78,3510000,3510100,6043,10071,3555000,4749
17,79,3555000,3555100,6043,10071,3600000,4817
17,8,360000,360100,6043,10071,405000,533
17,80,3600000,3600100,6043,10071,3645000,4873
17,81,3645000,3645100,6043,10071,3690000,4938
17,82,3690000,3690100,6043,10071,3735000,4991
17,83,3735000,3735100,6043,10071,3780000,5058
17,84,3780000,3780100,6043,10071,3825000,5111
17,85,3825000,3825100,6043,10071,3870000,5177
17,86,3870000,3870100,6043,10071,3915000,5230
17,87,3915000,3915100,6043,10071,3960000,5300
17,88,3960000,3960100,6043,10071,4005000,5357
17,89,4005000,4005100,6043,10071,4050000,5418
17,9,405000,405100,6043,10071,450000,596
17,90,4050000,4050100,6043,10071,4095000,5474
17,91,4095000,4095100,6043,10071,4140000,5541
17,92,4140000,4140100,6043,10071,4185000,5594
17,93,4185000,4185100,6043,10071,4230000,5659
17,94,4230000,4230100,6043,10071,4275000,5714
17,95,4275000,4275100,6043,10071,4320000,5781
17,96,4320000,4320100,6043,10071,4365000,5838
17,97,4365000,4365100,6043,10071,4410000,5901
17,98,4410000,4410100,6043,10071,4455000,5956
17,99,4455000,4455100,6043,10071,4500000,6023
18,0,0,100,6502,10836,70000,83
18,1,70000,70100,6502,10836,140000,180
18,10,700000,700100,6502,10836,770000,1025
18,100,7000000,7000100,6502,10836,7070000,9464
18,101,7070000,7070100,6502,10836,7140000,9559
18,102,7140000,7140100,6502,10836,7210000,9654
18,103,7210000,7210100,6502,10836,7280000,9747
18,104,7280000,7280100,6502,10836,7350000,9837
18,105,7350000,7350100,6502,10836,7420000,9931
18,106,7420000,7420100,6502,10836,7490000,10026
18,107,7490000,7490100,6502,10836,7560000,10123
18,108,7560000,7560100,6502,10836,7630000,10213
18,109,7630000,7630100,6502,10836,7700000,10310
18,11,770000,770100,6502,10836,840000,1120
18,110,7700000,7700100,6502,10836,7770000,10402
18,111,7770000,7770100,6502,10836,7840000,10497
18,112,7840000,7840100,6502,10836,7910000,10587
18,113,7910000,7910100,6502,10836,7980000,10684
18,114,7980000,7980100,6502,10836,8050000,10777
18,115,8050000,8050100,6502,10836,8120000,10873
18,116,8120000,8120100,6502,10836,8190000,10965
18,117,8190000,8190100,6502,10836,8260000,11060
18,118,8260000,8260100,6502,10836,8330000,11155
18,119,8330000,8330100,6502,10836,8400000,11246
18,12,840000,840100,6502,10836,910000,1212
18,120,8400000,8400100,6502,10836,8470000,11337
18,121,8470000,8470100,6502,10836,8540000,11432
18,122,8540000,8540100,6502,10836,8610000,11527
18,123,8610000,8610100,6502,10836,8680000,11622
18,124,8680000,8680100,6502,10836,8750000,11714
18,125,8750000,8750100,6502,10836,8820000,11810
18,126,8820000,8820100,6502,10836,8890000,11903
18,127,8890000,8890100,6502,10836,8960000,11998
18,128,8960000,8960100,6502,10836,9030000,12088
18,129,9030000,9030100,6502,10836,9100000,12185
18,13,910000,910100,6502,10836,980000,1307
18,130,9100000,9100100,6502,10836,9170000,12277
18,131,9170000,9170100,6502,10836,9240000,12374
18,132,9240000,9240100,6502,10836,9310000,12464
18,133,9310000,9310100,6502,10836,9380000,12561
18,134,9380000,9380100,6502,10836,9450000,12654
18,135,9450000,9450100,6502,10836,9520000,12746
18,136,9520000,9520100,6502,10836,9590000,12838
18,137,9590000,9590100,6502,10836,9660000,12933
18,138,9660000,9660100,6502,10836,9730000,13028
18,139,9730000,9730100,6502,10836,9800000,13123
18,14,980000,980100,6502,10836,1050000,1400
18,140,9800000,9800100,6502,10836,9870000,13214
18,141,9870000,9870100,6502,10836,9940000,13309
18,142,9940000,9940100,6502,10836,10010000,13404
18,143,10010000,10010100,6502,10836,10080000,13499
18,144,10080000,10080100,6502,10836,10150000,13589
18,145,10150000,10150100,6502,10836,10220000,13685
18,146,10220000,10220100,6502,10836,10290000,13778
18,147,10290000,10290100,6502,10836,10360000,13875
18,148,10360000,10360100,6502,10836,10430000,13965
18,149,10430000,10430100,6502,10836,10500000,14060
18,15,1050000,1050100,6502,10836,1120000,1492
18,150,10500000,10500100,6502,10836,10570000,14152
18,151,10570000,10570100,6502,10836,10640000,14247
18,152,10640000,10640100,6502,10836,10710000,14339
18,153,10710000,10710100,6502,10836,10780000,14434
18,154,10780000,10780100,6502,10836,10850000,14529
18,155,10850000,10850100,6502,10836,10920000,14623
18,156,10920000,10920100,6502,10836,10990000,14715
18,157,10990000,10990100,6502,10836,11060000,14810
18,158,11060000,11060100,6502,10836,11130000,14905
18,159,11130000,11130100,6502,10836,11200000,14998
18,16,1120000,1120100,6502,10836,1190000,1584
18,160,11200000,11200100,6502,10836,11270000,15089
18,161,11270000,11270100,6502,10836,11340000,15186
18,162,11340000,11340100,6502,10836,11410000,15279
18,163,11410000,11410100,6502,10836,11480000,15376
18,164,11480000,11480100,6502,10836,11550000,15464
18,165,11550000,11550100,6502,10836,11620000,15560
18,166,11620000,11620100,6502,10836,11690000,15653
18,167,11690000,11690100,6502,10836,11760000,15748
18,168,11760000,11760100,6502,10836,11830000,15838
18,169,11830000,11830100,6502,10836,11900000,15935
18,17,1190000,1190100,6502,10836,1260000,1681
18,170,11900000,11900100,6502,10836,11970000,16029
18,171,11970000,11970100,6502,10836,12040000,16124
18,172,12040000,12040100,6502,10836,12110000,16216
18,173,12110000,12110100,6502,10836,12180000,16311
18,174,12180000,12180100,6502,10836,12250000,16406
18,175,12250000,12250100,6502,10836,12320000,16498
18,176,12320000,12320100,6502,10836,12390000,16590
18,177,12390000,12390100,6502,10836,12460000,16685
18,178,12460000,12460100,6502,10836,12530000,16780
18,179,12530000,12530100,6502,10836,12600000,16875
18,18,1260000,1260100,6502,10836,1330000,1774
18,180,12600000,12600100,6502,10836,12670000,16964
18,181,12670000,12670100,6502,10836,12740000,17061
18,182,12740000,12740100,6502,10836,12810000,17154
18,183,12810000,12810100,6502,10836,12880000,17249
18,184,12880000,12880100,6502,10836,12950000,17339
18,185,12950000,12950100,6502,10836,13020000,17435
18,186,13020000,13020100,6502,10836,13090000,17528
18,187,13090000,13090100,6502,10836,13160000,17625
18,188,13160000,13160100,6502,10836,13230000,17717
18,189,13230000,13230100,6502,10836,13300000,17812
18,19,1330000,1330100,6502,10836,1400000,1871
18,190,13300000,13300100,6502,10836,13370000,17906
18,191,13370000,13370100,6502,10836,13440000,17999
18,192,13440000,13440100,6502,10836,13510000,18091
18,193,13510000,13510100,6502,10836,13580000,18186
18,194,13580000,13580100,6502,10836,13650000,18279
18,195,13650000,13650100,6502,10836,13720000,18373
18,196,13720000,13720100,6502,10836,13790000,18465
18,197,13790000,13790100,6502,10836,13860000,18562
18,198,13860000,13860100,6502,10836,13930000,18655
18,199,13930000,13930100,6502,10836,14000000,18750
18,2,140000,140100,6502,10836,210000,273
18,20,1400000,1400100,6502,10836,1470000,1960
18,200,14000000,14000100,6502,10836,14070000,18839
18,201,14070000,14070100,6502,10836,14140000,18936
18,202,14140000,14140100,6502,10836,14210000,19029
18,203,14210000,14210100,6502,10836,14280000,19126
18,204,14280000,14280100,6502,10836,14350000,19216
18,205,14350000,14350100,6502,10836,14420000,19312
18,206,14420000,14420100,6502,10836,14490000,19407
18,207,14490000,14490100,6502,10836,14560000,19500
18,208,14560000,14560100,6502,10836,14630000,19592
18,209,14630000,14630100,6502,10836,14700000,19685
18,21,1470000,1470100,6502,10836,1540000,2057
18,210,14700000,14700100,6502,10836,14770000,19779
18,211,14770000,14770100,6502,10836,14840000,19874
18,212,14840000,14840100,6502,10836,14910000,19966
18,213,14910000,14910100,6502,10836,14980000,20061
18,214,14980000,14980100,6502,10836,15050000,20156
18,215,15050000,15050100,6502,10836,15120000,20250
18,216,15120000,15120100,6502,10836,15190000,20340
18,217,15190000,15190100,6502,10836,15260000,20437
18,218,15260000,15260100,6502,10836,15330000,20530
18,219,15330000,15330100,6502,10836,15400000,20627
18,22,1540000,1540100,6502,10836,1610000,2150
18,220,15400000,15400100,6502,10836,15470000,20716
18,221,15470000,15470100,6502,10836,15540000,20813
18,222,15540000,15540100,6502,10836,15610000,20906
18,223,15610000,15610100,6502,10836,15680000,21001
18,224,15680000,15680100,6502,10836,15750000,21091
18,225,15750000,15750100,6502,10836,15820000,21185
18,226,15820000,15820100,6502,10836,15890000,21280
18,227,15890000,15890100,6502,10836,15960000,21375
18,228,15960000,15960100,6502,10836,16030000,21467
18,229,16030000,16030100,6502,10836,16100000,21562
18,23,1610000,1610100,6502,10836,1680000,2245
18,230,16100000,16100100,6502,10836,16170000,21656
18,231,16170000,16170100,6502,10836,16240000,21749
18,232,16240000,16240100,6502,10836,16310000,21841
18,233,16310000,16310100,6502,10836,16380000,21938
18,234,16380000,16380100,6502,10836,16450000,22031
18,235,16450000,16450100,6502,10836,16520000,22127
18,236,16520000,16520100,6502,10836,16590000,22217
18,237,16590000,16590100,6502,10836,16660000,22314
18,238,16660000,16660100,6502,10836,16730000,22407
18,239,16730000,16730100,6502,10836,16800000,22500
18,24,1680000,1680100,6502,10836,1750000,2335
18,240,16800000,16800100,6502,10836,16870000,22589
18,241,16870000,16870100,6502,10836,16940000,22686
18,242,16940000,16940100,6502,10836,17010000,22781
18,243,17010000,17010100,6502,10836,17080000,22876
18,244,17080000,17080100,6502,10836,17150000,22968
18,245,17150000,17150100,6502,10836,17220000,23062
18,246,17220000,17220100,6502,10836,17290000,23157
18,247,17290000,17290100,6502,10836,17360000,23250
18,248,17360000,17360100,6502,10836,17430000,23342
18,249,17430000,17430100,6502,10836,17500000,23437
18,25,1750000,1750100,6502,10836,1820000,2431
18,250,17500000,17500100,6502,10836,17570000,23531
18,251,17570000,17570100,6502,10836,17640000,23628
18,252,17640000,17640100,6502,10836,17710000,23718
18,253,17710000,17710100,6502,10836,17780000,23815
18,254,17780000,17780100,6502,10836,17850000,23906
18,255,17850000,17850100,6502,10836,17920000,24000
18,256,17920000,17920100,6502,10836,17990000,24090
18,257,17990000,17990100,6502,10836,18060000,24187
18,258,18060000,18060100,6502,10836,18130000,24280
18,259,18130000,18130100,6502,10836,18200000,24377
18,26,1820000,1820100,6502,10836,1890000,2526
18,260,18200000,18200100,6502,10836,18270000,24468
18,261,18270000,18270100,6502,10836,18340000,24563
18,262,18340000,18340100,6502,10836,18410000,24658
18,263,18410000,18410100,6502,10836,18480000,24751
18,264,18480000,18480100,6502,10836,18550000,24843
18,265,18550000,18550100,6502,10836,18620000,24937
18,266,18620000,18620100,6502,10836,18690000,25032
18,267,18690000,18690100,6502,10836,18760000,25127
18,268,18760000,18760100,6502,10836,18830000,25219
18,269,18830000,18830100,6502,10836,18900000,25314
18,27,1890000,1890100,6502,10836,1960000,2621
18,270,18900000,18900100,6502,10836,18970000,25406
18,271,18970000,18970100,6502,10836,19040000,25501
18,272,19040000,19040100,6502,10836,19110000,25591
18,273,19110000,19110100,6502,10836,19180000,25688
18,274,19180000,19180100,6502,10836,19250000,25781
18,275,19250000,19250100,6502,10836,19320000,25877
18,276,19320000,19320100,6502,10836,19390000,25967
18,277,19390000,19390100,6502,10836,19460000,26064
18,278,19460000,19460100,6502,10836,19530000,26159
18,279,19530000,19530100,6502,10836,19600000,26252
18,28,1960000,1960100,6502,10836,2030000,2713
18,280,19600000,19600100,6502,10836,19670000,26343
18,281,19670000,19670100,6502,10836,19740000,26438
18,282,19740000,19740100,6502,10836,19810000,26533
18,283,19810000,19810100,6502,10836,19880000,26628
18,284,19880000,19880100,6502,10836,19950000,26718
18,285,19950000,19950100,6502,10836,20020000,26812
18,286,20020000,20020100,6502,10836,20090000,26907
18,287,20090000,20090100,6502,10836,20160000,27002
18,288,20160000,20160100,6502,10836,20230000,27092
18,289,20230000,20230100,6502,10836,20300000,27189
18,29,2030000,2030100,6502,10836,2100000,2806
18,290,20300000,20300100,6502,10836,20370000,27281
18,291,20370000,20370100,6502,10836,20440000,27378
18,292,20440000,20440100,6502,10836,20510000,27468
18,293,20510000,20510100,6502,10836,20580000,27565
18,294,20580000,20580100,6502,10836,20650000,27658
18,295,20650000,20650100,6502,10836,20720000,27752
18,296,20720000,20720100,6502,10836,20790000,27844
18,297,20790000,20790100,6502,10836,20860000,27939
18,298,20860000,20860100,6502,10836,20930000,28034
18,299,20930000,20930100,6502,10836,21000000,28127
18,3,210000,210100,6502,10836,280000,370
18,30,2100000,2100100,6502,10836,2170000,2900
18,300,21000000,21000100,6502,10836,21070000,28218
18,301,21070000,21070100,6502,10836,21140000,28313
18,302,21140000,21140100,6502,10836,21210000,28408
18,303,21210000,21210100,6502,10836,21280000,28501
18,304,21280000,21280100,6502,10836,21350000,28593
18,305,21350000,21350100,6502,10836,21420000,28689
18,306,21420000,21420100,6502,10836,21490000,28782
18,307,21490000,21490100,6502,10836,21560000,28879
18,308,21560000,21560100,6502,10836,21630000,28969
18,309,21630000,21630100,6502,10836,21700000,29066
18,31,2170000,2170100,6502,10836,2240000,2993
18,310,21700000,21700100,6502,10836,21770000,29158
18,311,21770000,21770100,6502,10836,21840000,29253
18,312,21840000,21840100,6502,10836,21910000,29343
18,313,21910000,21910100,6502,10836,21980000,29440
18,314,21980000,21980100,6502,10836,22050000,29533
18,315,22050000,22050100,6502,10836,22120000,29627
18,316,22120000,22120100,6502,10836,22190000,29719
18,317,22190000,22190100,6502,10836,22260000,29814
18,318,22260000,22260100,6502,10836,22330000,29909
18,319,22330000,22330100,6502,10836,22400000,30002
18,32,2240000,2240100,6502,10836,2310000,3085
18,320,22400000,22400100,6502,10836,22470000,30093
18,321,22470000,22470100,6502,10836,22540000,30188
18,322,22540000,22540100,6502,10836,22610000,30283
18,323,22610000,22610100,6502,10836,22680000,30380
18,324,22680000,22680100,6502,10836,22750000,30470
18,325,22750000,22750100,6502,10836,22820000,30566
18,326,22820000,22820100,6502,10836,22890000,30659
18,327,22890000,22890100,6502,10836,22960000,30754
18,328,22960000,22960100,6502,10836,23030000,30844
18,329,23030000,23030100,6502,10836,23100000,30939
18,33,2310000,2310100,6502,10836,2380000,3180
18,330,23100000,23100100,6502,10836,23170000,31031
18,331,23170000,23170100,6502,10836,23240000,31128
18,332,23240000,23240100,6502,10836,23310000,31220
18,333,23310000,23310100,6502,10836,23380000,31315
18,334,23380000,23380100,6502,10836,23450000,31410
18,335,23450000,23450100,6502,10836,23520000,31502
18,336,23520000,23520100,6502,10836,23590000,31594
18,337,23590000,23590100,6502,10836,23660000,31689
18,338,23660000,23660100,6502,10836,23730000,31784
18,339,23730000,23730100,6502,10836,23800000,31879
18,34,2380000,2380100,6502,10836,2450000,3275
18,340,23800000,23800100,6502,10836,23870000,31970
18,341,23870000,23870100,6502,10836,23940000,32067
18,342,23940000,23940100,6502,10836,24010000,32160
18,343,24010000,24010100,6502,10836,24080000,32255
18,344,24080000,24080100,6502,10836,24150000,32343
18,345,24150000,24150100,6502,10836,24220000,32439
18,346,24220000,24220100,6502,10836,24290000,32532
18,347,24290000,24290100,6502,10836,24360000,32629
18,348,24360000,24360100,6502,10836,24430000,32719
18,349,24430000,24430100,6502,10836,24500000,32816
18,35,2450000,2450100,6502,10836,2520000,3371
18,350,24500000,24500100,6502,10836,24570000,32910
18,351,24570000,24570100,6502,10836,24640000,33003
18,352,24640000,24640100,6502,10836,24710000,33095
18,353,24710000,24710100,6502,10836,24780000,33190
18,354,24780000,24780100,6502,10836,24850000,33285
18,355,24850000,24850100,6502,10836,24920000,33379
18,356,24920000,24920100,6502,10836,24990000,33471
18,357,24990000,24990100,6502,10836,25060000,33566
18,358,25060000,25060100,6502,10836,25130000,33661
18,359,25130000,25130100,6502,10836,25200000,33754
18,36,2520000,2520100,6502,10836,2590000,3461
18,37,2590000,2590100,6502,10836,2660000,3558
18,38,2660000,2660100,6502,10836,2730000,3651
18,39,2730000,2730100,6502,10836,2800000,3746
18,4,280000,280100,6502,10836,350000,460
18,40,2800000,2800100,6502,10836,2870000,3835
18,41,2870000,2870100,6502,10836,2940000,3932
18,42,2940000,2940100,6502,10836,3010000,4025
18,43,3010000,3010100,6502,10836,3080000,4122
18,44,3080000,3080100,6502,10836,3150000,4212
18,45,3150000,3150100,6502,10836,3220000,4306
18,46,3220000,3220100,6502,10836,3290000,4401
18,47,3290000,3290100,6502,10836,3360000,4494
18,48,3360000,3360100,6502,10836,3430000,4586
18,49,3430000,3430100,6502,10836,3500000,4681
18,5,350000,350100,6502,10836,420000,556
18,50,3500000,3500100,6502,10836,3570000,4775
18,51,3570000,3570100,6502,10836,3640000,4870
18,52,3640000,3640100,6502,10836,3710000,4962
18,53,3710000,3710100,6502,10836,3780000,5059
18,54,3780000,3780100,6502,10836,3850000,5152
18,55,3850000,3850100,6502,10836,3920000,5246
18,56,3920000,3920100,6502,10836,3990000,5336
18,57,3990000,3990100,6502,10836,4060000,5433
18,58,4060000,4060100,6502,10836,4130000,5526
18,59,4130000,4130100,6502,10836,4200000,5621
18,6,420000,420100,6502,10836,490000,649
18,60,4200000,4200100,6502,10836,4270000,5710
18,61,4270000,4270100,6502,10836,4340000,5807
18,62,4340000,4340100,6502,10836,4410000,5902
18,63,4410000,4410100,6502,10836,4480000,5995
18,64,4480000,4480100,6502,10836,4550000,6087
18,65,4550000,4550100,6502,10836,4620000,6181
18,66,4620000,4620100,6502,10836,4690000,6276
18,67,4690000,4690100,6502,10836,4760000,6371
18,68,4760000,4760100,6502,10836,4830000,6463
18,69,4830000,4830100,6502,10836,4900000,6558
18,7,490000,490100,6502,10836,560000,744
18,70,4900000,4900100,6502,10836,4970000,6652
18,71,4970000,4970100,6502,10836,5040000,6747
18,72,5040000,5040100,6502,10836,5110000,6837
18,73,5110000,5110100,6502,10836,5180000,6934
18,74,5180000,5180100,6502,10836,5250000,7025
18,75,5250000,5250100,6502,10836,5320000,7121
18,76,5320000,5320100,6502,10836,5390000,7211
18,77,5390000,5390100,6502,10836,5460000,7308
18,78,5460000,5460100,6502,10836,5530000,7401
18,79,5530000,5530100,6502,10836,5600000,7496
18,8,560000,560100,6502,10836,630000,836
18,80,5600000,5600100,6502,10836,5670000,7587
18,81,5670000,5670100,6502,10836,5740000,7682
18,82,5740000,5740100,6502,10836,5810000,7777
18,83,5810000,5810100,6502,10836,5880000,7872
18,84,5880000,5880100,6502,10836,5950000,7964
18,85,5950000,5950100,6502,10836,6020000,8058
18,86,6020000,6020100,6502,10836,6090000,8153
18,87,6090000,6090100,6502,10836,6160000,8246
18,88,6160000,6160100,6502,10836,6230000,8338
18,89,6230000,6230100,6502,10836,6300000,8433
18,9,630000,630100,6502,10836,700000,931
18,90,6300000,6300100,6502,10836,6370000,8525
18,91,6370000,6370100,6502,10836,6440000,8622
18,92,6440000,6440100,6502,10836,6510000,8712
18,93,6510000,6510100,6502,10836,6580000,8809
18,94,6580000,6580100,6502,10836,6650000,8902
18,95,6650000,6650100,6502,10836,6720000,8996
18,96,6720000,6720100,6502,10836,6790000,9086
18,97,6790000,6790100,6502,10836,6860000,9183
18,98,6860000,6860100,6502,10836,6930000,9278
18,99,6930000,6930100,6502,10836,7000000,9373
19,0,0,100,11659,19431,70000,84
19,1,70000,70100,11659,19431,140000,181
19,10,700000,700100,11659,19431,770000,1026
19,100,7000000,7000100,11659,19431,7070000,9465
19,101,7070000,7070100,11659,19431,7140000,9560
19,102,7140000,7140100,11659,19431,7210000,9655
19,103,7210000,7210100,11659,19431,7280000,9748
19,104,7280000,7280100,11659,19431,7350000,9838
19,105,7350000,7350100,11659,19431,7420000,9932
19,106,7420000,7420100,11659,19431,7490000,10027
19,107,7490000,7490100,11659,19431,7560000,10124
19,108,7560000,7560100,11659,19431,7630000,10214
19,109,7630000,7630100,11659,19431,7700000,10311
19,11,770000,770100,11659,19431,840000,1121
19,110,7700000,7700100,11659,19431,7770000,10403
19,111,7770000,7770100,11659,19431,7840000,10498
19,112,7840000,7840100,11659,19431,7910000,10588
19,113,7910000,7910100,11659,19431,7980000,10685
19,114,7980000,7980100,11659,19431,8050000,10778
19,115,8050000,8050100,11659,19431,8120000,10874
19,116,8120000,8120100,11659,19431,8190000,10966
19,117,8190000,8190100,11659,19431,8260000,11061
19,118,8260000,8260100,11659,19431,8330000,11156
19,119,8330000,8330100,11659,19431,8400000,11247
19,12,840000,840100,11659,19431,910000,1213
19,120,8400000,8400100,11659,19431,8470000,11338
19,121,8470000,8470100,11659,19431,8540000,11433
19,122,8540000,8540100,11659,19431,8610000,11528
19,123,8610000,8610100,11659,19431,8680000,11623
19,124,8680000,8680100,11659,19431,8750000,11715
19,125,8750000,8750100,11659,19431,8820000,11811
19,126,8820000,8820100,11659,19431,8890000,11904
19,127,8890000,8890100,11659,19431,8960000,11999
19,128,8960000,8960100,11659,19431,9030000,12089
19,129,9030000,9030100,11659,19431,9100000,12186
19,13,910000,910100,11659,19431,980000,1308
19,130,9100000,9100100,11659,19431,9170000,12278
19,131,9170000,9170100,11659,19431,9240000,12375
19,132,9240000,9240100,11659,19431,9310000,12465
19,133,9310000,9310100,11659,19431,9380000,12562
19,134,9380000,9380100,11659,19431,9450000,12655
19,135,9450000,9450100,11659,19431,9520000,12747
19,136,9520000,9520100,11659,19431,9590000,12839
19,137,9590000,9590100,11659,19431,9660000,12934
19,138,9660000,9660100,11659,19431,9730000,13029
19,139,9730000,9730100,11659,19431,9800000,13124
19,14,980000,980100,11659,19431,1050000,1401
19,140,9800000,9800100,11659,19431,9870000,13215
19,141,9870000,9870100,11659,19431,9940000,13310
19,142,9940000,9940100,11659,19431,10010000,13405
19,143,10010000,10010100,11659,19431,10080000,13500
19,144,10080000,10080100,11659,19431,10150000,13590
19,145,10150000,10150100,11659,19431,10220000,13686
19,146,10220000,10220100,11659,19431,10290000,13779
19,147,10290000,10290100,11659,19431,10360000,13876
19,148,10360000,10360100,11659,19431,10430000,13966
19,149,10430000,10430100,11659,19431,10500000,14061
19,15,1050000,1050100,11659,19431,1120000,1493
19,150,10500000,10500100,11659,19431,10570000,14153
19,151,10570000,10570100,11659,19431,10640000,14248
19,152,10640000,10640100,11659,19431,10710000,14340
19,153,10710000,10710100,11659,19431,10780000,14435
19,154,10780000,10780100,11659,19431,10850000,14530
19,155,10850000,10850100,11659,19431,10920000,14624
19,156,10920000,10920100,11659,19431,10990000,14716
19,157,10990000,10990100,11659,19431,11060000,14811
19,158,11060000,11060100,11659,19431,11130000,14906
19,159,11130000,11130100,11659,19431,11200000,14999
19,16,1120000,1120100,11659,19431,1190000,1585
19,160,11200000,11200100,11659,19431,11270000,15090
19,161,11270000,11270100,11659,19431,11340000,15187
19,162,11340000,11340100,11659,19431,11410000,15280
19,163,11410000,11410100,11659,19431,11480000,15377
19,164,11480000,11480100,11659,19431,11550000,15465
19,165,11550000,11550100,11659,19431,11620000,15561
19,166,11620000,11620100,11659,19431,11690000,15654
19,167,11690000,11690100,11659,19431,11760000,15749
19,168,11760000,11760100,11659,19431,11830000,15839
19,169,11830000,11830100,11659,19431,11900000,15936
19,17,1190000,1190100,11659,19431,1260000,1682
19,170,11900000,11900100,11659,19431,11970000,16030
19,171,11970000,11970100,11659,19431,12040000,16125
19,172,12040000,12040100,11659,19431,12110000,16217
19,173,12110000,12110100,11659,19431,12180000,16312
19,174,12180000,12180100,11659,19431,12250000,16407
19,175,12250000,12250100,11659,19431,12320000,16499
19,176,12320000,12320100,11659,19431,12390000,16591
19,177,12390000,12390100,11659,19431,12460000,16686
19,178,12460000,12460100,11659,19431,12530000,16781
19,179,12530000,12530100,11659,19431,12600000,16876
19,18,1260000,1260100,11659,19431,1330000,1775
19,180,12600000,12600100,11659,19431,12670000,16965
19,181,12670000,12670100,11659,19431,12740000,17062
19,182,12740000,12740100,11659,19431,12810000,17155
19,183,12810000,12810100,11659,19431,12880000,17250
19,184,12880000,12880100,11659,19431,12950000,17340
19,185,12950000,12950100,11659,19431,13020000,17436
19,186,13020000,13020100,11659,19431,13090000,17529
19,187,13090000,13090100,11659,19431,13160000,17626
19,188,13160000,13160100,11659,19431,13230000,17718
19,189,13230000,13230100,11659,19431,13300000,17813
19,19,1330000,1330100,11659,19431,1400000,1872
19,190,13300000,13300100,11659,19431,13370000,17907
19,191,13370000,13370100,11659,19431,13440000,18000
19,192,13440000,13440100,11659,19431,13510000,18092
19,193,13510000,13510100,11659,19431,13580000,18187
19,194,13580000,13580100,11659,19431,13650000,18280
19,195,13650000,13650100,11659,19431,13720000,18374
19,196,13720000,13720100,11659,19431,13790000,18466
19,197,13790000,13790100,11659,19431,13860000,18563
19,198,13860000,13860100,11659,19431,13930000,18656
19,199,13930000,13930100,11659,19431,14000000,18751
19,2,140000,140100,11659,19431,210000,274
19,20,1400000,1400100,11659,19431,1470000,1961
19,200,14000000,14000100,11659,19431,14070000,18840
19,201,14070000,14070100,11659,19431,14140000,18937
19,202,14140000,14140100,11659,19431,14210000,19030
19,203,14210000,14210100,11659,19431,14280000,19127
19,204,14280000,14280100,11659,19431,14350000,19217
19,205,14350000,14350100,11659,19431,14420000,19313
19,206,14420000,14420100,11659,19431,14490000,19408
19,207,14490000,14490100,11659,19431,14560000,19501
19,208,14560000,14560100,11659,19431,14630000,19593
19,209,14630000,14630100,11659,19431,14700000,19686
19,21,1470000,1470100,11659,19431,1540000,2058
19,210,14700000,14700100,11659,19431,14770000,19780
19,211,14770000,14770100,11659,19431,14840000,19875
19,212,14840000,14840100,11659,19431,14910000,19967
19,213,14910000,14910100,11659,19431,14980000,20062
19,214,14980000,14980100,11659,19431,15050000,20157
19,215,15050000,15050100,11659,19431,15120000,20251
19,216,15120000,15120100,11659,19431,15190000,20341
19,217,15190000,15190100,11659,19431,15260000,20438
19,218,15260000,15260100,11659,19431,15330000,20531
19,219,15330000,15330100,11659,19431,15400000,20628
19,22,1540000,1540100,11659,19431,1610000,2151
19,220,15400000,15400100,11659,19431,15470000,20717
19,221,15470000,15470100,11659,19431,15540000,20814
19,222,15540000,15540100,11659,19431,15610000,20907
19,223,15610000,15610100,11659,19431,15680000,21002
19,224,15680000,15680100,11659,19431,15750000,21092
19,225,15750000,15750100,11659,19431,15820000,21186
19,226,15820000,15820100,11659,19431,15890000,21281
19,227,15890000,15890100,11659,19431,15960000,21376
19,228,15960000,15960100,11659,19431,16030000,21468
19,229,16030000,16030100,11659,19431,16100000,21563
19,23,1610000,1610100,11659,19431,1680000,2246
19,230,16100000,16100100,11659,19431,16170000,21657
19,231,16170000,16170100,11659,19431,16240000,21750
19,232,16240000,16240100,11659,19431,16310000,21842
19,233,16310000,16310100,11659,19431,16380000,21939
19,234,16380000,16380100,11659,19431,16450000,22032
19,235,16450000,16450100,11659,19431,16520000,22128
19,236,16520000,16520100,11659,19431,16590000,22218
19,237,16590000,16590100,11659,19431,16660000,22315
19,238,16660000,16660100,11659,19431,16730000,22408
19,239,16730000,16730100,11659,19431,16800000,22501
19,24,1680000,1680100,11659,19431,1750000,2336
19,240,16800000,16800100,11659,19431,16870000,22590
19,241,16870000,16870100,11659,19431,16940000,22687
19,242,16940000,16940100,11659,19431,17010000,22782
19,243,17010000,17010100,11659,19431,17080000,22877
19,244,17080000,17080100,11659,19431,17150000,22969
19,245,17150000,17150100,11659,19431,17220000,23063
19,246,17220000,17220100,11659,19431,17290000,23158
19,247,17290000,17290100,11659,19431,17360000,23251
19,248,17360000,17360100,11659,19431,17430000,23343
19,249,17430000,17430100,11659,19431,17500000,23438
19,25,1750000,1750100,11659,19431,1820000,2432
19,250,17500000,17500100,11659,19431,17570000,23532
19,251,17570000,17570100,11659,19431,17640000,23629
19,252,17640000,17640100,11659,19431,17710000,23719
19,253,17710000,17710100,11659,19431,17780000,23816
19,254,17780000,17780100,11659,19431,17850000,23907
19,255,17850000,17850100,11659,19431,17920000,24001
19,256,17920000,17920100,11659,19431,17990000,24091
19,257,17990000,17990100,11659,19431,18060000,24188
19,258,18060000,18060100,11659,19431,18130000,24281
19,259,18130000,18130100,11659,19431,18200000,24378
19,26,1820000,1820100,11659,19431,1890000,2527
19,260,18200000,18200100,11659,19431,18270000,24469
19,261,18270000,18270100,11659,19431,18340000,24564
19,262,18340000,18340100,11659,19431,18410000,24659
19,263,18410000,18410100,11659,19431,18480000,24752
19,264,18480000,18480100,11659,19431,18550000,24844
19,265,18550000,18550100,11659,19431,18620000,24938
19,266,18620000,18620100,11659,19431,18690000,25033
19,267,18690000,18690100,11659,19431,18760000,25128
19,268,18760000,18760100,11659,19431,18830000,25220
19,269,18830000,18830100,11659,19431,18900000,25315
19,27,1890000,1890100,11659,19431,1960000,2622
19,270,18900000,18900100,11659,19431,18970000,25407
19,271,18970000,18970100,11659,19431,19040000,25502
19,272,19040000,19040100,11659,19431,19110000,25592
19,273,19110000,19110100,11659,19431,19180000,25689
19,274,19180000,19180100,11659,19431,19250000,25782
19,275,19250000,19250100,11659,19431,19320000,25878
19,276,19320000,19320100,11659,19431,19390000,25968
19,277,19390000,19390100,11659,19431,19460000,26065
19,278,19460000,19460100,11659,19431,19530000,26160
19,279,19530000,19530100,11659,19431,19600000,26253
19,28,1960000,1960100,11659,19431,2030000,2714
19,280,19600000,19600100,11659,19431,19670000,26344
19,281,19670000,19670100,11659,19431,19740000,26439
19,282,19740000,19740100,11659,19431,19810000,26534
19,283,19810000,19810100,11659,19431,19880000,26629
19,284,19880000,19880100,11659,19431,19950000,26719
19,285,19950000,19950100,11659,19431,20020000,26813
19,286,20020000,20020100,11659,19431,20090000,26908
19,287,20090000,20090100,11659,19431,20160000,27003
19,288,20160000,20160100,11659,19431,20230000,27093
19,289,20230000,20230100,11659,19431,20300000,27190
19,29,2030000,2030100,11659,19431,2100000,2807
19,290,20300000,20300100,11659,19431,20370000,27282
19,291,20370000,20370100,11659,19431,20440000,27379
19,292,20440000,20440100,11659,19431,20510000,27469
19,293,20510000,20510100,11659,19431,20580000,27566
19,294,20580000,20580100,11659,19431,20650000,27659
19,295,20650000,20650100,11659,19431,20720000,27753
19,296,20720000,20720100,11659,19431,20790000,27845
19,297,20790000,20790100,11659,19431,20860000,27940
19,298,20860000,20860100,11659,19431,20930000,28035
19,299,20930000,20930100,11659,19431,21000000,28128
19,3,210000,210100,11659,19431,280000,371
19,30,2100000,2100100,11659,19431,2170000,2901
19,300,21000000,21000100,11659,19431,21070000,28219
19,301,21070000,21070100,11659,19431,21140000,28314
19,302,21140000,21140100,11659,19431,21210000,28409
19,303,21210000,21210100,11659,19431,21280000,28502
19,304,21280000,21280100,11659,19431,21350000,28594
19,305,21350000,21350100,11659,19431,21420000,28690
19,306,21420000,21420100,11659,19431,21490000,28783
19,307,21490000,21490100,11659,19431,21560000,28880
19,308,21560000,21560100,11659,19431,21630000,28970
19,309,21630000,21630100,11659,19431,21700000,29067
19,31,2170000,2170100,11659,19431,2240000,2994
19,310,21700000,21700100,11659,19431,21770000,29159
19,311,21770000,21770100,11659,19431,21840000,29254
19,312,21840000,21840100,11659,19431,21910000,29344
19,313,21910000,21910100,11659,19431,21980000,29441
19,314,21980000,21980100,11659,19431,22050000,29534
19,315,22050000,22050100,11659,19431,22120000,29628
19,316,22120000,22120100,11659,19431,22190000,29720
19,317,22190000,22190100,11659,19431,22260000,29815
19,318,22260000,22260100,11659,19431,22330000,29910
19,319,22330000,22330100,11659,19431,22400000,30003
19,32,2240000,2240100,11659,19431,2310000,3086
19,320,22400000,22400100,11659,19431,22470000,30094
19,321,22470000,22470100,11659,19431,22540000,30189
19,322,22540000,22540100,11659,19431,22610000,30284
19,323,22610000,22610100,11659,19431,22680000,30381
19,324,22680000,22680100,11659,19431,22750000,30471
19,325,22750000,22750100,11659,19431,22820000,30567
19,326,22820000,22820100,11659,19431,22890000,30660
19,327,22890000,22890100,11659,19431,22960000,30755
19,328,22960000,22960100,11659,19431,23030000,30845
19,329,23030000,23030100,11659,19431,23100000,30940
19,33,2310000,2310100,11659,19431,2380000,3181
19,330,23100000,23100100,11659,19431,23170000,31032
19,331,23170000,23170100,11659,19431,23240000,31129
19,332,23240000,23240100,11659,19431,23310000,31221
19,333,23310000,23310100,11659,19431,23380000,31316
19,334,23380000,23380100,11659,19431,23450000,31411
19,335,23450000,23450100,11659,19431,23520000,31503
19,336,23520000,23520100,11659,19431,23590000,31595
19,337,23590000,23590100,11659,19431,23660000,31690
19,338,23660000,23660100,11659,19431,23730000,31785
19,339,23730000,23730100,11659,19431,23800000,31880
19,34,2380000,2380100,11659,19431,2450000,3276
19,340,23800000,23800100,11659,19431,23870000,31971
19,341,23870000,23870100,11659,19431,23940000,32068
19,342,23940000,23940100,11659,19431,24010000,32161
19,343,24010000,24010100,11659,19431,24080000,32256
19,344,24080000,24080100,11659,19431,24150000,32344
19,345,24150000,24150100,11659,19431,24220000,32440
19,346,24220000,24220100,11659,19431,24290000,32533
19,347,24290000,24290100,11659,19431,24360000,32630
19,348,24360000,24360100,11659,19431,24430000,32720
19,349,24430000,24430100,11659,19431,24500000,32817
19,35,2450000,2450100,11659,19431,2520000,3372
19,350,24500000,24500100,11659,19431,24570000,32911
19,351,24570000,24570100,11659,19431,24640000,33004
19,352,24640000,24640100,11659,19431,24710000,33096
19,353,24710000,24710100,11659,19431,24780000,33191
19,354,24780000,24780100,11659,19431,24850000,33286
19,355,24850000,24850100,11659,19431,24920000,33380
19,356,24920000,24920100,11659,19431,24990000,33472
19,357,24990000,24990100,11659,19431,25060000,33567
19,358,25060000,25060100,11659,19431,25130000,33662
19,359,25130000,25130100,11659,19431,25200000,33755
19,36,2520000,2520100,11659,19431,2590000,3462
19,37,2590000,2590100,11659,19431,2660000,3559
19,38,2660000,2660100,11659,19431,2730000,3652
19,39,2730000,2730100,11659,19431,2800000,3747
19,4,280000,280100,11659,19431,350000,461
19,40,2800000,2800100,11659,19431,2870000,3836
19,41,2870000,2870100,11659,19431,2940000,3933
19,42,2940000,2940100,11659,19431,3010000,4026
19,43,3010000,3010100,11659,19431,3080000,4123
19,44,3080000,3080100,11659,19431,3150000,4213
19,45,3150000,3150100,11659,19431,3220000,4307
19,46,3220000,3220100,11659,19431,3290000,4402
19,47,3290000,3290100,11659,19431,3360000,4495
19,48,3360000,3360100,11659,19431,3430000,4587
19,49,3430000,3430100,11659,19431,3500000,4682
19,5,350000,350100,11659,19431,420000,557
19,50,3500000,3500100,11659,19431,3570000,4776
19,51,3570000,3570100,11659,19431,3640000,4871
19,52,3640000,3640100,11659,19431,3710000,4963
19,53,3710000,3710100,11659,19431,3780000,5060
19,54,3780000,3780100,11659,19431,3850000,5153
19,55,3850000,3850100,11659,19431,3920000,5247
19,56,3920000,3920100,11659,19431,3990000,5337
19,57,3990000,3990100,11659,19431,4060000,5434
19,58,4060000,4060100,11659,19431,4130000,5527
19,59,4130000,4130100,11659,19431,4200000,5622
19,6,420000,420100,11659,19431,490000,650
19,60,4200000,4200100,11659,19431,4270000,5711
19,61,4270000,4270100,11659,19431,4340000,5808
19,62,4340000,4340100,11659,19431,4410000,5903
19,63,4410000,4410100,11659,19431,4480000,5996
19,64,4480000,4480100,11659,19431,4550000,6088
19,65,4550000,4550100,11659,19431,4620000,6182
19,66,4620000,4620100,11659,19431,4690000,6277
19,67,4690000,4690100,11659,19431,4760000,6372
19,68,4760000,4760100,11659,19431,4830000,6464
19,69,4830000,4830100,11659,19431,4900000,6559
19,7,490000,490100,11659,19431,560000,745
19,70,4900000,4900100,11659,19431,4970000,6653
19,71,4970000,4970100,11659,19431,5040000,6748
19,72,5040000,5040100,11659,19431,5110000,6838
19,73,5110000,5110100,11659,19431,5180000,6935
19,74,5180000,5180100,11659,19431,5250000,7026
19,75,5250000,5250100,11659,19431,5320000,7122
19,76,5320000,5320100,11659,19431,5390000,7212
19,77,5390000,5390100,11659,19431,5460000,7309
19,78,5460000,5460100,11659,19431,5530000,7402
19,79,5530000,5530100,11659,19431,5600000,7497
19,8,560000,560100,11659,19431,630000,837
19,80,5600000,5600100,11659,19431,5670000,7588
19,81,5670000,5670100,11659,19431,5740000,7683
19,82,5740000,5740100,11659,19431,5810000,7778
19,83,5810000,5810100,11659,19431,5880000,7873
19,84,5880000,5880100,11659,19431,5950000,7965
19,85,5950000,5950100,11659,19431,6020000,8059
19,86,6020000,6020100,11659,19431,6090000,8154
19,87,6090000,6090100,11659,19431,6160000,8247
19,88,6160000,6160100,11659,19431,6230000,8339
19,89,6230000,6230100,11659,19431,6300000,8434
19,9,630000,630100,11659,19431,700000,932
19,90,6300000,6300100,11659,19431,6370000,8526
19,91,6370000,6370100,11659,19431,6440000,8623
19,92,6440000,6440100,11659,19431,6510000,8713
19,93,6510000,6510100,11659,19431,6580000,8810
19,94,6580000,6580100,11659,19431,6650000,8903
19,95,6650000,6650100,11659,19431,6720000,8997
19,96,6720000,6720100,11659,19431,6790000,9087
19,97,6790000,6790100,11659,19431,6860000,9184
19,98,6860000,6860100,11659,19431,6930000,9279
19,99,6930000,6930100,11659,19431,7000000,9374
2,0,0,100,104,173,10000,2
2,1,10000,10100,104,173,20000,12
2,10,100000,100100,104,173,110000,132
2,100,1000000,1000100,104,173,1010000,1339
2,1000,10000000,10000100,104,173,10010000,13396
2,1001,10010000,10010100,104,173,10020000,13408
2,1002,10020000,10020100,104,173,10030000,13421
2,1003,10030000,10030100,104,173,10040000,13433
2,1004,10040000,10040100,104,173,10050000,13448
2,1005,10050000,10050100,104,173,10060000,13461
2,1006,10060000,10060100,104,173,10070000,13473
2,1007,10070000,10070100,104,173,10080000,13484
2,1008,10080000,10080100,104,173,10090000,13505
2,1009,10090000,10090100,104,173,10100000,13515
2,101,1010000,1010100,104,173,1020000,1349
2,1010,10100000,10100100,104,173,10110000,13528
2,1011,10110000,10110100,104,173,10120000,13538
2,1012,10120000,10120100,104,173,10130000,13558
2,1013,10130000,10130100,104,173,10140000,13568
2,1014,10140000,10140100,104,173,10150000,13580
2,1015,10150000,10150100,104,173,10160000,13593
2,1016,10160000,10160100,104,173,10170000,13610
2,1017,10170000,10170100,104,173,10180000,13623
2,1018,10180000,10180100,104,173,10190000,13635
2,1019,10190000,10190100,104,173,10200000,13645
2,102,1020000,1020100,104,173,1030000,1362
2,1020,10200000,10200100,104,173,10210000,13663
2,1021,10210000,10210100,104,173,10220000,13675
2,1022,10220000,10220100,104,173,10230000,13690
2,1023,10230000,10230100,104,173,10240000,13700
2,1024,10240000,10240100,104,173,10250000,13717
2,1025,10250000,10250100,104,173,10260000,13728
2,1026,10260000,10260100,104,173,10270000,13742
2,1027,10270000,10270100,104,173,10280000,13755
2,1028,10280000,10280100,104,173,10290000,13770
2,1029,10290000,10290100,104,173,10300000,13782
2,103,1030000,1030100,104,173,1040000,1374
2,1030,10300000,10300100,104,173,10310000,13797
2,1031,10310000,10310100,104,173,10320000,13807
2,1032,10320000,10320100,104,173,10330000,13825
2,1033,10330000,10330100,104,173,10340000,13835
2,1034,10340000,10340100,104,173,10350000,13847
2,1035,10350000,10350100,104,173,10360000,13862
2,1036,10360000,10360100,104,173,10370000,13879
2,1037,10370000,10370100,104,173,10380000,13890
2,1038,10380000,10380100,104,173,10390000,13902
2,1039,10390000,10390100,104,173,10400000,13914
2,104,1040000,1040100,104,173,1050000,1391
2,1040,10400000,10400100,104,173,10410000,13932
2,1041,10410000,10410100,104,173,10420000,13942
2,1042,10420000,10420100,104,173,10430000,13957
2,1043,10430000,10430100,104,173,10440000,13969
2,1044,10440000,10440100,104,173,10450000,13986
2,1045,10450000,10450100,104,173,10460000,13997
2,1046,10460000,10460100,104,173,10470000,14009
2,1047,10470000,10470100,104,173,10480000,14020
2,1048,10480000,10480100,104,173,10490000,14039
2,1049,10490000,10490100,104,173,10500000,14049
2,105,1050000,1050100,104,173,1060000,1406
2,1050,10500000,10500100,104,173,10510000,14066
2,1051,10510000,10510100,104,173,10520000,14076
2,1052,10520000,10520100,104,173,10530000,14092
2,1053,10530000,10530100,104,173,10540000,14104
2,1054,10540000,10540100,104,173,10550000,14116
2,1055,10550000,10550100,104,173,10560000,14127
2,1056,10560000,10560100,104,173,10570000,14144
2,1057,10570000,10570100,104,173,10580000,14161
2,1058,10580000,10580100,104,173,10590000,14173
2,1059,10590000,10590100,104,173,10600000,14183
2,106,1060000,1060100,104,173,1070000,1418
2,1060,10600000,10600100,104,173,10610000,14199
2,1061,10610000,10610100,104,173,10620000,14209
2,1062,10620000,10620100,104,173,10630000,14224
2,1063,10630000,10630100,104,173,10640000,14234
2,1064,10640000,10640100,104,173,10650000,14253
2,1065,10650000,10650100,104,173,10660000,14266
2,1066,10660000,10660100,104,173,10670000,14280
2,1067,10670000,10670100,104,173,10680000,14291
2,1068,10680000,10680100,104,173,10690000,14306
2,1069,10690000,10690100,104,173,10700000,14316
2,107,1070000,1070100,104,173,1080000,1429
2,1070,10700000,10700100,104,173,10710000,14329
2,1071,10710000,10710100,104,173,10720000,14343
2,1072,10720000,10720100,104,173,10730000,14363
2,1073,10730000,10730100,104,173,10740000,14373
2,1074,10740000,10740100,104,173,10750000,14385
2,1075,10750000,10750100,104,173,10760000,14398
2,1076,10760000,10760100,104,173,10770000,14413
2,1077,10770000,10770100,104,173,10780000,14424
2,1078,10780000,10780100,104,173,10790000,14438
2,1079,10790000,10790100,104,173,10800000,14448
2,108,1080000,1080100,104,173,1090000,1446
2,1080,10800000,10800100,104,173,10810000,14470
2,1081,10810000,10810100,104,173,10820000,14480
2,1082,10820000,10820100,104,173,10830000,14493
2,1083,10830000,10830100,104,173,10840000,14503
2,1084,10840000,10840100,104,173,10850000,14520
2,1085,10850000,10850100,104,173,10860000,14533
2,1086,10860000,10860100,104,173,10870000,14545
2,1087,10870000,10870100,104,173,10880000,14558
2,1088,10880000,10880100,104,173,10890000,14575
2,1089,10890000,10890100,104,173,10900000,14587
2,109,1090000,1090100,104,173,1100000,1456
2,1090,10900000,10900100,104,173,10910000,14600
2,1091,10910000,10910100,104,173,10920000,14610
2,1092,10920000,10920100,104,173,10930000,14628
2,1093,10930000,10930100,104,173,10940000,14640
2,1094,10940000,10940100,104,173,10950000,14652
2,1095,10950000,10950100,104,173,10960000,14665
2,1096,10960000,10960100,104,173,10970000,14682
2,1097,10970000,10970100,104,173,10980000,14693
2,1098,10980000,10980100,104,173,10990000,14707
2,1099,10990000,10990100,104,173,11000000,14719
2,11,110000,110100,104,173,120000,142
2,110,1100000,1100100,104,173,1110000,1469
2,1100,11000000,11000100,104,173,11010000,14735
2,1101,11010000,11010100,104,173,11020000,14745
2,1102,11020000,11020100,104,173,11030000,14762
2,1103,11030000,11030100,104,173,11040000,14772
2,1104,11040000,11040100,104,173,11050000,14789
2,1105,11050000,11050100,104,173,11060000,14800
2,1106,11060000,11060100,104,173,11070000,14814
2,1107,11070000,11070100,104,173,11080000,14827
2,1108,11080000,11080100,104,173,11090000,14842
2,1109,11090000,11090100,104,173,11100000,14852
2,111,1110000,1110100,104,173,1120000,1479
2,1110,11100000,11100100,104,173,11110000,14867
2,1111,11110000,11110100,104,173,11120000,14879
2,1112,11120000,11120100,104,173,11130000,14897
2,1113,11130000,11130100,104,173,11140000,14909
2,1114,11140000,11140100,104,173,11150000,14921
2,1115,11150000,11150100,104,173,11160000,14932
2,1116,11160000,11160100,104,173,11170000,14949
2,1117,11170000,11170100,104,173,11180000,14962
2,1118,11180000,11180100,104,173,11190000,14974
2,1119,11190000,11190100,104,173,11200000,14984
2,112,1120000,1120100,104,173,1130000,1503
2,1120,11200000,11200100,104,173,11210000,15006
2,1121,11210000,11210100,104,173,11220000,15016
2,1122,11220000,11220100,104,173,11230000,15029
2,1123,11230000,11230100,104,173,11240000,15039
2,1124,11240000,11240100,104,173,11250000,15054
2,1125,11250000,11250100,104,173,11260000,15069
2,1126,11260000,11260100,104,173,11270000,15081
2,1127,11270000,11270100,104,173,11280000,15094
2,1128,11280000,11280100,104,173,11290000,15111
2,1129,11290000,11290100,104,173,11300000,15123
2,113,1130000,1130100,104,173,1140000,1513
2,1130,11300000,11300100,104,173,11310000,15136
2,1131,11310000,11310100,104,173,11320000,15146
2,1132,11320000,11320100,104,173,11330000,15164
2,1133,11330000,11330100,104,173,11340000,15174
2,1134,11340000,11340100,104,173,11350000,15190
2,1135,11350000,11350100,104,173,11360000,15201
2,1136,11360000,11360100,104,173,11370000,15218
2,1137,11370000,11370100,104,173,11380000,15229
2,1138,11380000,11380100,104,173,11390000,15243
2,1139,11390000,11390100,104,173,11400000,15253
2,114,1140000,1140100,104,173,1150000,1525
2,1140,11400000,11400100,104,173,11410000,15271
2,1141,11410000,11410100,104,173,11420000,15283
2,1142,11420000,11420100,104,173,11430000,15296
2,1143,11430000,11430100,104,173,11440000,15308
2,1144,11440000,11440100,104,173,11450000,15325
2,1145,11450000,11450100,104,173,11460000,15336
2,1146,11460000,11460100,104,173,11470000,15348
2,1147,11470000,11470100,104,173,11480000,15363
2,1148,11480000,11480100,104,173,11490000,15380
2,1149,11490000,11490100,104,173,11500000,15390
2,115,1150000,1150100,104,173,1160000,1536
2,1150,11500000,11500100,104,173,11510000,15403
2,1151,11510000,11510100,104,173,11520000,15413
2,1152,11520000,11520100,104,173,11530000,15433
2,1153,11530000,11530100,104,173,11540000,15443
2,1154,11540000,11540100,104,173,11550000,15455
2,1155,11550000,11550100,104,173,11560000,15470
2,1156,11560000,11560100,104,173,11570000,15487
2,1157,11570000,11570100,104,173,11580000,15498
2,1158,11580000,11580100,104,173,11590000,15510
2,1159,11590000,11590100,104,173,11600000,15520
2,116,1160000,1160100,104,173,1170000,1551
2,1160,11600000,11600100,104,173,11610000,15538
2,1161,11610000,11610100,104,173,11620000,15550
2,1162,11620000,11620100,104,173,11630000,15567
2,1163,11630000,11630100,104,173,11640000,15577
2,1164,11640000,11640100,104,173,11650000,15592
2,1165,11650000,11650100,104,173,11660000,15605
2,1166,11660000,11660100,104,173,11670000,15617
2,1167,11670000,11670100,104,173,11680000,15628
2,1168,11680000,11680100,104,173,11690000,15645
2,1169,11690000,11690100,104,173,11700000,15657
2,117,1170000,1170100,104,173,1180000,1564
2,1170,11700000,11700100,104,173,11710000,15674
2,1171,11710000,11710100,104,173,11720000,15684
2,1172,11720000,11720100,104,173,11730000,15700
2,1173,11730000,11730100,104,173,11740000,15710
2,1174,11740000,11740100,104,173,11750000,15724
2,1175,11750000,11750100,104,173,11760000,15735
2,1176,11760000,11760100,104,173,11770000,15754
2,1177,11770000,11770100,104,173,11780000,15767
2,1178,11780000,11780100,104,173,11790000,15779
2,1179,11790000,11790100,104,173,11800000,15791
2,118,1180000,1180100,104,173,1190000,1576
2,1180,11800000,11800100,104,173,11810000,15807
2,1181,11810000,11810100,104,173,11820000,15817
2,1182,11820000,11820100,104,173,11830000,15830
2,1183,11830000,11830100,104,173,11840000,15844
2,1184,11840000,11840100,104,173,11850000,15861
2,1185,11850000,11850100,104,173,11860000,15874
2,1186,11860000,11860100,104,173,11870000,15886
2,1187,11870000,11870100,104,173,11880000,15897
2,1188,11880000,11880100,104,173,11890000,15914
2,1189,11890000,11890100,104,173,11900000,15924
2,119,1190000,1190100,104,173,1200000,1588
2,1190,11900000,11900100,104,173,11910000,15939
2,1191,11910000,11910100,104,173,11920000,15949
2,1192,11920000,11920100,104,173,11930000,15971
2,1193,11930000,11930100,104,173,11940000,15981
2,1194,11940000,11940100,104,173,11950000,15993
2,1195,11950000,11950100,104,173,11960000,16004
2,1196,11960000,11960100,104,173,11970000,16019
2,1197,11970000,11970100,104,173,11980000,16034
2,1198,11980000,11980100,104,173,11990000,16046
2,1199,11990000,11990100,104,173,12000000,16056
2,12,120000,120100,104,173,130000,158
2,120,1200000,1200100,104,173,1210000,1608
2,1200,12000000,12000100,104,173,12010000,16076
2,1201,12010000,12010100,104,173,12020000,16088
2,1202,12020000,12020100,104,173,12030000,16101
2,1203,12030000,12030100,104,173,12040000,16111
2,1204,12040000,12040100,104,173,12050000,16128
2,1205,12050000,12050100,104,173,12060000,16139
2,1206,12060000,12060100,104,173,12070000,16153
2,1207,12070000,12070100,104,173,12080000,16166
2,1208,12080000,12080100,104,173,12090000,16183
2,1209,12090000,12090100,104,173,12100000,16193
2,121,1210000,1210100,104,173,1220000,1620
2,1210,12100000,12100100,104,173,12110000,16208
2,1211,12110000,12110100,104,173,12120000,16220
2,1212,12120000,12120100,104,173,12130000,16236
2,1213,12130000,12130100,104,173,12140000,16246
2,1214,12140000,12140100,104,173,12150000,16258
2,1215,12150000,12150100,104,173,12160000,16273
2,1216,12160000,12160100,104,173,12170000,16290
2,1217,12170000,12170100,104,173,12180000,16301
2,1218,12180000,12180100,104,173,12190000,16315
2,1219,12190000,12190100,104,173,12200000,16327
2,122,1220000,1220100,104,173,1230000,1633
2,1220,12200000,12200100,104,173,12210000,16343
2,1221,12210000,12210100,104,173,12220000,16353
2,1222,12220000,12220100,104,173,12230000,16368
2,1223,12230000,12230100,104,173,12240000,16378
2,1224,12240000,12240100,104,173,12250000,16397
2,1225,12250000,12250100,104,173,12260000,16410
2,1226,12260000,12260100,104,173,12270000,16422
2,1227,12270000,12270100,104,173,12280000,16433
2,1228,12280000,12280100,104,173,12290000,16450
2,1229,12290000,12290100,104,173,12300000,16460
2,123,1230000,1230100,104,173,1240000,1643
2,1230,12300000,12300100,104,173,12310000,16475
2,1231,12310000,12310100,104,173,12320000,16485
2,1232,12320000,12320100,104,173,12330000,16505
2,1233,12330000,12330100,104,173,12340000,16517
2,1234,12340000,12340100,104,173,12350000,16529
2,1235,12350000,12350100,104,173,12360000,16540
2,1236,12360000,12360100,104,173,12370000,16555
2,1237,12370000,12370100,104,173,12380000,16570
2,1238,12380000,12380100,104,173,12390000,16582
2,1239,12390000,12390100,104,173,12400000,16594
2,124,1240000,1240100,104,173,1250000,1658
2,1240,12400000,12400100,104,173,12410000,16612
2,1241,12410000,12410100,104,173,12420000,16622
2,1242,12420000,12420100,104,173,12430000,16637
2,1243,12430000,12430100,104,173,12440000,16647
2,1244,12440000,12440100,104,173,12450000,16662
2,1245,12450000,12450100,104,173,12460000,16675
2,1246,12460000,12460100,104,173,12470000,16691
2,1247,12470000,12470100,104,173,12480000,16702
2,1248,12480000,12480100,104,173,12490000,16719
2,1249,12490000,12490100,104,173,12500000,16729
2,125,1250000,1250100,104,173,1260000,1669
2,1250,12500000,12500100,104,173,12510000,16742
2,1251,12510000,12510100,104,173,12520000,16754
2,1252,12520000,12520100,104,173,12530000,16772
2,1253,12530000,12530100,104,173,12540000,16784
2,1254,12540000,12540100,104,173,12550000,16796
2,1255,12550000,12550100,104,173,12560000,16809
2,1256,12560000,12560100,104,173,12570000,16826
2,1257,12570000,12570100,104,173,12580000,16837
2,1258,12580000,12580100,104,173,12590000,16849
2,1259,12590000,12590100,104,173,12600000,16859
2,126,1260000,1260100,104,173,1270000,1685
2,1260,12600000,12600100,104,173,12610000,16881
2,1261,12610000,12610100,104,173,12620000,16891
2,1262,12620000,12620100,104,173,12630000,16904
2,1263,12630000,12630100,104,173,12640000,16914
2,1264,12640000,12640100,104,173,12650000,16933
2,1265,12650000,12650100,104,173,12660000,16944
2,1266,12660000,12660100,104,173,12670000,16956
2,1267,12670000,12670100,104,173,12680000,16971
2,1268,12680000,12680100,104,173,12690000,16986
2,1269,12690000,12690100,104,173,12700000,16998
2,127,1270000,1270100,104,173,1280000,1698
2,1270,12700000,12700100,104,173,12710000,17011
2,1271,12710000,12710100,104,173,12720000,17021
2,1272,12720000,12720100,104,173,12730000,17039
2,1273,12730000,12730100,104,173,12740000,17051
2,1274,12740000,12740100,104,173,12750000,17065
2,1275,12750000,12750100,104,173,12760000,17078
2,1276,12760000,12760100,104,173,12770000,17093
2,1277,12770000,12770100,104,173,12780000,17104
2,1278,12780000,12780100,104,173,12790000,17118
2,1279,12790000,12790100,104,173,12800000,17128
2,128,1280000,1280100,104,173,1290000,1715
2,1280,12800000,12800100,104,173,12810000,17146
2,1281,12810000,12810100,104,173,12820000,17158
2,1282,12820000,12820100,104,173,12830000,17175
2,1283,12830000,12830100,104,173,12840000,17185
2,1284,12840000,12840100,104,173,12850000,17200
2,1285,12850000,12850100,104,173,12860000,17211
2,1286,12860000,12860100,104,173,12870000,17223
2,1287,12870000,12870100,104,173,12880000,17236
2,1288,12880000,12880100,104,173,12890000,17255
2,1289,12890000,12890100,104,173,12900000,17265
2,129,1290000,1290100,104,173,1300000,1725
2,1290,12900000,12900100,104,173,12910000,17280
2,1291,12910000,12910100,104,173,12920000,17292
2,1292,12920000,12920100,104,173,12930000,17308
2,1293,12930000,12930100,104,173,12940000,17318
2,1294,12940000,12940100,104,173,12950000,17330
2,1295,12950000,12950100,104,173,12960000,17343
2,1296,12960000,12960100,104,173,12970000,17362
2,1297,12970000,12970100,104,173,12980000,17375
2,1298,12980000,12980100,104,173,12990000,17387
2,1299,12990000,12990100,104,173,13000000,17397
2,13,130000,130100,104,173,140000,170
2,130,1300000,1300100,104,173,1310000,1740
2,1300,13000000,13000100,104,173,13010000,17415
2,1301,13010000,13010100,104,173,13020000,17425
2,1302,13020000,13020100,104,173,13030000,17440
2,1303,13030000,13030100,104,173,13040000,17450
2,1304,13040000,13040100,104,173,13050000,17467
2,1305,13050000,13050100,104,173,13060000,17482
2,1306,13060000,13060100,104,173,13070000,17494
2,1307,13070000,13070100,104,173,13080000,17505
2,1308,13080000,13080100,104,173,13090000,17520
2,1309,13090000,13090100,104,173,13100000,17534
2,131,1310000,1310100,104,173,1320000,1750
2,1310,13100000,13100100,104,173,13110000,17547
2,1311,13110000,13110100,104,173,13120000,17557
2,1312,13120000,13120100,104,173,13130000,17577
2,1313,13130000,13130100,104,173,13140000,17587
2,1314,13140000,13140100,104,173,13150000,17601
2,1315,13150000,13150100,104,173,13160000,17612
2,1316,13160000,13160100,104,173,13170000,17629
2,1317,13170000,13170100,104,173,13180000,17640
2,1318,13180000,13180100,104,173,13190000,17654
2,1319,13190000,13190100,104,173,13200000,17664
2,132,1320000,1320100,104,173,1330000,1766
2,1320,13200000,13200100,104,173,13210000,17684
2,1321,13210000,13210100,104,173,13220000,17694
2,1322,13220000,13220100,104,173,13230000,17707
2,1323,13230000,13230100,104,173,13240000,17721
2,1324,13240000,13240100,104,173,13250000,17736
2,1325,13250000,13250100,104,173,13260000,17747
2,1326,13260000,13260100,104,173,13270000,17759
2,1327,13270000,13270100,104,173,13280000,17774
2,1328,13280000,13280100,104,173,13290000,17791
2,1329,13290000,13290100,104,173,13300000,17801
2,133,1330000,1330100,104,173,1340000,1778
2,1330,13300000,13300100,104,173,13310000,17816
2,1331,13310000,13310100,104,173,13320000,17826
2,1332,13320000,13320100,104,173,13330000,17844
2,1333,13330000,13330100,104,173,13340000,17854
2,1334,13340000,13340100,104,173,13350000,17866
2,1335,13350000,13350100,104,173,13360000,17879
2,1336,13360000,13360100,104,173,13370000,17898
2,1337,13370000,13370100,104,173,13380000,17911
2,1338,13380000,13380100,104,173,13390000,17923
2,1339,13390000,13390100,104,173,13400000,17933
2,134,1340000,1340100,104,173,1350000,1790
2,1340,13400000,13400100,104,173,13410000,17949
2,1341,13410000,13410100,104,173,13420000,17961
2,1342,13420000,13420100,104,173,13430000,17976
2,1343,13430000,13430100,104,173,13440000,17986
2,1344,13440000,13440100,104,173,13450000,18005
2,1345,13450000,13450100,104,173,13460000,18018
2,1346,13460000,13460100,104,173,13470000,18030
2,1347,13470000,13470100,104,173,13480000,18041
2,1348,13480000,13480100,104,173,13490000,18056
2,1349,13490000,13490100,104,173,13500000,18066
2,135,1350000,1350100,104,173,1360000,1805
2,1350,13500000,13500100,104,173,13510000,18083
2,1351,13510000,13510100,104,173,13520000,18095
2,1352,13520000,13520100,104,173,13530000,18113
2,1353,13530000,13530100,104,173,13540000,18123
2,1354,13540000,13540100,104,173,13550000,18137
2,1355,13550000,13550100,104,173,13560000,18148
2,1356,13560000,13560100,104,173,13570000,18163
2,1357,13570000,13570100,104,173,13580000,18176
2,1358,13580000,13580100,104,173,13590000,18190
2,1359,13590000,13590100,104,173,13600000,18202
2,136,1360000,1360100,104,173,1370000,1822
2,1360,13600000,13600100,104,173,13610000,18220
2,1361,13610000,13610100,104,173,13620000,18230
2,1362,13620000,13620100,104,173,13630000,18243
2,1363,13630000,13630100,104,173,13640000,18255
2,1364,13640000,13640100,104,173,13650000,18270
2,1365,13650000,13650100,104,173,13660000,18285
2,1366,13660000,13660100,104,173,13670000,18297
2,1367,13670000,13670100,104,173,13680000,18308
2,1368,13680000,13680100,104,173,13690000,18327
2,1369,13690000,13690100,104,173,13700000,18337
2,137,1370000,1370100,104,173,1380000,1833
2,1370,13700000,13700100,104,173,13710000,18350
2,1371,13710000,13710100,104,173,13720000,18360
2,1372,13720000,13720100,104,173,13730000,18382
2,1373,13730000,13730100,104,173,13740000,18392
2,1374,13740000,13740100,104,173,13750000,18404
2,1375,13750000,13750100,104,173,13760000,18415
2,1376,13760000,13760100,104,173,13770000,18432
2,1377,13770000,13770100,104,173,13780000,18445
2,1378,13780000,13780100,104,173,13790000,18457
2,1379,13790000,13790100,104,173,13800000,18469
2,138,1380000,1380100,104,173,1390000,1845
2,1380,13800000,13800100,104,173,13810000,18487
2,1381,13810000,13810100,104,173,13820000,18499
2,1382,13820000,13820100,104,173,13830000,18512
2,1383,13830000,13830100,104,173,13840000,18522
2,1384,13840000,13840100,104,173,13850000,18539
2,1385,13850000,13850100,104,173,13860000,18550
2,1386,13860000,13860100,104,173,13870000,18566
2,1387,13870000,13870100,104,173,13880000,18579
2,1388,13880000,13880100,104,173,13890000,18594
2,1389,13890000,13890100,104,173,13900000,18604
2,139,1390000,1390100,104,173,1400000,1857
2,1390,13900000,13900100,104,173,13910000,18619
2,1391,13910000,13910100,104,173,13920000,18629
2,1392,13920000,13920100,104,173,13930000,18647
2,1393,13930000,13930100,104,173,13940000,18659
2,1394,13940000,13940100,104,173,13950000,18671
2,1395,13950000,13950100,104,173,13960000,18686
2,1396,13960000,13960100,104,173,13970000,18701
2,1397,13970000,13970100,104,173,13980000,18712
2,1398,13980000,13980100,104,173,13990000,18724
2,1399,13990000,13990100,104,173,14000000,18736
2,14,140000,140100,104,173,150000,184
2,140,1400000,1400100,104,173,1410000,1875
2,1400,14000000,14000100,104,173,14010000,18756
2,1401,14010000,14010100,104,173,14020000,18766
2,1402,14020000,14020100,104,173,14030000,18781
2,1403,14030000,14030100,104,173,14040000,18791
2,1404,14040000,14040100,104,173,14050000,18808
2,1405,14050000,14050100,104,173,14060000,18819
2,1406,14060000,14060100,104,173,14070000,18831
2,1407,14070000,14070100,104,173,14080000,18844
2,1408,14080000,14080100,104,173,14090000,18863
2,1409,14090000,14090100,104,173,14100000,18873
2,141,1410000,1410100,104,173,1420000,1885
2,1410,14100000,14100100,104,173,14110000,18888
2,1411,14110000,14110100,104,173,14120000,18898
2,1412,14120000,14120100,104,173,14130000,18914
2,1413,14130000,14130100,104,173,14140000,18926
2,1414,14140000,14140100,104,173,14150000,18940
2,1415,14150000,14150100,104,173,14160000,18951
2,1416,14160000,14160100,104,173,14170000,18968
2,1417,14170000,14170100,104,173,14180000,18983
2,1418,14180000,14180100,104,173,14190000,18995
2,1419,14190000,14190100,104,173,14200000,19005
2,142,1420000,1420100,104,173,1430000,1900
2,1420,14200000,14200100,104,173,14210000,19021
2,1421,14210000,14210100,104,173,14220000,19033
2,1422,14220000,14220100,104,173,14230000,19048
2,1423,14230000,14230100,104,173,14240000,19058
2,1424,14240000,14240100,104,173,14250000,19075
2,1425,14250000,14250100,104,173,14260000,19088
2,1426,14260000,14260100,104,173,14270000,19102
2,1427,14270000,14270100,104,173,14280000,19113
2,1428,14280000,14280100,104,173,14290000,19130
2,1429,14290000,14290100,104,173,14300000,19140
2,143,1430000,1430100,104,173,1440000,1910
2,1430,14300000,14300100,104,173,14310000,19153
2,1431,14310000,14310100,104,173,14320000,19165
2,1432,14320000,14320100,104,173,14330000,19185
2,1433,14330000,14330100,104,173,14340000,19195
2,1434,14340000,14340100,104,173,14350000,19207
2,1435,14350000,14350100,104,173,14360000,19222
2,1436,14360000,14360100,104,173,14370000,19237
2,1437,14370000,14370100,104,173,14380000,19248
2,1438,14380000,14380100,104,173,14390000,19260
2,1439,14390000,14390100,104,173,14400000,19270
2,144,1440000,1440100,104,173,1450000,1929
2,1440,14400000,14400100,104,173,14410000,19292
2,1441,14410000,14410100,104,173,14420000,19302
2,1442,14420000,14420100,104,173,14430000,19317
2,1443,14430000,14430100,104,173,14440000,19327
2,1444,14440000,14440100,104,173,14450000,19344
2,1445,14450000,14450100,104,173,14460000,19355
2,1446,14460000,14460100,104,173,14470000,19367
2,1447,14470000,14470100,104,173,14480000,19380
2,1448,14480000,14480100,104,173,14490000,19397
2,1449,14490000,14490100,104,173,14500000,19411
2,145,1450000,1450100,104,173,1460000,1940
2,1450,14500000,14500100,104,173,14510000,19424
2,1451,14510000,14510100,104,173,14520000,19434
2,1452,14520000,14520100,104,173,14530000,19450
2,1453,14530000,14530100,104,173,14540000,19462
2,1454,14540000,14540100,104,173,14550000,19474
2,1455,14550000,14550100,104,173,14560000,19487
2,1456,14560000,14560100,104,173,14570000,19506
2,1457,14570000,14570100,104,173,14580000,19517
2,1458,14580000,14580100,104,173,14590000,19531
2,1459,14590000,14590100,104,173,14600000,19541
2,146,1460000,1460100,104,173,1470000,1952
2,1460,14600000,14600100,104,173,14610000,19557
2,1461,14610000,14610100,104,173,14620000,19567
2,1462,14620000,14620100,104,173,14630000,19584
2,1463,14630000,14630100,104,173,14640000,19596
2,1464,14640000,14640100,104,173,14650000,19613
2,1465,14650000,14650100,104,173,14660000,19624
2,1466,14660000,14660100,104,173,14670000,19636
2,1467,14670000,14670100,104,173,14680000,19649
2,1468,14680000,14680100,104,173,14690000,19664
2,1469,14690000,14690100,104,173,14700000,19674
2,147,1470000,1470100,104,173,1480000,1965
2,1470,14700000,14700100,104,173,14710000,19691
2,1471,14710000,14710100,104,173,14720000,19703
2,1472,14720000,14720100,104,173,14730000,19721
2,1473,14730000,14730100,104,173,14740000,19731
2,1474,14740000,14740100,104,173,14750000,19743
2,1475,14750000,14750100,104,173,14760000,19754
2,1476,14760000,14760100,104,173,14770000,19771
2,1477,14770000,14770100,104,173,14780000,19786
2,1478,14780000,14780100,104,173,14790000,19798
2,1479,14790000,14790100,104,173,14800000,19808
2,148,1480000,1480100,104,173,1490000,1982
2,1480,14800000,14800100,104,173,14810000,19828
2,1481,14810000,14810100,104,173,14820000,19838
2,1482,14820000,14820100,104,173,14830000,19851
2,1483,14830000,14830100,104,173,14840000,19861
2,1484,14840000,14840100,104,173,14850000,19878
2,1485,14850000,14850100,104,173,14860000,19893
2,1486,14860000,14860100,104,173,14870000,19905
2,1487,14870000,14870100,104,173,14880000,19916
2,1488,14880000,14880100,104,173,14890000,19933
2,1489,14890000,14890100,104,173,14900000,19945
2,149,1490000,1490100,104,173,1500000,1992
2,1490,14900000,14900100,104,173,14910000,19958
2,1491,14910000,14910100,104,173,14920000,19970
2,1492,14920000,14920100,104,173,14930000,19988
2,1493,14930000,14930100,104,173,14940000,19998
2,1494,14940000,14940100,104,173,14950000,20012
2,1495,14950000,14950100,104,173,14960000,20023
2,1496,14960000,14960100,104,173,14970000,20040
2,1497,14970000,14970100,104,173,14980000,20051
2,1498,14980000,14980100,104,173,14990000,20067
2,1499,14990000,14990100,104,173,15000000,20077
2,15,150000,150100,104,173,160000,197
2,150,1500000,1500100,104,173,1510000,2007
2,1500,15000000,15000100,104,173,15010000,20095
2,1501,15010000,15010100,104,173,15020000,20105
2,1502,15020000,15020100,104,173,15030000,20118
2,1503,15030000,15030100,104,173,15040000,20130
2,1504,15040000,15040100,104,173,15050000,20147
2,1505,15050000,15050100,104,173,15060000,20160
2,1506,15060000,15060100,104,173,15070000,20172
2,1507,15070000,15070100,104,173,15080000,20187
2,1508,15080000,15080100,104,173,15090000,20202
2,1509,15090000,15090100,104,173,15100000,20212
2,151,1510000,1510100,104,173,1520000,2017
2,1510,15100000,15100100,104,173,15110000,20225
2,1511,15110000,15110100,104,173,15120000,20235
2,1512,15120000,15120100,104,173,15130000,20257
2,1513,15130000,15130100,104,173,15140000,20267
2,1514,15140000,15140100,104,173,15150000,20279
2,1515,15150000,15150100,104,173,15160000,20292
2,1516,15160000,15160100,104,173,15170000,20309
2,1517,15170000,15170100,104,173,15180000,20320
2,1518,15180000,15180100,104,173,15190000,20332
2,1519,15190000,15190100,104,173,15200000,20344
2,152,1520000,1520100,104,173,1530000,2035
2,1520,15200000,15200100,104,173,15210000,20362
2,1521,15210000,15210100,104,173,15220000,20374
2,1522,15220000,15220100,104,173,15230000,20389
2,1523,15230000,15230100,104,173,15240000,20399
2,1524,15240000,15240100,104,173,15250000,20414
2,1525,15250000,15250100,104,173,15260000,20427
2,1526,15260000,15260100,104,173,15270000,20441
2,1527,15270000,15270100,104,173,15280000,20452
2,1528,15280000,15280100,104,173,15290000,20469
2,1529,15290000,15290100,104,173,15300000,20479
2,153,1530000,1530100,104,173,1540000,2047
2,1530,15300000,15300100,104,173,15310000,20496
2,1531,15310000,15310100,104,173,15320000,20506
2,1532,15320000,15320100,104,173,15330000,20522
2,1533,15330000,15330100,104,173,15340000,20534
2,1534,15340000,15340100,104,173,15350000,20548
2,1535,15350000,15350100,104,173,15360000,20559
2,1536,15360000,15360100,104,173,15370000,20576
2,1537,15370000,15370100,104,173,15380000,20589
2,1538,15380000,15380100,104,173,15390000,20601
2,1539,15390000,15390100,104,173,15400000,20613
2,154,1540000,1540100,104,173,1550000,2061
2,1540,15400000,15400100,104,173,15410000,20631
2,1541,15410000,15410100,104,173,15420000,20641
2,1542,15420000,15420100,104,173,15430000,20654
2,1543,15430000,15430100,104,173,15440000,20666
2,1544,15440000,15440100,104,173,15450000,20683
2,1545,15450000,15450100,104,173,15460000,20696
2,1546,15460000,15460100,104,173,15470000,20708
2,1547,15470000,15470100,104,173,15480000,20721
2,1548,15480000,15480100,104,173,15490000,20738
2,1549,15490000,15490100,104,173,15500000,20748
2,155,1550000,1550100,104,173,1560000,2072
2,1550,15500000,15500100,104,173,15510000,20761
2,1551,15510000,15510100,104,173,15520000,20771
2,1552,15520000,15520100,104,173,15530000,20793
2,1553,15530000,15530100,104,173,15540000,20803
2,1554,15540000,15540100,104,173,15550000,20817
2,1555,15550000,15550100,104,173,15560000,20828
2,1556,15560000,15560100,104,173,15570000,20843
2,1557,15570000,15570100,104,173,15580000,20856
2,1558,15580000,15580100,104,173,15590000,20868
2,1559,15590000,15590100,104,173,15600000,20878
2,156,1560000,1560100,104,173,1570000,2087
2,1560,15600000,15600100,104,173,15610000,20898
2,1561,15610000,15610100,104,173,15620000,20912
2,1562,15620000,15620100,104,173,15630000,20925
2,1563,15630000,15630100,104,173,15640000,20935
2,1564,15640000,15640100,104,173,15650000,20950
2,1565,15650000,15650100,104,173,15660000,20961
2,1566,15660000,15660100,104,173,15670000,20975
2,1567,15670000,15670100,104,173,15680000,20988
2,1568,15680000,15680100,104,173,15690000,21007
2,1569,15690000,15690100,104,173,15700000,21017
2,157,1570000,1570100,104,173,1580000,2102
2,1570,15700000,15700100,104,173,15710000,21032
2,1571,15710000,15710100,104,173,15720000,21042
2,1572,15720000,15720100,104,173,15730000,21058
2,1573,15730000,15730100,104,173,15740000,21068
2,1574,15740000,15740100,104,173,15750000,21080
2,1575,15750000,15750100,104,173,15760000,21097
2,1576,15760000,15760100,104,173,15770000,21114
2,1577,15770000,15770100,104,173,15780000,21125
2,1578,15780000,15780100,104,173,15790000,21137
2,1579,15790000,15790100,104,173,15800000,21149
2,158,1580000,1580100,104,173,1590000,2114
2,1580,15800000,15800100,104,173,15810000,21165
2,1581,15810000,15810100,104,173,15820000,21175
2,1582,15820000,15820100,104,173,15830000,21192
2,1583,15830000,15830100,104,173,15840000,21202
2,1584,15840000,15840100,104,173,15850000,21221
2,1585,15850000,15850100,104,173,15860000,21232
2,1586,15860000,15860100,104,173,15870000,21244
2,1587,15870000,15870100,104,173,15880000,21255
2,1588,15880000,15880100,104,173,15890000,21272
2,1589,15890000,15890100,104,173,15900000,21284
2,159,1590000,1590100,104,173,1600000,2124
2,1590,15900000,15900100,104,173,15910000,21299
2,1591,15910000,15910100,104,173,15920000,21309
2,1592,15920000,15920100,104,173,15930000,21327
2,1593,15930000,15930100,104,173,15940000,21339
2,1594,15940000,15940100,104,173,15950000,21351
2,1595,15950000,15950100,104,173,15960000,21362
2,1596,15960000,15960100,104,173,15970000,21379
2,1597,15970000,15970100,104,173,15980000,21394
2,1598,15980000,15980100,104,173,15990000,21406
2,1599,15990000,15990100,104,173,16000000,21416
2,16,160000,160100,104,173,170000,214
2,160,1600000,1600100,104,173,1610000,2142
2,1600,16000000,16000100,104,173,16010000,21434
2,1601,16010000,16010100,104,173,16020000,21444
2,1602,16020000,16020100,104,173,16030000,21459
2,1603,16030000,16030100,104,173,16040000,21471
2,1604,16040000,16040100,104,173,16050000,21486
2,1605,16050000,16050100,104,173,16060000,21499
2,1606,16060000,16060100,104,173,16070000,21513
2,1607,16070000,16070100,104,173,16080000,21524
2,1608,16080000,16080100,104,173,16090000,21541
2,1609,16090000,16090100,104,173,16100000,21551
2,161,1610000,1610100,104,173,1620000,2154
2,1610,16100000,16100100,104,173,16110000,21566
2,1611,16110000,16110100,104,173,16120000,21578
2,1612,16120000,16120100,104,173,16130000,21596
2,1613,16130000,16130100,104,173,16140000,21606
2,1614,16140000,16140100,104,173,16150000,21618
2,1615,16150000,16150100,104,173,16160000,21631
2,1616,16160000,16160100,104,173,16170000,21648
2,1617,16170000,16170100,104,173,16180000,21661
2,1618,16180000,16180100,104,173,16190000,21673
2,1619,16190000,16190100,104,173,16200000,21683
2,162,1620000,1620100,104,173,1630000,2169
2,1620,16200000,16200100,104,173,16210000,21703
2,1621,16210000,16210100,104,173,16220000,21713
2,1622,16220000,16220100,104,173,16230000,21726
2,1623,16230000,16230100,104,173,16240000,21736
2,1624,16240000,16240100,104,173,16250000,21757
2,1625,16250000,16250100,104,173,16260000,21768
2,1626,16260000,16260100,104,173,16270000,21780
2,1627,16270000,16270100,104,173,16280000,21793
2,1628,16280000,16280100,104,173,16290000,21808
2,1629,16290000,16290100,104,173,16300000,21820
2,163,1630000,1630100,104,173,1640000,2179
2,1630,16300000,16300100,104,173,16310000,21833
2,1631,16310000,16310100,104,173,16320000,21845
2,1632,16320000,16320100,104,173,16330000,21863
2,1633,16330000,16330100,104,173,16340000,21875
2,1634,16340000,16340100,104,173,16350000,21887
2,1635,16350000,16350100,104,173,16360000,21900
2,1636,16360000,16360100,104,173,16370000,21915
2,1637,16370000,16370100,104,173,16380000,21926
2,1638,16380000,16380100,104,173,16390000,21942
2,1639,16390000,16390100,104,173,16400000,21952
2,164,1640000,1640100,104,173,1650000,2194
2,1640,16400000,16400100,104,173,16410000,21970
2,1641,16410000,16410100,104,173,16420000,21980
2,1642,16420000,16420100,104,173,16430000,21997
2,1643,16430000,16430100,104,173,16440000,22007
2,1644,16440000,16440100,104,173,16450000,22022
2,1645,16450000,16450100,104,173,16460000,22035
2,1646,16460000,16460100,104,173,16470000,22047
2,1647,16470000,16470100,104,173,16480000,22060
2,1648,16480000,16480100,104,173,16490000,22077
2,1649,16490000,16490100,104,173,16500000,22087
2,165,1650000,1650100,104,173,1660000,2207
2,1650,16500000,16500100,104,173,16510000,22102
2,1651,16510000,16510100,104,173,16520000,22114
2,1652,16520000,16520100,104,173,16530000,22132
2,1653,16530000,16530100,104,173,16540000,22142
2,1654,16540000,16540100,104,173,16550000,22154
2,1655,16550000,16550100,104,173,16560000,22165
2,1656,16560000,16560100,104,173,16570000,22184
2,1657,16570000,16570100,104,173,16580000,22197
2,1658,16580000,16580100,104,173,16590000,22209
2,1659,16590000,16590100,104,173,16600000,22221
2,166,1660000,1660100,104,173,1670000,2221
2,1660,16600000,16600100,104,173,16610000,22239
2,1661,16610000,16610100,104,173,16620000,22249
2,1662,16620000,16620100,104,173,16630000,22262
2,1663,16630000,16630100,104,173,16640000,22272
2,1664,16640000,16640100,104,173,16650000,22289
2,1665,16650000,16650100,104,173,16660000,22304
2,1666,16660000,16660100,104,173,16670000,22318
2,1667,16670000,16670100,104,173,16680000,22329
2,1668,16680000,16680100,104,173,16690000,22344
2,1669,16690000,16690100,104,173,16700000,22356
2,167,1670000,1670100,104,173,1680000,2232
2,1670,16700000,16700100,104,173,16710000,22369
2,1671,16710000,16710100,104,173,16720000,22379
2,1672,16720000,16720100,104,173,16730000,22399
2,1673,16730000,16730100,104,173,16740000,22411
2,1674,16740000,16740100,104,173,16750000,22425
2,1675,16750000,16750100,104,173,16760000,22436
2,1676,16760000,16760100,104,173,16770000,22451
2,1677,16770000,16770100,104,173,16780000,22462
2,1678,16780000,16780100,104,173,16790000,22476
2,1679,16790000,16790100,104,173,16800000,22486
2,168,1680000,1680100,104,173,1690000,2251
2,1680,16800000,16800100,104,173,16810000,22508
2,1681,16810000,16810100,104,173,16820000,22518
2,1682,16820000,16820100,104,173,16830000,22531
2,1683,16830000,16830100,104,173,16840000,22543
2,1684,16840000,16840100,104,173,16850000,22558
2,1685,16850000,16850100,104,173,16860000,22569
2,1686,16860000,16860100,104,173,16870000,22581
2,1687,16870000,16870100,104,173,16880000,22598
2,1688,16880000,16880100,104,173,16890000,22615
2,1689,16890000,16890100,104,173,16900000,22625
2,169,1690000,1690100,104,173,1700000,2261
2,1690,16900000,16900100,104,173,16910000,22638
2,1691,16910000,16910100,104,173,16920000,22648
2,1692,16920000,16920100,104,173,16930000,22666
2,1693,16930000,16930100,104,173,16940000,22676
2,1694,16940000,16940100,104,173,16950000,22690
2,1695,16950000,16950100,104,173,16960000,22703
2,1696,16960000,16960100,104,173,16970000,22722
2,1697,16970000,16970100,104,173,16980000,22733
2,1698,16980000,16980100,104,173,16990000,22745
2,1699,16990000,16990100,104,173,17000000,22755
2,17,170000,170100,104,173,180000,225
2,170,1700000,1700100,104,173,1710000,2274
2,1700,17000000,17000100,104,173,17010000,22771
2,1701,17010000,17010100,104,173,17020000,22785
2,1702,17020000,17020100,104,173,17030000,22800
2,1703,17030000,17030100,104,173,17040000,22810
2,1704,17040000,17040100,104,173,17050000,22827
2,1705,17050000,17050100,104,173,17060000,22840
2,1706,17060000,17060100,104,173,17070000,22852
2,1707,17070000,17070100,104,173,17080000,22863
2,1708,17080000,17080100,104,173,17090000,22880
2,1709,17090000,17090100,104,173,17100000,22890
2,171,1710000,1710100,104,173,1720000,2286
2,1710,17100000,17100100,104,173,17110000,22907
2,1711,17110000,17110100,104,173,17120000,22917
2,1712,17120000,17120100,104,173,17130000,22935
2,1713,17130000,17130100,104,173,17140000,22945
2,1714,17140000,17140100,104,173,17150000,22959
2,1715,17150000,17150100,104,173,17160000,22972
2,1716,17160000,17160100,104,173,17170000,22987
2,1717,17170000,17170100,104,173,17180000,23000
2,1718,17180000,17180100,104,173,17190000,23012
2,1719,17190000,17190100,104,173,17200000,23024
2,172,1720000,1720100,104,173,1730000,2304
2,1720,17200000,17200100,104,173,17210000,23042
2,1721,17210000,17210100,104,173,17220000,23052
2,1722,17220000,17220100,104,173,17230000,23067
2,1723,17230000,17230100,104,173,17240000,23079
2,1724,17240000,17240100,104,173,17250000,23094
2,1725,17250000,17250100,104,173,17260000,23107
2,1726,17260000,17260100,104,173,17270000,23119
2,1727,17270000,17270100,104,173,17280000,23130
2,1728,17280000,17280100,104,173,17290000,23149
2,1729,17290000,17290100,104,173,17300000,23161
2,173,1730000,1730100,104,173,1740000,2314
2,1730,17300000,17300100,104,173,17310000,23174
2,1731,17310000,17310100,104,173,17320000,23184
2,1732,17320000,17320100,104,173,17330000,23204
2,1733,17330000,17330100,104,173,17340000,23214
2,1734,17340000,17340100,104,173,17350000,23226
2,1735,17350000,17350100,104,173,17360000,23237
2,1736,17360000,17360100,104,173,17370000,23256
2,1737,17370000,17370100,104,173,17380000,23269
2,1738,17380000,17380100,104,173,17390000,23281
2,1739,17390000,17390100,104,173,17400000,23291
2,174,1740000,1740100,104,173,1750000,2326
2,1740,17400000,17400100,104,173,17410000,23309
2,1741,17410000,17410100,104,173,17420000,23321
2,1742,17420000,17420100,104,173,17430000,23334
2,1743,17430000,17430100,104,173,17440000,23346
2,1744,17440000,17440100,104,173,17450000,23363
2,1745,17450000,17450100,104,173,17460000,23374
2,1746,17460000,17460100,104,173,17470000,23388
2,1747,17470000,17470100,104,173,17480000,23401
2,1748,17480000,17480100,104,173,17490000,23416
2,1749,17490000,17490100,104,173,17500000,23426
2,175,1750000,1750100,104,173,1760000,2341
2,1750,17500000,17500100,104,173,17510000,23443
2,1751,17510000,17510100,104,173,17520000,23453
2,1752,17520000,17520100,104,173,17530000,23471
2,1753,17530000,17530100,104,173,17540000,23481
2,1754,17540000,17540100,104,173,17550000,23493
2,1755,17550000,17550100,104,173,17560000,23508
2,1756,17560000,17560100,104,173,17570000,23523
2,1757,17570000,17570100,104,173,17580000,23536
2,1758,17580000,17580100,104,173,17590000,23548
2,1759,17590000,17590100,104,173,17600000,23560
2,176,1760000,1760100,104,173,1770000,2358
2,1760,17600000,17600100,104,173,17610000,23578
2,1761,17610000,17610100,104,173,17620000,23588
2,1762,17620000,17620100,104,173,17630000,23603
2,1763,17630000,17630100,104,173,17640000,23613
2,1764,17640000,17640100,104,173,17650000,23632
2,1765,17650000,17650100,104,173,17660000,23643
2,1766,17660000,17660100,104,173,17670000,23655
2,1767,17670000,17670100,104,173,17680000,23666
2,1768,17680000,17680100,104,173,17690000,23685
2,1769,17690000,17690100,104,173,17700000,23695
2,177,1770000,1770100,104,173,1780000,2369
2,1770,17700000,17700100,104,173,17710000,23710
2,1771,17710000,17710100,104,173,17720000,23722
2,1772,17720000,17720100,104,173,17730000,23738
2,1773,17730000,17730100,104,173,17740000,23750
2,1774,17740000,17740100,104,173,17750000,23762
2,1775,17750000,17750100,104,173,17760000,23773
2,1776,17760000,17760100,104,173,17770000,23790
2,1777,17770000,17770100,104,173,17780000,23805
2,1778,17780000,17780100,104,173,17790000,23819
2,1779,17790000,17790100,104,173,17800000,23829
2,178,1780000,1780100,104,173,1790000,2381
2,1780,17800000,17800100,104,173,17810000,23845
2,1781,17810000,17810100,104,173,17820000,23855
2,1782,17820000,17820100,104,173,17830000,23870
2,1783,17830000,17830100,104,173,17840000,23880
2,1784,17840000,17840100,104,173,17850000,23897
2,1785,17850000,17850100,104,173,17860000,23912
2,1786,17860000,17860100,104,173,17870000,23926
2,1787,17870000,17870100,104,173,17880000,23937
2,1788,17880000,17880100,104,173,17890000,23952
2,1789,17890000,17890100,104,173,17900000,23962
2,179,1790000,1790100,104,173,1800000,2391
2,1790,17900000,17900100,104,173,17910000,23975
2,1791,17910000,17910100,104,173,17920000,23987
2,1792,17920000,17920100,104,173,17930000,24009
2,1793,17930000,17930100,104,173,17940000,24019
2,1794,17940000,17940100,104,173,17950000,24031
2,1795,17950000,17950100,104,173,17960000,24044
2,1796,17960000,17960100,104,173,17970000,24059
2,1797,17970000,17970100,104,173,17980000,24070
2,1798,17980000,17980100,104,173,17990000,24082
2,1799,17990000,17990100,104,173,18000000,24094
2,18,180000,180100,104,173,190000,239
2,180,1800000,1800100,104,173,1810000,2411
2,1800,18000000,18000100,104,173,18010000,24116
2,1801,18010000,18010100,104,173,18020000,24126
2,1802,18020000,18020100,104,173,18030000,24139
2,1803,18030000,18030100,104,173,18040000,24149
2,1804,18040000,18040100,104,173,18050000,24166
2,1805,18050000,18050100,104,173,18060000,24177
2,1806,18060000,18060100,104,173,18070000,24191
2,1807,18070000,18070100,104,173,18080000,24204
2,1808,18080000,18080100,104,173,18090000,24221
2,1809,18090000,18090100,104,173,18100000,24233
2,181,1810000,1810100,104,173,1820000,2421
2,1810,18100000,18100100,104,173,18110000,24246
2,1811,18110000,18110100,104,173,18120000,24256
2,1812,18120000,18120100,104,173,18130000,24272
2,1813,18130000,18130100,104,173,18140000,24286
2,1814,18140000,18140100,104,173,18150000,24298
2,1815,18150000,18150100,104,173,18160000,24311
2,1816,18160000,18160100,104,173,18170000,24328
2,1817,18170000,18170100,104,173,18180000,24339
2,1818,18180000,18180100,104,173,18190000,24353
2,1819,18190000,18190100,104,173,18200000,24363
2,182,1820000,1820100,104,173,1830000,2436
2,1820,18200000,18200100,104,173,18210000,24381
2,1821,18210000,18210100,104,173,18220000,24391
2,1822,18220000,18220100,104,173,18230000,24408
2,1823,18230000,18230100,104,173,18240000,24418
2,1824,18240000,18240100,104,173,18250000,24435
2,1825,18250000,18250100,104,173,18260000,24446
2,1826,18260000,18260100,104,173,18270000,24458
2,1827,18270000,18270100,104,173,18280000,24473
2,1828,18280000,18280100,104,173,18290000,24488
2,1829,18290000,18290100,104,173,18300000,24498
2,183,1830000,1830100,104,173,1840000,2446
2,1830,18300000,18300100,104,173,18310000,24513
2,1831,18310000,18310100,104,173,18320000,24525
2,1832,18320000,18320100,104,173,18330000,24543
2,1833,18330000,18330100,104,173,18340000,24553
2,1834,18340000,18340100,104,173,18350000,24567
2,1835,18350000,18350100,104,173,18360000,24578
2,1836,18360000,18360100,104,173,18370000,24595
2,1837,18370000,18370100,104,173,18380000,24608
2,1838,18380000,18380100,104,173,18390000,24620
2,1839,18390000,18390100,104,173,18400000,24630
2,184,1840000,1840100,104,173,1850000,2465
2,1840,18400000,18400100,104,173,18410000,24650
2,1841,18410000,18410100,104,173,18420000,24662
2,1842,18420000,18420100,104,173,18430000,24675
2,1843,18430000,18430100,104,173,18440000,24685
2,1844,18440000,18440100,104,173,18450000,24700
2,1845,18450000,18450100,104,173,18460000,24715
2,1846,18460000,18460100,104,173,18470000,24727
2,1847,18470000,18470100,104,173,18480000,24738
2,1848,18480000,18480100,104,173,18490000,24757
2,1849,18490000,18490100,104,173,18500000,24769
2,185,1850000,1850100,104,173,1860000,2476
2,1850,18500000,18500100,104,173,18510000,24782
2,1851,18510000,18510100,104,173,18520000,24792
2,1852,18520000,18520100,104,173,18530000,24810
2,1853,18530000,18530100,104,173,18540000,24820
2,1854,18540000,18540100,104,173,18550000,24834
2,1855,18550000,18550100,104,173,18560000,24847
2,1856,18560000,18560100,104,173,18570000,24864
2,1857,18570000,18570100,104,173,18580000,24875
2,1858,18580000,18580100,104,173,18590000,24889
2,1859,18590000,18590100,104,173,18600000,24899
2,186,1860000,1860100,104,173,1870000,2488
2,1860,18600000,18600100,104,173,18610000,24917
2,1861,18610000,18610100,104,173,18620000,24927
2,1862,18620000,18620100,104,173,18630000,24942
2,1863,18630000,18630100,104,173,18640000,24954
2,1864,18640000,18640100,104,173,18650000,24971
2,1865,18650000,18650100,104,173,18660000,24982
2,1866,18660000,18660100,104,173,18670000,24994
2,1867,18670000,18670100,104,173,18680000,25009
2,1868,18680000,18680100,104,173,18690000,25024
2,1869,18690000,18690100,104,173,18700000,25036
2,187,1870000,1870100,104,173,1880000,2501
2,1870,18700000,18700100,104,173,18710000,25049
2,1871,18710000,18710100,104,173,18720000,25059
2,1872,18720000,18720100,104,173,18730000,25079
2,1873,18730000,18730100,104,173,18740000,25089
2,1874,18740000,18740100,104,173,18750000,25101
2,1875,18750000,18750100,104,173,18760000,25114
2,1876,18760000,18760100,104,173,18770000,25133
2,1877,18770000,18770100,104,173,18780000,25144
2,1878,18780000,18780100,104,173,18790000,25156
2,1879,18790000,18790100,104,173,18800000,25166
2,188,1880000,1880100,104,173,1890000,2516
2,1880,18800000,18800100,104,173,18810000,25184
2,1881,18810000,18810100,104,173,18820000,25196
2,1882,18820000,18820100,104,173,18830000,25211
2,1883,18830000,18830100,104,173,18840000,25223
2,1884,18840000,18840100,104,173,18850000,25238
2,1885,18850000,18850100,104,173,18860000,25251
2,1886,18860000,18860100,104,173,18870000,25263
2,1887,18870000,18870100,104,173,18880000,25274
2,1888,18880000,18880100,104,173,18890000,25291
2,1889,18890000,18890100,104,173,18900000,25301
2,189,1890000,1890100,104,173,1900000,2530
2,1890,18900000,18900100,104,173,18910000,25320
2,1891,18910000,18910100,104,173,18920000,25330
2,1892,18920000,18920100,104,173,18930000,25346
2,1893,18930000,18930100,104,173,18940000,25356
2,1894,18940000,18940100,104,173,18950000,25370
2,1895,18950000,18950100,104,173,18960000,25381
2,1896,18960000,18960100,104,173,18970000,25398
2,1897,18970000,18970100,104,173,18980000,25413
2,1898,18980000,18980100,104,173,18990000,25425
2,1899,18990000,18990100,104,173,19000000,25437
2,19,190000,190100,104,173,200000,249
2,190,1900000,1900100,104,173,1910000,2543
2,1900,19000000,19000100,104,173,19010000,25453
2,1901,19010000,19010100,104,173,19020000,25463
2,1902,19020000,19020100,104,173,19030000,25476
2,1903,19030000,19030100,104,173,19040000,25488
2,1904,19040000,19040100,104,173,19050000,25507
2,1905,19050000,19050100,104,173,19060000,25520
2,1906,19060000,19060100,104,173,19070000,25532
2,1907,19070000,19070100,104,173,19080000,25543
2,1908,19080000,19080100,104,173,19090000,25560
2,1909,19090000,19090100,104,173,19100000,25570
2,191,1910000,1910100,104,173,1920000,2553
2,1910,19100000,19100100,104,173,19110000,25583
2,1911,19110000,19110100,104,173,19120000,25595
2,1912,19120000,19120100,104,173,19130000,25617
2,1913,19130000,19130100,104,173,19140000,25627
2,1914,19140000,19140100,104,173,19150000,25639
2,1915,19150000,19150100,104,173,19160000,25650
2,1916,19160000,19160100,104,173,19170000,25665
2,1917,19170000,19170100,104,173,19180000,25678
2,1918,19180000,19180100,104,173,19190000,25692
2,1919,19190000,19190100,104,173,19200000,25702
2,192,1920000,1920100,104,173,1930000,2571
2,1920,19200000,19200100,104,173,19210000,25722
2,1921,19210000,19210100,104,173,19220000,25734
2,1922,19220000,19220100,104,173,19230000,25747
2,1923,19230000,19230100,104,173,19240000,25757
2,1924,19240000,19240100,104,173,19250000,25772
2,1925,19250000,19250100,104,173,19260000,25785
2,1926,19260000,19260100,104,173,19270000,25799
2,1927,19270000,19270100,104,173,19280000,25812
2,1928,19280000,19280100,104,173,19290000,25829
2,1929,19290000,19290100,104,173,19300000,25839
2,193,1930000,1930100,104,173,1940000,2583
2,1930,19300000,19300100,104,173,19310000,25854
2,1931,19310000,19310100,104,173,19320000,25864
2,1932,19320000,19320100,104,173,19330000,25882
2,1933,19330000,19330100,104,173,19340000,25892
2,1934,19340000,19340100,104,173,19350000,25904
2,1935,19350000,19350100,104,173,19360000,25919
2,1936,19360000,19360100,104,173,19370000,25936
2,1937,19370000,19370100,104,173,19380000,25947
2,1938,19380000,19380100,104,173,19390000,25959
2,1939,19390000,19390100,104,173,19400000,25973
2,194,1940000,1940100,104,173,1950000,2595
2,1940,19400000,19400100,104,173,19410000,25989
2,1941,19410000,19410100,104,173,19420000,25999
2,1942,19420000,19420100,104,173,19430000,26014
2,1943,19430000,19430100,104,173,19440000,26024
2,1944,19440000,19440100,104,173,19450000,26043
2,1945,19450000,19450100,104,173,19460000,26054
2,1946,19460000,19460100,104,173,19470000,26068
2,1947,19470000,19470100,104,173,19480000,26079
2,1948,19480000,19480100,104,173,19490000,26096
2,1949,19490000,19490100,104,173,19500000,26106
2,195,1950000,1950100,104,173,1960000,2608
2,1950,19500000,19500100,104,173,19510000,26121
2,1951,19510000,19510100,104,173,19520000,26131
2,1952,19520000,19520100,104,173,19530000,26149
2,1953,19530000,19530100,104,173,19540000,26163
2,1954,19540000,19540100,104,173,19550000,26175
2,1955,19550000,19550100,104,173,19560000,26186
2,1956,19560000,19560100,104,173,19570000,26201
2,1957,19570000,19570100,104,173,19580000,26216
2,1958,19580000,19580100,104,173,19590000,26228
2,1959,19590000,19590100,104,173,19600000,26238
2,196,1960000,1960100,104,173,1970000,2625
2,1960,19600000,19600100,104,173,19610000,26258
2,1961,19610000,19610100,104,173,19620000,26268
2,1962,19620000,19620100,104,173,19630000,26283
2,1963,19630000,19630100,104,173,19640000,26293
2,1964,19640000,19640100,104,173,19650000,26308
2,1965,19650000,19650100,104,173,19660000,26321
2,1966,19660000,19660100,104,173,19670000,26335
2,1967,19670000,19670100,104,173,19680000,26348
2,1968,19680000,19680100,104,173,19690000,26365
2,1969,19690000,19690100,104,173,19700000,26375
2,197,1970000,1970100,104,173,1980000,2636
2,1970,19700000,19700100,104,173,19710000,26388
2,1971,19710000,19710100,104,173,19720000,26400
2,1972,19720000,19720100,104,173,19730000,26418
2,1973,19730000,19730100,104,173,19740000,26428
2,1974,19740000,19740100,104,173,19750000,26442
2,1975,19750000,19750100,104,173,19760000,26455
2,1976,19760000,19760100,104,173,19770000,26472
2,1977,19770000,19770100,104,173,19780000,26483
2,1978,19780000,19780100,104,173,19790000,26495
2,1979,19790000,19790100,104,173,19800000,26505
2,198,1980000,1980100,104,173,1990000,2650
2,1980,19800000,19800100,104,173,19810000,26525
2,1981,19810000,19810100,104,173,19820000,26537
2,1982,19820000,19820100,104,173,19830000,26550
2,1983,19830000,19830100,104,173,19840000,26560
2,1984,19840000,19840100,104,173,19850000,26579
2,1985,19850000,19850100,104,173,19860000,26590
2,1986,19860000,19860100,104,173,19870000,26602
2,1987,19870000,19870100,104,173,19880000,26615
2,1988,19880000,19880100,104,173,19890000,26632
2,1989,19890000,19890100,104,173,19900000,26644
2,199,1990000,1990100,104,173,2000000,2660
2,1990,19900000,19900100,104,173,19910000,26657
2,1991,19910000,19910100,104,173,19920000,26667
2,1992,19920000,19920100,104,173,19930000,26685
2,1993,19930000,19930100,104,173,19940000,26697
2,1994,19940000,19940100,104,173,19950000,26709
2,1995,19950000,19950100,104,173,19960000,26724
2,1996,19960000,19960100,104,173,19970000,26739
2,1997,19970000,19970100,104,173,19980000,26750
2,1998,19980000,19980100,104,173,19990000,26764
2,1999,19990000,19990100,104,173,20000000,26774
2,2,20000,20100,104,173,30000,25
2,20,200000,200100,104,173,210000,265
2,200,2000000,2000100,104,173,2010000,2678
2,2000,20000000,20000100,104,173,20010000,26792
2,2001,20010000,20010100,104,173,20020000,26802
2,2002,20020000,20020100,104,173,20030000,26821
2,2003,20030000,20030100,104,173,20040000,26831
2,2004,20040000,20040100,104,173,20050000,26846
2,2005,20050000,20050100,104,173,20060000,26857
2,2006,20060000,20060100,104,173,20070000,26869
2,2007,20070000,20070100,104,173,20080000,26882
2,2008,20080000,20080100,104,173,20090000,26899
2,2009,20090000,20090100,104,173,20100000,26911
2,201,2010000,2010100,104,173,2020000,2688
2,2010,20100000,20100100,104,173,20110000,26926
2,2011,20110000,20110100,104,173,20120000,26938
2,2012,20120000,20120100,104,173,20130000,26954
2,2013,20130000,20130100,104,173,20140000,26964
2,2014,20140000,20140100,104,173,20150000,26976
2,2015,20150000,20150100,104,173,20160000,26987
2,2016,20160000,20160100,104,173,20170000,27008
2,2017,20170000,20170100,104,173,20180000,27021
2,2018,20180000,20180100,104,173,20190000,27033
2,2019,20190000,20190100,104,173,20200000,27043
2,202,2020000,2020100,104,173,2030000,2705
2,2020,20200000,20200100,104,173,20210000,27061
2,2021,20210000,20210100,104,173,20220000,27071
2,2022,20220000,20220100,104,173,20230000,27084
2,2023,20230000,20230100,104,173,20240000,27096
2,2024,20240000,20240100,104,173,20250000,27113
2,2025,20250000,20250100,104,173,20260000,27128
2,2026,20260000,20260100,104,173,20270000,27140
2,2027,20270000,20270100,104,173,20280000,27151
2,2028,20280000,20280100,104,173,20290000,27166
2,2029,20290000,20290100,104,173,20300000,27178
2,203,2030000,2030100,104,173,2040000,2717
2,2030,20300000,20300100,104,173,20310000,27193
2,2031,20310000,20310100,104,173,20320000,27203
2,2032,20320000,20320100,104,173,20330000,27223
2,2033,20330000,20330100,104,173,20340000,27233
2,2034,20340000,20340100,104,173,20350000,27247
2,2035,20350000,20350100,104,173,20360000,27258
2,2036,20360000,20360100,104,173,20370000,27273
2,2037,20370000,20370100,104,173,20380000,27286
2,2038,20380000,20380100,104,173,20390000,27300
2,2039,20390000,20390100,104,173,20400000,27310
2,204,2040000,2040100,104,173,2050000,2732
2,2040,20400000,20400100,104,173,20410000,27330
2,2041,20410000,20410100,104,173,20420000,27340
2,2042,20420000,20420100,104,173,20430000,27353
2,2043,20430000,20430100,104,173,20440000,27365
2,2044,20440000,20440100,104,173,20450000,27382
2,2045,20450000,20450100,104,173,20460000,27393
2,2046,20460000,20460100,104,173,20470000,27405
2,2047,20470000,20470100,104,173,20480000,27420
2,2048,20480000,20480100,104,173,20490000,27437
2,2049,20490000,20490100,104,173,20500000,27447
2,205,2050000,2050100,104,173,2060000,2743
2,2050,20500000,20500100,104,173,20510000,27460
2,2051,20510000,20510100,104,173,20520000,27472
2,2052,20520000,20520100,104,173,20530000,27490
2,2053,20530000,20530100,104,173,20540000,27500
2,2054,20540000,20540100,104,173,20550000,27512
2,2055,20550000,20550100,104,173,20560000,27525
2,2056,20560000,20560100,104,173,20570000,27544
2,2057,20570000,20570100,104,173,20580000,27555
2,2058,20580000,20580100,104,173,20590000,27569
2,2059,20590000,20590100,104,173,20600000,27579
2,206,2060000,2060100,104,173,2070000,2755
2,2060,20600000,20600100,104,173,20610000,27595
2,2061,20610000,20610100,104,173,20620000,27607
2,2062,20620000,20620100,104,173,20630000,27622
2,2063,20630000,20630100,104,173,20640000,27632
2,2064,20640000,20640100,104,173,20650000,27649
2,2065,20650000,20650100,104,173,20660000,27664
2,2066,20660000,20660100,104,173,20670000,27676
2,2067,20670000,20670100,104,173,20680000,27687
2,2068,20680000,20680100,104,173,20690000,27702
2,2069,20690000,20690100,104,173,20700000,27712
2,207,2070000,2070100,104,173,2080000,2768
2,2070,20700000,20700100,104,173,20710000,27729
2,2071,20710000,20710100,104,173,20720000,27739
2,2072,20720000,20720100,104,173,20730000,27759
2,2073,20730000,20730100,104,173,20740000,27769
2,2074,20740000,20740100,104,173,20750000,27783
2,2075,20750000,20750100,104,173,20760000,27794
2,2076,20760000,20760100,104,173,20770000,27809
2,2077,20770000,20770100,104,173,20780000,27822
2,2078,20780000,20780100,104,173,20790000,27834
2,2079,20790000,20790100,104,173,20800000,27848
2,208,2080000,2080100,104,173,2090000,2785
2,2080,20800000,20800100,104,173,20810000,27866
2,2081,20810000,20810100,104,173,20820000,27876
2,2082,20820000,20820100,104,173,20830000,27889
2,2083,20830000,20830100,104,173,20840000,27901
2,2084,20840000,20840100,104,173,20850000,27916
2,2085,20850000,20850100,104,173,20860000,27929
2,2086,20860000,20860100,104,173,20870000,27943
2,2087,20870000,20870100,104,173,20880000,27954
2,2088,20880000,20880100,104,173,20890000,27973
2,2089,20890000,20890100,104,173,20900000,27983
2,209,2090000,2090100,104,173,2100000,2795
2,2090,20900000,20900100,104,173,20910000,27996
2,2091,20910000,20910100,104,173,20920000,28006
2,2092,20920000,20920100,104,173,20930000,28026
2,2093,20930000,20930100,104,173,20940000,28038
2,2094,20940000,20940100,104,173,20950000,28050
2,2095,20950000,20950100,104,173,20960000,28061
2,2096,20960000,20960100,104,173,20970000,28078
2,2097,20970000,20970100,104,173,20980000,28091
2,2098,20980000,20980100,104,173,20990000,28103
2,2099,20990000,20990100,104,173,21000000,28113
2,21,210000,210100,104,173,220000,277
2,210,2100000,2100100,104,173,2110000,2812
2,2100,21000000,21000100,104,173,21010000,28133
2,2101,21010000,21010100,104,173,21020000,28145
2,2102,21020000,21020100,104,173,21030000,28158
2,2103,21030000,21030100,104,173,21040000,28168
2,2104,21040000,21040100,104,173,21050000,28185
2,2105,21050000,21050100,104,173,21060000,28196
2,2106,21060000,21060100,104,173,21070000,28210
2,2107,21070000,21070100,104,173,21080000,28225
2,2108,21080000,21080100,104,173,21090000,28240
2,2109,21090000,21090100,104,173,21100000,28250
2,211,2110000,2110100,104,173,2120000,2824
2,2110,21100000,21100100,104,173,21110000,28265
2,2111,21110000,21110100,104,173,21120000,28275
2,2112,21120000,21120100,104,173,21130000,28293
2,2113,21130000,21130100,104,173,21140000,28303
2,2114,21140000,21140100,104,173,21150000,28317
2,2115,21150000,21150100,104,173,21160000,28332
2,2116,21160000,21160100,104,173,21170000,28347
2,2117,21170000,21170100,104,173,21180000,28358
2,2118,21180000,21180100,104,173,21190000,28370
2,2119,21190000,21190100,104,173,21200000,28382
2,212,2120000,2120100,104,173,2130000,2840
2,2120,21200000,21200100,104,173,21210000,28400
2,2121,21210000,21210100,104,173,21220000,28412
2,2122,21220000,21220100,104,173,21230000,28427
2,2123,21230000,21230100,104,173,21240000,28437
2,2124,21240000,21240100,104,173,21250000,28454
2,2125,21250000,21250100,104,173,21260000,28465
2,2126,21260000,21260100,104,173,21270000,28477
2,2127,21270000,21270100,104,173,21280000,28488
2,2128,21280000,21280100,104,173,21290000,28509
2,2129,21290000,21290100,104,173,21300000,28519
2,213,2130000,2130100,104,173,2140000,2850
2,2130,21300000,21300100,104,173,21310000,28534
2,2131,21310000,21310100,104,173,21320000,28544
2,2132,21320000,21320100,104,173,21330000,28560
2,2133,21330000,21330100,104,173,21340000,28572
2,2134,21340000,21340100,104,173,21350000,28584
2,2135,21350000,21350100,104,173,21360000,28597
2,2136,21360000,21360100,104,173,21370000,28614
2,2137,21370000,21370100,104,173,21380000,28629
2,2138,21380000,21380100,104,173,21390000,28641
2,2139,21390000,21390100,104,173,21400000,28651
2,214,2140000,2140100,104,173,2150000,2862
2,2140,21400000,21400100,104,173,21410000,28667
2,2141,21410000,21410100,104,173,21420000,28677
2,2142,21420000,21420100,104,173,21430000,28694
2,2143,21430000,21430100,104,173,21440000,28704
2,2144,21440000,21440100,104,173,21450000,28721
2,2145,21450000,21450100,104,173,21460000,28734
2,2146,21460000,21460100,104,173,21470000,28748
2,2147,21470000,21470100,104,173,21480000,28759
2,2148,21480000,21480100,104,173,21490000,28774
2,2149,21490000,21490100,104,173,21500000,28786
2,215,2150000,2150100,104,173,2160000,2873
2,2150,21500000,21500100,104,173,21510000,28799
2,2151,21510000,21510100,104,173,21520000,28811
2,2152,21520000,21520100,104,173,21530000,28831
2,2153,21530000,21530100,104,173,21540000,28841
2,2154,21540000,21540100,104,173,21550000,28853
2,2155,21550000,21550100,104,173,21560000,28866
2,2156,21560000,21560100,104,173,21570000,28883
2,2157,21570000,21570100,104,173,21580000,28894
2,2158,21580000,21580100,104,173,21590000,28906
2,2159,21590000,21590100,104,173,21600000,28916
2,216,2160000,2160100,104,173,2170000,2892
2,2160,21600000,21600100,104,173,21610000,28938
2,2161,21610000,21610100,104,173,21620000,28948
2,2162,21620000,21620100,104,173,21630000,28961
2,2163,21630000,21630100,104,173,21640000,28973
2,2164,21640000,21640100,104,173,21650000,28990
2,2165,21650000,21650100,104,173,21660000,29001
2,2166,21660000,21660100,104,173,21670000,29013
2,2167,21670000,21670100,104,173,21680000,29026
2,2168,21680000,21680100,104,173,21690000,29043
2,2169,21690000,21690100,104,173,21700000,29055
2,217,2170000,2170100,104,173,2180000,2907
2,2170,21700000,21700100,104,173,21710000,29070
2,2171,21710000,21710100,104,173,21720000,29080
2,2172,21720000,21720100,104,173,21730000,29096
2,2173,21730000,21730100,104,173,21740000,29108
2,2174,21740000,21740100,104,173,21750000,29120
2,2175,21750000,21750100,104,173,21760000,29133
2,2176,21760000,21760100,104,173,21770000,29150
2,2177,21770000,21770100,104,173,21780000,29163
2,2178,21780000,21780100,104,173,21790000,29177
2,2179,21790000,21790100,104,173,21800000,29187
2,218,2180000,2180100,104,173,2190000,2919
2,2180,21800000,21800100,104,173,21810000,29203
2,2181,21810000,21810100,104,173,21820000,29213
2,2182,21820000,21820100,104,173,21830000,29230
2,2183,21830000,21830100,104,173,21840000,29240
2,2184,21840000,21840100,104,173,21850000,29259
2,2185,21850000,21850100,104,173,21860000,29270
2,2186,21860000,21860100,104,173,21870000,29282
2,2187,21870000,21870100,104,173,21880000,29295
2,2188,21880000,21880100,104,173,21890000,29310
2,2189,21890000,21890100,104,173,21900000,29320
2,219,2190000,2190100,104,173,2200000,2929
2,2190,21900000,21900100,104,173,21910000,29335
2,2191,21910000,21910100,104,173,21920000,29349
2,2192,21920000,21920100,104,173,21930000,29367
2,2193,21930000,21930100,104,173,21940000,29377
2,2194,21940000,21940100,104,173,21950000,29389
2,2195,21950000,21950100,104,173,21960000,29400
2,2196,21960000,21960100,104,173,21970000,29417
2,2197,21970000,21970100,104,173,21980000,29430
2,2198,21980000,21980100,104,173,21990000,29444
2,2199,21990000,21990100,104,173,22000000,29454
2,22,220000,220100,104,173,230000,294
2,220,2200000,2200100,104,173,2210000,2947
2,2200,22000000,22000100,104,173,22010000,29474
2,2201,22010000,22010100,104,173,22020000,29484
2,2202,22020000,22020100,104,173,22030000,29497
2,2203,22030000,22030100,104,173,22040000,29507
2,2204,22040000,22040100,104,173,22050000,29522
2,2205,22050000,22050100,104,173,22060000,29539
2,2206,22060000,22060100,104,173,22070000,29551
2,2207,22070000,22070100,104,173,22080000,29562
2,2208,22080000,22080100,104,173,22090000,29579
2,2209,22090000,22090100,104,173,22100000,29591
2,221,2210000,2210100,104,173,2220000,2957
2,2210,22100000,22100100,104,173,22110000,29604
2,2211,22110000,22110100,104,173,22120000,29614
2,2212,22120000,22120100,104,173,22130000,29634
2,2213,22130000,22130100,104,173,22140000,29644
2,2214,22140000,22140100,104,173,22150000,29658
2,2215,22150000,22150100,104,173,22160000,29669
2,2216,22160000,22160100,104,173,22170000,29686
2,2217,22170000,22170100,104,173,22180000,29697
2,2218,22180000,22180100,104,173,22190000,29711
2,2219,22190000,22190100,104,173,22200000,29723
2,222,2220000,2220100,104,173,2230000,2970
2,2220,22200000,22200100,104,173,22210000,29741
2,2221,22210000,22210100,104,173,22220000,29751
2,2222,22220000,22220100,104,173,22230000,29764
2,2223,22230000,22230100,104,173,22240000,29776
2,2224,22240000,22240100,104,173,22250000,29793
2,2225,22250000,22250100,104,173,22260000,29804
2,2226,22260000,22260100,104,173,22270000,29818
2,2227,22270000,22270100,104,173,22280000,29833
2,2228,22280000,22280100,104,173,22290000,29848
2,2229,22290000,22290100,104,173,22300000,29858
2,223,2230000,2230100,104,173,2240000,2980
2,2230,22300000,22300100,104,173,22310000,29871
2,2231,22310000,22310100,104,173,22320000,29881
2,2232,22320000,22320100,104,173,22330000,29901
2,2233,22330000,22330100,104,173,22340000,29913
2,2234,22340000,22340100,104,173,22350000,29925
2,2235,22350000,22350100,104,173,22360000,29938
2,2236,22360000,22360100,104,173,22370000,29955
2,2237,22370000,22370100,104,173,22380000,29966
2,2238,22380000,22380100,104,173,22390000,29978
2,2239,22390000,22390100,104,173,22400000,29988
2,224,2240000,2240100,104,173,2250000,2999
2,2240,22400000,22400100,104,173,22410000,30008
2,2241,22410000,22410100,104,173,22420000,30020
2,2242,22420000,22420100,104,173,22430000,30035
2,2243,22430000,22430100,104,173,22440000,30045
2,2244,22440000,22440100,104,173,22450000,30060
2,2245,22450000,22450100,104,173,22460000,30073
2,2246,22460000,22460100,104,173,22470000,30085
2,2247,22470000,22470100,104,173,22480000,30098
2,2248,22480000,22480100,104,173,22490000,30115
2,2249,22490000,22490100,104,173,22500000,30125
2,225,2250000,2250100,104,173,2260000,3014
2,2250,22500000,22500100,104,173,22510000,30142
2,2251,22510000,22510100,104,173,22520000,30152
2,2252,22520000,22520100,104,173,22530000,30168
2,2253,22530000,22530100,104,173,22540000,30178
2,2254,22540000,22540100,104,173,22550000,30194
2,2255,22550000,22550100,104,173,22560000,30205
2,2256,22560000,22560100,104,173,22570000,30222
2,2257,22570000,22570100,104,173,22580000,30235
2,2258,22580000,22580100,104,173,22590000,30247
2,2259,22590000,22590100,104,173,22600000,30259
2,226,2260000,2260100,104,173,2270000,3026
2,2260,22600000,22600100,104,173,22610000,30275
2,2261,22610000,22610100,104,173,22620000,30287
2,2262,22620000,22620100,104,173,22630000,30300
2,2263,22630000,22630100,104,173,22640000,30312
2,2264,22640000,22640100,104,173,22650000,30329
2,2265,22650000,22650100,104,173,22660000,30342
2,2266,22660000,22660100,104,173,22670000,30354
2,2267,22670000,22670100,104,173,22680000,30365
2,2268,22680000,22680100,104,173,22690000,30384
2,2269,22690000,22690100,104,173,22700000,30394
2,227,2270000,2270100,104,173,2280000,3037
2,2270,22700000,22700100,104,173,22710000,30407
2,2271,22710000,22710100,104,173,22720000,30417
2,2272,22720000,22720100,104,173,22730000,30439
2,2273,22730000,22730100,104,173,22740000,30449
2,2274,22740000,22740100,104,173,22750000,30461
2,2275,22750000,22750100,104,173,22760000,30474
2,2276,22760000,22760100,104,173,22770000,30489
2,2277,22770000,22770100,104,173,22780000,30502
2,2278,22780000,22780100,104,173,22790000,30514
2,2279,22790000,22790100,104,173,22800000,30524
2,228,2280000,2280100,104,173,2290000,3052
2,2280,22800000,22800100,104,173,22810000,30544
2,2281,22810000,22810100,104,173,22820000,30556
2,2282,22820000,22820100,104,173,22830000,30571
2,2283,22830000,22830100,104,173,22840000,30581
2,2284,22840000,22840100,104,173,22850000,30596
2,2285,22850000,22850100,104,173,22860000,30607
2,2286,22860000,22860100,104,173,22870000,30621
2,2287,22870000,22870100,104,173,22880000,30634
2,2288,22880000,22880100,104,173,22890000,30651
2,2289,22890000,22890100,104,173,22900000,30663
2,229,2290000,2290100,104,173,2300000,3064
2,2290,22900000,22900100,104,173,22910000,30678
2,2291,22910000,22910100,104,173,22920000,30688
2,2292,22920000,22920100,104,173,22930000,30704
2,2293,22930000,22930100,104,173,22940000,30714
2,2294,22940000,22940100,104,173,22950000,30726
2,2295,22950000,22950100,104,173,22960000,30741
2,2296,22960000,22960100,104,173,22970000,30760
2,2297,22970000,22970100,104,173,22980000,30771
2,2298,22980000,22980100,104,173,22990000,30783
2,2299,22990000,22990100,104,173,23000000,30795
2,23,230000,230100,104,173,240000,304
2,230,2300000,2300100,104,173,2310000,3077
2,2300,23000000,23000100,104,173,23010000,30811
2,2301,23010000,23010100,104,173,23020000,30821
2,2302,23020000,23020100,104,173,23030000,30836
2,2303,23030000,23030100,104,173,23040000,30848
2,2304,23040000,23040100,104,173,23050000,30867
2,2305,23050000,23050100,104,173,23060000,30878
2,2306,23060000,23060100,104,173,23070000,30890
2,2307,23070000,23070100,104,173,23080000,30901
2,2308,23080000,23080100,104,173,23090000,30918
2,2309,23090000,23090100,104,173,23100000,30928
2,231,2310000,2310100,104,173,2320000,3089
2,2310,23100000,23100100,104,173,23110000,30945
2,2311,23110000,23110100,104,173,23120000,30955
2,2312,23120000,23120100,104,173,23130000,30973
2,2313,23130000,23130100,104,173,23140000,30985
2,2314,23140000,23140100,104,173,23150000,30997
2,2315,23150000,23150100,104,173,23160000,31008
2,2316,23160000,23160100,104,173,23170000,31023
2,2317,23170000,23170100,104,173,23180000,31040
2,2318,23180000,23180100,104,173,23190000,31052
2,2319,23190000,23190100,104,173,23200000,31062
2,232,2320000,2320100,104,173,2330000,3109
2,2320,23200000,23200100,104,173,23210000,31080
2,2321,23210000,23210100,104,173,23220000,31090
2,2322,23220000,23220100,104,173,23230000,31105
2,2323,23230000,23230100,104,173,23240000,31115
2,2324,23240000,23240100,104,173,23250000,31132
2,2325,23250000,23250100,104,173,23260000,31145
2,2326,23260000,23260100,104,173,23270000,31159
2,2327,23270000,23270100,104,173,23280000,31170
2,2328,23280000,23280100,104,173,23290000,31187
2,2329,23290000,23290100,104,173,23300000,31197
2,233,2330000,2330100,104,173,2340000,3119
2,2330,23300000,23300100,104,173,23310000,31210
2,2331,23310000,23310100,104,173,23320000,31224
2,2332,23320000,23320100,104,173,23330000,31242
2,2333,23330000,23330100,104,173,23340000,31252
2,2334,23340000,23340100,104,173,23350000,31264
2,2335,23350000,23350100,104,173,23360000,31277
2,2336,23360000,23360100,104,173,23370000,31294
2,2337,23370000,23370100,104,173,23380000,31305
2,2338,23380000,23380100,104,173,23390000,31319
2,2339,23390000,23390100,104,173,23400000,31329
2,234,2340000,2340100,104,173,2350000,3133
2,2340,23400000,23400100,104,173,23410000,31349
2,2341,23410000,23410100,104,173,23420000,31359
2,2342,23420000,23420100,104,173,23430000,31372
2,2343,23430000,23430100,104,173,23440000,31382
2,2344,23440000,23440100,104,173,23450000,31401
2,2345,23450000,23450100,104,173,23460000,31414
2,2346,23460000,23460100,104,173,23470000,31426
2,2347,23470000,23470100,104,173,23480000,31439
2,2348,23480000,23480100,104,173,23490000,31454
2,2349,23490000,23490100,104,173,23500000,31466
2,235,2350000,2350100,104,173,2360000,3144
2,2350,23500000,23500100,104,173,23510000,31479
2,2351,23510000,23510100,104,173,23520000,31489
2,2352,23520000,23520100,104,173,23530000,31509
2,2353,23530000,23530100,104,173,23540000,31521
2,2354,23540000,23540100,104,173,23550000,31533
2,2355,23550000,23550100,104,173,23560000,31546
2,2356,23560000,23560100,104,173,23570000,31561
2,2357,23570000,23570100,104,173,23580000,31572
2,2358,23580000,23580100,104,173,23590000,31586
2,2359,23590000,23590100,104,173,23600000,31598
2,236,2360000,2360100,104,173,2370000,3159
2,2360,23600000,23600100,104,173,23610000,31616
2,2361,23610000,23610100,104,173,23620000,31626
2,2362,23620000,23620100,104,173,23630000,31643
2,2363,23630000,23630100,104,173,23640000,31653
2,2364,23640000,23640100,104,173,23650000,31668
2,2365,23650000,23650100,104,173,23660000,31679
2,2366,23660000,23660100,104,173,23670000,31693
2,2367,23670000,23670100,104,173,23680000,31706
2,2368,23680000,23680100,104,173,23690000,31723
2,2369,23690000,23690100,104,173,23700000,31733
2,237,2370000,2370100,104,173,2380000,3170
2,2370,23700000,23700100,104,173,23710000,31748
2,2371,23710000,23710100,104,173,23720000,31760
2,2372,23720000,23720100,104,173,23730000,31776
2,2373,23730000,23730100,104,173,23740000,31788
2,2374,23740000,23740100,104,173,23750000,31800
2,2375,23750000,23750100,104,173,23760000,31811
2,2376,23760000,23760100,104,173,23770000,31830
2,2377,23770000,23770100,104,173,23780000,31843
2,2378,23780000,23780100,104,173,23790000,31855
2,2379,23790000,23790100,104,173,23800000,31865
2,238,2380000,2380100,104,173,2390000,3186
2,2380,23800000,23800100,104,173,23810000,31885
2,2381,23810000,23810100,104,173,23820000,31895
2,2382,23820000,23820100,104,173,23830000,31908
2,2383,23830000,23830100,104,173,23840000,31918
2,2384,23840000,23840100,104,173,23850000,31935
2,2385,23850000,23850100,104,173,23860000,31950
2,2386,23860000,23860100,104,173,23870000,31962
2,2387,23870000,23870100,104,173,23880000,31975
2,2388,23880000,23880100,104,173,23890000,31990
2,2389,23890000,23890100,104,173,23900000,32002
2,239,2390000,2390100,104,173,2400000,3196
2,2390,23900000,23900100,104,173,23910000,32015
2,2391,23910000,23910100,104,173,23920000,32025
2,2392,23920000,23920100,104,173,23930000,32045
2,2393,23930000,23930100,104,173,23940000,32055
2,2394,23940000,23940100,104,173,23950000,32071
2,2395,23950000,23950100,104,173,23960000,32082
2,2396,23960000,23960100,104,173,23970000,32097
2,2397,23970000,23970100,104,173,23980000,32108
2,2398,23980000,23980100,104,173,23990000,32122
2,2399,23990000,23990100,104,173,24000000,32132
2,24,240000,240100,104,173,250000,321
2,240,2400000,2400100,104,173,2410000,3216
2,2400,24000000,24000100,104,173,24010000,32152
2,2401,24010000,24010100,104,173,24020000,32164
2,2402,24020000,24020100,104,173,24030000,32177
2,2403,24030000,24030100,104,173,24040000,32189
2,2404,24040000,24040100,104,173,24050000,32204
2,2405,24050000,24050100,104,173,24060000,32215
2,2406,24060000,24060100,104,173,24070000,32227
2,2407,24070000,24070100,104,173,24080000,32242
2,2408,24080000,24080100,104,173,24090000,32261
2,2409,24090000,24090100,104,173,24100000,32271
2,241,2410000,2410100,104,173,2420000,3226
2,2410,24100000,24100100,104,173,24110000,32284
2,2411,24110000,24110100,104,173,24120000,32294
2,2412,24120000,24120100,104,173,24130000,32312
2,2413,24130000,24130100,104,173,24140000,32322
2,2414,24140000,24140100,104,173,24150000,32334
2,2415,24150000,24150100,104,173,24160000,32349
2,2416,24160000,24160100,104,173,24170000,32368
2,2417,24170000,24170100,104,173,24180000,32379
2,2418,24180000,24180100,104,173,24190000,32391
2,2419,24190000,24190100,104,173,24200000,32401
2,242,2420000,2420100,104,173,2430000,3239
2,2420,24200000,24200100,104,173,24210000,32417
2,2421,24210000,24210100,104,173,24220000,32429
2,2422,24220000,24220100,104,173,24230000,32446
2,2423,24230000,24230100,104,173,24240000,32456
2,2424,24240000,24240100,104,173,24250000,32473
2,2425,24250000,24250100,104,173,24260000,32486
2,2426,24260000,24260100,104,173,24270000,32498
2,2427,24270000,24270100,104,173,24280000,32509
2,2428,24280000,24280100,104,173,24290000,32524
2,2429,24290000,24290100,104,173,24300000,32536
2,243,2430000,2430100,104,173,2440000,3251
2,2430,24300000,24300100,104,173,24310000,32553
2,2431,24310000,24310100,104,173,24320000,32563
2,2432,24320000,24320100,104,173,24330000,32581
2,2433,24330000,24330100,104,173,24340000,32591
2,2434,24340000,24340100,104,173,24350000,32605
2,2435,24350000,24350100,104,173,24360000,32616
2,2436,24360000,24360100,104,173,24370000,32633
2,2437,24370000,24370100,104,173,24380000,32646
2,2438,24380000,24380100,104,173,24390000,32658
2,2439,24390000,24390100,104,173,24400000,32670
2,244,2440000,2440100,104,173,2450000,3266
2,2440,24400000,24400100,104,173,24410000,32688
2,2441,24410000,24410100,104,173,24420000,32698
2,2442,24420000,24420100,104,173,24430000,32711
2,2443,24430000,24430100,104,173,24440000,32725
2,2444,24440000,24440100,104,173,24450000,32740
2,2445,24450000,24450100,104,173,24460000,32753
2,2446,24460000,24460100,104,173,24470000,32765
2,2447,24470000,24470100,104,173,24480000,32776
2,2448,24480000,24480100,104,173,24490000,32795
2,2449,24490000,24490100,104,173,24500000,32805
2,245,2450000,2450100,104,173,2460000,3279
2,2450,24500000,24500100,104,173,24510000,32820
2,2451,24510000,24510100,104,173,24520000,32830
2,2452,24520000,24520100,104,173,24530000,32850
2,2453,24530000,24530100,104,173,24540000,32860
2,2454,24540000,24540100,104,173,24550000,32872
2,2455,24550000,24550100,104,173,24560000,32883
2,2456,24560000,24560100,104,173,24570000,32900
2,2457,24570000,24570100,104,173,24580000,32915
2,2458,24580000,24580100,104,173,24590000,32927
2,2459,24590000,24590100,104,173,24600000,32937
2,246,2460000,2460100,104,173,2470000,3291
2,2460,24600000,24600100,104,173,24610000,32955
2,2461,24610000,24610100,104,173,24620000,32967
2,2462,24620000,24620100,104,173,24630000,32980
2,2463,24630000,24630100,104,173,24640000,32990
2,2464,24640000,24640100,104,173,24650000,33009
2,2465,24650000,24650100,104,173,24660000,33020
2,2466,24660000,24660100,104,173,24670000,33034
2,2467,24670000,24670100,104,173,24680000,33047
2,2468,24680000,24680100,104,173,24690000,33062
2,2469,24690000,24690100,104,173,24700000,33072
2,247,2470000,2470100,104,173,2480000,3306
2,2470,24700000,24700100,104,173,24710000,33087
2,2471,24710000,24710100,104,173,24720000,33099
2,2472,24720000,24720100,104,173,24730000,33117
2,2473,24730000,24730100,104,173,24740000,33127
2,2474,24740000,24740100,104,173,24750000,33139
2,2475,24750000,24750100,104,173,24760000,33154
2,2476,24760000,24760100,104,173,24770000,33169
2,2477,24770000,24770100,104,173,24780000,33180
2,2478,24780000,24780100,104,173,24790000,33194
2,2479,24790000,24790100,104,173,24800000,33206
2,248,2480000,2480100,104,173,2490000,3323
2,2480,24800000,24800100,104,173,24810000,33224
2,2481,24810000,24810100,104,173,24820000,33234
2,2482,24820000,24820100,104,173,24830000,33249
2,2483,24830000,24830100,104,173,24840000,33259
2,2484,24840000,24840100,104,173,24850000,33276
2,2485,24850000,24850100,104,173,24860000,33289
2,2486,24860000,24860100,104,173,24870000,33301
2,2487,24870000,24870100,104,173,24880000,33312
2,2488,24880000,24880100,104,173,24890000,33331
2,2489,24890000,24890100,104,173,24900000,33341
2,249,2490000,2490100,104,173,2500000,3333
2,2490,24900000,24900100,104,173,24910000,33356
2,2491,24910000,24910100,104,173,24920000,33366
2,2492,24920000,24920100,104,173,24930000,33384
2,2493,24930000,24930100,104,173,24940000,33396
2,2494,24940000,24940100,104,173,24950000,33408
2,2495,24950000,24950100,104,173,24960000,33419
2,2496,24960000,24960100,104,173,24970000,33436
2,2497,24970000,24970100,104,173,24980000,33451
2,2498,24980000,24980100,104,173,24990000,33463
2,2499,24990000,24990100,104,173,25000000,33475
2,25,250000,250100,104,173,260000,332
2,250,2500000,2500100,104,173,2510000,3346
2,2500,25000000,25000100,104,173,25010000,33491
2,2501,25010000,25010100,104,173,25020000,33501
2,2502,25020000,25020100,104,173,25030000,33516
2,2503,25030000,25030100,104,173,25040000,33526
2,2504,25040000,25040100,104,173,25050000,33543
2,2505,25050000,25050100,104,173,25060000,33556
2,2506,25060000,25060100,104,173,25070000,33572
2,2507,25070000,25070100,104,173,25080000,33583
2,2508,25080000,25080100,104,173,25090000,33598
2,2509,25090000,25090100,104,173,25100000,33608
2,251,2510000,2510100,104,173,2520000,3356
2,2510,25100000,25100100,104,173,25110000,33621
2,2511,25110000,25110100,104,173,25120000,33633
2,2512,25120000,25120100,104,173,25130000,33653
2,2513,25130000,25130100,104,173,25140000,33665
2,2514,25140000,25140100,104,173,25150000,33677
2,2515,25150000,25150100,104,173,25160000,33690
2,2516,25160000,25160100,104,173,25170000,33705
2,2517,25170000,25170100,104,173,25180000,33716
2,2518,25180000,25180100,104,173,25190000,33728
2,2519,25190000,25190100,104,173,25200000,33738
2,252,2520000,2520100,104,173,2530000,3376
2,253,2530000,2530100,104,173,2540000,3386
2,254,2540000,2540100,104,173,2550000,3398
2,255,2550000,2550100,104,173,2560000,3411
2,256,2560000,2560100,104,173,2570000,3430
2,257,2570000,2570100,104,173,2580000,3441
2,258,2580000,2580100,104,173,2590000,3453
2,259,2590000,2590100,104,173,2600000,3465
2,26,260000,260100,104,173,270000,344
2,260,2600000,2600100,104,173,2610000,3481
2,261,2610000,2610100,104,173,2620000,3493
2,262,2620000,2620100,104,173,2630000,3508
2,263,2630000,2630100,104,173,2640000,3518
2,264,2640000,2640100,104,173,2650000,3535
2,265,2650000,2650100,104,173,2660000,3548
2,266,2660000,2660100,104,173,2670000,3562
2,267,2670000,2670100,104,173,2680000,3573
2,268,2680000,2680100,104,173,2690000,3588
2,269,2690000,2690100,104,173,2700000,3598
2,27,270000,270100,104,173,280000,357
2,270,2700000,2700100,104,173,2710000,3615
2,271,2710000,2710100,104,173,2720000,3625
2,272,2720000,2720100,104,173,2730000,3643
2,273,2730000,2730100,104,173,2740000,3655
2,274,2740000,2740100,104,173,2750000,3669
2,275,2750000,2750100,104,173,2760000,3680
2,276,2760000,2760100,104,173,2770000,3695
2,277,2770000,2770100,104,173,2780000,3708
2,278,2780000,2780100,104,173,2790000,3720
2,279,2790000,2790100,104,173,2800000,3732
2,28,280000,280100,104,173,290000,374
2,280,2800000,2800100,104,173,2810000,3752
2,281,2810000,2810100,104,173,2820000,3762
2,282,2820000,2820100,104,173,2830000,3775
2,283,2830000,2830100,104,173,2840000,3787
2,284,2840000,2840100,104,173,2850000,3802
2,285,2850000,2850100,104,173,2860000,3815
2,286,2860000,2860100,104,173,2870000,3827
2,287,2870000,2870100,104,173,2880000,3840
2,288,2880000,2880100,104,173,2890000,3859
2,289,2890000,2890100,104,173,2900000,3869
2,29,290000,290100,104,173,300000,384
2,290,2900000,2900100,104,173,2910000,3882
2,291,2910000,2910100,104,173,2920000,3892
2,292,2920000,2920100,104,173,2930000,3912
2,293,2930000,2930100,104,173,2940000,3922
2,294,2940000,2940100,104,173,2950000,3936
2,295,2950000,2950100,104,173,2960000,3947
2,296,2960000,2960100,104,173,2970000,3964
2,297,2970000,2970100,104,173,2980000,3977
2,298,2980000,2980100,104,173,2990000,3989
2,299,2990000,2990100,104,173,3000000,3999
2,3,30000,30100,104,173,40000,35
2,30,300000,300100,104,173,310000,399
2,300,3000000,3000100,104,173,3010000,4017
2,301,3010000,3010100,104,173,3020000,4031
2,302,3020000,3020100,104,173,3030000,4044
2,303,3030000,3030100,104,173,3040000,4054
2,304,3040000,3040100,104,173,3050000,4071
2,305,3050000,3050100,104,173,3060000,4082
2,306,3060000,3060100,104,173,3070000,4096
2,307,3070000,3070100,104,173,3080000,4109
2,308,3080000,3080100,104,173,3090000,4126
2,309,3090000,3090100,104,173,3100000,4136
2,31,310000,310100,104,173,320000,411
2,310,3100000,3100100,104,173,3110000,4151
2,311,3110000,3110100,104,173,3120000,4161
2,312,3120000,3120100,104,173,3130000,4179
2,313,3130000,3130100,104,173,3140000,4189
2,314,3140000,3140100,104,173,3150000,4201
2,315,3150000,3150100,104,173,3160000,4218
2,316,3160000,3160100,104,173,3170000,4233
2,317,3170000,3170100,104,173,3180000,4244
2,318,3180000,3180100,104,173,3190000,4256
2,319,3190000,3190100,104,173,3200000,4268
2,32,320000,320100,104,173,330000,429
2,320,3200000,3200100,104,173,3210000,4286
2,321,3210000,3210100,104,173,3220000,4296
2,322,3220000,3220100,104,173,3230000,4313
2,323,3230000,3230100,104,173,3240000,4323
2,324,3240000,3240100,104,173,3250000,4340
2,325,3250000,3250100,104,173,3260000,4351
2,326,3260000,3260100,104,173,3270000,4363
2,327,3270000,3270100,104,173,3280000,4374
2,328,3280000,3280100,104,173,3290000,4393
2,329,3290000,3290100,104,173,3300000,4405
2,33,330000,330100,104,173,340000,439
2,330,3300000,3300100,104,173,3310000,4420
2,331,3310000,3310100,104,173,3320000,4430
2,332,3320000,3320100,104,173,3330000,4446
2,333,3330000,3330100,104,173,3340000,4458
2,334,3340000,3340100,104,173,3350000,4470
2,335,3350000,3350100,104,173,3360000,4481
2,336,3360000,3360100,104,173,3370000,4500
2,337,3370000,3370100,104,173,3380000,4515
2,338,3380000,3380100,104,173,3390000,4527
2,339,3390000,3390100,104,173,3400000,4537
2,34,340000,340100,104,173,350000,451
2,340,3400000,3400100,104,173,3410000,4553
2,341,3410000,3410100,104,173,3420000,4563
2,342,3420000,3420100,104,173,3430000,4578
2,343,3430000,3430100,104,173,3440000,4590
2,344,3440000,3440100,104,173,3450000,4607
2,345,3450000,3450100,104,173,3460000,4620
2,346,3460000,3460100,104,173,3470000,4634
2,347,3470000,3470100,104,173,3480000,4645
2,348,3480000,3480100,104,173,3490000,4660
2,349,3490000,3490100,104,173,3500000,4670
2,35,350000,350100,104,173,360000,464
2,350,3500000,3500100,104,173,3510000,4685
2,351,3510000,3510100,104,173,3520000,4697
2,352,3520000,3520100,104,173,3530000,4717
2,353,3530000,3530100,104,173,3540000,4727
2,354,3540000,3540100,104,173,3550000,4739
2,355,3550000,3550100,104,173,3560000,4752
2,356,3560000,3560100,104,173,3570000,4767
2,357,3570000,3570100,104,173,3580000,4780
2,358,3580000,3580100,104,173,3590000,4792
2,359,3590000,3590100,104,173,3600000,4802
2,36,360000,360100,104,173,370000,481
2,360,3600000,3600100,104,173,3610000,4824
2,361,3610000,3610100,104,173,3620000,4834
2,362,3620000,3620100,104,173,3630000,4847
2,363,3630000,3630100,104,173,3640000,4857
2,364,3640000,3640100,104,173,3650000,4876
2,365,3650000,3650100,104,173,3660000,4887
2,366,3660000,3660100,104,173,3670000,4899
2,367,3670000,3670100,104,173,3680000,4912
2,368,3680000,3680100,104,173,3690000,4929
2,369,3690000,3690100,104,173,3700000,4941
2,37,370000,370100,104,173,380000,494
2,370,3700000,3700100,104,173,3710000,4954
2,371,3710000,3710100,104,173,3720000,4966
2,372,3720000,3720100,104,173,3730000,4982
2,373,3730000,3730100,104,173,3740000,4994
2,374,3740000,3740100,104,173,3750000,5006
2,375,3750000,3750100,104,173,3760000,5019
2,376,3760000,3760100,104,173,3770000,5036
2,377,3770000,3770100,104,173,3780000,5047
2,378,3780000,3780100,104,173,3790000,5063
2,379,3790000,3790100,104,173,3800000,5073
2,38,380000,380100,104,173,390000,506
2,380,3800000,3800100,104,173,3810000,5089
2,381,3810000,3810100,104,173,3820000,5099
2,382,3820000,3820100,104,173,3830000,5116
2,383,3830000,3830100,104,173,3840000,5126
2,384,3840000,3840100,104,173,3850000,5143
2,385,3850000,3850100,104,173,3860000,5156
2,386,3860000,3860100,104,173,3870000,5168
2,387,3870000,3870100,104,173,3880000,5181
2,388,3880000,3880100,104,173,3890000,5196
2,389,3890000,3890100,104,173,3900000,5206
2,39,390000,390100,104,173,400000,516
2,390,3900000,3900100,104,173,3910000,5221
2,391,3910000,3910100,104,173,3920000,5233
2,392,3920000,3920100,104,173,3930000,5253
2,393,3930000,3930100,104,173,3940000,5263
2,394,3940000,3940100,104,173,3950000,5275
2,395,3950000,3950100,104,173,3960000,5286
2,396,3960000,3960100,104,173,3970000,5303
2,397,3970000,3970100,104,173,3980000,5316
2,398,3980000,3980100,104,173,3990000,5328
2,399,3990000,3990100,104,173,4000000,5340
2,4,40000,40100,104,173,50000,52
2,40,400000,400100,104,173,410000,536
2,400,4000000,4000100,104,173,4010000,5360
2,401,4010000,4010100,104,173,4020000,5370
2,402,4020000,4020100,104,173,4030000,5383
2,403,4030000,4030100,104,173,4040000,5393
2,404,4040000,4040100,104,173,4050000,5408
2,405,4050000,4050100,104,173,4060000,5423
2,406,4060000,4060100,104,173,4070000,5437
2,407,4070000,4070100,104,173,4080000,5448
2,408,4080000,4080100,104,173,4090000,5465
2,409,4090000,4090100,104,173,4100000,5477
2,41,410000,410100,104,173,420000,546
2,410,4100000,4100100,104,173,4110000,5490
2,411,4110000,4110100,104,173,4120000,5500
2,412,4120000,4120100,104,173,4130000,5518
2,413,4130000,4130100,104,173,4140000,5530
2,414,4140000,4140100,104,173,4150000,5544
2,415,4150000,4150100,104,173,4160000,5555
2,416,4160000,4160100,104,173,4170000,5572
2,417,4170000,4170100,104,173,4180000,5583
2,418,4180000,4180100,104,173,4190000,5597
2,419,4190000,4190100,104,173,4200000,5607
2,42,420000,420100,104,173,430000,561
2,420,4200000,4200100,104,173,4210000,5627
2,421,4210000,4210100,104,173,4220000,5637
2,422,4220000,4220100,104,173,4230000,5650
2,423,4230000,4230100,104,173,4240000,5662
2,424,4240000,4240100,104,173,4250000,5679
2,425,4250000,4250100,104,173,4260000,5690
2,426,4260000,4260100,104,173,4270000,5702
2,427,4270000,4270100,104,173,4280000,5719
2,428,4280000,4280100,104,173,4290000,5734
2,429,4290000,4290100,104,173,4300000,5744
2,43,430000,430100,104,173,440000,571
2,430,4300000,4300100,104,173,4310000,5757
2,431,4310000,4310100,104,173,4320000,5767
2,432,4320000,4320100,104,173,4330000,5787
2,433,4330000,4330100,104,173,4340000,5797
2,434,4340000,4340100,104,173,4350000,5811
2,435,4350000,4350100,104,173,4360000,5824
2,436,4360000,4360100,104,173,4370000,5841
2,437,4370000,4370100,104,173,4380000,5852
2,438,4380000,4380100,104,173,4390000,5864
2,439,4390000,4390100,104,173,4400000,5874
2,44,440000,440100,104,173,450000,586
2,440,4400000,4400100,104,173,4410000,5892
2,441,4410000,4410100,104,173,4420000,5906
2,442,4420000,4420100,104,173,4430000,5921
2,443,4430000,4430100,104,173,4440000,5931
2,444,4440000,4440100,104,173,4450000,5946
2,445,4450000,4450100,104,173,4460000,5959
2,446,4460000,4460100,104,173,4470000,5971
2,447,4470000,4470100,104,173,4480000,5982
2,448,4480000,4480100,104,173,4490000,6001
2,449,4490000,4490100,104,173,4500000,6011
2,45,450000,450100,104,173,460000,601
2,450,4500000,4500100,104,173,4510000,6028
2,451,4510000,4510100,104,173,4520000,6038
2,452,4520000,4520100,104,173,4530000,6054
2,453,4530000,4530100,104,173,4540000,6064
2,454,4540000,4540100,104,173,4550000,6078
2,455,4550000,4550100,104,173,4560000,6091
2,456,4560000,4560100,104,173,4570000,6108
2,457,4570000,4570100,104,173,4580000,6121
2,458,4580000,4580100,104,173,4590000,6133
2,459,4590000,4590100,104,173,4600000,6145
2,46,460000,460100,104,173,470000,613
2,460,4600000,4600100,104,173,4610000,6161
2,461,4610000,4610100,104,173,4620000,6171
2,462,4620000,4620100,104,173,4630000,6186
2,463,4630000,4630100,104,173,4640000,6198
2,464,4640000,4640100,104,173,4650000,6215
2,465,4650000,4650100,104,173,4660000,6228
2,466,4660000,4660100,104,173,4670000,6240
2,467,4670000,4670100,104,173,4680000,6251
2,468,4680000,4680100,104,173,4690000,6268
2,469,4690000,4690100,104,173,4700000,6280
2,47,470000,470100,104,173,480000,624
2,470,4700000,4700100,104,173,4710000,6293
2,471,4710000,4710100,104,173,4720000,6303
2,472,4720000,4720100,104,173,4730000,6325
2,473,4730000,4730100,104,173,4740000,6335
2,474,4740000,4740100,104,173,4750000,6347
2,475,4750000,4750100,104,173,4760000,6358
2,476,4760000,4760100,104,173,4770000,6375
2,477,4770000,4770100,104,173,4780000,6388
2,478,4780000,4780100,104,173,4790000,6400
2,479,4790000,4790100,104,173,4800000,6410
2,48,480000,480100,104,173,490000,641
2,480,4800000,4800100,104,173,4810000,6430
2,481,4810000,4810100,104,173,4820000,6442
2,482,4820000,4820100,104,173,4830000,6455
2,483,4830000,4830100,104,173,4840000,6467
2,484,4840000,4840100,104,173,4850000,6482
2,485,4850000,4850100,104,173,4860000,6493
2,486,4860000,4860100,104,173,4870000,6507
2,487,4870000,4870100,104,173,4880000,6520
2,488,4880000,4880100,104,173,4890000,6537
2,489,4890000,4890100,104,173,4900000,6547
2,49,490000,490100,104,173,500000,655
2,490,4900000,4900100,104,173,4910000,6564
2,491,4910000,4910100,104,173,4920000,6574
2,492,4920000,4920100,104,173,4930000,6590
2,493,4930000,4930100,104,173,4940000,6600
2,494,4940000,4940100,104,173,4950000,6612
2,495,4950000,4950100,104,173,4960000,6627
2,496,4960000,4960100,104,173,4970000,6644
2,497,4970000,4970100,104,173,4980000,6657
2,498,4980000,4980100,104,173,4990000,6669
2,499,4990000,4990100,104,173,5000000,6681
2,5,50000,50100,104,173,60000,63
2,50,500000,500100,104,173,510000,668
2,500,5000000,5000100,104,173,5010000,6697
2,501,5010000,5010100,104,173,5020000,6707
2,502,5020000,5020100,104,173,5030000,6722
2,503,5030000,5030100,104,173,5040000,6732
2,504,5040000,5040100,104,173,5050000,6753
2,505,5050000,5050100,104,173,5060000,6764
2,506,5060000,5060100,104,173,5070000,6776
2,507,5070000,5070100,104,173,5080000,6787
2,508,5080000,5080100,104,173,5090000,6804
2,509,5090000,5090100,104,173,5100000,6814
2,51,510000,510100,104,173,520000,678
2,510,5100000,5100100,104,173,5110000,6829
2,511,5110000,5110100,104,173,5120000,6841
2,512,5120000,5120100,104,173,5130000,6859
2,513,5130000,5130100,104,173,5140000,6871
2,514,5140000,5140100,104,173,5150000,6883
2,515,5150000,5150100,104,173,5160000,6894
2,516,5160000,5160100,104,173,5170000,6909
2,517,5170000,5170100,104,173,5180000,6924
2,518,5180000,5180100,104,173,5190000,6938
2,519,5190000,5190100,104,173,5200000,6948
2,52,520000,520100,104,173,530000,696
2,520,5200000,5200100,104,173,5210000,6966
2,521,5210000,5210100,104,173,5220000,6976
2,522,5220000,5220100,104,173,5230000,6991
2,523,5230000,5230100,104,173,5240000,7001
2,524,5240000,5240100,104,173,5250000,7016
2,525,5250000,5250100,104,173,5260000,7031
2,526,5260000,5260100,104,173,5270000,7045
2,527,5270000,5270100,104,173,5280000,7056
2,528,5280000,5280100,104,173,5290000,7073
2,529,5290000,5290100,104,173,5300000,7083
2,53,530000,530100,104,173,540000,706
2,530,5300000,5300100,104,173,5310000,7096
2,531,5310000,5310100,104,173,5320000,7108
2,532,5320000,5320100,104,173,5330000,7128
2,533,5330000,5330100,104,173,5340000,7138
2,534,5340000,5340100,104,173,5350000,7150
2,535,5350000,5350100,104,173,5360000,7163
2,536,5360000,5360100,104,173,5370000,7180
2,537,5370000,5370100,104,173,5380000,7191
2,538,5380000,5380100,104,173,5390000,7203
2,539,5390000,5390100,104,173,5400000,7215
2,54,540000,540100,104,173,550000,720
2,540,5400000,5400100,104,173,5410000,7235
2,541,5410000,5410100,104,173,5420000,7245
2,542,5420000,5420100,104,173,5430000,7258
2,543,5430000,5430100,104,173,5440000,7268
2,544,5440000,5440100,104,173,5450000,7287
2,545,5450000,5450100,104,173,5460000,7298
2,546,5460000,5460100,104,173,5470000,7312
2,547,5470000,5470100,104,173,5480000,7325
2,548,5480000,5480100,104,173,5490000,7340
2,549,5490000,5490100,104,173,5500000,7352
2,55,550000,550100,104,173,560000,731
2,550,5500000,5500100,104,173,5510000,7365
2,551,5510000,5510100,104,173,5520000,7375
2,552,5520000,5520100,104,173,5530000,7393
2,553,5530000,5530100,104,173,5540000,7407
2,554,5540000,5540100,104,173,5550000,7419
2,555,5550000,5550100,104,173,5560000,7432
2,556,5560000,5560100,104,173,5570000,7447
2,557,5570000,5570100,104,173,5580000,7458
2,558,5580000,5580100,104,173,5590000,7472
2,559,5590000,5590100,104,173,5600000,7482
2,56,560000,560100,104,173,570000,750
2,560,5600000,5600100,104,173,5610000,7502
2,561,5610000,5610100,104,173,5620000,7512
2,562,5620000,5620100,104,173,5630000,7529
2,563,5630000,5630100,104,173,5640000,7539
2,564,5640000,5640100,104,173,5650000,7554
2,565,5650000,5650100,104,173,5660000,7565
2,566,5660000,5660100,104,173,5670000,7577
2,567,5670000,5670100,104,173,5680000,7592
2,568,5680000,5680100,104,173,5690000,7609
2,569,5690000,5690100,104,173,5700000,7619
2,57,570000,570100,104,173,580000,761
2,570,5700000,5700100,104,173,5710000,7634
2,571,5710000,5710100,104,173,5720000,7646
2,572,5720000,5720100,104,173,5730000,7662
2,573,5730000,5730100,104,173,5740000,7672
2,574,5740000,5740100,104,173,5750000,7686
2,575,5750000,5750100,104,173,5760000,7697
2,576,5760000,5760100,104,173,5770000,7716
2,577,5770000,5770100,104,173,5780000,7729
2,578,5780000,5780100,104,173,5790000,7741
2,579,5790000,5790100,104,173,5800000,7751
2,58,580000,580100,104,173,590000,775
2,580,5800000,5800100,104,173,5810000,7769
2,581,5810000,5810100,104,173,5820000,7781
2,582,5820000,5820100,104,173,5830000,7794
2,583,5830000,5830100,104,173,5840000,7804
2,584,5840000,5840100,104,173,5850000,7821
2,585,5850000,5850100,104,173,5860000,7836
2,586,5860000,5860100,104,173,5870000,7848
2,587,5870000,5870100,104,173,5880000,7859
2,588,5880000,5880100,104,173,5890000,7876
2,589,5890000,5890100,104,173,5900000,7888
2,59,590000,590100,104,173,600000,785
2,590,5900000,5900100,104,173,5910000,7901
2,591,5910000,5910100,104,173,5920000,7911
2,592,5920000,5920100,104,173,5930000,7931
2,593,5930000,5930100,104,173,5940000,7941
2,594,5940000,5940100,104,173,5950000,7955
2,595,5950000,5950100,104,173,5960000,7968
2,596,5960000,5960100,104,173,5970000,7983
2,597,5970000,5970100,104,173,5980000,7994
2,598,5980000,5980100,104,173,5990000,8008
2,599,5990000,5990100,104,173,6000000,8018
2,6,60000,60100,104,173,70000,75
2,60,600000,600100,104,173,610000,803
2,600,6000000,6000100,104,173,6010000,8038
2,601,6010000,6010100,104,173,6020000,8048
2,602,6020000,6020100,104,173,6030000,8063
2,603,6030000,6030100,104,173,6040000,8075
2,604,6040000,6040100,104,173,6050000,8090
2,605,6050000,6050100,104,173,6060000,8101
2,606,6060000,6060100,104,173,6070000,8113
2,607,6070000,6070100,104,173,6080000,8128
2,608,6080000,6080100,104,173,6090000,8145
2,609,6090000,6090100,104,173,6100000,8157
2,61,610000,610100,104,173,620000,813
2,610,6100000,6100100,104,173,6110000,8170
2,611,6110000,6110100,104,173,6120000,8180
2,612,6120000,6120100,104,173,6130000,8198
2,613,6130000,6130100,104,173,6140000,8208
2,614,6140000,6140100,104,173,6150000,8220
2,615,6150000,6150100,104,173,6160000,8233
2,616,6160000,6160100,104,173,6170000,8254
2,617,6170000,6170100,104,173,6180000,8265
2,618,6180000,6180100,104,173,6190000,8277
2,619,6190000,6190100,104,173,6200000,8287
2,62,620000,620100,104,173,630000,826
2,620,6200000,6200100,104,173,6210000,8303
2,621,6210000,6210100,104,173,6220000,8315
2,622,6220000,6220100,104,173,6230000,8330
2,623,6230000,6230100,104,173,6240000,8342
2,624,6240000,6240100,104,173,6250000,8359
2,625,6250000,6250100,104,173,6260000,8372
2,626,6260000,6260100,104,173,6270000,8384
2,627,6270000,6270100,104,173,6280000,8395
2,628,6280000,6280100,104,173,6290000,8410
2,629,6290000,6290100,104,173,6300000,8420
2,63,630000,630100,104,173,640000,840
2,630,6300000,6300100,104,173,6310000,8439
2,631,6310000,6310100,104,173,6320000,8449
2,632,6320000,6320100,104,173,6330000,8467
2,633,6330000,6330100,104,173,6340000,8477
2,634,6340000,6340100,104,173,6350000,8491
2,635,6350000,6350100,104,173,6360000,8502
2,636,6360000,6360100,104,173,6370000,8517
2,637,6370000,6370100,104,173,6380000,8532
2,638,6380000,6380100,104,173,6390000,8544
2,639,6390000,6390100,104,173,6400000,8556
2,64,640000,640100,104,173,650000,857
2,640,6400000,6400100,104,173,6410000,8574
2,641,6410000,6410100,104,173,6420000,8584
2,642,6420000,6420100,104,173,6430000,8597
2,643,6430000,6430100,104,173,6440000,8609
2,644,6440000,6440100,104,173,6450000,8626
2,645,6450000,6450100,104,173,6460000,8639
2,646,6460000,6460100,104,173,6470000,8651
2,647,6470000,6470100,104,173,6480000,8662
2,648,6480000,6480100,104,173,6490000,8681
2,649,6490000,6490100,104,173,6500000,8691
2,65,650000,650100,104,173,660000,868
2,650,6500000,6500100,104,173,6510000,8704
2,651,6510000,6510100,104,173,6520000,8716
2,652,6520000,6520100,104,173,6530000,8736
2,653,6530000,6530100,104,173,6540000,8746
2,654,6540000,6540100,104,173,6550000,8758
2,655,6550000,6550100,104,173,6560000,8769
2,656,6560000,6560100,104,173,6570000,8786
2,657,6570000,6570100,104,173,6580000,8799
2,658,6580000,6580100,104,173,6590000,8813
2,659,6590000,6590100,104,173,6600000,8823
2,66,660000,660100,104,173,670000,880
2,660,6600000,6600100,104,173,6610000,8841
2,661,6610000,6610100,104,173,6620000,8853
2,662,6620000,6620100,104,173,6630000,8866
2,663,6630000,6630100,104,173,6640000,8876
2,664,6640000,6640100,104,173,6650000,8893
2,665,6650000,6650100,104,173,6660000,8906
2,666,6660000,6660100,104,173,6670000,8920
2,667,6670000,6670100,104,173,6680000,8933
2,668,6680000,6680100,104,173,6690000,8948
2,669,6690000,6690100,104,173,6700000,8958
2,67,670000,670100,104,173,680000,895
2,670,6700000,6700100,104,173,6710000,8973
2,671,6710000,6710100,104,173,6720000,8983
2,672,6720000,6720100,104,173,6730000,9003
2,673,6730000,6730100,104,173,6740000,9013
2,674,6740000,6740100,104,173,6750000,9025
2,675,6750000,6750100,104,173,6760000,9040
2,676,6760000,6760100,104,173,6770000,9055
2,677,6770000,6770100,104,173,6780000,9066
2,678,6780000,6780100,104,173,6790000,9078
2,679,6790000,6790100,104,173,6800000,9092
2,68,680000,680100,104,173,690000,910
2,680,6800000,6800100,104,173,6810000,9110
2,681,6810000,6810100,104,173,6820000,9120
2,682,6820000,6820100,104,173,6830000,9135
2,683,6830000,6830100,104,173,6840000,9145
2,684,6840000,6840100,104,173,6850000,9162
2,685,6850000,6850100,104,173,6860000,9173
2,686,6860000,6860100,104,173,6870000,9187
2,687,6870000,6870100,104,173,6880000,9198
2,688,6880000,6880100,104,173,6890000,9217
2,689,6890000,6890100,104,173,6900000,9227
2,69,690000,690100,104,173,700000,920
2,690,6900000,6900100,104,173,6910000,9242
2,691,6910000,6910100,104,173,6920000,9252
2,692,6920000,6920100,104,173,6930000,9268
2,693,6930000,6930100,104,173,6940000,9282
2,694,6940000,6940100,104,173,6950000,9294
2,695,6950000,6950100,104,173,6960000,9305
2,696,6960000,6960100,104,173,6970000,9322
2,697,6970000,6970100,104,173,6980000,9337
2,698,6980000,6980100,104,173,6990000,9349
2,699,6990000,6990100,104,173,7000000,9359
2,7,70000,70100,104,173,80000,90
2,70,700000,700100,104,173,710000,935
2,700,7000000,7000100,104,173,7010000,9377
2,701,7010000,7010100,104,173,7020000,9387
2,702,7020000,7020100,104,173,7030000,9402
2,703,7030000,7030100,104,173,7040000,9412
2,704,7040000,7040100,104,173,7050000,9429
2,705,7050000,7050100,104,173,7060000,9442
2,706,7060000,7060100,104,173,7070000,9456
2,707,7070000,7070100,104,173,7080000,9469
2,708,7080000,7080100,104,173,7090000,9484
2,709,7090000,7090100,104,173,7100000,9494
2,71,710000,710100,104,173,720000,945
2,710,7100000,7100100,104,173,7110000,9507
2,711,7110000,7110100,104,173,7120000,9519
2,712,7120000,7120100,104,173,7130000,9539
2,713,7130000,7130100,104,173,7140000,9549
2,714,7140000,7140100,104,173,7150000,9563
2,715,7150000,7150100,104,173,7160000,9576
2,716,7160000,7160100,104,173,7170000,9591
2,717,7170000,7170100,104,173,7180000,9602
2,718,7180000,7180100,104,173,7190000,9614
2,719,7190000,7190100,104,173,7200000,9624
2,72,720000,720100,104,173,730000,965
2,720,7200000,7200100,104,173,7210000,9646
2,721,7210000,7210100,104,173,7220000,9658
2,722,7220000,7220100,104,173,7230000,9671
2,723,7230000,7230100,104,173,7240000,9681
2,724,7240000,7240100,104,173,7250000,9698
2,725,7250000,7250100,104,173,7260000,9709
2,726,7260000,7260100,104,173,7270000,9721
2,727,7270000,7270100,104,173,7280000,9734
2,728,7280000,7280100,104,173,7290000,9753
2,729,7290000,7290100,104,173,7300000,9765
2,73,730000,730100,104,173,740000,975
2,730,7300000,7300100,104,173,7310000,9778
2,731,7310000,7310100,104,173,7320000,9788
2,732,7320000,7320100,104,173,7330000,9804
2,733,7330000,7330100,104,173,7340000,9816
2,734,7340000,7340100,104,173,7350000,9828
2,735,7350000,7350100,104,173,7360000,9843
2,736,7360000,7360100,104,173,7370000,9860
2,737,7370000,7370100,104,173,7380000,9871
2,738,7380000,7380100,104,173,7390000,9885
2,739,7390000,7390100,104,173,7400000,9895
2,74,740000,740100,104,173,750000,987
2,740,7400000,7400100,104,173,7410000,9911
2,741,7410000,7410100,104,173,7420000,9921
2,742,7420000,7420100,104,173,7430000,9940
2,743,7430000,7430100,104,173,7440000,9950
2,744,7440000,7440100,104,173,7450000,9967
2,745,7450000,7450100,104,173,7460000,9978
2,746,7460000,7460100,104,173,7470000,9990
2,747,7470000,7470100,104,173,7480000,10003
2,748,7480000,7480100,104,173,7490000,10018
2,749,7490000,7490100,104,173,7500000,10030
2,75,750000,750100,104,173,760000,1000
2,750,7500000,7500100,104,173,7510000,10045
2,751,7510000,7510100,104,173,7520000,10057
2,752,7520000,7520100,104,173,7530000,10075
2,753,7530000,7530100,104,173,7540000,10085
2,754,7540000,7540100,104,173,7550000,10097
2,755,7550000,7550100,104,173,7560000,10108
2,756,7560000,7560100,104,173,7570000,10127
2,757,7570000,7570100,104,173,7580000,10140
2,758,7580000,7580100,104,173,7590000,10152
2,759,7590000,7590100,104,173,7600000,10162
2,76,760000,760100,104,173,770000,1017
2,760,7600000,7600100,104,173,7610000,10182
2,761,7610000,7610100,104,173,7620000,10192
2,762,7620000,7620100,104,173,7630000,10205
2,763,7630000,7630100,104,173,7640000,10217
2,764,7640000,7640100,104,173,7650000,10232
2,765,7650000,7650100,104,173,7660000,10247
2,766,7660000,7660100,104,173,7670000,10259
2,767,7670000,7670100,104,173,7680000,10270
2,768,7680000,7680100,104,173,7690000,10287
2,769,7690000,7690100,104,173,7700000,10299
2,77,770000,770100,104,173,780000,1030
2,770,7700000,7700100,104,173,7710000,10314
2,771,7710000,7710100,104,173,7720000,10324
2,772,7720000,7720100,104,173,7730000,10342
2,773,7730000,7730100,104,173,7740000,10352
2,774,7740000,7740100,104,173,7750000,10366
2,775,7750000,7750100,104,173,7760000,10377
2,776,7760000,7760100,104,173,7770000,10394
2,777,7770000,7770100,104,173,7780000,10407
2,778,7780000,7780100,104,173,7790000,10421
2,779,7790000,7790100,104,173,7800000,10431
2,78,780000,780100,104,173,790000,1042
2,780,7800000,7800100,104,173,7810000,10449
2,781,7810000,7810100,104,173,7820000,10459
2,782,7820000,7820100,104,173,7830000,10472
2,783,7830000,7830100,104,173,7840000,10484
2,784,7840000,7840100,104,173,7850000,10503
2,785,7850000,7850100,104,173,7860000,10514
2,786,7860000,7860100,104,173,7870000,10526
2,787,7870000,7870100,104,173,7880000,10541
2,788,7880000,7880100,104,173,7890000,10556
2,789,7890000,7890100,104,173,7900000,10566
2,79,790000,790100,104,173,800000,1052
2,790,7900000,7900100,104,173,7910000,10579
2,791,7910000,7910100,104,173,7920000,10591
2,792,7920000,7920100,104,173,7930000,10611
2,793,7930000,7930100,104,173,7940000,10621
2,794,7940000,7940100,104,173,7950000,10633
2,795,7950000,7950100,104,173,7960000,10646
2,796,7960000,7960100,104,173,7970000,10663
2,797,7970000,7970100,104,173,7980000,10674
2,798,7980000,7980100,104,173,7990000,10688
2,799,7990000,7990100,104,173,8000000,10698
2,8,80000,80100,104,173,90000,107
2,80,800000,800100,104,173,810000,1070
2,800,8000000,8000100,104,173,8010000,10716
2,801,8010000,8010100,104,173,8020000,10728
2,802,8020000,8020100,104,173,8030000,10743
2,803,8030000,8030100,104,173,8040000,10753
2,804,8040000,8040100,104,173,8050000,10768
2,805,8050000,8050100,104,173,8060000,10783
2,806,8060000,8060100,104,173,8070000,10795
2,807,8070000,8070100,104,173,8080000,10806
2,808,8080000,8080100,104,173,8090000,10823
2,809,8090000,8090100,104,173,8100000,10833
2,81,810000,810100,104,173,820000,1082
2,810,8100000,8100100,104,173,8110000,10850
2,811,8110000,8110100,104,173,8120000,10860
2,812,8120000,8120100,104,173,8130000,10878
2,813,8130000,8130100,104,173,8140000,10888
2,814,8140000,8140100,104,173,8150000,10902
2,815,8150000,8150100,104,173,8160000,10913
2,816,8160000,8160100,104,173,8170000,10930
2,817,8170000,8170100,104,173,8180000,10943
2,818,8180000,8180100,104,173,8190000,10955
2,819,8190000,8190100,104,173,8200000,10969
2,82,820000,820100,104,173,830000,1097
2,820,8200000,8200100,104,173,8210000,10985
2,821,8210000,8210100,104,173,8220000,10995
2,822,8220000,8220100,104,173,8230000,11008
2,823,8230000,8230100,104,173,8240000,11020
2,824,8240000,8240100,104,173,8250000,11037
2,825,8250000,8250100,104,173,8260000,11050
2,826,8260000,8260100,104,173,8270000,11064
2,827,8270000,8270100,104,173,8280000,11075
2,828,8280000,8280100,104,173,8290000,11092
2,829,8290000,8290100,104,173,8300000,11102
2,83,830000,830100,104,173,840000,1107
2,830,8300000,8300100,104,173,8310000,11115
2,831,8310000,8310100,104,173,8320000,11125
2,832,8320000,8320100,104,173,8330000,11147
2,833,8330000,8330100,104,173,8340000,11159
2,834,8340000,8340100,104,173,8350000,11171
2,835,8350000,8350100,104,173,8360000,11182
2,836,8360000,8360100,104,173,8370000,11197
2,837,8370000,8370100,104,173,8380000,11210
2,838,8380000,8380100,104,173,8390000,11222
2,839,8390000,8390100,104,173,8400000,11232
2,84,840000,840100,104,173,850000,1124
2,840,8400000,8400100,104,173,8410000,11254
2,841,8410000,8410100,104,173,8420000,11266
2,842,8420000,8420100,104,173,8430000,11279
2,843,8430000,8430100,104,173,8440000,11289
2,844,8440000,8440100,104,173,8450000,11304
2,845,8450000,8450100,104,173,8460000,11315
2,846,8460000,8460100,104,173,8470000,11329
2,847,8470000,8470100,104,173,8480000,11344
2,848,8480000,8480100,104,173,8490000,11361
2,849,8490000,8490100,104,173,8500000,11371
2,85,850000,850100,104,173,860000,1137
2,850,8500000,8500100,104,173,8510000,11386
2,851,8510000,8510100,104,173,8520000,11396
2,852,8520000,8520100,104,173,8530000,11412
2,853,8530000,8530100,104,173,8540000,11422
2,854,8540000,8540100,104,173,8550000,11436
2,855,8550000,8550100,104,173,8560000,11451
2,856,8560000,8560100,104,173,8570000,11468
2,857,8570000,8570100,104,173,8580000,11479
2,858,8580000,8580100,104,173,8590000,11491
2,859,8590000,8590100,104,173,8600000,11503
2,86,860000,860100,104,173,870000,1149
2,860,8600000,8600100,104,173,8610000,11519
2,861,8610000,8610100,104,173,8620000,11531
2,862,8620000,8620100,104,173,8630000,11546
2,863,8630000,8630100,104,173,8640000,11556
2,864,8640000,8640100,104,173,8650000,11575
2,865,8650000,8650100,104,173,8660000,11586
2,866,8660000,8660100,104,173,8670000,11598
2,867,8670000,8670100,104,173,8680000,11609
2,868,8680000,8680100,104,173,8690000,11628
2,869,8690000,8690100,104,173,8700000,11638
2,87,870000,870100,104,173,880000,1160
2,870,8700000,8700100,104,173,8710000,11653
2,871,8710000,8710100,104,173,8720000,11663
2,872,8720000,8720100,104,173,8730000,11681
2,873,8730000,8730100,104,173,8740000,11693
2,874,8740000,8740100,104,173,8750000,11705
2,875,8750000,8750100,104,173,8760000,11718
2,876,8760000,8760100,104,173,8770000,11733
2,877,8770000,8770100,104,173,8780000,11748
2,878,8780000,8780100,104,173,8790000,11760
2,879,8790000,8790100,104,173,8800000,11770
2,88,880000,880100,104,173,890000,1177
2,880,8800000,8800100,104,173,8810000,11788
2,881,8810000,8810100,104,173,8820000,11798
2,882,8820000,8820100,104,173,8830000,11815
2,883,8830000,8830100,104,173,8840000,11825
2,884,8840000,8840100,104,173,8850000,11840
2,885,8850000,8850100,104,173,8860000,11853
2,886,8860000,8860100,104,173,8870000,11867
2,887,8870000,8870100,104,173,8880000,11878
2,888,8880000,8880100,104,173,8890000,11895
2,889,8890000,8890100,104,173,8900000,11907
2,89,890000,890100,104,173,900000,1187
2,890,8900000,8900100,104,173,8910000,11920
2,891,8910000,8910100,104,173,8920000,11932
2,892,8920000,8920100,104,173,8930000,11950
2,893,8930000,8930100,104,173,8940000,11960
2,894,8940000,8940100,104,173,8950000,11972
2,895,8950000,8950100,104,173,8960000,11985
2,896,8960000,8960100,104,173,8970000,12004
2,897,8970000,8970100,104,173,8980000,12015
2,898,8980000,8980100,104,173,8990000,12027
2,899,8990000,8990100,104,173,9000000,12037
2,9,90000,90100,104,173,100000,119
2,90,900000,900100,104,173,910000,1204
2,900,9000000,9000100,104,173,9010000,12057
2,901,9010000,9010100,104,173,9020000,12067
2,902,9020000,9020100,104,173,9030000,12080
2,903,9030000,9030100,104,173,9040000,12092
2,904,9040000,9040100,104,173,9050000,12111
2,905,9050000,9050100,104,173,9060000,12122
2,906,9060000,9060100,104,173,9070000,12134
2,907,9070000,9070100,104,173,9080000,12147
2,908,9080000,9080100,104,173,9090000,12162
2,909,9090000,9090100,104,173,9100000,12174
2,91,910000,910100,104,173,920000,1216
2,910,9100000,9100100,104,173,9110000,12189
2,911,9110000,9110100,104,173,9120000,12199
2,912,9120000,9120100,104,173,9130000,12217
2,913,9130000,9130100,104,173,9140000,12229
2,914,9140000,9140100,104,173,9150000,12241
2,915,9150000,9150100,104,173,9160000,12254
2,916,9160000,9160100,104,173,9170000,12269
2,917,9170000,9170100,104,173,9180000,12282
2,918,9180000,9180100,104,173,9190000,12296
2,919,9190000,9190100,104,173,9200000,12306
2,92,920000,920100,104,173,930000,1232
2,920,9200000,9200100,104,173,9210000,12324
2,921,9210000,9210100,104,173,9220000,12334
2,922,9220000,9220100,104,173,9230000,12351
2,923,9230000,9230100,104,173,9240000,12361
2,924,9240000,9240100,104,173,9250000,12378
2,925,9250000,9250100,104,173,9260000,12389
2,926,9260000,9260100,104,173,9270000,12401
2,927,9270000,9270100,104,173,9280000,12414
2,928,9280000,9280100,104,173,9290000,12431
2,929,9290000,9290100,104,173,9300000,12441
2,93,930000,930100,104,173,940000,1242
2,930,9300000,9300100,104,173,9310000,12456
2,931,9310000,9310100,104,173,9320000,12470
2,932,9320000,9320100,104,173,9330000,12486
2,933,9330000,9330100,104,173,9340000,12496
2,934,9340000,9340100,104,173,9350000,12508
2,935,9350000,9350100,104,173,9360000,12519
2,936,9360000,9360100,104,173,9370000,12538
2,937,9370000,9370100,104,173,9380000,12551
2,938,9380000,9380100,104,173,9390000,12565
2,939,9390000,9390100,104,173,9400000,12575
2,94,940000,940100,104,173,950000,1256
2,940,9400000,9400100,104,173,9410000,12593
2,941,9410000,9410100,104,173,9420000,12603
2,942,9420000,9420100,104,173,9430000,12616
2,943,9430000,9430100,104,173,9440000,12626
2,944,9440000,9440100,104,173,9450000,12643
2,945,9450000,9450100,104,173,9460000,12660
2,946,9460000,9460100,104,173,9470000,12672
2,947,9470000,9470100,104,173,9480000,12683
2,948,9480000,9480100,104,173,9490000,12698
2,949,9490000,9490100,104,173,9500000,12710
2,95,950000,950100,104,173,960000,1267
2,950,9500000,9500100,104,173,9510000,12723
2,951,9510000,9510100,104,173,9520000,12733
2,952,9520000,9520100,104,173,9530000,12755
2,953,9530000,9530100,104,173,9540000,12765
2,954,9540000,9540100,104,173,9550000,12779
2,955,9550000,9550100,104,173,9560000,12790
2,956,9560000,9560100,104,173,9570000,12805
2,957,9570000,9570100,104,173,9580000,12816
2,958,9580000,9580100,104,173,9590000,12830
2,959,9590000,9590100,104,173,9600000,12842
2,96,960000,960100,104,173,970000,1284
2,960,9600000,9600100,104,173,9610000,12862
2,961,9610000,9610100,104,173,9620000,12872
2,962,9620000,9620100,104,173,9630000,12885
2,963,9630000,9630100,104,173,9640000,12897
2,964,9640000,9640100,104,173,9650000,12912
2,965,9650000,9650100,104,173,9660000,12923
2,966,9660000,9660100,104,173,9670000,12937
2,967,9670000,9670100,104,173,9680000,12952
2,968,9680000,9680100,104,173,9690000,12969
2,969,9690000,9690100,104,173,9700000,12979
2,97,970000,970100,104,173,980000,1297
2,970,9700000,9700100,104,173,9710000,12992
2,971,9710000,9710100,104,173,9720000,13002
2,972,9720000,9720100,104,173,9730000,13020
2,973,9730000,9730100,104,173,9740000,13032
2,974,9740000,9740100,104,173,9750000,13044
2,975,9750000,9750100,104,173,9760000,13057
2,976,9760000,9760100,104,173,9770000,13076
2,977,9770000,9770100,104,173,9780000,13087
2,978,9780000,9780100,104,173,9790000,13099
2,979,9790000,9790100,104,173,9800000,13109
2,98,980000,980100,104,173,990000,1311
2,980,9800000,9800100,104,173,9810000,13127
2,981,9810000,9810100,104,173,9820000,13139
2,982,9820000,9820100,104,173,9830000,13154
2,983,9830000,9830100,104,173,9840000,13164
2,984,9840000,9840100,104,173,9850000,13181
2,985,9850000,9850100,104,173,9860000,13194
2,986,9860000,9860100,104,173,9870000,13206
2,987,9870000,9870100,104,173,9880000,13219
2,988,9880000,9880100,104,173,9890000,13234
2,989,9890000,9890100,104,173,9900000,13244
2,99,990000,990100,104,173,1000000,1323
2,990,9900000,9900100,104,173,9910000,13261
2,991,9910000,9910100,104,173,9920000,13271
2,992,9920000,9920100,104,173,9930000,13289
2,993,9930000,9930100,104,173,9940000,13299
2,994,9940000,9940100,104,173,9950000,13315
2,995,9950000,9950100,104,173,9960000,13326
2,996,9960000,9960100,104,173,9970000,13341
2,997,9970000,9970100,104,173,9980000,13354
2,998,9980000,9980100,104,173,9990000,13366
2,999,9990000,9990100,104,173,10000000,13378
20,0,0,100,1008,1679,75000,86
20,1,75000,75100,1008,1679,150000,193
20,10,750000,750100,1008,1679,825000,1093
20,100,7500000,7500100,1008,1679,7575000,10136
20,101,7575000,7575100,1008,1679,7650000,10243
20,102,7650000,7650100,1008,1679,7725000,10338
20,103,7725000,7725100,1008,1679,7800000,10445
20,104,7800000,7800100,1008,1679,7875000,10537
20,105,7875000,7875100,1008,1679,7950000,10642
20,106,7950000,7950100,1008,1679,8025000,10739
20,107,8025000,8025100,1008,1679,8100000,10846
20,108,8100000,8100100,1008,1679,8175000,10939
20,109,8175000,8175100,1008,1679,8250000,11046
20,11,825000,825100,1008,1679,900000,1200
20,110,8250000,8250100,1008,1679,8325000,11143
20,111,8325000,8325100,1008,1679,8400000,11248
20,112,8400000,8400100,1008,1679,8475000,11340
20,113,8475000,8475100,1008,1679,8550000,11447
20,114,8550000,8550100,1008,1679,8625000,11542
20,115,8625000,8625100,1008,1679,8700000,11649
20,116,8700000,8700100,1008,1679,8775000,11744
20,117,8775000,8775100,1008,1679,8850000,11849
20,118,8850000,8850100,1008,1679,8925000,11946
20,119,8925000,8925100,1008,1679,9000000,12053
20,12,900000,900100,1008,1679,975000,1293
20,120,9000000,9000100,1008,1679,9075000,12143
20,121,9075000,9075100,1008,1679,9150000,12250
20,122,9150000,9150100,1008,1679,9225000,12347
20,123,9225000,9225100,1008,1679,9300000,12452
20,124,9300000,9300100,1008,1679,9375000,12547
20,125,9375000,9375100,1008,1679,9450000,12656
20,126,9450000,9450100,1008,1679,9525000,12751
20,127,9525000,9525100,1008,1679,9600000,12856
20,128,9600000,9600100,1008,1679,9675000,12948
20,129,9675000,9675100,1008,1679,9750000,13053
20,13,975000,975100,1008,1679,1050000,1402
20,130,9750000,9750100,1008,1679,9825000,13150
20,131,9825000,9825100,1008,1679,9900000,13257
20,132,9900000,9900100,1008,1679,9975000,13350
20,133,9975000,9975100,1008,1679,10050000,13457
20,134,10050000,10050100,1008,1679,10125000,13554
20,135,10125000,10125100,1008,1679,10200000,13659
20,136,10200000,10200100,1008,1679,10275000,13751
20,137,10275000,10275100,1008,1679,10350000,13858
20,138,10350000,10350100,1008,1679,10425000,13953
20,139,10425000,10425100,1008,1679,10500000,14062
20,14,1050000,1050100,1008,1679,1125000,1499
20,140,10500000,10500100,1008,1679,10575000,14157
20,141,10575000,10575100,1008,1679,10650000,14262
20,142,10650000,10650100,1008,1679,10725000,14359
20,143,10725000,10725100,1008,1679,10800000,14464
20,144,10800000,10800100,1008,1679,10875000,14554
20,145,10875000,10875100,1008,1679,10950000,14661
20,146,10950000,10950100,1008,1679,11025000,14758
20,147,11025000,11025100,1008,1679,11100000,14863
20,148,11100000,11100100,1008,1679,11175000,14958
20,149,11175000,11175100,1008,1679,11250000,15065
20,15,1125000,1125100,1008,1679,1200000,1602
20,150,11250000,11250100,1008,1679,11325000,15160
20,151,11325000,11325100,1008,1679,11400000,15267
20,152,11400000,11400100,1008,1679,11475000,15359
20,153,11475000,11475100,1008,1679,11550000,15466
20,154,11550000,11550100,1008,1679,11625000,15563
20,155,11625000,11625100,1008,1679,11700000,15670
20,156,11700000,11700100,1008,1679,11775000,15763
20,157,11775000,11775100,1008,1679,11850000,15870
20,158,11850000,11850100,1008,1679,11925000,15967
20,159,11925000,11925100,1008,1679,12000000,16070
20,16,1200000,1200100,1008,1679,1275000,1694
20,160,12000000,12000100,1008,1679,12075000,16162
20,161,12075000,12075100,1008,1679,12150000,16269
20,162,12150000,12150100,1008,1679,12225000,16364
20,163,12225000,12225100,1008,1679,12300000,16471
20,164,12300000,12300100,1008,1679,12375000,16566
20,165,12375000,12375100,1008,1679,12450000,16671
20,166,12450000,12450100,1008,1679,12525000,16768
20,167,12525000,12525100,1008,1679,12600000,16877
20,168,12600000,12600100,1008,1679,12675000,16967
20,169,12675000,12675100,1008,1679,12750000,17074
20,17,1275000,1275100,1008,1679,1350000,1801
20,170,12750000,12750100,1008,1679,12825000,17171
20,171,12825000,12825100,1008,1679,12900000,17276
20,172,12900000,12900100,1008,1679,12975000,17371
20,173,12975000,12975100,1008,1679,13050000,17478
20,174,13050000,13050100,1008,1679,13125000,17573
20,175,13125000,13125100,1008,1679,13200000,17678
20,176,13200000,13200100,1008,1679,13275000,17770
20,177,13275000,13275100,1008,1679,13350000,17875
20,178,13350000,13350100,1008,1679,13425000,17972
20,179,13425000,13425100,1008,1679,13500000,18079
20,18,1350000,1350100,1008,1679,1425000,1896
20,180,13500000,13500100,1008,1679,13575000,18172
20,181,13575000,13575100,1008,1679,13650000,18281
20,182,13650000,13650100,1008,1679,13725000,18378
20,183,13725000,13725100,1008,1679,13800000,18483
20,184,13800000,13800100,1008,1679,13875000,18575
20,185,13875000,13875100,1008,1679,13950000,18682
20,186,13950000,13950100,1008,1679,14025000,18777
20,187,14025000,14025100,1008,1679,14100000,18884
20,188,14100000,14100100,1008,1679,14175000,18979
20,189,14175000,14175100,1008,1679,14250000,19084
20,19,1425000,1425100,1008,1679,1500000,2003
20,190,14250000,14250100,1008,1679,14325000,19181
20,191,14325000,14325100,1008,1679,14400000,19286
20,192,14400000,14400100,1008,1679,14475000,19376
20,193,14475000,14475100,1008,1679,14550000,19483
20,194,14550000,14550100,1008,1679,14625000,19580
20,195,14625000,14625100,1008,1679,14700000,19687
20,196,14700000,14700100,1008,1679,14775000,19782
20,197,14775000,14775100,1008,1679,14850000,19889
20,198,14850000,14850100,1008,1679,14925000,19984
20,199,14925000,14925100,1008,1679,15000000,20091
20,2,150000,150100,1008,1679,225000,290
20,20,1500000,1500100,1008,1679,1575000,2098
20,200,15000000,15000100,1008,1679,15075000,20183
20,201,15075000,15075100,1008,1679,15150000,20288
20,202,15150000,15150100,1008,1679,15225000,20385
20,203,15225000,15225100,1008,1679,15300000,20492
20,204,15300000,15300100,1008,1679,15375000,20585
20,205,15375000,15375100,1008,1679,15450000,20692
20,206,15450000,15450100,1008,1679,15525000,20789
20,207,15525000,15525100,1008,1679,15600000,20892
20,208,15600000,15600100,1008,1679,15675000,20984
20,209,15675000,15675100,1008,1679,15750000,21093
20,21,1575000,1575100,1008,1679,1650000,2203
20,210,15750000,15750100,1008,1679,15825000,21188
20,211,15825000,15825100,1008,1679,15900000,21295
20,212,15900000,15900100,1008,1679,15975000,21390
20,213,15975000,15975100,1008,1679,16050000,21495
20,214,16050000,16050100,1008,1679,16125000,21592
20,215,16125000,16125100,1008,1679,16200000,21699
20,216,16200000,16200100,1008,1679,16275000,21789
20,217,16275000,16275100,1008,1679,16350000,21896
20,218,16350000,16350100,1008,1679,16425000,21993
20,219,16425000,16425100,1008,1679,16500000,22098
20,22,1650000,1650100,1008,1679,1725000,2300
20,220,16500000,16500100,1008,1679,16575000,22193
20,221,16575000,16575100,1008,1679,16650000,22300
20,222,16650000,16650100,1008,1679,16725000,22395
20,223,16725000,16725100,1008,1679,16800000,22502
20,224,16800000,16800100,1008,1679,16875000,22594
20,225,16875000,16875100,1008,1679,16950000,22699
20,226,16950000,16950100,1008,1679,17025000,22796
20,227,17025000,17025100,1008,1679,17100000,22903
20,228,17100000,17100100,1008,1679,17175000,22996
20,229,17175000,17175100,1008,1679,17250000,23103
20,23,1725000,1725100,1008,1679,1800000,2407
20,230,17250000,17250100,1008,1679,17325000,23200
20,231,17325000,17325100,1008,1679,17400000,23305
20,232,17400000,17400100,1008,1679,17475000,23397
20,233,17475000,17475100,1008,1679,17550000,23504
20,234,17550000,17550100,1008,1679,17625000,23599
20,235,17625000,17625100,1008,1679,17700000,23706
20,236,17700000,17700100,1008,1679,17775000,23801
20,237,17775000,17775100,1008,1679,17850000,23908
20,238,17850000,17850100,1008,1679,17925000,24005
20,239,17925000,17925100,1008,1679,18000000,24110
20,24,1800000,1800100,1008,1679,1875000,2497
20,240,18000000,18000100,1008,1679,18075000,24200
20,241,18075000,18075100,1008,1679,18150000,24307
20,242,18150000,18150100,1008,1679,18225000,24404
20,243,18225000,18225100,1008,1679,18300000,24509
20,244,18300000,18300100,1008,1679,18375000,24604
20,245,18375000,18375100,1008,1679,18450000,24711
20,246,18450000,18450100,1008,1679,18525000,24806
20,247,18525000,18525100,1008,1679,18600000,24913
20,248,18600000,18600100,1008,1679,18675000,25005
20,249,18675000,18675100,1008,1679,18750000,25110
20,25,1875000,1875100,1008,1679,1950000,2604
20,250,18750000,18750100,1008,1679,18825000,25207
20,251,18825000,18825100,1008,1679,18900000,25316
20,252,18900000,18900100,1008,1679,18975000,25409
20,253,18975000,18975100,1008,1679,19050000,25516
20,254,19050000,19050100,1008,1679,19125000,25613
20,255,19125000,19125100,1008,1679,19200000,25716
20,256,19200000,19200100,1008,1679,19275000,25808
20,257,19275000,19275100,1008,1679,19350000,25915
20,258,19350000,19350100,1008,1679,19425000,26010
20,259,19425000,19425100,1008,1679,19500000,26117
20,26,1950000,1950100,1008,1679,2025000,2701
20,260,19500000,19500100,1008,1679,19575000,26212
20,261,19575000,19575100,1008,1679,19650000,26317
20,262,19650000,19650100,1008,1679,19725000,26414
20,263,19725000,19725100,1008,1679,19800000,26521
20,264,19800000,19800100,1008,1679,19875000,26611
20,265,19875000,19875100,1008,1679,19950000,26720
20,266,19950000,19950100,1008,1679,20025000,26817
20,267,20025000,20025100,1008,1679,20100000,26922
20,268,20100000,20100100,1008,1679,20175000,27017
20,269,20175000,20175100,1008,1679,20250000,27124
20,27,2025000,2025100,1008,1679,2100000,2808
20,270,20250000,20250100,1008,1679,20325000,27219
20,271,20325000,20325100,1008,1679,20400000,27324
20,272,20400000,20400100,1008,1679,20475000,27416
20,273,20475000,20475100,1008,1679,20550000,27521
20,274,20550000,20550100,1008,1679,20625000,27618
20,275,20625000,20625100,1008,1679,20700000,27725
20,276,20700000,20700100,1008,1679,20775000,27818
20,277,20775000,20775100,1008,1679,20850000,27925
20,278,20850000,20850100,1008,1679,20925000,28022
20,279,20925000,20925100,1008,1679,21000000,28129
20,28,2100000,2100100,1008,1679,2175000,2903
20,280,21000000,21000100,1008,1679,21075000,28221
20,281,21075000,21075100,1008,1679,21150000,28328
20,282,21150000,21150100,1008,1679,21225000,28423
20,283,21225000,21225100,1008,1679,21300000,28530
20,284,21300000,21300100,1008,1679,21375000,28625
20,285,21375000,21375100,1008,1679,21450000,28730
20,286,21450000,21450100,1008,1679,21525000,28827
20,287,21525000,21525100,1008,1679,21600000,28932
20,288,21600000,21600100,1008,1679,21675000,29022
20,289,21675000,21675100,1008,1679,21750000,29129
20,29,2175000,2175100,1008,1679,2250000,3010
20,290,21750000,21750100,1008,1679,21825000,29226
20,291,21825000,21825100,1008,1679,21900000,29331
20,292,21900000,21900100,1008,1679,21975000,29426
20,293,21975000,21975100,1008,1679,22050000,29535
20,294,22050000,22050100,1008,1679,22125000,29630
20,295,22125000,22125100,1008,1679,22200000,29737
20,296,22200000,22200100,1008,1679,22275000,29829
20,297,22275000,22275100,1008,1679,22350000,29934
20,298,22350000,22350100,1008,1679,22425000,30031
20,299,22425000,22425100,1008,1679,22500000,30138
20,3,225000,225100,1008,1679,300000,395
20,30,2250000,2250100,1008,1679,2325000,3105
20,300,22500000,22500100,1008,1679,22575000,30231
20,301,22575000,22575100,1008,1679,22650000,30338
20,302,22650000,22650100,1008,1679,22725000,30435
20,303,22725000,22725100,1008,1679,22800000,30538
20,304,22800000,22800100,1008,1679,22875000,30630
20,305,22875000,22875100,1008,1679,22950000,30737
20,306,22950000,22950100,1008,1679,23025000,30832
20,307,23025000,23025100,1008,1679,23100000,30941
20,308,23100000,23100100,1008,1679,23175000,31036
20,309,23175000,23175100,1008,1679,23250000,31141
20,31,2325000,2325100,1008,1679,2400000,3210
20,310,23250000,23250100,1008,1679,23325000,31238
20,311,23325000,23325100,1008,1679,23400000,31345
20,312,23400000,23400100,1008,1679,23475000,31435
20,313,23475000,23475100,1008,1679,23550000,31542
20,314,23550000,23550100,1008,1679,23625000,31639
20,315,23625000,23625100,1008,1679,23700000,31744
20,316,23700000,23700100,1008,1679,23775000,31839
20,317,23775000,23775100,1008,1679,23850000,31946
20,318,23850000,23850100,1008,1679,23925000,32041
20,319,23925000,23925100,1008,1679,24000000,32146
20,32,2400000,2400100,1008,1679,2475000,3302
20,320,24000000,24000100,1008,1679,24075000,32238
20,321,24075000,24075100,1008,1679,24150000,32345
20,322,24150000,24150100,1008,1679,24225000,32442
20,323,24225000,24225100,1008,1679,24300000,32549
20,324,24300000,24300100,1008,1679,24375000,32642
20,325,24375000,24375100,1008,1679,24450000,32749
20,326,24450000,24450100,1008,1679,24525000,32846
20,327,24525000,24525100,1008,1679,24600000,32951
20,328,24600000,24600100,1008,1679,24675000,33043
20,329,24675000,24675100,1008,1679,24750000,33150
20,33,2475000,2475100,1008,1679,2550000,3407
20,330,24750000,24750100,1008,1679,24825000,33245
20,331,24825000,24825100,1008,1679,24900000,33352
20,332,24900000,24900100,1008,1679,24975000,33447
20,333,24975000,24975100,1008,1679,25050000,33552
20,334,25050000,25050100,1008,1679,25125000,33649
20,335,25125000,25125100,1008,1679,25200000,33756
20,34,2550000,2550100,1008,1679,2625000,3504
20,35,2625000,2625100,1008,1679,2700000,3611
20,36,2700000,2700100,1008,1679,2775000,3704
20,37,2775000,2775100,1008,1679,2850000,3811
20,38,2850000,2850100,1008,1679,2925000,3908
20,39,2925000,2925100,1008,1679,3000000,4013
20,4,300000,300100,1008,1679,375000,490
20,40,3000000,3000100,1008,1679,3075000,4105
20,41,3075000,3075100,1008,1679,3150000,4214
20,42,3150000,3150100,1008,1679,3225000,4309
20,43,3225000,3225100,1008,1679,3300000,4416
20,44,3300000,3300100,1008,1679,3375000,4511
20,45,3375000,3375100,1008,1679,3450000,4616
20,46,3450000,3450100,1008,1679,3525000,4713
20,47,3525000,3525100,1008,1679,3600000,4818
20,48,3600000,3600100,1008,1679,3675000,4908
20,49,3675000,3675100,1008,1679,3750000,5015
20,5,375000,375100,1008,1679,450000,597
20,50,3750000,3750100,1008,1679,3825000,5112
20,51,3825000,3825100,1008,1679,3900000,5217
20,52,3900000,3900100,1008,1679,3975000,5312
20,53,3975000,3975100,1008,1679,4050000,5419
20,54,4050000,4050100,1008,1679,4125000,5514
20,55,4125000,4125100,1008,1679,4200000,5623
20,56,4200000,4200100,1008,1679,4275000,5715
20,57,4275000,4275100,1008,1679,4350000,5820
20,58,4350000,4350100,1008,1679,4425000,5917
20,59,4425000,4425100,1008,1679,4500000,6024
20,6,450000,450100,1008,1679,525000,692
20,60,4500000,4500100,1008,1679,4575000,6117
20,61,4575000,4575100,1008,1679,4650000,6224
20,62,4650000,4650100,1008,1679,4725000,6321
20,63,4725000,4725100,1008,1679,4800000,6424
20,64,4800000,4800100,1008,1679,4875000,6516
20,65,4875000,4875100,1008,1679,4950000,6623
20,66,4950000,4950100,1008,1679,5025000,6718
20,67,5025000,5025100,1008,1679,5100000,6825
20,68,5100000,5100100,1008,1679,5175000,6920
20,69,5175000,5175100,1008,1679,5250000,7027
20,7,525000,525100,1008,1679,600000,799
20,70,5250000,5250100,1008,1679,5325000,7124
20,71,5325000,5325100,1008,1679,5400000,7231
20,72,5400000,5400100,1008,1679,5475000,7321
20,73,5475000,5475100,1008,1679,5550000,7428
20,74,5550000,5550100,1008,1679,5625000,7525
20,75,5625000,5625100,1008,1679,5700000,7630
20,76,5700000,5700100,1008,1679,5775000,7725
20,77,5775000,5775100,1008,1679,5850000,7832
20,78,5850000,5850100,1008,1679,5925000,7927
20,79,5925000,5925100,1008,1679,6000000,8032
20,8,600000,600100,1008,1679,675000,891
20,80,6000000,6000100,1008,1679,6075000,8124
20,81,6075000,6075100,1008,1679,6150000,8229
20,82,6150000,6150100,1008,1679,6225000,8326
20,83,6225000,6225100,1008,1679,6300000,8435
20,84,6300000,6300100,1008,1679,6375000,8528
20,85,6375000,6375100,1008,1679,6450000,8635
20,86,6450000,6450100,1008,1679,6525000,8732
20,87,6525000,6525100,1008,1679,6600000,8837
20,88,6600000,6600100,1008,1679,6675000,8929
20,89,6675000,6675100,1008,1679,6750000,9036
20,9,675000,675100,1008,1679,750000,996
20,90,6750000,6750100,1008,1679,6825000,9131
20,91,6825000,6825100,1008,1679,6900000,9238
20,92,6900000,6900100,1008,1679,6975000,9333
20,93,6975000,6975100,1008,1679,7050000,9438
20,94,7050000,7050100,1008,1679,7125000,9535
20,95,7125000,7125100,1008,1679,7200000,9640
20,96,7200000,7200100,1008,1679,7275000,9730
20,97,7275000,7275100,1008,1679,7350000,9839
20,98,7350000,7350100,1008,1679,7425000,9936
20,99,7425000,7425100,1008,1679,7500000,10041
21,0,0,100,3517,5861,75000,87
21,1,75000,75100,3517,5861,150000,194
21,10,750000,750100,3517,5861,825000,1094
21,100,7500000,7500100,3517,5861,7575000,10137
21,101,7575000,7575100,3517,5861,7650000,10244
21,102,7650000,7650100,3517,5861,7725000,10339
21,103,7725000,7725100,3517,5861,7800000,10446
21,104,7800000,7800100,3517,5861,7875000,10538
21,105,7875000,7875100,3517,5861,7950000,10643
21,106,7950000,7950100,3517,5861,8025000,10740
21,107,8025000,8025100,3517,5861,8100000,10847
21,108,8100000,8100100,3517,5861,8175000,10940
21,109,8175000,8175100,3517,5861,8250000,11047
21,11,825000,825100,3517,5861,900000,1201
21,110,8250000,8250100,3517,5861,8325000,11144
21,111,8325000,8325100,3517,5861,8400000,11249
21,112,8400000,8400100,3517,5861,8475000,11341
21,113,8475000,8475100,3517,5861,8550000,11448
21,114,8550000,8550100,3517,5861,8625000,11543
21,115,8625000,8625100,3517,5861,8700000,11650
21,116,8700000,8700100,3517,5861,8775000,11745
21,117,8775000,8775100,3517,5861,8850000,11850
21,118,8850000,8850100,3517,5861,8925000,11947
21,119,8925000,8925100,3517,5861,9000000,12054
21,12,900000,900100,3517,5861,975000,1294
21,120,9000000,9000100,3517,5861,9075000,12144
21,121,9075000,9075100,3517,5861,9150000,12251
21,122,9150000,9150100,3517,5861,9225000,12348
21,123,9225000,9225100,3517,5861,9300000,12453
21,124,9300000,9300100,3517,5861,9375000,12548
21,125,9375000,9375100,3517,5861,9450000,12657
21,126,9450000,9450100,3517,5861,9525000,12752
21,127,9525000,9525100,3517,5861,9600000,12857
21,128,9600000,9600100,3517,5861,9675000,12949
21,129,9675000,9675100,3517,5861,9750000,13054
21,13,975000,975100,3517,5861,1050000,1403
21,130,9750000,9750100,3517,5861,9825000,13151
21,131,9825000,9825100,3517,5861,9900000,13258
21,132,9900000,9900100,3517,5861,9975000,13351
21,133,9975000,9975100,3517,5861,10050000,13458
21,134,10050000,10050100,3517,5861,10125000,13555
21,135,10125000,10125100,3517,5861,10200000,13660
21,136,10200000,10200100,3517,5861,10275000,13752
21,137,10275000,10275100,3517,5861,10350000,13859
21,138,10350000,10350100,3517,5861,10425000,13954
21,139,10425000,10425100,3517,5861,10500000,14063
21,14,1050000,1050100,3517,5861,1125000,1500
21,140,10500000,10500100,3517,5861,10575000,14158
21,141,10575000,10575100,3517,5861,10650000,14263
21,142,10650000,10650100,3517,5861,10725000,14360
21,143,10725000,10725100,3517,5861,10800000,14465
21,144,10800000,10800100,3517,5861,10875000,14555
21,145,10875000,10875100,3517,5861,10950000,14662
21,146,10950000,10950100,3517,5861,11025000,14759
21,147,11025000,11025100,3517,5861,11100000,14864
21,148,11100000,11100100,3517,5861,11175000,14959
21,149,11175000,11175100,3517,5861,11250000,15066
21,15,1125000,1125100,3517,5861,1200000,1603
21,150,11250000,11250100,3517,5861,11325000,15161
21,151,11325000,11325100,3517,5861,11400000,15268
21,152,11400000,11400100,3517,5861,11475000,15360
21,153,11475000,11475100,3517,5861,11550000,15467
21,154,11550000,11550100,3517,5861,11625000,15564
21,155,11625000,11625100,3517,5861,11700000,15671
21,156,11700000,11700100,3517,5861,11775000,15764
21,157,11775000,11775100,3517,5861,11850000,15871
21,158,11850000,11850100,3517,5861,11925000,15968
21,159,11925000,11925100,3517,5861,12000000,16071
21,16,1200000,1200100,3517,5861,1275000,1695
21,160,12000000,12000100,3517,5861,12075000,16163
21,161,12075000,12075100,3517,5861,12150000,16270
21,162,12150000,12150100,3517,5861,12225000,16365
21,163,12225000,12225100,3517,5861,12300000,16472
21,164,12300000,12300100,3517,5861,12375000,16567
21,165,12375000,12375100,3517,5861,12450000,16672
21,166,12450000,12450100,3517,5861,12525000,16769
21,167,12525000,12525100,3517,5861,12600000,16878
21,168,12600000,12600100,3517,5861,12675000,16968
21,169,12675000,12675100,3517,5861,12750000,17075
21,17,1275000,1275100,3517,5861,1350000,1802
21,170,12750000,12750100,3517,5861,12825000,17172
21,171,12825000,12825100,3517,5861,12900000,17277
21,172,12900000,12900100,3517,5861,12975000,17372
21,173,12975000,12975100,3517,5861,13050000,17479
21,174,13050000,13050100,3517,5861,13125000,17574
21,175,13125000,13125100,3517,5861,13200000,17679
21,176,13200000,13200100,3517,5861,13275000,17771
21,177,13275000,13275100,3517,5861,13350000,17876
21,178,13350000,13350100,3517,5861,13425000,17973
21,179,13425000,13425100,3517,5861,13500000,18080
21,18,1350000,1350100,3517,5861,1425000,1897
21,180,13500000,13500100,3517,5861,13575000,18173
21,181,13575000,13575100,3517,5861,13650000,18282
21,182,13650000,13650100,3517,5861,13725000,18379
21,183,13725000,13725100,3517,5861,13800000,18484
21,184,13800000,13800100,3517,5861,13875000,18576
21,185,13875000,13875100,3517,5861,13950000,18683
21,186,13950000,13950100,3517,5861,14025000,18778
21,187,14025000,14025100,3517,5861,14100000,18885
21,188,14100000,14100100,3517,5861,14175000,18980
21,189,14175000,14175100,3517,5861,14250000,19085
21,19,1425000,1425100,3517,5861,1500000,2004
21,190,14250000,14250100,3517,5861,14325000,19182
21,191,14325000,14325100,3517,5861,14400000,19287
21,192,14400000,14400100,3517,5861,14475000,19377
21,193,14475000,14475100,3517,5861,14550000,19484
21,194,14550000,14550100,3517,5861,14625000,19581
21,195,14625000,14625100,3517,5861,14700000,19688
21,196,14700000,14700100,3517,5861,14775000,19783
21,197,14775000,14775100,3517,5861,14850000,19890
21,198,14850000,14850100,3517,5861,14925000,19985
21,199,14925000,14925100,3517,5861,15000000,20092
21,2,150000,150100,3517,5861,225000,291
21,20,1500000,1500100,3517,5861,1575000,2099
21,200,15000000,15000100,3517,5861,15075000,20184
21,201,15075000,15075100,3517,5861,15150000,20289
21,202,15150000,15150100,3517,5861,15225000,20386
21,203,15225000,15225100,3517,5861,15300000,20493
21,204,15300000,15300100,3517,5861,15375000,20586
21,205,15375000,15375100,3517,5861,15450000,20693
21,206,15450000,15450100,3517,5861,15525000,20790
21,207,15525000,15525100,3517,5861,15600000,20893
21,208,15600000,15600100,3517,5861,15675000,20985
21,209,15675000,15675100,3517,5861,15750000,21094
21,21,1575000,1575100,3517,5861,1650000,2204
21,210,15750000,15750100,3517,5861,15825000,21189
21,211,15825000,15825100,3517,5861,15900000,21296
21,212,15900000,15900100,3517,5861,15975000,21391
21,213,15975000,15975100,3517,5861,16050000,21496
21,214,16050000,16050100,3517,5861,16125000,21593
21,215,16125000,16125100,3517,5861,16200000,21700
21,216,16200000,16200100,3517,5861,16275000,21790
21,217,16275000,16275100,3517,5861,16350000,21897
21,218,16350000,16350100,3517,5861,16425000,21994
21,219,16425000,16425100,3517,5861,16500000,22099
21,22,1650000,1650100,3517,5861,1725000,2301
21,220,16500000,16500100,3517,5861,16575000,22194
21,221,16575000,16575100,3517,5861,16650000,22301
21,222,16650000,16650100,3517,5861,16725000,22396
21,223,16725000,16725100,3517,5861,16800000,22503
21,224,16800000,16800100,3517,5861,16875000,22595
21,225,16875000,16875100,3517,5861,16950000,22700
21,226,16950000,16950100,3517,5861,17025000,22797
21,227,17025000,17025100,3517,5861,17100000,22904
21,228,17100000,17100100,3517,5861,17175000,22997
21,229,17175000,17175100,3517,5861,17250000,23104
21,23,1725000,1725100,3517,5861,1800000,2408
21,230,17250000,17250100,3517,5861,17325000,23201
21,231,17325000,17325100,3517,5861,17400000,23306
21,232,17400000,17400100,3517,5861,17475000,23398
21,233,17475000,17475100,3517,5861,17550000,23505
21,234,17550000,17550100,3517,5861,17625000,23600
21,235,17625000,17625100,3517,5861,17700000,23707
21,236,17700000,17700100,3517,5861,17775000,23802
21,237,17775000,17775100,3517,5861,17850000,23909
21,238,17850000,17850100,3517,5861,17925000,24006
21,239,17925000,17925100,3517,5861,18000000,24111
21,24,1800000,1800100,3517,5861,1875000,2498
21,240,18000000,18000100,3517,5861,18075000,24201
21,241,18075000,18075100,3517,5861,18150000,24308
21,242,18150000,18150100,3517,5861,18225000,24405
21,243,18225000,18225100,3517,5861,18300000,24510
21,244,18300000,18300100,3517,5861,18375000,24605
21,245,18375000,18375100,3517,5861,18450000,24712
21,246,18450000,18450100,3517,5861,18525000,24807
21,247,18525000,18525100,3517,5861,18600000,24914
21,248,18600000,18600100,3517,5861,18675000,25006
21,249,18675000,18675100,3517,5861,18750000,25111
21,25,1875000,1875100,3517,5861,1950000,2605
21,250,18750000,18750100,3517,5861,18825000,25208
21,251,18825000,18825100,3517,5861,18900000,25317
21,252,18900000,18900100,3517,5861,18975000,25410
21,253,18975000,18975100,3517,5861,19050000,25517
21,254,19050000,19050100,3517,5861,19125000,25614
21,255,19125000,19125100,3517,5861,19200000,25717
21,256,19200000,19200100,3517,5861,19275000,25809
21,257,19275000,19275100,3517,5861,19350000,25916
21,258,19350000,19350100,3517,5861,19425000,26011
21,259,19425000,19425100,3517,5861,19500000,26118
21,26,1950000,1950100,3517,5861,2025000,2702
21,260,19500000,19500100,3517,5861,19575000,26213
21,261,19575000,19575100,3517,5861,19650000,26318
21,262,19650000,19650100,3517,5861,19725000,26415
21,263,19725000,19725100,3517,5861,19800000,26522
21,264,19800000,19800100,3517,5861,19875000,26612
21,265,19875000,19875100,3517,5861,19950000,26721
21,266,19950000,19950100,3517,5861,20025000,26818
21,267,20025000,20025100,3517,5861,20100000,26923
21,268,20100000,20100100,3517,5861,20175000,27018
21,269,20175000,20175100,3517,5861,20250000,27125
21,27,2025000,2025100,3517,5861,2100000,2809
21,270,20250000,20250100,3517,5861,20325000,27220
21,271,20325000,20325100,3517,5861,20400000,27325
21,272,20400000,20400100,3517,5861,20475000,27417
21,273,20475000,20475100,3517,5861,20550000,27522
21,274,20550000,20550100,3517,5861,20625000,27619
21,275,20625000,20625100,3517,5861,20700000,27726
21,276,20700000,20700100,3517,5861,20775000,27819
21,277,20775000,20775100,3517,5861,20850000,27926
21,278,20850000,20850100,3517,5861,20925000,28023
21,279,20925000,20925100,3517,5861,21000000,28130
21,28,2100000,2100100,3517,5861,2175000,2904
21,280,21000000,21000100,3517,5861,21075000,28222
21,281,21075000,21075100,3517,5861,21150000,28329
21,282,21150000,21150100,3517,5861,21225000,28424
21,283,21225000,21225100,3517,5861,21300000,28531
21,284,21300000,21300100,3517,5861,21375000,28626
21,285,21375000,21375100,3517,5861,21450000,28731
21,286,21450000,21450100,3517,5861,21525000,28828
21,287,21525000,21525100,3517,5861,21600000,28933
21,288,21600000,21600100,3517,5861,21675000,29023
21,289,21675000,21675100,3517,5861,21750000,29130
21,29,2175000,2175100,3517,5861,2250000,3011
21,290,21750000,21750100,3517,5861,21825000,29227
21,291,21825000,21825100,3517,5861,21900000,29332
21,292,21900000,21900100,3517,5861,21975000,29427
21,293,21975000,21975100,3517,5861,22050000,29536
21,294,22050000,22050100,3517,5861,22125000,29631
21,295,22125000,22125100,3517,5861,22200000,29738
21,296,22200000,22200100,3517,5861,22275000,29830
21,297,22275000,22275100,3517,5861,22350000,29935
21,298,22350000,22350100,3517,5861,22425000,30032
21,299,22425000,22425100,3517,5861,22500000,30139
21,3,225000,225100,3517,5861,300000,396
21,30,2250000,2250100,3517,5861,2325000,3106
21,300,22500000,22500100,3517,5861,22575000,30232
21,301,22575000,22575100,3517,5861,22650000,30339
21,302,22650000,22650100,3517,5861,22725000,30436
21,303,22725000,22725100,3517,5861,22800000,30539
21,304,22800000,22800100,3517,5861,22875000,30631
21,305,22875000,22875100,3517,5861,22950000,30738
21,306,22950000,22950100,3517,5861,23025000,30833
21,307,23025000,23025100,3517,5861,23100000,30942
21,308,23100000,23100100,3517,5861,23175000,31037
21,309,23175000,23175100,3517,5861,23250000,31142
21,31,2325000,2325100,3517,5861,2400000,3211
21,310,23250000,23250100,3517,5861,23325000,31239
21,311,23325000,23325100,3517,5861,23400000,31346
21,312,23400000,23400100,3517,5861,23475000,31436
21,313,23475000,23475100,3517,5861,23550000,31543
21,314,23550000,23550100,3517,5861,23625000,31640
21,315,23625000,23625100,3517,5861,23700000,31745
21,316,23700000,23700100,3517,5861,23775000,31840
21,317,23775000,23775100,3517,5861,23850000,31947
21,318,23850000,23850100,3517,5861,23925000,32042
21,319,23925000,23925100,3517,5861,24000000,32147
21,32,2400000,2400100,3517,5861,2475000,3303
21,320,24000000,24000100,3517,5861,24075000,32239
21,321,24075000,24075100,3517,5861,24150000,32346
21,322,24150000,24150100,3517,5861,24225000,32443
21,323,24225000,24225100,3517,5861,24300000,32550
21,324,24300000,24300100,3517,5861,24375000,32643
21,325,24375000,24375100,3517,5861,24450000,32750
21,326,24450000,24450100,3517,5861,24525000,32847
21,327,24525000,24525100,3517,5861,24600000,32952
21,328,24600000,24600100,3517,5861,24675000,33044
21,329,24675000,24675100,3517,5861,24750000,33151
21,33,2475000,2475100,3517,5861,2550000,3408
21,330,24750000,24750100,3517,5861,24825000,33246
21,331,24825000,24825100,3517,5861,24900000,33353
21,332,24900000,24900100,3517,5861,24975000,33448
21,333,24975000,24975100,3517,5861,25050000,33553
21,334,25050000,25050100,3517,5861,25125000,33650
21,335,25125000,25125100,3517,5861,25200000,33757
21,34,2550000,2550100,3517,5861,2625000,3505
21,35,2625000,2625100,3517,5861,2700000,3612
21,36,2700000,2700100,3517,5861,2775000,3705
21,37,2775000,2775100,3517,5861,2850000,3812
21,38,2850000,2850100,3517,5861,2925000,3909
21,39,2925000,2925100,3517,5861,3000000,4014
21,4,300000,300100,3517,5861,375000,491
21,40,3000000,3000100,3517,5861,3075000,4106
21,41,3075000,3075100,3517,5861,3150000,4215
21,42,3150000,3150100,3517,5861,3225000,4310
21,43,3225000,3225100,3517,5861,3300000,4417
21,44,3300000,3300100,3517,5861,3375000,4512
21,45,3375000,3375100,3517,5861,3450000,4617
21,46,3450000,3450100,3517,5861,3525000,4714
21,47,3525000,3525100,3517,5861,3600000,4819
21,48,3600000,3600100,3517,5861,3675000,4909
21,49,3675000,3675100,3517,5861,3750000,5016
21,5,375000,375100,3517,5861,450000,598
21,50,3750000,3750100,3517,5861,3825000,5113
21,51,3825000,3825100,3517,5861,3900000,5218
21,52,3900000,3900100,3517,5861,3975000,5313
21,53,3975000,3975100,3517,5861,4050000,5420
21,54,4050000,4050100,3517,5861,4125000,5515
21,55,4125000,4125100,3517,5861,4200000,5624
21,56,4200000,4200100,3517,5861,4275000,5716
21,57,4275000,4275100,3517,5861,4350000,5821
21,58,4350000,4350100,3517,5861,4425000,5918
21,59,4425000,4425100,3517,5861,4500000,6025
21,6,450000,450100,3517,5861,525000,693
21,60,4500000,4500100,3517,5861,4575000,6118
21,61,4575000,4575100,3517,5861,4650000,6225
21,62,4650000,4650100,3517,5861,4725000,6322
21,63,4725000,4725100,3517,5861,4800000,6425
21,64,4800000,4800100,3517,5861,4875000,6517
21,65,4875000,4875100,3517,5861,4950000,6624
21,66,4950000,4950100,3517,5861,5025000,6719
21,67,5025000,5025100,3517,5861,5100000,6826
21,68,5100000,5100100,3517,5861,5175000,6921
21,69,5175000,5175100,3517,5861,5250000,7028
21,7,525000,525100,3517,5861,600000,800
21,70,5250000,5250100,3517,5861,5325000,7125
21,71,5325000,5325100,3517,5861,5400000,7232
21,72,5400000,5400100,3517,5861,5475000,7322
21,73,5475000,5475100,3517,5861,5550000,7429
21,74,5550000,5550100,3517,5861,5625000,7526
21,75,5625000,5625100,3517,5861,5700000,7631
21,76,5700000,5700100,3517,5861,5775000,7726
21,77,5775000,5775100,3517,5861,5850000,7833
21,78,5850000,5850100,3517,5861,5925000,7928
21,79,5925000,5925100,3517,5861,6000000,8033
21,8,600000,600100,3517,5861,675000,892
21,80,6000000,6000100,3517,5861,6075000,8125
21,81,6075000,6075100,3517,5861,6150000,8230
21,82,6150000,6150100,3517,5861,6225000,8327
21,83,6225000,6225100,3517,5861,6300000,8436
21,84,6300000,6300100,3517,5861,6375000,8529
21,85,6375000,6375100,3517,5861,6450000,8636
21,86,6450000,6450100,3517,5861,6525000,8733
21,87,6525000,6525100,3517,5861,6600000,8838
21,88,6600000,6600100,3517,5861,6675000,8930
21,89,6675000,6675100,3517,5861,6750000,9037
21,9,675000,675100,3517,5861,750000,997
21,90,6750000,6750100,3517,5861,6825000,9132
21,91,6825000,6825100,3517,5861,6900000,9239
21,92,6900000,6900100,3517,5861,6975000,9334
21,93,6975000,6975100,3517,5861,7050000,9439
21,94,7050000,7050100,3517,5861,7125000,9536
21,95,7125000,7125100,3517,5861,7200000,9641
21,96,7200000,7200100,3517,5861,7275000,9731
21,97,7275000,7275100,3517,5861,7350000,9840
21,98,7350000,7350100,3517,5861,7425000,9937
21,99,7425000,7425100,3517,5861,7500000,10042
22,0,0,100,1134,1889,80000,103
22,1,80000,80100,1134,1889,160000,210
22,10,800000,800100,1134,1889,880000,1173
22,100,8000000,8000100,1134,1889,8080000,10819
22,101,8080000,8080100,1134,1889,8160000,10926
22,102,8160000,8160100,1134,1889,8240000,11033
22,103,8240000,8240100,1134,1889,8320000,11138
22,104,8320000,8320100,1134,1889,8400000,11250
22,105,8400000,8400100,1134,1889,8480000,11357
22,106,8480000,8480100,1134,1889,8560000,11464
22,107,8560000,8560100,1134,1889,8640000,11571
22,108,8640000,8640100,1134,1889,8720000,11676
22,109,8720000,8720100,1134,1889,8800000,11784
22,11,880000,880100,1134,1889,960000,1280
22,110,8800000,8800100,1134,1889,8880000,11891
22,111,8880000,8880100,1134,1889,8960000,12000
22,112,8960000,8960100,1134,1889,9040000,12105
22,113,9040000,9040100,1134,1889,9120000,12212
22,114,9120000,9120100,1134,1889,9200000,12320
22,115,9200000,9200100,1134,1889,9280000,12427
22,116,9280000,9280100,1134,1889,9360000,12534
22,117,9360000,9360100,1134,1889,9440000,12639
22,118,9440000,9440100,1134,1889,9520000,12748
22,119,9520000,9520100,1134,1889,9600000,12858
22,12,960000,960100,1134,1889,1040000,1387
22,120,9600000,9600100,1134,1889,9680000,12965
22,121,9680000,9680100,1134,1889,9760000,13070
22,122,9760000,9760100,1134,1889,9840000,13177
22,123,9840000,9840100,1134,1889,9920000,13284
22,124,9920000,9920100,1134,1889,10000000,13392
22,125,10000000,10000100,1134,1889,10080000,13501
22,126,10080000,10080100,1134,1889,10160000,13606
22,127,10160000,10160100,1134,1889,10240000,13713
22,128,10240000,10240100,1134,1889,10320000,13820
22,129,10320000,10320100,1134,1889,10400000,13928
22,13,1040000,1040100,1134,1889,1120000,1494
22,130,10400000,10400100,1134,1889,10480000,14033
22,131,10480000,10480100,1134,1889,10560000,14140
22,132,10560000,10560100,1134,1889,10640000,14249
22,133,10640000,10640100,1134,1889,10720000,14356
22,134,10720000,10720100,1134,1889,10800000,14466
22,135,10800000,10800100,1134,1889,10880000,14571
22,136,10880000,10880100,1134,1889,10960000,14678
22,137,10960000,10960100,1134,1889,11040000,14785
22,138,11040000,11040100,1134,1889,11120000,14892
22,139,11120000,11120100,1134,1889,11200000,15000
22,14,1120000,1120100,1134,1889,1200000,1604
22,140,11200000,11200100,1134,1889,11280000,15107
22,141,11280000,11280100,1134,1889,11360000,15214
22,142,11360000,11360100,1134,1889,11440000,15321
22,143,11440000,11440100,1134,1889,11520000,15428
22,144,11520000,11520100,1134,1889,11600000,15534
22,145,11600000,11600100,1134,1889,11680000,15641
22,146,11680000,11680100,1134,1889,11760000,15750
22,147,11760000,11760100,1134,1889,11840000,15857
22,148,11840000,11840100,1134,1889,11920000,15962
22,149,11920000,11920100,1134,1889,12000000,16072
22,15,1200000,1200100,1134,1889,1280000,1711
22,150,12000000,12000100,1134,1889,12080000,16179
22,151,12080000,12080100,1134,1889,12160000,16286
22,152,12160000,12160100,1134,1889,12240000,16393
22,153,12240000,12240100,1134,1889,12320000,16500
22,154,12320000,12320100,1134,1889,12400000,16608
22,155,12400000,12400100,1134,1889,12480000,16715
22,156,12480000,12480100,1134,1889,12560000,16822
22,157,12560000,12560100,1134,1889,12640000,16927
22,158,12640000,12640100,1134,1889,12720000,17034
22,159,12720000,12720100,1134,1889,12800000,17142
22,16,1280000,1280100,1134,1889,1360000,1818
22,160,12800000,12800100,1134,1889,12880000,17251
22,161,12880000,12880100,1134,1889,12960000,17358
22,162,12960000,12960100,1134,1889,13040000,17463
22,163,13040000,13040100,1134,1889,13120000,17570
22,164,13120000,13120100,1134,1889,13200000,17680
22,165,13200000,13200100,1134,1889,13280000,17787
22,166,13280000,13280100,1134,1889,13360000,17892
22,167,13360000,13360100,1134,1889,13440000,18001
22,168,13440000,13440100,1134,1889,13520000,18108
22,169,13520000,13520100,1134,1889,13600000,18216
22,17,1360000,1360100,1134,1889,1440000,1925
22,170,13600000,13600100,1134,1889,13680000,18323
22,171,13680000,13680100,1134,1889,13760000,18428
22,172,13760000,13760100,1134,1889,13840000,18535
22,173,13840000,13840100,1134,1889,13920000,18642
22,174,13920000,13920100,1134,1889,14000000,18752
22,175,14000000,14000100,1134,1889,14080000,18857
22,176,14080000,14080100,1134,1889,14160000,18964
22,177,14160000,14160100,1134,1889,14240000,19071
22,178,14240000,14240100,1134,1889,14320000,19178
22,179,14320000,14320100,1134,1889,14400000,19288
22,18,1440000,1440100,1134,1889,1520000,2030
22,180,14400000,14400100,1134,1889,14480000,19393
22,181,14480000,14480100,1134,1889,14560000,19502
22,182,14560000,14560100,1134,1889,14640000,19609
22,183,14640000,14640100,1134,1889,14720000,19716
22,184,14720000,14720100,1134,1889,14800000,19822
22,185,14800000,14800100,1134,1889,14880000,19929
22,186,14880000,14880100,1134,1889,14960000,20036
22,187,14960000,14960100,1134,1889,15040000,20143
22,188,15040000,15040100,1134,1889,15120000,20252
22,189,15120000,15120100,1134,1889,15200000,20358
22,19,1520000,1520100,1134,1889,1600000,2138
22,190,15200000,15200100,1134,1889,15280000,20465
22,191,15280000,15280100,1134,1889,15360000,20572
22,192,15360000,15360100,1134,1889,15440000,20679
22,193,15440000,15440100,1134,1889,15520000,20784
22,194,15520000,15520100,1134,1889,15600000,20894
22,195,15600000,15600100,1134,1889,15680000,21003
22,196,15680000,15680100,1134,1889,15760000,21110
22,197,15760000,15760100,1134,1889,15840000,21217
22,198,15840000,15840100,1134,1889,15920000,21322
22,199,15920000,15920100,1134,1889,16000000,21430
22,2,160000,160100,1134,1889,240000,317
22,20,1600000,1600100,1134,1889,1680000,2247
22,200,16000000,16000100,1134,1889,16080000,21537
22,201,16080000,16080100,1134,1889,16160000,21644
22,202,16160000,16160100,1134,1889,16240000,21751
22,203,16240000,16240100,1134,1889,16320000,21858
22,204,16320000,16320100,1134,1889,16400000,21966
22,205,16400000,16400100,1134,1889,16480000,22073
22,206,16480000,16480100,1134,1889,16560000,22180
22,207,16560000,16560100,1134,1889,16640000,22285
22,208,16640000,16640100,1134,1889,16720000,22392
22,209,16720000,16720100,1134,1889,16800000,22504
22,21,1680000,1680100,1134,1889,1760000,2354
22,210,16800000,16800100,1134,1889,16880000,22611
22,211,16880000,16880100,1134,1889,16960000,22716
22,212,16960000,16960100,1134,1889,17040000,22823
22,213,17040000,17040100,1134,1889,17120000,22930
22,214,17120000,17120100,1134,1889,17200000,23038
22,215,17200000,17200100,1134,1889,17280000,23145
22,216,17280000,17280100,1134,1889,17360000,23252
22,217,17360000,17360100,1134,1889,17440000,23359
22,218,17440000,17440100,1134,1889,17520000,23466
22,219,17520000,17520100,1134,1889,17600000,23574
22,22,1760000,1760100,1134,1889,1840000,2459
22,220,17600000,17600100,1134,1889,17680000,23679
22,221,17680000,17680100,1134,1889,17760000,23786
22,222,17760000,17760100,1134,1889,17840000,23893
22,223,17840000,17840100,1134,1889,17920000,24002
22,224,17920000,17920100,1134,1889,18000000,24112
22,225,18000000,18000100,1134,1889,18080000,24217
22,226,18080000,18080100,1134,1889,18160000,24324
22,227,18160000,18160100,1134,1889,18240000,24431
22,228,18240000,18240100,1134,1889,18320000,24538
22,229,18320000,18320100,1134,1889,18400000,24644
22,23,1840000,1840100,1134,1889,1920000,2566
22,230,18400000,18400100,1134,1889,18480000,24753
22,231,18480000,18480100,1134,1889,18560000,24860
22,232,18560000,18560100,1134,1889,18640000,24967
22,233,18640000,18640100,1134,1889,18720000,25074
22,234,18720000,18720100,1134,1889,18800000,25180
22,235,18800000,18800100,1134,1889,18880000,25287
22,236,18880000,18880100,1134,1889,18960000,25394
22,237,18960000,18960100,1134,1889,19040000,25503
22,238,19040000,19040100,1134,1889,19120000,25608
22,239,19120000,19120100,1134,1889,19200000,25718
22,24,1920000,1920100,1134,1889,2000000,2674
22,240,19200000,19200100,1134,1889,19280000,25825
22,241,19280000,19280100,1134,1889,19360000,25932
22,242,19360000,19360100,1134,1889,19440000,26039
22,243,19440000,19440100,1134,1889,19520000,26144
22,244,19520000,19520100,1134,1889,19600000,26254
22,245,19600000,19600100,1134,1889,19680000,26361
22,246,19680000,19680100,1134,1889,19760000,26468
22,247,19760000,19760100,1134,1889,19840000,26573
22,248,19840000,19840100,1134,1889,19920000,26680
22,249,19920000,19920100,1134,1889,20000000,26788
22,25,2000000,2000100,1134,1889,2080000,2781
22,250,20000000,20000100,1134,1889,20080000,26895
22,251,20080000,20080100,1134,1889,20160000,27004
22,252,20160000,20160100,1134,1889,20240000,27109
22,253,20240000,20240100,1134,1889,20320000,27216
22,254,20320000,20320100,1134,1889,20400000,27326
22,255,20400000,20400100,1134,1889,20480000,27433
22,256,20480000,20480100,1134,1889,20560000,27538
22,257,20560000,20560100,1134,1889,20640000,27645
22,258,20640000,20640100,1134,1889,20720000,27754
22,259,20720000,20720100,1134,1889,20800000,27862
22,26,2080000,2080100,1134,1889,2160000,2888
22,260,20800000,20800100,1134,1889,20880000,27969
22,261,20880000,20880100,1134,1889,20960000,28074
22,262,20960000,20960100,1134,1889,21040000,28181
22,263,21040000,21040100,1134,1889,21120000,28288
22,264,21120000,21120100,1134,1889,21200000,28396
22,265,21200000,21200100,1134,1889,21280000,28503
22,266,21280000,21280100,1134,1889,21360000,28610
22,267,21360000,21360100,1134,1889,21440000,28717
22,268,21440000,21440100,1134,1889,21520000,28824
22,269,21520000,21520100,1134,1889,21600000,28934
22,27,2160000,2160100,1134,1889,2240000,2995
22,270,21600000,21600100,1134,1889,21680000,29039
22,271,21680000,21680100,1134,1889,21760000,29146
22,272,21760000,21760100,1134,1889,21840000,29255
22,273,21840000,21840100,1134,1889,21920000,29362
22,274,21920000,21920100,1134,1889,22000000,29468
22,275,22000000,22000100,1134,1889,22080000,29575
22,276,22080000,22080100,1134,1889,22160000,29682
22,277,22160000,22160100,1134,1889,22240000,29789
22,278,22240000,22240100,1134,1889,22320000,29896
22,279,22320000,22320100,1134,1889,22400000,30004
22,28,2240000,2240100,1134,1889,2320000,3102
22,280,22400000,22400100,1134,1889,22480000,30111
22,281,22480000,22480100,1134,1889,22560000,30218
22,282,22560000,22560100,1134,1889,22640000,30325
22,283,22640000,22640100,1134,1889,22720000,30430
22,284,22720000,22720100,1134,1889,22800000,30540
22,285,22800000,22800100,1134,1889,22880000,30647
22,286,22880000,22880100,1134,1889,22960000,30756
22,287,22960000,22960100,1134,1889,23040000,30863
22,288,23040000,23040100,1134,1889,23120000,30968
22,289,23120000,23120100,1134,1889,23200000,31076
22,29,2320000,2320100,1134,1889,2400000,3212
22,290,23200000,23200100,1134,1889,23280000,31183
22,291,23280000,23280100,1134,1889,23360000,31290
22,292,23360000,23360100,1134,1889,23440000,31395
22,293,23440000,23440100,1134,1889,23520000,31504
22,294,23520000,23520100,1134,1889,23600000,31612
22,295,23600000,23600100,1134,1889,23680000,31719
22,296,23680000,23680100,1134,1889,23760000,31826
22,297,23760000,23760100,1134,1889,23840000,31931
22,298,23840000,23840100,1134,1889,23920000,32038
22,299,23920000,23920100,1134,1889,24000000,32148
22,3,240000,240100,1134,1889,320000,424
22,30,2400000,2400100,1134,1889,2480000,3319
22,300,24000000,24000100,1134,1889,24080000,32257
22,301,24080000,24080100,1134,1889,24160000,32362
22,302,24160000,24160100,1134,1889,24240000,32469
22,303,24240000,24240100,1134,1889,24320000,32576
22,304,24320000,24320100,1134,1889,24400000,32684
22,305,24400000,24400100,1134,1889,24480000,32791
22,306,24480000,24480100,1134,1889,24560000,32896
22,307,24560000,24560100,1134,1889,24640000,33005
22,308,24640000,24640100,1134,1889,24720000,33112
22,309,24720000,24720100,1134,1889,24800000,33220
22,31,2480000,2480100,1134,1889,2560000,3424
22,310,24800000,24800100,1134,1889,24880000,33325
22,311,24880000,24880100,1134,1889,24960000,33432
22,312,24960000,24960100,1134,1889,25040000,33539
22,313,25040000,25040100,1134,1889,25120000,33646
22,314,25120000,25120100,1134,1889,25200000,33758
22,32,2560000,2560100,1134,1889,2640000,3531
22,33,2640000,2640100,1134,1889,2720000,3638
22,34,2720000,2720100,1134,1889,2800000,3748
22,35,2800000,2800100,1134,1889,2880000,3855
22,36,2880000,2880100,1134,1889,2960000,3960
22,37,2960000,2960100,1134,1889,3040000,4067
22,38,3040000,3040100,1134,1889,3120000,4174
22,39,3120000,3120100,1134,1889,3200000,4282
22,4,320000,320100,1134,1889,400000,530
22,40,3200000,3200100,1134,1889,3280000,4387
22,41,3280000,3280100,1134,1889,3360000,4496
22,42,3360000,3360100,1134,1889,3440000,4603
22,43,3440000,3440100,1134,1889,3520000,4710
22,44,3520000,3520100,1134,1889,3600000,4820
22,45,3600000,3600100,1134,1889,3680000,4925
22,46,3680000,3680100,1134,1889,3760000,5032
22,47,3760000,3760100,1134,1889,3840000,5139
22,48,3840000,3840100,1134,1889,3920000,5248
22,49,3920000,3920100,1134,1889,4000000,5354
22,5,400000,400100,1134,1889,480000,637
22,50,4000000,4000100,1134,1889,4080000,5461
22,51,4080000,4080100,1134,1889,4160000,5568
22,52,4160000,4160100,1134,1889,4240000,5675
22,53,4240000,4240100,1134,1889,4320000,5782
22,54,4320000,4320100,1134,1889,4400000,5888
22,55,4400000,4400100,1134,1889,4480000,5997
22,56,4480000,4480100,1134,1889,4560000,6104
22,57,4560000,4560100,1134,1889,4640000,6211
22,58,4640000,4640100,1134,1889,4720000,6316
22,59,4720000,4720100,1134,1889,4800000,6426
22,6,480000,480100,1134,1889,560000,746
22,60,4800000,4800100,1134,1889,4880000,6533
22,61,4880000,4880100,1134,1889,4960000,6640
22,62,4960000,4960100,1134,1889,5040000,6749
22,63,5040000,5040100,1134,1889,5120000,6854
22,64,5120000,5120100,1134,1889,5200000,6962
22,65,5200000,5200100,1134,1889,5280000,7069
22,66,5280000,5280100,1134,1889,5360000,7176
22,67,5360000,5360100,1134,1889,5440000,7281
22,68,5440000,5440100,1134,1889,5520000,7388
22,69,5520000,5520100,1134,1889,5600000,7498
22,7,560000,560100,1134,1889,640000,853
22,70,5600000,5600100,1134,1889,5680000,7605
22,71,5680000,5680100,1134,1889,5760000,7712
22,72,5760000,5760100,1134,1889,5840000,7817
22,73,5840000,5840100,1134,1889,5920000,7924
22,74,5920000,5920100,1134,1889,6000000,8034
22,75,6000000,6000100,1134,1889,6080000,8141
22,76,6080000,6080100,1134,1889,6160000,8248
22,77,6160000,6160100,1134,1889,6240000,8355
22,78,6240000,6240100,1134,1889,6320000,8462
22,79,6320000,6320100,1134,1889,6400000,8570
22,8,640000,640100,1134,1889,720000,960
22,80,6400000,6400100,1134,1889,6480000,8677
22,81,6480000,6480100,1134,1889,6560000,8782
22,82,6560000,6560100,1134,1889,6640000,8889
22,83,6640000,6640100,1134,1889,6720000,8998
22,84,6720000,6720100,1134,1889,6800000,9106
22,85,6800000,6800100,1134,1889,6880000,9211
22,86,6880000,6880100,1134,1889,6960000,9318
22,87,6960000,6960100,1134,1889,7040000,9425
22,88,7040000,7040100,1134,1889,7120000,9532
22,89,7120000,7120100,1134,1889,7200000,9642
22,9,720000,720100,1134,1889,800000,1066
22,90,7200000,7200100,1134,1889,7280000,9749
22,91,7280000,7280100,1134,1889,7360000,9856
22,92,7360000,7360100,1134,1889,7440000,9963
22,93,7440000,7440100,1134,1889,7520000,10070
22,94,7520000,7520100,1134,1889,7600000,10176
22,95,7600000,7600100,1134,1889,7680000,10283
22,96,7680000,7680100,1134,1889,7760000,10390
22,97,7760000,7760100,1134,1889,7840000,10499
22,98,7840000,7840100,1134,1889,7920000,10606
22,99,7920000,7920100,1134,1889,8000000,10712
23,0,0,100,3108,5180,80000,104
23,1,80000,80100,3108,5180,160000,211
23,10,800000,800100,3108,5180,880000,1174
23,100,8000000,8000100,3108,5180,8080000,10820
23,101,8080000,8080100,3108,5180,8160000,10927
23,102,8160000,8160100,3108,5180,8240000,11034
23,103,8240000,8240100,3108,5180,8320000,11139
23,104,8320000,8320100,3108,5180,8400000,11251
23,105,8400000,8400100,3108,5180,8480000,11358
23,106,8480000,8480100,3108,5180,8560000,11465
23,107,8560000,8560100,3108,5180,8640000,11572
23,108,8640000,8640100,3108,5180,8720000,11677
23,109,8720000,8720100,3108,5180,8800000,11785
23,11,880000,880100,3108,5180,960000,1281
23,110,8800000,8800100,3108,5180,8880000,11892
23,111,8880000,8880100,3108,5180,8960000,12001
23,112,8960000,8960100,3108,5180,9040000,12106
23,113,9040000,9040100,3108,5180,9120000,12213
23,114,9120000,9120100,3108,5180,9200000,12321
23,115,9200000,9200100,3108,5180,9280000,12428
23,116,9280000,9280100,3108,5180,9360000,12535
23,117,9360000,9360100,3108,5180,9440000,12640
23,118,9440000,9440100,3108,5180,9520000,12749
23,119,9520000,9520100,3108,5180,9600000,12859
23,12,960000,960100,3108,5180,1040000,1388
23,120,9600000,9600100,3108,5180,9680000,12966
23,121,9680000,9680100,3108,5180,9760000,13071
23,122,9760000,9760100,3108,5180,9840000,13178
23,123,9840000,9840100,3108,5180,9920000,13285
23,124,9920000,9920100,3108,5180,10000000,13393
23,125,10000000,10000100,3108,5180,10080000,13502
23,126,10080000,10080100,3108,5180,10160000,13607
23,127,10160000,10160100,3108,5180,10240000,13714
23,128,10240000,10240100,3108,5180,10320000,13821
23,129,10320000,10320100,3108,5180,10400000,13929
23,13,1040000,1040100,3108,5180,1120000,1495
23,130,10400000,10400100,3108,5180,10480000,14034
23,131,10480000,10480100,3108,5180,10560000,14141
23,132,10560000,10560100,3108,5180,10640000,14250
23,133,10640000,10640100,3108,5180,10720000,14357
23,134,10720000,10720100,3108,5180,10800000,14467
23,135,10800000,10800100,3108,5180,10880000,14572
23,136,10880000,10880100,3108,5180,10960000,14679
23,137,10960000,10960100,3108,5180,11040000,14786
23,138,11040000,11040100,3108,5180,11120000,14893
23,139,11120000,11120100,3108,5180,11200000,15001
23,14,1120000,1120100,3108,5180,1200000,1605
23,140,11200000,11200100,3108,5180,11280000,15108
23,141,11280000,11280100,3108,5180,11360000,15215
23,142,11360000,11360100,3108,5180,11440000,15322
23,143,11440000,11440100,3108,5180,11520000,15429
23,144,11520000,11520100,3108,5180,11600000,15535
23,145,11600000,11600100,3108,5180,11680000,15642
23,146,11680000,11680100,3108,5180,11760000,15751
23,147,11760000,11760100,3108,5180,11840000,15858
23,148,11840000,11840100,3108,5180,11920000,15963
23,149,11920000,11920100,3108,5180,12000000,16073
23,15,1200000,1200100,3108,5180,1280000,1712
23,150,12000000,12000100,3108,5180,12080000,16180
23,151,12080000,12080100,3108,5180,12160000,16287
23,152,12160000,12160100,3108,5180,12240000,16394
23,153,12240000,12240100,3108,5180,12320000,16501
23,154,12320000,12320100,3108,5180,12400000,16609
23,155,12400000,12400100,3108,5180,12480000,16716
23,156,12480000,12480100,3108,5180,12560000,16823
23,157,12560000,12560100,3108,5180,12640000,16928
23,158,12640000,12640100,3108,5180,12720000,17035
23,159,12720000,12720100,3108,5180,12800000,17143
23,16,1280000,1280100,3108,5180,1360000,1819
23,160,12800000,12800100,3108,5180,12880000,17252
23,161,12880000,12880100,3108,5180,12960000,17359
23,162,12960000,12960100,3108,5180,13040000,17464
23,163,13040000,13040100,3108,5180,13120000,17571
23,164,13120000,13120100,3108,5180,13200000,17681
23,165,13200000,13200100,3108,5180,13280000,17788
23,166,13280000,13280100,3108,5180,13360000,17893
23,167,13360000,13360100,3108,5180,13440000,18002
23,168,13440000,13440100,3108,5180,13520000,18109
23,169,13520000,13520100,3108,5180,13600000,18217
23,17,1360000,1360100,3108,5180,1440000,1926
23,170,13600000,13600100,3108,5180,13680000,18324
23,171,13680000,13680100,3108,5180,13760000,18429
23,172,13760000,13760100,3108,5180,13840000,18536
23,173,13840000,13840100,3108,5180,13920000,18643
23,174,13920000,13920100,3108,5180,14000000,18753
23,175,14000000,14000100,3108,5180,14080000,18858
23,176,14080000,14080100,3108,5180,14160000,18965
23,177,14160000,14160100,3108,5180,14240000,19072
23,178,14240000,14240100,3108,5180,14320000,19179
23,179,14320000,14320100,3108,5180,14400000,19289
23,18,1440000,1440100,3108,5180,1520000,2031
23,180,14400000,14400100,3108,5180,14480000,19394
23,181,14480000,14480100,3108,5180,14560000,19503
23,182,14560000,14560100,3108,5180,14640000,19610
23,183,14640000,14640100,3108,5180,14720000,19717
23,184,14720000,14720100,3108,5180,14800000,19823
23,185,14800000,14800100,3108,5180,14880000,19930
23,186,14880000,14880100,3108,5180,14960000,20037
23,187,14960000,14960100,3108,5180,15040000,20144
23,188,15040000,15040100,3108,5180,15120000,20253
23,189,15120000,15120100,3108,5180,15200000,20359
23,19,1520000,1520100,3108,5180,1600000,2139
23,190,15200000,15200100,3108,5180,15280000,20466
23,191,15280000,15280100,3108,5180,15360000,20573
23,192,15360000,15360100,3108,5180,15440000,20680
23,193,15440000,15440100,3108,5180,15520000,20785
23,194,15520000,15520100,3108,5180,15600000,20895
23,195,15600000,15600100,3108,5180,15680000,21004
23,196,15680000,15680100,3108,5180,15760000,21111
23,197,15760000,15760100,3108,5180,15840000,21218
23,198,15840000,15840100,3108,5180,15920000,21323
23,199,15920000,15920100,3108,5180,16000000,21431
23,2,160000,160100,3108,5180,240000,318
23,20,1600000,1600100,3108,5180,1680000,2248
23,200,16000000,16000100,3108,5180,16080000,21538
23,201,16080000,16080100,3108,5180,16160000,21645
23,202,16160000,16160100,3108,5180,16240000,21752
23,203,16240000,16240100,3108,5180,16320000,21859
23,204,16320000,16320100,3108,5180,16400000,21967
23,205,16400000,16400100,3108,5180,16480000,22074
23,206,16480000,16480100,3108,5180,16560000,22181
23,207,16560000,16560100,3108,5180,16640000,22286
23,208,16640000,16640100,3108,5180,16720000,22393
23,209,16720000,16720100,3108,5180,16800000,22505
23,21,1680000,1680100,3108,5180,1760000,2355
23,210,16800000,16800100,3108,5180,16880000,22612
23,211,16880000,16880100,3108,5180,16960000,22717
23,212,16960000,16960100,3108,5180,17040000,22824
23,213,17040000,17040100,3108,5180,17120000,22931
23,214,17120000,17120100,3108,5180,17200000,23039
23,215,17200000,17200100,3108,5180,17280000,23146
23,216,17280000,17280100,3108,5180,17360000,23253
23,217,17360000,17360100,3108,5180,17440000,23360
23,218,17440000,17440100,3108,5180,17520000,23467
23,219,17520000,17520100,3108,5180,17600000,23575
23,22,1760000,1760100,3108,5180,1840000,2460
23,220,17600000,17600100,3108,5180,17680000,23680
23,221,17680000,17680100,3108,5180,17760000,23787
23,222,17760000,17760100,3108,5180,17840000,23894
23,223,17840000,17840100,3108,5180,17920000,24003
23,224,17920000,17920100,3108,5180,18000000,24113
23,225,18000000,18000100,3108,5180,18080000,24218
23,226,18080000,18080100,3108,5180,18160000,24325
23,227,18160000,18160100,3108,5180,18240000,24432
23,228,18240000,18240100,3108,5180,18320000,24539
23,229,18320000,18320100,3108,5180,18400000,24645
23,23,1840000,1840100,3108,5180,1920000,2567
23,230,18400000,18400100,3108,5180,18480000,24754
23,231,18480000,18480100,3108,5180,18560000,24861
23,232,18560000,18560100,3108,5180,18640000,24968
23,233,18640000,18640100,3108,5180,18720000,25075
23,234,18720000,18720100,3108,5180,18800000,25181
23,235,18800000,18800100,3108,5180,18880000,25288
23,236,18880000,18880100,3108,5180,18960000,25395
23,237,18960000,18960100,3108,5180,19040000,25504
23,238,19040000,19040100,3108,5180,19120000,25609
23,239,19120000,19120100,3108,5180,19200000,25719
23,24,1920000,1920100,3108,5180,2000000,2675
23,240,19200000,19200100,3108,5180,19280000,25826
23,241,19280000,19280100,3108,5180,19360000,25933
23,242,19360000,19360100,3108,5180,19440000,26040
23,243,19440000,19440100,3108,5180,19520000,26145
23,244,19520000,19520100,3108,5180,19600000,26255
23,245,19600000,19600100,3108,5180,19680000,26362
23,246,19680000,19680100,3108,5180,19760000,26469
23,247,19760000,19760100,3108,5180,19840000,26574
23,248,19840000,19840100,3108,5180,19920000,26681
23,249,19920000,19920100,3108,5180,20000000,26789
23,25,2000000,2000100,3108,5180,2080000,2782
23,250,20000000,20000100,3108,5180,20080000,26896
23,251,20080000,20080100,3108,5180,20160000,27005
23,252,20160000,20160100,3108,5180,20240000,27110
23,253,20240000,20240100,3108,5180,20320000,27217
23,254,20320000,20320100,3108,5180,20400000,27327
23,255,20400000,20400100,3108,5180,20480000,27434
23,256,20480000,20480100,3108,5180,20560000,27539
23,257,20560000,20560100,3108,5180,20640000,27646
23,258,20640000,20640100,3108,5180,20720000,27755
23,259,20720000,20720100,3108,5180,20800000,27863
23,26,2080000,2080100,3108,5180,2160000,2889
23,260,20800000,20800100,3108,5180,20880000,27970
23,261,20880000,20880100,3108,5180,20960000,28075
23,262,20960000,20960100,3108,5180,21040000,28182
23,263,21040000,21040100,3108,5180,21120000,28289
23,264,21120000,21120100,3108,5180,21200000,28397
23,265,21200000,21200100,3108,5180,21280000,28504
23,266,21280000,21280100,3108,5180,21360000,28611
23,267,21360000,21360100,3108,5180,21440000,28718
23,268,21440000,21440100,3108,5180,21520000,28825
23,269,21520000,21520100,3108,5180,21600000,28935
23,27,2160000,2160100,3108,5180,2240000,2996
23,270,21600000,21600100,3108,5180,21680000,29040
23,271,21680000,21680100,3108,5180,21760000,29147
23,272,21760000,21760100,3108,5180,21840000,29256
23,273,21840000,21840100,3108,5180,21920000,29363
23,274,21920000,21920100,3108,5180,22000000,29469
23,275,22000000,22000100,3108,5180,22080000,29576
23,276,22080000,22080100,3108,5180,22160000,29683
23,277,22160000,22160100,3108,5180,22240000,29790
23,278,22240000,22240100,3108,5180,22320000,29897
23,279,22320000,22320100,3108,5180,22400000,30005
23,28,2240000,2240100,3108,5180,2320000,3103
23,280,22400000,22400100,3108,5180,22480000,30112
23,281,22480000,22480100,3108,5180,22560000,30219
23,282,22560000,22560100,3108,5180,22640000,30326
23,283,22640000,22640100,3108,5180,22720000,30431
23,284,22720000,22720100,3108,5180,22800000,30541
23,285,22800000,22800100,3108,5180,22880000,30648
23,286,22880000,22880100,3108,5180,22960000,30757
23,287,22960000,22960100,3108,5180,23040000,30864
23,288,23040000,23040100,3108,5180,23120000,30969
23,289,23120000,23120100,3108,5180,23200000,31077
23,29,2320000,2320100,3108,5180,2400000,3213
23,290,23200000,23200100,3108,5180,23280000,31184
23,291,23280000,23280100,3108,5180,23360000,31291
23,292,23360000,23360100,3108,5180,23440000,31396
23,293,23440000,23440100,3108,5180,23520000,31505
23,294,23520000,23520100,3108,5180,23600000,31613
23,295,23600000,23600100,3108,5180,23680000,31720
23,296,23680000,23680100,3108,5180,23760000,31827
23,297,23760000,23760100,3108,5180,23840000,31932
23,298,23840000,23840100,3108,5180,23920000,32039
23,299,23920000,23920100,3108,5180,24000000,32149
23,3,240000,240100,3108,5180,320000,425
23,30,2400000,2400100,3108,5180,2480000,3320
23,300,24000000,24000100,3108,5180,24080000,32258
23,301,24080000,24080100,3108,5180,24160000,32363
23,302,24160000,24160100,3108,5180,24240000,32470
23,303,24240000,24240100,3108,5180,24320000,32577
23,304,24320000,24320100,3108,5180,24400000,32685
23,305,24400000,24400100,3108,5180,24480000,32792
23,306,24480000,24480100,3108,5180,24560000,32897
23,307,24560000,24560100,3108,5180,24640000,33006
23,308,24640000,24640100,3108,5180,24720000,33113
23,309,24720000,24720100,3108,5180,24800000,33221
23,31,2480000,2480100,3108,5180,2560000,3425
23,310,24800000,24800100,3108,5180,24880000,33326
23,311,24880000,24880100,3108,5180,24960000,33433
23,312,24960000,24960100,3108,5180,25040000,33540
23,313,25040000,25040100,3108,5180,25120000,33647
23,314,25120000,25120100,3108,5180,25200000,33759
23,32,2560000,2560100,3108,5180,2640000,3532
23,33,2640000,2640100,3108,5180,2720000,3639
23,34,2720000,2720100,3108,5180,2800000,3749
23,35,2800000,2800100,3108,5180,2880000,3856
23,36,2880000,2880100,3108,5180,2960000,3961
23,37,2960000,2960100,3108,5180,3040000,4068
23,38,3040000,3040100,3108,5180,3120000,4175
23,39,3120000,3120100,3108,5180,3200000,4283
23,4,320000,320100,3108,5180,400000,531
23,40,3200000,3200100,3108,5180,3280000,4388
23,41,3280000,3280100,3108,5180,3360000,4497
23,42,3360000,3360100,3108,5180,3440000,4604
23,43,3440000,3440100,3108,5180,3520000,4711
23,44,3520000,3520100,3108,5180,3600000,4821
23,45,3600000,3600100,3108,5180,3680000,4926
23,46,3680000,3680100,3108,5180,3760000,5033
23,47,3760000,3760100,3108,5180,3840000,5140
23,48,3840000,3840100,3108,5180,3920000,5249
23,49,3920000,3920100,3108,5180,4000000,5355
23,5,400000,400100,3108,5180,480000,638
23,50,4000000,4000100,3108,5180,4080000,5462
23,51,4080000,4080100,3108,5180,4160000,5569
23,52,4160000,4160100,3108,5180,4240000,5676
23,53,4240000,4240100,3108,5180,4320000,5783
23,54,4320000,4320100,3108,5180,4400000,5889
23,55,4400000,4400100,3108,5180,4480000,5998
23,56,4480000,4480100,3108,5180,4560000,6105
23,57,4560000,4560100,3108,5180,4640000,6212
23,58,4640000,4640100,3108,5180,4720000,6317
23,59,4720000,4720100,3108,5180,4800000,6427
23,6,480000,480100,3108,5180,560000,747
23,60,4800000,4800100,3108,5180,4880000,6534
23,61,4880000,4880100,3108,5180,4960000,6641
23,62,4960000,4960100,3108,5180,5040000,6750
23,63,5040000,5040100,3108,5180,5120000,6855
23,64,5120000,5120100,3108,5180,5200000,6963
23,65,5200000,5200100,3108,5180,5280000,7070
23,66,5280000,5280100,3108,5180,5360000,7177
23,67,5360000,5360100,3108,5180,5440000,7282
23,68,5440000,5440100,3108,5180,5520000,7389
23,69,5520000,5520100,3108,5180,5600000,7499
23,7,560000,560100,3108,5180,640000,854
23,70,5600000,5600100,3108,5180,5680000,7606
23,71,5680000,5680100,3108,5180,5760000,7713
23,72,5760000,5760100,3108,5180,5840000,7818
23,73,5840000,5840100,3108,5180,5920000,7925
23,74,5920000,5920100,3108,5180,6000000,8035
23,75,6000000,6000100,3108,5180,6080000,8142
23,76,6080000,6080100,3108,5180,6160000,8249
23,77,6160000,6160100,3108,5180,6240000,8356
23,78,6240000,6240100,3108,5180,6320000,8463
23,79,6320000,6320100,3108,5180,6400000,8571
23,8,640000,640100,3108,5180,720000,961
23,80,6400000,6400100,3108,5180,6480000,8678
23,81,6480000,6480100,3108,5180,6560000,8783
23,82,6560000,6560100,3108,5180,6640000,8890
23,83,6640000,6640100,3108,5180,6720000,8999
23,84,6720000,6720100,3108,5180,6800000,9107
23,85,6800000,6800100,3108,5180,6880000,9212
23,86,6880000,6880100,3108,5180,6960000,9319
23,87,6960000,6960100,3108,5180,7040000,9426
23,88,7040000,7040100,3108,5180,7120000,9533
23,89,7120000,7120100,3108,5180,7200000,9643
23,9,720000,720100,3108,5180,800000,1067
23,90,7200000,7200100,3108,5180,7280000,9750
23,91,7280000,7280100,3108,5180,7360000,9857
23,92,7360000,7360100,3108,5180,7440000,9964
23,93,7440000,7440100,3108,5180,7520000,10071
23,94,7520000,7520100,3108,5180,7600000,10177
23,95,7600000,7600100,3108,5180,7680000,10284
23,96,7680000,7680100,3108,5180,7760000,10391
23,97,7760000,7760100,3108,5180,7840000,10500
23,98,7840000,7840100,3108,5180,7920000,10607
23,99,7920000,7920100,3108,5180,8000000,10713
3,0,0,100,288,480,10000,3
3,1,10000,10100,288,480,20000,13
3,10,100000,100100,288,480,110000,133
3,100,1000000,1000100,288,480,1010000,1340
3,1000,10000000,10000100,288,480,10010000,13397
3,1001,10010000,10010100,288,480,10020000,13409
3,1002,10020000,10020100,288,480,10030000,13422
3,1003,10030000,10030100,288,480,10040000,13434
3,1004,10040000,10040100,288,480,10050000,13449
3,1005,10050000,10050100,288,480,10060000,13462
3,1006,10060000,10060100,288,480,10070000,13474
3,1007,10070000,10070100,288,480,10080000,13485
3,1008,10080000,10080100,288,480,10090000,13506
3,1009,10090000,10090100,288,480,10100000,13516
3,101,1010000,1010100,288,480,1020000,1350
3,1010,10100000,10100100,288,480,10110000,13529
3,1011,10110000,10110100,288,480,10120000,13539
3,1012,10120000,10120100,288,480,10130000,13559
3,1013,10130000,10130100,288,480,10140000,13569
3,1014,10140000,10140100,288,480,10150000,13581
3,1015,10150000,10150100,288,480,10160000,13594
3,1016,10160000,10160100,288,480,10170000,13611
3,1017,10170000,10170100,288,480,10180000,13624
3,1018,10180000,10180100,288,480,10190000,13636
3,1019,10190000,10190100,288,480,10200000,13646
3,102,1020000,1020100,288,480,1030000,1363
3,1020,10200000,10200100,288,480,10210000,13664
3,1021,10210000,10210100,288,480,10220000,13676
3,1022,10220000,10220100,288,480,10230000,13691
3,1023,10230000,10230100,288,480,10240000,13701
3,1024,10240000,10240100,288,480,10250000,13718
3,1025,10250000,10250100,288,480,10260000,13729
3,1026,10260000,10260100,288,480,10270000,13743
3,1027,10270000,10270100,288,480,10280000,13756
3,1028,10280000,10280100,288,480,10290000,13771
3,1029,10290000,10290100,288,480,10300000,13783
3,103,1030000,1030100,288,480,1040000,1375
3,1030,10300000,10300100,288,480,10310000,13798
3,1031,10310000,10310100,288,480,10320000,13808
3,1032,10320000,10320100,288,480,10330000,13826
3,1033,10330000,10330100,288,480,10340000,13836
3,1034,10340000,10340100,288,480,10350000,13848
3,1035,10350000,10350100,288,480,10360000,13863
3,1036,10360000,10360100,288,480,10370000,13880
3,1037,10370000,10370100,288,480,10380000,13891
3,1038,10380000,10380100,288,480,10390000,13903
3,1039,10390000,10390100,288,480,10400000,13915
3,104,1040000,1040100,288,480,1050000,1392
3,1040,10400000,10400100,288,480,10410000,13933
3,1041,10410000,10410100,288,480,10420000,13943
3,1042,10420000,10420100,288,480,10430000,13958
3,1043,10430000,10430100,288,480,10440000,13970
3,1044,10440000,10440100,288,480,10450000,13987
3,1045,10450000,10450100,288,480,10460000,13998
3,1046,10460000,10460100,288,480,10470000,14010
3,1047,10470000,10470100,288,480,10480000,14021
3,1048,10480000,10480100,288,480,10490000,14040
3,1049,10490000,10490100,288,480,10500000,14050
3,105,1050000,1050100,288,480,1060000,1407
3,1050,10500000,10500100,288,480,10510000,14067
3,1051,10510000,10510100,288,480,10520000,14077
3,1052,10520000,10520100,288,480,10530000,14093
3,1053,10530000,10530100,288,480,10540000,14105
3,1054,10540000,10540100,288,480,10550000,14117
3,1055,10550000,10550100,288,480,10560000,14128
3,1056,10560000,10560100,288,480,10570000,14145
3,1057,10570000,10570100,288,480,10580000,14162
3,1058,10580000,10580100,288,480,10590000,14174
3,1059,10590000,10590100,288,480,10600000,14184
3,106,1060000,1060100,288,480,1070000,1419
3,1060,10600000,10600100,288,480,10610000,14200
3,1061,10610000,10610100,288,480,10620000,14210
3,1062,10620000,10620100,288,480,10630000,14225
3,1063,10630000,10630100,288,480,10640000,14235
3,1064,10640000,10640100,288,480,10650000,14254
3,1065,10650000,10650100,288,480,10660000,14267
3,1066,10660000,10660100,288,480,10670000,14281
3,1067,10670000,10670100,288,480,10680000,14292
3,1068,10680000,10680100,288,480,10690000,14307
3,1069,10690000,10690100,288,480,10700000,14317
3,107,1070000,1070100,288,480,1080000,1430
3,1070,10700000,10700100,288,480,10710000,14330
3,1071,10710000,10710100,288,480,10720000,14344
3,1072,10720000,10720100,288,480,10730000,14364
3,1073,10730000,10730100,288,480,10740000,14374
3,1074,10740000,10740100,288,480,10750000,14386
3,1075,10750000,10750100,288,480,10760000,14399
3,1076,10760000,10760100,288,480,10770000,14414
3,1077,10770000,10770100,288,480,10780000,14425
3,1078,10780000,10780100,288,480,10790000,14439
3,1079,10790000,10790100,288,480,10800000,14449
3,108,1080000,1080100,288,480,1090000,1447
3,1080,10800000,10800100,288,480,10810000,14471
3,1081,10810000,10810100,288,480,10820000,14481
3,1082,10820000,10820100,288,480,10830000,14494
3,1083,10830000,10830100,288,480,10840000,14504
3,1084,10840000,10840100,288,480,10850000,14521
3,1085,10850000,10850100,288,480,10860000,14534
3,1086,10860000,10860100,288,480,10870000,14546
3,1087,10870000,10870100,288,480,10880000,14559
3,1088,10880000,10880100,288,480,10890000,14576
3,1089,10890000,10890100,288,480,10900000,14588
3,109,1090000,1090100,288,480,1100000,1457
3,1090,10900000,10900100,288,480,10910000,14601
3,1091,10910000,10910100,288,480,10920000,14611
3,1092,10920000,10920100,288,480,10930000,14629
3,1093,10930000,10930100,288,480,10940000,14641
3,1094,10940000,10940100,288,480,10950000,14653
3,1095,10950000,10950100,288,480,10960000,14666
3,1096,10960000,10960100,288,480,10970000,14683
3,1097,10970000,10970100,288,480,10980000,14694
3,1098,10980000,10980100,288,480,10990000,14708
3,1099,10990000,10990100,288,480,11000000,14720
3,11,110000,110100,288,480,120000,143
3,110,1100000,1100100,288,480,1110000,1470
3,1100,11000000,11000100,288,480,11010000,14736
3,1101,11010000,11010100,288,480,11020000,14746
3,1102,11020000,11020100,288,480,11030000,14763
3,1103,11030000,11030100,288,480,11040000,14773
3,1104,11040000,11040100,288,480,11050000,14790
3,1105,11050000,11050100,288,480,11060000,14801
3,1106,11060000,11060100,288,480,11070000,14815
3,1107,11070000,11070100,288,480,11080000,14828
3,1108,11080000,11080100,288,480,11090000,14843
3,1109,11090000,11090100,288,480,11100000,14853
3,111,1110000,1110100,288,480,1120000,1480
3,1110,11100000,11100100,288,480,11110000,14868
3,1111,11110000,11110100,288,480,11120000,14880
3,1112,11120000,11120100,288,480,11130000,14898
3,1113,11130000,11130100,288,480,11140000,14910
3,1114,11140000,11140100,288,480,11150000,14922
3,1115,11150000,11150100,288,480,11160000,14933
3,1116,11160000,11160100,288,480,11170000,14950
3,1117,11170000,11170100,288,480,11180000,14963
3,1118,11180000,11180100,288,480,11190000,14975
3,1119,11190000,11190100,288,480,11200000,14985
3,112,1120000,1120100,288,480,1130000,1504
3,1120,11200000,11200100,288,480,11210000,15007
3,1121,11210000,11210100,288,480,11220000,15017
3,1122,11220000,11220100,288,480,11230000,15030
3,1123,11230000,11230100,288,480,11240000,15040
3,1124,11240000,11240100,288,480,11250000,15055
3,1125,11250000,11250100,288,480,11260000,15070
3,1126,11260000,11260100,288,480,11270000,15082
3,1127,11270000,11270100,288,480,11280000,15095
3,1128,11280000,11280100,288,480,11290000,15112
3,1129,11290000,11290100,288,480,11300000,15124
3,113,1130000,1130100,288,480,1140000,1514
3,1130,11300000,11300100,288,480,11310000,15137
3,1131,11310000,11310100,288,480,11320000,15147
3,1132,11320000,11320100,288,480,11330000,15165
3,1133,11330000,11330100,288,480,11340000,15175
3,1134,11340000,11340100,288,480,11350000,15191
3,1135,11350000,11350100,288,480,11360000,15202
3,1136,11360000,11360100,288,480,11370000,15219
3,1137,11370000,11370100,288,480,11380000,15230
3,1138,11380000,11380100,288,480,11390000,15244
3,1139,11390000,11390100,288,480,11400000,15254
3,114,1140000,1140100,288,480,1150000,1526
3,1140,11400000,11400100,288,480,11410000,15272
3,1141,11410000,11410100,288,480,11420000,15284
3,1142,11420000,11420100,288,480,11430000,15297
3,1143,11430000,11430100,288,480,11440000,15309
3,1144,11440000,11440100,288,480,11450000,15326
3,1145,11450000,11450100,288,480,11460000,15337
3,1146,11460000,11460100,288,480,11470000,15349
3,1147,11470000,11470100,288,480,11480000,15364
3,1148,11480000,11480100,288,480,11490000,15381
3,1149,11490000,11490100,288,480,11500000,15391
3,115,1150000,1150100,288,480,1160000,1537
3,1150,11500000,11500100,288,480,11510000,15404
3,1151,11510000,11510100,288,480,11520000,15414
3,1152,11520000,11520100,288,480,11530000,15434
3,1153,11530000,11530100,288,480,11540000,15444
3,1154,11540000,11540100,288,480,11550000,15456
3,1155,11550000,11550100,288,480,11560000,15471
3,1156,11560000,11560100,288,480,11570000,15488
3,1157,11570000,11570100,288,480,11580000,15499
3,1158,11580000,11580100,288,480,11590000,15511
3,1159,11590000,11590100,288,480,11600000,15521
3,116,1160000,1160100,288,480,1170000,1552
3,1160,11600000,11600100,288,480,11610000,15539
3,1161,11610000,11610100,288,480,11620000,15551
3,1162,11620000,11620100,288,480,11630000,15568
3,1163,11630000,11630100,288,480,11640000,15578
3,1164,11640000,11640100,288,480,11650000,15593
3,1165,11650000,11650100,288,480,11660000,15606
3,1166,11660000,11660100,288,480,11670000,15618
3,1167,11670000,11670100,288,480,11680000,15629
3,1168,11680000,11680100,288,480,11690000,15646
3,1169,11690000,11690100,288,480,11700000,15658
3,117,1170000,1170100,288,480,1180000,1565
3,1170,11700000,11700100,288,480,11710000,15675
3,1171,11710000,11710100,288,480,11720000,15685
3,1172,11720000,11720100,288,480,11730000,15701
3,1173,11730000,11730100,288,480,11740000,15711
3,1174,11740000,11740100,288,480,11750000,15725
3,1175,11750000,11750100,288,480,11760000,15736
3,1176,11760000,11760100,288,480,11770000,15755
3,1177,11770000,11770100,288,480,11780000,15768
3,1178,11780000,11780100,288,480,11790000,15780
3,1179,11790000,11790100,288,480,11800000,15792
3,118,1180000,1180100,288,480,1190000,1577
3,1180,11800000,11800100,288,480,11810000,15808
3,1181,11810000,11810100,288,480,11820000,15818
3,1182,11820000,11820100,288,480,11830000,15831
3,1183,11830000,11830100,288,480,11840000,15845
3,1184,11840000,11840100,288,480,11850000,15862
3,1185,11850000,11850100,288,480,11860000,15875
3,1186,11860000,11860100,288,480,11870000,15887
3,1187,11870000,11870100,288,480,11880000,15898
3,1188,11880000,11880100,288,480,11890000,15915
3,1189,11890000,11890100,288,480,11900000,15925
3,119,1190000,1190100,288,480,1200000,1589
3,1190,11900000,11900100,288,480,11910000,15940
3,1191,11910000,11910100,288,480,11920000,15950
3,1192,11920000,11920100,288,480,11930000,15972
3,1193,11930000,11930100,288,480,11940000,15982
3,1194,11940000,11940100,288,480,11950000,15994
3,1195,11950000,11950100,288,480,11960000,16005
3,1196,11960000,11960100,288,480,11970000,16020
3,1197,11970000,11970100,288,480,11980000,16035
3,1198,11980000,11980100,288,480,11990000,16047
3,1199,11990000,11990100,288,480,12000000,16057
3,12,120000,120100,288,480,130000,159
3,120,1200000,1200100,288,480,1210000,1609
3,1200,12000000,12000100,288,480,12010000,16077
3,1201,12010000,12010100,288,480,12020000,16089
3,1202,12020000,12020100,288,480,12030000,16102
3,1203,12030000,12030100,288,480,12040000,16112
3,1204,12040000,12040100,288,480,12050000,16129
3,1205,12050000,12050100,288,480,12060000,16140
3,1206,12060000,12060100,288,480,12070000,16154
3,1207,12070000,12070100,288,480,12080000,16167
3,1208,12080000,12080100,288,480,12090000,16184
3,1209,12090000,12090100,288,480,12100000,16194
3,121,1210000,1210100,288,480,1220000,1621
3,1210,12100000,12100100,288,480,12110000,16209
3,1211,12110000,12110100,288,480,12120000,16221
3,1212,12120000,12120100,288,480,12130000,16237
3,1213,12130000,12130100,288,480,12140000,16247
3,1214,12140000,12140100,288,480,12150000,16259
3,1215,12150000,12150100,288,480,12160000,16274
3,1216,12160000,12160100,288,480,12170000,16291
3,1217,12170000,12170100,288,480,12180000,16302
3,1218,12180000,12180100,288,480,12190000,16316
3,1219,12190000,12190100,288,480,12200000,16328
3,122,1220000,1220100,288,480,1230000,1634
3,1220,12200000,12200100,288,480,12210000,16344
3,1221,12210000,12210100,288,480,12220000,16354
3,1222,12220000,12220100,288,480,12230000,16369
3,1223,12230000,12230100,288,480,12240000,16379
3,1224,12240000,12240100,288,480,12250000,16398
3,1225,12250000,12250100,288,480,12260000,16411
3,1226,12260000,12260100,288,480,12270000,16423
3,1227,12270000,12270100,288,480,12280000,16434
3,1228,12280000,12280100,288,480,12290000,16451
3,1229,12290000,12290100,288,480,12300000,16461
3,123,1230000,1230100,288,480,1240000,1644
3,1230,12300000,12300100,288,480,12310000,16476
3,1231,12310000,12310100,288,480,12320000,16486
3,1232,12320000,12320100,288,480,12330000,16506
3,1233,12330000,12330100,288,480,12340000,16518
3,1234,12340000,12340100,288,480,12350000,16530
3,1235,12350000,12350100,288,480,12360000,16541
3,1236,12360000,12360100,288,480,12370000,16556
3,1237,12370000,12370100,288,480,12380000,16571
3,1238,12380000,12380100,288,480,12390000,16583
3,1239,12390000,12390100,288,480,12400000,16595
3,124,1240000,1240100,288,480,1250000,1659
3,1240,12400000,12400100,288,480,12410000,16613
3,1241,12410000,12410100,288,480,12420000,16623
3,1242,12420000,12420100,288,480,12430000,16638
3,1243,12430000,12430100,288,480,12440000,16648
3,1244,12440000,12440100,288,480,12450000,16663
3,1245,12450000,12450100,288,480,12460000,16676
3,1246,12460000,12460100,288,480,12470000,16692
3,1247,12470000,12470100,288,480,12480000,16703
3,1248,12480000,12480100,288,480,12490000,16720
3,1249,12490000,12490100,288,480,12500000,16730
3,125,1250000,1250100,288,480,1260000,1670
3,1250,12500000,12500100,288,480,12510000,16743
3,1251,12510000,12510100,288,480,12520000,16755
3,1252,12520000,12520100,288,480,12530000,16773
3,1253,12530000,12530100,288,480,12540000,16785
3,1254,12540000,12540100,288,480,12550000,16797
3,1255,12550000,12550100,288,480,12560000,16810
3,1256,12560000,12560100,288,480,12570000,16827
3,1257,12570000,12570100,288,480,12580000,16838
3,1258,12580000,12580100,288,480,12590000,16850
3,1259,12590000,12590100,288,480,12600000,16860
3,126,1260000,1260100,288,480,1270000,1686
3,1260,12600000,12600100,288,480,12610000,16882
3,1261,12610000,12610100,288,480,12620000,16892
3,1262,12620000,12620100,288,480,12630000,16905
3,1263,12630000,12630100,288,480,12640000,16915
3,1264,12640000,12640100,288,480,12650000,16934
3,1265,12650000,12650100,288,480,12660000,16945
3,1266,12660000,12660100,288,480,12670000,16957
3,1267,12670000,12670100,288,480,12680000,16972
3,1268,12680000,12680100,288,480,12690000,16987
3,1269,12690000,12690100,288,480,12700000,16999
3,127,1270000,1270100,288,480,1280000,1699
3,1270,12700000,12700100,288,480,12710000,17012
3,1271,12710000,12710100,288,480,12720000,17022
3,1272,12720000,12720100,288,480,12730000,17040
3,1273,12730000,12730100,288,480,12740000,17052
3,1274,12740000,12740100,288,480,12750000,17066
3,1275,12750000,12750100,288,480,12760000,17079
3,1276,12760000,12760100,288,480,12770000,17094
3,1277,12770000,12770100,288,480,12780000,17105
3,1278,12780000,12780100,288,480,12790000,17119
3,1279,12790000,12790100,288,480,12800000,17129
3,128,1280000,1280100,288,480,1290000,1716
3,1280,12800000,12800100,288,480,12810000,17147
3,1281,12810000,12810100,288,480,12820000,17159
3,1282,12820000,12820100,288,480,12830000,17176
3,1283,12830000,12830100,288,480,12840000,17186
3,1284,12840000,12840100,288,480,12850000,17201
3,1285,12850000,12850100,288,480,12860000,17212
3,1286,12860000,12860100,288,480,12870000,17224
3,1287,12870000,12870100,288,480,12880000,17237
3,1288,12880000,12880100,288,480,12890000,17256
3,1289,12890000,12890100,288,480,12900000,17266
3,129,1290000,1290100,288,480,1300000,1726
3,1290,12900000,12900100,288,480,12910000,17281
3,1291,12910000,12910100,288,480,12920000,17293
3,1292,12920000,12920100,288,480,12930000,17309
3,1293,12930000,12930100,288,480,12940000,17319
3,1294,12940000,12940100,288,480,12950000,17331
3,1295,12950000,12950100,288,480,12960000,17344
3,1296,12960000,12960100,288,480,12970000,17363
3,1297,12970000,12970100,288,480,12980000,17376
3,1298,12980000,12980100,288,480,12990000,17388
3,1299,12990000,12990100,288,480,13000000,17398
3,13,130000,130100,288,480,140000,171
3,130,1300000,1300100,288,480,1310000,1741
3,1300,13000000,13000100,288,480,13010000,17416
3,1301,13010000,13010100,288,480,13020000,17426
3,1302,13020000,13020100,288,480,13030000,17441
3,1303,13030000,13030100,288,480,13040000,17451
3,1304,13040000,13040100,288,480,13050000,17468
3,1305,13050000,13050100,288,480,13060000,17483
3,1306,13060000,13060100,288,480,13070000,17495
3,1307,13070000,13070100,288,480,13080000,17506
3,1308,13080000,13080100,288,480,13090000,17521
3,1309,13090000,13090100,288,480,13100000,17535
3,131,1310000,1310100,288,480,1320000,1751
3,1310,13100000,13100100,288,480,13110000,17548
3,1311,13110000,13110100,288,480,13120000,17558
3,1312,13120000,13120100,288,480,13130000,17578
3,1313,13130000,13130100,288,480,13140000,17588
3,1314,13140000,13140100,288,480,13150000,17602
3,1315,13150000,13150100,288,480,13160000,17613
3,1316,13160000,13160100,288,480,13170000,17630
3,1317,13170000,13170100,288,480,13180000,17641
3,1318,13180000,13180100,288,480,13190000,17655
3,1319,13190000,13190100,288,480,13200000,17665
3,132,1320000,1320100,288,480,1330000,1767
3,1320,13200000,13200100,288,480,13210000,17685
3,1321,13210000,13210100,288,480,13220000,17695
3,1322,13220000,13220100,288,480,13230000,17708
3,1323,13230000,13230100,288,480,13240000,17722
3,1324,13240000,13240100,288,480,13250000,17737
3,1325,13250000,13250100,288,480,13260000,17748
3,1326,13260000,13260100,288,480,13270000,17760
3,1327,13270000,13270100,288,480,13280000,17775
3,1328,13280000,13280100,288,480,13290000,17792
3,1329,13290000,13290100,288,480,13300000,17802
3,133,1330000,1330100,288,480,1340000,1779
3,1330,13300000,13300100,288,480,13310000,17817
3,1331,13310000,13310100,288,480,13320000,17827
3,1332,13320000,13320100,288,480,13330000,17845
3,1333,13330000,13330100,288,480,13340000,17855
3,1334,13340000,13340100,288,480,13350000,17867
3,1335,13350000,13350100,288,480,13360000,17880
3,1336,13360000,13360100,288,480,13370000,17899
3,1337,13370000,13370100,288,480,13380000,17912
3,1338,13380000,13380100,288,480,13390000,17924
3,1339,13390000,13390100,288,480,13400000,17934
3,134,1340000,1340100,288,480,1350000,1791
3,1340,13400000,13400100,288,480,13410000,17950
3,1341,13410000,13410100,288,480,13420000,17962
3,1342,13420000,13420100,288,480,13430000,17977
3,1343,13430000,13430100,288,480,13440000,17987
3,1344,13440000,13440100,288,480,13450000,18006
3,1345,13450000,13450100,288,480,13460000,18019
3,1346,13460000,13460100,288,480,13470000,18031
3,1347,13470000,13470100,288,480,13480000,18042
3,1348,13480000,13480100,288,480,13490000,18057
3,1349,13490000,13490100,288,480,13500000,18067
3,135,1350000,1350100,288,480,1360000,1806
3,1350,13500000,13500100,288,480,13510000,18084
3,1351,13510000,13510100,288,480,13520000,18096
3,1352,13520000,13520100,288,480,13530000,18114
3,1353,13530000,13530100,288,480,13540000,18124
3,1354,13540000,13540100,288,480,13550000,18138
3,1355,13550000,13550100,288,480,13560000,18149
3,1356,13560000,13560100,288,480,13570000,18164
3,1357,13570000,13570100,288,480,13580000,18177
3,1358,13580000,13580100,288,480,13590000,18191
3,1359,13590000,13590100,288,480,13600000,18203
3,136,1360000,1360100,288,480,1370000,1823
3,1360,13600000,13600100,288,480,13610000,18221
3,1361,13610000,13610100,288,480,13620000,18231
3,1362,13620000,13620100,288,480,13630000,18244
3,1363,13630000,13630100,288,480,13640000,18256
3,1364,13640000,13640100,288,480,13650000,18271
3,1365,13650000,13650100,288,480,13660000,18286
3,1366,13660000,13660100,288,480,13670000,18298
3,1367,13670000,13670100,288,480,13680000,18309
3,1368,13680000,13680100,288,480,13690000,18328
3,1369,13690000,13690100,288,480,13700000,18338
3,137,1370000,1370100,288,480,1380000,1834
3,1370,13700000,13700100,288,480,13710000,18351
3,1371,13710000,13710100,288,480,13720000,18361
3,1372,13720000,13720100,288,480,13730000,18383
3,1373,13730000,13730100,288,480,13740000,18393
3,1374,13740000,13740100,288,480,13750000,18405
3,1375,13750000,13750100,288,480,13760000,18416
3,1376,13760000,13760100,288,480,13770000,18433
3,1377,13770000,13770100,288,480,13780000,18446
3,1378,13780000,13780100,288,480,13790000,18458
3,1379,13790000,13790100,288,480,13800000,18470
3,138,1380000,1380100,288,480,1390000,1846
3,1380,13800000,13800100,288,480,13810000,18488
3,1381,13810000,13810100,288,480,13820000,18500
3,1382,13820000,13820100,288,480,13830000,18513
3,1383,13830000,13830100,288,480,13840000,18523
3,1384,13840000,13840100,288,480,13850000,18540
3,1385,13850000,13850100,288,480,13860000,18551
3,1386,13860000,13860100,288,480,13870000,18567
3,1387,13870000,13870100,288,480,13880000,18580
3,1388,13880000,13880100,288,480,13890000,18595
3,1389,13890000,13890100,288,480,13900000,18605
3,139,1390000,1390100,288,480,1400000,1858
3,1390,13900000,13900100,288,480,13910000,18620
3,1391,13910000,13910100,288,480,13920000,18630
3,1392,13920000,13920100,288,480,13930000,18648
3,1393,13930000,13930100,288,480,13940000,18660
3,1394,13940000,13940100,288,480,13950000,18672
3,1395,13950000,13950100,288,480,13960000,18687
3,1396,13960000,13960100,288,480,13970000,18702
3,1397,13970000,13970100,288,480,13980000,18713
3,1398,13980000,13980100,288,480,13990000,18725
3,1399,13990000,13990100,288,480,14000000,18737
3,14,140000,140100,288,480,150000,185
3,140,1400000,1400100,288,480,1410000,1876
3,1400,14000000,14000100,288,480,14010000,18757
3,1401,14010000,14010100,288,480,14020000,18767
3,1402,14020000,14020100,288,480,14030000,18782
3,1403,14030000,14030100,288,480,14040000,18792
3,1404,14040000,14040100,288,480,14050000,18809
3,1405,14050000,14050100,288,480,14060000,18820
3,1406,14060000,14060100,288,480,14070000,18832
3,1407,14070000,14070100,288,480,14080000,18845
3,1408,14080000,14080100,288,480,14090000,18864
3,1409,14090000,14090100,288,480,14100000,18874
3,141,1410000,1410100,288,480,1420000,1886
3,1410,14100000,14100100,288,480,14110000,18889
3,1411,14110000,14110100,288,480,14120000,18899
3,1412,14120000,14120100,288,480,14130000,18915
3,1413,14130000,14130100,288,480,14140000,18927
3,1414,14140000,14140100,288,480,14150000,18941
3,1415,14150000,14150100,288,480,14160000,18952
3,1416,14160000,14160100,288,480,14170000,18969
3,1417,14170000,14170100,288,480,14180000,18984
3,1418,14180000,14180100,288,480,14190000,18996
3,1419,14190000,14190100,288,480,14200000,19006
3,142,1420000,1420100,288,480,1430000,1901
3,1420,14200000,14200100,288,480,14210000,19022
3,1421,14210000,14210100,288,480,14220000,19034
3,1422,14220000,14220100,288,480,14230000,19049
3,1423,14230000,14230100,288,480,14240000,19059
3,1424,14240000,14240100,288,480,14250000,19076
3,1425,14250000,14250100,288,480,14260000,19089
3,1426,14260000,14260100,288,480,14270000,19103
3,1427,14270000,14270100,288,480,14280000,19114
3,1428,14280000,14280100,288,480,14290000,19131
3,1429,14290000,14290100,288,480,14300000,19141
3,143,1430000,1430100,288,480,1440000,1911
3,1430,14300000,14300100,288,480,14310000,19154
3,1431,14310000,14310100,288,480,14320000,19166
3,1432,14320000,14320100,288,480,14330000,19186
3,1433,14330000,14330100,288,480,14340000,19196
3,1434,14340000,14340100,288,480,14350000,19208
3,1435,14350000,14350100,288,480,14360000,19223
3,1436,14360000,14360100,288,480,14370000,19238
3,1437,14370000,14370100,288,480,14380000,19249
3,1438,14380000,14380100,288,480,14390000,19261
3,1439,14390000,14390100,288,480,14400000,19271
3,144,1440000,1440100,288,480,1450000,1930
3,1440,14400000,14400100,288,480,14410000,19293
3,1441,14410000,14410100,288,480,14420000,19303
3,1442,14420000,14420100,288,480,14430000,19318
3,1443,14430000,14430100,288,480,14440000,19328
3,1444,14440000,14440100,288,480,14450000,19345
3,1445,14450000,14450100,288,480,14460000,19356
3,1446,14460000,14460100,288,480,14470000,19368
3,1447,14470000,14470100,288,480,14480000,19381
3,1448,14480000,14480100,288,480,14490000,19398
3,1449,14490000,14490100,288,480,14500000,19412
3,145,1450000,1450100,288,480,1460000,1941
3,1450,14500000,14500100,288,480,14510000,19425
3,1451,14510000,14510100,288,480,14520000,19435
3,1452,14520000,14520100,288,480,14530000,19451
3,1453,14530000,14530100,288,480,14540000,19463
3,1454,14540000,14540100,288,480,14550000,19475
3,1455,14550000,14550100,288,480,14560000,19488
3,1456,14560000,14560100,288,480,14570000,19507
3,1457,14570000,14570100,288,480,14580000,19518
3,1458,14580000,14580100,288,480,14590000,19532
3,1459,14590000,14590100,288,480,14600000,19542
3,146,1460000,1460100,288,480,1470000,1953
3,1460,14600000,14600100,288,480,14610000,19558
3,1461,14610000,14610100,288,480,14620000,19568
3,1462,14620000,14620100,288,480,14630000,19585
3,1463,14630000,14630100,288,480,14640000,19597
3,1464,14640000,14640100,288,480,14650000,19614
3,1465,14650000,14650100,288,480,14660000,19625
3,1466,14660000,14660100,288,480,14670000,19637
3,1467,14670000,14670100,288,480,14680000,19650
3,1468,14680000,14680100,288,480,14690000,19665
3,1469,14690000,14690100,288,480,14700000,19675
3,147,1470000,1470100,288,480,1480000,1966
3,1470,14700000,14700100,288,480,14710000,19692
3,1471,14710000,14710100,288,480,14720000,19704
3,1472,14720000,14720100,288,480,14730000,19722
3,1473,14730000,14730100,288,480,14740000,19732
3,1474,14740000,14740100,288,480,14750000,19744
3,1475,14750000,14750100,288,480,14760000,19755
3,1476,14760000,14760100,288,480,14770000,19772
3,1477,14770000,14770100,288,480,14780000,19787
3,1478,14780000,14780100,288,480,14790000,19799
3,1479,14790000,14790100,288,480,14800000,19809
3,148,1480000,1480100,288,480,1490000,1983
3,1480,14800000,14800100,288,480,14810000,19829
3,1481,14810000,14810100,288,480,14820000,19839
3,1482,14820000,14820100,288,480,14830000,19852
3,1483,14830000,14830100,288,480,14840000,19862
3,1484,14840000,14840100,288,480,14850000,19879
3,1485,14850000,14850100,288,480,14860000,19894
3,1486,14860000,14860100,288,480,14870000,19906
3,1487,14870000,14870100,288,480,14880000,19917
3,1488,14880000,14880100,288,480,14890000,19934
3,1489,14890000,14890100,288,480,14900000,19946
3,149,1490000,1490100,288,480,1500000,1993
3,1490,14900000,14900100,288,480,14910000,19959
3,1491,14910000,14910100,288,480,14920000,19971
3,1492,14920000,14920100,288,480,14930000,19989
3,1493,14930000,14930100,288,480,14940000,19999
3,1494,14940000,14940100,288,480,14950000,20013
3,1495,14950000,14950100,288,480,14960000,20024
3,1496,14960000,14960100,288,480,14970000,20041
3,1497,14970000,14970100,288,480,14980000,20052
3,1498,14980000,14980100,288,480,14990000,20068
3,1499,14990000,14990100,288,480,15000000,20078
3,15,150000,150100,288,480,160000,198
3,150,1500000,1500100,288,480,1510000,2008
3,1500,15000000,15000100,288,480,15010000,20096
3,1501,15010000,15010100,288,480,15020000,20106
3,1502,15020000,15020100,288,480,15030000,20119
3,1503,15030000,15030100,288,480,15040000,20131
3,1504,15040000,15040100,288,480,15050000,20148
3,1505,15050000,15050100,288,480,15060000,20161
3,1506,15060000,15060100,288,480,15070000,20173
3,1507,15070000,15070100,288,480,15080000,20188
3,1508,15080000,15080100,288,480,15090000,20203
3,1509,15090000,15090100,288,480,15100000,20213
3,151,1510000,1510100,288,480,1520000,2018
3,1510,15100000,15100100,288,480,15110000,20226
3,1511,15110000,15110100,288,480,15120000,20236
3,1512,15120000,15120100,288,480,15130000,20258
3,1513,15130000,15130100,288,480,15140000,20268
3,1514,15140000,15140100,288,480,15150000,20280
3,1515,15150000,15150100,288,480,15160000,20293
3,1516,15160000,15160100,288,480,15170000,20310
3,1517,15170000,15170100,288,480,15180000,20321
3,1518,15180000,15180100,288,480,15190000,20333
3,1519,15190000,15190100,288,480,15200000,20345
3,152,1520000,1520100,288,480,1530000,2036
3,1520,15200000,15200100,288,480,15210000,20363
3,1521,15210000,15210100,288,480,15220000,20375
3,1522,15220000,15220100,288,480,15230000,20390
3,1523,15230000,15230100,288,480,15240000,20400
3,1524,15240000,15240100,288,480,15250000,20415
3,1525,15250000,15250100,288,480,15260000,20428
3,1526,15260000,15260100,288,480,15270000,20442
3,1527,15270000,15270100,288,480,15280000,20453
3,1528,15280000,15280100,288,480,15290000,20470
3,1529,15290000,15290100,288,480,15300000,20480
3,153,1530000,1530100,288,480,1540000,2048
3,1530,15300000,15300100,288,480,15310000,20497
3,1531,15310000,15310100,288,480,15320000,20507
3,1532,15320000,15320100,288,480,15330000,20523
3,1533,15330000,15330100,288,480,15340000,20535
3,1534,15340000,15340100,288,480,15350000,20549
3,1535,15350000,15350100,288,480,15360000,20560
3,1536,15360000,15360100,288,480,15370000,20577
3,1537,15370000,15370100,288,480,15380000,20590
3,1538,15380000,15380100,288,480,15390000,20602
3,1539,15390000,15390100,288,480,15400000,20614
3,154,1540000,1540100,288,480,1550000,2062
3,1540,15400000,15400100,288,480,15410000,20632
3,1541,15410000,15410100,288,480,15420000,20642
3,1542,15420000,15420100,288,480,15430000,20655
3,1543,15430000,15430100,288,480,15440000,20667
3,1544,15440000,15440100,288,480,15450000,20684
3,1545,15450000,15450100,288,480,15460000,20697
3,1546,15460000,15460100,288,480,15470000,20709
3,1547,15470000,15470100,288,480,15480000,20722
3,1548,15480000,15480100,288,480,15490000,20739
3,1549,15490000,15490100,288,480,15500000,20749
3,155,1550000,1550100,288,480,1560000,2073
3,1550,15500000,15500100,288,480,15510000,20762
3,1551,15510000,15510100,288,480,15520000,20772
3,1552,15520000,15520100,288,480,15530000,20794
3,1553,15530000,15530100,288,480,15540000,20804
3,1554,15540000,15540100,288,480,15550000,20818
3,1555,15550000,15550100,288,480,15560000,20829
3,1556,15560000,15560100,288,480,15570000,20844
3,1557,15570000,15570100,288,480,15580000,20857
3,1558,15580000,15580100,288,480,15590000,20869
3,1559,15590000,15590100,288,480,15600000,20879
3,156,1560000,1560100,288,480,1570000,2088
3,1560,15600000,15600100,288,480,15610000,20899
3,1561,15610000,15610100,288,480,15620000,20913
3,1562,15620000,15620100,288,480,15630000,20926
3,1563,15630000,15630100,288,480,15640000,20936
3,1564,15640000,15640100,288,480,15650000,20951
3,1565,15650000,15650100,288,480,15660000,20962
3,1566,15660000,15660100,288,480,15670000,20976
3,1567,15670000,15670100,288,480,15680000,20989
3,1568,15680000,15680100,288,480,15690000,21008
3,1569,15690000,15690100,288,480,15700000,21018
3,157,1570000,1570100,288,480,1580000,2103
3,1570,15700000,15700100,288,480,15710000,21033
3,1571,15710000,15710100,288,480,15720000,21043
3,1572,15720000,15720100,288,480,15730000,21059
3,1573,15730000,15730100,288,480,15740000,21069
3,1574,15740000,15740100,288,480,15750000,21081
3,1575,15750000,15750100,288,480,15760000,21098
3,1576,15760000,15760100,288,480,15770000,21115
3,1577,15770000,15770100,288,480,15780000,21126
3,1578,15780000,15780100,288,480,15790000,21138
3,1579,15790000,15790100,288,480,15800000,21150
3,158,1580000,1580100,288,480,1590000,2115
3,1580,15800000,15800100,288,480,15810000,21166
3,1581,15810000,15810100,288,480,15820000,21176
3,1582,15820000,15820100,288,480,15830000,21193
3,1583,15830000,15830100,288,480,15840000,21203
3,1584,15840000,15840100,288,480,15850000,21222
3,1585,15850000,15850100,288,480,15860000,21233
3,1586,15860000,15860100,288,480,15870000,21245
3,1587,15870000,15870100,288,480,15880000,21256
3,1588,15880000,15880100,288,480,15890000,21273
3,1589,15890000,15890100,288,480,15900000,21285
3,159,1590000,1590100,288,480,1600000,2125
3,1590,15900000,15900100,288,480,15910000,21300
3,1591,15910000,15910100,288,480,15920000,21310
3,1592,15920000,15920100,288,480,15930000,21328
3,1593,15930000,15930100,288,480,15940000,21340
3,1594,15940000,15940100,288,480,15950000,21352
3,1595,15950000,15950100,288,480,15960000,21363
3,1596,15960000,15960100,288,480,15970000,21380
3,1597,15970000,15970100,288,480,15980000,21395
3,1598,15980000,15980100,288,480,15990000,21407
3,1599,15990000,15990100,288,480,16000000,21417
3,16,160000,160100,288,480,170000,215
3,160,1600000,1600100,288,480,1610000,2143
3,1600,16000000,16000100,288,480,16010000,21435
3,1601,16010000,16010100,288,480,16020000,21445
3,1602,16020000,16020100,288,480,16030000,21460
3,1603,16030000,16030100,288,480,16040000,21472
3,1604,16040000,16040100,288,480,16050000,21487
3,1605,16050000,16050100,288,480,16060000,21500
3,1606,16060000,16060100,288,480,16070000,21514
3,1607,16070000,16070100,288,480,16080000,21525
3,1608,16080000,16080100,288,480,16090000,21542
3,1609,16090000,16090100,288,480,16100000,21552
3,161,1610000,1610100,288,480,1620000,2155
3,1610,16100000,16100100,288,480,16110000,21567
3,1611,16110000,16110100,288,480,16120000,21579
3,1612,16120000,16120100,288,480,16130000,21597
3,1613,16130000,16130100,288,480,16140000,21607
3,1614,16140000,16140100,288,480,16150000,21619
3,1615,16150000,16150100,288,480,16160000,21632
3,1616,16160000,16160100,288,480,16170000,21649
3,1617,16170000,16170100,288,480,16180000,21662
3,1618,16180000,16180100,288,480,16190000,21674
3,1619,16190000,16190100,288,480,16200000,21684
3,162,1620000,1620100,288,480,1630000,2170
3,1620,16200000,16200100,288,480,16210000,21704
3,1621,16210000,16210100,288,480,16220000,21714
3,1622,16220000,16220100,288,480,16230000,21727
3,1623,16230000,16230100,288,480,16240000,21737
3,1624,16240000,16240100,288,480,16250000,21758
3,1625,16250000,16250100,288,480,16260000,21769
3,1626,16260000,16260100,288,480,16270000,21781
3,1627,16270000,16270100,288,480,16280000,21794
3,1628,16280000,16280100,288,480,16290000,21809
3,1629,16290000,16290100,288,480,16300000,21821
3,163,1630000,1630100,288,480,1640000,2180
3,1630,16300000,16300100,288,480,16310000,21834
3,1631,16310000,16310100,288,480,16320000,21846
3,1632,16320000,16320100,288,480,16330000,21864
3,1633,16330000,16330100,288,480,16340000,21876
3,1634,16340000,16340100,288,480,16350000,21888
3,1635,16350000,16350100,288,480,16360000,21901
3,1636,16360000,16360100,288,480,16370000,21916
3,1637,16370000,16370100,288,480,16380000,21927
3,1638,16380000,16380100,288,480,16390000,21943
3,1639,16390000,16390100,288,480,16400000,21953
3,164,1640000,1640100,288,480,1650000,2195
3,1640,16400000,16400100,288,480,16410000,21971
3,1641,16410000,16410100,288,480,16420000,21981
3,1642,16420000,16420100,288,480,16430000,21998
3,1643,16430000,16430100,288,480,16440000,22008
3,1644,16440000,16440100,288,480,16450000,22023
3,1645,16450000,16450100,288,480,16460000,22036
3,1646,16460000,16460100,288,480,16470000,22048
3,1647,16470000,16470100,288,480,16480000,22061
3,1648,16480000,16480100,288,480,16490000,22078
3,1649,16490000,16490100,288,480,16500000,22088
3,165,1650000,1650100,288,480,1660000,2208
3,1650,16500000,16500100,288,480,16510000,22103
3,1651,16510000,16510100,288,480,16520000,22115
3,1652,16520000,16520100,288,480,16530000,22133
3,1653,16530000,16530100,288,480,16540000,22143
3,1654,16540000,16540100,288,480,16550000,22155
3,1655,16550000,16550100,288,480,16560000,22166
3,1656,16560000,16560100,288,480,16570000,22185
3,1657,16570000,16570100,288,480,16580000,22198
3,1658,16580000,16580100,288,480,16590000,22210
3,1659,16590000,16590100,288,480,16600000,22222
3,166,1660000,1660100,288,480,1670000,2222
3,1660,16600000,16600100,288,480,16610000,22240
3,1661,16610000,16610100,288,480,16620000,22250
3,1662,16620000,16620100,288,480,16630000,22263
3,1663,16630000,16630100,288,480,16640000,22273
3,1664,16640000,16640100,288,480,16650000,22290
3,1665,16650000,16650100,288,480,16660000,22305
3,1666,16660000,16660100,288,480,16670000,22319
3,1667,16670000,16670100,288,480,16680000,22330
3,1668,16680000,16680100,288,480,16690000,22345
3,1669,16690000,16690100,288,480,16700000,22357
3,167,1670000,1670100,288,480,1680000,2233
3,1670,16700000,16700100,288,480,16710000,22370
3,1671,16710000,16710100,288,480,16720000,22380
3,1672,16720000,16720100,288,480,16730000,22400
3,1673,16730000,16730100,288,480,16740000,22412
3,1674,16740000,16740100,288,480,16750000,22426
3,1675,16750000,16750100,288,480,16760000,22437
3,1676,16760000,16760100,288,480,16770000,22452
3,1677,16770000,16770100,288,480,16780000,22463
3,1678,16780000,16780100,288,480,16790000,22477
3,1679,16790000,16790100,288,480,16800000,22487
3,168,1680000,1680100,288,480,1690000,2252
3,1680,16800000,16800100,288,480,16810000,22509
3,1681,16810000,16810100,288,480,16820000,22519
3,1682,16820000,16820100,288,480,16830000,22532
3,1683,16830000,16830100,288,480,16840000,22544
3,1684,16840000,16840100,288,480,16850000,22559
3,1685,16850000,16850100,288,480,16860000,22570
3,1686,16860000,16860100,288,480,16870000,22582
3,1687,16870000,16870100,288,480,16880000,22599
3,1688,16880000,16880100,288,480,16890000,22616
3,1689,16890000,16890100,288,480,16900000,22626
3,169,1690000,1690100,288,480,1700000,2262
3,1690,16900000,16900100,288,480,16910000,22639
3,1691,16910000,16910100,288,480,16920000,22649
3,1692,16920000,16920100,288,480,16930000,22667
3,1693,16930000,16930100,288,480,16940000,22677
3,1694,16940000,16940100,288,480,16950000,22691
3,1695,16950000,16950100,288,480,16960000,22704
3,1696,16960000,16960100,288,480,16970000,22723
3,1697,16970000,16970100,288,480,16980000,22734
3,1698,16980000,16980100,288,480,16990000,22746
3,1699,16990000,16990100,288,480,17000000,22756
3,17,170000,170100,288,480,180000,226
3,170,1700000,1700100,288,480,1710000,2275
3,1700,17000000,17000100,288,480,17010000,22772
3,1701,17010000,17010100,288,480,17020000,22786
3,1702,17020000,17020100,288,480,17030000,22801
3,1703,17030000,17030100,288,480,17040000,22811
3,1704,17040000,17040100,288,480,17050000,22828
3,1705,17050000,17050100,288,480,17060000,22841
3,1706,17060000,17060100,288,480,17070000,22853
3,1707,17070000,17070100,288,480,17080000,22864
3,1708,17080000,17080100,288,480,17090000,22881
3,1709,17090000,17090100,288,480,17100000,22891
3,171,1710000,1710100,288,480,1720000,2287
3,1710,17100000,17100100,288,480,17110000,22908
3,1711,17110000,17110100,288,480,17120000,22918
3,1712,17120000,17120100,288,480,17130000,22936
3,1713,17130000,17130100,288,480,17140000,22946
3,1714,17140000,17140100,288,480,17150000,22960
3,1715,17150000,17150100,288,480,17160000,22973
3,1716,17160000,17160100,288,480,17170000,22988
3,1717,17170000,17170100,288,480,17180000,23001
3,1718,17180000,17180100,288,480,17190000,23013
3,1719,17190000,17190100,288,480,17200000,23025
3,172,1720000,1720100,288,480,1730000,2305
3,1720,17200000,17200100,288,480,17210000,23043
3,1721,17210000,17210100,288,480,17220000,23053
3,1722,17220000,17220100,288,480,17230000,23068
3,1723,17230000,17230100,288,480,17240000,23080
3,1724,17240000,17240100,288,480,17250000,23095
3,1725,17250000,17250100,288,480,17260000,23108
3,1726,17260000,17260100,288,480,17270000,23120
3,1727,17270000,17270100,288,480,17280000,23131
3,1728,17280000,17280100,288,480,17290000,23150
3,1729,17290000,17290100,288,480,17300000,23162
3,173,1730000,1730100,288,480,1740000,2315
3,1730,17300000,17300100,288,480,17310000,23175
3,1731,17310000,17310100,288,480,17320000,23185
3,1732,17320000,17320100,288,480,17330000,23205
3,1733,17330000,17330100,288,480,17340000,23215
3,1734,17340000,17340100,288,480,17350000,23227
3,1735,17350000,17350100,288,480,17360000,23238
3,1736,17360000,17360100,288,480,17370000,23257
3,1737,17370000,17370100,288,480,17380000,23270
3,1738,17380000,17380100,288,480,17390000,23282
3,1739,17390000,17390100,288,480,17400000,23292
3,174,1740000,1740100,288,480,1750000,2327
3,1740,17400000,17400100,288,480,17410000,23310
3,1741,17410000,17410100,288,480,17420000,23322
3,1742,17420000,17420100,288,480,17430000,23335
3,1743,17430000,17430100,288,480,17440000,23347
3,1744,17440000,17440100,288,480,17450000,23364
3,1745,17450000,17450100,288,480,17460000,23375
3,1746,17460000,17460100,288,480,17470000,23389
3,1747,17470000,17470100,288,480,17480000,23402
3,1748,17480000,17480100,288,480,17490000,23417
3,1749,17490000,17490100,288,480,17500000,23427
3,175,1750000,1750100,288,480,1760000,2342
3,1750,17500000,17500100,288,480,17510000,23444
3,1751,17510000,17510100,288,480,17520000,23454
3,1752,17520000,17520100,288,480,17530000,23472
3,1753,17530000,17530100,288,480,17540000,23482
3,1754,17540000,17540100,288,480,17550000,23494
3,1755,17550000,17550100,288,480,17560000,23509
3,1756,17560000,17560100,288,480,17570000,23524
3,1757,17570000,17570100,288,480,17580000,23537
3,1758,17580000,17580100,288,480,17590000,23549
3,1759,17590000,17590100,288,480,17600000,23561
3,176,1760000,1760100,288,480,1770000,2359
3,1760,17600000,17600100,288,480,17610000,23579
3,1761,17610000,17610100,288,480,17620000,23589
3,1762,17620000,17620100,288,480,17630000,23604
3,1763,17630000,17630100,288,480,17640000,23614
3,1764,17640000,17640100,288,480,17650000,23633
3,1765,17650000,17650100,288,480,17660000,23644
3,1766,17660000,17660100,288,480,17670000,23656
3,1767,17670000,17670100,288,480,17680000,23667
3,1768,17680000,17680100,288,480,17690000,23686
3,1769,17690000,17690100,288,480,17700000,23696
3,177,1770000,1770100,288,480,1780000,2370
3,1770,17700000,17700100,288,480,17710000,23711
3,1771,17710000,17710100,288,480,17720000,23723
3,1772,17720000,17720100,288,480,17730000,23739
3,1773,17730000,17730100,288,480,17740000,23751
3,1774,17740000,17740100,288,480,17750000,23763
3,1775,17750000,17750100,288,480,17760000,23774
3,1776,17760000,17760100,288,480,17770000,23791
3,1777,17770000,17770100,288,480,17780000,23806
3,1778,17780000,17780100,288,480,17790000,23820
3,1779,17790000,17790100,288,480,17800000,23830
3,178,1780000,1780100,288,480,1790000,2382
3,1780,17800000,17800100,288,480,17810000,23846
3,1781,17810000,17810100,288,480,17820000,23856
3,1782,17820000,17820100,288,480,17830000,23871
3,1783,17830000,17830100,288,480,17840000,23881
3,1784,17840000,17840100,288,480,17850000,23898
3,1785,17850000,17850100,288,480,17860000,23913
3,1786,17860000,17860100,288,480,17870000,23927
3,1787,17870000,17870100,288,480,17880000,23938
3,1788,17880000,17880100,288,480,17890000,23953
3,1789,17890000,17890100,288,480,17900000,23963
3,179,1790000,1790100,288,480,1800000,2392
3,1790,17900000,17900100,288,480,17910000,23976
3,1791,17910000,17910100,288,480,17920000,23988
3,1792,17920000,17920100,288,480,17930000,24010
3,1793,17930000,17930100,288,480,17940000,24020
3,1794,17940000,17940100,288,480,17950000,24032
3,1795,17950000,17950100,288,480,17960000,24045
3,1796,17960000,17960100,288,480,17970000,24060
3,1797,17970000,17970100,288,480,17980000,24071
3,1798,17980000,17980100,288,480,17990000,24083
3,1799,17990000,17990100,288,480,18000000,24095
3,18,180000,180100,288,480,190000,240
3,180,1800000,1800100,288,480,1810000,2412
3,1800,18000000,18000100,288,480,18010000,24117
3,1801,18010000,18010100,288,480,18020000,24127
3,1802,18020000,18020100,288,480,18030000,24140
3,1803,18030000,18030100,288,480,18040000,24150
3,1804,18040000,18040100,288,480,18050000,24167
3,1805,18050000,18050100,288,480,18060000,24178
3,1806,18060000,18060100,288,480,18070000,24192
3,1807,18070000,18070100,288,480,18080000,24205
3,1808,18080000,18080100,288,480,18090000,24222
3,1809,18090000,18090100,288,480,18100000,24234
3,181,1810000,1810100,288,480,1820000,2422
3,1810,18100000,18100100,288,480,18110000,24247
3,1811,18110000,18110100,288,480,18120000,24257
3,1812,18120000,18120100,288,480,18130000,24273
3,1813,18130000,18130100,288,480,18140000,24287
3,1814,18140000,18140100,288,480,18150000,24299
3,1815,18150000,18150100,288,480,18160000,24312
3,1816,18160000,18160100,288,480,18170000,24329
3,1817,18170000,18170100,288,480,18180000,24340
3,1818,18180000,18180100,288,480,18190000,24354
3,1819,18190000,18190100,288,480,18200000,24364
3,182,1820000,1820100,288,480,1830000,2437
3,1820,18200000,18200100,288,480,18210000,24382
3,1821,18210000,18210100,288,480,18220000,24392
3,1822,18220000,18220100,288,480,18230000,24409
3,1823,18230000,18230100,288,480,18240000,24419
3,1824,18240000,18240100,288,480,18250000,24436
3,1825,18250000,18250100,288,480,18260000,24447
3,1826,18260000,18260100,288,480,18270000,24459
3,1827,18270000,18270100,288,480,18280000,24474
3,1828,18280000,18280100,288,480,18290000,24489
3,1829,18290000,18290100,288,480,18300000,24499
3,183,1830000,1830100,288,480,1840000,2447
3,1830,18300000,18300100,288,480,18310000,24514
3,1831,18310000,18310100,288,480,18320000,24526
3,1832,18320000,18320100,288,480,18330000,24544
3,1833,18330000,18330100,288,480,18340000,24554
3,1834,18340000,18340100,288,480,18350000,24568
3,1835,18350000,18350100,288,480,18360000,24579
3,1836,18360000,18360100,288,480,18370000,24596
3,1837,18370000,18370100,288,480,18380000,24609
3,1838,18380000,18380100,288,480,18390000,24621
3,1839,18390000,18390100,288,480,18400000,24631
3,184,1840000,1840100,288,480,1850000,2466
3,1840,18400000,18400100,288,480,18410000,24651
3,1841,18410000,18410100,288,480,18420000,24663
3,1842,18420000,18420100,288,480,18430000,24676
3,1843,18430000,18430100,288,480,18440000,24686
3,1844,18440000,18440100,288,480,18450000,24701
3,1845,18450000,18450100,288,480,18460000,24716
3,1846,18460000,18460100,288,480,18470000,24728
3,1847,18470000,18470100,288,480,18480000,24739
3,1848,18480000,18480100,288,480,18490000,24758
3,1849,18490000,18490100,288,480,18500000,24770
3,185,1850000,1850100,288,480,1860000,2477
3,1850,18500000,18500100,288,480,18510000,24783
3,1851,18510000,18510100,288,480,18520000,24793
3,1852,18520000,18520100,288,480,18530000,24811
3,1853,18530000,18530100,288,480,18540000,24821
3,1854,18540000,18540100,288,480,18550000,24835
3,1855,18550000,18550100,288,480,18560000,24848
3,1856,18560000,18560100,288,480,18570000,24865
3,1857,18570000,18570100,288,480,18580000,24876
3,1858,18580000,18580100,288,480,18590000,24890
3,1859,18590000,18590100,288,480,18600000,24900
3,186,1860000,1860100,288,480,1870000,2489
3,1860,18600000,18600100,288,480,18610000,24918
3,1861,18610000,18610100,288,480,18620000,24928
3,1862,18620000,18620100,288,480,18630000,24943
3,1863,18630000,18630100,288,480,18640000,24955
3,1864,18640000,18640100,288,480,18650000,24972
3,1865,18650000,18650100,288,480,18660000,24983
3,1866,18660000,18660100,288,480,18670000,24995
3,1867,18670000,18670100,288,480,18680000,25010
3,1868,18680000,18680100,288,480,18690000,25025
3,1869,18690000,18690100,288,480,18700000,25037
3,187,1870000,1870100,288,480,1880000,2502
3,1870,18700000,18700100,288,480,18710000,25050
3,1871,18710000,18710100,288,480,18720000,25060
3,1872,18720000,18720100,288,480,18730000,25080
3,1873,18730000,18730100,288,480,18740000,25090
3,1874,18740000,18740100,288,480,18750000,25102
3,1875,18750000,18750100,288,480,18760000,25115
3,1876,18760000,18760100,288,480,18770000,25134
3,1877,18770000,18770100,288,480,18780000,25145
3,1878,18780000,18780100,288,480,18790000,25157
3,1879,18790000,18790100,288,480,18800000,25167
3,188,1880000,1880100,288,480,1890000,2517
3,1880,18800000,18800100,288,480,18810000,25185
3,1881,18810000,18810100,288,480,18820000,25197
3,1882,18820000,18820100,288,480,18830000,25212
3,1883,18830000,18830100,288,480,18840000,25224
3,1884,18840000,18840100,288,480,18850000,25239
3,1885,18850000,18850100,288,480,18860000,25252
3,1886,18860000,18860100,288,480,18870000,25264
3,1887,18870000,18870100,288,480,18880000,25275
3,1888,18880000,18880100,288,480,18890000,25292
3,1889,18890000,18890100,288,480,18900000,25302
3,189,1890000,1890100,288,480,1900000,2531
3,1890,18900000,18900100,288,480,18910000,25321
3,1891,18910000,18910100,288,480,18920000,25331
3,1892,18920000,18920100,288,480,18930000,25347
3,1893,18930000,18930100,288,480,18940000,25357
3,1894,18940000,18940100,288,480,18950000,25371
3,1895,18950000,18950100,288,480,18960000,25382
3,1896,18960000,18960100,288,480,18970000,25399
3,1897,18970000,18970100,288,480,18980000,25414
3,1898,18980000,18980100,288,480,18990000,25426
3,1899,18990000,18990100,288,480,19000000,25438
3,19,190000,190100,288,480,200000,250
3,190,1900000,1900100,288,480,1910000,2544
3,1900,19000000,19000100,288,480,19010000,25454
3,1901,19010000,19010100,288,480,19020000,25464
3,1902,19020000,19020100,288,480,19030000,25477
3,1903,19030000,19030100,288,480,19040000,25489
3,1904,19040000,19040100,288,480,19050000,25508
3,1905,19050000,19050100,288,480,19060000,25521
3,1906,19060000,19060100,288,480,19070000,25533
3,1907,19070000,19070100,288,480,19080000,25544
3,1908,19080000,19080100,288,480,19090000,25561
3,1909,19090000,19090100,288,480,19100000,25571
3,191,1910000,1910100,288,480,1920000,2554
3,1910,19100000,19100100,288,480,19110000,25584
3,1911,19110000,19110100,288,480,19120000,25596
3,1912,19120000,19120100,288,480,19130000,25618
3,1913,19130000,19130100,288,480,19140000,25628
3,1914,19140000,19140100,288,480,19150000,25640
3,1915,19150000,19150100,288,480,19160000,25651
3,1916,19160000,19160100,288,480,19170000,25666
3,1917,19170000,19170100,288,480,19180000,25679
3,1918,19180000,19180100,288,480,19190000,25693
3,1919,19190000,19190100,288,480,19200000,25703
3,192,1920000,1920100,288,480,1930000,2572
3,1920,19200000,19200100,288,480,19210000,25723
3,1921,19210000,19210100,288,480,19220000,25735
3,1922,19220000,19220100,288,480,19230000,25748
3,1923,19230000,19230100,288,480,19240000,25758
3,1924,19240000,19240100,288,480,19250000,25773
3,1925,19250000,19250100,288,480,19260000,25786
3,1926,19260000,19260100,288,480,19270000,25800
3,1927,19270000,19270100,288,480,19280000,25813
3,1928,19280000,19280100,288,480,19290000,25830
3,1929,19290000,19290100,288,480,19300000,25840
3,193,1930000,1930100,288,480,1940000,2584
3,1930,19300000,19300100,288,480,19310000,25855
3,1931,19310000,19310100,288,480,19320000,25865
3,1932,19320000,19320100,288,480,19330000,25883
3,1933,19330000,19330100,288,480,19340000,25893
3,1934,19340000,19340100,288,480,19350000,25905
3,1935,19350000,19350100,288,480,19360000,25920
3,1936,19360000,19360100,288,480,19370000,25937
3,1937,19370000,19370100,288,480,19380000,25948
3,1938,19380000,19380100,288,480,19390000,25960
3,1939,19390000,19390100,288,480,19400000,25974
3,194,1940000,1940100,288,480,1950000,2596
3,1940,19400000,19400100,288,480,19410000,25990
3,1941,19410000,19410100,288,480,19420000,26000
3,1942,19420000,19420100,288,480,19430000,26015
3,1943,19430000,19430100,288,480,19440000,26025
3,1944,19440000,19440100,288,480,19450000,26044
3,1945,19450000,19450100,288,480,19460000,26055
3,1946,19460000,19460100,288,480,19470000,26069
3,1947,19470000,19470100,288,480,19480000,26080
3,1948,19480000,19480100,288,480,19490000,26097
3,1949,19490000,19490100,288,480,19500000,26107
3,195,1950000,1950100,288,480,1960000,2609
3,1950,19500000,19500100,288,480,19510000,26122
3,1951,19510000,19510100,288,480,19520000,26132
3,1952,19520000,19520100,288,480,19530000,26150
3,1953,19530000,19530100,288,480,19540000,26164
3,1954,19540000,19540100,288,480,19550000,26176
3,1955,19550000,19550100,288,480,19560000,26187
3,1956,19560000,19560100,288,480,19570000,26202
3,1957,19570000,19570100,288,480,19580000,26217
3,1958,19580000,19580100,288,480,19590000,26229
3,1959,19590000,19590100,288,480,19600000,26239
3,196,1960000,1960100,288,480,1970000,2626
3,1960,19600000,19600100,288,480,19610000,26259
3,1961,19610000,19610100,288,480,19620000,26269
3,1962,19620000,19620100,288,480,19630000,26284
3,1963,19630000,19630100,288,480,19640000,26294
3,1964,19640000,19640100,288,480,19650000,26309
3,1965,19650000,19650100,288,480,19660000,26322
3,1966,19660000,19660100,288,480,19670000,26336
3,1967,19670000,19670100,288,480,19680000,26349
3,1968,19680000,19680100,288,480,19690000,26366
3,1969,19690000,19690100,288,480,19700000,26376
3,197,1970000,1970100,288,480,1980000,2637
3,1970,19700000,19700100,288,480,19710000,26389
3,1971,19710000,19710100,288,480,19720000,26401
3,1972,19720000,19720100,288,480,19730000,26419
3,1973,19730000,19730100,288,480,19740000,26429
3,1974,19740000,19740100,288,480,19750000,26443
3,1975,19750000,19750100,288,480,19760000,26456
3,1976,19760000,19760100,288,480,19770000,26473
3,1977,19770000,19770100,288,480,19780000,26484
3,1978,19780000,19780100,288,480,19790000,26496
3,1979,19790000,19790100,288,480,19800000,26506
3,198,1980000,1980100,288,480,1990000,2651
3,1980,19800000,19800100,288,480,19810000,26526
3,1981,19810000,19810100,288,480,19820000,26538
3,1982,19820000,19820100,288,480,19830000,26551
3,1983,19830000,19830100,288,480,19840000,26561
3,1984,19840000,19840100,288,480,19850000,26580
3,1985,19850000,19850100,288,480,19860000,26591
3,1986,19860000,19860100,288,480,19870000,26603
3,1987,19870000,19870100,288,480,19880000,26616
3,1988,19880000,19880100,288,480,19890000,26633
3,1989,19890000,19890100,288,480,19900000,26645
3,199,1990000,1990100,288,480,2000000,2661
3,1990,19900000,19900100,288,480,19910000,26658
3,1991,19910000,19910100,288,480,19920000,26668
3,1992,19920000,19920100,288,480,19930000,26686
3,1993,19930000,19930100,288,480,19940000,26698
3,1994,19940000,19940100,288,480,19950000,26710
3,1995,19950000,19950100,288,480,19960000,26725
3,1996,19960000,19960100,288,480,19970000,26740
3,1997,19970000,19970100,288,480,19980000,26751
3,1998,19980000,19980100,288,480,19990000,26765
3,1999,19990000,19990100,288,480,20000000,26775
3,2,20000,20100,288,480,30000,26
3,20,200000,200100,288,480,210000,266
3,200,2000000,2000100,288,480,2010000,2679
3,2000,20000000,20000100,288,480,20010000,26793
3,2001,20010000,20010100,288,480,20020000,26803
3,2002,20020000,20020100,288,480,20030000,26822
3,2003,20030000,20030100,288,480,20040000,26832
3,2004,20040000,20040100,288,480,20050000,26847
3,2005,20050000,20050100,288,480,20060000,26858
3,2006,20060000,20060100,288,480,20070000,26870
3,2007,20070000,20070100,288,480,20080000,26883
3,2008,20080000,20080100,288,480,20090000,26900
3,2009,20090000,20090100,288,480,20100000,26912
3,201,2010000,2010100,288,480,2020000,2689
3,2010,20100000,20100100,288,480,20110000,26927
3,2011,20110000,20110100,288,480,20120000,26939
3,2012,20120000,20120100,288,480,20130000,26955
3,2013,20130000,20130100,288,480,20140000,26965
3,2014,20140000,20140100,288,480,20150000,26977
3,2015,20150000,20150100,288,480,20160000,26988
3,2016,20160000,20160100,288,480,20170000,27009
3,2017,20170000,20170100,288,480,20180000,27022
3,2018,20180000,20180100,288,480,20190000,27034
3,2019,20190000,20190100,288,480,20200000,27044
3,202,2020000,2020100,288,480,2030000,2706
3,2020,20200000,20200100,288,480,20210000,27062
3,2021,20210000,20210100,288,480,20220000,27072
3,2022,20220000,20220100,288,480,20230000,27085
3,2023,20230000,20230100,288,480,20240000,27097
3,2024,20240000,20240100,288,480,20250000,27114
3,2025,20250000,20250100,288,480,20260000,27129
3,2026,20260000,20260100,288,480,20270000,27141
3,2027,20270000,20270100,288,480,20280000,27152
3,2028,20280000,20280100,288,480,20290000,27167
3,2029,20290000,20290100,288,480,20300000,27179
3,203,2030000,2030100,288,480,2040000,2718
3,2030,20300000,20300100,288,480,20310000,27194
3,2031,20310000,20310100,288,480,20320000,27204
3,2032,20320000,20320100,288,480,20330000,27224
3,2033,20330000,20330100,288,480,20340000,27234
3,2034,20340000,20340100,288,480,20350000,27248
3,2035,20350000,20350100,288,480,20360000,27259
3,2036,20360000,20360100,288,480,20370000,27274
3,2037,20370000,20370100,288,480,20380000,27287
3,2038,20380000,20380100,288,480,20390000,27301
3,2039,20390000,20390100,288,480,20400000,27311
3,204,2040000,2040100,288,480,2050000,2733
3,2040,20400000,20400100,288,480,20410000,27331
3,2041,20410000,20410100,288,480,20420000,27341
3,2042,20420000,20420100,288,480,20430000,27354
3,2043,20430000,20430100,288,480,20440000,27366
3,2044,20440000,20440100,288,480,20450000,27383
3,2045,20450000,20450100,288,480,20460000,27394
3,2046,20460000,20460100,288,480,20470000,27406
3,2047,20470000,20470100,288,480,20480000,27421
3,2048,20480000,20480100,288,480,20490000,27438
3,2049,20490000,20490100,288,480,20500000,27448
3,205,2050000,2050100,288,480,2060000,2744
3,2050,20500000,20500100,288,480,20510000,27461
3,2051,20510000,20510100,288,480,20520000,27473
3,2052,20520000,20520100,288,480,20530000,27491
3,2053,20530000,20530100,288,480,20540000,27501
3,2054,20540000,20540100,288,480,20550000,27513
3,2055,20550000,20550100,288,480,20560000,27526
3,2056,20560000,20560100,288,480,20570000,27545
3,2057,20570000,20570100,288,480,20580000,27556
3,2058,20580000,20580100,288,480,20590000,27570
3,2059,20590000,20590100,288,480,20600000,27580
3,206,2060000,2060100,288,480,2070000,2756
3,2060,20600000,20600100,288,480,20610000,27596
3,2061,20610000,20610100,288,480,20620000,27608
3,2062,20620000,20620100,288,480,20630000,27623
3,2063,20630000,20630100,288,480,20640000,27633
3,2064,20640000,20640100,288,480,20650000,27650
3,2065,20650000,20650100,288,480,20660000,27665
3,2066,20660000,20660100,288,480,20670000,27677
3,2067,20670000,20670100,288,480,20680000,27688
3,2068,20680000,20680100,288,480,20690000,27703
3,2069,20690000,20690100,288,480,20700000,27713
3,207,2070000,2070100,288,480,2080000,2769
3,2070,20700000,20700100,288,480,20710000,27730
3,2071,20710000,20710100,288,480,20720000,27740
3,2072,20720000,20720100,288,480,20730000,27760
3,2073,20730000,20730100,288,480,20740000,27770
3,2074,20740000,20740100,288,480,20750000,27784
3,2075,20750000,20750100,288,480,20760000,27795
3,2076,20760000,20760100,288,480,20770000,27810
3,2077,20770000,20770100,288,480,20780000,27823
3,2078,20780000,20780100,288,480,20790000,27835
3,2079,20790000,20790100,288,480,20800000,27849
3,208,2080000,2080100,288,480,2090000,2786
3,2080,20800000,20800100,288,480,20810000,27867
3,2081,20810000,20810100,288,480,20820000,27877
3,2082,20820000,20820100,288,480,20830000,27890
3,2083,20830000,20830100,288,480,20840000,27902
3,2084,20840000,20840100,288,480,20850000,27917
3,2085,20850000,20850100,288,480,20860000,27930
3,2086,20860000,20860100,288,480,20870000,27944
3,2087,20870000,20870100,288,480,20880000,27955
3,2088,20880000,20880100,288,480,20890000,27974
3,2089,20890000,20890100,288,480,20900000,27984
3,209,2090000,2090100,288,480,2100000,2796
3,2090,20900000,20900100,288,480,20910000,27997
3,2091,20910000,20910100,288,480,20920000,28007
3,2092,20920000,20920100,288,480,20930000,28027
3,2093,20930000,20930100,288,480,20940000,28039
3,2094,20940000,20940100,288,480,20950000,28051
3,2095,20950000,20950100,288,480,20960000,28062
3,2096,20960000,20960100,288,480,20970000,28079
3,2097,20970000,20970100,288,480,20980000,28092
3,2098,20980000,20980100,288,480,20990000,28104
3,2099,20990000,20990100,288,480,21000000,28114
3,21,210000,210100,288,480,220000,278
3,210,2100000,2100100,288,480,2110000,2813
3,2100,21000000,21000100,288,480,21010000,28134
3,2101,21010000,21010100,288,480,21020000,28146
3,2102,21020000,21020100,288,480,21030000,28159
3,2103,21030000,21030100,288,480,21040000,28169
3,2104,21040000,21040100,288,480,21050000,28186
3,2105,21050000,21050100,288,480,21060000,28197
3,2106,21060000,21060100,288,480,21070000,28211
3,2107,21070000,21070100,288,480,21080000,28226
3,2108,21080000,21080100,288,480,21090000,28241
3,2109,21090000,21090100,288,480,21100000,28251
3,211,2110000,2110100,288,480,2120000,2825
3,2110,21100000,21100100,288,480,21110000,28266
3,2111,21110000,21110100,288,480,21120000,28276
3,2112,21120000,21120100,288,480,21130000,28294
3,2113,21130000,21130100,288,480,21140000,28304
3,2114,21140000,21140100,288,480,21150000,28318
3,2115,21150000,21150100,288,480,21160000,28333
3,2116,21160000,21160100,288,480,21170000,28348
3,2117,21170000,21170100,288,480,21180000,28359
3,2118,21180000,21180100,288,480,21190000,28371
3,2119,21190000,21190100,288,480,21200000,28383
3,212,2120000,2120100,288,480,2130000,2841
3,2120,21200000,21200100,288,480,21210000,28401
3,2121,21210000,21210100,288,480,21220000,28413
3,2122,21220000,21220100,288,480,21230000,28428
3,2123,21230000,21230100,288,480,21240000,28438
3,2124,21240000,21240100,288,480,21250000,28455
3,2125,21250000,21250100,288,480,21260000,28466
3,2126,21260000,21260100,288,480,21270000,28478
3,2127,21270000,21270100,288,480,21280000,28489
3,2128,21280000,21280100,288,480,21290000,28510
3,2129,21290000,21290100,288,480,21300000,28520
3,213,2130000,2130100,288,480,2140000,2851
3,2130,21300000,21300100,288,480,21310000,28535
3,2131,21310000,21310100,288,480,21320000,28545
3,2132,21320000,21320100,288,480,21330000,28561
3,2133,21330000,21330100,288,480,21340000,28573
3,2134,21340000,21340100,288,480,21350000,28585
3,2135,21350000,21350100,288,480,21360000,28598
3,2136,21360000,21360100,288,480,21370000,28615
3,2137,21370000,21370100,288,480,21380000,28630
3,2138,21380000,21380100,288,480,21390000,28642
3,2139,21390000,21390100,288,480,21400000,28652
3,214,2140000,2140100,288,480,2150000,2863
3,2140,21400000,21400100,288,480,21410000,28668
3,2141,21410000,21410100,288,480,21420000,28678
3,2142,21420000,21420100,288,480,21430000,28695
3,2143,21430000,21430100,288,480,21440000,28705
3,2144,21440000,21440100,288,480,21450000,28722
3,2145,21450000,21450100,288,480,21460000,28735
3,2146,21460000,21460100,288,480,21470000,28749
3,2147,21470000,21470100,288,480,21480000,28760
3,2148,21480000,21480100,288,480,21490000,28775
3,2149,21490000,21490100,288,480,21500000,28787
3,215,2150000,2150100,288,480,2160000,2874
3,2150,21500000,21500100,288,480,21510000,28800
3,2151,21510000,21510100,288,480,21520000,28812
3,2152,21520000,21520100,288,480,21530000,28832
3,2153,21530000,21530100,288,480,21540000,28842
3,2154,21540000,21540100,288,480,21550000,28854
3,2155,21550000,21550100,288,480,21560000,28867
3,2156,21560000,21560100,288,480,21570000,28884
3,2157,21570000,21570100,288,480,21580000,28895
3,2158,21580000,21580100,288,480,21590000,28907
3,2159,21590000,21590100,288,480,21600000,28917
3,216,2160000,2160100,288,480,2170000,2893
3,2160,21600000,21600100,288,480,21610000,28939
3,2161,21610000,21610100,288,480,21620000,28949
3,2162,21620000,21620100,288,480,21630000,28962
3,2163,21630000,21630100,288,480,21640000,28974
3,2164,21640000,21640100,288,480,21650000,28991
3,2165,21650000,21650100,288,480,21660000,29002
3,2166,21660000,21660100,288,480,21670000,29014
3,2167,21670000,21670100,288,480,21680000,29027
3,2168,21680000,21680100,288,480,21690000,29044
3,2169,21690000,21690100,288,480,21700000,29056
3,217,2170000,2170100,288,480,2180000,2908
3,2170,21700000,21700100,288,480,21710000,29071
3,2171,21710000,21710100,288,480,21720000,29081
3,2172,21720000,21720100,288,480,21730000,29097
3,2173,21730000,21730100,288,480,21740000,29109
3,2174,21740000,21740100,288,480,21750000,29121
3,2175,21750000,21750100,288,480,21760000,29134
3,2176,21760000,21760100,288,480,21770000,29151
3,2177,21770000,21770100,288,480,21780000,29164
3,2178,21780000,21780100,288,480,21790000,29178
3,2179,21790000,21790100,288,480,21800000,29188
3,218,2180000,2180100,288,480,2190000,2920
3,2180,21800000,21800100,288,480,21810000,29204
3,2181,21810000,21810100,288,480,21820000,29214
3,2182,21820000,21820100,288,480,21830000,29231
3,2183,21830000,21830100,288,480,21840000,29241
3,2184,21840000,21840100,288,480,21850000,29260
3,2185,21850000,21850100,288,480,21860000,29271
3,2186,21860000,21860100,288,480,21870000,29283
3,2187,21870000,21870100,288,480,21880000,29296
3,2188,21880000,21880100,288,480,21890000,29311
3,2189,21890000,21890100,288,480,21900000,29321
3,219,2190000,2190100,288,480,2200000,2930
3,2190,21900000,21900100,288,480,21910000,29336
3,2191,21910000,21910100,288,480,21920000,29350
3,2192,21920000,21920100,288,480,21930000,29368
3,2193,21930000,21930100,288,480,21940000,29378
3,2194,21940000,21940100,288,480,21950000,29390
3,2195,21950000,21950100,288,480,21960000,29401
3,2196,21960000,21960100,288,480,21970000,29418
3,2197,21970000,21970100,288,480,21980000,29431
3,2198,21980000,21980100,288,480,21990000,29445
3,2199,21990000,21990100,288,480,22000000,29455
3,22,220000,220100,288,480,230000,295
3,220,2200000,2200100,288,480,2210000,2948
3,2200,22000000,22000100,288,480,22010000,29475
3,2201,22010000,22010100,288,480,22020000,29485
3,2202,22020000,22020100,288,480,22030000,29498
3,2203,22030000,22030100,288,480,22040000,29508
3,2204,22040000,22040100,288,480,22050000,29523
3,2205,22050000,22050100,288,480,22060000,29540
3,2206,22060000,22060100,288,480,22070000,29552
3,2207,22070000,22070100,288,480,22080000,29563
3,2208,22080000,22080100,288,480,22090000,29580
3,2209,22090000,22090100,288,480,22100000,29592
3,221,2210000,2210100,288,480,2220000,2958
3,2210,22100000,22100100,288,480,22110000,29605
3,2211,22110000,22110100,288,480,22120000,29615
3,2212,22120000,22120100,288,480,22130000,29635
3,2213,22130000,22130100,288,480,22140000,29645
3,2214,22140000,22140100,288,480,22150000,29659
3,2215,22150000,22150100,288,480,22160000,29670
3,2216,22160000,22160100,288,480,22170000,29687
3,2217,22170000,22170100,288,480,22180000,29698
3,2218,22180000,22180100,288,480,22190000,29712
3,2219,22190000,22190100,288,480,22200000,29724
3,222,2220000,2220100,288,480,2230000,2971
3,2220,22200000,22200100,288,480,22210000,29742
3,2221,22210000,22210100,288,480,22220000,29752
3,2222,22220000,22220100,288,480,22230000,29765
3,2223,22230000,22230100,288,480,22240000,29777
3,2224,22240000,22240100,288,480,22250000,29794
3,2225,22250000,22250100,288,480,22260000,29805
3,2226,22260000,22260100,288,480,22270000,29819
3,2227,22270000,22270100,288,480,22280000,29834
3,2228,22280000,22280100,288,480,22290000,29849
3,2229,22290000,22290100,288,480,22300000,29859
3,223,2230000,2230100,288,480,2240000,2981
3,2230,22300000,22300100,288,480,22310000,29872
3,2231,22310000,22310100,288,480,22320000,29882
3,2232,22320000,22320100,288,480,22330000,29902
3,2233,22330000,22330100,288,480,22340000,29914
3,2234,22340000,22340100,288,480,22350000,29926
3,2235,22350000,22350100,288,480,22360000,29939
3,2236,22360000,22360100,288,480,22370000,29956
3,2237,22370000,22370100,288,480,22380000,29967
3,2238,22380000,22380100,288,480,22390000,29979
3,2239,22390000,22390100,288,480,22400000,29989
3,224,2240000,2240100,288,480,2250000,3000
3,2240,22400000,22400100,288,480,22410000,30009
3,2241,22410000,22410100,288,480,22420000,30021
3,2242,22420000,22420100,288,480,22430000,30036
3,2243,22430000,22430100,288,480,22440000,30046
3,2244,22440000,22440100,288,480,22450000,30061
3,2245,22450000,22450100,288,480,22460000,30074
3,2246,22460000,22460100,288,480,22470000,30086
3,2247,22470000,22470100,288,480,22480000,30099
3,2248,22480000,22480100,288,480,22490000,30116
3,2249,22490000,22490100,288,480,22500000,30126
3,225,2250000,2250100,288,480,2260000,3015
3,2250,22500000,22500100,288,480,22510000,30143
3,2251,22510000,22510100,288,480,22520000,30153
3,2252,22520000,22520100,288,480,22530000,30169
3,2253,22530000,22530100,288,480,22540000,30179
3,2254,22540000,22540100,288,480,22550000,30195
3,2255,22550000,22550100,288,480,22560000,30206
3,2256,22560000,22560100,288,480,22570000,30223
3,2257,22570000,22570100,288,480,22580000,30236
3,2258,22580000,22580100,288,480,22590000,30248
3,2259,22590000,22590100,288,480,22600000,30260
3,226,2260000,2260100,288,480,2270000,3027
3,2260,22600000,22600100,288,480,22610000,30276
3,2261,22610000,22610100,288,480,22620000,30288
3,2262,22620000,22620100,288,480,22630000,30301
3,2263,22630000,22630100,288,480,22640000,30313
3,2264,22640000,22640100,288,480,22650000,30330
3,2265,22650000,22650100,288,480,22660000,30343
3,2266,22660000,22660100,288,480,22670000,30355
3,2267,22670000,22670100,288,480,22680000,30366
3,2268,22680000,22680100,288,480,22690000,30385
3,2269,22690000,22690100,288,480,22700000,30395
3,227,2270000,2270100,288,480,2280000,3038
3,2270,22700000,22700100,288,480,22710000,30408
3,2271,22710000,22710100,288,480,22720000,30418
3,2272,22720000,22720100,288,480,22730000,30440
3,2273,22730000,22730100,288,480,22740000,30450
3,2274,22740000,22740100,288,480,22750000,30462
3,2275,22750000,22750100,288,480,22760000,30475
3,2276,22760000,22760100,288,480,22770000,30490
3,2277,22770000,22770100,288,480,22780000,30503
3,2278,22780000,22780100,288,480,22790000,30515
3,2279,22790000,22790100,288,480,22800000,30525
3,228,2280000,2280100,288,480,2290000,3053
3,2280,22800000,22800100,288,480,22810000,30545
3,2281,22810000,22810100,288,480,22820000,30557
3,2282,22820000,22820100,288,480,22830000,30572
3,2283,22830000,22830100,288,480,22840000,30582
3,2284,22840000,22840100,288,480,22850000,30597
3,2285,22850000,22850100,288,480,22860000,30608
3,2286,22860000,22860100,288,480,22870000,30622
3,2287,22870000,22870100,288,480,22880000,30635
3,2288,22880000,22880100,288,480,22890000,30652
3,2289,22890000,22890100,288,480,22900000,30664
3,229,2290000,2290100,288,480,2300000,3065
3,2290,22900000,22900100,288,480,22910000,30679
3,2291,22910000,22910100,288,480,22920000,30689
3,2292,22920000,22920100,288,480,22930000,30705
3,2293,22930000,22930100,288,480,22940000,30715
3,2294,22940000,22940100,288,480,22950000,30727
3,2295,22950000,22950100,288,480,22960000,30742
3,2296,22960000,22960100,288,480,22970000,30761
3,2297,22970000,22970100,288,480,22980000,30772
3,2298,22980000,22980100,288,480,22990000,30784
3,2299,22990000,22990100,288,480,23000000,30796
3,23,230000,230100,288,480,240000,305
3,230,2300000,2300100,288,480,2310000,3078
3,2300,23000000,23000100,288,480,23010000,30812
3,2301,23010000,23010100,288,480,23020000,30822
3,2302,23020000,23020100,288,480,23030000,30837
3,2303,23030000,23030100,288,480,23040000,30849
3,2304,23040000,23040100,288,480,23050000,30868
3,2305,23050000,23050100,288,480,23060000,30879
3,2306,23060000,23060100,288,480,23070000,30891
3,2307,23070000,23070100,288,480,23080000,30902
3,2308,23080000,23080100,288,480,23090000,30919
3,2309,23090000,23090100,288,480,23100000,30929
3,231,2310000,2310100,288,480,2320000,3090
3,2310,23100000,23100100,288,480,23110000,30946
3,2311,23110000,23110100,288,480,23120000,30956
3,2312,23120000,23120100,288,480,23130000,30974
3,2313,23130000,23130100,288,480,23140000,30986
3,2314,23140000,23140100,288,480,23150000,30998
3,2315,23150000,23150100,288,480,23160000,31009
3,2316,23160000,23160100,288,480,23170000,31024
3,2317,23170000,23170100,288,480,23180000,31041
3,2318,23180000,23180100,288,480,23190000,31053
3,2319,23190000,23190100,288,480,23200000,31063
3,232,2320000,2320100,288,480,2330000,3110
3,2320,23200000,23200100,288,480,23210000,31081
3,2321,23210000,23210100,288,480,23220000,31091
3,2322,23220000,23220100,288,480,23230000,31106
3,2323,23230000,23230100,288,480,23240000,31116
3,2324,23240000,23240100,288,480,23250000,31133
3,2325,23250000,23250100,288,480,23260000,31146
3,2326,23260000,23260100,288,480,23270000,31160
3,2327,23270000,23270100,288,480,23280000,31171
3,2328,23280000,23280100,288,480,23290000,31188
3,2329,23290000,23290100,288,480,23300000,31198
3,233,2330000,2330100,288,480,2340000,3120
3,2330,23300000,23300100,288,480,23310000,31211
3,2331,23310000,23310100,288,480,23320000,31225
3,2332,23320000,23320100,288,480,23330000,31243
3,2333,23330000,23330100,288,480,23340000,31253
3,2334,23340000,23340100,288,480,23350000,31265
3,2335,23350000,23350100,288,480,23360000,31278
3,2336,23360000,23360100,288,480,23370000,31295
3,2337,23370000,23370100,288,480,23380000,31306
3,2338,23380000,23380100,288,480,23390000,31320
3,2339,23390000,23390100,288,480,23400000,31330
3,234,2340000,2340100,288,480,2350000,3134
3,2340,23400000,23400100,288,480,23410000,31350
3,2341,23410000,23410100,288,480,23420000,31360
3,2342,23420000,23420100,288,480,23430000,31373
3,2343,23430000,23430100,288,480,23440000,31383
3,2344,23440000,23440100,288,480,23450000,31402
3,2345,23450000,23450100,288,480,23460000,31415
3,2346,23460000,23460100,288,480,23470000,31427
3,2347,23470000,23470100,288,480,23480000,31440
3,2348,23480000,23480100,288,480,23490000,31455
3,2349,23490000,23490100,288,480,23500000,31467
3,235,2350000,2350100,288,480,2360000,3145
3,2350,23500000,23500100,288,480,23510000,31480
3,2351,23510000,23510100,288,480,23520000,31490
3,2352,23520000,23520100,288,480,23530000,31510
3,2353,23530000,23530100,288,480,23540000,31522
3,2354,23540000,23540100,288,480,23550000,31534
3,2355,23550000,23550100,288,480,23560000,31547
3,2356,23560000,23560100,288,480,23570000,31562
3,2357,23570000,23570100,288,480,23580000,31573
3,2358,23580000,23580100,288,480,23590000,31587
3,2359,23590000,23590100,288,480,23600000,31599
3,236,2360000,2360100,288,480,2370000,3160
3,2360,23600000,23600100,288,480,23610000,31617
3,2361,23610000,23610100,288,480,23620000,31627
3,2362,23620000,23620100,288,480,23630000,31644
3,2363,23630000,23630100,288,480,23640000,31654
3,2364,23640000,23640100,288,480,23650000,31669
3,2365,23650000,23650100,288,480,23660000,31680
3,2366,23660000,23660100,288,480,23670000,31694
3,2367,23670000,23670100,288,480,23680000,31707
3,2368,23680000,23680100,288,480,23690000,31724
3,2369,23690000,23690100,288,480,23700000,31734
3,237,2370000,2370100,288,480,2380000,3171
3,2370,23700000,23700100,288,480,23710000,31749
3,2371,23710000,23710100,288,480,23720000,31761
3,2372,23720000,23720100,288,480,23730000,31777
3,2373,23730000,23730100,288,480,23740000,31789
3,2374,23740000,23740100,288,480,23750000,31801
3,2375,23750000,23750100,288,480,23760000,31812
3,2376,23760000,23760100,288,480,23770000,31831
3,2377,23770000,23770100,288,480,23780000,31844
3,2378,23780000,23780100,288,480,23790000,31856
3,2379,23790000,23790100,288,480,23800000,31866
3,238,2380000,2380100,288,480,2390000,3187
3,2380,23800000,23800100,288,480,23810000,31886
3,2381,23810000,23810100,288,480,23820000,31896
3,2382,23820000,23820100,288,480,23830000,31909
3,2383,23830000,23830100,288,480,23840000,31919
3,2384,23840000,23840100,288,480,23850000,31936
3,2385,23850000,23850100,288,480,23860000,31951
3,2386,23860000,23860100,288,480,23870000,31963
3,2387,23870000,23870100,288,480,23880000,31976
3,2388,23880000,23880100,288,480,23890000,31991
3,2389,23890000,23890100,288,480,23900000,32003
3,239,2390000,2390100,288,480,2400000,3197
3,2390,23900000,23900100,288,480,23910000,32016
3,2391,23910000,23910100,288,480,23920000,32026
3,2392,23920000,23920100,288,480,23930000,32046
3,2393,23930000,23930100,288,480,23940000,32056
3,2394,23940000,23940100,288,480,23950000,32072
3,2395,23950000,23950100,288,480,23960000,32083
3,2396,23960000,23960100,288,480,23970000,32098
3,2397,23970000,23970100,288,480,23980000,32109
3,2398,23980000,23980100,288,480,23990000,32123
3,2399,23990000,23990100,288,480,24000000,32133
3,24,240000,240100,288,480,250000,322
3,240,2400000,2400100,288,480,2410000,3217
3,2400,24000000,24000100,288,480,24010000,32153
3,2401,24010000,24010100,288,480,24020000,32165
3,2402,24020000,24020100,288,480,24030000,32178
3,2403,24030000,24030100,288,480,24040000,32190
3,2404,24040000,24040100,288,480,24050000,32205
3,2405,24050000,24050100,288,480,24060000,32216
3,2406,24060000,24060100,288,480,24070000,32228
3,2407,24070000,24070100,288,480,24080000,32243
3,2408,24080000,24080100,288,480,24090000,32262
3,2409,24090000,24090100,288,480,24100000,32272
3,241,2410000,2410100,288,480,2420000,3227
3,2410,24100000,24100100,288,480,24110000,32285
3,2411,24110000,24110100,288,480,24120000,32295
3,2412,24120000,24120100,288,480,24130000,32313
3,2413,24130000,24130100,288,480,24140000,32323
3,2414,24140000,24140100,288,480,24150000,32335
3,2415,24150000,24150100,288,480,24160000,32350
3,2416,24160000,24160100,288,480,24170000,32369
3,2417,24170000,24170100,288,480,24180000,32380
3,2418,24180000,24180100,288,480,24190000,32392
3,2419,24190000,24190100,288,480,24200000,32402
3,242,2420000,2420100,288,480,2430000,3240
3,2420,24200000,24200100,288,480,24210000,32418
3,2421,24210000,24210100,288,480,24220000,32430
3,2422,24220000,24220100,288,480,24230000,32447
3,2423,24230000,24230100,288,480,24240000,32457
3,2424,24240000,24240100,288,480,24250000,32474
3,2425,24250000,24250100,288,480,24260000,32487
3,2426,24260000,24260100,288,480,24270000,32499
3,2427,24270000,24270100,288,480,24280000,32510
3,2428,24280000,24280100,288,480,24290000,32525
3,2429,24290000,24290100,288,480,24300000,32537
3,243,2430000,2430100,288,480,2440000,3252
3,2430,24300000,24300100,288,480,24310000,32554
3,2431,24310000,24310100,288,480,24320000,32564
3,2432,24320000,24320100,288,480,24330000,32582
3,2433,24330000,24330100,288,480,24340000,32592
3,2434,24340000,24340100,288,480,24350000,32606
3,2435,24350000,24350100,288,480,24360000,32617
3,2436,24360000,24360100,288,480,24370000,32634
3,2437,24370000,24370100,288,480,24380000,32647
3,2438,24380000,24380100,288,480,24390000,32659
3,2439,24390000,24390100,288,480,24400000,32671
3,244,2440000,2440100,288,480,2450000,3267
3,2440,24400000,24400100,288,480,24410000,32689
3,2441,24410000,24410100,288,480,24420000,32699
3,2442,24420000,24420100,288,480,24430000,32712
3,2443,24430000,24430100,288,480,24440000,32726
3,2444,24440000,24440100,288,480,24450000,32741
3,2445,24450000,24450100,288,480,24460000,32754
3,2446,24460000,24460100,288,480,24470000,32766
3,2447,24470000,24470100,288,480,24480000,32777
3,2448,24480000,24480100,288,480,24490000,32796
3,2449,24490000,24490100,288,480,24500000,32806
3,245,2450000,2450100,288,480,2460000,3280
3,2450,24500000,24500100,288,480,24510000,32821
3,2451,24510000,24510100,288,480,24520000,32831
3,2452,24520000,24520100,288,480,24530000,32851
3,2453,24530000,24530100,288,480,24540000,32861
3,2454,24540000,24540100,288,480,24550000,32873
3,2455,24550000,24550100,288,480,24560000,32884
3,2456,24560000,24560100,288,480,24570000,32901
3,2457,24570000,24570100,288,480,24580000,32916
3,2458,24580000,24580100,288,480,24590000,32928
3,2459,24590000,24590100,288,480,24600000,32938
3,246,2460000,2460100,288,480,2470000,3292
3,2460,24600000,24600100,288,480,24610000,32956
3,2461,24610000,24610100,288,480,24620000,32968
3,2462,24620000,24620100,288,480,24630000,32981
3,2463,24630000,24630100,288,480,24640000,32991
3,2464,24640000,24640100,288,480,24650000,33010
3,2465,24650000,24650100,288,480,24660000,33021
3,2466,24660000,24660100,288,480,24670000,33035
3,2467,24670000,24670100,288,480,24680000,33048
3,2468,24680000,24680100,288,480,24690000,33063
3,2469,24690000,24690100,288,480,24700000,33073
3,247,2470000,2470100,288,480,2480000,3307
3,2470,24700000,24700100,288,480,24710000,33088
3,2471,24710000,24710100,288,480,24720000,33100
3,2472,24720000,24720100,288,480,24730000,33118
3,2473,24730000,24730100,288,480,24740000,33128
3,2474,24740000,24740100,288,480,24750000,33140
3,2475,24750000,24750100,288,480,24760000,33155
3,2476,24760000,24760100,288,480,24770000,33170
3,2477,24770000,24770100,288,480,24780000,33181
3,2478,24780000,24780100,288,480,24790000,33195
3,2479,24790000,24790100,288,480,24800000,33207
3,248,2480000,2480100,288,480,2490000,3324
3,2480,24800000,24800100,288,480,24810000,33225
3,2481,24810000,24810100,288,480,24820000,33235
3,2482,24820000,24820100,288,480,24830000,33250
3,2483,24830000,24830100,288,480,24840000,33260
3,2484,24840000,24840100,288,480,24850000,33277
3,2485,24850000,24850100,288,480,24860000,33290
3,2486,24860000,24860100,288,480,24870000,33302
3,2487,24870000,24870100,288,480,24880000,33313
3,2488,24880000,24880100,288,480,24890000,33332
3,2489,24890000,24890100,288,480,24900000,33342
3,249,2490000,2490100,288,480,2500000,3334
3,2490,24900000,24900100,288,480,24910000,33357
3,2491,24910000,24910100,288,480,24920000,33367
3,2492,24920000,24920100,288,480,24930000,33385
3,2493,24930000,24930100,288,480,24940000,33397
3,2494,24940000,24940100,288,480,24950000,33409
3,2495,24950000,24950100,288,480,24960000,33420
3,2496,24960000,24960100,288,480,24970000,33437
3,2497,24970000,24970100,288,480,24980000,33452
3,2498,24980000,24980100,288,480,24990000,33464
3,2499,24990000,24990100,288,480,25000000,33476
3,25,250000,250100,288,480,260000,333
3,250,2500000,2500100,288,480,2510000,3347
3,2500,25000000,25000100,288,480,25010000,33492
3,2501,25010000,25010100,288,480,25020000,33502
3,2502,25020000,25020100,288,480,25030000,33517
3,2503,25030000,25030100,288,480,25040000,33527
3,2504,25040000,25040100,288,480,25050000,33544
3,2505,25050000,25050100,288,480,25060000,33557
3,2506,25060000,25060100,288,480,25070000,33573
3,2507,25070000,25070100,288,480,25080000,33584
3,2508,25080000,25080100,288,480,25090000,33599
3,2509,25090000,25090100,288,480,25100000,33609
3,251,2510000,2510100,288,480,2520000,3357
3,2510,25100000,25100100,288,480,25110000,33622
3,2511,25110000,25110100,288,480,25120000,33634
3,2512,25120000,25120100,288,480,25130000,33654
3,2513,25130000,25130100,288,480,25140000,33666
3,2514,25140000,25140100,288,480,25150000,33678
3,2515,25150000,25150100,288,480,25160000,33691
3,2516,25160000,25160100,288,480,25170000,33706
3,2517,25170000,25170100,288,480,25180000,33717
3,2518,25180000,25180100,288,480,25190000,33729
3,2519,25190000,25190100,288,480,25200000,33739
3,252,2520000,2520100,288,480,2530000,3377
3,253,2530000,2530100,288,480,2540000,3387
3,254,2540000,2540100,288,480,2550000,3399
3,255,2550000,2550100,288,480,2560000,3412
3,256,2560000,2560100,288,480,2570000,3431
3,257,2570000,2570100,288,480,2580000,3442
3,258,2580000,2580100,288,480,2590000,3454
3,259,2590000,2590100,288,480,2600000,3466
3,26,260000,260100,288,480,270000,345
3,260,2600000,2600100,288,480,2610000,3482
3,261,2610000,2610100,288,480,2620000,3494
3,262,2620000,2620100,288,480,2630000,3509
3,263,2630000,2630100,288,480,2640000,3519
3,264,2640000,2640100,288,480,2650000,3536
3,265,2650000,2650100,288,480,2660000,3549
3,266,2660000,2660100,288,480,2670000,3563
3,267,2670000,2670100,288,480,2680000,3574
3,268,2680000,2680100,288,480,2690000,3589
3,269,2690000,2690100,288,480,2700000,3599
3,27,270000,270100,288,480,280000,358
3,270,2700000,2700100,288,480,2710000,3616
3,271,2710000,2710100,288,480,2720000,3626
3,272,2720000,2720100,288,480,2730000,3644
3,273,2730000,2730100,288,480,2740000,3656
3,274,2740000,2740100,288,480,2750000,3670
3,275,2750000,2750100,288,480,2760000,3681
3,276,2760000,2760100,288,480,2770000,3696
3,277,2770000,2770100,288,480,2780000,3709
3,278,2780000,2780100,288,480,2790000,3721
3,279,2790000,2790100,288,480,2800000,3733
3,28,280000,280100,288,480,290000,375
3,280,2800000,2800100,288,480,2810000,3753
3,281,2810000,2810100,288,480,2820000,3763
3,282,2820000,2820100,288,480,2830000,3776
3,283,2830000,2830100,288,480,2840000,3788
3,284,2840000,2840100,288,480,2850000,3803
3,285,2850000,2850100,288,480,2860000,3816
3,286,2860000,2860100,288,480,2870000,3828
3,287,2870000,2870100,288,480,2880000,3841
3,288,2880000,2880100,288,480,2890000,3860
3,289,2890000,2890100,288,480,2900000,3870
3,29,290000,290100,288,480,300000,385
3,290,2900000,2900100,288,480,2910000,3883
3,291,2910000,2910100,288,480,2920000,3893
3,292,2920000,2920100,288,480,2930000,3913
3,293,2930000,2930100,288,480,2940000,3923
3,294,2940000,2940100,288,480,2950000,3937
3,295,2950000,2950100,288,480,2960000,3948
3,296,2960000,2960100,288,480,2970000,3965
3,297,2970000,2970100,288,480,2980000,3978
3,298,2980000,2980100,288,480,2990000,3990
3,299,2990000,2990100,288,480,3000000,4000
3,3,30000,30100,288,480,40000,36
3,30,300000,300100,288,480,310000,400
3,300,3000000,3000100,288,480,3010000,4018
3,301,3010000,3010100,288,480,3020000,4032
3,302,3020000,3020100,288,480,3030000,4045
3,303,3030000,3030100,288,480,3040000,4055
3,304,3040000,3040100,288,480,3050000,4072
3,305,3050000,3050100,288,480,3060000,4083
3,306,3060000,3060100,288,480,3070000,4097
3,307,3070000,3070100,288,480,3080000,4110
3,308,3080000,3080100,288,480,3090000,4127
3,309,3090000,3090100,288,480,3100000,4137
3,31,310000,310100,288,480,320000,412
3,310,3100000,3100100,288,480,3110000,4152
3,311,3110000,3110100,288,480,3120000,4162
3,312,3120000,3120100,288,480,3130000,4180
3,313,3130000,3130100,288,480,3140000,4190
3,314,3140000,3140100,288,480,3150000,4202
3,315,3150000,3150100,288,480,3160000,4219
3,316,3160000,3160100,288,480,3170000,4234
3,317,3170000,3170100,288,480,3180000,4245
3,318,3180000,3180100,288,480,3190000,4257
3,319,3190000,3190100,288,480,3200000,4269
3,32,320000,320100,288,480,330000,430
3,320,3200000,3200100,288,480,3210000,4287
3,321,3210000,3210100,288,480,3220000,4297
3,322,3220000,3220100,288,480,3230000,4314
3,323,3230000,3230100,288,480,3240000,4324
3,324,3240000,3240100,288,480,3250000,4341
3,325,3250000,3250100,288,480,3260000,4352
3,326,3260000,3260100,288,480,3270000,4364
3,327,3270000,3270100,288,480,3280000,4375
3,328,3280000,3280100,288,480,3290000,4394
3,329,3290000,3290100,288,480,3300000,4406
3,33,330000,330100,288,480,340000,440
3,330,3300000,3300100,288,480,3310000,4421
3,331,3310000,3310100,288,480,3320000,4431
3,332,3320000,3320100,288,480,3330000,4447
3,333,3330000,3330100,288,480,3340000,4459
3,334,3340000,3340100,288,480,3350000,4471
3,335,3350000,3350100,288,480,3360000,4482
3,336,3360000,3360100,288,480,3370000,4501
3,337,3370000,3370100,288,480,3380000,4516
3,338,3380000,3380100,288,480,3390000,4528
3,339,3390000,3390100,288,480,3400000,4538
3,34,340000,340100,288,480,350000,452
3,340,3400000,3400100,288,480,3410000,4554
3,341,3410000,3410100,288,480,3420000,4564
3,342,3420000,3420100,288,480,3430000,4579
3,343,3430000,3430100,288,480,3440000,4591
3,344,3440000,3440100,288,480,3450000,4608
3,345,3450000,3450100,288,480,3460000,4621
3,346,3460000,3460100,288,480,3470000,4635
3,347,3470000,3470100,288,480,3480000,4646
3,348,3480000,3480100,288,480,3490000,4661
3,349,3490000,3490100,288,480,3500000,4671
3,35,350000,350100,288,480,360000,465
3,350,3500000,3500100,288,480,3510000,4686
3,351,3510000,3510100,288,480,3520000,4698
3,352,3520000,3520100,288,480,3530000,4718
3,353,3530000,3530100,288,480,3540000,4728
3,354,3540000,3540100,288,480,3550000,4740
3,355,3550000,3550100,288,480,3560000,4753
3,356,3560000,3560100,288,480,3570000,4768
3,357,3570000,3570100,288,480,3580000,4781
3,358,3580000,3580100,288,480,3590000,4793
3,359,3590000,3590100,288,480,3600000,4803
3,36,360000,360100,288,480,370000,482
3,360,3600000,3600100,288,480,3610000,4825
3,361,3610000,3610100,288,480,3620000,4835
3,362,3620000,3620100,288,480,3630000,4848
3,363,3630000,3630100,288,480,3640000,4858
3,364,3640000,3640100,288,480,3650000,4877
3,365,3650000,3650100,288,480,3660000,4888
3,366,3660000,3660100,288,480,3670000,4900
3,367,3670000,3670100,288,480,3680000,4913
3,368,3680000,3680100,288,480,3690000,4930
3,369,3690000,3690100,288,480,3700000,4942
3,37,370000,370100,288,480,380000,495
3,370,3700000,3700100,288,480,3710000,4955
3,371,3710000,3710100,288,480,3720000,4967
3,372,3720000,3720100,288,480,3730000,4983
3,373,3730000,3730100,288,480,3740000,4995
3,374,3740000,3740100,288,480,3750000,5007
3,375,3750000,3750100,288,480,3760000,5020
3,376,3760000,3760100,288,480,3770000,5037
3,377,3770000,3770100,288,480,3780000,5048
3,378,3780000,3780100,288,480,3790000,5064
3,379,3790000,3790100,288,480,3800000,5074
3,38,380000,380100,288,480,390000,507
3,380,3800000,3800100,288,480,3810000,5090
3,381,3810000,3810100,288,480,3820000,5100
3,382,3820000,3820100,288,480,3830000,5117
3,383,3830000,3830100,288,480,3840000,5127
3,384,3840000,3840100,288,480,3850000,5144
3,385,3850000,3850100,288,480,3860000,5157
3,386,3860000,3860100,288,480,3870000,5169
3,387,3870000,3870100,288,480,3880000,5182
3,388,3880000,3880100,288,480,3890000,5197
3,389,3890000,3890100,288,480,3900000,5207
3,39,390000,390100,288,480,400000,517
3,390,3900000,3900100,288,480,3910000,5222
3,391,3910000,3910100,288,480,3920000,5234
3,392,3920000,3920100,288,480,3930000,5254
3,393,3930000,3930100,288,480,3940000,5264
3,394,3940000,3940100,288,480,3950000,5276
3,395,3950000,3950100,288,480,3960000,5287
3,396,3960000,3960100,288,480,3970000,5304
3,397,3970000,3970100,288,480,3980000,5317
3,398,3980000,3980100,288,480,3990000,5329
3,399,3990000,3990100,288,480,4000000,5341
3,4,40000,40100,288,480,50000,53
3,40,400000,400100,288,480,410000,537
3,400,4000000,4000100,288,480,4010000,5361
3,401,4010000,4010100,288,480,4020000,5371
3,402,4020000,4020100,288,480,4030000,5384
3,403,4030000,4030100,288,480,4040000,5394
3,404,4040000,4040100,288,480,4050000,5409
3,405,4050000,4050100,288,480,4060000,5424
3,406,4060000,4060100,288,480,4070000,5438
3,407,4070000,4070100,288,480,4080000,5449
3,408,4080000,4080100,288,480,4090000,5466
3,409,4090000,4090100,288,480,4100000,5478
3,41,410000,410100,288,480,420000,547
3,410,4100000,4100100,288,480,4110000,5491
3,411,4110000,4110100,288,480,4120000,5501
3,412,4120000,4120100,288,480,4130000,5519
3,413,4130000,4130100,288,480,4140000,5531
3,414,4140000,4140100,288,480,4150000,5545
3,415,4150000,4150100,288,480,4160000,5556
3,416,4160000,4160100,288,480,4170000,5573
3,417,4170000,4170100,288,480,4180000,5584
3,418,4180000,4180100,288,480,4190000,5598
3,419,4190000,4190100,288,480,4200000,5608
3,42,420000,420100,288,480,430000,562
3,420,4200000,4200100,288,480,4210000,5628
3,421,4210000,4210100,288,480,4220000,5638
3,422,4220000,4220100,288,480,4230000,5651
3,423,4230000,4230100,288,480,4240000,5663
3,424,4240000,4240100,288,480,4250000,5680
3,425,4250000,4250100,288,480,4260000,5691
3,426,4260000,4260100,288,480,4270000,5703
3,427,4270000,4270100,288,480,4280000,5720
3,428,4280000,4280100,288,480,4290000,5735
3,429,4290000,4290100,288,480,4300000,5745
3,43,430000,430100,288,480,440000,572
3,430,4300000,4300100,288,480,4310000,5758
3,431,4310000,4310100,288,480,4320000,5768
3,432,4320000,4320100,288,480,4330000,5788
3,433,4330000,4330100,288,480,4340000,5798
3,434,4340000,4340100,288,480,4350000,5812
3,435,4350000,4350100,288,480,4360000,5825
3,436,4360000,4360100,288,480,4370000,5842
3,437,4370000,4370100,288,480,4380000,5853
3,438,4380000,4380100,288,480,4390000,5865
3,439,4390000,4390100,288,480,4400000,5875
3,44,440000,440100,288,480,450000,587
3,440,4400000,4400100,288,480,4410000,5893
3,441,4410000,4410100,288,480,4420000,5907
3,442,4420000,4420100,288,480,4430000,5922
3,443,4430000,4430100,288,480,4440000,5932
3,444,4440000,4440100,288,480,4450000,5947
3,445,4450000,4450100,288,480,4460000,5960
3,446,4460000,4460100,288,480,4470000,5972
3,447,4470000,4470100,288,480,4480000,5983
3,448,4480000,4480100,288,480,4490000,6002
3,449,4490000,4490100,288,480,4500000,6012
3,45,450000,450100,288,480,460000,602
3,450,4500000,4500100,288,480,4510000,6029
3,451,4510000,4510100,288,480,4520000,6039
3,452,4520000,4520100,288,480,4530000,6055
3,453,4530000,4530100,288,480,4540000,6065
3,454,4540000,4540100,288,480,4550000,6079
3,455,4550000,4550100,288,480,4560000,6092
3,456,4560000,4560100,288,480,4570000,6109
3,457,4570000,4570100,288,480,4580000,6122
3,458,4580000,4580100,288,480,4590000,6134
3,459,4590000,4590100,288,480,4600000,6146
3,46,460000,460100,288,480,470000,614
3,460,4600000,4600100,288,480,4610000,6162
3,461,4610000,4610100,288,480,4620000,6172
3,462,4620000,4620100,288,480,4630000,6187
3,463,4630000,4630100,288,480,4640000,6199
3,464,4640000,4640100,288,480,4650000,6216
3,465,4650000,4650100,288,480,4660000,6229
3,466,4660000,4660100,288,480,4670000,6241
3,467,4670000,4670100,288,480,4680000,6252
3,468,4680000,4680100,288,480,4690000,6269
3,469,4690000,4690100,288,480,4700000,6281
3,47,470000,470100,288,480,480000,625
3,470,4700000,4700100,288,480,4710000,6294
3,471,4710000,4710100,288,480,4720000,6304
3,472,4720000,4720100,288,480,4730000,6326
3,473,4730000,4730100,288,480,4740000,6336
3,474,4740000,4740100,288,480,4750000,6348
3,475,4750000,4750100,288,480,4760000,6359
3,476,4760000,4760100,288,480,4770000,6376
3,477,4770000,4770100,288,480,4780000,6389
3,478,4780000,4780100,288,480,4790000,6401
3,479,4790000,4790100,288,480,4800000,6411
3,48,480000,480100,288,480,490000,642
3,480,4800000,4800100,288,480,4810000,6431
3,481,4810000,4810100,288,480,4820000,6443
3,482,4820000,4820100,288,480,4830000,6456
3,483,4830000,4830100,288,480,4840000,6468
3,484,4840000,4840100,288,480,4850000,6483
3,485,4850000,4850100,288,480,4860000,6494
3,486,4860000,4860100,288,480,4870000,6508
3,487,4870000,4870100,288,480,4880000,6521
3,488,4880000,4880100,288,480,4890000,6538
3,489,4890000,4890100,288,480,4900000,6548
3,49,490000,490100,288,480,500000,656
3,490,4900000,4900100,288,480,4910000,6565
3,491,4910000,4910100,288,480,4920000,6575
3,492,4920000,4920100,288,480,4930000,6591
3,493,4930000,4930100,288,480,4940000,6601
3,494,4940000,4940100,288,480,4950000,6613
3,495,4950000,4950100,288,480,4960000,6628
3,496,4960000,4960100,288,480,4970000,6645
3,497,4970000,4970100,288,480,4980000,6658
3,498,4980000,4980100,288,480,4990000,6670
3,499,4990000,4990100,288,480,5000000,6682
3,5,50000,50100,288,480,60000,64
3,50,500000,500100,288,480,510000,669
3,500,5000000,5000100,288,480,5010000,6698
3,501,5010000,5010100,288,480,5020000,6708
3,502,5020000,5020100,288,480,5030000,6723
3,503,5030000,5030100,288,480,5040000,6733
3,504,5040000,5040100,288,480,5050000,6754
3,505,5050000,5050100,288,480,5060000,6765
3,506,5060000,5060100,288,480,5070000,6777
3,507,5070000,5070100,288,480,5080000,6788
3,508,5080000,5080100,288,480,5090000,6805
3,509,5090000,5090100,288,480,5100000,6815
3,51,510000,510100,288,480,520000,679
3,510,5100000,5100100,288,480,5110000,6830
3,511,5110000,5110100,288,480,5120000,6842
3,512,5120000,5120100,288,480,5130000,6860
3,513,5130000,5130100,288,480,5140000,6872
3,514,5140000,5140100,288,480,5150000,6884
3,515,5150000,5150100,288,480,5160000,6895
3,516,5160000,5160100,288,480,5170000,6910
3,517,5170000,5170100,288,480,5180000,6925
3,518,5180000,5180100,288,480,5190000,6939
3,519,5190000,5190100,288,480,5200000,6949
3,52,520000,520100,288,480,530000,697
3,520,5200000,5200100,288,480,5210000,6967
3,521,5210000,5210100,288,480,5220000,6977
3,522,5220000,5220100,288,480,5230000,6992
3,523,5230000,5230100,288,480,5240000,7002
3,524,5240000,5240100,288,480,5250000,7017
3,525,5250000,5250100,288,480,5260000,7032
3,526,5260000,5260100,288,480,5270000,7046
3,527,5270000,5270100,288,480,5280000,7057
3,528,5280000,5280100,288,480,5290000,7074
3,529,5290000,5290100,288,480,5300000,7084
3,53,530000,530100,288,480,540000,707
3,530,5300000,5300100,288,480,5310000,7097
3,531,5310000,5310100,288,480,5320000,7109
3,532,5320000,5320100,288,480,5330000,7129
3,533,5330000,5330100,288,480,5340000,7139
3,534,5340000,5340100,288,480,5350000,7151
3,535,5350000,5350100,288,480,5360000,7164
3,536,5360000,5360100,288,480,5370000,7181
3,537,5370000,5370100,288,480,5380000,7192
3,538,5380000,5380100,288,480,5390000,7204
3,539,5390000,5390100,288,480,5400000,7216
3,54,540000,540100,288,480,550000,721
3,540,5400000,5400100,288,480,5410000,7236
3,541,5410000,5410100,288,480,5420000,7246
3,542,5420000,5420100,288,480,5430000,7259
3,543,5430000,5430100,288,480,5440000,7269
3,544,5440000,5440100,288,480,5450000,7288
3,545,5450000,5450100,288,480,5460000,7299
3,546,5460000,5460100,288,480,5470000,7313
3,547,5470000,5470100,288,480,5480000,7326
3,548,5480000,5480100,288,480,5490000,7341
3,549,5490000,5490100,288,480,5500000,7353
3,55,550000,550100,288,480,560000,732
3,550,5500000,5500100,288,480,5510000,7366
3,551,5510000,5510100,288,480,5520000,7376
3,552,5520000,5520100,288,480,5530000,7394
3,553,5530000,5530100,288,480,5540000,7408
3,554,5540000,5540100,288,480,5550000,7420
3,555,5550000,5550100,288,480,5560000,7433
3,556,5560000,5560100,288,480,5570000,7448
3,557,5570000,5570100,288,480,5580000,7459
3,558,5580000,5580100,288,480,5590000,7473
3,559,5590000,5590100,288,480,5600000,7483
3,56,560000,560100,288,480,570000,751
3,560,5600000,5600100,288,480,5610000,7503
3,561,5610000,5610100,288,480,5620000,7513
3,562,5620000,5620100,288,480,5630000,7530
3,563,5630000,5630100,288,480,5640000,7540
3,564,5640000,5640100,288,480,5650000,7555
3,565,5650000,5650100,288,480,5660000,7566
3,566,5660000,5660100,288,480,5670000,7578
3,567,5670000,5670100,288,480,5680000,7593
3,568,5680000,5680100,288,480,5690000,7610
3,569,5690000,5690100,288,480,5700000,7620
3,57,570000,570100,288,480,580000,762
3,570,5700000,5700100,288,480,5710000,7635
3,571,5710000,5710100,288,480,5720000,7647
3,572,5720000,5720100,288,480,5730000,7663
3,573,5730000,5730100,288,480,5740000,7673
3,574,5740000,5740100,288,480,5750000,7687
3,575,5750000,5750100,288,480,5760000,7698
3,576,5760000,5760100,288,480,5770000,7717
3,577,5770000,5770100,288,480,5780000,7730
3,578,5780000,5780100,288,480,5790000,7742
3,579,5790000,5790100,288,480,5800000,7752
3,58,580000,580100,288,480,590000,776
3,580,5800000,5800100,288,480,5810000,7770
3,581,5810000,5810100,288,480,5820000,7782
3,582,5820000,5820100,288,480,5830000,7795
3,583,5830000,5830100,288,480,5840000,7805
3,584,5840000,5840100,288,480,5850000,7822
3,585,5850000,5850100,288,480,5860000,7837
3,586,5860000,5860100,288,480,5870000,7849
3,587,5870000,5870100,288,480,5880000,7860
3,588,5880000,5880100,288,480,5890000,7877
3,589,5890000,5890100,288,480,5900000,7889
3,59,590000,590100,288,480,600000,786
3,590,5900000,5900100,288,480,5910000,7902
3,591,5910000,5910100,288,480,5920000,7912
3,592,5920000,5920100,288,480,5930000,7932
3,593,5930000,5930100,288,480,5940000,7942
3,594,5940000,5940100,288,480,5950000,7956
3,595,5950000,5950100,288,480,5960000,7969
3,596,5960000,5960100,288,480,5970000,7984
3,597,5970000,5970100,288,480,5980000,7995
3,598,5980000,5980100,288,480,5990000,8009
3,599,5990000,5990100,288,480,6000000,8019
3,6,60000,60100,288,480,70000,76
3,60,600000,600100,288,480,610000,804
3,600,6000000,6000100,288,480,6010000,8039
3,601,6010000,6010100,288,480,6020000,8049
3,602,6020000,6020100,288,480,6030000,8064
3,603,6030000,6030100,288,480,6040000,8076
3,604,6040000,6040100,288,480,6050000,8091
3,605,6050000,6050100,288,480,6060000,8102
3,606,6060000,6060100,288,480,6070000,8114
3,607,6070000,6070100,288,480,6080000,8129
3,608,6080000,6080100,288,480,6090000,8146
3,609,6090000,6090100,288,480,6100000,8158
3,61,610000,610100,288,480,620000,814
3,610,6100000,6100100,288,480,6110000,8171
3,611,6110000,6110100,288,480,6120000,8181
3,612,6120000,6120100,288,480,6130000,8199
3,613,6130000,6130100,288,480,6140000,8209
3,614,6140000,6140100,288,480,6150000,8221
3,615,6150000,6150100,288,480,6160000,8234
3,616,6160000,6160100,288,480,6170000,8255
3,617,6170000,6170100,288,480,6180000,8266
3,618,6180000,6180100,288,480,6190000,8278
3,619,6190000,6190100,288,480,6200000,8288
3,62,620000,620100,288,480,630000,827
3,620,6200000,6200100,288,480,6210000,8304
3,621,6210000,6210100,288,480,6220000,8316
3,622,6220000,6220100,288,480,6230000,8331
3,623,6230000,6230100,288,480,6240000,8343
3,624,6240000,6240100,288,480,6250000,8360
3,625,6250000,6250100,288,480,6260000,8373
3,626,6260000,6260100,288,480,6270000,8385
3,627,6270000,6270100,288,480,6280000,8396
3,628,6280000,6280100,288,480,6290000,8411
3,629,6290000,6290100,288,480,6300000,8421
3,63,630000,630100,288,480,640000,841
3,630,6300000,6300100,288,480,6310000,8440
3,631,6310000,6310100,288,480,6320000,8450
3,632,6320000,6320100,288,480,6330000,8468
3,633,6330000,6330100,288,480,6340000,8478
3,634,6340000,6340100,288,480,6350000,8492
3,635,6350000,6350100,288,480,6360000,8503
3,636,6360000,6360100,288,480,6370000,8518
3,637,6370000,6370100,288,480,6380000,8533
3,638,6380000,6380100,288,480,6390000,8545
3,639,6390000,6390100,288,480,6400000,8557
3,64,640000,640100,288,480,650000,858
3,640,6400000,6400100,288,480,6410000,8575
3,641,6410000,6410100,288,480,6420000,8585
3,642,6420000,6420100,288,480,6430000,8598
3,643,6430000,6430100,288,480,6440000,8610
3,644,6440000,6440100,288,480,6450000,8627
3,645,6450000,6450100,288,480,6460000,8640
3,646,6460000,6460100,288,480,6470000,8652
3,647,6470000,6470100,288,480,6480000,8663
3,648,6480000,6480100,288,480,6490000,8682
3,649,6490000,6490100,288,480,6500000,8692
3,65,650000,650100,288,480,660000,869
3,650,6500000,6500100,288,480,6510000,8705
3,651,6510000,6510100,288,480,6520000,8717
3,652,6520000,6520100,288,480,6530000,8737
3,653,6530000,6530100,288,480,6540000,8747
3,654,6540000,6540100,288,480,6550000,8759
3,655,6550000,6550100,288,480,6560000,8770
3,656,6560000,6560100,288,480,6570000,8787
3,657,6570000,6570100,288,480,6580000,8800
3,658,6580000,6580100,288,480,6590000,8814
3,659,6590000,6590100,288,480,6600000,8824
3,66,660000,660100,288,480,670000,881
3,660,6600000,6600100,288,480,6610000,8842
3,661,6610000,6610100,288,480,6620000,8854
3,662,6620000,6620100,288,480,6630000,8867
3,663,6630000,6630100,288,480,6640000,8877
3,664,6640000,6640100,288,480,6650000,8894
3,665,6650000,6650100,288,480,6660000,8907
3,666,6660000,6660100,288,480,6670000,8921
3,667,6670000,6670100,288,480,6680000,8934
3,668,6680000,6680100,288,480,6690000,8949
3,669,6690000,6690100,288,480,6700000,8959
3,67,670000,670100,288,480,680000,896
3,670,6700000,6700100,288,480,6710000,8974
3,671,6710000,6710100,288,480,6720000,8984
3,672,6720000,6720100,288,480,6730000,9004
3,673,6730000,6730100,288,480,6740000,9014
3,674,6740000,6740100,288,480,6750000,9026
3,675,6750000,6750100,288,480,6760000,9041
3,676,6760000,6760100,288,480,6770000,9056
3,677,6770000,6770100,288,480,6780000,9067
3,678,6780000,6780100,288,480,6790000,9079
3,679,6790000,6790100,288,480,6800000,9093
3,68,680000,680100,288,480,690000,911
3,680,6800000,6800100,288,480,6810000,9111
3,681,6810000,6810100,288,480,6820000,9121
3,682,6820000,6820100,288,480,6830000,9136
3,683,6830000,6830100,288,480,6840000,9146
3,684,6840000,6840100,288,480,6850000,9163
3,685,6850000,6850100,288,480,6860000,9174
3,686,6860000,6860100,288,480,6870000,9188
3,687,6870000,6870100,288,480,6880000,9199
3,688,6880000,6880100,288,480,6890000,9218
3,689,6890000,6890100,288,480,6900000,9228
3,69,690000,690100,288,480,700000,921
3,690,6900000,6900100,288,480,6910000,9243
3,691,6910000,6910100,288,480,6920000,9253
3,692,6920000,6920100,288,480,6930000,9269
3,693,6930000,6930100,288,480,6940000,9283
3,694,6940000,6940100,288,480,6950000,9295
3,695,6950000,6950100,288,480,6960000,9306
3,696,6960000,6960100,288,480,6970000,9323
3,697,6970000,6970100,288,480,6980000,9338
3,698,6980000,6980100,288,480,6990000,9350
3,699,6990000,6990100,288,480,7000000,9360
3,7,70000,70100,288,480,80000,91
3,70,700000,700100,288,480,710000,936
3,700,7000000,7000100,288,480,7010000,9378
3,701,7010000,7010100,288,480,7020000,9388
3,702,7020000,7020100,288,480,7030000,9403
3,703,7030000,7030100,288,480,7040000,9413
3,704,7040000,7040100,288,480,7050000,9430
3,705,7050000,7050100,288,480,7060000,9443
3,706,7060000,7060100,288,480,7070000,9457
3,707,7070000,7070100,288,480,7080000,9470
3,708,7080000,7080100,288,480,7090000,9485
3,709,7090000,7090100,288,480,7100000,9495
3,71,710000,710100,288,480,720000,946
3,710,7100000,7100100,288,480,7110000,9508
3,711,7110000,7110100,288,480,7120000,9520
3,712,7120000,7120100,288,480,7130000,9540
3,713,7130000,7130100,288,480,7140000,9550
3,714,7140000,7140100,288,480,7150000,9564
3,715,7150000,7150100,288,480,7160000,9577
3,716,7160000,7160100,288,480,7170000,9592
3,717,7170000,7170100,288,480,7180000,9603
3,718,7180000,7180100,288,480,7190000,9615
3,719,7190000,7190100,288,480,7200000,9625
3,72,720000,720100,288,480,730000,966
3,720,7200000,7200100,288,480,7210000,9647
3,721,7210000,7210100,288,480,7220000,9659
3,722,7220000,7220100,288,480,7230000,9672
3,723,7230000,7230100,288,480,7240000,9682
3,724,7240000,7240100,288,480,7250000,9699
3,725,7250000,7250100,288,480,7260000,9710
3,726,7260000,7260100,288,480,7270000,9722
3,727,7270000,7270100,288,480,7280000,9735
3,728,7280000,7280100,288,480,7290000,9754
3,729,7290000,7290100,288,480,7300000,9766
3,73,730000,730100,288,480,740000,976
3,730,7300000,7300100,288,480,7310000,9779
3,731,7310000,7310100,288,480,7320000,9789
3,732,7320000,7320100,288,480,7330000,9805
3,733,7330000,7330100,288,480,7340000,9817
3,734,7340000,7340100,288,480,7350000,9829
3,735,7350000,7350100,288,480,7360000,9844
3,736,7360000,7360100,288,480,7370000,9861
3,737,7370000,7370100,288,480,7380000,9872
3,738,7380000,7380100,288,480,7390000,9886
3,739,7390000,7390100,288,480,7400000,9896
3,74,740000,740100,288,480,750000,988
3,740,7400000,7400100,288,480,7410000,9912
3,741,7410000,7410100,288,480,7420000,9922
3,742,7420000,7420100,288,480,7430000,9941
3,743,7430000,7430100,288,480,7440000,9951
3,744,7440000,7440100,288,480,7450000,9968
3,745,7450000,7450100,288,480,7460000,9979
3,746,7460000,7460100,288,480,7470000,9991
3,747,7470000,7470100,288,480,7480000,10004
3,748,7480000,7480100,288,480,7490000,10019
3,749,7490000,7490100,288,480,7500000,10031
3,75,750000,750100,288,480,760000,1001
3,750,7500000,7500100,288,480,7510000,10046
3,751,7510000,7510100,288,480,7520000,10058
3,752,7520000,7520100,288,480,7530000,10076
3,753,7530000,7530100,288,480,7540000,10086
3,754,7540000,7540100,288,480,7550000,10098
3,755,7550000,7550100,288,480,7560000,10109
3,756,7560000,7560100,288,480,7570000,10128
3,757,7570000,7570100,288,480,7580000,10141
3,758,7580000,7580100,288,480,7590000,10153
3,759,7590000,7590100,288,480,7600000,10163
3,76,760000,760100,288,480,770000,1018
3,760,7600000,7600100,288,480,7610000,10183
3,761,7610000,7610100,288,480,7620000,10193
3,762,7620000,7620100,288,480,7630000,10206
3,763,7630000,7630100,288,480,7640000,10218
3,764,7640000,7640100,288,480,7650000,10233
3,765,7650000,7650100,288,480,7660000,10248
3,766,7660000,7660100,288,480,7670000,10260
3,767,7670000,7670100,288,480,7680000,10271
3,768,7680000,7680100,288,480,7690000,10288
3,769,7690000,7690100,288,480,7700000,10300
3,77,770000,770100,288,480,780000,1031
3,770,7700000,7700100,288,480,7710000,10315
3,771,7710000,7710100,288,480,7720000,10325
3,772,7720000,7720100,288,480,7730000,10343
3,773,7730000,7730100,288,480,7740000,10353
3,774,7740000,7740100,288,480,7750000,10367
3,775,7750000,7750100,288,480,7760000,10378
3,776,7760000,7760100,288,480,7770000,10395
3,777,7770000,7770100,288,480,7780000,10408
3,778,7780000,7780100,288,480,7790000,10422
3,779,7790000,7790100,288,480,7800000,10432
3,78,780000,780100,288,480,790000,1043
3,780,7800000,7800100,288,480,7810000,10450
3,781,7810000,7810100,288,480,7820000,10460
3,782,7820000,7820100,288,480,7830000,10473
3,783,7830000,7830100,288,480,7840000,10485
3,784,7840000,7840100,288,480,7850000,10504
3,785,7850000,7850100,288,480,7860000,10515
3,786,7860000,7860100,288,480,7870000,10527
3,787,7870000,7870100,288,480,7880000,10542
3,788,7880000,7880100,288,480,7890000,10557
3,789,7890000,7890100,288,480,7900000,10567
3,79,790000,790100,288,480,800000,1053
3,790,7900000,7900100,288,480,7910000,10580
3,791,7910000,7910100,288,480,7920000,10592
3,792,7920000,7920100,288,480,7930000,10612
3,793,7930000,7930100,288,480,7940000,10622
3,794,7940000,7940100,288,480,7950000,10634
3,795,7950000,7950100,288,480,7960000,10647
3,796,7960000,7960100,288,480,7970000,10664
3,797,7970000,7970100,288,480,7980000,10675
3,798,7980000,7980100,288,480,7990000,10689
3,799,7990000,7990100,288,480,8000000,10699
3,8,80000,80100,288,480,90000,108
3,80,800000,800100,288,480,810000,1071
3,800,8000000,8000100,288,480,8010000,10717
3,801,8010000,8010100,288,480,8020000,10729
3,802,8020000,8020100,288,480,8030000,10744
3,803,8030000,8030100,288,480,8040000,10754
3,804,8040000,8040100,288,480,8050000,10769
3,805,8050000,8050100,288,480,8060000,10784
3,806,8060000,8060100,288,480,8070000,10796
3,807,8070000,8070100,288,480,8080000,10807
3,808,8080000,8080100,288,480,8090000,10824
3,809,8090000,8090100,288,480,8100000,10834
3,81,810000,810100,288,480,820000,1083
3,810,8100000,8100100,288,480,8110000,10851
3,811,8110000,8110100,288,480,8120000,10861
3,812,8120000,8120100,288,480,8130000,10879
3,813,8130000,8130100,288,480,8140000,10889
3,814,8140000,8140100,288,480,8150000,10903
3,815,8150000,8150100,288,480,8160000,10914
3,816,8160000,8160100,288,480,8170000,10931
3,817,8170000,8170100,288,480,8180000,10944
3,818,8180000,8180100,288,480,8190000,10956
3,819,8190000,8190100,288,480,8200000,10970
3,82,820000,820100,288,480,830000,1098
3,820,8200000,8200100,288,480,8210000,10986
3,821,8210000,8210100,288,480,8220000,10996
3,822,8220000,8220100,288,480,8230000,11009
3,823,8230000,8230100,288,480,8240000,11021
3,824,8240000,8240100,288,480,8250000,11038
3,825,8250000,8250100,288,480,8260000,11051
3,826,8260000,8260100,288,480,8270000,11065
3,827,8270000,8270100,288,480,8280000,11076
3,828,8280000,8280100,288,480,8290000,11093
3,829,8290000,8290100,288,480,8300000,11103
3,83,830000,830100,288,480,840000,1108
3,830,8300000,8300100,288,480,8310000,11116
3,831,8310000,8310100,288,480,8320000,11126
3,832,8320000,8320100,288,480,8330000,11148
3,833,8330000,8330100,288,480,8340000,11160
3,834,8340000,8340100,288,480,8350000,11172
3,835,8350000,8350100,288,480,8360000,11183
3,836,8360000,8360100,288,480,8370000,11198
3,837,8370000,8370100,288,480,8380000,11211
3,838,8380000,8380100,288,480,8390000,11223
3,839,8390000,8390100,288,480,8400000,11233
3,84,840000,840100,288,480,850000,1125
3,840,8400000,8400100,288,480,8410000,11255
3,841,8410000,8410100,288,480,8420000,11267
3,842,8420000,8420100,288,480,8430000,11280
3,843,8430000,8430100,288,480,8440000,11290
3,844,8440000,8440100,288,480,8450000,11305
3,845,8450000,8450100,288,480,8460000,11316
3,846,8460000,8460100,288,480,8470000,11330
3,847,8470000,8470100,288,480,8480000,11345
3,848,8480000,8480100,288,480,8490000,11362
3,849,8490000,8490100,288,480,8500000,11372
3,85,850000,850100,288,480,860000,1138
3,850,8500000,8500100,288,480,8510000,11387
3,851,8510000,8510100,288,480,8520000,11397
3,852,8520000,8520100,288,480,8530000,11413
3,853,8530000,8530100,288,480,8540000,11423
3,854,8540000,8540100,288,480,8550000,11437
3,855,8550000,8550100,288,480,8560000,11452
3,856,8560000,8560100,288,480,8570000,11469
3,857,8570000,8570100,288,480,8580000,11480
3,858,8580000,8580100,288,480,8590000,11492
3,859,8590000,8590100,288,480,8600000,11504
3,86,860000,860100,288,480,870000,1150
3,860,8600000,8600100,288,480,8610000,11520
3,861,8610000,8610100,288,480,8620000,11532
3,862,8620000,8620100,288,480,8630000,11547
3,863,8630000,8630100,288,480,8640000,11557
3,864,8640000,8640100,288,480,8650000,11576
3,865,8650000,8650100,288,480,8660000,11587
3,866,8660000,8660100,288,480,8670000,11599
3,867,8670000,8670100,288,480,8680000,11610
3,868,8680000,8680100,288,480,8690000,11629
3,869,8690000,8690100,288,480,8700000,11639
3,87,870000,870100,288,480,880000,1161
3,870,8700000,8700100,288,480,8710000,11654
3,871,8710000,8710100,288,480,8720000,11664
3,872,8720000,8720100,288,480,8730000,11682
3,873,8730000,8730100,288,480,8740000,11694
3,874,8740000,8740100,288,480,8750000,11706
3,875,8750000,8750100,288,480,8760000,11719
3,876,8760000,8760100,288,480,8770000,11734
3,877,8770000,8770100,288,480,8780000,11749
3,878,8780000,8780100,288,480,8790000,11761
3,879,8790000,8790100,288,480,8800000,11771
3,88,880000,880100,288,480,890000,1178
3,880,8800000,8800100,288,480,8810000,11789
3,881,8810000,8810100,288,480,8820000,11799
3,882,8820000,8820100,288,480,8830000,11816
3,883,8830000,8830100,288,480,8840000,11826
3,884,8840000,8840100,288,480,8850000,11841
3,885,8850000,8850100,288,480,8860000,11854
3,886,8860000,8860100,288,480,8870000,11868
3,887,8870000,8870100,288,480,8880000,11879
3,888,8880000,8880100,288,480,8890000,11896
3,889,8890000,8890100,288,480,8900000,11908
3,89,890000,890100,288,480,900000,1188
3,890,8900000,8900100,288,480,8910000,11921
3,891,8910000,8910100,288,480,8920000,11933
3,892,8920000,8920100,288,480,8930000,11951
3,893,8930000,8930100,288,480,8940000,11961
3,894,8940000,8940100,288,480,8950000,11973
3,895,8950000,8950100,288,480,8960000,11986
3,896,8960000,8960100,288,480,8970000,12005
3,897,8970000,8970100,288,480,8980000,12016
3,898,8980000,8980100,288,480,8990000,12028
3,899,8990000,8990100,288,480,9000000,12038
3,9,90000,90100,288,480,100000,120
3,90,900000,900100,288,480,910000,1205
3,900,9000000,9000100,288,480,9010000,12058
3,901,9010000,9010100,288,480,9020000,12068
3,902,9020000,9020100,288,480,9030000,12081
3,903,9030000,9030100,288,480,9040000,12093
3,904,9040000,9040100,288,480,9050000,12112
3,905,9050000,9050100,288,480,9060000,12123
3,906,9060000,9060100,288,480,9070000,12135
3,907,9070000,9070100,288,480,9080000,12148
3,908,9080000,9080100,288,480,9090000,12163
3,909,9090000,9090100,288,480,9100000,12175
3,91,910000,910100,288,480,920000,1217
3,910,9100000,9100100,288,480,9110000,12190
3,911,9110000,9110100,288,480,9120000,12200
3,912,9120000,9120100,288,480,9130000,12218
3,913,9130000,9130100,288,480,9140000,12230
3,914,9140000,9140100,288,480,9150000,12242
3,915,9150000,9150100,288,480,9160000,12255
3,916,9160000,9160100,288,480,9170000,12270
3,917,9170000,9170100,288,480,9180000,12283
3,918,9180000,9180100,288,480,9190000,12297
3,919,9190000,9190100,288,480,9200000,12307
3,92,920000,920100,288,480,930000,1233
3,920,9200000,9200100,288,480,9210000,12325
3,921,9210000,9210100,288,480,9220000,12335
3,922,9220000,9220100,288,480,9230000,12352
3,923,9230000,9230100,288,480,9240000,12362
3,924,9240000,9240100,288,480,9250000,12379
3,925,9250000,9250100,288,480,9260000,12390
3,926,9260000,9260100,288,480,9270000,12402
3,927,9270000,9270100,288,480,9280000,12415
3,928,9280000,9280100,288,480,9290000,12432
3,929,9290000,9290100,288,480,9300000,12442
3,93,930000,930100,288,480,940000,1243
3,930,9300000,9300100,288,480,9310000,12457
3,931,9310000,9310100,288,480,9320000,12471
3,932,9320000,9320100,288,480,9330000,12487
3,933,9330000,9330100,288,480,9340000,12497
3,934,9340000,9340100,288,480,9350000,12509
3,935,9350000,9350100,288,480,9360000,12520
3,936,9360000,9360100,288,480,9370000,12539
3,937,9370000,9370100,288,480,9380000,12552
3,938,9380000,9380100,288,480,9390000,12566
3,939,9390000,9390100,288,480,9400000,12576
3,94,940000,940100,288,480,950000,1257
3,940,9400000,9400100,288,480,9410000,12594
3,941,9410000,9410100,288,480,9420000,12604
3,942,9420000,9420100,288,480,9430000,12617
3,943,9430000,9430100,288,480,9440000,12627
3,944,9440000,9440100,288,480,9450000,12644
3,945,9450000,9450100,288,480,9460000,12661
3,946,9460000,9460100,288,480,9470000,12673
3,947,9470000,9470100,288,480,9480000,12684
3,948,9480000,9480100,288,480,9490000,12699
3,949,9490000,9490100,288,480,9500000,12711
3,95,950000,950100,288,480,960000,1268
3,950,9500000,9500100,288,480,9510000,12724
3,951,9510000,9510100,288,480,9520000,12734
3,952,9520000,9520100,288,480,9530000,12756
3,953,9530000,9530100,288,480,9540000,12766
3,954,9540000,9540100,288,480,9550000,12780
3,955,9550000,9550100,288,480,9560000,12791
3,956,9560000,9560100,288,480,9570000,12806
3,957,9570000,9570100,288,480,9580000,12817
3,958,9580000,9580100,288,480,9590000,12831
3,959,9590000,9590100,288,480,9600000,12843
3,96,960000,960100,288,480,970000,1285
3,960,9600000,9600100,288,480,9610000,12863
3,961,9610000,9610100,288,480,9620000,12873
3,962,9620000,9620100,288,480,9630000,12886
3,963,9630000,9630100,288,480,9640000,12898
3,964,9640000,9640100,288,480,9650000,12913
3,965,9650000,9650100,288,480,9660000,12924
3,966,9660000,9660100,288,480,9670000,12938
3,967,9670000,9670100,288,480,9680000,12953
3,968,9680000,9680100,288,480,9690000,12970
3,969,9690000,9690100,288,480,9700000,12980
3,97,970000,970100,288,480,980000,1298
3,970,9700000,9700100,288,480,9710000,12993
3,971,9710000,9710100,288,480,9720000,13003
3,972,9720000,9720100,288,480,9730000,13021
3,973,9730000,9730100,288,480,9740000,13033
3,974,9740000,9740100,288,480,9750000,13045
3,975,9750000,9750100,288,480,9760000,13058
3,976,9760000,9760100,288,480,9770000,13077
3,977,9770000,9770100,288,480,9780000,13088
3,978,9780000,9780100,288,480,9790000,13100
3,979,9790000,9790100,288,480,9800000,13110
3,98,980000,980100,288,480,990000,1312
3,980,9800000,9800100,288,480,9810000,13128
3,981,9810000,9810100,288,480,9820000,13140
3,982,9820000,9820100,288,480,9830000,13155
3,983,9830000,9830100,288,480,9840000,13165
3,984,9840000,9840100,288,480,9850000,13182
3,985,9850000,9850100,288,480,9860000,13195
3,986,9860000,9860100,288,480,9870000,13207
3,987,9870000,9870100,288,480,9880000,13220
3,988,9880000,9880100,288,480,9890000,13235
3,989,9890000,9890100,288,480,9900000,13245
3,99,990000,990100,288,480,1000000,1324
3,990,9900000,9900100,288,480,9910000,13262
3,991,9910000,9910100,288,480,9920000,13272
3,992,9920000,9920100,288,480,9930000,13290
3,993,9930000,9930100,288,480,9940000,13300
3,994,9940000,9940100,288,480,9950000,13316
3,995,9950000,9950100,288,480,9960000,13327
3,996,9960000,9960100,288,480,9970000,13342
3,997,9970000,9970100,288,480,9980000,13355
3,998,9980000,9980100,288,480,9990000,13367
3,999,9990000,9990100,288,480,10000000,13379
4,0,0,100,302,503,10000,4
4,1,10000,10100,302,503,20000,14
4,10,100000,100100,302,503,110000,134
4,100,1000000,1000100,302,503,1010000,1341
4,1000,10000000,10000100,302,503,10010000,13398
4,1001,10010000,10010100,302,503,10020000,13410
4,1002,10020000,10020100,302,503,10030000,13423
4,1003,10030000,10030100,302,503,10040000,13435
4,1004,10040000,10040100,302,503,10050000,13450
4,1005,10050000,10050100,302,503,10060000,13463
4,1006,10060000,10060100,302,503,10070000,13475
4,1007,10070000,10070100,302,503,10080000,13486
4,1008,10080000,10080100,302,503,10090000,13507
4,1009,10090000,10090100,302,503,10100000,13517
4,101,1010000,1010100,302,503,1020000,1351
4,1010,10100000,10100100,302,503,10110000,13530
4,1011,10110000,10110100,302,503,10120000,13540
4,1012,10120000,10120100,302,503,10130000,13560
4,1013,10130000,10130100,302,503,10140000,13570
4,1014,10140000,10140100,302,503,10150000,13582
4,1015,10150000,10150100,302,503,10160000,13595
4,1016,10160000,10160100,302,503,10170000,13612
4,1017,10170000,10170100,302,503,10180000,13625
4,1018,10180000,10180100,302,503,10190000,13637
4,1019,10190000,10190100,302,503,10200000,13647
4,102,1020000,1020100,302,503,1030000,1364
4,1020,10200000,10200100,302,503,10210000,13665
4,1021,10210000,10210100,302,503,10220000,13677
4,1022,10220000,10220100,302,503,10230000,13692
4,1023,10230000,10230100,302,503,10240000,13702
4,1024,10240000,10240100,302,503,10250000,13719
4,1025,10250000,10250100,302,503,10260000,13730
4,1026,10260000,10260100,302,503,10270000,13744
4,1027,10270000,10270100,302,503,10280000,13757
4,1028,10280000,10280100,302,503,10290000,13772
4,1029,10290000,10290100,302,503,10300000,13784
4,103,1030000,1030100,302,503,1040000,1376
4,1030,10300000,10300100,302,503,10310000,13799
4,1031,10310000,10310100,302,503,10320000,13809
4,1032,10320000,10320100,302,503,10330000,13827
4,1033,10330000,10330100,302,503,10340000,13837
4,1034,10340000,10340100,302,503,10350000,13849
4,1035,10350000,10350100,302,503,10360000,13864
4,1036,10360000,10360100,302,503,10370000,13881
4,1037,10370000,10370100,302,503,10380000,13892
4,1038,10380000,10380100,302,503,10390000,13904
4,1039,10390000,10390100,302,503,10400000,13916
4,104,1040000,1040100,302,503,1050000,1393
4,1040,10400000,10400100,302,503,10410000,13934
4,1041,10410000,10410100,302,503,10420000,13944
4,1042,10420000,10420100,302,503,10430000,13959
4,1043,10430000,10430100,302,503,10440000,13971
4,1044,10440000,10440100,302,503,10450000,13988
4,1045,10450000,10450100,302,503,10460000,13999
4,1046,10460000,10460100,302,503,10470000,14011
4,1047,10470000,10470100,302,503,10480000,14022
4,1048,10480000,10480100,302,503,10490000,14041
4,1049,10490000,10490100,302,503,10500000,14051
4,105,1050000,1050100,302,503,1060000,1408
4,1050,10500000,10500100,302,503,10510000,14068
4,1051,10510000,10510100,302,503,10520000,14078
4,1052,10520000,10520100,302,503,10530000,14094
4,1053,10530000,10530100,302,503,10540000,14106
4,1054,10540000,10540100,302,503,10550000,14118
4,1055,10550000,10550100,302,503,10560000,14129
4,1056,10560000,10560100,302,503,10570000,14146
4,1057,10570000,10570100,302,503,10580000,14163
4,1058,10580000,10580100,302,503,10590000,14175
4,1059,10590000,10590100,302,503,10600000,14185
4,106,1060000,1060100,302,503,1070000,1420
4,1060,10600000,10600100,302,503,10610000,14201
4,1061,10610000,10610100,302,503,10620000,14211
4,1062,10620000,10620100,302,503,10630000,14226
4,1063,10630000,10630100,302,503,10640000,14236
4,1064,10640000,10640100,302,503,10650000,14255
4,1065,10650000,10650100,302,503,10660000,14268
4,1066,10660000,10660100,302,503,10670000,14282
4,1067,10670000,10670100,302,503,10680000,14293
4,1068,10680000,10680100,302,503,10690000,14308
4,1069,10690000,10690100,302,503,10700000,14318
4,107,1070000,1070100,302,503,1080000,1431
4,1070,10700000,10700100,302,503,10710000,14331
4,1071,10710000,10710100,302,503,10720000,14345
4,1072,10720000,10720100,302,503,10730000,14365
4,1073,10730000,10730100,302,503,10740000,14375
4,1074,10740000,10740100,302,503,10750000,14387
4,1075,10750000,10750100,302,503,10760000,14400
4,1076,10760000,10760100,302,503,10770000,14415
4,1077,10770000,10770100,302,503,10780000,14426
4,1078,10780000,10780100,302,503,10790000,14440
4,1079,10790000,10790100,302,503,10800000,14450
4,108,1080000,1080100,302,503,1090000,1448
4,1080,10800000,10800100,302,503,10810000,14472
4,1081,10810000,10810100,302,503,10820000,14482
4,1082,10820000,10820100,302,503,10830000,14495
4,1083,10830000,10830100,302,503,10840000,14505
4,1084,10840000,10840100,302,503,10850000,14522
4,1085,10850000,10850100,302,503,10860000,14535
4,1086,10860000,10860100,302,503,10870000,14547
4,1087,10870000,10870100,302,503,10880000,14560
4,1088,10880000,10880100,302,503,10890000,14577
4,1089,10890000,10890100,302,503,10900000,14589
4,109,1090000,1090100,302,503,1100000,1458
4,1090,10900000,10900100,302,503,10910000,14602
4,1091,10910000,10910100,302,503,10920000,14612
4,1092,10920000,10920100,302,503,10930000,14630
4,1093,10930000,10930100,302,503,10940000,14642
4,1094,10940000,10940100,302,503,10950000,14654
4,1095,10950000,10950100,302,503,10960000,14667
4,1096,10960000,10960100,302,503,10970000,14684
4,1097,10970000,10970100,302,503,10980000,14695
4,1098,10980000,10980100,302,503,10990000,14709
4,1099,10990000,10990100,302,503,11000000,14721
4,11,110000,110100,302,503,120000,144
4,110,1100000,1100100,302,503,1110000,1471
4,1100,11000000,11000100,302,503,11010000,14737
4,1101,11010000,11010100,302,503,11020000,14747
4,1102,11020000,11020100,302,503,11030000,14764
4,1103,11030000,11030100,302,503,11040000,14774
4,1104,11040000,11040100,302,503,11050000,14791
4,1105,11050000,11050100,302,503,11060000,14802
4,1106,11060000,11060100,302,503,11070000,14816
4,1107,11070000,11070100,302,503,11080000,14829
4,1108,11080000,11080100,302,503,11090000,14844
4,1109,11090000,11090100,302,503,11100000,14854
4,111,1110000,1110100,302,503,1120000,1481
4,1110,11100000,11100100,302,503,11110000,14869
4,1111,11110000,11110100,302,503,11120000,14881
4,1112,11120000,11120100,302,503,11130000,14899
4,1113,11130000,11130100,302,503,11140000,14911
4,1114,11140000,11140100,302,503,11150000,14923
4,1115,11150000,11150100,302,503,11160000,14934
4,1116,11160000,11160100,302,503,11170000,14951
4,1117,11170000,11170100,302,503,11180000,14964
4,1118,11180000,11180100,302,503,11190000,14976
4,1119,11190000,11190100,302,503,11200000,14986
4,112,1120000,1120100,302,503,1130000,1505
4,1120,11200000,11200100,302,503,11210000,15008
4,1121,11210000,11210100,302,503,11220000,15018
4,1122,11220000,11220100,302,503,11230000,15031
4,1123,11230000,11230100,302,503,11240000,15041
4,1124,11240000,11240100,302,503,11250000,15056
4,1125,11250000,11250100,302,503,11260000,15071
4,1126,11260000,11260100,302,503,11270000,15083
4,1127,11270000,11270100,302,503,11280000,15096
4,1128,11280000,11280100,302,503,11290000,15113
4,1129,11290000,11290100,302,503,11300000,15125
4,113,1130000,1130100,302,503,1140000,1515
4,1130,11300000,11300100,302,503,11310000,15138
4,1131,11310000,11310100,302,503,11320000,15148
4,1132,11320000,11320100,302,503,11330000,15166
4,1133,11330000,11330100,302,503,11340000,15176
4,1134,11340000,11340100,302,503,11350000,15192
4,1135,11350000,11350100,302,503,11360000,15203
4,1136,11360000,11360100,302,503,11370000,15220
4,1137,11370000,11370100,302,503,11380000,15231
4,1138,11380000,11380100,302,503,11390000,15245
4,1139,11390000,11390100,302,503,11400000,15255
4,114,1140000,1140100,302,503,1150000,1527
4,1140,11400000,11400100,302,503,11410000,15273
4,1141,11410000,11410100,302,503,11420000,15285
4,1142,11420000,11420100,302,503,11430000,15298
4,1143,11430000,11430100,302,503,11440000,15310
4,1144,11440000,11440100,302,503,11450000,15327
4,1145,11450000,11450100,302,503,11460000,15338
4,1146,11460000,11460100,302,503,11470000,15350
4,1147,11470000,11470100,302,503,11480000,15365
4,1148,11480000,11480100,302,503,11490000,15382
4,1149,11490000,11490100,302,503,11500000,15392
4,115,1150000,1150100,302,503,1160000,1538
4,1150,11500000,11500100,302,503,11510000,15405
4,1151,11510000,11510100,302,503,11520000,15415
4,1152,11520000,11520100,302,503,11530000,15435
4,1153,11530000,11530100,302,503,11540000,15445
4,1154,11540000,11540100,302,503,11550000,15457
4,1155,11550000,11550100,302,503,11560000,15472
4,1156,11560000,11560100,302,503,11570000,15489
4,1157,11570000,11570100,302,503,11580000,15500
4,1158,11580000,11580100,302,503,11590000,15512
4,1159,11590000,11590100,302,503,11600000,15522
4,116,1160000,1160100,302,503,1170000,1553
4,1160,11600000,11600100,302,503,11610000,15540
4,1161,11610000,11610100,302,503,11620000,15552
4,1162,11620000,11620100,302,503,11630000,15569
4,1163,11630000,11630100,302,503,11640000,15579
4,1164,11640000,11640100,302,503,11650000,15594
4,1165,11650000,11650100,302,503,11660000,15607
4,1166,11660000,11660100,302,503,11670000,15619
4,1167,11670000,11670100,302,503,11680000,15630
4,1168,11680000,11680100,302,503,11690000,15647
4,1169,11690000,11690100,302,503,11700000,15659
4,117,1170000,1170100,302,503,1180000,1566
4,1170,11700000,11700100,302,503,11710000,15676
4,1171,11710000,11710100,302,503,11720000,15686
4,1172,11720000,11720100,302,503,11730000,15702
4,1173,11730000,11730100,302,503,11740000,15712
4,1174,11740000,11740100,302,503,11750000,15726
4,1175,11750000,11750100,302,503,11760000,15737
4,1176,11760000,11760100,302,503,11770000,15756
4,1177,11770000,11770100,302,503,11780000,15769
4,1178,11780000,11780100,302,503,11790000,15781
4,1179,11790000,11790100,302,503,11800000,15793
4,118,1180000,1180100,302,503,1190000,1578
4,1180,11800000,11800100,302,503,11810000,15809
4,1181,11810000,11810100,302,503,11820000,15819
4,1182,11820000,11820100,302,503,11830000,15832
4,1183,11830000,11830100,302,503,11840000,15846
4,1184,11840000,11840100,302,503,11850000,15863
4,1185,11850000,11850100,302,503,11860000,15876
4,1186,11860000,11860100,302,503,11870000,15888
4,1187,11870000,11870100,302,503,11880000,15899
4,1188,11880000,11880100,302,503,11890000,15916
4,1189,11890000,11890100,302,503,11900000,15926
4,119,1190000,1190100,302,503,1200000,1590
4,1190,11900000,11900100,302,503,11910000,15941
4,1191,11910000,11910100,302,503,11920000,15951
4,1192,11920000,11920100,302,503,11930000,15973
4,1193,11930000,11930100,302,503,11940000,15983
4,1194,11940000,11940100,302,503,11950000,15995
4,1195,11950000,11950100,302,503,11960000,16006
4,1196,11960000,11960100,302,503,11970000,16021
4,1197,11970000,11970100,302,503,11980000,16036
4,1198,11980000,11980100,302,503,11990000,16048
4,1199,11990000,11990100,302,503,12000000,16058
4,12,120000,120100,302,503,130000,160
4,120,1200000,1200100,302,503,1210000,1610
4,1200,12000000,12000100,302,503,12010000,16078
4,1201,12010000,12010100,302,503,12020000,16090
4,1202,12020000,12020100,302,503,12030000,16103
4,1203,12030000,12030100,302,503,12040000,16113
4,1204,12040000,12040100,302,503,12050000,16130
4,1205,12050000,12050100,302,503,12060000,16141
4,1206,12060000,12060100,302,503,12070000,16155
4,1207,12070000,12070100,302,503,12080000,16168
4,1208,12080000,12080100,302,503,12090000,16185
4,1209,12090000,12090100,302,503,12100000,16195
4,121,1210000,1210100,302,503,1220000,1622
4,1210,12100000,12100100,302,503,12110000,16210
4,1211,12110000,12110100,302,503,12120000,16222
4,1212,12120000,12120100,302,503,12130000,16238
4,1213,12130000,12130100,302,503,12140000,16248
4,1214,12140000,12140100,302,503,12150000,16260
4,1215,12150000,12150100,302,503,12160000,16275
4,1216,12160000,12160100,302,503,12170000,16292
4,1217,12170000,12170100,302,503,12180000,16303
4,1218,12180000,12180100,302,503,12190000,16317
4,1219,12190000,12190100,302,503,12200000,16329
4,122,1220000,1220100,302,503,1230000,1635
4,1220,12200000,12200100,302,503,12210000,16345
4,1221,12210000,12210100,302,503,12220000,16355
4,1222,12220000,12220100,302,503,12230000,16370
4,1223,12230000,12230100,302,503,12240000,16380
4,1224,12240000,12240100,302,503,12250000,16399
4,1225,12250000,12250100,302,503,12260000,16412
4,1226,12260000,12260100,302,503,12270000,16424
4,1227,12270000,12270100,302,503,12280000,16435
4,1228,12280000,12280100,302,503,12290000,16452
4,1229,12290000,12290100,302,503,12300000,16462
4,123,1230000,1230100,302,503,1240000,1645
4,1230,12300000,12300100,302,503,12310000,16477
4,1231,12310000,12310100,302,503,12320000,16487
4,1232,12320000,12320100,302,503,12330000,16507
4,1233,12330000,12330100,302,503,12340000,16519
4,1234,12340000,12340100,302,503,12350000,16531
4,1235,12350000,12350100,302,503,12360000,16542
4,1236,12360000,12360100,302,503,12370000,16557
4,1237,12370000,12370100,302,503,12380000,16572
4,1238,12380000,12380100,302,503,12390000,16584
4,1239,12390000,12390100,302,503,12400000,16596
4,124,1240000,1240100,302,503,1250000,1660
4,1240,12400000,12400100,302,503,12410000,16614
4,1241,12410000,12410100,302,503,12420000,16624
4,1242,12420000,12420100,302,503,12430000,16639
4,1243,12430000,12430100,302,503,12440000,16649
4,1244,12440000,12440100,302,503,12450000,16664
4,1245,12450000,12450100,302,503,12460000,16677
4,1246,12460000,12460100,302,503,12470000,16693
4,1247,12470000,12470100,302,503,12480000,16704
4,1248,12480000,12480100,302,503,12490000,16721
4,1249,12490000,12490100,302,503,12500000,16731
4,125,1250000,1250100,302,503,1260000,1671
4,1250,12500000,12500100,302,503,12510000,16744
4,1251,12510000,12510100,302,503,12520000,16756
4,1252,12520000,12520100,302,503,12530000,16774
4,1253,12530000,12530100,302,503,12540000,16786
4,1254,12540000,12540100,302,503,12550000,16798
4,1255,12550000,12550100,302,503,12560000,16811
4,1256,12560000,12560100,302,503,12570000,16828
4,1257,12570000,12570100,302,503,12580000,16839
4,1258,12580000,12580100,302,503,12590000,16851
4,1259,12590000,12590100,302,503,12600000,16861
4,126,1260000,1260100,302,503,1270000,1687
4,1260,12600000,12600100,302,503,12610000,16883
4,1261,12610000,12610100,302,503,12620000,16893
4,1262,12620000,12620100,302,503,12630000,16906
4,1263,12630000,12630100,302,503,12640000,16916
4,1264,12640000,12640100,302,503,12650000,16935
4,1265,12650000,12650100,302,503,12660000,16946
4,1266,12660000,12660100,302,503,12670000,16958
4,1267,12670000,12670100,302,503,12680000,16973
4,1268,12680000,12680100,302,503,12690000,16988
4,1269,12690000,12690100,302,503,12700000,17000
4,127,1270000,1270100,302,503,1280000,1700
4,1270,12700000,12700100,302,503,12710000,17013
4,1271,12710000,12710100,302,503,12720000,17023
4,1272,12720000,12720100,302,503,12730000,17041
4,1273,12730000,12730100,302,503,12740000,17053
4,1274,12740000,12740100,302,503,12750000,17067
4,1275,12750000,12750100,302,503,12760000,17080
4,1276,12760000,12760100,302,503,12770000,17095
4,1277,12770000,12770100,302,503,12780000,17106
4,1278,12780000,12780100,302,503,12790000,17120
4,1279,12790000,12790100,302,503,12800000,17130
4,128,1280000,1280100,302,503,1290000,1717
4,1280,12800000,12800100,302,503,12810000,17148
4,1281,12810000,12810100,302,503,12820000,17160
4,1282,12820000,12820100,302,503,12830000,17177
4,1283,12830000,12830100,302,503,12840000,17187
4,1284,12840000,12840100,302,503,12850000,17202
4,1285,12850000,12850100,302,503,12860000,17213
4,1286,12860000,12860100,302,503,12870000,17225
4,1287,12870000,12870100,302,503,12880000,17238
4,1288,12880000,12880100,302,503,12890000,17257
4,1289,12890000,12890100,302,503,12900000,17267
4,129,1290000,1290100,302,503,1300000,1727
4,1290,12900000,12900100,302,503,12910000,17282
4,1291,12910000,12910100,302,503,12920000,17294
4,1292,12920000,12920100,302,503,12930000,17310
4,1293,12930000,12930100,302,503,12940000,17320
4,1294,12940000,12940100,302,503,12950000,17332
4,1295,12950000,12950100,302,503,12960000,17345
4,1296,12960000,12960100,302,503,12970000,17364
4,1297,12970000,12970100,302,503,12980000,17377
4,1298,12980000,12980100,302,503,12990000,17389
4,1299,12990000,12990100,302,503,13000000,17399
4,13,130000,130100,302,503,140000,172
4,130,1300000,1300100,302,503,1310000,1742
4,1300,13000000,13000100,302,503,13010000,17417
4,1301,13010000,13010100,302,503,13020000,17427
4,1302,13020000,13020100,302,503,13030000,17442
4,1303,13030000,13030100,302,503,13040000,17452
4,1304,13040000,13040100,302,503,13050000,17469
4,1305,13050000,13050100,302,503,13060000,17484
4,1306,13060000,13060100,302,503,13070000,17496
4,1307,13070000,13070100,302,503,13080000,17507
4,1308,13080000,13080100,302,503,13090000,17522
4,1309,13090000,13090100,302,503,13100000,17536
4,131,1310000,1310100,302,503,1320000,1752
4,1310,13100000,13100100,302,503,13110000,17549
4,1311,13110000,13110100,302,503,13120000,17559
4,1312,13120000,13120100,302,503,13130000,17579
4,1313,13130000,13130100,302,503,13140000,17589
4,1314,13140000,13140100,302,503,13150000,17603
4,1315,13150000,13150100,302,503,13160000,17614
4,1316,13160000,13160100,302,503,13170000,17631
4,1317,13170000,13170100,302,503,13180000,17642
4,1318,13180000,13180100,302,503,13190000,17656
4,1319,13190000,13190100,302,503,13200000,17666
4,132,1320000,1320100,302,503,1330000,1768
4,1320,13200000,13200100,302,503,13210000,17686
4,1321,13210000,13210100,302,503,13220000,17696
4,1322,13220000,13220100,302,503,13230000,17709
4,1323,13230000,13230100,302,503,13240000,17723
4,1324,13240000,13240100,302,503,13250000,17738
4,1325,13250000,13250100,302,503,13260000,17749
4,1326,13260000,13260100,302,503,13270000,17761
4,1327,13270000,13270100,302,503,13280000,17776
4,1328,13280000,13280100,302,503,13290000,17793
4,1329,13290000,13290100,302,503,13300000,17803
4,133,1330000,1330100,302,503,1340000,1780
4,1330,13300000,13300100,302,503,13310000,17818
4,1331,13310000,13310100,302,503,13320000,17828
4,1332,13320000,13320100,302,503,13330000,17846
4,1333,13330000,13330100,302,503,13340000,17856
4,1334,13340000,13340100,302,503,13350000,17868
4,1335,13350000,13350100,302,503,13360000,17881
4,1336,13360000,13360100,302,503,13370000,17900
4,1337,13370000,13370100,302,503,13380000,17913
4,1338,13380000,13380100,302,503,13390000,17925
4,1339,13390000,13390100,302,503,13400000,17935
4,134,1340000,1340100,302,503,1350000,1792
4,1340,13400000,13400100,302,503,13410000,17951
4,1341,13410000,13410100,302,503,13420000,17963
4,1342,13420000,13420100,302,503,13430000,17978
4,1343,13430000,13430100,302,503,13440000,17988
4,1344,13440000,13440100,302,503,13450000,18007
4,1345,13450000,13450100,302,503,13460000,18020
4,1346,13460000,13460100,302,503,13470000,18032
4,1347,13470000,13470100,302,503,13480000,18043
4,1348,13480000,13480100,302,503,13490000,18058
4,1349,13490000,13490100,302,503,13500000,18068
4,135,1350000,1350100,302,503,1360000,1807
4,1350,13500000,13500100,302,503,13510000,18085
4,1351,13510000,13510100,302,503,13520000,18097
4,1352,13520000,13520100,302,503,13530000,18115
4,1353,13530000,13530100,302,503,13540000,18125
4,1354,13540000,13540100,302,503,13550000,18139
4,1355,13550000,13550100,302,503,13560000,18150
4,1356,13560000,13560100,302,503,13570000,18165
4,1357,13570000,13570100,302,503,13580000,18178
4,1358,13580000,13580100,302,503,13590000,18192
4,1359,13590000,13590100,302,503,13600000,18204
4,136,1360000,1360100,302,503,1370000,1824
4,1360,13600000,13600100,302,503,13610000,18222
4,1361,13610000,13610100,302,503,13620000,18232
4,1362,13620000,13620100,302,503,13630000,18245
4,1363,13630000,13630100,302,503,13640000,18257
4,1364,13640000,13640100,302,503,13650000,18272
4,1365,13650000,13650100,302,503,13660000,18287
4,1366,13660000,13660100,302,503,13670000,18299
4,1367,13670000,13670100,302,503,13680000,18310
4,1368,13680000,13680100,302,503,13690000,18329
4,1369,13690000,13690100,302,503,13700000,18339
4,137,1370000,1370100,302,503,1380000,1835
4,1370,13700000,13700100,302,503,13710000,18352
4,1371,13710000,13710100,302,503,13720000,18362
4,1372,13720000,13720100,302,503,13730000,18384
4,1373,13730000,13730100,302,503,13740000,18394
4,1374,13740000,13740100,302,503,13750000,18406
4,1375,13750000,13750100,302,503,13760000,18417
4,1376,13760000,13760100,302,503,13770000,18434
4,1377,13770000,13770100,302,503,13780000,18447
4,1378,13780000,13780100,302,503,13790000,18459
4,1379,13790000,13790100,302,503,13800000,18471
4,138,1380000,1380100,302,503,1390000,1847
4,1380,13800000,13800100,302,503,13810000,18489
4,1381,13810000,13810100,302,503,13820000,18501
4,1382,13820000,13820100,302,503,13830000,18514
4,1383,13830000,13830100,302,503,13840000,18524
4,1384,13840000,13840100,302,503,13850000,18541
4,1385,13850000,13850100,302,503,13860000,18552
4,1386,13860000,13860100,302,503,13870000,18568
4,1387,13870000,13870100,302,503,13880000,18581
4,1388,13880000,13880100,302,503,13890000,18596
4,1389,13890000,13890100,302,503,13900000,18606
4,139,1390000,1390100,302,503,1400000,1859
4,1390,13900000,13900100,302,503,13910000,18621
4,1391,13910000,13910100,302,503,13920000,18631
4,1392,13920000,13920100,302,503,13930000,18649
4,1393,13930000,13930100,302,503,13940000,18661
4,1394,13940000,13940100,302,503,13950000,18673
4,1395,13950000,13950100,302,503,13960000,18688
4,1396,13960000,13960100,302,503,13970000,18703
4,1397,13970000,13970100,302,503,13980000,18714
4,1398,13980000,13980100,302,503,13990000,18726
4,1399,13990000,13990100,302,503,14000000,18738
4,14,140000,140100,302,503,150000,186
4,140,1400000,1400100,302,503,1410000,1877
4,1400,14000000,14000100,302,503,14010000,18758
4,1401,14010000,14010100,302,503,14020000,18768
4,1402,14020000,14020100,302,503,14030000,18783
4,1403,14030000,14030100,302,503,14040000,18793
4,1404,14040000,14040100,302,503,14050000,18810
4,1405,14050000,14050100,302,503,14060000,18821
4,1406,14060000,14060100,302,503,14070000,18833
4,1407,14070000,14070100,302,503,14080000,18846
4,1408,14080000,14080100,302,503,14090000,18865
4,1409,14090000,14090100,302,503,14100000,18875
4,141,1410000,1410100,302,503,1420000,1887
4,1410,14100000,14100100,302,503,14110000,18890
4,1411,14110000,14110100,302,503,14120000,18900
4,1412,14120000,14120100,302,503,14130000,18916
4,1413,14130000,14130100,302,503,14140000,18928
4,1414,14140000,14140100,302,503,14150000,18942
4,1415,14150000,14150100,302,503,14160000,18953
4,1416,14160000,14160100,302,503,14170000,18970
4,1417,14170000,14170100,302,503,14180000,18985
4,1418,14180000,14180100,302,503,14190000,18997
4,1419,14190000,14190100,302,503,14200000,19007
4,142,1420000,1420100,302,503,1430000,1902
4,1420,14200000,14200100,302,503,14210000,19023
4,1421,14210000,14210100,302,503,14220000,19035
4,1422,14220000,14220100,302,503,14230000,19050
4,1423,14230000,14230100,302,503,14240000,19060
4,1424,14240000,14240100,302,503,14250000,19077
4,1425,14250000,14250100,302,503,14260000,19090
4,1426,14260000,14260100,302,503,14270000,19104
4,1427,14270000,14270100,302,503,14280000,19115
4,1428,14280000,14280100,302,503,14290000,19132
4,1429,14290000,14290100,302,503,14300000,19142
4,143,1430000,1430100,302,503,1440000,1912
4,1430,14300000,14300100,302,503,14310000,19155
4,1431,14310000,14310100,302,503,14320000,19167
4,1432,14320000,14320100,302,503,14330000,19187
4,1433,14330000,14330100,302,503,14340000,19197
4,1434,14340000,14340100,302,503,14350000,19209
4,1435,14350000,14350100,302,503,14360000,19224
4,1436,14360000,14360100,302,503,14370000,19239
4,1437,14370000,14370100,302,503,14380000,19250
4,1438,14380000,14380100,302,503,14390000,19262
4,1439,14390000,14390100,302,503,14400000,19272
4,144,1440000,1440100,302,503,1450000,1931
4,1440,14400000,14400100,302,503,14410000,19294
4,1441,14410000,14410100,302,503,14420000,19304
4,1442,14420000,14420100,302,503,14430000,19319
4,1443,14430000,14430100,302,503,14440000,19329
4,1444,14440000,14440100,302,503,14450000,19346
4,1445,14450000,14450100,302,503,14460000,19357
4,1446,14460000,14460100,302,503,14470000,19369
4,1447,14470000,14470100,302,503,14480000,19382
4,1448,14480000,14480100,302,503,14490000,19399
4,1449,14490000,14490100,302,503,14500000,19413
4,145,1450000,1450100,302,503,1460000,1942
4,1450,14500000,14500100,302,503,14510000,19426
4,1451,14510000,14510100,302,503,14520000,19436
4,1452,14520000,14520100,302,503,14530000,19452
4,1453,14530000,14530100,302,503,14540000,19464
4,1454,14540000,14540100,302,503,14550000,19476
4,1455,14550000,14550100,302,503,14560000,19489
4,1456,14560000,14560100,302,503,14570000,19508
4,1457,14570000,14570100,302,503,14580000,19519
4,1458,14580000,14580100,302,503,14590000,19533
4,1459,14590000,14590100,302,503,14600000,19543
4,146,1460000,1460100,302,503,1470000,1954
4,1460,14600000,14600100,302,503,14610000,19559
4,1461,14610000,14610100,302,503,14620000,19569
4,1462,14620000,14620100,302,503,14630000,19586
4,1463,14630000,14630100,302,503,14640000,19598
4,1464,14640000,14640100,302,503,14650000,19615
4,1465,14650000,14650100,302,503,14660000,19626
4,1466,14660000,14660100,302,503,14670000,19638
4,1467,14670000,14670100,302,503,14680000,19651
4,1468,14680000,14680100,302,503,14690000,19666
4,1469,14690000,14690100,302,503,14700000,19676
4,147,1470000,1470100,302,503,1480000,1967
4,1470,14700000,14700100,302,503,14710000,19693
4,1471,14710000,14710100,302,503,14720000,19705
4,1472,14720000,14720100,302,503,14730000,19723
4,1473,14730000,14730100,302,503,14740000,19733
4,1474,14740000,14740100,302,503,14750000,19745
4,1475,14750000,14750100,302,503,14760000,19756
4,1476,14760000,14760100,302,503,14770000,19773
4,1477,14770000,14770100,302,503,14780000,19788
4,1478,14780000,14780100,302,503,14790000,19800
4,1479,14790000,14790100,302,503,14800000,19810
4,148,1480000,1480100,302,503,1490000,1984
4,1480,14800000,14800100,302,503,14810000,19830
4,1481,14810000,14810100,302,503,14820000,19840
4,1482,14820000,14820100,302,503,14830000,19853
4,1483,14830000,14830100,302,503,14840000,19863
4,1484,14840000,14840100,302,503,14850000,19880
4,1485,14850000,14850100,302,503,14860000,19895
4,1486,14860000,14860100,302,503,14870000,19907
4,1487,14870000,14870100,302,503,14880000,19918
4,1488,14880000,14880100,302,503,14890000,19935
4,1489,14890000,14890100,302,503,14900000,19947
4,149,1490000,1490100,302,503,1500000,1994
4,1490,14900000,14900100,302,503,14910000,19960
4,1491,14910000,14910100,302,503,14920000,19972
4,1492,14920000,14920100,302,503,14930000,19990
4,1493,14930000,14930100,302,503,14940000,20000
4,1494,14940000,14940100,302,503,14950000,20014
4,1495,14950000,14950100,302,503,14960000,20025
4,1496,14960000,14960100,302,503,14970000,20042
4,1497,14970000,14970100,302,503,14980000,20053
4,1498,14980000,14980100,302,503,14990000,20069
4,1499,14990000,14990100,302,503,15000000,20079
4,15,150000,150100,302,503,160000,199
4,150,1500000,1500100,302,503,1510000,2009
4,1500,15000000,15000100,302,503,15010000,20097
4,1501,15010000,15010100,302,503,15020000,20107
4,1502,15020000,15020100,302,503,15030000,20120
4,1503,15030000,15030100,302,503,15040000,20132
4,1504,15040000,15040100,302,503,15050000,20149
4,1505,15050000,15050100,302,503,15060000,20162
4,1506,15060000,15060100,302,503,15070000,20174
4,1507,15070000,15070100,302,503,15080000,20189
4,1508,15080000,15080100,302,503,15090000,20204
4,1509,15090000,15090100,302,503,15100000,20214
4,151,1510000,1510100,302,503,1520000,2019
4,1510,15100000,15100100,302,503,15110000,20227
4,1511,15110000,15110100,302,503,15120000,20237
4,1512,15120000,15120100,302,503,15130000,20259
4,1513,15130000,15130100,302,503,15140000,20269
4,1514,15140000,15140100,302,503,15150000,20281
4,1515,15150000,15150100,302,503,15160000,20294
4,1516,15160000,15160100,302,503,15170000,20311
4,1517,15170000,15170100,302,503,15180000,20322
4,1518,15180000,15180100,302,503,15190000,20334
4,1519,15190000,15190100,302,503,15200000,20346
4,152,1520000,1520100,302,503,1530000,2037
4,1520,15200000,15200100,302,503,15210000,20364
4,1521,15210000,15210100,302,503,15220000,20376
4,1522,15220000,15220100,302,503,15230000,20391
4,1523,15230000,15230100,302,503,15240000,20401
4,1524,15240000,15240100,302,503,15250000,20416
4,1525,15250000,15250100,302,503,15260000,20429
4,1526,15260000,15260100,302,503,15270000,20443
4,1527,15270000,15270100,302,503,15280000,20454
4,1528,15280000,15280100,302,503,15290000,20471
4,1529,15290000,15290100,302,503,15300000,20481
4,153,1530000,1530100,302,503,1540000,2049
4,1530,15300000,15300100,302,503,15310000,20498
4,1531,15310000,15310100,302,503,15320000,20508
4,1532,15320000,15320100,302,503,15330000,20524
4,1533,15330000,15330100,302,503,15340000,20536
4,1534,15340000,15340100,302,503,15350000,20550
4,1535,15350000,15350100,302,503,15360000,20561
4,1536,15360000,15360100,302,503,15370000,20578
4,1537,15370000,15370100,302,503,15380000,20591
4,1538,15380000,15380100,302,503,15390000,20603
4,1539,15390000,15390100,302,503,15400000,20615
4,154,1540000,1540100,302,503,1550000,2063
4,1540,15400000,15400100,302,503,15410000,20633
4,1541,15410000,15410100,302,503,15420000,20643
4,1542,15420000,15420100,302,503,15430000,20656
4,1543,15430000,15430100,302,503,15440000,20668
4,1544,15440000,15440100,302,503,15450000,20685
4,1545,15450000,15450100,302,503,15460000,20698
4,1546,15460000,15460100,302,503,15470000,20710
4,1547,15470000,15470100,302,503,15480000,20723
4,1548,15480000,15480100,302,503,15490000,20740
4,1549,15490000,15490100,302,503,15500000,20750
4,155,1550000,1550100,302,503,1560000,2074
4,1550,15500000,15500100,302,503,15510000,20763
4,1551,15510000,15510100,302,503,15520000,20773
4,1552,15520000,15520100,302,503,15530000,20795
4,1553,15530000,15530100,302,503,15540000,20805
4,1554,15540000,15540100,302,503,15550000,20819
4,1555,15550000,15550100,302,503,15560000,20830
4,1556,15560000,15560100,302,503,15570000,20845
4,1557,15570000,15570100,302,503,15580000,20858
4,1558,15580000,15580100,302,503,15590000,20870
4,1559,15590000,15590100,302,503,15600000,20880
4,156,1560000,1560100,302,503,1570000,2089
4,1560,15600000,15600100,302,503,15610000,20900
4,1561,15610000,15610100,302,503,15620000,20914
4,1562,15620000,15620100,302,503,15630000,20927
4,1563,15630000,15630100,302,503,15640000,20937
4,1564,15640000,15640100,302,503,15650000,20952
4,1565,15650000,15650100,302,503,15660000,20963
4,1566,15660000,15660100,302,503,15670000,20977
4,1567,15670000,15670100,302,503,15680000,20990
4,1568,15680000,15680100,302,503,15690000,21009
4,1569,15690000,15690100,302,503,15700000,21019
4,157,1570000,1570100,302,503,1580000,2104
4,1570,15700000,15700100,302,503,15710000,21034
4,1571,15710000,15710100,302,503,15720000,21044
4,1572,15720000,15720100,302,503,15730000,21060
4,1573,15730000,15730100,302,503,15740000,21070
4,1574,15740000,15740100,302,503,15750000,21082
4,1575,15750000,15750100,302,503,15760000,21099
4,1576,15760000,15760100,302,503,15770000,21116
4,1577,15770000,15770100,302,503,15780000,21127
4,1578,15780000,15780100,302,503,15790000,21139
4,1579,15790000,15790100,302,503,15800000,21151
4,158,1580000,1580100,302,503,1590000,2116
4,1580,15800000,15800100,302,503,15810000,21167
4,1581,15810000,15810100,302,503,15820000,21177
4,1582,15820000,15820100,302,503,15830000,21194
4,1583,15830000,15830100,302,503,15840000,21204
4,1584,15840000,15840100,302,503,15850000,21223
4,1585,15850000,15850100,302,503,15860000,21234
4,1586,15860000,15860100,302,503,15870000,21246
4,1587,15870000,15870100,302,503,15880000,21257
4,1588,15880000,15880100,302,503,15890000,21274
4,1589,15890000,15890100,302,503,15900000,21286
4,159,1590000,1590100,302,503,1600000,2126
4,1590,15900000,15900100,302,503,15910000,21301
4,1591,15910000,15910100,302,503,15920000,21311
4,1592,15920000,15920100,302,503,15930000,21329
4,1593,15930000,15930100,302,503,15940000,21341
4,1594,15940000,15940100,302,503,15950000,21353
4,1595,15950000,15950100,302,503,15960000,21364
4,1596,15960000,15960100,302,503,15970000,21381
4,1597,15970000,15970100,302,503,15980000,21396
4,1598,15980000,15980100,302,503,15990000,21408
4,1599,15990000,15990100,302,503,16000000,21418
4,16,160000,160100,302,503,170000,216
4,160,1600000,1600100,302,503,1610000,2144
4,1600,16000000,16000100,302,503,16010000,21436
4,1601,16010000,16010100,302,503,16020000,21446
4,1602,16020000,16020100,302,503,16030000,21461
4,1603,16030000,16030100,302,503,16040000,21473
4,1604,16040000,16040100,302,503,16050000,21488
4,1605,16050000,16050100,302,503,16060000,21501
4,1606,16060000,16060100,302,503,16070000,21515
4,1607,16070000,16070100,302,503,16080000,21526
4,1608,16080000,16080100,302,503,16090000,21543
4,1609,16090000,16090100,302,503,16100000,21553
4,161,1610000,1610100,302,503,1620000,2156
4,1610,16100000,16100100,302,503,16110000,21568
4,1611,16110000,16110100,302,503,16120000,21580
4,1612,16120000,16120100,302,503,16130000,21598
4,1613,16130000,16130100,302,503,16140000,21608
4,1614,16140000,16140100,302,503,16150000,21620
4,1615,16150000,16150100,302,503,16160000,21633
4,1616,16160000,16160100,302,503,16170000,21650
4,1617,16170000,16170100,302,503,16180000,21663
4,1618,16180000,16180100,302,503,16190000,21675
4,1619,16190000,16190100,302,503,16200000,21685
4,162,1620000,1620100,302,503,1630000,2171
4,1620,16200000,16200100,302,503,16210000,21705
4,1621,16210000,16210100,302,503,16220000,21715
4,1622,16220000,16220100,302,503,16230000,21728
4,1623,16230000,16230100,302,503,16240000,21738
4,1624,16240000,16240100,302,503,16250000,21759
4,1625,16250000,16250100,302,503,16260000,21770
4,1626,16260000,16260100,302,503,16270000,21782
4,1627,16270000,16270100,302,503,16280000,21795
4,1628,16280000,16280100,302,503,16290000,21810
4,1629,16290000,16290100,302,503,16300000,21822
4,163,1630000,1630100,302,503,1640000,2181
4,1630,16300000,16300100,302,503,16310000,21835
4,1631,16310000,16310100,302,503,16320000,21847
4,1632,16320000,16320100,302,503,16330000,21865
4,1633,16330000,16330100,302,503,16340000,21877
4,1634,16340000,16340100,302,503,16350000,21889
4,1635,16350000,16350100,302,503,16360000,21902
4,1636,16360000,16360100,302,503,16370000,21917
4,1637,16370000,16370100,302,503,16380000,21928
4,1638,16380000,16380100,302,503,16390000,21944
4,1639,16390000,16390100,302,503,16400000,21954
4,164,1640000,1640100,302,503,1650000,2196
4,1640,16400000,16400100,302,503,16410000,21972
4,1641,16410000,16410100,302,503,16420000,21982
4,1642,16420000,16420100,302,503,16430000,21999
4,1643,16430000,16430100,302,503,16440000,22009
4,1644,16440000,16440100,302,503,16450000,22024
4,1645,16450000,16450100,302,503,16460000,22037
4,1646,16460000,16460100,302,503,16470000,22049
4,1647,16470000,16470100,302,503,16480000,22062
4,1648,16480000,16480100,302,503,16490000,22079
4,1649,16490000,16490100,302,503,16500000,22089
4,165,1650000,1650100,302,503,1660000,2209
4,1650,16500000,16500100,302,503,16510000,22104
4,1651,16510000,16510100,302,503,16520000,22116
4,1652,16520000,16520100,302,503,16530000,22134
4,1653,16530000,16530100,302,503,16540000,22144
4,1654,16540000,16540100,302,503,16550000,22156
4,1655,16550000,16550100,302,503,16560000,22167
4,1656,16560000,16560100,302,503,16570000,22186
4,1657,16570000,16570100,302,503,16580000,22199
4,1658,16580000,16580100,302,503,16590000,22211
4,1659,16590000,16590100,302,503,16600000,22223
4,166,1660000,1660100,302,503,1670000,2223
4,1660,16600000,16600100,302,503,16610000,22241
4,1661,16610000,16610100,302,503,16620000,22251
4,1662,16620000,16620100,302,503,16630000,22264
4,1663,16630000,16630100,302,503,16640000,22274
4,1664,16640000,16640100,302,503,16650000,22291
4,1665,16650000,16650100,302,503,16660000,22306
4,1666,16660000,16660100,302,503,16670000,22320
4,1667,16670000,16670100,302,503,16680000,22331
4,1668,16680000,16680100,302,503,16690000,22346
4,1669,16690000,16690100,302,503,16700000,22358
4,167,1670000,1670100,302,503,1680000,2234
4,1670,16700000,16700100,302,503,16710000,22371
4,1671,16710000,16710100,302,503,16720000,22381
4,1672,16720000,16720100,302,503,16730000,22401
4,1673,16730000,16730100,302,503,16740000,22413
4,1674,16740000,16740100,302,503,16750000,22427
4,1675,16750000,16750100,302,503,16760000,22438
4,1676,16760000,16760100,302,503,16770000,22453
4,1677,16770000,16770100,302,503,16780000,22464
4,1678,16780000,16780100,302,503,16790000,22478
4,1679,16790000,16790100,302,503,16800000,22488
4,168,1680000,1680100,302,503,1690000,2253
4,1680,16800000,16800100,302,503,16810000,22510
4,1681,16810000,16810100,302,503,16820000,22520
4,1682,16820000,16820100,302,503,16830000,22533
4,1683,16830000,16830100,302,503,16840000,22545
4,1684,16840000,16840100,302,503,16850000,22560
4,1685,16850000,16850100,302,503,16860000,22571
4,1686,16860000,16860100,302,503,16870000,22583
4,1687,16870000,16870100,302,503,16880000,22600
4,1688,16880000,16880100,302,503,16890000,22617
4,1689,16890000,16890100,302,503,16900000,22627
4,169,1690000,1690100,302,503,1700000,2263
4,1690,16900000,16900100,302,503,16910000,22640
4,1691,16910000,16910100,302,503,16920000,22650
4,1692,16920000,16920100,302,503,16930000,22668
4,1693,16930000,16930100,302,503,16940000,22678
4,1694,16940000,16940100,302,503,16950000,22692
4,1695,16950000,16950100,302,503,16960000,22705
4,1696,16960000,16960100,302,503,16970000,22724
4,1697,16970000,16970100,302,503,16980000,22735
4,1698,16980000,16980100,302,503,16990000,22747
4,1699,16990000,16990100,302,503,17000000,22757
4,17,170000,170100,302,503,180000,227
4,170,1700000,1700100,302,503,1710000,2276
4,1700,17000000,17000100,302,503,17010000,22773
4,1701,17010000,17010100,302,503,17020000,22787
4,1702,17020000,17020100,302,503,17030000,22802
4,1703,17030000,17030100,302,503,17040000,22812
4,1704,17040000,17040100,302,503,17050000,22829
4,1705,17050000,17050100,302,503,17060000,22842
4,1706,17060000,17060100,302,503,17070000,22854
4,1707,17070000,17070100,302,503,17080000,22865
4,1708,17080000,17080100,302,503,17090000,22882
4,1709,17090000,17090100,302,503,17100000,22892
4,171,1710000,1710100,302,503,1720000,2288
4,1710,17100000,17100100,302,503,17110000,22909
4,1711,17110000,17110100,302,503,17120000,22919
4,1712,17120000,17120100,302,503,17130000,22937
4,1713,17130000,17130100,302,503,17140000,22947
4,1714,17140000,17140100,302,503,17150000,22961
4,1715,17150000,17150100,302,503,17160000,22974
4,1716,17160000,17160100,302,503,17170000,22989
4,1717,17170000,17170100,302,503,17180000,23002
4,1718,17180000,17180100,302,503,17190000,23014
4,1719,17190000,17190100,302,503,17200000,23026
4,172,1720000,1720100,302,503,1730000,2306
4,1720,17200000,17200100,302,503,17210000,23044
4,1721,17210000,17210100,302,503,17220000,23054
4,1722,17220000,17220100,302,503,17230000,23069
4,1723,17230000,17230100,302,503,17240000,23081
4,1724,17240000,17240100,302,503,17250000,23096
4,1725,17250000,17250100,302,503,17260000,23109
4,1726,17260000,17260100,302,503,17270000,23121
4,1727,17270000,17270100,302,503,17280000,23132
4,1728,17280000,17280100,302,503,17290000,23151
4,1729,17290000,17290100,302,503,17300000,23163
4,173,1730000,1730100,302,503,1740000,2316
4,1730,17300000,17300100,302,503,17310000,23176
4,1731,17310000,17310100,302,503,17320000,23186
4,1732,17320000,17320100,302,503,17330000,23206
4,1733,17330000,17330100,302,503,17340000,23216
4,1734,17340000,17340100,302,503,17350000,23228
4,1735,17350000,17350100,302,503,17360000,23239
4,1736,17360000,17360100,302,503,17370000,23258
4,1737,17370000,17370100,302,503,17380000,23271
4,1738,17380000,17380100,302,503,17390000,23283
4,1739,17390000,17390100,302,503,17400000,23293
4,174,1740000,1740100,302,503,1750000,2328
4,1740,17400000,17400100,302,503,17410000,23311
4,1741,17410000,17410100,302,503,17420000,23323
4,1742,17420000,17420100,302,503,17430000,23336
4,1743,17430000,17430100,302,503,17440000,23348
4,1744,17440000,17440100,302,503,17450000,23365
4,1745,17450000,17450100,302,503,17460000,23376
4,1746,17460000,17460100,302,503,17470000,23390
4,1747,17470000,17470100,302,503,17480000,23403
4,1748,17480000,17480100,302,503,17490000,23418
4,1749,17490000,17490100,302,503,17500000,23428
4,175,1750000,1750100,302,503,1760000,2343
4,1750,17500000,17500100,302,503,17510000,23445
4,1751,17510000,17510100,302,503,17520000,23455
4,1752,17520000,17520100,302,503,17530000,23473
4,1753,17530000,17530100,302,503,17540000,23483
4,1754,17540000,17540100,302,503,17550000,23495
4,1755,17550000,17550100,302,503,17560000,23510
4,1756,17560000,17560100,302,503,17570000,23525
4,1757,17570000,17570100,302,503,17580000,23538
4,1758,17580000,17580100,302,503,17590000,23550
4,1759,17590000,17590100,302,503,17600000,23562
4,176,1760000,1760100,302,503,1770000,2360
4,1760,17600000,17600100,302,503,17610000,23580
4,1761,17610000,17610100,302,503,17620000,23590
4,1762,17620000,17620100,302,503,17630000,23605
4,1763,17630000,17630100,302,503,17640000,23615
4,1764,17640000,17640100,302,503,17650000,23634
4,1765,17650000,17650100,302,503,17660000,23645
4,1766,17660000,17660100,302,503,17670000,23657
4,1767,17670000,17670100,302,503,17680000,23668
4,1768,17680000,17680100,302,503,17690000,23687
4,1769,17690000,17690100,302,503,17700000,23697
4,177,1770000,1770100,302,503,1780000,2371
4,1770,17700000,17700100,302,503,17710000,23712
4,1771,17710000,17710100,302,503,17720000,23724
4,1772,17720000,17720100,302,503,17730000,23740
4,1773,17730000,17730100,302,503,17740000,23752
4,1774,17740000,17740100,302,503,17750000,23764
4,1775,17750000,17750100,302,503,17760000,23775
4,1776,17760000,17760100,302,503,17770000,23792
4,1777,17770000,17770100,302,503,17780000,23807
4,1778,17780000,17780100,302,503,17790000,23821
4,1779,17790000,17790100,302,503,17800000,23831
4,178,1780000,1780100,302,503,1790000,2383
4,1780,17800000,17800100,302,503,17810000,23847
4,1781,17810000,17810100,302,503,17820000,23857
4,1782,17820000,17820100,302,503,17830000,23872
4,1783,17830000,17830100,302,503,17840000,23882
4,1784,17840000,17840100,302,503,17850000,23899
4,1785,17850000,17850100,302,503,17860000,23914
4,1786,17860000,17860100,302,503,17870000,23928
4,1787,17870000,17870100,302,503,17880000,23939
4,1788,17880000,17880100,302,503,17890000,23954
4,1789,17890000,17890100,302,503,17900000,23964
4,179,1790000,1790100,302,503,1800000,2393
4,1790,17900000,17900100,302,503,17910000,23977
4,1791,17910000,17910100,302,503,17920000,23989
4,1792,17920000,17920100,302,503,17930000,24011
4,1793,17930000,17930100,302,503,17940000,24021
4,1794,17940000,17940100,302,503,17950000,24033
4,1795,17950000,17950100,302,503,17960000,24046
4,1796,17960000,17960100,302,503,17970000,24061
4,1797,17970000,17970100,302,503,17980000,24072
4,1798,17980000,17980100,302,503,17990000,24084
4,1799,17990000,17990100,302,503,18000000,24096
4,18,180000,180100,302,503,190000,241
4,180,1800000,1800100,302,503,1810000,2413
4,1800,18000000,18000100,302,503,18010000,24118
4,1801,18010000,18010100,302,503,18020000,24128
4,1802,18020000,18020100,302,503,18030000,24141
4,1803,18030000,18030100,302,503,18040000,24151
4,1804,18040000,18040100,302,503,18050000,24168
4,1805,18050000,18050100,302,503,18060000,24179
4,1806,18060000,18060100,302,503,18070000,24193
4,1807,18070000,18070100,302,503,18080000,24206
4,1808,18080000,18080100,302,503,18090000,24223
4,1809,18090000,18090100,302,503,18100000,24235
4,181,1810000,1810100,302,503,1820000,2423
4,1810,18100000,18100100,302,503,18110000,24248
4,1811,18110000,18110100,302,503,18120000,24258
4,1812,18120000,18120100,302,503,18130000,24274
4,1813,18130000,18130100,302,503,18140000,24288
4,1814,18140000,18140100,302,503,18150000,24300
4,1815,18150000,18150100,302,503,18160000,24313
4,1816,18160000,18160100,302,503,18170000,24330
4,1817,18170000,18170100,302,503,18180000,24341
4,1818,18180000,18180100,302,503,18190000,24355
4,1819,18190000,18190100,302,503,18200000,24365
4,182,1820000,1820100,302,503,1830000,2438
4,1820,18200000,18200100,302,503,18210000,24383
4,1821,18210000,18210100,302,503,18220000,24393
4,1822,18220000,18220100,302,503,18230000,24410
4,1823,18230000,18230100,302,503,18240000,24420
4,1824,18240000,18240100,302,503,18250000,24437
4,1825,18250000,18250100,302,503,18260000,24448
4,1826,18260000,18260100,302,503,18270000,24460
4,1827,18270000,18270100,302,503,18280000,24475
4,1828,18280000,18280100,302,503,18290000,24490
4,1829,18290000,18290100,302,503,18300000,24500
4,183,1830000,1830100,302,503,1840000,2448
4,1830,18300000,18300100,302,503,18310000,24515
4,1831,18310000,18310100,302,503,18320000,24527
4,1832,18320000,18320100,302,503,18330000,24545
4,1833,18330000,18330100,302,503,18340000,24555
4,1834,18340000,18340100,302,503,18350000,24569
4,1835,18350000,18350100,302,503,18360000,24580
4,1836,18360000,18360100,302,503,18370000,24597
4,1837,18370000,18370100,302,503,18380000,24610
4,1838,18380000,18380100,302,503,18390000,24622
4,1839,18390000,18390100,302,503,18400000,24632
4,184,1840000,1840100,302,503,1850000,2467
4,1840,18400000,18400100,302,503,18410000,24652
4,1841,18410000,18410100,302,503,18420000,24664
4,1842,18420000,18420100,302,503,18430000,24677
4,1843,18430000,18430100,302,503,18440000,24687
4,1844,18440000,18440100,302,503,18450000,24702
4,1845,18450000,18450100,302,503,18460000,24717
4,1846,18460000,18460100,302,503,18470000,24729
4,1847,18470000,18470100,302,503,18480000,24740
4,1848,18480000,18480100,302,503,18490000,24759
4,1849,18490000,18490100,302,503,18500000,24771
4,185,1850000,1850100,302,503,1860000,2478
4,1850,18500000,18500100,302,503,18510000,24784
4,1851,18510000,18510100,302,503,18520000,24794
4,1852,18520000,18520100,302,503,18530000,24812
4,1853,18530000,18530100,302,503,18540000,24822
4,1854,18540000,18540100,302,503,18550000,24836
4,1855,18550000,18550100,302,503,18560000,24849
4,1856,18560000,18560100,302,503,18570000,24866
4,1857,18570000,18570100,302,503,18580000,24877
4,1858,18580000,18580100,302,503,18590000,24891
4,1859,18590000,18590100,302,503,18600000,24901
4,186,1860000,1860100,302,503,1870000,2490
4,1860,18600000,18600100,302,503,18610000,24919
4,1861,18610000,18610100,302,503,18620000,24929
4,1862,18620000,18620100,302,503,18630000,24944
4,1863,18630000,18630100,302,503,18640000,24956
4,1864,18640000,18640100,302,503,18650000,24973
4,1865,18650000,18650100,302,503,18660000,24984
4,1866,18660000,18660100,302,503,18670000,24996
4,1867,18670000,18670100,302,503,18680000,25011
4,1868,18680000,18680100,302,503,18690000,25026
4,1869,18690000,18690100,302,503,18700000,25038
4,187,1870000,1870100,302,503,1880000,2503
4,1870,18700000,18700100,302,503,18710000,25051
4,1871,18710000,18710100,302,503,18720000,25061
4,1872,18720000,18720100,302,503,18730000,25081
4,1873,18730000,18730100,302,503,18740000,25091
4,1874,18740000,18740100,302,503,18750000,25103
4,1875,18750000,18750100,302,503,18760000,25116
4,1876,18760000,18760100,302,503,18770000,25135
4,1877,18770000,18770100,302,503,18780000,25146
4,1878,18780000,18780100,302,503,18790000,25158
4,1879,18790000,18790100,302,503,18800000,25168
4,188,1880000,1880100,302,503,1890000,2518
4,1880,18800000,18800100,302,503,18810000,25186
4,1881,18810000,18810100,302,503,18820000,25198
4,1882,18820000,18820100,302,503,18830000,25213
4,1883,18830000,18830100,302,503,18840000,25225
4,1884,18840000,18840100,302,503,18850000,25240
4,1885,18850000,18850100,302,503,18860000,25253
4,1886,18860000,18860100,302,503,18870000,25265
4,1887,18870000,18870100,302,503,18880000,25276
4,1888,18880000,18880100,302,503,18890000,25293
4,1889,18890000,18890100,302,503,18900000,25303
4,189,1890000,1890100,302,503,1900000,2532
4,1890,18900000,18900100,302,503,18910000,25322
4,1891,18910000,18910100,302,503,18920000,25332
4,1892,18920000,18920100,302,503,18930000,25348
4,1893,18930000,18930100,302,503,18940000,25358
4,1894,18940000,18940100,302,503,18950000,25372
4,1895,18950000,18950100,302,503,18960000,25383
4,1896,18960000,18960100,302,503,18970000,25400
4,1897,18970000,18970100,302,503,18980000,25415
4,1898,18980000,18980100,302,503,18990000,25427
4,1899,18990000,18990100,302,503,19000000,25439
4,19,190000,190100,302,503,200000,251
4,190,1900000,1900100,302,503,1910000,2545
4,1900,19000000,19000100,302,503,19010000,25455
4,1901,19010000,19010100,302,503,19020000,25465
4,1902,19020000,19020100,302,503,19030000,25478
4,1903,19030000,19030100,302,503,19040000,25490
4,1904,19040000,19040100,302,503,19050000,25509
4,1905,19050000,19050100,302,503,19060000,25522
4,1906,19060000,19060100,302,503,19070000,25534
4,1907,19070000,19070100,302,503,19080000,25545
4,1908,19080000,19080100,302,503,19090000,25562
4,1909,19090000,19090100,302,503,19100000,25572
4,191,1910000,1910100,302,503,1920000,2555
4,1910,19100000,19100100,302,503,19110000,25585
4,1911,19110000,19110100,302,503,19120000,25597
4,1912,19120000,19120100,302,503,19130000,25619
4,1913,19130000,19130100,302,503,19140000,25629
4,1914,19140000,19140100,302,503,19150000,25641
4,1915,19150000,19150100,302,503,19160000,25652
4,1916,19160000,19160100,302,503,19170000,25667
4,1917,19170000,19170100,302,503,19180000,25680
4,1918,19180000,19180100,302,503,19190000,25694
4,1919,19190000,19190100,302,503,19200000,25704
4,192,1920000,1920100,302,503,1930000,2573
4,1920,19200000,19200100,302,503,19210000,25724
4,1921,19210000,19210100,302,503,19220000,25736
4,1922,19220000,19220100,302,503,19230000,25749
4,1923,19230000,19230100,302,503,19240000,25759
4,1924,19240000,19240100,302,503,19250000,25774
4,1925,19250000,19250100,302,503,19260000,25787
4,1926,19260000,19260100,302,503,19270000,25801
4,1927,19270000,19270100,302,503,19280000,25814
4,1928,19280000,19280100,302,503,19290000,25831
4,1929,19290000,19290100,302,503,19300000,25841
4,193,1930000,1930100,302,503,1940000,2585
4,1930,19300000,19300100,302,503,19310000,25856
4,1931,19310000,19310100,302,503,19320000,25866
4,1932,19320000,19320100,302,503,19330000,25884
4,1933,19330000,19330100,302,503,19340000,25894
4,1934,19340000,19340100,302,503,19350000,25906
4,1935,19350000,19350100,302,503,19360000,25921
4,1936,19360000,19360100,302,503,19370000,25938
4,1937,19370000,19370100,302,503,19380000,25949
4,1938,19380000,19380100,302,503,19390000,25961
4,1939,19390000,19390100,302,503,19400000,25975
4,194,1940000,1940100,302,503,1950000,2597
4,1940,19400000,19400100,302,503,19410000,25991
4,1941,19410000,19410100,302,503,19420000,26001
4,1942,19420000,19420100,302,503,19430000,26016
4,1943,19430000,19430100,302,503,19440000,26026
4,1944,19440000,19440100,302,503,19450000,26045
4,1945,19450000,19450100,302,503,19460000,26056
4,1946,19460000,19460100,302,503,19470000,26070
4,1947,19470000,19470100,302,503,19480000,26081
4,1948,19480000,19480100,302,503,19490000,26098
4,1949,19490000,19490100,302,503,19500000,26108
4,195,1950000,1950100,302,503,1960000,2610
4,1950,19500000,19500100,302,503,19510000,26123
4,1951,19510000,19510100,302,503,19520000,26133
4,1952,19520000,19520100,302,503,19530000,26151
4,1953,19530000,19530100,302,503,19540000,26165
4,1954,19540000,19540100,302,503,19550000,26177
4,1955,19550000,19550100,302,503,19560000,26188
4,1956,19560000,19560100,302,503,19570000,26203
4,1957,19570000,19570100,302,503,19580000,26218
4,1958,19580000,19580100,302,503,19590000,26230
4,1959,19590000,19590100,302,503,19600000,26240
4,196,1960000,1960100,302,503,1970000,2627
4,1960,19600000,19600100,302,503,19610000,26260
4,1961,19610000,19610100,302,503,19620000,26270
4,1962,19620000,19620100,302,503,19630000,26285
4,1963,19630000,19630100,302,503,19640000,26295
4,1964,19640000,19640100,302,503,19650000,26310
4,1965,19650000,19650100,302,503,19660000,26323
4,1966,19660000,19660100,302,503,19670000,26337
4,1967,19670000,19670100,302,503,19680000,26350
4,1968,19680000,19680100,302,503,19690000,26367
4,1969,19690000,19690100,302,503,19700000,26377
4,197,1970000,1970100,302,503,1980000,2638
4,1970,19700000,19700100,302,503,19710000,26390
4,1971,19710000,19710100,302,503,19720000,26402
4,1972,19720000,19720100,302,503,19730000,26420
4,1973,19730000,19730100,302,503,19740000,26430
4,1974,19740000,19740100,302,503,19750000,26444
4,1975,19750000,19750100,302,503,19760000,26457
4,1976,19760000,19760100,302,503,19770000,26474
4,1977,19770000,19770100,302,503,19780000,26485
4,1978,19780000,19780100,302,503,19790000,26497
4,1979,19790000,19790100,302,503,19800000,26507
4,198,1980000,1980100,302,503,1990000,2652
4,1980,19800000,19800100,302,503,19810000,26527
4,1981,19810000,19810100,302,503,19820000,26539
4,1982,19820000,19820100,302,503,19830000,26552
4,1983,19830000,19830100,302,503,19840000,26562
4,1984,19840000,19840100,302,503,19850000,26581
4,1985,19850000,19850100,302,503,19860000,26592
4,1986,19860000,19860100,302,503,19870000,26604
4,1987,19870000,19870100,302,503,19880000,26617
4,1988,19880000,19880100,302,503,19890000,26634
4,1989,19890000,19890100,302,503,19900000,26646
4,199,1990000,1990100,302,503,2000000,2662
4,1990,19900000,19900100,302,503,19910000,26659
4,1991,19910000,19910100,302,503,19920000,26669
4,1992,19920000,19920100,302,503,19930000,26687
4,1993,19930000,19930100,302,503,19940000,26699
4,1994,19940000,19940100,302,503,19950000,26711
4,1995,19950000,19950100,302,503,19960000,26726
4,1996,19960000,19960100,302,503,19970000,26741
4,1997,19970000,19970100,302,503,19980000,26752
4,1998,19980000,19980100,302,503,19990000,26766
4,1999,19990000,19990100,302,503,20000000,26776
4,2,20000,20100,302,503,30000,27
4,20,200000,200100,302,503,210000,267
4,200,2000000,2000100,302,503,2010000,2680
4,2000,20000000,20000100,302,503,20010000,26794
4,2001,20010000,20010100,302,503,20020000,26804
4,2002,20020000,20020100,302,503,20030000,26823
4,2003,20030000,20030100,302,503,20040000,26833
4,2004,20040000,20040100,302,503,20050000,26848
4,2005,20050000,20050100,302,503,20060000,26859
4,2006,20060000,20060100,302,503,20070000,26871
4,2007,20070000,20070100,302,503,20080000,26884
4,2008,20080000,20080100,302,503,20090000,26901
4,2009,20090000,20090100,302,503,20100000,26913
4,201,2010000,2010100,302,503,2020000,2690
4,2010,20100000,20100100,302,503,20110000,26928
4,2011,20110000,20110100,302,503,20120000,26940
4,2012,20120000,20120100,302,503,20130000,26956
4,2013,20130000,20130100,302,503,20140000,26966
4,2014,20140000,20140100,302,503,20150000,26978
4,2015,20150000,20150100,302,503,20160000,26989
4,2016,20160000,20160100,302,503,20170000,27010
4,2017,20170000,20170100,302,503,20180000,27023
4,2018,20180000,20180100,302,503,20190000,27035
4,2019,20190000,20190100,302,503,20200000,27045
4,202,2020000,2020100,302,503,2030000,2707
4,2020,20200000,20200100,302,503,20210000,27063
4,2021,20210000,20210100,302,503,20220000,27073
4,2022,20220000,20220100,302,503,20230000,27086
4,2023,20230000,20230100,302,503,20240000,27098
4,2024,20240000,20240100,302,503,20250000,27115
4,2025,20250000,20250100,302,503,20260000,27130
4,2026,20260000,20260100,302,503,20270000,27142
4,2027,20270000,20270100,302,503,20280000,27153
4,2028,20280000,20280100,302,503,20290000,27168
4,2029,20290000,20290100,302,503,20300000,27180
4,203,2030000,2030100,302,503,2040000,2719
4,2030,20300000,20300100,302,503,20310000,27195
4,2031,20310000,20310100,302,503,20320000,27205
4,2032,20320000,20320100,302,503,20330000,27225
4,2033,20330000,20330100,302,503,20340000,27235
4,2034,20340000,20340100,302,503,20350000,27249
4,2035,20350000,20350100,302,503,20360000,27260
4,2036,20360000,20360100,302,503,20370000,27275
4,2037,20370000,20370100,302,503,20380000,27288
4,2038,20380000,20380100,302,503,20390000,27302
4,2039,20390000,20390100,302,503,20400000,27312
4,204,2040000,2040100,302,503,2050000,2734
4,2040,20400000,20400100,302,503,20410000,27332
4,2041,20410000,20410100,302,503,20420000,27342
4,2042,20420000,20420100,302,503,20430000,27355
4,2043,20430000,20430100,302,503,20440000,27367
4,2044,20440000,20440100,302,503,20450000,27384
4,2045,20450000,20450100,302,503,20460000,27395
4,2046,20460000,20460100,302,503,20470000,27407
4,2047,20470000,20470100,302,503,20480000,27422
4,2048,20480000,20480100,302,503,20490000,27439
4,2049,20490000,20490100,302,503,20500000,27449
4,205,2050000,2050100,302,503,2060000,2745
4,2050,20500000,20500100,302,503,20510000,27462
4,2051,20510000,20510100,302,503,20520000,27474
4,2052,20520000,20520100,302,503,20530000,27492
4,2053,20530000,20530100,302,503,20540000,27502
4,2054,20540000,20540100,302,503,20550000,27514
4,2055,20550000,20550100,302,503,20560000,27527
4,2056,20560000,20560100,302,503,20570000,27546
4,2057,20570000,20570100,302,503,20580000,27557
4,2058,20580000,20580100,302,503,20590000,27571
4,2059,20590000,20590100,302,503,20600000,27581
4,206,2060000,2060100,302,503,2070000,2757
4,2060,20600000,20600100,302,503,20610000,27597
4,2061,20610000,20610100,302,503,20620000,27609
4,2062,20620000,20620100,302,503,20630000,27624
4,2063,20630000,20630100,302,503,20640000,27634
4,2064,20640000,20640100,302,503,20650000,27651
4,2065,20650000,20650100,302,503,20660000,27666
4,2066,20660000,20660100,302,503,20670000,27678
4,2067,20670000,20670100,302,503,20680000,27689
4,2068,20680000,20680100,302,503,20690000,27704
4,2069,20690000,20690100,302,503,20700000,27714
4,207,2070000,2070100,302,503,2080000,2770
4,2070,20700000,20700100,302,503,20710000,27731
4,2071,20710000,20710100,302,503,20720000,27741
4,2072,20720000,20720100,302,503,20730000,27761
4,2073,20730000,20730100,302,503,20740000,27771
4,2074,20740000,20740100,302,503,20750000,27785
4,2075,20750000,20750100,302,503,20760000,27796
4,2076,20760000,20760100,302,503,20770000,27811
4,2077,20770000,20770100,302,503,20780000,27824
4,2078,20780000,20780100,302,503,20790000,27836
4,2079,20790000,20790100,302,503,20800000,27850
4,208,2080000,2080100,302,503,2090000,2787
4,2080,20800000,20800100,302,503,20810000,27868
4,2081,20810000,20810100,302,503,20820000,27878
4,2082,20820000,20820100,302,503,20830000,27891
4,2083,20830000,20830100,302,503,20840000,27903
4,2084,20840000,20840100,302,503,20850000,27918
4,2085,20850000,20850100,302,503,20860000,27931
4,2086,20860000,20860100,302,503,20870000,27945
4,2087,20870000,20870100,302,503,20880000,27956
4,2088,20880000,20880100,302,503,20890000,27975
4,2089,20890000,20890100,302,503,20900000,27985
4,209,2090000,2090100,302,503,2100000,2797
4,2090,20900000,20900100,302,503,20910000,27998
4,2091,20910000,20910100,302,503,20920000,28008
4,2092,20920000,20920100,302,503,20930000,28028
4,2093,20930000,20930100,302,503,20940000,28040
4,2094,20940000,20940100,302,503,20950000,28052
4,2095,20950000,20950100,302,503,20960000,28063
4,2096,20960000,20960100,302,503,20970000,28080
4,2097,20970000,20970100,302,503,20980000,28093
4,2098,20980000,20980100,302,503,20990000,28105
4,2099,20990000,20990100,302,503,21000000,28115
4,21,210000,210100,302,503,220000,279
4,210,2100000,2100100,302,503,2110000,2814
4,2100,21000000,21000100,302,503,21010000,28135
4,2101,21010000,21010100,302,503,21020000,28147
4,2102,21020000,21020100,302,503,21030000,28160
4,2103,21030000,21030100,302,503,21040000,28170
4,2104,21040000,21040100,302,503,21050000,28187
4,2105,21050000,21050100,302,503,21060000,28198
4,2106,21060000,21060100,302,503,21070000,28212
4,2107,21070000,21070100,302,503,21080000,28227
4,2108,21080000,21080100,302,503,21090000,28242
4,2109,21090000,21090100,302,503,21100000,28252
4,211,2110000,2110100,302,503,2120000,2826
4,2110,21100000,21100100,302,503,21110000,28267
4,2111,21110000,21110100,302,503,21120000,28277
4,2112,21120000,21120100,302,503,21130000,28295
4,2113,21130000,21130100,302,503,21140000,28305
4,2114,21140000,21140100,302,503,21150000,28319
4,2115,21150000,21150100,302,503,21160000,28334
4,2116,21160000,21160100,302,503,21170000,28349
4,2117,21170000,21170100,302,503,21180000,28360
4,2118,21180000,21180100,302,503,21190000,28372
4,2119,21190000,21190100,302,503,21200000,28384
4,212,2120000,2120100,302,503,2130000,2842
4,2120,21200000,21200100,302,503,21210000,28402
4,2121,21210000,21210100,302,503,21220000,28414
4,2122,21220000,21220100,302,503,21230000,28429
4,2123,21230000,21230100,302,503,21240000,28439
4,2124,21240000,21240100,302,503,21250000,28456
4,2125,21250000,21250100,302,503,21260000,28467
4,2126,21260000,21260100,302,503,21270000,28479
4,2127,21270000,21270100,302,503,21280000,28490
4,2128,21280000,21280100,302,503,21290000,28511
4,2129,21290000,21290100,302,503,21300000,28521
4,213,2130000,2130100,302,503,2140000,2852
4,2130,21300000,21300100,302,503,21310000,28536
4,2131,21310000,21310100,302,503,21320000,28546
4,2132,21320000,21320100,302,503,21330000,28562
4,2133,21330000,21330100,302,503,21340000,28574
4,2134,21340000,21340100,302,503,21350000,28586
4,2135,21350000,21350100,302,503,21360000,28599
4,2136,21360000,21360100,302,503,21370000,28616
4,2137,21370000,21370100,302,503,21380000,28631
4,2138,21380000,21380100,302,503,21390000,28643
4,2139,21390000,21390100,302,503,21400000,28653
4,214,2140000,2140100,302,503,2150000,2864
4,2140,21400000,21400100,302,503,21410000,28669
4,2141,21410000,21410100,302,503,21420000,28679
4,2142,21420000,21420100,302,503,21430000,28696
4,2143,21430000,21430100,302,503,21440000,28706
4,2144,21440000,21440100,302,503,21450000,28723
4,2145,21450000,21450100,302,503,21460000,28736
4,2146,21460000,21460100,302,503,21470000,28750
4,2147,21470000,21470100,302,503,21480000,28761
4,2148,21480000,21480100,302,503,21490000,28776
4,2149,21490000,21490100,302,503,21500000,28788
4,215,2150000,2150100,302,503,2160000,2875
4,2150,21500000,21500100,302,503,21510000,28801
4,2151,21510000,21510100,302,503,21520000,28813
4,2152,21520000,21520100,302,503,21530000,28833
4,2153,21530000,21530100,302,503,21540000,28843
4,2154,21540000,21540100,302,503,21550000,28855
4,2155,21550000,21550100,302,503,21560000,28868
4,2156,21560000,21560100,302,503,21570000,28885
4,2157,21570000,21570100,302,503,21580000,28896
4,2158,21580000,21580100,302,503,21590000,28908
4,2159,21590000,21590100,302,503,21600000,28918
4,216,2160000,2160100,302,503,2170000,2894
4,2160,21600000,21600100,302,503,21610000,28940
4,2161,21610000,21610100,302,503,21620000,28950
4,2162,21620000,21620100,302,503,21630000,28963
4,2163,21630000,21630100,302,503,21640000,28975
4,2164,21640000,21640100,302,503,21650000,28992
4,2165,21650000,21650100,302,503,21660000,29003
4,2166,21660000,21660100,302,503,21670000,29015
4,2167,21670000,21670100,302,503,21680000,29028
4,2168,21680000,21680100,302,503,21690000,29045
4,2169,21690000,21690100,302,503,21700000,29057
4,217,2170000,2170100,302,503,2180000,2909
4,2170,21700000,21700100,302,503,21710000,29072
4,2171,21710000,21710100,302,503,21720000,29082
4,2172,21720000,21720100,302,503,21730000,29098
4,2173,21730000,21730100,302,503,21740000,29110
4,2174,21740000,21740100,302,503,21750000,29122
4,2175,21750000,21750100,302,503,21760000,29135
4,2176,21760000,21760100,302,503,21770000,29152
4,2177,21770000,21770100,302,503,21780000,29165
4,2178,21780000,21780100,302,503,21790000,29179
4,2179,21790000,21790100,302,503,21800000,29189
4,218,2180000,2180100,302,503,2190000,2921
4,2180,21800000,21800100,302,503,21810000,29205
4,2181,21810000,21810100,302,503,21820000,29215
4,2182,21820000,21820100,302,503,21830000,29232
4,2183,21830000,21830100,302,503,21840000,29242
4,2184,21840000,21840100,302,503,21850000,29261
4,2185,21850000,21850100,302,503,21860000,29272
4,2186,21860000,21860100,302,503,21870000,29284
4,2187,21870000,21870100,302,503,21880000,29297
4,2188,21880000,21880100,302,503,21890000,29312
4,2189,21890000,21890100,302,503,21900000,29322
4,219,2190000,2190100,302,503,2200000,2931
4,2190,21900000,21900100,302,503,21910000,29337
4,2191,21910000,21910100,302,503,21920000,29351
4,2192,21920000,21920100,302,503,21930000,29369
4,2193,21930000,21930100,302,503,21940000,29379
4,2194,21940000,21940100,302,503,21950000,29391
4,2195,21950000,21950100,302,503,21960000,29402
4,2196,21960000,21960100,302,503,21970000,29419
4,2197,21970000,21970100,302,503,21980000,29432
4,2198,21980000,21980100,302,503,21990000,29446
4,2199,21990000,21990100,302,503,22000000,29456
4,22,220000,220100,302,503,230000,296
4,220,2200000,2200100,302,503,2210000,2949
4,2200,22000000,22000100,302,503,22010000,29476
4,2201,22010000,22010100,302,503,22020000,29486
4,2202,22020000,22020100,302,503,22030000,29499
4,2203,22030000,22030100,302,503,22040000,29509
4,2204,22040000,22040100,302,503,22050000,29524
4,2205,22050000,22050100,302,503,22060000,29541
4,2206,22060000,22060100,302,503,22070000,29553
4,2207,22070000,22070100,302,503,22080000,29564
4,2208,22080000,22080100,302,503,22090000,29581
4,2209,22090000,22090100,302,503,22100000,29593
4,221,2210000,2210100,302,503,2220000,2959
4,2210,22100000,22100100,302,503,22110000,29606
4,2211,22110000,22110100,302,503,22120000,29616
4,2212,22120000,22120100,302,503,22130000,29636
4,2213,22130000,22130100,302,503,22140000,29646
4,2214,22140000,22140100,302,503,22150000,29660
4,2215,22150000,22150100,302,503,22160000,29671
4,2216,22160000,22160100,302,503,22170000,29688
4,2217,22170000,22170100,302,503,22180000,29699
4,2218,22180000,22180100,302,503,22190000,29713
4,2219,22190000,22190100,302,503,22200000,29725
4,222,2220000,2220100,302,503,2230000,2972
4,2220,22200000,22200100,302,503,22210000,29743
4,2221,22210000,22210100,302,503,22220000,29753
4,2222,22220000,22220100,302,503,22230000,29766
4,2223,22230000,22230100,302,503,22240000,29778
4,2224,22240000,22240100,302,503,22250000,29795
4,2225,22250000,22250100,302,503,22260000,29806
4,2226,22260000,22260100,302,503,22270000,29820
4,2227,22270000,22270100,302,503,22280000,29835
4,2228,22280000,22280100,302,503,22290000,29850
4,2229,22290000,22290100,302,503,22300000,29860
4,223,2230000,2230100,302,503,2240000,2982
4,2230,22300000,22300100,302,503,22310000,29873
4,2231,22310000,22310100,302,503,22320000,29883
4,2232,22320000,22320100,302,503,22330000,29903
4,2233,22330000,22330100,302,503,22340000,29915
4,2234,22340000,22340100,302,503,22350000,29927
4,2235,22350000,22350100,302,503,22360000,29940
4,2236,22360000,22360100,302,503,22370000,29957
4,2237,22370000,22370100,302,503,22380000,29968
4,2238,22380000,22380100,302,503,22390000,29980
4,2239,22390000,22390100,302,503,22400000,29990
4,224,2240000,2240100,302,503,2250000,3001
4,2240,22400000,22400100,302,503,22410000,30010
4,2241,22410000,22410100,302,503,22420000,30022
4,2242,22420000,22420100,302,503,22430000,30037
4,2243,22430000,22430100,302,503,22440000,30047
4,2244,22440000,22440100,302,503,22450000,30062
4,2245,22450000,22450100,302,503,22460000,30075
4,2246,22460000,22460100,302,503,22470000,30087
4,2247,22470000,22470100,302,503,22480000,30100
4,2248,22480000,22480100,302,503,22490000,30117
4,2249,22490000,22490100,302,503,22500000,30127
4,225,2250000,2250100,302,503,2260000,3016
4,2250,22500000,22500100,302,503,22510000,30144
4,2251,22510000,22510100,302,503,22520000,30154
4,2252,22520000,22520100,302,503,22530000,30170
4,2253,22530000,22530100,302,503,22540000,30180
4,2254,22540000,22540100,302,503,22550000,30196
4,2255,22550000,22550100,302,503,22560000,30207
4,2256,22560000,22560100,302,503,22570000,30224
4,2257,22570000,22570100,302,503,22580000,30237
4,2258,22580000,22580100,302,503,22590000,30249
4,2259,22590000,22590100,302,503,22600000,30261
4,226,2260000,2260100,302,503,2270000,3028
4,2260,22600000,22600100,302,503,22610000,30277
4,2261,22610000,22610100,302,503,22620000,30289
4,2262,22620000,22620100,302,503,22630000,30302
4,2263,22630000,22630100,302,503,22640000,30314
4,2264,22640000,22640100,302,503,22650000,30331
4,2265,22650000,22650100,302,503,22660000,30344
4,2266,22660000,22660100,302,503,22670000,30356
4,2267,22670000,22670100,302,503,22680000,30367
4,2268,22680000,22680100,302,503,22690000,30386
4,2269,22690000,22690100,302,503,22700000,30396
4,227,2270000,2270100,302,503,2280000,3039
4,2270,22700000,22700100,302,503,22710000,30409
4,2271,22710000,22710100,302,503,22720000,30419
4,2272,22720000,22720100,302,503,22730000,30441
4,2273,22730000,22730100,302,503,22740000,30451
4,2274,22740000,22740100,302,503,22750000,30463
4,2275,22750000,22750100,302,503,22760000,30476
4,2276,22760000,22760100,302,503,22770000,30491
4,2277,22770000,22770100,302,503,22780000,30504
4,2278,22780000,22780100,302,503,22790000,30516
4,2279,22790000,22790100,302,503,22800000,30526
4,228,2280000,2280100,302,503,2290000,3054
4,2280,22800000,22800100,302,503,22810000,30546
4,2281,22810000,22810100,302,503,22820000,30558
4,2282,22820000,22820100,302,503,22830000,30573
4,2283,22830000,22830100,302,503,22840000,30583
4,2284,22840000,22840100,302,503,22850000,30598
4,2285,22850000,22850100,302,503,22860000,30609
4,2286,22860000,22860100,302,503,22870000,30623
4,2287,22870000,22870100,302,503,22880000,30636
4,2288,22880000,22880100,302,503,22890000,30653
4,2289,22890000,22890100,302,503,22900000,30665
4,229,2290000,2290100,302,503,2300000,3066
4,2290,22900000,22900100,302,503,22910000,30680
4,2291,22910000,22910100,302,503,22920000,30690
4,2292,22920000,22920100,302,503,22930000,30706
4,2293,22930000,22930100,302,503,22940000,30716
4,2294,22940000,22940100,302,503,22950000,30728
4,2295,22950000,22950100,302,503,22960000,30743
4,2296,22960000,22960100,302,503,22970000,30762
4,2297,22970000,22970100,302,503,22980000,30773
4,2298,22980000,22980100,302,503,22990000,30785
4,2299,22990000,22990100,302,503,23000000,30797
4,23,230000,230100,302,503,240000,306
4,230,2300000,2300100,302,503,2310000,3079
4,2300,23000000,23000100,302,503,23010000,30813
4,2301,23010000,23010100,302,503,23020000,30823
4,2302,23020000,23020100,302,503,23030000,30838
4,2303,23030000,23030100,302,503,23040000,30850
4,2304,23040000,23040100,302,503,23050000,30869
4,2305,23050000,23050100,302,503,23060000,30880
4,2306,23060000,23060100,302,503,23070000,30892
4,2307,23070000,23070100,302,503,23080000,30903
4,2308,23080000,23080100,302,503,23090000,30920
4,2309,23090000,23090100,302,503,23100000,30930
4,231,2310000,2310100,302,503,2320000,3091
4,2310,23100000,23100100,302,503,23110000,30947
4,2311,23110000,23110100,302,503,23120000,30957
4,2312,23120000,23120100,302,503,23130000,30975
4,2313,23130000,23130100,302,503,23140000,30987
4,2314,23140000,23140100,302,503,23150000,30999
4,2315,23150000,23150100,302,503,23160000,31010
4,2316,23160000,23160100,302,503,23170000,31025
4,2317,23170000,23170100,302,503,23180000,31042
4,2318,23180000,23180100,302,503,23190000,31054
4,2319,23190000,23190100,302,503,23200000,31064
4,232,2320000,2320100,302,503,2330000,3111
4,2320,23200000,23200100,302,503,23210000,31082
4,2321,23210000,23210100,302,503,23220000,31092
4,2322,23220000,23220100,302,503,23230000,31107
4,2323,23230000,23230100,302,503,23240000,31117
4,2324,23240000,23240100,302,503,23250000,31134
4,2325,23250000,23250100,302,503,23260000,31147
4,2326,23260000,23260100,302,503,23270000,31161
4,2327,23270000,23270100,302,503,23280000,31172
4,2328,23280000,23280100,302,503,23290000,31189
4,2329,23290000,23290100,302,503,23300000,31199
4,233,2330000,2330100,302,503,2340000,3121
4,2330,23300000,23300100,302,503,23310000,31212
4,2331,23310000,23310100,302,503,23320000,31226
4,2332,23320000,23320100,302,503,23330000,31244
4,2333,23330000,23330100,302,503,23340000,31254
4,2334,23340000,23340100,302,503,23350000,31266
4,2335,23350000,23350100,302,503,23360000,31279
4,2336,23360000,23360100,302,503,23370000,31296
4,2337,23370000,23370100,302,503,23380000,31307
4,2338,23380000,23380100,302,503,23390000,31321
4,2339,23390000,23390100,302,503,23400000,31331
4,234,2340000,2340100,302,503,2350000,3135
4,2340,23400000,23400100,302,503,23410000,31351
4,2341,23410000,23410100,302,503,23420000,31361
4,2342,23420000,23420100,302,503,23430000,31374
4,2343,23430000,23430100,302,503,23440000,31384
4,2344,23440000,23440100,302,503,23450000,31403
4,2345,23450000,23450100,302,503,23460000,31416
4,2346,23460000,23460100,302,503,23470000,31428
4,2347,23470000,23470100,302,503,23480000,31441
4,2348,23480000,23480100,302,503,23490000,31456
4,2349,23490000,23490100,302,503,23500000,31468
4,235,2350000,2350100,302,503,2360000,3146
4,2350,23500000,23500100,302,503,23510000,31481
4,2351,23510000,23510100,302,503,23520000,31491
4,2352,23520000,23520100,302,503,23530000,31511
4,2353,23530000,23530100,302,503,23540000,31523
4,2354,23540000,23540100,302,503,23550000,31535
4,2355,23550000,23550100,302,503,23560000,31548
4,2356,23560000,23560100,302,503,23570000,31563
4,2357,23570000,23570100,302,503,23580000,31574
4,2358,23580000,23580100,302,503,23590000,31588
4,2359,23590000,23590100,302,503,23600000,31600
4,236,2360000,2360100,302,503,2370000,3161
4,2360,23600000,23600100,302,503,23610000,31618
4,2361,23610000,23610100,302,503,23620000,31628
4,2362,23620000,23620100,302,503,23630000,31645
4,2363,23630000,23630100,302,503,23640000,31655
4,2364,23640000,23640100,302,503,23650000,31670
4,2365,23650000,23650100,302,503,23660000,31681
4,2366,23660000,23660100,302,503,23670000,31695
4,2367,23670000,23670100,302,503,23680000,31708
4,2368,23680000,23680100,302,503,23690000,31725
4,2369,23690000,23690100,302,503,23700000,31735
4,237,2370000,2370100,302,503,2380000,3172
4,2370,23700000,23700100,302,503,23710000,31750
4,2371,23710000,23710100,302,503,23720000,31762
4,2372,23720000,23720100,302,503,23730000,31778
4,2373,23730000,23730100,302,503,23740000,31790
4,2374,23740000,23740100,302,503,23750000,31802
4,2375,23750000,23750100,302,503,23760000,31813
4,2376,23760000,23760100,302,503,23770000,31832
4,2377,23770000,23770100,302,503,23780000,31845
4,2378,23780000,23780100,302,503,23790000,31857
4,2379,23790000,23790100,302,503,23800000,31867
4,238,2380000,2380100,302,503,2390000,3188
4,2380,23800000,23800100,302,503,23810000,31887
4,2381,23810000,23810100,302,503,23820000,31897
4,2382,23820000,23820100,302,503,23830000,31910
4,2383,23830000,23830100,302,503,23840000,31920
4,2384,23840000,23840100,302,503,23850000,31937
4,2385,23850000,23850100,302,503,23860000,31952
4,2386,23860000,23860100,302,503,23870000,31964
4,2387,23870000,23870100,302,503,23880000,31977
4,2388,23880000,23880100,302,503,23890000,31992
4,2389,23890000,23890100,302,503,23900000,32004
4,239,2390000,2390100,302,503,2400000,3198
4,2390,23900000,23900100,302,503,23910000,32017
4,2391,23910000,23910100,302,503,23920000,32027
4,2392,23920000,23920100,302,503,23930000,32047
4,2393,23930000,23930100,302,503,23940000,32057
4,2394,23940000,23940100,302,503,23950000,32073
4,2395,23950000,23950100,302,503,23960000,32084
4,2396,23960000,23960100,302,503,23970000,32099
4,2397,23970000,23970100,302,503,23980000,32110
4,2398,23980000,23980100,302,503,23990000,32124
4,2399,23990000,23990100,302,503,24000000,32134
4,24,240000,240100,302,503,250000,323
4,240,2400000,2400100,302,503,2410000,3218
4,2400,24000000,24000100,302,503,24010000,32154
4,2401,24010000,24010100,302,503,24020000,32166
4,2402,24020000,24020100,302,503,24030000,32179
4,2403,24030000,24030100,302,503,24040000,32191
4,2404,24040000,24040100,302,503,24050000,32206
4,2405,24050000,24050100,302,503,24060000,32217
4,2406,24060000,24060100,302,503,24070000,32229
4,2407,24070000,24070100,302,503,24080000,32244
4,2408,24080000,24080100,302,503,24090000,32263
4,2409,24090000,24090100,302,503,24100000,32273
4,241,2410000,2410100,302,503,2420000,3228
4,2410,24100000,24100100,302,503,24110000,32286
4,2411,24110000,24110100,302,503,24120000,32296
4,2412,24120000,24120100,302,503,24130000,32314
4,2413,24130000,24130100,302,503,24140000,32324
4,2414,24140000,24140100,302,503,24150000,32336
4,2415,24150000,24150100,302,503,24160000,32351
4,2416,24160000,24160100,302,503,24170000,32370
4,2417,24170000,24170100,302,503,24180000,32381
4,2418,24180000,24180100,302,503,24190000,32393
4,2419,24190000,24190100,302,503,24200000,32403
4,242,2420000,2420100,302,503,2430000,3241
4,2420,24200000,24200100,302,503,24210000,32419
4,2421,24210000,24210100,302,503,24220000,32431
4,2422,24220000,24220100,302,503,24230000,32448
4,2423,24230000,24230100,302,503,24240000,32458
4,2424,24240000,24240100,302,503,24250000,32475
4,2425,24250000,24250100,302,503,24260000,32488
4,2426,24260000,24260100,302,503,24270000,32500
4,2427,24270000,24270100,302,503,24280000,32511
4,2428,24280000,24280100,302,503,24290000,32526
4,2429,24290000,24290100,302,503,24300000,32538
4,243,2430000,2430100,302,503,2440000,3253
4,2430,24300000,24300100,302,503,24310000,32555
4,2431,24310000,24310100,302,503,24320000,32565
4,2432,24320000,24320100,302,503,24330000,32583
4,2433,24330000,24330100,302,503,24340000,32593
4,2434,24340000,24340100,302,503,24350000,32607
4,2435,24350000,24350100,302,503,24360000,32618
4,2436,24360000,24360100,302,503,24370000,32635
4,2437,24370000,24370100,302,503,24380000,32648
4,2438,24380000,24380100,302,503,24390000,32660
4,2439,24390000,24390100,302,503,24400000,32672
4,244,2440000,2440100,302,503,2450000,3268
4,2440,24400000,24400100,302,503,24410000,32690
4,2441,24410000,24410100,302,503,24420000,32700
4,2442,24420000,24420100,302,503,24430000,32713
4,2443,24430000,24430100,302,503,24440000,32727
4,2444,24440000,24440100,302,503,24450000,32742
4,2445,24450000,24450100,302,503,24460000,32755
4,2446,24460000,24460100,302,503,24470000,32767
4,2447,24470000,24470100,302,503,24480000,32778
4,2448,24480000,24480100,302,503,24490000,32797
4,2449,24490000,24490100,302,503,24500000,32807
4,245,2450000,2450100,302,503,2460000,3281
4,2450,24500000,24500100,302,503,24510000,32822
4,2451,24510000,24510100,302,503,24520000,32832
4,2452,24520000,24520100,302,503,24530000,32852
4,2453,24530000,24530100,302,503,24540000,32862
4,2454,24540000,24540100,302,503,24550000,32874
4,2455,24550000,24550100,302,503,24560000,32885
4,2456,24560000,24560100,302,503,24570000,32902
4,2457,24570000,24570100,302,503,24580000,32917
4,2458,24580000,24580100,302,503,24590000,32929
4,2459,24590000,24590100,302,503,24600000,32939
4,246,2460000,2460100,302,503,2470000,3293
4,2460,24600000,24600100,302,503,24610000,32957
4,2461,24610000,24610100,302,503,24620000,32969
4,2462,24620000,24620100,302,503,24630000,32982
4,2463,24630000,24630100,302,503,24640000,32992
4,2464,24640000,24640100,302,503,24650000,33011
4,2465,24650000,24650100,302,503,24660000,33022
4,2466,24660000,24660100,302,503,24670000,33036
4,2467,24670000,24670100,302,503,24680000,33049
4,2468,24680000,24680100,302,503,24690000,33064
4,2469,24690000,24690100,302,503,24700000,33074
4,247,2470000,2470100,302,503,2480000,3308
4,2470,24700000,24700100,302,503,24710000,33089
4,2471,24710000,24710100,302,503,24720000,33101
4,2472,24720000,24720100,302,503,24730000,33119
4,2473,24730000,24730100,302,503,24740000,33129
4,2474,24740000,24740100,302,503,24750000,33141
4,2475,24750000,24750100,302,503,24760000,33156
4,2476,24760000,24760100,302,503,24770000,33171
4,2477,24770000,24770100,302,503,24780000,33182
4,2478,24780000,24780100,302,503,24790000,33196
4,2479,24790000,24790100,302,503,24800000,33208
4,248,2480000,2480100,302,503,2490000,3325
4,2480,24800000,24800100,302,503,24810000,33226
4,2481,24810000,24810100,302,503,24820000,33236
4,2482,24820000,24820100,302,503,24830000,33251
4,2483,24830000,24830100,302,503,24840000,33261
4,2484,24840000,24840100,302,503,24850000,33278
4,2485,24850000,24850100,302,503,24860000,33291
4,2486,24860000,24860100,302,503,24870000,33303
4,2487,24870000,24870100,302,503,24880000,33314
4,2488,24880000,24880100,302,503,24890000,33333
4,2489,24890000,24890100,302,503,24900000,33343
4,249,2490000,2490100,302,503,2500000,3335
4,2490,24900000,24900100,302,503,24910000,33358
4,2491,24910000,24910100,302,503,24920000,33368
4,2492,24920000,24920100,302,503,24930000,33386
4,2493,24930000,24930100,302,503,24940000,33398
4,2494,24940000,24940100,302,503,24950000,33410
4,2495,24950000,24950100,302,503,24960000,33421
4,2496,24960000,24960100,302,503,24970000,33438
4,2497,24970000,24970100,302,503,24980000,33453
4,2498,24980000,24980100,302,503,24990000,33465
4,2499,24990000,24990100,302,503,25000000,33477
4,25,250000,250100,302,503,260000,334
4,250,2500000,2500100,302,503,2510000,3348
4,2500,25000000,25000100,302,503,25010000,33493
4,2501,25010000,25010100,302,503,25020000,33503
4,2502,25020000,25020100,302,503,25030000,33518
4,2503,25030000,25030100,302,503,25040000,33528
4,2504,25040000,25040100,302,503,25050000,33545
4,2505,25050000,25050100,302,503,25060000,33558
4,2506,25060000,25060100,302,503,25070000,33574
4,2507,25070000,25070100,302,503,25080000,33585
4,2508,25080000,25080100,302,503,25090000,33600
4,2509,25090000,25090100,302,503,25100000,33610
4,251,2510000,2510100,302,503,2520000,3358
4,2510,25100000,25100100,302,503,25110000,33623
4,2511,25110000,25110100,302,503,25120000,33635
4,2512,25120000,25120100,302,503,25130000,33655
4,2513,25130000,25130100,302,503,25140000,33667
4,2514,25140000,25140100,302,503,25150000,33679
4,2515,25150000,25150100,302,503,25160000,33692
4,2516,25160000,25160100,302,503,25170000,33707
4,2517,25170000,25170100,302,503,25180000,33718
4,2518,25180000,25180100,302,503,25190000,33730
4,2519,25190000,25190100,302,503,25200000,33740
4,252,2520000,2520100,302,503,2530000,3378
4,253,2530000,2530100,302,503,2540000,3388
4,254,2540000,2540100,302,503,2550000,3400
4,255,2550000,2550100,302,503,2560000,3413
4,256,2560000,2560100,302,503,2570000,3432
4,257,2570000,2570100,302,503,2580000,3443
4,258,2580000,2580100,302,503,2590000,3455
4,259,2590000,2590100,302,503,2600000,3467
4,26,260000,260100,302,503,270000,346
4,260,2600000,2600100,302,503,2610000,3483
4,261,2610000,2610100,302,503,2620000,3495
4,262,2620000,2620100,302,503,2630000,3510
4,263,2630000,2630100,302,503,2640000,3520
4,264,2640000,2640100,302,503,2650000,3537
4,265,2650000,2650100,302,503,2660000,3550
4,266,2660000,2660100,302,503,2670000,3564
4,267,2670000,2670100,302,503,2680000,3575
4,268,2680000,2680100,302,503,2690000,3590
4,269,2690000,2690100,302,503,2700000,3600
4,27,270000,270100,302,503,280000,359
4,270,2700000,2700100,302,503,2710000,3617
4,271,2710000,2710100,302,503,2720000,3627
4,272,2720000,2720100,302,503,2730000,3645
4,273,2730000,2730100,302,503,2740000,3657
4,274,2740000,2740100,302,503,2750000,3671
4,275,2750000,2750100,302,503,2760000,3682
4,276,2760000,2760100,302,503,2770000,3697
4,277,2770000,2770100,302,503,2780000,3710
4,278,2780000,2780100,302,503,2790000,3722
4,279,2790000,2790100,302,503,2800000,3734
4,28,280000,280100,302,503,290000,376
4,280,2800000,2800100,302,503,2810000,3754
4,281,2810000,2810100,302,503,2820000,3764
4,282,2820000,2820100,302,503,2830000,3777
4,283,2830000,2830100,302,503,2840000,3789
4,284,2840000,2840100,302,503,2850000,3804
4,285,2850000,2850100,302,503,2860000,3817
4,286,2860000,2860100,302,503,2870000,3829
4,287,2870000,2870100,302,503,2880000,3842
4,288,2880000,2880100,302,503,2890000,3861
4,289,2890000,2890100,302,503,2900000,3871
4,29,290000,290100,302,503,300000,386
4,290,2900000,2900100,302,503,2910000,3884
4,291,2910000,2910100,302,503,2920000,3894
4,292,2920000,2920100,302,503,2930000,3914
4,293,2930000,2930100,302,503,2940000,3924
4,294,2940000,2940100,302,503,2950000,3938
4,295,2950000,2950100,302,503,2960000,3949
4,296,2960000,2960100,302,503,2970000,3966
4,297,2970000,2970100,302,503,2980000,3979
4,298,2980000,2980100,302,503,2990000,3991
4,299,2990000,2990100,302,503,3000000,4001
4,3,30000,30100,302,503,40000,37
4,30,300000,300100,302,503,310000,401
4,300,3000000,3000100,302,503,3010000,4019
4,301,3010000,3010100,302,503,3020000,4033
4,302,3020000,3020100,302,503,3030000,4046
4,303,3030000,3030100,302,503,3040000,4056
4,304,3040000,3040100,302,503,3050000,4073
4,305,3050000,3050100,302,503,3060000,4084
4,306,3060000,3060100,302,503,3070000,4098
4,307,3070000,3070100,302,503,3080000,4111
4,308,3080000,3080100,302,503,3090000,4128
4,309,3090000,3090100,302,503,3100000,4138
4,31,310000,310100,302,503,320000,413
4,310,3100000,3100100,302,503,3110000,4153
4,311,3110000,3110100,302,503,3120000,4163
4,312,3120000,3120100,302,503,3130000,4181
4,313,3130000,3130100,302,503,3140000,4191
4,314,3140000,3140100,302,503,3150000,4203
4,315,3150000,3150100,302,503,3160000,4220
4,316,3160000,3160100,302,503,3170000,4235
4,317,3170000,3170100,302,503,3180000,4246
4,318,3180000,3180100,302,503,3190000,4258
4,319,3190000,3190100,302,503,3200000,4270
4,32,320000,320100,302,503,330000,431
4,320,3200000,3200100,302,503,3210000,4288
4,321,3210000,3210100,302,503,3220000,4298
4,322,3220000,3220100,302,503,3230000,4315
4,323,3230000,3230100,302,503,3240000,4325
4,324,3240000,3240100,302,503,3250000,4342
4,325,3250000,3250100,302,503,3260000,4353
4,326,3260000,3260100,302,503,3270000,4365
4,327,3270000,3270100,302,503,3280000,4376
4,328,3280000,3280100,302,503,3290000,4395
4,329,3290000,3290100,302,503,3300000,4407
4,33,330000,330100,302,503,340000,441
4,330,3300000,3300100,302,503,3310000,4422
4,331,3310000,3310100,302,503,3320000,4432
4,332,3320000,3320100,302,503,3330000,4448
4,333,3330000,3330100,302,503,3340000,4460
4,334,3340000,3340100,302,503,3350000,4472
4,335,3350000,3350100,302,503,3360000,4483
4,336,3360000,3360100,302,503,3370000,4502
4,337,3370000,3370100,302,503,3380000,4517
4,338,3380000,3380100,302,503,3390000,4529
4,339,3390000,3390100,302,503,3400000,4539
4,34,340000,340100,302,503,350000,453
4,340,3400000,3400100,302,503,3410000,4555
4,341,3410000,3410100,302,503,3420000,4565
4,342,3420000,3420100,302,503,3430000,4580
4,343,3430000,3430100,302,503,3440000,4592
4,344,3440000,3440100,302,503,3450000,4609
4,345,3450000,3450100,302,503,3460000,4622
4,346,3460000,3460100,302,503,3470000,4636
4,347,3470000,3470100,302,503,3480000,4647
4,348,3480000,3480100,302,503,3490000,4662
4,349,3490000,3490100,302,503,3500000,4672
4,35,350000,350100,302,503,360000,466
4,350,3500000,3500100,302,503,3510000,4687
4,351,3510000,3510100,302,503,3520000,4699
4,352,3520000,3520100,302,503,3530000,4719
4,353,3530000,3530100,302,503,3540000,4729
4,354,3540000,3540100,302,503,3550000,4741
4,355,3550000,3550100,302,503,3560000,4754
4,356,3560000,3560100,302,503,3570000,4769
4,357,3570000,3570100,302,503,3580000,4782
4,358,3580000,3580100,302,503,3590000,4794
4,359,3590000,3590100,302,503,3600000,4804
4,36,360000,360100,302,503,370000,483
4,360,3600000,3600100,302,503,3610000,4826
4,361,3610000,3610100,302,503,3620000,4836
4,362,3620000,3620100,302,503,3630000,4849
4,363,3630000,3630100,302,503,3640000,4859
4,364,3640000,3640100,302,503,3650000,4878
4,365,3650000,3650100,302,503,3660000,4889
4,366,3660000,3660100,302,503,3670000,4901
4,367,3670000,3670100,302,503,3680000,4914
4,368,3680000,3680100,302,503,3690000,4931
4,369,3690000,3690100,302,503,3700000,4943
4,37,370000,370100,302,503,380000,496
4,370,3700000,3700100,302,503,3710000,4956
4,371,3710000,3710100,302,503,3720000,4968
4,372,3720000,3720100,302,503,3730000,4984
4,373,3730000,3730100,302,503,3740000,4996
4,374,3740000,3740100,302,503,3750000,5008
4,375,3750000,3750100,302,503,3760000,5021
4,376,3760000,3760100,302,503,3770000,5038
4,377,3770000,3770100,302,503,3780000,5049
4,378,3780000,3780100,302,503,3790000,5065
4,379,3790000,3790100,302,503,3800000,5075
4,38,380000,380100,302,503,390000,508
4,380,3800000,3800100,302,503,3810000,5091
4,381,3810000,3810100,302,503,3820000,5101
4,382,3820000,3820100,302,503,3830000,5118
4,383,3830000,3830100,302,503,3840000,5128
4,384,3840000,3840100,302,503,3850000,5145
4,385,3850000,3850100,302,503,3860000,5158
4,386,3860000,3860100,302,503,3870000,5170
4,387,3870000,3870100,302,503,3880000,5183
4,388,3880000,3880100,302,503,3890000,5198
4,389,3890000,3890100,302,503,3900000,5208
4,39,390000,390100,302,503,400000,518
4,390,3900000,3900100,302,503,3910000,5223
4,391,3910000,3910100,302,503,3920000,5235
4,392,3920000,3920100,302,503,3930000,5255
4,393,3930000,3930100,302,503,3940000,5265
4,394,3940000,3940100,302,503,3950000,5277
4,395,3950000,3950100,302,503,3960000,5288
4,396,3960000,3960100,302,503,3970000,5305
4,397,3970000,3970100,302,503,3980000,5318
4,398,3980000,3980100,302,503,3990000,5330
4,399,3990000,3990100,302,503,4000000,5342
4,4,40000,40100,302,503,50000,54
4,40,400000,400100,302,503,410000,538
4,400,4000000,4000100,302,503,4010000,5362
4,401,4010000,4010100,302,503,4020000,5372
4,402,4020000,4020100,302,503,4030000,5385
4,403,4030000,4030100,302,503,4040000,5395
4,404,4040000,4040100,302,503,4050000,5410
4,405,4050000,4050100,302,503,4060000,5425
4,406,4060000,4060100,302,503,4070000,5439
4,407,4070000,4070100,302,503,4080000,5450
4,408,4080000,4080100,302,503,4090000,5467
4,409,4090000,4090100,302,503,4100000,5479
4,41,410000,410100,302,503,420000,548
4,410,4100000,4100100,302,503,4110000,5492
4,411,4110000,4110100,302,503,4120000,5502
4,412,4120000,4120100,302,503,4130000,5520
4,413,4130000,4130100,302,503,4140000,5532
4,414,4140000,4140100,302,503,4150000,5546
4,415,4150000,4150100,302,503,4160000,5557
4,416,4160000,4160100,302,503,4170000,5574
4,417,4170000,4170100,302,503,4180000,5585
4,418,4180000,4180100,302,503,4190000,5599
4,419,4190000,4190100,302,503,4200000,5609
4,42,420000,420100,302,503,430000,563
4,420,4200000,4200100,302,503,4210000,5629
4,421,4210000,4210100,302,503,4220000,5639
4,422,4220000,4220100,302,503,4230000,5652
4,423,4230000,4230100,302,503,4240000,5664
4,424,4240000,4240100,302,503,4250000,5681
4,425,4250000,4250100,302,503,4260000,5692
4,426,4260000,4260100,302,503,4270000,5704
4,427,4270000,4270100,302,503,4280000,5721
4,428,4280000,4280100,302,503,4290000,5736
4,429,4290000,4290100,302,503,4300000,5746
4,43,430000,430100,302,503,440000,573
4,430,4300000,4300100,302,503,4310000,5759
4,431,4310000,4310100,302,503,4320000,5769
4,432,4320000,4320100,302,503,4330000,5789
4,433,4330000,4330100,302,503,4340000,5799
4,434,4340000,4340100,302,503,4350000,5813
4,435,4350000,4350100,302,503,4360000,5826
4,436,4360000,4360100,302,503,4370000,5843
4,437,4370000,4370100,302,503,4380000,5854
4,438,4380000,4380100,302,503,4390000,5866
4,439,4390000,4390100,302,503,4400000,5876
4,44,440000,440100,302,503,450000,588
4,440,4400000,4400100,302,503,4410000,5894
4,441,4410000,4410100,302,503,4420000,5908
4,442,4420000,4420100,302,503,4430000,5923
4,443,4430000,4430100,302,503,4440000,5933
4,444,4440000,4440100,302,503,4450000,5948
4,445,4450000,4450100,302,503,4460000,5961
4,446,4460000,4460100,302,503,4470000,5973
4,447,4470000,4470100,302,503,4480000,5984
4,448,4480000,4480100,302,503,4490000,6003
4,449,4490000,4490100,302,503,4500000,6013
4,45,450000,450100,302,503,460000,603
4,450,4500000,4500100,302,503,4510000,6030
4,451,4510000,4510100,302,503,4520000,6040
4,452,4520000,4520100,302,503,4530000,6056
4,453,4530000,4530100,302,503,4540000,6066
4,454,4540000,4540100,302,503,4550000,6080
4,455,4550000,4550100,302,503,4560000,6093
4,456,4560000,4560100,302,503,4570000,6110
4,457,4570000,4570100,302,503,4580000,6123
4,458,4580000,4580100,302,503,4590000,6135
4,459,4590000,4590100,302,503,4600000,6147
4,46,460000,460100,302,503,470000,615
4,460,4600000,4600100,302,503,4610000,6163
4,461,4610000,4610100,302,503,4620000,6173
4,462,4620000,4620100,302,503,4630000,6188
4,463,4630000,4630100,302,503,4640000,6200
4,464,4640000,4640100,302,503,4650000,6217
4,465,4650000,4650100,302,503,4660000,6230
4,466,4660000,4660100,302,503,4670000,6242
4,467,4670000,4670100,302,503,4680000,6253
4,468,4680000,4680100,302,503,4690000,6270
4,469,4690000,4690100,302,503,4700000,6282
4,47,470000,470100,302,503,480000,626
4,470,4700000,4700100,302,503,4710000,6295
4,471,4710000,4710100,302,503,4720000,6305
4,472,4720000,4720100,302,503,4730000,6327
4,473,4730000,4730100,302,503,4740000,6337
4,474,4740000,4740100,302,503,4750000,6349
4,475,4750000,4750100,302,503,4760000,6360
4,476,4760000,4760100,302,503,4770000,6377
4,477,4770000,4770100,302,503,4780000,6390
4,478,4780000,4780100,302,503,4790000,6402
4,479,4790000,4790100,302,503,4800000,6412
4,48,480000,480100,302,503,490000,643
4,480,4800000,4800100,302,503,4810000,6432
4,481,4810000,4810100,302,503,4820000,6444
4,482,4820000,4820100,302,503,4830000,6457
4,483,4830000,4830100,302,503,4840000,6469
4,484,4840000,4840100,302,503,4850000,6484
4,485,4850000,4850100,302,503,4860000,6495
4,486,4860000,4860100,302,503,4870000,6509
4,487,4870000,4870100,302,503,4880000,6522
4,488,4880000,4880100,302,503,4890000,6539
4,489,4890000,4890100,302,503,4900000,6549
4,49,490000,490100,302,503,500000,657
4,490,4900000,4900100,302,503,4910000,6566
4,491,4910000,4910100,302,503,4920000,6576
4,492,4920000,4920100,302,503,4930000,6592
4,493,4930000,4930100,302,503,4940000,6602
4,494,4940000,4940100,302,503,4950000,6614
4,495,4950000,4950100,302,503,4960000,6629
4,496,4960000,4960100,302,503,4970000,6646
4,497,4970000,4970100,302,503,4980000,6659
4,498,4980000,4980100,302,503,4990000,6671
4,499,4990000,4990100,302,503,5000000,6683
4,5,50000,50100,302,503,60000,65
4,50,500000,500100,302,503,510000,670
4,500,5000000,5000100,302,503,5010000,6699
4,501,5010000,5010100,302,503,5020000,6709
4,502,5020000,5020100,302,503,5030000,6724
4,503,5030000,5030100,302,503,5040000,6734
4,504,5040000,5040100,302,503,5050000,6755
4,505,5050000,5050100,302,503,5060000,6766
4,506,5060000,5060100,302,503,5070000,6778
4,507,5070000,5070100,302,503,5080000,6789
4,508,5080000,5080100,302,503,5090000,6806
4,509,5090000,5090100,302,503,5100000,6816
4,51,510000,510100,302,503,520000,680
4,510,5100000,5100100,302,503,5110000,6831
4,511,5110000,5110100,302,503,5120000,6843
4,512,5120000,5120100,302,503,5130000,6861
4,513,5130000,5130100,302,503,5140000,6873
4,514,5140000,5140100,302,503,5150000,6885
4,515,5150000,5150100,302,503,5160000,6896
4,516,5160000,5160100,302,503,5170000,6911
4,517,5170000,5170100,302,503,5180000,6926
4,518,5180000,5180100,302,503,5190000,6940
4,519,5190000,5190100,302,503,5200000,6950
4,52,520000,520100,302,503,530000,698
4,520,5200000,5200100,302,503,5210000,6968
4,521,5210000,5210100,302,503,5220000,6978
4,522,5220000,5220100,302,503,5230000,6993
4,523,5230000,5230100,302,503,5240000,7003
4,524,5240000,5240100,302,503,5250000,7018
4,525,5250000,5250100,302,503,5260000,7033
4,526,5260000,5260100,302,503,5270000,7047
4,527,5270000,5270100,302,503,5280000,7058
4,528,5280000,5280100,302,503,5290000,7075
4,529,5290000,5290100,302,503,5300000,7085
4,53,530000,530100,302,503,540000,708
4,530,5300000,5300100,302,503,5310000,7098
4,531,5310000,5310100,302,503,5320000,7110
4,532,5320000,5320100,302,503,5330000,7130
4,533,5330000,5330100,302,503,5340000,7140
4,534,5340000,5340100,302,503,5350000,7152
4,535,5350000,5350100,302,503,5360000,7165
4,536,5360000,5360100,302,503,5370000,7182
4,537,5370000,5370100,302,503,5380000,7193
4,538,5380000,5380100,302,503,5390000,7205
4,539,5390000,5390100,302,503,5400000,7217
4,54,540000,540100,302,503,550000,722
4,540,5400000,5400100,302,503,5410000,7237
4,541,5410000,5410100,302,503,5420000,7247
4,542,5420000,5420100,302,503,5430000,7260
4,543,5430000,5430100,302,503,5440000,7270
4,544,5440000,5440100,302,503,5450000,7289
4,545,5450000,5450100,302,503,5460000,7300
4,546,5460000,5460100,302,503,5470000,7314
4,547,5470000,5470100,302,503,5480000,7327
4,548,5480000,5480100,302,503,5490000,7342
4,549,5490000,5490100,302,503,5500000,7354
4,55,550000,550100,302,503,560000,733
4,550,5500000,5500100,302,503,5510000,7367
4,551,5510000,5510100,302,503,5520000,7377
4,552,5520000,5520100,302,503,5530000,7395
4,553,5530000,5530100,302,503,5540000,7409
4,554,5540000,5540100,302,503,5550000,7421
4,555,5550000,5550100,302,503,5560000,7434
4,556,5560000,5560100,302,503,5570000,7449
4,557,5570000,5570100,302,503,5580000,7460
4,558,5580000,5580100,302,503,5590000,7474
4,559,5590000,5590100,302,503,5600000,7484
4,56,560000,560100,302,503,570000,752
4,560,5600000,5600100,302,503,5610000,7504
4,561,5610000,5610100,302,503,5620000,7514
4,562,5620000,5620100,302,503,5630000,7531
4,563,5630000,5630100,302,503,5640000,7541
4,564,5640000,5640100,302,503,5650000,7556
4,565,5650000,5650100,302,503,5660000,7567
4,566,5660000,5660100,302,503,5670000,7579
4,567,5670000,5670100,302,503,5680000,7594
4,568,5680000,5680100,302,503,5690000,7611
4,569,5690000,5690100,302,503,5700000,7621
4,57,570000,570100,302,503,580000,763
4,570,5700000,5700100,302,503,5710000,7636
4,571,5710000,5710100,302,503,5720000,7648
4,572,5720000,5720100,302,503,5730000,7664
4,573,5730000,5730100,302,503,5740000,7674
4,574,5740000,5740100,302,503,5750000,7688
4,575,5750000,5750100,302,503,5760000,7699
4,576,5760000,5760100,302,503,5770000,7718
4,577,5770000,5770100,302,503,5780000,7731
4,578,5780000,5780100,302,503,5790000,7743
4,579,5790000,5790100,302,503,5800000,7753
4,58,580000,580100,302,503,590000,777
4,580,5800000,5800100,302,503,5810000,7771
4,581,5810000,5810100,302,503,5820000,7783
4,582,5820000,5820100,302,503,5830000,7796
4,583,5830000,5830100,302,503,5840000,7806
4,584,5840000,5840100,302,503,5850000,7823
4,585,5850000,5850100,302,503,5860000,7838
4,586,5860000,5860100,302,503,5870000,7850
4,587,5870000,5870100,302,503,5880000,7861
4,588,5880000,5880100,302,503,5890000,7878
4,589,5890000,5890100,302,503,5900000,7890
4,59,590000,590100,302,503,600000,787
4,590,5900000,5900100,302,503,5910000,7903
4,591,5910000,5910100,302,503,5920000,7913
4,592,5920000,5920100,302,503,5930000,7933
4,593,5930000,5930100,302,503,5940000,7943
4,594,5940000,5940100,302,503,5950000,7957
4,595,5950000,5950100,302,503,5960000,7970
4,596,5960000,5960100,302,503,5970000,7985
4,597,5970000,5970100,302,503,5980000,7996
4,598,5980000,5980100,302,503,5990000,8010
4,599,5990000,5990100,302,503,6000000,8020
4,6,60000,60100,302,503,70000,77
4,60,600000,600100,302,503,610000,805
4,600,6000000,6000100,302,503,6010000,8040
4,601,6010000,6010100,302,503,6020000,8050
4,602,6020000,6020100,302,503,6030000,8065
4,603,6030000,6030100,302,503,6040000,8077
4,604,6040000,6040100,302,503,6050000,8092
4,605,6050000,6050100,302,503,6060000,8103
4,606,6060000,6060100,302,503,6070000,8115
4,607,6070000,6070100,302,503,6080000,8130
4,608,6080000,6080100,302,503,6090000,8147
4,609,6090000,6090100,302,503,6100000,8159
4,61,610000,610100,302,503,620000,815
4,610,6100000,6100100,302,503,6110000,8172
4,611,6110000,6110100,302,503,6120000,8182
4,612,6120000,6120100,302,503,6130000,8200
4,613,6130000,6130100,302,503,6140000,8210
4,614,6140000,6140100,302,503,6150000,8222
4,615,6150000,6150100,302,503,6160000,8235
4,616,6160000,6160100,302,503,6170000,8256
4,617,6170000,6170100,302,503,6180000,8267
4,618,6180000,6180100,302,503,6190000,8279
4,619,6190000,6190100,302,503,6200000,8289
4,62,620000,620100,302,503,630000,828
4,620,6200000,6200100,302,503,6210000,8305
4,621,6210000,6210100,302,503,6220000,8317
4,622,6220000,6220100,302,503,6230000,8332
4,623,6230000,6230100,302,503,6240000,8344
4,624,6240000,6240100,302,503,6250000,8361
4,625,6250000,6250100,302,503,6260000,8374
4,626,6260000,6260100,302,503,6270000,8386
4,627,6270000,6270100,302,503,6280000,8397
4,628,6280000,6280100,302,503,6290000,8412
4,629,6290000,6290100,302,503,6300000,8422
4,63,630000,630100,302,503,640000,842
4,630,6300000,6300100,302,503,6310000,8441
4,631,6310000,6310100,302,503,6320000,8451
4,632,6320000,6320100,302,503,6330000,8469
4,633,6330000,6330100,302,503,6340000,8479
4,634,6340000,6340100,302,503,6350000,8493
4,635,6350000,6350100,302,503,6360000,8504
4,636,6360000,6360100,302,503,6370000,8519
4,637,6370000,6370100,302,503,6380000,8534
4,638,6380000,6380100,302,503,6390000,8546
4,639,6390000,6390100,302,503,6400000,8558
4,64,640000,640100,302,503,650000,859
4,640,6400000,6400100,302,503,6410000,8576
4,641,6410000,6410100,302,503,6420000,8586
4,642,6420000,6420100,302,503,6430000,8599
4,643,6430000,6430100,302,503,6440000,8611
4,644,6440000,6440100,302,503,6450000,8628
4,645,6450000,6450100,302,503,6460000,8641
4,646,6460000,6460100,302,503,6470000,8653
4,647,6470000,6470100,302,503,6480000,8664
4,648,6480000,6480100,302,503,6490000,8683
4,649,6490000,6490100,302,503,6500000,8693
4,65,650000,650100,302,503,660000,870
4,650,6500000,6500100,302,503,6510000,8706
4,651,6510000,6510100,302,503,6520000,8718
4,652,6520000,6520100,302,503,6530000,8738
4,653,6530000,6530100,302,503,6540000,8748
4,654,6540000,6540100,302,503,6550000,8760
4,655,6550000,6550100,302,503,6560000,8771
4,656,6560000,6560100,302,503,6570000,8788
4,657,6570000,6570100,302,503,6580000,8801
4,658,6580000,6580100,302,503,6590000,8815
4,659,6590000,6590100,302,503,6600000,8825
4,66,660000,660100,302,503,670000,882
4,660,6600000,6600100,302,503,6610000,8843
4,661,6610000,6610100,302,503,6620000,8855
4,662,6620000,6620100,302,503,6630000,8868
4,663,6630000,6630100,302,503,6640000,8878
4,664,6640000,6640100,302,503,6650000,8895
4,665,6650000,6650100,302,503,6660000,8908
4,666,6660000,6660100,302,503,6670000,8922
4,667,6670000,6670100,302,503,6680000,8935
4,668,6680000,6680100,302,503,6690000,8950
4,669,6690000,6690100,302,503,6700000,8960
4,67,670000,670100,302,503,680000,897
4,670,6700000,6700100,302,503,6710000,8975
4,671,6710000,6710100,302,503,6720000,8985
4,672,6720000,6720100,302,503,6730000,9005
4,673,6730000,6730100,302,503,6740000,9015
4,674,6740000,6740100,302,503,6750000,9027
4,675,6750000,6750100,302,503,6760000,9042
4,676,6760000,6760100,302,503,6770000,9057
4,677,6770000,6770100,302,503,6780000,9068
4,678,6780000,6780100,302,503,6790000,9080
4,679,6790000,6790100,302,503,6800000,9094
4,68,680000,680100,302,503,690000,912
4,680,6800000,6800100,302,503,6810000,9112
4,681,6810000,6810100,302,503,6820000,9122
4,682,6820000,6820100,302,503,6830000,9137
4,683,6830000,6830100,302,503,6840000,9147
4,684,6840000,6840100,302,503,6850000,9164
4,685,6850000,6850100,302,503,6860000,9175
4,686,6860000,6860100,302,503,6870000,9189
4,687,6870000,6870100,302,503,6880000,9200
4,688,6880000,6880100,302,503,6890000,9219
4,689,6890000,6890100,302,503,6900000,9229
4,69,690000,690100,302,503,700000,922
4,690,6900000,6900100,302,503,6910000,9244
4,691,6910000,6910100,302,503,6920000,9254
4,692,6920000,6920100,302,503,6930000,9270
4,693,6930000,6930100,302,503,6940000,9284
4,694,6940000,6940100,302,503,6950000,9296
4,695,6950000,6950100,302,503,6960000,9307
4,696,6960000,6960100,302,503,6970000,9324
4,697,6970000,6970100,302,503,6980000,9339
4,698,6980000,6980100,302,503,6990000,9351
4,699,6990000,6990100,302,503,7000000,9361
4,7,70000,70100,302,503,80000,92
4,70,700000,700100,302,503,710000,937
4,700,7000000,7000100,302,503,7010000,9379
4,701,7010000,7010100,302,503,7020000,9389
4,702,7020000,7020100,302,503,7030000,9404
4,703,7030000,7030100,302,503,7040000,9414
4,704,7040000,7040100,302,503,7050000,9431
4,705,7050000,7050100,302,503,7060000,9444
4,706,7060000,7060100,302,503,7070000,9458
4,707,7070000,7070100,302,503,7080000,9471
4,708,7080000,7080100,302,503,7090000,9486
4,709,7090000,7090100,302,503,7100000,9496
4,71,710000,710100,302,503,720000,947
4,710,7100000,7100100,302,503,7110000,9509
4,711,7110000,7110100,302,503,7120000,9521
4,712,7120000,7120100,302,503,7130000,9541
4,713,7130000,7130100,302,503,7140000,9551
4,714,7140000,7140100,302,503,7150000,9565
4,715,7150000,7150100,302,503,7160000,9578
4,716,7160000,7160100,302,503,7170000,9593
4,717,7170000,7170100,302,503,7180000,9604
4,718,7180000,7180100,302,503,7190000,9616
4,719,7190000,7190100,302,503,7200000,9626
4,72,720000,720100,302,503,730000,967
4,720,7200000,7200100,302,503,7210000,9648
4,721,7210000,7210100,302,503,7220000,9660
4,722,7220000,7220100,302,503,7230000,9673
4,723,7230000,7230100,302,503,7240000,9683
4,724,7240000,7240100,302,503,7250000,9700
4,725,7250000,7250100,302,503,7260000,9711
4,726,7260000,7260100,302,503,7270000,9723
4,727,7270000,7270100,302,503,7280000,9736
4,728,7280000,7280100,302,503,7290000,9755
4,729,7290000,7290100,302,503,7300000,9767
4,73,730000,730100,302,503,740000,977
4,730,7300000,7300100,302,503,7310000,9780
4,731,7310000,7310100,302,503,7320000,9790
4,732,7320000,7320100,302,503,7330000,9806
4,733,7330000,7330100,302,503,7340000,9818
4,734,7340000,7340100,302,503,7350000,9830
4,735,7350000,7350100,302,503,7360000,9845
4,736,7360000,7360100,302,503,7370000,9862
4,737,7370000,7370100,302,503,7380000,9873
4,738,7380000,7380100,302,503,7390000,9887
4,739,7390000,7390100,302,503,7400000,9897
4,74,740000,740100,302,503,750000,989
4,740,7400000,7400100,302,503,7410000,9913
4,741,7410000,7410100,302,503,7420000,9923
4,742,7420000,7420100,302,503,7430000,9942
4,743,7430000,7430100,302,503,7440000,9952
4,744,7440000,7440100,302,503,7450000,9969
4,745,7450000,7450100,302,503,7460000,9980
4,746,7460000,7460100,302,503,7470000,9992
4,747,7470000,7470100,302,503,7480000,10005
4,748,7480000,7480100,302,503,7490000,10020
4,749,7490000,7490100,302,503,7500000,10032
4,75,750000,750100,302,503,760000,1002
4,750,7500000,7500100,302,503,7510000,10047
4,751,7510000,7510100,302,503,7520000,10059
4,752,7520000,7520100,302,503,7530000,10077
4,753,7530000,7530100,302,503,7540000,10087
4,754,7540000,7540100,302,503,7550000,10099
4,755,7550000,7550100,302,503,7560000,10110
4,756,7560000,7560100,302,503,7570000,10129
4,757,7570000,7570100,302,503,7580000,10142
4,758,7580000,7580100,302,503,7590000,10154
4,759,7590000,7590100,302,503,7600000,10164
4,76,760000,760100,302,503,770000,1019
4,760,7600000,7600100,302,503,7610000,10184
4,761,7610000,7610100,302,503,7620000,10194
4,762,7620000,7620100,302,503,7630000,10207
4,763,7630000,7630100,302,503,7640000,10219
4,764,7640000,7640100,302,503,7650000,10234
4,765,7650000,7650100,302,503,7660000,10249
4,766,7660000,7660100,302,503,7670000,10261
4,767,7670000,7670100,302,503,7680000,10272
4,768,7680000,7680100,302,503,7690000,10289
4,769,7690000,7690100,302,503,7700000,10301
4,77,770000,770100,302,503,780000,1032
4,770,7700000,7700100,302,503,7710000,10316
4,771,7710000,7710100,302,503,7720000,10326
4,772,7720000,7720100,302,503,7730000,10344
4,773,7730000,7730100,302,503,7740000,10354
4,774,7740000,7740100,302,503,7750000,10368
4,775,7750000,7750100,302,503,7760000,10379
4,776,7760000,7760100,302,503,7770000,10396
4,777,7770000,7770100,302,503,7780000,10409
4,778,7780000,7780100,302,503,7790000,10423
4,779,7790000,7790100,302,503,7800000,10433
4,78,780000,780100,302,503,790000,1044
4,780,7800000,7800100,302,503,7810000,10451
4,781,7810000,7810100,302,503,7820000,10461
4,782,7820000,7820100,302,503,7830000,10474
4,783,7830000,7830100,302,503,7840000,10486
4,784,7840000,7840100,302,503,7850000,10505
4,785,7850000,7850100,302,503,7860000,10516
4,786,7860000,7860100,302,503,7870000,10528
4,787,7870000,7870100,302,503,7880000,10543
4,788,7880000,7880100,302,503,7890000,10558
4,789,7890000,7890100,302,503,7900000,10568
4,79,790000,790100,302,503,800000,1054
4,790,7900000,7900100,302,503,7910000,10581
4,791,7910000,7910100,302,503,7920000,10593
4,792,7920000,7920100,302,503,7930000,10613
4,793,7930000,7930100,302,503,7940000,10623
4,794,7940000,7940100,302,503,7950000,10635
4,795,7950000,7950100,302,503,7960000,10648
4,796,7960000,7960100,302,503,7970000,10665
4,797,7970000,7970100,302,503,7980000,10676
4,798,7980000,7980100,302,503,7990000,10690
4,799,7990000,7990100,302,503,8000000,10700
4,8,80000,80100,302,503,90000,109
4,80,800000,800100,302,503,810000,1072
4,800,8000000,8000100,302,503,8010000,10718
4,801,8010000,8010100,302,503,8020000,10730
4,802,8020000,8020100,302,503,8030000,10745
4,803,8030000,8030100,302,503,8040000,10755
4,804,8040000,8040100,302,503,8050000,10770
4,805,8050000,8050100,302,503,8060000,10785
4,806,8060000,8060100,302,503,8070000,10797
4,807,8070000,8070100,302,503,8080000,10808
4,808,8080000,8080100,302,503,8090000,10825
4,809,8090000,8090100,302,503,8100000,10835
4,81,810000,810100,302,503,820000,1084
4,810,8100000,8100100,302,503,8110000,10852
4,811,8110000,8110100,302,503,8120000,10862
4,812,8120000,8120100,302,503,8130000,10880
4,813,8130000,8130100,302,503,8140000,10890
4,814,8140000,8140100,302,503,8150000,10904
4,815,8150000,8150100,302,503,8160000,10915
4,816,8160000,8160100,302,503,8170000,10932
4,817,8170000,8170100,302,503,8180000,10945
4,818,8180000,8180100,302,503,8190000,10957
4,819,8190000,8190100,302,503,8200000,10971
4,82,820000,820100,302,503,830000,1099
4,820,8200000,8200100,302,503,8210000,10987
4,821,8210000,8210100,302,503,8220000,10997
4,822,8220000,8220100,302,503,8230000,11010
4,823,8230000,8230100,302,503,8240000,11022
4,824,8240000,8240100,302,503,8250000,11039
4,825,8250000,8250100,302,503,8260000,11052
4,826,8260000,8260100,302,503,8270000,11066
4,827,8270000,8270100,302,503,8280000,11077
4,828,8280000,8280100,302,503,8290000,11094
4,829,8290000,8290100,302,503,8300000,11104
4,83,830000,830100,302,503,840000,1109
4,830,8300000,8300100,302,503,8310000,11117
4,831,8310000,8310100,302,503,8320000,11127
4,832,8320000,8320100,302,503,8330000,11149
4,833,8330000,8330100,302,503,8340000,11161
4,834,8340000,8340100,302,503,8350000,11173
4,835,8350000,8350100,302,503,8360000,11184
4,836,8360000,8360100,302,503,8370000,11199
4,837,8370000,8370100,302,503,8380000,11212
4,838,8380000,8380100,302,503,8390000,11224
4,839,8390000,8390100,302,503,8400000,11234
4,84,840000,840100,302,503,850000,1126
4,840,8400000,8400100,302,503,8410000,11256
4,841,8410000,8410100,302,503,8420000,11268
4,842,8420000,8420100,302,503,8430000,11281
4,843,8430000,8430100,302,503,8440000,11291
4,844,8440000,8440100,302,503,8450000,11306
4,845,8450000,8450100,302,503,8460000,11317
4,846,8460000,8460100,302,503,8470000,11331
4,847,8470000,8470100,302,503,8480000,11346
4,848,8480000,8480100,302,503,8490000,11363
4,849,8490000,8490100,302,503,8500000,11373
4,85,850000,850100,302,503,860000,1139
4,850,8500000,8500100,302,503,8510000,11388
4,851,8510000,8510100,302,503,8520000,11398
4,852,8520000,8520100,302,503,8530000,11414
4,853,8530000,8530100,302,503,8540000,11424
4,854,8540000,8540100,302,503,8550000,11438
4,855,8550000,8550100,302,503,8560000,11453
4,856,8560000,8560100,302,503,8570000,11470
4,857,8570000,8570100,302,503,8580000,11481
4,858,8580000,8580100,302,503,8590000,11493
4,859,8590000,8590100,302,503,8600000,11505
4,86,860000,860100,302,503,870000,1151
4,860,8600000,8600100,302,503,8610000,11521
4,861,8610000,8610100,302,503,8620000,11533
4,862,8620000,8620100,302,503,8630000,11548
4,863,8630000,8630100,302,503,8640000,11558
4,864,8640000,8640100,302,503,8650000,11577
4,865,8650000,8650100,302,503,8660000,11588
4,866,8660000,8660100,302,503,8670000,11600
4,867,8670000,8670100,302,503,8680000,11611
4,868,8680000,8680100,302,503,8690000,11630
4,869,8690000,8690100,302,503,8700000,11640
4,87,870000,870100,302,503,880000,1162
4,870,8700000,8700100,302,503,8710000,11655
4,871,8710000,8710100,302,503,8720000,11665
4,872,8720000,8720100,302,503,8730000,11683
4,873,8730000,8730100,302,503,8740000,11695
4,874,8740000,8740100,302,503,8750000,11707
4,875,8750000,8750100,302,503,8760000,11720
4,876,8760000,8760100,302,503,8770000,11735
4,877,8770000,8770100,302,503,8780000,11750
4,878,8780000,8780100,302,503,8790000,11762
4,879,8790000,8790100,302,503,8800000,11772
4,88,880000,880100,302,503,890000,1179
4,880,8800000,8800100,302,503,8810000,11790
4,881,8810000,8810100,302,503,8820000,11800
4,882,8820000,8820100,302,503,8830000,11817
4,883,8830000,8830100,302,503,8840000,11827
4,884,8840000,8840100,302,503,8850000,11842
4,885,8850000,8850100,302,503,8860000,11855
4,886,8860000,8860100,302,503,8870000,11869
4,887,8870000,8870100,302,503,8880000,11880
4,888,8880000,8880100,302,503,8890000,11897
4,889,8890000,8890100,302,503,8900000,11909
4,89,890000,890100,302,503,900000,1189
4,890,8900000,8900100,302,503,8910000,11922
4,891,8910000,8910100,302,503,8920000,11934
4,892,8920000,8920100,302,503,8930000,11952
4,893,8930000,8930100,302,503,8940000,11962
4,894,8940000,8940100,302,503,8950000,11974
4,895,8950000,8950100,302,503,8960000,11987
4,896,8960000,8960100,302,503,8970000,12006
4,897,8970000,8970100,302,503,8980000,12017
4,898,8980000,8980100,302,503,8990000,12029
4,899,8990000,8990100,302,503,9000000,12039
4,9,90000,90100,302,503,100000,121
4,90,900000,900100,302,503,910000,1206
4,900,9000000,9000100,302,503,9010000,12059
4,901,9010000,9010100,302,503,9020000,12069
4,902,9020000,9020100,302,503,9030000,12082
4,903,9030000,9030100,302,503,9040000,12094
4,904,9040000,9040100,302,503,9050000,12113
4,905,9050000,9050100,302,503,9060000,12124
4,906,9060000,9060100,302,503,9070000,12136
4,907,9070000,9070100,302,503,9080000,12149
4,908,9080000,9080100,302,503,9090000,12164
4,909,9090000,9090100,302,503,9100000,12176
4,91,910000,910100,302,503,920000,1218
4,910,9100000,9100100,302,503,9110000,12191
4,911,9110000,9110100,302,503,9120000,12201
4,912,9120000,9120100,302,503,9130000,12219
4,913,9130000,9130100,302,503,9140000,12231
4,914,9140000,9140100,302,503,9150000,12243
4,915,9150000,9150100,302,503,9160000,12256
4,916,9160000,9160100,302,503,9170000,12271
4,917,9170000,9170100,302,503,9180000,12284
4,918,9180000,9180100,302,503,9190000,12298
4,919,9190000,9190100,302,503,9200000,12308
4,92,920000,920100,302,503,930000,1234
4,920,9200000,9200100,302,503,9210000,12326
4,921,9210000,9210100,302,503,9220000,12336
4,922,9220000,9220100,302,503,9230000,12353
4,923,9230000,9230100,302,503,9240000,12363
4,924,9240000,9240100,302,503,9250000,12380
4,925,9250000,9250100,302,503,9260000,12391
4,926,9260000,9260100,302,503,9270000,12403
4,927,9270000,9270100,302,503,9280000,12416
4,928,9280000,9280100,302,503,9290000,12433
4,929,9290000,9290100,302,503,9300000,12443
4,93,930000,930100,302,503,940000,1244
4,930,9300000,9300100,302,503,9310000,12458
4,931,9310000,9310100,302,503,9320000,12472
4,932,9320000,9320100,302,503,9330000,12488
4,933,9330000,9330100,302,503,9340000,12498
4,934,9340000,9340100,302,503,9350000,12510
4,935,9350000,9350100,302,503,9360000,12521
4,936,9360000,9360100,302,503,9370000,12540
4,937,9370000,9370100,302,503,9380000,12553
4,938,9380000,9380100,302,503,9390000,12567
4,939,9390000,9390100,302,503,9400000,12577
4,94,940000,940100,302,503,950000,1258
4,940,9400000,9400100,302,503,9410000,12595
4,941,9410000,9410100,302,503,9420000,12605
4,942,9420000,9420100,302,503,9430000,12618
4,943,9430000,9430100,302,503,9440000,12628
4,944,9440000,9440100,302,503,9450000,12645
4,945,9450000,9450100,302,503,9460000,12662
4,946,9460000,9460100,302,503,9470000,12674
4,947,9470000,9470100,302,503,9480000,12685
4,948,9480000,9480100,302,503,9490000,12700
4,949,9490000,9490100,302,503,9500000,12712
4,95,950000,950100,302,503,960000,1269
4,950,9500000,9500100,302,503,9510000,12725
4,951,9510000,9510100,302,503,9520000,12735
4,952,9520000,9520100,302,503,9530000,12757
4,953,9530000,9530100,302,503,9540000,12767
4,954,9540000,9540100,302,503,9550000,12781
4,955,9550000,9550100,302,503,9560000,12792
4,956,9560000,9560100,302,503,9570000,12807
4,957,9570000,9570100,302,503,9580000,12818
4,958,9580000,9580100,302,503,9590000,12832
4,959,9590000,9590100,302,503,9600000,12844
4,96,960000,960100,302,503,970000,1286
4,960,9600000,9600100,302,503,9610000,12864
4,961,9610000,9610100,302,503,9620000,12874
4,962,9620000,9620100,302,503,9630000,12887
4,963,9630000,9630100,302,503,9640000,12899
4,964,9640000,9640100,302,503,9650000,12914
4,965,9650000,9650100,302,503,9660000,12925
4,966,9660000,9660100,302,503,9670000,12939
4,967,9670000,9670100,302,503,9680000,12954
4,968,9680000,9680100,302,503,9690000,12971
4,969,9690000,9690100,302,503,9700000,12981
4,97,970000,970100,302,503,980000,1299
4,970,9700000,9700100,302,503,9710000,12994
4,971,9710000,9710100,302,503,9720000,13004
4,972,9720000,9720100,302,503,9730000,13022
4,973,9730000,9730100,302,503,9740000,13034
4,974,9740000,9740100,302,503,9750000,13046
4,975,9750000,9750100,302,503,9760000,13059
4,976,9760000,9760100,302,503,9770000,13078
4,977,9770000,9770100,302,503,9780000,13089
4,978,9780000,9780100,302,503,9790000,13101
4,979,9790000,9790100,302,503,9800000,13111
4,98,980000,980100,302,503,990000,1313
4,980,9800000,9800100,302,503,9810000,13129
4,981,9810000,9810100,302,503,9820000,13141
4,982,9820000,9820100,302,503,9830000,13156
4,983,9830000,9830100,302,503,9840000,13166
4,984,9840000,9840100,302,503,9850000,13183
4,985,9850000,9850100,302,503,9860000,13196
4,986,9860000,9860100,302,503,9870000,13208
4,987,9870000,9870100,302,503,9880000,13221
4,988,9880000,9880100,302,503,9890000,13236
4,989,9890000,9890100,302,503,9900000,13246
4,99,990000,990100,302,503,1000000,1325
4,990,9900000,9900100,302,503,9910000,13263
4,991,9910000,9910100,302,503,9920000,13273
4,992,9920000,9920100,302,503,9930000,13291
4,993,9930000,9930100,302,503,9940000,13301
4,994,9940000,9940100,302,503,9950000,13317
4,995,9950000,9950100,302,503,9960000,13328
4,996,9960000,9960100,302,503,9970000,13343
4,997,9970000,9970100,302,503,9980000,13356
4,998,9980000,9980100,302,503,9990000,13368
4,999,9990000,9990100,302,503,10000000,13380
5,0,0,100,135,224,10000,5
5,1,10000,10100,135,224,20000,15
5,10,100000,100100,135,224,110000,135
5,100,1000000,1000100,135,224,1010000,1342
5,1000,10000000,10000100,135,224,10010000,13399
5,1001,10010000,10010100,135,224,10020000,13411
5,1002,10020000,10020100,135,224,10030000,13424
5,1003,10030000,10030100,135,224,10040000,13436
5,1004,10040000,10040100,135,224,10050000,13451
5,1005,10050000,10050100,135,224,10060000,13464
5,1006,10060000,10060100,135,224,10070000,13476
5,1007,10070000,10070100,135,224,10080000,13487
5,1008,10080000,10080100,135,224,10090000,13508
5,1009,10090000,10090100,135,224,10100000,13518
5,101,1010000,1010100,135,224,1020000,1352
5,1010,10100000,10100100,135,224,10110000,13531
5,1011,10110000,10110100,135,224,10120000,13541
5,1012,10120000,10120100,135,224,10130000,13561
5,1013,10130000,10130100,135,224,10140000,13571
5,1014,10140000,10140100,135,224,10150000,13583
5,1015,10150000,10150100,135,224,10160000,13596
5,1016,10160000,10160100,135,224,10170000,13613
5,1017,10170000,10170100,135,224,10180000,13626
5,1018,10180000,10180100,135,224,10190000,13638
5,1019,10190000,10190100,135,224,10200000,13648
5,102,1020000,1020100,135,224,1030000,1365
5,1020,10200000,10200100,135,224,10210000,13666
5,1021,10210000,10210100,135,224,10220000,13678
5,1022,10220000,10220100,135,224,10230000,13693
5,1023,10230000,10230100,135,224,10240000,13703
5,1024,10240000,10240100,135,224,10250000,13720
5,1025,10250000,10250100,135,224,10260000,13731
5,1026,10260000,10260100,135,224,10270000,13745
5,1027,10270000,10270100,135,224,10280000,13758
5,1028,10280000,10280100,135,224,10290000,13773
5,1029,10290000,10290100,135,224,10300000,13785
5,103,1030000,1030100,135,224,1040000,1377
5,1030,10300000,10300100,135,224,10310000,13800
5,1031,10310000,10310100,135,224,10320000,13810
5,1032,10320000,10320100,135,224,10330000,13828
5,1033,10330000,10330100,135,224,10340000,13838
5,1034,10340000,10340100,135,224,10350000,13850
5,1035,10350000,10350100,135,224,10360000,13865
5,1036,10360000,10360100,135,224,10370000,13882
5,1037,10370000,10370100,135,224,10380000,13893
5,1038,10380000,10380100,135,224,10390000,13905
5,1039,10390000,10390100,135,224,10400000,13917
5,104,1040000,1040100,135,224,1050000,1394
5,1040,10400000,10400100,135,224,10410000,13935
5,1041,10410000,10410100,135,224,10420000,13945
5,1042,10420000,10420100,135,224,10430000,13960
5,1043,10430000,10430100,135,224,10440000,13972
5,1044,10440000,10440100,135,224,10450000,13989
5,1045,10450000,10450100,135,224,10460000,14000
5,1046,10460000,10460100,135,224,10470000,14012
5,1047,10470000,10470100,135,224,10480000,14023
5,1048,10480000,10480100,135,224,10490000,14042
5,1049,10490000,10490100,135,224,10500000,14052
5,105,1050000,1050100,135,224,1060000,1409
5,1050,10500000,10500100,135,224,10510000,14069
5,1051,10510000,10510100,135,224,10520000,14079
5,1052,10520000,10520100,135,224,10530000,14095
5,1053,10530000,10530100,135,224,10540000,14107
5,1054,10540000,10540100,135,224,10550000,14119
5,1055,10550000,10550100,135,224,10560000,14130
5,1056,10560000,10560100,135,224,10570000,14147
5,1057,10570000,10570100,135,224,10580000,14164
5,1058,10580000,10580100,135,224,10590000,14176
5,1059,10590000,10590100,135,224,10600000,14186
5,106,1060000,1060100,135,224,1070000,1421
5,1060,10600000,10600100,135,224,10610000,14202
5,1061,10610000,10610100,135,224,10620000,14212
5,1062,10620000,10620100,135,224,10630000,14227
5,1063,10630000,10630100,135,224,10640000,14237
5,1064,10640000,10640100,135,224,10650000,14256
5,1065,10650000,10650100,135,224,10660000,14269
5,1066,10660000,10660100,135,224,10670000,14283
5,1067,10670000,10670100,135,224,10680000,14294
5,1068,10680000,10680100,135,224,10690000,14309
5,1069,10690000,10690100,135,224,10700000,14319
5,107,1070000,1070100,135,224,1080000,1432
5,1070,10700000,10700100,135,224,10710000,14332
5,1071,10710000,10710100,135,224,10720000,14346
5,1072,10720000,10720100,135,224,10730000,14366
5,1073,10730000,10730100,135,224,10740000,14376
5,1074,10740000,10740100,135,224,10750000,14388
5,1075,10750000,10750100,135,224,10760000,14401
5,1076,10760000,10760100,135,224,10770000,14416
5,1077,10770000,10770100,135,224,10780000,14427
5,1078,10780000,10780100,135,224,10790000,14441
5,1079,10790000,10790100,135,224,10800000,14451
5,108,1080000,1080100,135,224,1090000,1449
5,1080,10800000,10800100,135,224,10810000,14473
5,1081,10810000,10810100,135,224,10820000,14483
5,1082,10820000,10820100,135,224,10830000,14496
5,1083,10830000,10830100,135,224,10840000,14506
5,1084,10840000,10840100,135,224,10850000,14523
5,1085,10850000,10850100,135,224,10860000,14536
5,1086,10860000,10860100,135,224,10870000,14548
5,1087,10870000,10870100,135,224,10880000,14561
5,1088,10880000,10880100,135,224,10890000,14578
5,1089,10890000,10890100,135,224,10900000,14590
5,109,1090000,1090100,135,224,1100000,1459
5,1090,10900000,10900100,135,224,10910000,14603
5,1091,10910000,10910100,135,224,10920000,14613
5,1092,10920000,10920100,135,224,10930000,14631
5,1093,10930000,10930100,135,224,10940000,14643
5,1094,10940000,10940100,135,224,10950000,14655
5,1095,10950000,10950100,135,224,10960000,14668
5,1096,10960000,10960100,135,224,10970000,14685
5,1097,10970000,10970100,135,224,10980000,14696
5,1098,10980000,10980100,135,224,10990000,14710
5,1099,10990000,10990100,135,224,11000000,14722
5,11,110000,110100,135,224,120000,145
5,110,1100000,1100100,135,224,1110000,1472
5,1100,11000000,11000100,135,224,11010000,14738
5,1101,11010000,11010100,135,224,11020000,14748
5,1102,11020000,11020100,135,224,11030000,14765
5,1103,11030000,11030100,135,224,11040000,14775
5,1104,11040000,11040100,135,224,11050000,14792
5,1105,11050000,11050100,135,224,11060000,14803
5,1106,11060000,11060100,135,224,11070000,14817
5,1107,11070000,11070100,135,224,11080000,14830
5,1108,11080000,11080100,135,224,11090000,14845
5,1109,11090000,11090100,135,224,11100000,14855
5,111,1110000,1110100,135,224,1120000,1482
5,1110,11100000,11100100,135,224,11110000,14870
5,1111,11110000,11110100,135,224,11120000,14882
5,1112,11120000,11120100,135,224,11130000,14900
5,1113,11130000,11130100,135,224,11140000,14912
5,1114,11140000,11140100,135,224,11150000,14924
5,1115,11150000,11150100,135,224,11160000,14935
5,1116,11160000,11160100,135,224,11170000,14952
5,1117,11170000,11170100,135,224,11180000,14965
5,1118,11180000,11180100,135,224,11190000,14977
5,1119,11190000,11190100,135,224,11200000,14987
5,112,1120000,1120100,135,224,1130000,1506
5,1120,11200000,11200100,135,224,11210000,15009
5,1121,11210000,11210100,135,224,11220000,15019
5,1122,11220000,11220100,135,224,11230000,15032
5,1123,11230000,11230100,135,224,11240000,15042
5,1124,11240000,11240100,135,224,11250000,15057
5,1125,11250000,11250100,135,224,11260000,15072
5,1126,11260000,11260100,135,224,11270000,15084
5,1127,11270000,11270100,135,224,11280000,15097
5,1128,11280000,11280100,135,224,11290000,15114
5,1129,11290000,11290100,135,224,11300000,15126
5,113,1130000,1130100,135,224,1140000,1516
5,1130,11300000,11300100,135,224,11310000,15139
5,1131,11310000,11310100,135,224,11320000,15149
5,1132,11320000,11320100,135,224,11330000,15167
5,1133,11330000,11330100,135,224,11340000,15177
5,1134,11340000,11340100,135,224,11350000,15193
5,1135,11350000,11350100,135,224,11360000,15204
5,1136,11360000,11360100,135,224,11370000,15221
5,1137,11370000,11370100,135,224,11380000,15232
5,1138,11380000,11380100,135,224,11390000,15246
5,1139,11390000,11390100,135,224,11400000,15256
5,114,1140000,1140100,135,224,1150000,1528
5,1140,11400000,11400100,135,224,11410000,15274
5,1141,11410000,11410100,135,224,11420000,15286
5,1142,11420000,11420100,135,224,11430000,15299
5,1143,11430000,11430100,135,224,11440000,15311
5,1144,11440000,11440100,135,224,11450000,15328
5,1145,11450000,11450100,135,224,11460000,15339
5,1146,11460000,11460100,135,224,11470000,15351
5,1147,11470000,11470100,135,224,11480000,15366
5,1148,11480000,11480100,135,224,11490000,15383
5,1149,11490000,11490100,135,224,11500000,15393
5,115,1150000,1150100,135,224,1160000,1539
5,1150,11500000,11500100,135,224,11510000,15406
5,1151,11510000,11510100,135,224,11520000,15416
5,1152,11520000,11520100,135,224,11530000,15436
5,1153,11530000,11530100,135,224,11540000,15446
5,1154,11540000,11540100,135,224,11550000,15458
5,1155,11550000,11550100,135,224,11560000,15473
5,1156,11560000,11560100,135,224,11570000,15490
5,1157,11570000,11570100,135,224,11580000,15501
5,1158,11580000,11580100,135,224,11590000,15513
5,1159,11590000,11590100,135,224,11600000,15523
5,116,1160000,1160100,135,224,1170000,1554
5,1160,11600000,11600100,135,224,11610000,15541
5,1161,11610000,11610100,135,224,11620000,15553
5,1162,11620000,11620100,135,224,11630000,15570
5,1163,11630000,11630100,135,224,11640000,15580
5,1164,11640000,11640100,135,224,11650000,15595
5,1165,11650000,11650100,135,224,11660000,15608
5,1166,11660000,11660100,135,224,11670000,15620
5,1167,11670000,11670100,135,224,11680000,15631
5,1168,11680000,11680100,135,224,11690000,15648
5,1169,11690000,11690100,135,224,11700000,15660
5,117,1170000,1170100,135,224,1180000,1567
5,1170,11700000,11700100,135,224,11710000,15677
5,1171,11710000,11710100,135,224,11720000,15687
5,1172,11720000,11720100,135,224,11730000,15703
5,1173,11730000,11730100,135,224,11740000,15713
5,1174,11740000,11740100,135,224,11750000,15727
5,1175,11750000,11750100,135,224,11760000,15738
5,1176,11760000,11760100,135,224,11770000,15757
5,1177,11770000,11770100,135,224,11780000,15770
5,1178,11780000,11780100,135,224,11790000,15782
5,1179,11790000,11790100,135,224,11800000,15794
5,118,1180000,1180100,135,224,1190000,1579
5,1180,11800000,11800100,135,224,11810000,15810
5,1181,11810000,11810100,135,224,11820000,15820
5,1182,11820000,11820100,135,224,11830000,15833
5,1183,11830000,11830100,135,224,11840000,15847
5,1184,11840000,11840100,135,224,11850000,15864
5,1185,11850000,11850100,135,224,11860000,15877
5,1186,11860000,11860100,135,224,11870000,15889
5,1187,11870000,11870100,135,224,11880000,15900
5,1188,11880000,11880100,135,224,11890000,15917
5,1189,11890000,11890100,135,224,11900000,15927
5,119,1190000,1190100,135,224,1200000,1591
5,1190,11900000,11900100,135,224,11910000,15942
5,1191,11910000,11910100,135,224,11920000,15952
5,1192,11920000,11920100,135,224,11930000,15974
5,1193,11930000,11930100,135,224,11940000,15984
5,1194,11940000,11940100,135,224,11950000,15996
5,1195,11950000,11950100,135,224,11960000,16007
5,1196,11960000,11960100,135,224,11970000,16022
5,1197,11970000,11970100,135,224,11980000,16037
5,1198,11980000,11980100,135,224,11990000,16049
5,1199,11990000,11990100,135,224,12000000,16059
5,12,120000,120100,135,224,130000,161
5,120,1200000,1200100,135,224,1210000,1611
5,1200,12000000,12000100,135,224,12010000,16079
5,1201,12010000,12010100,135,224,12020000,16091
5,1202,12020000,12020100,135,224,12030000,16104
5,1203,12030000,12030100,135,224,12040000,16114
5,1204,12040000,12040100,135,224,12050000,16131
5,1205,12050000,12050100,135,224,12060000,16142
5,1206,12060000,12060100,135,224,12070000,16156
5,1207,12070000,12070100,135,224,12080000,16169
5,1208,12080000,12080100,135,224,12090000,16186
5,1209,12090000,12090100,135,224,12100000,16196
5,121,1210000,1210100,135,224,1220000,1623
5,1210,12100000,12100100,135,224,12110000,16211
5,1211,12110000,12110100,135,224,12120000,16223
5,1212,12120000,12120100,135,224,12130000,16239
5,1213,12130000,12130100,135,224,12140000,16249
5,1214,12140000,12140100,135,224,12150000,16261
5,1215,12150000,12150100,135,224,12160000,16276
5,1216,12160000,12160100,135,224,12170000,16293
5,1217,12170000,12170100,135,224,12180000,16304
5,1218,12180000,12180100,135,224,12190000,16318
5,1219,12190000,12190100,135,224,12200000,16330
5,122,1220000,1220100,135,224,1230000,1636
5,1220,12200000,12200100,135,224,12210000,16346
5,1221,12210000,12210100,135,224,12220000,16356
5,1222,12220000,12220100,135,224,12230000,16371
5,1223,12230000,12230100,135,224,12240000,16381
5,1224,12240000,12240100,135,224,12250000,16400
5,1225,12250000,12250100,135,224,12260000,16413
5,1226,12260000,12260100,135,224,12270000,16425
5,1227,12270000,12270100,135,224,12280000,16436
5,1228,12280000,12280100,135,224,12290000,16453
5,1229,12290000,12290100,135,224,12300000,16463
5,123,1230000,1230100,135,224,1240000,1646
5,1230,12300000,12300100,135,224,12310000,16478
5,1231,12310000,12310100,135,224,12320000,16488
5,1232,12320000,12320100,135,224,12330000,16508
5,1233,12330000,12330100,135,224,12340000,16520
5,1234,12340000,12340100,135,224,12350000,16532
5,1235,12350000,12350100,135,224,12360000,16543
5,1236,12360000,12360100,135,224,12370000,16558
5,1237,12370000,12370100,135,224,12380000,16573
5,1238,12380000,12380100,135,224,12390000,16585
5,1239,12390000,12390100,135,224,12400000,16597
5,124,1240000,1240100,135,224,1250000,1661
5,1240,12400000,12400100,135,224,12410000,16615
5,1241,12410000,12410100,135,224,12420000,16625
5,1242,12420000,12420100,135,224,12430000,16640
5,1243,12430000,12430100,135,224,12440000,16650
5,1244,12440000,12440100,135,224,12450000,16665
5,1245,12450000,12450100,135,224,12460000,16678
5,1246,12460000,12460100,135,224,12470000,16694
5,1247,12470000,12470100,135,224,12480000,16705
5,1248,12480000,12480100,135,224,12490000,16722
5,1249,12490000,12490100,135,224,12500000,16732
5,125,1250000,1250100,135,224,1260000,1672
5,1250,12500000,12500100,135,224,12510000,16745
5,1251,12510000,12510100,135,224,12520000,16757
5,1252,12520000,12520100,135,224,12530000,16775
5,1253,12530000,12530100,135,224,12540000,16787
5,1254,12540000,12540100,135,224,12550000,16799
5,1255,12550000,12550100,135,224,12560000,16812
5,1256,12560000,12560100,135,224,12570000,16829
5,1257,12570000,12570100,135,224,12580000,16840
5,1258,12580000,12580100,135,224,12590000,16852
5,1259,12590000,12590100,135,224,12600000,16862
5,126,1260000,1260100,135,224,1270000,1688
5,1260,12600000,12600100,135,224,12610000,16884
5,1261,12610000,12610100,135,224,12620000,16894
5,1262,12620000,12620100,135,224,12630000,16907
5,1263,12630000,12630100,135,224,12640000,16917
5,1264,12640000,12640100,135,224,12650000,16936
5,1265,12650000,12650100,135,224,12660000,16947
5,1266,12660000,12660100,135,224,12670000,16959
5,1267,12670000,12670100,135,224,12680000,16974
5,1268,12680000,12680100,135,224,12690000,16989
5,1269,12690000,12690100,135,224,12700000,17001
5,127,1270000,1270100,135,224,1280000,1701
5,1270,12700000,12700100,135,224,12710000,17014
5,1271,12710000,12710100,135,224,12720000,17024
5,1272,12720000,12720100,135,224,12730000,17042
5,1273,12730000,12730100,135,224,12740000,17054
5,1274,12740000,12740100,135,224,12750000,17068
5,1275,12750000,12750100,135,224,12760000,17081
5,1276,12760000,12760100,135,224,12770000,17096
5,1277,12770000,12770100,135,224,12780000,17107
5,1278,12780000,12780100,135,224,12790000,17121
5,1279,12790000,12790100,135,224,12800000,17131
5,128,1280000,1280100,135,224,1290000,1718
5,1280,12800000,12800100,135,224,12810000,17149
5,1281,12810000,12810100,135,224,12820000,17161
5,1282,12820000,12820100,135,224,12830000,17178
5,1283,12830000,12830100,135,224,12840000,17188
5,1284,12840000,12840100,135,224,12850000,17203
5,1285,12850000,12850100,135,224,12860000,17214
5,1286,12860000,12860100,135,224,12870000,17226
5,1287,12870000,12870100,135,224,12880000,17239
5,1288,12880000,12880100,135,224,12890000,17258
5,1289,12890000,12890100,135,224,12900000,17268
5,129,1290000,1290100,135,224,1300000,1728
5,1290,12900000,12900100,135,224,12910000,17283
5,1291,12910000,12910100,135,224,12920000,17295
5,1292,12920000,12920100,135,224,12930000,17311
5,1293,12930000,12930100,135,224,12940000,17321
5,1294,12940000,12940100,135,224,12950000,17333
5,1295,12950000,12950100,135,224,12960000,17346
5,1296,12960000,12960100,135,224,12970000,17365
5,1297,12970000,12970100,135,224,12980000,17378
5,1298,12980000,12980100,135,224,12990000,17390
5,1299,12990000,12990100,135,224,13000000,17400
5,13,130000,130100,135,224,140000,173
5,130,1300000,1300100,135,224,1310000,1743
5,1300,13000000,13000100,135,224,13010000,17418
5,1301,13010000,13010100,135,224,13020000,17428
5,1302,13020000,13020100,135,224,13030000,17443
5,1303,13030000,13030100,135,224,13040000,17453
5,1304,13040000,13040100,135,224,13050000,17470
5,1305,13050000,13050100,135,224,13060000,17485
5,1306,13060000,13060100,135,224,13070000,17497
5,1307,13070000,13070100,135,224,13080000,17508
5,1308,13080000,13080100,135,224,13090000,17523
5,1309,13090000,13090100,135,224,13100000,17537
5,131,1310000,1310100,135,224,1320000,1753
5,1310,13100000,13100100,135,224,13110000,17550
5,1311,13110000,13110100,135,224,13120000,17560
5,1312,13120000,13120100,135,224,13130000,17580
5,1313,13130000,13130100,135,224,13140000,17590
5,1314,13140000,13140100,135,224,13150000,17604
5,1315,13150000,13150100,135,224,13160000,17615
5,1316,13160000,13160100,135,224,13170000,17632
5,1317,13170000,13170100,135,224,13180000,17643
5,1318,13180000,13180100,135,224,13190000,17657
5,1319,13190000,13190100,135,224,13200000,17667
5,132,1320000,1320100,135,224,1330000,1769
5,1320,13200000,13200100,135,224,13210000,17687
5,1321,13210000,13210100,135,224,13220000,17697
5,1322,13220000,13220100,135,224,13230000,17710
5,1323,13230000,13230100,135,224,13240000,17724
5,1324,13240000,13240100,135,224,13250000,17739
5,1325,13250000,13250100,135,224,13260000,17750
5,1326,13260000,13260100,135,224,13270000,17762
5,1327,13270000,13270100,135,224,13280000,17777
5,1328,13280000,13280100,135,224,13290000,17794
5,1329,13290000,13290100,135,224,13300000,17804
5,133,1330000,1330100,135,224,1340000,1781
5,1330,13300000,13300100,135,224,13310000,17819
5,1331,13310000,13310100,135,224,13320000,17829
5,1332,13320000,13320100,135,224,13330000,17847
5,1333,13330000,13330100,135,224,13340000,17857
5,1334,13340000,13340100,135,224,13350000,17869
5,1335,13350000,13350100,135,224,13360000,17882
5,1336,13360000,13360100,135,224,13370000,17901
5,1337,13370000,13370100,135,224,13380000,17914
5,1338,13380000,13380100,135,224,13390000,17926
5,1339,13390000,13390100,135,224,13400000,17936
5,134,1340000,1340100,135,224,1350000,1793
5,1340,13400000,13400100,135,224,13410000,17952
5,1341,13410000,13410100,135,224,13420000,17964
5,1342,13420000,13420100,135,224,13430000,17979
5,1343,13430000,13430100,135,224,13440000,17989
5,1344,13440000,13440100,135,224,13450000,18008
5,1345,13450000,13450100,135,224,13460000,18021
5,1346,13460000,13460100,135,224,13470000,18033
5,1347,13470000,13470100,135,224,13480000,18044
5,1348,13480000,13480100,135,224,13490000,18059
5,1349,13490000,13490100,135,224,13500000,18069
5,135,1350000,1350100,135,224,1360000,1808
5,1350,13500000,13500100,135,224,13510000,18086
5,1351,13510000,13510100,135,224,13520000,18098
5,1352,13520000,13520100,135,224,13530000,18116
5,1353,13530000,13530100,135,224,13540000,18126
5,1354,13540000,13540100,135,224,13550000,18140
5,1355,13550000,13550100,135,224,13560000,18151
5,1356,13560000,13560100,135,224,13570000,18166
5,1357,13570000,13570100,135,224,13580000,18179
5,1358,13580000,13580100,135,224,13590000,18193
5,1359,13590000,13590100,135,224,13600000,18205
5,136,1360000,1360100,135,224,1370000,1825
5,1360,13600000,13600100,135,224,13610000,18223
5,1361,13610000,13610100,135,224,13620000,18233
5,1362,13620000,13620100,135,224,13630000,18246
5,1363,13630000,13630100,135,224,13640000,18258
5,1364,13640000,13640100,135,224,13650000,18273
5,1365,13650000,13650100,135,224,13660000,18288
5,1366,13660000,13660100,135,224,13670000,18300
5,1367,13670000,13670100,135,224,13680000,18311
5,1368,13680000,13680100,135,224,13690000,18330
5,1369,13690000,13690100,135,224,13700000,18340
5,137,1370000,1370100,135,224,1380000,1836
5,1370,13700000,13700100,135,224,13710000,18353
5,1371,13710000,13710100,135,224,13720000,18363
5,1372,13720000,13720100,135,224,13730000,18385
5,1373,13730000,13730100,135,224,13740000,18395
5,1374,13740000,13740100,135,224,13750000,18407
5,1375,13750000,13750100,135,224,13760000,18418
5,1376,13760000,13760100,135,224,13770000,18435
5,1377,13770000,13770100,135,224,13780000,18448
5,1378,13780000,13780100,135,224,13790000,18460
5,1379,13790000,13790100,135,224,13800000,18472
5,138,1380000,1380100,135,224,1390000,1848
5,1380,13800000,13800100,135,224,13810000,18490
5,1381,13810000,13810100,135,224,13820000,18502
5,1382,13820000,13820100,135,224,13830000,18515
5,1383,13830000,13830100,135,224,13840000,18525
5,1384,13840000,13840100,135,224,13850000,18542
5,1385,13850000,13850100,135,224,13860000,18553
5,1386,13860000,13860100,135,224,13870000,18569
5,1387,13870000,13870100,135,224,13880000,18582
5,1388,13880000,13880100,135,224,13890000,18597
5,1389,13890000,13890100,135,224,13900000,18607
5,139,1390000,1390100,135,224,1400000,1860
5,1390,13900000,13900100,135,224,13910000,18622
5,1391,13910000,13910100,135,224,13920000,18632
5,1392,13920000,13920100,135,224,13930000,18650
5,1393,13930000,13930100,135,224,13940000,18662
5,1394,13940000,13940100,135,224,13950000,18674
5,1395,13950000,13950100,135,224,13960000,18689
5,1396,13960000,13960100,135,224,13970000,18704
5,1397,13970000,13970100,135,224,13980000,18715
5,1398,13980000,13980100,135,224,13990000,18727
5,1399,13990000,13990100,135,224,14000000,18739
5,14,140000,140100,135,224,150000,187
5,140,1400000,1400100,135,224,1410000,1878
5,1400,14000000,14000100,135,224,14010000,18759
5,1401,14010000,14010100,135,224,14020000,18769
5,1402,14020000,14020100,135,224,14030000,18784
5,1403,14030000,14030100,135,224,14040000,18794
5,1404,14040000,14040100,135,224,14050000,18811
5,1405,14050000,14050100,135,224,14060000,18822
5,1406,14060000,14060100,135,224,14070000,18834
5,1407,14070000,14070100,135,224,14080000,18847
5,1408,14080000,14080100,135,224,14090000,18866
5,1409,14090000,14090100,135,224,14100000,18876
5,141,1410000,1410100,135,224,1420000,1888
5,1410,14100000,14100100,135,224,14110000,18891
5,1411,14110000,14110100,135,224,14120000,18901
5,1412,14120000,14120100,135,224,14130000,18917
5,1413,14130000,14130100,135,224,14140000,18929
5,1414,14140000,14140100,135,224,14150000,18943
5,1415,14150000,14150100,135,224,14160000,18954
5,1416,14160000,14160100,135,224,14170000,18971
5,1417,14170000,14170100,135,224,14180000,18986
5,1418,14180000,14180100,135,224,14190000,18998
5,1419,14190000,14190100,135,224,14200000,19008
5,142,1420000,1420100,135,224,1430000,1903
5,1420,14200000,14200100,135,224,14210000,19024
5,1421,14210000,14210100,135,224,14220000,19036
5,1422,14220000,14220100,135,224,14230000,19051
5,1423,14230000,14230100,135,224,14240000,19061
5,1424,14240000,14240100,135,224,14250000,19078
5,1425,14250000,14250100,135,224,14260000,19091
5,1426,14260000,14260100,135,224,14270000,19105
5,1427,14270000,14270100,135,224,14280000,19116
5,1428,14280000,14280100,135,224,14290000,19133
5,1429,14290000,14290100,135,224,14300000,19143
5,143,1430000,1430100,135,224,1440000,1913
5,1430,14300000,14300100,135,224,14310000,19156
5,1431,14310000,14310100,135,224,14320000,19168
5,1432,14320000,14320100,135,224,14330000,19188
5,1433,14330000,14330100,135,224,14340000,19198
5,1434,14340000,14340100,135,224,14350000,19210
5,1435,14350000,14350100,135,224,14360000,19225
5,1436,14360000,14360100,135,224,14370000,19240
5,1437,14370000,14370100,135,224,14380000,19251
5,1438,14380000,14380100,135,224,14390000,19263
5,1439,14390000,14390100,135,224,14400000,19273
5,144,1440000,1440100,135,224,1450000,1932
5,1440,14400000,14400100,135,224,14410000,19295
5,1441,14410000,14410100,135,224,14420000,19305
5,1442,14420000,14420100,135,224,14430000,19320
5,1443,14430000,14430100,135,224,14440000,19330
5,1444,14440000,14440100,135,224,14450000,19347
5,1445,14450000,14450100,135,224,14460000,19358
5,1446,14460000,14460100,135,224,14470000,19370
5,1447,14470000,14470100,135,224,14480000,19383
5,1448,14480000,14480100,135,224,14490000,19400
5,1449,14490000,14490100,135,224,14500000,19414
5,145,1450000,1450100,135,224,1460000,1943
5,1450,14500000,14500100,135,224,14510000,19427
5,1451,14510000,14510100,135,224,14520000,19437
5,1452,14520000,14520100,135,224,14530000,19453
5,1453,14530000,14530100,135,224,14540000,19465
5,1454,14540000,14540100,135,224,14550000,19477
5,1455,14550000,14550100,135,224,14560000,19490
5,1456,14560000,14560100,135,224,14570000,19509
5,1457,14570000,14570100,135,224,14580000,19520
5,1458,14580000,14580100,135,224,14590000,19534
5,1459,14590000,14590100,135,224,14600000,19544
5,146,1460000,1460100,135,224,1470000,1955
5,1460,14600000,14600100,135,224,14610000,19560
5,1461,14610000,14610100,135,224,14620000,19570
5,1462,14620000,14620100,135,224,14630000,19587
5,1463,14630000,14630100,135,224,14640000,19599
5,1464,14640000,14640100,135,224,14650000,19616
5,1465,14650000,14650100,135,224,14660000,19627
5,1466,14660000,14660100,135,224,14670000,19639
5,1467,14670000,14670100,135,224,14680000,19652
5,1468,14680000,14680100,135,224,14690000,19667
5,1469,14690000,14690100,135,224,14700000,19677
5,147,1470000,1470100,135,224,1480000,1968
5,1470,14700000,14700100,135,224,14710000,19694
5,1471,14710000,14710100,135,224,14720000,19706
5,1472,14720000,14720100,135,224,14730000,19724
5,1473,14730000,14730100,135,224,14740000,19734
5,1474,14740000,14740100,135,224,14750000,19746
5,1475,14750000,14750100,135,224,14760000,19757
5,1476,14760000,14760100,135,224,14770000,19774
5,1477,14770000,14770100,135,224,14780000,19789
5,1478,14780000,14780100,135,224,14790000,19801
5,1479,14790000,14790100,135,224,14800000,19811
5,148,1480000,1480100,135,224,1490000,1985
5,1480,14800000,14800100,135,224,14810000,19831
5,1481,14810000,14810100,135,224,14820000,19841
5,1482,14820000,14820100,135,224,14830000,19854
5,1483,14830000,14830100,135,224,14840000,19864
5,1484,14840000,14840100,135,224,14850000,19881
5,1485,14850000,14850100,135,224,14860000,19896
5,1486,14860000,14860100,135,224,14870000,19908
5,1487,14870000,14870100,135,224,14880000,19919
5,1488,14880000,14880100,135,224,14890000,19936
5,1489,14890000,14890100,135,224,14900000,19948
5,149,1490000,1490100,135,224,1500000,1995
5,1490,14900000,14900100,135,224,14910000,19961
5,1491,14910000,14910100,135,224,14920000,19973
5,1492,14920000,14920100,135,224,14930000,19991
5,1493,14930000,14930100,135,224,14940000,20001
5,1494,14940000,14940100,135,224,14950000,20015
5,1495,14950000,14950100,135,224,14960000,20026
5,1496,14960000,14960100,135,224,14970000,20043
5,1497,14970000,14970100,135,224,14980000,20054
5,1498,14980000,14980100,135,224,14990000,20070
5,1499,14990000,14990100,135,224,15000000,20080
5,15,150000,150100,135,224,160000,200
5,150,1500000,1500100,135,224,1510000,2010
5,1500,15000000,15000100,135,224,15010000,20098
5,1501,15010000,15010100,135,224,15020000,20108
5,1502,15020000,15020100,135,224,15030000,20121
5,1503,15030000,15030100,135,224,15040000,20133
5,1504,15040000,15040100,135,224,15050000,20150
5,1505,15050000,15050100,135,224,15060000,20163
5,1506,15060000,15060100,135,224,15070000,20175
5,1507,15070000,15070100,135,224,15080000,20190
5,1508,15080000,15080100,135,224,15090000,20205
5,1509,15090000,15090100,135,224,15100000,20215
5,151,1510000,1510100,135,224,1520000,2020
5,1510,15100000,15100100,135,224,15110000,20228
5,1511,15110000,15110100,135,224,15120000,20238
5,1512,15120000,15120100,135,224,15130000,20260
5,1513,15130000,15130100,135,224,15140000,20270
5,1514,15140000,15140100,135,224,15150000,20282
5,1515,15150000,15150100,135,224,15160000,20295
5,1516,15160000,15160100,135,224,15170000,20312
5,1517,15170000,15170100,135,224,15180000,20323
5,1518,15180000,15180100,135,224,15190000,20335
5,1519,15190000,15190100,135,224,15200000,20347
5,152,1520000,1520100,135,224,1530000,2038
5,1520,15200000,15200100,135,224,15210000,20365
5,1521,15210000,15210100,135,224,15220000,20377
5,1522,15220000,15220100,135,224,15230000,20392
5,1523,15230000,15230100,135,224,15240000,20402
5,1524,15240000,15240100,135,224,15250000,20417
5,1525,15250000,15250100,135,224,15260000,20430
5,1526,15260000,15260100,135,224,15270000,20444
5,1527,15270000,15270100,135,224,15280000,20455
5,1528,15280000,15280100,135,224,15290000,20472
5,1529,15290000,15290100,135,224,15300000,20482
5,153,1530000,1530100,135,224,1540000,2050
5,1530,15300000,15300100,135,224,15310000,20499
5,1531,15310000,15310100,135,224,15320000,20509
5,1532,15320000,15320100,135,224,15330000,20525
5,1533,15330000,15330100,135,224,15340000,20537
5,1534,15340000,15340100,135,224,15350000,20551
5,1535,15350000,15350100,135,224,15360000,20562
5,1536,15360000,15360100,135,224,15370000,20579
5,1537,15370000,15370100,135,224,15380000,20592
5,1538,15380000,15380100,135,224,15390000,20604
5,1539,15390000,15390100,135,224,15400000,20616
5,154,1540000,1540100,135,224,1550000,2064
5,1540,15400000,15400100,135,224,15410000,20634
5,1541,15410000,15410100,135,224,15420000,20644
5,1542,15420000,15420100,135,224,15430000,20657
5,1543,15430000,15430100,135,224,15440000,20669
5,1544,15440000,15440100,135,224,15450000,20686
5,1545,15450000,15450100,135,224,15460000,20699
5,1546,15460000,15460100,135,224,15470000,20711
5,1547,15470000,15470100,135,224,15480000,20724
5,1548,15480000,15480100,135,224,15490000,20741
5,1549,15490000,15490100,135,224,15500000,20751
5,155,1550000,1550100,135,224,1560000,2075
5,1550,15500000,15500100,135,224,15510000,20764
5,1551,15510000,15510100,135,224,15520000,20774
5,1552,15520000,15520100,135,224,15530000,20796
5,1553,15530000,15530100,135,224,15540000,20806
5,1554,15540000,15540100,135,224,15550000,20820
5,1555,15550000,15550100,135,224,15560000,20831
5,1556,15560000,15560100,135,224,15570000,20846
5,1557,15570000,15570100,135,224,15580000,20859
5,1558,15580000,15580100,135,224,15590000,20871
5,1559,15590000,15590100,135,224,15600000,20881
5,156,1560000,1560100,135,224,1570000,2090
5,1560,15600000,15600100,135,224,15610000,20901
5,1561,15610000,15610100,135,224,15620000,20915
5,1562,15620000,15620100,135,224,15630000,20928
5,1563,15630000,15630100,135,224,15640000,20938
5,1564,15640000,15640100,135,224,15650000,20953
5,1565,15650000,15650100,135,224,15660000,20964
5,1566,15660000,15660100,135,224,15670000,20978
5,1567,15670000,15670100,135,224,15680000,20991
5,1568,15680000,15680100,135,224,15690000,21010
5,1569,15690000,15690100,135,224,15700000,21020
5,157,1570000,1570100,135,224,1580000,2105
5,1570,15700000,15700100,135,224,15710000,21035
5,1571,15710000,15710100,135,224,15720000,21045
5,1572,15720000,15720100,135,224,15730000,21061
5,1573,15730000,15730100,135,224,15740000,21071
5,1574,15740000,15740100,135,224,15750000,21083
5,1575,15750000,15750100,135,224,15760000,21100
5,1576,15760000,15760100,135,224,15770000,21117
5,1577,15770000,15770100,135,224,15780000,21128
5,1578,15780000,15780100,135,224,15790000,21140
5,1579,15790000,15790100,135,224,15800000,21152
5,158,1580000,1580100,135,224,1590000,2117
5,1580,15800000,15800100,135,224,15810000,21168
5,1581,15810000,15810100,135,224,15820000,21178
5,1582,15820000,15820100,135,224,15830000,21195
5,1583,15830000,15830100,135,224,15840000,21205
5,1584,15840000,15840100,135,224,15850000,21224
5,1585,15850000,15850100,135,224,15860000,21235
5,1586,15860000,15860100,135,224,15870000,21247
5,1587,15870000,15870100,135,224,15880000,21258
5,1588,15880000,15880100,135,224,15890000,21275
5,1589,15890000,15890100,135,224,15900000,21287
5,159,1590000,1590100,135,224,1600000,2127
5,1590,15900000,15900100,135,224,15910000,21302
5,1591,15910000,15910100,135,224,15920000,21312
5,1592,15920000,15920100,135,224,15930000,21330
5,1593,15930000,15930100,135,224,15940000,21342
5,1594,15940000,15940100,135,224,15950000,21354
5,1595,15950000,15950100,135,224,15960000,21365
5,1596,15960000,15960100,135,224,15970000,21382
5,1597,15970000,15970100,135,224,15980000,21397
5,1598,15980000,15980100,135,224,15990000,21409
5,1599,15990000,15990100,135,224,16000000,21419
5,16,160000,160100,135,224,170000,217
5,160,1600000,1600100,135,224,1610000,2145
5,1600,16000000,16000100,135,224,16010000,21437
5,1601,16010000,16010100,135,224,16020000,21447
5,1602,16020000,16020100,135,224,16030000,21462
5,1603,16030000,16030100,135,224,16040000,21474
5,1604,16040000,16040100,135,224,16050000,21489
5,1605,16050000,16050100,135,224,16060000,21502
5,1606,16060000,16060100,135,224,16070000,21516
5,1607,16070000,16070100,135,224,16080000,21527
5,1608,16080000,16080100,135,224,16090000,21544
5,1609,16090000,16090100,135,224,16100000,21554
5,161,1610000,1610100,135,224,1620000,2157
5,1610,16100000,16100100,135,224,16110000,21569
5,1611,16110000,16110100,135,224,16120000,21581
5,1612,16120000,16120100,135,224,16130000,21599
5,1613,16130000,16130100,135,224,16140000,21609
5,1614,16140000,16140100,135,224,16150000,21621
5,1615,16150000,16150100,135,224,16160000,21634
5,1616,16160000,16160100,135,224,16170000,21651
5,1617,16170000,16170100,135,224,16180000,21664
5,1618,16180000,16180100,135,224,16190000,21676
5,1619,16190000,16190100,135,224,16200000,21686
5,162,1620000,1620100,135,224,1630000,2172
5,1620,16200000,16200100,135,224,16210000,21706
5,1621,16210000,16210100,135,224,16220000,21716
5,1622,16220000,16220100,135,224,16230000,21729
5,1623,16230000,16230100,135,224,16240000,21739
5,1624,16240000,16240100,135,224,16250000,21760
5,1625,16250000,16250100,135,224,16260000,21771
5,1626,16260000,16260100,135,224,16270000,21783
5,1627,16270000,16270100,135,224,16280000,21796
5,1628,16280000,16280100,135,224,16290000,21811
5,1629,16290000,16290100,135,224,16300000,21823
5,163,1630000,1630100,135,224,1640000,2182
5,1630,16300000,16300100,135,224,16310000,21836
5,1631,16310000,16310100,135,224,16320000,21848
5,1632,16320000,16320100,135,224,16330000,21866
5,1633,16330000,16330100,135,224,16340000,21878
5,1634,16340000,16340100,135,224,16350000,21890
5,1635,16350000,16350100,135,224,16360000,21903
5,1636,16360000,16360100,135,224,16370000,21918
5,1637,16370000,16370100,135,224,16380000,21929
5,1638,16380000,16380100,135,224,16390000,21945
5,1639,16390000,16390100,135,224,16400000,21955
5,164,1640000,1640100,135,224,1650000,2197
5,1640,16400000,16400100,135,224,16410000,21973
5,1641,16410000,16410100,135,224,16420000,21983
5,1642,16420000,16420100,135,224,16430000,22000
5,1643,16430000,16430100,135,224,16440000,22010
5,1644,16440000,16440100,135,224,16450000,22025
5,1645,16450000,16450100,135,224,16460000,22038
5,1646,16460000,16460100,135,224,16470000,22050
5,1647,16470000,16470100,135,224,16480000,22063
5,1648,16480000,16480100,135,224,16490000,22080
5,1649,16490000,16490100,135,224,16500000,22090
5,165,1650000,1650100,135,224,1660000,2210
5,1650,16500000,16500100,135,224,16510000,22105
5,1651,16510000,16510100,135,224,16520000,22117
5,1652,16520000,16520100,135,224,16530000,22135
5,1653,16530000,16530100,135,224,16540000,22145
5,1654,16540000,16540100,135,224,16550000,22157
5,1655,16550000,16550100,135,224,16560000,22168
5,1656,16560000,16560100,135,224,16570000,22187
5,1657,16570000,16570100,135,224,16580000,22200
5,1658,16580000,16580100,135,224,16590000,22212
5,1659,16590000,16590100,135,224,16600000,22224
5,166,1660000,1660100,135,224,1670000,2224
5,1660,16600000,16600100,135,224,16610000,22242
5,1661,16610000,16610100,135,224,16620000,22252
5,1662,16620000,16620100,135,224,16630000,22265
5,1663,16630000,16630100,135,224,16640000,22275
5,1664,16640000,16640100,135,224,16650000,22292
5,1665,16650000,16650100,135,224,16660000,22307
5,1666,16660000,16660100,135,224,16670000,22321
5,1667,16670000,16670100,135,224,16680000,22332
5,1668,16680000,16680100,135,224,16690000,22347
5,1669,16690000,16690100,135,224,16700000,22359
5,167,1670000,1670100,135,224,1680000,2235
5,1670,16700000,16700100,135,224,16710000,22372
5,1671,16710000,16710100,135,224,16720000,22382
5,1672,16720000,16720100,135,224,16730000,22402
5,1673,16730000,16730100,135,224,16740000,22414
5,1674,16740000,16740100,135,224,16750000,22428
5,1675,16750000,16750100,135,224,16760000,22439
5,1676,16760000,16760100,135,224,16770000,22454
5,1677,16770000,16770100,135,224,16780000,22465
5,1678,16780000,16780100,135,224,16790000,22479
5,1679,16790000,16790100,135,224,16800000,22489
5,168,1680000,1680100,135,224,1690000,2254
5,1680,16800000,16800100,135,224,16810000,22511
5,1681,16810000,16810100,135,224,16820000,22521
5,1682,16820000,16820100,135,224,16830000,22534
5,1683,16830000,16830100,135,224,16840000,22546
5,1684,16840000,16840100,135,224,16850000,22561
5,1685,16850000,16850100,135,224,16860000,22572
5,1686,16860000,16860100,135,224,16870000,22584
5,1687,16870000,16870100,135,224,16880000,22601
5,1688,16880000,16880100,135,224,16890000,22618
5,1689,16890000,16890100,135,224,16900000,22628
5,169,1690000,1690100,135,224,1700000,2264
5,1690,16900000,16900100,135,224,16910000,22641
5,1691,16910000,16910100,135,224,16920000,22651
5,1692,16920000,16920100,135,224,16930000,22669
5,1693,16930000,16930100,135,224,16940000,22679
5,1694,16940000,16940100,135,224,16950000,22693
5,1695,16950000,16950100,135,224,16960000,22706
5,1696,16960000,16960100,135,224,16970000,22725
5,1697,16970000,16970100,135,224,16980000,22736
5,1698,16980000,16980100,135,224,16990000,22748
5,1699,16990000,16990100,135,224,17000000,22758
5,17,170000,170100,135,224,180000,228
5,170,1700000,1700100,135,224,1710000,2277
5,1700,17000000,17000100,135,224,17010000,22774
5,1701,17010000,17010100,135,224,17020000,22788
5,1702,17020000,17020100,135,224,17030000,22803
5,1703,17030000,17030100,135,224,17040000,22813
5,1704,17040000,17040100,135,224,17050000,22830
5,1705,17050000,17050100,135,224,17060000,22843
5,1706,17060000,17060100,135,224,17070000,22855
5,1707,17070000,17070100,135,224,17080000,22866
5,1708,17080000,17080100,135,224,17090000,22883
5,1709,17090000,17090100,135,224,17100000,22893
5,171,1710000,1710100,135,224,1720000,2289
5,1710,17100000,17100100,135,224,17110000,22910
5,1711,17110000,17110100,135,224,17120000,22920
5,1712,17120000,17120100,135,224,17130000,22938
5,1713,17130000,17130100,135,224,17140000,22948
5,1714,17140000,17140100,135,224,17150000,22962
5,1715,17150000,17150100,135,224,17160000,22975
5,1716,17160000,17160100,135,224,17170000,22990
5,1717,17170000,17170100,135,224,17180000,23003
5,1718,17180000,17180100,135,224,17190000,23015
5,1719,17190000,17190100,135,224,17200000,23027
5,172,1720000,1720100,135,224,1730000,2307
5,1720,17200000,17200100,135,224,17210000,23045
5,1721,17210000,17210100,135,224,17220000,23055
5,1722,17220000,17220100,135,224,17230000,23070
5,1723,17230000,17230100,135,224,17240000,23082
5,1724,17240000,17240100,135,224,17250000,23097
5,1725,17250000,17250100,135,224,17260000,23110
5,1726,17260000,17260100,135,224,17270000,23122
5,1727,17270000,17270100,135,224,17280000,23133
5,1728,17280000,17280100,135,224,17290000,23152
5,1729,17290000,17290100,135,224,17300000,23164
5,173,1730000,1730100,135,224,1740000,2317
5,1730,17300000,17300100,135,224,17310000,23177
5,1731,17310000,17310100,135,224,17320000,23187
5,1732,17320000,17320100,135,224,17330000,23207
5,1733,17330000,17330100,135,224,17340000,23217
5,1734,17340000,17340100,135,224,17350000,23229
5,1735,17350000,17350100,135,224,17360000,23240
5,1736,17360000,17360100,135,224,17370000,23259
5,1737,17370000,17370100,135,224,17380000,23272
5,1738,17380000,17380100,135,224,17390000,23284
5,1739,17390000,17390100,135,224,17400000,23294
5,174,1740000,1740100,135,224,1750000,2329
5,1740,17400000,17400100,135,224,17410000,23312
5,1741,17410000,17410100,135,224,17420000,23324
5,1742,17420000,17420100,135,224,17430000,23337
5,1743,17430000,17430100,135,224,17440000,23349
5,1744,17440000,17440100,135,224,17450000,23366
5,1745,17450000,17450100,135,224,17460000,23377
5,1746,17460000,17460100,135,224,17470000,23391
5,1747,17470000,17470100,135,224,17480000,23404
5,1748,17480000,17480100,135,224,17490000,23419
5,1749,17490000,17490100,135,224,17500000,23429
5,175,1750000,1750100,135,224,1760000,2344
5,1750,17500000,17500100,135,224,17510000,23446
5,1751,17510000,17510100,135,224,17520000,23456
5,1752,17520000,17520100,135,224,17530000,23474
5,1753,17530000,17530100,135,224,17540000,23484
5,1754,17540000,17540100,135,224,17550000,23496
5,1755,17550000,17550100,135,224,17560000,23511
5,1756,17560000,17560100,135,224,17570000,23526
5,1757,17570000,17570100,135,224,17580000,23539
5,1758,17580000,17580100,135,224,17590000,23551
5,1759,17590000,17590100,135,224,17600000,23563
5,176,1760000,1760100,135,224,1770000,2361
5,1760,17600000,17600100,135,224,17610000,23581
5,1761,17610000,17610100,135,224,17620000,23591
5,1762,17620000,17620100,135,224,17630000,23606
5,1763,17630000,17630100,135,224,17640000,23616
5,1764,17640000,17640100,135,224,17650000,23635
5,1765,17650000,17650100,135,224,17660000,23646
5,1766,17660000,17660100,135,224,17670000,23658
5,1767,17670000,17670100,135,224,17680000,23669
5,1768,17680000,17680100,135,224,17690000,23688
5,1769,17690000,17690100,135,224,17700000,23698
5,177,1770000,1770100,135,224,1780000,2372
5,1770,17700000,17700100,135,224,17710000,23713
5,1771,17710000,17710100,135,224,17720000,23725
5,1772,17720000,17720100,135,224,17730000,23741
5,1773,17730000,17730100,135,224,17740000,23753
5,1774,17740000,17740100,135,224,17750000,23765
5,1775,17750000,17750100,135,224,17760000,23776
5,1776,17760000,17760100,135,224,17770000,23793
5,1777,17770000,17770100,135,224,17780000,23808
5,1778,17780000,17780100,135,224,17790000,23822
5,1779,17790000,17790100,135,224,17800000,23832
5,178,1780000,1780100,135,224,1790000,2384
5,1780,17800000,17800100,135,224,17810000,23848
5,1781,17810000,17810100,135,224,17820000,23858
5,1782,17820000,17820100,135,224,17830000,23873
5,1783,17830000,17830100,135,224,17840000,23883
5,1784,17840000,17840100,135,224,17850000,23900
5,1785,17850000,17850100,135,224,17860000,23915
5,1786,17860000,17860100,135,224,17870000,23929
5,1787,17870000,17870100,135,224,17880000,23940
5,1788,17880000,17880100,135,224,17890000,23955
5,1789,17890000,17890100,135,224,17900000,23965
5,179,1790000,1790100,135,224,1800000,2394
5,1790,17900000,17900100,135,224,17910000,23978
5,1791,17910000,17910100,135,224,17920000,23990
5,1792,17920000,17920100,135,224,17930000,24012
5,1793,17930000,17930100,135,224,17940000,24022
5,1794,17940000,17940100,135,224,17950000,24034
5,1795,17950000,17950100,135,224,17960000,24047
5,1796,17960000,17960100,135,224,17970000,24062
5,1797,17970000,17970100,135,224,17980000,24073
5,1798,17980000,17980100,135,224,17990000,24085
5,1799,17990000,17990100,135,224,18000000,24097
5,18,180000,180100,135,224,190000,242
5,180,1800000,1800100,135,224,1810000,2414
5,1800,18000000,18000100,135,224,18010000,24119
5,1801,18010000,18010100,135,224,18020000,24129
5,1802,18020000,18020100,135,224,18030000,24142
5,1803,18030000,18030100,135,224,18040000,24152
5,1804,18040000,18040100,135,224,18050000,24169
5,1805,18050000,18050100,135,224,18060000,24180
5,1806,18060000,18060100,135,224,18070000,24194
5,1807,18070000,18070100,135,224,18080000,24207
5,1808,18080000,18080100,135,224,18090000,24224
5,1809,18090000,18090100,135,224,18100000,24236
5,181,1810000,1810100,135,224,1820000,2424
5,1810,18100000,18100100,135,224,18110000,24249
5,1811,18110000,18110100,135,224,18120000,24259
5,1812,18120000,18120100,135,224,18130000,24275
5,1813,18130000,18130100,135,224,18140000,24289
5,1814,18140000,18140100,135,224,18150000,24301
5,1815,18150000,18150100,135,224,18160000,24314
5,1816,18160000,18160100,135,224,18170000,24331
5,1817,18170000,18170100,135,224,18180000,24342
5,1818,18180000,18180100,135,224,18190000,24356
5,1819,18190000,18190100,135,224,18200000,24366
5,182,1820000,1820100,135,224,1830000,2439
5,1820,18200000,18200100,135,224,18210000,24384
5,1821,18210000,18210100,135,224,18220000,24394
5,1822,18220000,18220100,135,224,18230000,24411
5,1823,18230000,18230100,135,224,18240000,24421
5,1824,18240000,18240100,135,224,18250000,24438
5,1825,18250000,18250100,135,224,18260000,24449
5,1826,18260000,18260100,135,224,18270000,24461
5,1827,18270000,18270100,135,224,18280000,24476
5,1828,18280000,18280100,135,224,18290000,24491
5,1829,18290000,18290100,135,224,18300000,24501
5,183,1830000,1830100,135,224,1840000,2449
5,1830,18300000,18300100,135,224,18310000,24516
5,1831,18310000,18310100,135,224,18320000,24528
5,1832,18320000,18320100,135,224,18330000,24546
5,1833,18330000,18330100,135,224,18340000,24556
5,1834,18340000,18340100,135,224,18350000,24570
5,1835,18350000,18350100,135,224,18360000,24581
5,1836,18360000,18360100,135,224,18370000,24598
5,1837,18370000,18370100,135,224,18380000,24611
5,1838,18380000,18380100,135,224,18390000,24623
5,1839,18390000,18390100,135,224,18400000,24633
5,184,1840000,1840100,135,224,1850000,2468
5,1840,18400000,18400100,135,224,18410000,24653
5,1841,18410000,18410100,135,224,18420000,24665
5,1842,18420000,18420100,135,224,18430000,24678
5,1843,18430000,18430100,135,224,18440000,24688
5,1844,18440000,18440100,135,224,18450000,24703
5,1845,18450000,18450100,135,224,18460000,24718
5,1846,18460000,18460100,135,224,18470000,24730
5,1847,18470000,18470100,135,224,18480000,24741
5,1848,18480000,18480100,135,224,18490000,24760
5,1849,18490000,18490100,135,224,18500000,24772
5,185,1850000,1850100,135,224,1860000,2479
5,1850,18500000,18500100,135,224,18510000,24785
5,1851,18510000,18510100,135,224,18520000,24795
5,1852,18520000,18520100,135,224,18530000,24813
5,1853,18530000,18530100,135,224,18540000,24823
5,1854,18540000,18540100,135,224,18550000,24837
5,1855,18550000,18550100,135,224,18560000,24850
5,1856,18560000,18560100,135,224,18570000,24867
5,1857,18570000,18570100,135,224,18580000,24878
5,1858,18580000,18580100,135,224,18590000,24892
5,1859,18590000,18590100,135,224,18600000,24902
5,186,1860000,1860100,135,224,1870000,2491
5,1860,18600000,18600100,135,224,18610000,24920
5,1861,18610000,18610100,135,224,18620000,24930
5,1862,18620000,18620100,135,224,18630000,24945
5,1863,18630000,18630100,135,224,18640000,24957
5,1864,18640000,18640100,135,224,18650000,24974
5,1865,18650000,18650100,135,224,18660000,24985
5,1866,18660000,18660100,135,224,18670000,24997
5,1867,18670000,18670100,135,224,18680000,25012
5,1868,18680000,18680100,135,224,18690000,25027
5,1869,18690000,18690100,135,224,18700000,25039
5,187,1870000,1870100,135,224,1880000,2504
5,1870,18700000,18700100,135,224,18710000,25052
5,1871,18710000,18710100,135,224,18720000,25062
5,1872,18720000,18720100,135,224,18730000,25082
5,1873,18730000,18730100,135,224,18740000,25092
5,1874,18740000,18740100,135,224,18750000,25104
5,1875,18750000,18750100,135,224,18760000,25117
5,1876,18760000,18760100,135,224,18770000,25136
5,1877,18770000,18770100,135,224,18780000,25147
5,1878,18780000,18780100,135,224,18790000,25159
5,1879,18790000,18790100,135,224,18800000,25169
5,188,1880000,1880100,135,224,1890000,2519
5,1880,18800000,18800100,135,224,18810000,25187
5,1881,18810000,18810100,135,224,18820000,25199
5,1882,18820000,18820100,135,224,18830000,25214
5,1883,18830000,18830100,135,224,18840000,25226
5,1884,18840000,18840100,135,224,18850000,25241
5,1885,18850000,18850100,135,224,18860000,25254
5,1886,18860000,18860100,135,224,18870000,25266
5,1887,18870000,18870100,135,224,18880000,25277
5,1888,18880000,18880100,135,224,18890000,25294
5,1889,18890000,18890100,135,224,18900000,25304
5,189,1890000,1890100,135,224,1900000,2533
5,1890,18900000,18900100,135,224,18910000,25323
5,1891,18910000,18910100,135,224,18920000,25333
5,1892,18920000,18920100,135,224,18930000,25349
5,1893,18930000,18930100,135,224,18940000,25359
5,1894,18940000,18940100,135,224,18950000,25373
5,1895,18950000,18950100,135,224,18960000,25384
5,1896,18960000,18960100,135,224,18970000,25401
5,1897,18970000,18970100,135,224,18980000,25416
5,1898,18980000,18980100,135,224,18990000,25428
5,1899,18990000,18990100,135,224,19000000,25440
5,19,190000,190100,135,224,200000,252
5,190,1900000,1900100,135,224,1910000,2546
5,1900,19000000,19000100,135,224,19010000,25456
5,1901,19010000,19010100,135,224,19020000,25466
5,1902,19020000,19020100,135,224,19030000,25479
5,1903,19030000,19030100,135,224,19040000,25491
5,1904,19040000,19040100,135,224,19050000,25510
5,1905,19050000,19050100,135,224,19060000,25523
5,1906,19060000,19060100,135,224,19070000,25535
5,1907,19070000,19070100,135,224,19080000,25546
5,1908,19080000,19080100,135,224,19090000,25563
5,1909,19090000,19090100,135,224,19100000,25573
5,191,1910000,1910100,135,224,1920000,2556
5,1910,19100000,19100100,135,224,19110000,25586
5,1911,19110000,19110100,135,224,19120000,25598
5,1912,19120000,19120100,135,224,19130000,25620
5,1913,19130000,19130100,135,224,19140000,25630
5,1914,19140000,19140100,135,224,19150000,25642
5,1915,19150000,19150100,135,224,19160000,25653
5,1916,19160000,19160100,135,224,19170000,25668
5,1917,19170000,19170100,135,224,19180000,25681
5,1918,19180000,19180100,135,224,19190000,25695
5,1919,19190000,19190100,135,224,19200000,25705
5,192,1920000,1920100,135,224,1930000,2574
5,1920,19200000,19200100,135,224,19210000,25725
5,1921,19210000,19210100,135,224,19220000,25737
5,1922,19220000,19220100,135,224,19230000,25750
5,1923,19230000,19230100,135,224,19240000,25760
5,1924,19240000,19240100,135,224,19250000,25775
5,1925,19250000,19250100,135,224,19260000,25788
5,1926,19260000,19260100,135,224,19270000,25802
5,1927,19270000,19270100,135,224,19280000,25815
5,1928,19280000,19280100,135,224,19290000,25832
5,1929,19290000,19290100,135,224,19300000,25842
5,193,1930000,1930100,135,224,1940000,2586
5,1930,19300000,19300100,135,224,19310000,25857
5,1931,19310000,19310100,135,224,19320000,25867
5,1932,19320000,19320100,135,224,19330000,25885
5,1933,19330000,19330100,135,224,19340000,25895
5,1934,19340000,19340100,135,224,19350000,25907
5,1935,19350000,19350100,135,224,19360000,25922
5,1936,19360000,19360100,135,224,19370000,25939
5,1937,19370000,19370100,135,224,19380000,25950
5,1938,19380000,19380100,135,224,19390000,25962
5,1939,19390000,19390100,135,224,19400000,25976
5,194,1940000,1940100,135,224,1950000,2598
5,1940,19400000,19400100,135,224,19410000,25992
5,1941,19410000,19410100,135,224,19420000,26002
5,1942,19420000,19420100,135,224,19430000,26017
5,1943,19430000,19430100,135,224,19440000,26027
5,1944,19440000,19440100,135,224,19450000,26046
5,1945,19450000,19450100,135,224,19460000,26057
5,1946,19460000,19460100,135,224,19470000,26071
5,1947,19470000,19470100,135,224,19480000,26082
5,1948,19480000,19480100,135,224,19490000,26099
5,1949,19490000,19490100,135,224,19500000,26109
5,195,1950000,1950100,135,224,1960000,2611
5,1950,19500000,19500100,135,224,19510000,26124
5,1951,19510000,19510100,135,224,19520000,26134
5,1952,19520000,19520100,135,224,19530000,26152
5,1953,19530000,19530100,135,224,19540000,26166
5,1954,19540000,19540100,135,224,19550000,26178
5,1955,19550000,19550100,135,224,19560000,26189
5,1956,19560000,19560100,135,224,19570000,26204
5,1957,19570000,19570100,135,224,19580000,26219
5,1958,19580000,19580100,135,224,19590000,26231
5,1959,19590000,19590100,135,224,19600000,26241
5,196,1960000,1960100,135,224,1970000,2628
5,1960,19600000,19600100,135,224,19610000,26261
5,1961,19610000,19610100,135,224,19620000,26271
5,1962,19620000,19620100,135,224,19630000,26286
5,1963,19630000,19630100,135,224,19640000,26296
5,1964,19640000,19640100,135,224,19650000,26311
5,1965,19650000,19650100,135,224,19660000,26324
5,1966,19660000,19660100,135,224,19670000,26338
5,1967,19670000,19670100,135,224,19680000,26351
5,1968,19680000,19680100,135,224,19690000,26368
5,1969,19690000,19690100,135,224,19700000,26378
5,197,1970000,1970100,135,224,1980000,2639
5,1970,19700000,19700100,135,224,19710000,26391
5,1971,19710000,19710100,135,224,19720000,26403
5,1972,19720000,19720100,135,224,19730000,26421
5,1973,19730000,19730100,135,224,19740000,26431
5,1974,19740000,19740100,135,224,19750000,26445
5,1975,19750000,19750100,135,224,19760000,26458
5,1976,19760000,19760100,135,224,19770000,26475
5,1977,19770000,19770100,135,224,19780000,26486
5,1978,19780000,19780100,135,224,19790000,26498
5,1979,19790000,19790100,135,224,19800000,26508
5,198,1980000,1980100,135,224,1990000,2653
5,1980,19800000,19800100,135,224,19810000,26528
5,1981,19810000,19810100,135,224,19820000,26540
5,1982,19820000,19820100,135,224,19830000,26553
5,1983,19830000,19830100,135,224,19840000,26563
5,1984,19840000,19840100,135,224,19850000,26582
5,1985,19850000,19850100,135,224,19860000,26593
5,1986,19860000,19860100,135,224,19870000,26605
5,1987,19870000,19870100,135,224,19880000,26618
5,1988,19880000,19880100,135,224,19890000,26635
5,1989,19890000,19890100,135,224,19900000,26647
5,199,1990000,1990100,135,224,2000000,2663
5,1990,19900000,19900100,135,224,19910000,26660
5,1991,19910000,19910100,135,224,19920000,26670
5,1992,19920000,19920100,135,224,19930000,26688
5,1993,19930000,19930100,135,224,19940000,26700
5,1994,19940000,19940100,135,224,19950000,26712
5,1995,19950000,19950100,135,224,19960000,26727
5,1996,19960000,19960100,135,224,19970000,26742
5,1997,19970000,19970100,135,224,19980000,26753
5,1998,19980000,19980100,135,224,19990000,26767
5,1999,19990000,19990100,135,224,20000000,26777
5,2,20000,20100,135,224,30000,28
5,20,200000,200100,135,224,210000,268
5,200,2000000,2000100,135,224,2010000,2681
5,2000,20000000,20000100,135,224,20010000,26795
5,2001,20010000,20010100,135,224,20020000,26805
5,2002,20020000,20020100,135,224,20030000,26824
5,2003,20030000,20030100,135,224,20040000,26834
5,2004,20040000,20040100,135,224,20050000,26849
5,2005,20050000,20050100,135,224,20060000,26860
5,2006,20060000,20060100,135,224,20070000,26872
5,2007,20070000,20070100,135,224,20080000,26885
5,2008,20080000,20080100,135,224,20090000,26902
5,2009,20090000,20090100,135,224,20100000,26914
5,201,2010000,2010100,135,224,2020000,2691
5,2010,20100000,20100100,135,224,20110000,26929
5,2011,20110000,20110100,135,224,20120000,26941
5,2012,20120000,20120100,135,224,20130000,26957
5,2013,20130000,20130100,135,224,20140000,26967
5,2014,20140000,20140100,135,224,20150000,26979
5,2015,20150000,20150100,135,224,20160000,26990
5,2016,20160000,20160100,135,224,20170000,27011
5,2017,20170000,20170100,135,224,20180000,27024
5,2018,20180000,20180100,135,224,20190000,27036
5,2019,20190000,20190100,135,224,20200000,27046
5,202,2020000,2020100,135,224,2030000,2708
5,2020,20200000,20200100,135,224,20210000,27064
5,2021,20210000,20210100,135,224,20220000,27074
5,2022,20220000,20220100,135,224,20230000,27087
5,2023,20230000,20230100,135,224,20240000,27099
5,2024,20240000,20240100,135,224,20250000,27116
5,2025,20250000,20250100,135,224,20260000,27131
5,2026,20260000,20260100,135,224,20270000,27143
5,2027,20270000,20270100,135,224,20280000,27154
5,2028,20280000,20280100,135,224,20290000,27169
5,2029,20290000,20290100,135,224,20300000,27181
5,203,2030000,2030100,135,224,2040000,2720
5,2030,20300000,20300100,135,224,20310000,27196
5,2031,20310000,20310100,135,224,20320000,27206
5,2032,20320000,20320100,135,224,20330000,27226
5,2033,20330000,20330100,135,224,20340000,27236
5,2034,20340000,20340100,135,224,20350000,27250
5,2035,20350000,20350100,135,224,20360000,27261
5,2036,20360000,20360100,135,224,20370000,27276
5,2037,20370000,20370100,135,224,20380000,27289
5,2038,20380000,20380100,135,224,20390000,27303
5,2039,20390000,20390100,135,224,20400000,27313
5,204,2040000,2040100,135,224,2050000,2735
5,2040,20400000,20400100,135,224,20410000,27333
5,2041,20410000,20410100,135,224,20420000,27343
5,2042,20420000,20420100,135,224,20430000,27356
5,2043,20430000,20430100,135,224,20440000,27368
5,2044,20440000,20440100,135,224,20450000,27385
5,2045,20450000,20450100,135,224,20460000,27396
5,2046,20460000,20460100,135,224,20470000,27408
5,2047,20470000,20470100,135,224,20480000,27423
5,2048,20480000,20480100,135,224,20490000,27440
5,2049,20490000,20490100,135,224,20500000,27450
5,205,2050000,2050100,135,224,2060000,2746
5,2050,20500000,20500100,135,224,20510000,27463
5,2051,20510000,20510100,135,224,20520000,27475
5,2052,20520000,20520100,135,224,20530000,27493
5,2053,20530000,20530100,135,224,20540000,27503
5,2054,20540000,20540100,135,224,20550000,27515
5,2055,20550000,20550100,135,224,20560000,27528
5,2056,20560000,20560100,135,224,20570000,27547
5,2057,20570000,20570100,135,224,20580000,27558
5,2058,20580000,20580100,135,224,20590000,27572
5,2059,20590000,20590100,135,224,20600000,27582
5,206,2060000,2060100,135,224,2070000,2758
5,2060,20600000,20600100,135,224,20610000,27598
5,2061,20610000,20610100,135,224,20620000,27610
5,2062,20620000,20620100,135,224,20630000,27625
5,2063,20630000,20630100,135,224,20640000,27635
5,2064,20640000,20640100,135,224,20650000,27652
5,2065,20650000,20650100,135,224,20660000,27667
5,2066,20660000,20660100,135,224,20670000,27679
5,2067,20670000,20670100,135,224,20680000,27690
5,2068,20680000,20680100,135,224,20690000,27705
5,2069,20690000,20690100,135,224,20700000,27715
5,207,2070000,2070100,135,224,2080000,2771
5,2070,20700000,20700100,135,224,20710000,27732
5,2071,20710000,20710100,135,224,20720000,27742
5,2072,20720000,20720100,135,224,20730000,27762
5,2073,20730000,20730100,135,224,20740000,27772
5,2074,20740000,20740100,135,224,20750000,27786
5,2075,20750000,20750100,135,224,20760000,27797
5,2076,20760000,20760100,135,224,20770000,27812
5,2077,20770000,20770100,135,224,20780000,27825
5,2078,20780000,20780100,135,224,20790000,27837
5,2079,20790000,20790100,135,224,20800000,27851
5,208,2080000,2080100,135,224,2090000,2788
5,2080,20800000,20800100,135,224,20810000,27869
5,2081,20810000,20810100,135,224,20820000,27879
5,2082,20820000,20820100,135,224,20830000,27892
5,2083,20830000,20830100,135,224,20840000,27904
5,2084,20840000,20840100,135,224,20850000,27919
5,2085,20850000,20850100,135,224,20860000,27932
5,2086,20860000,20860100,135,224,20870000,27946
5,2087,20870000,20870100,135,224,20880000,27957
5,2088,20880000,20880100,135,224,20890000,27976
5,2089,20890000,20890100,135,224,20900000,27986
5,209,2090000,2090100,135,224,2100000,2798
5,2090,20900000,20900100,135,224,20910000,27999
5,2091,20910000,20910100,135,224,20920000,28009
5,2092,20920000,20920100,135,224,20930000,28029
5,2093,20930000,20930100,135,224,20940000,28041
5,2094,20940000,20940100,135,224,20950000,28053
5,2095,20950000,20950100,135,224,20960000,28064
5,2096,20960000,20960100,135,224,20970000,28081
5,2097,20970000,20970100,135,224,20980000,28094
5,2098,20980000,20980100,135,224,20990000,28106
5,2099,20990000,20990100,135,224,21000000,28116
5,21,210000,210100,135,224,220000,280
5,210,2100000,2100100,135,224,2110000,2815
5,2100,21000000,21000100,135,224,21010000,28136
5,2101,21010000,21010100,135,224,21020000,28148
5,2102,21020000,21020100,135,224,21030000,28161
5,2103,21030000,21030100,135,224,21040000,28171
5,2104,21040000,21040100,135,224,21050000,28188
5,2105,21050000,21050100,135,224,21060000,28199
5,2106,21060000,21060100,135,224,21070000,28213
5,2107,21070000,21070100,135,224,21080000,28228
5,2108,21080000,21080100,135,224,21090000,28243
5,2109,21090000,21090100,135,224,21100000,28253
5,211,2110000,2110100,135,224,2120000,2827
5,2110,21100000,21100100,135,224,21110000,28268
5,2111,21110000,21110100,135,224,21120000,28278
5,2112,21120000,21120100,135,224,21130000,28296
5,2113,21130000,21130100,135,224,21140000,28306
5,2114,21140000,21140100,135,224,21150000,28320
5,2115,21150000,21150100,135,224,21160000,28335
5,2116,21160000,21160100,135,224,21170000,28350
5,2117,21170000,21170100,135,224,21180000,28361
5,2118,21180000,21180100,135,224,21190000,28373
5,2119,21190000,21190100,135,224,21200000,28385
5,212,2120000,2120100,135,224,2130000,2843
5,2120,21200000,21200100,135,224,21210000,28403
5,2121,21210000,21210100,135,224,21220000,28415
5,2122,21220000,21220100,135,224,21230000,28430
5,2123,21230000,21230100,135,224,21240000,28440
5,2124,21240000,21240100,135,224,21250000,28457
5,2125,21250000,21250100,135,224,21260000,28468
5,2126,21260000,21260100,135,224,21270000,28480
5,2127,21270000,21270100,135,224,21280000,28491
5,2128,21280000,21280100,135,224,21290000,28512
5,2129,21290000,21290100,135,224,21300000,28522
5,213,2130000,2130100,135,224,2140000,2853
5,2130,21300000,21300100,135,224,21310000,28537
5,2131,21310000,21310100,135,224,21320000,28547
5,2132,21320000,21320100,135,224,21330000,28563
5,2133,21330000,21330100,135,224,21340000,28575
5,2134,21340000,21340100,135,224,21350000,28587
5,2135,21350000,21350100,135,224,21360000,28600
5,2136,21360000,21360100,135,224,21370000,28617
5,2137,21370000,21370100,135,224,21380000,28632
5,2138,21380000,21380100,135,224,21390000,28644
5,2139,21390000,21390100,135,224,21400000,28654
5,214,2140000,2140100,135,224,2150000,2865
5,2140,21400000,21400100,135,224,21410000,28670
5,2141,21410000,21410100,135,224,21420000,28680
5,2142,21420000,21420100,135,224,21430000,28697
5,2143,21430000,21430100,135,224,21440000,28707
5,2144,21440000,21440100,135,224,21450000,28724
5,2145,21450000,21450100,135,224,21460000,28737
5,2146,21460000,21460100,135,224,21470000,28751
5,2147,21470000,21470100,135,224,21480000,28762
5,2148,21480000,21480100,135,224,21490000,28777
5,2149,21490000,21490100,135,224,21500000,28789
5,215,2150000,2150100,135,224,2160000,2876
5,2150,21500000,21500100,135,224,21510000,28802
5,2151,21510000,21510100,135,224,21520000,28814
5,2152,21520000,21520100,135,224,21530000,28834
5,2153,21530000,21530100,135,224,21540000,28844
5,2154,21540000,21540100,135,224,21550000,28856
5,2155,21550000,21550100,135,224,21560000,28869
5,2156,21560000,21560100,135,224,21570000,28886
5,2157,21570000,21570100,135,224,21580000,28897
5,2158,21580000,21580100,135,224,21590000,28909
5,2159,21590000,21590100,135,224,21600000,28919
5,216,2160000,2160100,135,224,2170000,2895
5,2160,21600000,21600100,135,224,21610000,28941
5,2161,21610000,21610100,135,224,21620000,28951
5,2162,21620000,21620100,135,224,21630000,28964
5,2163,21630000,21630100,135,224,21640000,28976
5,2164,21640000,21640100,135,224,21650000,28993
5,2165,21650000,21650100,135,224,21660000,29004
5,2166,21660000,21660100,135,224,21670000,29016
5,2167,21670000,21670100,135,224,21680000,29029
5,2168,21680000,21680100,135,224,21690000,29046
5,2169,21690000,21690100,135,224,21700000,29058
5,217,2170000,2170100,135,224,2180000,2910
5,2170,21700000,21700100,135,224,21710000,29073
5,2171,21710000,21710100,135,224,21720000,29083
5,2172,21720000,21720100,135,224,21730000,29099
5,2173,21730000,21730100,135,224,21740000,29111
5,2174,21740000,21740100,135,224,21750000,29123
5,2175,21750000,21750100,135,224,21760000,29136
5,2176,21760000,21760100,135,224,21770000,29153
5,2177,21770000,21770100,135,224,21780000,29166
5,2178,21780000,21780100,135,224,21790000,29180
5,2179,21790000,21790100,135,224,21800000,29190
5,218,2180000,2180100,135,224,2190000,2922
5,2180,21800000,21800100,135,224,21810000,29206
5,2181,21810000,21810100,135,224,21820000,29216
5,2182,21820000,21820100,135,224,21830000,29233
5,2183,21830000,21830100,135,224,21840000,29243
5,2184,21840000,21840100,135,224,21850000,29262
5,2185,21850000,21850100,135,224,21860000,29273
5,2186,21860000,21860100,135,224,21870000,29285
5,2187,21870000,21870100,135,224,21880000,29298
5,2188,21880000,21880100,135,224,21890000,29313
5,2189,21890000,21890100,135,224,21900000,29323
5,219,2190000,2190100,135,224,2200000,2932
5,2190,21900000,21900100,135,224,21910000,29338
5,2191,21910000,21910100,135,224,21920000,29352
5,2192,21920000,21920100,135,224,21930000,29370
5,2193,21930000,21930100,135,224,21940000,29380
5,2194,21940000,21940100,135,224,21950000,29392
5,2195,21950000,21950100,135,224,21960000,29403
5,2196,21960000,21960100,135,224,21970000,29420
5,2197,21970000,21970100,135,224,21980000,29433
5,2198,21980000,21980100,135,224,21990000,29447
5,2199,21990000,21990100,135,224,22000000,29457
5,22,220000,220100,135,224,230000,297
5,220,2200000,2200100,135,224,2210000,2950
5,2200,22000000,22000100,135,224,22010000,29477
5,2201,22010000,22010100,135,224,22020000,29487
5,2202,22020000,22020100,135,224,22030000,29500
5,2203,22030000,22030100,135,224,22040000,29510
5,2204,22040000,22040100,135,224,22050000,29525
5,2205,22050000,22050100,135,224,22060000,29542
5,2206,22060000,22060100,135,224,22070000,29554
5,2207,22070000,22070100,135,224,22080000,29565
5,2208,22080000,22080100,135,224,22090000,29582
5,2209,22090000,22090100,135,224,22100000,29594
5,221,2210000,2210100,135,224,2220000,2960
5,2210,22100000,22100100,135,224,22110000,29607
5,2211,22110000,22110100,135,224,22120000,29617
5,2212,22120000,22120100,135,224,22130000,29637
5,2213,22130000,22130100,135,224,22140000,29647
5,2214,22140000,22140100,135,224,22150000,29661
5,2215,22150000,22150100,135,224,22160000,29672
5,2216,22160000,22160100,135,224,22170000,29689
5,2217,22170000,22170100,135,224,22180000,29700
5,2218,22180000,22180100,135,224,22190000,29714
5,2219,22190000,22190100,135,224,22200000,29726
5,222,2220000,2220100,135,224,2230000,2973
5,2220,22200000,22200100,135,224,22210000,29744
5,2221,22210000,22210100,135,224,22220000,29754
5,2222,22220000,22220100,135,224,22230000,29767
5,2223,22230000,22230100,135,224,22240000,29779
5,2224,22240000,22240100,135,224,22250000,29796
5,2225,22250000,22250100,135,224,22260000,29807
5,2226,22260000,22260100,135,224,22270000,29821
5,2227,22270000,22270100,135,224,22280000,29836
5,2228,22280000,22280100,135,224,22290000,29851
5,2229,22290000,22290100,135,224,22300000,29861
5,223,2230000,2230100,135,224,2240000,2983
5,2230,22300000,22300100,135,224,22310000,29874
5,2231,22310000,22310100,135,224,22320000,29884
5,2232,22320000,22320100,135,224,22330000,29904
5,2233,22330000,22330100,135,224,22340000,29916
5,2234,22340000,22340100,135,224,22350000,29928
5,2235,22350000,22350100,135,224,22360000,29941
5,2236,22360000,22360100,135,224,22370000,29958
5,2237,22370000,22370100,135,224,22380000,29969
5,2238,22380000,22380100,135,224,22390000,29981
5,2239,22390000,22390100,135,224,22400000,29991
5,224,2240000,2240100,135,224,2250000,3002
5,2240,22400000,22400100,135,224,22410000,30011
5,2241,22410000,22410100,135,224,22420000,30023
5,2242,22420000,22420100,135,224,22430000,30038
5,2243,22430000,22430100,135,224,22440000,30048
5,2244,22440000,22440100,135,224,22450000,30063
5,2245,22450000,22450100,135,224,22460000,30076
5,2246,22460000,22460100,135,224,22470000,30088
5,2247,22470000,22470100,135,224,22480000,30101
5,2248,22480000,22480100,135,224,22490000,30118
5,2249,22490000,22490100,135,224,22500000,30128
5,225,2250000,2250100,135,224,2260000,3017
5,2250,22500000,22500100,135,224,22510000,30145
5,2251,22510000,22510100,135,224,22520000,30155
5,2252,22520000,22520100,135,224,22530000,30171
5,2253,22530000,22530100,135,224,22540000,30181
5,2254,22540000,22540100,135,224,22550000,30197
5,2255,22550000,22550100,135,224,22560000,30208
5,2256,22560000,22560100,135,224,22570000,30225
5,2257,22570000,22570100,135,224,22580000,30238
5,2258,22580000,22580100,135,224,22590000,30250
5,2259,22590000,22590100,135,224,22600000,30262
5,226,2260000,2260100,135,224,2270000,3029
5,2260,22600000,22600100,135,224,22610000,30278
5,2261,22610000,22610100,135,224,22620000,30290
5,2262,22620000,22620100,135,224,22630000,30303
5,2263,22630000,22630100,135,224,22640000,30315
5,2264,22640000,22640100,135,224,22650000,30332
5,2265,22650000,22650100,135,224,22660000,30345
5,2266,22660000,22660100,135,224,22670000,30357
5,2267,22670000,22670100,135,224,22680000,30368
5,2268,22680000,22680100,135,224,22690000,30387
5,2269,22690000,22690100,135,224,22700000,30397
5,227,2270000,2270100,135,224,2280000,3040
5,2270,22700000,22700100,135,224,22710000,30410
5,2271,22710000,22710100,135,224,22720000,30420
5,2272,22720000,22720100,135,224,22730000,30442
5,2273,22730000,22730100,135,224,22740000,30452
5,2274,22740000,22740100,135,224,22750000,30464
5,2275,22750000,22750100,135,224,22760000,30477
5,2276,22760000,22760100,135,224,22770000,30492
5,2277,22770000,22770100,135,224,22780000,30505
5,2278,22780000,22780100,135,224,22790000,30517
5,2279,22790000,22790100,135,224,22800000,30527
5,228,2280000,2280100,135,224,2290000,3055
5,2280,22800000,22800100,135,224,22810000,30547
5,2281,22810000,22810100,135,224,22820000,30559
5,2282,22820000,22820100,135,224,22830000,30574
5,2283,22830000,22830100,135,224,22840000,30584
5,2284,22840000,22840100,135,224,22850000,30599
5,2285,22850000,22850100,135,224,22860000,30610
5,2286,22860000,22860100,135,224,22870000,30624
5,2287,22870000,22870100,135,224,22880000,30637
5,2288,22880000,22880100,135,224,22890000,30654
5,2289,22890000,22890100,135,224,22900000,30666
5,229,2290000,2290100,135,224,2300000,3067
5,2290,22900000,22900100,135,224,22910000,30681
5,2291,22910000,22910100,135,224,22920000,30691
5,2292,22920000,22920100,135,224,22930000,30707
5,2293,22930000,22930100,135,224,22940000,30717
5,2294,22940000,22940100,135,224,22950000,30729
5,2295,22950000,22950100,135,224,22960000,30744
5,2296,22960000,22960100,135,224,22970000,30763
5,2297,22970000,22970100,135,224,22980000,30774
5,2298,22980000,22980100,135,224,22990000,30786
5,2299,22990000,22990100,135,224,23000000,30798
5,23,230000,230100,135,224,240000,307
5,230,2300000,2300100,135,224,2310000,3080
5,2300,23000000,23000100,135,224,23010000,30814
5,2301,23010000,23010100,135,224,23020000,30824
5,2302,23020000,23020100,135,224,23030000,30839
5,2303,23030000,23030100,135,224,23040000,30851
5,2304,23040000,23040100,135,224,23050000,30870
5,2305,23050000,23050100,135,224,23060000,30881
5,2306,23060000,23060100,135,224,23070000,30893
5,2307,23070000,23070100,135,224,23080000,30904
5,2308,23080000,23080100,135,224,23090000,30921
5,2309,23090000,23090100,135,224,23100000,30931
5,231,2310000,2310100,135,224,2320000,3092
5,2310,23100000,23100100,135,224,23110000,30948
5,2311,23110000,23110100,135,224,23120000,30958
5,2312,23120000,23120100,135,224,23130000,30976
5,2313,23130000,23130100,135,224,23140000,30988
5,2314,23140000,23140100,135,224,23150000,31000
5,2315,23150000,23150100,135,224,23160000,31011
5,2316,23160000,23160100,135,224,23170000,31026
5,2317,23170000,23170100,135,224,23180000,31043
5,2318,23180000,23180100,135,224,23190000,31055
5,2319,23190000,23190100,135,224,23200000,31065
5,232,2320000,2320100,135,224,2330000,3112
5,2320,23200000,23200100,135,224,23210000,31083
5,2321,23210000,23210100,135,224,23220000,31093
5,2322,23220000,23220100,135,224,23230000,31108
5,2323,23230000,23230100,135,224,23240000,31118
5,2324,23240000,23240100,135,224,23250000,31135
5,2325,23250000,23250100,135,224,23260000,31148
5,2326,23260000,23260100,135,224,23270000,31162
5,2327,23270000,23270100,135,224,23280000,31173
5,2328,23280000,23280100,135,224,23290000,31190
5,2329,23290000,23290100,135,224,23300000,31200
5,233,2330000,2330100,135,224,2340000,3122
5,2330,23300000,23300100,135,224,23310000,31213
5,2331,23310000,23310100,135,224,23320000,31227
5,2332,23320000,23320100,135,224,23330000,31245
5,2333,23330000,23330100,135,224,23340000,31255
5,2334,23340000,23340100,135,224,23350000,31267
5,2335,23350000,23350100,135,224,23360000,31280
5,2336,23360000,23360100,135,224,23370000,31297
5,2337,23370000,23370100,135,224,23380000,31308
5,2338,23380000,23380100,135,224,23390000,31322
5,2339,23390000,23390100,135,224,23400000,31332
5,234,2340000,2340100,135,224,2350000,3136
5,2340,23400000,23400100,135,224,23410000,31352
5,2341,23410000,23410100,135,224,23420000,31362
5,2342,23420000,23420100,135,224,23430000,31375
5,2343,23430000,23430100,135,224,23440000,31385
5,2344,23440000,23440100,135,224,23450000,31404
5,2345,23450000,23450100,135,224,23460000,31417
5,2346,23460000,23460100,135,224,23470000,31429
5,2347,23470000,23470100,135,224,23480000,31442
5,2348,23480000,23480100,135,224,23490000,31457
5,2349,23490000,23490100,135,224,23500000,31469
5,235,2350000,2350100,135,224,2360000,3147
5,2350,23500000,23500100,135,224,23510000,31482
5,2351,23510000,23510100,135,224,23520000,31492
5,2352,23520000,23520100,135,224,23530000,31512
5,2353,23530000,23530100,135,224,23540000,31524
5,2354,23540000,23540100,135,224,23550000,31536
5,2355,23550000,23550100,135,224,23560000,31549
5,2356,23560000,23560100,135,224,23570000,31564
5,2357,23570000,23570100,135,224,23580000,31575
5,2358,23580000,23580100,135,224,23590000,31589
5,2359,23590000,23590100,135,224,23600000,31601
5,236,2360000,2360100,135,224,2370000,3162
5,2360,23600000,23600100,135,224,23610000,31619
5,2361,23610000,23610100,135,224,23620000,31629
5,2362,23620000,23620100,135,224,23630000,31646
5,2363,23630000,23630100,135,224,23640000,31656
5,2364,23640000,23640100,135,224,23650000,31671
5,2365,23650000,23650100,135,224,23660000,31682
5,2366,23660000,23660100,135,224,23670000,31696
5,2367,23670000,23670100,135,224,23680000,31709
5,2368,23680000,23680100,135,224,23690000,31726
5,2369,23690000,23690100,135,224,23700000,31736
5,237,2370000,2370100,135,224,2380000,3173
5,2370,23700000,23700100,135,224,23710000,31751
5,2371,23710000,23710100,135,224,23720000,31763
5,2372,23720000,23720100,135,224,23730000,31779
5,2373,23730000,23730100,135,224,23740000,31791
5,2374,23740000,23740100,135,224,23750000,31803
5,2375,23750000,23750100,135,224,23760000,31814
5,2376,23760000,23760100,135,224,23770000,31833
5,2377,23770000,23770100,135,224,23780000,31846
5,2378,23780000,23780100,135,224,23790000,31858
5,2379,23790000,23790100,135,224,23800000,31868
5,238,2380000,2380100,135,224,2390000,3189
5,2380,23800000,23800100,135,224,23810000,31888
5,2381,23810000,23810100,135,224,23820000,31898
5,2382,23820000,23820100,135,224,23830000,31911
5,2383,23830000,23830100,135,224,23840000,31921
5,2384,23840000,23840100,135,224,23850000,31938
5,2385,23850000,23850100,135,224,23860000,31953
5,2386,23860000,23860100,135,224,23870000,31965
5,2387,23870000,23870100,135,224,23880000,31978
5,2388,23880000,23880100,135,224,23890000,31993
5,2389,23890000,23890100,135,224,23900000,32005
5,239,2390000,2390100,135,224,2400000,3199
5,2390,23900000,23900100,135,224,23910000,32018
5,2391,23910000,23910100,135,224,23920000,32028
5,2392,23920000,23920100,135,224,23930000,32048
5,2393,23930000,23930100,135,224,23940000,32058
5,2394,23940000,23940100,135,224,23950000,32074
5,2395,23950000,23950100,135,224,23960000,32085
5,2396,23960000,23960100,135,224,23970000,32100
5,2397,23970000,23970100,135,224,23980000,32111
5,2398,23980000,23980100,135,224,23990000,32125
5,2399,23990000,23990100,135,224,24000000,32135
5,24,240000,240100,135,224,250000,324
5,240,2400000,2400100,135,224,2410000,3219
5,2400,24000000,24000100,135,224,24010000,32155
5,2401,24010000,24010100,135,224,24020000,32167
5,2402,24020000,24020100,135,224,24030000,32180
5,2403,24030000,24030100,135,224,24040000,32192
5,2404,24040000,24040100,135,224,24050000,32207
5,2405,24050000,24050100,135,224,24060000,32218
5,2406,24060000,24060100,135,224,24070000,32230
5,2407,24070000,24070100,135,224,24080000,32245
5,2408,24080000,24080100,135,224,24090000,32264
5,2409,24090000,24090100,135,224,24100000,32274
5,241,2410000,2410100,135,224,2420000,3229
5,2410,24100000,24100100,135,224,24110000,32287
5,2411,24110000,24110100,135,224,24120000,32297
5,2412,24120000,24120100,135,224,24130000,32315
5,2413,24130000,24130100,135,224,24140000,32325
5,2414,24140000,24140100,135,224,24150000,32337
5,2415,24150000,24150100,135,224,24160000,32352
5,2416,24160000,24160100,135,224,24170000,32371
5,2417,24170000,24170100,135,224,24180000,32382
5,2418,24180000,24180100,135,224,24190000,32394
5,2419,24190000,24190100,135,224,24200000,32404
5,242,2420000,2420100,135,224,2430000,3242
5,2420,24200000,24200100,135,224,24210000,32420
5,2421,24210000,24210100,135,224,24220000,32432
5,2422,24220000,24220100,135,224,24230000,32449
5,2423,24230000,24230100,135,224,24240000,32459
5,2424,24240000,24240100,135,224,24250000,32476
5,2425,24250000,24250100,135,224,24260000,32489
5,2426,24260000,24260100,135,224,24270000,32501
5,2427,24270000,24270100,135,224,24280000,32512
5,2428,24280000,24280100,135,224,24290000,32527
5,2429,24290000,24290100,135,224,24300000,32539
5,243,2430000,2430100,135,224,2440000,3254
5,2430,24300000,24300100,135,224,24310000,32556
5,2431,24310000,24310100,135,224,24320000,32566
5,2432,24320000,24320100,135,224,24330000,32584
5,2433,24330000,24330100,135,224,24340000,32594
5,2434,24340000,24340100,135,224,24350000,32608
5,2435,24350000,24350100,135,224,24360000,32619
5,2436,24360000,24360100,135,224,24370000,32636
5,2437,24370000,24370100,135,224,24380000,32649
5,2438,24380000,24380100,135,224,24390000,32661
5,2439,24390000,24390100,135,224,24400000,32673
5,244,2440000,2440100,135,224,2450000,3269
5,2440,24400000,24400100,135,224,24410000,32691
5,2441,24410000,24410100,135,224,24420000,32701
5,2442,24420000,24420100,135,224,24430000,32714
5,2443,24430000,24430100,135,224,24440000,32728
5,2444,24440000,24440100,135,224,24450000,32743
5,2445,24450000,24450100,135,224,24460000,32756
5,2446,24460000,24460100,135,224,24470000,32768
5,2447,24470000,24470100,135,224,24480000,32779
5,2448,24480000,24480100,135,224,24490000,32798
5,2449,24490000,24490100,135,224,24500000,32808
5,245,2450000,2450100,135,224,2460000,3282
5,2450,24500000,24500100,135,224,24510000,32823
5,2451,24510000,24510100,135,224,24520000,32833
5,2452,24520000,24520100,135,224,24530000,32853
5,2453,24530000,24530100,135,224,24540000,32863
5,2454,24540000,24540100,135,224,24550000,32875
5,2455,24550000,24550100,135,224,24560000,32886
5,2456,24560000,24560100,135,224,24570000,32903
5,2457,24570000,24570100,135,224,24580000,32918
5,2458,24580000,24580100,135,224,24590000,32930
5,2459,24590000,24590100,135,224,24600000,32940
5,246,2460000,2460100,135,224,2470000,3294
5,2460,24600000,24600100,135,224,24610000,32958
5,2461,24610000,24610100,135,224,24620000,32970
5,2462,24620000,24620100,135,224,24630000,32983
5,2463,24630000,24630100,135,224,24640000,32993
5,2464,24640000,24640100,135,224,24650000,33012
5,2465,24650000,24650100,135,224,24660000,33023
5,2466,24660000,24660100,135,224,24670000,33037
5,2467,24670000,24670100,135,224,24680000,33050
5,2468,24680000,24680100,135,224,24690000,33065
5,2469,24690000,24690100,135,224,24700000,33075
5,247,2470000,2470100,135,224,2480000,3309
5,2470,24700000,24700100,135,224,24710000,33090
5,2471,24710000,24710100,135,224,24720000,33102
5,2472,24720000,24720100,135,224,24730000,33120
5,2473,24730000,24730100,135,224,24740000,33130
5,2474,24740000,24740100,135,224,24750000,33142
5,2475,24750000,24750100,135,224,24760000,33157
5,2476,24760000,24760100,135,224,24770000,33172
5,2477,24770000,24770100,135,224,24780000,33183
5,2478,24780000,24780100,135,224,24790000,33197
5,2479,24790000,24790100,135,224,24800000,33209
5,248,2480000,2480100,135,224,2490000,3326
5,2480,24800000,24800100,135,224,24810000,33227
5,2481,24810000,24810100,135,224,24820000,33237
5,2482,24820000,24820100,135,224,24830000,33252
5,2483,24830000,24830100,135,224,24840000,33262
5,2484,24840000,24840100,135,224,24850000,33279
5,2485,24850000,24850100,135,224,24860000,33292
5,2486,24860000,24860100,135,224,24870000,33304
5,2487,24870000,24870100,135,224,24880000,33315
5,2488,24880000,24880100,135,224,24890000,33334
5,2489,24890000,24890100,135,224,24900000,33344
5,249,2490000,2490100,135,224,2500000,3336
5,2490,24900000,24900100,135,224,24910000,33359
5,2491,24910000,24910100,135,224,24920000,33369
5,2492,24920000,24920100,135,224,24930000,33387
5,2493,24930000,24930100,135,224,24940000,33399
5,2494,24940000,24940100,135,224,24950000,33411
5,2495,24950000,24950100,135,224,24960000,33422
5,2496,24960000,24960100,135,224,24970000,33439
5,2497,24970000,24970100,135,224,24980000,33454
5,2498,24980000,24980100,135,224,24990000,33466
5,2499,24990000,24990100,135,224,25000000,33478
5,25,250000,250100,135,224,260000,335
5,250,2500000,2500100,135,224,2510000,3349
5,2500,25000000,25000100,135,224,25010000,33494
5,2501,25010000,25010100,135,224,25020000,33504
5,2502,25020000,25020100,135,224,25030000,33519
5,2503,25030000,25030100,135,224,25040000,33529
5,2504,25040000,25040100,135,224,25050000,33546
5,2505,25050000,25050100,135,224,25060000,33559
5,2506,25060000,25060100,135,224,25070000,33575
5,2507,25070000,25070100,135,224,25080000,33586
5,2508,25080000,25080100,135,224,25090000,33601
5,2509,25090000,25090100,135,224,25100000,33611
5,251,2510000,2510100,135,224,2520000,3359
5,2510,25100000,25100100,135,224,25110000,33624
5,2511,25110000,25110100,135,224,25120000,33636
5,2512,25120000,25120100,135,224,25130000,33656
5,2513,25130000,25130100,135,224,25140000,33668
5,2514,25140000,25140100,135,224,25150000,33680
5,2515,25150000,25150100,135,224,25160000,33693
5,2516,25160000,25160100,135,224,25170000,33708
5,2517,25170000,25170100,135,224,25180000,33719
5,2518,25180000,25180100,135,224,25190000,33731
5,2519,25190000,25190100,135,224,25200000,33741
5,252,2520000,2520100,135,224,2530000,3379
5,253,2530000,2530100,135,224,2540000,3389
5,254,2540000,2540100,135,224,2550000,3401
5,255,2550000,2550100,135,224,2560000,3414
5,256,2560000,2560100,135,224,2570000,3433
5,257,2570000,2570100,135,224,2580000,3444
5,258,2580000,2580100,135,224,2590000,3456
5,259,2590000,2590100,135,224,2600000,3468
5,26,260000,260100,135,224,270000,347
5,260,2600000,2600100,135,224,2610000,3484
5,261,2610000,2610100,135,224,2620000,3496
5,262,2620000,2620100,135,224,2630000,3511
5,263,2630000,2630100,135,224,2640000,3521
5,264,2640000,2640100,135,224,2650000,3538
5,265,2650000,2650100,135,224,2660000,3551
5,266,2660000,2660100,135,224,2670000,3565
5,267,2670000,2670100,135,224,2680000,3576
5,268,2680000,2680100,135,224,2690000,3591
5,269,2690000,2690100,135,224,2700000,3601
5,27,270000,270100,135,224,280000,360
5,270,2700000,2700100,135,224,2710000,3618
5,271,2710000,2710100,135,224,2720000,3628
5,272,2720000,2720100,135,224,2730000,3646
5,273,2730000,2730100,135,224,2740000,3658
5,274,2740000,2740100,135,224,2750000,3672
5,275,2750000,2750100,135,224,2760000,3683
5,276,2760000,2760100,135,224,2770000,3698
5,277,2770000,2770100,135,224,2780000,3711
5,278,2780000,2780100,135,224,2790000,3723
5,279,2790000,2790100,135,224,2800000,3735
5,28,280000,280100,135,224,290000,377
5,280,2800000,2800100,135,224,2810000,3755
5,281,2810000,2810100,135,224,2820000,3765
5,282,2820000,2820100,135,224,2830000,3778
5,283,2830000,2830100,135,224,2840000,3790
5,284,2840000,2840100,135,224,2850000,3805
5,285,2850000,2850100,135,224,2860000,3818
5,286,2860000,2860100,135,224,2870000,3830
5,287,2870000,2870100,135,224,2880000,3843
5,288,2880000,2880100,135,224,2890000,3862
5,289,2890000,2890100,135,224,2900000,3872
5,29,290000,290100,135,224,300000,387
5,290,2900000,2900100,135,224,2910000,3885
5,291,2910000,2910100,135,224,2920000,3895
5,292,2920000,2920100,135,224,2930000,3915
5,293,2930000,2930100,135,224,2940000,3925
5,294,2940000,2940100,135,224,2950000,3939
5,295,2950000,2950100,135,224,2960000,3950
5,296,2960000,2960100,135,224,2970000,3967
5,297,2970000,2970100,135,224,2980000,3980
5,298,2980000,2980100,135,224,2990000,3992
5,299,2990000,2990100,135,224,3000000,4002
5,3,30000,30100,135,224,40000,38
5,30,300000,300100,135,224,310000,402
5,300,3000000,3000100,135,224,3010000,4020
5,301,3010000,3010100,135,224,3020000,4034
5,302,3020000,3020100,135,224,3030000,4047
5,303,3030000,3030100,135,224,3040000,4057
5,304,3040000,3040100,135,224,3050000,4074
5,305,3050000,3050100,135,224,3060000,4085
5,306,3060000,3060100,135,224,3070000,4099
5,307,3070000,3070100,135,224,3080000,4112
5,308,3080000,3080100,135,224,3090000,4129
5,309,3090000,3090100,135,224,3100000,4139
5,31,310000,310100,135,224,320000,414
5,310,3100000,3100100,135,224,3110000,4154
5,311,3110000,3110100,135,224,3120000,4164
5,312,3120000,3120100,135,224,3130000,4182
5,313,3130000,3130100,135,224,3140000,4192
5,314,3140000,3140100,135,224,3150000,4204
5,315,3150000,3150100,135,224,3160000,4221
5,316,3160000,3160100,135,224,3170000,4236
5,317,3170000,3170100,135,224,3180000,4247
5,318,3180000,3180100,135,224,3190000,4259
5,319,3190000,3190100,135,224,3200000,4271
5,32,320000,320100,135,224,330000,432
5,320,3200000,3200100,135,224,3210000,4289
5,321,3210000,3210100,135,224,3220000,4299
5,322,3220000,3220100,135,224,3230000,4316
5,323,3230000,3230100,135,224,3240000,4326
5,324,3240000,3240100,135,224,3250000,4343
5,325,3250000,3250100,135,224,3260000,4354
5,326,3260000,3260100,135,224,3270000,4366
5,327,3270000,3270100,135,224,3280000,4377
5,328,3280000,3280100,135,224,3290000,4396
5,329,3290000,3290100,135,224,3300000,4408
5,33,330000,330100,135,224,340000,442
5,330,3300000,3300100,135,224,3310000,4423
5,331,3310000,3310100,135,224,3320000,4433
5,332,3320000,3320100,135,224,3330000,4449
5,333,3330000,3330100,135,224,3340000,4461
5,334,3340000,3340100,135,224,3350000,4473
5,335,3350000,3350100,135,224,3360000,4484
5,336,3360000,3360100,135,224,3370000,4503
5,337,3370000,3370100,135,224,3380000,4518
5,338,3380000,3380100,135,224,3390000,4530
5,339,3390000,3390100,135,224,3400000,4540
5,34,340000,340100,135,224,350000,454
5,340,3400000,3400100,135,224,3410000,4556
5,341,3410000,3410100,135,224,3420000,4566
5,342,3420000,3420100,135,224,3430000,4581
5,343,3430000,3430100,135,224,3440000,4593
5,344,3440000,3440100,135,224,3450000,4610
5,345,3450000,3450100,135,224,3460000,4623
5,346,3460000,3460100,135,224,3470000,4637
5,347,3470000,3470100,135,224,3480000,4648
5,348,3480000,3480100,135,224,3490000,4663
5,349,3490000,3490100,135,224,3500000,4673
5,35,350000,350100,135,224,360000,467
5,350,3500000,3500100,135,224,3510000,4688
5,351,3510000,3510100,135,224,3520000,4700
5,352,3520000,3520100,135,224,3530000,4720
5,353,3530000,3530100,135,224,3540000,4730
5,354,3540000,3540100,135,224,3550000,4742
5,355,3550000,3550100,135,224,3560000,4755
5,356,3560000,3560100,135,224,3570000,4770
5,357,3570000,3570100,135,224,3580000,4783
5,358,3580000,3580100,135,224,3590000,4795
5,359,3590000,3590100,135,224,3600000,4805
5,36,360000,360100,135,224,370000,484
5,360,3600000,3600100,135,224,3610000,4827
5,361,3610000,3610100,135,224,3620000,4837
5,362,3620000,3620100,135,224,3630000,4850
5,363,3630000,3630100,135,224,3640000,4860
5,364,3640000,3640100,135,224,3650000,4879
5,365,3650000,3650100,135,224,3660000,4890
5,366,3660000,3660100,135,224,3670000,4902
5,367,3670000,3670100,135,224,3680000,4915
5,368,3680000,3680100,135,224,3690000,4932
5,369,3690000,3690100,135,224,3700000,4944
5,37,370000,370100,135,224,380000,497
5,370,3700000,3700100,135,224,3710000,4957
5,371,3710000,3710100,135,224,3720000,4969
5,372,3720000,3720100,135,224,3730000,4985
5,373,3730000,3730100,135,224,3740000,4997
5,374,3740000,3740100,135,224,3750000,5009
5,375,3750000,3750100,135,224,3760000,5022
5,376,3760000,3760100,135,224,3770000,5039
5,377,3770000,3770100,135,224,3780000,5050
5,378,3780000,3780100,135,224,3790000,5066
5,379,3790000,3790100,135,224,3800000,5076
5,38,380000,380100,135,224,390000,509
5,380,3800000,3800100,135,224,3810000,5092
5,381,3810000,3810100,135,224,3820000,5102
5,382,3820000,3820100,135,224,3830000,5119
5,383,3830000,3830100,135,224,3840000,5129
5,384,3840000,3840100,135,224,3850000,5146
5,385,3850000,3850100,135,224,3860000,5159
5,386,3860000,3860100,135,224,3870000,5171
5,387,3870000,3870100,135,224,3880000,5184
5,388,3880000,3880100,135,224,3890000,5199
5,389,3890000,3890100,135,224,3900000,5209
5,39,390000,390100,135,224,400000,519
5,390,3900000,3900100,135,224,3910000,5224
5,391,3910000,3910100,135,224,3920000,5236
5,392,3920000,3920100,135,224,3930000,5256
5,393,3930000,3930100,135,224,3940000,5266
5,394,3940000,3940100,135,224,3950000,5278
5,395,3950000,3950100,135,224,3960000,5289
5,396,3960000,3960100,135,224,3970000,5306
5,397,3970000,3970100,135,224,3980000,5319
5,398,3980000,3980100,135,224,3990000,5331
5,399,3990000,3990100,135,224,4000000,5343
5,4,40000,40100,135,224,50000,55
5,40,400000,400100,135,224,410000,539
5,400,4000000,4000100,135,224,4010000,5363
5,401,4010000,4010100,135,224,4020000,5373
5,402,4020000,4020100,135,224,4030000,5386
5,403,4030000,4030100,135,224,4040000,5396
5,404,4040000,4040100,135,224,4050000,5411
5,405,4050000,4050100,135,224,4060000,5426
5,406,4060000,4060100,135,224,4070000,5440
5,407,4070000,4070100,135,224,4080000,5451
5,408,4080000,4080100,135,224,4090000,5468
5,409,4090000,4090100,135,224,4100000,5480
5,41,410000,410100,135,224,420000,549
5,410,4100000,4100100,135,224,4110000,5493
5,411,4110000,4110100,135,224,4120000,5503
5,412,4120000,4120100,135,224,4130000,5521
5,413,4130000,4130100,135,224,4140000,5533
5,414,4140000,4140100,135,224,4150000,5547
5,415,4150000,4150100,135,224,4160000,5558
5,416,4160000,4160100,135,224,4170000,5575
5,417,4170000,4170100,135,224,4180000,5586
5,418,4180000,4180100,135,224,4190000,5600
5,419,4190000,4190100,135,224,4200000,5610
5,42,420000,420100,135,224,430000,564
5,420,4200000,4200100,135,224,4210000,5630
5,421,4210000,4210100,135,224,4220000,5640
5,422,4220000,4220100,135,224,4230000,5653
5,423,4230000,4230100,135,224,4240000,5665
5,424,4240000,4240100,135,224,4250000,5682
5,425,4250000,4250100,135,224,4260000,5693
5,426,4260000,4260100,135,224,4270000,5705
5,427,4270000,4270100,135,224,4280000,5722
5,428,4280000,4280100,135,224,4290000,5737
5,429,4290000,4290100,135,224,4300000,5747
5,43,430000,430100,135,224,440000,574
5,430,4300000,4300100,135,224,4310000,5760
5,431,4310000,4310100,135,224,4320000,5770
5,432,4320000,4320100,135,224,4330000,5790
5,433,4330000,4330100,135,224,4340000,5800
5,434,4340000,4340100,135,224,4350000,5814
5,435,4350000,4350100,135,224,4360000,5827
5,436,4360000,4360100,135,224,4370000,5844
5,437,4370000,4370100,135,224,4380000,5855
5,438,4380000,4380100,135,224,4390000,5867
5,439,4390000,4390100,135,224,4400000,5877
5,44,440000,440100,135,224,450000,589
5,440,4400000,4400100,135,224,4410000,5895
5,441,4410000,4410100,135,224,4420000,5909
5,442,4420000,4420100,135,224,4430000,5924
5,443,4430000,4430100,135,224,4440000,5934
5,444,4440000,4440100,135,224,4450000,5949
5,445,4450000,4450100,135,224,4460000,5962
5,446,4460000,4460100,135,224,4470000,5974
5,447,4470000,4470100,135,224,4480000,5985
5,448,4480000,4480100,135,224,4490000,6004
5,449,4490000,4490100,135,224,4500000,6014
5,45,450000,450100,135,224,460000,604
5,450,4500000,4500100,135,224,4510000,6031
5,451,4510000,4510100,135,224,4520000,6041
5,452,4520000,4520100,135,224,4530000,6057
5,453,4530000,4530100,135,224,4540000,6067
5,454,4540000,4540100,135,224,4550000,6081
5,455,4550000,4550100,135,224,4560000,6094
5,456,4560000,4560100,135,224,4570000,6111
5,457,4570000,4570100,135,224,4580000,6124
5,458,4580000,4580100,135,224,4590000,6136
5,459,4590000,4590100,135,224,4600000,6148
5,46,460000,460100,135,224,470000,616
5,460,4600000,4600100,135,224,4610000,6164
5,461,4610000,4610100,135,224,4620000,6174
5,462,4620000,4620100,135,224,4630000,6189
5,463,4630000,4630100,135,224,4640000,6201
5,464,4640000,4640100,135,224,4650000,6218
5,465,4650000,4650100,135,224,4660000,6231
5,466,4660000,4660100,135,224,4670000,6243
5,467,4670000,4670100,135,224,4680000,6254
5,468,4680000,4680100,135,224,4690000,6271
5,469,4690000,4690100,135,224,4700000,6283
5,47,470000,470100,135,224,480000,627
5,470,4700000,4700100,135,224,4710000,6296
5,471,4710000,4710100,135,224,4720000,6306
5,472,4720000,4720100,135,224,4730000,6328
5,473,4730000,4730100,135,224,4740000,6338
5,474,4740000,4740100,135,224,4750000,6350
5,475,4750000,4750100,135,224,4760000,6361
5,476,4760000,4760100,135,224,4770000,6378
5,477,4770000,4770100,135,224,4780000,6391
5,478,4780000,4780100,135,224,4790000,6403
5,479,4790000,4790100,135,224,4800000,6413
5,48,480000,480100,135,224,490000,644
5,480,4800000,4800100,135,224,4810000,6433
5,481,4810000,4810100,135,224,4820000,6445
5,482,4820000,4820100,135,224,4830000,6458
5,483,4830000,4830100,135,224,4840000,6470
5,484,4840000,4840100,135,224,4850000,6485
5,485,4850000,4850100,135,224,4860000,6496
5,486,4860000,4860100,135,224,4870000,6510
5,487,4870000,4870100,135,224,4880000,6523
5,488,4880000,4880100,135,224,4890000,6540
5,489,4890000,4890100,135,224,4900000,6550
5,49,490000,490100,135,224,500000,658
5,490,4900000,4900100,135,224,4910000,6567
5,491,4910000,4910100,135,224,4920000,6577
5,492,4920000,4920100,135,224,4930000,6593
5,493,4930000,4930100,135,224,4940000,6603
5,494,4940000,4940100,135,224,4950000,6615
5,495,4950000,4950100,135,224,4960000,6630
5,496,4960000,4960100,135,224,4970000,6647
5,497,4970000,4970100,135,224,4980000,6660
5,498,4980000,4980100,135,224,4990000,6672
5,499,4990000,4990100,135,224,5000000,6684
5,5,50000,50100,135,224,60000,66
5,50,500000,500100,135,224,510000,671
5,500,5000000,5000100,135,224,5010000,6700
5,501,5010000,5010100,135,224,5020000,6710
5,502,5020000,5020100,135,224,5030000,6725
5,503,5030000,5030100,135,224,5040000,6735
5,504,5040000,5040100,135,224,5050000,6756
5,505,5050000,5050100,135,224,5060000,6767
5,506,5060000,5060100,135,224,5070000,6779
5,507,5070000,5070100,135,224,5080000,6790
5,508,5080000,5080100,135,224,5090000,6807
5,509,5090000,5090100,135,224,5100000,6817
5,51,510000,510100,135,224,520000,681
5,510,5100000,5100100,135,224,5110000,6832
5,511,5110000,5110100,135,224,5120000,6844
5,512,5120000,5120100,135,224,5130000,6862
5,513,5130000,5130100,135,224,5140000,6874
5,514,5140000,5140100,135,224,5150000,6886
5,515,5150000,5150100,135,224,5160000,6897
5,516,5160000,5160100,135,224,5170000,6912
5,517,5170000,5170100,135,224,5180000,6927
5,518,5180000,5180100,135,224,5190000,6941
5,519,5190000,5190100,135,224,5200000,6951
5,52,520000,520100,135,224,530000,699
5,520,5200000,5200100,135,224,5210000,6969
5,521,5210000,5210100,135,224,5220000,6979
5,522,5220000,5220100,135,224,5230000,6994
5,523,5230000,5230100,135,224,5240000,7004
5,524,5240000,5240100,135,224,5250000,7019
5,525,5250000,5250100,135,224,5260000,7034
5,526,5260000,5260100,135,224,5270000,7048
5,527,5270000,5270100,135,224,5280000,7059
5,528,5280000,5280100,135,224,5290000,7076
5,529,5290000,5290100,135,224,5300000,7086
5,53,530000,530100,135,224,540000,709
5,530,5300000,5300100,135,224,5310000,7099
5,531,5310000,5310100,135,224,5320000,7111
5,532,5320000,5320100,135,224,5330000,7131
5,533,5330000,5330100,135,224,5340000,7141
5,534,5340000,5340100,135,224,5350000,7153
5,535,5350000,5350100,135,224,5360000,7166
5,536,5360000,5360100,135,224,5370000,7183
5,537,5370000,5370100,135,224,5380000,7194
5,538,5380000,5380100,135,224,5390000,7206
5,539,5390000,5390100,135,224,5400000,7218
5,54,540000,540100,135,224,550000,723
5,540,5400000,5400100,135,224,5410000,7238
5,541,5410000,5410100,135,224,5420000,7248
5,542,5420000,5420100,135,224,5430000,7261
5,543,5430000,5430100,135,224,5440000,7271
5,544,5440000,5440100,135,224,5450000,7290
5,545,5450000,5450100,135,224,5460000,7301
5,546,5460000,5460100,135,224,5470000,7315
5,547,5470000,5470100,135,224,5480000,7328
5,548,5480000,5480100,135,224,5490000,7343
5,549,5490000,5490100,135,224,5500000,7355
5,55,550000,550100,135,224,560000,734
5,550,5500000,5500100,135,224,5510000,7368
5,551,5510000,5510100,135,224,5520000,7378
5,552,5520000,5520100,135,224,5530000,7396
5,553,5530000,5530100,135,224,5540000,7410
5,554,5540000,5540100,135,224,5550000,7422
5,555,5550000,5550100,135,224,5560000,7435
5,556,5560000,5560100,135,224,5570000,7450
5,557,5570000,5570100,135,224,5580000,7461
5,558,5580000,5580100,135,224,5590000,7475
5,559,5590000,5590100,135,224,5600000,7485
5,56,560000,560100,135,224,570000,753
5,560,5600000,5600100,135,224,5610000,7505
5,561,5610000,5610100,135,224,5620000,7515
5,562,5620000,5620100,135,224,5630000,7532
5,563,5630000,5630100,135,224,5640000,7542
5,564,5640000,5640100,135,224,5650000,7557
5,565,5650000,5650100,135,224,5660000,7568
5,566,5660000,5660100,135,224,5670000,7580
5,567,5670000,5670100,135,224,5680000,7595
5,568,5680000,5680100,135,224,5690000,7612
5,569,5690000,5690100,135,224,5700000,7622
5,57,570000,570100,135,224,580000,764
5,570,5700000,5700100,135,224,5710000,7637
5,571,5710000,5710100,135,224,5720000,7649
5,572,5720000,5720100,135,224,5730000,7665
5,573,5730000,5730100,135,224,5740000,7675
5,574,5740000,5740100,135,224,5750000,7689
5,575,5750000,5750100,135,224,5760000,7700
5,576,5760000,5760100,135,224,5770000,7719
5,577,5770000,5770100,135,224,5780000,7732
5,578,5780000,5780100,135,224,5790000,7744
5,579,5790000,5790100,135,224,5800000,7754
5,58,580000,580100,135,224,590000,778
5,580,5800000,5800100,135,224,5810000,7772
5,581,5810000,5810100,135,224,5820000,7784
5,582,5820000,5820100,135,224,5830000,7797
5,583,5830000,5830100,135,224,5840000,7807
5,584,5840000,5840100,135,224,5850000,7824
5,585,5850000,5850100,135,224,5860000,7839
5,586,5860000,5860100,135,224,5870000,7851
5,587,5870000,5870100,135,224,5880000,7862
5,588,5880000,5880100,135,224,5890000,7879
5,589,5890000,5890100,135,224,5900000,7891
5,59,590000,590100,135,224,600000,788
5,590,5900000,5900100,135,224,5910000,7904
5,591,5910000,5910100,135,224,5920000,7914
5,592,5920000,5920100,135,224,5930000,7934
5,593,5930000,5930100,135,224,5940000,7944
5,594,5940000,5940100,135,224,5950000,7958
5,595,5950000,5950100,135,224,5960000,7971
5,596,5960000,5960100,135,224,5970000,7986
5,597,5970000,5970100,135,224,5980000,7997
5,598,5980000,5980100,135,224,5990000,8011
5,599,5990000,5990100,135,224,6000000,8021
5,6,60000,60100,135,224,70000,78
5,60,600000,600100,135,224,610000,806
5,600,6000000,6000100,135,224,6010000,8041
5,601,6010000,6010100,135,224,6020000,8051
5,602,6020000,6020100,135,224,6030000,8066
5,603,6030000,6030100,135,224,6040000,8078
5,604,6040000,6040100,135,224,6050000,8093
5,605,6050000,6050100,135,224,6060000,8104
5,606,6060000,6060100,135,224,6070000,8116
5,607,6070000,6070100,135,224,6080000,8131
5,608,6080000,6080100,135,224,6090000,8148
5,609,6090000,6090100,135,224,6100000,8160
5,61,610000,610100,135,224,620000,816
5,610,6100000,6100100,135,224,6110000,8173
5,611,6110000,6110100,135,224,6120000,8183
5,612,6120000,6120100,135,224,6130000,8201
5,613,6130000,6130100,135,224,6140000,8211
5,614,6140000,6140100,135,224,6150000,8223
5,615,6150000,6150100,135,224,6160000,8236
5,616,6160000,6160100,135,224,6170000,8257
5,617,6170000,6170100,135,224,6180000,8268
5,618,6180000,6180100,135,224,6190000,8280
5,619,6190000,6190100,135,224,6200000,8290
5,62,620000,620100,135,224,630000,829
5,620,6200000,6200100,135,224,6210000,8306
5,621,6210000,6210100,135,224,6220000,8318
5,622,6220000,6220100,135,224,6230000,8333
5,623,6230000,6230100,135,224,6240000,8345
5,624,6240000,6240100,135,224,6250000,8362
5,625,6250000,6250100,135,224,6260000,8375
5,626,6260000,6260100,135,224,6270000,8387
5,627,6270000,6270100,135,224,6280000,8398
5,628,6280000,6280100,135,224,6290000,8413
5,629,6290000,6290100,135,224,6300000,8423
5,63,630000,630100,135,224,640000,843
5,630,6300000,6300100,135,224,6310000,8442
5,631,6310000,6310100,135,224,6320000,8452
5,632,6320000,6320100,135,224,6330000,8470
5,633,6330000,6330100,135,224,6340000,8480
5,634,6340000,6340100,135,224,6350000,8494
5,635,6350000,6350100,135,224,6360000,8505
5,636,6360000,6360100,135,224,6370000,8520
5,637,6370000,6370100,135,224,6380000,8535
5,638,6380000,6380100,135,224,6390000,8547
5,639,6390000,6390100,135,224,6400000,8559
5,64,640000,640100,135,224,650000,860
5,640,6400000,6400100,135,224,6410000,8577
5,641,6410000,6410100,135,224,6420000,8587
5,642,6420000,6420100,135,224,6430000,8600
5,643,6430000,6430100,135,224,6440000,8612
5,644,6440000,6440100,135,224,6450000,8629
5,645,6450000,6450100,135,224,6460000,8642
5,646,6460000,6460100,135,224,6470000,8654
5,647,6470000,6470100,135,224,6480000,8665
5,648,6480000,6480100,135,224,6490000,8684
5,649,6490000,6490100,135,224,6500000,8694
5,65,650000,650100,135,224,660000,871
5,650,6500000,6500100,135,224,6510000,8707
5,651,6510000,6510100,135,224,6520000,8719
5,652,6520000,6520100,135,224,6530000,8739
5,653,6530000,6530100,135,224,6540000,8749
5,654,6540000,6540100,135,224,6550000,8761
5,655,6550000,6550100,135,224,6560000,8772
5,656,6560000,6560100,135,224,6570000,8789
5,657,6570000,6570100,135,224,6580000,8802
5,658,6580000,6580100,135,224,6590000,8816
5,659,6590000,6590100,135,224,6600000,8826
5,66,660000,660100,135,224,670000,883
5,660,6600000,6600100,135,224,6610000,8844
5,661,6610000,6610100,135,224,6620000,8856
5,662,6620000,6620100,135,224,6630000,8869
5,663,6630000,6630100,135,224,6640000,8879
5,664,6640000,6640100,135,224,6650000,8896
5,665,6650000,6650100,135,224,6660000,8909
5,666,6660000,6660100,135,224,6670000,8923
5,667,6670000,6670100,135,224,6680000,8936
5,668,6680000,6680100,135,224,6690000,8951
5,669,6690000,6690100,135,224,6700000,8961
5,67,670000,670100,135,224,680000,898
5,670,6700000,6700100,135,224,6710000,8976
5,671,6710000,6710100,135,224,6720000,8986
5,672,6720000,6720100,135,224,6730000,9006
5,673,6730000,6730100,135,224,6740000,9016
5,674,6740000,6740100,135,224,6750000,9028
5,675,6750000,6750100,135,224,6760000,9043
5,676,6760000,6760100,135,224,6770000,9058
5,677,6770000,6770100,135,224,6780000,9069
5,678,6780000,6780100,135,224,6790000,9081
5,679,6790000,6790100,135,224,6800000,9095
5,68,680000,680100,135,224,690000,913
5,680,6800000,6800100,135,224,6810000,9113
5,681,6810000,6810100,135,224,6820000,9123
5,682,6820000,6820100,135,224,6830000,9138
5,683,6830000,6830100,135,224,6840000,9148
5,684,6840000,6840100,135,224,6850000,9165
5,685,6850000,6850100,135,224,6860000,9176
5,686,6860000,6860100,135,224,6870000,9190
5,687,6870000,6870100,135,224,6880000,9201
5,688,6880000,6880100,135,224,6890000,9220
5,689,6890000,6890100,135,224,6900000,9230
5,69,690000,690100,135,224,700000,923
5,690,6900000,6900100,135,224,6910000,9245
5,691,6910000,6910100,135,224,6920000,9255
5,692,6920000,6920100,135,224,6930000,9271
5,693,6930000,6930100,135,224,6940000,9285
5,694,6940000,6940100,135,224,6950000,9297
5,695,6950000,6950100,135,224,6960000,9308
5,696,6960000,6960100,135,224,6970000,9325
5,697,6970000,6970100,135,224,6980000,9340
5,698,6980000,6980100,135,224,6990000,9352
5,699,6990000,6990100,135,224,7000000,9362
5,7,70000,70100,135,224,80000,93
5,70,700000,700100,135,224,710000,938
5,700,7000000,7000100,135,224,7010000,9380
5,701,7010000,7010100,135,224,7020000,9390
5,702,7020000,7020100,135,224,7030000,9405
5,703,7030000,7030100,135,224,7040000,9415
5,704,7040000,7040100,135,224,7050000,9432
5,705,7050000,7050100,135,224,7060000,9445
5,706,7060000,7060100,135,224,7070000,9459
5,707,7070000,7070100,135,224,7080000,9472
5,708,7080000,7080100,135,224,7090000,9487
5,709,7090000,7090100,135,224,7100000,9497
5,71,710000,710100,135,224,720000,948
5,710,7100000,7100100,135,224,7110000,9510
5,711,7110000,7110100,135,224,7120000,9522
5,712,7120000,7120100,135,224,7130000,9542
5,713,7130000,7130100,135,224,7140000,9552
5,714,7140000,7140100,135,224,7150000,9566
5,715,7150000,7150100,135,224,7160000,9579
5,716,7160000,7160100,135,224,7170000,9594
5,717,7170000,7170100,135,224,7180000,9605
5,718,7180000,7180100,135,224,7190000,9617
5,719,7190000,7190100,135,224,7200000,9627
5,72,720000,720100,135,224,730000,968
5,720,7200000,7200100,135,224,7210000,9649
5,721,7210000,7210100,135,224,7220000,9661
5,722,7220000,7220100,135,224,7230000,9674
5,723,7230000,7230100,135,224,7240000,9684
5,724,7240000,7240100,135,224,7250000,9701
5,725,7250000,7250100,135,224,7260000,9712
5,726,7260000,7260100,135,224,7270000,9724
5,727,7270000,7270100,135,224,7280000,9737
5,728,7280000,7280100,135,224,7290000,9756
5,729,7290000,7290100,135,224,7300000,9768
5,73,730000,730100,135,224,740000,978
5,730,7300000,7300100,135,224,7310000,9781
5,731,7310000,7310100,135,224,7320000,9791
5,732,7320000,7320100,135,224,7330000,9807
5,733,7330000,7330100,135,224,7340000,9819
5,734,7340000,7340100,135,224,7350000,9831
5,735,7350000,7350100,135,224,7360000,9846
5,736,7360000,7360100,135,224,7370000,9863
5,737,7370000,7370100,135,224,7380000,9874
5,738,7380000,7380100,135,224,7390000,9888
5,739,7390000,7390100,135,224,7400000,9898
5,74,740000,740100,135,224,750000,990
5,740,7400000,7400100,135,224,7410000,9914
5,741,7410000,7410100,135,224,7420000,9924
5,742,7420000,7420100,135,224,7430000,9943
5,743,7430000,7430100,135,224,7440000,9953
5,744,7440000,7440100,135,224,7450000,9970
5,745,7450000,7450100,135,224,7460000,9981
5,746,7460000,7460100,135,224,7470000,9993
5,747,7470000,7470100,135,224,7480000,10006
5,748,7480000,7480100,135,224,7490000,10021
5,749,7490000,7490100,135,224,7500000,10033
5,75,750000,750100,135,224,760000,1003
5,750,7500000,7500100,135,224,7510000,10048
5,751,7510000,7510100,135,224,7520000,10060
5,752,7520000,7520100,135,224,7530000,10078
5,753,7530000,7530100,135,224,7540000,10088
5,754,7540000,7540100,135,224,7550000,10100
5,755,7550000,7550100,135,224,7560000,10111
5,756,7560000,7560100,135,224,7570000,10130
5,757,7570000,7570100,135,224,7580000,10143
5,758,7580000,7580100,135,224,7590000,10155
5,759,7590000,7590100,135,224,7600000,10165
5,76,760000,760100,135,224,770000,1020
5,760,7600000,7600100,135,224,7610000,10185
5,761,7610000,7610100,135,224,7620000,10195
5,762,7620000,7620100,135,224,7630000,10208
5,763,7630000,7630100,135,224,7640000,10220
5,764,7640000,7640100,135,224,7650000,10235
5,765,7650000,7650100,135,224,7660000,10250
5,766,7660000,7660100,135,224,7670000,10262
5,767,7670000,7670100,135,224,7680000,10273
5,768,7680000,7680100,135,224,7690000,10290
5,769,7690000,7690100,135,224,7700000,10302
5,77,770000,770100,135,224,780000,1033
5,770,7700000,7700100,135,224,7710000,10317
5,771,7710000,7710100,135,224,7720000,10327
5,772,7720000,7720100,135,224,7730000,10345
5,773,7730000,7730100,135,224,7740000,10355
5,774,7740000,7740100,135,224,7750000,10369
5,775,7750000,7750100,135,224,7760000,10380
5,776,7760000,7760100,135,224,7770000,10397
5,777,7770000,7770100,135,224,7780000,10410
5,778,7780000,7780100,135,224,7790000,10424
5,779,7790000,7790100,135,224,7800000,10434
5,78,780000,780100,135,224,790000,1045
5,780,7800000,7800100,135,224,7810000,10452
5,781,7810000,7810100,135,224,7820000,10462
5,782,7820000,7820100,135,224,7830000,10475
5,783,7830000,7830100,135,224,7840000,10487
5,784,7840000,7840100,135,224,7850000,10506
5,785,7850000,7850100,135,224,7860000,10517
5,786,7860000,7860100,135,224,7870000,10529
5,787,7870000,7870100,135,224,7880000,10544
5,788,7880000,7880100,135,224,7890000,10559
5,789,7890000,7890100,135,224,7900000,10569
5,79,790000,790100,135,224,800000,1055
5,790,7900000,7900100,135,224,7910000,10582
5,791,7910000,7910100,135,224,7920000,10594
5,792,7920000,7920100,135,224,7930000,10614
5,793,7930000,7930100,135,224,7940000,10624
5,794,7940000,7940100,135,224,7950000,10636
5,795,7950000,7950100,135,224,7960000,10649
5,796,7960000,7960100,135,224,7970000,10666
5,797,7970000,7970100,135,224,7980000,10677
5,798,7980000,7980100,135,224,7990000,10691
5,799,7990000,7990100,135,224,8000000,10701
5,8,80000,80100,135,224,90000,110
5,80,800000,800100,135,224,810000,1073
5,800,8000000,8000100,135,224,8010000,10719
5,801,8010000,8010100,135,224,8020000,10731
5,802,8020000,8020100,135,224,8030000,10746
5,803,8030000,8030100,135,224,8040000,10756
5,804,8040000,8040100,135,224,8050000,10771
5,805,8050000,8050100,135,224,8060000,10786
5,806,8060000,8060100,135,224,8070000,10798
5,807,8070000,8070100,135,224,8080000,10809
5,808,8080000,8080100,135,224,8090000,10826
5,809,8090000,8090100,135,224,8100000,10836
5,81,810000,810100,135,224,820000,1085
5,810,8100000,8100100,135,224,8110000,10853
5,811,8110000,8110100,135,224,8120000,10863
5,812,8120000,8120100,135,224,8130000,10881
5,813,8130000,8130100,135,224,8140000,10891
5,814,8140000,8140100,135,224,8150000,10905
5,815,8150000,8150100,135,224,8160000,10916
5,816,8160000,8160100,135,224,8170000,10933
5,817,8170000,8170100,135,224,8180000,10946
5,818,8180000,8180100,135,224,8190000,10958
5,819,8190000,8190100,135,224,8200000,10972
5,82,820000,820100,135,224,830000,1100
5,820,8200000,8200100,135,224,8210000,10988
5,821,8210000,8210100,135,224,8220000,10998
5,822,8220000,8220100,135,224,8230000,11011
5,823,8230000,8230100,135,224,8240000,11023
5,824,8240000,8240100,135,224,8250000,11040
5,825,8250000,8250100,135,224,8260000,11053
5,826,8260000,8260100,135,224,8270000,11067
5,827,8270000,8270100,135,224,8280000,11078
5,828,8280000,8280100,135,224,8290000,11095
5,829,8290000,8290100,135,224,8300000,11105
5,83,830000,830100,135,224,840000,1110
5,830,8300000,8300100,135,224,8310000,11118
5,831,8310000,8310100,135,224,8320000,11128
5,832,8320000,8320100,135,224,8330000,11150
5,833,8330000,8330100,135,224,8340000,11162
5,834,8340000,8340100,135,224,8350000,11174
5,835,8350000,8350100,135,224,8360000,11185
5,836,8360000,8360100,135,224,8370000,11200
5,837,8370000,8370100,135,224,8380000,11213
5,838,8380000,8380100,135,224,8390000,11225
5,839,8390000,8390100,135,224,8400000,11235
5,84,840000,840100,135,224,850000,1127
5,840,8400000,8400100,135,224,8410000,11257
5,841,8410000,8410100,135,224,8420000,11269
5,842,8420000,8420100,135,224,8430000,11282
5,843,8430000,8430100,135,224,8440000,11292
5,844,8440000,8440100,135,224,8450000,11307
5,845,8450000,8450100,135,224,8460000,11318
5,846,8460000,8460100,135,224,8470000,11332
5,847,8470000,8470100,135,224,8480000,11347
5,848,8480000,8480100,135,224,8490000,11364
5,849,8490000,8490100,135,224,8500000,11374
5,85,850000,850100,135,224,860000,1140
5,850,8500000,8500100,135,224,8510000,11389
5,851,8510000,8510100,135,224,8520000,11399
5,852,8520000,8520100,135,224,8530000,11415
5,853,8530000,8530100,135,224,8540000,11425
5,854,8540000,8540100,135,224,8550000,11439
5,855,8550000,8550100,135,224,8560000,11454
5,856,8560000,8560100,135,224,8570000,11471
5,857,8570000,8570100,135,224,8580000,11482
5,858,8580000,8580100,135,224,8590000,11494
5,859,8590000,8590100,135,224,8600000,11506
5,86,860000,860100,135,224,870000,1152
5,860,8600000,8600100,135,224,8610000,11522
5,861,8610000,8610100,135,224,8620000,11534
5,862,8620000,8620100,135,224,8630000,11549
5,863,8630000,8630100,135,224,8640000,11559
5,864,8640000,8640100,135,224,8650000,11578
5,865,8650000,8650100,135,224,8660000,11589
5,866,8660000,8660100,135,224,8670000,11601
5,867,8670000,8670100,135,224,8680000,11612
5,868,8680000,8680100,135,224,8690000,11631
5,869,8690000,8690100,135,224,8700000,11641
5,87,870000,870100,135,224,880000,1163
5,870,8700000,8700100,135,224,8710000,11656
5,871,8710000,8710100,135,224,8720000,11666
5,872,8720000,8720100,135,224,8730000,11684
5,873,8730000,8730100,135,224,8740000,11696
5,874,8740000,8740100,135,224,8750000,11708
5,875,8750000,8750100,135,224,8760000,11721
5,876,8760000,8760100,135,224,8770000,11736
5,877,8770000,8770100,135,224,8780000,11751
5,878,8780000,8780100,135,224,8790000,11763
5,879,8790000,8790100,135,224,8800000,11773
5,88,880000,880100,135,224,890000,1180
5,880,8800000,8800100,135,224,8810000,11791
5,881,8810000,8810100,135,224,8820000,11801
5,882,8820000,8820100,135,224,8830000,11818
5,883,8830000,8830100,135,224,8840000,11828
5,884,8840000,8840100,135,224,8850000,11843
5,885,8850000,8850100,135,224,8860000,11856
5,886,8860000,8860100,135,224,8870000,11870
5,887,8870000,8870100,135,224,8880000,11881
5,888,8880000,8880100,135,224,8890000,11898
5,889,8890000,8890100,135,224,8900000,11910
5,89,890000,890100,135,224,900000,1190
5,890,8900000,8900100,135,224,8910000,11923
5,891,8910000,8910100,135,224,8920000,11935
5,892,8920000,8920100,135,224,8930000,11953
5,893,8930000,8930100,135,224,8940000,11963
5,894,8940000,8940100,135,224,8950000,11975
5,895,8950000,8950100,135,224,8960000,11988
5,896,8960000,8960100,135,224,8970000,12007
5,897,8970000,8970100,135,224,8980000,12018
5,898,8980000,8980100,135,224,8990000,12030
5,899,8990000,8990100,135,224,9000000,12040
5,9,90000,90100,135,224,100000,122
5,90,900000,900100,135,224,910000,1207
5,900,9000000,9000100,135,224,9010000,12060
5,901,9010000,9010100,135,224,9020000,12070
5,902,9020000,9020100,135,224,9030000,12083
5,903,9030000,9030100,135,224,9040000,12095
5,904,9040000,9040100,135,224,9050000,12114
5,905,9050000,9050100,135,224,9060000,12125
5,906,9060000,9060100,135,224,9070000,12137
5,907,9070000,9070100,135,224,9080000,12150
5,908,9080000,9080100,135,224,9090000,12165
5,909,9090000,9090100,135,224,9100000,12177
5,91,910000,910100,135,224,920000,1219
5,910,9100000,9100100,135,224,9110000,12192
5,911,9110000,9110100,135,224,9120000,12202
5,912,9120000,9120100,135,224,9130000,12220
5,913,9130000,9130100,135,224,9140000,12232
5,914,9140000,9140100,135,224,9150000,12244
5,915,9150000,9150100,135,224,9160000,12257
5,916,9160000,9160100,135,224,9170000,12272
5,917,9170000,9170100,135,224,9180000,12285
5,918,9180000,9180100,135,224,9190000,12299
5,919,9190000,9190100,135,224,9200000,12309
5,92,920000,920100,135,224,930000,1235
5,920,9200000,9200100,135,224,9210000,12327
5,921,9210000,9210100,135,224,9220000,12337
5,922,9220000,9220100,135,224,9230000,12354
5,923,9230000,9230100,135,224,9240000,12364
5,924,9240000,9240100,135,224,9250000,12381
5,925,9250000,9250100,135,224,9260000,12392
5,926,9260000,9260100,135,224,9270000,12404
5,927,9270000,9270100,135,224,9280000,12417
5,928,9280000,9280100,135,224,9290000,12434
5,929,9290000,9290100,135,224,9300000,12444
5,93,930000,930100,135,224,940000,1245
5,930,9300000,9300100,135,224,9310000,12459
5,931,9310000,9310100,135,224,9320000,12473
5,932,9320000,9320100,135,224,9330000,12489
5,933,9330000,9330100,135,224,9340000,12499
5,934,9340000,9340100,135,224,9350000,12511
5,935,9350000,9350100,135,224,9360000,12522
5,936,9360000,9360100,135,224,9370000,12541
5,937,9370000,9370100,135,224,9380000,12554
5,938,9380000,9380100,135,224,9390000,12568
5,939,9390000,9390100,135,224,9400000,12578
5,94,940000,940100,135,224,950000,1259
5,940,9400000,9400100,135,224,9410000,12596
5,941,9410000,9410100,135,224,9420000,12606
5,942,9420000,9420100,135,224,9430000,12619
5,943,9430000,9430100,135,224,9440000,12629
5,944,9440000,9440100,135,224,9450000,12646
5,945,9450000,9450100,135,224,9460000,12663
5,946,9460000,9460100,135,224,9470000,12675
5,947,9470000,9470100,135,224,9480000,12686
5,948,9480000,9480100,135,224,9490000,12701
5,949,9490000,9490100,135,224,9500000,12713
5,95,950000,950100,135,224,960000,1270
5,950,9500000,9500100,135,224,9510000,12726
5,951,9510000,9510100,135,224,9520000,12736
5,952,9520000,9520100,135,224,9530000,12758
5,953,9530000,9530100,135,224,9540000,12768
5,954,9540000,9540100,135,224,9550000,12782
5,955,9550000,9550100,135,224,9560000,12793
5,956,9560000,9560100,135,224,9570000,12808
5,957,9570000,9570100,135,224,9580000,12819
5,958,9580000,9580100,135,224,9590000,12833
5,959,9590000,9590100,135,224,9600000,12845
5,96,960000,960100,135,224,970000,1287
5,960,9600000,9600100,135,224,9610000,12865
5,961,9610000,9610100,135,224,9620000,12875
5,962,9620000,9620100,135,224,9630000,12888
5,963,9630000,9630100,135,224,9640000,12900
5,964,9640000,9640100,135,224,9650000,12915
5,965,9650000,9650100,135,224,9660000,12926
5,966,9660000,9660100,135,224,9670000,12940
5,967,9670000,9670100,135,224,9680000,12955
5,968,9680000,9680100,135,224,9690000,12972
5,969,9690000,9690100,135,224,9700000,12982
5,97,970000,970100,135,224,980000,1300
5,970,9700000,9700100,135,224,9710000,12995
5,971,9710000,9710100,135,224,9720000,13005
5,972,9720000,9720100,135,224,9730000,13023
5,973,9730000,9730100,135,224,9740000,13035
5,974,9740000,9740100,135,224,9750000,13047
5,975,9750000,9750100,135,224,9760000,13060
5,976,9760000,9760100,135,224,9770000,13079
5,977,9770000,9770100,135,224,9780000,13090
5,978,9780000,9780100,135,224,9790000,13102
5,979,9790000,9790100,135,224,9800000,13112
5,98,980000,980100,135,224,990000,1314
5,980,9800000,9800100,135,224,9810000,13130
5,981,9810000,9810100,135,224,9820000,13142
5,982,9820000,9820100,135,224,9830000,13157
5,983,9830000,9830100,135,224,9840000,13167
5,984,9840000,9840100,135,224,9850000,13184
5,985,9850000,9850100,135,224,9860000,13197
5,986,9860000,9860100,135,224,9870000,13209
5,987,9870000,9870100,135,224,9880000,13222
5,988,9880000,9880100,135,224,9890000,13237
5,989,9890000,9890100,135,224,9900000,13247
5,99,990000,990100,135,224,1000000,1326
5,990,9900000,9900100,135,224,9910000,13264
5,991,9910000,9910100,135,224,9920000,13274
5,992,9920000,9920100,135,224,9930000,13292
5,993,9930000,9930100,135,224,9940000,13302
5,994,9940000,9940100,135,224,9950000,13318
5,995,9950000,9950100,135,224,9960000,13329
5,996,9960000,9960100,135,224,9970000,13344
5,997,9970000,9970100,135,224,9980000,13357
5,998,9980000,9980100,135,224,9990000,13369
5,999,9990000,9990100,135,224,10000000,13381
6,0,0,100,1227,2045,10000,6
6,1,10000,10100,1227,2045,20000,16
6,10,100000,100100,1227,2045,110000,136
6,100,1000000,1000100,1227,2045,1010000,1343
6,1000,10000000,10000100,1227,2045,10010000,13400
6,1001,10010000,10010100,1227,2045,10020000,13412
6,1002,10020000,10020100,1227,2045,10030000,13425
6,1003,10030000,10030100,1227,2045,10040000,13437
6,1004,10040000,10040100,1227,2045,10050000,13452
6,1005,10050000,10050100,1227,2045,10060000,13465
6,1006,10060000,10060100,1227,2045,10070000,13477
6,1007,10070000,10070100,1227,2045,10080000,13488
6,1008,10080000,10080100,1227,2045,10090000,13509
6,1009,10090000,10090100,1227,2045,10100000,13519
6,101,1010000,1010100,1227,2045,1020000,1353
6,1010,10100000,10100100,1227,2045,10110000,13532
6,1011,10110000,10110100,1227,2045,10120000,13542
6,1012,10120000,10120100,1227,2045,10130000,13562
6,1013,10130000,10130100,1227,2045,10140000,13572
6,1014,10140000,10140100,1227,2045,10150000,13584
6,1015,10150000,10150100,1227,2045,10160000,13597
6,1016,10160000,10160100,1227,2045,10170000,13614
6,1017,10170000,10170100,1227,2045,10180000,13627
6,1018,10180000,10180100,1227,2045,10190000,13639
6,1019,10190000,10190100,1227,2045,10200000,13649
6,102,1020000,1020100,1227,2045,1030000,1366
6,1020,10200000,10200100,1227,2045,10210000,13667
6,1021,10210000,10210100,1227,2045,10220000,13679
6,1022,10220000,10220100,1227,2045,10230000,13694
6,1023,10230000,10230100,1227,2045,10240000,13704
6,1024,10240000,10240100,1227,2045,10250000,13721
6,1025,10250000,10250100,1227,2045,10260000,13732
6,1026,10260000,10260100,1227,2045,10270000,13746
6,1027,10270000,10270100,1227,2045,10280000,13759
6,1028,10280000,10280100,1227,2045,10290000,13774
6,1029,10290000,10290100,1227,2045,10300000,13786
6,103,1030000,1030100,1227,2045,1040000,1378
6,1030,10300000,10300100,1227,2045,10310000,13801
6,1031,10310000,10310100,1227,2045,10320000,13811
6,1032,10320000,10320100,1227,2045,10330000,13829
6,1033,10330000,10330100,1227,2045,10340000,13839
6,1034,10340000,10340100,1227,2045,10350000,13851
6,1035,10350000,10350100,1227,2045,10360000,13866
6,1036,10360000,10360100,1227,2045,10370000,13883
6,1037,10370000,10370100,1227,2045,10380000,13894
6,1038,10380000,10380100,1227,2045,10390000,13906
6,1039,10390000,10390100,1227,2045,10400000,13918
6,104,1040000,1040100,1227,2045,1050000,1395
6,1040,10400000,10400100,1227,2045,10410000,13936
6,1041,10410000,10410100,1227,2045,10420000,13946
6,1042,10420000,10420100,1227,2045,10430000,13961
6,1043,10430000,10430100,1227,2045,10440000,13973
6,1044,10440000,10440100,1227,2045,10450000,13990
6,1045,10450000,10450100,1227,2045,10460000,14001
6,1046,10460000,10460100,1227,2045,10470000,14013
6,1047,10470000,10470100,1227,2045,10480000,14024
6,1048,10480000,10480100,1227,2045,10490000,14043
6,1049,10490000,10490100,1227,2045,10500000,14053
6,105,1050000,1050100,1227,2045,1060000,1410
6,1050,10500000,10500100,1227,2045,10510000,14070
6,1051,10510000,10510100,1227,2045,10520000,14080
6,1052,10520000,10520100,1227,2045,10530000,14096
6,1053,10530000,10530100,1227,2045,10540000,14108
6,1054,10540000,10540100,1227,2045,10550000,14120
6,1055,10550000,10550100,1227,2045,10560000,14131
6,1056,10560000,10560100,1227,2045,10570000,14148
6,1057,10570000,10570100,1227,2045,10580000,14165
6,1058,10580000,10580100,1227,2045,10590000,14177
6,1059,10590000,10590100,1227,2045,10600000,14187
6,106,1060000,1060100,1227,2045,1070000,1422
6,1060,10600000,10600100,1227,2045,10610000,14203
6,1061,10610000,10610100,1227,2045,10620000,14213
6,1062,10620000,10620100,1227,2045,10630000,14228
6,1063,10630000,10630100,1227,2045,10640000,14238
6,1064,10640000,10640100,1227,2045,10650000,14257
6,1065,10650000,10650100,1227,2045,10660000,14270
6,1066,10660000,10660100,1227,2045,10670000,14284
6,1067,10670000,10670100,1227,2045,10680000,14295
6,1068,10680000,10680100,1227,2045,10690000,14310
6,1069,10690000,10690100,1227,2045,10700000,14320
6,107,1070000,1070100,1227,2045,1080000,1433
6,1070,10700000,10700100,1227,2045,10710000,14333
6,1071,10710000,10710100,1227,2045,10720000,14347
6,1072,10720000,10720100,1227,2045,10730000,14367
6,1073,10730000,10730100,1227,2045,10740000,14377
6,1074,10740000,10740100,1227,2045,10750000,14389
6,1075,10750000,10750100,1227,2045,10760000,14402
6,1076,10760000,10760100,1227,2045,10770000,14417
6,1077,10770000,10770100,1227,2045,10780000,14428
6,1078,10780000,10780100,1227,2045,10790000,14442
6,1079,10790000,10790100,1227,2045,10800000,14452
6,108,1080000,1080100,1227,2045,1090000,1450
6,1080,10800000,10800100,1227,2045,10810000,14474
6,1081,10810000,10810100,1227,2045,10820000,14484
6,1082,10820000,10820100,1227,2045,10830000,14497
6,1083,10830000,10830100,1227,2045,10840000,14507
6,1084,10840000,10840100,1227,2045,10850000,14524
6,1085,10850000,10850100,1227,2045,10860000,14537
6,1086,10860000,10860100,1227,2045,10870000,14549
6,1087,10870000,10870100,1227,2045,10880000,14562
6,1088,10880000,10880100,1227,2045,10890000,14579
6,1089,10890000,10890100,1227,2045,10900000,14591
6,109,1090000,1090100,1227,2045,1100000,1460
6,1090,10900000,10900100,1227,2045,10910000,14604
6,1091,10910000,10910100,1227,2045,10920000,14614
6,1092,10920000,10920100,1227,2045,10930000,14632
6,1093,10930000,10930100,1227,2045,10940000,14644
6,1094,10940000,10940100,1227,2045,10950000,14656
6,1095,10950000,10950100,1227,2045,10960000,14669
6,1096,10960000,10960100,1227,2045,10970000,14686
6,1097,10970000,10970100,1227,2045,10980000,14697
6,1098,10980000,10980100,1227,2045,10990000,14711
6,1099,10990000,10990100,1227,2045,11000000,14723
6,11,110000,110100,1227,2045,120000,146
6,110,1100000,1100100,1227,2045,1110000,1473
6,1100,11000000,11000100,1227,2045,11010000,14739
6,1101,11010000,11010100,1227,2045,11020000,14749
6,1102,11020000,11020100,1227,2045,11030000,14766
6,1103,11030000,11030100,1227,2045,11040000,14776
6,1104,11040000,11040100,1227,2045,11050000,14793
6,1105,11050000,11050100,1227,2045,11060000,14804
6,1106,11060000,11060100,1227,2045,11070000,14818
6,1107,11070000,11070100,1227,2045,11080000,14831
6,1108,11080000,11080100,1227,2045,11090000,14846
6,1109,11090000,11090100,1227,2045,11100000,14856
6,111,1110000,1110100,1227,2045,1120000,1483
6,1110,11100000,11100100,1227,2045,11110000,14871
6,1111,11110000,11110100,1227,2045,11120000,14883
6,1112,11120000,11120100,1227,2045,11130000,14901
6,1113,11130000,11130100,1227,2045,11140000,14913
6,1114,11140000,11140100,1227,2045,11150000,14925
6,1115,11150000,11150100,1227,2045,11160000,14936
6,1116,11160000,11160100,1227,2045,11170000,14953
6,1117,11170000,11170100,1227,2045,11180000,14966
6,1118,11180000,11180100,1227,2045,11190000,14978
6,1119,11190000,11190100,1227,2045,11200000,14988
6,112,1120000,1120100,1227,2045,1130000,1507
6,1120,11200000,11200100,1227,2045,11210000,15010
6,1121,11210000,11210100,1227,2045,11220000,15020
6,1122,11220000,11220100,1227,2045,11230000,15033
6,1123,11230000,11230100,1227,2045,11240000,15043
6,1124,11240000,11240100,1227,2045,11250000,15058
6,1125,11250000,11250100,1227,2045,11260000,15073
6,1126,11260000,11260100,1227,2045,11270000,15085
6,1127,11270000,11270100,1227,2045,11280000,15098
6,1128,11280000,11280100,1227,2045,11290000,15115
6,1129,11290000,11290100,1227,2045,11300000,15127
6,113,1130000,1130100,1227,2045,1140000,1517
6,1130,11300000,11300100,1227,2045,11310000,15140
6,1131,11310000,11310100,1227,2045,11320000,15150
6,1132,11320000,11320100,1227,2045,11330000,15168
6,1133,11330000,11330100,1227,2045,11340000,15178
6,1134,11340000,11340100,1227,2045,11350000,15194
6,1135,11350000,11350100,1227,2045,11360000,15205
6,1136,11360000,11360100,1227,2045,11370000,15222
6,1137,11370000,11370100,1227,2045,11380000,15233
6,1138,11380000,11380100,1227,2045,11390000,15247
6,1139,11390000,11390100,1227,2045,11400000,15257
6,114,1140000,1140100,1227,2045,1150000,1529
6,1140,11400000,11400100,1227,2045,11410000,15275
6,1141,11410000,11410100,1227,2045,11420000,15287
6,1142,11420000,11420100,1227,2045,11430000,15300
6,1143,11430000,11430100,1227,2045,11440000,15312
6,1144,11440000,11440100,1227,2045,11450000,15329
6,1145,11450000,11450100,1227,2045,11460000,15340
6,1146,11460000,11460100,1227,2045,11470000,15352
6,1147,11470000,11470100,1227,2045,11480000,15367
6,1148,11480000,11480100,1227,2045,11490000,15384
6,1149,11490000,11490100,1227,2045,11500000,15394
6,115,1150000,1150100,1227,2045,1160000,1540
6,1150,11500000,11500100,1227,2045,11510000,15407
6,1151,11510000,11510100,1227,2045,11520000,15417
6,1152,11520000,11520100,1227,2045,11530000,15437
6,1153,11530000,11530100,1227,2045,11540000,15447
6,1154,11540000,11540100,1227,2045,11550000,15459
6,1155,11550000,11550100,1227,2045,11560000,15474
6,1156,11560000,11560100,1227,2045,11570000,15491
6,1157,11570000,11570100,1227,2045,11580000,15502
6,1158,11580000,11580100,1227,2045,11590000,15514
6,1159,11590000,11590100,1227,2045,11600000,15524
6,116,1160000,1160100,1227,2045,1170000,1555
6,1160,11600000,11600100,1227,2045,11610000,15542
6,1161,11610000,11610100,1227,2045,11620000,15554
6,1162,11620000,11620100,1227,2045,11630000,15571
6,1163,11630000,11630100,1227,2045,11640000,15581
6,1164,11640000,11640100,1227,2045,11650000,15596
6,1165,11650000,11650100,1227,2045,11660000,15609
6,1166,11660000,11660100,1227,2045,11670000,15621
6,1167,11670000,11670100,1227,2045,11680000,15632
6,1168,11680000,11680100,1227,2045,11690000,15649
6,1169,11690000,11690100,1227,2045,11700000,15661
6,117,1170000,1170100,1227,2045,1180000,1568
6,1170,11700000,11700100,1227,2045,11710000,15678
6,1171,11710000,11710100,1227,2045,11720000,15688
6,1172,11720000,11720100,1227,2045,11730000,15704
6,1173,11730000,11730100,1227,2045,11740000,15714
6,1174,11740000,11740100,1227,2045,11750000,15728
6,1175,11750000,11750100,1227,2045,11760000,15739
6,1176,11760000,11760100,1227,2045,11770000,15758
6,1177,11770000,11770100,1227,2045,11780000,15771
6,1178,11780000,11780100,1227,2045,11790000,15783
6,1179,11790000,11790100,1227,2045,11800000,15795
6,118,1180000,1180100,1227,2045,1190000,1580
6,1180,11800000,11800100,1227,2045,11810000,15811
6,1181,11810000,11810100,1227,2045,11820000,15821
6,1182,11820000,11820100,1227,2045,11830000,15834
6,1183,11830000,11830100,1227,2045,11840000,15848
6,1184,11840000,11840100,1227,2045,11850000,15865
6,1185,11850000,11850100,1227,2045,11860000,15878
6,1186,11860000,11860100,1227,2045,11870000,15890
6,1187,11870000,11870100,1227,2045,11880000,15901
6,1188,11880000,11880100,1227,2045,11890000,15918
6,1189,11890000,11890100,1227,2045,11900000,15928
6,119,1190000,1190100,1227,2045,1200000,1592
6,1190,11900000,11900100,1227,2045,11910000,15943
6,1191,11910000,11910100,1227,2045,11920000,15953
6,1192,11920000,11920100,1227,2045,11930000,15975
6,1193,11930000,11930100,1227,2045,11940000,15985
6,1194,11940000,11940100,1227,2045,11950000,15997
6,1195,11950000,11950100,1227,2045,11960000,16008
6,1196,11960000,11960100,1227,2045,11970000,16023
6,1197,11970000,11970100,1227,2045,11980000,16038
6,1198,11980000,11980100,1227,2045,11990000,16050
6,1199,11990000,11990100,1227,2045,12000000,16060
6,12,120000,120100,1227,2045,130000,162
6,120,1200000,1200100,1227,2045,1210000,1612
6,1200,12000000,12000100,1227,2045,12010000,16080
6,1201,12010000,12010100,1227,2045,12020000,16092
6,1202,12020000,12020100,1227,2045,12030000,16105
6,1203,12030000,12030100,1227,2045,12040000,16115
6,1204,12040000,12040100,1227,2045,12050000,16132
6,1205,12050000,12050100,1227,2045,12060000,16143
6,1206,12060000,12060100,1227,2045,12070000,16157
6,1207,12070000,12070100,1227,2045,12080000,16170
6,1208,12080000,12080100,1227,2045,12090000,16187
6,1209,12090000,12090100,1227,2045,12100000,16197
6,121,1210000,1210100,1227,2045,1220000,1624
6,1210,12100000,12100100,1227,2045,12110000,16212
6,1211,12110000,12110100,1227,2045,12120000,16224
6,1212,12120000,12120100,1227,2045,12130000,16240
6,1213,12130000,12130100,1227,2045,12140000,16250
6,1214,12140000,12140100,1227,2045,12150000,16262
6,1215,12150000,12150100,1227,2045,12160000,16277
6,1216,12160000,12160100,1227,2045,12170000,16294
6,1217,12170000,12170100,1227,2045,12180000,16305
6,1218,12180000,12180100,1227,2045,12190000,16319
6,1219,12190000,12190100,1227,2045,12200000,16331
6,122,1220000,1220100,1227,2045,1230000,1637
6,1220,12200000,12200100,1227,2045,12210000,16347
6,1221,12210000,12210100,1227,2045,12220000,16357
6,1222,12220000,12220100,1227,2045,12230000,16372
6,1223,12230000,12230100,1227,2045,12240000,16382
6,1224,12240000,12240100,1227,2045,12250000,16401
6,1225,12250000,12250100,1227,2045,12260000,16414
6,1226,12260000,12260100,1227,2045,12270000,16426
6,1227,12270000,12270100,1227,2045,12280000,16437
6,1228,12280000,12280100,1227,2045,12290000,16454
6,1229,12290000,12290100,1227,2045,12300000,16464
6,123,1230000,1230100,1227,2045,1240000,1647
6,1230,12300000,12300100,1227,2045,12310000,16479
6,1231,12310000,12310100,1227,2045,12320000,16489
6,1232,12320000,12320100,1227,2045,12330000,16509
6,1233,12330000,12330100,1227,2045,12340000,16521
6,1234,12340000,12340100,1227,2045,12350000,16533
6,1235,12350000,12350100,1227,2045,12360000,16544
6,1236,12360000,12360100,1227,2045,12370000,16559
6,1237,12370000,12370100,1227,2045,12380000,16574
6,1238,12380000,12380100,1227,2045,12390000,16586
6,1239,12390000,12390100,1227,2045,12400000,16598
6,124,1240000,1240100,1227,2045,1250000,1662
6,1240,12400000,12400100,1227,2045,12410000,16616
6,1241,12410000,12410100,1227,2045,12420000,16626
6,1242,12420000,12420100,1227,2045,12430000,16641
6,1243,12430000,12430100,1227,2045,12440000,16651
6,1244,12440000,12440100,1227,2045,12450000,16666
6,1245,12450000,12450100,1227,2045,12460000,16679
6,1246,12460000,12460100,1227,2045,12470000,16695
6,1247,12470000,12470100,1227,2045,12480000,16706
6,1248,12480000,12480100,1227,2045,12490000,16723
6,1249,12490000,12490100,1227,2045,12500000,16733
6,125,1250000,1250100,1227,2045,1260000,1673
6,1250,12500000,12500100,1227,2045,12510000,16746
6,1251,12510000,12510100,1227,2045,12520000,16758
6,1252,12520000,12520100,1227,2045,12530000,16776
6,1253,12530000,12530100,1227,2045,12540000,16788
6,1254,12540000,12540100,1227,2045,12550000,16800
6,1255,12550000,12550100,1227,2045,12560000,16813
6,1256,12560000,12560100,1227,2045,12570000,16830
6,1257,12570000,12570100,1227,2045,12580000,16841
6,1258,12580000,12580100,1227,2045,12590000,16853
6,1259,12590000,12590100,1227,2045,12600000,16863
6,126,1260000,1260100,1227,2045,1270000,1689
6,1260,12600000,12600100,1227,2045,12610000,16885
6,1261,12610000,12610100,1227,2045,12620000,16895
6,1262,12620000,12620100,1227,2045,12630000,16908
6,1263,12630000,12630100,1227,2045,12640000,16918
6,1264,12640000,12640100,1227,2045,12650000,16937
6,1265,12650000,12650100,1227,2045,12660000,16948
6,1266,12660000,12660100,1227,2045,12670000,16960
6,1267,12670000,12670100,1227,2045,12680000,16975
6,1268,12680000,12680100,1227,2045,12690000,16990
6,1269,12690000,12690100,1227,2045,12700000,17002
6,127,1270000,1270100,1227,2045,1280000,1702
6,1270,12700000,12700100,1227,2045,12710000,17015
6,1271,12710000,12710100,1227,2045,12720000,17025
6,1272,12720000,12720100,1227,2045,12730000,17043
6,1273,12730000,12730100,1227,2045,12740000,17055
6,1274,12740000,12740100,1227,2045,12750000,17069
6,1275,12750000,12750100,1227,2045,12760000,17082
6,1276,12760000,12760100,1227,2045,12770000,17097
6,1277,12770000,12770100,1227,2045,12780000,17108
6,1278,12780000,12780100,1227,2045,12790000,17122
6,1279,12790000,12790100,1227,2045,12800000,17132
6,128,1280000,1280100,1227,2045,1290000,1719
6,1280,12800000,12800100,1227,2045,12810000,17150
6,1281,12810000,12810100,1227,2045,12820000,17162
6,1282,12820000,12820100,1227,2045,12830000,17179
6,1283,12830000,12830100,1227,2045,12840000,17189
6,1284,12840000,12840100,1227,2045,12850000,17204
6,1285,12850000,12850100,1227,2045,12860000,17215
6,1286,12860000,12860100,1227,2045,12870000,17227
6,1287,12870000,12870100,1227,2045,12880000,17240
6,1288,12880000,12880100,1227,2045,12890000,17259
6,1289,12890000,12890100,1227,2045,12900000,17269
6,129,1290000,1290100,1227,2045,1300000,1729
6,1290,12900000,12900100,1227,2045,12910000,17284
6,1291,12910000,12910100,1227,2045,12920000,17296
6,1292,12920000,12920100,1227,2045,12930000,17312
6,1293,12930000,12930100,1227,2045,12940000,17322
6,1294,12940000,12940100,1227,2045,12950000,17334
6,1295,12950000,12950100,1227,2045,12960000,17347
6,1296,12960000,12960100,1227,2045,12970000,17366
6,1297,12970000,12970100,1227,2045,12980000,17379
6,1298,12980000,12980100,1227,2045,12990000,17391
6,1299,12990000,12990100,1227,2045,13000000,17401
6,13,130000,130100,1227,2045,140000,174
6,130,1300000,1300100,1227,2045,1310000,1744
6,1300,13000000,13000100,1227,2045,13010000,17419
6,1301,13010000,13010100,1227,2045,13020000,17429
6,1302,13020000,13020100,1227,2045,13030000,17444
6,1303,13030000,13030100,1227,2045,13040000,17454
6,1304,13040000,13040100,1227,2045,13050000,17471
6,1305,13050000,13050100,1227,2045,13060000,17486
6,1306,13060000,13060100,1227,2045,13070000,17498
6,1307,13070000,13070100,1227,2045,13080000,17509
6,1308,13080000,13080100,1227,2045,13090000,17524
6,1309,13090000,13090100,1227,2045,13100000,17538
6,131,1310000,1310100,1227,2045,1320000,1754
6,1310,13100000,13100100,1227,2045,13110000,17551
6,1311,13110000,13110100,1227,2045,13120000,17561
6,1312,13120000,13120100,1227,2045,13130000,17581
6,1313,13130000,13130100,1227,2045,13140000,17591
6,1314,13140000,13140100,1227,2045,13150000,17605
6,1315,13150000,13150100,1227,2045,13160000,17616
6,1316,13160000,13160100,1227,2045,13170000,17633
6,1317,13170000,13170100,1227,2045,13180000,17644
6,1318,13180000,13180100,1227,2045,13190000,17658
6,1319,13190000,13190100,1227,2045,13200000,17668
6,132,1320000,1320100,1227,2045,1330000,1770
6,1320,13200000,13200100,1227,2045,13210000,17688
6,1321,13210000,13210100,1227,2045,13220000,17698
6,1322,13220000,13220100,1227,2045,13230000,17711
6,1323,13230000,13230100,1227,2045,13240000,17725
6,1324,13240000,13240100,1227,2045,13250000,17740
6,1325,13250000,13250100,1227,2045,13260000,17751
6,1326,13260000,13260100,1227,2045,13270000,17763
6,1327,13270000,13270100,1227,2045,13280000,17778
6,1328,13280000,13280100,1227,2045,13290000,17795
6,1329,13290000,13290100,1227,2045,13300000,17805
6,133,1330000,1330100,1227,2045,1340000,1782
6,1330,13300000,13300100,1227,2045,13310000,17820
6,1331,13310000,13310100,1227,2045,13320000,17830
6,1332,13320000,13320100,1227,2045,13330000,17848
6,1333,13330000,13330100,1227,2045,13340000,17858
6,1334,13340000,13340100,1227,2045,13350000,17870
6,1335,13350000,13350100,1227,2045,13360000,17883
6,1336,13360000,13360100,1227,2045,13370000,17902
6,1337,13370000,13370100,1227,2045,13380000,17915
6,1338,13380000,13380100,1227,2045,13390000,17927
6,1339,13390000,13390100,1227,2045,13400000,17937
6,134,1340000,1340100,1227,2045,1350000,1794
6,1340,13400000,13400100,1227,2045,13410000,17953
6,1341,13410000,13410100,1227,2045,13420000,17965
6,1342,13420000,13420100,1227,2045,13430000,17980
6,1343,13430000,13430100,1227,2045,13440000,17990
6,1344,13440000,13440100,1227,2045,13450000,18009
6,1345,13450000,13450100,1227,2045,13460000,18022
6,1346,13460000,13460100,1227,2045,13470000,18034
6,1347,13470000,13470100,1227,2045,13480000,18045
6,1348,13480000,13480100,1227,2045,13490000,18060
6,1349,13490000,13490100,1227,2045,13500000,18070
6,135,1350000,1350100,1227,2045,1360000,1809
6,1350,13500000,13500100,1227,2045,13510000,18087
6,1351,13510000,13510100,1227,2045,13520000,18099
6,1352,13520000,13520100,1227,2045,13530000,18117
6,1353,13530000,13530100,1227,2045,13540000,18127
6,1354,13540000,13540100,1227,2045,13550000,18141
6,1355,13550000,13550100,1227,2045,13560000,18152
6,1356,13560000,13560100,1227,2045,13570000,18167
6,1357,13570000,13570100,1227,2045,13580000,18180
6,1358,13580000,13580100,1227,2045,13590000,18194
6,1359,13590000,13590100,1227,2045,13600000,18206
6,136,1360000,1360100,1227,2045,1370000,1826
6,1360,13600000,13600100,1227,2045,13610000,18224
6,1361,13610000,13610100,1227,2045,13620000,18234
6,1362,13620000,13620100,1227,2045,13630000,18247
6,1363,13630000,13630100,1227,2045,13640000,18259
6,1364,13640000,13640100,1227,2045,13650000,18274
6,1365,13650000,13650100,1227,2045,13660000,18289
6,1366,13660000,13660100,1227,2045,13670000,18301
6,1367,13670000,13670100,1227,2045,13680000,18312
6,1368,13680000,13680100,1227,2045,13690000,18331
6,1369,13690000,13690100,1227,2045,13700000,18341
6,137,1370000,1370100,1227,2045,1380000,1837
6,1370,13700000,13700100,1227,2045,13710000,18354
6,1371,13710000,13710100,1227,2045,13720000,18364
6,1372,13720000,13720100,1227,2045,13730000,18386
6,1373,13730000,13730100,1227,2045,13740000,18396
6,1374,13740000,13740100,1227,2045,13750000,18408
6,1375,13750000,13750100,1227,2045,13760000,18419
6,1376,13760000,13760100,1227,2045,13770000,18436
6,1377,13770000,13770100,1227,2045,13780000,18449
6,1378,13780000,13780100,1227,2045,13790000,18461
6,1379,13790000,13790100,1227,2045,13800000,18473
6,138,1380000,1380100,1227,2045,1390000,1849
6,1380,13800000,13800100,1227,2045,13810000,18491
6,1381,13810000,13810100,1227,2045,13820000,18503
6,1382,13820000,13820100,1227,2045,13830000,18516
6,1383,13830000,13830100,1227,2045,13840000,18526
6,1384,13840000,13840100,1227,2045,13850000,18543
6,1385,13850000,13850100,1227,2045,13860000,18554
6,1386,13860000,13860100,1227,2045,13870000,18570
6,1387,13870000,13870100,1227,2045,13880000,18583
6,1388,13880000,13880100,1227,2045,13890000,18598
6,1389,13890000,13890100,1227,2045,13900000,18608
6,139,1390000,1390100,1227,2045,1400000,1861
6,1390,13900000,13900100,1227,2045,13910000,18623
6,1391,13910000,13910100,1227,2045,13920000,18633
6,1392,13920000,13920100,1227,2045,13930000,18651
6,1393,13930000,13930100,1227,2045,13940000,18663
6,1394,13940000,13940100,1227,2045,13950000,18675
6,1395,13950000,13950100,1227,2045,13960000,18690
6,1396,13960000,13960100,1227,2045,13970000,18705
6,1397,13970000,13970100,1227,2045,13980000,18716
6,1398,13980000,13980100,1227,2045,13990000,18728
6,1399,13990000,13990100,1227,2045,14000000,18740
6,14,140000,140100,1227,2045,150000,188
6,140,1400000,1400100,1227,2045,1410000,1879
6,1400,14000000,14000100,1227,2045,14010000,18760
6,1401,14010000,14010100,1227,2045,14020000,18770
6,1402,14020000,14020100,1227,2045,14030000,18785
6,1403,14030000,14030100,1227,2045,14040000,18795
6,1404,14040000,14040100,1227,2045,14050000,18812
6,1405,14050000,14050100,1227,2045,14060000,18823
6,1406,14060000,14060100,1227,2045,14070000,18835
6,1407,14070000,14070100,1227,2045,14080000,18848
6,1408,14080000,14080100,1227,2045,14090000,18867
6,1409,14090000,14090100,1227,2045,14100000,18877
6,141,1410000,1410100,1227,2045,1420000,1889
6,1410,14100000,14100100,1227,2045,14110000,18892
6,1411,14110000,14110100,1227,2045,14120000,18902
6,1412,14120000,14120100,1227,2045,14130000,18918
6,1413,14130000,14130100,1227,2045,14140000,18930
6,1414,14140000,14140100,1227,2045,14150000,18944
6,1415,14150000,14150100,1227,2045,14160000,18955
6,1416,14160000,14160100,1227,2045,14170000,18972
6,1417,14170000,14170100,1227,2045,14180000,18987
6,1418,14180000,14180100,1227,2045,14190000,18999
6,1419,14190000,14190100,1227,2045,14200000,19009
6,142,1420000,1420100,1227,2045,1430000,1904
6,1420,14200000,14200100,1227,2045,14210000,19025
6,1421,14210000,14210100,1227,2045,14220000,19037
6,1422,14220000,14220100,1227,2045,14230000,19052
6,1423,14230000,14230100,1227,2045,14240000,19062
6,1424,14240000,14240100,1227,2045,14250000,19079
6,1425,14250000,14250100,1227,2045,14260000,19092
6,1426,14260000,14260100,1227,2045,14270000,19106
6,1427,14270000,14270100,1227,2045,14280000,19117
6,1428,14280000,14280100,1227,2045,14290000,19134
6,1429,14290000,14290100,1227,2045,14300000,19144
6,143,1430000,1430100,1227,2045,1440000,1914
6,1430,14300000,14300100,1227,2045,14310000,19157
6,1431,14310000,14310100,1227,2045,14320000,19169
6,1432,14320000,14320100,1227,2045,14330000,19189
6,1433,14330000,14330100,1227,2045,14340000,19199
6,1434,14340000,14340100,1227,2045,14350000,19211
6,1435,14350000,14350100,1227,2045,14360000,19226
6,1436,14360000,14360100,1227,2045,14370000,19241
6,1437,14370000,14370100,1227,2045,14380000,19252
6,1438,14380000,14380100,1227,2045,14390000,19264
6,1439,14390000,14390100,1227,2045,14400000,19274
6,144,1440000,1440100,1227,2045,1450000,1933
6,1440,14400000,14400100,1227,2045,14410000,19296
6,1441,14410000,14410100,1227,2045,14420000,19306
6,1442,14420000,14420100,1227,2045,14430000,19321
6,1443,14430000,14430100,1227,2045,14440000,19331
6,1444,14440000,14440100,1227,2045,14450000,19348
6,1445,14450000,14450100,1227,2045,14460000,19359
6,1446,14460000,14460100,1227,2045,14470000,19371
6,1447,14470000,14470100,1227,2045,14480000,19384
6,1448,14480000,14480100,1227,2045,14490000,19401
6,1449,14490000,14490100,1227,2045,14500000,19415
6,145,1450000,1450100,1227,2045,1460000,1944
6,1450,14500000,14500100,1227,2045,14510000,19428
6,1451,14510000,14510100,1227,2045,14520000,19438
6,1452,14520000,14520100,1227,2045,14530000,19454
6,1453,14530000,14530100,1227,2045,14540000,19466
6,1454,14540000,14540100,1227,2045,14550000,19478
6,1455,14550000,14550100,1227,2045,14560000,19491
6,1456,14560000,14560100,1227,2045,14570000,19510
6,1457,14570000,14570100,1227,2045,14580000,19521
6,1458,14580000,14580100,1227,2045,14590000,19535
6,1459,14590000,14590100,1227,2045,14600000,19545
6,146,1460000,1460100,1227,2045,1470000,1956
6,1460,14600000,14600100,1227,2045,14610000,19561
6,1461,14610000,14610100,1227,2045,14620000,19571
6,1462,14620000,14620100,1227,2045,14630000,19588
6,1463,14630000,14630100,1227,2045,14640000,19600
6,1464,14640000,14640100,1227,2045,14650000,19617
6,1465,14650000,14650100,1227,2045,14660000,19628
6,1466,14660000,14660100,1227,2045,14670000,19640
6,1467,14670000,14670100,1227,2045,14680000,19653
6,1468,14680000,14680100,1227,2045,14690000,19668
6,1469,14690000,14690100,1227,2045,14700000,19678
6,147,1470000,1470100,1227,2045,1480000,1969
6,1470,14700000,14700100,1227,2045,14710000,19695
6,1471,14710000,14710100,1227,2045,14720000,19707
6,1472,14720000,14720100,1227,2045,14730000,19725
6,1473,14730000,14730100,1227,2045,14740000,19735
6,1474,14740000,14740100,1227,2045,14750000,19747
6,1475,14750000,14750100,1227,2045,14760000,19758
6,1476,14760000,14760100,1227,2045,14770000,19775
6,1477,14770000,14770100,1227,2045,14780000,19790
6,1478,14780000,14780100,1227,2045,14790000,19802
6,1479,14790000,14790100,1227,2045,14800000,19812
6,148,1480000,1480100,1227,2045,1490000,1986
6,1480,14800000,14800100,1227,2045,14810000,19832
6,1481,14810000,14810100,1227,2045,14820000,19842
6,1482,14820000,14820100,1227,2045,14830000,19855
6,1483,14830000,14830100,1227,2045,14840000,19865
6,1484,14840000,14840100,1227,2045,14850000,19882
6,1485,14850000,14850100,1227,2045,14860000,19897
6,1486,14860000,14860100,1227,2045,14870000,19909
6,1487,14870000,14870100,1227,2045,14880000,19920
6,1488,14880000,14880100,1227,2045,14890000,19937
6,1489,14890000,14890100,1227,2045,14900000,19949
6,149,1490000,1490100,1227,2045,1500000,1996
6,1490,14900000,14900100,1227,2045,14910000,19962
6,1491,14910000,14910100,1227,2045,14920000,19974
6,1492,14920000,14920100,1227,2045,14930000,19992
6,1493,14930000,14930100,1227,2045,14940000,20002
6,1494,14940000,14940100,1227,2045,14950000,20016
6,1495,14950000,14950100,1227,2045,14960000,20027
6,1496,14960000,14960100,1227,2045,14970000,20044
6,1497,14970000,14970100,1227,2045,14980000,20055
6,1498,14980000,14980100,1227,2045,14990000,20071
6,1499,14990000,14990100,1227,2045,15000000,20081
6,15,150000,150100,1227,2045,160000,201
6,150,1500000,1500100,1227,2045,1510000,2011
6,1500,15000000,15000100,1227,2045,15010000,20099
6,1501,15010000,15010100,1227,2045,15020000,20109
6,1502,15020000,15020100,1227,2045,15030000,20122
6,1503,15030000,15030100,1227,2045,15040000,20134
6,1504,15040000,15040100,1227,2045,15050000,20151
6,1505,15050000,15050100,1227,2045,15060000,20164
6,1506,15060000,15060100,1227,2045,15070000,20176
6,1507,15070000,15070100,1227,2045,15080000,20191
6,1508,15080000,15080100,1227,2045,15090000,20206
6,1509,15090000,15090100,1227,2045,15100000,20216
6,151,1510000,1510100,1227,2045,1520000,2021
6,1510,15100000,15100100,1227,2045,15110000,20229
6,1511,15110000,15110100,1227,2045,15120000,20239
6,1512,15120000,15120100,1227,2045,15130000,20261
6,1513,15130000,15130100,1227,2045,15140000,20271
6,1514,15140000,15140100,1227,2045,15150000,20283
6,1515,15150000,15150100,1227,2045,15160000,20296
6,1516,15160000,15160100,1227,2045,15170000,20313
6,1517,15170000,15170100,1227,2045,15180000,20324
6,1518,15180000,15180100,1227,2045,15190000,20336
6,1519,15190000,15190100,1227,2045,15200000,20348
6,152,1520000,1520100,1227,2045,1530000,2039
6,1520,15200000,15200100,1227,2045,15210000,20366
6,1521,15210000,15210100,1227,2045,15220000,20378
6,1522,15220000,15220100,1227,2045,15230000,20393
6,1523,15230000,15230100,1227,2045,15240000,20403
6,1524,15240000,15240100,1227,2045,15250000,20418
6,1525,15250000,15250100,1227,2045,15260000,20431
6,1526,15260000,15260100,1227,2045,15270000,20445
6,1527,15270000,15270100,1227,2045,15280000,20456
6,1528,15280000,15280100,1227,2045,15290000,20473
6,1529,15290000,15290100,1227,2045,15300000,20483
6,153,1530000,1530100,1227,2045,1540000,2051
6,1530,15300000,15300100,1227,2045,15310000,20500
6,1531,15310000,15310100,1227,2045,15320000,20510
6,1532,15320000,15320100,1227,2045,15330000,20526
6,1533,15330000,15330100,1227,2045,15340000,20538
6,1534,15340000,15340100,1227,2045,15350000,20552
6,1535,15350000,15350100,1227,2045,15360000,20563
6,1536,15360000,15360100,1227,2045,15370000,20580
6,1537,15370000,15370100,1227,2045,15380000,20593
6,1538,15380000,15380100,1227,2045,15390000,20605
6,1539,15390000,15390100,1227,2045,15400000,20617
6,154,1540000,1540100,1227,2045,1550000,2065
6,1540,15400000,15400100,1227,2045,15410000,20635
6,1541,15410000,15410100,1227,2045,15420000,20645
6,1542,15420000,15420100,1227,2045,15430000,20658
6,1543,15430000,15430100,1227,2045,15440000,20670
6,1544,15440000,15440100,1227,2045,15450000,20687
6,1545,15450000,15450100,1227,2045,15460000,20700
6,1546,15460000,15460100,1227,2045,15470000,20712
6,1547,15470000,15470100,1227,2045,15480000,20725
6,1548,15480000,15480100,1227,2045,15490000,20742
6,1549,15490000,15490100,1227,2045,15500000,20752
6,155,1550000,1550100,1227,2045,1560000,2076
6,1550,15500000,15500100,1227,2045,15510000,20765
6,1551,15510000,15510100,1227,2045,15520000,20775
6,1552,15520000,15520100,1227,2045,15530000,20797
6,1553,15530000,15530100,1227,2045,15540000,20807
6,1554,15540000,15540100,1227,2045,15550000,20821
6,1555,15550000,15550100,1227,2045,15560000,20832
6,1556,15560000,15560100,1227,2045,15570000,20847
6,1557,15570000,15570100,1227,2045,15580000,20860
6,1558,15580000,15580100,1227,2045,15590000,20872
6,1559,15590000,15590100,1227,2045,15600000,20882
6,156,1560000,1560100,1227,2045,1570000,2091
6,1560,15600000,15600100,1227,2045,15610000,20902
6,1561,15610000,15610100,1227,2045,15620000,20916
6,1562,15620000,15620100,1227,2045,15630000,20929
6,1563,15630000,15630100,1227,2045,15640000,20939
6,1564,15640000,15640100,1227,2045,15650000,20954
6,1565,15650000,15650100,1227,2045,15660000,20965
6,1566,15660000,15660100,1227,2045,15670000,20979
6,1567,15670000,15670100,1227,2045,15680000,20992
6,1568,15680000,15680100,1227,2045,15690000,21011
6,1569,15690000,15690100,1227,2045,15700000,21021
6,157,1570000,1570100,1227,2045,1580000,2106
6,1570,15700000,15700100,1227,2045,15710000,21036
6,1571,15710000,15710100,1227,2045,15720000,21046
6,1572,15720000,15720100,1227,2045,15730000,21062
6,1573,15730000,15730100,1227,2045,15740000,21072
6,1574,15740000,15740100,1227,2045,15750000,21084
6,1575,15750000,15750100,1227,2045,15760000,21101
6,1576,15760000,15760100,1227,2045,15770000,21118
6,1577,15770000,15770100,1227,2045,15780000,21129
6,1578,15780000,15780100,1227,2045,15790000,21141
6,1579,15790000,15790100,1227,2045,15800000,21153
6,158,1580000,1580100,1227,2045,1590000,2118
6,1580,15800000,15800100,1227,2045,15810000,21169
6,1581,15810000,15810100,1227,2045,15820000,21179
6,1582,15820000,15820100,1227,2045,15830000,21196
6,1583,15830000,15830100,1227,2045,15840000,21206
6,1584,15840000,15840100,1227,2045,15850000,21225
6,1585,15850000,15850100,1227,2045,15860000,21236
6,1586,15860000,15860100,1227,2045,15870000,21248
6,1587,15870000,15870100,1227,2045,15880000,21259
6,1588,15880000,15880100,1227,2045,15890000,21276
6,1589,15890000,15890100,1227,2045,15900000,21288
6,159,1590000,1590100,1227,2045,1600000,2128
6,1590,15900000,15900100,1227,2045,15910000,21303
6,1591,15910000,15910100,1227,2045,15920000,21313
6,1592,15920000,15920100,1227,2045,15930000,21331
6,1593,15930000,15930100,1227,2045,15940000,21343
6,1594,15940000,15940100,1227,2045,15950000,21355
6,1595,15950000,15950100,1227,2045,15960000,21366
6,1596,15960000,15960100,1227,2045,15970000,21383
6,1597,15970000,15970100,1227,2045,15980000,21398
6,1598,15980000,15980100,1227,2045,15990000,21410
6,1599,15990000,15990100,1227,2045,16000000,21420
6,16,160000,160100,1227,2045,170000,218
6,160,1600000,1600100,1227,2045,1610000,2146
6,1600,16000000,16000100,1227,2045,16010000,21438
6,1601,16010000,16010100,1227,2045,16020000,21448
6,1602,16020000,16020100,1227,2045,16030000,21463
6,1603,16030000,16030100,1227,2045,16040000,21475
6,1604,16040000,16040100,1227,2045,16050000,21490
6,1605,16050000,16050100,1227,2045,16060000,21503
6,1606,16060000,16060100,1227,2045,16070000,21517
6,1607,16070000,16070100,1227,2045,16080000,21528
6,1608,16080000,16080100,1227,2045,16090000,21545
6,1609,16090000,16090100,1227,2045,16100000,21555
6,161,1610000,1610100,1227,2045,1620000,2158
6,1610,16100000,16100100,1227,2045,16110000,21570
6,1611,16110000,16110100,1227,2045,16120000,21582
6,1612,16120000,16120100,1227,2045,16130000,21600
6,1613,16130000,16130100,1227,2045,16140000,21610
6,1614,16140000,16140100,1227,2045,16150000,21622
6,1615,16150000,16150100,1227,2045,16160000,21635
6,1616,16160000,16160100,1227,2045,16170000,21652
6,1617,16170000,16170100,1227,2045,16180000,21665
6,1618,16180000,16180100,1227,2045,16190000,21677
6,1619,16190000,16190100,1227,2045,16200000,21687
6,162,1620000,1620100,1227,2045,1630000,2173
6,1620,16200000,16200100,1227,2045,16210000,21707
6,1621,16210000,16210100,1227,2045,16220000,21717
6,1622,16220000,16220100,1227,2045,16230000,21730
6,1623,16230000,16230100,1227,2045,16240000,21740
6,1624,16240000,16240100,1227,2045,16250000,21761
6,1625,16250000,16250100,1227,2045,16260000,21772
6,1626,16260000,16260100,1227,2045,16270000,21784
6,1627,16270000,16270100,1227,2045,16280000,21797
6,1628,16280000,16280100,1227,2045,16290000,21812
6,1629,16290000,16290100,1227,2045,16300000,21824
6,163,1630000,1630100,1227,2045,1640000,2183
6,1630,16300000,16300100,1227,2045,16310000,21837
6,1631,16310000,16310100,1227,2045,16320000,21849
6,1632,16320000,16320100,1227,2045,16330000,21867
6,1633,16330000,16330100,1227,2045,16340000,21879
6,1634,16340000,16340100,1227,2045,16350000,21891
6,1635,16350000,16350100,1227,2045,16360000,21904
6,1636,16360000,16360100,1227,2045,16370000,21919
6,1637,16370000,16370100,1227,2045,16380000,21930
6,1638,16380000,16380100,1227,2045,16390000,21946
6,1639,16390000,16390100,1227,2045,16400000,21956
6,164,1640000,1640100,1227,2045,1650000,2198
6,1640,16400000,16400100,1227,2045,16410000,21974
6,1641,16410000,16410100,1227,2045,16420000,21984
6,1642,16420000,16420100,1227,2045,16430000,22001
6,1643,16430000,16430100,1227,2045,16440000,22011
6,1644,16440000,16440100,1227,2045,16450000,22026
6,1645,16450000,16450100,1227,2045,16460000,22039
6,1646,16460000,16460100,1227,2045,16470000,22051
6,1647,16470000,16470100,1227,2045,16480000,22064
6,1648,16480000,16480100,1227,2045,16490000,22081
6,1649,16490000,16490100,1227,2045,16500000,22091
6,165,1650000,1650100,1227,2045,1660000,2211
6,1650,16500000,16500100,1227,2045,16510000,22106
6,1651,16510000,16510100,1227,2045,16520000,22118
6,1652,16520000,16520100,1227,2045,16530000,22136
6,1653,16530000,16530100,1227,2045,16540000,22146
6,1654,16540000,16540100,1227,2045,16550000,22158
6,1655,16550000,16550100,1227,2045,16560000,22169
6,1656,16560000,16560100,1227,2045,16570000,22188
6,1657,16570000,16570100,1227,2045,16580000,22201
6,1658,16580000,16580100,1227,2045,16590000,22213
6,1659,16590000,16590100,1227,2045,16600000,22225
6,166,1660000,1660100,1227,2045,1670000,2225
6,1660,16600000,16600100,1227,2045,16610000,22243
6,1661,16610000,16610100,1227,2045,16620000,22253
6,1662,16620000,16620100,1227,2045,16630000,22266
6,1663,16630000,16630100,1227,2045,16640000,22276
6,1664,16640000,16640100,1227,2045,16650000,22293
6,1665,16650000,16650100,1227,2045,16660000,22308
6,1666,16660000,16660100,1227,2045,16670000,22322
6,1667,16670000,16670100,1227,2045,16680000,22333
6,1668,16680000,16680100,1227,2045,16690000,22348
6,1669,16690000,16690100,1227,2045,16700000,22360
6,167,1670000,1670100,1227,2045,1680000,2236
6,1670,16700000,16700100,1227,2045,16710000,22373
6,1671,16710000,16710100,1227,2045,16720000,22383
6,1672,16720000,16720100,1227,2045,16730000,22403
6,1673,16730000,16730100,1227,2045,16740000,22415
6,1674,16740000,16740100,1227,2045,16750000,22429
6,1675,16750000,16750100,1227,2045,16760000,22440
6,1676,16760000,16760100,1227,2045,16770000,22455
6,1677,16770000,16770100,1227,2045,16780000,22466
6,1678,16780000,16780100,1227,2045,16790000,22480
6,1679,16790000,16790100,1227,2045,16800000,22490
6,168,1680000,1680100,1227,2045,1690000,2255
6,1680,16800000,16800100,1227,2045,16810000,22512
6,1681,16810000,16810100,1227,2045,16820000,22522
6,1682,16820000,16820100,1227,2045,16830000,22535
6,1683,16830000,16830100,1227,2045,16840000,22547
6,1684,16840000,16840100,1227,2045,16850000,22562
6,1685,16850000,16850100,1227,2045,16860000,22573
6,1686,16860000,16860100,1227,2045,16870000,22585
6,1687,16870000,16870100,1227,2045,16880000,22602
6,1688,16880000,16880100,1227,2045,16890000,22619
6,1689,16890000,16890100,1227,2045,16900000,22629
6,169,1690000,1690100,1227,2045,1700000,2265
6,1690,16900000,16900100,1227,2045,16910000,22642
6,1691,16910000,16910100,1227,2045,16920000,22652
6,1692,16920000,16920100,1227,2045,16930000,22670
6,1693,16930000,16930100,1227,2045,16940000,22680
6,1694,16940000,16940100,1227,2045,16950000,22694
6,1695,16950000,16950100,1227,2045,16960000,22707
6,1696,16960000,16960100,1227,2045,16970000,22726
6,1697,16970000,16970100,1227,2045,16980000,22737
6,1698,16980000,16980100,1227,2045,16990000,22749
6,1699,16990000,16990100,1227,2045,17000000,22759
6,17,170000,170100,1227,2045,180000,229
6,170,1700000,1700100,1227,2045,1710000,2278
6,1700,17000000,17000100,1227,2045,17010000,22775
6,1701,17010000,17010100,1227,2045,17020000,22789
6,1702,17020000,17020100,1227,2045,17030000,22804
6,1703,17030000,17030100,1227,2045,17040000,22814
6,1704,17040000,17040100,1227,2045,17050000,22831
6,1705,17050000,17050100,1227,2045,17060000,22844
6,1706,17060000,17060100,1227,2045,17070000,22856
6,1707,17070000,17070100,1227,2045,17080000,22867
6,1708,17080000,17080100,1227,2045,17090000,22884
6,1709,17090000,17090100,1227,2045,17100000,22894
6,171,1710000,1710100,1227,2045,1720000,2290
6,1710,17100000,17100100,1227,2045,17110000,22911
6,1711,17110000,17110100,1227,2045,17120000,22921
6,1712,17120000,17120100,1227,2045,17130000,22939
6,1713,17130000,17130100,1227,2045,17140000,22949
6,1714,17140000,17140100,1227,2045,17150000,22963
6,1715,17150000,17150100,1227,2045,17160000,22976
6,1716,17160000,17160100,1227,2045,17170000,22991
6,1717,17170000,17170100,1227,2045,17180000,23004
6,1718,17180000,17180100,1227,2045,17190000,23016
6,1719,17190000,17190100,1227,2045,17200000,23028
6,172,1720000,1720100,1227,2045,1730000,2308
6,1720,17200000,17200100,1227,2045,17210000,23046
6,1721,17210000,17210100,1227,2045,17220000,23056
6,1722,17220000,17220100,1227,2045,17230000,23071
6,1723,17230000,17230100,1227,2045,17240000,23083
6,1724,17240000,17240100,1227,2045,17250000,23098
6,1725,17250000,17250100,1227,2045,17260000,23111
6,1726,17260000,17260100,1227,2045,17270000,23123
6,1727,17270000,17270100,1227,2045,17280000,23134
6,1728,17280000,17280100,1227,2045,17290000,23153
6,1729,17290000,17290100,1227,2045,17300000,23165
6,173,1730000,1730100,1227,2045,1740000,2318
6,1730,17300000,17300100,1227,2045,17310000,23178
6,1731,17310000,17310100,1227,2045,17320000,23188
6,1732,17320000,17320100,1227,2045,17330000,23208
6,1733,17330000,17330100,1227,2045,17340000,23218
6,1734,17340000,17340100,1227,2045,17350000,23230
6,1735,17350000,17350100,1227,2045,17360000,23241
6,1736,17360000,17360100,1227,2045,17370000,23260
6,1737,17370000,17370100,1227,2045,17380000,23273
6,1738,17380000,17380100,1227,2045,17390000,23285
6,1739,17390000,17390100,1227,2045,17400000,23295
6,174,1740000,1740100,1227,2045,1750000,2330
6,1740,17400000,17400100,1227,2045,17410000,23313
6,1741,17410000,17410100,1227,2045,17420000,23325
6,1742,17420000,17420100,1227,2045,17430000,23338
6,1743,17430000,17430100,1227,2045,17440000,23350
6,1744,17440000,17440100,1227,2045,17450000,23367
6,1745,17450000,17450100,1227,2045,17460000,23378
6,1746,17460000,17460100,1227,2045,17470000,23392
6,1747,17470000,17470100,1227,2045,17480000,23405
6,1748,17480000,17480100,1227,2045,17490000,23420
6,1749,17490000,17490100,1227,2045,17500000,23430
6,175,1750000,1750100,1227,2045,1760000,2345
6,1750,17500000,17500100,1227,2045,17510000,23447
6,1751,17510000,17510100,1227,2045,17520000,23457
6,1752,17520000,17520100,1227,2045,17530000,23475
6,1753,17530000,17530100,1227,2045,17540000,23485
6,1754,17540000,17540100,1227,2045,17550000,23497
6,1755,17550000,17550100,1227,2045,17560000,23512
6,1756,17560000,17560100,1227,2045,17570000,23527
6,1757,17570000,17570100,1227,2045,17580000,23540
6,1758,17580000,17580100,1227,2045,17590000,23552
6,1759,17590000,17590100,1227,2045,17600000,23564
6,176,1760000,1760100,1227,2045,1770000,2362
6,1760,17600000,17600100,1227,2045,17610000,23582
6,1761,17610000,17610100,1227,2045,17620000,23592
6,1762,17620000,17620100,1227,2045,17630000,23607
6,1763,17630000,17630100,1227,2045,17640000,23617
6,1764,17640000,17640100,1227,2045,17650000,23636
6,1765,17650000,17650100,1227,2045,17660000,23647
6,1766,17660000,17660100,1227,2045,17670000,23659
6,1767,17670000,17670100,1227,2045,17680000,23670
6,1768,17680000,17680100,1227,2045,17690000,23689
6,1769,17690000,17690100,1227,2045,17700000,23699
6,177,1770000,1770100,1227,2045,1780000,2373
6,1770,17700000,17700100,1227,2045,17710000,23714
6,1771,17710000,17710100,1227,2045,17720000,23726
6,1772,17720000,17720100,1227,2045,17730000,23742
6,1773,17730000,17730100,1227,2045,17740000,23754
6,1774,17740000,17740100,1227,2045,17750000,23766
6,1775,17750000,17750100,1227,2045,17760000,23777
6,1776,17760000,17760100,1227,2045,17770000,23794
6,1777,17770000,17770100,1227,2045,17780000,23809
6,1778,17780000,17780100,1227,2045,17790000,23823
6,1779,17790000,17790100,1227,2045,17800000,23833
6,178,1780000,1780100,1227,2045,1790000,2385
6,1780,17800000,17800100,1227,2045,17810000,23849
6,1781,17810000,17810100,1227,2045,17820000,23859
6,1782,17820000,17820100,1227,2045,17830000,23874
6,1783,17830000,17830100,1227,2045,17840000,23884
6,1784,17840000,17840100,1227,2045,17850000,23901
6,1785,17850000,17850100,1227,2045,17860000,23916
6,1786,17860000,17860100,1227,2045,17870000,23930
6,1787,17870000,17870100,1227,2045,17880000,23941
6,1788,17880000,17880100,1227,2045,17890000,23956
6,1789,17890000,17890100,1227,2045,17900000,23966
6,179,1790000,1790100,1227,2045,1800000,2395
6,1790,17900000,17900100,1227,2045,17910000,23979
6,1791,17910000,17910100,1227,2045,17920000,23991
6,1792,17920000,17920100,1227,2045,17930000,24013
6,1793,17930000,17930100,1227,2045,17940000,24023
6,1794,17940000,17940100,1227,2045,17950000,24035
6,1795,17950000,17950100,1227,2045,17960000,24048
6,1796,17960000,17960100,1227,2045,17970000,24063
6,1797,17970000,17970100,1227,2045,17980000,24074
6,1798,17980000,17980100,1227,2045,17990000,24086
6,1799,17990000,17990100,1227,2045,18000000,24098
6,18,180000,180100,1227,2045,190000,243
6,180,1800000,1800100,1227,2045,1810000,2415
6,1800,18000000,18000100,1227,2045,18010000,24120
6,1801,18010000,18010100,1227,2045,18020000,24130
6,1802,18020000,18020100,1227,2045,18030000,24143
6,1803,18030000,18030100,1227,2045,18040000,24153
6,1804,18040000,18040100,1227,2045,18050000,24170
6,1805,18050000,18050100,1227,2045,18060000,24181
6,1806,18060000,18060100,1227,2045,18070000,24195
6,1807,18070000,18070100,1227,2045,18080000,24208
6,1808,18080000,18080100,1227,2045,18090000,24225
6,1809,18090000,18090100,1227,2045,18100000,24237
6,181,1810000,1810100,1227,2045,1820000,2425
6,1810,18100000,18100100,1227,2045,18110000,24250
6,1811,18110000,18110100,1227,2045,18120000,24260
6,1812,18120000,18120100,1227,2045,18130000,24276
6,1813,18130000,18130100,1227,2045,18140000,24290
6,1814,18140000,18140100,1227,2045,18150000,24302
6,1815,18150000,18150100,1227,2045,18160000,24315
6,1816,18160000,18160100,1227,2045,18170000,24332
6,1817,18170000,18170100,1227,2045,18180000,24343
6,1818,18180000,18180100,1227,2045,18190000,24357
6,1819,18190000,18190100,1227,2045,18200000,24367
6,182,1820000,1820100,1227,2045,1830000,2440
6,1820,18200000,18200100,1227,2045,18210000,24385
6,1821,18210000,18210100,1227,2045,18220000,24395
6,1822,18220000,18220100,1227,2045,18230000,24412
6,1823,18230000,18230100,1227,2045,18240000,24422
6,1824,18240000,18240100,1227,2045,18250000,24439
6,1825,18250000,18250100,1227,2045,18260000,24450
6,1826,18260000,18260100,1227,2045,18270000,24462
6,1827,18270000,18270100,1227,2045,18280000,24477
6,1828,18280000,18280100,1227,2045,18290000,24492
6,1829,18290000,18290100,1227,2045,18300000,24502
6,183,1830000,1830100,1227,2045,1840000,2450
6,1830,18300000,18300100,1227,2045,18310000,24517
6,1831,18310000,18310100,1227,2045,18320000,24529
6,1832,18320000,18320100,1227,2045,18330000,24547
6,1833,18330000,18330100,1227,2045,18340000,24557
6,1834,18340000,18340100,1227,2045,18350000,24571
6,1835,18350000,18350100,1227,2045,18360000,24582
6,1836,18360000,18360100,1227,2045,18370000,24599
6,1837,18370000,18370100,1227,2045,18380000,24612
6,1838,18380000,18380100,1227,2045,18390000,24624
6,1839,18390000,18390100,1227,2045,18400000,24634
6,184,1840000,1840100,1227,2045,1850000,2469
6,1840,18400000,18400100,1227,2045,18410000,24654
6,1841,18410000,18410100,1227,2045,18420000,24666
6,1842,18420000,18420100,1227,2045,18430000,24679
6,1843,18430000,18430100,1227,2045,18440000,24689
6,1844,18440000,18440100,1227,2045,18450000,24704
6,1845,18450000,18450100,1227,2045,18460000,24719
6,1846,18460000,18460100,1227,2045,18470000,24731
6,1847,18470000,18470100,1227,2045,18480000,24742
6,1848,18480000,18480100,1227,2045,18490000,24761
6,1849,18490000,18490100,1227,2045,18500000,24773
6,185,1850000,1850100,1227,2045,1860000,2480
6,1850,18500000,18500100,1227,2045,18510000,24786
6,1851,18510000,18510100,1227,2045,18520000,24796
6,1852,18520000,18520100,1227,2045,18530000,24814
6,1853,18530000,18530100,1227,2045,18540000,24824
6,1854,18540000,18540100,1227,2045,18550000,24838
6,1855,18550000,18550100,1227,2045,18560000,24851
6,1856,18560000,18560100,1227,2045,18570000,24868
6,1857,18570000,18570100,1227,2045,18580000,24879
6,1858,18580000,18580100,1227,2045,18590000,24893
6,1859,18590000,18590100,1227,2045,18600000,24903
6,186,1860000,1860100,1227,2045,1870000,2492
6,1860,18600000,18600100,1227,2045,18610000,24921
6,1861,18610000,18610100,1227,2045,18620000,24931
6,1862,18620000,18620100,1227,2045,18630000,24946
6,1863,18630000,18630100,1227,2045,18640000,24958
6,1864,18640000,18640100,1227,2045,18650000,24975
6,1865,18650000,18650100,1227,2045,18660000,24986
6,1866,18660000,18660100,1227,2045,18670000,24998
6,1867,18670000,18670100,1227,2045,18680000,25013
6,1868,18680000,18680100,1227,2045,18690000,25028
6,1869,18690000,18690100,1227,2045,18700000,25040
6,187,1870000,1870100,1227,2045,1880000,2505
6,1870,18700000,18700100,1227,2045,18710000,25053
6,1871,18710000,18710100,1227,2045,18720000,25063
6,1872,18720000,18720100,1227,2045,18730000,25083
6,1873,18730000,18730100,1227,2045,18740000,25093
6,1874,18740000,18740100,1227,2045,18750000,25105
6,1875,18750000,18750100,1227,2045,18760000,25118
6,1876,18760000,18760100,1227,2045,18770000,25137
6,1877,18770000,18770100,1227,2045,18780000,25148
6,1878,18780000,18780100,1227,2045,18790000,25160
6,1879,18790000,18790100,1227,2045,18800000,25170
6,188,1880000,1880100,1227,2045,1890000,2520
6,1880,18800000,18800100,1227,2045,18810000,25188
6,1881,18810000,18810100,1227,2045,18820000,25200
6,1882,18820000,18820100,1227,2045,18830000,25215
6,1883,18830000,18830100,1227,2045,18840000,25227
6,1884,18840000,18840100,1227,2045,18850000,25242
6,1885,18850000,18850100,1227,2045,18860000,25255
6,1886,18860000,18860100,1227,2045,18870000,25267
6,1887,18870000,18870100,1227,2045,18880000,25278
6,1888,18880000,18880100,1227,2045,18890000,25295
6,1889,18890000,18890100,1227,2045,18900000,25305
6,189,1890000,1890100,1227,2045,1900000,2534
6,1890,18900000,18900100,1227,2045,18910000,25324
6,1891,18910000,18910100,1227,2045,18920000,25334
6,1892,18920000,18920100,1227,2045,18930000,25350
6,1893,18930000,18930100,1227,2045,18940000,25360
6,1894,18940000,18940100,1227,2045,18950000,25374
6,1895,18950000,18950100,1227,2045,18960000,25385
6,1896,18960000,18960100,1227,2045,18970000,25402
6,1897,18970000,18970100,1227,2045,18980000,25417
6,1898,18980000,18980100,1227,2045,18990000,25429
6,1899,18990000,18990100,1227,2045,19000000,25441
6,19,190000,190100,1227,2045,200000,253
6,190,1900000,1900100,1227,2045,1910000,2547
6,1900,19000000,19000100,1227,2045,19010000,25457
6,1901,19010000,19010100,1227,2045,19020000,25467
6,1902,19020000,19020100,1227,2045,19030000,25480
6,1903,19030000,19030100,1227,2045,19040000,25492
6,1904,19040000,19040100,1227,2045,19050000,25511
6,1905,19050000,19050100,1227,2045,19060000,25524
6,1906,19060000,19060100,1227,2045,19070000,25536
6,1907,19070000,19070100,1227,2045,19080000,25547
6,1908,19080000,19080100,1227,2045,19090000,25564
6,1909,19090000,19090100,1227,2045,19100000,25574
6,191,1910000,1910100,1227,2045,1920000,2557
6,1910,19100000,19100100,1227,2045,19110000,25587
6,1911,19110000,19110100,1227,2045,19120000,25599
6,1912,19120000,19120100,1227,2045,19130000,25621
6,1913,19130000,19130100,1227,2045,19140000,25631
6,1914,19140000,19140100,1227,2045,19150000,25643
6,1915,19150000,19150100,1227,2045,19160000,25654
6,1916,19160000,19160100,1227,2045,19170000,25669
6,1917,19170000,19170100,1227,2045,19180000,25682
6,1918,19180000,19180100,1227,2045,19190000,25696
6,1919,19190000,19190100,1227,2045,19200000,25706
6,192,1920000,1920100,1227,2045,1930000,2575
6,1920,19200000,19200100,1227,2045,19210000,25726
6,1921,19210000,19210100,1227,2045,19220000,25738
6,1922,19220000,19220100,1227,2045,19230000,25751
6,1923,19230000,19230100,1227,2045,19240000,25761
6,1924,19240000,19240100,1227,2045,19250000,25776
6,1925,19250000,19250100,1227,2045,19260000,25789
6,1926,19260000,19260100,1227,2045,19270000,25803
6,1927,19270000,19270100,1227,2045,19280000,25816
6,1928,19280000,19280100,1227,2045,19290000,25833
6,1929,19290000,19290100,1227,2045,19300000,25843
6,193,1930000,1930100,1227,2045,1940000,2587
6,1930,19300000,19300100,1227,2045,19310000,25858
6,1931,19310000,19310100,1227,2045,19320000,25868
6,1932,19320000,19320100,1227,2045,19330000,25886
6,1933,19330000,19330100,1227,2045,19340000,25896
6,1934,19340000,19340100,1227,2045,19350000,25908
6,1935,19350000,19350100,1227,2045,19360000,25923
6,1936,19360000,19360100,1227,2045,19370000,25940
6,1937,19370000,19370100,1227,2045,19380000,25951
6,1938,19380000,19380100,1227,2045,19390000,25963
6,1939,19390000,19390100,1227,2045,19400000,25977
6,194,1940000,1940100,1227,2045,1950000,2599
6,1940,19400000,19400100,1227,2045,19410000,25993
6,1941,19410000,19410100,1227,2045,19420000,26003
6,1942,19420000,19420100,1227,2045,19430000,26018
6,1943,19430000,19430100,1227,2045,19440000,26028
6,1944,19440000,19440100,1227,2045,19450000,26047
6,1945,19450000,19450100,1227,2045,19460000,26058
6,1946,19460000,19460100,1227,2045,19470000,26072
6,1947,19470000,19470100,1227,2045,19480000,26083
6,1948,19480000,19480100,1227,2045,19490000,26100
6,1949,19490000,19490100,1227,2045,19500000,26110
6,195,1950000,1950100,1227,2045,1960000,2612
6,1950,19500000,19500100,1227,2045,19510000,26125
6,1951,19510000,19510100,1227,2045,19520000,26135
6,1952,19520000,19520100,1227,2045,19530000,26153
6,1953,19530000,19530100,1227,2045,19540000,26167
6,1954,19540000,19540100,1227,2045,19550000,26179
6,1955,19550000,19550100,1227,2045,19560000,26190
6,1956,19560000,19560100,1227,2045,19570000,26205
6,1957,19570000,19570100,1227,2045,19580000,26220
6,1958,19580000,19580100,1227,2045,19590000,26232
6,1959,19590000,19590100,1227,2045,19600000,26242
6,196,1960000,1960100,1227,2045,1970000,2629
6,1960,19600000,19600100,1227,2045,19610000,26262
6,1961,19610000,19610100,1227,2045,19620000,26272
6,1962,19620000,19620100,1227,2045,19630000,26287
6,1963,19630000,19630100,1227,2045,19640000,26297
6,1964,19640000,19640100,1227,2045,19650000,26312
6,1965,19650000,19650100,1227,2045,19660000,26325
6,1966,19660000,19660100,1227,2045,19670000,26339
6,1967,19670000,19670100,1227,2045,19680000,26352
6,1968,19680000,19680100,1227,2045,19690000,26369
6,1969,19690000,19690100,1227,2045,19700000,26379
6,197,1970000,1970100,1227,2045,1980000,2640
6,1970,19700000,19700100,1227,2045,19710000,26392
6,1971,19710000,19710100,1227,2045,19720000,26404
6,1972,19720000,19720100,1227,2045,19730000,26422
6,1973,19730000,19730100,1227,2045,19740000,26432
6,1974,19740000,19740100,1227,2045,19750000,26446
6,1975,19750000,19750100,1227,2045,19760000,26459
6,1976,19760000,19760100,1227,2045,19770000,26476
6,1977,19770000,19770100,1227,2045,19780000,26487
6,1978,19780000,19780100,1227,2045,19790000,26499
6,1979,19790000,19790100,1227,2045,19800000,26509
6,198,1980000,1980100,1227,2045,1990000,2654
6,1980,19800000,19800100,1227,2045,19810000,26529
6,1981,19810000,19810100,1227,2045,19820000,26541
6,1982,19820000,19820100,1227,2045,19830000,26554
6,1983,19830000,19830100,1227,2045,19840000,26564
6,1984,19840000,19840100,1227,2045,19850000,26583
6,1985,19850000,19850100,1227,2045,19860000,26594
6,1986,19860000,19860100,1227,2045,19870000,26606
6,1987,19870000,19870100,1227,2045,19880000,26619
6,1988,19880000,19880100,1227,2045,19890000,26636
6,1989,19890000,19890100,1227,2045,19900000,26648
6,199,1990000,1990100,1227,2045,2000000,2664
6,1990,19900000,19900100,1227,2045,19910000,26661
6,1991,19910000,19910100,1227,2045,19920000,26671
6,1992,19920000,19920100,1227,2045,19930000,26689
6,1993,19930000,19930100,1227,2045,19940000,26701
6,1994,19940000,19940100,1227,2045,19950000,26713
6,1995,19950000,19950100,1227,2045,19960000,26728
6,1996,19960000,19960100,1227,2045,19970000,26743
6,1997,19970000,19970100,1227,2045,19980000,26754
6,1998,19980000,19980100,1227,2045,19990000,26768
6,1999,19990000,19990100,1227,2045,20000000,26778
6,2,20000,20100,1227,2045,30000,29
6,20,200000,200100,1227,2045,210000,269
6,200,2000000,2000100,1227,2045,2010000,2682
6,2000,20000000,20000100,1227,2045,20010000,26796
6,2001,20010000,20010100,1227,2045,20020000,26806
6,2002,20020000,20020100,1227,2045,20030000,26825
6,2003,20030000,20030100,1227,2045,20040000,26835
6,2004,20040000,20040100,1227,2045,20050000,26850
6,2005,20050000,20050100,1227,2045,20060000,26861
6,2006,20060000,20060100,1227,2045,20070000,26873
6,2007,20070000,20070100,1227,2045,20080000,26886
6,2008,20080000,20080100,1227,2045,20090000,26903
6,2009,20090000,20090100,1227,2045,20100000,26915
6,201,2010000,2010100,1227,2045,2020000,2692
6,2010,20100000,20100100,1227,2045,20110000,26930
6,2011,20110000,20110100,1227,2045,20120000,26942
6,2012,20120000,20120100,1227,2045,20130000,26958
6,2013,20130000,20130100,1227,2045,20140000,26968
6,2014,20140000,20140100,1227,2045,20150000,26980
6,2015,20150000,20150100,1227,2045,20160000,26991
6,2016,20160000,20160100,1227,2045,20170000,27012
6,2017,20170000,20170100,1227,2045,20180000,27025
6,2018,20180000,20180100,1227,2045,20190000,27037
6,2019,20190000,20190100,1227,2045,20200000,27047
6,202,2020000,2020100,1227,2045,2030000,2709
6,2020,20200000,20200100,1227,2045,20210000,27065
6,2021,20210000,20210100,1227,2045,20220000,27075
6,2022,20220000,20220100,1227,2045,20230000,27088
6,2023,20230000,20230100,1227,2045,20240000,27100
6,2024,20240000,20240100,1227,2045,20250000,27117
6,2025,20250000,20250100,1227,2045,20260000,27132
6,2026,20260000,20260100,1227,2045,20270000,27144
6,2027,20270000,20270100,1227,2045,20280000,27155
6,2028,20280000,20280100,1227,2045,20290000,27170
6,2029,20290000,20290100,1227,2045,20300000,27182
6,203,2030000,2030100,1227,2045,2040000,2721
6,2030,20300000,20300100,1227,2045,20310000,27197
6,2031,20310000,20310100,1227,2045,20320000,27207
6,2032,20320000,20320100,1227,2045,20330000,27227
6,2033,20330000,20330100,1227,2045,20340000,27237
6,2034,20340000,20340100,1227,2045,20350000,27251
6,2035,20350000,20350100,1227,2045,20360000,27262
6,2036,20360000,20360100,1227,2045,20370000,27277
6,2037,20370000,20370100,1227,2045,20380000,27290
6,2038,20380000,20380100,1227,2045,20390000,27304
6,2039,20390000,20390100,1227,2045,20400000,27314
6,204,2040000,2040100,1227,2045,2050000,2736
6,2040,20400000,20400100,1227,2045,20410000,27334
6,2041,20410000,20410100,1227,2045,20420000,27344
6,2042,20420000,20420100,1227,2045,20430000,27357
6,2043,20430000,20430100,1227,2045,20440000,27369
6,2044,20440000,20440100,1227,2045,20450000,27386
6,2045,20450000,20450100,1227,2045,20460000,27397
6,2046,20460000,20460100,1227,2045,20470000,27409
6,2047,20470000,20470100,1227,2045,20480000,27424
6,2048,20480000,20480100,1227,2045,20490000,27441
6,2049,20490000,20490100,1227,2045,20500000,27451
6,205,2050000,2050100,1227,2045,2060000,2747
6,2050,20500000,20500100,1227,2045,20510000,27464
6,2051,20510000,20510100,1227,2045,20520000,27476
6,2052,20520000,20520100,1227,2045,20530000,27494
6,2053,20530000,20530100,1227,2045,20540000,27504
6,2054,20540000,20540100,1227,2045,20550000,27516
6,2055,20550000,20550100,1227,2045,20560000,27529
6,2056,20560000,20560100,1227,2045,20570000,27548
6,2057,20570000,20570100,1227,2045,20580000,27559
6,2058,20580000,20580100,1227,2045,20590000,27573
6,2059,20590000,20590100,1227,2045,20600000,27583
6,206,2060000,2060100,1227,2045,2070000,2759
6,2060,20600000,20600100,1227,2045,20610000,27599
6,2061,20610000,20610100,1227,2045,20620000,27611
6,2062,20620000,20620100,1227,2045,20630000,27626
6,2063,20630000,20630100,1227,2045,20640000,27636
6,2064,20640000,20640100,1227,2045,20650000,27653
6,2065,20650000,20650100,1227,2045,20660000,27668
6,2066,20660000,20660100,1227,2045,20670000,27680
6,2067,20670000,20670100,1227,2045,20680000,27691
6,2068,20680000,20680100,1227,2045,20690000,27706
6,2069,20690000,20690100,1227,2045,20700000,27716
6,207,2070000,2070100,1227,2045,2080000,2772
6,2070,20700000,20700100,1227,2045,20710000,27733
6,2071,20710000,20710100,1227,2045,20720000,27743
6,2072,20720000,20720100,1227,2045,20730000,27763
6,2073,20730000,20730100,1227,2045,20740000,27773
6,2074,20740000,20740100,1227,2045,20750000,27787
6,2075,20750000,20750100,1227,2045,20760000,27798
6,2076,20760000,20760100,1227,2045,20770000,27813
6,2077,20770000,20770100,1227,2045,20780000,27826
6,2078,20780000,20780100,1227,2045,20790000,27838
6,2079,20790000,20790100,1227,2045,20800000,27852
6,208,2080000,2080100,1227,2045,2090000,2789
6,2080,20800000,20800100,1227,2045,20810000,27870
6,2081,20810000,20810100,1227,2045,20820000,27880
6,2082,20820000,20820100,1227,2045,20830000,27893
6,2083,20830000,20830100,1227,2045,20840000,27905
6,2084,20840000,20840100,1227,2045,20850000,27920
6,2085,20850000,20850100,1227,2045,20860000,27933
6,2086,20860000,20860100,1227,2045,20870000,27947
6,2087,20870000,20870100,1227,2045,20880000,27958
6,2088,20880000,20880100,1227,2045,20890000,27977
6,2089,20890000,20890100,1227,2045,20900000,27987
6,209,2090000,2090100,1227,2045,2100000,2799
6,2090,20900000,20900100,1227,2045,20910000,28000
6,2091,20910000,20910100,1227,2045,20920000,28010
6,2092,20920000,20920100,1227,2045,20930000,28030
6,2093,20930000,20930100,1227,2045,20940000,28042
6,2094,20940000,20940100,1227,2045,20950000,28054
6,2095,20950000,20950100,1227,2045,20960000,28065
6,2096,20960000,20960100,1227,2045,20970000,28082
6,2097,20970000,20970100,1227,2045,20980000,28095
6,2098,20980000,20980100,1227,2045,20990000,28107
6,2099,20990000,20990100,1227,2045,21000000,28117
6,21,210000,210100,1227,2045,220000,281
6,210,2100000,2100100,1227,2045,2110000,2816
6,2100,21000000,21000100,1227,2045,21010000,28137
6,2101,21010000,21010100,1227,2045,21020000,28149
6,2102,21020000,21020100,1227,2045,21030000,28162
6,2103,21030000,21030100,1227,2045,21040000,28172
6,2104,21040000,21040100,1227,2045,21050000,28189
6,2105,21050000,21050100,1227,2045,21060000,28200
6,2106,21060000,21060100,1227,2045,21070000,28214
6,2107,21070000,21070100,1227,2045,21080000,28229
6,2108,21080000,21080100,1227,2045,21090000,28244
6,2109,21090000,21090100,1227,2045,21100000,28254
6,211,2110000,2110100,1227,2045,2120000,2828
6,2110,21100000,21100100,1227,2045,21110000,28269
6,2111,21110000,21110100,1227,2045,21120000,28279
6,2112,21120000,21120100,1227,2045,21130000,28297
6,2113,21130000,21130100,1227,2045,21140000,28307
6,2114,21140000,21140100,1227,2045,21150000,28321
6,2115,21150000,21150100,1227,2045,21160000,28336
6,2116,21160000,21160100,1227,2045,21170000,28351
6,2117,21170000,21170100,1227,2045,21180000,28362
6,2118,21180000,21180100,1227,2045,21190000,28374
6,2119,21190000,21190100,1227,2045,21200000,28386
6,212,2120000,2120100,1227,2045,2130000,2844
6,2120,21200000,21200100,1227,2045,21210000,28404
6,2121,21210000,21210100,1227,2045,21220000,28416
6,2122,21220000,21220100,1227,2045,21230000,28431
6,2123,21230000,21230100,1227,2045,21240000,28441
6,2124,21240000,21240100,1227,2045,21250000,28458
6,2125,21250000,21250100,1227,2045,21260000,28469
6,2126,21260000,21260100,1227,2045,21270000,28481
6,2127,21270000,21270100,1227,2045,21280000,28492
6,2128,21280000,21280100,1227,2045,21290000,28513
6,2129,21290000,21290100,1227,2045,21300000,28523
6,213,2130000,2130100,1227,2045,2140000,2854
6,2130,21300000,21300100,1227,2045,21310000,28538
6,2131,21310000,21310100,1227,2045,21320000,28548
6,2132,21320000,21320100,1227,2045,21330000,28564
6,2133,21330000,21330100,1227,2045,21340000,28576
6,2134,21340000,21340100,1227,2045,21350000,28588
6,2135,21350000,21350100,1227,2045,21360000,28601
6,2136,21360000,21360100,1227,2045,21370000,28618
6,2137,21370000,21370100,1227,2045,21380000,28633
6,2138,21380000,21380100,1227,2045,21390000,28645
6,2139,21390000,21390100,1227,2045,21400000,28655
6,214,2140000,2140100,1227,2045,2150000,2866
6,2140,21400000,21400100,1227,2045,21410000,28671
6,2141,21410000,21410100,1227,2045,21420000,28681
6,2142,21420000,21420100,1227,2045,21430000,28698
6,2143,21430000,21430100,1227,2045,21440000,28708
6,2144,21440000,21440100,1227,2045,21450000,28725
6,2145,21450000,21450100,1227,2045,21460000,28738
6,2146,21460000,21460100,1227,2045,21470000,28752
6,2147,21470000,21470100,1227,2045,21480000,28763
6,2148,21480000,21480100,1227,2045,21490000,28778
6,2149,21490000,21490100,1227,2045,21500000,28790
6,215,2150000,2150100,1227,2045,2160000,2877
6,2150,21500000,21500100,1227,2045,21510000,28803
6,2151,21510000,21510100,1227,2045,21520000,28815
6,2152,21520000,21520100,1227,2045,21530000,28835
6,2153,21530000,21530100,1227,2045,21540000,28845
6,2154,21540000,21540100,1227,2045,21550000,28857
6,2155,21550000,21550100,1227,2045,21560000,28870
6,2156,21560000,21560100,1227,2045,21570000,28887
6,2157,21570000,21570100,1227,2045,21580000,28898
6,2158,21580000,21580100,1227,2045,21590000,28910
6,2159,21590000,21590100,1227,2045,21600000,28920
6,216,2160000,2160100,1227,2045,2170000,2896
6,2160,21600000,21600100,1227,2045,21610000,28942
6,2161,21610000,21610100,1227,2045,21620000,28952
6,2162,21620000,21620100,1227,2045,21630000,28965
6,2163,21630000,21630100,1227,2045,21640000,28977
6,2164,21640000,21640100,1227,2045,21650000,28994
6,2165,21650000,21650100,1227,2045,21660000,29005
6,2166,21660000,21660100,1227,2045,21670000,29017
6,2167,21670000,21670100,1227,2045,21680000,29030
6,2168,21680000,21680100,1227,2045,21690000,29047
6,2169,21690000,21690100,1227,2045,21700000,29059
6,217,2170000,2170100,1227,2045,2180000,2911
6,2170,21700000,21700100,1227,2045,21710000,29074
6,2171,21710000,21710100,1227,2045,21720000,29084
6,2172,21720000,21720100,1227,2045,21730000,29100
6,2173,21730000,21730100,1227,2045,21740000,29112
6,2174,21740000,21740100,1227,2045,21750000,29124
6,2175,21750000,21750100,1227,2045,21760000,29137
6,2176,21760000,21760100,1227,2045,21770000,29154
6,2177,21770000,21770100,1227,2045,21780000,29167
6,2178,21780000,21780100,1227,2045,21790000,29181
6,2179,21790000,21790100,1227,2045,21800000,29191
6,218,2180000,2180100,1227,2045,2190000,2923
6,2180,21800000,21800100,1227,2045,21810000,29207
6,2181,21810000,21810100,1227,2045,21820000,29217
6,2182,21820000,21820100,1227,2045,21830000,29234
6,2183,21830000,21830100,1227,2045,21840000,29244
6,2184,21840000,21840100,1227,2045,21850000,29263
6,2185,21850000,21850100,1227,2045,21860000,29274
6,2186,21860000,21860100,1227,2045,21870000,29286
6,2187,21870000,21870100,1227,2045,21880000,29299
6,2188,21880000,21880100,1227,2045,21890000,29314
6,2189,21890000,21890100,1227,2045,21900000,29324
6,219,2190000,2190100,1227,2045,2200000,2933
6,2190,21900000,21900100,1227,2045,21910000,29339
6,2191,21910000,21910100,1227,2045,21920000,29353
6,2192,21920000,21920100,1227,2045,21930000,29371
6,2193,21930000,21930100,1227,2045,21940000,29381
6,2194,21940000,21940100,1227,2045,21950000,29393
6,2195,21950000,21950100,1227,2045,21960000,29404
6,2196,21960000,21960100,1227,2045,21970000,29421
6,2197,21970000,21970100,1227,2045,21980000,29434
6,2198,21980000,21980100,1227,2045,21990000,29448
6,2199,21990000,21990100,1227,2045,22000000,29458
6,22,220000,220100,1227,2045,230000,298
6,220,2200000,2200100,1227,2045,2210000,2951
6,2200,22000000,22000100,1227,2045,22010000,29478
6,2201,22010000,22010100,1227,2045,22020000,29488
6,2202,22020000,22020100,1227,2045,22030000,29501
6,2203,22030000,22030100,1227,2045,22040000,29511
6,2204,22040000,22040100,1227,2045,22050000,29526
6,2205,22050000,22050100,1227,2045,22060000,29543
6,2206,22060000,22060100,1227,2045,22070000,29555
6,2207,22070000,22070100,1227,2045,22080000,29566
6,2208,22080000,22080100,1227,2045,22090000,29583
6,2209,22090000,22090100,1227,2045,22100000,29595
6,221,2210000,2210100,1227,2045,2220000,2961
6,2210,22100000,22100100,1227,2045,22110000,29608
6,2211,22110000,22110100,1227,2045,22120000,29618
6,2212,22120000,22120100,1227,2045,22130000,29638
6,2213,22130000,22130100,1227,2045,22140000,29648
6,2214,22140000,22140100,1227,2045,22150000,29662
6,2215,22150000,22150100,1227,2045,22160000,29673
6,2216,22160000,22160100,1227,2045,22170000,29690
6,2217,22170000,22170100,1227,2045,22180000,29701
6,2218,22180000,22180100,1227,2045,22190000,29715
6,2219,22190000,22190100,1227,2045,22200000,29727
6,222,2220000,2220100,1227,2045,2230000,2974
6,2220,22200000,22200100,1227,2045,22210000,29745
6,2221,22210000,22210100,1227,2045,22220000,29755
6,2222,22220000,22220100,1227,2045,22230000,29768
6,2223,22230000,22230100,1227,2045,22240000,29780
6,2224,22240000,22240100,1227,2045,22250000,29797
6,2225,22250000,22250100,1227,2045,22260000,29808
6,2226,22260000,22260100,1227,2045,22270000,29822
6,2227,22270000,22270100,1227,2045,22280000,29837
6,2228,22280000,22280100,1227,2045,22290000,29852
6,2229,22290000,22290100,1227,2045,22300000,29862
6,223,2230000,2230100,1227,2045,2240000,2984
6,2230,22300000,22300100,1227,2045,22310000,29875
6,2231,22310000,22310100,1227,2045,22320000,29885
6,2232,22320000,22320100,1227,2045,22330000,29905
6,2233,22330000,22330100,1227,2045,22340000,29917
6,2234,22340000,22340100,1227,2045,22350000,29929
6,2235,22350000,22350100,1227,2045,22360000,29942
6,2236,22360000,22360100,1227,2045,22370000,29959
6,2237,22370000,22370100,1227,2045,22380000,29970
6,2238,22380000,22380100,1227,2045,22390000,29982
6,2239,22390000,22390100,1227,2045,22400000,29992
6,224,2240000,2240100,1227,2045,2250000,3003
6,2240,22400000,22400100,1227,2045,22410000,30012
6,2241,22410000,22410100,1227,2045,22420000,30024
6,2242,22420000,22420100,1227,2045,22430000,30039
6,2243,22430000,22430100,1227,2045,22440000,30049
6,2244,22440000,22440100,1227,2045,22450000,30064
6,2245,22450000,22450100,1227,2045,22460000,30077
6,2246,22460000,22460100,1227,2045,22470000,30089
6,2247,22470000,22470100,1227,2045,22480000,30102
6,2248,22480000,22480100,1227,2045,22490000,30119
6,2249,22490000,22490100,1227,2045,22500000,30129
6,225,2250000,2250100,1227,2045,2260000,3018
6,2250,22500000,22500100,1227,2045,22510000,30146
6,2251,22510000,22510100,1227,2045,22520000,30156
6,2252,22520000,22520100,1227,2045,22530000,30172
6,2253,22530000,22530100,1227,2045,22540000,30182
6,2254,22540000,22540100,1227,2045,22550000,30198
6,2255,22550000,22550100,1227,2045,22560000,30209
6,2256,22560000,22560100,1227,2045,22570000,30226
6,2257,22570000,22570100,1227,2045,22580000,30239
6,2258,22580000,22580100,1227,2045,22590000,30251
6,2259,22590000,22590100,1227,2045,22600000,30263
6,226,2260000,2260100,1227,2045,2270000,3030
6,2260,22600000,22600100,1227,2045,22610000,30279
6,2261,22610000,22610100,1227,2045,22620000,30291
6,2262,22620000,22620100,1227,2045,22630000,30304
6,2263,22630000,22630100,1227,2045,22640000,30316
6,2264,22640000,22640100,1227,2045,22650000,30333
6,2265,22650000,22650100,1227,2045,22660000,30346
6,2266,22660000,22660100,1227,2045,22670000,30358
6,2267,22670000,22670100,1227,2045,22680000,30369
6,2268,22680000,22680100,1227,2045,22690000,30388
6,2269,22690000,22690100,1227,2045,22700000,30398
6,227,2270000,2270100,1227,2045,2280000,3041
6,2270,22700000,22700100,1227,2045,22710000,30411
6,2271,22710000,22710100,1227,2045,22720000,30421
6,2272,22720000,22720100,1227,2045,22730000,30443
6,2273,22730000,22730100,1227,2045,22740000,30453
6,2274,22740000,22740100,1227,2045,22750000,30465
6,2275,22750000,22750100,1227,2045,22760000,30478
6,2276,22760000,22760100,1227,2045,22770000,30493
6,2277,22770000,22770100,1227,2045,22780000,30506
6,2278,22780000,22780100,1227,2045,22790000,30518
6,2279,22790000,22790100,1227,2045,22800000,30528
6,228,2280000,2280100,1227,2045,2290000,3056
6,2280,22800000,22800100,1227,2045,22810000,30548
6,2281,22810000,22810100,1227,2045,22820000,30560
6,2282,22820000,22820100,1227,2045,22830000,30575
6,2283,22830000,22830100,1227,2045,22840000,30585
6,2284,22840000,22840100,1227,2045,22850000,30600
6,2285,22850000,22850100,1227,2045,22860000,30611
6,2286,22860000,22860100,1227,2045,22870000,30625
6,2287,22870000,22870100,1227,2045,22880000,30638
6,2288,22880000,22880100,1227,2045,22890000,30655
6,2289,22890000,22890100,1227,2045,22900000,30667
6,229,2290000,2290100,1227,2045,2300000,3068
6,2290,22900000,22900100,1227,2045,22910000,30682
6,2291,22910000,22910100,1227,2045,22920000,30692
6,2292,22920000,22920100,1227,2045,22930000,30708
6,2293,22930000,22930100,1227,2045,22940000,30718
6,2294,22940000,22940100,1227,2045,22950000,30730
6,2295,22950000,22950100,1227,2045,22960000,30745
6,2296,22960000,22960100,1227,2045,22970000,30764
6,2297,22970000,22970100,1227,2045,22980000,30775
6,2298,22980000,22980100,1227,2045,22990000,30787
6,2299,22990000,22990100,1227,2045,23000000,30799
6,23,230000,230100,1227,2045,240000,308
6,230,2300000,2300100,1227,2045,2310000,3081
6,2300,23000000,23000100,1227,2045,23010000,30815
6,2301,23010000,23010100,1227,2045,23020000,30825
6,2302,23020000,23020100,1227,2045,23030000,30840
6,2303,23030000,23030100,1227,2045,23040000,30852
6,2304,23040000,23040100,1227,2045,23050000,30871
6,2305,23050000,23050100,1227,2045,23060000,30882
6,2306,23060000,23060100,1227,2045,23070000,30894
6,2307,23070000,23070100,1227,2045,23080000,30905
6,2308,23080000,23080100,1227,2045,23090000,30922
6,2309,23090000,23090100,1227,2045,23100000,30932
6,231,2310000,2310100,1227,2045,2320000,3093
6,2310,23100000,23100100,1227,2045,23110000,30949
6,2311,23110000,23110100,1227,2045,23120000,30959
6,2312,23120000,23120100,1227,2045,23130000,30977
6,2313,23130000,23130100,1227,2045,23140000,30989
6,2314,23140000,23140100,1227,2045,23150000,31001
6,2315,23150000,23150100,1227,2045,23160000,31012
6,2316,23160000,23160100,1227,2045,23170000,31027
6,2317,23170000,23170100,1227,2045,23180000,31044
6,2318,23180000,23180100,1227,2045,23190000,31056
6,2319,23190000,23190100,1227,2045,23200000,31066
6,232,2320000,2320100,1227,2045,2330000,3113
6,2320,23200000,23200100,1227,2045,23210000,31084
6,2321,23210000,23210100,1227,2045,23220000,31094
6,2322,23220000,23220100,1227,2045,23230000,31109
6,2323,23230000,23230100,1227,2045,23240000,31119
6,2324,23240000,23240100,1227,2045,23250000,31136
6,2325,23250000,23250100,1227,2045,23260000,31149
6,2326,23260000,23260100,1227,2045,23270000,31163
6,2327,23270000,23270100,1227,2045,23280000,31174
6,2328,23280000,23280100,1227,2045,23290000,31191
6,2329,23290000,23290100,1227,2045,23300000,31201
6,233,2330000,2330100,1227,2045,2340000,3123
6,2330,23300000,23300100,1227,2045,23310000,31214
6,2331,23310000,23310100,1227,2045,23320000,31228
6,2332,23320000,23320100,1227,2045,23330000,31246
6,2333,23330000,23330100,1227,2045,23340000,31256
6,2334,23340000,23340100,1227,2045,23350000,31268
6,2335,23350000,23350100,1227,2045,23360000,31281
6,2336,23360000,23360100,1227,2045,23370000,31298
6,2337,23370000,23370100,1227,2045,23380000,31309
6,2338,23380000,23380100,1227,2045,23390000,31323
6,2339,23390000,23390100,1227,2045,23400000,31333
6,234,2340000,2340100,1227,2045,2350000,3137
6,2340,23400000,23400100,1227,2045,23410000,31353
6,2341,23410000,23410100,1227,2045,23420000,31363
6,2342,23420000,23420100,1227,2045,23430000,31376
6,2343,23430000,23430100,1227,2045,23440000,31386
6,2344,23440000,23440100,1227,2045,23450000,31405
6,2345,23450000,23450100,1227,2045,23460000,31418
6,2346,23460000,23460100,1227,2045,23470000,31430
6,2347,23470000,23470100,1227,2045,23480000,31443
6,2348,23480000,23480100,1227,2045,23490000,31458
6,2349,23490000,23490100,1227,2045,23500000,31470
6,235,2350000,2350100,1227,2045,2360000,3148
6,2350,23500000,23500100,1227,2045,23510000,31483
6,2351,23510000,23510100,1227,2045,23520000,31493
6,2352,23520000,23520100,1227,2045,23530000,31513
6,2353,23530000,23530100,1227,2045,23540000,31525
6,2354,23540000,23540100,1227,2045,23550000,31537
6,2355,23550000,23550100,1227,2045,23560000,31550
6,2356,23560000,23560100,1227,2045,23570000,31565
6,2357,23570000,23570100,1227,2045,23580000,31576
6,2358,23580000,23580100,1227,2045,23590000,31590
6,2359,23590000,23590100,1227,2045,23600000,31602
6,236,2360000,2360100,1227,2045,2370000,3163
6,2360,23600000,23600100,1227,2045,23610000,31620
6,2361,23610000,23610100,1227,2045,23620000,31630
6,2362,23620000,23620100,1227,2045,23630000,31647
6,2363,23630000,23630100,1227,2045,23640000,31657
6,2364,23640000,23640100,1227,2045,23650000,31672
6,2365,23650000,23650100,1227,2045,23660000,31683
6,2366,23660000,23660100,1227,2045,23670000,31697
6,2367,23670000,23670100,1227,2045,23680000,31710
6,2368,23680000,23680100,1227,2045,23690000,31727
6,2369,23690000,23690100,1227,2045,23700000,31737
6,237,2370000,2370100,1227,2045,2380000,3174
6,2370,23700000,23700100,1227,2045,23710000,31752
6,2371,23710000,23710100,1227,2045,23720000,31764
6,2372,23720000,23720100,1227,2045,23730000,31780
6,2373,23730000,23730100,1227,2045,23740000,31792
6,2374,23740000,23740100,1227,2045,23750000,31804
6,2375,23750000,23750100,1227,2045,23760000,31815
6,2376,23760000,23760100,1227,2045,23770000,31834
6,2377,23770000,23770100,1227,2045,23780000,31847
6,2378,23780000,23780100,1227,2045,23790000,31859
6,2379,23790000,23790100,1227,2045,23800000,31869
6,238,2380000,2380100,1227,2045,2390000,3190
6,2380,23800000,23800100,1227,2045,23810000,31889
6,2381,23810000,23810100,1227,2045,23820000,31899
6,2382,23820000,23820100,1227,2045,23830000,31912
6,2383,23830000,23830100,1227,2045,23840000,31922
6,2384,23840000,23840100,1227,2045,23850000,31939
6,2385,23850000,23850100,1227,2045,23860000,31954
6,2386,23860000,23860100,1227,2045,23870000,31966
6,2387,23870000,23870100,1227,2045,23880000,31979
6,2388,23880000,23880100,1227,2045,23890000,31994
6,2389,23890000,23890100,1227,2045,23900000,32006
6,239,2390000,2390100,1227,2045,2400000,3200
6,2390,23900000,23900100,1227,2045,23910000,32019
6,2391,23910000,23910100,1227,2045,23920000,32029
6,2392,23920000,23920100,1227,2045,23930000,32049
6,2393,23930000,23930100,1227,2045,23940000,32059
6,2394,23940000,23940100,1227,2045,23950000,32075
6,2395,23950000,23950100,1227,2045,23960000,32086
6,2396,23960000,23960100,1227,2045,23970000,32101
6,2397,23970000,23970100,1227,2045,23980000,32112
6,2398,23980000,23980100,1227,2045,23990000,32126
6,2399,23990000,23990100,1227,2045,24000000,32136
6,24,240000,240100,1227,2045,250000,325
6,240,2400000,2400100,1227,2045,2410000,3220
6,2400,24000000,24000100,1227,2045,24010000,32156
6,2401,24010000,24010100,1227,2045,24020000,32168
6,2402,24020000,24020100,1227,2045,24030000,32181
6,2403,24030000,24030100,1227,2045,24040000,32193
6,2404,24040000,24040100,1227,2045,24050000,32208
6,2405,24050000,24050100,1227,2045,24060000,32219
6,2406,24060000,24060100,1227,2045,24070000,32231
6,2407,24070000,24070100,1227,2045,24080000,32246
6,2408,24080000,24080100,1227,2045,24090000,32265
6,2409,24090000,24090100,1227,2045,24100000,32275
6,241,2410000,2410100,1227,2045,2420000,3230
6,2410,24100000,24100100,1227,2045,24110000,32288
6,2411,24110000,24110100,1227,2045,24120000,32298
6,2412,24120000,24120100,1227,2045,24130000,32316
6,2413,24130000,24130100,1227,2045,24140000,32326
6,2414,24140000,24140100,1227,2045,24150000,32338
6,2415,24150000,24150100,1227,2045,24160000,32353
6,2416,24160000,24160100,1227,2045,24170000,32372
6,2417,24170000,24170100,1227,2045,24180000,32383
6,2418,24180000,24180100,1227,2045,24190000,32395
6,2419,24190000,24190100,1227,2045,24200000,32405
6,242,2420000,2420100,1227,2045,2430000,3243
6,2420,24200000,24200100,1227,2045,24210000,32421
6,2421,24210000,24210100,1227,2045,24220000,32433
6,2422,24220000,24220100,1227,2045,24230000,32450
6,2423,24230000,24230100,1227,2045,24240000,32460
6,2424,24240000,24240100,1227,2045,24250000,32477
6,2425,24250000,24250100,1227,2045,24260000,32490
6,2426,24260000,24260100,1227,2045,24270000,32502
6,2427,24270000,24270100,1227,2045,24280000,32513
6,2428,24280000,24280100,1227,2045,24290000,32528
6,2429,24290000,24290100,1227,2045,24300000,32540
6,243,2430000,2430100,1227,2045,2440000,3255
6,2430,24300000,24300100,1227,2045,24310000,32557
6,2431,24310000,24310100,1227,2045,24320000,32567
6,2432,24320000,24320100,1227,2045,24330000,32585
6,2433,24330000,24330100,1227,2045,24340000,32595
6,2434,24340000,24340100,1227,2045,24350000,32609
6,2435,24350000,24350100,1227,2045,24360000,32620
6,2436,24360000,24360100,1227,2045,24370000,32637
6,2437,24370000,24370100,1227,2045,24380000,32650
6,2438,24380000,24380100,1227,2045,24390000,32662
6,2439,24390000,24390100,1227,2045,24400000,32674
6,244,2440000,2440100,1227,2045,2450000,3270
6,2440,24400000,24400100,1227,2045,24410000,32692
6,2441,24410000,24410100,1227,2045,24420000,32702
6,2442,24420000,24420100,1227,2045,24430000,32715
6,2443,24430000,24430100,1227,2045,24440000,32729
6,2444,24440000,24440100,1227,2045,24450000,32744
6,2445,24450000,24450100,1227,2045,24460000,32757
6,2446,24460000,24460100,1227,2045,24470000,32769
6,2447,24470000,24470100,1227,2045,24480000,32780
6,2448,24480000,24480100,1227,2045,24490000,32799
6,2449,24490000,24490100,1227,2045,24500000,32809
6,245,2450000,2450100,1227,2045,2460000,3283
6,2450,24500000,24500100,1227,2045,24510000,32824
6,2451,24510000,24510100,1227,2045,24520000,32834
6,2452,24520000,24520100,1227,2045,24530000,32854
6,2453,24530000,24530100,1227,2045,24540000,32864
6,2454,24540000,24540100,1227,2045,24550000,32876
6,2455,24550000,24550100,1227,2045,24560000,32887
6,2456,24560000,24560100,1227,2045,24570000,32904
6,2457,24570000,24570100,1227,2045,24580000,32919
6,2458,24580000,24580100,1227,2045,24590000,32931
6,2459,24590000,24590100,1227,2045,24600000,32941
6,246,2460000,2460100,1227,2045,2470000,3295
6,2460,24600000,24600100,1227,2045,24610000,32959
6,2461,24610000,24610100,1227,2045,24620000,32971
6,2462,24620000,24620100,1227,2045,24630000,32984
6,2463,24630000,24630100,1227,2045,24640000,32994
6,2464,24640000,24640100,1227,2045,24650000,33013
6,2465,24650000,24650100,1227,2045,24660000,33024
6,2466,24660000,24660100,1227,2045,24670000,33038
6,2467,24670000,24670100,1227,2045,24680000,33051
6,2468,24680000,24680100,1227,2045,24690000,33066
6,2469,24690000,24690100,1227,2045,24700000,33076
6,247,2470000,2470100,1227,2045,2480000,3310
6,2470,24700000,24700100,1227,2045,24710000,33091
6,2471,24710000,24710100,1227,2045,24720000,33103
6,2472,24720000,24720100,1227,2045,24730000,33121
6,2473,24730000,24730100,1227,2045,24740000,33131
6,2474,24740000,24740100,1227,2045,24750000,33143
6,2475,24750000,24750100,1227,2045,24760000,33158
6,2476,24760000,24760100,1227,2045,24770000,33173
6,2477,24770000,24770100,1227,2045,24780000,33184
6,2478,24780000,24780100,1227,2045,24790000,33198
6,2479,24790000,24790100,1227,2045,24800000,33210
6,248,2480000,2480100,1227,2045,2490000,3327
6,2480,24800000,24800100,1227,2045,24810000,33228
6,2481,24810000,24810100,1227,2045,24820000,33238
6,2482,24820000,24820100,1227,2045,24830000,33253
6,2483,24830000,24830100,1227,2045,24840000,33263
6,2484,24840000,24840100,1227,2045,24850000,33280
6,2485,24850000,24850100,1227,2045,24860000,33293
6,2486,24860000,24860100,1227,2045,24870000,33305
6,2487,24870000,24870100,1227,2045,24880000,33316
6,2488,24880000,24880100,1227,2045,24890000,33335
6,2489,24890000,24890100,1227,2045,24900000,33345
6,249,2490000,2490100,1227,2045,2500000,3337
6,2490,24900000,24900100,1227,2045,24910000,33360
6,2491,24910000,24910100,1227,2045,24920000,33370
6,2492,24920000,24920100,1227,2045,24930000,33388
6,2493,24930000,24930100,1227,2045,24940000,33400
6,2494,24940000,24940100,1227,2045,24950000,33412
6,2495,24950000,24950100,1227,2045,24960000,33423
6,2496,24960000,24960100,1227,2045,24970000,33440
6,2497,24970000,24970100,1227,2045,24980000,33455
6,2498,24980000,24980100,1227,2045,24990000,33467
6,2499,24990000,24990100,1227,2045,25000000,33479
6,25,250000,250100,1227,2045,260000,336
6,250,2500000,2500100,1227,2045,2510000,3350
6,2500,25000000,25000100,1227,2045,25010000,33495
6,2501,25010000,25010100,1227,2045,25020000,33505
6,2502,25020000,25020100,1227,2045,25030000,33520
6,2503,25030000,25030100,1227,2045,25040000,33530
6,2504,25040000,25040100,1227,2045,25050000,33547
6,2505,25050000,25050100,1227,2045,25060000,33560
6,2506,25060000,25060100,1227,2045,25070000,33576
6,2507,25070000,25070100,1227,2045,25080000,33587
6,2508,25080000,25080100,1227,2045,25090000,33602
6,2509,25090000,25090100,1227,2045,25100000,33612
6,251,2510000,2510100,1227,2045,2520000,3360
6,2510,25100000,25100100,1227,2045,25110000,33625
6,2511,25110000,25110100,1227,2045,25120000,33637
6,2512,25120000,25120100,1227,2045,25130000,33657
6,2513,25130000,25130100,1227,2045,25140000,33669
6,2514,25140000,25140100,1227,2045,25150000,33681
6,2515,25150000,25150100,1227,2045,25160000,33694
6,2516,25160000,25160100,1227,2045,25170000,33709
6,2517,25170000,25170100,1227,2045,25180000,33720
6,2518,25180000,25180100,1227,2045,25190000,33732
6,2519,25190000,25190100,1227,2045,25200000,33742
6,252,2520000,2520100,1227,2045,2530000,3380
6,253,2530000,2530100,1227,2045,2540000,3390
6,254,2540000,2540100,1227,2045,2550000,3402
6,255,2550000,2550100,1227,2045,2560000,3415
6,256,2560000,2560100,1227,2045,2570000,3434
6,257,2570000,2570100,1227,2045,2580000,3445
6,258,2580000,2580100,1227,2045,2590000,3457
6,259,2590000,2590100,1227,2045,2600000,3469
6,26,260000,260100,1227,2045,270000,348
6,260,2600000,2600100,1227,2045,2610000,3485
6,261,2610000,2610100,1227,2045,2620000,3497
6,262,2620000,2620100,1227,2045,2630000,3512
6,263,2630000,2630100,1227,2045,2640000,3522
6,264,2640000,2640100,1227,2045,2650000,3539
6,265,2650000,2650100,1227,2045,2660000,3552
6,266,2660000,2660100,1227,2045,2670000,3566
6,267,2670000,2670100,1227,2045,2680000,3577
6,268,2680000,2680100,1227,2045,2690000,3592
6,269,2690000,2690100,1227,2045,2700000,3602
6,27,270000,270100,1227,2045,280000,361
6,270,2700000,2700100,1227,2045,2710000,3619
6,271,2710000,2710100,1227,2045,2720000,3629
6,272,2720000,2720100,1227,2045,2730000,3647
6,273,2730000,2730100,1227,2045,2740000,3659
6,274,2740000,2740100,1227,2045,2750000,3673
6,275,2750000,2750100,1227,2045,2760000,3684
6,276,2760000,2760100,1227,2045,2770000,3699
6,277,2770000,2770100,1227,2045,2780000,3712
6,278,2780000,2780100,1227,2045,2790000,3724
6,279,2790000,2790100,1227,2045,2800000,3736
6,28,280000,280100,1227,2045,290000,378
6,280,2800000,2800100,1227,2045,2810000,3756
6,281,2810000,2810100,1227,2045,2820000,3766
6,282,2820000,2820100,1227,2045,2830000,3779
6,283,2830000,2830100,1227,2045,2840000,3791
6,284,2840000,2840100,1227,2045,2850000,3806
6,285,2850000,2850100,1227,2045,2860000,3819
6,286,2860000,2860100,1227,2045,2870000,3831
6,287,2870000,2870100,1227,2045,2880000,3844
6,288,2880000,2880100,1227,2045,2890000,3863
6,289,2890000,2890100,1227,2045,2900000,3873
6,29,290000,290100,1227,2045,300000,388
6,290,2900000,2900100,1227,2045,2910000,3886
6,291,2910000,2910100,1227,2045,2920000,3896
6,292,2920000,2920100,1227,2045,2930000,3916
6,293,2930000,2930100,1227,2045,2940000,3926
6,294,2940000,2940100,1227,2045,2950000,3940
6,295,2950000,2950100,1227,2045,2960000,3951
6,296,2960000,2960100,1227,2045,2970000,3968
6,297,2970000,2970100,1227,2045,2980000,3981
6,298,2980000,2980100,1227,2045,2990000,3993
6,299,2990000,2990100,1227,2045,3000000,4003
6,3,30000,30100,1227,2045,40000,39
6,30,300000,300100,1227,2045,310000,403
6,300,3000000,3000100,1227,2045,3010000,4021
6,301,3010000,3010100,1227,2045,3020000,4035
6,302,3020000,3020100,1227,2045,3030000,4048
6,303,3030000,3030100,1227,2045,3040000,4058
6,304,3040000,3040100,1227,2045,3050000,4075
6,305,3050000,3050100,1227,2045,3060000,4086
6,306,3060000,3060100,1227,2045,3070000,4100
6,307,3070000,3070100,1227,2045,3080000,4113
6,308,3080000,3080100,1227,2045,3090000,4130
6,309,3090000,3090100,1227,2045,3100000,4140
6,31,310000,310100,1227,2045,320000,415
6,310,3100000,3100100,1227,2045,3110000,4155
6,311,3110000,3110100,1227,2045,3120000,4165
6,312,3120000,3120100,1227,2045,3130000,4183
6,313,3130000,3130100,1227,2045,3140000,4193
6,314,3140000,3140100,1227,2045,3150000,4205
6,315,3150000,3150100,1227,2045,3160000,4222
6,316,3160000,3160100,1227,2045,3170000,4237
6,317,3170000,3170100,1227,2045,3180000,4248
6,318,3180000,3180100,1227,2045,3190000,4260
6,319,3190000,3190100,1227,2045,3200000,4272
6,32,320000,320100,1227,2045,330000,433
6,320,3200000,3200100,1227,2045,3210000,4290
6,321,3210000,3210100,1227,2045,3220000,4300
6,322,3220000,3220100,1227,2045,3230000,4317
6,323,3230000,3230100,1227,2045,3240000,4327
6,324,3240000,3240100,1227,2045,3250000,4344
6,325,3250000,3250100,1227,2045,3260000,4355
6,326,3260000,3260100,1227,2045,3270000,4367
6,327,3270000,3270100,1227,2045,3280000,4378
6,328,3280000,3280100,1227,2045,3290000,4397
6,329,3290000,3290100,1227,2045,3300000,4409
6,33,330000,330100,1227,2045,340000,443
6,330,3300000,3300100,1227,2045,3310000,4424
6,331,3310000,3310100,1227,2045,3320000,4434
6,332,3320000,3320100,1227,2045,3330000,4450
6,333,3330000,3330100,1227,2045,3340000,4462
6,334,3340000,3340100,1227,2045,3350000,4474
6,335,3350000,3350100,1227,2045,3360000,4485
6,336,3360000,3360100,1227,2045,3370000,4504
6,337,3370000,3370100,1227,2045,3380000,4519
6,338,3380000,3380100,1227,2045,3390000,4531
6,339,3390000,3390100,1227,2045,3400000,4541
6,34,340000,340100,1227,2045,350000,455
6,340,3400000,3400100,1227,2045,3410000,4557
6,341,3410000,3410100,1227,2045,3420000,4567
6,342,3420000,3420100,1227,2045,3430000,4582
6,343,3430000,3430100,1227,2045,3440000,4594
6,344,3440000,3440100,1227,2045,3450000,4611
6,345,3450000,3450100,1227,2045,3460000,4624
6,346,3460000,3460100,1227,2045,3470000,4638
6,347,3470000,3470100,1227,2045,3480000,4649
6,348,3480000,3480100,1227,2045,3490000,4664
6,349,3490000,3490100,1227,2045,3500000,4674
6,35,350000,350100,1227,2045,360000,468
6,350,3500000,3500100,1227,2045,3510000,4689
6,351,3510000,3510100,1227,2045,3520000,4701
6,352,3520000,3520100,1227,2045,3530000,4721
6,353,3530000,3530100,1227,2045,3540000,4731
6,354,3540000,3540100,1227,2045,3550000,4743
6,355,3550000,3550100,1227,2045,3560000,4756
6,356,3560000,3560100,1227,2045,3570000,4771
6,357,3570000,3570100,1227,2045,3580000,4784
6,358,3580000,3580100,1227,2045,3590000,4796
6,359,3590000,3590100,1227,2045,3600000,4806
6,36,360000,360100,1227,2045,370000,485
6,360,3600000,3600100,1227,2045,3610000,4828
6,361,3610000,3610100,1227,2045,3620000,4838
6,362,3620000,3620100,1227,2045,3630000,4851
6,363,3630000,3630100,1227,2045,3640000,4861
6,364,3640000,3640100,1227,2045,3650000,4880
6,365,3650000,3650100,1227,2045,3660000,4891
6,366,3660000,3660100,1227,2045,3670000,4903
6,367,3670000,3670100,1227,2045,3680000,4916
6,368,3680000,3680100,1227,2045,3690000,4933
6,369,3690000,3690100,1227,2045,3700000,4945
6,37,370000,370100,1227,2045,380000,498
6,370,3700000,3700100,1227,2045,3710000,4958
6,371,3710000,3710100,1227,2045,3720000,4970
6,372,3720000,3720100,1227,2045,3730000,4986
6,373,3730000,3730100,1227,2045,3740000,4998
6,374,3740000,3740100,1227,2045,3750000,5010
6,375,3750000,3750100,1227,2045,3760000,5023
6,376,3760000,3760100,1227,2045,3770000,5040
6,377,3770000,3770100,1227,2045,3780000,5051
6,378,3780000,3780100,1227,2045,3790000,5067
6,379,3790000,3790100,1227,2045,3800000,5077
6,38,380000,380100,1227,2045,390000,510
6,380,3800000,3800100,1227,2045,3810000,5093
6,381,3810000,3810100,1227,2045,3820000,5103
6,382,3820000,3820100,1227,2045,3830000,5120
6,383,3830000,3830100,1227,2045,3840000,5130
6,384,3840000,3840100,1227,2045,3850000,5147
6,385,3850000,3850100,1227,2045,3860000,5160
6,386,3860000,3860100,1227,2045,3870000,5172
6,387,3870000,3870100,1227,2045,3880000,5185
6,388,3880000,3880100,1227,2045,3890000,5200
6,389,3890000,3890100,1227,2045,3900000,5210
6,39,390000,390100,1227,2045,400000,520
6,390,3900000,3900100,1227,2045,3910000,5225
6,391,3910000,3910100,1227,2045,3920000,5237
6,392,3920000,3920100,1227,2045,3930000,5257
6,393,3930000,3930100,1227,2045,3940000,5267
6,394,3940000,3940100,1227,2045,3950000,5279
6,395,3950000,3950100,1227,2045,3960000,5290
6,396,3960000,3960100,1227,2045,3970000,5307
6,397,3970000,3970100,1227,2045,3980000,5320
6,398,3980000,3980100,1227,2045,3990000,5332
6,399,3990000,3990100,1227,2045,4000000,5344
6,4,40000,40100,1227,2045,50000,56
6,40,400000,400100,1227,2045,410000,540
6,400,4000000,4000100,1227,2045,4010000,5364
6,401,4010000,4010100,1227,2045,4020000,5374
6,402,4020000,4020100,1227,2045,4030000,5387
6,403,4030000,4030100,1227,2045,4040000,5397
6,404,4040000,4040100,1227,2045,4050000,5412
6,405,4050000,4050100,1227,2045,4060000,5427
6,406,4060000,4060100,1227,2045,4070000,5441
6,407,4070000,4070100,1227,2045,4080000,5452
6,408,4080000,4080100,1227,2045,4090000,5469
6,409,4090000,4090100,1227,2045,4100000,5481
6,41,410000,410100,1227,2045,420000,550
6,410,4100000,4100100,1227,2045,4110000,5494
6,411,4110000,4110100,1227,2045,4120000,5504
6,412,4120000,4120100,1227,2045,4130000,5522
6,413,4130000,4130100,1227,2045,4140000,5534
6,414,4140000,4140100,1227,2045,4150000,5548
6,415,4150000,4150100,1227,2045,4160000,5559
6,416,4160000,4160100,1227,2045,4170000,5576
6,417,4170000,4170100,1227,2045,4180000,5587
6,418,4180000,4180100,1227,2045,4190000,5601
6,419,4190000,4190100,1227,2045,4200000,5611
6,42,420000,420100,1227,2045,430000,565
6,420,4200000,4200100,1227,2045,4210000,5631
6,421,4210000,4210100,1227,2045,4220000,5641
6,422,4220000,4220100,1227,2045,4230000,5654
6,423,4230000,4230100,1227,2045,4240000,5666
6,424,4240000,4240100,1227,2045,4250000,5683
6,425,4250000,4250100,1227,2045,4260000,5694
6,426,4260000,4260100,1227,2045,4270000,5706
6,427,4270000,4270100,1227,2045,4280000,5723
6,428,4280000,4280100,1227,2045,4290000,5738
6,429,4290000,4290100,1227,2045,4300000,5748
6,43,430000,430100,1227,2045,440000,575
6,430,4300000,4300100,1227,2045,4310000,5761
6,431,4310000,4310100,1227,2045,4320000,5771
6,432,4320000,4320100,1227,2045,4330000,5791
6,433,4330000,4330100,1227,2045,4340000,5801
6,434,4340000,4340100,1227,2045,4350000,5815
6,435,4350000,4350100,1227,2045,4360000,5828
6,436,4360000,4360100,1227,2045,4370000,5845
6,437,4370000,4370100,1227,2045,4380000,5856
6,438,4380000,4380100,1227,2045,4390000,5868
6,439,4390000,4390100,1227,2045,4400000,5878
6,44,440000,440100,1227,2045,450000,590
6,440,4400000,4400100,1227,2045,4410000,5896
6,441,4410000,4410100,1227,2045,4420000,5910
6,442,4420000,4420100,1227,2045,4430000,5925
6,443,4430000,4430100,1227,2045,4440000,5935
6,444,4440000,4440100,1227,2045,4450000,5950
6,445,4450000,4450100,1227,2045,4460000,5963
6,446,4460000,4460100,1227,2045,4470000,5975
6,447,4470000,4470100,1227,2045,4480000,5986
6,448,4480000,4480100,1227,2045,4490000,6005
6,449,4490000,4490100,1227,2045,4500000,6015
6,45,450000,450100,1227,2045,460000,605
6,450,4500000,4500100,1227,2045,4510000,6032
6,451,4510000,4510100,1227,2045,4520000,6042
6,452,4520000,4520100,1227,2045,4530000,6058
6,453,4530000,4530100,1227,2045,4540000,6068
6,454,4540000,4540100,1227,2045,4550000,6082
6,455,4550000,4550100,1227,2045,4560000,6095
6,456,4560000,4560100,1227,2045,4570000,6112
6,457,4570000,4570100,1227,2045,4580000,6125
6,458,4580000,4580100,1227,2045,4590000,6137
6,459,4590000,4590100,1227,2045,4600000,6149
6,46,460000,460100,1227,2045,470000,617
6,460,4600000,4600100,1227,2045,4610000,6165
6,461,4610000,4610100,1227,2045,4620000,6175
6,462,4620000,4620100,1227,2045,4630000,6190
6,463,4630000,4630100,1227,2045,4640000,6202
6,464,4640000,4640100,1227,2045,4650000,6219
6,465,4650000,4650100,1227,2045,4660000,6232
6,466,4660000,4660100,1227,2045,4670000,6244
6,467,4670000,4670100,1227,2045,4680000,6255
6,468,4680000,4680100,1227,2045,4690000,6272
6,469,4690000,4690100,1227,2045,4700000,6284
6,47,470000,470100,1227,2045,480000,628
6,470,4700000,4700100,1227,2045,4710000,6297
6,471,4710000,4710100,1227,2045,4720000,6307
6,472,4720000,4720100,1227,2045,4730000,6329
6,473,4730000,4730100,1227,2045,4740000,6339
6,474,4740000,4740100,1227,2045,4750000,6351
6,475,4750000,4750100,1227,2045,4760000,6362
6,476,4760000,4760100,1227,2045,4770000,6379
6,477,4770000,4770100,1227,2045,4780000,6392
6,478,4780000,4780100,1227,2045,4790000,6404
6,479,4790000,4790100,1227,2045,4800000,6414
6,48,480000,480100,1227,2045,490000,645
6,480,4800000,4800100,1227,2045,4810000,6434
6,481,4810000,4810100,1227,2045,4820000,6446
6,482,4820000,4820100,1227,2045,4830000,6459
6,483,4830000,4830100,1227,2045,4840000,6471
6,484,4840000,4840100,1227,2045,4850000,6486
6,485,4850000,4850100,1227,2045,4860000,6497
6,486,4860000,4860100,1227,2045,4870000,6511
6,487,4870000,4870100,1227,2045,4880000,6524
6,488,4880000,4880100,1227,2045,4890000,6541
6,489,4890000,4890100,1227,2045,4900000,6551
6,49,490000,490100,1227,2045,500000,659
6,490,4900000,4900100,1227,2045,4910000,6568
6,491,4910000,4910100,1227,2045,4920000,6578
6,492,4920000,4920100,1227,2045,4930000,6594
6,493,4930000,4930100,1227,2045,4940000,6604
6,494,4940000,4940100,1227,2045,4950000,6616
6,495,4950000,4950100,1227,2045,4960000,6631
6,496,4960000,4960100,1227,2045,4970000,6648
6,497,4970000,4970100,1227,2045,4980000,6661
6,498,4980000,4980100,1227,2045,4990000,6673
6,499,4990000,4990100,1227,2045,5000000,6685
6,5,50000,50100,1227,2045,60000,67
6,50,500000,500100,1227,2045,510000,672
6,500,5000000,5000100,1227,2045,5010000,6701
6,501,5010000,5010100,1227,2045,5020000,6711
6,502,5020000,5020100,1227,2045,5030000,6726
6,503,5030000,5030100,1227,2045,5040000,6736
6,504,5040000,5040100,1227,2045,5050000,6757
6,505,5050000,5050100,1227,2045,5060000,6768
6,506,5060000,5060100,1227,2045,5070000,6780
6,507,5070000,5070100,1227,2045,5080000,6791
6,508,5080000,5080100,1227,2045,5090000,6808
6,509,5090000,5090100,1227,2045,5100000,6818
6,51,510000,510100,1227,2045,520000,682
6,510,5100000,5100100,1227,2045,5110000,6833
6,511,5110000,5110100,1227,2045,5120000,6845
6,512,5120000,5120100,1227,2045,5130000,6863
6,513,5130000,5130100,1227,2045,5140000,6875
6,514,5140000,5140100,1227,2045,5150000,6887
6,515,5150000,5150100,1227,2045,5160000,6898
6,516,5160000,5160100,1227,2045,5170000,6913
6,517,5170000,5170100,1227,2045,5180000,6928
6,518,5180000,5180100,1227,2045,5190000,6942
6,519,5190000,5190100,1227,2045,5200000,6952
6,52,520000,520100,1227,2045,530000,700
6,520,5200000,5200100,1227,2045,5210000,6970
6,521,5210000,5210100,1227,2045,5220000,6980
6,522,5220000,5220100,1227,2045,5230000,6995
6,523,5230000,5230100,1227,2045,5240000,7005
6,524,5240000,5240100,1227,2045,5250000,7020
6,525,5250000,5250100,1227,2045,5260000,7035
6,526,5260000,5260100,1227,2045,5270000,7049
6,527,5270000,5270100,1227,2045,5280000,7060
6,528,5280000,5280100,1227,2045,5290000,7077
6,529,5290000,5290100,1227,2045,5300000,7087
6,53,530000,530100,1227,2045,540000,710
6,530,5300000,5300100,1227,2045,5310000,7100
6,531,5310000,5310100,1227,2045,5320000,7112
6,532,5320000,5320100,1227,2045,5330000,7132
6,533,5330000,5330100,1227,2045,5340000,7142
6,534,5340000,5340100,1227,2045,5350000,7154
6,535,5350000,5350100,1227,2045,5360000,7167
6,536,5360000,5360100,1227,2045,5370000,7184
6,537,5370000,5370100,1227,2045,5380000,7195
6,538,5380000,5380100,1227,2045,5390000,7207
6,539,5390000,5390100,1227,2045,5400000,7219
6,54,540000,540100,1227,2045,550000,724
6,540,5400000,5400100,1227,2045,5410000,7239
6,541,5410000,5410100,1227,2045,5420000,7249
6,542,5420000,5420100,1227,2045,5430000,7262
6,543,5430000,5430100,1227,2045,5440000,7272
6,544,5440000,5440100,1227,2045,5450000,7291
6,545,5450000,5450100,1227,2045,5460000,7302
6,546,5460000,5460100,1227,2045,5470000,7316
6,547,5470000,5470100,1227,2045,5480000,7329
6,548,5480000,5480100,1227,2045,5490000,7344
6,549,5490000,5490100,1227,2045,5500000,7356
6,55,550000,550100,1227,2045,560000,735
6,550,5500000,5500100,1227,2045,5510000,7369
6,551,5510000,5510100,1227,2045,5520000,7379
6,552,5520000,5520100,1227,2045,5530000,7397
6,553,5530000,5530100,1227,2045,5540000,7411
6,554,5540000,5540100,1227,2045,5550000,7423
6,555,5550000,5550100,1227,2045,5560000,7436
6,556,5560000,5560100,1227,2045,5570000,7451
6,557,5570000,5570100,1227,2045,5580000,7462
6,558,5580000,5580100,1227,2045,5590000,7476
6,559,5590000,5590100,1227,2045,5600000,7486
6,56,560000,560100,1227,2045,570000,754
6,560,5600000,5600100,1227,2045,5610000,7506
6,561,5610000,5610100,1227,2045,5620000,7516
6,562,5620000,5620100,1227,2045,5630000,7533
6,563,5630000,5630100,1227,2045,5640000,7543
6,564,5640000,5640100,1227,2045,5650000,7558
6,565,5650000,5650100,1227,2045,5660000,7569
6,566,5660000,5660100,1227,2045,5670000,7581
6,567,5670000,5670100,1227,2045,5680000,7596
6,568,5680000,5680100,1227,2045,5690000,7613
6,569,5690000,5690100,1227,2045,5700000,7623
6,57,570000,570100,1227,2045,580000,765
6,570,5700000,5700100,1227,2045,5710000,7638
6,571,5710000,5710100,1227,2045,5720000,7650
6,572,5720000,5720100,1227,2045,5730000,7666
6,573,5730000,5730100,1227,2045,5740000,7676
6,574,5740000,5740100,1227,2045,5750000,7690
6,575,5750000,5750100,1227,2045,5760000,7701
6,576,5760000,5760100,1227,2045,5770000,7720
6,577,5770000,5770100,1227,2045,5780000,7733
6,578,5780000,5780100,1227,2045,5790000,7745
6,579,5790000,5790100,1227,2045,5800000,7755
6,58,580000,580100,1227,2045,590000,779
6,580,5800000,5800100,1227,2045,5810000,7773
6,581,5810000,5810100,1227,2045,5820000,7785
6,582,5820000,5820100,1227,2045,5830000,7798
6,583,5830000,5830100,1227,2045,5840000,7808
6,584,5840000,5840100,1227,2045,5850000,7825
6,585,5850000,5850100,1227,2045,5860000,7840
6,586,5860000,5860100,1227,2045,5870000,7852
6,587,5870000,5870100,1227,2045,5880000,7863
6,588,5880000,5880100,1227,2045,5890000,7880
6,589,5890000,5890100,1227,2045,5900000,7892
6,59,590000,590100,1227,2045,600000,789
6,590,5900000,5900100,1227,2045,5910000,7905
6,591,5910000,5910100,1227,2045,5920000,7915
6,592,5920000,5920100,1227,2045,5930000,7935
6,593,5930000,5930100,1227,2045,5940000,7945
6,594,5940000,5940100,1227,2045,5950000,7959
6,595,5950000,5950100,1227,2045,5960000,7972
6,596,5960000,5960100,1227,2045,5970000,7987
6,597,5970000,5970100,1227,2045,5980000,7998
6,598,5980000,5980100,1227,2045,5990000,8012
6,599,5990000,5990100,1227,2045,6000000,8022
6,6,60000,60100,1227,2045,70000,79
6,60,600000,600100,1227,2045,610000,807
6,600,6000000,6000100,1227,2045,6010000,8042
6,601,6010000,6010100,1227,2045,6020000,8052
6,602,6020000,6020100,1227,2045,6030000,8067
6,603,6030000,6030100,1227,2045,6040000,8079
6,604,6040000,6040100,1227,2045,6050000,8094
6,605,6050000,6050100,1227,2045,6060000,8105
6,606,6060000,6060100,1227,2045,6070000,8117
6,607,6070000,6070100,1227,2045,6080000,8132
6,608,6080000,6080100,1227,2045,6090000,8149
6,609,6090000,6090100,1227,2045,6100000,8161
6,61,610000,610100,1227,2045,620000,817
6,610,6100000,6100100,1227,2045,6110000,8174
6,611,6110000,6110100,1227,2045,6120000,8184
6,612,6120000,6120100,1227,2045,6130000,8202
6,613,6130000,6130100,1227,2045,6140000,8212
6,614,6140000,6140100,1227,2045,6150000,8224
6,615,6150000,6150100,1227,2045,6160000,8237
6,616,6160000,6160100,1227,2045,6170000,8258
6,617,6170000,6170100,1227,2045,6180000,8269
6,618,6180000,6180100,1227,2045,6190000,8281
6,619,6190000,6190100,1227,2045,6200000,8291
6,62,620000,620100,1227,2045,630000,830
6,620,6200000,6200100,1227,2045,6210000,8307
6,621,6210000,6210100,1227,2045,6220000,8319
6,622,6220000,6220100,1227,2045,6230000,8334
6,623,6230000,6230100,1227,2045,6240000,8346
6,624,6240000,6240100,1227,2045,6250000,8363
6,625,6250000,6250100,1227,2045,6260000,8376
6,626,6260000,6260100,1227,2045,6270000,8388
6,627,6270000,6270100,1227,2045,6280000,8399
6,628,6280000,6280100,1227,2045,6290000,8414
6,629,6290000,6290100,1227,2045,6300000,8424
6,63,630000,630100,1227,2045,640000,844
6,630,6300000,6300100,1227,2045,6310000,8443
6,631,6310000,6310100,1227,2045,6320000,8453
6,632,6320000,6320100,1227,2045,6330000,8471
6,633,6330000,6330100,1227,2045,6340000,8481
6,634,6340000,6340100,1227,2045,6350000,8495
6,635,6350000,6350100,1227,2045,6360000,8506
6,636,6360000,6360100,1227,2045,6370000,8521
6,637,6370000,6370100,1227,2045,6380000,8536
6,638,6380000,6380100,1227,2045,6390000,8548
6,639,6390000,6390100,1227,2045,6400000,8560
6,64,640000,640100,1227,2045,650000,861
6,640,6400000,6400100,1227,2045,6410000,8578
6,641,6410000,6410100,1227,2045,6420000,8588
6,642,6420000,6420100,1227,2045,6430000,8601
6,643,6430000,6430100,1227,2045,6440000,8613
6,644,6440000,6440100,1227,2045,6450000,8630
6,645,6450000,6450100,1227,2045,6460000,8643
6,646,6460000,6460100,1227,2045,6470000,8655
6,647,6470000,6470100,1227,2045,6480000,8666
6,648,6480000,6480100,1227,2045,6490000,8685
6,649,6490000,6490100,1227,2045,6500000,8695
6,65,650000,650100,1227,2045,660000,872
6,650,6500000,6500100,1227,2045,6510000,8708
6,651,6510000,6510100,1227,2045,6520000,8720
6,652,6520000,6520100,1227,2045,6530000,8740
6,653,6530000,6530100,1227,2045,6540000,8750
6,654,6540000,6540100,1227,2045,6550000,8762
6,655,6550000,6550100,1227,2045,6560000,8773
6,656,6560000,6560100,1227,2045,6570000,8790
6,657,6570000,6570100,1227,2045,6580000,8803
6,658,6580000,6580100,1227,2045,6590000,8817
6,659,6590000,6590100,1227,2045,6600000,8827
6,66,660000,660100,1227,2045,670000,884
6,660,6600000,6600100,1227,2045,6610000,8845
6,661,6610000,6610100,1227,2045,6620000,8857
6,662,6620000,6620100,1227,2045,6630000,8870
6,663,6630000,6630100,1227,2045,6640000,8880
6,664,6640000,6640100,1227,2045,6650000,8897
6,665,6650000,6650100,1227,2045,6660000,8910
6,666,6660000,6660100,1227,2045,6670000,8924
6,667,6670000,6670100,1227,2045,6680000,8937
6,668,6680000,6680100,1227,2045,6690000,8952
6,669,6690000,6690100,1227,2045,6700000,8962
6,67,670000,670100,1227,2045,680000,899
6,670,6700000,6700100,1227,2045,6710000,8977
6,671,6710000,6710100,1227,2045,6720000,8987
6,672,6720000,6720100,1227,2045,6730000,9007
6,673,6730000,6730100,1227,2045,6740000,9017
6,674,6740000,6740100,1227,2045,6750000,9029
6,675,6750000,6750100,1227,2045,6760000,9044
6,676,6760000,6760100,1227,2045,6770000,9059
6,677,6770000,6770100,1227,2045,6780000,9070
6,678,6780000,6780100,1227,2045,6790000,9082
6,679,6790000,6790100,1227,2045,6800000,9096
6,68,680000,680100,1227,2045,690000,914
6,680,6800000,6800100,1227,2045,6810000,9114
6,681,6810000,6810100,1227,2045,6820000,9124
6,682,6820000,6820100,1227,2045,6830000,9139
6,683,6830000,6830100,1227,2045,6840000,9149
6,684,6840000,6840100,1227,2045,6850000,9166
6,685,6850000,6850100,1227,2045,6860000,9177
6,686,6860000,6860100,1227,2045,6870000,9191
6,687,6870000,6870100,1227,2045,6880000,9202
6,688,6880000,6880100,1227,2045,6890000,9221
6,689,6890000,6890100,1227,2045,6900000,9231
6,69,690000,690100,1227,2045,700000,924
6,690,6900000,6900100,1227,2045,6910000,9246
6,691,6910000,6910100,1227,2045,6920000,9256
6,692,6920000,6920100,1227,2045,6930000,9272
6,693,6930000,6930100,1227,2045,6940000,9286
6,694,6940000,6940100,1227,2045,6950000,9298
6,695,6950000,6950100,1227,2045,6960000,9309
6,696,6960000,6960100,1227,2045,6970000,9326
6,697,6970000,6970100,1227,2045,6980000,9341
6,698,6980000,6980100,1227,2045,6990000,9353
6,699,6990000,6990100,1227,2045,7000000,9363
6,7,70000,70100,1227,2045,80000,94
6,70,700000,700100,1227,2045,710000,939
6,700,7000000,7000100,1227,2045,7010000,9381
6,701,7010000,7010100,1227,2045,7020000,9391
6,702,7020000,7020100,1227,2045,7030000,9406
6,703,7030000,7030100,1227,2045,7040000,9416
6,704,7040000,7040100,1227,2045,7050000,9433
6,705,7050000,7050100,1227,2045,7060000,9446
6,706,7060000,7060100,1227,2045,7070000,9460
6,707,7070000,7070100,1227,2045,7080000,9473
6,708,7080000,7080100,1227,2045,7090000,9488
6,709,7090000,7090100,1227,2045,7100000,9498
6,71,710000,710100,1227,2045,720000,949
6,710,7100000,7100100,1227,2045,7110000,9511
6,711,7110000,7110100,1227,2045,7120000,9523
6,712,7120000,7120100,1227,2045,7130000,9543
6,713,7130000,7130100,1227,2045,7140000,9553
6,714,7140000,7140100,1227,2045,7150000,9567
6,715,7150000,7150100,1227,2045,7160000,9580
6,716,7160000,7160100,1227,2045,7170000,9595
6,717,7170000,7170100,1227,2045,7180000,9606
6,718,7180000,7180100,1227,2045,7190000,9618
6,719,7190000,7190100,1227,2045,7200000,9628
6,72,720000,720100,1227,2045,730000,969
6,720,7200000,7200100,1227,2045,7210000,9650
6,721,7210000,7210100,1227,2045,7220000,9662
6,722,7220000,7220100,1227,2045,7230000,9675
6,723,7230000,7230100,1227,2045,7240000,9685
6,724,7240000,7240100,1227,2045,7250000,9702
6,725,7250000,7250100,1227,2045,7260000,9713
6,726,7260000,7260100,1227,2045,7270000,9725
6,727,7270000,7270100,1227,2045,7280000,9738
6,728,7280000,7280100,1227,2045,7290000,9757
6,729,7290000,7290100,1227,2045,7300000,9769
6,73,730000,730100,1227,2045,740000,979
6,730,7300000,7300100,1227,2045,7310000,9782
6,731,7310000,7310100,1227,2045,7320000,9792
6,732,7320000,7320100,1227,2045,7330000,9808
6,733,7330000,7330100,1227,2045,7340000,9820
6,734,7340000,7340100,1227,2045,7350000,9832
6,735,7350000,7350100,1227,2045,7360000,9847
6,736,7360000,7360100,1227,2045,7370000,9864
6,737,7370000,7370100,1227,2045,7380000,9875
6,738,7380000,7380100,1227,2045,7390000,9889
6,739,7390000,7390100,1227,2045,7400000,9899
6,74,740000,740100,1227,2045,750000,991
6,740,7400000,7400100,1227,2045,7410000,9915
6,741,7410000,7410100,1227,2045,7420000,9925
6,742,7420000,7420100,1227,2045,7430000,9944
6,743,7430000,7430100,1227,2045,7440000,9954
6,744,7440000,7440100,1227,2045,7450000,9971
6,745,7450000,7450100,1227,2045,7460000,9982
6,746,7460000,7460100,1227,2045,7470000,9994
6,747,7470000,7470100,1227,2045,7480000,10007
6,748,7480000,7480100,1227,2045,7490000,10022
6,749,7490000,7490100,1227,2045,7500000,10034
6,75,750000,750100,1227,2045,760000,1004
6,750,7500000,7500100,1227,2045,7510000,10049
6,751,7510000,7510100,1227,2045,7520000,10061
6,752,7520000,7520100,1227,2045,7530000,10079
6,753,7530000,7530100,1227,2045,7540000,10089
6,754,7540000,7540100,1227,2045,7550000,10101
6,755,7550000,7550100,1227,2045,7560000,10112
6,756,7560000,7560100,1227,2045,7570000,10131
6,757,7570000,7570100,1227,2045,7580000,10144
6,758,7580000,7580100,1227,2045,7590000,10156
6,759,7590000,7590100,1227,2045,7600000,10166
6,76,760000,760100,1227,2045,770000,1021
6,760,7600000,7600100,1227,2045,7610000,10186
6,761,7610000,7610100,1227,2045,7620000,10196
6,762,7620000,7620100,1227,2045,7630000,10209
6,763,7630000,7630100,1227,2045,7640000,10221
6,764,7640000,7640100,1227,2045,7650000,10236
6,765,7650000,7650100,1227,2045,7660000,10251
6,766,7660000,7660100,1227,2045,7670000,10263
6,767,7670000,7670100,1227,2045,7680000,10274
6,768,7680000,7680100,1227,2045,7690000,10291
6,769,7690000,7690100,1227,2045,7700000,10303
6,77,770000,770100,1227,2045,780000,1034
6,770,7700000,7700100,1227,2045,7710000,10318
6,771,7710000,7710100,1227,2045,7720000,10328
6,772,7720000,7720100,1227,2045,7730000,10346
6,773,7730000,7730100,1227,2045,7740000,10356
6,774,7740000,7740100,1227,2045,7750000,10370
6,775,7750000,7750100,1227,2045,7760000,10381
6,776,7760000,7760100,1227,2045,7770000,10398
6,777,7770000,7770100,1227,2045,7780000,10411
6,778,7780000,7780100,1227,2045,7790000,10425
6,779,7790000,7790100,1227,2045,7800000,10435
6,78,780000,780100,1227,2045,790000,1046
6,780,7800000,7800100,1227,2045,7810000,10453
6,781,7810000,7810100,1227,2045,7820000,10463
6,782,7820000,7820100,1227,2045,7830000,10476
6,783,7830000,7830100,1227,2045,7840000,10488
6,784,7840000,7840100,1227,2045,7850000,10507
6,785,7850000,7850100,1227,2045,7860000,10518
6,786,7860000,7860100,1227,2045,7870000,10530
6,787,7870000,7870100,1227,2045,7880000,10545
6,788,7880000,7880100,1227,2045,7890000,10560
6,789,7890000,7890100,1227,2045,7900000,10570
6,79,790000,790100,1227,2045,800000,1056
6,790,7900000,7900100,1227,2045,7910000,10583
6,791,7910000,7910100,1227,2045,7920000,10595
6,792,7920000,7920100,1227,2045,7930000,10615
6,793,7930000,7930100,1227,2045,7940000,10625
6,794,7940000,7940100,1227,2045,7950000,10637
6,795,7950000,7950100,1227,2045,7960000,10650
6,796,7960000,7960100,1227,2045,7970000,10667
6,797,7970000,7970100,1227,2045,7980000,10678
6,798,7980000,7980100,1227,2045,7990000,10692
6,799,7990000,7990100,1227,2045,8000000,10702
6,8,80000,80100,1227,2045,90000,111
6,80,800000,800100,1227,2045,810000,1074
6,800,8000000,8000100,1227,2045,8010000,10720
6,801,8010000,8010100,1227,2045,8020000,10732
6,802,8020000,8020100,1227,2045,8030000,10747
6,803,8030000,8030100,1227,2045,8040000,10757
6,804,8040000,8040100,1227,2045,8050000,10772
6,805,8050000,8050100,1227,2045,8060000,10787
6,806,8060000,8060100,1227,2045,8070000,10799
6,807,8070000,8070100,1227,2045,8080000,10810
6,808,8080000,8080100,1227,2045,8090000,10827
6,809,8090000,8090100,1227,2045,8100000,10837
6,81,810000,810100,1227,2045,820000,1086
6,810,8100000,8100100,1227,2045,8110000,10854
6,811,8110000,8110100,1227,2045,8120000,10864
6,812,8120000,8120100,1227,2045,8130000,10882
6,813,8130000,8130100,1227,2045,8140000,10892
6,814,8140000,8140100,1227,2045,8150000,10906
6,815,8150000,8150100,1227,2045,8160000,10917
6,816,8160000,8160100,1227,2045,8170000,10934
6,817,8170000,8170100,1227,2045,8180000,10947
6,818,8180000,8180100,1227,2045,8190000,10959
6,819,8190000,8190100,1227,2045,8200000,10973
6,82,820000,820100,1227,2045,830000,1101
6,820,8200000,8200100,1227,2045,8210000,10989
6,821,8210000,8210100,1227,2045,8220000,10999
6,822,8220000,8220100,1227,2045,8230000,11012
6,823,8230000,8230100,1227,2045,8240000,11024
6,824,8240000,8240100,1227,2045,8250000,11041
6,825,8250000,8250100,1227,2045,8260000,11054
6,826,8260000,8260100,1227,2045,8270000,11068
6,827,8270000,8270100,1227,2045,8280000,11079
6,828,8280000,8280100,1227,2045,8290000,11096
6,829,8290000,8290100,1227,2045,8300000,11106
6,83,830000,830100,1227,2045,840000,1111
6,830,8300000,8300100,1227,2045,8310000,11119
6,831,8310000,8310100,1227,2045,8320000,11129
6,832,8320000,8320100,1227,2045,8330000,11151
6,833,8330000,8330100,1227,2045,8340000,11163
6,834,8340000,8340100,1227,2045,8350000,11175
6,835,8350000,8350100,1227,2045,8360000,11186
6,836,8360000,8360100,1227,2045,8370000,11201
6,837,8370000,8370100,1227,2045,8380000,11214
6,838,8380000,8380100,1227,2045,8390000,11226
6,839,8390000,8390100,1227,2045,8400000,11236
6,84,840000,840100,1227,2045,850000,1128
6,840,8400000,8400100,1227,2045,8410000,11258
6,841,8410000,8410100,1227,2045,8420000,11270
6,842,8420000,8420100,1227,2045,8430000,11283
6,843,8430000,8430100,1227,2045,8440000,11293
6,844,8440000,8440100,1227,2045,8450000,11308
6,845,8450000,8450100,1227,2045,8460000,11319
6,846,8460000,8460100,1227,2045,8470000,11333
6,847,8470000,8470100,1227,2045,8480000,11348
6,848,8480000,8480100,1227,2045,8490000,11365
6,849,8490000,8490100,1227,2045,8500000,11375
6,85,850000,850100,1227,2045,860000,1141
6,850,8500000,8500100,1227,2045,8510000,11390
6,851,8510000,8510100,1227,2045,8520000,11400
6,852,8520000,8520100,1227,2045,8530000,11416
6,853,8530000,8530100,1227,2045,8540000,11426
6,854,8540000,8540100,1227,2045,8550000,11440
6,855,8550000,8550100,1227,2045,8560000,11455
6,856,8560000,8560100,1227,2045,8570000,11472
6,857,8570000,8570100,1227,2045,8580000,11483
6,858,8580000,8580100,1227,2045,8590000,11495
6,859,8590000,8590100,1227,2045,8600000,11507
6,86,860000,860100,1227,2045,870000,1153
6,860,8600000,8600100,1227,2045,8610000,11523
6,861,8610000,8610100,1227,2045,8620000,11535
6,862,8620000,8620100,1227,2045,8630000,11550
6,863,8630000,8630100,1227,2045,8640000,11560
6,864,8640000,8640100,1227,2045,8650000,11579
6,865,8650000,8650100,1227,2045,8660000,11590
6,866,8660000,8660100,1227,2045,8670000,11602
6,867,8670000,8670100,1227,2045,8680000,11613
6,868,8680000,8680100,1227,2045,8690000,11632
6,869,8690000,8690100,1227,2045,8700000,11642
6,87,870000,870100,1227,2045,880000,1164
6,870,8700000,8700100,1227,2045,8710000,11657
6,871,8710000,8710100,1227,2045,8720000,11667
6,872,8720000,8720100,1227,2045,8730000,11685
6,873,8730000,8730100,1227,2045,8740000,11697
6,874,8740000,8740100,1227,2045,8750000,11709
6,875,8750000,8750100,1227,2045,8760000,11722
6,876,8760000,8760100,1227,2045,8770000,11737
6,877,8770000,8770100,1227,2045,8780000,11752
6,878,8780000,8780100,1227,2045,8790000,11764
6,879,8790000,8790100,1227,2045,8800000,11774
6,88,880000,880100,1227,2045,890000,1181
6,880,8800000,8800100,1227,2045,8810000,11792
6,881,8810000,8810100,1227,2045,8820000,11802
6,882,8820000,8820100,1227,2045,8830000,11819
6,883,8830000,8830100,1227,2045,8840000,11829
6,884,8840000,8840100,1227,2045,8850000,11844
6,885,8850000,8850100,1227,2045,8860000,11857
6,886,8860000,8860100,1227,2045,8870000,11871
6,887,8870000,8870100,1227,2045,8880000,11882
6,888,8880000,8880100,1227,2045,8890000,11899
6,889,8890000,8890100,1227,2045,8900000,11911
6,89,890000,890100,1227,2045,900000,1191
6,890,8900000,8900100,1227,2045,8910000,11924
6,891,8910000,8910100,1227,2045,8920000,11936
6,892,8920000,8920100,1227,2045,8930000,11954
6,893,8930000,8930100,1227,2045,8940000,11964
6,894,8940000,8940100,1227,2045,8950000,11976
6,895,8950000,8950100,1227,2045,8960000,11989
6,896,8960000,8960100,1227,2045,8970000,12008
6,897,8970000,8970100,1227,2045,8980000,12019
6,898,8980000,8980100,1227,2045,8990000,12031
6,899,8990000,8990100,1227,2045,9000000,12041
6,9,90000,90100,1227,2045,100000,123
6,90,900000,900100,1227,2045,910000,1208
6,900,9000000,9000100,1227,2045,9010000,12061
6,901,9010000,9010100,1227,2045,9020000,12071
6,902,9020000,9020100,1227,2045,9030000,12084
6,903,9030000,9030100,1227,2045,9040000,12096
6,904,9040000,9040100,1227,2045,9050000,12115
6,905,9050000,9050100,1227,2045,9060000,12126
6,906,9060000,9060100,1227,2045,9070000,12138
6,907,9070000,9070100,1227,2045,9080000,12151
6,908,9080000,9080100,1227,2045,9090000,12166
6,909,9090000,9090100,1227,2045,9100000,12178
6,91,910000,910100,1227,2045,920000,1220
6,910,9100000,9100100,1227,2045,9110000,12193
6,911,9110000,9110100,1227,2045,9120000,12203
6,912,9120000,9120100,1227,2045,9130000,12221
6,913,9130000,9130100,1227,2045,9140000,12233
6,914,9140000,9140100,1227,2045,9150000,12245
6,915,9150000,9150100,1227,2045,9160000,12258
6,916,9160000,9160100,1227,2045,9170000,12273
6,917,9170000,9170100,1227,2045,9180000,12286
6,918,9180000,9180100,1227,2045,9190000,12300
6,919,9190000,9190100,1227,2045,9200000,12310
6,92,920000,920100,1227,2045,930000,1236
6,920,9200000,9200100,1227,2045,9210000,12328
6,921,9210000,9210100,1227,2045,9220000,12338
6,922,9220000,9220100,1227,2045,9230000,12355
6,923,9230000,9230100,1227,2045,9240000,12365
6,924,9240000,9240100,1227,2045,9250000,12382
6,925,9250000,9250100,1227,2045,9260000,12393
6,926,9260000,9260100,1227,2045,9270000,12405
6,927,9270000,9270100,1227,2045,9280000,12418
6,928,9280000,9280100,1227,2045,9290000,12435
6,929,9290000,9290100,1227,2045,9300000,12445
6,93,930000,930100,1227,2045,940000,1246
6,930,9300000,9300100,1227,2045,9310000,12460
6,931,9310000,9310100,1227,2045,9320000,12474
6,932,9320000,9320100,1227,2045,9330000,12490
6,933,9330000,9330100,1227,2045,9340000,12500
6,934,9340000,9340100,1227,2045,9350000,12512
6,935,9350000,9350100,1227,2045,9360000,12523
6,936,9360000,9360100,1227,2045,9370000,12542
6,937,9370000,9370100,1227,2045,9380000,12555
6,938,9380000,9380100,1227,2045,9390000,12569
6,939,9390000,9390100,1227,2045,9400000,12579
6,94,940000,940100,1227,2045,950000,1260
6,940,9400000,9400100,1227,2045,9410000,12597
6,941,9410000,9410100,1227,2045,9420000,12607
6,942,9420000,9420100,1227,2045,9430000,12620
6,943,9430000,9430100,1227,2045,9440000,12630
6,944,9440000,9440100,1227,2045,9450000,12647
6,945,9450000,9450100,1227,2045,9460000,12664
6,946,9460000,9460100,1227,2045,9470000,12676
6,947,9470000,9470100,1227,2045,9480000,12687
6,948,9480000,9480100,1227,2045,9490000,12702
6,949,9490000,9490100,1227,2045,9500000,12714
6,95,950000,950100,1227,2045,960000,1271
6,950,9500000,9500100,1227,2045,9510000,12727
6,951,9510000,9510100,1227,2045,9520000,12737
6,952,9520000,9520100,1227,2045,9530000,12759
6,953,9530000,9530100,1227,2045,9540000,12769
6,954,9540000,9540100,1227,2045,9550000,12783
6,955,9550000,9550100,1227,2045,9560000,12794
6,956,9560000,9560100,1227,2045,9570000,12809
6,957,9570000,9570100,1227,2045,9580000,12820
6,958,9580000,9580100,1227,2045,9590000,12834
6,959,9590000,9590100,1227,2045,9600000,12846
6,96,960000,960100,1227,2045,970000,1288
6,960,9600000,9600100,1227,2045,9610000,12866
6,961,9610000,9610100,1227,2045,9620000,12876
6,962,9620000,9620100,1227,2045,9630000,12889
6,963,9630000,9630100,1227,2045,9640000,12901
6,964,9640000,9640100,1227,2045,9650000,12916
6,965,9650000,9650100,1227,2045,9660000,12927
6,966,9660000,9660100,1227,2045,9670000,12941
6,967,9670000,9670100,1227,2045,9680000,12956
6,968,9680000,9680100,1227,2045,9690000,12973
6,969,9690000,9690100,1227,2045,9700000,12983
6,97,970000,970100,1227,2045,980000,1301
6,970,9700000,9700100,1227,2045,9710000,12996
6,971,9710000,9710100,1227,2045,9720000,13006
6,972,9720000,9720100,1227,2045,9730000,13024
6,973,9730000,9730100,1227,2045,9740000,13036
6,974,9740000,9740100,1227,2045,9750000,13048
6,975,9750000,9750100,1227,2045,9760000,13061
6,976,9760000,9760100,1227,2045,9770000,13080
6,977,9770000,9770100,1227,2045,9780000,13091
6,978,9780000,9780100,1227,2045,9790000,13103
6,979,9790000,9790100,1227,2045,9800000,13113
6,98,980000,980100,1227,2045,990000,1315
6,980,9800000,9800100,1227,2045,9810000,13131
6,981,9810000,9810100,1227,2045,9820000,13143
6,982,9820000,9820100,1227,2045,9830000,13158
6,983,9830000,9830100,1227,2045,9840000,13168
6,984,9840000,9840100,1227,2045,9850000,13185
6,985,9850000,9850100,1227,2045,9860000,13198
6,986,9860000,9860100,1227,2045,9870000,13210
6,987,9870000,9870100,1227,2045,9880000,13223
6,988,9880000,9880100,1227,2045,9890000,13238
6,989,9890000,9890100,1227,2045,9900000,13248
6,99,990000,990100,1227,2045,1000000,1327
6,990,9900000,9900100,1227,2045,9910000,13265
6,991,9910000,9910100,1227,2045,9920000,13275
6,992,9920000,9920100,1227,2045,9930000,13293
6,993,9930000,9930100,1227,2045,9940000,13303
6,994,9940000,9940100,1227,2045,9950000,13319
6,995,9950000,9950100,1227,2045,9960000,13330
6,996,9960000,9960100,1227,2045,9970000,13345
6,997,9970000,9970100,1227,2045,9980000,13358
6,998,9980000,9980100,1227,2045,9990000,13370
6,999,9990000,9990100,1227,2045,10000000,13382
7,0,0,100,354,590,10000,7
7,1,10000,10100,354,590,20000,17
7,10,100000,100100,354,590,110000,137
7,100,1000000,1000100,354,590,1010000,1344
7,1000,10000000,10000100,354,590,10010000,13401
7,1001,10010000,10010100,354,590,10020000,13413
7,1002,10020000,10020100,354,590,10030000,13426
7,1003,10030000,10030100,354,590,10040000,13438
7,1004,10040000,10040100,354,590,10050000,13453
7,1005,10050000,10050100,354,590,10060000,13466
7,1006,10060000,10060100,354,590,10070000,13478
7,1007,10070000,10070100,354,590,10080000,13489
7,1008,10080000,10080100,354,590,10090000,13510
7,1009,10090000,10090100,354,590,10100000,13520
7,101,1010000,1010100,354,590,1020000,1354
7,1010,10100000,10100100,354,590,10110000,13533
7,1011,10110000,10110100,354,590,10120000,13543
7,1012,10120000,10120100,354,590,10130000,13563
7,1013,10130000,10130100,354,590,10140000,13573
7,1014,10140000,10140100,354,590,10150000,13585
7,1015,10150000,10150100,354,590,10160000,13598
7,1016,10160000,10160100,354,590,10170000,13615
7,1017,10170000,10170100,354,590,10180000,13628
7,1018,10180000,10180100,354,590,10190000,13640
7,1019,10190000,10190100,354,590,10200000,13650
7,102,1020000,1020100,354,590,1030000,1367
7,1020,10200000,10200100,354,590,10210000,13668
7,1021,10210000,10210100,354,590,10220000,13680
7,1022,10220000,10220100,354,590,10230000,13695
7,1023,10230000,10230100,354,590,10240000,13705
7,1024,10240000,10240100,354,590,10250000,13722
7,1025,10250000,10250100,354,590,10260000,13733
7,1026,10260000,10260100,354,590,10270000,13747
7,1027,10270000,10270100,354,590,10280000,13760
7,1028,10280000,10280100,354,590,10290000,13775
7,1029,10290000,10290100,354,590,10300000,13787
7,103,1030000,1030100,354,590,1040000,1379
7,1030,10300000,10300100,354,590,10310000,13802
7,1031,10310000,10310100,354,590,10320000,13812
7,1032,10320000,10320100,354,590,10330000,13830
7,1033,10330000,10330100,354,590,10340000,13840
7,1034,10340000,10340100,354,590,10350000,13852
7,1035,10350000,10350100,354,590,10360000,13867
7,1036,10360000,10360100,354,590,10370000,13884
7,1037,10370000,10370100,354,590,10380000,13895
7,1038,10380000,10380100,354,590,10390000,13907
7,1039,10390000,10390100,354,590,10400000,13919
7,104,1040000,1040100,354,590,1050000,1396
7,1040,10400000,10400100,354,590,10410000,13937
7,1041,10410000,10410100,354,590,10420000,13947
7,1042,10420000,10420100,354,590,10430000,13962
7,1043,10430000,10430100,354,590,10440000,13974
7,1044,10440000,10440100,354,590,10450000,13991
7,1045,10450000,10450100,354,590,10460000,14002
7,1046,10460000,10460100,354,590,10470000,14014
7,1047,10470000,10470100,354,590,10480000,14025
7,1048,10480000,10480100,354,590,10490000,14044
7,1049,10490000,10490100,354,590,10500000,14054
7,105,1050000,1050100,354,590,1060000,1411
7,1050,10500000,10500100,354,590,10510000,14071
7,1051,10510000,10510100,354,590,10520000,14081
7,1052,10520000,10520100,354,590,10530000,14097
7,1053,10530000,10530100,354,590,10540000,14109
7,1054,10540000,10540100,354,590,10550000,14121
7,1055,10550000,10550100,354,590,10560000,14132
7,1056,10560000,10560100,354,590,10570000,14149
7,1057,10570000,10570100,354,590,10580000,14166
7,1058,10580000,10580100,354,590,10590000,14178
7,1059,10590000,10590100,354,590,10600000,14188
7,106,1060000,1060100,354,590,1070000,1423
7,1060,10600000,10600100,354,590,10610000,14204
7,1061,10610000,10610100,354,590,10620000,14214
7,1062,10620000,10620100,354,590,10630000,14229
7,1063,10630000,10630100,354,590,10640000,14239
7,1064,10640000,10640100,354,590,10650000,14258
7,1065,10650000,10650100,354,590,10660000,14271
7,1066,10660000,10660100,354,590,10670000,14285
7,1067,10670000,10670100,354,590,10680000,14296
7,1068,10680000,10680100,354,590,10690000,14311
7,1069,10690000,10690100,354,590,10700000,14321
7,107,1070000,1070100,354,590,1080000,1434
7,1070,10700000,10700100,354,590,10710000,14334
7,1071,10710000,10710100,354,590,10720000,14348
7,1072,10720000,10720100,354,590,10730000,14368
7,1073,10730000,10730100,354,590,10740000,14378
7,1074,10740000,10740100,354,590,10750000,14390
7,1075,10750000,10750100,354,590,10760000,14403
7,1076,10760000,10760100,354,590,10770000,14418
7,1077,10770000,10770100,354,590,10780000,14429
7,1078,10780000,10780100,354,590,10790000,14443
7,1079,10790000,10790100,354,590,10800000,14453
7,108,1080000,1080100,354,590,1090000,1451
7,1080,10800000,10800100,354,590,10810000,14475
7,1081,10810000,10810100,354,590,10820000,14485
7,1082,10820000,10820100,354,590,10830000,14498
7,1083,10830000,10830100,354,590,10840000,14508
7,1084,10840000,10840100,354,590,10850000,14525
7,1085,10850000,10850100,354,590,10860000,14538
7,1086,10860000,10860100,354,590,10870000,14550
7,1087,10870000,10870100,354,590,10880000,14563
7,1088,10880000,10880100,354,590,10890000,14580
7,1089,10890000,10890100,354,590,10900000,14592
7,109,1090000,1090100,354,590,1100000,1461
7,1090,10900000,10900100,354,590,10910000,14605
7,1091,10910000,10910100,354,590,10920000,14615
7,1092,10920000,10920100,354,590,10930000,14633
7,1093,10930000,10930100,354,590,10940000,14645
7,1094,10940000,10940100,354,590,10950000,14657
7,1095,10950000,10950100,354,590,10960000,14670
7,1096,10960000,10960100,354,590,10970000,14687
7,1097,10970000,10970100,354,590,10980000,14698
7,1098,10980000,10980100,354,590,10990000,14712
7,1099,10990000,10990100,354,590,11000000,14724
7,11,110000,110100,354,590,120000,147
7,110,1100000,1100100,354,590,1110000,1474
7,1100,11000000,11000100,354,590,11010000,14740
7,1101,11010000,11010100,354,590,11020000,14750
7,1102,11020000,11020100,354,590,11030000,14767
7,1103,11030000,11030100,354,590,11040000,14777
7,1104,11040000,11040100,354,590,11050000,14794
7,1105,11050000,11050100,354,590,11060000,14805
7,1106,11060000,11060100,354,590,11070000,14819
7,1107,11070000,11070100,354,590,11080000,14832
7,1108,11080000,11080100,354,590,11090000,14847
7,1109,11090000,11090100,354,590,11100000,14857
7,111,1110000,1110100,354,590,1120000,1484
7,1110,11100000,11100100,354,590,11110000,14872
7,1111,11110000,11110100,354,590,11120000,14884
7,1112,11120000,11120100,354,590,11130000,14902
7,1113,11130000,11130100,354,590,11140000,14914
7,1114,11140000,11140100,354,590,11150000,14926
7,1115,11150000,11150100,354,590,11160000,14937
7,1116,11160000,11160100,354,590,11170000,14954
7,1117,11170000,11170100,354,590,11180000,14967
7,1118,11180000,11180100,354,590,11190000,14979
7,1119,11190000,11190100,354,590,11200000,14989
7,112,1120000,1120100,354,590,1130000,1508
7,1120,11200000,11200100,354,590,11210000,15011
7,1121,11210000,11210100,354,590,11220000,15021
7,1122,11220000,11220100,354,590,11230000,15034
7,1123,11230000,11230100,354,590,11240000,15044
7,1124,11240000,11240100,354,590,11250000,15059
7,1125,11250000,11250100,354,590,11260000,15074
7,1126,11260000,11260100,354,590,11270000,15086
7,1127,11270000,11270100,354,590,11280000,15099
7,1128,11280000,11280100,354,590,11290000,15116
7,1129,11290000,11290100,354,590,11300000,15128
7,113,1130000,1130100,354,590,1140000,1518
7,1130,11300000,11300100,354,590,11310000,15141
7,1131,11310000,11310100,354,590,11320000,15151
7,1132,11320000,11320100,354,590,11330000,15169
7,1133,11330000,11330100,354,590,11340000,15179
7,1134,11340000,11340100,354,590,11350000,15195
7,1135,11350000,11350100,354,590,11360000,15206
7,1136,11360000,11360100,354,590,11370000,15223
7,1137,11370000,11370100,354,590,11380000,15234
7,1138,11380000,11380100,354,590,11390000,15248
7,1139,11390000,11390100,354,590,11400000,15258
7,114,1140000,1140100,354,590,1150000,1530
7,1140,11400000,11400100,354,590,11410000,15276
7,1141,11410000,11410100,354,590,11420000,15288
7,1142,11420000,11420100,354,590,11430000,15301
7,1143,11430000,11430100,354,590,11440000,15313
7,1144,11440000,11440100,354,590,11450000,15330
7,1145,11450000,11450100,354,590,11460000,15341
7,1146,11460000,11460100,354,590,11470000,15353
7,1147,11470000,11470100,354,590,11480000,15368
7,1148,11480000,11480100,354,590,11490000,15385
7,1149,11490000,11490100,354,590,11500000,15395
7,115,1150000,1150100,354,590,1160000,1541
7,1150,11500000,11500100,354,590,11510000,15408
7,1151,11510000,11510100,354,590,11520000,15418
7,1152,11520000,11520100,354,590,11530000,15438
7,1153,11530000,11530100,354,590,11540000,15448
7,1154,11540000,11540100,354,590,11550000,15460
7,1155,11550000,11550100,354,590,11560000,15475
7,1156,11560000,11560100,354,590,11570000,15492
7,1157,11570000,11570100,354,590,11580000,15503
7,1158,11580000,11580100,354,590,11590000,15515
7,1159,11590000,11590100,354,590,11600000,15525
7,116,1160000,1160100,354,590,1170000,1556
7,1160,11600000,11600100,354,590,11610000,15543
7,1161,11610000,11610100,354,590,11620000,15555
7,1162,11620000,11620100,354,590,11630000,15572
7,1163,11630000,11630100,354,590,11640000,15582
7,1164,11640000,11640100,354,590,11650000,15597
7,1165,11650000,11650100,354,590,11660000,15610
7,1166,11660000,11660100,354,590,11670000,15622
7,1167,11670000,11670100,354,590,11680000,15633
7,1168,11680000,11680100,354,590,11690000,15650
7,1169,11690000,11690100,354,590,11700000,15662
7,117,1170000,1170100,354,590,1180000,1569
7,1170,11700000,11700100,354,590,11710000,15679
7,1171,11710000,11710100,354,590,11720000,15689
7,1172,11720000,11720100,354,590,11730000,15705
7,1173,11730000,11730100,354,590,11740000,15715
7,1174,11740000,11740100,354,590,11750000,15729
7,1175,11750000,11750100,354,590,11760000,15740
7,1176,11760000,11760100,354,590,11770000,15759
7,1177,11770000,11770100,354,590,11780000,15772
7,1178,11780000,11780100,354,590,11790000,15784
7,1179,11790000,11790100,354,590,11800000,15796
7,118,1180000,1180100,354,590,1190000,1581
7,1180,11800000,11800100,354,590,11810000,15812
7,1181,11810000,11810100,354,590,11820000,15822
7,1182,11820000,11820100,354,590,11830000,15835
7,1183,11830000,11830100,354,590,11840000,15849
7,1184,11840000,11840100,354,590,11850000,15866
7,1185,11850000,11850100,354,590,11860000,15879
7,1186,11860000,11860100,354,590,11870000,15891
7,1187,11870000,11870100,354,590,11880000,15902
7,1188,11880000,11880100,354,590,11890000,15919
7,1189,11890000,11890100,354,590,11900000,15929
7,119,1190000,1190100,354,590,1200000,1593
7,1190,11900000,11900100,354,590,11910000,15944
7,1191,11910000,11910100,354,590,11920000,15954
7,1192,11920000,11920100,354,590,11930000,15976
7,1193,11930000,11930100,354,590,11940000,15986
7,1194,11940000,11940100,354,590,11950000,15998
7,1195,11950000,11950100,354,590,11960000,16009
7,1196,11960000,11960100,354,590,11970000,16024
7,1197,11970000,11970100,354,590,11980000,16039
7,1198,11980000,11980100,354,590,11990000,16051
7,1199,11990000,11990100,354,590,12000000,16061
7,12,120000,120100,354,590,130000,163
7,120,1200000,1200100,354,590,1210000,1613
7,1200,12000000,12000100,354,590,12010000,16081
7,1201,12010000,12010100,354,590,12020000,16093
7,1202,12020000,12020100,354,590,12030000,16106
7,1203,12030000,12030100,354,590,12040000,16116
7,1204,12040000,12040100,354,590,12050000,16133
7,1205,12050000,12050100,354,590,12060000,16144
7,1206,12060000,12060100,354,590,12070000,16158
7,1207,12070000,12070100,354,590,12080000,16171
7,1208,12080000,12080100,354,590,12090000,16188
7,1209,12090000,12090100,354,590,12100000,16198
7,121,1210000,1210100,354,590,1220000,1625
7,1210,12100000,12100100,354,590,12110000,16213
7,1211,12110000,12110100,354,590,12120000,16225
7,1212,12120000,12120100,354,590,12130000,16241
7,1213,12130000,12130100,354,590,12140000,16251
7,1214,12140000,12140100,354,590,12150000,16263
7,1215,12150000,12150100,354,590,12160000,16278
7,1216,12160000,12160100,354,590,12170000,16295
7,1217,12170000,12170100,354,590,12180000,16306
7,1218,12180000,12180100,354,590,12190000,16320
7,1219,12190000,12190100,354,590,12200000,16332
7,122,1220000,1220100,354,590,1230000,1638
7,1220,12200000,12200100,354,590,12210000,16348
7,1221,12210000,12210100,354,590,12220000,16358
7,1222,12220000,12220100,354,590,12230000,16373
7,1223,12230000,12230100,354,590,12240000,16383
7,1224,12240000,12240100,354,590,12250000,16402
7,1225,12250000,12250100,354,590,12260000,16415
7,1226,12260000,12260100,354,590,12270000,16427
7,1227,12270000,12270100,354,590,12280000,16438
7,1228,12280000,12280100,354,590,12290000,16455
7,1229,12290000,12290100,354,590,12300000,16465
7,123,1230000,1230100,354,590,1240000,1648
7,1230,12300000,12300100,354,590,12310000,16480
7,1231,12310000,12310100,354,590,12320000,16490
7,1232,12320000,12320100,354,590,12330000,16510
7,1233,12330000,12330100,354,590,12340000,16522
7,1234,12340000,12340100,354,590,12350000,16534
7,1235,12350000,12350100,354,590,12360000,16545
7,1236,12360000,12360100,354,590,12370000,16560
7,1237,12370000,12370100,354,590,12380000,16575
7,1238,12380000,12380100,354,590,12390000,16587
7,1239,12390000,12390100,354,590,12400000,16599
7,124,1240000,1240100,354,590,1250000,1663
7,1240,12400000,12400100,354,590,12410000,16617
7,1241,12410000,12410100,354,590,12420000,16627
7,1242,12420000,12420100,354,590,12430000,16642
7,1243,12430000,12430100,354,590,12440000,16652
7,1244,12440000,12440100,354,590,12450000,16667
7,1245,12450000,12450100,354,590,12460000,16680
7,1246,12460000,12460100,354,590,12470000,16696
7,1247,12470000,12470100,354,590,12480000,16707
7,1248,12480000,12480100,354,590,12490000,16724
7,1249,12490000,12490100,354,590,12500000,16734
7,125,1250000,1250100,354,590,1260000,1674
7,1250,12500000,12500100,354,590,12510000,16747
7,1251,12510000,12510100,354,590,12520000,16759
7,1252,12520000,12520100,354,590,12530000,16777
7,1253,12530000,12530100,354,590,12540000,16789
7,1254,12540000,12540100,354,590,12550000,16801
7,1255,12550000,12550100,354,590,12560000,16814
7,1256,12560000,12560100,354,590,12570000,16831
7,1257,12570000,12570100,354,590,12580000,16842
7,1258,12580000,12580100,354,590,12590000,16854
7,1259,12590000,12590100,354,590,12600000,16864
7,126,1260000,1260100,354,590,1270000,1690
7,1260,12600000,12600100,354,590,12610000,16886
7,1261,12610000,12610100,354,590,12620000,16896
7,1262,12620000,12620100,354,590,12630000,16909
7,1263,12630000,12630100,354,590,12640000,16919
7,1264,12640000,12640100,354,590,12650000,16938
7,1265,12650000,12650100,354,590,12660000,16949
7,1266,12660000,12660100,354,590,12670000,16961
7,1267,12670000,12670100,354,590,12680000,16976
7,1268,12680000,12680100,354,590,12690000,16991
7,1269,12690000,12690100,354,590,12700000,17003
7,127,1270000,1270100,354,590,1280000,1703
7,1270,12700000,12700100,354,590,12710000,17016
7,1271,12710000,12710100,354,590,12720000,17026
7,1272,12720000,12720100,354,590,12730000,17044
7,1273,12730000,12730100,354,590,12740000,17056
7,1274,12740000,12740100,354,590,12750000,17070
7,1275,12750000,12750100,354,590,12760000,17083
7,1276,12760000,12760100,354,590,12770000,17098
7,1277,12770000,12770100,354,590,12780000,17109
7,1278,12780000,12780100,354,590,12790000,17123
7,1279,12790000,12790100,354,590,12800000,17133
7,128,1280000,1280100,354,590,1290000,1720
7,1280,12800000,12800100,354,590,12810000,17151
7,1281,12810000,12810100,354,590,12820000,17163
7,1282,12820000,12820100,354,590,12830000,17180
7,1283,12830000,12830100,354,590,12840000,17190
7,1284,12840000,12840100,354,590,12850000,17205
7,1285,12850000,12850100,354,590,12860000,17216
7,1286,12860000,12860100,354,590,12870000,17228
7,1287,12870000,12870100,354,590,12880000,17241
7,1288,12880000,12880100,354,590,12890000,17260
7,1289,12890000,12890100,354,590,12900000,17270
7,129,1290000,1290100,354,590,1300000,1730
7,1290,12900000,12900100,354,590,12910000,17285
7,1291,12910000,12910100,354,590,12920000,17297
7,1292,12920000,12920100,354,590,12930000,17313
7,1293,12930000,12930100,354,590,12940000,17323
7,1294,12940000,12940100,354,590,12950000,17335
7,1295,12950000,12950100,354,590,12960000,17348
7,1296,12960000,12960100,354,590,12970000,17367
7,1297,12970000,12970100,354,590,12980000,17380
7,1298,12980000,12980100,354,590,12990000,17392
7,1299,12990000,12990100,354,590,13000000,17402
7,13,130000,130100,354,590,140000,175
7,130,1300000,1300100,354,590,1310000,1745
7,1300,13000000,13000100,354,590,13010000,17420
7,1301,13010000,13010100,354,590,13020000,17430
7,1302,13020000,13020100,354,590,13030000,17445
7,1303,13030000,13030100,354,590,13040000,17455
7,1304,13040000,13040100,354,590,13050000,17472
7,1305,13050000,13050100,354,590,13060000,17487
7,1306,13060000,13060100,354,590,13070000,17499
7,1307,13070000,13070100,354,590,13080000,17510
7,1308,13080000,13080100,354,590,13090000,17525
7,1309,13090000,13090100,354,590,13100000,17539
7,131,1310000,1310100,354,590,1320000,1755
7,1310,13100000,13100100,354,590,13110000,17552
7,1311,13110000,13110100,354,590,13120000,17562
7,1312,13120000,13120100,354,590,13130000,17582
7,1313,13130000,13130100,354,590,13140000,17592
7,1314,13140000,13140100,354,590,13150000,17606
7,1315,13150000,13150100,354,590,13160000,17617
7,1316,13160000,13160100,354,590,13170000,17634
7,1317,13170000,13170100,354,590,13180000,17645
7,1318,13180000,13180100,354,590,13190000,17659
7,1319,13190000,13190100,354,590,13200000,17669
7,132,1320000,1320100,354,590,1330000,1771
7,1320,13200000,13200100,354,590,13210000,17689
7,1321,13210000,13210100,354,590,13220000,17699
7,1322,13220000,13220100,354,590,13230000,17712
7,1323,13230000,13230100,354,590,13240000,17726
7,1324,13240000,13240100,354,590,13250000,17741
7,1325,13250000,13250100,354,590,13260000,17752
7,1326,13260000,13260100,354,590,13270000,17764
7,1327,13270000,13270100,354,590,13280000,17779
7,1328,13280000,13280100,354,590,13290000,17796
7,1329,13290000,13290100,354,590,13300000,17806
7,133,1330000,1330100,354,590,1340000,1783
7,1330,13300000,13300100,354,590,13310000,17821
7,1331,13310000,13310100,354,590,13320000,17831
7,1332,13320000,13320100,354,590,13330000,17849
7,1333,13330000,13330100,354,590,13340000,17859
7,1334,13340000,13340100,354,590,13350000,17871
7,1335,13350000,13350100,354,590,13360000,17884
7,1336,13360000,13360100,354,590,13370000,17903
7,1337,13370000,13370100,354,590,13380000,17916
7,1338,13380000,13380100,354,590,13390000,17928
7,1339,13390000,13390100,354,590,13400000,17938
7,134,1340000,1340100,354,590,1350000,1795
7,1340,13400000,13400100,354,590,13410000,17954
7,1341,13410000,13410100,354,590,13420000,17966
7,1342,13420000,13420100,354,590,13430000,17981
7,1343,13430000,13430100,354,590,13440000,17991
7,1344,13440000,13440100,354,590,13450000,18010
7,1345,13450000,13450100,354,590,13460000,18023
7,1346,13460000,13460100,354,590,13470000,18035
7,1347,13470000,13470100,354,590,13480000,18046
7,1348,13480000,13480100,354,590,13490000,18061
7,1349,13490000,13490100,354,590,13500000,18071
7,135,1350000,1350100,354,590,1360000,1810
7,1350,13500000,13500100,354,590,13510000,18088
7,1351,13510000,13510100,354,590,13520000,18100
7,1352,13520000,13520100,354,590,13530000,18118
7,1353,13530000,13530100,354,590,13540000,18128
7,1354,13540000,13540100,354,590,13550000,18142
7,1355,13550000,13550100,354,590,13560000,18153
7,1356,13560000,13560100,354,590,13570000,18168
7,1357,13570000,13570100,354,590,13580000,18181
7,1358,13580000,13580100,354,590,13590000,18195
7,1359,13590000,13590100,354,590,13600000,18207
7,136,1360000,1360100,354,590,1370000,1827
7,1360,13600000,13600100,354,590,13610000,18225
7,1361,13610000,13610100,354,590,13620000,18235
7,1362,13620000,13620100,354,590,13630000,18248
7,1363,13630000,13630100,354,590,13640000,18260
7,1364,13640000,13640100,354,590,13650000,18275
7,1365,13650000,13650100,354,590,13660000,18290
7,1366,13660000,13660100,354,590,13670000,18302
7,1367,13670000,13670100,354,590,13680000,18313
7,1368,13680000,13680100,354,590,13690000,18332
7,1369,13690000,13690100,354,590,13700000,18342
7,137,1370000,1370100,354,590,1380000,1838
7,1370,13700000,13700100,354,590,13710000,18355
7,1371,13710000,13710100,354,590,13720000,18365
7,1372,13720000,13720100,354,590,13730000,18387
7,1373,13730000,13730100,354,590,13740000,18397
7,1374,13740000,13740100,354,590,13750000,18409
7,1375,13750000,13750100,354,590,13760000,18420
7,1376,13760000,13760100,354,590,13770000,18437
7,1377,13770000,13770100,354,590,13780000,18450
7,1378,13780000,13780100,354,590,13790000,18462
7,1379,13790000,13790100,354,590,13800000,18474
7,138,1380000,1380100,354,590,1390000,1850
7,1380,13800000,13800100,354,590,13810000,18492
7,1381,13810000,13810100,354,590,13820000,18504
7,1382,13820000,13820100,354,590,13830000,18517
7,1383,13830000,13830100,354,590,13840000,18527
7,1384,13840000,13840100,354,590,13850000,18544
7,1385,13850000,13850100,354,590,13860000,18555
7,1386,13860000,13860100,354,590,13870000,18571
7,1387,13870000,13870100,354,590,13880000,18584
7,1388,13880000,13880100,354,590,13890000,18599
7,1389,13890000,13890100,354,590,13900000,18609
7,139,1390000,1390100,354,590,1400000,1862
7,1390,13900000,13900100,354,590,13910000,18624
7,1391,13910000,13910100,354,590,13920000,18634
7,1392,13920000,13920100,354,590,13930000,18652
7,1393,13930000,13930100,354,590,13940000,18664
7,1394,13940000,13940100,354,590,13950000,18676
7,1395,13950000,13950100,354,590,13960000,18691
7,1396,13960000,13960100,354,590,13970000,18706
7,1397,13970000,13970100,354,590,13980000,18717
7,1398,13980000,13980100,354,590,13990000,18729
7,1399,13990000,13990100,354,590,14000000,18741
7,14,140000,140100,354,590,150000,189
7,140,1400000,1400100,354,590,1410000,1880
7,1400,14000000,14000100,354,590,14010000,18761
7,1401,14010000,14010100,354,590,14020000,18771
7,1402,14020000,14020100,354,590,14030000,18786
7,1403,14030000,14030100,354,590,14040000,18796
7,1404,14040000,14040100,354,590,14050000,18813
7,1405,14050000,14050100,354,590,14060000,18824
7,1406,14060000,14060100,354,590,14070000,18836
7,1407,14070000,14070100,354,590,14080000,18849
7,1408,14080000,14080100,354,590,14090000,18868
7,1409,14090000,14090100,354,590,14100000,18878
7,141,1410000,1410100,354,590,1420000,1890
7,1410,14100000,14100100,354,590,14110000,18893
7,1411,14110000,14110100,354,590,14120000,18903
7,1412,14120000,14120100,354,590,14130000,18919
7,1413,14130000,14130100,354,590,14140000,18931
7,1414,14140000,14140100,354,590,14150000,18945
7,1415,14150000,14150100,354,590,14160000,18956
7,1416,14160000,14160100,354,590,14170000,18973
7,1417,14170000,14170100,354,590,14180000,18988
7,1418,14180000,14180100,354,590,14190000,19000
7,1419,14190000,14190100,354,590,14200000,19010
7,142,1420000,1420100,354,590,1430000,1905
7,1420,14200000,14200100,354,590,14210000,19026
7,1421,14210000,14210100,354,590,14220000,19038
7,1422,14220000,14220100,354,590,14230000,19053
7,1423,14230000,14230100,354,590,14240000,19063
7,1424,14240000,14240100,354,590,14250000,19080
7,1425,14250000,14250100,354,590,14260000,19093
7,1426,14260000,14260100,354,590,14270000,19107
7,1427,14270000,14270100,354,590,14280000,19118
7,1428,14280000,14280100,354,590,14290000,19135
7,1429,14290000,14290100,354,590,14300000,19145
7,143,1430000,1430100,354,590,1440000,1915
7,1430,14300000,14300100,354,590,14310000,19158
7,1431,14310000,14310100,354,590,14320000,19170
7,1432,14320000,14320100,354,590,14330000,19190
7,1433,14330000,14330100,354,590,14340000,19200
7,1434,14340000,14340100,354,590,14350000,19212
7,1435,14350000,14350100,354,590,14360000,19227
7,1436,14360000,14360100,354,590,14370000,19242
7,1437,14370000,14370100,354,590,14380000,19253
7,1438,14380000,14380100,354,590,14390000,19265
7,1439,14390000,14390100,354,590,14400000,19275
7,144,1440000,1440100,354,590,1450000,1934
7,1440,14400000,14400100,354,590,14410000,19297
7,1441,14410000,14410100,354,590,14420000,19307
7,1442,14420000,14420100,354,590,14430000,19322
7,1443,14430000,14430100,354,590,14440000,19332
7,1444,14440000,14440100,354,590,14450000,19349
7,1445,14450000,14450100,354,590,14460000,19360
7,1446,14460000,14460100,354,590,14470000,19372
7,1447,14470000,14470100,354,590,14480000,19385
7,1448,14480000,14480100,354,590,14490000,19402
7,1449,14490000,14490100,354,590,14500000,19416
7,145,1450000,1450100,354,590,1460000,1945
7,1450,14500000,14500100,354,590,14510000,19429
7,1451,14510000,14510100,354,590,14520000,19439
7,1452,14520000,14520100,354,590,14530000,19455
7,1453,14530000,14530100,354,590,14540000,19467
7,1454,14540000,14540100,354,590,14550000,19479
7,1455,14550000,14550100,354,590,14560000,19492
7,1456,14560000,14560100,354,590,14570000,19511
7,1457,14570000,14570100,354,590,14580000,19522
7,1458,14580000,14580100,354,590,14590000,19536
7,1459,14590000,14590100,354,590,14600000,19546
7,146,1460000,1460100,354,590,1470000,1957
7,1460,14600000,14600100,354,590,14610000,19562
7,1461,14610000,14610100,354,590,14620000,19572
7,1462,14620000,14620100,354,590,14630000,19589
7,1463,14630000,14630100,354,590,14640000,19601
7,1464,14640000,14640100,354,590,14650000,19618
7,1465,14650000,14650100,354,590,14660000,19629
7,1466,14660000,14660100,354,590,14670000,19641
7,1467,14670000,14670100,354,590,14680000,19654
7,1468,14680000,14680100,354,590,14690000,19669
7,1469,14690000,14690100,354,590,14700000,19679
7,147,1470000,1470100,354,590,1480000,1970
7,1470,14700000,14700100,354,590,14710000,19696
7,1471,14710000,14710100,354,590,14720000,19708
7,1472,14720000,14720100,354,590,14730000,19726
7,1473,14730000,14730100,354,590,14740000,19736
7,1474,14740000,14740100,354,590,14750000,19748
7,1475,14750000,14750100,354,590,14760000,19759
7,1476,14760000,14760100,354,590,14770000,19776
7,1477,14770000,14770100,354,590,14780000,19791
7,1478,14780000,14780100,354,590,14790000,19803
7,1479,14790000,14790100,354,590,14800000,19813
7,148,1480000,1480100,354,590,1490000,1987
7,1480,14800000,14800100,354,590,14810000,19833
7,1481,14810000,14810100,354,590,14820000,19843
7,1482,14820000,14820100,354,590,14830000,19856
7,1483,14830000,14830100,354,590,14840000,19866
7,1484,14840000,14840100,354,590,14850000,19883
7,1485,14850000,14850100,354,590,14860000,19898
7,1486,14860000,14860100,354,590,14870000,19910
7,1487,14870000,14870100,354,590,14880000,19921
7,1488,14880000,14880100,354,590,14890000,19938
7,1489,14890000,14890100,354,590,14900000,19950
7,149,1490000,1490100,354,590,1500000,1997
7,1490,14900000,14900100,354,590,14910000,19963
7,1491,14910000,14910100,354,590,14920000,19975
7,1492,14920000,14920100,354,590,14930000,19993
7,1493,14930000,14930100,354,590,14940000,20003
7,1494,14940000,14940100,354,590,14950000,20017
7,1495,14950000,14950100,354,590,14960000,20028
7,1496,14960000,14960100,354,590,14970000,20045
7,1497,14970000,14970100,354,590,14980000,20056
7,1498,14980000,14980100,354,590,14990000,20072
7,1499,14990000,14990100,354,590,15000000,20082
7,15,150000,150100,354,590,160000,202
7,150,1500000,1500100,354,590,1510000,2012
7,1500,15000000,15000100,354,590,15010000,20100
7,1501,15010000,15010100,354,590,15020000,20110
7,1502,15020000,15020100,354,590,15030000,20123
7,1503,15030000,15030100,354,590,15040000,20135
7,1504,15040000,15040100,354,590,15050000,20152
7,1505,15050000,15050100,354,590,15060000,20165
7,1506,15060000,15060100,354,590,15070000,20177
7,1507,15070000,15070100,354,590,15080000,20192
7,1508,15080000,15080100,354,590,15090000,20207
7,1509,15090000,15090100,354,590,15100000,20217
7,151,1510000,1510100,354,590,1520000,2022
7,1510,15100000,15100100,354,590,15110000,20230
7,1511,15110000,15110100,354,590,15120000,20240
7,1512,15120000,15120100,354,590,15130000,20262
7,1513,15130000,15130100,354,590,15140000,20272
7,1514,15140000,15140100,354,590,15150000,20284
7,1515,15150000,15150100,354,590,15160000,20297
7,1516,15160000,15160100,354,590,15170000,20314
7,1517,15170000,15170100,354,590,15180000,20325
7,1518,15180000,15180100,354,590,15190000,20337
7,1519,15190000,15190100,354,590,15200000,20349
7,152,1520000,1520100,354,590,1530000,2040
7,1520,15200000,15200100,354,590,15210000,20367
7,1521,15210000,15210100,354,590,15220000,20379
7,1522,15220000,15220100,354,590,15230000,20394
7,1523,15230000,15230100,354,590,15240000,20404
7,1524,15240000,15240100,354,590,15250000,20419
7,1525,15250000,15250100,354,590,15260000,20432
7,1526,15260000,15260100,354,590,15270000,20446
7,1527,15270000,15270100,354,590,15280000,20457
7,1528,15280000,15280100,354,590,15290000,20474
7,1529,15290000,15290100,354,590,15300000,20484
7,153,1530000,1530100,354,590,1540000,2052
7,1530,15300000,15300100,354,590,15310000,20501
7,1531,15310000,15310100,354,590,15320000,20511
7,1532,15320000,15320100,354,590,15330000,20527
7,1533,15330000,15330100,354,590,15340000,20539
7,1534,15340000,15340100,354,590,15350000,20553
7,1535,15350000,15350100,354,590,15360000,20564
7,1536,15360000,15360100,354,590,15370000,20581
7,1537,15370000,15370100,354,590,15380000,20594
7,1538,15380000,15380100,354,590,15390000,20606
7,1539,15390000,15390100,354,590,15400000,20618
7,154,1540000,1540100,354,590,1550000,2066
7,1540,15400000,15400100,354,590,15410000,20636
7,1541,15410000,15410100,354,590,15420000,20646
7,1542,15420000,15420100,354,590,15430000,20659
7,1543,15430000,15430100,354,590,15440000,20671
7,1544,15440000,15440100,354,590,15450000,20688
7,1545,15450000,15450100,354,590,15460000,20701
7,1546,15460000,15460100,354,590,15470000,20713
7,1547,15470000,15470100,354,590,15480000,20726
7,1548,15480000,15480100,354,590,15490000,20743
7,1549,15490000,15490100,354,590,15500000,20753
7,155,1550000,1550100,354,590,1560000,2077
7,1550,15500000,15500100,354,590,15510000,20766
7,1551,15510000,15510100,354,590,15520000,20776
7,1552,15520000,15520100,354,590,15530000,20798
7,1553,15530000,15530100,354,590,15540000,20808
7,1554,15540000,15540100,354,590,15550000,20822
7,1555,15550000,15550100,354,590,15560000,20833
7,1556,15560000,15560100,354,590,15570000,20848
7,1557,15570000,15570100,354,590,15580000,20861
7,1558,15580000,15580100,354,590,15590000,20873
7,1559,15590000,15590100,354,590,15600000,20883
7,156,1560000,1560100,354,590,1570000,2092
7,1560,15600000,15600100,354,590,15610000,20903
7,1561,15610000,15610100,354,590,15620000,20917
7,1562,15620000,15620100,354,590,15630000,20930
7,1563,15630000,15630100,354,590,15640000,20940
7,1564,15640000,15640100,354,590,15650000,20955
7,1565,15650000,15650100,354,590,15660000,20966
7,1566,15660000,15660100,354,590,15670000,20980
7,1567,15670000,15670100,354,590,15680000,20993
7,1568,15680000,15680100,354,590,15690000,21012
7,1569,15690000,15690100,354,590,15700000,21022
7,157,1570000,1570100,354,590,1580000,2107
7,1570,15700000,15700100,354,590,15710000,21037
7,1571,15710000,15710100,354,590,15720000,21047
7,1572,15720000,15720100,354,590,15730000,21063
7,1573,15730000,15730100,354,590,15740000,21073
7,1574,15740000,15740100,354,590,15750000,21085
7,1575,15750000,15750100,354,590,15760000,21102
7,1576,15760000,15760100,354,590,15770000,21119
7,1577,15770000,15770100,354,590,15780000,21130
7,1578,15780000,15780100,354,590,15790000,21142
7,1579,15790000,15790100,354,590,15800000,21154
7,158,1580000,1580100,354,590,1590000,2119
7,1580,15800000,15800100,354,590,15810000,21170
7,1581,15810000,15810100,354,590,15820000,21180
7,1582,15820000,15820100,354,590,15830000,21197
7,1583,15830000,15830100,354,590,15840000,21207
7,1584,15840000,15840100,354,590,15850000,21226
7,1585,15850000,15850100,354,590,15860000,21237
7,1586,15860000,15860100,354,590,15870000,21249
7,1587,15870000,15870100,354,590,15880000,21260
7,1588,15880000,15880100,354,590,15890000,21277
7,1589,15890000,15890100,354,590,15900000,21289
7,159,1590000,1590100,354,590,1600000,2129
7,1590,15900000,15900100,354,590,15910000,21304
7,1591,15910000,15910100,354,590,15920000,21314
7,1592,15920000,15920100,354,590,15930000,21332
7,1593,15930000,15930100,354,590,15940000,21344
7,1594,15940000,15940100,354,590,15950000,21356
7,1595,15950000,15950100,354,590,15960000,21367
7,1596,15960000,15960100,354,590,15970000,21384
7,1597,15970000,15970100,354,590,15980000,21399
7,1598,15980000,15980100,354,590,15990000,21411
7,1599,15990000,15990100,354,590,16000000,21421
7,16,160000,160100,354,590,170000,219
7,160,1600000,1600100,354,590,1610000,2147
7,1600,16000000,16000100,354,590,16010000,21439
7,1601,16010000,16010100,354,590,16020000,21449
7,1602,16020000,16020100,354,590,16030000,21464
7,1603,16030000,16030100,354,590,16040000,21476
7,1604,16040000,16040100,354,590,16050000,21491
7,1605,16050000,16050100,354,590,16060000,21504
7,1606,16060000,16060100,354,590,16070000,21518
7,1607,16070000,16070100,354,590,16080000,21529
7,1608,16080000,16080100,354,590,16090000,21546
7,1609,16090000,16090100,354,590,16100000,21556
7,161,1610000,1610100,354,590,1620000,2159
7,1610,16100000,16100100,354,590,16110000,21571
7,1611,16110000,16110100,354,590,16120000,21583
7,1612,16120000,16120100,354,590,16130000,21601
7,1613,16130000,16130100,354,590,16140000,21611
7,1614,16140000,16140100,354,590,16150000,21623
7,1615,16150000,16150100,354,590,16160000,21636
7,1616,16160000,16160100,354,590,16170000,21653
7,1617,16170000,16170100,354,590,16180000,21666
7,1618,16180000,16180100,354,590,16190000,21678
7,1619,16190000,16190100,354,590,16200000,21688
7,162,1620000,1620100,354,590,1630000,2174
7,1620,16200000,16200100,354,590,16210000,21708
7,1621,16210000,16210100,354,590,16220000,21718
7,1622,16220000,16220100,354,590,16230000,21731
7,1623,16230000,16230100,354,590,16240000,21741
7,1624,16240000,16240100,354,590,16250000,21762
7,1625,16250000,16250100,354,590,16260000,21773
7,1626,16260000,16260100,354,590,16270000,21785
7,1627,16270000,16270100,354,590,16280000,21798
7,1628,16280000,16280100,354,590,16290000,21813
7,1629,16290000,16290100,354,590,16300000,21825
7,163,1630000,1630100,354,590,1640000,2184
7,1630,16300000,16300100,354,590,16310000,21838
7,1631,16310000,16310100,354,590,16320000,21850
7,1632,16320000,16320100,354,590,16330000,21868
7,1633,16330000,16330100,354,590,16340000,21880
7,1634,16340000,16340100,354,590,16350000,21892
7,1635,16350000,16350100,354,590,16360000,21905
7,1636,16360000,16360100,354,590,16370000,21920
7,1637,16370000,16370100,354,590,16380000,21931
7,1638,16380000,16380100,354,590,16390000,21947
7,1639,16390000,16390100,354,590,16400000,21957
7,164,1640000,1640100,354,590,1650000,2199
7,1640,16400000,16400100,354,590,16410000,21975
7,1641,16410000,16410100,354,590,16420000,21985
7,1642,16420000,16420100,354,590,16430000,22002
7,1643,16430000,16430100,354,590,16440000,22012
7,1644,16440000,16440100,354,590,16450000,22027
7,1645,16450000,16450100,354,590,16460000,22040
7,1646,16460000,16460100,354,590,16470000,22052
7,1647,16470000,16470100,354,590,16480000,22065
7,1648,16480000,16480100,354,590,16490000,22082
7,1649,16490000,16490100,354,590,16500000,22092
7,165,1650000,1650100,354,590,1660000,2212
7,1650,16500000,16500100,354,590,16510000,22107
7,1651,16510000,16510100,354,590,16520000,22119
7,1652,16520000,16520100,354,590,16530000,22137
7,1653,16530000,16530100,354,590,16540000,22147
7,1654,16540000,16540100,354,590,16550000,22159
7,1655,16550000,16550100,354,590,16560000,22170
7,1656,16560000,16560100,354,590,16570000,22189
7,1657,16570000,16570100,354,590,16580000,22202
7,1658,16580000,16580100,354,590,16590000,22214
7,1659,16590000,16590100,354,590,16600000,22226
7,166,1660000,1660100,354,590,1670000,2226
7,1660,16600000,16600100,354,590,16610000,22244
7,1661,16610000,16610100,354,590,16620000,22254
7,1662,16620000,16620100,354,590,16630000,22267
7,1663,16630000,16630100,354,590,16640000,22277
7,1664,16640000,16640100,354,590,16650000,22294
7,1665,16650000,16650100,354,590,16660000,22309
7,1666,16660000,16660100,354,590,16670000,22323
7,1667,16670000,16670100,354,590,16680000,22334
7,1668,16680000,16680100,354,590,16690000,22349
7,1669,16690000,16690100,354,590,16700000,22361
7,167,1670000,1670100,354,590,1680000,2237
7,1670,16700000,16700100,354,590,16710000,22374
7,1671,16710000,16710100,354,590,16720000,22384
7,1672,16720000,16720100,354,590,16730000,22404
7,1673,16730000,16730100,354,590,16740000,22416
7,1674,16740000,16740100,354,590,16750000,22430
7,1675,16750000,16750100,354,590,16760000,22441
7,1676,16760000,16760100,354,590,16770000,22456
7,1677,16770000,16770100,354,590,16780000,22467
7,1678,16780000,16780100,354,590,16790000,22481
7,1679,16790000,16790100,354,590,16800000,22491
7,168,1680000,1680100,354,590,1690000,2256
7,1680,16800000,16800100,354,590,16810000,22513
7,1681,16810000,16810100,354,590,16820000,22523
7,1682,16820000,16820100,354,590,16830000,22536
7,1683,16830000,16830100,354,590,16840000,22548
7,1684,16840000,16840100,354,590,16850000,22563
7,1685,16850000,16850100,354,590,16860000,22574
7,1686,16860000,16860100,354,590,16870000,22586
7,1687,16870000,16870100,354,590,16880000,22603
7,1688,16880000,16880100,354,590,16890000,22620
7,1689,16890000,16890100,354,590,16900000,22630
7,169,1690000,1690100,354,590,1700000,2266
7,1690,16900000,16900100,354,590,16910000,22643
7,1691,16910000,16910100,354,590,16920000,22653
7,1692,16920000,16920100,354,590,16930000,22671
7,1693,16930000,16930100,354,590,16940000,22681
7,1694,16940000,16940100,354,590,16950000,22695
7,1695,16950000,16950100,354,590,16960000,22708
7,1696,16960000,16960100,354,590,16970000,22727
7,1697,16970000,16970100,354,590,16980000,22738
7,1698,16980000,16980100,354,590,16990000,22750
7,1699,16990000,16990100,354,590,17000000,22760
7,17,170000,170100,354,590,180000,230
7,170,1700000,1700100,354,590,1710000,2279
7,1700,17000000,17000100,354,590,17010000,22776
7,1701,17010000,17010100,354,590,17020000,22790
7,1702,17020000,17020100,354,590,17030000,22805
7,1703,17030000,17030100,354,590,17040000,22815
7,1704,17040000,17040100,354,590,17050000,22832
7,1705,17050000,17050100,354,590,17060000,22845
7,1706,17060000,17060100,354,590,17070000,22857
7,1707,17070000,17070100,354,590,17080000,22868
7,1708,17080000,17080100,354,590,17090000,22885
7,1709,17090000,17090100,354,590,17100000,22895
7,171,1710000,1710100,354,590,1720000,2291
7,1710,17100000,17100100,354,590,17110000,22912
7,1711,17110000,17110100,354,590,17120000,22922
7,1712,17120000,17120100,354,590,17130000,22940
7,1713,17130000,17130100,354,590,17140000,22950
7,1714,17140000,17140100,354,590,17150000,22964
7,1715,17150000,17150100,354,590,17160000,22977
7,1716,17160000,17160100,354,590,17170000,22992
7,1717,17170000,17170100,354,590,17180000,23005
7,1718,17180000,17180100,354,590,17190000,23017
7,1719,17190000,17190100,354,590,17200000,23029
7,172,1720000,1720100,354,590,1730000,2309
7,1720,17200000,17200100,354,590,17210000,23047
7,1721,17210000,17210100,354,590,17220000,23057
7,1722,17220000,17220100,354,590,17230000,23072
7,1723,17230000,17230100,354,590,17240000,23084
7,1724,17240000,17240100,354,590,17250000,23099
7,1725,17250000,17250100,354,590,17260000,23112
7,1726,17260000,17260100,354,590,17270000,23124
7,1727,17270000,17270100,354,590,17280000,23135
7,1728,17280000,17280100,354,590,17290000,23154
7,1729,17290000,17290100,354,590,17300000,23166
7,173,1730000,1730100,354,590,1740000,2319
7,1730,17300000,17300100,354,590,17310000,23179
7,1731,17310000,17310100,354,590,17320000,23189
7,1732,17320000,17320100,354,590,17330000,23209
7,1733,17330000,17330100,354,590,17340000,23219
7,1734,17340000,17340100,354,590,17350000,23231
7,1735,17350000,17350100,354,590,17360000,23242
7,1736,17360000,17360100,354,590,17370000,23261
7,1737,17370000,17370100,354,590,17380000,23274
7,1738,17380000,17380100,354,590,17390000,23286
7,1739,17390000,17390100,354,590,17400000,23296
7,174,1740000,1740100,354,590,1750000,2331
7,1740,17400000,17400100,354,590,17410000,23314
7,1741,17410000,17410100,354,590,17420000,23326
7,1742,17420000,17420100,354,590,17430000,23339
7,1743,17430000,17430100,354,590,17440000,23351
7,1744,17440000,17440100,354,590,17450000,23368
7,1745,17450000,17450100,354,590,17460000,23379
7,1746,17460000,17460100,354,590,17470000,23393
7,1747,17470000,17470100,354,590,17480000,23406
7,1748,17480000,17480100,354,590,17490000,23421
7,1749,17490000,17490100,354,590,17500000,23431
7,175,1750000,1750100,354,590,1760000,2346
7,1750,17500000,17500100,354,590,17510000,23448
7,1751,17510000,17510100,354,590,17520000,23458
7,1752,17520000,17520100,354,590,17530000,23476
7,1753,17530000,17530100,354,590,17540000,23486
7,1754,17540000,17540100,354,590,17550000,23498
7,1755,17550000,17550100,354,590,17560000,23513
7,1756,17560000,17560100,354,590,17570000,23528
7,1757,17570000,17570100,354,590,17580000,23541
7,1758,17580000,17580100,354,590,17590000,23553
7,1759,17590000,17590100,354,590,17600000,23565
7,176,1760000,1760100,354,590,1770000,2363
7,1760,17600000,17600100,354,590,17610000,23583
7,1761,17610000,17610100,354,590,17620000,23593
7,1762,17620000,17620100,354,590,17630000,23608
7,1763,17630000,17630100,354,590,17640000,23618
7,1764,17640000,17640100,354,590,17650000,23637
7,1765,17650000,17650100,354,590,17660000,23648
7,1766,17660000,17660100,354,590,17670000,23660
7,1767,17670000,17670100,354,590,17680000,23671
7,1768,17680000,17680100,354,590,17690000,23690
7,1769,17690000,17690100,354,590,17700000,23700
7,177,1770000,1770100,354,590,1780000,2374
7,1770,17700000,17700100,354,590,17710000,23715
7,1771,17710000,17710100,354,590,17720000,23727
7,1772,17720000,17720100,354,590,17730000,23743
7,1773,17730000,17730100,354,590,17740000,23755
7,1774,17740000,17740100,354,590,17750000,23767
7,1775,17750000,17750100,354,590,17760000,23778
7,1776,17760000,17760100,354,590,17770000,23795
7,1777,17770000,17770100,354,590,17780000,23810
7,1778,17780000,17780100,354,590,17790000,23824
7,1779,17790000,17790100,354,590,17800000,23834
7,178,1780000,1780100,354,590,1790000,2386
7,1780,17800000,17800100,354,590,17810000,23850
7,1781,17810000,17810100,354,590,17820000,23860
7,1782,17820000,17820100,354,590,17830000,23875
7,1783,17830000,17830100,354,590,17840000,23885
7,1784,17840000,17840100,354,590,17850000,23902
7,1785,17850000,17850100,354,590,17860000,23917
7,1786,17860000,17860100,354,590,17870000,23931
7,1787,17870000,17870100,354,590,17880000,23942
7,1788,17880000,17880100,354,590,17890000,23957
7,1789,17890000,17890100,354,590,17900000,23967
7,179,1790000,1790100,354,590,1800000,2396
7,1790,17900000,17900100,354,590,17910000,23980
7,1791,17910000,17910100,354,590,17920000,23992
7,1792,17920000,17920100,354,590,17930000,24014
7,1793,17930000,17930100,354,590,17940000,24024
7,1794,17940000,17940100,354,590,17950000,24036
7,1795,17950000,17950100,354,590,17960000,24049
7,1796,17960000,17960100,354,590,17970000,24064
7,1797,17970000,17970100,354,590,17980000,24075
7,1798,17980000,17980100,354,590,17990000,24087
7,1799,17990000,17990100,354,590,18000000,24099
7,18,180000,180100,354,590,190000,244
7,180,1800000,1800100,354,590,1810000,2416
7,1800,18000000,18000100,354,590,18010000,24121
7,1801,18010000,18010100,354,590,18020000,24131
7,1802,18020000,18020100,354,590,18030000,24144
7,1803,18030000,18030100,354,590,18040000,24154
7,1804,18040000,18040100,354,590,18050000,24171
7,1805,18050000,18050100,354,590,18060000,24182
7,1806,18060000,18060100,354,590,18070000,24196
7,1807,18070000,18070100,354,590,18080000,24209
7,1808,18080000,18080100,354,590,18090000,24226
7,1809,18090000,18090100,354,590,18100000,24238
7,181,1810000,1810100,354,590,1820000,2426
7,1810,18100000,18100100,354,590,18110000,24251
7,1811,18110000,18110100,354,590,18120000,24261
7,1812,18120000,18120100,354,590,18130000,24277
7,1813,18130000,18130100,354,590,18140000,24291
7,1814,18140000,18140100,354,590,18150000,24303
7,1815,18150000,18150100,354,590,18160000,24316
7,1816,18160000,18160100,354,590,18170000,24333
7,1817,18170000,18170100,354,590,18180000,24344
7,1818,18180000,18180100,354,590,18190000,24358
7,1819,18190000,18190100,354,590,18200000,24368
7,182,1820000,1820100,354,590,1830000,2441
7,1820,18200000,18200100,354,590,18210000,24386
7,1821,18210000,18210100,354,590,18220000,24396
7,1822,18220000,18220100,354,590,18230000,24413
7,1823,18230000,18230100,354,590,18240000,24423
7,1824,18240000,18240100,354,590,18250000,24440
7,1825,18250000,18250100,354,590,18260000,24451
7,1826,18260000,18260100,354,590,18270000,24463
7,1827,18270000,18270100,354,590,18280000,24478
7,1828,18280000,18280100,354,590,18290000,24493
7,1829,18290000,18290100,354,590,18300000,24503
7,183,1830000,1830100,354,590,1840000,2451
7,1830,18300000,18300100,354,590,18310000,24518
7,1831,18310000,18310100,354,590,18320000,24530
7,1832,18320000,18320100,354,590,18330000,24548
7,1833,18330000,18330100,354,590,18340000,24558
7,1834,18340000,18340100,354,590,18350000,24572
7,1835,18350000,18350100,354,590,18360000,24583
7,1836,18360000,18360100,354,590,18370000,24600
7,1837,18370000,18370100,354,590,18380000,24613
7,1838,18380000,18380100,354,590,18390000,24625
7,1839,18390000,18390100,354,590,18400000,24635
7,184,1840000,1840100,354,590,1850000,2470
7,1840,18400000,18400100,354,590,18410000,24655
7,1841,18410000,18410100,354,590,18420000,24667
7,1842,18420000,18420100,354,590,18430000,24680
7,1843,18430000,18430100,354,590,18440000,24690
7,1844,18440000,18440100,354,590,18450000,24705
7,1845,18450000,18450100,354,590,18460000,24720
7,1846,18460000,18460100,354,590,18470000,24732
7,1847,18470000,18470100,354,590,18480000,24743
7,1848,18480000,18480100,354,590,18490000,24762
7,1849,18490000,18490100,354,590,18500000,24774
7,185,1850000,1850100,354,590,1860000,2481
7,1850,18500000,18500100,354,590,18510000,24787
7,1851,18510000,18510100,354,590,18520000,24797
7,1852,18520000,18520100,354,590,18530000,24815
7,1853,18530000,18530100,354,590,18540000,24825
7,1854,18540000,18540100,354,590,18550000,24839
7,1855,18550000,18550100,354,590,18560000,24852
7,1856,18560000,18560100,354,590,18570000,24869
7,1857,18570000,18570100,354,590,18580000,24880
7,1858,18580000,18580100,354,590,18590000,24894
7,1859,18590000,18590100,354,590,18600000,24904
7,186,1860000,1860100,354,590,1870000,2493
7,1860,18600000,18600100,354,590,18610000,24922
7,1861,18610000,18610100,354,590,18620000,24932
7,1862,18620000,18620100,354,590,18630000,24947
7,1863,18630000,18630100,354,590,18640000,24959
7,1864,18640000,18640100,354,590,18650000,24976
7,1865,18650000,18650100,354,590,18660000,24987
7,1866,18660000,18660100,354,590,18670000,24999
7,1867,18670000,18670100,354,590,18680000,25014
7,1868,18680000,18680100,354,590,18690000,25029
7,1869,18690000,18690100,354,590,18700000,25041
7,187,1870000,1870100,354,590,1880000,2506
7,1870,18700000,18700100,354,590,18710000,25054
7,1871,18710000,18710100,354,590,18720000,25064
7,1872,18720000,18720100,354,590,18730000,25084
7,1873,18730000,18730100,354,590,18740000,25094
7,1874,18740000,18740100,354,590,18750000,25106
7,1875,18750000,18750100,354,590,18760000,25119
7,1876,18760000,18760100,354,590,18770000,25138
7,1877,18770000,18770100,354,590,18780000,25149
7,1878,18780000,18780100,354,590,18790000,25161
7,1879,18790000,18790100,354,590,18800000,25171
7,188,1880000,1880100,354,590,1890000,2521
7,1880,18800000,18800100,354,590,18810000,25189
7,1881,18810000,18810100,354,590,18820000,25201
7,1882,18820000,18820100,354,590,18830000,25216
7,1883,18830000,18830100,354,590,18840000,25228
7,1884,18840000,18840100,354,590,18850000,25243
7,1885,18850000,18850100,354,590,18860000,25256
7,1886,18860000,18860100,354,590,18870000,25268
7,1887,18870000,18870100,354,590,18880000,25279
7,1888,18880000,18880100,354,590,18890000,25296
7,1889,18890000,18890100,354,590,18900000,25306
7,189,1890000,1890100,354,590,1900000,2535
7,1890,18900000,18900100,354,590,18910000,25325
7,1891,18910000,18910100,354,590,18920000,25335
7,1892,18920000,18920100,354,590,18930000,25351
7,1893,18930000,18930100,354,590,18940000,25361
7,1894,18940000,18940100,354,590,18950000,25375
7,1895,18950000,18950100,354,590,18960000,25386
7,1896,18960000,18960100,354,590,18970000,25403
7,1897,18970000,18970100,354,590,18980000,25418
7,1898,18980000,18980100,354,590,18990000,25430
7,1899,18990000,18990100,354,590,19000000,25442
7,19,190000,190100,354,590,200000,254
7,190,1900000,1900100,354,590,1910000,2548
7,1900,19000000,19000100,354,590,19010000,25458
7,1901,19010000,19010100,354,590,19020000,25468
7,1902,19020000,19020100,354,590,19030000,25481
7,1903,19030000,19030100,354,590,19040000,25493
7,1904,19040000,19040100,354,590,19050000,25512
7,1905,19050000,19050100,354,590,19060000,25525
7,1906,19060000,19060100,354,590,19070000,25537
7,1907,19070000,19070100,354,590,19080000,25548
7,1908,19080000,19080100,354,590,19090000,25565
7,1909,19090000,19090100,354,590,19100000,25575
7,191,1910000,1910100,354,590,1920000,2558
7,1910,19100000,19100100,354,590,19110000,25588
7,1911,19110000,19110100,354,590,19120000,25600
7,1912,19120000,19120100,354,590,19130000,25622
7,1913,19130000,19130100,354,590,19140000,25632
7,1914,19140000,19140100,354,590,19150000,25644
7,1915,19150000,19150100,354,590,19160000,25655
7,1916,19160000,19160100,354,590,19170000,25670
7,1917,19170000,19170100,354,590,19180000,25683
7,1918,19180000,19180100,354,590,19190000,25697
7,1919,19190000,19190100,354,590,19200000,25707
7,192,1920000,1920100,354,590,1930000,2576
7,1920,19200000,19200100,354,590,19210000,25727
7,1921,19210000,19210100,354,590,19220000,25739
7,1922,19220000,19220100,354,590,19230000,25752
7,1923,19230000,19230100,354,590,19240000,25762
7,1924,19240000,19240100,354,590,19250000,25777
7,1925,19250000,19250100,354,590,19260000,25790
7,1926,19260000,19260100,354,590,19270000,25804
7,1927,19270000,19270100,354,590,19280000,25817
7,1928,19280000,19280100,354,590,19290000,25834
7,1929,19290000,19290100,354,590,19300000,25844
7,193,1930000,1930100,354,590,1940000,2588
7,1930,19300000,19300100,354,590,19310000,25859
7,1931,19310000,19310100,354,590,19320000,25869
7,1932,19320000,19320100,354,590,19330000,25887
7,1933,19330000,19330100,354,590,19340000,25897
7,1934,19340000,19340100,354,590,19350000,25909
7,1935,19350000,19350100,354,590,19360000,25924
7,1936,19360000,19360100,354,590,19370000,25941
7,1937,19370000,19370100,354,590,19380000,25952
7,1938,19380000,19380100,354,590,19390000,25964
7,1939,19390000,19390100,354,590,19400000,25978
7,194,1940000,1940100,354,590,1950000,2600
7,1940,19400000,19400100,354,590,19410000,25994
7,1941,19410000,19410100,354,590,19420000,26004
7,1942,19420000,19420100,354,590,19430000,26019
7,1943,19430000,19430100,354,590,19440000,26029
7,1944,19440000,19440100,354,590,19450000,26048
7,1945,19450000,19450100,354,590,19460000,26059
7,1946,19460000,19460100,354,590,19470000,26073
7,1947,19470000,19470100,354,590,19480000,26084
7,1948,19480000,19480100,354,590,19490000,26101
7,1949,19490000,19490100,354,590,19500000,26111
7,195,1950000,1950100,354,590,1960000,2613
7,1950,19500000,19500100,354,590,19510000,26126
7,1951,19510000,19510100,354,590,19520000,26136
7,1952,19520000,19520100,354,590,19530000,26154
7,1953,19530000,19530100,354,590,19540000,26168
7,1954,19540000,19540100,354,590,19550000,26180
7,1955,19550000,19550100,354,590,19560000,26191
7,1956,19560000,19560100,354,590,19570000,26206
7,1957,19570000,19570100,354,590,19580000,26221
7,1958,19580000,19580100,354,590,19590000,26233
7,1959,19590000,19590100,354,590,19600000,26243
7,196,1960000,1960100,354,590,1970000,2630
7,1960,19600000,19600100,354,590,19610000,26263
7,1961,19610000,19610100,354,590,19620000,26273
7,1962,19620000,19620100,354,590,19630000,26288
7,1963,19630000,19630100,354,590,19640000,26298
7,1964,19640000,19640100,354,590,19650000,26313
7,1965,19650000,19650100,354,590,19660000,26326
7,1966,19660000,19660100,354,590,19670000,26340
7,1967,19670000,19670100,354,590,19680000,26353
7,1968,19680000,19680100,354,590,19690000,26370
7,1969,19690000,19690100,354,590,19700000,26380
7,197,1970000,1970100,354,590,1980000,2641
7,1970,19700000,19700100,354,590,19710000,26393
7,1971,19710000,19710100,354,590,19720000,26405
7,1972,19720000,19720100,354,590,19730000,26423
7,1973,19730000,19730100,354,590,19740000,26433
7,1974,19740000,19740100,354,590,19750000,26447
7,1975,19750000,19750100,354,590,19760000,26460
7,1976,19760000,19760100,354,590,19770000,26477
7,1977,19770000,19770100,354,590,19780000,26488
7,1978,19780000,19780100,354,590,19790000,26500
7,1979,19790000,19790100,354,590,19800000,26510
7,198,1980000,1980100,354,590,1990000,2655
7,1980,19800000,19800100,354,590,19810000,26530
7,1981,19810000,19810100,354,590,19820000,26542
7,1982,19820000,19820100,354,590,19830000,26555
7,1983,19830000,19830100,354,590,19840000,26565
7,1984,19840000,19840100,354,590,19850000,26584
7,1985,19850000,19850100,354,590,19860000,26595
7,1986,19860000,19860100,354,590,19870000,26607
7,1987,19870000,19870100,354,590,19880000,26620
7,1988,19880000,19880100,354,590,19890000,26637
7,1989,19890000,19890100,354,590,19900000,26649
7,199,1990000,1990100,354,590,2000000,2665
7,1990,19900000,19900100,354,590,19910000,26662
7,1991,19910000,19910100,354,590,19920000,26672
7,1992,19920000,19920100,354,590,19930000,26690
7,1993,19930000,19930100,354,590,19940000,26702
7,1994,19940000,19940100,354,590,19950000,26714
7,1995,19950000,19950100,354,590,19960000,26729
7,1996,19960000,19960100,354,590,19970000,26744
7,1997,19970000,19970100,354,590,19980000,26755
7,1998,19980000,19980100,354,590,19990000,26769
7,1999,19990000,19990100,354,590,20000000,26779
7,2,20000,20100,354,590,30000,30
7,20,200000,200100,354,590,210000,270
7,200,2000000,2000100,354,590,2010000,2683
7,2000,20000000,20000100,354,590,20010000,26797
7,2001,20010000,20010100,354,590,20020000,26807
7,2002,20020000,20020100,354,590,20030000,26826
7,2003,20030000,20030100,354,590,20040000,26836
7,2004,20040000,20040100,354,590,20050000,26851
7,2005,20050000,20050100,354,590,20060000,26862
7,2006,20060000,20060100,354,590,20070000,26874
7,2007,20070000,20070100,354,590,20080000,26887
7,2008,20080000,20080100,354,590,20090000,26904
7,2009,20090000,20090100,354,590,20100000,26916
7,201,2010000,2010100,354,590,2020000,2693
7,2010,20100000,20100100,354,590,20110000,26931
7,2011,20110000,20110100,354,590,20120000,26943
7,2012,20120000,20120100,354,590,20130000,26959
7,2013,20130000,20130100,354,590,20140000,26969
7,2014,20140000,20140100,354,590,20150000,26981
7,2015,20150000,20150100,354,590,20160000,26992
7,2016,20160000,20160100,354,590,20170000,27013
7,2017,20170000,20170100,354,590,20180000,27026
7,2018,20180000,20180100,354,590,20190000,27038
7,2019,20190000,20190100,354,590,20200000,27048
7,202,2020000,2020100,354,590,2030000,2710
7,2020,20200000,20200100,354,590,20210000,27066
7,2021,20210000,20210100,354,590,20220000,27076
7,2022,20220000,20220100,354,590,20230000,27089
7,2023,20230000,20230100,354,590,20240000,27101
7,2024,20240000,20240100,354,590,20250000,27118
7,2025,20250000,20250100,354,590,20260000,27133
7,2026,20260000,20260100,354,590,20270000,27145
7,2027,20270000,20270100,354,590,20280000,27156
7,2028,20280000,20280100,354,590,20290000,27171
7,2029,20290000,20290100,354,590,20300000,27183
7,203,2030000,2030100,354,590,2040000,2722
7,2030,20300000,20300100,354,590,20310000,27198
7,2031,20310000,20310100,354,590,20320000,27208
7,2032,20320000,20320100,354,590,20330000,27228
7,2033,20330000,20330100,354,590,20340000,27238
7,2034,20340000,20340100,354,590,20350000,27252
7,2035,20350000,20350100,354,590,20360000,27263
7,2036,20360000,20360100,354,590,20370000,27278
7,2037,20370000,20370100,354,590,20380000,27291
7,2038,20380000,20380100,354,590,20390000,27305
7,2039,20390000,20390100,354,590,20400000,27315
7,204,2040000,2040100,354,590,2050000,2737
7,2040,20400000,20400100,354,590,20410000,27335
7,2041,20410000,20410100,354,590,20420000,27345
7,2042,20420000,20420100,354,590,20430000,27358
7,2043,20430000,20430100,354,590,20440000,27370
7,2044,20440000,20440100,354,590,20450000,27387
7,2045,20450000,20450100,354,590,20460000,27398
7,2046,20460000,20460100,354,590,20470000,27410
7,2047,20470000,20470100,354,590,20480000,27425
7,2048,20480000,20480100,354,590,20490000,27442
7,2049,20490000,20490100,354,590,20500000,27452
7,205,2050000,2050100,354,590,2060000,2748
7,2050,20500000,20500100,354,590,20510000,27465
7,2051,20510000,20510100,354,590,20520000,27477
7,2052,20520000,20520100,354,590,20530000,27495
7,2053,20530000,20530100,354,590,20540000,27505
7,2054,20540000,20540100,354,590,20550000,27517
7,2055,20550000,20550100,354,590,20560000,27530
7,2056,20560000,20560100,354,590,20570000,27549
7,2057,20570000,20570100,354,590,20580000,27560
7,2058,20580000,20580100,354,590,20590000,27574
7,2059,20590000,20590100,354,590,20600000,27584
7,206,2060000,2060100,354,590,2070000,2760
7,2060,20600000,20600100,354,590,20610000,27600
7,2061,20610000,20610100,354,590,20620000,27612
7,2062,20620000,20620100,354,590,20630000,27627
7,2063,20630000,20630100,354,590,20640000,27637
7,2064,20640000,20640100,354,590,20650000,27654
7,2065,20650000,20650100,354,590,20660000,27669
7,2066,20660000,20660100,354,590,20670000,27681
7,2067,20670000,20670100,354,590,20680000,27692
7,2068,20680000,20680100,354,590,20690000,27707
7,2069,20690000,20690100,354,590,20700000,27717
7,207,2070000,2070100,354,590,2080000,2773
7,2070,20700000,20700100,354,590,20710000,27734
7,2071,20710000,20710100,354,590,20720000,27744
7,2072,20720000,20720100,354,590,20730000,27764
7,2073,20730000,20730100,354,590,20740000,27774
7,2074,20740000,20740100,354,590,20750000,27788
7,2075,20750000,20750100,354,590,20760000,27799
7,2076,20760000,20760100,354,590,20770000,27814
7,2077,20770000,20770100,354,590,20780000,27827
7,2078,20780000,20780100,354,590,20790000,27839
7,2079,20790000,20790100,354,590,20800000,27853
7,208,2080000,2080100,354,590,2090000,2790
7,2080,20800000,20800100,354,590,20810000,27871
7,2081,20810000,20810100,354,590,20820000,27881
7,2082,20820000,20820100,354,590,20830000,27894
7,2083,20830000,20830100,354,590,20840000,27906
7,2084,20840000,20840100,354,590,20850000,27921
7,2085,20850000,20850100,354,590,20860000,27934
7,2086,20860000,20860100,354,590,20870000,27948
7,2087,20870000,20870100,354,590,20880000,27959
7,2088,20880000,20880100,354,590,20890000,27978
7,2089,20890000,20890100,354,590,20900000,27988
7,209,2090000,2090100,354,590,2100000,2800
7,2090,20900000,20900100,354,590,20910000,28001
7,2091,20910000,20910100,354,590,20920000,28011
7,2092,20920000,20920100,354,590,20930000,28031
7,2093,20930000,20930100,354,590,20940000,28043
7,2094,20940000,20940100,354,590,20950000,28055
7,2095,20950000,20950100,354,590,20960000,28066
7,2096,20960000,20960100,354,590,20970000,28083
7,2097,20970000,20970100,354,590,20980000,28096
7,2098,20980000,20980100,354,590,20990000,28108
7,2099,20990000,20990100,354,590,21000000,28118
7,21,210000,210100,354,590,220000,282
7,210,2100000,2100100,354,590,2110000,2817
7,2100,21000000,21000100,354,590,21010000,28138
7,2101,21010000,21010100,354,590,21020000,28150
7,2102,21020000,21020100,354,590,21030000,28163
7,2103,21030000,21030100,354,590,21040000,28173
7,2104,21040000,21040100,354,590,21050000,28190
7,2105,21050000,21050100,354,590,21060000,28201
7,2106,21060000,21060100,354,590,21070000,28215
7,2107,21070000,21070100,354,590,21080000,28230
7,2108,21080000,21080100,354,590,21090000,28245
7,2109,21090000,21090100,354,590,21100000,28255
7,211,2110000,2110100,354,590,2120000,2829
7,2110,21100000,21100100,354,590,21110000,28270
7,2111,21110000,21110100,354,590,21120000,28280
7,2112,21120000,21120100,354,590,21130000,28298
7,2113,21130000,21130100,354,590,21140000,28308
7,2114,21140000,21140100,354,590,21150000,28322
7,2115,21150000,21150100,354,590,21160000,28337
7,2116,21160000,21160100,354,590,21170000,28352
7,2117,21170000,21170100,354,590,21180000,28363
7,2118,21180000,21180100,354,590,21190000,28375
7,2119,21190000,21190100,354,590,21200000,28387
7,212,2120000,2120100,354,590,2130000,2845
7,2120,21200000,21200100,354,590,21210000,28405
7,2121,21210000,21210100,354,590,21220000,28417
7,2122,21220000,21220100,354,590,21230000,28432
7,2123,21230000,21230100,354,590,21240000,28442
7,2124,21240000,21240100,354,590,21250000,28459
7,2125,21250000,21250100,354,590,21260000,28470
7,2126,21260000,21260100,354,590,21270000,28482
7,2127,21270000,21270100,354,590,21280000,28493
7,2128,21280000,21280100,354,590,21290000,28514
7,2129,21290000,21290100,354,590,21300000,28524
7,213,2130000,2130100,354,590,2140000,2855
7,2130,21300000,21300100,354,590,21310000,28539
7,2131,21310000,21310100,354,590,21320000,28549
7,2132,21320000,21320100,354,590,21330000,28565
7,2133,21330000,21330100,354,590,21340000,28577
7,2134,21340000,21340100,354,590,21350000,28589
7,2135,21350000,21350100,354,590,21360000,28602
7,2136,21360000,21360100,354,590,21370000,28619
7,2137,21370000,21370100,354,590,21380000,28634
7,2138,21380000,21380100,354,590,21390000,28646
7,2139,21390000,21390100,354,590,21400000,28656
7,214,2140000,2140100,354,590,2150000,2867
7,2140,21400000,21400100,354,590,21410000,28672
7,2141,21410000,21410100,354,590,21420000,28682
7,2142,21420000,21420100,354,590,21430000,28699
7,2143,21430000,21430100,354,590,21440000,28709
7,2144,21440000,21440100,354,590,21450000,28726
7,2145,21450000,21450100,354,590,21460000,28739
7,2146,21460000,21460100,354,590,21470000,28753
7,2147,21470000,21470100,354,590,21480000,28764
7,2148,21480000,21480100,354,590,21490000,28779
7,2149,21490000,21490100,354,590,21500000,28791
7,215,2150000,2150100,354,590,2160000,2878
7,2150,21500000,21500100,354,590,21510000,28804
7,2151,21510000,21510100,354,590,21520000,28816
7,2152,21520000,21520100,354,590,21530000,28836
7,2153,21530000,21530100,354,590,21540000,28846
7,2154,21540000,21540100,354,590,21550000,28858
7,2155,21550000,21550100,354,590,21560000,28871
7,2156,21560000,21560100,354,590,21570000,28888
7,2157,21570000,21570100,354,590,21580000,28899
7,2158,21580000,21580100,354,590,21590000,28911
7,2159,21590000,21590100,354,590,21600000,28921
7,216,2160000,2160100,354,590,2170000,2897
7,2160,21600000,21600100,354,590,21610000,28943
7,2161,21610000,21610100,354,590,21620000,28953
7,2162,21620000,21620100,354,590,21630000,28966
7,2163,21630000,21630100,354,590,21640000,28978
7,2164,21640000,21640100,354,590,21650000,28995
7,2165,21650000,21650100,354,590,21660000,29006
7,2166,21660000,21660100,354,590,21670000,29018
7,2167,21670000,21670100,354,590,21680000,29031
7,2168,21680000,21680100,354,590,21690000,29048
7,2169,21690000,21690100,354,590,21700000,29060
7,217,2170000,2170100,354,590,2180000,2912
7,2170,21700000,21700100,354,590,21710000,29075
7,2171,21710000,21710100,354,590,21720000,29085
7,2172,21720000,21720100,354,590,21730000,29101
7,2173,21730000,21730100,354,590,21740000,29113
7,2174,21740000,21740100,354,590,21750000,29125
7,2175,21750000,21750100,354,590,21760000,29138
7,2176,21760000,21760100,354,590,21770000,29155
7,2177,21770000,21770100,354,590,21780000,29168
7,2178,21780000,21780100,354,590,21790000,29182
7,2179,21790000,21790100,354,590,21800000,29192
7,218,2180000,2180100,354,590,2190000,2924
7,2180,21800000,21800100,354,590,21810000,29208
7,2181,21810000,21810100,354,590,21820000,29218
7,2182,21820000,21820100,354,590,21830000,29235
7,2183,21830000,21830100,354,590,21840000,29245
7,2184,21840000,21840100,354,590,21850000,29264
7,2185,21850000,21850100,354,590,21860000,29275
7,2186,21860000,21860100,354,590,21870000,29287
7,2187,21870000,21870100,354,590,21880000,29300
7,2188,21880000,21880100,354,590,21890000,29315
7,2189,21890000,21890100,354,590,21900000,29325
7,219,2190000,2190100,354,590,2200000,2934
7,2190,21900000,21900100,354,590,21910000,29340
7,2191,21910000,21910100,354,590,21920000,29354
7,2192,21920000,21920100,354,590,21930000,29372
7,2193,21930000,21930100,354,590,21940000,29382
7,2194,21940000,21940100,354,590,21950000,29394
7,2195,21950000,21950100,354,590,21960000,29405
7,2196,21960000,21960100,354,590,21970000,29422
7,2197,21970000,21970100,354,590,21980000,29435
7,2198,21980000,21980100,354,590,21990000,29449
7,2199,21990000,21990100,354,590,22000000,29459
7,22,220000,220100,354,590,230000,299
7,220,2200000,2200100,354,590,2210000,2952
7,2200,22000000,22000100,354,590,22010000,29479
7,2201,22010000,22010100,354,590,22020000,29489
7,2202,22020000,22020100,354,590,22030000,29502
7,2203,22030000,22030100,354,590,22040000,29512
7,2204,22040000,22040100,354,590,22050000,29527
7,2205,22050000,22050100,354,590,22060000,29544
7,2206,22060000,22060100,354,590,22070000,29556
7,2207,22070000,22070100,354,590,22080000,29567
7,2208,22080000,22080100,354,590,22090000,29584
7,2209,22090000,22090100,354,590,22100000,29596
7,221,2210000,2210100,354,590,2220000,2962
7,2210,22100000,22100100,354,590,22110000,29609
7,2211,22110000,22110100,354,590,22120000,29619
7,2212,22120000,22120100,354,590,22130000,29639
7,2213,22130000,22130100,354,590,22140000,29649
7,2214,22140000,22140100,354,590,22150000,29663
7,2215,22150000,22150100,354,590,22160000,29674
7,2216,22160000,22160100,354,590,22170000,29691
7,2217,22170000,22170100,354,590,22180000,29702
7,2218,22180000,22180100,354,590,22190000,29716
7,2219,22190000,22190100,354,590,22200000,29728
7,222,2220000,2220100,354,590,2230000,2975
7,2220,22200000,22200100,354,590,22210000,29746
7,2221,22210000,22210100,354,590,22220000,29756
7,2222,22220000,22220100,354,590,22230000,29769
7,2223,22230000,22230100,354,590,22240000,29781
7,2224,22240000,22240100,354,590,22250000,29798
7,2225,22250000,22250100,354,590,22260000,29809
7,2226,22260000,22260100,354,590,22270000,29823
7,2227,22270000,22270100,354,590,22280000,29838
7,2228,22280000,22280100,354,590,22290000,29853
7,2229,22290000,22290100,354,590,22300000,29863
7,223,2230000,2230100,354,590,2240000,2985
7,2230,22300000,22300100,354,590,22310000,29876
7,2231,22310000,22310100,354,590,22320000,29886
7,2232,22320000,22320100,354,590,22330000,29906
7,2233,22330000,22330100,354,590,22340000,29918
7,2234,22340000,22340100,354,590,22350000,29930
7,2235,22350000,22350100,354,590,22360000,29943
7,2236,22360000,22360100,354,590,22370000,29960
7,2237,22370000,22370100,354,590,22380000,29971
7,2238,22380000,22380100,354,590,22390000,29983
7,2239,22390000,22390100,354,590,22400000,29993
7,224,2240000,2240100,354,590,2250000,3004
7,2240,22400000,22400100,354,590,22410000,30013
7,2241,22410000,22410100,354,590,22420000,30025
7,2242,22420000,22420100,354,590,22430000,30040
7,2243,22430000,22430100,354,590,22440000,30050
7,2244,22440000,22440100,354,590,22450000,30065
7,2245,22450000,22450100,354,590,22460000,30078
7,2246,22460000,22460100,354,590,22470000,30090
7,2247,22470000,22470100,354,590,22480000,30103
7,2248,22480000,22480100,354,590,22490000,30120
7,2249,22490000,22490100,354,590,22500000,30130
7,225,2250000,2250100,354,590,2260000,3019
7,2250,22500000,22500100,354,590,22510000,30147
7,2251,22510000,22510100,354,590,22520000,30157
7,2252,22520000,22520100,354,590,22530000,30173
7,2253,22530000,22530100,354,590,22540000,30183
7,2254,22540000,22540100,354,590,22550000,30199
7,2255,22550000,22550100,354,590,22560000,30210
7,2256,22560000,22560100,354,590,22570000,30227
7,2257,22570000,22570100,354,590,22580000,30240
7,2258,22580000,22580100,354,590,22590000,30252
7,2259,22590000,22590100,354,590,22600000,30264
7,226,2260000,2260100,354,590,2270000,3031
7,2260,22600000,22600100,354,590,22610000,30280
7,2261,22610000,22610100,354,590,22620000,30292
7,2262,22620000,22620100,354,590,22630000,30305
7,2263,22630000,22630100,354,590,22640000,30317
7,2264,22640000,22640100,354,590,22650000,30334
7,2265,22650000,22650100,354,590,22660000,30347
7,2266,22660000,22660100,354,590,22670000,30359
7,2267,22670000,22670100,354,590,22680000,30370
7,2268,22680000,22680100,354,590,22690000,30389
7,2269,22690000,22690100,354,590,22700000,30399
7,227,2270000,2270100,354,590,2280000,3042
7,2270,22700000,22700100,354,590,22710000,30412
7,2271,22710000,22710100,354,590,22720000,30422
7,2272,22720000,22720100,354,590,22730000,30444
7,2273,22730000,22730100,354,590,22740000,30454
7,2274,22740000,22740100,354,590,22750000,30466
7,2275,22750000,22750100,354,590,22760000,30479
7,2276,22760000,22760100,354,590,22770000,30494
7,2277,22770000,22770100,354,590,22780000,30507
7,2278,22780000,22780100,354,590,22790000,30519
7,2279,22790000,22790100,354,590,22800000,30529
7,228,2280000,2280100,354,590,2290000,3057
7,2280,22800000,22800100,354,590,22810000,30549
7,2281,22810000,22810100,354,590,22820000,30561
7,2282,22820000,22820100,354,590,22830000,30576
7,2283,22830000,22830100,354,590,22840000,30586
7,2284,22840000,22840100,354,590,22850000,30601
7,2285,22850000,22850100,354,590,22860000,30612
7,2286,22860000,22860100,354,590,22870000,30626
7,2287,22870000,22870100,354,590,22880000,30639
7,2288,22880000,22880100,354,590,22890000,30656
7,2289,22890000,22890100,354,590,22900000,30668
7,229,2290000,2290100,354,590,2300000,3069
7,2290,22900000,22900100,354,590,22910000,30683
7,2291,22910000,22910100,354,590,22920000,30693
7,2292,22920000,22920100,354,590,22930000,30709
7,2293,22930000,22930100,354,590,22940000,30719
7,2294,22940000,22940100,354,590,22950000,30731
7,2295,22950000,22950100,354,590,22960000,30746
7,2296,22960000,22960100,354,590,22970000,30765
7,2297,22970000,22970100,354,590,22980000,30776
7,2298,22980000,22980100,354,590,22990000,30788
7,2299,22990000,22990100,354,590,23000000,30800
7,23,230000,230100,354,590,240000,309
7,230,2300000,2300100,354,590,2310000,3082
7,2300,23000000,23000100,354,590,23010000,30816
7,2301,23010000,23010100,354,590,23020000,30826
7,2302,23020000,23020100,354,590,23030000,30841
7,2303,23030000,23030100,354,590,23040000,30853
7,2304,23040000,23040100,354,590,23050000,30872
7,2305,23050000,23050100,354,590,23060000,30883
7,2306,23060000,23060100,354,590,23070000,30895
7,2307,23070000,23070100,354,590,23080000,30906
7,2308,23080000,23080100,354,590,23090000,30923
7,2309,23090000,23090100,354,590,23100000,30933
7,231,2310000,2310100,354,590,2320000,3094
7,2310,23100000,23100100,354,590,23110000,30950
7,2311,23110000,23110100,354,590,23120000,30960
7,2312,23120000,23120100,354,590,23130000,30978
7,2313,23130000,23130100,354,590,23140000,30990
7,2314,23140000,23140100,354,590,23150000,31002
7,2315,23150000,23150100,354,590,23160000,31013
7,2316,23160000,23160100,354,590,23170000,31028
7,2317,23170000,23170100,354,590,23180000,31045
7,2318,23180000,23180100,354,590,23190000,31057
7,2319,23190000,23190100,354,590,23200000,31067
7,232,2320000,2320100,354,590,2330000,3114
7,2320,23200000,23200100,354,590,23210000,31085
7,2321,23210000,23210100,354,590,23220000,31095
7,2322,23220000,23220100,354,590,23230000,31110
7,2323,23230000,23230100,354,590,23240000,31120
7,2324,23240000,23240100,354,590,23250000,31137
7,2325,23250000,23250100,354,590,23260000,31150
7,2326,23260000,23260100,354,590,23270000,31164
7,2327,23270000,23270100,354,590,23280000,31175
7,2328,23280000,23280100,354,590,23290000,31192
7,2329,23290000,23290100,354,590,23300000,31202
7,233,2330000,2330100,354,590,2340000,3124
7,2330,23300000,23300100,354,590,23310000,31215
7,2331,23310000,23310100,354,590,23320000,31229
7,2332,23320000,23320100,354,590,23330000,31247
7,2333,23330000,23330100,354,590,23340000,31257
7,2334,23340000,23340100,354,590,23350000,31269
7,2335,23350000,23350100,354,590,23360000,31282
7,2336,23360000,23360100,354,590,23370000,31299
7,2337,23370000,23370100,354,590,23380000,31310
7,2338,23380000,23380100,354,590,23390000,31324
7,2339,23390000,23390100,354,590,23400000,31334
7,234,2340000,2340100,354,590,2350000,3138
7,2340,23400000,23400100,354,590,23410000,31354
7,2341,23410000,23410100,354,590,23420000,31364
7,2342,23420000,23420100,354,590,23430000,31377
7,2343,23430000,23430100,354,590,23440000,31387
7,2344,23440000,23440100,354,590,23450000,31406
7,2345,23450000,23450100,354,590,23460000,31419
7,2346,23460000,23460100,354,590,23470000,31431
7,2347,23470000,23470100,354,590,23480000,31444
7,2348,23480000,23480100,354,590,23490000,31459
7,2349,23490000,23490100,354,590,23500000,31471
7,235,2350000,2350100,354,590,2360000,3149
7,2350,23500000,23500100,354,590,23510000,31484
7,2351,23510000,23510100,354,590,23520000,31494
7,2352,23520000,23520100,354,590,23530000,31514
7,2353,23530000,23530100,354,590,23540000,31526
7,2354,23540000,23540100,354,590,23550000,31538
7,2355,23550000,23550100,354,590,23560000,31551
7,2356,23560000,23560100,354,590,23570000,31566
7,2357,23570000,23570100,354,590,23580000,31577
7,2358,23580000,23580100,354,590,23590000,31591
7,2359,23590000,23590100,354,590,23600000,31603
7,236,2360000,2360100,354,590,2370000,3164
7,2360,23600000,23600100,354,590,23610000,31621
7,2361,23610000,23610100,354,590,23620000,31631
7,2362,23620000,23620100,354,590,23630000,31648
7,2363,23630000,23630100,354,590,23640000,31658
7,2364,23640000,23640100,354,590,23650000,31673
7,2365,23650000,23650100,354,590,23660000,31684
7,2366,23660000,23660100,354,590,23670000,31698
7,2367,23670000,23670100,354,590,23680000,31711
7,2368,23680000,23680100,354,590,23690000,31728
7,2369,23690000,23690100,354,590,23700000,31738
7,237,2370000,2370100,354,590,2380000,3175
7,2370,23700000,23700100,354,590,23710000,31753
7,2371,23710000,23710100,354,590,23720000,31765
7,2372,23720000,23720100,354,590,23730000,31781
7,2373,23730000,23730100,354,590,23740000,31793
7,2374,23740000,23740100,354,590,23750000,31805
7,2375,23750000,23750100,354,590,23760000,31816
7,2376,23760000,23760100,354,590,23770000,31835
7,2377,23770000,23770100,354,590,23780000,31848
7,2378,23780000,23780100,354,590,23790000,31860
7,2379,23790000,23790100,354,590,23800000,31870
7,238,2380000,2380100,354,590,2390000,3191
7,2380,23800000,23800100,354,590,23810000,31890
7,2381,23810000,23810100,354,590,23820000,31900
7,2382,23820000,23820100,354,590,23830000,31913
7,2383,23830000,23830100,354,590,23840000,31923
7,2384,23840000,23840100,354,590,23850000,31940
7,2385,23850000,23850100,354,590,23860000,31955
7,2386,23860000,23860100,354,590,23870000,31967
7,2387,23870000,23870100,354,590,23880000,31980
7,2388,23880000,23880100,354,590,23890000,31995
7,2389,23890000,23890100,354,590,23900000,32007
7,239,2390000,2390100,354,590,2400000,3201
7,2390,23900000,23900100,354,590,23910000,32020
7,2391,23910000,23910100,354,590,23920000,32030
7,2392,23920000,23920100,354,590,23930000,32050
7,2393,23930000,23930100,354,590,23940000,32060
7,2394,23940000,23940100,354,590,23950000,32076
7,2395,23950000,23950100,354,590,23960000,32087
7,2396,23960000,23960100,354,590,23970000,32102
7,2397,23970000,23970100,354,590,23980000,32113
7,2398,23980000,23980100,354,590,23990000,32127
7,2399,23990000,23990100,354,590,24000000,32137
7,24,240000,240100,354,590,250000,326
7,240,2400000,2400100,354,590,2410000,3221
7,2400,24000000,24000100,354,590,24010000,32157
7,2401,24010000,24010100,354,590,24020000,32169
7,2402,24020000,24020100,354,590,24030000,32182
7,2403,24030000,24030100,354,590,24040000,32194
7,2404,24040000,24040100,354,590,24050000,32209
7,2405,24050000,24050100,354,590,24060000,32220
7,2406,24060000,24060100,354,590,24070000,32232
7,2407,24070000,24070100,354,590,24080000,32247
7,2408,24080000,24080100,354,590,24090000,32266
7,2409,24090000,24090100,354,590,24100000,32276
7,241,2410000,2410100,354,590,2420000,3231
7,2410,24100000,24100100,354,590,24110000,32289
7,2411,24110000,24110100,354,590,24120000,32299
7,2412,24120000,24120100,354,590,24130000,32317
7,2413,24130000,24130100,354,590,24140000,32327
7,2414,24140000,24140100,354,590,24150000,32339
7,2415,24150000,24150100,354,590,24160000,32354
7,2416,24160000,24160100,354,590,24170000,32373
7,2417,24170000,24170100,354,590,24180000,32384
7,2418,24180000,24180100,354,590,24190000,32396
7,2419,24190000,24190100,354,590,24200000,32406
7,242,2420000,2420100,354,590,2430000,3244
7,2420,24200000,24200100,354,590,24210000,32422
7,2421,24210000,24210100,354,590,24220000,32434
7,2422,24220000,24220100,354,590,24230000,32451
7,2423,24230000,24230100,354,590,24240000,32461
7,2424,24240000,24240100,354,590,24250000,32478
7,2425,24250000,24250100,354,590,24260000,32491
7,2426,24260000,24260100,354,590,24270000,32503
7,2427,24270000,24270100,354,590,24280000,32514
7,2428,24280000,24280100,354,590,24290000,32529
7,2429,24290000,24290100,354,590,24300000,32541
7,243,2430000,2430100,354,590,2440000,3256
7,2430,24300000,24300100,354,590,24310000,32558
7,2431,24310000,24310100,354,590,24320000,32568
7,2432,24320000,24320100,354,590,24330000,32586
7,2433,24330000,24330100,354,590,24340000,32596
7,2434,24340000,24340100,354,590,24350000,32610
7,2435,24350000,24350100,354,590,24360000,32621
7,2436,24360000,24360100,354,590,24370000,32638
7,2437,24370000,24370100,354,590,24380000,32651
7,2438,24380000,24380100,354,590,24390000,32663
7,2439,24390000,24390100,354,590,24400000,32675
7,244,2440000,2440100,354,590,2450000,3271
7,2440,24400000,24400100,354,590,24410000,32693
7,2441,24410000,24410100,354,590,24420000,32703
7,2442,24420000,24420100,354,590,24430000,32716
7,2443,24430000,24430100,354,590,24440000,32730
7,2444,24440000,24440100,354,590,24450000,32745
7,2445,24450000,24450100,354,590,24460000,32758
7,2446,24460000,24460100,354,590,24470000,32770
7,2447,24470000,24470100,354,590,24480000,32781
7,2448,24480000,24480100,354,590,24490000,32800
7,2449,24490000,24490100,354,590,24500000,32810
7,245,2450000,2450100,354,590,2460000,3284
7,2450,24500000,24500100,354,590,24510000,32825
7,2451,24510000,24510100,354,590,24520000,32835
7,2452,24520000,24520100,354,590,24530000,32855
7,2453,24530000,24530100,354,590,24540000,32865
7,2454,24540000,24540100,354,590,24550000,32877
7,2455,24550000,24550100,354,590,24560000,32888
7,2456,24560000,24560100,354,590,24570000,32905
7,2457,24570000,24570100,354,590,24580000,32920
7,2458,24580000,24580100,354,590,24590000,32932
7,2459,24590000,24590100,354,590,24600000,32942
7,246,2460000,2460100,354,590,2470000,3296
7,2460,24600000,24600100,354,590,24610000,32960
7,2461,24610000,24610100,354,590,24620000,32972
7,2462,24620000,24620100,354,590,24630000,32985
7,2463,24630000,24630100,354,590,24640000,32995
7,2464,24640000,24640100,354,590,24650000,33014
7,2465,24650000,24650100,354,590,24660000,33025
7,2466,24660000,24660100,354,590,24670000,33039
7,2467,24670000,24670100,354,590,24680000,33052
7,2468,24680000,24680100,354,590,24690000,33067
7,2469,24690000,24690100,354,590,24700000,33077
7,247,2470000,2470100,354,590,2480000,3311
7,2470,24700000,24700100,354,590,24710000,33092
7,2471,24710000,24710100,354,590,24720000,33104
7,2472,24720000,24720100,354,590,24730000,33122
7,2473,24730000,24730100,354,590,24740000,33132
7,2474,24740000,24740100,354,590,24750000,33144
7,2475,24750000,24750100,354,590,24760000,33159
7,2476,24760000,24760100,354,590,24770000,33174
7,2477,24770000,24770100,354,590,24780000,33185
7,2478,24780000,24780100,354,590,24790000,33199
7,2479,24790000,24790100,354,590,24800000,33211
7,248,2480000,2480100,354,590,2490000,3328
7,2480,24800000,24800100,354,590,24810000,33229
7,2481,24810000,24810100,354,590,24820000,33239
7,2482,24820000,24820100,354,590,24830000,33254
7,2483,24830000,24830100,354,590,24840000,33264
7,2484,24840000,24840100,354,590,24850000,33281
7,2485,24850000,24850100,354,590,24860000,33294
7,2486,24860000,24860100,354,590,24870000,33306
7,2487,24870000,24870100,354,590,24880000,33317
7,2488,24880000,24880100,354,590,24890000,33336
7,2489,24890000,24890100,354,590,24900000,33346
7,249,2490000,2490100,354,590,2500000,3338
7,2490,24900000,24900100,354,590,24910000,33361
7,2491,24910000,24910100,354,590,24920000,33371
7,2492,24920000,24920100,354,590,24930000,33389
7,2493,24930000,24930100,354,590,24940000,33401
7,2494,24940000,24940100,354,590,24950000,33413
7,2495,24950000,24950100,354,590,24960000,33424
7,2496,24960000,24960100,354,590,24970000,33441
7,2497,24970000,24970100,354,590,24980000,33456
7,2498,24980000,24980100,354,590,24990000,33468
7,2499,24990000,24990100,354,590,25000000,33480
7,25,250000,250100,354,590,260000,337
7,250,2500000,2500100,354,590,2510000,3351
7,2500,25000000,25000100,354,590,25010000,33496
7,2501,25010000,25010100,354,590,25020000,33506
7,2502,25020000,25020100,354,590,25030000,33521
7,2503,25030000,25030100,354,590,25040000,33531
7,2504,25040000,25040100,354,590,25050000,33548
7,2505,25050000,25050100,354,590,25060000,33561
7,2506,25060000,25060100,354,590,25070000,33577
7,2507,25070000,25070100,354,590,25080000,33588
7,2508,25080000,25080100,354,590,25090000,33603
7,2509,25090000,25090100,354,590,25100000,33613
7,251,2510000,2510100,354,590,2520000,3361
7,2510,25100000,25100100,354,590,25110000,33626
7,2511,25110000,25110100,354,590,25120000,33638
7,2512,25120000,25120100,354,590,25130000,33658
7,2513,25130000,25130100,354,590,25140000,33670
7,2514,25140000,25140100,354,590,25150000,33682
7,2515,25150000,25150100,354,590,25160000,33695
7,2516,25160000,25160100,354,590,25170000,33710
7,2517,25170000,25170100,354,590,25180000,33721
7,2518,25180000,25180100,354,590,25190000,33733
7,2519,25190000,25190100,354,590,25200000,33743
7,252,2520000,2520100,354,590,2530000,3381
7,253,2530000,2530100,354,590,2540000,3391
7,254,2540000,2540100,354,590,2550000,3403
7,255,2550000,2550100,354,590,2560000,3416
7,256,2560000,2560100,354,590,2570000,3435
7,257,2570000,2570100,354,590,2580000,3446
7,258,2580000,2580100,354,590,2590000,3458
7,259,2590000,2590100,354,590,2600000,3470
7,26,260000,260100,354,590,270000,349
7,260,2600000,2600100,354,590,2610000,3486
7,261,2610000,2610100,354,590,2620000,3498
7,262,2620000,2620100,354,590,2630000,3513
7,263,2630000,2630100,354,590,2640000,3523
7,264,2640000,2640100,354,590,2650000,3540
7,265,2650000,2650100,354,590,2660000,3553
7,266,2660000,2660100,354,590,2670000,3567
7,267,2670000,2670100,354,590,2680000,3578
7,268,2680000,2680100,354,590,2690000,3593
7,269,2690000,2690100,354,590,2700000,3603
7,27,270000,270100,354,590,280000,362
7,270,2700000,2700100,354,590,2710000,3620
7,271,2710000,2710100,354,590,2720000,3630
7,272,2720000,2720100,354,590,2730000,3648
7,273,2730000,2730100,354,590,2740000,3660
7,274,2740000,2740100,354,590,2750000,3674
7,275,2750000,2750100,354,590,2760000,3685
7,276,2760000,2760100,354,590,2770000,3700
7,277,2770000,2770100,354,590,2780000,3713
7,278,2780000,2780100,354,590,2790000,3725
7,279,2790000,2790100,354,590,2800000,3737
7,28,280000,280100,354,590,290000,379
7,280,2800000,2800100,354,590,2810000,3757
7,281,2810000,2810100,354,590,2820000,3767
7,282,2820000,2820100,354,590,2830000,3780
7,283,2830000,2830100,354,590,2840000,3792
7,284,2840000,2840100,354,590,2850000,3807
7,285,2850000,2850100,354,590,2860000,3820
7,286,2860000,2860100,354,590,2870000,3832
7,287,2870000,2870100,354,590,2880000,3845
7,288,2880000,2880100,354,590,2890000,3864
7,289,2890000,2890100,354,590,2900000,3874
7,29,290000,290100,354,590,300000,389
7,290,2900000,2900100,354,590,2910000,3887
7,291,2910000,2910100,354,590,2920000,3897
7,292,2920000,2920100,354,590,2930000,3917
7,293,2930000,2930100,354,590,2940000,3927
7,294,2940000,2940100,354,590,2950000,3941
7,295,2950000,2950100,354,590,2960000,3952
7,296,2960000,2960100,354,590,2970000,3969
7,297,2970000,2970100,354,590,2980000,3982
7,298,2980000,2980100,354,590,2990000,3994
7,299,2990000,2990100,354,590,3000000,4004
7,3,30000,30100,354,590,40000,40
7,30,300000,300100,354,590,310000,404
7,300,3000000,3000100,354,590,3010000,4022
7,301,3010000,3010100,354,590,3020000,4036
7,302,3020000,3020100,354,590,3030000,4049
7,303,3030000,3030100,354,590,3040000,4059
7,304,3040000,3040100,354,590,3050000,4076
7,305,3050000,3050100,354,590,3060000,4087
7,306,3060000,3060100,354,590,3070000,4101
7,307,3070000,3070100,354,590,3080000,4114
7,308,3080000,3080100,354,590,3090000,4131
7,309,3090000,3090100,354,590,3100000,4141
7,31,310000,310100,354,590,320000,416
7,310,3100000,3100100,354,590,3110000,4156
7,311,3110000,3110100,354,590,3120000,4166
7,312,3120000,3120100,354,590,3130000,4184
7,313,3130000,3130100,354,590,3140000,4194
7,314,3140000,3140100,354,590,3150000,4206
7,315,3150000,3150100,354,590,3160000,4223
7,316,3160000,3160100,354,590,3170000,4238
7,317,3170000,3170100,354,590,3180000,4249
7,318,3180000,3180100,354,590,3190000,4261
7,319,3190000,3190100,354,590,3200000,4273
7,32,320000,320100,354,590,330000,434
7,320,3200000,3200100,354,590,3210000,4291
7,321,3210000,3210100,354,590,3220000,4301
7,322,3220000,3220100,354,590,3230000,4318
7,323,3230000,3230100,354,590,3240000,4328
7,324,3240000,3240100,354,590,3250000,4345
7,325,3250000,3250100,354,590,3260000,4356
7,326,3260000,3260100,354,590,3270000,4368
7,327,3270000,3270100,354,590,3280000,4379
7,328,3280000,3280100,354,590,3290000,4398
7,329,3290000,3290100,354,590,3300000,4410
7,33,330000,330100,354,590,340000,444
7,330,3300000,3300100,354,590,3310000,4425
7,331,3310000,3310100,354,590,3320000,4435
7,332,3320000,3320100,354,590,3330000,4451
7,333,3330000,3330100,354,590,3340000,4463
7,334,3340000,3340100,354,590,3350000,4475
7,335,3350000,3350100,354,590,3360000,4486
7,336,3360000,3360100,354,590,3370000,4505
7,337,3370000,3370100,354,590,3380000,4520
7,338,3380000,3380100,354,590,3390000,4532
7,339,3390000,3390100,354,590,3400000,4542
7,34,340000,340100,354,590,350000,456
7,340,3400000,3400100,354,590,3410000,4558
7,341,3410000,3410100,354,590,3420000,4568
7,342,3420000,3420100,354,590,3430000,4583
7,343,3430000,3430100,354,590,3440000,4595
7,344,3440000,3440100,354,590,3450000,4612
7,345,3450000,3450100,354,590,3460000,4625
7,346,3460000,3460100,354,590,3470000,4639
7,347,3470000,3470100,354,590,3480000,4650
7,348,3480000,3480100,354,590,3490000,4665
7,349,3490000,3490100,354,590,3500000,4675
7,35,350000,350100,354,590,360000,469
7,350,3500000,3500100,354,590,3510000,4690
7,351,3510000,3510100,354,590,3520000,4702
7,352,3520000,3520100,354,590,3530000,4722
7,353,3530000,3530100,354,590,3540000,4732
7,354,3540000,3540100,354,590,3550000,4744
7,355,3550000,3550100,354,590,3560000,4757
7,356,3560000,3560100,354,590,3570000,4772
7,357,3570000,3570100,354,590,3580000,4785
7,358,3580000,3580100,354,590,3590000,4797
7,359,3590000,3590100,354,590,3600000,4807
7,36,360000,360100,354,590,370000,486
7,360,3600000,3600100,354,590,3610000,4829
7,361,3610000,3610100,354,590,3620000,4839
7,362,3620000,3620100,354,590,3630000,4852
7,363,3630000,3630100,354,590,3640000,4862
7,364,3640000,3640100,354,590,3650000,4881
7,365,3650000,3650100,354,590,3660000,4892
7,366,3660000,3660100,354,590,3670000,4904
7,367,3670000,3670100,354,590,3680000,4917
7,368,3680000,3680100,354,590,3690000,4934
7,369,3690000,3690100,354,590,3700000,4946
7,37,370000,370100,354,590,380000,499
7,370,3700000,3700100,354,590,3710000,4959
7,371,3710000,3710100,354,590,3720000,4971
7,372,3720000,3720100,354,590,3730000,4987
7,373,3730000,3730100,354,590,3740000,4999
7,374,3740000,3740100,354,590,3750000,5011
7,375,3750000,3750100,354,590,3760000,5024
7,376,3760000,3760100,354,590,3770000,5041
7,377,3770000,3770100,354,590,3780000,5052
7,378,3780000,3780100,354,590,3790000,5068
7,379,3790000,3790100,354,590,3800000,5078
7,38,380000,380100,354,590,390000,511
7,380,3800000,3800100,354,590,3810000,5094
7,381,3810000,3810100,354,590,3820000,5104
7,382,3820000,3820100,354,590,3830000,5121
7,383,3830000,3830100,354,590,3840000,5131
7,384,3840000,3840100,354,590,3850000,5148
7,385,3850000,3850100,354,590,3860000,5161
7,386,3860000,3860100,354,590,3870000,5173
7,387,3870000,3870100,354,590,3880000,5186
7,388,3880000,3880100,354,590,3890000,5201
7,389,3890000,3890100,354,590,3900000,5211
7,39,390000,390100,354,590,400000,521
7,390,3900000,3900100,354,590,3910000,5226
7,391,3910000,3910100,354,590,3920000,5238
7,392,3920000,3920100,354,590,3930000,5258
7,393,3930000,3930100,354,590,3940000,5268
7,394,3940000,3940100,354,590,3950000,5280
7,395,3950000,3950100,354,590,3960000,5291
7,396,3960000,3960100,354,590,3970000,5308
7,397,3970000,3970100,354,590,3980000,5321
7,398,3980000,3980100,354,590,3990000,5333
7,399,3990000,3990100,354,590,4000000,5345
7,4,40000,40100,354,590,50000,57
7,40,400000,400100,354,590,410000,541
7,400,4000000,4000100,354,590,4010000,5365
7,401,4010000,4010100,354,590,4020000,5375
7,402,4020000,4020100,354,590,4030000,5388
7,403,4030000,4030100,354,590,4040000,5398
7,404,4040000,4040100,354,590,4050000,5413
7,405,4050000,4050100,354,590,4060000,5428
7,406,4060000,4060100,354,590,4070000,5442
7,407,4070000,4070100,354,590,4080000,5453
7,408,4080000,4080100,354,590,4090000,5470
7,409,4090000,4090100,354,590,4100000,5482
7,41,410000,410100,354,590,420000,551
7,410,4100000,4100100,354,590,4110000,5495
7,411,4110000,4110100,354,590,4120000,5505
7,412,4120000,4120100,354,590,4130000,5523
7,413,4130000,4130100,354,590,4140000,5535
7,414,4140000,4140100,354,590,4150000,5549
7,415,4150000,4150100,354,590,4160000,5560
7,416,4160000,4160100,354,590,4170000,5577
7,417,4170000,4170100,354,590,4180000,5588
7,418,4180000,4180100,354,590,4190000,5602
7,419,4190000,4190100,354,590,4200000,5612
7,42,420000,420100,354,590,430000,566
7,420,4200000,4200100,354,590,4210000,5632
7,421,4210000,4210100,354,590,4220000,5642
7,422,4220000,4220100,354,590,4230000,5655
7,423,4230000,4230100,354,590,4240000,5667
7,424,4240000,4240100,354,590,4250000,5684
7,425,4250000,4250100,354,590,4260000,5695
7,426,4260000,4260100,354,590,4270000,5707
7,427,4270000,4270100,354,590,4280000,5724
7,428,4280000,4280100,354,590,4290000,5739
7,429,4290000,4290100,354,590,4300000,5749
7,43,430000,430100,354,590,440000,576
7,430,4300000,4300100,354,590,4310000,5762
7,431,4310000,4310100,354,590,4320000,5772
7,432,4320000,4320100,354,590,4330000,5792
7,433,4330000,4330100,354,590,4340000,5802
7,434,4340000,4340100,354,590,4350000,5816
7,435,4350000,4350100,354,590,4360000,5829
7,436,4360000,4360100,354,590,4370000,5846
7,437,4370000,4370100,354,590,4380000,5857
7,438,4380000,4380100,354,590,4390000,5869
7,439,4390000,4390100,354,590,4400000,5879
7,44,440000,440100,354,590,450000,591
7,440,4400000,4400100,354,590,4410000,5897
7,441,4410000,4410100,354,590,4420000,5911
7,442,4420000,4420100,354,590,4430000,5926
7,443,4430000,4430100,354,590,4440000,5936
7,444,4440000,4440100,354,590,4450000,5951
7,445,4450000,4450100,354,590,4460000,5964
7,446,4460000,4460100,354,590,4470000,5976
7,447,4470000,4470100,354,590,4480000,5987
7,448,4480000,4480100,354,590,4490000,6006
7,449,4490000,4490100,354,590,4500000,6016
7,45,450000,450100,354,590,460000,606
7,450,4500000,4500100,354,590,4510000,6033
7,451,4510000,4510100,354,590,4520000,6043
7,452,4520000,4520100,354,590,4530000,6059
7,453,4530000,4530100,354,590,4540000,6069
7,454,4540000,4540100,354,590,4550000,6083
7,455,4550000,4550100,354,590,4560000,6096
7,456,4560000,4560100,354,590,4570000,6113
7,457,4570000,4570100,354,590,4580000,6126
7,458,4580000,4580100,354,590,4590000,6138
7,459,4590000,4590100,354,590,4600000,6150
7,46,460000,460100,354,590,470000,618
7,460,4600000,4600100,354,590,4610000,6166
7,461,4610000,4610100,354,590,4620000,6176
7,462,4620000,4620100,354,590,4630000,6191
7,463,4630000,4630100,354,590,4640000,6203
7,464,4640000,4640100,354,590,4650000,6220
7,465,4650000,4650100,354,590,4660000,6233
7,466,4660000,4660100,354,590,4670000,6245
7,467,4670000,4670100,354,590,4680000,6256
7,468,4680000,4680100,354,590,4690000,6273
7,469,4690000,4690100,354,590,4700000,6285
7,47,470000,470100,354,590,480000,629
7,470,4700000,4700100,354,590,4710000,6298
7,471,4710000,4710100,354,590,4720000,6308
7,472,4720000,4720100,354,590,4730000,6330
7,473,4730000,4730100,354,590,4740000,6340
7,474,4740000,4740100,354,590,4750000,6352
7,475,4750000,4750100,354,590,4760000,6363
7,476,4760000,4760100,354,590,4770000,6380
7,477,4770000,4770100,354,590,4780000,6393
7,478,4780000,4780100,354,590,4790000,6405
7,479,4790000,4790100,354,590,4800000,6415
7,48,480000,480100,354,590,490000,646
7,480,4800000,4800100,354,590,4810000,6435
7,481,4810000,4810100,354,590,4820000,6447
7,482,4820000,4820100,354,590,4830000,6460
7,483,4830000,4830100,354,590,4840000,6472
7,484,4840000,4840100,354,590,4850000,6487
7,485,4850000,4850100,354,590,4860000,6498
7,486,4860000,4860100,354,590,4870000,6512
7,487,4870000,4870100,354,590,4880000,6525
7,488,4880000,4880100,354,590,4890000,6542
7,489,4890000,4890100,354,590,4900000,6552
7,49,490000,490100,354,590,500000,660
7,490,4900000,4900100,354,590,4910000,6569
7,491,4910000,4910100,354,590,4920000,6579
7,492,4920000,4920100,354,590,4930000,6595
7,493,4930000,4930100,354,590,4940000,6605
7,494,4940000,4940100,354,590,4950000,6617
7,495,4950000,4950100,354,590,4960000,6632
7,496,4960000,4960100,354,590,4970000,6649
7,497,4970000,4970100,354,590,4980000,6662
7,498,4980000,4980100,354,590,4990000,6674
7,499,4990000,4990100,354,590,5000000,6686
7,5,50000,50100,354,590,60000,68
7,50,500000,500100,354,590,510000,673
7,500,5000000,5000100,354,590,5010000,6702
7,501,5010000,5010100,354,590,5020000,6712
7,502,5020000,5020100,354,590,5030000,6727
7,503,5030000,5030100,354,590,5040000,6737
7,504,5040000,5040100,354,590,5050000,6758
7,505,5050000,5050100,354,590,5060000,6769
7,506,5060000,5060100,354,590,5070000,6781
7,507,5070000,5070100,354,590,5080000,6792
7,508,5080000,5080100,354,590,5090000,6809
7,509,5090000,5090100,354,590,5100000,6819
7,51,510000,510100,354,590,520000,683
7,510,5100000,5100100,354,590,5110000,6834
7,511,5110000,5110100,354,590,5120000,6846
7,512,5120000,5120100,354,590,5130000,6864
7,513,5130000,5130100,354,590,5140000,6876
7,514,5140000,5140100,354,590,5150000,6888
7,515,5150000,5150100,354,590,5160000,6899
7,516,5160000,5160100,354,590,5170000,6914
7,517,5170000,5170100,354,590,5180000,6929
7,518,5180000,5180100,354,590,5190000,6943
7,519,5190000,5190100,354,590,5200000,6953
7,52,520000,520100,354,590,530000,701
7,520,5200000,5200100,354,590,5210000,6971
7,521,5210000,5210100,354,590,5220000,6981
7,522,5220000,5220100,354,590,5230000,6996
7,523,5230000,5230100,354,590,5240000,7006
7,524,5240000,5240100,354,590,5250000,7021
7,525,5250000,5250100,354,590,5260000,7036
7,526,5260000,5260100,354,590,5270000,7050
7,527,5270000,5270100,354,590,5280000,7061
7,528,5280000,5280100,354,590,5290000,7078
7,529,5290000,5290100,354,590,5300000,7088
7,53,530000,530100,354,590,540000,711
7,530,5300000,5300100,354,590,5310000,7101
7,531,5310000,5310100,354,590,5320000,7113
7,532,5320000,5320100,354,590,5330000,7133
7,533,5330000,5330100,354,590,5340000,7143
7,534,5340000,5340100,354,590,5350000,7155
7,535,5350000,5350100,354,590,5360000,7168
7,536,5360000,5360100,354,590,5370000,7185
7,537,5370000,5370100,354,590,5380000,7196
7,538,5380000,5380100,354,590,5390000,7208
7,539,5390000,5390100,354,590,5400000,7220
7,54,540000,540100,354,590,550000,725
7,540,5400000,5400100,354,590,5410000,7240
7,541,5410000,5410100,354,590,5420000,7250
7,542,5420000,5420100,354,590,5430000,7263
7,543,5430000,5430100,354,590,5440000,7273
7,544,5440000,5440100,354,590,5450000,7292
7,545,5450000,5450100,354,590,5460000,7303
7,546,5460000,5460100,354,590,5470000,7317
7,547,5470000,5470100,354,590,5480000,7330
7,548,5480000,5480100,354,590,5490000,7345
7,549,5490000,5490100,354,590,5500000,7357
7,55,550000,550100,354,590,560000,736
7,550,5500000,5500100,354,590,5510000,7370
7,551,5510000,5510100,354,590,5520000,7380
7,552,5520000,5520100,354,590,5530000,7398
7,553,5530000,5530100,354,590,5540000,7412
7,554,5540000,5540100,354,590,5550000,7424
7,555,5550000,5550100,354,590,5560000,7437
7,556,5560000,5560100,354,590,5570000,7452
7,557,5570000,5570100,354,590,5580000,7463
7,558,5580000,5580100,354,590,5590000,7477
7,559,5590000,5590100,354,590,5600000,7487
7,56,560000,560100,354,590,570000,755
7,560,5600000,5600100,354,590,5610000,7507
7,561,5610000,5610100,354,590,5620000,7517
7,562,5620000,5620100,354,590,5630000,7534
7,563,5630000,5630100,354,590,5640000,7544
7,564,5640000,5640100,354,590,5650000,7559
7,565,5650000,5650100,354,590,5660000,7570
7,566,5660000,5660100,354,590,5670000,7582
7,567,5670000,5670100,354,590,5680000,7597
7,568,5680000,5680100,354,590,5690000,7614
7,569,5690000,5690100,354,590,5700000,7624
7,57,570000,570100,354,590,580000,766
7,570,5700000,5700100,354,590,5710000,7639
7,571,5710000,5710100,354,590,5720000,7651
7,572,5720000,5720100,354,590,5730000,7667
7,573,5730000,5730100,354,590,5740000,7677
7,574,5740000,5740100,354,590,5750000,7691
7,575,5750000,5750100,354,590,5760000,7702
7,576,5760000,5760100,354,590,5770000,7721
7,577,5770000,5770100,354,590,5780000,7734
7,578,5780000,5780100,354,590,5790000,7746
7,579,5790000,5790100,354,590,5800000,7756
7,58,580000,580100,354,590,590000,780
7,580,5800000,5800100,354,590,5810000,7774
7,581,5810000,5810100,354,590,5820000,7786
7,582,5820000,5820100,354,590,5830000,7799
7,583,5830000,5830100,354,590,5840000,7809
7,584,5840000,5840100,354,590,5850000,7826
7,585,5850000,5850100,354,590,5860000,7841
7,586,5860000,5860100,354,590,5870000,7853
7,587,5870000,5870100,354,590,5880000,7864
7,588,5880000,5880100,354,590,5890000,7881
7,589,5890000,5890100,354,590,5900000,7893
7,59,590000,590100,354,590,600000,790
7,590,5900000,5900100,354,590,5910000,7906
7,591,5910000,5910100,354,590,5920000,7916
7,592,5920000,5920100,354,590,5930000,7936
7,593,5930000,5930100,354,590,5940000,7946
7,594,5940000,5940100,354,590,5950000,7960
7,595,5950000,5950100,354,590,5960000,7973
7,596,5960000,5960100,354,590,5970000,7988
7,597,5970000,5970100,354,590,5980000,7999
7,598,5980000,5980100,354,590,5990000,8013
7,599,5990000,5990100,354,590,6000000,8023
7,6,60000,60100,354,590,70000,80
7,60,600000,600100,354,590,610000,808
7,600,6000000,6000100,354,590,6010000,8043
7,601,6010000,6010100,354,590,6020000,8053
7,602,6020000,6020100,354,590,6030000,8068
7,603,6030000,6030100,354,590,6040000,8080
7,604,6040000,6040100,354,590,6050000,8095
7,605,6050000,6050100,354,590,6060000,8106
7,606,6060000,6060100,354,590,6070000,8118
7,607,6070000,6070100,354,590,6080000,8133
7,608,6080000,6080100,354,590,6090000,8150
7,609,6090000,6090100,354,590,6100000,8162
7,61,610000,610100,354,590,620000,818
7,610,6100000,6100100,354,590,6110000,8175
7,611,6110000,6110100,354,590,6120000,8185
7,612,6120000,6120100,354,590,6130000,8203
7,613,6130000,6130100,354,590,6140000,8213
7,614,6140000,6140100,354,590,6150000,8225
7,615,6150000,6150100,354,590,6160000,8238
7,616,6160000,6160100,354,590,6170000,8259
7,617,6170000,6170100,354,590,6180000,8270
7,618,6180000,6180100,354,590,6190000,8282
7,619,6190000,6190100,354,590,6200000,8292
7,62,620000,620100,354,590,630000,831
7,620,6200000,6200100,354,590,6210000,8308
7,621,6210000,6210100,354,590,6220000,8320
7,622,6220000,6220100,354,590,6230000,8335
7,623,6230000,6230100,354,590,6240000,8347
7,624,6240000,6240100,354,590,6250000,8364
7,625,6250000,6250100,354,590,6260000,8377
7,626,6260000,6260100,354,590,6270000,8389
7,627,6270000,6270100,354,590,6280000,8400
7,628,6280000,6280100,354,590,6290000,8415
7,629,6290000,6290100,354,590,6300000,8425
7,63,630000,630100,354,590,640000,845
7,630,6300000,6300100,354,590,6310000,8444
7,631,6310000,6310100,354,590,6320000,8454
7,632,6320000,6320100,354,590,6330000,8472
7,633,6330000,6330100,354,590,6340000,8482
7,634,6340000,6340100,354,590,6350000,8496
7,635,6350000,6350100,354,590,6360000,8507
7,636,6360000,6360100,354,590,6370000,8522
7,637,6370000,6370100,354,590,6380000,8537
7,638,6380000,6380100,354,590,6390000,8549
7,639,6390000,6390100,354,590,6400000,8561
7,64,640000,640100,354,590,650000,862
7,640,6400000,6400100,354,590,6410000,8579
7,641,6410000,6410100,354,590,6420000,8589
7,642,6420000,6420100,354,590,6430000,8602
7,643,6430000,6430100,354,590,6440000,8614
7,644,6440000,6440100,354,590,6450000,8631
7,645,6450000,6450100,354,590,6460000,8644
7,646,6460000,6460100,354,590,6470000,8656
7,647,6470000,6470100,354,590,6480000,8667
7,648,6480000,6480100,354,590,6490000,8686
7,649,6490000,6490100,354,590,6500000,8696
7,65,650000,650100,354,590,660000,873
7,650,6500000,6500100,354,590,6510000,8709
7,651,6510000,6510100,354,590,6520000,8721
7,652,6520000,6520100,354,590,6530000,8741
7,653,6530000,6530100,354,590,6540000,8751
7,654,6540000,6540100,354,590,6550000,8763
7,655,6550000,6550100,354,590,6560000,8774
7,656,6560000,6560100,354,590,6570000,8791
7,657,6570000,6570100,354,590,6580000,8804
7,658,6580000,6580100,354,590,6590000,8818
7,659,6590000,6590100,354,590,6600000,8828
7,66,660000,660100,354,590,670000,885
7,660,6600000,6600100,354,590,6610000,8846
7,661,6610000,6610100,354,590,6620000,8858
7,662,6620000,6620100,354,590,6630000,8871
7,663,6630000,6630100,354,590,6640000,8881
7,664,6640000,6640100,354,590,6650000,8898
7,665,6650000,6650100,354,590,6660000,8911
7,666,6660000,6660100,354,590,6670000,8925
7,667,6670000,6670100,354,590,6680000,8938
7,668,6680000,6680100,354,590,6690000,8953
7,669,6690000,6690100,354,590,6700000,8963
7,67,670000,670100,354,590,680000,900
7,670,6700000,6700100,354,590,6710000,8978
7,671,6710000,6710100,354,590,6720000,8988
7,672,6720000,6720100,354,590,6730000,9008
7,673,6730000,6730100,354,590,6740000,9018
7,674,6740000,6740100,354,590,6750000,9030
7,675,6750000,6750100,354,590,6760000,9045
7,676,6760000,6760100,354,590,6770000,9060
7,677,6770000,6770100,354,590,6780000,9071
7,678,6780000,6780100,354,590,6790000,9083
7,679,6790000,6790100,354,590,6800000,9097
7,68,680000,680100,354,590,690000,915
7,680,6800000,6800100,354,590,6810000,9115
7,681,6810000,6810100,354,590,6820000,9125
7,682,6820000,6820100,354,590,6830000,9140
7,683,6830000,6830100,354,590,6840000,9150
7,684,6840000,6840100,354,590,6850000,9167
7,685,6850000,6850100,354,590,6860000,9178
7,686,6860000,6860100,354,590,6870000,9192
7,687,6870000,6870100,354,590,6880000,9203
7,688,6880000,6880100,354,590,6890000,9222
7,689,6890000,6890100,354,590,6900000,9232
7,69,690000,690100,354,590,700000,925
7,690,6900000,6900100,354,590,6910000,9247
7,691,6910000,6910100,354,590,6920000,9257
7,692,6920000,6920100,354,590,6930000,9273
7,693,6930000,6930100,354,590,6940000,9287
7,694,6940000,6940100,354,590,6950000,9299
7,695,6950000,6950100,354,590,6960000,9310
7,696,6960000,6960100,354,590,6970000,9327
7,697,6970000,6970100,354,590,6980000,9342
7,698,6980000,6980100,354,590,6990000,9354
7,699,6990000,6990100,354,590,7000000,9364
7,7,70000,70100,354,590,80000,95
7,70,700000,700100,354,590,710000,940
7,700,7000000,7000100,354,590,7010000,9382
7,701,7010000,7010100,354,590,7020000,9392
7,702,7020000,7020100,354,590,7030000,9407
7,703,7030000,7030100,354,590,7040000,9417
7,704,7040000,7040100,354,590,7050000,9434
7,705,7050000,7050100,354,590,7060000,9447
7,706,7060000,7060100,354,590,7070000,9461
7,707,7070000,7070100,354,590,7080000,9474
7,708,7080000,7080100,354,590,7090000,9489
7,709,7090000,7090100,354,590,7100000,9499
7,71,710000,710100,354,590,720000,950
7,710,7100000,7100100,354,590,7110000,9512
7,711,7110000,7110100,354,590,7120000,9524
7,712,7120000,7120100,354,590,7130000,9544
7,713,7130000,7130100,354,590,7140000,9554
7,714,7140000,7140100,354,590,7150000,9568
7,715,7150000,7150100,354,590,7160000,9581
7,716,7160000,7160100,354,590,7170000,9596
7,717,7170000,7170100,354,590,7180000,9607
7,718,7180000,7180100,354,590,7190000,9619
7,719,7190000,7190100,354,590,7200000,9629
7,72,720000,720100,354,590,730000,970
7,720,7200000,7200100,354,590,7210000,9651
7,721,7210000,7210100,354,590,7220000,9663
7,722,7220000,7220100,354,590,7230000,9676
7,723,7230000,7230100,354,590,7240000,9686
7,724,7240000,7240100,354,590,7250000,9703
7,725,7250000,7250100,354,590,7260000,9714
7,726,7260000,7260100,354,590,7270000,9726
7,727,7270000,7270100,354,590,7280000,9739
7,728,7280000,7280100,354,590,7290000,9758
7,729,7290000,7290100,354,590,7300000,9770
7,73,730000,730100,354,590,740000,980
7,730,7300000,7300100,354,590,7310000,9783
7,731,7310000,7310100,354,590,7320000,9793
7,732,7320000,7320100,354,590,7330000,9809
7,733,7330000,7330100,354,590,7340000,9821
7,734,7340000,7340100,354,590,7350000,9833
7,735,7350000,7350100,354,590,7360000,9848
7,736,7360000,7360100,354,590,7370000,9865
7,737,7370000,7370100,354,590,7380000,9876
7,738,7380000,7380100,354,590,7390000,9890
7,739,7390000,7390100,354,590,7400000,9900
7,74,740000,740100,354,590,750000,992
7,740,7400000,7400100,354,590,7410000,9916
7,741,7410000,7410100,354,590,7420000,9926
7,742,7420000,7420100,354,590,7430000,9945
7,743,7430000,7430100,354,590,7440000,9955
7,744,7440000,7440100,354,590,7450000,9972
7,745,7450000,7450100,354,590,7460000,9983
7,746,7460000,7460100,354,590,7470000,9995
7,747,7470000,7470100,354,590,7480000,10008
7,748,7480000,7480100,354,590,7490000,10023
7,749,7490000,7490100,354,590,7500000,10035
7,75,750000,750100,354,590,760000,1005
7,750,7500000,7500100,354,590,7510000,10050
7,751,7510000,7510100,354,590,7520000,10062
7,752,7520000,7520100,354,590,7530000,10080
7,753,7530000,7530100,354,590,7540000,10090
7,754,7540000,7540100,354,590,7550000,10102
7,755,7550000,7550100,354,590,7560000,10113
7,756,7560000,7560100,354,590,7570000,10132
7,757,7570000,7570100,354,590,7580000,10145
7,758,7580000,7580100,354,590,7590000,10157
7,759,7590000,7590100,354,590,7600000,10167
7,76,760000,760100,354,590,770000,1022
7,760,7600000,7600100,354,590,7610000,10187
7,761,7610000,7610100,354,590,7620000,10197
7,762,7620000,7620100,354,590,7630000,10210
7,763,7630000,7630100,354,590,7640000,10222
7,764,7640000,7640100,354,590,7650000,10237
7,765,7650000,7650100,354,590,7660000,10252
7,766,7660000,7660100,354,590,7670000,10264
7,767,7670000,7670100,354,590,7680000,10275
7,768,7680000,7680100,354,590,7690000,10292
7,769,7690000,7690100,354,590,7700000,10304
7,77,770000,770100,354,590,780000,1035
7,770,7700000,7700100,354,590,7710000,10319
7,771,7710000,7710100,354,590,7720000,10329
7,772,7720000,7720100,354,590,7730000,10347
7,773,7730000,7730100,354,590,7740000,10357
7,774,7740000,7740100,354,590,7750000,10371
7,775,7750000,7750100,354,590,7760000,10382
7,776,7760000,7760100,354,590,7770000,10399
7,777,7770000,7770100,354,590,7780000,10412
7,778,7780000,7780100,354,590,7790000,10426
7,779,7790000,7790100,354,590,7800000,10436
7,78,780000,780100,354,590,790000,1047
7,780,7800000,7800100,354,590,7810000,10454
7,781,7810000,7810100,354,590,7820000,10464
7,782,7820000,7820100,354,590,7830000,10477
7,783,7830000,7830100,354,590,7840000,10489
7,784,7840000,7840100,354,590,7850000,10508
7,785,7850000,7850100,354,590,7860000,10519
7,786,7860000,7860100,354,590,7870000,10531
7,787,7870000,7870100,354,590,7880000,10546
7,788,7880000,7880100,354,590,7890000,10561
7,789,7890000,7890100,354,590,7900000,10571
7,79,790000,790100,354,590,800000,1057
7,790,7900000,7900100,354,590,7910000,10584
7,791,7910000,7910100,354,590,7920000,10596
7,792,7920000,7920100,354,590,7930000,10616
7,793,7930000,7930100,354,590,7940000,10626
7,794,7940000,7940100,354,590,7950000,10638
7,795,7950000,7950100,354,590,7960000,10651
7,796,7960000,7960100,354,590,7970000,10668
7,797,7970000,7970100,354,590,7980000,10679
7,798,7980000,7980100,354,590,7990000,10693
7,799,7990000,7990100,354,590,8000000,10703
7,8,80000,80100,354,590,90000,112
7,80,800000,800100,354,590,810000,1075
7,800,8000000,8000100,354,590,8010000,10721
7,801,8010000,8010100,354,590,8020000,10733
7,802,8020000,8020100,354,590,8030000,10748
7,803,8030000,8030100,354,590,8040000,10758
7,804,8040000,8040100,354,590,8050000,10773
7,805,8050000,8050100,354,590,8060000,10788
7,806,8060000,8060100,354,590,8070000,10800
7,807,8070000,8070100,354,590,8080000,10811
7,808,8080000,8080100,354,590,8090000,10828
7,809,8090000,8090100,354,590,8100000,10838
7,81,810000,810100,354,590,820000,1087
7,810,8100000,8100100,354,590,8110000,10855
7,811,8110000,8110100,354,590,8120000,10865
7,812,8120000,8120100,354,590,8130000,10883
7,813,8130000,8130100,354,590,8140000,10893
7,814,8140000,8140100,354,590,8150000,10907
7,815,8150000,8150100,354,590,8160000,10918
7,816,8160000,8160100,354,590,8170000,10935
7,817,8170000,8170100,354,590,8180000,10948
7,818,8180000,8180100,354,590,8190000,10960
7,819,8190000,8190100,354,590,8200000,10974
7,82,820000,820100,354,590,830000,1102
7,820,8200000,8200100,354,590,8210000,10990
7,821,8210000,8210100,354,590,8220000,11000
7,822,8220000,8220100,354,590,8230000,11013
7,823,8230000,8230100,354,590,8240000,11025
7,824,8240000,8240100,354,590,8250000,11042
7,825,8250000,8250100,354,590,8260000,11055
7,826,8260000,8260100,354,590,8270000,11069
7,827,8270000,8270100,354,590,8280000,11080
7,828,8280000,8280100,354,590,8290000,11097
7,829,8290000,8290100,354,590,8300000,11107
7,83,830000,830100,354,590,840000,1112
7,830,8300000,8300100,354,590,8310000,11120
7,831,8310000,8310100,354,590,8320000,11130
7,832,8320000,8320100,354,590,8330000,11152
7,833,8330000,8330100,354,590,8340000,11164
7,834,8340000,8340100,354,590,8350000,11176
7,835,8350000,8350100,354,590,8360000,11187
7,836,8360000,8360100,354,590,8370000,11202
7,837,8370000,8370100,354,590,8380000,11215
7,838,8380000,8380100,354,590,8390000,11227
7,839,8390000,8390100,354,590,8400000,11237
7,84,840000,840100,354,590,850000,1129
7,840,8400000,8400100,354,590,8410000,11259
7,841,8410000,8410100,354,590,8420000,11271
7,842,8420000,8420100,354,590,8430000,11284
7,843,8430000,8430100,354,590,8440000,11294
7,844,8440000,8440100,354,590,8450000,11309
7,845,8450000,8450100,354,590,8460000,11320
7,846,8460000,8460100,354,590,8470000,11334
7,847,8470000,8470100,354,590,8480000,11349
7,848,8480000,8480100,354,590,8490000,11366
7,849,8490000,8490100,354,590,8500000,11376
7,85,850000,850100,354,590,860000,1142
7,850,8500000,8500100,354,590,8510000,11391
7,851,8510000,8510100,354,590,8520000,11401
7,852,8520000,8520100,354,590,8530000,11417
7,853,8530000,8530100,354,590,8540000,11427
7,854,8540000,8540100,354,590,8550000,11441
7,855,8550000,8550100,354,590,8560000,11456
7,856,8560000,8560100,354,590,8570000,11473
7,857,8570000,8570100,354,590,8580000,11484
7,858,8580000,8580100,354,590,8590000,11496
7,859,8590000,8590100,354,590,8600000,11508
7,86,860000,860100,354,590,870000,1154
7,860,8600000,8600100,354,590,8610000,11524
7,861,8610000,8610100,354,590,8620000,11536
7,862,8620000,8620100,354,590,8630000,11551
7,863,8630000,8630100,354,590,8640000,11561
7,864,8640000,8640100,354,590,8650000,11580
7,865,8650000,8650100,354,590,8660000,11591
7,866,8660000,8660100,354,590,8670000,11603
7,867,8670000,8670100,354,590,8680000,11614
7,868,8680000,8680100,354,590,8690000,11633
7,869,8690000,8690100,354,590,8700000,11643
7,87,870000,870100,354,590,880000,1165
7,870,8700000,8700100,354,590,8710000,11658
7,871,8710000,8710100,354,590,8720000,11668
7,872,8720000,8720100,354,590,8730000,11686
7,873,8730000,8730100,354,590,8740000,11698
7,874,8740000,8740100,354,590,8750000,11710
7,875,8750000,8750100,354,590,8760000,11723
7,876,8760000,8760100,354,590,8770000,11738
7,877,8770000,8770100,354,590,8780000,11753
7,878,8780000,8780100,354,590,8790000,11765
7,879,8790000,8790100,354,590,8800000,11775
7,88,880000,880100,354,590,890000,1182
7,880,8800000,8800100,354,590,8810000,11793
7,881,8810000,8810100,354,590,8820000,11803
7,882,8820000,8820100,354,590,8830000,11820
7,883,8830000,8830100,354,590,8840000,11830
7,884,8840000,8840100,354,590,8850000,11845
7,885,8850000,8850100,354,590,8860000,11858
7,886,8860000,8860100,354,590,8870000,11872
7,887,8870000,8870100,354,590,8880000,11883
7,888,8880000,8880100,354,590,8890000,11900
7,889,8890000,8890100,354,590,8900000,11912
7,89,890000,890100,354,590,900000,1192
7,890,8900000,8900100,354,590,8910000,11925
7,891,8910000,8910100,354,590,8920000,11937
7,892,8920000,8920100,354,590,8930000,11955
7,893,8930000,8930100,354,590,8940000,11965
7,894,8940000,8940100,354,590,8950000,11977
7,895,8950000,8950100,354,590,8960000,11990
7,896,8960000,8960100,354,590,8970000,12009
7,897,8970000,8970100,354,590,8980000,12020
7,898,8980000,8980100,354,590,8990000,12032
7,899,8990000,8990100,354,590,9000000,12042
7,9,90000,90100,354,590,100000,124
7,90,900000,900100,354,590,910000,1209
7,900,9000000,9000100,354,590,9010000,12062
7,901,9010000,9010100,354,590,9020000,12072
7,902,9020000,9020100,354,590,9030000,12085
7,903,9030000,9030100,354,590,9040000,12097
7,904,9040000,9040100,354,590,9050000,12116
7,905,9050000,9050100,354,590,9060000,12127
7,906,9060000,9060100,354,590,9070000,12139
7,907,9070000,9070100,354,590,9080000,12152
7,908,9080000,9080100,354,590,9090000,12167
7,909,9090000,9090100,354,590,9100000,12179
7,91,910000,910100,354,590,920000,1221
7,910,9100000,9100100,354,590,9110000,12194
7,911,9110000,9110100,354,590,9120000,12204
7,912,9120000,9120100,354,590,9130000,12222
7,913,9130000,9130100,354,590,9140000,12234
7,914,9140000,9140100,354,590,9150000,12246
7,915,9150000,9150100,354,590,9160000,12259
7,916,9160000,9160100,354,590,9170000,12274
7,917,9170000,9170100,354,590,9180000,12287
7,918,9180000,9180100,354,590,9190000,12301
7,919,9190000,9190100,354,590,9200000,12311
7,92,920000,920100,354,590,930000,1237
7,920,9200000,9200100,354,590,9210000,12329
7,921,9210000,9210100,354,590,9220000,12339
7,922,9220000,9220100,354,590,9230000,12356
7,923,9230000,9230100,354,590,9240000,12366
7,924,9240000,9240100,354,590,9250000,12383
7,925,9250000,9250100,354,590,9260000,12394
7,926,9260000,9260100,354,590,9270000,12406
7,927,9270000,9270100,354,590,9280000,12419
7,928,9280000,9280100,354,590,9290000,12436
7,929,9290000,9290100,354,590,9300000,12446
7,93,930000,930100,354,590,940000,1247
7,930,9300000,9300100,354,590,9310000,12461
7,931,9310000,9310100,354,590,9320000,12475
7,932,9320000,9320100,354,590,9330000,12491
7,933,9330000,9330100,354,590,9340000,12501
7,934,9340000,9340100,354,590,9350000,12513
7,935,9350000,9350100,354,590,9360000,12524
7,936,9360000,9360100,354,590,9370000,12543
7,937,9370000,9370100,354,590,9380000,12556
7,938,9380000,9380100,354,590,9390000,12570
7,939,9390000,9390100,354,590,9400000,12580
7,94,940000,940100,354,590,950000,1261
7,940,9400000,9400100,354,590,9410000,12598
7,941,9410000,9410100,354,590,9420000,12608
7,942,9420000,9420100,354,590,9430000,12621
7,943,9430000,9430100,354,590,9440000,12631
7,944,9440000,9440100,354,590,9450000,12648
7,945,9450000,9450100,354,590,9460000,12665
7,946,9460000,9460100,354,590,9470000,12677
7,947,9470000,9470100,354,590,9480000,12688
7,948,9480000,9480100,354,590,9490000,12703
7,949,9490000,9490100,354,590,9500000,12715
7,95,950000,950100,354,590,960000,1272
7,950,9500000,9500100,354,590,9510000,12728
7,951,9510000,9510100,354,590,9520000,12738
7,952,9520000,9520100,354,590,9530000,12760
7,953,9530000,9530100,354,590,9540000,12770
7,954,9540000,9540100,354,590,9550000,12784
7,955,9550000,9550100,354,590,9560000,12795
7,956,9560000,9560100,354,590,9570000,12810
7,957,9570000,9570100,354,590,9580000,12821
7,958,9580000,9580100,354,590,9590000,12835
7,959,9590000,9590100,354,590,9600000,12847
7,96,960000,960100,354,590,970000,1289
7,960,9600000,9600100,354,590,9610000,12867
7,961,9610000,9610100,354,590,9620000,12877
7,962,9620000,9620100,354,590,9630000,12890
7,963,9630000,9630100,354,590,9640000,12902
7,964,9640000,9640100,354,590,9650000,12917
7,965,9650000,9650100,354,590,9660000,12928
7,966,9660000,9660100,354,590,9670000,12942
7,967,9670000,9670100,354,590,9680000,12957
7,968,9680000,9680100,354,590,9690000,12974
7,969,9690000,9690100,354,590,9700000,12984
7,97,970000,970100,354,590,980000,1302
7,970,9700000,9700100,354,590,9710000,12997
7,971,9710000,9710100,354,590,9720000,13007
7,972,9720000,9720100,354,590,9730000,13025
7,973,9730000,9730100,354,590,9740000,13037
7,974,9740000,9740100,354,590,9750000,13049
7,975,9750000,9750100,354,590,9760000,13062
7,976,9760000,9760100,354,590,9770000,13081
7,977,9770000,9770100,354,590,9780000,13092
7,978,9780000,9780100,354,590,9790000,13104
7,979,9790000,9790100,354,590,9800000,13114
7,98,980000,980100,354,590,990000,1316
7,980,9800000,9800100,354,590,9810000,13132
7,981,9810000,9810100,354,590,9820000,13144
7,982,9820000,9820100,354,590,9830000,13159
7,983,9830000,9830100,354,590,9840000,13169
7,984,9840000,9840100,354,590,9850000,13186
7,985,9850000,9850100,354,590,9860000,13199
7,986,9860000,9860100,354,590,9870000,13211
7,987,9870000,9870100,354,590,9880000,13224
7,988,9880000,9880100,354,590,9890000,13239
7,989,9890000,9890100,354,590,9900000,13249
7,99,990000,990100,354,590,1000000,1328
7,990,9900000,9900100,354,590,9910000,13266
7,991,9910000,9910100,354,590,9920000,13276
7,992,9920000,9920100,354,590,9930000,13294
7,993,9930000,9930100,354,590,9940000,13304
7,994,9940000,9940100,354,590,9950000,13320
7,995,9950000,9950100,354,590,9960000,13331
7,996,9960000,9960100,354,590,9970000,13346
7,997,9970000,9970100,354,590,9980000,13359
7,998,9980000,9980100,354,590,9990000,13371
7,999,9990000,9990100,354,590,10000000,13383
8,0,0,100,126,209,10000,8
8,1,10000,10100,126,209,20000,18
8,10,100000,100100,126,209,110000,138
8,100,1000000,1000100,126,209,1010000,1345
8,1000,10000000,10000100,126,209,10010000,13402
8,1001,10010000,10010100,126,209,10020000,13414
8,1002,10020000,10020100,126,209,10030000,13427
8,1003,10030000,10030100,126,209,10040000,13439
8,1004,10040000,10040100,126,209,10050000,13454
8,1005,10050000,10050100,126,209,10060000,13467
8,1006,10060000,10060100,126,209,10070000,13479
8,1007,10070000,10070100,126,209,10080000,13490
8,1008,10080000,10080100,126,209,10090000,13511
8,1009,10090000,10090100,126,209,10100000,13521
8,101,1010000,1010100,126,209,1020000,1355
8,1010,10100000,10100100,126,209,10110000,13534
8,1011,10110000,10110100,126,209,10120000,13544
8,1012,10120000,10120100,126,209,10130000,13564
8,1013,10130000,10130100,126,209,10140000,13574
8,1014,10140000,10140100,126,209,10150000,13586
8,1015,10150000,10150100,126,209,10160000,13599
8,1016,10160000,10160100,126,209,10170000,13616
8,1017,10170000,10170100,126,209,10180000,13629
8,1018,10180000,10180100,126,209,10190000,13641
8,1019,10190000,10190100,126,209,10200000,13651
8,102,1020000,1020100,126,209,1030000,1368
8,1020,10200000,10200100,126,209,10210000,13669
8,1021,10210000,10210100,126,209,10220000,13681
8,1022,10220000,10220100,126,209,10230000,13696
8,1023,10230000,10230100,126,209,10240000,13706
8,1024,10240000,10240100,126,209,10250000,13723
8,1025,10250000,10250100,126,209,10260000,13734
8,1026,10260000,10260100,126,209,10270000,13748
8,1027,10270000,10270100,126,209,10280000,13761
8,1028,10280000,10280100,126,209,10290000,13776
8,1029,10290000,10290100,126,209,10300000,13788
8,103,1030000,1030100,126,209,1040000,1380
8,1030,10300000,10300100,126,209,10310000,13803
8,1031,10310000,10310100,126,209,10320000,13813
8,1032,10320000,10320100,126,209,10330000,13831
8,1033,10330000,10330100,126,209,10340000,13841
8,1034,10340000,10340100,126,209,10350000,13853
8,1035,10350000,10350100,126,209,10360000,13868
8,1036,10360000,10360100,126,209,10370000,13885
8,1037,10370000,10370100,126,209,10380000,13896
8,1038,10380000,10380100,126,209,10390000,13908
8,1039,10390000,10390100,126,209,10400000,13920
8,104,1040000,1040100,126,209,1050000,1397
8,1040,10400000,10400100,126,209,10410000,13938
8,1041,10410000,10410100,126,209,10420000,13948
8,1042,10420000,10420100,126,209,10430000,13963
8,1043,10430000,10430100,126,209,10440000,13975
8,1044,10440000,10440100,126,209,10450000,13992
8,1045,10450000,10450100,126,209,10460000,14003
8,1046,10460000,10460100,126,209,10470000,14015
8,1047,10470000,10470100,126,209,10480000,14026
8,1048,10480000,10480100,126,209,10490000,14045
8,1049,10490000,10490100,126,209,10500000,14055
8,105,1050000,1050100,126,209,1060000,1412
8,1050,10500000,10500100,126,209,10510000,14072
8,1051,10510000,10510100,126,209,10520000,14082
8,1052,10520000,10520100,126,209,10530000,14098
8,1053,10530000,10530100,126,209,10540000,14110
8,1054,10540000,10540100,126,209,10550000,14122
8,1055,10550000,10550100,126,209,10560000,14133
8,1056,10560000,10560100,126,209,10570000,14150
8,1057,10570000,10570100,126,209,10580000,14167
8,1058,10580000,10580100,126,209,10590000,14179
8,1059,10590000,10590100,126,209,10600000,14189
8,106,1060000,1060100,126,209,1070000,1424
8,1060,10600000,10600100,126,209,10610000,14205
8,1061,10610000,10610100,126,209,10620000,14215
8,1062,10620000,10620100,126,209,10630000,14230
8,1063,10630000,10630100,126,209,10640000,14240
8,1064,10640000,10640100,126,209,10650000,14259
8,1065,10650000,10650100,126,209,10660000,14272
8,1066,10660000,10660100,126,209,10670000,14286
8,1067,10670000,10670100,126,209,10680000,14297
8,1068,10680000,10680100,126,209,10690000,14312
8,1069,10690000,10690100,126,209,10700000,14322
8,107,1070000,1070100,126,209,1080000,1435
8,1070,10700000,10700100,126,209,10710000,14335
8,1071,10710000,10710100,126,209,10720000,14349
8,1072,10720000,10720100,126,209,10730000,14369
8,1073,10730000,10730100,126,209,10740000,14379
8,1074,10740000,10740100,126,209,10750000,14391
8,1075,10750000,10750100,126,209,10760000,14404
8,1076,10760000,10760100,126,209,10770000,14419
8,1077,10770000,10770100,126,209,10780000,14430
8,1078,10780000,10780100,126,209,10790000,14444
8,1079,10790000,10790100,126,209,10800000,14454
8,108,1080000,1080100,126,209,1090000,1452
8,1080,10800000,10800100,126,209,10810000,14476
8,1081,10810000,10810100,126,209,10820000,14486
8,1082,10820000,10820100,126,209,10830000,14499
8,1083,10830000,10830100,126,209,10840000,14509
8,1084,10840000,10840100,126,209,10850000,14526
8,1085,10850000,10850100,126,209,10860000,14539
8,1086,10860000,10860100,126,209,10870000,14551
8,1087,10870000,10870100,126,209,10880000,14564
8,1088,10880000,10880100,126,209,10890000,14581
8,1089,10890000,10890100,126,209,10900000,14593
8,109,1090000,1090100,126,209,1100000,1462
8,1090,10900000,10900100,126,209,10910000,14606
8,1091,10910000,10910100,126,209,10920000,14616
8,1092,10920000,10920100,126,209,10930000,14634
8,1093,10930000,10930100,126,209,10940000,14646
8,1094,10940000,10940100,126,209,10950000,14658
8,1095,10950000,10950100,126,209,10960000,14671
8,1096,10960000,10960100,126,209,10970000,14688
8,1097,10970000,10970100,126,209,10980000,14699
8,1098,10980000,10980100,126,209,10990000,14713
8,1099,10990000,10990100,126,209,11000000,14725
8,11,110000,110100,126,209,120000,148
8,110,1100000,1100100,126,209,1110000,1475
8,1100,11000000,11000100,126,209,11010000,14741
8,1101,11010000,11010100,126,209,11020000,14751
8,1102,11020000,11020100,126,209,11030000,14768
8,1103,11030000,11030100,126,209,11040000,14778
8,1104,11040000,11040100,126,209,11050000,14795
8,1105,11050000,11050100,126,209,11060000,14806
8,1106,11060000,11060100,126,209,11070000,14820
8,1107,11070000,11070100,126,209,11080000,14833
8,1108,11080000,11080100,126,209,11090000,14848
8,1109,11090000,11090100,126,209,11100000,14858
8,111,1110000,1110100,126,209,1120000,1485
8,1110,11100000,11100100,126,209,11110000,14873
8,1111,11110000,11110100,126,209,11120000,14885
8,1112,11120000,11120100,126,209,11130000,14903
8,1113,11130000,11130100,126,209,11140000,14915
8,1114,11140000,11140100,126,209,11150000,14927
8,1115,11150000,11150100,126,209,11160000,14938
8,1116,11160000,11160100,126,209,11170000,14955
8,1117,11170000,11170100,126,209,11180000,14968
8,1118,11180000,11180100,126,209,11190000,14980
8,1119,11190000,11190100,126,209,11200000,14990
8,112,1120000,1120100,126,209,1130000,1509
8,1120,11200000,11200100,126,209,11210000,15012
8,1121,11210000,11210100,126,209,11220000,15022
8,1122,11220000,11220100,126,209,11230000,15035
8,1123,11230000,11230100,126,209,11240000,15045
8,1124,11240000,11240100,126,209,11250000,15060
8,1125,11250000,11250100,126,209,11260000,15075
8,1126,11260000,11260100,126,209,11270000,15087
8,1127,11270000,11270100,126,209,11280000,15100
8,1128,11280000,11280100,126,209,11290000,15117
8,1129,11290000,11290100,126,209,11300000,15129
8,113,1130000,1130100,126,209,1140000,1519
8,1130,11300000,11300100,126,209,11310000,15142
8,1131,11310000,11310100,126,209,11320000,15152
8,1132,11320000,11320100,126,209,11330000,15170
8,1133,11330000,11330100,126,209,11340000,15180
8,1134,11340000,11340100,126,209,11350000,15196
8,1135,11350000,11350100,126,209,11360000,15207
8,1136,11360000,11360100,126,209,11370000,15224
8,1137,11370000,11370100,126,209,11380000,15235
8,1138,11380000,11380100,126,209,11390000,15249
8,1139,11390000,11390100,126,209,11400000,15259
8,114,1140000,1140100,126,209,1150000,1531
8,1140,11400000,11400100,126,209,11410000,15277
8,1141,11410000,11410100,126,209,11420000,15289
8,1142,11420000,11420100,126,209,11430000,15302
8,1143,11430000,11430100,126,209,11440000,15314
8,1144,11440000,11440100,126,209,11450000,15331
8,1145,11450000,11450100,126,209,11460000,15342
8,1146,11460000,11460100,126,209,11470000,15354
8,1147,11470000,11470100,126,209,11480000,15369
8,1148,11480000,11480100,126,209,11490000,15386
8,1149,11490000,11490100,126,209,11500000,15396
8,115,1150000,1150100,126,209,1160000,1542
8,1150,11500000,11500100,126,209,11510000,15409
8,1151,11510000,11510100,126,209,11520000,15419
8,1152,11520000,11520100,126,209,11530000,15439
8,1153,11530000,11530100,126,209,11540000,15449
8,1154,11540000,11540100,126,209,11550000,15461
8,1155,11550000,11550100,126,209,11560000,15476
8,1156,11560000,11560100,126,209,11570000,15493
8,1157,11570000,11570100,126,209,11580000,15504
8,1158,11580000,11580100,126,209,11590000,15516
8,1159,11590000,11590100,126,209,11600000,15526
8,116,1160000,1160100,126,209,1170000,1557
8,1160,11600000,11600100,126,209,11610000,15544
8,1161,11610000,11610100,126,209,11620000,15556
8,1162,11620000,11620100,126,209,11630000,15573
8,1163,11630000,11630100,126,209,11640000,15583
8,1164,11640000,11640100,126,209,11650000,15598
8,1165,11650000,11650100,126,209,11660000,15611
8,1166,11660000,11660100,126,209,11670000,15623
8,1167,11670000,11670100,126,209,11680000,15634
8,1168,11680000,11680100,126,209,11690000,15651
8,1169,11690000,11690100,126,209,11700000,15663
8,117,1170000,1170100,126,209,1180000,1570
8,1170,11700000,11700100,126,209,11710000,15680
8,1171,11710000,11710100,126,209,11720000,15690
8,1172,11720000,11720100,126,209,11730000,15706
8,1173,11730000,11730100,126,209,11740000,15716
8,1174,11740000,11740100,126,209,11750000,15730
8,1175,11750000,11750100,126,209,11760000,15741
8,1176,11760000,11760100,126,209,11770000,15760
8,1177,11770000,11770100,126,209,11780000,15773
8,1178,11780000,11780100,126,209,11790000,15785
8,1179,11790000,11790100,126,209,11800000,15797
8,118,1180000,1180100,126,209,1190000,1582
8,1180,11800000,11800100,126,209,11810000,15813
8,1181,11810000,11810100,126,209,11820000,15823
8,1182,11820000,11820100,126,209,11830000,15836
8,1183,11830000,11830100,126,209,11840000,15850
8,1184,11840000,11840100,126,209,11850000,15867
8,1185,11850000,11850100,126,209,11860000,15880
8,1186,11860000,11860100,126,209,11870000,15892
8,1187,11870000,11870100,126,209,11880000,15903
8,1188,11880000,11880100,126,209,11890000,15920
8,1189,11890000,11890100,126,209,11900000,15930
8,119,1190000,1190100,126,209,1200000,1594
8,1190,11900000,11900100,126,209,11910000,15945
8,1191,11910000,11910100,126,209,11920000,15955
8,1192,11920000,11920100,126,209,11930000,15977
8,1193,11930000,11930100,126,209,11940000,15987
8,1194,11940000,11940100,126,209,11950000,15999
8,1195,11950000,11950100,126,209,11960000,16010
8,1196,11960000,11960100,126,209,11970000,16025
8,1197,11970000,11970100,126,209,11980000,16040
8,1198,11980000,11980100,126,209,11990000,16052
8,1199,11990000,11990100,126,209,12000000,16062
8,12,120000,120100,126,209,130000,164
8,120,1200000,1200100,126,209,1210000,1614
8,1200,12000000,12000100,126,209,12010000,16082
8,1201,12010000,12010100,126,209,12020000,16094
8,1202,12020000,12020100,126,209,12030000,16107
8,1203,12030000,12030100,126,209,12040000,16117
8,1204,12040000,12040100,126,209,12050000,16134
8,1205,12050000,12050100,126,209,12060000,16145
8,1206,12060000,12060100,126,209,12070000,16159
8,1207,12070000,12070100,126,209,12080000,16172
8,1208,12080000,12080100,126,209,12090000,16189
8,1209,12090000,12090100,126,209,12100000,16199
8,121,1210000,1210100,126,209,1220000,1626
8,1210,12100000,12100100,126,209,12110000,16214
8,1211,12110000,12110100,126,209,12120000,16226
8,1212,12120000,12120100,126,209,12130000,16242
8,1213,12130000,12130100,126,209,12140000,16252
8,1214,12140000,12140100,126,209,12150000,16264
8,1215,12150000,12150100,126,209,12160000,16279
8,1216,12160000,12160100,126,209,12170000,16296
8,1217,12170000,12170100,126,209,12180000,16307
8,1218,12180000,12180100,126,209,12190000,16321
8,1219,12190000,12190100,126,209,12200000,16333
8,122,1220000,1220100,126,209,1230000,1639
8,1220,12200000,12200100,126,209,12210000,16349
8,1221,12210000,12210100,126,209,12220000,16359
8,1222,12220000,12220100,126,209,12230000,16374
8,1223,12230000,12230100,126,209,12240000,16384
8,1224,12240000,12240100,126,209,12250000,16403
8,1225,12250000,12250100,126,209,12260000,16416
8,1226,12260000,12260100,126,209,12270000,16428
8,1227,12270000,12270100,126,209,12280000,16439
8,1228,12280000,12280100,126,209,12290000,16456
8,1229,12290000,12290100,126,209,12300000,16466
8,123,1230000,1230100,126,209,1240000,1649
8,1230,12300000,12300100,126,209,12310000,16481
8,1231,12310000,12310100,126,209,12320000,16491
8,1232,12320000,12320100,126,209,12330000,16511
8,1233,12330000,12330100,126,209,12340000,16523
8,1234,12340000,12340100,126,209,12350000,16535
8,1235,12350000,12350100,126,209,12360000,16546
8,1236,12360000,12360100,126,209,12370000,16561
8,1237,12370000,12370100,126,209,12380000,16576
8,1238,12380000,12380100,126,209,12390000,16588
8,1239,12390000,12390100,126,209,12400000,16600
8,124,1240000,1240100,126,209,1250000,1664
8,1240,12400000,12400100,126,209,12410000,16618
8,1241,12410000,12410100,126,209,12420000,16628
8,1242,12420000,12420100,126,209,12430000,16643
8,1243,12430000,12430100,126,209,12440000,16653
8,1244,12440000,12440100,126,209,12450000,16668
8,1245,12450000,12450100,126,209,12460000,16681
8,1246,12460000,12460100,126,209,12470000,16697
8,1247,12470000,12470100,126,209,12480000,16708
8,1248,12480000,12480100,126,209,12490000,16725
8,1249,12490000,12490100,126,209,12500000,16735
8,125,1250000,1250100,126,209,1260000,1675
8,1250,12500000,12500100,126,209,12510000,16748
8,1251,12510000,12510100,126,209,12520000,16760
8,1252,12520000,12520100,126,209,12530000,16778
8,1253,12530000,12530100,126,209,12540000,16790
8,1254,12540000,12540100,126,209,12550000,16802
8,1255,12550000,12550100,126,209,12560000,16815
8,1256,12560000,12560100,126,209,12570000,16832
8,1257,12570000,12570100,126,209,12580000,16843
8,1258,12580000,12580100,126,209,12590000,16855
8,1259,12590000,12590100,126,209,12600000,16865
8,126,1260000,1260100,126,209,1270000,1691
8,1260,12600000,12600100,126,209,12610000,16887
8,1261,12610000,12610100,126,209,12620000,16897
8,1262,12620000,12620100,126,209,12630000,16910
8,1263,12630000,12630100,126,209,12640000,16920
8,1264,12640000,12640100,126,209,12650000,16939
8,1265,12650000,12650100,126,209,12660000,16950
8,1266,12660000,12660100,126,209,12670000,16962
8,1267,12670000,12670100,126,209,12680000,16977
8,1268,12680000,12680100,126,209,12690000,16992
8,1269,12690000,12690100,126,209,12700000,17004
8,127,1270000,1270100,126,209,1280000,1704
8,1270,12700000,12700100,126,209,12710000,17017
8,1271,12710000,12710100,126,209,12720000,17027
8,1272,12720000,12720100,126,209,12730000,17045
8,1273,12730000,12730100,126,209,12740000,17057
8,1274,12740000,12740100,126,209,12750000,17071
8,1275,12750000,12750100,126,209,12760000,17084
8,1276,12760000,12760100,126,209,12770000,17099
8,1277,12770000,12770100,126,209,12780000,17110
8,1278,12780000,12780100,126,209,12790000,17124
8,1279,12790000,12790100,126,209,12800000,17134
8,128,1280000,1280100,126,209,1290000,1721
8,1280,12800000,12800100,126,209,12810000,17152
8,1281,12810000,12810100,126,209,12820000,17164
8,1282,12820000,12820100,126,209,12830000,17181
8,1283,12830000,12830100,126,209,12840000,17191
8,1284,12840000,12840100,126,209,12850000,17206
8,1285,12850000,12850100,126,209,12860000,17217
8,1286,12860000,12860100,126,209,12870000,17229
8,1287,12870000,12870100,126,209,12880000,17242
8,1288,12880000,12880100,126,209,12890000,17261
8,1289,12890000,12890100,126,209,12900000,17271
8,129,1290000,1290100,126,209,1300000,1731
8,1290,12900000,12900100,126,209,12910000,17286
8,1291,12910000,12910100,126,209,12920000,17298
8,1292,12920000,12920100,126,209,12930000,17314
8,1293,12930000,12930100,126,209,12940000,17324
8,1294,12940000,12940100,126,209,12950000,17336
8,1295,12950000,12950100,126,209,12960000,17349
8,1296,12960000,12960100,126,209,12970000,17368
8,1297,12970000,12970100,126,209,12980000,17381
8,1298,12980000,12980100,126,209,12990000,17393
8,1299,12990000,12990100,126,209,13000000,17403
8,13,130000,130100,126,209,140000,176
8,130,1300000,1300100,126,209,1310000,1746
8,1300,13000000,13000100,126,209,13010000,17421
8,1301,13010000,13010100,126,209,13020000,17431
8,1302,13020000,13020100,126,209,13030000,17446
8,1303,13030000,13030100,126,209,13040000,17456
8,1304,13040000,13040100,126,209,13050000,17473
8,1305,13050000,13050100,126,209,13060000,17488
8,1306,13060000,13060100,126,209,13070000,17500
8,1307,13070000,13070100,126,209,13080000,17511
8,1308,13080000,13080100,126,209,13090000,17526
8,1309,13090000,13090100,126,209,13100000,17540
8,131,1310000,1310100,126,209,1320000,1756
8,1310,13100000,13100100,126,209,13110000,17553
8,1311,13110000,13110100,126,209,13120000,17563
8,1312,13120000,13120100,126,209,13130000,17583
8,1313,13130000,13130100,126,209,13140000,17593
8,1314,13140000,13140100,126,209,13150000,17607
8,1315,13150000,13150100,126,209,13160000,17618
8,1316,13160000,13160100,126,209,13170000,17635
8,1317,13170000,13170100,126,209,13180000,17646
8,1318,13180000,13180100,126,209,13190000,17660
8,1319,13190000,13190100,126,209,13200000,17670
8,132,1320000,1320100,126,209,1330000,1772
8,1320,13200000,13200100,126,209,13210000,17690
8,1321,13210000,13210100,126,209,13220000,17700
8,1322,13220000,13220100,126,209,13230000,17713
8,1323,13230000,13230100,126,209,13240000,17727
8,1324,13240000,13240100,126,209,13250000,17742
8,1325,13250000,13250100,126,209,13260000,17753
8,1326,13260000,13260100,126,209,13270000,17765
8,1327,13270000,13270100,126,209,13280000,17780
8,1328,13280000,13280100,126,209,13290000,17797
8,1329,13290000,13290100,126,209,13300000,17807
8,133,1330000,1330100,126,209,1340000,1784
8,1330,13300000,13300100,126,209,13310000,17822
8,1331,13310000,13310100,126,209,13320000,17832
8,1332,13320000,13320100,126,209,13330000,17850
8,1333,13330000,13330100,126,209,13340000,17860
8,1334,13340000,13340100,126,209,13350000,17872
8,1335,13350000,13350100,126,209,13360000,17885
8,1336,13360000,13360100,126,209,13370000,17904
8,1337,13370000,13370100,126,209,13380000,17917
8,1338,13380000,13380100,126,209,13390000,17929
8,1339,13390000,13390100,126,209,13400000,17939
8,134,1340000,1340100,126,209,1350000,1796
8,1340,13400000,13400100,126,209,13410000,17955
8,1341,13410000,13410100,126,209,13420000,17967
8,1342,13420000,13420100,126,209,13430000,17982
8,1343,13430000,13430100,126,209,13440000,17992
8,1344,13440000,13440100,126,209,13450000,18011
8,1345,13450000,13450100,126,209,13460000,18024
8,1346,13460000,13460100,126,209,13470000,18036
8,1347,13470000,13470100,126,209,13480000,18047
8,1348,13480000,13480100,126,209,13490000,18062
8,1349,13490000,13490100,126,209,13500000,18072
8,135,1350000,1350100,126,209,1360000,1811
8,1350,13500000,13500100,126,209,13510000,18089
8,1351,13510000,13510100,126,209,13520000,18101
8,1352,13520000,13520100,126,209,13530000,18119
8,1353,13530000,13530100,126,209,13540000,18129
8,1354,13540000,13540100,126,209,13550000,18143
8,1355,13550000,13550100,126,209,13560000,18154
8,1356,13560000,13560100,126,209,13570000,18169
8,1357,13570000,13570100,126,209,13580000,18182
8,1358,13580000,13580100,126,209,13590000,18196
8,1359,13590000,13590100,126,209,13600000,18208
8,136,1360000,1360100,126,209,1370000,1828
8,1360,13600000,13600100,126,209,13610000,18226
8,1361,13610000,13610100,126,209,13620000,18236
8,1362,13620000,13620100,126,209,13630000,18249
8,1363,13630000,13630100,126,209,13640000,18261
8,1364,13640000,13640100,126,209,13650000,18276
8,1365,13650000,13650100,126,209,13660000,18291
8,1366,13660000,13660100,126,209,13670000,18303
8,1367,13670000,13670100,126,209,13680000,18314
8,1368,13680000,13680100,126,209,13690000,18333
8,1369,13690000,13690100,126,209,13700000,18343
8,137,1370000,1370100,126,209,1380000,1839
8,1370,13700000,13700100,126,209,13710000,18356
8,1371,13710000,13710100,126,209,13720000,18366
8,1372,13720000,13720100,126,209,13730000,18388
8,1373,13730000,13730100,126,209,13740000,18398
8,1374,13740000,13740100,126,209,13750000,18410
8,1375,13750000,13750100,126,209,13760000,18421
8,1376,13760000,13760100,126,209,13770000,18438
8,1377,13770000,13770100,126,209,13780000,18451
8,1378,13780000,13780100,126,209,13790000,18463
8,1379,13790000,13790100,126,209,13800000,18475
8,138,1380000,1380100,126,209,1390000,1851
8,1380,13800000,13800100,126,209,13810000,18493
8,1381,13810000,13810100,126,209,13820000,18505
8,1382,13820000,13820100,126,209,13830000,18518
8,1383,13830000,13830100,126,209,13840000,18528
8,1384,13840000,13840100,126,209,13850000,18545
8,1385,13850000,13850100,126,209,13860000,18556
8,1386,13860000,13860100,126,209,13870000,18572
8,1387,13870000,13870100,126,209,13880000,18585
8,1388,13880000,13880100,126,209,13890000,18600
8,1389,13890000,13890100,126,209,13900000,18610
8,139,1390000,1390100,126,209,1400000,1863
8,1390,13900000,13900100,126,209,13910000,18625
8,1391,13910000,13910100,126,209,13920000,18635
8,1392,13920000,13920100,126,209,13930000,18653
8,1393,13930000,13930100,126,209,13940000,18665
8,1394,13940000,13940100,126,209,13950000,18677
8,1395,13950000,13950100,126,209,13960000,18692
8,1396,13960000,13960100,126,209,13970000,18707
8,1397,13970000,13970100,126,209,13980000,18718
8,1398,13980000,13980100,126,209,13990000,18730
8,1399,13990000,13990100,126,209,14000000,18742
8,14,140000,140100,126,209,150000,190
8,140,1400000,1400100,126,209,1410000,1881
8,1400,14000000,14000100,126,209,14010000,18762
8,1401,14010000,14010100,126,209,14020000,18772
8,1402,14020000,14020100,126,209,14030000,18787
8,1403,14030000,14030100,126,209,14040000,18797
8,1404,14040000,14040100,126,209,14050000,18814
8,1405,14050000,14050100,126,209,14060000,18825
8,1406,14060000,14060100,126,209,14070000,18837
8,1407,14070000,14070100,126,209,14080000,18850
8,1408,14080000,14080100,126,209,14090000,18869
8,1409,14090000,14090100,126,209,14100000,18879
8,141,1410000,1410100,126,209,1420000,1891
8,1410,14100000,14100100,126,209,14110000,18894
8,1411,14110000,14110100,126,209,14120000,18904
8,1412,14120000,14120100,126,209,14130000,18920
8,1413,14130000,14130100,126,209,14140000,18932
8,1414,14140000,14140100,126,209,14150000,18946
8,1415,14150000,14150100,126,209,14160000,18957
8,1416,14160000,14160100,126,209,14170000,18974
8,1417,14170000,14170100,126,209,14180000,18989
8,1418,14180000,14180100,126,209,14190000,19001
8,1419,14190000,14190100,126,209,14200000,19011
8,142,1420000,1420100,126,209,1430000,1906
8,1420,14200000,14200100,126,209,14210000,19027
8,1421,14210000,14210100,126,209,14220000,19039
8,1422,14220000,14220100,126,209,14230000,19054
8,1423,14230000,14230100,126,209,14240000,19064
8,1424,14240000,14240100,126,209,14250000,19081
8,1425,14250000,14250100,126,209,14260000,19094
8,1426,14260000,14260100,126,209,14270000,19108
8,1427,14270000,14270100,126,209,14280000,19119
8,1428,14280000,14280100,126,209,14290000,19136
8,1429,14290000,14290100,126,209,14300000,19146
8,143,1430000,1430100,126,209,1440000,1916
8,1430,14300000,14300100,126,209,14310000,19159
8,1431,14310000,14310100,126,209,14320000,19171
8,1432,14320000,14320100,126,209,14330000,19191
8,1433,14330000,14330100,126,209,14340000,19201
8,1434,14340000,14340100,126,209,14350000,19213
8,1435,14350000,14350100,126,209,14360000,19228
8,1436,14360000,14360100,126,209,14370000,19243
8,1437,14370000,14370100,126,209,14380000,19254
8,1438,14380000,14380100,126,209,14390000,19266
8,1439,14390000,14390100,126,209,14400000,19276
8,144,1440000,1440100,126,209,1450000,1935
8,1440,14400000,14400100,126,209,14410000,19298
8,1441,14410000,14410100,126,209,14420000,19308
8,1442,14420000,14420100,126,209,14430000,19323
8,1443,14430000,14430100,126,209,14440000,19333
8,1444,14440000,14440100,126,209,14450000,19350
8,1445,14450000,14450100,126,209,14460000,19361
8,1446,14460000,14460100,126,209,14470000,19373
8,1447,14470000,14470100,126,209,14480000,19386
8,1448,14480000,14480100,126,209,14490000,19403
8,1449,14490000,14490100,126,209,14500000,19417
8,145,1450000,1450100,126,209,1460000,1946
8,1450,14500000,14500100,126,209,14510000,19430
8,1451,14510000,14510100,126,209,14520000,19440
8,1452,14520000,14520100,126,209,14530000,19456
8,1453,14530000,14530100,126,209,14540000,19468
8,1454,14540000,14540100,126,209,14550000,19480
8,1455,14550000,14550100,126,209,14560000,19493
8,1456,14560000,14560100,126,209,14570000,19512
8,1457,14570000,14570100,126,209,14580000,19523
8,1458,14580000,14580100,126,209,14590000,19537
8,1459,14590000,14590100,126,209,14600000,19547
8,146,1460000,1460100,126,209,1470000,1958
8,1460,14600000,14600100,126,209,14610000,19563
8,1461,14610000,14610100,126,209,14620000,19573
8,1462,14620000,14620100,126,209,14630000,19590
8,1463,14630000,14630100,126,209,14640000,19602
8,1464,14640000,14640100,126,209,14650000,19619
8,1465,14650000,14650100,126,209,14660000,19630
8,1466,14660000,14660100,126,209,14670000,19642
8,1467,14670000,14670100,126,209,14680000,19655
8,1468,14680000,14680100,126,209,14690000,19670
8,1469,14690000,14690100,126,209,14700000,19680
8,147,1470000,1470100,126,209,1480000,1971
8,1470,14700000,14700100,126,209,14710000,19697
8,1471,14710000,14710100,126,209,14720000,19709
8,1472,14720000,14720100,126,209,14730000,19727
8,1473,14730000,14730100,126,209,14740000,19737
8,1474,14740000,14740100,126,209,14750000,19749
8,1475,14750000,14750100,126,209,14760000,19760
8,1476,14760000,14760100,126,209,14770000,19777
8,1477,14770000,14770100,126,209,14780000,19792
8,1478,14780000,14780100,126,209,14790000,19804
8,1479,14790000,14790100,126,209,14800000,19814
8,148,1480000,1480100,126,209,1490000,1988
8,1480,14800000,14800100,126,209,14810000,19834
8,1481,14810000,14810100,126,209,14820000,19844
8,1482,14820000,14820100,126,209,14830000,19857
8,1483,14830000,14830100,126,209,14840000,19867
8,1484,14840000,14840100,126,209,14850000,19884
8,1485,14850000,14850100,126,209,14860000,19899
8,1486,14860000,14860100,126,209,14870000,19911
8,1487,14870000,14870100,126,209,14880000,19922
8,1488,14880000,14880100,126,209,14890000,19939
8,1489,14890000,14890100,126,209,14900000,19951
8,149,1490000,1490100,126,209,1500000,1998
8,1490,14900000,14900100,126,209,14910000,19964
8,1491,14910000,14910100,126,209,14920000,19976
8,1492,14920000,14920100,126,209,14930000,19994
8,1493,14930000,14930100,126,209,14940000,20004
8,1494,14940000,14940100,126,209,14950000,20018
8,1495,14950000,14950100,126,209,14960000,20029
8,1496,14960000,14960100,126,209,14970000,20046
8,1497,14970000,14970100,126,209,14980000,20057
8,1498,14980000,14980100,126,209,14990000,20073
8,1499,14990000,14990100,126,209,15000000,20083
8,15,150000,150100,126,209,160000,203
8,150,1500000,1500100,126,209,1510000,2013
8,1500,15000000,15000100,126,209,15010000,20101
8,1501,15010000,15010100,126,209,15020000,20111
8,1502,15020000,15020100,126,209,15030000,20124
8,1503,15030000,15030100,126,209,15040000,20136
8,1504,15040000,15040100,126,209,15050000,20153
8,1505,15050000,15050100,126,209,15060000,20166
8,1506,15060000,15060100,126,209,15070000,20178
8,1507,15070000,15070100,126,209,15080000,20193
8,1508,15080000,15080100,126,209,15090000,20208
8,1509,15090000,15090100,126,209,15100000,20218
8,151,1510000,1510100,126,209,1520000,2023
8,1510,15100000,15100100,126,209,15110000,20231
8,1511,15110000,15110100,126,209,15120000,20241
8,1512,15120000,15120100,126,209,15130000,20263
8,1513,15130000,15130100,126,209,15140000,20273
8,1514,15140000,15140100,126,209,15150000,20285
8,1515,15150000,15150100,126,209,15160000,20298
8,1516,15160000,15160100,126,209,15170000,20315
8,1517,15170000,15170100,126,209,15180000,20326
8,1518,15180000,15180100,126,209,15190000,20338
8,1519,15190000,15190100,126,209,15200000,20350
8,152,1520000,1520100,126,209,1530000,2041
8,1520,15200000,15200100,126,209,15210000,20368
8,1521,15210000,15210100,126,209,15220000,20380
8,1522,15220000,15220100,126,209,15230000,20395
8,1523,15230000,15230100,126,209,15240000,20405
8,1524,15240000,15240100,126,209,15250000,20420
8,1525,15250000,15250100,126,209,15260000,20433
8,1526,15260000,15260100,126,209,15270000,20447
8,1527,15270000,15270100,126,209,15280000,20458
8,1528,15280000,15280100,126,209,15290000,20475
8,1529,15290000,15290100,126,209,15300000,20485
8,153,1530000,1530100,126,209,1540000,2053
8,1530,15300000,15300100,126,209,15310000,20502
8,1531,15310000,15310100,126,209,15320000,20512
8,1532,15320000,15320100,126,209,15330000,20528
8,1533,15330000,15330100,126,209,15340000,20540
8,1534,15340000,15340100,126,209,15350000,20554
8,1535,15350000,15350100,126,209,15360000,20565
8,1536,15360000,15360100,126,209,15370000,20582
8,1537,15370000,15370100,126,209,15380000,20595
8,1538,15380000,15380100,126,209,15390000,20607
8,1539,15390000,15390100,126,209,15400000,20619
8,154,1540000,1540100,126,209,1550000,2067
8,1540,15400000,15400100,126,209,15410000,20637
8,1541,15410000,15410100,126,209,15420000,20647
8,1542,15420000,15420100,126,209,15430000,20660
8,1543,15430000,15430100,126,209,15440000,20672
8,1544,15440000,15440100,126,209,15450000,20689
8,1545,15450000,15450100,126,209,15460000,20702
8,1546,15460000,15460100,126,209,15470000,20714
8,1547,15470000,15470100,126,209,15480000,20727
8,1548,15480000,15480100,126,209,15490000,20744
8,1549,15490000,15490100,126,209,15500000,20754
8,155,1550000,1550100,126,209,1560000,2078
8,1550,15500000,15500100,126,209,15510000,20767
8,1551,15510000,15510100,126,209,15520000,20777
8,1552,15520000,15520100,126,209,15530000,20799
8,1553,15530000,15530100,126,209,15540000,20809
8,1554,15540000,15540100,126,209,15550000,20823
8,1555,15550000,15550100,126,209,15560000,20834
8,1556,15560000,15560100,126,209,15570000,20849
8,1557,15570000,15570100,126,209,15580000,20862
8,1558,15580000,15580100,126,209,15590000,20874
8,1559,15590000,15590100,126,209,15600000,20884
8,156,1560000,1560100,126,209,1570000,2093
8,1560,15600000,15600100,126,209,15610000,20904
8,1561,15610000,15610100,126,209,15620000,20918
8,1562,15620000,15620100,126,209,15630000,20931
8,1563,15630000,15630100,126,209,15640000,20941
8,1564,15640000,15640100,126,209,15650000,20956
8,1565,15650000,15650100,126,209,15660000,20967
8,1566,15660000,15660100,126,209,15670000,20981
8,1567,15670000,15670100,126,209,15680000,20994
8,1568,15680000,15680100,126,209,15690000,21013
8,1569,15690000,15690100,126,209,15700000,21023
8,157,1570000,1570100,126,209,1580000,2108
8,1570,15700000,15700100,126,209,15710000,21038
8,1571,15710000,15710100,126,209,15720000,21048
8,1572,15720000,15720100,126,209,15730000,21064
8,1573,15730000,15730100,126,209,15740000,21074
8,1574,15740000,15740100,126,209,15750000,21086
8,1575,15750000,15750100,126,209,15760000,21103
8,1576,15760000,15760100,126,209,15770000,21120
8,1577,15770000,15770100,126,209,15780000,21131
8,1578,15780000,15780100,126,209,15790000,21143
8,1579,15790000,15790100,126,209,15800000,21155
8,158,1580000,1580100,126,209,1590000,2120
8,1580,15800000,15800100,126,209,15810000,21171
8,1581,15810000,15810100,126,209,15820000,21181
8,1582,15820000,15820100,126,209,15830000,21198
8,1583,15830000,15830100,126,209,15840000,21208
8,1584,15840000,15840100,126,209,15850000,21227
8,1585,15850000,15850100,126,209,15860000,21238
8,1586,15860000,15860100,126,209,15870000,21250
8,1587,15870000,15870100,126,209,15880000,21261
8,1588,15880000,15880100,126,209,15890000,21278
8,1589,15890000,15890100,126,209,15900000,21290
8,159,1590000,1590100,126,209,1600000,2130
8,1590,15900000,15900100,126,209,15910000,21305
8,1591,15910000,15910100,126,209,15920000,21315
8,1592,15920000,15920100,126,209,15930000,21333
8,1593,15930000,15930100,126,209,15940000,21345
8,1594,15940000,15940100,126,209,15950000,21357
8,1595,15950000,15950100,126,209,15960000,21368
8,1596,15960000,15960100,126,209,15970000,21385
8,1597,15970000,15970100,126,209,15980000,21400
8,1598,15980000,15980100,126,209,15990000,21412
8,1599,15990000,15990100,126,209,16000000,21422
8,16,160000,160100,126,209,170000,220
8,160,1600000,1600100,126,209,1610000,2148
8,1600,16000000,16000100,126,209,16010000,21440
8,1601,16010000,16010100,126,209,16020000,21450
8,1602,16020000,16020100,126,209,16030000,21465
8,1603,16030000,16030100,126,209,16040000,21477
8,1604,16040000,16040100,126,209,16050000,21492
8,1605,16050000,16050100,126,209,16060000,21505
8,1606,16060000,16060100,126,209,16070000,21519
8,1607,16070000,16070100,126,209,16080000,21530
8,1608,16080000,16080100,126,209,16090000,21547
8,1609,16090000,16090100,126,209,16100000,21557
8,161,1610000,1610100,126,209,1620000,2160
8,1610,16100000,16100100,126,209,16110000,21572
8,1611,16110000,16110100,126,209,16120000,21584
8,1612,16120000,16120100,126,209,16130000,21602
8,1613,16130000,16130100,126,209,16140000,21612
8,1614,16140000,16140100,126,209,16150000,21624
8,1615,16150000,16150100,126,209,16160000,21637
8,1616,16160000,16160100,126,209,16170000,21654
8,1617,16170000,16170100,126,209,16180000,21667
8,1618,16180000,16180100,126,209,16190000,21679
8,1619,16190000,16190100,126,209,16200000,21689
8,162,1620000,1620100,126,209,1630000,2175
8,1620,16200000,16200100,126,209,16210000,21709
8,1621,16210000,16210100,126,209,16220000,21719
8,1622,16220000,16220100,126,209,16230000,21732
8,1623,16230000,16230100,126,209,16240000,21742
8,1624,16240000,16240100,126,209,16250000,21763
8,1625,16250000,16250100,126,209,16260000,21774
8,1626,16260000,16260100,126,209,16270000,21786
8,1627,16270000,16270100,126,209,16280000,21799
8,1628,16280000,16280100,126,209,16290000,21814
8,1629,16290000,16290100,126,209,16300000,21826
8,163,1630000,1630100,126,209,1640000,2185
8,1630,16300000,16300100,126,209,16310000,21839
8,1631,16310000,16310100,126,209,16320000,21851
8,1632,16320000,16320100,126,209,16330000,21869
8,1633,16330000,16330100,126,209,16340000,21881
8,1634,16340000,16340100,126,209,16350000,21893
8,1635,16350000,16350100,126,209,16360000,21906
8,1636,16360000,16360100,126,209,16370000,21921
8,1637,16370000,16370100,126,209,16380000,21932
8,1638,16380000,16380100,126,209,16390000,21948
8,1639,16390000,16390100,126,209,16400000,21958
8,164,1640000,1640100,126,209,1650000,2200
8,1640,16400000,16400100,126,209,16410000,21976
8,1641,16410000,16410100,126,209,16420000,21986
8,1642,16420000,16420100,126,209,16430000,22003
8,1643,16430000,16430100,126,209,16440000,22013
8,1644,16440000,16440100,126,209,16450000,22028
8,1645,16450000,16450100,126,209,16460000,22041
8,1646,16460000,16460100,126,209,16470000,22053
8,1647,16470000,16470100,126,209,16480000,22066
8,1648,16480000,16480100,126,209,16490000,22083
8,1649,16490000,16490100,126,209,16500000,22093
8,165,1650000,1650100,126,209,1660000,2213
8,1650,16500000,16500100,126,209,16510000,22108
8,1651,16510000,16510100,126,209,16520000,22120
8,1652,16520000,16520100,126,209,16530000,22138
8,1653,16530000,16530100,126,209,16540000,22148
8,1654,16540000,16540100,126,209,16550000,22160
8,1655,16550000,16550100,126,209,16560000,22171
8,1656,16560000,16560100,126,209,16570000,22190
8,1657,16570000,16570100,126,209,16580000,22203
8,1658,16580000,16580100,126,209,16590000,22215
8,1659,16590000,16590100,126,209,16600000,22227
8,166,1660000,1660100,126,209,1670000,2227
8,1660,16600000,16600100,126,209,16610000,22245
8,1661,16610000,16610100,126,209,16620000,22255
8,1662,16620000,16620100,126,209,16630000,22268
8,1663,16630000,16630100,126,209,16640000,22278
8,1664,16640000,16640100,126,209,16650000,22295
8,1665,16650000,16650100,126,209,16660000,22310
8,1666,16660000,16660100,126,209,16670000,22324
8,1667,16670000,16670100,126,209,16680000,22335
8,1668,16680000,16680100,126,209,16690000,22350
8,1669,16690000,16690100,126,209,16700000,22362
8,167,1670000,1670100,126,209,1680000,2238
8,1670,16700000,16700100,126,209,16710000,22375
8,1671,16710000,16710100,126,209,16720000,22385
8,1672,16720000,16720100,126,209,16730000,22405
8,1673,16730000,16730100,126,209,16740000,22417
8,1674,16740000,16740100,126,209,16750000,22431
8,1675,16750000,16750100,126,209,16760000,22442
8,1676,16760000,16760100,126,209,16770000,22457
8,1677,16770000,16770100,126,209,16780000,22468
8,1678,16780000,16780100,126,209,16790000,22482
8,1679,16790000,16790100,126,209,16800000,22492
8,168,1680000,1680100,126,209,1690000,2257
8,1680,16800000,16800100,126,209,16810000,22514
8,1681,16810000,16810100,126,209,16820000,22524
8,1682,16820000,16820100,126,209,16830000,22537
8,1683,16830000,16830100,126,209,16840000,22549
8,1684,16840000,16840100,126,209,16850000,22564
8,1685,16850000,16850100,126,209,16860000,22575
8,1686,16860000,16860100,126,209,16870000,22587
8,1687,16870000,16870100,126,209,16880000,22604
8,1688,16880000,16880100,126,209,16890000,22621
8,1689,16890000,16890100,126,209,16900000,22631
8,169,1690000,1690100,126,209,1700000,2267
8,1690,16900000,16900100,126,209,16910000,22644
8,1691,16910000,16910100,126,209,16920000,22654
8,1692,16920000,16920100,126,209,16930000,22672
8,1693,16930000,16930100,126,209,16940000,22682
8,1694,16940000,16940100,126,209,16950000,22696
8,1695,16950000,16950100,126,209,16960000,22709
8,1696,16960000,16960100,126,209,16970000,22728
8,1697,16970000,16970100,126,209,16980000,22739
8,1698,16980000,16980100,126,209,16990000,22751
8,1699,16990000,16990100,126,209,17000000,22761
8,17,170000,170100,126,209,180000,231
8,170,1700000,1700100,126,209,1710000,2280
8,1700,17000000,17000100,126,209,17010000,22777
8,1701,17010000,17010100,126,209,17020000,22791
8,1702,17020000,17020100,126,209,17030000,22806
8,1703,17030000,17030100,126,209,17040000,22816
8,1704,17040000,17040100,126,209,17050000,22833
8,1705,17050000,17050100,126,209,17060000,22846
8,1706,17060000,17060100,126,209,17070000,22858
8,1707,17070000,17070100,126,209,17080000,22869
8,1708,17080000,17080100,126,209,17090000,22886
8,1709,17090000,17090100,126,209,17100000,22896
8,171,1710000,1710100,126,209,1720000,2292
8,1710,17100000,17100100,126,209,17110000,22913
8,1711,17110000,17110100,126,209,17120000,22923
8,1712,17120000,17120100,126,209,17130000,22941
8,1713,17130000,17130100,126,209,17140000,22951
8,1714,17140000,17140100,126,209,17150000,22965
8,1715,17150000,17150100,126,209,17160000,22978
8,1716,17160000,17160100,126,209,17170000,22993
8,1717,17170000,17170100,126,209,17180000,23006
8,1718,17180000,17180100,126,209,17190000,23018
8,1719,17190000,17190100,126,209,17200000,23030
8,172,1720000,1720100,126,209,1730000,2310
8,1720,17200000,17200100,126,209,17210000,23048
8,1721,17210000,17210100,126,209,17220000,23058
8,1722,17220000,17220100,126,209,17230000,23073
8,1723,17230000,17230100,126,209,17240000,23085
8,1724,17240000,17240100,126,209,17250000,23100
8,1725,17250000,17250100,126,209,17260000,23113
8,1726,17260000,17260100,126,209,17270000,23125
8,1727,17270000,17270100,126,209,17280000,23136
8,1728,17280000,17280100,126,209,17290000,23155
8,1729,17290000,17290100,126,209,17300000,23167
8,173,1730000,1730100,126,209,1740000,2320
8,1730,17300000,17300100,126,209,17310000,23180
8,1731,17310000,17310100,126,209,17320000,23190
8,1732,17320000,17320100,126,209,17330000,23210
8,1733,17330000,17330100,126,209,17340000,23220
8,1734,17340000,17340100,126,209,17350000,23232
8,1735,17350000,17350100,126,209,17360000,23243
8,1736,17360000,17360100,126,209,17370000,23262
8,1737,17370000,17370100,126,209,17380000,23275
8,1738,17380000,17380100,126,209,17390000,23287
8,1739,17390000,17390100,126,209,17400000,23297
8,174,1740000,1740100,126,209,1750000,2332
8,1740,17400000,17400100,126,209,17410000,23315
8,1741,17410000,17410100,126,209,17420000,23327
8,1742,17420000,17420100,126,209,17430000,23340
8,1743,17430000,17430100,126,209,17440000,23352
8,1744,17440000,17440100,126,209,17450000,23369
8,1745,17450000,17450100,126,209,17460000,23380
8,1746,17460000,17460100,126,209,17470000,23394
8,1747,17470000,17470100,126,209,17480000,23407
8,1748,17480000,17480100,126,209,17490000,23422
8,1749,17490000,17490100,126,209,17500000,23432
8,175,1750000,1750100,126,209,1760000,2347
8,1750,17500000,17500100,126,209,17510000,23449
8,1751,17510000,17510100,126,209,17520000,23459
8,1752,17520000,17520100,126,209,17530000,23477
8,1753,17530000,17530100,126,209,17540000,23487
8,1754,17540000,17540100,126,209,17550000,23499
8,1755,17550000,17550100,126,209,17560000,23514
8,1756,17560000,17560100,126,209,17570000,23529
8,1757,17570000,17570100,126,209,17580000,23542
8,1758,17580000,17580100,126,209,17590000,23554
8,1759,17590000,17590100,126,209,17600000,23566
8,176,1760000,1760100,126,209,1770000,2364
8,1760,17600000,17600100,126,209,17610000,23584
8,1761,17610000,17610100,126,209,17620000,23594
8,1762,17620000,17620100,126,209,17630000,23609
8,1763,17630000,17630100,126,209,17640000,23619
8,1764,17640000,17640100,126,209,17650000,23638
8,1765,17650000,17650100,126,209,17660000,23649
8,1766,17660000,17660100,126,209,17670000,23661
8,1767,17670000,17670100,126,209,17680000,23672
8,1768,17680000,17680100,126,209,17690000,23691
8,1769,17690000,17690100,126,209,17700000,23701
8,177,1770000,1770100,126,209,1780000,2375
8,1770,17700000,17700100,126,209,17710000,23716
8,1771,17710000,17710100,126,209,17720000,23728
8,1772,17720000,17720100,126,209,17730000,23744
8,1773,17730000,17730100,126,209,17740000,23756
8,1774,17740000,17740100,126,209,17750000,23768
8,1775,17750000,17750100,126,209,17760000,23779
8,1776,17760000,17760100,126,209,17770000,23796
8,1777,17770000,17770100,126,209,17780000,23811
8,1778,17780000,17780100,126,209,17790000,23825
8,1779,17790000,17790100,126,209,17800000,23835
8,178,1780000,1780100,126,209,1790000,2387
8,1780,17800000,17800100,126,209,17810000,23851
8,1781,17810000,17810100,126,209,17820000,23861
8,1782,17820000,17820100,126,209,17830000,23876
8,1783,17830000,17830100,126,209,17840000,23886
8,1784,17840000,17840100,126,209,17850000,23903
8,1785,17850000,17850100,126,209,17860000,23918
8,1786,17860000,17860100,126,209,17870000,23932
8,1787,17870000,17870100,126,209,17880000,23943
8,1788,17880000,17880100,126,209,17890000,23958
8,1789,17890000,17890100,126,209,17900000,23968
8,179,1790000,1790100,126,209,1800000,2397
8,1790,17900000,17900100,126,209,17910000,23981
8,1791,17910000,17910100,126,209,17920000,23993
8,1792,17920000,17920100,126,209,17930000,24015
8,1793,17930000,17930100,126,209,17940000,24025
8,1794,17940000,17940100,126,209,17950000,24037
8,1795,17950000,17950100,126,209,17960000,24050
8,1796,17960000,17960100,126,209,17970000,24065
8,1797,17970000,17970100,126,209,17980000,24076
8,1798,17980000,17980100,126,209,17990000,24088
8,1799,17990000,17990100,126,209,18000000,24100
8,18,180000,180100,126,209,190000,245
8,180,1800000,1800100,126,209,1810000,2417
8,1800,18000000,18000100,126,209,18010000,24122
8,1801,18010000,18010100,126,209,18020000,24132
8,1802,18020000,18020100,126,209,18030000,24145
8,1803,18030000,18030100,126,209,18040000,24155
8,1804,18040000,18040100,126,209,18050000,24172
8,1805,18050000,18050100,126,209,18060000,24183
8,1806,18060000,18060100,126,209,18070000,24197
8,1807,18070000,18070100,126,209,18080000,24210
8,1808,18080000,18080100,126,209,18090000,24227
8,1809,18090000,18090100,126,209,18100000,24239
8,181,1810000,1810100,126,209,1820000,2427
8,1810,18100000,18100100,126,209,18110000,24252
8,1811,18110000,18110100,126,209,18120000,24262
8,1812,18120000,18120100,126,209,18130000,24278
8,1813,18130000,18130100,126,209,18140000,24292
8,1814,18140000,18140100,126,209,18150000,24304
8,1815,18150000,18150100,126,209,18160000,24317
8,1816,18160000,18160100,126,209,18170000,24334
8,1817,18170000,18170100,126,209,18180000,24345
8,1818,18180000,18180100,126,209,18190000,24359
8,1819,18190000,18190100,126,209,18200000,24369
8,182,1820000,1820100,126,209,1830000,2442
8,1820,18200000,18200100,126,209,18210000,24387
8,1821,18210000,18210100,126,209,18220000,24397
8,1822,18220000,18220100,126,209,18230000,24414
8,1823,18230000,18230100,126,209,18240000,24424
8,1824,18240000,18240100,126,209,18250000,24441
8,1825,18250000,18250100,126,209,18260000,24452
8,1826,18260000,18260100,126,209,18270000,24464
8,1827,18270000,18270100,126,209,18280000,24479
8,1828,18280000,18280100,126,209,18290000,24494
8,1829,18290000,18290100,126,209,18300000,24504
8,183,1830000,1830100,126,209,1840000,2452
8,1830,18300000,18300100,126,209,18310000,24519
8,1831,18310000,18310100,126,209,18320000,24531
8,1832,18320000,18320100,126,209,18330000,24549
8,1833,18330000,18330100,126,209,18340000,24559
8,1834,18340000,18340100,126,209,18350000,24573
8,1835,18350000,18350100,126,209,18360000,24584
8,1836,18360000,18360100,126,209,18370000,24601
8,1837,18370000,18370100,126,209,18380000,24614
8,1838,18380000,18380100,126,209,18390000,24626
8,1839,18390000,18390100,126,209,18400000,24636
8,184,1840000,1840100,126,209,1850000,2471
8,1840,18400000,18400100,126,209,18410000,24656
8,1841,18410000,18410100,126,209,18420000,24668
8,1842,18420000,18420100,126,209,18430000,24681
8,1843,18430000,18430100,126,209,18440000,24691
8,1844,18440000,18440100,126,209,18450000,24706
8,1845,18450000,18450100,126,209,18460000,24721
8,1846,18460000,18460100,126,209,18470000,24733
8,1847,18470000,18470100,126,209,18480000,24744
8,1848,18480000,18480100,126,209,18490000,24763
8,1849,18490000,18490100,126,209,18500000,24775
8,185,1850000,1850100,126,209,1860000,2482
8,1850,18500000,18500100,126,209,18510000,24788
8,1851,18510000,18510100,126,209,18520000,24798
8,1852,18520000,18520100,126,209,18530000,24816
8,1853,18530000,18530100,126,209,18540000,24826
8,1854,18540000,18540100,126,209,18550000,24840
8,1855,18550000,18550100,126,209,18560000,24853
8,1856,18560000,18560100,126,209,18570000,24870
8,1857,18570000,18570100,126,209,18580000,24881
8,1858,18580000,18580100,126,209,18590000,24895
8,1859,18590000,18590100,126,209,18600000,24905
8,186,1860000,1860100,126,209,1870000,2494
8,1860,18600000,18600100,126,209,18610000,24923
8,1861,18610000,18610100,126,209,18620000,24933
8,1862,18620000,18620100,126,209,18630000,24948
8,1863,18630000,18630100,126,209,18640000,24960
8,1864,18640000,18640100,126,209,18650000,24977
8,1865,18650000,18650100,126,209,18660000,24988
8,1866,18660000,18660100,126,209,18670000,25000
8,1867,18670000,18670100,126,209,18680000,25015
8,1868,18680000,18680100,126,209,18690000,25030
8,1869,18690000,18690100,126,209,18700000,25042
8,187,1870000,1870100,126,209,1880000,2507
8,1870,18700000,18700100,126,209,18710000,25055
8,1871,18710000,18710100,126,209,18720000,25065
8,1872,18720000,18720100,126,209,18730000,25085
8,1873,18730000,18730100,126,209,18740000,25095
8,1874,18740000,18740100,126,209,18750000,25107
8,1875,18750000,18750100,126,209,18760000,25120
8,1876,18760000,18760100,126,209,18770000,25139
8,1877,18770000,18770100,126,209,18780000,25150
8,1878,18780000,18780100,126,209,18790000,25162
8,1879,18790000,18790100,126,209,18800000,25172
8,188,1880000,1880100,126,209,1890000,2522
8,1880,18800000,18800100,126,209,18810000,25190
8,1881,18810000,18810100,126,209,18820000,25202
8,1882,18820000,18820100,126,209,18830000,25217
8,1883,18830000,18830100,126,209,18840000,25229
8,1884,18840000,18840100,126,209,18850000,25244
8,1885,18850000,18850100,126,209,18860000,25257
8,1886,18860000,18860100,126,209,18870000,25269
8,1887,18870000,18870100,126,209,18880000,25280
8,1888,18880000,18880100,126,209,18890000,25297
8,1889,18890000,18890100,126,209,18900000,25307
8,189,1890000,1890100,126,209,1900000,2536
8,1890,18900000,18900100,126,209,18910000,25326
8,1891,18910000,18910100,126,209,18920000,25336
8,1892,18920000,18920100,126,209,18930000,25352
8,1893,18930000,18930100,126,209,18940000,25362
8,1894,18940000,18940100,126,209,18950000,25376
8,1895,18950000,18950100,126,209,18960000,25387
8,1896,18960000,18960100,126,209,18970000,25404
8,1897,18970000,18970100,126,209,18980000,25419
8,1898,18980000,18980100,126,209,18990000,25431
8,1899,18990000,18990100,126,209,19000000,25443
8,19,190000,190100,126,209,200000,255
8,190,1900000,1900100,126,209,1910000,2549
8,1900,19000000,19000100,126,209,19010000,25459
8,1901,19010000,19010100,126,209,19020000,25469
8,1902,19020000,19020100,126,209,19030000,25482
8,1903,19030000,19030100,126,209,19040000,25494
8,1904,19040000,19040100,126,209,19050000,25513
8,1905,19050000,19050100,126,209,19060000,25526
8,1906,19060000,19060100,126,209,19070000,25538
8,1907,19070000,19070100,126,209,19080000,25549
8,1908,19080000,19080100,126,209,19090000,25566
8,1909,19090000,19090100,126,209,19100000,25576
8,191,1910000,1910100,126,209,1920000,2559
8,1910,19100000,19100100,126,209,19110000,25589
8,1911,19110000,19110100,126,209,19120000,25601
8,1912,19120000,19120100,126,209,19130000,25623
8,1913,19130000,19130100,126,209,19140000,25633
8,1914,19140000,19140100,126,209,19150000,25645
8,1915,19150000,19150100,126,209,19160000,25656
8,1916,19160000,19160100,126,209,19170000,25671
8,1917,19170000,19170100,126,209,19180000,25684
8,1918,19180000,19180100,126,209,19190000,25698
8,1919,19190000,19190100,126,209,19200000,25708
8,192,1920000,1920100,126,209,1930000,2577
8,1920,19200000,19200100,126,209,19210000,25728
8,1921,19210000,19210100,126,209,19220000,25740
8,1922,19220000,19220100,126,209,19230000,25753
8,1923,19230000,19230100,126,209,19240000,25763
8,1924,19240000,19240100,126,209,19250000,25778
8,1925,19250000,19250100,126,209,19260000,25791
8,1926,19260000,19260100,126,209,19270000,25805
8,1927,19270000,19270100,126,209,19280000,25818
8,1928,19280000,19280100,126,209,19290000,25835
8,1929,19290000,19290100,126,209,19300000,25845
8,193,1930000,1930100,126,209,1940000,2589
8,1930,19300000,19300100,126,209,19310000,25860
8,1931,19310000,19310100,126,209,19320000,25870
8,1932,19320000,19320100,126,209,19330000,25888
8,1933,19330000,19330100,126,209,19340000,25898
8,1934,19340000,19340100,126,209,19350000,25910
8,1935,19350000,19350100,126,209,19360000,25925
8,1936,19360000,19360100,126,209,19370000,25942
8,1937,19370000,19370100,126,209,19380000,25953
8,1938,19380000,19380100,126,209,19390000,25965
8,1939,19390000,19390100,126,209,19400000,25979
8,194,1940000,1940100,126,209,1950000,2601
8,1940,19400000,19400100,126,209,19410000,25995
8,1941,19410000,19410100,126,209,19420000,26005
8,1942,19420000,19420100,126,209,19430000,26020
8,1943,19430000,19430100,126,209,19440000,26030
8,1944,19440000,19440100,126,209,19450000,26049
8,1945,19450000,19450100,126,209,19460000,26060
8,1946,19460000,19460100,126,209,19470000,26074
8,1947,19470000,19470100,126,209,19480000,26085
8,1948,19480000,19480100,126,209,19490000,26102
8,1949,19490000,19490100,126,209,19500000,26112
8,195,1950000,1950100,126,209,1960000,2614
8,1950,19500000,19500100,126,209,19510000,26127
8,1951,19510000,19510100,126,209,19520000,26137
8,1952,19520000,19520100,126,209,19530000,26155
8,1953,19530000,19530100,126,209,19540000,26169
8,1954,19540000,19540100,126,209,19550000,26181
8,1955,19550000,19550100,126,209,19560000,26192
8,1956,19560000,19560100,126,209,19570000,26207
8,1957,19570000,19570100,126,209,19580000,26222
8,1958,19580000,19580100,126,209,19590000,26234
8,1959,19590000,19590100,126,209,19600000,26244
8,196,1960000,1960100,126,209,1970000,2631
8,1960,19600000,19600100,126,209,19610000,26264
8,1961,19610000,19610100,126,209,19620000,26274
8,1962,19620000,19620100,126,209,19630000,26289
8,1963,19630000,19630100,126,209,19640000,26299
8,1964,19640000,19640100,126,209,19650000,26314
8,1965,19650000,19650100,126,209,19660000,26327
8,1966,19660000,19660100,126,209,19670000,26341
8,1967,19670000,19670100,126,209,19680000,26354
8,1968,19680000,19680100,126,209,19690000,26371
8,1969,19690000,19690100,126,209,19700000,26381
8,197,1970000,1970100,126,209,1980000,2642
8,1970,19700000,19700100,126,209,19710000,26394
8,1971,19710000,19710100,126,209,19720000,26406
8,1972,19720000,19720100,126,209,19730000,26424
8,1973,19730000,19730100,126,209,19740000,26434
8,1974,19740000,19740100,126,209,19750000,26448
8,1975,19750000,19750100,126,209,19760000,26461
8,1976,19760000,19760100,126,209,19770000,26478
8,1977,19770000,19770100,126,209,19780000,26489
8,1978,19780000,19780100,126,209,19790000,26501
8,1979,19790000,19790100,126,209,19800000,26511
8,198,1980000,1980100,126,209,1990000,2656
8,1980,19800000,19800100,126,209,19810000,26531
8,1981,19810000,19810100,126,209,19820000,26543
8,1982,19820000,19820100,126,209,19830000,26556
8,1983,19830000,19830100,126,209,19840000,26566
8,1984,19840000,19840100,126,209,19850000,26585
8,1985,19850000,19850100,126,209,19860000,26596
8,1986,19860000,19860100,126,209,19870000,26608
8,1987,19870000,19870100,126,209,19880000,26621
8,1988,19880000,19880100,126,209,19890000,26638
8,1989,19890000,19890100,126,209,19900000,26650
8,199,1990000,1990100,126,209,2000000,2666
8,1990,19900000,19900100,126,209,19910000,26663
8,1991,19910000,19910100,126,209,19920000,26673
8,1992,19920000,19920100,126,209,19930000,26691
8,1993,19930000,19930100,126,209,19940000,26703
8,1994,19940000,19940100,126,209,19950000,26715
8,1995,19950000,19950100,126,209,19960000,26730
8,1996,19960000,19960100,126,209,19970000,26745
8,1997,19970000,19970100,126,209,19980000,26756
8,1998,19980000,19980100,126,209,19990000,26770
8,1999,19990000,19990100,126,209,20000000,26780
8,2,20000,20100,126,209,30000,31
8,20,200000,200100,126,209,210000,271
8,200,2000000,2000100,126,209,2010000,2684
8,2000,20000000,20000100,126,209,20010000,26798
8,2001,20010000,20010100,126,209,20020000,26808
8,2002,20020000,20020100,126,209,20030000,26827
8,2003,20030000,20030100,126,209,20040000,26837
8,2004,20040000,20040100,126,209,20050000,26852
8,2005,20050000,20050100,126,209,20060000,26863
8,2006,20060000,20060100,126,209,20070000,26875
8,2007,20070000,20070100,126,209,20080000,26888
8,2008,20080000,20080100,126,209,20090000,26905
8,2009,20090000,20090100,126,209,20100000,26917
8,201,2010000,2010100,126,209,2020000,2694
8,2010,20100000,20100100,126,209,20110000,26932
8,2011,20110000,20110100,126,209,20120000,26944
8,2012,20120000,20120100,126,209,20130000,26960
8,2013,20130000,20130100,126,209,20140000,26970
8,2014,20140000,20140100,126,209,20150000,26982
8,2015,20150000,20150100,126,209,20160000,26993
8,2016,20160000,20160100,126,209,20170000,27014
8,2017,20170000,20170100,126,209,20180000,27027
8,2018,20180000,20180100,126,209,20190000,27039
8,2019,20190000,20190100,126,209,20200000,27049
8,202,2020000,2020100,126,209,2030000,2711
8,2020,20200000,20200100,126,209,20210000,27067
8,2021,20210000,20210100,126,209,20220000,27077
8,2022,20220000,20220100,126,209,20230000,27090
8,2023,20230000,20230100,126,209,20240000,27102
8,2024,20240000,20240100,126,209,20250000,27119
8,2025,20250000,20250100,126,209,20260000,27134
8,2026,20260000,20260100,126,209,20270000,27146
8,2027,20270000,20270100,126,209,20280000,27157
8,2028,20280000,20280100,126,209,20290000,27172
8,2029,20290000,20290100,126,209,20300000,27184
8,203,2030000,2030100,126,209,2040000,2723
8,2030,20300000,20300100,126,209,20310000,27199
8,2031,20310000,20310100,126,209,20320000,27209
8,2032,20320000,20320100,126,209,20330000,27229
8,2033,20330000,20330100,126,209,20340000,27239
8,2034,20340000,20340100,126,209,20350000,27253
8,2035,20350000,20350100,126,209,20360000,27264
8,2036,20360000,20360100,126,209,20370000,27279
8,2037,20370000,20370100,126,209,20380000,27292
8,2038,20380000,20380100,126,209,20390000,27306
8,2039,20390000,20390100,126,209,20400000,27316
8,204,2040000,2040100,126,209,2050000,2738
8,2040,20400000,20400100,126,209,20410000,27336
8,2041,20410000,20410100,126,209,20420000,27346
8,2042,20420000,20420100,126,209,20430000,27359
8,2043,20430000,20430100,126,209,20440000,27371
8,2044,20440000,20440100,126,209,20450000,27388
8,2045,20450000,20450100,126,209,20460000,27399
8,2046,20460000,20460100,126,209,20470000,27411
8,2047,20470000,20470100,126,209,20480000,27426
8,2048,20480000,20480100,126,209,20490000,27443
8,2049,20490000,20490100,126,209,20500000,27453
8,205,2050000,2050100,126,209,2060000,2749
8,2050,20500000,20500100,126,209,20510000,27466
8,2051,20510000,20510100,126,209,20520000,27478
8,2052,20520000,20520100,126,209,20530000,27496
8,2053,20530000,20530100,126,209,20540000,27506
8,2054,20540000,20540100,126,209,20550000,27518
8,2055,20550000,20550100,126,209,20560000,27531
8,2056,20560000,20560100,126,209,20570000,27550
8,2057,20570000,20570100,126,209,20580000,27561
8,2058,20580000,20580100,126,209,20590000,27575
8,2059,20590000,20590100,126,209,20600000,27585
8,206,2060000,2060100,126,209,2070000,2761
8,2060,20600000,20600100,126,209,20610000,27601
8,2061,20610000,20610100,126,209,20620000,27613
8,2062,20620000,20620100,126,209,20630000,27628
8,2063,20630000,20630100,126,209,20640000,27638
8,2064,20640000,20640100,126,209,20650000,27655
8,2065,20650000,20650100,126,209,20660000,27670
8,2066,20660000,20660100,126,209,20670000,27682
8,2067,20670000,20670100,126,209,20680000,27693
8,2068,20680000,20680100,126,209,20690000,27708
8,2069,20690000,20690100,126,209,20700000,27718
8,207,2070000,2070100,126,209,2080000,2774
8,2070,20700000,20700100,126,209,20710000,27735
8,2071,20710000,20710100,126,209,20720000,27745
8,2072,20720000,20720100,126,209,20730000,27765
8,2073,20730000,20730100,126,209,20740000,27775
8,2074,20740000,20740100,126,209,20750000,27789
8,2075,20750000,20750100,126,209,20760000,27800
8,2076,20760000,20760100,126,209,20770000,27815
8,2077,20770000,20770100,126,209,20780000,27828
8,2078,20780000,20780100,126,209,20790000,27840
8,2079,20790000,20790100,126,209,20800000,27854
8,208,2080000,2080100,126,209,2090000,2791
8,2080,20800000,20800100,126,209,20810000,27872
8,2081,20810000,20810100,126,209,20820000,27882
8,2082,20820000,20820100,126,209,20830000,27895
8,2083,20830000,20830100,126,209,20840000,27907
8,2084,20840000,20840100,126,209,20850000,27922
8,2085,20850000,20850100,126,209,20860000,27935
8,2086,20860000,20860100,126,209,20870000,27949
8,2087,20870000,20870100,126,209,20880000,27960
8,2088,20880000,20880100,126,209,20890000,27979
8,2089,20890000,20890100,126,209,20900000,27989
8,209,2090000,2090100,126,209,2100000,2801
8,2090,20900000,20900100,126,209,20910000,28002
8,2091,20910000,20910100,126,209,20920000,28012
8,2092,20920000,20920100,126,209,20930000,28032
8,2093,20930000,20930100,126,209,20940000,28044
8,2094,20940000,20940100,126,209,20950000,28056
8,2095,20950000,20950100,126,209,20960000,28067
8,2096,20960000,20960100,126,209,20970000,28084
8,2097,20970000,20970100,126,209,20980000,28097
8,2098,20980000,20980100,126,209,20990000,28109
8,2099,20990000,20990100,126,209,21000000,28119
8,21,210000,210100,126,209,220000,283
8,210,2100000,2100100,126,209,2110000,2818
8,2100,21000000,21000100,126,209,21010000,28139
8,2101,21010000,21010100,126,209,21020000,28151
8,2102,21020000,21020100,126,209,21030000,28164
8,2103,21030000,21030100,126,209,21040000,28174
8,2104,21040000,21040100,126,209,21050000,28191
8,2105,21050000,21050100,126,209,21060000,28202
8,2106,21060000,21060100,126,209,21070000,28216
8,2107,21070000,21070100,126,209,21080000,28231
8,2108,21080000,21080100,126,209,21090000,28246
8,2109,21090000,21090100,126,209,21100000,28256
8,211,2110000,2110100,126,209,2120000,2830
8,2110,21100000,21100100,126,209,21110000,28271
8,2111,21110000,21110100,126,209,21120000,28281
8,2112,21120000,21120100,126,209,21130000,28299
8,2113,21130000,21130100,126,209,21140000,28309
8,2114,21140000,21140100,126,209,21150000,28323
8,2115,21150000,21150100,126,209,21160000,28338
8,2116,21160000,21160100,126,209,21170000,28353
8,2117,21170000,21170100,126,209,21180000,28364
8,2118,21180000,21180100,126,209,21190000,28376
8,2119,21190000,21190100,126,209,21200000,28388
8,212,2120000,2120100,126,209,2130000,2846
8,2120,21200000,21200100,126,209,21210000,28406
8,2121,21210000,21210100,126,209,21220000,28418
8,2122,21220000,21220100,126,209,21230000,28433
8,2123,21230000,21230100,126,209,21240000,28443
8,2124,21240000,21240100,126,209,21250000,28460
8,2125,21250000,21250100,126,209,21260000,28471
8,2126,21260000,21260100,126,209,21270000,28483
8,2127,21270000,21270100,126,209,21280000,28494
8,2128,21280000,21280100,126,209,21290000,28515
8,2129,21290000,21290100,126,209,21300000,28525
8,213,2130000,2130100,126,209,2140000,2856
8,2130,21300000,21300100,126,209,21310000,28540
8,2131,21310000,21310100,126,209,21320000,28550
8,2132,21320000,21320100,126,209,21330000,28566
8,2133,21330000,21330100,126,209,21340000,28578
8,2134,21340000,21340100,126,209,21350000,28590
8,2135,21350000,21350100,126,209,21360000,28603
8,2136,21360000,21360100,126,209,21370000,28620
8,2137,21370000,21370100,126,209,21380000,28635
8,2138,21380000,21380100,126,209,21390000,28647
8,2139,21390000,21390100,126,209,21400000,28657
8,214,2140000,2140100,126,209,2150000,2868
8,2140,21400000,21400100,126,209,21410000,28673
8,2141,21410000,21410100,126,209,21420000,28683
8,2142,21420000,21420100,126,209,21430000,28700
8,2143,21430000,21430100,126,209,21440000,28710
8,2144,21440000,21440100,126,209,21450000,28727
8,2145,21450000,21450100,126,209,21460000,28740
8,2146,21460000,21460100,126,209,21470000,28754
8,2147,21470000,21470100,126,209,21480000,28765
8,2148,21480000,21480100,126,209,21490000,28780
8,2149,21490000,21490100,126,209,21500000,28792
8,215,2150000,2150100,126,209,2160000,2879
8,2150,21500000,21500100,126,209,21510000,28805
8,2151,21510000,21510100,126,209,21520000,28817
8,2152,21520000,21520100,126,209,21530000,28837
8,2153,21530000,21530100,126,209,21540000,28847
8,2154,21540000,21540100,126,209,21550000,28859
8,2155,21550000,21550100,126,209,21560000,28872
8,2156,21560000,21560100,126,209,21570000,28889
8,2157,21570000,21570100,126,209,21580000,28900
8,2158,21580000,21580100,126,209,21590000,28912
8,2159,21590000,21590100,126,209,21600000,28922
8,216,2160000,2160100,126,209,2170000,2898
8,2160,21600000,21600100,126,209,21610000,28944
8,2161,21610000,21610100,126,209,21620000,28954
8,2162,21620000,21620100,126,209,21630000,28967
8,2163,21630000,21630100,126,209,21640000,28979
8,2164,21640000,21640100,126,209,21650000,28996
8,2165,21650000,21650100,126,209,21660000,29007
8,2166,21660000,21660100,126,209,21670000,29019
8,2167,21670000,21670100,126,209,21680000,29032
8,2168,21680000,21680100,126,209,21690000,29049
8,2169,21690000,21690100,126,209,21700000,29061
8,217,2170000,2170100,126,209,2180000,2913
8,2170,21700000,21700100,126,209,21710000,29076
8,2171,21710000,21710100,126,209,21720000,29086
8,2172,21720000,21720100,126,209,21730000,29102
8,2173,21730000,21730100,126,209,21740000,29114
8,2174,21740000,21740100,126,209,21750000,29126
8,2175,21750000,21750100,126,209,21760000,29139
8,2176,21760000,21760100,126,209,21770000,29156
8,2177,21770000,21770100,126,209,21780000,29169
8,2178,21780000,21780100,126,209,21790000,29183
8,2179,21790000,21790100,126,209,21800000,29193
8,218,2180000,2180100,126,209,2190000,2925
8,2180,21800000,21800100,126,209,21810000,29209
8,2181,21810000,21810100,126,209,21820000,29219
8,2182,21820000,21820100,126,209,21830000,29236
8,2183,21830000,21830100,126,209,21840000,29246
8,2184,21840000,21840100,126,209,21850000,29265
8,2185,21850000,21850100,126,209,21860000,29276
8,2186,21860000,21860100,126,209,21870000,29288
8,2187,21870000,21870100,126,209,21880000,29301
8,2188,21880000,21880100,126,209,21890000,29316
8,2189,21890000,21890100,126,209,21900000,29326
8,219,2190000,2190100,126,209,2200000,2935
8,2190,21900000,21900100,126,209,21910000,29341
8,2191,21910000,21910100,126,209,21920000,29355
8,2192,21920000,21920100,126,209,21930000,29373
8,2193,21930000,21930100,126,209,21940000,29383
8,2194,21940000,21940100,126,209,21950000,29395
8,2195,21950000,21950100,126,209,21960000,29406
8,2196,21960000,21960100,126,209,21970000,29423
8,2197,21970000,21970100,126,209,21980000,29436
8,2198,21980000,21980100,126,209,21990000,29450
8,2199,21990000,21990100,126,209,22000000,29460
8,22,220000,220100,126,209,230000,300
8,220,2200000,2200100,126,209,2210000,2953
8,2200,22000000,22000100,126,209,22010000,29480
8,2201,22010000,22010100,126,209,22020000,29490
8,2202,22020000,22020100,126,209,22030000,29503
8,2203,22030000,22030100,126,209,22040000,29513
8,2204,22040000,22040100,126,209,22050000,29528
8,2205,22050000,22050100,126,209,22060000,29545
8,2206,22060000,22060100,126,209,22070000,29557
8,2207,22070000,22070100,126,209,22080000,29568
8,2208,22080000,22080100,126,209,22090000,29585
8,2209,22090000,22090100,126,209,22100000,29597
8,221,2210000,2210100,126,209,2220000,2963
8,2210,22100000,22100100,126,209,22110000,29610
8,2211,22110000,22110100,126,209,22120000,29620
8,2212,22120000,22120100,126,209,22130000,29640
8,2213,22130000,22130100,126,209,22140000,29650
8,2214,22140000,22140100,126,209,22150000,29664
8,2215,22150000,22150100,126,209,22160000,29675
8,2216,22160000,22160100,126,209,22170000,29692
8,2217,22170000,22170100,126,209,22180000,29703
8,2218,22180000,22180100,126,209,22190000,29717
8,2219,22190000,22190100,126,209,22200000,29729
8,222,2220000,2220100,126,209,2230000,2976
8,2220,22200000,22200100,126,209,22210000,29747
8,2221,22210000,22210100,126,209,22220000,29757
8,2222,22220000,22220100,126,209,22230000,29770
8,2223,22230000,22230100,126,209,22240000,29782
8,2224,22240000,22240100,126,209,22250000,29799
8,2225,22250000,22250100,126,209,22260000,29810
8,2226,22260000,22260100,126,209,22270000,29824
8,2227,22270000,22270100,126,209,22280000,29839
8,2228,22280000,22280100,126,209,22290000,29854
8,2229,22290000,22290100,126,209,22300000,29864
8,223,2230000,2230100,126,209,2240000,2986
8,2230,22300000,22300100,126,209,22310000,29877
8,2231,22310000,22310100,126,209,22320000,29887
8,2232,22320000,22320100,126,209,22330000,29907
8,2233,22330000,22330100,126,209,22340000,29919
8,2234,22340000,22340100,126,209,22350000,29931
8,2235,22350000,22350100,126,209,22360000,29944
8,2236,22360000,22360100,126,209,22370000,29961
8,2237,22370000,22370100,126,209,22380000,29972
8,2238,22380000,22380100,126,209,22390000,29984
8,2239,22390000,22390100,126,209,22400000,29994
8,224,2240000,2240100,126,209,2250000,3005
8,2240,22400000,22400100,126,209,22410000,30014
8,2241,22410000,22410100,126,209,22420000,30026
8,2242,22420000,22420100,126,209,22430000,30041
8,2243,22430000,22430100,126,209,22440000,30051
8,2244,22440000,22440100,126,209,22450000,30066
8,2245,22450000,22450100,126,209,22460000,30079
8,2246,22460000,22460100,126,209,22470000,30091
8,2247,22470000,22470100,126,209,22480000,30104
8,2248,22480000,22480100,126,209,22490000,30121
8,2249,22490000,22490100,126,209,22500000,30131
8,225,2250000,2250100,126,209,2260000,3020
8,2250,22500000,22500100,126,209,22510000,30148
8,2251,22510000,22510100,126,209,22520000,30158
8,2252,22520000,22520100,126,209,22530000,30174
8,2253,22530000,22530100,126,209,22540000,30184
8,2254,22540000,22540100,126,209,22550000,30200
8,2255,22550000,22550100,126,209,22560000,30211
8,2256,22560000,22560100,126,209,22570000,30228
8,2257,22570000,22570100,126,209,22580000,30241
8,2258,22580000,22580100,126,209,22590000,30253
8,2259,22590000,22590100,126,209,22600000,30265
8,226,2260000,2260100,126,209,2270000,3032
8,2260,22600000,22600100,126,209,22610000,30281
8,2261,22610000,22610100,126,209,22620000,30293
8,2262,22620000,22620100,126,209,22630000,30306
8,2263,22630000,22630100,126,209,22640000,30318
8,2264,22640000,22640100,126,209,22650000,30335
8,2265,22650000,22650100,126,209,22660000,30348
8,2266,22660000,22660100,126,209,22670000,30360
8,2267,22670000,22670100,126,209,22680000,30371
8,2268,22680000,22680100,126,209,22690000,30390
8,2269,22690000,22690100,126,209,22700000,30400
8,227,2270000,2270100,126,209,2280000,3043
8,2270,22700000,22700100,126,209,22710000,30413
8,2271,22710000,22710100,126,209,22720000,30423
8,2272,22720000,22720100,126,209,22730000,30445
8,2273,22730000,22730100,126,209,22740000,30455
8,2274,22740000,22740100,126,209,22750000,30467
8,2275,22750000,22750100,126,209,22760000,30480
8,2276,22760000,22760100,126,209,22770000,30495
8,2277,22770000,22770100,126,209,22780000,30508
8,2278,22780000,22780100,126,209,22790000,30520
8,2279,22790000,22790100,126,209,22800000,30530
8,228,2280000,2280100,126,209,2290000,3058
8,2280,22800000,22800100,126,209,22810000,30550
8,2281,22810000,22810100,126,209,22820000,30562
8,2282,22820000,22820100,126,209,22830000,30577
8,2283,22830000,22830100,126,209,22840000,30587
8,2284,22840000,22840100,126,209,22850000,30602
8,2285,22850000,22850100,126,209,22860000,30613
8,2286,22860000,22860100,126,209,22870000,30627
8,2287,22870000,22870100,126,209,22880000,30640
8,2288,22880000,22880100,126,209,22890000,30657
8,2289,22890000,22890100,126,209,22900000,30669
8,229,2290000,2290100,126,209,2300000,3070
8,2290,22900000,22900100,126,209,22910000,30684
8,2291,22910000,22910100,126,209,22920000,30694
8,2292,22920000,22920100,126,209,22930000,30710
8,2293,22930000,22930100,126,209,22940000,30720
8,2294,22940000,22940100,126,209,22950000,30732
8,2295,22950000,22950100,126,209,22960000,30747
8,2296,22960000,22960100,126,209,22970000,30766
8,2297,22970000,22970100,126,209,22980000,30777
8,2298,22980000,22980100,126,209,22990000,30789
8,2299,22990000,22990100,126,209,23000000,30801
8,23,230000,230100,126,209,240000,310
8,230,2300000,2300100,126,209,2310000,3083
8,2300,23000000,23000100,126,209,23010000,30817
8,2301,23010000,23010100,126,209,23020000,30827
8,2302,23020000,23020100,126,209,23030000,30842
8,2303,23030000,23030100,126,209,23040000,30854
8,2304,23040000,23040100,126,209,23050000,30873
8,2305,23050000,23050100,126,209,23060000,30884
8,2306,23060000,23060100,126,209,23070000,30896
8,2307,23070000,23070100,126,209,23080000,30907
8,2308,23080000,23080100,126,209,23090000,30924
8,2309,23090000,23090100,126,209,23100000,30934
8,231,2310000,2310100,126,209,2320000,3095
8,2310,23100000,23100100,126,209,23110000,30951
8,2311,23110000,23110100,126,209,23120000,30961
8,2312,23120000,23120100,126,209,23130000,30979
8,2313,23130000,23130100,126,209,23140000,30991
8,2314,23140000,23140100,126,209,23150000,31003
8,2315,23150000,23150100,126,209,23160000,31014
8,2316,23160000,23160100,126,209,23170000,31029
8,2317,23170000,23170100,126,209,23180000,31046
8,2318,23180000,23180100,126,209,23190000,31058
8,2319,23190000,23190100,126,209,23200000,31068
8,232,2320000,2320100,126,209,2330000,3115
8,2320,23200000,23200100,126,209,23210000,31086
8,2321,23210000,23210100,126,209,23220000,31096
8,2322,23220000,23220100,126,209,23230000,31111
8,2323,23230000,23230100,126,209,23240000,31121
8,2324,23240000,23240100,126,209,23250000,31138
8,2325,23250000,23250100,126,209,23260000,31151
8,2326,23260000,23260100,126,209,23270000,31165
8,2327,23270000,23270100,126,209,23280000,31176
8,2328,23280000,23280100,126,209,23290000,31193
8,2329,23290000,23290100,126,209,23300000,31203
8,233,2330000,2330100,126,209,2340000,3125
8,2330,23300000,23300100,126,209,23310000,31216
8,2331,23310000,23310100,126,209,23320000,31230
8,2332,23320000,23320100,126,209,23330000,31248
8,2333,23330000,23330100,126,209,23340000,31258
8,2334,23340000,23340100,126,209,23350000,31270
8,2335,23350000,23350100,126,209,23360000,31283
8,2336,23360000,23360100,126,209,23370000,31300
8,2337,23370000,23370100,126,209,23380000,31311
8,2338,23380000,23380100,126,209,23390000,31325
8,2339,23390000,23390100,126,209,23400000,31335
8,234,2340000,2340100,126,209,2350000,3139
8,2340,23400000,23400100,126,209,23410000,31355
8,2341,23410000,23410100,126,209,23420000,31365
8,2342,23420000,23420100,126,209,23430000,31378
8,2343,23430000,23430100,126,209,23440000,31388
8,2344,23440000,23440100,126,209,23450000,31407
8,2345,23450000,23450100,126,209,23460000,31420
8,2346,23460000,23460100,126,209,23470000,31432
8,2347,23470000,23470100,126,209,23480000,31445
8,2348,23480000,23480100,126,209,23490000,31460
8,2349,23490000,23490100,126,209,23500000,31472
8,235,2350000,2350100,126,209,2360000,3150
8,2350,23500000,23500100,126,209,23510000,31485
8,2351,23510000,23510100,126,209,23520000,31495
8,2352,23520000,23520100,126,209,23530000,31515
8,2353,23530000,23530100,126,209,23540000,31527
8,2354,23540000,23540100,126,209,23550000,31539
8,2355,23550000,23550100,126,209,23560000,31552
8,2356,23560000,23560100,126,209,23570000,31567
8,2357,23570000,23570100,126,209,23580000,31578
8,2358,23580000,23580100,126,209,23590000,31592
8,2359,23590000,23590100,126,209,23600000,31604
8,236,2360000,2360100,126,209,2370000,3165
8,2360,23600000,23600100,126,209,23610000,31622
8,2361,23610000,23610100,126,209,23620000,31632
8,2362,23620000,23620100,126,209,23630000,31649
8,2363,23630000,23630100,126,209,23640000,31659
8,2364,23640000,23640100,126,209,23650000,31674
8,2365,23650000,23650100,126,209,23660000,31685
8,2366,23660000,23660100,126,209,23670000,31699
8,2367,23670000,23670100,126,209,23680000,31712
8,2368,23680000,23680100,126,209,23690000,31729
8,2369,23690000,23690100,126,209,23700000,31739
8,237,2370000,2370100,126,209,2380000,3176
8,2370,23700000,23700100,126,209,23710000,31754
8,2371,23710000,23710100,126,209,23720000,31766
8,2372,23720000,23720100,126,209,23730000,31782
8,2373,23730000,23730100,126,209,23740000,31794
8,2374,23740000,23740100,126,209,23750000,31806
8,2375,23750000,23750100,126,209,23760000,31817
8,2376,23760000,23760100,126,209,23770000,31836
8,2377,23770000,23770100,126,209,23780000,31849
8,2378,23780000,23780100,126,209,23790000,31861
8,2379,23790000,23790100,126,209,23800000,31871
8,238,2380000,2380100,126,209,2390000,3192
8,2380,23800000,23800100,126,209,23810000,31891
8,2381,23810000,23810100,126,209,23820000,31901
8,2382,23820000,23820100,126,209,23830000,31914
8,2383,23830000,23830100,126,209,23840000,31924
8,2384,23840000,23840100,126,209,23850000,31941
8,2385,23850000,23850100,126,209,23860000,31956
8,2386,23860000,23860100,126,209,23870000,31968
8,2387,23870000,23870100,126,209,23880000,31981
8,2388,23880000,23880100,126,209,23890000,31996
8,2389,23890000,23890100,126,209,23900000,32008
8,239,2390000,2390100,126,209,2400000,3202
8,2390,23900000,23900100,126,209,23910000,32021
8,2391,23910000,23910100,126,209,23920000,32031
8,2392,23920000,23920100,126,209,23930000,32051
8,2393,23930000,23930100,126,209,23940000,32061
8,2394,23940000,23940100,126,209,23950000,32077
8,2395,23950000,23950100,126,209,23960000,32088
8,2396,23960000,23960100,126,209,23970000,32103
8,2397,23970000,23970100,126,209,23980000,32114
8,2398,23980000,23980100,126,209,23990000,32128
8,2399,23990000,23990100,126,209,24000000,32138
8,24,240000,240100,126,209,250000,327
8,240,2400000,2400100,126,209,2410000,3222
8,2400,24000000,24000100,126,209,24010000,32158
8,2401,24010000,24010100,126,209,24020000,32170
8,2402,24020000,24020100,126,209,24030000,32183
8,2403,24030000,24030100,126,209,24040000,32195
8,2404,24040000,24040100,126,209,24050000,32210
8,2405,24050000,24050100,126,209,24060000,32221
8,2406,24060000,24060100,126,209,24070000,32233
8,2407,24070000,24070100,126,209,24080000,32248
8,2408,24080000,24080100,126,209,24090000,32267
8,2409,24090000,24090100,126,209,24100000,32277
8,241,2410000,2410100,126,209,2420000,3232
8,2410,24100000,24100100,126,209,24110000,32290
8,2411,24110000,24110100,126,209,24120000,32300
8,2412,24120000,24120100,126,209,24130000,32318
8,2413,24130000,24130100,126,209,24140000,32328
8,2414,24140000,24140100,126,209,24150000,32340
8,2415,24150000,24150100,126,209,24160000,32355
8,2416,24160000,24160100,126,209,24170000,32374
8,2417,24170000,24170100,126,209,24180000,32385
8,2418,24180000,24180100,126,209,24190000,32397
8,2419,24190000,24190100,126,209,24200000,32407
8,242,2420000,2420100,126,209,2430000,3245
8,2420,24200000,24200100,126,209,24210000,32423
8,2421,24210000,24210100,126,209,24220000,32435
8,2422,24220000,24220100,126,209,24230000,32452
8,2423,24230000,24230100,126,209,24240000,32462
8,2424,24240000,24240100,126,209,24250000,32479
8,2425,24250000,24250100,126,209,24260000,32492
8,2426,24260000,24260100,126,209,24270000,32504
8,2427,24270000,24270100,126,209,24280000,32515
8,2428,24280000,24280100,126,209,24290000,32530
8,2429,24290000,24290100,126,209,24300000,32542
8,243,2430000,2430100,126,209,2440000,3257
8,2430,24300000,24300100,126,209,24310000,32559
8,2431,24310000,24310100,126,209,24320000,32569
8,2432,24320000,24320100,126,209,24330000,32587
8,2433,24330000,24330100,126,209,24340000,32597
8,2434,24340000,24340100,126,209,24350000,32611
8,2435,24350000,24350100,126,209,24360000,32622
8,2436,24360000,24360100,126,209,24370000,32639
8,2437,24370000,24370100,126,209,24380000,32652
8,2438,24380000,24380100,126,209,24390000,32664
8,2439,24390000,24390100,126,209,24400000,32676
8,244,2440000,2440100,126,209,2450000,3272
8,2440,24400000,24400100,126,209,24410000,32694
8,2441,24410000,24410100,126,209,24420000,32704
8,2442,24420000,24420100,126,209,24430000,32717
8,2443,24430000,24430100,126,209,24440000,32731
8,2444,24440000,24440100,126,209,24450000,32746
8,2445,24450000,24450100,126,209,24460000,32759
8,2446,24460000,24460100,126,209,24470000,32771
8,2447,24470000,24470100,126,209,24480000,32782
8,2448,24480000,24480100,126,209,24490000,32801
8,2449,24490000,24490100,126,209,24500000,32811
8,245,2450000,2450100,126,209,2460000,3285
8,2450,24500000,24500100,126,209,24510000,32826
8,2451,24510000,24510100,126,209,24520000,32836
8,2452,24520000,24520100,126,209,24530000,32856
8,2453,24530000,24530100,126,209,24540000,32866
8,2454,24540000,24540100,126,209,24550000,32878
8,2455,24550000,24550100,126,209,24560000,32889
8,2456,24560000,24560100,126,209,24570000,32906
8,2457,24570000,24570100,126,209,24580000,32921
8,2458,24580000,24580100,126,209,24590000,32933
8,2459,24590000,24590100,126,209,24600000,32943
8,246,2460000,2460100,126,209,2470000,3297
8,2460,24600000,24600100,126,209,24610000,32961
8,2461,24610000,24610100,126,209,24620000,32973
8,2462,24620000,24620100,126,209,24630000,32986
8,2463,24630000,24630100,126,209,24640000,32996
8,2464,24640000,24640100,126,209,24650000,33015
8,2465,24650000,24650100,126,209,24660000,33026
8,2466,24660000,24660100,126,209,24670000,33040
8,2467,24670000,24670100,126,209,24680000,33053
8,2468,24680000,24680100,126,209,24690000,33068
8,2469,24690000,24690100,126,209,24700000,33078
8,247,2470000,2470100,126,209,2480000,3312
8,2470,24700000,24700100,126,209,24710000,33093
8,2471,24710000,24710100,126,209,24720000,33105
8,2472,24720000,24720100,126,209,24730000,33123
8,2473,24730000,24730100,126,209,24740000,33133
8,2474,24740000,24740100,126,209,24750000,33145
8,2475,24750000,24750100,126,209,24760000,33160
8,2476,24760000,24760100,126,209,24770000,33175
8,2477,24770000,24770100,126,209,24780000,33186
8,2478,24780000,24780100,126,209,24790000,33200
8,2479,24790000,24790100,126,209,24800000,33212
8,248,2480000,2480100,126,209,2490000,3329
8,2480,24800000,24800100,126,209,24810000,33230
8,2481,24810000,24810100,126,209,24820000,33240
8,2482,24820000,24820100,126,209,24830000,33255
8,2483,24830000,24830100,126,209,24840000,33265
8,2484,24840000,24840100,126,209,24850000,33282
8,2485,24850000,24850100,126,209,24860000,33295
8,2486,24860000,24860100,126,209,24870000,33307
8,2487,24870000,24870100,126,209,24880000,33318
8,2488,24880000,24880100,126,209,24890000,33337
8,2489,24890000,24890100,126,209,24900000,33347
8,249,2490000,2490100,126,209,2500000,3339
8,2490,24900000,24900100,126,209,24910000,33362
8,2491,24910000,24910100,126,209,24920000,33372
8,2492,24920000,24920100,126,209,24930000,33390
8,2493,24930000,24930100,126,209,24940000,33402
8,2494,24940000,24940100,126,209,24950000,33414
8,2495,24950000,24950100,126,209,24960000,33425
8,2496,24960000,24960100,126,209,24970000,33442
8,2497,24970000,24970100,126,209,24980000,33457
8,2498,24980000,24980100,126,209,24990000,33469
8,2499,24990000,24990100,126,209,25000000,33481
8,25,250000,250100,126,209,260000,338
8,250,2500000,2500100,126,209,2510000,3352
8,2500,25000000,25000100,126,209,25010000,33497
8,2501,25010000,25010100,126,209,25020000,33507
8,2502,25020000,25020100,126,209,25030000,33522
8,2503,25030000,25030100,126,209,25040000,33532
8,2504,25040000,25040100,126,209,25050000,33549
8,2505,25050000,25050100,126,209,25060000,33562
8,2506,25060000,25060100,126,209,25070000,33578
8,2507,25070000,25070100,126,209,25080000,33589
8,2508,25080000,25080100,126,209,25090000,33604
8,2509,25090000,25090100,126,209,25100000,33614
8,251,2510000,2510100,126,209,2520000,3362
8,2510,25100000,25100100,126,209,25110000,33627
8,2511,25110000,25110100,126,209,25120000,33639
8,2512,25120000,25120100,126,209,25130000,33659
8,2513,25130000,25130100,126,209,25140000,33671
8,2514,25140000,25140100,126,209,25150000,33683
8,2515,25150000,25150100,126,209,25160000,33696
8,2516,25160000,25160100,126,209,25170000,33711
8,2517,25170000,25170100,126,209,25180000,33722
8,2518,25180000,25180100,126,209,25190000,33734
8,2519,25190000,25190100,126,209,25200000,33744
8,252,2520000,2520100,126,209,2530000,3382
8,253,2530000,2530100,126,209,2540000,3392
8,254,2540000,2540100,126,209,2550000,3404
8,255,2550000,2550100,126,209,2560000,3417
8,256,2560000,2560100,126,209,2570000,3436
8,257,2570000,2570100,126,209,2580000,3447
8,258,2580000,2580100,126,209,2590000,3459
8,259,2590000,2590100,126,209,2600000,3471
8,26,260000,260100,126,209,270000,350
8,260,2600000,2600100,126,209,2610000,3487
8,261,2610000,2610100,126,209,2620000,3499
8,262,2620000,2620100,126,209,2630000,3514
8,263,2630000,2630100,126,209,2640000,3524
8,264,2640000,2640100,126,209,2650000,3541
8,265,2650000,2650100,126,209,2660000,3554
8,266,2660000,2660100,126,209,2670000,3568
8,267,2670000,2670100,126,209,2680000,3579
8,268,2680000,2680100,126,209,2690000,3594
8,269,2690000,2690100,126,209,2700000,3604
8,27,270000,270100,126,209,280000,363
8,270,2700000,2700100,126,209,2710000,3621
8,271,2710000,2710100,126,209,2720000,3631
8,272,2720000,2720100,126,209,2730000,3649
8,273,2730000,2730100,126,209,2740000,3661
8,274,2740000,2740100,126,209,2750000,3675
8,275,2750000,2750100,126,209,2760000,3686
8,276,2760000,2760100,126,209,2770000,3701
8,277,2770000,2770100,126,209,2780000,3714
8,278,2780000,2780100,126,209,2790000,3726
8,279,2790000,2790100,126,209,2800000,3738
8,28,280000,280100,126,209,290000,380
8,280,2800000,2800100,126,209,2810000,3758
8,281,2810000,2810100,126,209,2820000,3768
8,282,2820000,2820100,126,209,2830000,3781
8,283,2830000,2830100,126,209,2840000,3793
8,284,2840000,2840100,126,209,2850000,3808
8,285,2850000,2850100,126,209,2860000,3821
8,286,2860000,2860100,126,209,2870000,3833
8,287,2870000,2870100,126,209,2880000,3846
8,288,2880000,2880100,126,209,2890000,3865
8,289,2890000,2890100,126,209,2900000,3875
8,29,290000,290100,126,209,300000,390
8,290,2900000,2900100,126,209,2910000,3888
8,291,2910000,2910100,126,209,2920000,3898
8,292,2920000,2920100,126,209,2930000,3918
8,293,2930000,2930100,126,209,2940000,3928
8,294,2940000,2940100,126,209,2950000,3942
8,295,2950000,2950100,126,209,2960000,3953
8,296,2960000,2960100,126,209,2970000,3970
8,297,2970000,2970100,126,209,2980000,3983
8,298,2980000,2980100,126,209,2990000,3995
8,299,2990000,2990100,126,209,3000000,4005
8,3,30000,30100,126,209,40000,41
8,30,300000,300100,126,209,310000,405
8,300,3000000,3000100,126,209,3010000,4023
8,301,3010000,3010100,126,209,3020000,4037
8,302,3020000,3020100,126,209,3030000,4050
8,303,3030000,3030100,126,209,3040000,4060
8,304,3040000,3040100,126,209,3050000,4077
8,305,3050000,3050100,126,209,3060000,4088
8,306,3060000,3060100,126,209,3070000,4102
8,307,3070000,3070100,126,209,3080000,4115
8,308,3080000,3080100,126,209,3090000,4132
8,309,3090000,3090100,126,209,3100000,4142
8,31,310000,310100,126,209,320000,417
8,310,3100000,3100100,126,209,3110000,4157
8,311,3110000,3110100,126,209,3120000,4167
8,312,3120000,3120100,126,209,3130000,4185
8,313,3130000,3130100,126,209,3140000,4195
8,314,3140000,3140100,126,209,3150000,4207
8,315,3150000,3150100,126,209,3160000,4224
8,316,3160000,3160100,126,209,3170000,4239
8,317,3170000,3170100,126,209,3180000,4250
8,318,3180000,3180100,126,209,3190000,4262
8,319,3190000,3190100,126,209,3200000,4274
8,32,320000,320100,126,209,330000,435
8,320,3200000,3200100,126,209,3210000,4292
8,321,3210000,3210100,126,209,3220000,4302
8,322,3220000,3220100,126,209,3230000,4319
8,323,3230000,3230100,126,209,3240000,4329
8,324,3240000,3240100,126,209,3250000,4346
8,325,3250000,3250100,126,209,3260000,4357
8,326,3260000,3260100,126,209,3270000,4369
8,327,3270000,3270100,126,209,3280000,4380
8,328,3280000,3280100,126,209,3290000,4399
8,329,3290000,3290100,126,209,3300000,4411
8,33,330000,330100,126,209,340000,445
8,330,3300000,3300100,126,209,3310000,4426
8,331,3310000,3310100,126,209,3320000,4436
8,332,3320000,3320100,126,209,3330000,4452
8,333,3330000,3330100,126,209,3340000,4464
8,334,3340000,3340100,126,209,3350000,4476
8,335,3350000,3350100,126,209,3360000,4487
8,336,3360000,3360100,126,209,3370000,4506
8,337,3370000,3370100,126,209,3380000,4521
8,338,3380000,3380100,126,209,3390000,4533
8,339,3390000,3390100,126,209,3400000,4543
8,34,340000,340100,126,209,350000,457
8,340,3400000,3400100,126,209,3410000,4559
8,341,3410000,3410100,126,209,3420000,4569
8,342,3420000,3420100,126,209,3430000,4584
8,343,3430000,3430100,126,209,3440000,4596
8,344,3440000,3440100,126,209,3450000,4613
8,345,3450000,3450100,126,209,3460000,4626
8,346,3460000,3460100,126,209,3470000,4640
8,347,3470000,3470100,126,209,3480000,4651
8,348,3480000,3480100,126,209,3490000,4666
8,349,3490000,3490100,126,209,3500000,4676
8,35,350000,350100,126,209,360000,470
8,350,3500000,3500100,126,209,3510000,4691
8,351,3510000,3510100,126,209,3520000,4703
8,352,3520000,3520100,126,209,3530000,4723
8,353,3530000,3530100,126,209,3540000,4733
8,354,3540000,3540100,126,209,3550000,4745
8,355,3550000,3550100,126,209,3560000,4758
8,356,3560000,3560100,126,209,3570000,4773
8,357,3570000,3570100,126,209,3580000,4786
8,358,3580000,3580100,126,209,3590000,4798
8,359,3590000,3590100,126,209,3600000,4808
8,36,360000,360100,126,209,370000,487
8,360,3600000,3600100,126,209,3610000,4830
8,361,3610000,3610100,126,209,3620000,4840
8,362,3620000,3620100,126,209,3630000,4853
8,363,3630000,3630100,126,209,3640000,4863
8,364,3640000,3640100,126,209,3650000,4882
8,365,3650000,3650100,126,209,3660000,4893
8,366,3660000,3660100,126,209,3670000,4905
8,367,3670000,3670100,126,209,3680000,4918
8,368,3680000,3680100,126,209,3690000,4935
8,369,3690000,3690100,126,209,3700000,4947
8,37,370000,370100,126,209,380000,500
8,370,3700000,3700100,126,209,3710000,4960
8,371,3710000,3710100,126,209,3720000,4972
8,372,3720000,3720100,126,209,3730000,4988
8,373,3730000,3730100,126,209,3740000,5000
8,374,3740000,3740100,126,209,3750000,5012
8,375,3750000,3750100,126,209,3760000,5025
8,376,3760000,3760100,126,209,3770000,5042
8,377,3770000,3770100,126,209,3780000,5053
8,378,3780000,3780100,126,209,3790000,5069
8,379,3790000,3790100,126,209,3800000,5079
8,38,380000,380100,126,209,390000,512
8,380,3800000,3800100,126,209,3810000,5095
8,381,3810000,3810100,126,209,3820000,5105
8,382,3820000,3820100,126,209,3830000,5122
8,383,3830000,3830100,126,209,3840000,5132
8,384,3840000,3840100,126,209,3850000,5149
8,385,3850000,3850100,126,209,3860000,5162
8,386,3860000,3860100,126,209,3870000,5174
8,387,3870000,3870100,126,209,3880000,5187
8,388,3880000,3880100,126,209,3890000,5202
8,389,3890000,3890100,126,209,3900000,5212
8,39,390000,390100,126,209,400000,522
8,390,3900000,3900100,126,209,3910000,5227
8,391,3910000,3910100,126,209,3920000,5239
8,392,3920000,3920100,126,209,3930000,5259
8,393,3930000,3930100,126,209,3940000,5269
8,394,3940000,3940100,126,209,3950000,5281
8,395,3950000,3950100,126,209,3960000,5292
8,396,3960000,3960100,126,209,3970000,5309
8,397,3970000,3970100,126,209,3980000,5322
8,398,3980000,3980100,126,209,3990000,5334
8,399,3990000,3990100,126,209,4000000,5346
8,4,40000,40100,126,209,50000,58
8,40,400000,400100,126,209,410000,542
8,400,4000000,4000100,126,209,4010000,5366
8,401,4010000,4010100,126,209,4020000,5376
8,402,4020000,4020100,126,209,4030000,5389
8,403,4030000,4030100,126,209,4040000,5399
8,404,4040000,4040100,126,209,4050000,5414
8,405,4050000,4050100,126,209,4060000,5429
8,406,4060000,4060100,126,209,4070000,5443
8,407,4070000,4070100,126,209,4080000,5454
8,408,4080000,4080100,126,209,4090000,5471
8,409,4090000,4090100,126,209,4100000,5483
8,41,410000,410100,126,209,420000,552
8,410,4100000,4100100,126,209,4110000,5496
8,411,4110000,4110100,126,209,4120000,5506
8,412,4120000,4120100,126,209,4130000,5524
8,413,4130000,4130100,126,209,4140000,5536
8,414,4140000,4140100,126,209,4150000,5550
8,415,4150000,4150100,126,209,4160000,5561
8,416,4160000,4160100,126,209,4170000,5578
8,417,4170000,4170100,126,209,4180000,5589
8,418,4180000,4180100,126,209,4190000,5603
8,419,4190000,4190100,126,209,4200000,5613
8,42,420000,420100,126,209,430000,567
8,420,4200000,4200100,126,209,4210000,5633
8,421,4210000,4210100,126,209,4220000,5643
8,422,4220000,4220100,126,209,4230000,5656
8,423,4230000,4230100,126,209,4240000,5668
8,424,4240000,4240100,126,209,4250000,5685
8,425,4250000,4250100,126,209,4260000,5696
8,426,4260000,4260100,126,209,4270000,5708
8,427,4270000,4270100,126,209,4280000,5725
8,428,4280000,4280100,126,209,4290000,5740
8,429,4290000,4290100,126,209,4300000,5750
8,43,430000,430100,126,209,440000,577
8,430,4300000,4300100,126,209,4310000,5763
8,431,4310000,4310100,126,209,4320000,5773
8,432,4320000,4320100,126,209,4330000,5793
8,433,4330000,4330100,126,209,4340000,5803
8,434,4340000,4340100,126,209,4350000,5817
8,435,4350000,4350100,126,209,4360000,5830
8,436,4360000,4360100,126,209,4370000,5847
8,437,4370000,4370100,126,209,4380000,5858
8,438,4380000,4380100,126,209,4390000,5870
8,439,4390000,4390100,126,209,4400000,5880
8,44,440000,440100,126,209,450000,592
8,440,4400000,4400100,126,209,4410000,5898
8,441,4410000,4410100,126,209,4420000,5912
8,442,4420000,4420100,126,209,4430000,5927
8,443,4430000,4430100,126,209,4440000,5937
8,444,4440000,4440100,126,209,4450000,5952
8,445,4450000,4450100,126,209,4460000,5965
8,446,4460000,4460100,126,209,4470000,5977
8,447,4470000,4470100,126,209,4480000,5988
8,448,4480000,4480100,126,209,4490000,6007
8,449,4490000,4490100,126,209,4500000,6017
8,45,450000,450100,126,209,460000,607
8,450,4500000,4500100,126,209,4510000,6034
8,451,4510000,4510100,126,209,4520000,6044
8,452,4520000,4520100,126,209,4530000,6060
8,453,4530000,4530100,126,209,4540000,6070
8,454,4540000,4540100,126,209,4550000,6084
8,455,4550000,4550100,126,209,4560000,6097
8,456,4560000,4560100,126,209,4570000,6114
8,457,4570000,4570100,126,209,4580000,6127
8,458,4580000,4580100,126,209,4590000,6139
8,459,4590000,4590100,126,209,4600000,6151
8,46,460000,460100,126,209,470000,619
8,460,4600000,4600100,126,209,4610000,6167
8,461,4610000,4610100,126,209,4620000,6177
8,462,4620000,4620100,126,209,4630000,6192
8,463,4630000,4630100,126,209,4640000,6204
8,464,4640000,4640100,126,209,4650000,6221
8,465,4650000,4650100,126,209,4660000,6234
8,466,4660000,4660100,126,209,4670000,6246
8,467,4670000,4670100,126,209,4680000,6257
8,468,4680000,4680100,126,209,4690000,6274
8,469,4690000,4690100,126,209,4700000,6286
8,47,470000,470100,126,209,480000,630
8,470,4700000,4700100,126,209,4710000,6299
8,471,4710000,4710100,126,209,4720000,6309
8,472,4720000,4720100,126,209,4730000,6331
8,473,4730000,4730100,126,209,4740000,6341
8,474,4740000,4740100,126,209,4750000,6353
8,475,4750000,4750100,126,209,4760000,6364
8,476,4760000,4760100,126,209,4770000,6381
8,477,4770000,4770100,126,209,4780000,6394
8,478,4780000,4780100,126,209,4790000,6406
8,479,4790000,4790100,126,209,4800000,6416
8,48,480000,480100,126,209,490000,647
8,480,4800000,4800100,126,209,4810000,6436
8,481,4810000,4810100,126,209,4820000,6448
8,482,4820000,4820100,126,209,4830000,6461
8,483,4830000,4830100,126,209,4840000,6473
8,484,4840000,4840100,126,209,4850000,6488
8,485,4850000,4850100,126,209,4860000,6499
8,486,4860000,4860100,126,209,4870000,6513
8,487,4870000,4870100,126,209,4880000,6526
8,488,4880000,4880100,126,209,4890000,6543
8,489,4890000,4890100,126,209,4900000,6553
8,49,490000,490100,126,209,500000,661
8,490,4900000,4900100,126,209,4910000,6570
8,491,4910000,4910100,126,209,4920000,6580
8,492,4920000,4920100,126,209,4930000,6596
8,493,4930000,4930100,126,209,4940000,6606
8,494,4940000,4940100,126,209,4950000,6618
8,495,4950000,4950100,126,209,4960000,6633
8,496,4960000,4960100,126,209,4970000,6650
8,497,4970000,4970100,126,209,4980000,6663
8,498,4980000,4980100,126,209,4990000,6675
8,499,4990000,4990100,126,209,5000000,6687
8,5,50000,50100,126,209,60000,69
8,50,500000,500100,126,209,510000,674
8,500,5000000,5000100,126,209,5010000,6703
8,501,5010000,5010100,126,209,5020000,6713
8,502,5020000,5020100,126,209,5030000,6728
8,503,5030000,5030100,126,209,5040000,6738
8,504,5040000,5040100,126,209,5050000,6759
8,505,5050000,5050100,126,209,5060000,6770
8,506,5060000,5060100,126,209,5070000,6782
8,507,5070000,5070100,126,209,5080000,6793
8,508,5080000,5080100,126,209,5090000,6810
8,509,5090000,5090100,126,209,5100000,6820
8,51,510000,510100,126,209,520000,684
8,510,5100000,5100100,126,209,5110000,6835
8,511,5110000,5110100,126,209,5120000,6847
8,512,5120000,5120100,126,209,5130000,6865
8,513,5130000,5130100,126,209,5140000,6877
8,514,5140000,5140100,126,209,5150000,6889
8,515,5150000,5150100,126,209,5160000,6900
8,516,5160000,5160100,126,209,5170000,6915
8,517,5170000,5170100,126,209,5180000,6930
8,518,5180000,5180100,126,209,5190000,6944
8,519,5190000,5190100,126,209,5200000,6954
8,52,520000,520100,126,209,530000,702
8,520,5200000,5200100,126,209,5210000,6972
8,521,5210000,5210100,126,209,5220000,6982
8,522,5220000,5220100,126,209,5230000,6997
8,523,5230000,5230100,126,209,5240000,7007
8,524,5240000,5240100,126,209,5250000,7022
8,525,5250000,5250100,126,209,5260000,7037
8,526,5260000,5260100,126,209,5270000,7051
8,527,5270000,5270100,126,209,5280000,7062
8,528,5280000,5280100,126,209,5290000,7079
8,529,5290000,5290100,126,209,5300000,7089
8,53,530000,530100,126,209,540000,712
8,530,5300000,5300100,126,209,5310000,7102
8,531,5310000,5310100,126,209,5320000,7114
8,532,5320000,5320100,126,209,5330000,7134
8,533,5330000,5330100,126,209,5340000,7144
8,534,5340000,5340100,126,209,5350000,7156
8,535,5350000,5350100,126,209,5360000,7169
8,536,5360000,5360100,126,209,5370000,7186
8,537,5370000,5370100,126,209,5380000,7197
8,538,5380000,5380100,126,209,5390000,7209
8,539,5390000,5390100,126,209,5400000,7221
8,54,540000,540100,126,209,550000,726
8,540,5400000,5400100,126,209,5410000,7241
8,541,5410000,5410100,126,209,5420000,7251
8,542,5420000,5420100,126,209,5430000,7264
8,543,5430000,5430100,126,209,5440000,7274
8,544,5440000,5440100,126,209,5450000,7293
8,545,5450000,5450100,126,209,5460000,7304
8,546,5460000,5460100,126,209,5470000,7318
8,547,5470000,5470100,126,209,5480000,7331
8,548,5480000,5480100,126,209,5490000,7346
8,549,5490000,5490100,126,209,5500000,7358
8,55,550000,550100,126,209,560000,737
8,550,5500000,5500100,126,209,5510000,7371
8,551,5510000,5510100,126,209,5520000,7381
8,552,5520000,5520100,126,209,5530000,7399
8,553,5530000,5530100,126,209,5540000,7413
8,554,5540000,5540100,126,209,5550000,7425
8,555,5550000,5550100,126,209,5560000,7438
8,556,5560000,5560100,126,209,5570000,7453
8,557,5570000,5570100,126,209,5580000,7464
8,558,5580000,5580100,126,209,5590000,7478
8,559,5590000,5590100,126,209,5600000,7488
8,56,560000,560100,126,209,570000,756
8,560,5600000,5600100,126,209,5610000,7508
8,561,5610000,5610100,126,209,5620000,7518
8,562,5620000,5620100,126,209,5630000,7535
8,563,5630000,5630100,126,209,5640000,7545
8,564,5640000,5640100,126,209,5650000,7560
8,565,5650000,5650100,126,209,5660000,7571
8,566,5660000,5660100,126,209,5670000,7583
8,567,5670000,5670100,126,209,5680000,7598
8,568,5680000,5680100,126,209,5690000,7615
8,569,5690000,5690100,126,209,5700000,7625
8,57,570000,570100,126,209,580000,767
8,570,5700000,5700100,126,209,5710000,7640
8,571,5710000,5710100,126,209,5720000,7652
8,572,5720000,5720100,126,209,5730000,7668
8,573,5730000,5730100,126,209,5740000,7678
8,574,5740000,5740100,126,209,5750000,7692
8,575,5750000,5750100,126,209,5760000,7703
8,576,5760000,5760100,126,209,5770000,7722
8,577,5770000,5770100,126,209,5780000,7735
8,578,5780000,5780100,126,209,5790000,7747
8,579,5790000,5790100,126,209,5800000,7757
8,58,580000,580100,126,209,590000,781
8,580,5800000,5800100,126,209,5810000,7775
8,581,5810000,5810100,126,209,5820000,7787
8,582,5820000,5820100,126,209,5830000,7800
8,583,5830000,5830100,126,209,5840000,7810
8,584,5840000,5840100,126,209,5850000,7827
8,585,5850000,5850100,126,209,5860000,7842
8,586,5860000,5860100,126,209,5870000,7854
8,587,5870000,5870100,126,209,5880000,7865
8,588,5880000,5880100,126,209,5890000,7882
8,589,5890000,5890100,126,209,5900000,7894
8,59,590000,590100,126,209,600000,791
8,590,5900000,5900100,126,209,5910000,7907
8,591,5910000,5910100,126,209,5920000,7917
8,592,5920000,5920100,126,209,5930000,7937
8,593,5930000,5930100,126,209,5940000,7947
8,594,5940000,5940100,126,209,5950000,7961
8,595,5950000,5950100,126,209,5960000,7974
8,596,5960000,5960100,126,209,5970000,7989
8,597,5970000,5970100,126,209,5980000,8000
8,598,5980000,5980100,126,209,5990000,8014
8,599,5990000,5990100,126,209,6000000,8024
8,6,60000,60100,126,209,70000,81
8,60,600000,600100,126,209,610000,809
8,600,6000000,6000100,126,209,6010000,8044
8,601,6010000,6010100,126,209,6020000,8054
8,602,6020000,6020100,126,209,6030000,8069
8,603,6030000,6030100,126,209,6040000,8081
8,604,6040000,6040100,126,209,6050000,8096
8,605,6050000,6050100,126,209,6060000,8107
8,606,6060000,6060100,126,209,6070000,8119
8,607,6070000,6070100,126,209,6080000,8134
8,608,6080000,6080100,126,209,6090000,8151
8,609,6090000,6090100,126,209,6100000,8163
8,61,610000,610100,126,209,620000,819
8,610,6100000,6100100,126,209,6110000,8176
8,611,6110000,6110100,126,209,6120000,8186
8,612,6120000,6120100,126,209,6130000,8204
8,613,6130000,6130100,126,209,6140000,8214
8,614,6140000,6140100,126,209,6150000,8226
8,615,6150000,6150100,126,209,6160000,8239
8,616,6160000,6160100,126,209,6170000,8260
8,617,6170000,6170100,126,209,6180000,8271
8,618,6180000,6180100,126,209,6190000,8283
8,619,6190000,6190100,126,209,6200000,8293
8,62,620000,620100,126,209,630000,832
8,620,6200000,6200100,126,209,6210000,8309
8,621,6210000,6210100,126,209,6220000,8321
8,622,6220000,6220100,126,209,6230000,8336
8,623,6230000,6230100,126,209,6240000,8348
8,624,6240000,6240100,126,209,6250000,8365
8,625,6250000,6250100,126,209,6260000,8378
8,626,6260000,6260100,126,209,6270000,8390
8,627,6270000,6270100,126,209,6280000,8401
8,628,6280000,6280100,126,209,6290000,8416
8,629,6290000,6290100,126,209,6300000,8426
8,63,630000,630100,126,209,640000,846
8,630,6300000,6300100,126,209,6310000,8445
8,631,6310000,6310100,126,209,6320000,8455
8,632,6320000,6320100,126,209,6330000,8473
8,633,6330000,6330100,126,209,6340000,8483
8,634,6340000,6340100,126,209,6350000,8497
8,635,6350000,6350100,126,209,6360000,8508
8,636,6360000,6360100,126,209,6370000,8523
8,637,6370000,6370100,126,209,6380000,8538
8,638,6380000,6380100,126,209,6390000,8550
8,639,6390000,6390100,126,209,6400000,8562
8,64,640000,640100,126,209,650000,863
8,640,6400000,6400100,126,209,6410000,8580
8,641,6410000,6410100,126,209,6420000,8590
8,642,6420000,6420100,126,209,6430000,8603
8,643,6430000,6430100,126,209,6440000,8615
8,644,6440000,6440100,126,209,6450000,8632
8,645,6450000,6450100,126,209,6460000,8645
8,646,6460000,6460100,126,209,6470000,8657
8,647,6470000,6470100,126,209,6480000,8668
8,648,6480000,6480100,126,209,6490000,8687
8,649,6490000,6490100,126,209,6500000,8697
8,65,650000,650100,126,209,660000,874
8,650,6500000,6500100,126,209,6510000,8710
8,651,6510000,6510100,126,209,6520000,8722
8,652,6520000,6520100,126,209,6530000,8742
8,653,6530000,6530100,126,209,6540000,8752
8,654,6540000,6540100,126,209,6550000,8764
8,655,6550000,6550100,126,209,6560000,8775
8,656,6560000,6560100,126,209,6570000,8792
8,657,6570000,6570100,126,209,6580000,8805
8,658,6580000,6580100,126,209,6590000,8819
8,659,6590000,6590100,126,209,6600000,8829
8,66,660000,660100,126,209,670000,886
8,660,6600000,6600100,126,209,6610000,8847
8,661,6610000,6610100,126,209,6620000,8859
8,662,6620000,6620100,126,209,6630000,8872
8,663,6630000,6630100,126,209,6640000,8882
8,664,6640000,6640100,126,209,6650000,8899
8,665,6650000,6650100,126,209,6660000,8912
8,666,6660000,6660100,126,209,6670000,8926
8,667,6670000,6670100,126,209,6680000,8939
8,668,6680000,6680100,126,209,6690000,8954
8,669,6690000,6690100,126,209,6700000,8964
8,67,670000,670100,126,209,680000,901
8,670,6700000,6700100,126,209,6710000,8979
8,671,6710000,6710100,126,209,6720000,8989
8,672,6720000,6720100,126,209,6730000,9009
8,673,6730000,6730100,126,209,6740000,9019
8,674,6740000,6740100,126,209,6750000,9031
8,675,6750000,6750100,126,209,6760000,9046
8,676,6760000,6760100,126,209,6770000,9061
8,677,6770000,6770100,126,209,6780000,9072
8,678,6780000,6780100,126,209,6790000,9084
8,679,6790000,6790100,126,209,6800000,9098
8,68,680000,680100,126,209,690000,916
8,680,6800000,6800100,126,209,6810000,9116
8,681,6810000,6810100,126,209,6820000,9126
8,682,6820000,6820100,126,209,6830000,9141
8,683,6830000,6830100,126,209,6840000,9151
8,684,6840000,6840100,126,209,6850000,9168
8,685,6850000,6850100,126,209,6860000,9179
8,686,6860000,6860100,126,209,6870000,9193
8,687,6870000,6870100,126,209,6880000,9204
8,688,6880000,6880100,126,209,6890000,9223
8,689,6890000,6890100,126,209,6900000,9233
8,69,690000,690100,126,209,700000,926
8,690,6900000,6900100,126,209,6910000,9248
8,691,6910000,6910100,126,209,6920000,9258
8,692,6920000,6920100,126,209,6930000,9274
8,693,6930000,6930100,126,209,6940000,9288
8,694,6940000,6940100,126,209,6950000,9300
8,695,6950000,6950100,126,209,6960000,9311
8,696,6960000,6960100,126,209,6970000,9328
8,697,6970000,6970100,126,209,6980000,9343
8,698,6980000,6980100,126,209,6990000,9355
8,699,6990000,6990100,126,209,7000000,9365
8,7,70000,70100,126,209,80000,96
8,70,700000,700100,126,209,710000,941
8,700,7000000,7000100,126,209,7010000,9383
8,701,7010000,7010100,126,209,7020000,9393
8,702,7020000,7020100,126,209,7030000,9408
8,703,7030000,7030100,126,209,7040000,9418
8,704,7040000,7040100,126,209,7050000,9435
8,705,7050000,7050100,126,209,7060000,9448
8,706,7060000,7060100,126,209,7070000,9462
8,707,7070000,7070100,126,209,7080000,9475
8,708,7080000,7080100,126,209,7090000,9490
8,709,7090000,7090100,126,209,7100000,9500
8,71,710000,710100,126,209,720000,951
8,710,7100000,7100100,126,209,7110000,9513
8,711,7110000,7110100,126,209,7120000,9525
8,712,7120000,7120100,126,209,7130000,9545
8,713,7130000,7130100,126,209,7140000,9555
8,714,7140000,7140100,126,209,7150000,9569
8,715,7150000,7150100,126,209,7160000,9582
8,716,7160000,7160100,126,209,7170000,9597
8,717,7170000,7170100,126,209,7180000,9608
8,718,7180000,7180100,126,209,7190000,9620
8,719,7190000,7190100,126,209,7200000,9630
8,72,720000,720100,126,209,730000,971
8,720,7200000,7200100,126,209,7210000,9652
8,721,7210000,7210100,126,209,7220000,9664
8,722,7220000,7220100,126,209,7230000,9677
8,723,7230000,7230100,126,209,7240000,9687
8,724,7240000,7240100,126,209,7250000,9704
8,725,7250000,7250100,126,209,7260000,9715
8,726,7260000,7260100,126,209,7270000,9727
8,727,7270000,7270100,126,209,7280000,9740
8,728,7280000,7280100,126,209,7290000,9759
8,729,7290000,7290100,126,209,7300000,9771
8,73,730000,730100,126,209,740000,981
8,730,7300000,7300100,126,209,7310000,9784
8,731,7310000,7310100,126,209,7320000,9794
8,732,7320000,7320100,126,209,7330000,9810
8,733,7330000,7330100,126,209,7340000,9822
8,734,7340000,7340100,126,209,7350000,9834
8,735,7350000,7350100,126,209,7360000,9849
8,736,7360000,7360100,126,209,7370000,9866
8,737,7370000,7370100,126,209,7380000,9877
8,738,7380000,7380100,126,209,7390000,9891
8,739,7390000,7390100,126,209,7400000,9901
8,74,740000,740100,126,209,750000,993
8,740,7400000,7400100,126,209,7410000,9917
8,741,7410000,7410100,126,209,7420000,9927
8,742,7420000,7420100,126,209,7430000,9946
8,743,7430000,7430100,126,209,7440000,9956
8,744,7440000,7440100,126,209,7450000,9973
8,745,7450000,7450100,126,209,7460000,9984
8,746,7460000,7460100,126,209,7470000,9996
8,747,7470000,7470100,126,209,7480000,10009
8,748,7480000,7480100,126,209,7490000,10024
8,749,7490000,7490100,126,209,7500000,10036
8,75,750000,750100,126,209,760000,1006
8,750,7500000,7500100,126,209,7510000,10051
8,751,7510000,7510100,126,209,7520000,10063
8,752,7520000,7520100,126,209,7530000,10081
8,753,7530000,7530100,126,209,7540000,10091
8,754,7540000,7540100,126,209,7550000,10103
8,755,7550000,7550100,126,209,7560000,10114
8,756,7560000,7560100,126,209,7570000,10133
8,757,7570000,7570100,126,209,7580000,10146
8,758,7580000,7580100,126,209,7590000,10158
8,759,7590000,7590100,126,209,7600000,10168
8,76,760000,760100,126,209,770000,1023
8,760,7600000,7600100,126,209,7610000,10188
8,761,7610000,7610100,126,209,7620000,10198
8,762,7620000,7620100,126,209,7630000,10211
8,763,7630000,7630100,126,209,7640000,10223
8,764,7640000,7640100,126,209,7650000,10238
8,765,7650000,7650100,126,209,7660000,10253
8,766,7660000,7660100,126,209,7670000,10265
8,767,7670000,7670100,126,209,7680000,10276
8,768,7680000,7680100,126,209,7690000,10293
8,769,7690000,7690100,126,209,7700000,10305
8,77,770000,770100,126,209,780000,1036
8,770,7700000,7700100,126,209,7710000,10320
8,771,7710000,7710100,126,209,7720000,10330
8,772,7720000,7720100,126,209,7730000,10348
8,773,7730000,7730100,126,209,7740000,10358
8,774,7740000,7740100,126,209,7750000,10372
8,775,7750000,7750100,126,209,7760000,10383
8,776,7760000,7760100,126,209,7770000,10400
8,777,7770000,7770100,126,209,7780000,10413
8,778,7780000,7780100,126,209,7790000,10427
8,779,7790000,7790100,126,209,7800000,10437
8,78,780000,780100,126,209,790000,1048
8,780,7800000,7800100,126,209,7810000,10455
8,781,7810000,7810100,126,209,7820000,10465
8,782,7820000,7820100,126,209,7830000,10478
8,783,7830000,7830100,126,209,7840000,10490
8,784,7840000,7840100,126,209,7850000,10509
8,785,7850000,7850100,126,209,7860000,10520
8,786,7860000,7860100,126,209,7870000,10532
8,787,7870000,7870100,126,209,7880000,10547
8,788,7880000,7880100,126,209,7890000,10562
8,789,7890000,7890100,126,209,7900000,10572
8,79,790000,790100,126,209,800000,1058
8,790,7900000,7900100,126,209,7910000,10585
8,791,7910000,7910100,126,209,7920000,10597
8,792,7920000,7920100,126,209,7930000,10617
8,793,7930000,7930100,126,209,7940000,10627
8,794,7940000,7940100,126,209,7950000,10639
8,795,7950000,7950100,126,209,7960000,10652
8,796,7960000,7960100,126,209,7970000,10669
8,797,7970000,7970100,126,209,7980000,10680
8,798,7980000,7980100,126,209,7990000,10694
8,799,7990000,7990100,126,209,8000000,10704
8,8,80000,80100,126,209,90000,113
8,80,800000,800100,126,209,810000,1076
8,800,8000000,8000100,126,209,8010000,10722
8,801,8010000,8010100,126,209,8020000,10734
8,802,8020000,8020100,126,209,8030000,10749
8,803,8030000,8030100,126,209,8040000,10759
8,804,8040000,8040100,126,209,8050000,10774
8,805,8050000,8050100,126,209,8060000,10789
8,806,8060000,8060100,126,209,8070000,10801
8,807,8070000,8070100,126,209,8080000,10812
8,808,8080000,8080100,126,209,8090000,10829
8,809,8090000,8090100,126,209,8100000,10839
8,81,810000,810100,126,209,820000,1088
8,810,8100000,8100100,126,209,8110000,10856
8,811,8110000,8110100,126,209,8120000,10866
8,812,8120000,8120100,126,209,8130000,10884
8,813,8130000,8130100,126,209,8140000,10894
8,814,8140000,8140100,126,209,8150000,10908
8,815,8150000,8150100,126,209,8160000,10919
8,816,8160000,8160100,126,209,8170000,10936
8,817,8170000,8170100,126,209,8180000,10949
8,818,8180000,8180100,126,209,8190000,10961
8,819,8190000,8190100,126,209,8200000,10975
8,82,820000,820100,126,209,830000,1103
8,820,8200000,8200100,126,209,8210000,10991
8,821,8210000,8210100,126,209,8220000,11001
8,822,8220000,8220100,126,209,8230000,11014
8,823,8230000,8230100,126,209,8240000,11026
8,824,8240000,8240100,126,209,8250000,11043
8,825,8250000,8250100,126,209,8260000,11056
8,826,8260000,8260100,126,209,8270000,11070
8,827,8270000,8270100,126,209,8280000,11081
8,828,8280000,8280100,126,209,8290000,11098
8,829,8290000,8290100,126,209,8300000,11108
8,83,830000,830100,126,209,840000,1113
8,830,8300000,8300100,126,209,8310000,11121
8,831,8310000,8310100,126,209,8320000,11131
8,832,8320000,8320100,126,209,8330000,11153
8,833,8330000,8330100,126,209,8340000,11165
8,834,8340000,8340100,126,209,8350000,11177
8,835,8350000,8350100,126,209,8360000,11188
8,836,8360000,8360100,126,209,8370000,11203
8,837,8370000,8370100,126,209,8380000,11216
8,838,8380000,8380100,126,209,8390000,11228
8,839,8390000,8390100,126,209,8400000,11238
8,84,840000,840100,126,209,850000,1130
8,840,8400000,8400100,126,209,8410000,11260
8,841,8410000,8410100,126,209,8420000,11272
8,842,8420000,8420100,126,209,8430000,11285
8,843,8430000,8430100,126,209,8440000,11295
8,844,8440000,8440100,126,209,8450000,11310
8,845,8450000,8450100,126,209,8460000,11321
8,846,8460000,8460100,126,209,8470000,11335
8,847,8470000,8470100,126,209,8480000,11350
8,848,8480000,8480100,126,209,8490000,11367
8,849,8490000,8490100,126,209,8500000,11377
8,85,850000,850100,126,209,860000,1143
8,850,8500000,8500100,126,209,8510000,11392
8,851,8510000,8510100,126,209,8520000,11402
8,852,8520000,8520100,126,209,8530000,11418
8,853,8530000,8530100,126,209,8540000,11428
8,854,8540000,8540100,126,209,8550000,11442
8,855,8550000,8550100,126,209,8560000,11457
8,856,8560000,8560100,126,209,8570000,11474
8,857,8570000,8570100,126,209,8580000,11485
8,858,8580000,8580100,126,209,8590000,11497
8,859,8590000,8590100,126,209,8600000,11509
8,86,860000,860100,126,209,870000,1155
8,860,8600000,8600100,126,209,8610000,11525
8,861,8610000,8610100,126,209,8620000,11537
8,862,8620000,8620100,126,209,8630000,11552
8,863,8630000,8630100,126,209,8640000,11562
8,864,8640000,8640100,126,209,8650000,11581
8,865,8650000,8650100,126,209,8660000,11592
8,866,8660000,8660100,126,209,8670000,11604
8,867,8670000,8670100,126,209,8680000,11615
8,868,8680000,8680100,126,209,8690000,11634
8,869,8690000,8690100,126,209,8700000,11644
8,87,870000,870100,126,209,880000,1166
8,870,8700000,8700100,126,209,8710000,11659
8,871,8710000,8710100,126,209,8720000,11669
8,872,8720000,8720100,126,209,8730000,11687
8,873,8730000,8730100,126,209,8740000,11699
8,874,8740000,8740100,126,209,8750000,11711
8,875,8750000,8750100,126,209,8760000,11724
8,876,8760000,8760100,126,209,8770000,11739
8,877,8770000,8770100,126,209,8780000,11754
8,878,8780000,8780100,126,209,8790000,11766
8,879,8790000,8790100,126,209,8800000,11776
8,88,880000,880100,126,209,890000,1183
8,880,8800000,8800100,126,209,8810000,11794
8,881,8810000,8810100,126,209,8820000,11804
8,882,8820000,8820100,126,209,8830000,11821
8,883,8830000,8830100,126,209,8840000,11831
8,884,8840000,8840100,126,209,8850000,11846
8,885,8850000,8850100,126,209,8860000,11859
8,886,8860000,8860100,126,209,8870000,11873
8,887,8870000,8870100,126,209,8880000,11884
8,888,8880000,8880100,126,209,8890000,11901
8,889,8890000,8890100,126,209,8900000,11913
8,89,890000,890100,126,209,900000,1193
8,890,8900000,8900100,126,209,8910000,11926
8,891,8910000,8910100,126,209,8920000,11938
8,892,8920000,8920100,126,209,8930000,11956
8,893,8930000,8930100,126,209,8940000,11966
8,894,8940000,8940100,126,209,8950000,11978
8,895,8950000,8950100,126,209,8960000,11991
8,896,8960000,8960100,126,209,8970000,12010
8,897,8970000,8970100,126,209,8980000,12021
8,898,8980000,8980100,126,209,8990000,12033
8,899,8990000,8990100,126,209,9000000,12043
8,9,90000,90100,126,209,100000,125
8,90,900000,900100,126,209,910000,1210
8,900,9000000,9000100,126,209,9010000,12063
8,901,9010000,9010100,126,209,9020000,12073
8,902,9020000,9020100,126,209,9030000,12086
8,903,9030000,9030100,126,209,9040000,12098
8,904,9040000,9040100,126,209,9050000,12117
8,905,9050000,9050100,126,209,9060000,12128
8,906,9060000,9060100,126,209,9070000,12140
8,907,9070000,9070100,126,209,9080000,12153
8,908,9080000,9080100,126,209,9090000,12168
8,909,9090000,9090100,126,209,9100000,12180
8,91,910000,910100,126,209,920000,1222
8,910,9100000,9100100,126,209,9110000,12195
8,911,9110000,9110100,126,209,9120000,12205
8,912,9120000,9120100,126,209,9130000,12223
8,913,9130000,9130100,126,209,9140000,12235
8,914,9140000,9140100,126,209,9150000,12247
8,915,9150000,9150100,126,209,9160000,12260
8,916,9160000,9160100,126,209,9170000,12275
8,917,9170000,9170100,126,209,9180000,12288
8,918,9180000,9180100,126,209,9190000,12302
8,919,9190000,9190100,126,209,9200000,12312
8,92,920000,920100,126,209,930000,1238
8,920,9200000,9200100,126,209,9210000,12330
8,921,9210000,9210100,126,209,9220000,12340
8,922,9220000,9220100,126,209,9230000,12357
8,923,9230000,9230100,126,209,9240000,12367
8,924,9240000,9240100,126,209,9250000,12384
8,925,9250000,9250100,126,209,9260000,12395
8,926,9260000,9260100,126,209,9270000,12407
8,927,9270000,9270100,126,209,9280000,12420
8,928,9280000,9280100,126,209,9290000,12437
8,929,9290000,9290100,126,209,9300000,12447
8,93,930000,930100,126,209,940000,1248
8,930,9300000,9300100,126,209,9310000,12462
8,931,9310000,9310100,126,209,9320000,12476
8,932,9320000,9320100,126,209,9330000,12492
8,933,9330000,9330100,126,209,9340000,12502
8,934,9340000,9340100,126,209,9350000,12514
8,935,9350000,9350100,126,209,9360000,12525
8,936,9360000,9360100,126,209,9370000,12544
8,937,9370000,9370100,126,209,9380000,12557
8,938,9380000,9380100,126,209,9390000,12571
8,939,9390000,9390100,126,209,9400000,12581
8,94,940000,940100,126,209,950000,1262
8,940,9400000,9400100,126,209,9410000,12599
8,941,9410000,9410100,126,209,9420000,12609
8,942,9420000,9420100,126,209,9430000,12622
8,943,9430000,9430100,126,209,9440000,12632
8,944,9440000,9440100,126,209,9450000,12649
8,945,9450000,9450100,126,209,9460000,12666
8,946,9460000,9460100,126,209,9470000,12678
8,947,9470000,9470100,126,209,9480000,12689
8,948,9480000,9480100,126,209,9490000,12704
8,949,9490000,9490100,126,209,9500000,12716
8,95,950000,950100,126,209,960000,1273
8,950,9500000,9500100,126,209,9510000,12729
8,951,9510000,9510100,126,209,9520000,12739
8,952,9520000,9520100,126,209,9530000,12761
8,953,9530000,9530100,126,209,9540000,12771
8,954,9540000,9540100,126,209,9550000,12785
8,955,9550000,9550100,126,209,9560000,12796
8,956,9560000,9560100,126,209,9570000,12811
8,957,9570000,9570100,126,209,9580000,12822
8,958,9580000,9580100,126,209,9590000,12836
8,959,9590000,9590100,126,209,9600000,12848
8,96,960000,960100,126,209,970000,1290
8,960,9600000,9600100,126,209,9610000,12868
8,961,9610000,9610100,126,209,9620000,12878
8,962,9620000,9620100,126,209,9630000,12891
8,963,9630000,9630100,126,209,9640000,12903
8,964,9640000,9640100,126,209,9650000,12918
8,965,9650000,9650100,126,209,9660000,12929
8,966,9660000,9660100,126,209,9670000,12943
8,967,9670000,9670100,126,209,9680000,12958
8,968,9680000,9680100,126,209,9690000,12975
8,969,9690000,9690100,126,209,9700000,12985
8,97,970000,970100,126,209,980000,1303
8,970,9700000,9700100,126,209,9710000,12998
8,971,9710000,9710100,126,209,9720000,13008
8,972,9720000,9720100,126,209,9730000,13026
8,973,9730000,9730100,126,209,9740000,13038
8,974,9740000,9740100,126,209,9750000,13050
8,975,9750000,9750100,126,209,9760000,13063
8,976,9760000,9760100,126,209,9770000,13082
8,977,9770000,9770100,126,209,9780000,13093
8,978,9780000,9780100,126,209,9790000,13105
8,979,9790000,9790100,126,209,9800000,13115
8,98,980000,980100,126,209,990000,1317
8,980,9800000,9800100,126,209,9810000,13133
8,981,9810000,9810100,126,209,9820000,13145
8,982,9820000,9820100,126,209,9830000,13160
8,983,9830000,9830100,126,209,9840000,13170
8,984,9840000,9840100,126,209,9850000,13187
8,985,9850000,9850100,126,209,9860000,13200
8,986,9860000,9860100,126,209,9870000,13212
8,987,9870000,9870100,126,209,9880000,13225
8,988,9880000,9880100,126,209,9890000,13240
8,989,9890000,9890100,126,209,9900000,13250
8,99,990000,990100,126,209,1000000,1329
8,990,9900000,9900100,126,209,9910000,13267
8,991,9910000,9910100,126,209,9920000,13277
8,992,9920000,9920100,126,209,9930000,13295
8,993,9930000,9930100,126,209,9940000,13305
8,994,9940000,9940100,126,209,9950000,13321
8,995,9950000,9950100,126,209,9960000,13332
8,996,9960000,9960100,126,209,9970000,13347
8,997,9970000,9970100,126,209,9980000,13360
8,998,9980000,9980100,126,209,9990000,13372
8,999,9990000,9990100,126,209,10000000,13384
9,0,0,100,533,888,10000,9
9,1,10000,10100,533,888,20000,19
9,10,100000,100100,533,888,110000,139
9,100,1000000,1000100,533,888,1010000,1346
9,1000,10000000,10000100,533,888,10010000,13403
9,1001,10010000,10010100,533,888,10020000,13415
9,1002,10020000,10020100,533,888,10030000,13428
9,1003,10030000,10030100,533,888,10040000,13440
9,1004,10040000,10040100,533,888,10050000,13455
9,1005,10050000,10050100,533,888,10060000,13468
9,1006,10060000,10060100,533,888,10070000,13480
9,1007,10070000,10070100,533,888,10080000,13491
9,1008,10080000,10080100,533,888,10090000,13512
9,1009,10090000,10090100,533,888,10100000,13522
9,101,1010000,1010100,533,888,1020000,1356
9,1010,10100000,10100100,533,888,10110000,13535
9,1011,10110000,10110100,533,888,10120000,13545
9,1012,10120000,10120100,533,888,10130000,13565
9,1013,10130000,10130100,533,888,10140000,13575
9,1014,10140000,10140100,533,888,10150000,13587
9,1015,10150000,10150100,533,888,10160000,13600
9,1016,10160000,10160100,533,888,10170000,13617
9,1017,10170000,10170100,533,888,10180000,13630
9,1018,10180000,10180100,533,888,10190000,13642
9,1019,10190000,10190100,533,888,10200000,13652
9,102,1020000,1020100,533,888,1030000,1369
9,1020,10200000,10200100,533,888,10210000,13670
9,1021,10210000,10210100,533,888,10220000,13682
9,1022,10220000,10220100,533,888,10230000,13697
9,1023,10230000,10230100,533,888,10240000,13707
9,1024,10240000,10240100,533,888,10250000,13724
9,1025,10250000,10250100,533,888,10260000,13735
9,1026,10260000,10260100,533,888,10270000,13749
9,1027,10270000,10270100,533,888,10280000,13762
9,1028,10280000,10280100,533,888,10290000,13777
9,1029,10290000,10290100,533,888,10300000,13789
9,103,1030000,1030100,533,888,1040000,1381
9,1030,10300000,10300100,533,888,10310000,13804
9,1031,10310000,10310100,533,888,10320000,13814
9,1032,10320000,10320100,533,888,10330000,13832
9,1033,10330000,10330100,533,888,10340000,13842
9,1034,10340000,10340100,533,888,10350000,13854
9,1035,10350000,10350100,533,888,10360000,13869
9,1036,10360000,10360100,533,888,10370000,13886
9,1037,10370000,10370100,533,888,10380000,13897
9,1038,10380000,10380100,533,888,10390000,13909
9,1039,10390000,10390100,533,888,10400000,13921
9,104,1040000,1040100,533,888,1050000,1398
9,1040,10400000,10400100,533,888,10410000,13939
9,1041,10410000,10410100,533,888,10420000,13949
9,1042,10420000,10420100,533,888,10430000,13964
9,1043,10430000,10430100,533,888,10440000,13976
9,1044,10440000,10440100,533,888,10450000,13993
9,1045,10450000,10450100,533,888,10460000,14004
9,1046,10460000,10460100,533,888,10470000,14016
9,1047,10470000,10470100,533,888,10480000,14027
9,1048,10480000,10480100,533,888,10490000,14046
9,1049,10490000,10490100,533,888,10500000,14056
9,105,1050000,1050100,533,888,1060000,1413
9,1050,10500000,10500100,533,888,10510000,14073
9,1051,10510000,10510100,533,888,10520000,14083
9,1052,10520000,10520100,533,888,10530000,14099
9,1053,10530000,10530100,533,888,10540000,14111
9,1054,10540000,10540100,533,888,10550000,14123
9,1055,10550000,10550100,533,888,10560000,14134
9,1056,10560000,10560100,533,888,10570000,14151
9,1057,10570000,10570100,533,888,10580000,14168
9,1058,10580000,10580100,533,888,10590000,14180
9,1059,10590000,10590100,533,888,10600000,14190
9,106,1060000,1060100,533,888,1070000,1425
9,1060,10600000,10600100,533,888,10610000,14206
9,1061,10610000,10610100,533,888,10620000,14216
9,1062,10620000,10620100,533,888,10630000,14231
9,1063,10630000,10630100,533,888,10640000,14241
9,1064,10640000,10640100,533,888,10650000,14260
9,1065,10650000,10650100,533,888,10660000,14273
9,1066,10660000,10660100,533,888,10670000,14287
9,1067,10670000,10670100,533,888,10680000,14298
9,1068,10680000,10680100,533,888,10690000,14313
9,1069,10690000,10690100,533,888,10700000,14323
9,107,1070000,1070100,533,888,1080000,1436
9,1070,10700000,10700100,533,888,10710000,14336
9,1071,10710000,10710100,533,888,10720000,14350
9,1072,10720000,10720100,533,888,10730000,14370
9,1073,10730000,10730100,533,888,10740000,14380
9,1074,10740000,10740100,533,888,10750000,14392
9,1075,10750000,10750100,533,888,10760000,14405
9,1076,10760000,10760100,533,888,10770000,14420
9,1077,10770000,10770100,533,888,10780000,14431
9,1078,10780000,10780100,533,888,10790000,14445
9,1079,10790000,10790100,533,888,10800000,14455
9,108,1080000,1080100,533,888,1090000,1453
9,1080,10800000,10800100,533,888,10810000,14477
9,1081,10810000,10810100,533,888,10820000,14487
9,1082,10820000,10820100,533,888,10830000,14500
9,1083,10830000,10830100,533,888,10840000,14510
9,1084,10840000,10840100,533,888,10850000,14527
9,1085,10850000,10850100,533,888,10860000,14540
9,1086,10860000,10860100,533,888,10870000,14552
9,1087,10870000,10870100,533,888,10880000,14565
9,1088,10880000,10880100,533,888,10890000,14582
9,1089,10890000,10890100,533,888,10900000,14594
9,109,1090000,1090100,533,888,1100000,1463
9,1090,10900000,10900100,533,888,10910000,14607
9,1091,10910000,10910100,533,888,10920000,14617
9,1092,10920000,10920100,533,888,10930000,14635
9,1093,10930000,10930100,533,888,10940000,14647
9,1094,10940000,10940100,533,888,10950000,14659
9,1095,10950000,10950100,533,888,10960000,14672
9,1096,10960000,10960100,533,888,10970000,14689
9,1097,10970000,10970100,533,888,10980000,14700
9,1098,10980000,10980100,533,888,10990000,14714
9,1099,10990000,10990100,533,888,11000000,14726
9,11,110000,110100,533,888,120000,149
9,110,1100000,1100100,533,888,1110000,1476
9,1100,11000000,11000100,533,888,11010000,14742
9,1101,11010000,11010100,533,888,11020000,14752
9,1102,11020000,11020100,533,888,11030000,14769
9,1103,11030000,11030100,533,888,11040000,14779
9,1104,11040000,11040100,533,888,11050000,14796
9,1105,11050000,11050100,533,888,11060000,14807
9,1106,11060000,11060100,533,888,11070000,14821
9,1107,11070000,11070100,533,888,11080000,14834
9,1108,11080000,11080100,533,888,11090000,14849
9,1109,11090000,11090100,533,888,11100000,14859
9,111,1110000,1110100,533,888,1120000,1486
9,1110,11100000,11100100,533,888,11110000,14874
9,1111,11110000,11110100,533,888,11120000,14886
9,1112,11120000,11120100,533,888,11130000,14904
9,1113,11130000,11130100,533,888,11140000,14916
9,1114,11140000,11140100,533,888,11150000,14928
9,1115,11150000,11150100,533,888,11160000,14939
9,1116,11160000,11160100,533,888,11170000,14956
9,1117,11170000,11170100,533,888,11180000,14969
9,1118,11180000,11180100,533,888,11190000,14981
9,1119,11190000,11190100,533,888,11200000,14991
9,112,1120000,1120100,533,888,1130000,1510
9,1120,11200000,11200100,533,888,11210000,15013
9,1121,11210000,11210100,533,888,11220000,15023
9,1122,11220000,11220100,533,888,11230000,15036
9,1123,11230000,11230100,533,888,11240000,15046
9,1124,11240000,11240100,533,888,11250000,15061
9,1125,11250000,11250100,533,888,11260000,15076
9,1126,11260000,11260100,533,888,11270000,15088
9,1127,11270000,11270100,533,888,11280000,15101
9,1128,11280000,11280100,533,888,11290000,15118
9,1129,11290000,11290100,533,888,11300000,15130
9,113,1130000,1130100,533,888,1140000,1520
9,1130,11300000,11300100,533,888,11310000,15143
9,1131,11310000,11310100,533,888,11320000,15153
9,1132,11320000,11320100,533,888,11330000,15171
9,1133,11330000,11330100,533,888,11340000,15181
9,1134,11340000,11340100,533,888,11350000,15197
9,1135,11350000,11350100,533,888,11360000,15208
9,1136,11360000,11360100,533,888,11370000,15225
9,1137,11370000,11370100,533,888,11380000,15236
9,1138,11380000,11380100,533,888,11390000,15250
9,1139,11390000,11390100,533,888,11400000,15260
9,114,1140000,1140100,533,888,1150000,1532
9,1140,11400000,11400100,533,888,11410000,15278
9,1141,11410000,11410100,533,888,11420000,15290
9,1142,11420000,11420100,533,888,11430000,15303
9,1143,11430000,11430100,533,888,11440000,15315
9,1144,11440000,11440100,533,888,11450000,15332
9,1145,11450000,11450100,533,888,11460000,15343
9,1146,11460000,11460100,533,888,11470000,15355
9,1147,11470000,11470100,533,888,11480000,15370
9,1148,11480000,11480100,533,888,11490000,15387
9,1149,11490000,11490100,533,888,11500000,15397
9,115,1150000,1150100,533,888,1160000,1543
9,1150,11500000,11500100,533,888,11510000,15410
9,1151,11510000,11510100,533,888,11520000,15420
9,1152,11520000,11520100,533,888,11530000,15440
9,1153,11530000,11530100,533,888,11540000,15450
9,1154,11540000,11540100,533,888,11550000,15462
9,1155,11550000,11550100,533,888,11560000,15477
9,1156,11560000,11560100,533,888,11570000,15494
9,1157,11570000,11570100,533,888,11580000,15505
9,1158,11580000,11580100,533,888,11590000,15517
9,1159,11590000,11590100,533,888,11600000,15527
9,116,1160000,1160100,533,888,1170000,1558
9,1160,11600000,11600100,533,888,11610000,15545
9,1161,11610000,11610100,533,888,11620000,15557
9,1162,11620000,11620100,533,888,11630000,15574
9,1163,11630000,11630100,533,888,11640000,15584
9,1164,11640000,11640100,533,888,11650000,15599
9,1165,11650000,11650100,533,888,11660000,15612
9,1166,11660000,11660100,533,888,11670000,15624
9,1167,11670000,11670100,533,888,11680000,15635
9,1168,11680000,11680100,533,888,11690000,15652
9,1169,11690000,11690100,533,888,11700000,15664
9,117,1170000,1170100,533,888,1180000,1571
9,1170,11700000,11700100,533,888,11710000,15681
9,1171,11710000,11710100,533,888,11720000,15691
9,1172,11720000,11720100,533,888,11730000,15707
9,1173,11730000,11730100,533,888,11740000,15717
9,1174,11740000,11740100,533,888,11750000,15731
9,1175,11750000,11750100,533,888,11760000,15742
9,1176,11760000,11760100,533,888,11770000,15761
9,1177,11770000,11770100,533,888,11780000,15774
9,1178,11780000,11780100,533,888,11790000,15786
9,1179,11790000,11790100,533,888,11800000,15798
9,118,1180000,1180100,533,888,1190000,1583
9,1180,11800000,11800100,533,888,11810000,15814
9,1181,11810000,11810100,533,888,11820000,15824
9,1182,11820000,11820100,533,888,11830000,15837
9,1183,11830000,11830100,533,888,11840000,15851
9,1184,11840000,11840100,533,888,11850000,15868
9,1185,11850000,11850100,533,888,11860000,15881
9,1186,11860000,11860100,533,888,11870000,15893
9,1187,11870000,11870100,533,888,11880000,15904
9,1188,11880000,11880100,533,888,11890000,15921
9,1189,11890000,11890100,533,888,11900000,15931
9,119,1190000,1190100,533,888,1200000,1595
9,1190,11900000,11900100,533,888,11910000,15946
9,1191,11910000,11910100,533,888,11920000,15956
9,1192,11920000,11920100,533,888,11930000,15978
9,1193,11930000,11930100,533,888,11940000,15988
9,1194,11940000,11940100,533,888,11950000,16000
9,1195,11950000,11950100,533,888,11960000,16011
9,1196,11960000,11960100,533,888,11970000,16026
9,1197,11970000,11970100,533,888,11980000,16041
9,1198,11980000,11980100,533,888,11990000,16053
9,1199,11990000,11990100,533,888,12000000,16063
9,12,120000,120100,533,888,130000,165
9,120,1200000,1200100,533,888,1210000,1615
9,1200,12000000,12000100,533,888,12010000,16083
9,1201,12010000,12010100,533,888,12020000,16095
9,1202,12020000,12020100,533,888,12030000,16108
9,1203,12030000,12030100,533,888,12040000,16118
9,1204,12040000,12040100,533,888,12050000,16135
9,1205,12050000,12050100,533,888,12060000,16146
9,1206,12060000,12060100,533,888,12070000,16160
9,1207,12070000,12070100,533,888,12080000,16173
9,1208,12080000,12080100,533,888,12090000,16190
9,1209,12090000,12090100,533,888,12100000,16200
9,121,1210000,1210100,533,888,1220000,1627
9,1210,12100000,12100100,533,888,12110000,16215
9,1211,12110000,12110100,533,888,12120000,16227
9,1212,12120000,12120100,533,888,12130000,16243
9,1213,12130000,12130100,533,888,12140000,16253
9,1214,12140000,12140100,533,888,12150000,16265
9,1215,12150000,12150100,533,888,12160000,16280
9,1216,12160000,12160100,533,888,12170000,16297
9,1217,12170000,12170100,533,888,12180000,16308
9,1218,12180000,12180100,533,888,12190000,16322
9,1219,12190000,12190100,533,888,12200000,16334
9,122,1220000,1220100,533,888,1230000,1640
9,1220,12200000,12200100,533,888,12210000,16350
9,1221,12210000,12210100,533,888,12220000,16360
9,1222,12220000,12220100,533,888,12230000,16375
9,1223,12230000,12230100,533,888,12240000,16385
9,1224,12240000,12240100,533,888,12250000,16404
9,1225,12250000,12250100,533,888,12260000,16417
9,1226,12260000,12260100,533,888,12270000,16429
9,1227,12270000,12270100,533,888,12280000,16440
9,1228,12280000,12280100,533,888,12290000,16457
9,1229,12290000,12290100,533,888,12300000,16467
9,123,1230000,1230100,533,888,1240000,1650
9,1230,12300000,12300100,533,888,12310000,16482
9,1231,12310000,12310100,533,888,12320000,16492
9,1232,12320000,12320100,533,888,12330000,16512
9,1233,12330000,12330100,533,888,12340000,16524
9,1234,12340000,12340100,533,888,12350000,16536
9,1235,12350000,12350100,533,888,12360000,16547
9,1236,12360000,12360100,533,888,12370000,16562
9,1237,12370000,12370100,533,888,12380000,16577
9,1238,12380000,12380100,533,888,12390000,16589
9,1239,12390000,12390100,533,888,12400000,16601
9,124,1240000,1240100,533,888,1250000,1665
9,1240,12400000,12400100,533,888,12410000,16619
9,1241,12410000,12410100,533,888,12420000,16629
9,1242,12420000,12420100,533,888,12430000,16644
9,1243,12430000,12430100,533,888,12440000,16654
9,1244,12440000,12440100,533,888,12450000,16669
9,1245,12450000,12450100,533,888,12460000,16682
9,1246,12460000,12460100,533,888,12470000,16698
9,1247,12470000,12470100,533,888,12480000,16709
9,1248,12480000,12480100,533,888,12490000,16726
9,1249,12490000,12490100,533,888,12500000,16736
9,125,1250000,1250100,533,888,1260000,1676
9,1250,12500000,12500100,533,888,12510000,16749
9,1251,12510000,12510100,533,888,12520000,16761
9,1252,12520000,12520100,533,888,12530000,16779
9,1253,12530000,12530100,533,888,12540000,16791
9,1254,12540000,12540100,533,888,12550000,16803
9,1255,12550000,12550100,533,888,12560000,16816
9,1256,12560000,12560100,533,888,12570000,16833
9,1257,12570000,12570100,533,888,12580000,16844
9,1258,12580000,12580100,533,888,12590000,16856
9,1259,12590000,12590100,533,888,12600000,16866
9,126,1260000,1260100,533,888,1270000,1692
9,1260,12600000,12600100,533,888,12610000,16888
9,1261,12610000,12610100,533,888,12620000,16898
9,1262,12620000,12620100,533,888,12630000,16911
9,1263,12630000,12630100,533,888,12640000,16921
9,1264,12640000,12640100,533,888,12650000,16940
9,1265,12650000,12650100,533,888,12660000,16951
9,1266,12660000,12660100,533,888,12670000,16963
9,1267,12670000,12670100,533,888,12680000,16978
9,1268,12680000,12680100,533,888,12690000,16993
9,1269,12690000,12690100,533,888,12700000,17005
9,127,1270000,1270100,533,888,1280000,1705
9,1270,12700000,12700100,533,888,12710000,17018
9,1271,12710000,12710100,533,888,12720000,17028
9,1272,12720000,12720100,533,888,12730000,17046
9,1273,12730000,12730100,533,888,12740000,17058
9,1274,12740000,12740100,533,888,12750000,17072
9,1275,12750000,12750100,533,888,12760000,17085
9,1276,12760000,12760100,533,888,12770000,17100
9,1277,12770000,12770100,533,888,12780000,17111
9,1278,12780000,12780100,533,888,12790000,17125
9,1279,12790000,12790100,533,888,12800000,17135
9,128,1280000,1280100,533,888,1290000,1722
9,1280,12800000,12800100,533,888,12810000,17153
9,1281,12810000,12810100,533,888,12820000,17165
9,1282,12820000,12820100,533,888,12830000,17182
9,1283,12830000,12830100,533,888,12840000,17192
9,1284,12840000,12840100,533,888,12850000,17207
9,1285,12850000,12850100,533,888,12860000,17218
9,1286,12860000,12860100,533,888,12870000,17230
9,1287,12870000,12870100,533,888,12880000,17243
9,1288,12880000,12880100,533,888,12890000,17262
9,1289,12890000,12890100,533,888,12900000,17272
9,129,1290000,1290100,533,888,1300000,1732
9,1290,12900000,12900100,533,888,12910000,17287
9,1291,12910000,12910100,533,888,12920000,17299
9,1292,12920000,12920100,533,888,12930000,17315
9,1293,12930000,12930100,533,888,12940000,17325
9,1294,12940000,12940100,533,888,12950000,17337
9,1295,12950000,12950100,533,888,12960000,17350
9,1296,12960000,12960100,533,888,12970000,17369
9,1297,12970000,12970100,533,888,12980000,17382
9,1298,12980000,12980100,533,888,12990000,17394
9,1299,12990000,12990100,533,888,13000000,17404
9,13,130000,130100,533,888,140000,177
9,130,1300000,1300100,533,888,1310000,1747
9,1300,13000000,13000100,533,888,13010000,17422
9,1301,13010000,13010100,533,888,13020000,17432
9,1302,13020000,13020100,533,888,13030000,17447
9,1303,13030000,13030100,533,888,13040000,17457
9,1304,13040000,13040100,533,888,13050000,17474
9,1305,13050000,13050100,533,888,13060000,17489
9,1306,13060000,13060100,533,888,13070000,17501
9,1307,13070000,13070100,533,888,13080000,17512
9,1308,13080000,13080100,533,888,13090000,17527
9,1309,13090000,13090100,533,888,13100000,17541
9,131,1310000,1310100,533,888,1320000,1757
9,1310,13100000,13100100,533,888,13110000,17554
9,1311,13110000,13110100,533,888,13120000,17564
9,1312,13120000,13120100,533,888,13130000,17584
9,1313,13130000,13130100,533,888,13140000,17594
9,1314,13140000,13140100,533,888,13150000,17608
9,1315,13150000,13150100,533,888,13160000,17619
9,1316,13160000,13160100,533,888,13170000,17636
9,1317,13170000,13170100,533,888,13180000,17647
9,1318,13180000,13180100,533,888,13190000,17661
9,1319,13190000,13190100,533,888,13200000,17671
9,132,1320000,1320100,533,888,1330000,1773
9,1320,13200000,13200100,533,888,13210000,17691
9,1321,13210000,13210100,533,888,13220000,17701
9,1322,13220000,13220100,533,888,13230000,17714
9,1323,13230000,13230100,533,888,13240000,17728
9,1324,13240000,13240100,533,888,13250000,17743
9,1325,13250000,13250100,533,888,13260000,17754
9,1326,13260000,13260100,533,888,13270000,17766
9,1327,13270000,13270100,533,888,13280000,17781
9,1328,13280000,13280100,533,888,13290000,17798
9,1329,13290000,13290100,533,888,13300000,17808
9,133,1330000,1330100,533,888,1340000,1785
9,1330,13300000,13300100,533,888,13310000,17823
9,1331,13310000,13310100,533,888,13320000,17833
9,1332,13320000,13320100,533,888,13330000,17851
9,1333,13330000,13330100,533,888,13340000,17861
9,1334,13340000,13340100,533,888,13350000,17873
9,1335,13350000,13350100,533,888,13360000,17886
9,1336,13360000,13360100,533,888,13370000,17905
9,1337,13370000,13370100,533,888,13380000,17918
9,1338,13380000,13380100,533,888,13390000,17930
9,1339,13390000,13390100,533,888,13400000,17940
9,134,1340000,1340100,533,888,1350000,1797
9,1340,13400000,13400100,533,888,13410000,17956
9,1341,13410000,13410100,533,888,13420000,17968
9,1342,13420000,13420100,533,888,13430000,17983
9,1343,13430000,13430100,533,888,13440000,17993
9,1344,13440000,13440100,533,888,13450000,18012
9,1345,13450000,13450100,533,888,13460000,18025
9,1346,13460000,13460100,533,888,13470000,18037
9,1347,13470000,13470100,533,888,13480000,18048
9,1348,13480000,13480100,533,888,13490000,18063
9,1349,13490000,13490100,533,888,13500000,18073
9,135,1350000,1350100,533,888,1360000,1812
9,1350,13500000,13500100,533,888,13510000,18090
9,1351,13510000,13510100,533,888,13520000,18102
9,1352,13520000,13520100,533,888,13530000,18120
9,1353,13530000,13530100,533,888,13540000,18130
9,1354,13540000,13540100,533,888,13550000,18144
9,1355,13550000,13550100,533,888,13560000,18155
9,1356,13560000,13560100,533,888,13570000,18170
9,1357,13570000,13570100,533,888,13580000,18183
9,1358,13580000,13580100,533,888,13590000,18197
9,1359,13590000,13590100,533,888,13600000,18209
9,136,1360000,1360100,533,888,1370000,1829
9,1360,13600000,13600100,533,888,13610000,18227
9,1361,13610000,13610100,533,888,13620000,18237
9,1362,13620000,13620100,533,888,13630000,18250
9,1363,13630000,13630100,533,888,13640000,18262
9,1364,13640000,13640100,533,888,13650000,18277
9,1365,13650000,13650100,533,888,13660000,18292
9,1366,13660000,13660100,533,888,13670000,18304
9,1367,13670000,13670100,533,888,13680000,18315
9,1368,13680000,13680100,533,888,13690000,18334
9,1369,13690000,13690100,533,888,13700000,18344
9,137,1370000,1370100,533,888,1380000,1840
9,1370,13700000,13700100,533,888,13710000,18357
9,1371,13710000,13710100,533,888,13720000,18367
9,1372,13720000,13720100,533,888,13730000,18389
9,1373,13730000,13730100,533,888,13740000,18399
9,1374,13740000,13740100,533,888,13750000,18411
9,1375,13750000,13750100,533,888,13760000,18422
9,1376,13760000,13760100,533,888,13770000,18439
9,1377,13770000,13770100,533,888,13780000,18452
9,1378,13780000,13780100,533,888,13790000,18464
9,1379,13790000,13790100,533,888,13800000,18476
9,138,1380000,1380100,533,888,1390000,1852
9,1380,13800000,13800100,533,888,13810000,18494
9,1381,13810000,13810100,533,888,13820000,18506
9,1382,13820000,13820100,533,888,13830000,18519
9,1383,13830000,13830100,533,888,13840000,18529
9,1384,13840000,13840100,533,888,13850000,18546
9,1385,13850000,13850100,533,888,13860000,18557
9,1386,13860000,13860100,533,888,13870000,18573
9,1387,13870000,13870100,533,888,13880000,18586
9,1388,13880000,13880100,533,888,13890000,18601
9,1389,13890000,13890100,533,888,13900000,18611
9,139,1390000,1390100,533,888,1400000,1864
9,1390,13900000,13900100,533,888,13910000,18626
9,1391,13910000,13910100,533,888,13920000,18636
9,1392,13920000,13920100,533,888,13930000,18654
9,1393,13930000,13930100,533,888,13940000,18666
9,1394,13940000,13940100,533,888,13950000,18678
9,1395,13950000,13950100,533,888,13960000,18693
9,1396,13960000,13960100,533,888,13970000,18708
9,1397,13970000,13970100,533,888,13980000,18719
9,1398,13980000,13980100,533,888,13990000,18731
9,1399,13990000,13990100,533,888,14000000,18743
9,14,140000,140100,533,888,150000,191
9,140,1400000,1400100,533,888,1410000,1882
9,1400,14000000,14000100,533,888,14010000,18763
9,1401,14010000,14010100,533,888,14020000,18773
9,1402,14020000,14020100,533,888,14030000,18788
9,1403,14030000,14030100,533,888,14040000,18798
9,1404,14040000,14040100,533,888,14050000,18815
9,1405,14050000,14050100,533,888,14060000,18826
9,1406,14060000,14060100,533,888,14070000,18838
9,1407,14070000,14070100,533,888,14080000,18851
9,1408,14080000,14080100,533,888,14090000,18870
9,1409,14090000,14090100,533,888,14100000,18880
9,141,1410000,1410100,533,888,1420000,1892
9,1410,14100000,14100100,533,888,14110000,18895
9,1411,14110000,14110100,533,888,14120000,18905
9,1412,14120000,14120100,533,888,14130000,18921
9,1413,14130000,14130100,533,888,14140000,18933
9,1414,14140000,14140100,533,888,14150000,18947
9,1415,14150000,14150100,533,888,14160000,18958
9,1416,14160000,14160100,533,888,14170000,18975
9,1417,14170000,14170100,533,888,14180000,18990
9,1418,14180000,14180100,533,888,14190000,19002
9,1419,14190000,14190100,533,888,14200000,19012
9,142,1420000,1420100,533,888,1430000,1907
9,1420,14200000,14200100,533,888,14210000,19028
9,1421,14210000,14210100,533,888,14220000,19040
9,1422,14220000,14220100,533,888,14230000,19055
9,1423,14230000,14230100,533,888,14240000,19065
9,1424,14240000,14240100,533,888,14250000,19082
9,1425,14250000,14250100,533,888,14260000,19095
9,1426,14260000,14260100,533,888,14270000,19109
9,1427,14270000,14270100,533,888,14280000,19120
9,1428,14280000,14280100,533,888,14290000,19137
9,1429,14290000,14290100,533,888,14300000,19147
9,143,1430000,1430100,533,888,1440000,1917
9,1430,14300000,14300100,533,888,14310000,19160
9,1431,14310000,14310100,533,888,14320000,19172
9,1432,14320000,14320100,533,888,14330000,19192
9,1433,14330000,14330100,533,888,14340000,19202
9,1434,14340000,14340100,533,888,14350000,19214
9,1435,14350000,14350100,533,888,14360000,19229
9,1436,14360000,14360100,533,888,14370000,19244
9,1437,14370000,14370100,533,888,14380000,19255
9,1438,14380000,14380100,533,888,14390000,19267
9,1439,14390000,14390100,533,888,14400000,19277
9,144,1440000,1440100,533,888,1450000,1936
9,1440,14400000,14400100,533,888,14410000,19299
9,1441,14410000,14410100,533,888,14420000,19309
9,1442,14420000,14420100,533,888,14430000,19324
9,1443,14430000,14430100,533,888,14440000,19334
9,1444,14440000,14440100,533,888,14450000,19351
9,1445,14450000,14450100,533,888,14460000,19362
9,1446,14460000,14460100,533,888,14470000,19374
9,1447,14470000,14470100,533,888,14480000,19387
9,1448,14480000,14480100,533,888,14490000,19404
9,1449,14490000,14490100,533,888,14500000,19418
9,145,1450000,1450100,533,888,1460000,1947
9,1450,14500000,14500100,533,888,14510000,19431
9,1451,14510000,14510100,533,888,14520000,19441
9,1452,14520000,14520100,533,888,14530000,19457
9,1453,14530000,14530100,533,888,14540000,19469
9,1454,14540000,14540100,533,888,14550000,19481
9,1455,14550000,14550100,533,888,14560000,19494
9,1456,14560000,14560100,533,888,14570000,19513
9,1457,14570000,14570100,533,888,14580000,19524
9,1458,14580000,14580100,533,888,14590000,19538
9,1459,14590000,14590100,533,888,14600000,19548
9,146,1460000,1460100,533,888,1470000,1959
9,1460,14600000,14600100,533,888,14610000,19564
9,1461,14610000,14610100,533,888,14620000,19574
9,1462,14620000,14620100,533,888,14630000,19591
9,1463,14630000,14630100,533,888,14640000,19603
9,1464,14640000,14640100,533,888,14650000,19620
9,1465,14650000,14650100,533,888,14660000,19631
9,1466,14660000,14660100,533,888,14670000,19643
9,1467,14670000,14670100,533,888,14680000,19656
9,1468,14680000,14680100,533,888,14690000,19671
9,1469,14690000,14690100,533,888,14700000,19681
9,147,1470000,1470100,533,888,1480000,1972
9,1470,14700000,14700100,533,888,14710000,19698
9,1471,14710000,14710100,533,888,14720000,19710
9,1472,14720000,14720100,533,888,14730000,19728
9,1473,14730000,14730100,533,888,14740000,19738
9,1474,14740000,14740100,533,888,14750000,19750
9,1475,14750000,14750100,533,888,14760000,19761
9,1476,14760000,14760100,533,888,14770000,19778
9,1477,14770000,14770100,533,888,14780000,19793
9,1478,14780000,14780100,533,888,14790000,19805
9,1479,14790000,14790100,533,888,14800000,19815
9,148,1480000,1480100,533,888,1490000,1989
9,1480,14800000,14800100,533,888,14810000,19835
9,1481,14810000,14810100,533,888,14820000,19845
9,1482,14820000,14820100,533,888,14830000,19858
9,1483,14830000,14830100,533,888,14840000,19868
9,1484,14840000,14840100,533,888,14850000,19885
9,1485,14850000,14850100,533,888,14860000,19900
9,1486,14860000,14860100,533,888,14870000,19912
9,1487,14870000,14870100,533,888,14880000,19923
9,1488,14880000,14880100,533,888,14890000,19940
9,1489,14890000,14890100,533,888,14900000,19952
9,149,1490000,1490100,533,888,1500000,1999
9,1490,14900000,14900100,533,888,14910000,19965
9,1491,14910000,14910100,533,888,14920000,19977
9,1492,14920000,14920100,533,888,14930000,19995
9,1493,14930000,14930100,533,888,14940000,20005
9,1494,14940000,14940100,533,888,14950000,20019
9,1495,14950000,14950100,533,888,14960000,20030
9,1496,14960000,14960100,533,888,14970000,20047
9,1497,14970000,14970100,533,888,14980000,20058
9,1498,14980000,14980100,533,888,14990000,20074
9,1499,14990000,14990100,533,888,15000000,20084
9,15,150000,150100,533,888,160000,204
9,150,1500000,1500100,533,888,1510000,2014
9,1500,15000000,15000100,533,888,15010000,20102
9,1501,15010000,15010100,533,888,15020000,20112
9,1502,15020000,15020100,533,888,15030000,20125
9,1503,15030000,15030100,533,888,15040000,20137
9,1504,15040000,15040100,533,888,15050000,20154
9,1505,15050000,15050100,533,888,15060000,20167
9,1506,15060000,15060100,533,888,15070000,20179
9,1507,15070000,15070100,533,888,15080000,20194
9,1508,15080000,15080100,533,888,15090000,20209
9,1509,15090000,15090100,533,888,15100000,20219
9,151,1510000,1510100,533,888,1520000,2024
9,1510,15100000,15100100,533,888,15110000,20232
9,1511,15110000,15110100,533,888,15120000,20242
9,1512,15120000,15120100,533,888,15130000,20264
9,1513,15130000,15130100,533,888,15140000,20274
9,1514,15140000,15140100,533,888,15150000,20286
9,1515,15150000,15150100,533,888,15160000,20299
9,1516,15160000,15160100,533,888,15170000,20316
9,1517,15170000,15170100,533,888,15180000,20327
9,1518,15180000,15180100,533,888,15190000,20339
9,1519,15190000,15190100,533,888,15200000,20351
9,152,1520000,1520100,533,888,1530000,2042
9,1520,15200000,15200100,533,888,15210000,20369
9,1521,15210000,15210100,533,888,15220000,20381
9,1522,15220000,15220100,533,888,15230000,20396
9,1523,15230000,15230100,533,888,15240000,20406
9,1524,15240000,15240100,533,888,15250000,20421
9,1525,15250000,15250100,533,888,15260000,20434
9,1526,15260000,15260100,533,888,15270000,20448
9,1527,15270000,15270100,533,888,15280000,20459
9,1528,15280000,15280100,533,888,15290000,20476
9,1529,15290000,15290100,533,888,15300000,20486
9,153,1530000,1530100,533,888,1540000,2054
9,1530,15300000,15300100,533,888,15310000,20503
9,1531,15310000,15310100,533,888,15320000,20513
9,1532,15320000,15320100,533,888,15330000,20529
9,1533,15330000,15330100,533,888,15340000,20541
9,1534,15340000,15340100,533,888,15350000,20555
9,1535,15350000,15350100,533,888,15360000,20566
9,1536,15360000,15360100,533,888,15370000,20583
9,1537,15370000,15370100,533,888,15380000,20596
9,1538,15380000,15380100,533,888,15390000,20608
9,1539,15390000,15390100,533,888,15400000,20620
9,154,1540000,1540100,533,888,1550000,2068
9,1540,15400000,15400100,533,888,15410000,20638
9,1541,15410000,15410100,533,888,15420000,20648
9,1542,15420000,15420100,533,888,15430000,20661
9,1543,15430000,15430100,533,888,15440000,20673
9,1544,15440000,15440100,533,888,15450000,20690
9,1545,15450000,15450100,533,888,15460000,20703
9,1546,15460000,15460100,533,888,15470000,20715
9,1547,15470000,15470100,533,888,15480000,20728
9,1548,15480000,15480100,533,888,15490000,20745
9,1549,15490000,15490100,533,888,15500000,20755
9,155,1550000,1550100,533,888,1560000,2079
9,1550,15500000,15500100,533,888,15510000,20768
9,1551,15510000,15510100,533,888,15520000,20778
9,1552,15520000,15520100,533,888,15530000,20800
9,1553,15530000,15530100,533,888,15540000,20810
9,1554,15540000,15540100,533,888,15550000,20824
9,1555,15550000,15550100,533,888,15560000,20835
9,1556,15560000,15560100,533,888,15570000,20850
9,1557,15570000,15570100,533,888,15580000,20863
9,1558,15580000,15580100,533,888,15590000,20875
9,1559,15590000,15590100,533,888,15600000,20885
9,156,1560000,1560100,533,888,1570000,2094
9,1560,15600000,15600100,533,888,15610000,20905
9,1561,15610000,15610100,533,888,15620000,20919
9,1562,15620000,15620100,533,888,15630000,20932
9,1563,15630000,15630100,533,888,15640000,20942
9,1564,15640000,15640100,533,888,15650000,20957
9,1565,15650000,15650100,533,888,15660000,20968
9,1566,15660000,15660100,533,888,15670000,20982
9,1567,15670000,15670100,533,888,15680000,20995
9,1568,15680000,15680100,533,888,15690000,21014
9,1569,15690000,15690100,533,888,15700000,21024
9,157,1570000,1570100,533,888,1580000,2109
9,1570,15700000,15700100,533,888,15710000,21039
9,1571,15710000,15710100,533,888,15720000,21049
9,1572,15720000,15720100,533,888,15730000,21065
9,1573,15730000,15730100,533,888,15740000,21075
9,1574,15740000,15740100,533,888,15750000,21087
9,1575,15750000,15750100,533,888,15760000,21104
9,1576,15760000,15760100,533,888,15770000,21121
9,1577,15770000,15770100,533,888,15780000,21132
9,1578,15780000,15780100,533,888,15790000,21144
9,1579,15790000,15790100,533,888,15800000,21156
9,158,1580000,1580100,533,888,1590000,2121
9,1580,15800000,15800100,533,888,15810000,21172
9,1581,15810000,15810100,533,888,15820000,21182
9,1582,15820000,15820100,533,888,15830000,21199
9,1583,15830000,15830100,533,888,15840000,21209
9,1584,15840000,15840100,533,888,15850000,21228
9,1585,15850000,15850100,533,888,15860000,21239
9,1586,15860000,15860100,533,888,15870000,21251
9,1587,15870000,15870100,533,888,15880000,21262
9,1588,15880000,15880100,533,888,15890000,21279
9,1589,15890000,15890100,533,888,15900000,21291
9,159,1590000,1590100,533,888,1600000,2131
9,1590,15900000,15900100,533,888,15910000,21306
9,1591,15910000,15910100,533,888,15920000,21316
9,1592,15920000,15920100,533,888,15930000,21334
9,1593,15930000,15930100,533,888,15940000,21346
9,1594,15940000,15940100,533,888,15950000,21358
9,1595,15950000,15950100,533,888,15960000,21369
9,1596,15960000,15960100,533,888,15970000,21386
9,1597,15970000,15970100,533,888,15980000,21401
9,1598,15980000,15980100,533,888,15990000,21413
9,1599,15990000,15990100,533,888,16000000,21423
9,16,160000,160100,533,888,170000,221
9,160,1600000,1600100,533,888,1610000,2149
9,1600,16000000,16000100,533,888,16010000,21441
9,1601,16010000,16010100,533,888,16020000,21451
9,1602,16020000,16020100,533,888,16030000,21466
9,1603,16030000,16030100,533,888,16040000,21478
9,1604,16040000,16040100,533,888,16050000,21493
9,1605,16050000,16050100,533,888,16060000,21506
9,1606,16060000,16060100,533,888,16070000,21520
9,1607,16070000,16070100,533,888,16080000,21531
9,1608,16080000,16080100,533,888,16090000,21548
9,1609,16090000,16090100,533,888,16100000,21558
9,161,1610000,1610100,533,888,1620000,2161
9,1610,16100000,16100100,533,888,16110000,21573
9,1611,16110000,16110100,533,888,16120000,21585
9,1612,16120000,16120100,533,888,16130000,21603
9,1613,16130000,16130100,533,888,16140000,21613
9,1614,16140000,16140100,533,888,16150000,21625
9,1615,16150000,16150100,533,888,16160000,21638
9,1616,16160000,16160100,533,888,16170000,21655
9,1617,16170000,16170100,533,888,16180000,21668
9,1618,16180000,16180100,533,888,16190000,21680
9,1619,16190000,16190100,533,888,16200000,21690
9,162,1620000,1620100,533,888,1630000,2176
9,1620,16200000,16200100,533,888,16210000,21710
9,1621,16210000,16210100,533,888,16220000,21720
9,1622,16220000,16220100,533,888,16230000,21733
9,1623,16230000,16230100,533,888,16240000,21743
9,1624,16240000,16240100,533,888,16250000,21764
9,1625,16250000,16250100,533,888,16260000,21775
9,1626,16260000,16260100,533,888,16270000,21787
9,1627,16270000,16270100,533,888,16280000,21800
9,1628,16280000,16280100,533,888,16290000,21815
9,1629,16290000,16290100,533,888,16300000,21827
9,163,1630000,1630100,533,888,1640000,2186
9,1630,16300000,16300100,533,888,16310000,21840
9,1631,16310000,16310100,533,888,16320000,21852
9,1632,16320000,16320100,533,888,16330000,21870
9,1633,16330000,16330100,533,888,16340000,21882
9,1634,16340000,16340100,533,888,16350000,21894
9,1635,16350000,16350100,533,888,16360000,21907
9,1636,16360000,16360100,533,888,16370000,21922
9,1637,16370000,16370100,533,888,16380000,21933
9,1638,16380000,16380100,533,888,16390000,21949
9,1639,16390000,16390100,533,888,16400000,21959
9,164,1640000,1640100,533,888,1650000,2201
9,1640,16400000,16400100,533,888,16410000,21977
9,1641,16410000,16410100,533,888,16420000,21987
9,1642,16420000,16420100,533,888,16430000,22004
9,1643,16430000,16430100,533,888,16440000,22014
9,1644,16440000,16440100,533,888,16450000,22029
9,1645,16450000,16450100,533,888,16460000,22042
9,1646,16460000,16460100,533,888,16470000,22054
9,1647,16470000,16470100,533,888,16480000,22067
9,1648,16480000,16480100,533,888,16490000,22084
9,1649,16490000,16490100,533,888,16500000,22094
9,165,1650000,1650100,533,888,1660000,2214
9,1650,16500000,16500100,533,888,16510000,22109
9,1651,16510000,16510100,533,888,16520000,22121
9,1652,16520000,16520100,533,888,16530000,22139
9,1653,16530000,16530100,533,888,16540000,22149
9,1654,16540000,16540100,533,888,16550000,22161
9,1655,16550000,16550100,533,888,16560000,22172
9,1656,16560000,16560100,533,888,16570000,22191
9,1657,16570000,16570100,533,888,16580000,22204
9,1658,16580000,16580100,533,888,16590000,22216
9,1659,16590000,16590100,533,888,16600000,22228
9,166,1660000,1660100,533,888,1670000,2228
9,1660,16600000,16600100,533,888,16610000,22246
9,1661,16610000,16610100,533,888,16620000,22256
9,1662,16620000,16620100,533,888,16630000,22269
9,1663,16630000,16630100,533,888,16640000,22279
9,1664,16640000,16640100,533,888,16650000,22296
9,1665,16650000,16650100,533,888,16660000,22311
9,1666,16660000,16660100,533,888,16670000,22325
9,1667,16670000,16670100,533,888,16680000,22336
9,1668,16680000,16680100,533,888,16690000,22351
9,1669,16690000,16690100,533,888,16700000,22363
9,167,1670000,1670100,533,888,1680000,2239
9,1670,16700000,16700100,533,888,16710000,22376
9,1671,16710000,16710100,533,888,16720000,22386
9,1672,16720000,16720100,533,888,16730000,22406
9,1673,16730000,16730100,533,888,16740000,22418
9,1674,16740000,16740100,533,888,16750000,22432
9,1675,16750000,16750100,533,888,16760000,22443
9,1676,16760000,16760100,533,888,16770000,22458
9,1677,16770000,16770100,533,888,16780000,22469
9,1678,16780000,16780100,533,888,16790000,22483
9,1679,16790000,16790100,533,888,16800000,22493
9,168,1680000,1680100,533,888,1690000,2258
9,1680,16800000,16800100,533,888,16810000,22515
9,1681,16810000,16810100,533,888,16820000,22525
9,1682,16820000,16820100,533,888,16830000,22538
9,1683,16830000,16830100,533,888,16840000,22550
9,1684,16840000,16840100,533,888,16850000,22565
9,1685,16850000,16850100,533,888,16860000,22576
9,1686,16860000,16860100,533,888,16870000,22588
9,1687,16870000,16870100,533,888,16880000,22605
9,1688,16880000,16880100,533,888,16890000,22622
9,1689,16890000,16890100,533,888,16900000,22632
9,169,1690000,1690100,533,888,1700000,2268
9,1690,16900000,16900100,533,888,16910000,22645
9,1691,16910000,16910100,533,888,16920000,22655
9,1692,16920000,16920100,533,888,16930000,22673
9,1693,16930000,16930100,533,888,16940000,22683
9,1694,16940000,16940100,533,888,16950000,22697
9,1695,16950000,16950100,533,888,16960000,22710
9,1696,16960000,16960100,533,888,16970000,22729
9,1697,16970000,16970100,533,888,16980000,22740
9,1698,16980000,16980100,533,888,16990000,22752
9,1699,16990000,16990100,533,888,17000000,22762
9,17,170000,170100,533,888,180000,232
9,170,1700000,1700100,533,888,1710000,2281
9,1700,17000000,17000100,533,888,17010000,22778
9,1701,17010000,17010100,533,888,17020000,22792
9,1702,17020000,17020100,533,888,17030000,22807
9,1703,17030000,17030100,533,888,17040000,22817
9,1704,17040000,17040100,533,888,17050000,22834
9,1705,17050000,17050100,533,888,17060000,22847
9,1706,17060000,17060100,533,888,17070000,22859
9,1707,17070000,17070100,533,888,17080000,22870
9,1708,17080000,17080100,533,888,17090000,22887
9,1709,17090000,17090100,533,888,17100000,22897
9,171,1710000,1710100,533,888,1720000,2293
9,1710,17100000,17100100,533,888,17110000,22914
9,1711,17110000,17110100,533,888,17120000,22924
9,1712,17120000,17120100,533,888,17130000,22942
9,1713,17130000,17130100,533,888,17140000,22952
9,1714,17140000,17140100,533,888,17150000,22966
9,1715,17150000,17150100,533,888,17160000,22979
9,1716,17160000,17160100,533,888,17170000,22994
9,1717,17170000,17170100,533,888,17180000,23007
9,1718,17180000,17180100,533,888,17190000,23019
9,1719,17190000,17190100,533,888,17200000,23031
9,172,1720000,1720100,533,888,1730000,2311
9,1720,17200000,17200100,533,888,17210000,23049
9,1721,17210000,17210100,533,888,17220000,23059
9,1722,17220000,17220100,533,888,17230000,23074
9,1723,17230000,17230100,533,888,17240000,23086
9,1724,17240000,17240100,533,888,17250000,23101
9,1725,17250000,17250100,533,888,17260000,23114
9,1726,17260000,17260100,533,888,17270000,23126
9,1727,17270000,17270100,533,888,17280000,23137
9,1728,17280000,17280100,533,888,17290000,23156
9,1729,17290000,17290100,533,888,17300000,23168
9,173,1730000,1730100,533,888,1740000,2321
9,1730,17300000,17300100,533,888,17310000,23181
9,1731,17310000,17310100,533,888,17320000,23191
9,1732,17320000,17320100,533,888,17330000,23211
9,1733,17330000,17330100,533,888,17340000,23221
9,1734,17340000,17340100,533,888,17350000,23233
9,1735,17350000,17350100,533,888,17360000,23244
9,1736,17360000,17360100,533,888,17370000,23263
9,1737,17370000,17370100,533,888,17380000,23276
9,1738,17380000,17380100,533,888,17390000,23288
9,1739,17390000,17390100,533,888,17400000,23298
9,174,1740000,1740100,533,888,1750000,2333
9,1740,17400000,17400100,533,888,17410000,23316
9,1741,17410000,17410100,533,888,17420000,23328
9,1742,17420000,17420100,533,888,17430000,23341
9,1743,17430000,17430100,533,888,17440000,23353
9,1744,17440000,17440100,533,888,17450000,23370
9,1745,17450000,17450100,533,888,17460000,23381
9,1746,17460000,17460100,533,888,17470000,23395
9,1747,17470000,17470100,533,888,17480000,23408
9,1748,17480000,17480100,533,888,17490000,23423
9,1749,17490000,17490100,533,888,17500000,23433
9,175,1750000,1750100,533,888,1760000,2348
9,1750,17500000,17500100,533,888,17510000,23450
9,1751,17510000,17510100,533,888,17520000,23460
9,1752,17520000,17520100,533,888,17530000,23478
9,1753,17530000,17530100,533,888,17540000,23488
9,1754,17540000,17540100,533,888,17550000,23500
9,1755,17550000,17550100,533,888,17560000,23515
9,1756,17560000,17560100,533,888,17570000,23530
9,1757,17570000,17570100,533,888,17580000,23543
9,1758,17580000,17580100,533,888,17590000,23555
9,1759,17590000,17590100,533,888,17600000,23567
9,176,1760000,1760100,533,888,1770000,2365
9,1760,17600000,17600100,533,888,17610000,23585
9,1761,17610000,17610100,533,888,17620000,23595
9,1762,17620000,17620100,533,888,17630000,23610
9,1763,17630000,17630100,533,888,17640000,23620
9,1764,17640000,17640100,533,888,17650000,23639
9,1765,17650000,17650100,533,888,17660000,23650
9,1766,17660000,17660100,533,888,17670000,23662
9,1767,17670000,17670100,533,888,17680000,23673
9,1768,17680000,17680100,533,888,17690000,23692
9,1769,17690000,17690100,533,888,17700000,23702
9,177,1770000,1770100,533,888,1780000,2376
9,1770,17700000,17700100,533,888,17710000,23717
9,1771,17710000,17710100,533,888,17720000,23729
9,1772,17720000,17720100,533,888,17730000,23745
9,1773,17730000,17730100,533,888,17740000,23757
9,1774,17740000,17740100,533,888,17750000,23769
9,1775,17750000,17750100,533,888,17760000,23780
9,1776,17760000,17760100,533,888,17770000,23797
9,1777,17770000,17770100,533,888,17780000,23812
9,1778,17780000,17780100,533,888,17790000,23826
9,1779,17790000,17790100,533,888,17800000,23836
9,178,1780000,1780100,533,888,1790000,2388
9,1780,17800000,17800100,533,888,17810000,23852
9,1781,17810000,17810100,533,888,17820000,23862
9,1782,17820000,17820100,533,888,17830000,23877
9,1783,17830000,17830100,533,888,17840000,23887
9,1784,17840000,17840100,533,888,17850000,23904
9,1785,17850000,17850100,533,888,17860000,23919
9,1786,17860000,17860100,533,888,17870000,23933
9,1787,17870000,17870100,533,888,17880000,23944
9,1788,17880000,17880100,533,888,17890000,23959
9,1789,17890000,17890100,533,888,17900000,23969
9,179,1790000,1790100,533,888,1800000,2398
9,1790,17900000,17900100,533,888,17910000,23982
9,1791,17910000,17910100,533,888,17920000,23994
9,1792,17920000,17920100,533,888,17930000,24016
9,1793,17930000,17930100,533,888,17940000,24026
9,1794,17940000,17940100,533,888,17950000,24038
9,1795,17950000,17950100,533,888,17960000,24051
9,1796,17960000,17960100,533,888,17970000,24066
9,1797,17970000,17970100,533,888,17980000,24077
9,1798,17980000,17980100,533,888,17990000,24089
9,1799,17990000,17990100,533,888,18000000,24101
9,18,180000,180100,533,888,190000,246
9,180,1800000,1800100,533,888,1810000,2418
9,1800,18000000,18000100,533,888,18010000,24123
9,1801,18010000,18010100,533,888,18020000,24133
9,1802,18020000,18020100,533,888,18030000,24146
9,1803,18030000,18030100,533,888,18040000,24156
9,1804,18040000,18040100,533,888,18050000,24173
9,1805,18050000,18050100,533,888,18060000,24184
9,1806,18060000,18060100,533,888,18070000,24198
9,1807,18070000,18070100,533,888,18080000,24211
9,1808,18080000,18080100,533,888,18090000,24228
9,1809,18090000,18090100,533,888,18100000,24240
9,181,1810000,1810100,533,888,1820000,2428
9,1810,18100000,18100100,533,888,18110000,24253
9,1811,18110000,18110100,533,888,18120000,24263
9,1812,18120000,18120100,533,888,18130000,24279
9,1813,18130000,18130100,533,888,18140000,24293
9,1814,18140000,18140100,533,888,18150000,24305
9,1815,18150000,18150100,533,888,18160000,24318
9,1816,18160000,18160100,533,888,18170000,24335
9,1817,18170000,18170100,533,888,18180000,24346
9,1818,18180000,18180100,533,888,18190000,24360
9,1819,18190000,18190100,533,888,18200000,24370
9,182,1820000,1820100,533,888,1830000,2443
9,1820,18200000,18200100,533,888,18210000,24388
9,1821,18210000,18210100,533,888,18220000,24398
9,1822,18220000,18220100,533,888,18230000,24415
9,1823,18230000,18230100,533,888,18240000,24425
9,1824,18240000,18240100,533,888,18250000,24442
9,1825,18250000,18250100,533,888,18260000,24453
9,1826,18260000,18260100,533,888,18270000,24465
9,1827,18270000,18270100,533,888,18280000,24480
9,1828,18280000,18280100,533,888,18290000,24495
9,1829,18290000,18290100,533,888,18300000,24505
9,183,1830000,1830100,533,888,1840000,2453
9,1830,18300000,18300100,533,888,18310000,24520
9,1831,18310000,18310100,533,888,18320000,24532
9,1832,18320000,18320100,533,888,18330000,24550
9,1833,18330000,18330100,533,888,18340000,24560
9,1834,18340000,18340100,533,888,18350000,24574
9,1835,18350000,18350100,533,888,18360000,24585
9,1836,18360000,18360100,533,888,18370000,24602
9,1837,18370000,18370100,533,888,18380000,24615
9,1838,18380000,18380100,533,888,18390000,24627
9,1839,18390000,18390100,533,888,18400000,24637
9,184,1840000,1840100,533,888,1850000,2472
9,1840,18400000,18400100,533,888,18410000,24657
9,1841,18410000,18410100,533,888,18420000,24669
9,1842,18420000,18420100,533,888,18430000,24682
9,1843,18430000,18430100,533,888,18440000,24692
9,1844,18440000,18440100,533,888,18450000,24707
9,1845,18450000,18450100,533,888,18460000,24722
9,1846,18460000,18460100,533,888,18470000,24734
9,1847,18470000,18470100,533,888,18480000,24745
9,1848,18480000,18480100,533,888,18490000,24764
9,1849,18490000,18490100,533,888,18500000,24776
9,185,1850000,1850100,533,888,1860000,2483
9,1850,18500000,18500100,533,888,18510000,24789
9,1851,18510000,18510100,533,888,18520000,24799
9,1852,18520000,18520100,533,888,18530000,24817
9,1853,18530000,18530100,533,888,18540000,24827
9,1854,18540000,18540100,533,888,18550000,24841
9,1855,18550000,18550100,533,888,18560000,24854
9,1856,18560000,18560100,533,888,18570000,24871
9,1857,18570000,18570100,533,888,18580000,24882
9,1858,18580000,18580100,533,888,18590000,24896
9,1859,18590000,18590100,533,888,18600000,24906
9,186,1860000,1860100,533,888,1870000,2495
9,1860,18600000,18600100,533,888,18610000,24924
9,1861,18610000,18610100,533,888,18620000,24934
9,1862,18620000,18620100,533,888,18630000,24949
9,1863,18630000,18630100,533,888,18640000,24961
9,1864,18640000,18640100,533,888,18650000,24978
9,1865,18650000,18650100,533,888,18660000,24989
9,1866,18660000,18660100,533,888,18670000,25001
9,1867,18670000,18670100,533,888,18680000,25016
9,1868,18680000,18680100,533,888,18690000,25031
9,1869,18690000,18690100,533,888,18700000,25043
9,187,1870000,1870100,533,888,1880000,2508
9,1870,18700000,18700100,533,888,18710000,25056
9,1871,18710000,18710100,533,888,18720000,25066
9,1872,18720000,18720100,533,888,18730000,25086
9,1873,18730000,18730100,533,888,18740000,25096
9,1874,18740000,18740100,533,888,18750000,25108
9,1875,18750000,18750100,533,888,18760000,25121
9,1876,18760000,18760100,533,888,18770000,25140
9,1877,18770000,18770100,533,888,18780000,25151
9,1878,18780000,18780100,533,888,18790000,25163
9,1879,18790000,18790100,533,888,18800000,25173
9,188,1880000,1880100,533,888,1890000,2523
9,1880,18800000,18800100,533,888,18810000,25191
9,1881,18810000,18810100,533,888,18820000,25203
9,1882,18820000,18820100,533,888,18830000,25218
9,1883,18830000,18830100,533,888,18840000,25230
9,1884,18840000,18840100,533,888,18850000,25245
9,1885,18850000,18850100,533,888,18860000,25258
9,1886,18860000,18860100,533,888,18870000,25270
9,1887,18870000,18870100,533,888,18880000,25281
9,1888,18880000,18880100,533,888,18890000,25298
9,1889,18890000,18890100,533,888,18900000,25308
9,189,1890000,1890100,533,888,1900000,2537
9,1890,18900000,18900100,533,888,18910000,25327
9,1891,18910000,18910100,533,888,18920000,25337
9,1892,18920000,18920100,533,888,18930000,25353
9,1893,18930000,18930100,533,888,18940000,25363
9,1894,18940000,18940100,533,888,18950000,25377
9,1895,18950000,18950100,533,888,18960000,25388
9,1896,18960000,18960100,533,888,18970000,25405
9,1897,18970000,18970100,533,888,18980000,25420
9,1898,18980000,18980100,533,888,18990000,25432
9,1899,18990000,18990100,533,888,19000000,25444
9,19,190000,190100,533,888,200000,256
9,190,1900000,1900100,533,888,1910000,2550
9,1900,19000000,19000100,533,888,19010000,25460
9,1901,19010000,19010100,533,888,19020000,25470
9,1902,19020000,19020100,533,888,19030000,25483
9,1903,19030000,19030100,533,888,19040000,25495
9,1904,19040000,19040100,533,888,19050000,25514
9,1905,19050000,19050100,533,888,19060000,25527
9,1906,19060000,19060100,533,888,19070000,25539
9,1907,19070000,19070100,533,888,19080000,25550
9,1908,19080000,19080100,533,888,19090000,25567
9,1909,19090000,19090100,533,888,19100000,25577
9,191,1910000,1910100,533,888,1920000,2560
9,1910,19100000,19100100,533,888,19110000,25590
9,1911,19110000,19110100,533,888,19120000,25602
9,1912,19120000,19120100,533,888,19130000,25624
9,1913,19130000,19130100,533,888,19140000,25634
9,1914,19140000,19140100,533,888,19150000,25646
9,1915,19150000,19150100,533,888,19160000,25657
9,1916,19160000,19160100,533,888,19170000,25672
9,1917,19170000,19170100,533,888,19180000,25685
9,1918,19180000,19180100,533,888,19190000,25699
9,1919,19190000,19190100,533,888,19200000,25709
9,192,1920000,1920100,533,888,1930000,2578
9,1920,19200000,19200100,533,888,19210000,25729
9,1921,19210000,19210100,533,888,19220000,25741
9,1922,19220000,19220100,533,888,19230000,25754
9,1923,19230000,19230100,533,888,19240000,25764
9,1924,19240000,19240100,533,888,19250000,25779
9,1925,19250000,19250100,533,888,19260000,25792
9,1926,19260000,19260100,533,888,19270000,25806
9,1927,19270000,19270100,533,888,19280000,25819
9,1928,19280000,19280100,533,888,19290000,25836
9,1929,19290000,19290100,533,888,19300000,25846
9,193,1930000,1930100,533,888,1940000,2590
9,1930,19300000,19300100,533,888,19310000,25861
9,1931,19310000,19310100,533,888,19320000,25871
9,1932,19320000,19320100,533,888,19330000,25889
9,1933,19330000,19330100,533,888,19340000,25899
9,1934,19340000,19340100,533,888,19350000,25911
9,1935,19350000,19350100,533,888,19360000,25926
9,1936,19360000,19360100,533,888,19370000,25943
9,1937,19370000,19370100,533,888,19380000,25954
9,1938,19380000,19380100,533,888,19390000,25966
9,1939,19390000,19390100,533,888,19400000,25980
9,194,1940000,1940100,533,888,1950000,2602
9,1940,19400000,19400100,533,888,19410000,25996
9,1941,19410000,19410100,533,888,19420000,26006
9,1942,19420000,19420100,533,888,19430000,26021
9,1943,19430000,19430100,533,888,19440000,26031
9,1944,19440000,19440100,533,888,19450000,26050
9,1945,19450000,19450100,533,888,19460000,26061
9,1946,19460000,19460100,533,888,19470000,26075
9,1947,19470000,19470100,533,888,19480000,26086
9,1948,19480000,19480100,533,888,19490000,26103
9,1949,19490000,19490100,533,888,19500000,26113
9,195,1950000,1950100,533,888,1960000,2615
9,1950,19500000,19500100,533,888,19510000,26128
9,1951,19510000,19510100,533,888,19520000,26138
9,1952,19520000,19520100,533,888,19530000,26156
9,1953,19530000,19530100,533,888,19540000,26170
9,1954,19540000,19540100,533,888,19550000,26182
9,1955,19550000,19550100,533,888,19560000,26193
9,1956,19560000,19560100,533,888,19570000,26208
9,1957,19570000,19570100,533,888,19580000,26223
9,1958,19580000,19580100,533,888,19590000,26235
9,1959,19590000,19590100,533,888,19600000,26245
9,196,1960000,1960100,533,888,1970000,2632
9,1960,19600000,19600100,533,888,19610000,26265
9,1961,19610000,19610100,533,888,19620000,26275
9,1962,19620000,19620100,533,888,19630000,26290
9,1963,19630000,19630100,533,888,19640000,26300
9,1964,19640000,19640100,533,888,19650000,26315
9,1965,19650000,19650100,533,888,19660000,26328
9,1966,19660000,19660100,533,888,19670000,26342
9,1967,19670000,19670100,533,888,19680000,26355
9,1968,19680000,19680100,533,888,19690000,26372
9,1969,19690000,19690100,533,888,19700000,26382
9,197,1970000,1970100,533,888,1980000,2643
9,1970,19700000,19700100,533,888,19710000,26395
9,1971,19710000,19710100,533,888,19720000,26407
9,1972,19720000,19720100,533,888,19730000,26425
9,1973,19730000,19730100,533,888,19740000,26435
9,1974,19740000,19740100,533,888,19750000,26449
9,1975,19750000,19750100,533,888,19760000,26462
9,1976,19760000,19760100,533,888,19770000,26479
9,1977,19770000,19770100,533,888,19780000,26490
9,1978,19780000,19780100,533,888,19790000,26502
9,1979,19790000,19790100,533,888,19800000,26512
9,198,1980000,1980100,533,888,1990000,2657
9,1980,19800000,19800100,533,888,19810000,26532
9,1981,19810000,19810100,533,888,19820000,26544
9,1982,19820000,19820100,533,888,19830000,26557
9,1983,19830000,19830100,533,888,19840000,26567
9,1984,19840000,19840100,533,888,19850000,26586
9,1985,19850000,19850100,533,888,19860000,26597
9,1986,19860000,19860100,533,888,19870000,26609
9,1987,19870000,19870100,533,888,19880000,26622
9,1988,19880000,19880100,533,888,19890000,26639
9,1989,19890000,19890100,533,888,19900000,26651
9,199,1990000,1990100,533,888,2000000,2667
9,1990,19900000,19900100,533,888,19910000,26664
9,1991,19910000,19910100,533,888,19920000,26674
9,1992,19920000,19920100,533,888,19930000,26692
9,1993,19930000,19930100,533,888,19940000,26704
9,1994,19940000,19940100,533,888,19950000,26716
9,1995,19950000,19950100,533,888,19960000,26731
9,1996,19960000,19960100,533,888,19970000,26746
9,1997,19970000,19970100,533,888,19980000,26757
9,1998,19980000,19980100,533,888,19990000,26771
9,1999,19990000,19990100,533,888,20000000,26781
9,2,20000,20100,533,888,30000,32
9,20,200000,200100,533,888,210000,272
9,200,2000000,2000100,533,888,2010000,2685
9,2000,20000000,20000100,533,888,20010000,26799
9,2001,20010000,20010100,533,888,20020000,26809
9,2002,20020000,20020100,533,888,20030000,26828
9,2003,20030000,20030100,533,888,20040000,26838
9,2004,20040000,20040100,533,888,20050000,26853
9,2005,20050000,20050100,533,888,20060000,26864
9,2006,20060000,20060100,533,888,20070000,26876
9,2007,20070000,20070100,533,888,20080000,26889
9,2008,20080000,20080100,533,888,20090000,26906
9,2009,20090000,20090100,533,888,20100000,26918
9,201,2010000,2010100,533,888,2020000,2695
9,2010,20100000,20100100,533,888,20110000,26933
9,2011,20110000,20110100,533,888,20120000,26945
9,2012,20120000,20120100,533,888,20130000,26961
9,2013,20130000,20130100,533,888,20140000,26971
9,2014,20140000,20140100,533,888,20150000,26983
9,2015,20150000,20150100,533,888,20160000,26994
9,2016,20160000,20160100,533,888,20170000,27015
9,2017,20170000,20170100,533,888,20180000,27028
9,2018,20180000,20180100,533,888,20190000,27040
9,2019,20190000,20190100,533,888,20200000,27050
9,202,2020000,2020100,533,888,2030000,2712
9,2020,20200000,20200100,533,888,20210000,27068
9,2021,20210000,20210100,533,888,20220000,27078
9,2022,20220000,20220100,533,888,20230000,27091
9,2023,20230000,20230100,533,888,20240000,27103
9,2024,20240000,20240100,533,888,20250000,27120
9,2025,20250000,20250100,533,888,20260000,27135
9,2026,20260000,20260100,533,888,20270000,27147
9,2027,20270000,20270100,533,888,20280000,27158
9,2028,20280000,20280100,533,888,20290000,27173
9,2029,20290000,20290100,533,888,20300000,27185
9,203,2030000,2030100,533,888,2040000,2724
9,2030,20300000,20300100,533,888,20310000,27200
9,2031,20310000,20310100,533,888,20320000,27210
9,2032,20320000,20320100,533,888,20330000,27230
9,2033,20330000,20330100,533,888,20340000,27240
9,2034,20340000,20340100,533,888,20350000,27254
9,2035,20350000,20350100,533,888,20360000,27265
9,2036,20360000,20360100,533,888,20370000,27280
9,2037,20370000,20370100,533,888,20380000,27293
9,2038,20380000,20380100,533,888,20390000,27307
9,2039,20390000,20390100,533,888,20400000,27317
9,204,2040000,2040100,533,888,2050000,2739
9,2040,20400000,20400100,533,888,20410000,27337
9,2041,20410000,20410100,533,888,20420000,27347
9,2042,20420000,20420100,533,888,20430000,27360
9,2043,20430000,20430100,533,888,20440000,27372
9,2044,20440000,20440100,533,888,20450000,27389
9,2045,20450000,20450100,533,888,20460000,27400
9,2046,20460000,20460100,533,888,20470000,27412
9,2047,20470000,20470100,533,888,20480000,27427
9,2048,20480000,20480100,533,888,20490000,27444
9,2049,20490000,20490100,533,888,20500000,27454
9,205,2050000,2050100,533,888,2060000,2750
9,2050,20500000,20500100,533,888,20510000,27467
9,2051,20510000,20510100,533,888,20520000,27479
9,2052,20520000,20520100,533,888,20530000,27497
9,2053,20530000,20530100,533,888,20540000,27507
9,2054,20540000,20540100,533,888,20550000,27519
9,2055,20550000,20550100,533,888,20560000,27532
9,2056,20560000,20560100,533,888,20570000,27551
9,2057,20570000,20570100,533,888,20580000,27562
9,2058,20580000,20580100,533,888,20590000,27576
9,2059,20590000,20590100,533,888,20600000,27586
9,206,2060000,2060100,533,888,2070000,2762
9,2060,20600000,20600100,533,888,20610000,27602
9,2061,20610000,20610100,533,888,20620000,27614
9,2062,20620000,20620100,533,888,20630000,27629
9,2063,20630000,20630100,533,888,20640000,27639
9,2064,20640000,20640100,533,888,20650000,27656
9,2065,20650000,20650100,533,888,20660000,27671
9,2066,20660000,20660100,533,888,20670000,27683
9,2067,20670000,20670100,533,888,20680000,27694
9,2068,20680000,20680100,533,888,20690000,27709
9,2069,20690000,20690100,533,888,20700000,27719
9,207,2070000,2070100,533,888,2080000,2775
9,2070,20700000,20700100,533,888,20710000,27736
9,2071,20710000,20710100,533,888,20720000,27746
9,2072,20720000,20720100,533,888,20730000,27766
9,2073,20730000,20730100,533,888,20740000,27776
9,2074,20740000,20740100,533,888,20750000,27790
9,2075,20750000,20750100,533,888,20760000,27801
9,2076,20760000,20760100,533,888,20770000,27816
9,2077,20770000,20770100,533,888,20780000,27829
9,2078,20780000,20780100,533,888,20790000,27841
9,2079,20790000,20790100,533,888,20800000,27855
9,208,2080000,2080100,533,888,2090000,2792
9,2080,20800000,20800100,533,888,20810000,27873
9,2081,20810000,20810100,533,888,20820000,27883
9,2082,20820000,20820100,533,888,20830000,27896
9,2083,20830000,20830100,533,888,20840000,27908
9,2084,20840000,20840100,533,888,20850000,27923
9,2085,20850000,20850100,533,888,20860000,27936
9,2086,20860000,20860100,533,888,20870000,27950
9,2087,20870000,20870100,533,888,20880000,27961
9,2088,20880000,20880100,533,888,20890000,27980
9,2089,20890000,20890100,533,888,20900000,27990
9,209,2090000,2090100,533,888,2100000,2802
9,2090,20900000,20900100,533,888,20910000,28003
9,2091,20910000,20910100,533,888,20920000,28013
9,2092,20920000,20920100,533,888,20930000,28033
9,2093,20930000,20930100,533,888,20940000,28045
9,2094,20940000,20940100,533,888,20950000,28057
9,2095,20950000,20950100,533,888,20960000,28068
9,2096,20960000,20960100,533,888,20970000,28085
9,2097,20970000,20970100,533,888,20980000,28098
9,2098,20980000,20980100,533,888,20990000,28110
9,2099,20990000,20990100,533,888,21000000,28120
9,21,210000,210100,533,888,220000,284
9,210,2100000,2100100,533,888,2110000,2819
9,2100,21000000,21000100,533,888,21010000,28140
9,2101,21010000,21010100,533,888,21020000,28152
9,2102,21020000,21020100,533,888,21030000,28165
9,2103,21030000,21030100,533,888,21040000,28175
9,2104,21040000,21040100,533,888,21050000,28192
9,2105,21050000,21050100,533,888,21060000,28203
9,2106,21060000,21060100,533,888,21070000,28217
9,2107,21070000,21070100,533,888,21080000,28232
9,2108,21080000,21080100,533,888,21090000,28247
9,2109,21090000,21090100,533,888,21100000,28257
9,211,2110000,2110100,533,888,2120000,2831
9,2110,21100000,21100100,533,888,21110000,28272
9,2111,21110000,21110100,533,888,21120000,28282
9,2112,21120000,21120100,533,888,21130000,28300
9,2113,21130000,21130100,533,888,21140000,28310
9,2114,21140000,21140100,533,888,21150000,28324
9,2115,21150000,21150100,533,888,21160000,28339
9,2116,21160000,21160100,533,888,21170000,28354
9,2117,21170000,21170100,533,888,21180000,28365
9,2118,21180000,21180100,533,888,21190000,28377
9,2119,21190000,21190100,533,888,21200000,28389
9,212,2120000,2120100,533,888,2130000,2847
9,2120,21200000,21200100,533,888,21210000,28407
9,2121,21210000,21210100,533,888,21220000,28419
9,2122,21220000,21220100,533,888,21230000,28434
9,2123,21230000,21230100,533,888,21240000,28444
9,2124,21240000,21240100,533,888,21250000,28461
9,2125,21250000,21250100,533,888,21260000,28472
9,2126,21260000,21260100,533,888,21270000,28484
9,2127,21270000,21270100,533,888,21280000,28495
9,2128,21280000,21280100,533,888,21290000,28516
9,2129,21290000,21290100,533,888,21300000,28526
9,213,2130000,2130100,533,888,2140000,2857
9,2130,21300000,21300100,533,888,21310000,28541
9,2131,21310000,21310100,533,888,21320000,28551
9,2132,21320000,21320100,533,888,21330000,28567
9,2133,21330000,21330100,533,888,21340000,28579
9,2134,21340000,21340100,533,888,21350000,28591
9,2135,21350000,21350100,533,888,21360000,28604
9,2136,21360000,21360100,533,888,21370000,28621
9,2137,21370000,21370100,533,888,21380000,28636
9,2138,21380000,21380100,533,888,21390000,28648
9,2139,21390000,21390100,533,888,21400000,28658
9,214,2140000,2140100,533,888,2150000,2869
9,2140,21400000,21400100,533,888,21410000,28674
9,2141,21410000,21410100,533,888,21420000,28684
9,2142,21420000,21420100,533,888,21430000,28701
9,2143,21430000,21430100,533,888,21440000,28711
9,2144,21440000,21440100,533,888,21450000,28728
9,2145,21450000,21450100,533,888,21460000,28741
9,2146,21460000,21460100,533,888,21470000,28755
9,2147,21470000,21470100,533,888,21480000,28766
9,2148,21480000,21480100,533,888,21490000,28781
9,2149,21490000,21490100,533,888,21500000,28793
9,215,2150000,2150100,533,888,2160000,2880
9,2150,21500000,21500100,533,888,21510000,28806
9,2151,21510000,21510100,533,888,21520000,28818
9,2152,21520000,21520100,533,888,21530000,28838
9,2153,21530000,21530100,533,888,21540000,28848
9,2154,21540000,21540100,533,888,21550000,28860
9,2155,21550000,21550100,533,888,21560000,28873
9,2156,21560000,21560100,533,888,21570000,28890
9,2157,21570000,21570100,533,888,21580000,28901
9,2158,21580000,21580100,533,888,21590000,28913
9,2159,21590000,21590100,533,888,21600000,28923
9,216,2160000,2160100,533,888,2170000,2899
9,2160,21600000,21600100,533,888,21610000,28945
9,2161,21610000,21610100,533,888,21620000,28955
9,2162,21620000,21620100,533,888,21630000,28968
9,2163,21630000,21630100,533,888,21640000,28980
9,2164,21640000,21640100,533,888,21650000,28997
9,2165,21650000,21650100,533,888,21660000,29008
9,2166,21660000,21660100,533,888,21670000,29020
9,2167,21670000,21670100,533,888,21680000,29033
9,2168,21680000,21680100,533,888,21690000,29050
9,2169,21690000,21690100,533,888,21700000,29062
9,217,2170000,2170100,533,888,2180000,2914
9,2170,21700000,21700100,533,888,21710000,29077
9,2171,21710000,21710100,533,888,21720000,29087
9,2172,21720000,21720100,533,888,21730000,29103
9,2173,21730000,21730100,533,888,21740000,29115
9,2174,21740000,21740100,533,888,21750000,29127
9,2175,21750000,21750100,533,888,21760000,29140
9,2176,21760000,21760100,533,888,21770000,29157
9,2177,21770000,21770100,533,888,21780000,29170
9,2178,21780000,21780100,533,888,21790000,29184
9,2179,21790000,21790100,533,888,21800000,29194
9,218,2180000,2180100,533,888,2190000,2926
9,2180,21800000,21800100,533,888,21810000,29210
9,2181,21810000,21810100,533,888,21820000,29220
9,2182,21820000,21820100,533,888,21830000,29237
9,2183,21830000,21830100,533,888,21840000,29247
9,2184,21840000,21840100,533,888,21850000,29266
9,2185,21850000,21850100,533,888,21860000,29277
9,2186,21860000,21860100,533,888,21870000,29289
9,2187,21870000,21870100,533,888,21880000,29302
9,2188,21880000,21880100,533,888,21890000,29317
9,2189,21890000,21890100,533,888,21900000,29327
9,219,2190000,2190100,533,888,2200000,2936
9,2190,21900000,21900100,533,888,21910000,29342
9,2191,21910000,21910100,533,888,21920000,29356
9,2192,21920000,21920100,533,888,21930000,29374
9,2193,21930000,21930100,533,888,21940000,29384
9,2194,21940000,21940100,533,888,21950000,29396
9,2195,21950000,21950100,533,888,21960000,29407
9,2196,21960000,21960100,533,888,21970000,29424
9,2197,21970000,21970100,533,888,21980000,29437
9,2198,21980000,21980100,533,888,21990000,29451
9,2199,21990000,21990100,533,888,22000000,29461
9,22,220000,220100,533,888,230000,301
9,220,2200000,2200100,533,888,2210000,2954
9,2200,22000000,22000100,533,888,22010000,29481
9,2201,22010000,22010100,533,888,22020000,29491
9,2202,22020000,22020100,533,888,22030000,29504
9,2203,22030000,22030100,533,888,22040000,29514
9,2204,22040000,22040100,533,888,22050000,29529
9,2205,22050000,22050100,533,888,22060000,29546
9,2206,22060000,22060100,533,888,22070000,29558
9,2207,22070000,22070100,533,888,22080000,29569
9,2208,22080000,22080100,533,888,22090000,29586
9,2209,22090000,22090100,533,888,22100000,29598
9,221,2210000,2210100,533,888,2220000,2964
9,2210,22100000,22100100,533,888,22110000,29611
9,2211,22110000,22110100,533,888,22120000,29621
9,2212,22120000,22120100,533,888,22130000,29641
9,2213,22130000,22130100,533,888,22140000,29651
9,2214,22140000,22140100,533,888,22150000,29665
9,2215,22150000,22150100,533,888,22160000,29676
9,2216,22160000,22160100,533,888,22170000,29693
9,2217,22170000,22170100,533,888,22180000,29704
9,2218,22180000,22180100,533,888,22190000,29718
9,2219,22190000,22190100,533,888,22200000,29730
9,222,2220000,2220100,533,888,2230000,2977
9,2220,22200000,22200100,533,888,22210000,29748
9,2221,22210000,22210100,533,888,22220000,29758
9,2222,22220000,22220100,533,888,22230000,29771
9,2223,22230000,22230100,533,888,22240000,29783
9,2224,22240000,22240100,533,888,22250000,29800
9,2225,22250000,22250100,533,888,22260000,29811
9,2226,22260000,22260100,533,888,22270000,29825
9,2227,22270000,22270100,533,888,22280000,29840
9,2228,22280000,22280100,533,888,22290000,29855
9,2229,22290000,22290100,533,888,22300000,29865
9,223,2230000,2230100,533,888,2240000,2987
9,2230,22300000,22300100,533,888,22310000,29878
9,2231,22310000,22310100,533,888,22320000,29888
9,2232,22320000,22320100,533,888,22330000,29908
9,2233,22330000,22330100,533,888,22340000,29920
9,2234,22340000,22340100,533,888,22350000,29932
9,2235,22350000,22350100,533,888,22360000,29945
9,2236,22360000,22360100,533,888,22370000,29962
9,2237,22370000,22370100,533,888,22380000,29973
9,2238,22380000,22380100,533,888,22390000,29985
9,2239,22390000,22390100,533,888,22400000,29995
9,224,2240000,2240100,533,888,2250000,3006
9,2240,22400000,22400100,533,888,22410000,30015
9,2241,22410000,22410100,533,888,22420000,30027
9,2242,22420000,22420100,533,888,22430000,30042
9,2243,22430000,22430100,533,888,22440000,30052
9,2244,22440000,22440100,533,888,22450000,30067
9,2245,22450000,22450100,533,888,22460000,30080
9,2246,22460000,22460100,533,888,22470000,30092
9,2247,22470000,22470100,533,888,22480000,30105
9,2248,22480000,22480100,533,888,22490000,30122
9,2249,22490000,22490100,533,888,22500000,30132
9,225,2250000,2250100,533,888,2260000,3021
9,2250,22500000,22500100,533,888,22510000,30149
9,2251,22510000,22510100,533,888,22520000,30159
9,2252,22520000,22520100,533,888,22530000,30175
9,2253,22530000,22530100,533,888,22540000,30185
9,2254,22540000,22540100,533,888,22550000,30201
9,2255,22550000,22550100,533,888,22560000,30212
9,2256,22560000,22560100,533,888,22570000,30229
9,2257,22570000,22570100,533,888,22580000,30242
9,2258,22580000,22580100,533,888,22590000,30254
9,2259,22590000,22590100,533,888,22600000,30266
9,226,2260000,2260100,533,888,2270000,3033
9,2260,22600000,22600100,533,888,22610000,30282
9,2261,22610000,22610100,533,888,22620000,30294
9,2262,22620000,22620100,533,888,22630000,30307
9,2263,22630000,22630100,533,888,22640000,30319
9,2264,22640000,22640100,533,888,22650000,30336
9,2265,22650000,22650100,533,888,22660000,30349
9,2266,22660000,22660100,533,888,22670000,30361
9,2267,22670000,22670100,533,888,22680000,30372
9,2268,22680000,22680100,533,888,22690000,30391
9,2269,22690000,22690100,533,888,22700000,30401
9,227,2270000,2270100,533,888,2280000,3044
9,2270,22700000,22700100,533,888,22710000,30414
9,2271,22710000,22710100,533,888,22720000,30424
9,2272,22720000,22720100,533,888,22730000,30446
9,2273,22730000,22730100,533,888,22740000,30456
9,2274,22740000,22740100,533,888,22750000,30468
9,2275,22750000,22750100,533,888,22760000,30481
9,2276,22760000,22760100,533,888,22770000,30496
9,2277,22770000,22770100,533,888,22780000,30509
9,2278,22780000,22780100,533,888,22790000,30521
9,2279,22790000,22790100,533,888,22800000,30531
9,228,2280000,2280100,533,888,2290000,3059
9,2280,22800000,22800100,533,888,22810000,30551
9,2281,22810000,22810100,533,888,22820000,30563
9,2282,22820000,22820100,533,888,22830000,30578
9,2283,22830000,22830100,533,888,22840000,30588
9,2284,22840000,22840100,533,888,22850000,30603
9,2285,22850000,22850100,533,888,22860000,30614
9,2286,22860000,22860100,533,888,22870000,30628
9,2287,22870000,22870100,533,888,22880000,30641
9,2288,22880000,22880100,533,888,22890000,30658
9,2289,22890000,22890100,533,888,22900000,30670
9,229,2290000,2290100,533,888,2300000,3071
9,2290,22900000,22900100,533,888,22910000,30685
9,2291,22910000,22910100,533,888,22920000,30695
9,2292,22920000,22920100,533,888,22930000,30711
9,2293,22930000,22930100,533,888,22940000,30721
9,2294,22940000,22940100,533,888,22950000,30733
9,2295,22950000,22950100,533,888,22960000,30748
9,2296,22960000,22960100,533,888,22970000,30767
9,2297,22970000,22970100,533,888,22980000,30778
9,2298,22980000,22980100,533,888,22990000,30790
9,2299,22990000,22990100,533,888,23000000,30802
9,23,230000,230100,533,888,240000,311
9,230,2300000,2300100,533,888,2310000,3084
9,2300,23000000,23000100,533,888,23010000,30818
9,2301,23010000,23010100,533,888,23020000,30828
9,2302,23020000,23020100,533,888,23030000,30843
9,2303,23030000,23030100,533,888,23040000,30855
9,2304,23040000,23040100,533,888,23050000,30874
9,2305,23050000,23050100,533,888,23060000,30885
9,2306,23060000,23060100,533,888,23070000,30897
9,2307,23070000,23070100,533,888,23080000,30908
9,2308,23080000,23080100,533,888,23090000,30925
9,2309,23090000,23090100,533,888,23100000,30935
9,231,2310000,2310100,533,888,2320000,3096
9,2310,23100000,23100100,533,888,23110000,30952
9,2311,23110000,23110100,533,888,23120000,30962
9,2312,23120000,23120100,533,888,23130000,30980
9,2313,23130000,23130100,533,888,23140000,30992
9,2314,23140000,23140100,533,888,23150000,31004
9,2315,23150000,23150100,533,888,23160000,31015
9,2316,23160000,23160100,533,888,23170000,31030
9,2317,23170000,23170100,533,888,23180000,31047
9,2318,23180000,23180100,533,888,23190000,31059
9,2319,23190000,23190100,533,888,23200000,31069
9,232,2320000,2320100,533,888,2330000,3116
9,2320,23200000,23200100,533,888,23210000,31087
9,2321,23210000,23210100,533,888,23220000,31097
9,2322,23220000,23220100,533,888,23230000,31112
9,2323,23230000,23230100,533,888,23240000,31122
9,2324,23240000,23240100,533,888,23250000,31139
9,2325,23250000,23250100,533,888,23260000,31152
9,2326,23260000,23260100,533,888,23270000,31166
9,2327,23270000,23270100,533,888,23280000,31177
9,2328,23280000,23280100,533,888,23290000,31194
9,2329,23290000,23290100,533,888,23300000,31204
9,233,2330000,2330100,533,888,2340000,3126
9,2330,23300000,23300100,533,888,23310000,31217
9,2331,23310000,23310100,533,888,23320000,31231
9,2332,23320000,23320100,533,888,23330000,31249
9,2333,23330000,23330100,533,888,23340000,31259
9,2334,23340000,23340100,533,888,23350000,31271
9,2335,23350000,23350100,533,888,23360000,31284
9,2336,23360000,23360100,533,888,23370000,31301
9,2337,23370000,23370100,533,888,23380000,31312
9,2338,23380000,23380100,533,888,23390000,31326
9,2339,23390000,23390100,533,888,23400000,31336
9,234,2340000,2340100,533,888,2350000,3140
9,2340,23400000,23400100,533,888,23410000,31356
9,2341,23410000,23410100,533,888,23420000,31366
9,2342,23420000,23420100,533,888,23430000,31379
9,2343,23430000,23430100,533,888,23440000,31389
9,2344,23440000,23440100,533,888,23450000,31408
9,2345,23450000,23450100,533,888,23460000,31421
9,2346,23460000,23460100,533,888,23470000,31433
9,2347,23470000,23470100,533,888,23480000,31446
9,2348,23480000,23480100,533,888,23490000,31461
9,2349,23490000,23490100,533,888,23500000,31473
9,235,2350000,2350100,533,888,2360000,3151
9,2350,23500000,23500100,533,888,23510000,31486
9,2351,23510000,23510100,533,888,23520000,31496
9,2352,23520000,23520100,533,888,23530000,31516
9,2353,23530000,23530100,533,888,23540000,31528
9,2354,23540000,23540100,533,888,23550000,31540
9,2355,23550000,23550100,533,888,23560000,31553
9,2356,23560000,23560100,533,888,23570000,31568
9,2357,23570000,23570100,533,888,23580000,31579
9,2358,23580000,23580100,533,888,23590000,31593
9,2359,23590000,23590100,533,888,23600000,31605
9,236,2360000,2360100,533,888,2370000,3166
9,2360,23600000,23600100,533,888,23610000,31623
9,2361,23610000,23610100,533,888,23620000,31633
9,2362,23620000,23620100,533,888,23630000,31650
9,2363,23630000,23630100,533,888,23640000,31660
9,2364,23640000,23640100,533,888,23650000,31675
9,2365,23650000,23650100,533,888,23660000,31686
9,2366,23660000,23660100,533,888,23670000,31700
9,2367,23670000,23670100,533,888,23680000,31713
9,2368,23680000,23680100,533,888,23690000,31730
9,2369,23690000,23690100,533,888,23700000,31740
9,237,2370000,2370100,533,888,2380000,3177
9,2370,23700000,23700100,533,888,23710000,31755
9,2371,23710000,23710100,533,888,23720000,31767
9,2372,23720000,23720100,533,888,23730000,31783
9,2373,23730000,23730100,533,888,23740000,31795
9,2374,23740000,23740100,533,888,23750000,31807
9,2375,23750000,23750100,533,888,23760000,31818
9,2376,23760000,23760100,533,888,23770000,31837
9,2377,23770000,23770100,533,888,23780000,31850
9,2378,23780000,23780100,533,888,23790000,31862
9,2379,23790000,23790100,533,888,23800000,31872
9,238,2380000,2380100,533,888,2390000,3193
9,2380,23800000,23800100,533,888,23810000,31892
9,2381,23810000,23810100,533,888,23820000,31902
9,2382,23820000,23820100,533,888,23830000,31915
9,2383,23830000,23830100,533,888,23840000,31925
9,2384,23840000,23840100,533,888,23850000,31942
9,2385,23850000,23850100,533,888,23860000,31957
9,2386,23860000,23860100,533,888,23870000,31969
9,2387,23870000,23870100,533,888,23880000,31982
9,2388,23880000,23880100,533,888,23890000,31997
9,2389,23890000,23890100,533,888,23900000,32009
9,239,2390000,2390100,533,888,2400000,3203
9,2390,23900000,23900100,533,888,23910000,32022
9,2391,23910000,23910100,533,888,23920000,32032
9,2392,23920000,23920100,533,888,23930000,32052
9,2393,23930000,23930100,533,888,23940000,32062
9,2394,23940000,23940100,533,888,23950000,32078
9,2395,23950000,23950100,533,888,23960000,32089
9,2396,23960000,23960100,533,888,23970000,32104
9,2397,23970000,23970100,533,888,23980000,32115
9,2398,23980000,23980100,533,888,23990000,32129
9,2399,23990000,23990100,533,888,24000000,32139
9,24,240000,240100,533,888,250000,328
9,240,2400000,2400100,533,888,2410000,3223
9,2400,24000000,24000100,533,888,24010000,32159
9,2401,24010000,24010100,533,888,24020000,32171
9,2402,24020000,24020100,533,888,24030000,32184
9,2403,24030000,24030100,533,888,24040000,32196
9,2404,24040000,24040100,533,888,24050000,32211
9,2405,24050000,24050100,533,888,24060000,32222
9,2406,24060000,24060100,533,888,24070000,32234
9,2407,24070000,24070100,533,888,24080000,32249
9,2408,24080000,24080100,533,888,24090000,32268
9,2409,24090000,24090100,533,888,24100000,32278
9,241,2410000,2410100,533,888,2420000,3233
9,2410,24100000,24100100,533,888,24110000,32291
9,2411,24110000,24110100,533,888,24120000,32301
9,2412,24120000,24120100,533,888,24130000,32319
9,2413,24130000,24130100,533,888,24140000,32329
9,2414,24140000,24140100,533,888,24150000,32341
9,2415,24150000,24150100,533,888,24160000,32356
9,2416,24160000,24160100,533,888,24170000,32375
9,2417,24170000,24170100,533,888,24180000,32386
9,2418,24180000,24180100,533,888,24190000,32398
9,2419,24190000,24190100,533,888,24200000,32408
9,242,2420000,2420100,533,888,2430000,3246
9,2420,24200000,24200100,533,888,24210000,32424
9,2421,24210000,24210100,533,888,24220000,32436
9,2422,24220000,24220100,533,888,24230000,32453
9,2423,24230000,24230100,533,888,24240000,32463
9,2424,24240000,24240100,533,888,24250000,32480
9,2425,24250000,24250100,533,888,24260000,32493
9,2426,24260000,24260100,533,888,24270000,32505
9,2427,24270000,24270100,533,888,24280000,32516
9,2428,24280000,24280100,533,888,24290000,32531
9,2429,24290000,24290100,533,888,24300000,32543
9,243,2430000,2430100,533,888,2440000,3258
9,2430,24300000,24300100,533,888,24310000,32560
9,2431,24310000,24310100,533,888,24320000,32570
9,2432,24320000,24320100,533,888,24330000,32588
9,2433,24330000,24330100,533,888,24340000,32598
9,2434,24340000,24340100,533,888,24350000,32612
9,2435,24350000,24350100,533,888,24360000,32623
9,2436,24360000,24360100,533,888,24370000,32640
9,2437,24370000,24370100,533,888,24380000,32653
9,2438,24380000,24380100,533,888,24390000,32665
9,2439,24390000,24390100,533,888,24400000,32677
9,244,2440000,2440100,533,888,2450000,3273
9,2440,24400000,24400100,533,888,24410000,32695
9,2441,24410000,24410100,533,888,24420000,32705
9,2442,24420000,24420100,533,888,24430000,32718
9,2443,24430000,24430100,533,888,24440000,32732
9,2444,24440000,24440100,533,888,24450000,32747
9,2445,24450000,24450100,533,888,24460000,32760
9,2446,24460000,24460100,533,888,24470000,32772
9,2447,24470000,24470100,533,888,24480000,32783
9,2448,24480000,24480100,533,888,24490000,32802
9,2449,24490000,24490100,533,888,24500000,32812
9,245,2450000,2450100,533,888,2460000,3286
9,2450,24500000,24500100,533,888,24510000,32827
9,2451,24510000,24510100,533,888,24520000,32837
9,2452,24520000,24520100,533,888,24530000,32857
9,2453,24530000,24530100,533,888,24540000,32867
9,2454,24540000,24540100,533,888,24550000,32879
9,2455,24550000,24550100,533,888,24560000,32890
9,2456,24560000,24560100,533,888,24570000,32907
9,2457,24570000,24570100,533,888,24580000,32922
9,2458,24580000,24580100,533,888,24590000,32934
9,2459,24590000,24590100,533,888,24600000,32944
9,246,2460000,2460100,533,888,2470000,3298
9,2460,24600000,24600100,533,888,24610000,32962
9,2461,24610000,24610100,533,888,24620000,32974
9,2462,24620000,24620100,533,888,24630000,32987
9,2463,24630000,24630100,533,888,24640000,32997
9,2464,24640000,24640100,533,888,24650000,33016
9,2465,24650000,24650100,533,888,24660000,33027
9,2466,24660000,24660100,533,888,24670000,33041
9,2467,24670000,24670100,533,888,24680000,33054
9,2468,24680000,24680100,533,888,24690000,33069
9,2469,24690000,24690100,533,888,24700000,33079
9,247,2470000,2470100,533,888,2480000,3313
9,2470,24700000,24700100,533,888,24710000,33094
9,2471,24710000,24710100,533,888,24720000,33106
9,2472,24720000,24720100,533,888,24730000,33124
9,2473,24730000,24730100,533,888,24740000,33134
9,2474,24740000,24740100,533,888,24750000,33146
9,2475,24750000,24750100,533,888,24760000,33161
9,2476,24760000,24760100,533,888,24770000,33176
9,2477,24770000,24770100,533,888,24780000,33187
9,2478,24780000,24780100,533,888,24790000,33201
9,2479,24790000,24790100,533,888,24800000,33213
9,248,2480000,2480100,533,888,2490000,3330
9,2480,24800000,24800100,533,888,24810000,33231
9,2481,24810000,24810100,533,888,24820000,33241
9,2482,24820000,24820100,533,888,24830000,33256
9,2483,24830000,24830100,533,888,24840000,33266
9,2484,24840000,24840100,533,888,24850000,33283
9,2485,24850000,24850100,533,888,24860000,33296
9,2486,24860000,24860100,533,888,24870000,33308
9,2487,24870000,24870100,533,888,24880000,33319
9,2488,24880000,24880100,533,888,24890000,33338
9,2489,24890000,24890100,533,888,24900000,33348
9,249,2490000,2490100,533,888,2500000,3340
9,2490,24900000,24900100,533,888,24910000,33363
9,2491,24910000,24910100,533,888,24920000,33373
9,2492,24920000,24920100,533,888,24930000,33391
9,2493,24930000,24930100,533,888,24940000,33403
9,2494,24940000,24940100,533,888,24950000,33415
9,2495,24950000,24950100,533,888,24960000,33426
9,2496,24960000,24960100,533,888,24970000,33443
9,2497,24970000,24970100,533,888,24980000,33458
9,2498,24980000,24980100,533,888,24990000,33470
9,2499,24990000,24990100,533,888,25000000,33482
9,25,250000,250100,533,888,260000,339
9,250,2500000,2500100,533,888,2510000,3353
9,2500,25000000,25000100,533,888,25010000,33498
9,2501,25010000,25010100,533,888,25020000,33508
9,2502,25020000,25020100,533,888,25030000,33523
9,2503,25030000,25030100,533,888,25040000,33533
9,2504,25040000,25040100,533,888,25050000,33550
9,2505,25050000,25050100,533,888,25060000,33563
9,2506,25060000,25060100,533,888,25070000,33579
9,2507,25070000,25070100,533,888,25080000,33590
9,2508,25080000,25080100,533,888,25090000,33605
9,2509,25090000,25090100,533,888,25100000,33615
9,251,2510000,2510100,533,888,2520000,3363
9,2510,25100000,25100100,533,888,25110000,33628
9,2511,25110000,25110100,533,888,25120000,33640
9,2512,25120000,25120100,533,888,25130000,33660
9,2513,25130000,25130100,533,888,25140000,33672
9,2514,25140000,25140100,533,888,25150000,33684
9,2515,25150000,25150100,533,888,25160000,33697
9,2516,25160000,25160100,533,888,25170000,33712
9,2517,25170000,25170100,533,888,25180000,33723
9,2518,25180000,25180100,533,888,25190000,33735
9,2519,25190000,25190100,533,888,25200000,33745
9,252,2520000,2520100,533,888,2530000,3383
9,253,2530000,2530100,533,888,2540000,3393
9,254,2540000,2540100,533,888,2550000,3405
9,255,2550000,2550100,533,888,2560000,3418
9,256,2560000,2560100,533,888,2570000,3437
9,257,2570000,2570100,533,888,2580000,3448
9,258,2580000,2580100,533,888,2590000,3460
9,259,2590000,2590100,533,888,2600000,3472
9,26,260000,260100,533,888,270000,351
9,260,2600000,2600100,533,888,2610000,3488
9,261,2610000,2610100,533,888,2620000,3500
9,262,2620000,2620100,533,888,2630000,3515
9,263,2630000,2630100,533,888,2640000,3525
9,264,2640000,2640100,533,888,2650000,3542
9,265,2650000,2650100,533,888,2660000,3555
9,266,2660000,2660100,533,888,2670000,3569
9,267,2670000,2670100,533,888,2680000,3580
9,268,2680000,2680100,533,888,2690000,3595
9,269,2690000,2690100,533,888,2700000,3605
9,27,270000,270100,533,888,280000,364
9,270,2700000,2700100,533,888,2710000,3622
9,271,2710000,2710100,533,888,2720000,3632
9,272,2720000,2720100,533,888,2730000,3650
9,273,2730000,2730100,533,888,2740000,3662
9,274,2740000,2740100,533,888,2750000,3676
9,275,2750000,2750100,533,888,2760000,3687
9,276,2760000,2760100,533,888,2770000,3702
9,277,2770000,2770100,533,888,2780000,3715
9,278,2780000,2780100,533,888,2790000,3727
9,279,2790000,2790100,533,888,2800000,3739
9,28,280000,280100,533,888,290000,381
9,280,2800000,2800100,533,888,2810000,3759
9,281,2810000,2810100,533,888,2820000,3769
9,282,2820000,2820100,533,888,2830000,3782
9,283,2830000,2830100,533,888,2840000,3794
9,284,2840000,2840100,533,888,2850000,3809
9,285,2850000,2850100,533,888,2860000,3822
9,286,2860000,2860100,533,888,2870000,3834
9,287,2870000,2870100,533,888,2880000,3847
9,288,2880000,2880100,533,888,2890000,3866
9,289,2890000,2890100,533,888,2900000,3876
9,29,290000,290100,533,888,300000,391
9,290,2900000,2900100,533,888,2910000,3889
9,291,2910000,2910100,533,888,2920000,3899
9,292,2920000,2920100,533,888,2930000,3919
9,293,2930000,2930100,533,888,2940000,3929
9,294,2940000,2940100,533,888,2950000,3943
9,295,2950000,2950100,533,888,2960000,3954
9,296,2960000,2960100,533,888,2970000,3971
9,297,2970000,2970100,533,888,2980000,3984
9,298,2980000,2980100,533,888,2990000,3996
9,299,2990000,2990100,533,888,3000000,4006
9,3,30000,30100,533,888,40000,42
9,30,300000,300100,533,888,310000,406
9,300,3000000,3000100,533,888,3010000,4024
9,301,3010000,3010100,533,888,3020000,4038
9,302,3020000,3020100,533,888,3030000,4051
9,303,3030000,3030100,533,888,3040000,4061
9,304,3040000,3040100,533,888,3050000,4078
9,305,3050000,3050100,533,888,3060000,4089
9,306,3060000,3060100,533,888,3070000,4103
9,307,3070000,3070100,533,888,3080000,4116
9,308,3080000,3080100,533,888,3090000,4133
9,309,3090000,3090100,533,888,3100000,4143
9,31,310000,310100,533,888,320000,418
9,310,3100000,3100100,533,888,3110000,4158
9,311,3110000,3110100,533,888,3120000,4168
9,312,3120000,3120100,533,888,3130000,4186
9,313,3130000,3130100,533,888,3140000,4196
9,314,3140000,3140100,533,888,3150000,4208
9,315,3150000,3150100,533,888,3160000,4225
9,316,3160000,3160100,533,888,3170000,4240
9,317,3170000,3170100,533,888,3180000,4251
9,318,3180000,3180100,533,888,3190000,4263
9,319,3190000,3190100,533,888,3200000,4275
9,32,320000,320100,533,888,330000,436
9,320,3200000,3200100,533,888,3210000,4293
9,321,3210000,3210100,533,888,3220000,4303
9,322,3220000,3220100,533,888,3230000,4320
9,323,3230000,3230100,533,888,3240000,4330
9,324,3240000,3240100,533,888,3250000,4347
9,325,3250000,3250100,533,888,3260000,4358
9,326,3260000,3260100,533,888,3270000,4370
9,327,3270000,3270100,533,888,3280000,4381
9,328,3280000,3280100,533,888,3290000,4400
9,329,3290000,3290100,533,888,3300000,4412
9,33,330000,330100,533,888,340000,446
9,330,3300000,3300100,533,888,3310000,4427
9,331,3310000,3310100,533,888,3320000,4437
9,332,3320000,3320100,533,888,3330000,4453
9,333,3330000,3330100,533,888,3340000,4465
9,334,3340000,3340100,533,888,3350000,4477
9,335,3350000,3350100,533,888,3360000,4488
9,336,3360000,3360100,533,888,3370000,4507
9,337,3370000,3370100,533,888,3380000,4522
9,338,3380000,3380100,533,888,3390000,4534
9,339,3390000,3390100,533,888,3400000,4544
9,34,340000,340100,533,888,350000,458
9,340,3400000,3400100,533,888,3410000,4560
9,341,3410000,3410100,533,888,3420000,4570
9,342,3420000,3420100,533,888,3430000,4585
9,343,3430000,3430100,533,888,3440000,4597
9,344,3440000,3440100,533,888,3450000,4614
9,345,3450000,3450100,533,888,3460000,4627
9,346,3460000,3460100,533,888,3470000,4641
9,347,3470000,3470100,533,888,3480000,4652
9,348,3480000,3480100,533,888,3490000,4667
9,349,3490000,3490100,533,888,3500000,4677
9,35,350000,350100,533,888,360000,471
9,350,3500000,3500100,533,888,3510000,4692
9,351,3510000,3510100,533,888,3520000,4704
9,352,3520000,3520100,533,888,3530000,4724
9,353,3530000,3530100,533,888,3540000,4734
9,354,3540000,3540100,533,888,3550000,4746
9,355,3550000,3550100,533,888,3560000,4759
9,356,3560000,3560100,533,888,3570000,4774
9,357,3570000,3570100,533,888,3580000,4787
9,358,3580000,3580100,533,888,3590000,4799
9,359,3590000,3590100,533,888,3600000,4809
9,36,360000,360100,533,888,370000,488
9,360,3600000,3600100,533,888,3610000,4831
9,361,3610000,3610100,533,888,3620000,4841
9,362,3620000,3620100,533,888,3630000,4854
9,363,3630000,3630100,533,888,3640000,4864
9,364,3640000,3640100,533,888,3650000,4883
9,365,3650000,3650100,533,888,3660000,4894
9,366,3660000,3660100,533,888,3670000,4906
9,367,3670000,3670100,533,888,3680000,4919
9,368,3680000,3680100,533,888,3690000,4936
9,369,3690000,3690100,533,888,3700000,4948
9,37,370000,370100,533,888,380000,501
9,370,3700000,3700100,533,888,3710000,4961
9,371,3710000,3710100,533,888,3720000,4973
9,372,3720000,3720100,533,888,3730000,4989
9,373,3730000,3730100,533,888,3740000,5001
9,374,3740000,3740100,533,888,3750000,5013
9,375,3750000,3750100,533,888,3760000,5026
9,376,3760000,3760100,533,888,3770000,5043
9,377,3770000,3770100,533,888,3780000,5054
9,378,3780000,3780100,533,888,3790000,5070
9,379,3790000,3790100,533,888,3800000,5080
9,38,380000,380100,533,888,390000,513
9,380,3800000,3800100,533,888,3810000,5096
9,381,3810000,3810100,533,888,3820000,5106
9,382,3820000,3820100,533,888,3830000,5123
9,383,3830000,3830100,533,888,3840000,5133
9,384,3840000,3840100,533,888,3850000,5150
9,385,3850000,3850100,533,888,3860000,5163
9,386,3860000,3860100,533,888,3870000,5175
9,387,3870000,3870100,533,888,3880000,5188
9,388,3880000,3880100,533,888,3890000,5203
9,389,3890000,3890100,533,888,3900000,5213
9,39,390000,390100,533,888,400000,523
9,390,3900000,3900100,533,888,3910000,5228
9,391,3910000,3910100,533,888,3920000,5240
9,392,3920000,3920100,533,888,3930000,5260
9,393,3930000,3930100,533,888,3940000,5270
9,394,3940000,3940100,533,888,3950000,5282
9,395,3950000,3950100,533,888,3960000,5293
9,396,3960000,3960100,533,888,3970000,5310
9,397,3970000,3970100,533,888,3980000,5323
9,398,3980000,3980100,533,888,3990000,5335
9,399,3990000,3990100,533,888,4000000,5347
9,4,40000,40100,533,888,50000,59
9,40,400000,400100,533,888,410000,543
9,400,4000000,4000100,533,888,4010000,5367
9,401,4010000,4010100,533,888,4020000,5377
9,402,4020000,4020100,533,888,4030000,5390
9,403,4030000,4030100,533,888,4040000,5400
9,404,4040000,4040100,533,888,4050000,5415
9,405,4050000,4050100,533,888,4060000,5430
9,406,4060000,4060100,533,888,4070000,5444
9,407,4070000,4070100,533,888,4080000,5455
9,408,4080000,4080100,533,888,4090000,5472
9,409,4090000,4090100,533,888,4100000,5484
9,41,410000,410100,533,888,420000,553
9,410,4100000,4100100,533,888,4110000,5497
9,411,4110000,4110100,533,888,4120000,5507
9,412,4120000,4120100,533,888,4130000,5525
9,413,4130000,4130100,533,888,4140000,5537
9,414,4140000,4140100,533,888,4150000,5551
9,415,4150000,4150100,533,888,4160000,5562
9,416,4160000,4160100,533,888,4170000,5579
9,417,4170000,4170100,533,888,4180000,5590
9,418,4180000,4180100,533,888,4190000,5604
9,419,4190000,4190100,533,888,4200000,5614
9,42,420000,420100,533,888,430000,568
9,420,4200000,4200100,533,888,4210000,5634
9,421,4210000,4210100,533,888,4220000,5644
9,422,4220000,4220100,533,888,4230000,5657
9,423,4230000,4230100,533,888,4240000,5669
9,424,4240000,4240100,533,888,4250000,5686
9,425,4250000,4250100,533,888,4260000,5697
9,426,4260000,4260100,533,888,4270000,5709
9,427,4270000,4270100,533,888,4280000,5726
9,428,4280000,4280100,533,888,4290000,5741
9,429,4290000,4290100,533,888,4300000,5751
9,43,430000,430100,533,888,440000,578
9,430,4300000,4300100,533,888,4310000,5764
9,431,4310000,4310100,533,888,4320000,5774
9,432,4320000,4320100,533,888,4330000,5794
9,433,4330000,4330100,533,888,4340000,5804
9,434,4340000,4340100,533,888,4350000,5818
9,435,4350000,4350100,533,888,4360000,5831
9,436,4360000,4360100,533,888,4370000,5848
9,437,4370000,4370100,533,888,4380000,5859
9,438,4380000,4380100,533,888,4390000,5871
9,439,4390000,4390100,533,888,4400000,5881
9,44,440000,440100,533,888,450000,593
9,440,4400000,4400100,533,888,4410000,5899
9,441,4410000,4410100,533,888,4420000,5913
9,442,4420000,4420100,533,888,4430000,5928
9,443,4430000,4430100,533,888,4440000,5938
9,444,4440000,4440100,533,888,4450000,5953
9,445,4450000,4450100,533,888,4460000,5966
9,446,4460000,4460100,533,888,4470000,5978
9,447,4470000,4470100,533,888,4480000,5989
9,448,4480000,4480100,533,888,4490000,6008
9,449,4490000,4490100,533,888,4500000,6018
9,45,450000,450100,533,888,460000,608
9,450,4500000,4500100,533,888,4510000,6035
9,451,4510000,4510100,533,888,4520000,6045
9,452,4520000,4520100,533,888,4530000,6061
9,453,4530000,4530100,533,888,4540000,6071
9,454,4540000,4540100,533,888,4550000,6085
9,455,4550000,4550100,533,888,4560000,6098
9,456,4560000,4560100,533,888,4570000,6115
9,457,4570000,4570100,533,888,4580000,6128
9,458,4580000,4580100,533,888,4590000,6140
9,459,4590000,4590100,533,888,4600000,6152
9,46,460000,460100,533,888,470000,620
9,460,4600000,4600100,533,888,4610000,6168
9,461,4610000,4610100,533,888,4620000,6178
9,462,4620000,4620100,533,888,4630000,6193
9,463,4630000,4630100,533,888,4640000,6205
9,464,4640000,4640100,533,888,4650000,6222
9,465,4650000,4650100,533,888,4660000,6235
9,466,4660000,4660100,533,888,4670000,6247
9,467,4670000,4670100,533,888,4680000,6258
9,468,4680000,4680100,533,888,4690000,6275
9,469,4690000,4690100,533,888,4700000,6287
9,47,470000,470100,533,888,480000,631
9,470,4700000,4700100,533,888,4710000,6300
9,471,4710000,4710100,533,888,4720000,6310
9,472,4720000,4720100,533,888,4730000,6332
9,473,4730000,4730100,533,888,4740000,6342
9,474,4740000,4740100,533,888,4750000,6354
9,475,4750000,4750100,533,888,4760000,6365
9,476,4760000,4760100,533,888,4770000,6382
9,477,4770000,4770100,533,888,4780000,6395
9,478,4780000,4780100,533,888,4790000,6407
9,479,4790000,4790100,533,888,4800000,6417
9,48,480000,480100,533,888,490000,648
9,480,4800000,4800100,533,888,4810000,6437
9,481,4810000,4810100,533,888,4820000,6449
9,482,4820000,4820100,533,888,4830000,6462
9,483,4830000,4830100,533,888,4840000,6474
9,484,4840000,4840100,533,888,4850000,6489
9,485,4850000,4850100,533,888,4860000,6500
9,486,4860000,4860100,533,888,4870000,6514
9,487,4870000,4870100,533,888,4880000,6527
9,488,4880000,4880100,533,888,4890000,6544
9,489,4890000,4890100,533,888,4900000,6554
9,49,490000,490100,533,888,500000,662
9,490,4900000,4900100,533,888,4910000,6571
9,491,4910000,4910100,533,888,4920000,6581
9,492,4920000,4920100,533,888,4930000,6597
9,493,4930000,4930100,533,888,4940000,6607
9,494,4940000,4940100,533,888,4950000,6619
9,495,4950000,4950100,533,888,4960000,6634
9,496,4960000,4960100,533,888,4970000,6651
9,497,4970000,4970100,533,888,4980000,6664
9,498,4980000,4980100,533,888,4990000,6676
9,499,4990000,4990100,533,888,5000000,6688
9,5,50000,50100,533,888,60000,70
9,50,500000,500100,533,888,510000,675
9,500,5000000,5000100,533,888,5010000,6704
9,501,5010000,5010100,533,888,5020000,6714
9,502,5020000,5020100,533,888,5030000,6729
9,503,5030000,5030100,533,888,5040000,6739
9,504,5040000,5040100,533,888,5050000,6760
9,505,5050000,5050100,533,888,5060000,6771
9,506,5060000,5060100,533,888,5070000,6783
9,507,5070000,5070100,533,888,5080000,6794
9,508,5080000,5080100,533,888,5090000,6811
9,509,5090000,5090100,533,888,5100000,6821
9,51,510000,510100,533,888,520000,685
9,510,5100000,5100100,533,888,5110000,6836
9,511,5110000,5110100,533,888,5120000,6848
9,512,5120000,5120100,533,888,5130000,6866
9,513,5130000,5130100,533,888,5140000,6878
9,514,5140000,5140100,533,888,5150000,6890
9,515,5150000,5150100,533,888,5160000,6901
9,516,5160000,5160100,533,888,5170000,6916
9,517,5170000,5170100,533,888,5180000,6931
9,518,5180000,5180100,533,888,5190000,6945
9,519,5190000,5190100,533,888,5200000,6955
9,52,520000,520100,533,888,530000,703
9,520,5200000,5200100,533,888,5210000,6973
9,521,5210000,5210100,533,888,5220000,6983
9,522,5220000,5220100,533,888,5230000,6998
9,523,5230000,5230100,533,888,5240000,7008
9,524,5240000,5240100,533,888,5250000,7023
9,525,5250000,5250100,533,888,5260000,7038
9,526,5260000,5260100,533,888,5270000,7052
9,527,5270000,5270100,533,888,5280000,7063
9,528,5280000,5280100,533,888,5290000,7080
9,529,5290000,5290100,533,888,5300000,7090
9,53,530000,530100,533,888,540000,713
9,530,5300000,5300100,533,888,5310000,7103
9,531,5310000,5310100,533,888,5320000,7115
9,532,5320000,5320100,533,888,5330000,7135
9,533,5330000,5330100,533,888,5340000,7145
9,534,5340000,5340100,533,888,5350000,7157
9,535,5350000,5350100,533,888,5360000,7170
9,536,5360000,5360100,533,888,5370000,7187
9,537,5370000,5370100,533,888,5380000,7198
9,538,5380000,5380100,533,888,5390000,7210
9,539,5390000,5390100,533,888,5400000,7222
9,54,540000,540100,533,888,550000,727
9,540,5400000,5400100,533,888,5410000,7242
9,541,5410000,5410100,533,888,5420000,7252
9,542,5420000,5420100,533,888,5430000,7265
9,543,5430000,5430100,533,888,5440000,7275
9,544,5440000,5440100,533,888,5450000,7294
9,545,5450000,5450100,533,888,5460000,7305
9,546,5460000,5460100,533,888,5470000,7319
9,547,5470000,5470100,533,888,5480000,7332
9,548,5480000,5480100,533,888,5490000,7347
9,549,5490000,5490100,533,888,5500000,7359
9,55,550000,550100,533,888,560000,738
9,550,5500000,5500100,533,888,5510000,7372
9,551,5510000,5510100,533,888,5520000,7382
9,552,5520000,5520100,533,888,5530000,7400
9,553,5530000,5530100,533,888,5540000,7414
9,554,5540000,5540100,533,888,5550000,7426
9,555,5550000,5550100,533,888,5560000,7439
9,556,5560000,5560100,533,888,5570000,7454
9,557,5570000,5570100,533,888,5580000,7465
9,558,5580000,5580100,533,888,5590000,7479
9,559,5590000,5590100,533,888,5600000,7489
9,56,560000,560100,533,888,570000,757
9,560,5600000,5600100,533,888,5610000,7509
9,561,5610000,5610100,533,888,5620000,7519
9,562,5620000,5620100,533,888,5630000,7536
9,563,5630000,5630100,533,888,5640000,7546
9,564,5640000,5640100,533,888,5650000,7561
9,565,5650000,5650100,533,888,5660000,7572
9,566,5660000,5660100,533,888,5670000,7584
9,567,5670000,5670100,533,888,5680000,7599
9,568,5680000,5680100,533,888,5690000,7616
9,569,5690000,5690100,533,888,5700000,7626
9,57,570000,570100,533,888,580000,768
9,570,5700000,5700100,533,888,5710000,7641
9,571,5710000,5710100,533,888,5720000,7653
9,572,5720000,5720100,533,888,5730000,7669
9,573,5730000,5730100,533,888,5740000,7679
9,574,5740000,5740100,533,888,5750000,7693
9,575,5750000,5750100,533,888,5760000,7704
9,576,5760000,5760100,533,888,5770000,7723
9,577,5770000,5770100,533,888,5780000,7736
9,578,5780000,5780100,533,888,5790000,7748
9,579,5790000,5790100,533,888,5800000,7758
9,58,580000,580100,533,888,590000,782
9,580,5800000,5800100,533,888,5810000,7776
9,581,5810000,5810100,533,888,5820000,7788
9,582,5820000,5820100,533,888,5830000,7801
9,583,5830000,5830100,533,888,5840000,7811
9,584,5840000,5840100,533,888,5850000,7828
9,585,5850000,5850100,533,888,5860000,7843
9,586,5860000,5860100,533,888,5870000,7855
9,587,5870000,5870100,533,888,5880000,7866
9,588,5880000,5880100,533,888,5890000,7883
9,589,5890000,5890100,533,888,5900000,7895
9,59,590000,590100,533,888,600000,792
9,590,5900000,5900100,533,888,5910000,7908
9,591,5910000,5910100,533,888,5920000,7918
9,592,5920000,5920100,533,888,5930000,7938
9,593,5930000,5930100,533,888,5940000,7948
9,594,5940000,5940100,533,888,5950000,7962
9,595,5950000,5950100,533,888,5960000,7975
9,596,5960000,5960100,533,888,5970000,7990
9,597,5970000,5970100,533,888,5980000,8001
9,598,5980000,5980100,533,888,5990000,8015
9,599,5990000,5990100,533,888,6000000,8025
9,6,60000,60100,533,888,70000,82
9,60,600000,600100,533,888,610000,810
9,600,6000000,6000100,533,888,6010000,8045
9,601,6010000,6010100,533,888,6020000,8055
9,602,6020000,6020100,533,888,6030000,8070
9,603,6030000,6030100,533,888,6040000,8082
9,604,6040000,6040100,533,888,6050000,8097
9,605,6050000,6050100,533,888,6060000,8108
9,606,6060000,6060100,533,888,6070000,8120
9,607,6070000,6070100,533,888,6080000,8135
9,608,6080000,6080100,533,888,6090000,8152
9,609,6090000,6090100,533,888,6100000,8164
9,61,610000,610100,533,888,620000,820
9,610,6100000,6100100,533,888,6110000,8177
9,611,6110000,6110100,533,888,6120000,8187
9,612,6120000,6120100,533,888,6130000,8205
9,613,6130000,6130100,533,888,6140000,8215
9,614,6140000,6140100,533,888,6150000,8227
9,615,6150000,6150100,533,888,6160000,8240
9,616,6160000,6160100,533,888,6170000,8261
9,617,6170000,6170100,533,888,6180000,8272
9,618,6180000,6180100,533,888,6190000,8284
9,619,6190000,6190100,533,888,6200000,8294
9,62,620000,620100,533,888,630000,833
9,620,6200000,6200100,533,888,6210000,8310
9,621,6210000,6210100,533,888,6220000,8322
9,622,6220000,6220100,533,888,6230000,8337
9,623,6230000,6230100,533,888,6240000,8349
9,624,6240000,6240100,533,888,6250000,8366
9,625,6250000,6250100,533,888,6260000,8379
9,626,6260000,6260100,533,888,6270000,8391
9,627,6270000,6270100,533,888,6280000,8402
9,628,6280000,6280100,533,888,6290000,8417
9,629,6290000,6290100,533,888,6300000,8427
9,63,630000,630100,533,888,640000,847
9,630,6300000,6300100,533,888,6310000,8446
9,631,6310000,6310100,533,888,6320000,8456
9,632,6320000,6320100,533,888,6330000,8474
9,633,6330000,6330100,533,888,6340000,8484
9,634,6340000,6340100,533,888,6350000,8498
9,635,6350000,6350100,533,888,6360000,8509
9,636,6360000,6360100,533,888,6370000,8524
9,637,6370000,6370100,533,888,6380000,8539
9,638,6380000,6380100,533,888,6390000,8551
9,639,6390000,6390100,533,888,6400000,8563
9,64,640000,640100,533,888,650000,864
9,640,6400000,6400100,533,888,6410000,8581
9,641,6410000,6410100,533,888,6420000,8591
9,642,6420000,6420100,533,888,6430000,8604
9,643,6430000,6430100,533,888,6440000,8616
9,644,6440000,6440100,533,888,6450000,8633
9,645,6450000,6450100,533,888,6460000,8646
9,646,6460000,6460100,533,888,6470000,8658
9,647,6470000,6470100,533,888,6480000,8669
9,648,6480000,6480100,533,888,6490000,8688
9,649,6490000,6490100,533,888,6500000,8698
9,65,650000,650100,533,888,660000,875
9,650,6500000,6500100,533,888,6510000,8711
9,651,6510000,6510100,533,888,6520000,8723
9,652,6520000,6520100,533,888,6530000,8743
9,653,6530000,6530100,533,888,6540000,8753
9,654,6540000,6540100,533,888,6550000,8765
9,655,6550000,6550100,533,888,6560000,8776
9,656,6560000,6560100,533,888,6570000,8793
9,657,6570000,6570100,533,888,6580000,8806
9,658,6580000,6580100,533,888,6590000,8820
9,659,6590000,6590100,533,888,6600000,8830
9,66,660000,660100,533,888,670000,887
9,660,6600000,6600100,533,888,6610000,8848
9,661,6610000,6610100,533,888,6620000,8860
9,662,6620000,6620100,533,888,6630000,8873
9,663,6630000,6630100,533,888,6640000,8883
9,664,6640000,6640100,533,888,6650000,8900
9,665,6650000,6650100,533,888,6660000,8913
9,666,6660000,6660100,533,888,6670000,8927
9,667,6670000,6670100,533,888,6680000,8940
9,668,6680000,6680100,533,888,6690000,8955
9,669,6690000,6690100,533,888,6700000,8965
9,67,670000,670100,533,888,680000,902
9,670,6700000,6700100,533,888,6710000,8980
9,671,6710000,6710100,533,888,6720000,8990
9,672,6720000,6720100,533,888,6730000,9010
9,673,6730000,6730100,533,888,6740000,9020
9,674,6740000,6740100,533,888,6750000,9032
9,675,6750000,6750100,533,888,6760000,9047
9,676,6760000,6760100,533,888,6770000,9062
9,677,6770000,6770100,533,888,6780000,9073
9,678,6780000,6780100,533,888,6790000,9085
9,679,6790000,6790100,533,888,6800000,9099
9,68,680000,680100,533,888,690000,917
9,680,6800000,6800100,533,888,6810000,9117
9,681,6810000,6810100,533,888,6820000,9127
9,682,6820000,6820100,533,888,6830000,9142
9,683,6830000,6830100,533,888,6840000,9152
9,684,6840000,6840100,533,888,6850000,9169
9,685,6850000,6850100,533,888,6860000,9180
9,686,6860000,6860100,533,888,6870000,9194
9,687,6870000,6870100,533,888,6880000,9205
9,688,6880000,6880100,533,888,6890000,9224
9,689,6890000,6890100,533,888,6900000,9234
9,69,690000,690100,533,888,700000,927
9,690,6900000,6900100,533,888,6910000,9249
9,691,6910000,6910100,533,888,6920000,9259
9,692,6920000,6920100,533,888,6930000,9275
9,693,6930000,6930100,533,888,6940000,9289
9,694,6940000,6940100,533,888,6950000,9301
9,695,6950000,6950100,533,888,6960000,9312
9,696,6960000,6960100,533,888,6970000,9329
9,697,6970000,6970100,533,888,6980000,9344
9,698,6980000,6980100,533,888,6990000,9356
9,699,6990000,6990100,533,888,7000000,9366
9,7,70000,70100,533,888,80000,97
9,70,700000,700100,533,888,710000,942
9,700,7000000,7000100,533,888,7010000,9384
9,701,7010000,7010100,533,888,7020000,9394
9,702,7020000,7020100,533,888,7030000,9409
9,703,7030000,7030100,533,888,7040000,9419
9,704,7040000,7040100,533,888,7050000,9436
9,705,7050000,7050100,533,888,7060000,9449
9,706,7060000,7060100,533,888,7070000,9463
9,707,7070000,7070100,533,888,7080000,9476
9,708,7080000,7080100,533,888,7090000,9491
9,709,7090000,7090100,533,888,7100000,9501
9,71,710000,710100,533,888,720000,952
9,710,7100000,7100100,533,888,7110000,9514
9,711,7110000,7110100,533,888,7120000,9526
9,712,7120000,7120100,533,888,7130000,9546
9,713,7130000,7130100,533,888,7140000,9556
9,714,7140000,7140100,533,888,7150000,9570
9,715,7150000,7150100,533,888,7160000,9583
9,716,7160000,7160100,533,888,7170000,9598
9,717,7170000,7170100,533,888,7180000,9609
9,718,7180000,7180100,533,888,7190000,9621
9,719,7190000,7190100,533,888,7200000,9631
9,72,720000,720100,533,888,730000,972
9,720,7200000,7200100,533,888,7210000,9653
9,721,7210000,7210100,533,888,7220000,9665
9,722,7220000,7220100,533,888,7230000,9678
9,723,7230000,7230100,533,888,7240000,9688
9,724,7240000,7240100,533,888,7250000,9705
9,725,7250000,7250100,533,888,7260000,9716
9,726,7260000,7260100,533,888,7270000,9728
9,727,7270000,7270100,533,888,7280000,9741
9,728,7280000,7280100,533,888,7290000,9760
9,729,7290000,7290100,533,888,7300000,9772
9,73,730000,730100,533,888,740000,982
9,730,7300000,7300100,533,888,7310000,9785
9,731,7310000,7310100,533,888,7320000,9795
9,732,7320000,7320100,533,888,7330000,9811
9,733,7330000,7330100,533,888,7340000,9823
9,734,7340000,7340100,533,888,7350000,9835
9,735,7350000,7350100,533,888,7360000,9850
9,736,7360000,7360100,533,888,7370000,9867
9,737,7370000,7370100,533,888,7380000,9878
9,738,7380000,7380100,533,888,7390000,9892
9,739,7390000,7390100,533,888,7400000,9902
9,74,740000,740100,533,888,750000,994
9,740,7400000,7400100,533,888,7410000,9918
9,741,7410000,7410100,533,888,7420000,9928
9,742,7420000,7420100,533,888,7430000,9947
9,743,7430000,7430100,533,888,7440000,9957
9,744,7440000,7440100,533,888,7450000,9974
9,745,7450000,7450100,533,888,7460000,9985
9,746,7460000,7460100,533,888,7470000,9997
9,747,7470000,7470100,533,888,7480000,10010
9,748,7480000,7480100,533,888,7490000,10025
9,749,7490000,7490100,533,888,7500000,10037
9,75,750000,750100,533,888,760000,1007
9,750,7500000,7500100,533,888,7510000,10052
9,751,7510000,7510100,533,888,7520000,10064
9,752,7520000,7520100,533,888,7530000,10082
9,753,7530000,7530100,533,888,7540000,10092
9,754,7540000,7540100,533,888,7550000,10104
9,755,7550000,7550100,533,888,7560000,10115
9,756,7560000,7560100,533,888,7570000,10134
9,757,7570000,7570100,533,888,7580000,10147
9,758,7580000,7580100,533,888,7590000,10159
9,759,7590000,7590100,533,888,7600000,10169
9,76,760000,760100,533,888,770000,1024
9,760,7600000,7600100,533,888,7610000,10189
9,761,7610000,7610100,533,888,7620000,10199
9,762,7620000,7620100,533,888,7630000,10212
9,763,7630000,7630100,533,888,7640000,10224
9,764,7640000,7640100,533,888,7650000,10239
9,765,7650000,7650100,533,888,7660000,10254
9,766,7660000,7660100,533,888,7670000,10266
9,767,7670000,7670100,533,888,7680000,10277
9,768,7680000,7680100,533,888,7690000,10294
9,769,7690000,7690100,533,888,7700000,10306
9,77,770000,770100,533,888,780000,1037
9,770,7700000,7700100,533,888,7710000,10321
9,771,7710000,7710100,533,888,7720000,10331
9,772,7720000,7720100,533,888,7730000,10349
9,773,7730000,7730100,533,888,7740000,10359
9,774,7740000,7740100,533,888,7750000,10373
9,775,7750000,7750100,533,888,7760000,10384
9,776,7760000,7760100,533,888,7770000,10401
9,777,7770000,7770100,533,888,7780000,10414
9,778,7780000,7780100,533,888,7790000,10428
9,779,7790000,7790100,533,888,7800000,10438
9,78,780000,780100,533,888,790000,1049
9,780,7800000,7800100,533,888,7810000,10456
9,781,7810000,7810100,533,888,7820000,10466
9,782,7820000,7820100,533,888,7830000,10479
9,783,7830000,7830100,533,888,7840000,10491
9,784,7840000,7840100,533,888,7850000,10510
9,785,7850000,7850100,533,888,7860000,10521
9,786,7860000,7860100,533,888,7870000,10533
9,787,7870000,7870100,533,888,7880000,10548
9,788,7880000,7880100,533,888,7890000,10563
9,789,7890000,7890100,533,888,7900000,10573
9,79,790000,790100,533,888,800000,1059
9,790,7900000,7900100,533,888,7910000,10586
9,791,7910000,7910100,533,888,7920000,10598
9,792,7920000,7920100,533,888,7930000,10618
9,793,7930000,7930100,533,888,7940000,10628
9,794,7940000,7940100,533,888,7950000,10640
9,795,7950000,7950100,533,888,7960000,10653
9,796,7960000,7960100,533,888,7970000,10670
9,797,7970000,7970100,533,888,7980000,10681
9,798,7980000,7980100,533,888,7990000,10695
9,799,7990000,7990100,533,888,8000000,10705
9,8,80000,80100,533,888,90000,114
9,80,800000,800100,533,888,810000,1077
9,800,8000000,8000100,533,888,8010000,10723
9,801,8010000,8010100,533,888,8020000,10735
9,802,8020000,8020100,533,888,8030000,10750
9,803,8030000,8030100,533,888,8040000,10760
9,804,8040000,8040100,533,888,8050000,10775
9,805,8050000,8050100,533,888,8060000,10790
9,806,8060000,8060100,533,888,8070000,10802
9,807,8070000,8070100,533,888,8080000,10813
9,808,8080000,8080100,533,888,8090000,10830
9,809,8090000,8090100,533,888,8100000,10840
9,81,810000,810100,533,888,820000,1089
9,810,8100000,8100100,533,888,8110000,10857
9,811,8110000,8110100,533,888,8120000,10867
9,812,8120000,8120100,533,888,8130000,10885
9,813,8130000,8130100,533,888,8140000,10895
9,814,8140000,8140100,533,888,8150000,10909
9,815,8150000,8150100,533,888,8160000,10920
9,816,8160000,8160100,533,888,8170000,10937
9,817,8170000,8170100,533,888,8180000,10950
9,818,8180000,8180100,533,888,8190000,10962
9,819,8190000,8190100,533,888,8200000,10976
9,82,820000,820100,533,888,830000,1104
9,820,8200000,8200100,533,888,8210000,10992
9,821,8210000,8210100,533,888,8220000,11002
9,822,8220000,8220100,533,888,8230000,11015
9,823,8230000,8230100,533,888,8240000,11027
9,824,8240000,8240100,533,888,8250000,11044
9,825,8250000,8250100,533,888,8260000,11057
9,826,8260000,8260100,533,888,8270000,11071
9,827,8270000,8270100,533,888,8280000,11082
9,828,8280000,8280100,533,888,8290000,11099
9,829,8290000,8290100,533,888,8300000,11109
9,83,830000,830100,533,888,840000,1114
9,830,8300000,8300100,533,888,8310000,11122
9,831,8310000,8310100,533,888,8320000,11132
9,832,8320000,8320100,533,888,8330000,11154
9,833,8330000,8330100,533,888,8340000,11166
9,834,8340000,8340100,533,888,8350000,11178
9,835,8350000,8350100,533,888,8360000,11189
9,836,8360000,8360100,533,888,8370000,11204
9,837,8370000,8370100,533,888,8380000,11217
9,838,8380000,8380100,533,888,8390000,11229
9,839,8390000,8390100,533,888,8400000,11239
9,84,840000,840100,533,888,850000,1131
9,840,8400000,8400100,533,888,8410000,11261
9,841,8410000,8410100,533,888,8420000,11273
9,842,8420000,8420100,533,888,8430000,11286
9,843,8430000,8430100,533,888,8440000,11296
9,844,8440000,8440100,533,888,8450000,11311
9,845,8450000,8450100,533,888,8460000,11322
9,846,8460000,8460100,533,888,8470000,11336
9,847,8470000,8470100,533,888,8480000,11351
9,848,8480000,8480100,533,888,8490000,11368
9,849,8490000,8490100,533,888,8500000,11378
9,85,850000,850100,533,888,860000,1144
9,850,8500000,8500100,533,888,8510000,11393
9,851,8510000,8510100,533,888,8520000,11403
9,852,8520000,8520100,533,888,8530000,11419
9,853,8530000,8530100,533,888,8540000,11429
9,854,8540000,8540100,533,888,8550000,11443
9,855,8550000,8550100,533,888,8560000,11458
9,856,8560000,8560100,533,888,8570000,11475
9,857,8570000,8570100,533,888,8580000,11486
9,858,8580000,8580100,533,888,8590000,11498
9,859,8590000,8590100,533,888,8600000,11510
9,86,860000,860100,533,888,870000,1156
9,860,8600000,8600100,533,888,8610000,11526
9,861,8610000,8610100,533,888,8620000,11538
9,862,8620000,8620100,533,888,8630000,11553
9,863,8630000,8630100,533,888,8640000,11563
9,864,8640000,8640100,533,888,8650000,11582
9,865,8650000,8650100,533,888,8660000,11593
9,866,8660000,8660100,533,888,8670000,11605
9,867,8670000,8670100,533,888,8680000,11616
9,868,8680000,8680100,533,888,8690000,11635
9,869,8690000,8690100,533,888,8700000,11645
9,87,870000,870100,533,888,880000,1167
9,870,8700000,8700100,533,888,8710000,11660
9,871,8710000,8710100,533,888,8720000,11670
9,872,8720000,8720100,533,888,8730000,11688
9,873,8730000,8730100,533,888,8740000,11700
9,874,8740000,8740100,533,888,8750000,11712
9,875,8750000,8750100,533,888,8760000,11725
9,876,8760000,8760100,533,888,8770000,11740
9,877,8770000,8770100,533,888,8780000,11755
9,878,8780000,8780100,533,888,8790000,11767
9,879,8790000,8790100,533,888,8800000,11777
9,88,880000,880100,533,888,890000,1184
9,880,8800000,8800100,533,888,8810000,11795
9,881,8810000,8810100,533,888,8820000,11805
9,882,8820000,8820100,533,888,8830000,11822
9,883,8830000,8830100,533,888,8840000,11832
9,884,8840000,8840100,533,888,8850000,11847
9,885,8850000,8850100,533,888,8860000,11860
9,886,8860000,8860100,533,888,8870000,11874
9,887,8870000,8870100,533,888,8880000,11885
9,888,8880000,8880100,533,888,8890000,11902
9,889,8890000,8890100,533,888,8900000,11914
9,89,890000,890100,533,888,900000,1194
9,890,8900000,8900100,533,888,8910000,11927
9,891,8910000,8910100,533,888,8920000,11939
9,892,8920000,8920100,533,888,8930000,11957
9,893,8930000,8930100,533,888,8940000,11967
9,894,8940000,8940100,533,888,8950000,11979
9,895,8950000,8950100,533,888,8960000,11992
9,896,8960000,8960100,533,888,8970000,12011
9,897,8970000,8970100,533,888,8980000,12022
9,898,8980000,8980100,533,888,8990000,12034
9,899,8990000,8990100,533,888,9000000,12044
9,9,90000,90100,533,888,100000,126
9,90,900000,900100,533,888,910000,1211
9,900,9000000,9000100,533,888,9010000,12064
9,901,9010000,9010100,533,888,9020000,12074
9,902,9020000,9020100,533,888,9030000,12087
9,903,9030000,9030100,533,888,9040000,12099
9,904,9040000,9040100,533,888,9050000,12118
9,905,9050000,9050100,533,888,9060000,12129
9,906,9060000,9060100,533,888,9070000,12141
9,907,9070000,9070100,533,888,9080000,12154
9,908,9080000,9080100,533,888,9090000,12169
9,909,9090000,9090100,533,888,9100000,12181
9,91,910000,910100,533,888,920000,1223
9,910,9100000,9100100,533,888,9110000,12196
9,911,9110000,9110100,533,888,9120000,12206
9,912,9120000,9120100,533,888,9130000,12224
9,913,9130000,9130100,533,888,9140000,12236
9,914,9140000,9140100,533,888,9150000,12248
9,915,9150000,9150100,533,888,9160000,12261
9,916,9160000,9160100,533,888,9170000,12276
9,917,9170000,9170100,533,888,9180000,12289
9,918,9180000,9180100,533,888,9190000,12303
9,919,9190000,9190100,533,888,9200000,12313
9,92,920000,920100,533,888,930000,1239
9,920,9200000,9200100,533,888,9210000,12331
9,921,9210000,9210100,533,888,9220000,12341
9,922,9220000,9220100,533,888,9230000,12358
9,923,9230000,9230100,533,888,9240000,12368
9,924,9240000,9240100,533,888,9250000,12385
9,925,9250000,9250100,533,888,9260000,12396
9,926,9260000,9260100,533,888,9270000,12408
9,927,9270000,9270100,533,888,9280000,12421
9,928,9280000,9280100,533,888,9290000,12438
9,929,9290000,9290100,533,888,9300000,12448
9,93,930000,930100,533,888,940000,1249
9,930,9300000,9300100,533,888,9310000,12463
9,931,9310000,9310100,533,888,9320000,12477
9,932,9320000,9320100,533,888,9330000,12493
9,933,9330000,9330100,533,888,9340000,12503
9,934,9340000,9340100,533,888,9350000,12515
9,935,9350000,9350100,533,888,9360000,12526
9,936,9360000,9360100,533,888,9370000,12545
9,937,9370000,9370100,533,888,9380000,12558
9,938,9380000,9380100,533,888,9390000,12572
9,939,9390000,9390100,533,888,9400000,12582
9,94,940000,940100,533,888,950000,1263
9,940,9400000,9400100,533,888,9410000,12600
9,941,9410000,9410100,533,888,9420000,12610
9,942,9420000,9420100,533,888,9430000,12623
9,943,9430000,9430100,533,888,9440000,12633
9,944,9440000,9440100,533,888,9450000,12650
9,945,9450000,9450100,533,888,9460000,12667
9,946,9460000,9460100,533,888,9470000,12679
9,947,9470000,9470100,533,888,9480000,12690
9,948,9480000,9480100,533,888,9490000,12705
9,949,9490000,9490100,533,888,9500000,12717
9,95,950000,950100,533,888,960000,1274
9,950,9500000,9500100,533,888,9510000,12730
9,951,9510000,9510100,533,888,9520000,12740
9,952,9520000,9520100,533,888,9530000,12762
9,953,9530000,9530100,533,888,9540000,12772
9,954,9540000,9540100,533,888,9550000,12786
9,955,9550000,9550100,533,888,9560000,12797
9,956,9560000,9560100,533,888,9570000,12812
9,957,9570000,9570100,533,888,9580000,12823
9,958,9580000,9580100,533,888,9590000,12837
9,959,9590000,9590100,533,888,9600000,12849
9,96,960000,960100,533,888,970000,1291
9,960,9600000,9600100,533,888,9610000,12869
9,961,9610000,9610100,533,888,9620000,12879
9,962,9620000,9620100,533,888,9630000,12892
9,963,9630000,9630100,533,888,9640000,12904
9,964,9640000,9640100,533,888,9650000,12919
9,965,9650000,9650100,533,888,9660000,12930
9,966,9660000,9660100,533,888,9670000,12944
9,967,9670000,9670100,533,888,9680000,12959
9,968,9680000,9680100,533,888,9690000,12976
9,969,9690000,9690100,533,888,9700000,12986
9,97,970000,970100,533,888,980000,1304
9,970,9700000,9700100,533,888,9710000,12999
9,971,9710000,9710100,533,888,9720000,13009
9,972,9720000,9720100,533,888,9730000,13027
9,973,9730000,9730100,533,888,9740000,13039
9,974,9740000,9740100,533,888,9750000,13051
9,975,9750000,9750100,533,888,9760000,13064
9,976,9760000,9760100,533,888,9770000,13083
9,977,9770000,9770100,533,888,9780000,13094
9,978,9780000,9780100,533,888,9790000,13106
9,979,9790000,9790100,533,888,9800000,13116
9,98,980000,980100,533,888,990000,1318
9,980,9800000,9800100,533,888,9810000,13134
9,981,9810000,9810100,533,888,9820000,13146
9,982,9820000,9820100,533,888,9830000,13161
9,983,9830000,9830100,533,888,9840000,13171
9,984,9840000,9840100,533,888,9850000,13188
9,985,9850000,9850100,533,888,9860000,13201
9,986,9860000,9860100,533,888,9870000,13213
9,987,9870000,9870100,533,888,9880000,13226
9,988,9880000,9880100,533,888,9890000,13241
9,989,9890000,9890100,533,888,9900000,13251
9,99,990000,990100,533,888,1000000,1330
9,990,9900000,9900100,533,888,9910000,13268
9,991,9910000,9910100,533,888,9920000,13278
9,992,9920000,9920100,533,888,9930000,13296
9,993,9930000,9930100,533,888,9940000,13306
9,994,9940000,9940100,533,888,9950000,13322
9,995,9950000,9950100,533,888,9960000,13333
9,996,9960000,9960100,533,888,9970000,13348
9,997,9970000,9970100,533,888,9980000,13361
9,998,9980000,9980100,533,888,9990000,13373
9,999,9990000,9990100,533,888,10000000,13385
