Task ID,Job ID,Arrival min,Arrival max,Cost min,Cost max,Deadline,Priority
0,0,0,0,1784,2972,10000,0
0,1,10000,10000,1784,2972,20000,4
0,10,100000,100000,1784,2972,110000,50
0,100,1000000,1000000,1784,2972,1010000,511
0,1000,10000000,10000000,1784,2972,10010000,5119
0,1001,10010000,10010000,1784,2972,10020000,5122
0,1002,10020000,10020000,1784,2972,10030000,5130
0,1003,10030000,10030000,1784,2972,10040000,5134
0,1004,10040000,10040000,1784,2972,10050000,5138
0,1005,10050000,10050000,1784,2972,10060000,5143
0,1006,10060000,10060000,1784,2972,10070000,5150
0,1007,10070000,10070000,1784,2972,10080000,5153
0,1008,10080000,10080000,1784,2972,10090000,5161
0,1009,10090000,10090000,1784,2972,10100000,5165
0,101,1010000,1010000,1784,2972,1020000,513
0,1010,10100000,10100000,1784,2972,10110000,5169
0,1011,10110000,10110000,1784,2972,10120000,5174
0,1012,10120000,10120000,1784,2972,10130000,5181
0,1013,10130000,10130000,1784,2972,10140000,5183
0,1014,10140000,10140000,1784,2972,10150000,5191
0,1015,10150000,10150000,1784,2972,10160000,5195
0,1016,10160000,10160000,1784,2972,10170000,5200
0,1017,10170000,10170000,1784,2972,10180000,5206
0,1018,10180000,10180000,1784,2972,10190000,5212
0,1019,10190000,10190000,1784,2972,10200000,5214
0,102,1020000,1020000,1784,2972,1030000,521
0,1020,10200000,10200000,1784,2972,10210000,5222
0,1021,10210000,10210000,1784,2972,10220000,5226
0,1022,10220000,10220000,1784,2972,10230000,5230
0,1023,10230000,10230000,1784,2972,10240000,5236
0,1024,10240000,10240000,1784,2972,10250000,5242
0,1025,10250000,10250000,1784,2972,10260000,5244
0,1026,10260000,10260000,1784,2972,10270000,5253
0,1027,10270000,10270000,1784,2972,10280000,5257
0,1028,10280000,10280000,1784,2972,10290000,5262
0,1029,10290000,10290000,1784,2972,10300000,5267
0,103,1030000,1030000,1784,2972,1040000,525
0,1030,10300000,10300000,1784,2972,10310000,5273
0,1031,10310000,10310000,1784,2972,10320000,5275
0,1032,10320000,10320000,1784,2972,10330000,5283
0,1033,10330000,10330000,1784,2972,10340000,5287
0,1034,10340000,10340000,1784,2972,10350000,5292
0,1035,10350000,10350000,1784,2972,10360000,5298
0,1036,10360000,10360000,1784,2972,10370000,5304
0,1037,10370000,10370000,1784,2972,10380000,5306
0,1038,10380000,10380000,1784,2972,10390000,5314
0,1039,10390000,10390000,1784,2972,10400000,5319
0,104,1040000,1040000,1784,2972,1050000,531
0,1040,10400000,10400000,1784,2972,10410000,5323
0,1041,10410000,10410000,1784,2972,10420000,5328
0,1042,10420000,10420000,1784,2972,10430000,5334
0,1043,10430000,10430000,1784,2972,10440000,5336
0,1044,10440000,10440000,1784,2972,10450000,5344
0,1045,10450000,10450000,1784,2972,10460000,5350
0,1046,10460000,10460000,1784,2972,10470000,5354
0,1047,10470000,10470000,1784,2972,10480000,5359
0,1048,10480000,10480000,1784,2972,10490000,5365
0,1049,10490000,10490000,1784,2972,10500000,5367
0,105,1050000,1050000,1784,2972,1060000,536
0,1050,10500000,10500000,1784,2972,10510000,5376
0,1051,10510000,10510000,1784,2972,10520000,5380
0,1052,10520000,10520000,1784,2972,10530000,5384
0,1053,10530000,10530000,1784,2972,10540000,5389
0,1054,10540000,10540000,1784,2972,10550000,5396
0,1055,10550000,10550000,1784,2972,10560000,5398
0,1056,10560000,10560000,1784,2972,10570000,5407
0,1057,10570000,10570000,1784,2972,10580000,5411
0,1058,10580000,10580000,1784,2972,10590000,5415
0,1059,10590000,10590000,1784,2972,10600000,5420
0,106,1060000,1060000,1784,2972,1070000,542
0,1060,10600000,10600000,1784,2972,10610000,5426
0,1061,10610000,10610000,1784,2972,10620000,5429
0,1062,10620000,10620000,1784,2972,10630000,5437
0,1063,10630000,10630000,1784,2972,10640000,5441
0,1064,10640000,10640000,1784,2972,10650000,5446
0,1065,10650000,10650000,1784,2972,10660000,5451
0,1066,10660000,10660000,1784,2972,10670000,5457
0,1067,10670000,10670000,1784,2972,10680000,5460
0,1068,10680000,10680000,1784,2972,10690000,5468
0,1069,10690000,10690000,1784,2972,10700000,5472
0,107,1070000,1070000,1784,2972,1080000,544
0,1070,10700000,10700000,1784,2972,10710000,5476
0,1071,10710000,10710000,1784,2972,10720000,5481
0,1072,10720000,10720000,1784,2972,10730000,5488
0,1073,10730000,10730000,1784,2972,10740000,5491
0,1074,10740000,10740000,1784,2972,10750000,5499
0,1075,10750000,10750000,1784,2972,10760000,5503
0,1076,10760000,10760000,1784,2972,10770000,5507
0,1077,10770000,10770000,1784,2972,10780000,5512
0,1078,10780000,10780000,1784,2972,10790000,5519
0,1079,10790000,10790000,1784,2972,10800000,5521
0,108,1080000,1080000,1784,2972,1090000,552
0,1080,10800000,10800000,1784,2972,10810000,5529
0,1081,10810000,10810000,1784,2972,10820000,5533
0,1082,10820000,10820000,1784,2972,10830000,5537
0,1083,10830000,10830000,1784,2972,10840000,5544
0,1084,10840000,10840000,1784,2972,10850000,5550
0,1085,10850000,10850000,1784,2972,10860000,5552
0,1086,10860000,10860000,1784,2972,10870000,5560
0,1087,10870000,10870000,1784,2972,10880000,5564
0,1088,10880000,10880000,1784,2972,10890000,5568
0,1089,10890000,10890000,1784,2972,10900000,5574
0,109,1090000,1090000,1784,2972,1100000,556
0,1090,10900000,10900000,1784,2972,10910000,5580
0,1091,10910000,10910000,1784,2972,10920000,5582
0,1092,10920000,10920000,1784,2972,10930000,5591
0,1093,10930000,10930000,1784,2972,10940000,5595
0,1094,10940000,10940000,1784,2972,10950000,5600
0,1095,10950000,10950000,1784,2972,10960000,5605
0,1096,10960000,10960000,1784,2972,10970000,5611
0,1097,10970000,10970000,1784,2972,10980000,5613
0,1098,10980000,10980000,1784,2972,10990000,5621
0,1099,10990000,10990000,1784,2972,11000000,5625
0,11,110000,110000,1784,2972,120000,53
0,110,1100000,1100000,1784,2972,1110000,561
0,1100,11000000,11000000,1784,2972,11010000,5630
0,1101,11010000,11010000,1784,2972,11020000,5635
0,1102,11020000,11020000,1784,2972,11030000,5642
0,1103,11030000,11030000,1784,2972,11040000,5644
0,1104,11040000,11040000,1784,2972,11050000,5652
0,1105,11050000,11050000,1784,2972,11060000,5657
0,1106,11060000,11060000,1784,2972,11070000,5661
0,1107,11070000,11070000,1784,2972,11080000,5666
0,1108,11080000,11080000,1784,2972,11090000,5672
0,1109,11090000,11090000,1784,2972,11100000,5674
0,111,1110000,1110000,1784,2972,1120000,566
0,1110,11100000,11100000,1784,2972,11110000,5682
0,1111,11110000,11110000,1784,2972,11120000,5688
0,1112,11120000,11120000,1784,2972,11130000,5692
0,1113,11130000,11130000,1784,2972,11140000,5697
0,1114,11140000,11140000,1784,2972,11150000,5703
0,1115,11150000,11150000,1784,2972,11160000,5705
0,1116,11160000,11160000,1784,2972,11170000,5714
0,1117,11170000,11170000,1784,2972,11180000,5718
0,1118,11180000,11180000,1784,2972,11190000,5722
0,1119,11190000,11190000,1784,2972,11200000,5727
0,112,1120000,1120000,1784,2972,1130000,572
0,1120,11200000,11200000,1784,2972,11210000,5733
0,1121,11210000,11210000,1784,2972,11220000,5736
0,1122,11220000,11220000,1784,2972,11230000,5745
0,1123,11230000,11230000,1784,2972,11240000,5749
0,1124,11240000,11240000,1784,2972,11250000,5753
0,1125,11250000,11250000,1784,2972,11260000,5758
0,1126,11260000,11260000,1784,2972,11270000,5764
0,1127,11270000,11270000,1784,2972,11280000,5767
0,1128,11280000,11280000,1784,2972,11290000,5775
0,1129,11290000,11290000,1784,2972,11300000,5779
0,113,1130000,1130000,1784,2972,1140000,574
0,1130,11300000,11300000,1784,2972,11310000,5784
0,1131,11310000,11310000,1784,2972,11320000,5789
0,1132,11320000,11320000,1784,2972,11330000,5795
0,1133,11330000,11330000,1784,2972,11340000,5798
0,1134,11340000,11340000,1784,2972,11350000,5806
0,1135,11350000,11350000,1784,2972,11360000,5810
0,1136,11360000,11360000,1784,2972,11370000,5814
0,1137,11370000,11370000,1784,2972,11380000,5819
0,1138,11380000,11380000,1784,2972,11390000,5826
0,1139,11390000,11390000,1784,2972,11400000,5828
0,114,1140000,1140000,1784,2972,1150000,583
0,1140,11400000,11400000,1784,2972,11410000,5837
0,1141,11410000,11410000,1784,2972,11420000,5841
0,1142,11420000,11420000,1784,2972,11430000,5845
0,1143,11430000,11430000,1784,2972,11440000,5850
0,1144,11440000,11440000,1784,2972,11450000,5857
0,1145,11450000,11450000,1784,2972,11460000,5859
0,1146,11460000,11460000,1784,2972,11470000,5867
0,1147,11470000,11470000,1784,2972,11480000,5871
0,1148,11480000,11480000,1784,2972,11490000,5875
0,1149,11490000,11490000,1784,2972,11500000,5882
0,115,1150000,1150000,1784,2972,1160000,588
0,1150,11500000,11500000,1784,2972,11510000,5888
0,1151,11510000,11510000,1784,2972,11520000,5890
0,1152,11520000,11520000,1784,2972,11530000,5898
0,1153,11530000,11530000,1784,2972,11540000,5902
0,1154,11540000,11540000,1784,2972,11550000,5906
0,1155,11550000,11550000,1784,2972,11560000,5912
0,1156,11560000,11560000,1784,2972,11570000,5918
0,1157,11570000,11570000,1784,2972,11580000,5920
0,1158,11580000,11580000,1784,2972,11590000,5928
0,1159,11590000,11590000,1784,2972,11600000,5933
0,116,1160000,1160000,1784,2972,1170000,592
0,1160,11600000,11600000,1784,2972,11610000,5938
0,1161,11610000,11610000,1784,2972,11620000,5943
0,1162,11620000,11620000,1784,2972,11630000,5949
0,1163,11630000,11630000,1784,2972,11640000,5951
0,1164,11640000,11640000,1784,2972,11650000,5959
0,1165,11650000,11650000,1784,2972,11660000,5963
0,1166,11660000,11660000,1784,2972,11670000,5968
0,1167,11670000,11670000,1784,2972,11680000,5973
0,1168,11680000,11680000,1784,2972,11690000,5980
0,1169,11690000,11690000,1784,2972,11700000,5982
0,117,1170000,1170000,1784,2972,1180000,597
0,1170,11700000,11700000,1784,2972,11710000,5990
0,1171,11710000,11710000,1784,2972,11720000,5995
0,1172,11720000,11720000,1784,2972,11730000,5999
0,1173,11730000,11730000,1784,2972,11740000,6004
0,1174,11740000,11740000,1784,2972,11750000,6010
0,1175,11750000,11750000,1784,2972,11760000,6012
0,1176,11760000,11760000,1784,2972,11770000,6020
0,1177,11770000,11770000,1784,2972,11780000,6025
0,1178,11780000,11780000,1784,2972,11790000,6030
0,1179,11790000,11790000,1784,2972,11800000,6035
0,118,1180000,1180000,1784,2972,1190000,603
0,1180,11800000,11800000,1784,2972,11810000,6041
0,1181,11810000,11810000,1784,2972,11820000,6043
0,1182,11820000,11820000,1784,2972,11830000,6052
0,1183,11830000,11830000,1784,2972,11840000,6056
0,1184,11840000,11840000,1784,2972,11850000,6060
0,1185,11850000,11850000,1784,2972,11860000,6065
0,1186,11860000,11860000,1784,2972,11870000,6071
0,1187,11870000,11870000,1784,2972,11880000,6074
0,1188,11880000,11880000,1784,2972,11890000,6083
0,1189,11890000,11890000,1784,2972,11900000,6087
0,119,1190000,1190000,1784,2972,1200000,605
0,1190,11900000,11900000,1784,2972,11910000,6091
0,1191,11910000,11910000,1784,2972,11920000,6096
0,1192,11920000,11920000,1784,2972,11930000,6102
0,1193,11930000,11930000,1784,2972,11940000,6105
0,1194,11940000,11940000,1784,2972,11950000,6113
0,1195,11950000,11950000,1784,2972,11960000,6117
0,1196,11960000,11960000,1784,2972,11970000,6121
0,1197,11970000,11970000,1784,2972,11980000,6127
0,1198,11980000,11980000,1784,2972,11990000,6133
0,1199,11990000,11990000,1784,2972,12000000,6136
0,12,120000,120000,1784,2972,130000,61
0,120,1200000,1200000,1784,2972,1210000,613
0,1200,12000000,12000000,1784,2972,12010000,6144
0,1201,12010000,12010000,1784,2972,12020000,6148
0,1202,12020000,12020000,1784,2972,12030000,6152
0,1203,12030000,12030000,1784,2972,12040000,6157
0,1204,12040000,12040000,1784,2972,12050000,6164
0,1205,12050000,12050000,1784,2972,12060000,6166
0,1206,12060000,12060000,1784,2972,12070000,6175
0,1207,12070000,12070000,1784,2972,12080000,6179
0,1208,12080000,12080000,1784,2972,12090000,6183
0,1209,12090000,12090000,1784,2972,12100000,6188
0,121,1210000,1210000,1784,2972,1220000,618
0,1210,12100000,12100000,1784,2972,12110000,6195
0,1211,12110000,12110000,1784,2972,12120000,6197
0,1212,12120000,12120000,1784,2972,12130000,6205
0,1213,12130000,12130000,1784,2972,12140000,6209
0,1214,12140000,12140000,1784,2972,12150000,6213
0,1215,12150000,12150000,1784,2972,12160000,6219
0,1216,12160000,12160000,1784,2972,12170000,6226
0,1217,12170000,12170000,1784,2972,12180000,6228
0,1218,12180000,12180000,1784,2972,12190000,6236
0,1219,12190000,12190000,1784,2972,12200000,6240
0,122,1220000,1220000,1784,2972,1230000,622
0,1220,12200000,12200000,1784,2972,12210000,6244
0,1221,12210000,12210000,1784,2972,12220000,6250
0,1222,12220000,12220000,1784,2972,12230000,6256
0,1223,12230000,12230000,1784,2972,12240000,6258
0,1224,12240000,12240000,1784,2972,12250000,6266
0,1225,12250000,12250000,1784,2972,12260000,6271
0,1226,12260000,12260000,1784,2972,12270000,6276
0,1227,12270000,12270000,1784,2972,12280000,6281
0,1228,12280000,12280000,1784,2972,12290000,6287
0,1229,12290000,12290000,1784,2972,12300000,6289
0,123,1230000,1230000,1784,2972,1240000,628
0,1230,12300000,12300000,1784,2972,12310000,6297
0,1231,12310000,12310000,1784,2972,12320000,6301
0,1232,12320000,12320000,1784,2972,12330000,6306
0,1233,12330000,12330000,1784,2972,12340000,6311
0,1234,12340000,12340000,1784,2972,12350000,6317
0,1235,12350000,12350000,1784,2972,12360000,6320
0,1236,12360000,12360000,1784,2972,12370000,6328
0,1237,12370000,12370000,1784,2972,12380000,6333
0,1238,12380000,12380000,1784,2972,12390000,6337
0,1239,12390000,12390000,1784,2972,12400000,6342
0,124,1240000,1240000,1784,2972,1250000,634
0,1240,12400000,12400000,1784,2972,12410000,6348
0,1241,12410000,12410000,1784,2972,12420000,6350
0,1242,12420000,12420000,1784,2972,12430000,6358
0,1243,12430000,12430000,1784,2972,12440000,6363
0,1244,12440000,12440000,1784,2972,12450000,6368
0,1245,12450000,12450000,1784,2972,12460000,6373
0,1246,12460000,12460000,1784,2972,12470000,6379
0,1247,12470000,12470000,1784,2972,12480000,6381
0,1248,12480000,12480000,1784,2972,12490000,6390
0,1249,12490000,12490000,1784,2972,12500000,6394
0,125,1250000,1250000,1784,2972,1260000,636
0,1250,12500000,12500000,1784,2972,12510000,6398
0,1251,12510000,12510000,1784,2972,12520000,6403
0,1252,12520000,12520000,1784,2972,12530000,6409
0,1253,12530000,12530000,1784,2972,12540000,6411
0,126,1260000,1260000,1784,2972,1270000,645
0,127,1270000,1270000,1784,2972,1280000,649
0,128,1280000,1280000,1784,2972,1290000,653
0,129,1290000,1290000,1784,2972,1300000,658
0,13,130000,130000,1784,2972,140000,65
0,130,1300000,1300000,1784,2972,1310000,664
0,131,1310000,1310000,1784,2972,1320000,666
0,132,1320000,1320000,1784,2972,1330000,675
0,133,1330000,1330000,1784,2972,1340000,680
0,134,1340000,1340000,1784,2972,1350000,684
0,135,1350000,1350000,1784,2972,1360000,689
0,136,1360000,1360000,1784,2972,1370000,695
0,137,1370000,1370000,1784,2972,1380000,698
0,138,1380000,1380000,1784,2972,1390000,706
0,139,1390000,1390000,1784,2972,1400000,710
0,14,140000,140000,1784,2972,150000,69
0,140,1400000,1400000,1784,2972,1410000,714
0,141,1410000,1410000,1784,2972,1420000,719
0,142,1420000,1420000,1784,2972,1430000,726
0,143,1430000,1430000,1784,2972,1440000,729
0,144,1440000,1440000,1784,2972,1450000,737
0,145,1450000,1450000,1784,2972,1460000,741
0,146,1460000,1460000,1784,2972,1470000,745
0,147,1470000,1470000,1784,2972,1480000,750
0,148,1480000,1480000,1784,2972,1490000,757
0,149,1490000,1490000,1784,2972,1500000,759
0,15,150000,150000,1784,2972,160000,74
0,150,1500000,1500000,1784,2972,1510000,767
0,151,1510000,1510000,1784,2972,1520000,771
0,152,1520000,1520000,1784,2972,1530000,776
0,153,1530000,1530000,1784,2972,1540000,781
0,154,1540000,1540000,1784,2972,1550000,788
0,155,1550000,1550000,1784,2972,1560000,790
0,156,1560000,1560000,1784,2972,1570000,798
0,157,1570000,1570000,1784,2972,1580000,802
0,158,1580000,1580000,1784,2972,1590000,806
0,159,1590000,1590000,1784,2972,1600000,812
0,16,160000,160000,1784,2972,170000,81
0,160,1600000,1600000,1784,2972,1610000,818
0,161,1610000,1610000,1784,2972,1620000,821
0,162,1620000,1620000,1784,2972,1630000,829
0,163,1630000,1630000,1784,2972,1640000,833
0,164,1640000,1640000,1784,2972,1650000,837
0,165,1650000,1650000,1784,2972,1660000,843
0,166,1660000,1660000,1784,2972,1670000,849
0,167,1670000,1670000,1784,2972,1680000,851
0,168,1680000,1680000,1784,2972,1690000,859
0,169,1690000,1690000,1784,2972,1700000,863
0,17,170000,170000,1784,2972,180000,83
0,170,1700000,1700000,1784,2972,1710000,868
0,171,1710000,1710000,1784,2972,1720000,874
0,172,1720000,1720000,1784,2972,1730000,880
0,173,1730000,1730000,1784,2972,1740000,882
0,174,1740000,1740000,1784,2972,1750000,890
0,175,1750000,1750000,1784,2972,1760000,894
0,176,1760000,1760000,1784,2972,1770000,899
0,177,1770000,1770000,1784,2972,1780000,904
0,178,1780000,1780000,1784,2972,1790000,910
0,179,1790000,1790000,1784,2972,1800000,912
0,18,180000,180000,1784,2972,190000,91
0,180,1800000,1800000,1784,2972,1810000,921
0,181,1810000,1810000,1784,2972,1820000,926
0,182,1820000,1820000,1784,2972,1830000,930
0,183,1830000,1830000,1784,2972,1840000,935
0,184,1840000,1840000,1784,2972,1850000,941
0,185,1850000,1850000,1784,2972,1860000,943
0,186,1860000,1860000,1784,2972,1870000,951
0,187,1870000,1870000,1784,2972,1880000,956
0,188,1880000,1880000,1784,2972,1890000,960
0,189,1890000,1890000,1784,2972,1900000,965
0,19,190000,190000,1784,2972,200000,96
0,190,1900000,1900000,1784,2972,1910000,972
0,191,1910000,1910000,1784,2972,1920000,974
0,192,1920000,1920000,1784,2972,1930000,983
0,193,1930000,1930000,1784,2972,1940000,987
0,194,1940000,1940000,1784,2972,1950000,991
0,195,1950000,1950000,1784,2972,1960000,996
0,196,1960000,1960000,1784,2972,1970000,1002
0,197,1970000,1970000,1784,2972,1980000,1004
0,198,1980000,1980000,1784,2972,1990000,1013
0,199,1990000,1990000,1784,2972,2000000,1018
0,2,20000,20000,1784,2972,30000,8
0,20,200000,200000,1784,2972,210000,100
0,200,2000000,2000000,1784,2972,2010000,1022
0,201,2010000,2010000,1784,2972,2020000,1027
0,202,2020000,2020000,1784,2972,2030000,1033
0,203,2030000,2030000,1784,2972,2040000,1036
0,204,2040000,2040000,1784,2972,2050000,1044
0,205,2050000,2050000,1784,2972,2060000,1048
0,206,2060000,2060000,1784,2972,2070000,1052
0,207,2070000,2070000,1784,2972,2080000,1057
0,208,2080000,2080000,1784,2972,2090000,1063
0,209,2090000,2090000,1784,2972,2100000,1067
0,21,210000,210000,1784,2972,220000,105
0,210,2100000,2100000,1784,2972,2110000,1075
0,211,2110000,2110000,1784,2972,2120000,1079
0,212,2120000,2120000,1784,2972,2130000,1083
0,213,2130000,2130000,1784,2972,2140000,1088
0,214,2140000,2140000,1784,2972,2150000,1095
0,215,2150000,2150000,1784,2972,2160000,1097
0,216,2160000,2160000,1784,2972,2170000,1105
0,217,2170000,2170000,1784,2972,2180000,1109
0,218,2180000,2180000,1784,2972,2190000,1114
0,219,2190000,2190000,1784,2972,2200000,1119
0,22,220000,220000,1784,2972,230000,112
0,220,2200000,2200000,1784,2972,2210000,1126
0,221,2210000,2210000,1784,2972,2220000,1128
0,222,2220000,2220000,1784,2972,2230000,1136
0,223,2230000,2230000,1784,2972,2240000,1140
0,224,2240000,2240000,1784,2972,2250000,1144
0,225,2250000,2250000,1784,2972,2260000,1150
0,226,2260000,2260000,1784,2972,2270000,1156
0,227,2270000,2270000,1784,2972,2280000,1158
0,228,2280000,2280000,1784,2972,2290000,1167
0,229,2290000,2290000,1784,2972,2300000,1171
0,23,230000,230000,1784,2972,240000,114
0,230,2300000,2300000,1784,2972,2310000,1175
0,231,2310000,2310000,1784,2972,2320000,1181
0,232,2320000,2320000,1784,2972,2330000,1187
0,233,2330000,2330000,1784,2972,2340000,1189
0,234,2340000,2340000,1784,2972,2350000,1197
0,235,2350000,2350000,1784,2972,2360000,1201
0,236,2360000,2360000,1784,2972,2370000,1206
0,237,2370000,2370000,1784,2972,2380000,1212
0,238,2380000,2380000,1784,2972,2390000,1218
0,239,2390000,2390000,1784,2972,2400000,1220
0,24,240000,240000,1784,2972,250000,122
0,240,2400000,2400000,1784,2972,2410000,1228
0,241,2410000,2410000,1784,2972,2420000,1232
0,242,2420000,2420000,1784,2972,2430000,1237
0,243,2430000,2430000,1784,2972,2440000,1242
0,244,2440000,2440000,1784,2972,2450000,1248
0,245,2450000,2450000,1784,2972,2460000,1250
0,246,2460000,2460000,1784,2972,2470000,1258
0,247,2470000,2470000,1784,2972,2480000,1264
0,248,2480000,2480000,1784,2972,2490000,1268
0,249,2490000,2490000,1784,2972,2500000,1273
0,25,250000,250000,1784,2972,260000,126
0,250,2500000,2500000,1784,2972,2510000,1279
0,251,2510000,2510000,1784,2972,2520000,1281
0,252,2520000,2520000,1784,2972,2530000,1289
0,253,2530000,2530000,1784,2972,2540000,1294
0,254,2540000,2540000,1784,2972,2550000,1298
0,255,2550000,2550000,1784,2972,2560000,1303
0,256,2560000,2560000,1784,2972,2570000,1310
0,257,2570000,2570000,1784,2972,2580000,1312
0,258,2580000,2580000,1784,2972,2590000,1321
0,259,2590000,2590000,1784,2972,2600000,1325
0,26,260000,260000,1784,2972,270000,130
0,260,2600000,2600000,1784,2972,2610000,1329
0,261,2610000,2610000,1784,2972,2620000,1334
0,262,2620000,2620000,1784,2972,2630000,1340
0,263,2630000,2630000,1784,2972,2640000,1342
0,264,2640000,2640000,1784,2972,2650000,1351
0,265,2650000,2650000,1784,2972,2660000,1355
0,266,2660000,2660000,1784,2972,2670000,1360
0,267,2670000,2670000,1784,2972,2680000,1365
0,268,2680000,2680000,1784,2972,2690000,1371
0,269,2690000,2690000,1784,2972,2700000,1374
0,27,270000,270000,1784,2972,280000,136
0,270,2700000,2700000,1784,2972,2710000,1382
0,271,2710000,2710000,1784,2972,2720000,1386
0,272,2720000,2720000,1784,2972,2730000,1390
0,273,2730000,2730000,1784,2972,2740000,1395
0,274,2740000,2740000,1784,2972,2750000,1401
0,275,2750000,2750000,1784,2972,2760000,1405
0,276,2760000,2760000,1784,2972,2770000,1413
0,277,2770000,2770000,1784,2972,2780000,1417
0,278,2780000,2780000,1784,2972,2790000,1421
0,279,2790000,2790000,1784,2972,2800000,1426
0,28,280000,280000,1784,2972,290000,143
0,280,2800000,2800000,1784,2972,2810000,1433
0,281,2810000,2810000,1784,2972,2820000,1435
0,282,2820000,2820000,1784,2972,2830000,1443
0,283,2830000,2830000,1784,2972,2840000,1447
0,284,2840000,2840000,1784,2972,2850000,1451
0,285,2850000,2850000,1784,2972,2860000,1457
0,286,2860000,2860000,1784,2972,2870000,1464
0,287,2870000,2870000,1784,2972,2880000,1466
0,288,2880000,2880000,1784,2972,2890000,1474
0,289,2890000,2890000,1784,2972,2900000,1478
0,29,290000,290000,1784,2972,300000,145
0,290,2900000,2900000,1784,2972,2910000,1482
0,291,2910000,2910000,1784,2972,2920000,1488
0,292,2920000,2920000,1784,2972,2930000,1494
0,293,2930000,2930000,1784,2972,2940000,1496
0,294,2940000,2940000,1784,2972,2950000,1505
0,295,2950000,2950000,1784,2972,2960000,1509
0,296,2960000,2960000,1784,2972,2970000,1513
0,297,2970000,2970000,1784,2972,2980000,1519
0,298,2980000,2980000,1784,2972,2990000,1525
0,299,2990000,2990000,1784,2972,3000000,1527
0,3,30000,30000,1784,2972,40000,13
0,30,300000,300000,1784,2972,310000,153
0,300,3000000,3000000,1784,2972,3010000,1535
0,301,3010000,3010000,1784,2972,3020000,1539
0,302,3020000,3020000,1784,2972,3030000,1544
0,303,3030000,3030000,1784,2972,3040000,1549
0,304,3040000,3040000,1784,2972,3050000,1556
0,305,3050000,3050000,1784,2972,3060000,1558
0,306,3060000,3060000,1784,2972,3070000,1566
0,307,3070000,3070000,1784,2972,3080000,1570
0,308,3080000,3080000,1784,2972,3090000,1575
0,309,3090000,3090000,1784,2972,3100000,1580
0,31,310000,310000,1784,2972,320000,157
0,310,3100000,3100000,1784,2972,3110000,1586
0,311,3110000,3110000,1784,2972,3120000,1588
0,312,3120000,3120000,1784,2972,3130000,1596
0,313,3130000,3130000,1784,2972,3140000,1602
0,314,3140000,3140000,1784,2972,3150000,1606
0,315,3150000,3150000,1784,2972,3160000,1611
0,316,3160000,3160000,1784,2972,3170000,1617
0,317,3170000,3170000,1784,2972,3180000,1619
0,318,3180000,3180000,1784,2972,3190000,1627
0,319,3190000,3190000,1784,2972,3200000,1632
0,32,320000,320000,1784,2972,330000,161
0,320,3200000,3200000,1784,2972,3210000,1636
0,321,3210000,3210000,1784,2972,3220000,1641
0,322,3220000,3220000,1784,2972,3230000,1647
0,323,3230000,3230000,1784,2972,3240000,1650
0,324,3240000,3240000,1784,2972,3250000,1659
0,325,3250000,3250000,1784,2972,3260000,1663
0,326,3260000,3260000,1784,2972,3270000,1667
0,327,3270000,3270000,1784,2972,3280000,1672
0,328,3280000,3280000,1784,2972,3290000,1678
0,329,3290000,3290000,1784,2972,3300000,1680
0,33,330000,330000,1784,2972,340000,167
0,330,3300000,3300000,1784,2972,3310000,1689
0,331,3310000,3310000,1784,2972,3320000,1693
0,332,3320000,3320000,1784,2972,3330000,1698
0,333,3330000,3330000,1784,2972,3340000,1703
0,334,3340000,3340000,1784,2972,3350000,1709
0,335,3350000,3350000,1784,2972,3360000,1712
0,336,3360000,3360000,1784,2972,3370000,1720
0,337,3370000,3370000,1784,2972,3380000,1724
0,338,3380000,3380000,1784,2972,3390000,1728
0,339,3390000,3390000,1784,2972,3400000,1733
0,34,340000,340000,1784,2972,350000,173
0,340,3400000,3400000,1784,2972,3410000,1739
0,341,3410000,3410000,1784,2972,3420000,1742
0,342,3420000,3420000,1784,2972,3430000,1751
0,343,3430000,3430000,1784,2972,3440000,1755
0,344,3440000,3440000,1784,2972,3450000,1759
0,345,3450000,3450000,1784,2972,3460000,1764
0,346,3460000,3460000,1784,2972,3470000,1771
0,347,3470000,3470000,1784,2972,3480000,1773
0,348,3480000,3480000,1784,2972,3490000,1781
0,349,3490000,3490000,1784,2972,3500000,1785
0,35,350000,350000,1784,2972,360000,175
0,350,3500000,3500000,1784,2972,3510000,1789
0,351,3510000,3510000,1784,2972,3520000,1795
0,352,3520000,3520000,1784,2972,3530000,1802
0,353,3530000,3530000,1784,2972,3540000,1804
0,354,3540000,3540000,1784,2972,3550000,1812
0,355,3550000,3550000,1784,2972,3560000,1816
0,356,3560000,3560000,1784,2972,3570000,1820
0,357,3570000,3570000,1784,2972,3580000,1826
0,358,3580000,3580000,1784,2972,3590000,1832
0,359,3590000,3590000,1784,2972,3600000,1834
0,36,360000,360000,1784,2972,370000,183
0,360,3600000,3600000,1784,2972,3610000,1842
0,361,3610000,3610000,1784,2972,3620000,1847
0,362,3620000,3620000,1784,2972,3630000,1851
0,363,3630000,3630000,1784,2972,3640000,1857
0,364,3640000,3640000,1784,2972,3650000,1863
0,365,3650000,3650000,1784,2972,3660000,1865
0,366,3660000,3660000,1784,2972,3670000,1873
0,367,3670000,3670000,1784,2972,3680000,1877
0,368,3680000,3680000,1784,2972,3690000,1882
0,369,3690000,3690000,1784,2972,3700000,1887
0,37,370000,370000,1784,2972,380000,187
0,370,3700000,3700000,1784,2972,3710000,1894
0,371,3710000,3710000,1784,2972,3720000,1896
0,372,3720000,3720000,1784,2972,3730000,1904
0,373,3730000,3730000,1784,2972,3740000,1908
0,374,3740000,3740000,1784,2972,3750000,1913
0,375,3750000,3750000,1784,2972,3760000,1918
0,376,3760000,3760000,1784,2972,3770000,1924
0,377,3770000,3770000,1784,2972,3780000,1926
0,378,3780000,3780000,1784,2972,3790000,1934
0,379,3790000,3790000,1784,2972,3800000,1939
0,38,380000,380000,1784,2972,390000,193
0,380,3800000,3800000,1784,2972,3810000,1944
0,381,3810000,3810000,1784,2972,3820000,1949
0,382,3820000,3820000,1784,2972,3830000,1955
0,383,3830000,3830000,1784,2972,3840000,1957
0,384,3840000,3840000,1784,2972,3850000,1965
0,385,3850000,3850000,1784,2972,3860000,1970
0,386,3860000,3860000,1784,2972,3870000,1974
0,387,3870000,3870000,1784,2972,3880000,1979
0,388,3880000,3880000,1784,2972,3890000,1985
0,389,3890000,3890000,1784,2972,3900000,1988
0,39,390000,390000,1784,2972,400000,198
0,390,3900000,3900000,1784,2972,3910000,1997
0,391,3910000,3910000,1784,2972,3920000,2001
0,392,3920000,3920000,1784,2972,3930000,2005
0,393,3930000,3930000,1784,2972,3940000,2010
0,394,3940000,3940000,1784,2972,3950000,2016
0,395,3950000,3950000,1784,2972,3960000,2018
0,396,3960000,3960000,1784,2972,3970000,2027
0,397,3970000,3970000,1784,2972,3980000,2031
0,398,3980000,3980000,1784,2972,3990000,2035
0,399,3990000,3990000,1784,2972,4000000,2041
0,4,40000,40000,1784,2972,50000,19
0,40,400000,400000,1784,2972,410000,204
0,400,4000000,4000000,1784,2972,4010000,2047
0,401,4010000,4010000,1784,2972,4020000,2050
0,402,4020000,4020000,1784,2972,4030000,2058
0,403,4030000,4030000,1784,2972,4040000,2062
0,404,4040000,4040000,1784,2972,4050000,2066
0,405,4050000,4050000,1784,2972,4060000,2071
0,406,4060000,4060000,1784,2972,4070000,2077
0,407,4070000,4070000,1784,2972,4080000,2080
0,408,4080000,4080000,1784,2972,4090000,2089
0,409,4090000,4090000,1784,2972,4100000,2093
0,41,410000,410000,1784,2972,420000,206
0,410,4100000,4100000,1784,2972,4110000,2097
0,411,4110000,4110000,1784,2972,4120000,2102
0,412,4120000,4120000,1784,2972,4130000,2109
0,413,4130000,4130000,1784,2972,4140000,2111
0,414,4140000,4140000,1784,2972,4150000,2119
0,415,4150000,4150000,1784,2972,4160000,2123
0,416,4160000,4160000,1784,2972,4170000,2127
0,417,4170000,4170000,1784,2972,4180000,2132
0,418,4180000,4180000,1784,2972,4190000,2140
0,419,4190000,4190000,1784,2972,4200000,2142
0,42,420000,420000,1784,2972,430000,214
0,420,4200000,4200000,1784,2972,4210000,2150
0,421,4210000,4210000,1784,2972,4220000,2154
0,422,4220000,4220000,1784,2972,4230000,2158
0,423,4230000,4230000,1784,2972,4240000,2164
0,424,4240000,4240000,1784,2972,4250000,2170
0,425,4250000,4250000,1784,2972,4260000,2172
0,426,4260000,4260000,1784,2972,4270000,2180
0,427,4270000,4270000,1784,2972,4280000,2185
0,428,4280000,4280000,1784,2972,4290000,2189
0,429,4290000,4290000,1784,2972,4300000,2195
0,43,430000,430000,1784,2972,440000,218
0,430,4300000,4300000,1784,2972,4310000,2201
0,431,4310000,4310000,1784,2972,4320000,2203
0,432,4320000,4320000,1784,2972,4330000,2211
0,433,4330000,4330000,1784,2972,4340000,2215
0,434,4340000,4340000,1784,2972,4350000,2220
0,435,4350000,4350000,1784,2972,4360000,2225
0,436,4360000,4360000,1784,2972,4370000,2231
0,437,4370000,4370000,1784,2972,4380000,2234
0,438,4380000,4380000,1784,2972,4390000,2242
0,439,4390000,4390000,1784,2972,4400000,2246
0,44,440000,440000,1784,2972,450000,223
0,440,4400000,4400000,1784,2972,4410000,2251
0,441,4410000,4410000,1784,2972,4420000,2256
0,442,4420000,4420000,1784,2972,4430000,2262
0,443,4430000,4430000,1784,2972,4440000,2264
0,444,4440000,4440000,1784,2972,4450000,2272
0,445,4450000,4450000,1784,2972,4460000,2277
0,446,4460000,4460000,1784,2972,4470000,2282
0,447,4470000,4470000,1784,2972,4480000,2287
0,448,4480000,4480000,1784,2972,4490000,2293
0,449,4490000,4490000,1784,2972,4500000,2295
0,45,450000,450000,1784,2972,460000,228
0,450,4500000,4500000,1784,2972,4510000,2303
0,451,4510000,4510000,1784,2972,4520000,2308
0,452,4520000,4520000,1784,2972,4530000,2312
0,453,4530000,4530000,1784,2972,4540000,2317
0,454,4540000,4540000,1784,2972,4550000,2323
0,455,4550000,4550000,1784,2972,4560000,2325
0,456,4560000,4560000,1784,2972,4570000,2335
0,457,4570000,4570000,1784,2972,4580000,2339
0,458,4580000,4580000,1784,2972,4590000,2343
0,459,4590000,4590000,1784,2972,4600000,2348
0,46,460000,460000,1784,2972,470000,234
0,460,4600000,4600000,1784,2972,4610000,2354
0,461,4610000,4610000,1784,2972,4620000,2356
0,462,4620000,4620000,1784,2972,4630000,2365
0,463,4630000,4630000,1784,2972,4640000,2369
0,464,4640000,4640000,1784,2972,4650000,2373
0,465,4650000,4650000,1784,2972,4660000,2379
0,466,4660000,4660000,1784,2972,4670000,2385
0,467,4670000,4670000,1784,2972,4680000,2388
0,468,4680000,4680000,1784,2972,4690000,2396
0,469,4690000,4690000,1784,2972,4700000,2400
0,47,470000,470000,1784,2972,480000,237
0,470,4700000,4700000,1784,2972,4710000,2404
0,471,4710000,4710000,1784,2972,4720000,2409
0,472,4720000,4720000,1784,2972,4730000,2415
0,473,4730000,4730000,1784,2972,4740000,2418
0,474,4740000,4740000,1784,2972,4750000,2426
0,475,4750000,4750000,1784,2972,4760000,2431
0,476,4760000,4760000,1784,2972,4770000,2435
0,477,4770000,4770000,1784,2972,4780000,2440
0,478,4780000,4780000,1784,2972,4790000,2447
0,479,4790000,4790000,1784,2972,4800000,2449
0,48,480000,480000,1784,2972,490000,245
0,480,4800000,4800000,1784,2972,4810000,2457
0,481,4810000,4810000,1784,2972,4820000,2461
0,482,4820000,4820000,1784,2972,4830000,2465
0,483,4830000,4830000,1784,2972,4840000,2470
0,484,4840000,4840000,1784,2972,4850000,2478
0,485,4850000,4850000,1784,2972,4860000,2480
0,486,4860000,4860000,1784,2972,4870000,2488
0,487,4870000,4870000,1784,2972,4880000,2492
0,488,4880000,4880000,1784,2972,4890000,2496
0,489,4890000,4890000,1784,2972,4900000,2502
0,49,490000,490000,1784,2972,500000,250
0,490,4900000,4900000,1784,2972,4910000,2508
0,491,4910000,4910000,1784,2972,4920000,2510
0,492,4920000,4920000,1784,2972,4930000,2518
0,493,4930000,4930000,1784,2972,4940000,2522
0,494,4940000,4940000,1784,2972,4950000,2527
0,495,4950000,4950000,1784,2972,4960000,2533
0,496,4960000,4960000,1784,2972,4970000,2539
0,497,4970000,4970000,1784,2972,4980000,2541
0,498,4980000,4980000,1784,2972,4990000,2549
0,499,4990000,4990000,1784,2972,5000000,2553
0,5,50000,50000,1784,2972,60000,22
0,50,500000,500000,1784,2972,510000,254
0,500,5000000,5000000,1784,2972,5010000,2558
0,501,5010000,5010000,1784,2972,5020000,2563
0,502,5020000,5020000,1784,2972,5030000,2569
0,503,5030000,5030000,1784,2972,5040000,2572
0,504,5040000,5040000,1784,2972,5050000,2580
0,505,5050000,5050000,1784,2972,5060000,2584
0,506,5060000,5060000,1784,2972,5070000,2589
0,507,5070000,5070000,1784,2972,5080000,2594
0,508,5080000,5080000,1784,2972,5090000,2600
0,509,5090000,5090000,1784,2972,5100000,2602
0,51,510000,510000,1784,2972,520000,259
0,510,5100000,5100000,1784,2972,5110000,2610
0,511,5110000,5110000,1784,2972,5120000,2615
0,512,5120000,5120000,1784,2972,5130000,2619
0,513,5130000,5130000,1784,2972,5140000,2625
0,514,5140000,5140000,1784,2972,5150000,2631
0,515,5150000,5150000,1784,2972,5160000,2633
0,516,5160000,5160000,1784,2972,5170000,2641
0,517,5170000,5170000,1784,2972,5180000,2646
0,518,5180000,5180000,1784,2972,5190000,2650
0,519,5190000,5190000,1784,2972,5200000,2655
0,52,520000,520000,1784,2972,530000,265
0,520,5200000,5200000,1784,2972,5210000,2661
0,521,5210000,5210000,1784,2972,5220000,2663
0,522,5220000,5220000,1784,2972,5230000,2673
0,523,5230000,5230000,1784,2972,5240000,2677
0,524,5240000,5240000,1784,2972,5250000,2681
0,525,5250000,5250000,1784,2972,5260000,2686
0,526,5260000,5260000,1784,2972,5270000,2692
0,527,5270000,5270000,1784,2972,5280000,2694
0,528,5280000,5280000,1784,2972,5290000,2703
0,529,5290000,5290000,1784,2972,5300000,2707
0,53,530000,530000,1784,2972,540000,267
0,530,5300000,5300000,1784,2972,5310000,2711
0,531,5310000,5310000,1784,2972,5320000,2716
0,532,5320000,5320000,1784,2972,5330000,2723
0,533,5330000,5330000,1784,2972,5340000,2726
0,534,5340000,5340000,1784,2972,5350000,2734
0,535,5350000,5350000,1784,2972,5360000,2738
0,536,5360000,5360000,1784,2972,5370000,2742
0,537,5370000,5370000,1784,2972,5380000,2747
0,538,5380000,5380000,1784,2972,5390000,2753
0,539,5390000,5390000,1784,2972,5400000,2756
0,54,540000,540000,1784,2972,550000,275
0,540,5400000,5400000,1784,2972,5410000,2764
0,541,5410000,5410000,1784,2972,5420000,2769
0,542,5420000,5420000,1784,2972,5430000,2773
0,543,5430000,5430000,1784,2972,5440000,2778
0,544,5440000,5440000,1784,2972,5450000,2785
0,545,5450000,5450000,1784,2972,5460000,2787
0,546,5460000,5460000,1784,2972,5470000,2795
0,547,5470000,5470000,1784,2972,5480000,2799
0,548,5480000,5480000,1784,2972,5490000,2803
0,549,5490000,5490000,1784,2972,5500000,2808
0,55,550000,550000,1784,2972,560000,280
0,550,5500000,5500000,1784,2972,5510000,2815
0,551,5510000,5510000,1784,2972,5520000,2818
0,552,5520000,5520000,1784,2972,5530000,2826
0,553,5530000,5530000,1784,2972,5540000,2830
0,554,5540000,5540000,1784,2972,5550000,2834
0,555,5550000,5550000,1784,2972,5560000,2840
0,556,5560000,5560000,1784,2972,5570000,2846
0,557,5570000,5570000,1784,2972,5580000,2848
0,558,5580000,5580000,1784,2972,5590000,2856
0,559,5590000,5590000,1784,2972,5600000,2860
0,56,560000,560000,1784,2972,570000,284
0,560,5600000,5600000,1784,2972,5610000,2865
0,561,5610000,5610000,1784,2972,5620000,2871
0,562,5620000,5620000,1784,2972,5630000,2877
0,563,5630000,5630000,1784,2972,5640000,2879
0,564,5640000,5640000,1784,2972,5650000,2887
0,565,5650000,5650000,1784,2972,5660000,2891
0,566,5660000,5660000,1784,2972,5670000,2896
0,567,5670000,5670000,1784,2972,5680000,2901
0,568,5680000,5680000,1784,2972,5690000,2907
0,569,5690000,5690000,1784,2972,5700000,2909
0,57,570000,570000,1784,2972,580000,290
0,570,5700000,5700000,1784,2972,5710000,2918
0,571,5710000,5710000,1784,2972,5720000,2922
0,572,5720000,5720000,1784,2972,5730000,2927
0,573,5730000,5730000,1784,2972,5740000,2932
0,574,5740000,5740000,1784,2972,5750000,2938
0,575,5750000,5750000,1784,2972,5760000,2940
0,576,5760000,5760000,1784,2972,5770000,2948
0,577,5770000,5770000,1784,2972,5780000,2953
0,578,5780000,5780000,1784,2972,5790000,2957
0,579,5790000,5790000,1784,2972,5800000,2963
0,58,580000,580000,1784,2972,590000,296
0,580,5800000,5800000,1784,2972,5810000,2969
0,581,5810000,5810000,1784,2972,5820000,2971
0,582,5820000,5820000,1784,2972,5830000,2979
0,583,5830000,5830000,1784,2972,5840000,2984
0,584,5840000,5840000,1784,2972,5850000,2988
0,585,5850000,5850000,1784,2972,5860000,2993
0,586,5860000,5860000,1784,2972,5870000,2999
0,587,5870000,5870000,1784,2972,5880000,3001
0,588,5880000,5880000,1784,2972,5890000,3010
0,589,5890000,5890000,1784,2972,5900000,3015
0,59,590000,590000,1784,2972,600000,298
0,590,5900000,5900000,1784,2972,5910000,3019
0,591,5910000,5910000,1784,2972,5920000,3024
0,592,5920000,5920000,1784,2972,5930000,3030
0,593,5930000,5930000,1784,2972,5940000,3032
0,594,5940000,5940000,1784,2972,5950000,3041
0,595,5950000,5950000,1784,2972,5960000,3045
0,596,5960000,5960000,1784,2972,5970000,3049
0,597,5970000,5970000,1784,2972,5980000,3054
0,598,5980000,5980000,1784,2972,5990000,3061
0,599,5990000,5990000,1784,2972,6000000,3064
0,6,60000,60000,1784,2972,70000,30
0,60,600000,600000,1784,2972,610000,307
0,600,6000000,6000000,1784,2972,6010000,3072
0,601,6010000,6010000,1784,2972,6020000,3076
0,602,6020000,6020000,1784,2972,6030000,3080
0,603,6030000,6030000,1784,2972,6040000,3085
0,604,6040000,6040000,1784,2972,6050000,3091
0,605,6050000,6050000,1784,2972,6060000,3094
0,606,6060000,6060000,1784,2972,6070000,3102
0,607,6070000,6070000,1784,2972,6080000,3106
0,608,6080000,6080000,1784,2972,6090000,3111
0,609,6090000,6090000,1784,2972,6100000,3116
0,61,610000,610000,1784,2972,620000,311
0,610,6100000,6100000,1784,2972,6110000,3123
0,611,6110000,6110000,1784,2972,6120000,3125
0,612,6120000,6120000,1784,2972,6130000,3133
0,613,6130000,6130000,1784,2972,6140000,3137
0,614,6140000,6140000,1784,2972,6150000,3141
0,615,6150000,6150000,1784,2972,6160000,3146
0,616,6160000,6160000,1784,2972,6170000,3153
0,617,6170000,6170000,1784,2972,6180000,3156
0,618,6180000,6180000,1784,2972,6190000,3164
0,619,6190000,6190000,1784,2972,6200000,3168
0,62,620000,620000,1784,2972,630000,315
0,620,6200000,6200000,1784,2972,6210000,3172
0,621,6210000,6210000,1784,2972,6220000,3178
0,622,6220000,6220000,1784,2972,6230000,3184
0,623,6230000,6230000,1784,2972,6240000,3186
0,624,6240000,6240000,1784,2972,6250000,3194
0,625,6250000,6250000,1784,2972,6260000,3198
0,626,6260000,6260000,1784,2972,6270000,3202
0,627,6270000,6270000,1784,2972,6280000,3209
0,628,6280000,6280000,1784,2972,6290000,3215
0,629,6290000,6290000,1784,2972,6300000,3217
0,63,630000,630000,1784,2972,640000,320
0,630,6300000,6300000,1784,2972,6310000,3225
0,631,6310000,6310000,1784,2972,6320000,3229
0,632,6320000,6320000,1784,2972,6330000,3234
0,633,6330000,6330000,1784,2972,6340000,3239
0,634,6340000,6340000,1784,2972,6350000,3245
0,635,6350000,6350000,1784,2972,6360000,3247
0,636,6360000,6360000,1784,2972,6370000,3256
0,637,6370000,6370000,1784,2972,6380000,3260
0,638,6380000,6380000,1784,2972,6390000,3265
0,639,6390000,6390000,1784,2972,6400000,3270
0,64,640000,640000,1784,2972,650000,326
0,640,6400000,6400000,1784,2972,6410000,3276
0,641,6410000,6410000,1784,2972,6420000,3278
0,642,6420000,6420000,1784,2972,6430000,3286
0,643,6430000,6430000,1784,2972,6440000,3291
0,644,6440000,6440000,1784,2972,6450000,3295
0,645,6450000,6450000,1784,2972,6460000,3300
0,646,6460000,6460000,1784,2972,6470000,3307
0,647,6470000,6470000,1784,2972,6480000,3309
0,648,6480000,6480000,1784,2972,6490000,3317
0,649,6490000,6490000,1784,2972,6500000,3322
0,65,650000,650000,1784,2972,660000,328
0,650,6500000,6500000,1784,2972,6510000,3326
0,651,6510000,6510000,1784,2972,6520000,3331
0,652,6520000,6520000,1784,2972,6530000,3337
0,653,6530000,6530000,1784,2972,6540000,3339
0,654,6540000,6540000,1784,2972,6550000,3348
0,655,6550000,6550000,1784,2972,6560000,3353
0,656,6560000,6560000,1784,2972,6570000,3357
0,657,6570000,6570000,1784,2972,6580000,3362
0,658,6580000,6580000,1784,2972,6590000,3368
0,659,6590000,6590000,1784,2972,6600000,3370
0,66,660000,660000,1784,2972,670000,338
0,660,6600000,6600000,1784,2972,6610000,3379
0,661,6610000,6610000,1784,2972,6620000,3383
0,662,6620000,6620000,1784,2972,6630000,3387
0,663,6630000,6630000,1784,2972,6640000,3392
0,664,6640000,6640000,1784,2972,6650000,3398
0,665,6650000,6650000,1784,2972,6660000,3402
0,666,6660000,6660000,1784,2972,6670000,3410
0,667,6670000,6670000,1784,2972,6680000,3414
0,668,6680000,6680000,1784,2972,6690000,3418
0,669,6690000,6690000,1784,2972,6700000,3423
0,67,670000,670000,1784,2972,680000,342
0,670,6700000,6700000,1784,2972,6710000,3429
0,671,6710000,6710000,1784,2972,6720000,3432
0,672,6720000,6720000,1784,2972,6730000,3440
0,673,6730000,6730000,1784,2972,6740000,3444
0,674,6740000,6740000,1784,2972,6750000,3449
0,675,6750000,6750000,1784,2972,6760000,3454
0,676,6760000,6760000,1784,2972,6770000,3461
0,677,6770000,6770000,1784,2972,6780000,3463
0,678,6780000,6780000,1784,2972,6790000,3471
0,679,6790000,6790000,1784,2972,6800000,3475
0,68,680000,680000,1784,2972,690000,346
0,680,6800000,6800000,1784,2972,6810000,3479
0,681,6810000,6810000,1784,2972,6820000,3484
0,682,6820000,6820000,1784,2972,6830000,3491
0,683,6830000,6830000,1784,2972,6840000,3493
0,684,6840000,6840000,1784,2972,6850000,3502
0,685,6850000,6850000,1784,2972,6860000,3506
0,686,6860000,6860000,1784,2972,6870000,3510
0,687,6870000,6870000,1784,2972,6880000,3516
0,688,6880000,6880000,1784,2972,6890000,3522
0,689,6890000,6890000,1784,2972,6900000,3524
0,69,690000,690000,1784,2972,700000,351
0,690,6900000,6900000,1784,2972,6910000,3532
0,691,6910000,6910000,1784,2972,6920000,3536
0,692,6920000,6920000,1784,2972,6930000,3540
0,693,6930000,6930000,1784,2972,6940000,3547
0,694,6940000,6940000,1784,2972,6950000,3553
0,695,6950000,6950000,1784,2972,6960000,3555
0,696,6960000,6960000,1784,2972,6970000,3563
0,697,6970000,6970000,1784,2972,6980000,3567
0,698,6980000,6980000,1784,2972,6990000,3572
0,699,6990000,6990000,1784,2972,7000000,3577
0,7,70000,70000,1784,2972,80000,34
0,70,700000,700000,1784,2972,710000,357
0,700,7000000,7000000,1784,2972,7010000,3583
0,701,7010000,7010000,1784,2972,7020000,3585
0,702,7020000,7020000,1784,2972,7030000,3593
0,703,7030000,7030000,1784,2972,7040000,3598
0,704,7040000,7040000,1784,2972,7050000,3603
0,705,7050000,7050000,1784,2972,7060000,3608
0,706,7060000,7060000,1784,2972,7070000,3614
0,707,7070000,7070000,1784,2972,7080000,3616
0,708,7080000,7080000,1784,2972,7090000,3624
0,709,7090000,7090000,1784,2972,7100000,3629
0,71,710000,710000,1784,2972,720000,360
0,710,7100000,7100000,1784,2972,7110000,3633
0,711,7110000,7110000,1784,2972,7120000,3638
0,712,7120000,7120000,1784,2972,7130000,3645
0,713,7130000,7130000,1784,2972,7140000,3647
0,714,7140000,7140000,1784,2972,7150000,3655
0,715,7150000,7150000,1784,2972,7160000,3660
0,716,7160000,7160000,1784,2972,7170000,3664
0,717,7170000,7170000,1784,2972,7180000,3669
0,718,7180000,7180000,1784,2972,7190000,3675
0,719,7190000,7190000,1784,2972,7200000,3677
0,72,720000,720000,1784,2972,730000,368
0,720,7200000,7200000,1784,2972,7210000,3686
0,721,7210000,7210000,1784,2972,7220000,3690
0,722,7220000,7220000,1784,2972,7230000,3695
0,723,7230000,7230000,1784,2972,7240000,3700
0,724,7240000,7240000,1784,2972,7250000,3706
0,725,7250000,7250000,1784,2972,7260000,3708
0,726,7260000,7260000,1784,2972,7270000,3717
0,727,7270000,7270000,1784,2972,7280000,3721
0,728,7280000,7280000,1784,2972,7290000,3725
0,729,7290000,7290000,1784,2972,7300000,3730
0,73,730000,730000,1784,2972,740000,372
0,730,7300000,7300000,1784,2972,7310000,3736
0,731,7310000,7310000,1784,2972,7320000,3740
0,732,7320000,7320000,1784,2972,7330000,3748
0,733,7330000,7330000,1784,2972,7340000,3752
0,734,7340000,7340000,1784,2972,7350000,3756
0,735,7350000,7350000,1784,2972,7360000,3761
0,736,7360000,7360000,1784,2972,7370000,3767
0,737,7370000,7370000,1784,2972,7380000,3770
0,738,7380000,7380000,1784,2972,7390000,3778
0,739,7390000,7390000,1784,2972,7400000,3782
0,74,740000,740000,1784,2972,750000,376
0,740,7400000,7400000,1784,2972,7410000,3786
0,741,7410000,7410000,1784,2972,7420000,3792
0,742,7420000,7420000,1784,2972,7430000,3799
0,743,7430000,7430000,1784,2972,7440000,3801
0,744,7440000,7440000,1784,2972,7450000,3809
0,745,7450000,7450000,1784,2972,7460000,3813
0,746,7460000,7460000,1784,2972,7470000,3817
0,747,7470000,7470000,1784,2972,7480000,3822
0,748,7480000,7480000,1784,2972,7490000,3829
0,749,7490000,7490000,1784,2972,7500000,3831
0,75,750000,750000,1784,2972,760000,381
0,750,7500000,7500000,1784,2972,7510000,3840
0,751,7510000,7510000,1784,2972,7520000,3844
0,752,7520000,7520000,1784,2972,7530000,3848
0,753,7530000,7530000,1784,2972,7540000,3854
0,754,7540000,7540000,1784,2972,7550000,3860
0,755,7550000,7550000,1784,2972,7560000,3862
0,756,7560000,7560000,1784,2972,7570000,3870
0,757,7570000,7570000,1784,2972,7580000,3874
0,758,7580000,7580000,1784,2972,7590000,3878
0,759,7590000,7590000,1784,2972,7600000,3884
0,76,760000,760000,1784,2972,770000,388
0,760,7600000,7600000,1784,2972,7610000,3891
0,761,7610000,7610000,1784,2972,7620000,3893
0,762,7620000,7620000,1784,2972,7630000,3901
0,763,7630000,7630000,1784,2972,7640000,3905
0,764,7640000,7640000,1784,2972,7650000,3910
0,765,7650000,7650000,1784,2972,7660000,3915
0,766,7660000,7660000,1784,2972,7670000,3921
0,767,7670000,7670000,1784,2972,7680000,3923
0,768,7680000,7680000,1784,2972,7690000,3931
0,769,7690000,7690000,1784,2972,7700000,3936
0,77,770000,770000,1784,2972,780000,391
0,770,7700000,7700000,1784,2972,7710000,3941
0,771,7710000,7710000,1784,2972,7720000,3946
0,772,7720000,7720000,1784,2972,7730000,3952
0,773,7730000,7730000,1784,2972,7740000,3954
0,774,7740000,7740000,1784,2972,7750000,3962
0,775,7750000,7750000,1784,2972,7760000,3967
0,776,7760000,7760000,1784,2972,7770000,3971
0,777,7770000,7770000,1784,2972,7780000,3976
0,778,7780000,7780000,1784,2972,7790000,3982
0,779,7790000,7790000,1784,2972,7800000,3985
0,78,780000,780000,1784,2972,790000,399
0,780,7800000,7800000,1784,2972,7810000,3993
0,781,7810000,7810000,1784,2972,7820000,3998
0,782,7820000,7820000,1784,2972,7830000,4002
0,783,7830000,7830000,1784,2972,7840000,4007
0,784,7840000,7840000,1784,2972,7850000,4013
0,785,7850000,7850000,1784,2972,7860000,4015
0,786,7860000,7860000,1784,2972,7870000,4024
0,787,7870000,7870000,1784,2972,7880000,4028
0,788,7880000,7880000,1784,2972,7890000,4033
0,789,7890000,7890000,1784,2972,7900000,4038
0,79,790000,790000,1784,2972,800000,403
0,790,7900000,7900000,1784,2972,7910000,4044
0,791,7910000,7910000,1784,2972,7920000,4046
0,792,7920000,7920000,1784,2972,7930000,4055
0,793,7930000,7930000,1784,2972,7940000,4059
0,794,7940000,7940000,1784,2972,7950000,4063
0,795,7950000,7950000,1784,2972,7960000,4068
0,796,7960000,7960000,1784,2972,7970000,4074
0,797,7970000,7970000,1784,2972,7980000,4077
0,798,7980000,7980000,1784,2972,7990000,4086
0,799,7990000,7990000,1784,2972,8000000,4090
0,8,80000,80000,1784,2972,90000,38
0,80,800000,800000,1784,2972,810000,407
0,800,8000000,8000000,1784,2972,8010000,4094
0,801,8010000,8010000,1784,2972,8020000,4099
0,802,8020000,8020000,1784,2972,8030000,4105
0,803,8030000,8030000,1784,2972,8040000,4108
0,804,8040000,8040000,1784,2972,8050000,4116
0,805,8050000,8050000,1784,2972,8060000,4120
0,806,8060000,8060000,1784,2972,8070000,4124
0,807,8070000,8070000,1784,2972,8080000,4130
0,808,8080000,8080000,1784,2972,8090000,4137
0,809,8090000,8090000,1784,2972,8100000,4139
0,81,810000,810000,1784,2972,820000,412
0,810,8100000,8100000,1784,2972,8110000,4147
0,811,8110000,8110000,1784,2972,8120000,4151
0,812,8120000,8120000,1784,2972,8130000,4155
0,813,8130000,8130000,1784,2972,8140000,4160
0,814,8140000,8140000,1784,2972,8150000,4167
0,815,8150000,8150000,1784,2972,8160000,4169
0,816,8160000,8160000,1784,2972,8170000,4177
0,817,8170000,8170000,1784,2972,8180000,4182
0,818,8180000,8180000,1784,2972,8190000,4186
0,819,8190000,8190000,1784,2972,8200000,4192
0,82,820000,820000,1784,2972,830000,419
0,820,8200000,8200000,1784,2972,8210000,4198
0,821,8210000,8210000,1784,2972,8220000,4200
0,822,8220000,8220000,1784,2972,8230000,4208
0,823,8230000,8230000,1784,2972,8240000,4212
0,824,8240000,8240000,1784,2972,8250000,4216
0,825,8250000,8250000,1784,2972,8260000,4222
0,826,8260000,8260000,1784,2972,8270000,4229
0,827,8270000,8270000,1784,2972,8280000,4231
0,828,8280000,8280000,1784,2972,8290000,4239
0,829,8290000,8290000,1784,2972,8300000,4243
0,83,830000,830000,1784,2972,840000,421
0,830,8300000,8300000,1784,2972,8310000,4248
0,831,8310000,8310000,1784,2972,8320000,4253
0,832,8320000,8320000,1784,2972,8330000,4259
0,833,8330000,8330000,1784,2972,8340000,4261
0,834,8340000,8340000,1784,2972,8350000,4269
0,835,8350000,8350000,1784,2972,8360000,4273
0,836,8360000,8360000,1784,2972,8370000,4279
0,837,8370000,8370000,1784,2972,8380000,4284
0,838,8380000,8380000,1784,2972,8390000,4290
0,839,8390000,8390000,1784,2972,8400000,4292
0,84,840000,840000,1784,2972,850000,429
0,840,8400000,8400000,1784,2972,8410000,4300
0,841,8410000,8410000,1784,2972,8420000,4305
0,842,8420000,8420000,1784,2972,8430000,4309
0,843,8430000,8430000,1784,2972,8440000,4314
0,844,8440000,8440000,1784,2972,8450000,4320
0,845,8450000,8450000,1784,2972,8460000,4323
0,846,8460000,8460000,1784,2972,8470000,4331
0,847,8470000,8470000,1784,2972,8480000,4336
0,848,8480000,8480000,1784,2972,8490000,4340
0,849,8490000,8490000,1784,2972,8500000,4345
0,85,850000,850000,1784,2972,860000,434
0,850,8500000,8500000,1784,2972,8510000,4351
0,851,8510000,8510000,1784,2972,8520000,4353
0,852,8520000,8520000,1784,2972,8530000,4362
0,853,8530000,8530000,1784,2972,8540000,4366
0,854,8540000,8540000,1784,2972,8550000,4370
0,855,8550000,8550000,1784,2972,8560000,4376
0,856,8560000,8560000,1784,2972,8570000,4382
0,857,8570000,8570000,1784,2972,8580000,4384
0,858,8580000,8580000,1784,2972,8590000,4393
0,859,8590000,8590000,1784,2972,8600000,4397
0,86,860000,860000,1784,2972,870000,438
0,860,8600000,8600000,1784,2972,8610000,4401
0,861,8610000,8610000,1784,2972,8620000,4406
0,862,8620000,8620000,1784,2972,8630000,4412
0,863,8630000,8630000,1784,2972,8640000,4415
0,864,8640000,8640000,1784,2972,8650000,4424
0,865,8650000,8650000,1784,2972,8660000,4428
0,866,8660000,8660000,1784,2972,8670000,4432
0,867,8670000,8670000,1784,2972,8680000,4437
0,868,8680000,8680000,1784,2972,8690000,4443
0,869,8690000,8690000,1784,2972,8700000,4446
0,87,870000,870000,1784,2972,880000,443
0,870,8700000,8700000,1784,2972,8710000,4454
0,871,8710000,8710000,1784,2972,8720000,4458
0,872,8720000,8720000,1784,2972,8730000,4462
0,873,8730000,8730000,1784,2972,8740000,4467
0,874,8740000,8740000,1784,2972,8750000,4475
0,875,8750000,8750000,1784,2972,8760000,4477
0,876,8760000,8760000,1784,2972,8770000,4485
0,877,8770000,8770000,1784,2972,8780000,4489
0,878,8780000,8780000,1784,2972,8790000,4493
0,879,8790000,8790000,1784,2972,8800000,4498
0,88,880000,880000,1784,2972,890000,450
0,880,8800000,8800000,1784,2972,8810000,4505
0,881,8810000,8810000,1784,2972,8820000,4507
0,882,8820000,8820000,1784,2972,8830000,4515
0,883,8830000,8830000,1784,2972,8840000,4520
0,884,8840000,8840000,1784,2972,8850000,4524
0,885,8850000,8850000,1784,2972,8860000,4530
0,886,8860000,8860000,1784,2972,8870000,4536
0,887,8870000,8870000,1784,2972,8880000,4538
0,888,8880000,8880000,1784,2972,8890000,4546
0,889,8890000,8890000,1784,2972,8900000,4550
0,89,890000,890000,1784,2972,900000,452
0,890,8900000,8900000,1784,2972,8910000,4554
0,891,8910000,8910000,1784,2972,8920000,4560
0,892,8920000,8920000,1784,2972,8930000,4566
0,893,8930000,8930000,1784,2972,8940000,4569
0,894,8940000,8940000,1784,2972,8950000,4577
0,895,8950000,8950000,1784,2972,8960000,4581
0,896,8960000,8960000,1784,2972,8970000,4586
0,897,8970000,8970000,1784,2972,8980000,4591
0,898,8980000,8980000,1784,2972,8990000,4597
0,899,8990000,8990000,1784,2972,9000000,4599
0,9,90000,90000,1784,2972,100000,44
0,90,900000,900000,1784,2972,910000,460
0,900,9000000,9000000,1784,2972,9010000,4607
0,901,9010000,9010000,1784,2972,9020000,4611
0,902,9020000,9020000,1784,2972,9030000,4617
0,903,9030000,9030000,1784,2972,9040000,4622
0,904,9040000,9040000,1784,2972,9050000,4628
0,905,9050000,9050000,1784,2972,9060000,4630
0,906,9060000,9060000,1784,2972,9070000,4638
0,907,9070000,9070000,1784,2972,9080000,4643
0,908,9080000,9080000,1784,2972,9090000,4647
0,909,9090000,9090000,1784,2972,9100000,4652
0,91,910000,910000,1784,2972,920000,464
0,910,9100000,9100000,1784,2972,9110000,4658
0,911,9110000,9110000,1784,2972,9120000,4660
0,912,9120000,9120000,1784,2972,9130000,4669
0,913,9130000,9130000,1784,2972,9140000,4674
0,914,9140000,9140000,1784,2972,9150000,4678
0,915,9150000,9150000,1784,2972,9160000,4683
0,916,9160000,9160000,1784,2972,9170000,4689
0,917,9170000,9170000,1784,2972,9180000,4691
0,918,9180000,9180000,1784,2972,9190000,4700
0,919,9190000,9190000,1784,2972,9200000,4704
0,92,920000,920000,1784,2972,930000,468
0,920,9200000,9200000,1784,2972,9210000,4708
0,921,9210000,9210000,1784,2972,9220000,4714
0,922,9220000,9220000,1784,2972,9230000,4720
0,923,9230000,9230000,1784,2972,9240000,4722
0,924,9240000,9240000,1784,2972,9250000,4731
0,925,9250000,9250000,1784,2972,9260000,4735
0,926,9260000,9260000,1784,2972,9270000,4739
0,927,9270000,9270000,1784,2972,9280000,4744
0,928,9280000,9280000,1784,2972,9290000,4750
0,929,9290000,9290000,1784,2972,9300000,4753
0,93,930000,930000,1784,2972,940000,474
0,930,9300000,9300000,1784,2972,9310000,4761
0,931,9310000,9310000,1784,2972,9320000,4766
0,932,9320000,9320000,1784,2972,9330000,4770
0,933,9330000,9330000,1784,2972,9340000,4775
0,934,9340000,9340000,1784,2972,9350000,4781
0,935,9350000,9350000,1784,2972,9360000,4784
0,936,9360000,9360000,1784,2972,9370000,4792
0,937,9370000,9370000,1784,2972,9380000,4796
0,938,9380000,9380000,1784,2972,9390000,4800
0,939,9390000,9390000,1784,2972,9400000,4805
0,94,940000,940000,1784,2972,950000,480
0,940,9400000,9400000,1784,2972,9410000,4813
0,941,9410000,9410000,1784,2972,9420000,4815
0,942,9420000,9420000,1784,2972,9430000,4823
0,943,9430000,9430000,1784,2972,9440000,4827
0,944,9440000,9440000,1784,2972,9450000,4831
0,945,9450000,9450000,1784,2972,9460000,4836
0,946,9460000,9460000,1784,2972,9470000,4843
0,947,9470000,9470000,1784,2972,9480000,4845
0,948,9480000,9480000,1784,2972,9490000,4853
0,949,9490000,9490000,1784,2972,9500000,4857
0,95,950000,950000,1784,2972,960000,483
0,950,9500000,9500000,1784,2972,9510000,4862
0,951,9510000,9510000,1784,2972,9520000,4868
0,952,9520000,9520000,1784,2972,9530000,4874
0,953,9530000,9530000,1784,2972,9540000,4876
0,954,9540000,9540000,1784,2972,9550000,4884
0,955,9550000,9550000,1784,2972,9560000,4888
0,956,9560000,9560000,1784,2972,9570000,4892
0,957,9570000,9570000,1784,2972,9580000,4898
0,958,9580000,9580000,1784,2972,9590000,4904
0,959,9590000,9590000,1784,2972,9600000,4907
0,96,960000,960000,1784,2972,970000,491
0,960,9600000,9600000,1784,2972,9610000,4915
0,961,9610000,9610000,1784,2972,9620000,4919
0,962,9620000,9620000,1784,2972,9630000,4924
0,963,9630000,9630000,1784,2972,9640000,4929
0,964,9640000,9640000,1784,2972,9650000,4935
0,965,9650000,9650000,1784,2972,9660000,4937
0,966,9660000,9660000,1784,2972,9670000,4945
0,967,9670000,9670000,1784,2972,9680000,4949
0,968,9680000,9680000,1784,2972,9690000,4954
0,969,9690000,9690000,1784,2972,9700000,4960
0,97,970000,970000,1784,2972,980000,495
0,970,9700000,9700000,1784,2972,9710000,4966
0,971,9710000,9710000,1784,2972,9720000,4968
0,972,9720000,9720000,1784,2972,9730000,4976
0,973,9730000,9730000,1784,2972,9740000,4981
0,974,9740000,9740000,1784,2972,9750000,4985
0,975,9750000,9750000,1784,2972,9760000,4990
0,976,9760000,9760000,1784,2972,9770000,4996
0,977,9770000,9770000,1784,2972,9780000,4998
0,978,9780000,9780000,1784,2972,9790000,5007
0,979,9790000,9790000,1784,2972,9800000,5012
0,98,980000,980000,1784,2972,990000,499
0,980,9800000,9800000,1784,2972,9810000,5016
0,981,9810000,9810000,1784,2972,9820000,5021
0,982,9820000,9820000,1784,2972,9830000,5027
0,983,9830000,9830000,1784,2972,9840000,5029
0,984,9840000,9840000,1784,2972,9850000,5038
0,985,9850000,9850000,1784,2972,9860000,5042
0,986,9860000,9860000,1784,2972,9870000,5046
0,987,9870000,9870000,1784,2972,9880000,5051
0,988,9880000,9880000,1784,2972,9890000,5058
0,989,9890000,9890000,1784,2972,9900000,5060
0,99,990000,990000,1784,2972,1000000,505
0,990,9900000,9900000,1784,2972,9910000,5069
0,991,9910000,9910000,1784,2972,9920000,5073
0,992,9920000,9920000,1784,2972,9930000,5077
0,993,9930000,9930000,1784,2972,9940000,5082
0,994,9940000,9940000,1784,2972,9950000,5088
0,995,9950000,9950000,1784,2972,9960000,5091
0,996,9960000,9960000,1784,2972,9970000,5099
0,997,9970000,9970000,1784,2972,9980000,5104
0,998,9980000,9980000,1784,2972,9990000,5108
0,999,9990000,9990000,1784,2972,10000000,5113
1,0,0,0,5068,8446,10000,1
1,1,10000,10000,5068,8446,20000,5
1,10,100000,100000,5068,8446,110000,51
1,100,1000000,1000000,5068,8446,1010000,512
1,1000,10000000,10000000,5068,8446,10010000,5120
1,1001,10010000,10010000,5068,8446,10020000,5123
1,1002,10020000,10020000,5068,8446,10030000,5131
1,1003,10030000,10030000,5068,8446,10040000,5135
1,1004,10040000,10040000,5068,8446,10050000,5139
1,1005,10050000,10050000,5068,8446,10060000,5144
1,1006,10060000,10060000,5068,8446,10070000,5151
1,1007,10070000,10070000,5068,8446,10080000,5154
1,1008,10080000,10080000,5068,8446,10090000,5162
1,1009,10090000,10090000,5068,8446,10100000,5166
1,101,1010000,1010000,5068,8446,1020000,514
1,1010,10100000,10100000,5068,8446,10110000,5170
1,1011,10110000,10110000,5068,8446,10120000,5175
1,1012,10120000,10120000,5068,8446,10130000,5182
1,1013,10130000,10130000,5068,8446,10140000,5184
1,1014,10140000,10140000,5068,8446,10150000,5192
1,1015,10150000,10150000,5068,8446,10160000,5196
1,1016,10160000,10160000,5068,8446,10170000,5201
1,1017,10170000,10170000,5068,8446,10180000,5207
1,1018,10180000,10180000,5068,8446,10190000,5213
1,1019,10190000,10190000,5068,8446,10200000,5215
1,102,1020000,1020000,5068,8446,1030000,522
1,1020,10200000,10200000,5068,8446,10210000,5223
1,1021,10210000,10210000,5068,8446,10220000,5227
1,1022,10220000,10220000,5068,8446,10230000,5231
1,1023,10230000,10230000,5068,8446,10240000,5237
1,1024,10240000,10240000,5068,8446,10250000,5243
1,1025,10250000,10250000,5068,8446,10260000,5245
1,1026,10260000,10260000,5068,8446,10270000,5254
1,1027,10270000,10270000,5068,8446,10280000,5258
1,1028,10280000,10280000,5068,8446,10290000,5263
1,1029,10290000,10290000,5068,8446,10300000,5268
1,103,1030000,1030000,5068,8446,1040000,526
1,1030,10300000,10300000,5068,8446,10310000,5274
1,1031,10310000,10310000,5068,8446,10320000,5276
1,1032,10320000,10320000,5068,8446,10330000,5284
1,1033,10330000,10330000,5068,8446,10340000,5288
1,1034,10340000,10340000,5068,8446,10350000,5293
1,1035,10350000,10350000,5068,8446,10360000,5299
1,1036,10360000,10360000,5068,8446,10370000,5305
1,1037,10370000,10370000,5068,8446,10380000,5307
1,1038,10380000,10380000,5068,8446,10390000,5315
1,1039,10390000,10390000,5068,8446,10400000,5320
1,104,1040000,1040000,5068,8446,1050000,532
1,1040,10400000,10400000,5068,8446,10410000,5324
1,1041,10410000,10410000,5068,8446,10420000,5329
1,1042,10420000,10420000,5068,8446,10430000,5335
1,1043,10430000,10430000,5068,8446,10440000,5337
1,1044,10440000,10440000,5068,8446,10450000,5345
1,1045,10450000,10450000,5068,8446,10460000,5351
1,1046,10460000,10460000,5068,8446,10470000,5355
1,1047,10470000,10470000,5068,8446,10480000,5360
1,1048,10480000,10480000,5068,8446,10490000,5366
1,1049,10490000,10490000,5068,8446,10500000,5368
1,105,1050000,1050000,5068,8446,1060000,537
1,1050,10500000,10500000,5068,8446,10510000,5377
1,1051,10510000,10510000,5068,8446,10520000,5381
1,1052,10520000,10520000,5068,8446,10530000,5385
1,1053,10530000,10530000,5068,8446,10540000,5390
1,1054,10540000,10540000,5068,8446,10550000,5397
1,1055,10550000,10550000,5068,8446,10560000,5399
1,1056,10560000,10560000,5068,8446,10570000,5408
1,1057,10570000,10570000,5068,8446,10580000,5412
1,1058,10580000,10580000,5068,8446,10590000,5416
1,1059,10590000,10590000,5068,8446,10600000,5421
1,106,1060000,1060000,5068,8446,1070000,543
1,1060,10600000,10600000,5068,8446,10610000,5427
1,1061,10610000,10610000,5068,8446,10620000,5430
1,1062,10620000,10620000,5068,8446,10630000,5438
1,1063,10630000,10630000,5068,8446,10640000,5442
1,1064,10640000,10640000,5068,8446,10650000,5447
1,1065,10650000,10650000,5068,8446,10660000,5452
1,1066,10660000,10660000,5068,8446,10670000,5458
1,1067,10670000,10670000,5068,8446,10680000,5461
1,1068,10680000,10680000,5068,8446,10690000,5469
1,1069,10690000,10690000,5068,8446,10700000,5473
1,107,1070000,1070000,5068,8446,1080000,545
1,1070,10700000,10700000,5068,8446,10710000,5477
1,1071,10710000,10710000,5068,8446,10720000,5482
1,1072,10720000,10720000,5068,8446,10730000,5489
1,1073,10730000,10730000,5068,8446,10740000,5492
1,1074,10740000,10740000,5068,8446,10750000,5500
1,1075,10750000,10750000,5068,8446,10760000,5504
1,1076,10760000,10760000,5068,8446,10770000,5508
1,1077,10770000,10770000,5068,8446,10780000,5513
1,1078,10780000,10780000,5068,8446,10790000,5520
1,1079,10790000,10790000,5068,8446,10800000,5522
1,108,1080000,1080000,5068,8446,1090000,553
1,1080,10800000,10800000,5068,8446,10810000,5530
1,1081,10810000,10810000,5068,8446,10820000,5534
1,1082,10820000,10820000,5068,8446,10830000,5538
1,1083,10830000,10830000,5068,8446,10840000,5545
1,1084,10840000,10840000,5068,8446,10850000,5551
1,1085,10850000,10850000,5068,8446,10860000,5553
1,1086,10860000,10860000,5068,8446,10870000,5561
1,1087,10870000,10870000,5068,8446,10880000,5565
1,1088,10880000,10880000,5068,8446,10890000,5569
1,1089,10890000,10890000,5068,8446,10900000,5575
1,109,1090000,1090000,5068,8446,1100000,557
1,1090,10900000,10900000,5068,8446,10910000,5581
1,1091,10910000,10910000,5068,8446,10920000,5583
1,1092,10920000,10920000,5068,8446,10930000,5592
1,1093,10930000,10930000,5068,8446,10940000,5596
1,1094,10940000,10940000,5068,8446,10950000,5601
1,1095,10950000,10950000,5068,8446,10960000,5606
1,1096,10960000,10960000,5068,8446,10970000,5612
1,1097,10970000,10970000,5068,8446,10980000,5614
1,1098,10980000,10980000,5068,8446,10990000,5622
1,1099,10990000,10990000,5068,8446,11000000,5626
1,11,110000,110000,5068,8446,120000,54
1,110,1100000,1100000,5068,8446,1110000,562
1,1100,11000000,11000000,5068,8446,11010000,5631
1,1101,11010000,11010000,5068,8446,11020000,5636
1,1102,11020000,11020000,5068,8446,11030000,5643
1,1103,11030000,11030000,5068,8446,11040000,5645
1,1104,11040000,11040000,5068,8446,11050000,5653
1,1105,11050000,11050000,5068,8446,11060000,5658
1,1106,11060000,11060000,5068,8446,11070000,5662
1,1107,11070000,11070000,5068,8446,11080000,5667
1,1108,11080000,11080000,5068,8446,11090000,5673
1,1109,11090000,11090000,5068,8446,11100000,5675
1,111,1110000,1110000,5068,8446,1120000,567
1,1110,11100000,11100000,5068,8446,11110000,5683
1,1111,11110000,11110000,5068,8446,11120000,5689
1,1112,11120000,11120000,5068,8446,11130000,5693
1,1113,11130000,11130000,5068,8446,11140000,5698
1,1114,11140000,11140000,5068,8446,11150000,5704
1,1115,11150000,11150000,5068,8446,11160000,5706
1,1116,11160000,11160000,5068,8446,11170000,5715
1,1117,11170000,11170000,5068,8446,11180000,5719
1,1118,11180000,11180000,5068,8446,11190000,5723
1,1119,11190000,11190000,5068,8446,11200000,5728
1,112,1120000,1120000,5068,8446,1130000,573
1,1120,11200000,11200000,5068,8446,11210000,5734
1,1121,11210000,11210000,5068,8446,11220000,5737
1,1122,11220000,11220000,5068,8446,11230000,5746
1,1123,11230000,11230000,5068,8446,11240000,5750
1,1124,11240000,11240000,5068,8446,11250000,5754
1,1125,11250000,11250000,5068,8446,11260000,5759
1,1126,11260000,11260000,5068,8446,11270000,5765
1,1127,11270000,11270000,5068,8446,11280000,5768
1,1128,11280000,11280000,5068,8446,11290000,5776
1,1129,11290000,11290000,5068,8446,11300000,5780
1,113,1130000,1130000,5068,8446,1140000,575
1,1130,11300000,11300000,5068,8446,11310000,5785
1,1131,11310000,11310000,5068,8446,11320000,5790
1,1132,11320000,11320000,5068,8446,11330000,5796
1,1133,11330000,11330000,5068,8446,11340000,5799
1,1134,11340000,11340000,5068,8446,11350000,5807
1,1135,11350000,11350000,5068,8446,11360000,5811
1,1136,11360000,11360000,5068,8446,11370000,5815
1,1137,11370000,11370000,5068,8446,11380000,5820
1,1138,11380000,11380000,5068,8446,11390000,5827
1,1139,11390000,11390000,5068,8446,11400000,5829
1,114,1140000,1140000,5068,8446,1150000,584
1,1140,11400000,11400000,5068,8446,11410000,5838
1,1141,11410000,11410000,5068,8446,11420000,5842
1,1142,11420000,11420000,5068,8446,11430000,5846
1,1143,11430000,11430000,5068,8446,11440000,5851
1,1144,11440000,11440000,5068,8446,11450000,5858
1,1145,11450000,11450000,5068,8446,11460000,5860
1,1146,11460000,11460000,5068,8446,11470000,5868
1,1147,11470000,11470000,5068,8446,11480000,5872
1,1148,11480000,11480000,5068,8446,11490000,5876
1,1149,11490000,11490000,5068,8446,11500000,5883
1,115,1150000,1150000,5068,8446,1160000,589
1,1150,11500000,11500000,5068,8446,11510000,5889
1,1151,11510000,11510000,5068,8446,11520000,5891
1,1152,11520000,11520000,5068,8446,11530000,5899
1,1153,11530000,11530000,5068,8446,11540000,5903
1,1154,11540000,11540000,5068,8446,11550000,5907
1,1155,11550000,11550000,5068,8446,11560000,5913
1,1156,11560000,11560000,5068,8446,11570000,5919
1,1157,11570000,11570000,5068,8446,11580000,5921
1,1158,11580000,11580000,5068,8446,11590000,5929
1,1159,11590000,11590000,5068,8446,11600000,5934
1,116,1160000,1160000,5068,8446,1170000,593
1,1160,11600000,11600000,5068,8446,11610000,5939
1,1161,11610000,11610000,5068,8446,11620000,5944
1,1162,11620000,11620000,5068,8446,11630000,5950
1,1163,11630000,11630000,5068,8446,11640000,5952
1,1164,11640000,11640000,5068,8446,11650000,5960
1,1165,11650000,11650000,5068,8446,11660000,5964
1,1166,11660000,11660000,5068,8446,11670000,5969
1,1167,11670000,11670000,5068,8446,11680000,5974
1,1168,11680000,11680000,5068,8446,11690000,5981
1,1169,11690000,11690000,5068,8446,11700000,5983
1,117,1170000,1170000,5068,8446,1180000,598
1,1170,11700000,11700000,5068,8446,11710000,5991
1,1171,11710000,11710000,5068,8446,11720000,5996
1,1172,11720000,11720000,5068,8446,11730000,6000
1,1173,11730000,11730000,5068,8446,11740000,6005
1,1174,11740000,11740000,5068,8446,11750000,6011
1,1175,11750000,11750000,5068,8446,11760000,6013
1,1176,11760000,11760000,5068,8446,11770000,6021
1,1177,11770000,11770000,5068,8446,11780000,6026
1,1178,11780000,11780000,5068,8446,11790000,6031
1,1179,11790000,11790000,5068,8446,11800000,6036
1,118,1180000,1180000,5068,8446,1190000,604
1,1180,11800000,11800000,5068,8446,11810000,6042
1,1181,11810000,11810000,5068,8446,11820000,6044
1,1182,11820000,11820000,5068,8446,11830000,6053
1,1183,11830000,11830000,5068,8446,11840000,6057
1,1184,11840000,11840000,5068,8446,11850000,6061
1,1185,11850000,11850000,5068,8446,11860000,6066
1,1186,11860000,11860000,5068,8446,11870000,6072
1,1187,11870000,11870000,5068,8446,11880000,6075
1,1188,11880000,11880000,5068,8446,11890000,6084
1,1189,11890000,11890000,5068,8446,11900000,6088
1,119,1190000,1190000,5068,8446,1200000,606
1,1190,11900000,11900000,5068,8446,11910000,6092
1,1191,11910000,11910000,5068,8446,11920000,6097
1,1192,11920000,11920000,5068,8446,11930000,6103
1,1193,11930000,11930000,5068,8446,11940000,6106
1,1194,11940000,11940000,5068,8446,11950000,6114
1,1195,11950000,11950000,5068,8446,11960000,6118
1,1196,11960000,11960000,5068,8446,11970000,6122
1,1197,11970000,11970000,5068,8446,11980000,6128
1,1198,11980000,11980000,5068,8446,11990000,6134
1,1199,11990000,11990000,5068,8446,12000000,6137
1,12,120000,120000,5068,8446,130000,62
1,120,1200000,1200000,5068,8446,1210000,614
1,1200,12000000,12000000,5068,8446,12010000,6145
1,1201,12010000,12010000,5068,8446,12020000,6149
1,1202,12020000,12020000,5068,8446,12030000,6153
1,1203,12030000,12030000,5068,8446,12040000,6158
1,1204,12040000,12040000,5068,8446,12050000,6165
1,1205,12050000,12050000,5068,8446,12060000,6167
1,1206,12060000,12060000,5068,8446,12070000,6176
1,1207,12070000,12070000,5068,8446,12080000,6180
1,1208,12080000,12080000,5068,8446,12090000,6184
1,1209,12090000,12090000,5068,8446,12100000,6189
1,121,1210000,1210000,5068,8446,1220000,619
1,1210,12100000,12100000,5068,8446,12110000,6196
1,1211,12110000,12110000,5068,8446,12120000,6198
1,1212,12120000,12120000,5068,8446,12130000,6206
1,1213,12130000,12130000,5068,8446,12140000,6210
1,1214,12140000,12140000,5068,8446,12150000,6214
1,1215,12150000,12150000,5068,8446,12160000,6220
1,1216,12160000,12160000,5068,8446,12170000,6227
1,1217,12170000,12170000,5068,8446,12180000,6229
1,1218,12180000,12180000,5068,8446,12190000,6237
1,1219,12190000,12190000,5068,8446,12200000,6241
1,122,1220000,1220000,5068,8446,1230000,623
1,1220,12200000,12200000,5068,8446,12210000,6245
1,1221,12210000,12210000,5068,8446,12220000,6251
1,1222,12220000,12220000,5068,8446,12230000,6257
1,1223,12230000,12230000,5068,8446,12240000,6259
1,1224,12240000,12240000,5068,8446,12250000,6267
1,1225,12250000,12250000,5068,8446,12260000,6272
1,1226,12260000,12260000,5068,8446,12270000,6277
1,1227,12270000,12270000,5068,8446,12280000,6282
1,1228,12280000,12280000,5068,8446,12290000,6288
1,1229,12290000,12290000,5068,8446,12300000,6290
1,123,1230000,1230000,5068,8446,1240000,629
1,1230,12300000,12300000,5068,8446,12310000,6298
1,1231,12310000,12310000,5068,8446,12320000,6302
1,1232,12320000,12320000,5068,8446,12330000,6307
1,1233,12330000,12330000,5068,8446,12340000,6312
1,1234,12340000,12340000,5068,8446,12350000,6318
1,1235,12350000,12350000,5068,8446,12360000,6321
1,1236,12360000,12360000,5068,8446,12370000,6329
1,1237,12370000,12370000,5068,8446,12380000,6334
1,1238,12380000,12380000,5068,8446,12390000,6338
1,1239,12390000,12390000,5068,8446,12400000,6343
1,124,1240000,1240000,5068,8446,1250000,635
1,1240,12400000,12400000,5068,8446,12410000,6349
1,1241,12410000,12410000,5068,8446,12420000,6351
1,1242,12420000,12420000,5068,8446,12430000,6359
1,1243,12430000,12430000,5068,8446,12440000,6364
1,1244,12440000,12440000,5068,8446,12450000,6369
1,1245,12450000,12450000,5068,8446,12460000,6374
1,1246,12460000,12460000,5068,8446,12470000,6380
1,1247,12470000,12470000,5068,8446,12480000,6382
1,1248,12480000,12480000,5068,8446,12490000,6391
1,1249,12490000,12490000,5068,8446,12500000,6395
1,125,1250000,1250000,5068,8446,1260000,637
1,1250,12500000,12500000,5068,8446,12510000,6399
1,1251,12510000,12510000,5068,8446,12520000,6404
1,1252,12520000,12520000,5068,8446,12530000,6410
1,1253,12530000,12530000,5068,8446,12540000,6412
1,126,1260000,1260000,5068,8446,1270000,646
1,127,1270000,1270000,5068,8446,1280000,650
1,128,1280000,1280000,5068,8446,1290000,654
1,129,1290000,1290000,5068,8446,1300000,659
1,13,130000,130000,5068,8446,140000,66
1,130,1300000,1300000,5068,8446,1310000,665
1,131,1310000,1310000,5068,8446,1320000,667
1,132,1320000,1320000,5068,8446,1330000,676
1,133,1330000,1330000,5068,8446,1340000,681
1,134,1340000,1340000,5068,8446,1350000,685
1,135,1350000,1350000,5068,8446,1360000,690
1,136,1360000,1360000,5068,8446,1370000,696
1,137,1370000,1370000,5068,8446,1380000,699
1,138,1380000,1380000,5068,8446,1390000,707
1,139,1390000,1390000,5068,8446,1400000,711
1,14,140000,140000,5068,8446,150000,70
1,140,1400000,1400000,5068,8446,1410000,715
1,141,1410000,1410000,5068,8446,1420000,720
1,142,1420000,1420000,5068,8446,1430000,727
1,143,1430000,1430000,5068,8446,1440000,730
1,144,1440000,1440000,5068,8446,1450000,738
1,145,1450000,1450000,5068,8446,1460000,742
1,146,1460000,1460000,5068,8446,1470000,746
1,147,1470000,1470000,5068,8446,1480000,751
1,148,1480000,1480000,5068,8446,1490000,758
1,149,1490000,1490000,5068,8446,1500000,760
1,15,150000,150000,5068,8446,160000,75
1,150,1500000,1500000,5068,8446,1510000,768
1,151,1510000,1510000,5068,8446,1520000,772
1,152,1520000,1520000,5068,8446,1530000,777
1,153,1530000,1530000,5068,8446,1540000,782
1,154,1540000,1540000,5068,8446,1550000,789
1,155,1550000,1550000,5068,8446,1560000,791
1,156,1560000,1560000,5068,8446,1570000,799
1,157,1570000,1570000,5068,8446,1580000,803
1,158,1580000,1580000,5068,8446,1590000,807
1,159,1590000,1590000,5068,8446,1600000,813
1,16,160000,160000,5068,8446,170000,82
1,160,1600000,1600000,5068,8446,1610000,819
1,161,1610000,1610000,5068,8446,1620000,822
1,162,1620000,1620000,5068,8446,1630000,830
1,163,1630000,1630000,5068,8446,1640000,834
1,164,1640000,1640000,5068,8446,1650000,838
1,165,1650000,1650000,5068,8446,1660000,844
1,166,1660000,1660000,5068,8446,1670000,850
1,167,1670000,1670000,5068,8446,1680000,852
1,168,1680000,1680000,5068,8446,1690000,860
1,169,1690000,1690000,5068,8446,1700000,864
1,17,170000,170000,5068,8446,180000,84
1,170,1700000,1700000,5068,8446,1710000,869
1,171,1710000,1710000,5068,8446,1720000,875
1,172,1720000,1720000,5068,8446,1730000,881
1,173,1730000,1730000,5068,8446,1740000,883
1,174,1740000,1740000,5068,8446,1750000,891
1,175,1750000,1750000,5068,8446,1760000,895
1,176,1760000,1760000,5068,8446,1770000,900
1,177,1770000,1770000,5068,8446,1780000,905
1,178,1780000,1780000,5068,8446,1790000,911
1,179,1790000,1790000,5068,8446,1800000,913
1,18,180000,180000,5068,8446,190000,92
1,180,1800000,1800000,5068,8446,1810000,922
1,181,1810000,1810000,5068,8446,1820000,927
1,182,1820000,1820000,5068,8446,1830000,931
1,183,1830000,1830000,5068,8446,1840000,936
1,184,1840000,1840000,5068,8446,1850000,942
1,185,1850000,1850000,5068,8446,1860000,944
1,186,1860000,1860000,5068,8446,1870000,952
1,187,1870000,1870000,5068,8446,1880000,957
1,188,1880000,1880000,5068,8446,1890000,961
1,189,1890000,1890000,5068,8446,1900000,966
1,19,190000,190000,5068,8446,200000,97
1,190,1900000,1900000,5068,8446,1910000,973
1,191,1910000,1910000,5068,8446,1920000,975
1,192,1920000,1920000,5068,8446,1930000,984
1,193,1930000,1930000,5068,8446,1940000,988
1,194,1940000,1940000,5068,8446,1950000,992
1,195,1950000,1950000,5068,8446,1960000,997
1,196,1960000,1960000,5068,8446,1970000,1003
1,197,1970000,1970000,5068,8446,1980000,1005
1,198,1980000,1980000,5068,8446,1990000,1014
1,199,1990000,1990000,5068,8446,2000000,1019
1,2,20000,20000,5068,8446,30000,9
1,20,200000,200000,5068,8446,210000,101
1,200,2000000,2000000,5068,8446,2010000,1023
1,201,2010000,2010000,5068,8446,2020000,1028
1,202,2020000,2020000,5068,8446,2030000,1034
1,203,2030000,2030000,5068,8446,2040000,1037
1,204,2040000,2040000,5068,8446,2050000,1045
1,205,2050000,2050000,5068,8446,2060000,1049
1,206,2060000,2060000,5068,8446,2070000,1053
1,207,2070000,2070000,5068,8446,2080000,1058
1,208,2080000,2080000,5068,8446,2090000,1064
1,209,2090000,2090000,5068,8446,2100000,1068
1,21,210000,210000,5068,8446,220000,106
1,210,2100000,2100000,5068,8446,2110000,1076
1,211,2110000,2110000,5068,8446,2120000,1080
1,212,2120000,2120000,5068,8446,2130000,1084
1,213,2130000,2130000,5068,8446,2140000,1089
1,214,2140000,2140000,5068,8446,2150000,1096
1,215,2150000,2150000,5068,8446,2160000,1098
1,216,2160000,2160000,5068,8446,2170000,1106
1,217,2170000,2170000,5068,8446,2180000,1110
1,218,2180000,2180000,5068,8446,2190000,1115
1,219,2190000,2190000,5068,8446,2200000,1120
1,22,220000,220000,5068,8446,230000,113
1,220,2200000,2200000,5068,8446,2210000,1127
1,221,2210000,2210000,5068,8446,2220000,1129
1,222,2220000,2220000,5068,8446,2230000,1137
1,223,2230000,2230000,5068,8446,2240000,1141
1,224,2240000,2240000,5068,8446,2250000,1145
1,225,2250000,2250000,5068,8446,2260000,1151
1,226,2260000,2260000,5068,8446,2270000,1157
1,227,2270000,2270000,5068,8446,2280000,1159
1,228,2280000,2280000,5068,8446,2290000,1168
1,229,2290000,2290000,5068,8446,2300000,1172
1,23,230000,230000,5068,8446,240000,115
1,230,2300000,2300000,5068,8446,2310000,1176
1,231,2310000,2310000,5068,8446,2320000,1182
1,232,2320000,2320000,5068,8446,2330000,1188
1,233,2330000,2330000,5068,8446,2340000,1190
1,234,2340000,2340000,5068,8446,2350000,1198
1,235,2350000,2350000,5068,8446,2360000,1202
1,236,2360000,2360000,5068,8446,2370000,1207
1,237,2370000,2370000,5068,8446,2380000,1213
1,238,2380000,2380000,5068,8446,2390000,1219
1,239,2390000,2390000,5068,8446,2400000,1221
1,24,240000,240000,5068,8446,250000,123
1,240,2400000,2400000,5068,8446,2410000,1229
1,241,2410000,2410000,5068,8446,2420000,1233
1,242,2420000,2420000,5068,8446,2430000,1238
1,243,2430000,2430000,5068,8446,2440000,1243
1,244,2440000,2440000,5068,8446,2450000,1249
1,245,2450000,2450000,5068,8446,2460000,1251
1,246,2460000,2460000,5068,8446,2470000,1259
1,247,2470000,2470000,5068,8446,2480000,1265
1,248,2480000,2480000,5068,8446,2490000,1269
1,249,2490000,2490000,5068,8446,2500000,1274
1,25,250000,250000,5068,8446,260000,127
1,250,2500000,2500000,5068,8446,2510000,1280
1,251,2510000,2510000,5068,8446,2520000,1282
1,252,2520000,2520000,5068,8446,2530000,1290
1,253,2530000,2530000,5068,8446,2540000,1295
1,254,2540000,2540000,5068,8446,2550000,1299
1,255,2550000,2550000,5068,8446,2560000,1304
1,256,2560000,2560000,5068,8446,2570000,1311
1,257,2570000,2570000,5068,8446,2580000,1313
1,258,2580000,2580000,5068,8446,2590000,1322
1,259,2590000,2590000,5068,8446,2600000,1326
1,26,260000,260000,5068,8446,270000,131
1,260,2600000,2600000,5068,8446,2610000,1330
1,261,2610000,2610000,5068,8446,2620000,1335
1,262,2620000,2620000,5068,8446,2630000,1341
1,263,2630000,2630000,5068,8446,2640000,1343
1,264,2640000,2640000,5068,8446,2650000,1352
1,265,2650000,2650000,5068,8446,2660000,1356
1,266,2660000,2660000,5068,8446,2670000,1361
1,267,2670000,2670000,5068,8446,2680000,1366
1,268,2680000,2680000,5068,8446,2690000,1372
1,269,2690000,2690000,5068,8446,2700000,1375
1,27,270000,270000,5068,8446,280000,137
1,270,2700000,2700000,5068,8446,2710000,1383
1,271,2710000,2710000,5068,8446,2720000,1387
1,272,2720000,2720000,5068,8446,2730000,1391
1,273,2730000,2730000,5068,8446,2740000,1396
1,274,2740000,2740000,5068,8446,2750000,1402
1,275,2750000,2750000,5068,8446,2760000,1406
1,276,2760000,2760000,5068,8446,2770000,1414
1,277,2770000,2770000,5068,8446,2780000,1418
1,278,2780000,2780000,5068,8446,2790000,1422
1,279,2790000,2790000,5068,8446,2800000,1427
1,28,280000,280000,5068,8446,290000,144
1,280,2800000,2800000,5068,8446,2810000,1434
1,281,2810000,2810000,5068,8446,2820000,1436
1,282,2820000,2820000,5068,8446,2830000,1444
1,283,2830000,2830000,5068,8446,2840000,1448
1,284,2840000,2840000,5068,8446,2850000,1452
1,285,2850000,2850000,5068,8446,2860000,1458
1,286,2860000,2860000,5068,8446,2870000,1465
1,287,2870000,2870000,5068,8446,2880000,1467
1,288,2880000,2880000,5068,8446,2890000,1475
1,289,2890000,2890000,5068,8446,2900000,1479
1,29,290000,290000,5068,8446,300000,146
1,290,2900000,2900000,5068,8446,2910000,1483
1,291,2910000,2910000,5068,8446,2920000,1489
1,292,2920000,2920000,5068,8446,2930000,1495
1,293,2930000,2930000,5068,8446,2940000,1497
1,294,2940000,2940000,5068,8446,2950000,1506
1,295,2950000,2950000,5068,8446,2960000,1510
1,296,2960000,2960000,5068,8446,2970000,1514
1,297,2970000,2970000,5068,8446,2980000,1520
1,298,2980000,2980000,5068,8446,2990000,1526
1,299,2990000,2990000,5068,8446,3000000,1528
1,3,30000,30000,5068,8446,40000,14
1,30,300000,300000,5068,8446,310000,154
1,300,3000000,3000000,5068,8446,3010000,1536
1,301,3010000,3010000,5068,8446,3020000,1540
1,302,3020000,3020000,5068,8446,3030000,1545
1,303,3030000,3030000,5068,8446,3040000,1550
1,304,3040000,3040000,5068,8446,3050000,1557
1,305,3050000,3050000,5068,8446,3060000,1559
1,306,3060000,3060000,5068,8446,3070000,1567
1,307,3070000,3070000,5068,8446,3080000,1571
1,308,3080000,3080000,5068,8446,3090000,1576
1,309,3090000,3090000,5068,8446,3100000,1581
1,31,310000,310000,5068,8446,320000,158
1,310,3100000,3100000,5068,8446,3110000,1587
1,311,3110000,3110000,5068,8446,3120000,1589
1,312,3120000,3120000,5068,8446,3130000,1597
1,313,3130000,3130000,5068,8446,3140000,1603
1,314,3140000,3140000,5068,8446,3150000,1607
1,315,3150000,3150000,5068,8446,3160000,1612
1,316,3160000,3160000,5068,8446,3170000,1618
1,317,3170000,3170000,5068,8446,3180000,1620
1,318,3180000,3180000,5068,8446,3190000,1628
1,319,3190000,3190000,5068,8446,3200000,1633
1,32,320000,320000,5068,8446,330000,162
1,320,3200000,3200000,5068,8446,3210000,1637
1,321,3210000,3210000,5068,8446,3220000,1642
1,322,3220000,3220000,5068,8446,3230000,1648
1,323,3230000,3230000,5068,8446,3240000,1651
1,324,3240000,3240000,5068,8446,3250000,1660
1,325,3250000,3250000,5068,8446,3260000,1664
1,326,3260000,3260000,5068,8446,3270000,1668
1,327,3270000,3270000,5068,8446,3280000,1673
1,328,3280000,3280000,5068,8446,3290000,1679
1,329,3290000,3290000,5068,8446,3300000,1681
1,33,330000,330000,5068,8446,340000,168
1,330,3300000,3300000,5068,8446,3310000,1690
1,331,3310000,3310000,5068,8446,3320000,1694
1,332,3320000,3320000,5068,8446,3330000,1699
1,333,3330000,3330000,5068,8446,3340000,1704
1,334,3340000,3340000,5068,8446,3350000,1710
1,335,3350000,3350000,5068,8446,3360000,1713
1,336,3360000,3360000,5068,8446,3370000,1721
1,337,3370000,3370000,5068,8446,3380000,1725
1,338,3380000,3380000,5068,8446,3390000,1729
1,339,3390000,3390000,5068,8446,3400000,1734
1,34,340000,340000,5068,8446,350000,174
1,340,3400000,3400000,5068,8446,3410000,1740
1,341,3410000,3410000,5068,8446,3420000,1743
1,342,3420000,3420000,5068,8446,3430000,1752
1,343,3430000,3430000,5068,8446,3440000,1756
1,344,3440000,3440000,5068,8446,3450000,1760
1,345,3450000,3450000,5068,8446,3460000,1765
1,346,3460000,3460000,5068,8446,3470000,1772
1,347,3470000,3470000,5068,8446,3480000,1774
1,348,3480000,3480000,5068,8446,3490000,1782
1,349,3490000,3490000,5068,8446,3500000,1786
1,35,350000,350000,5068,8446,360000,176
1,350,3500000,3500000,5068,8446,3510000,1790
1,351,3510000,3510000,5068,8446,3520000,1796
1,352,3520000,3520000,5068,8446,3530000,1803
1,353,3530000,3530000,5068,8446,3540000,1805
1,354,3540000,3540000,5068,8446,3550000,1813
1,355,3550000,3550000,5068,8446,3560000,1817
1,356,3560000,3560000,5068,8446,3570000,1821
1,357,3570000,3570000,5068,8446,3580000,1827
1,358,3580000,3580000,5068,8446,3590000,1833
1,359,3590000,3590000,5068,8446,3600000,1835
1,36,360000,360000,5068,8446,370000,184
1,360,3600000,3600000,5068,8446,3610000,1843
1,361,3610000,3610000,5068,8446,3620000,1848
1,362,3620000,3620000,5068,8446,3630000,1852
1,363,3630000,3630000,5068,8446,3640000,1858
1,364,3640000,3640000,5068,8446,3650000,1864
1,365,3650000,3650000,5068,8446,3660000,1866
1,366,3660000,3660000,5068,8446,3670000,1874
1,367,3670000,3670000,5068,8446,3680000,1878
1,368,3680000,3680000,5068,8446,3690000,1883
1,369,3690000,3690000,5068,8446,3700000,1888
1,37,370000,370000,5068,8446,380000,188
1,370,3700000,3700000,5068,8446,3710000,1895
1,371,3710000,3710000,5068,8446,3720000,1897
1,372,3720000,3720000,5068,8446,3730000,1905
1,373,3730000,3730000,5068,8446,3740000,1909
1,374,3740000,3740000,5068,8446,3750000,1914
1,375,3750000,3750000,5068,8446,3760000,1919
1,376,3760000,3760000,5068,8446,3770000,1925
1,377,3770000,3770000,5068,8446,3780000,1927
1,378,3780000,3780000,5068,8446,3790000,1935
1,379,3790000,3790000,5068,8446,3800000,1940
1,38,380000,380000,5068,8446,390000,194
1,380,3800000,3800000,5068,8446,3810000,1945
1,381,3810000,3810000,5068,8446,3820000,1950
1,382,3820000,3820000,5068,8446,3830000,1956
1,383,3830000,3830000,5068,8446,3840000,1958
1,384,3840000,3840000,5068,8446,3850000,1966
1,385,3850000,3850000,5068,8446,3860000,1971
1,386,3860000,3860000,5068,8446,3870000,1975
1,387,3870000,3870000,5068,8446,3880000,1980
1,388,3880000,3880000,5068,8446,3890000,1986
1,389,3890000,3890000,5068,8446,3900000,1989
1,39,390000,390000,5068,8446,400000,199
1,390,3900000,3900000,5068,8446,3910000,1998
1,391,3910000,3910000,5068,8446,3920000,2002
1,392,3920000,3920000,5068,8446,3930000,2006
1,393,3930000,3930000,5068,8446,3940000,2011
1,394,3940000,3940000,5068,8446,3950000,2017
1,395,3950000,3950000,5068,8446,3960000,2019
1,396,3960000,3960000,5068,8446,3970000,2028
1,397,3970000,3970000,5068,8446,3980000,2032
1,398,3980000,3980000,5068,8446,3990000,2036
1,399,3990000,3990000,5068,8446,4000000,2042
1,4,40000,40000,5068,8446,50000,20
1,40,400000,400000,5068,8446,410000,205
1,400,4000000,4000000,5068,8446,4010000,2048
1,401,4010000,4010000,5068,8446,4020000,2051
1,402,4020000,4020000,5068,8446,4030000,2059
1,403,4030000,4030000,5068,8446,4040000,2063
1,404,4040000,4040000,5068,8446,4050000,2067
1,405,4050000,4050000,5068,8446,4060000,2072
1,406,4060000,4060000,5068,8446,4070000,2078
1,407,4070000,4070000,5068,8446,4080000,2081
1,408,4080000,4080000,5068,8446,4090000,2090
1,409,4090000,4090000,5068,8446,4100000,2094
1,41,410000,410000,5068,8446,420000,207
1,410,4100000,4100000,5068,8446,4110000,2098
1,411,4110000,4110000,5068,8446,4120000,2103
1,412,4120000,4120000,5068,8446,4130000,2110
1,413,4130000,4130000,5068,8446,4140000,2112
1,414,4140000,4140000,5068,8446,4150000,2120
1,415,4150000,4150000,5068,8446,4160000,2124
1,416,4160000,4160000,5068,8446,4170000,2128
1,417,4170000,4170000,5068,8446,4180000,2133
1,418,4180000,4180000,5068,8446,4190000,2141
1,419,4190000,4190000,5068,8446,4200000,2143
1,42,420000,420000,5068,8446,430000,215
1,420,4200000,4200000,5068,8446,4210000,2151
1,421,4210000,4210000,5068,8446,4220000,2155
1,422,4220000,4220000,5068,8446,4230000,2159
1,423,4230000,4230000,5068,8446,4240000,2165
1,424,4240000,4240000,5068,8446,4250000,2171
1,425,4250000,4250000,5068,8446,4260000,2173
1,426,4260000,4260000,5068,8446,4270000,2181
1,427,4270000,4270000,5068,8446,4280000,2186
1,428,4280000,4280000,5068,8446,4290000,2190
1,429,4290000,4290000,5068,8446,4300000,2196
1,43,430000,430000,5068,8446,440000,219
1,430,4300000,4300000,5068,8446,4310000,2202
1,431,4310000,4310000,5068,8446,4320000,2204
1,432,4320000,4320000,5068,8446,4330000,2212
1,433,4330000,4330000,5068,8446,4340000,2216
1,434,4340000,4340000,5068,8446,4350000,2221
1,435,4350000,4350000,5068,8446,4360000,2226
1,436,4360000,4360000,5068,8446,4370000,2232
1,437,4370000,4370000,5068,8446,4380000,2235
1,438,4380000,4380000,5068,8446,4390000,2243
1,439,4390000,4390000,5068,8446,4400000,2247
1,44,440000,440000,5068,8446,450000,224
1,440,4400000,4400000,5068,8446,4410000,2252
1,441,4410000,4410000,5068,8446,4420000,2257
1,442,4420000,4420000,5068,8446,4430000,2263
1,443,4430000,4430000,5068,8446,4440000,2265
1,444,4440000,4440000,5068,8446,4450000,2273
1,445,4450000,4450000,5068,8446,4460000,2278
1,446,4460000,4460000,5068,8446,4470000,2283
1,447,4470000,4470000,5068,8446,4480000,2288
1,448,4480000,4480000,5068,8446,4490000,2294
1,449,4490000,4490000,5068,8446,4500000,2296
1,45,450000,450000,5068,8446,460000,229
1,450,4500000,4500000,5068,8446,4510000,2304
1,451,4510000,4510000,5068,8446,4520000,2309
1,452,4520000,4520000,5068,8446,4530000,2313
1,453,4530000,4530000,5068,8446,4540000,2318
1,454,4540000,4540000,5068,8446,4550000,2324
1,455,4550000,4550000,5068,8446,4560000,2326
1,456,4560000,4560000,5068,8446,4570000,2336
1,457,4570000,4570000,5068,8446,4580000,2340
1,458,4580000,4580000,5068,8446,4590000,2344
1,459,4590000,4590000,5068,8446,4600000,2349
1,46,460000,460000,5068,8446,470000,235
1,460,4600000,4600000,5068,8446,4610000,2355
1,461,4610000,4610000,5068,8446,4620000,2357
1,462,4620000,4620000,5068,8446,4630000,2366
1,463,4630000,4630000,5068,8446,4640000,2370
1,464,4640000,4640000,5068,8446,4650000,2374
1,465,4650000,4650000,5068,8446,4660000,2380
1,466,4660000,4660000,5068,8446,4670000,2386
1,467,4670000,4670000,5068,8446,4680000,2389
1,468,4680000,4680000,5068,8446,4690000,2397
1,469,4690000,4690000,5068,8446,4700000,2401
1,47,470000,470000,5068,8446,480000,238
1,470,4700000,4700000,5068,8446,4710000,2405
1,471,4710000,4710000,5068,8446,4720000,2410
1,472,4720000,4720000,5068,8446,4730000,2416
1,473,4730000,4730000,5068,8446,4740000,2419
1,474,4740000,4740000,5068,8446,4750000,2427
1,475,4750000,4750000,5068,8446,4760000,2432
1,476,4760000,4760000,5068,8446,4770000,2436
1,477,4770000,4770000,5068,8446,4780000,2441
1,478,4780000,4780000,5068,8446,4790000,2448
1,479,4790000,4790000,5068,8446,4800000,2450
1,48,480000,480000,5068,8446,490000,246
1,480,4800000,4800000,5068,8446,4810000,2458
1,481,4810000,4810000,5068,8446,4820000,2462
1,482,4820000,4820000,5068,8446,4830000,2466
1,483,4830000,4830000,5068,8446,4840000,2471
1,484,4840000,4840000,5068,8446,4850000,2479
1,485,4850000,4850000,5068,8446,4860000,2481
1,486,4860000,4860000,5068,8446,4870000,2489
1,487,4870000,4870000,5068,8446,4880000,2493
1,488,4880000,4880000,5068,8446,4890000,2497
1,489,4890000,4890000,5068,8446,4900000,2503
1,49,490000,490000,5068,8446,500000,251
1,490,4900000,4900000,5068,8446,4910000,2509
1,491,4910000,4910000,5068,8446,4920000,2511
1,492,4920000,4920000,5068,8446,4930000,2519
1,493,4930000,4930000,5068,8446,4940000,2523
1,494,4940000,4940000,5068,8446,4950000,2528
1,495,4950000,4950000,5068,8446,4960000,2534
1,496,4960000,4960000,5068,8446,4970000,2540
1,497,4970000,4970000,5068,8446,4980000,2542
1,498,4980000,4980000,5068,8446,4990000,2550
1,499,4990000,4990000,5068,8446,5000000,2554
1,5,50000,50000,5068,8446,60000,23
1,50,500000,500000,5068,8446,510000,255
1,500,5000000,5000000,5068,8446,5010000,2559
1,501,5010000,5010000,5068,8446,5020000,2564
1,502,5020000,5020000,5068,8446,5030000,2570
1,503,5030000,5030000,5068,8446,5040000,2573
1,504,5040000,5040000,5068,8446,5050000,2581
1,505,5050000,5050000,5068,8446,5060000,2585
1,506,5060000,5060000,5068,8446,5070000,2590
1,507,5070000,5070000,5068,8446,5080000,2595
1,508,5080000,5080000,5068,8446,5090000,2601
1,509,5090000,5090000,5068,8446,5100000,2603
1,51,510000,510000,5068,8446,520000,260
1,510,5100000,5100000,5068,8446,5110000,2611
1,511,5110000,5110000,5068,8446,5120000,2616
1,512,5120000,5120000,5068,8446,5130000,2620
1,513,5130000,5130000,5068,8446,5140000,2626
1,514,5140000,5140000,5068,8446,5150000,2632
1,515,5150000,5150000,5068,8446,5160000,2634
1,516,5160000,5160000,5068,8446,5170000,2642
1,517,5170000,5170000,5068,8446,5180000,2647
1,518,5180000,5180000,5068,8446,5190000,2651
1,519,5190000,5190000,5068,8446,5200000,2656
1,52,520000,520000,5068,8446,530000,266
1,520,5200000,5200000,5068,8446,5210000,2662
1,521,5210000,5210000,5068,8446,5220000,2664
1,522,5220000,5220000,5068,8446,5230000,2674
1,523,5230000,5230000,5068,8446,5240000,2678
1,524,5240000,5240000,5068,8446,5250000,2682
1,525,5250000,5250000,5068,8446,5260000,2687
1,526,5260000,5260000,5068,8446,5270000,2693
1,527,5270000,5270000,5068,8446,5280000,2695
1,528,5280000,5280000,5068,8446,5290000,2704
1,529,5290000,5290000,5068,8446,5300000,2708
1,53,530000,530000,5068,8446,540000,268
1,530,5300000,5300000,5068,8446,5310000,2712
1,531,5310000,5310000,5068,8446,5320000,2717
1,532,5320000,5320000,5068,8446,5330000,2724
1,533,5330000,5330000,5068,8446,5340000,2727
1,534,5340000,5340000,5068,8446,5350000,2735
1,535,5350000,5350000,5068,8446,5360000,2739
1,536,5360000,5360000,5068,8446,5370000,2743
1,537,5370000,5370000,5068,8446,5380000,2748
1,538,5380000,5380000,5068,8446,5390000,2754
1,539,5390000,5390000,5068,8446,5400000,2757
1,54,540000,540000,5068,8446,550000,276
1,540,5400000,5400000,5068,8446,5410000,2765
1,541,5410000,5410000,5068,8446,5420000,2770
1,542,5420000,5420000,5068,8446,5430000,2774
1,543,5430000,5430000,5068,8446,5440000,2779
1,544,5440000,5440000,5068,8446,5450000,2786
1,545,5450000,5450000,5068,8446,5460000,2788
1,546,5460000,5460000,5068,8446,5470000,2796
1,547,5470000,5470000,5068,8446,5480000,2800
1,548,5480000,5480000,5068,8446,5490000,2804
1,549,5490000,5490000,5068,8446,5500000,2809
1,55,550000,550000,5068,8446,560000,281
1,550,5500000,5500000,5068,8446,5510000,2816
1,551,5510000,5510000,5068,8446,5520000,2819
1,552,5520000,5520000,5068,8446,5530000,2827
1,553,5530000,5530000,5068,8446,5540000,2831
1,554,5540000,5540000,5068,8446,5550000,2835
1,555,5550000,5550000,5068,8446,5560000,2841
1,556,5560000,5560000,5068,8446,5570000,2847
1,557,5570000,5570000,5068,8446,5580000,2849
1,558,5580000,5580000,5068,8446,5590000,2857
1,559,5590000,5590000,5068,8446,5600000,2861
1,56,560000,560000,5068,8446,570000,285
1,560,5600000,5600000,5068,8446,5610000,2866
1,561,5610000,5610000,5068,8446,5620000,2872
1,562,5620000,5620000,5068,8446,5630000,2878
1,563,5630000,5630000,5068,8446,5640000,2880
1,564,5640000,5640000,5068,8446,5650000,2888
1,565,5650000,5650000,5068,8446,5660000,2892
1,566,5660000,5660000,5068,8446,5670000,2897
1,567,5670000,5670000,5068,8446,5680000,2902
1,568,5680000,5680000,5068,8446,5690000,2908
1,569,5690000,5690000,5068,8446,5700000,2910
1,57,570000,570000,5068,8446,580000,291
1,570,5700000,5700000,5068,8446,5710000,2919
1,571,5710000,5710000,5068,8446,5720000,2923
1,572,5720000,5720000,5068,8446,5730000,2928
1,573,5730000,5730000,5068,8446,5740000,2933
1,574,5740000,5740000,5068,8446,5750000,2939
1,575,5750000,5750000,5068,8446,5760000,2941
1,576,5760000,5760000,5068,8446,5770000,2949
1,577,5770000,5770000,5068,8446,5780000,2954
1,578,5780000,5780000,5068,8446,5790000,2958
1,579,5790000,5790000,5068,8446,5800000,2964
1,58,580000,580000,5068,8446,590000,297
1,580,5800000,5800000,5068,8446,5810000,2970
1,581,5810000,5810000,5068,8446,5820000,2972
1,582,5820000,5820000,5068,8446,5830000,2980
1,583,5830000,5830000,5068,8446,5840000,2985
1,584,5840000,5840000,5068,8446,5850000,2989
1,585,5850000,5850000,5068,8446,5860000,2994
1,586,5860000,5860000,5068,8446,5870000,3000
1,587,5870000,5870000,5068,8446,5880000,3002
1,588,5880000,5880000,5068,8446,5890000,3011
1,589,5890000,5890000,5068,8446,5900000,3016
1,59,590000,590000,5068,8446,600000,299
1,590,5900000,5900000,5068,8446,5910000,3020
1,591,5910000,5910000,5068,8446,5920000,3025
1,592,5920000,5920000,5068,8446,5930000,3031
1,593,5930000,5930000,5068,8446,5940000,3033
1,594,5940000,5940000,5068,8446,5950000,3042
1,595,5950000,5950000,5068,8446,5960000,3046
1,596,5960000,5960000,5068,8446,5970000,3050
1,597,5970000,5970000,5068,8446,5980000,3055
1,598,5980000,5980000,5068,8446,5990000,3062
1,599,5990000,5990000,5068,8446,6000000,3065
1,6,60000,60000,5068,8446,70000,31
1,60,600000,600000,5068,8446,610000,308
1,600,6000000,6000000,5068,8446,6010000,3073
1,601,6010000,6010000,5068,8446,6020000,3077
1,602,6020000,6020000,5068,8446,6030000,3081
1,603,6030000,6030000,5068,8446,6040000,3086
1,604,6040000,6040000,5068,8446,6050000,3092
1,605,6050000,6050000,5068,8446,6060000,3095
1,606,6060000,6060000,5068,8446,6070000,3103
1,607,6070000,6070000,5068,8446,6080000,3107
1,608,6080000,6080000,5068,8446,6090000,3112
1,609,6090000,6090000,5068,8446,6100000,3117
1,61,610000,610000,5068,8446,620000,312
1,610,6100000,6100000,5068,8446,6110000,3124
1,611,6110000,6110000,5068,8446,6120000,3126
1,612,6120000,6120000,5068,8446,6130000,3134
1,613,6130000,6130000,5068,8446,6140000,3138
1,614,6140000,6140000,5068,8446,6150000,3142
1,615,6150000,6150000,5068,8446,6160000,3147
1,616,6160000,6160000,5068,8446,6170000,3154
1,617,6170000,6170000,5068,8446,6180000,3157
1,618,6180000,6180000,5068,8446,6190000,3165
1,619,6190000,6190000,5068,8446,6200000,3169
1,62,620000,620000,5068,8446,630000,316
1,620,6200000,6200000,5068,8446,6210000,3173
1,621,6210000,6210000,5068,8446,6220000,3179
1,622,6220000,6220000,5068,8446,6230000,3185
1,623,6230000,6230000,5068,8446,6240000,3187
1,624,6240000,6240000,5068,8446,6250000,3195
1,625,6250000,6250000,5068,8446,6260000,3199
1,626,6260000,6260000,5068,8446,6270000,3203
1,627,6270000,6270000,5068,8446,6280000,3210
1,628,6280000,6280000,5068,8446,6290000,3216
1,629,6290000,6290000,5068,8446,6300000,3218
1,63,630000,630000,5068,8446,640000,321
1,630,6300000,6300000,5068,8446,6310000,3226
1,631,6310000,6310000,5068,8446,6320000,3230
1,632,6320000,6320000,5068,8446,6330000,3235
1,633,6330000,6330000,5068,8446,6340000,3240
1,634,6340000,6340000,5068,8446,6350000,3246
1,635,6350000,6350000,5068,8446,6360000,3248
1,636,6360000,6360000,5068,8446,6370000,3257
1,637,6370000,6370000,5068,8446,6380000,3261
1,638,6380000,6380000,5068,8446,6390000,3266
1,639,6390000,6390000,5068,8446,6400000,3271
1,64,640000,640000,5068,8446,650000,327
1,640,6400000,6400000,5068,8446,6410000,3277
1,641,6410000,6410000,5068,8446,6420000,3279
1,642,6420000,6420000,5068,8446,6430000,3287
1,643,6430000,6430000,5068,8446,6440000,3292
1,644,6440000,6440000,5068,8446,6450000,3296
1,645,6450000,6450000,5068,8446,6460000,3301
1,646,6460000,6460000,5068,8446,6470000,3308
1,647,6470000,6470000,5068,8446,6480000,3310
1,648,6480000,6480000,5068,8446,6490000,3318
1,649,6490000,6490000,5068,8446,6500000,3323
1,65,650000,650000,5068,8446,660000,329
1,650,6500000,6500000,5068,8446,6510000,3327
1,651,6510000,6510000,5068,8446,6520000,3332
1,652,6520000,6520000,5068,8446,6530000,3338
1,653,6530000,6530000,5068,8446,6540000,3340
1,654,6540000,6540000,5068,8446,6550000,3349
1,655,6550000,6550000,5068,8446,6560000,3354
1,656,6560000,6560000,5068,8446,6570000,3358
1,657,6570000,6570000,5068,8446,6580000,3363
1,658,6580000,6580000,5068,8446,6590000,3369
1,659,6590000,6590000,5068,8446,6600000,3371
1,66,660000,660000,5068,8446,670000,339
1,660,6600000,6600000,5068,8446,6610000,3380
1,661,6610000,6610000,5068,8446,6620000,3384
1,662,6620000,6620000,5068,8446,6630000,3388
1,663,6630000,6630000,5068,8446,6640000,3393
1,664,6640000,6640000,5068,8446,6650000,3399
1,665,6650000,6650000,5068,8446,6660000,3403
1,666,6660000,6660000,5068,8446,6670000,3411
1,667,6670000,6670000,5068,8446,6680000,3415
1,668,6680000,6680000,5068,8446,6690000,3419
1,669,6690000,6690000,5068,8446,6700000,3424
1,67,670000,670000,5068,8446,680000,343
1,670,6700000,6700000,5068,8446,6710000,3430
1,671,6710000,6710000,5068,8446,6720000,3433
1,672,6720000,6720000,5068,8446,6730000,3441
1,673,6730000,6730000,5068,8446,6740000,3445
1,674,6740000,6740000,5068,8446,6750000,3450
1,675,6750000,6750000,5068,8446,6760000,3455
1,676,6760000,6760000,5068,8446,6770000,3462
1,677,6770000,6770000,5068,8446,6780000,3464
1,678,6780000,6780000,5068,8446,6790000,3472
1,679,6790000,6790000,5068,8446,6800000,3476
1,68,680000,680000,5068,8446,690000,347
1,680,6800000,6800000,5068,8446,6810000,3480
1,681,6810000,6810000,5068,8446,6820000,3485
1,682,6820000,6820000,5068,8446,6830000,3492
1,683,6830000,6830000,5068,8446,6840000,3494
1,684,6840000,6840000,5068,8446,6850000,3503
1,685,6850000,6850000,5068,8446,6860000,3507
1,686,6860000,6860000,5068,8446,6870000,3511
1,687,6870000,6870000,5068,8446,6880000,3517
1,688,6880000,6880000,5068,8446,6890000,3523
1,689,6890000,6890000,5068,8446,6900000,3525
1,69,690000,690000,5068,8446,700000,352
1,690,6900000,6900000,5068,8446,6910000,3533
1,691,6910000,6910000,5068,8446,6920000,3537
1,692,6920000,6920000,5068,8446,6930000,3541
1,693,6930000,6930000,5068,8446,6940000,3548
1,694,6940000,6940000,5068,8446,6950000,3554
1,695,6950000,6950000,5068,8446,6960000,3556
1,696,6960000,6960000,5068,8446,6970000,3564
1,697,6970000,6970000,5068,8446,6980000,3568
1,698,6980000,6980000,5068,8446,6990000,3573
1,699,6990000,6990000,5068,8446,7000000,3578
1,7,70000,70000,5068,8446,80000,35
1,70,700000,700000,5068,8446,710000,358
1,700,7000000,7000000,5068,8446,7010000,3584
1,701,7010000,7010000,5068,8446,7020000,3586
1,702,7020000,7020000,5068,8446,7030000,3594
1,703,7030000,7030000,5068,8446,7040000,3599
1,704,7040000,7040000,5068,8446,7050000,3604
1,705,7050000,7050000,5068,8446,7060000,3609
1,706,7060000,7060000,5068,8446,7070000,3615
1,707,7070000,7070000,5068,8446,7080000,3617
1,708,7080000,7080000,5068,8446,7090000,3625
1,709,7090000,7090000,5068,8446,7100000,3630
1,71,710000,710000,5068,8446,720000,361
1,710,7100000,7100000,5068,8446,7110000,3634
1,711,7110000,7110000,5068,8446,7120000,3639
1,712,7120000,7120000,5068,8446,7130000,3646
1,713,7130000,7130000,5068,8446,7140000,3648
1,714,7140000,7140000,5068,8446,7150000,3656
1,715,7150000,7150000,5068,8446,7160000,3661
1,716,7160000,7160000,5068,8446,7170000,3665
1,717,7170000,7170000,5068,8446,7180000,3670
1,718,7180000,7180000,5068,8446,7190000,3676
1,719,7190000,7190000,5068,8446,7200000,3678
1,72,720000,720000,5068,8446,730000,369
1,720,7200000,7200000,5068,8446,7210000,3687
1,721,7210000,7210000,5068,8446,7220000,3691
1,722,7220000,7220000,5068,8446,7230000,3696
1,723,7230000,7230000,5068,8446,7240000,3701
1,724,7240000,7240000,5068,8446,7250000,3707
1,725,7250000,7250000,5068,8446,7260000,3709
1,726,7260000,7260000,5068,8446,7270000,3718
1,727,7270000,7270000,5068,8446,7280000,3722
1,728,7280000,7280000,5068,8446,7290000,3726
1,729,7290000,7290000,5068,8446,7300000,3731
1,73,730000,730000,5068,8446,740000,373
1,730,7300000,7300000,5068,8446,7310000,3737
1,731,7310000,7310000,5068,8446,7320000,3741
1,732,7320000,7320000,5068,8446,7330000,3749
1,733,7330000,7330000,5068,8446,7340000,3753
1,734,7340000,7340000,5068,8446,7350000,3757
1,735,7350000,7350000,5068,8446,7360000,3762
1,736,7360000,7360000,5068,8446,7370000,3768
1,737,7370000,7370000,5068,8446,7380000,3771
1,738,7380000,7380000,5068,8446,7390000,3779
1,739,7390000,7390000,5068,8446,7400000,3783
1,74,740000,740000,5068,8446,750000,377
1,740,7400000,7400000,5068,8446,7410000,3787
1,741,7410000,7410000,5068,8446,7420000,3793
1,742,7420000,7420000,5068,8446,7430000,3800
1,743,7430000,7430000,5068,8446,7440000,3802
1,744,7440000,7440000,5068,8446,7450000,3810
1,745,7450000,7450000,5068,8446,7460000,3814
1,746,7460000,7460000,5068,8446,7470000,3818
1,747,7470000,7470000,5068,8446,7480000,3823
1,748,7480000,7480000,5068,8446,7490000,3830
1,749,7490000,7490000,5068,8446,7500000,3832
1,75,750000,750000,5068,8446,760000,382
1,750,7500000,7500000,5068,8446,7510000,3841
1,751,7510000,7510000,5068,8446,7520000,3845
1,752,7520000,7520000,5068,8446,7530000,3849
1,753,7530000,7530000,5068,8446,7540000,3855
1,754,7540000,7540000,5068,8446,7550000,3861
1,755,7550000,7550000,5068,8446,7560000,3863
1,756,7560000,7560000,5068,8446,7570000,3871
1,757,7570000,7570000,5068,8446,7580000,3875
1,758,7580000,7580000,5068,8446,7590000,3879
1,759,7590000,7590000,5068,8446,7600000,3885
1,76,760000,760000,5068,8446,770000,389
1,760,7600000,7600000,5068,8446,7610000,3892
1,761,7610000,7610000,5068,8446,7620000,3894
1,762,7620000,7620000,5068,8446,7630000,3902
1,763,7630000,7630000,5068,8446,7640000,3906
1,764,7640000,7640000,5068,8446,7650000,3911
1,765,7650000,7650000,5068,8446,7660000,3916
1,766,7660000,7660000,5068,8446,7670000,3922
1,767,7670000,7670000,5068,8446,7680000,3924
1,768,7680000,7680000,5068,8446,7690000,3932
1,769,7690000,7690000,5068,8446,7700000,3937
1,77,770000,770000,5068,8446,780000,392
1,770,7700000,7700000,5068,8446,7710000,3942
1,771,7710000,7710000,5068,8446,7720000,3947
1,772,7720000,7720000,5068,8446,7730000,3953
1,773,7730000,7730000,5068,8446,7740000,3955
1,774,7740000,7740000,5068,8446,7750000,3963
1,775,7750000,7750000,5068,8446,7760000,3968
1,776,7760000,7760000,5068,8446,7770000,3972
1,777,7770000,7770000,5068,8446,7780000,3977
1,778,7780000,7780000,5068,8446,7790000,3983
1,779,7790000,7790000,5068,8446,7800000,3986
1,78,780000,780000,5068,8446,790000,400
1,780,7800000,7800000,5068,8446,7810000,3994
1,781,7810000,7810000,5068,8446,7820000,3999
1,782,7820000,7820000,5068,8446,7830000,4003
1,783,7830000,7830000,5068,8446,7840000,4008
1,784,7840000,7840000,5068,8446,7850000,4014
1,785,7850000,7850000,5068,8446,7860000,4016
1,786,7860000,7860000,5068,8446,7870000,4025
1,787,7870000,7870000,5068,8446,7880000,4029
1,788,7880000,7880000,5068,8446,7890000,4034
1,789,7890000,7890000,5068,8446,7900000,4039
1,79,790000,790000,5068,8446,800000,404
1,790,7900000,7900000,5068,8446,7910000,4045
1,791,7910000,7910000,5068,8446,7920000,4047
1,792,7920000,7920000,5068,8446,7930000,4056
1,793,7930000,7930000,5068,8446,7940000,4060
1,794,7940000,7940000,5068,8446,7950000,4064
1,795,7950000,7950000,5068,8446,7960000,4069
1,796,7960000,7960000,5068,8446,7970000,4075
1,797,7970000,7970000,5068,8446,7980000,4078
1,798,7980000,7980000,5068,8446,7990000,4087
1,799,7990000,7990000,5068,8446,8000000,4091
1,8,80000,80000,5068,8446,90000,39
1,80,800000,800000,5068,8446,810000,408
1,800,8000000,8000000,5068,8446,8010000,4095
1,801,8010000,8010000,5068,8446,8020000,4100
1,802,8020000,8020000,5068,8446,8030000,4106
1,803,8030000,8030000,5068,8446,8040000,4109
1,804,8040000,8040000,5068,8446,8050000,4117
1,805,8050000,8050000,5068,8446,8060000,4121
1,806,8060000,8060000,5068,8446,8070000,4125
1,807,8070000,8070000,5068,8446,8080000,4131
1,808,8080000,8080000,5068,8446,8090000,4138
1,809,8090000,8090000,5068,8446,8100000,4140
1,81,810000,810000,5068,8446,820000,413
1,810,8100000,8100000,5068,8446,8110000,4148
1,811,8110000,8110000,5068,8446,8120000,4152
1,812,8120000,8120000,5068,8446,8130000,4156
1,813,8130000,8130000,5068,8446,8140000,4161
1,814,8140000,8140000,5068,8446,8150000,4168
1,815,8150000,8150000,5068,8446,8160000,4170
1,816,8160000,8160000,5068,8446,8170000,4178
1,817,8170000,8170000,5068,8446,8180000,4183
1,818,8180000,8180000,5068,8446,8190000,4187
1,819,8190000,8190000,5068,8446,8200000,4193
1,82,820000,820000,5068,8446,830000,420
1,820,8200000,8200000,5068,8446,8210000,4199
1,821,8210000,8210000,5068,8446,8220000,4201
1,822,8220000,8220000,5068,8446,8230000,4209
1,823,8230000,8230000,5068,8446,8240000,4213
1,824,8240000,8240000,5068,8446,8250000,4217
1,825,8250000,8250000,5068,8446,8260000,4223
1,826,8260000,8260000,5068,8446,8270000,4230
1,827,8270000,8270000,5068,8446,8280000,4232
1,828,8280000,8280000,5068,8446,8290000,4240
1,829,8290000,8290000,5068,8446,8300000,4244
1,83,830000,830000,5068,8446,840000,422
1,830,8300000,8300000,5068,8446,8310000,4249
1,831,8310000,8310000,5068,8446,8320000,4254
1,832,8320000,8320000,5068,8446,8330000,4260
1,833,8330000,8330000,5068,8446,8340000,4262
1,834,8340000,8340000,5068,8446,8350000,4270
1,835,8350000,8350000,5068,8446,8360000,4274
1,836,8360000,8360000,5068,8446,8370000,4280
1,837,8370000,8370000,5068,8446,8380000,4285
1,838,8380000,8380000,5068,8446,8390000,4291
1,839,8390000,8390000,5068,8446,8400000,4293
1,84,840000,840000,5068,8446,850000,430
1,840,8400000,8400000,5068,8446,8410000,4301
1,841,8410000,8410000,5068,8446,8420000,4306
1,842,8420000,8420000,5068,8446,8430000,4310
1,843,8430000,8430000,5068,8446,8440000,4315
1,844,8440000,8440000,5068,8446,8450000,4321
1,845,8450000,8450000,5068,8446,8460000,4324
1,846,8460000,8460000,5068,8446,8470000,4332
1,847,8470000,8470000,5068,8446,8480000,4337
1,848,8480000,8480000,5068,8446,8490000,4341
1,849,8490000,8490000,5068,8446,8500000,4346
1,85,850000,850000,5068,8446,860000,435
1,850,8500000,8500000,5068,8446,8510000,4352
1,851,8510000,8510000,5068,8446,8520000,4354
1,852,8520000,8520000,5068,8446,8530000,4363
1,853,8530000,8530000,5068,8446,8540000,4367
1,854,8540000,8540000,5068,8446,8550000,4371
1,855,8550000,8550000,5068,8446,8560000,4377
1,856,8560000,8560000,5068,8446,8570000,4383
1,857,8570000,8570000,5068,8446,8580000,4385
1,858,8580000,8580000,5068,8446,8590000,4394
1,859,8590000,8590000,5068,8446,8600000,4398
1,86,860000,860000,5068,8446,870000,439
1,860,8600000,8600000,5068,8446,8610000,4402
1,861,8610000,8610000,5068,8446,8620000,4407
1,862,8620000,8620000,5068,8446,8630000,4413
1,863,8630000,8630000,5068,8446,8640000,4416
1,864,8640000,8640000,5068,8446,8650000,4425
1,865,8650000,8650000,5068,8446,8660000,4429
1,866,8660000,8660000,5068,8446,8670000,4433
1,867,8670000,8670000,5068,8446,8680000,4438
1,868,8680000,8680000,5068,8446,8690000,4444
1,869,8690000,8690000,5068,8446,8700000,4447
1,87,870000,870000,5068,8446,880000,444
1,870,8700000,8700000,5068,8446,8710000,4455
1,871,8710000,8710000,5068,8446,8720000,4459
1,872,8720000,8720000,5068,8446,8730000,4463
1,873,8730000,8730000,5068,8446,8740000,4468
1,874,8740000,8740000,5068,8446,8750000,4476
1,875,8750000,8750000,5068,8446,8760000,4478
1,876,8760000,8760000,5068,8446,8770000,4486
1,877,8770000,8770000,5068,8446,8780000,4490
1,878,8780000,8780000,5068,8446,8790000,4494
1,879,8790000,8790000,5068,8446,8800000,4499
1,88,880000,880000,5068,8446,890000,451
1,880,8800000,8800000,5068,8446,8810000,4506
1,881,8810000,8810000,5068,8446,8820000,4508
1,882,8820000,8820000,5068,8446,8830000,4516
1,883,8830000,8830000,5068,8446,8840000,4521
1,884,8840000,8840000,5068,8446,8850000,4525
1,885,8850000,8850000,5068,8446,8860000,4531
1,886,8860000,8860000,5068,8446,8870000,4537
1,887,8870000,8870000,5068,8446,8880000,4539
1,888,8880000,8880000,5068,8446,8890000,4547
1,889,8890000,8890000,5068,8446,8900000,4551
1,89,890000,890000,5068,8446,900000,453
1,890,8900000,8900000,5068,8446,8910000,4555
1,891,8910000,8910000,5068,8446,8920000,4561
1,892,8920000,8920000,5068,8446,8930000,4567
1,893,8930000,8930000,5068,8446,8940000,4570
1,894,8940000,8940000,5068,8446,8950000,4578
1,895,8950000,8950000,5068,8446,8960000,4582
1,896,8960000,8960000,5068,8446,8970000,4587
1,897,8970000,8970000,5068,8446,8980000,4592
1,898,8980000,8980000,5068,8446,8990000,4598
1,899,8990000,8990000,5068,8446,9000000,4600
1,9,90000,90000,5068,8446,100000,45
1,90,900000,900000,5068,8446,910000,461
1,900,9000000,9000000,5068,8446,9010000,4608
1,901,9010000,9010000,5068,8446,9020000,4612
1,902,9020000,9020000,5068,8446,9030000,4618
1,903,9030000,9030000,5068,8446,9040000,4623
1,904,9040000,9040000,5068,8446,9050000,4629
1,905,9050000,9050000,5068,8446,9060000,4631
1,906,9060000,9060000,5068,8446,9070000,4639
1,907,9070000,9070000,5068,8446,9080000,4644
1,908,9080000,9080000,5068,8446,9090000,4648
1,909,9090000,9090000,5068,8446,9100000,4653
1,91,910000,910000,5068,8446,920000,465
1,910,9100000,9100000,5068,8446,9110000,4659
1,911,9110000,9110000,5068,8446,9120000,4661
1,912,9120000,9120000,5068,8446,9130000,4670
1,913,9130000,9130000,5068,8446,9140000,4675
1,914,9140000,9140000,5068,8446,9150000,4679
1,915,9150000,9150000,5068,8446,9160000,4684
1,916,9160000,9160000,5068,8446,9170000,4690
1,917,9170000,9170000,5068,8446,9180000,4692
1,918,9180000,9180000,5068,8446,9190000,4701
1,919,9190000,9190000,5068,8446,9200000,4705
1,92,920000,920000,5068,8446,930000,469
1,920,9200000,9200000,5068,8446,9210000,4709
1,921,9210000,9210000,5068,8446,9220000,4715
1,922,9220000,9220000,5068,8446,9230000,4721
1,923,9230000,9230000,5068,8446,9240000,4723
1,924,9240000,9240000,5068,8446,9250000,4732
1,925,9250000,9250000,5068,8446,9260000,4736
1,926,9260000,9260000,5068,8446,9270000,4740
1,927,9270000,9270000,5068,8446,9280000,4745
1,928,9280000,9280000,5068,8446,9290000,4751
1,929,9290000,9290000,5068,8446,9300000,4754
1,93,930000,930000,5068,8446,940000,475
1,930,9300000,9300000,5068,8446,9310000,4762
1,931,9310000,9310000,5068,8446,9320000,4767
1,932,9320000,9320000,5068,8446,9330000,4771
1,933,9330000,9330000,5068,8446,9340000,4776
1,934,9340000,9340000,5068,8446,9350000,4782
1,935,9350000,9350000,5068,8446,9360000,4785
1,936,9360000,9360000,5068,8446,9370000,4793
1,937,9370000,9370000,5068,8446,9380000,4797
1,938,9380000,9380000,5068,8446,9390000,4801
1,939,9390000,9390000,5068,8446,9400000,4806
1,94,940000,940000,5068,8446,950000,481
1,940,9400000,9400000,5068,8446,9410000,4814
1,941,9410000,9410000,5068,8446,9420000,4816
1,942,9420000,9420000,5068,8446,9430000,4824
1,943,9430000,9430000,5068,8446,9440000,4828
1,944,9440000,9440000,5068,8446,9450000,4832
1,945,9450000,9450000,5068,8446,9460000,4837
1,946,9460000,9460000,5068,8446,9470000,4844
1,947,9470000,9470000,5068,8446,9480000,4846
1,948,9480000,9480000,5068,8446,9490000,4854
1,949,9490000,9490000,5068,8446,9500000,4858
1,95,950000,950000,5068,8446,960000,484
1,950,9500000,9500000,5068,8446,9510000,4863
1,951,9510000,9510000,5068,8446,9520000,4869
1,952,9520000,9520000,5068,8446,9530000,4875
1,953,9530000,9530000,5068,8446,9540000,4877
1,954,9540000,9540000,5068,8446,9550000,4885
1,955,9550000,9550000,5068,8446,9560000,4889
1,956,9560000,9560000,5068,8446,9570000,4893
1,957,9570000,9570000,5068,8446,9580000,4899
1,958,9580000,9580000,5068,8446,9590000,4905
1,959,9590000,9590000,5068,8446,9600000,4908
1,96,960000,960000,5068,8446,970000,492
1,960,9600000,9600000,5068,8446,9610000,4916
1,961,9610000,9610000,5068,8446,9620000,4920
1,962,9620000,9620000,5068,8446,9630000,4925
1,963,9630000,9630000,5068,8446,9640000,4930
1,964,9640000,9640000,5068,8446,9650000,4936
1,965,9650000,9650000,5068,8446,9660000,4938
1,966,9660000,9660000,5068,8446,9670000,4946
1,967,9670000,9670000,5068,8446,9680000,4950
1,968,9680000,9680000,5068,8446,9690000,4955
1,969,9690000,9690000,5068,8446,9700000,4961
1,97,970000,970000,5068,8446,980000,496
1,970,9700000,9700000,5068,8446,9710000,4967
1,971,9710000,9710000,5068,8446,9720000,4969
1,972,9720000,9720000,5068,8446,9730000,4977
1,973,9730000,9730000,5068,8446,9740000,4982
1,974,9740000,9740000,5068,8446,9750000,4986
1,975,9750000,9750000,5068,8446,9760000,4991
1,976,9760000,9760000,5068,8446,9770000,4997
1,977,9770000,9770000,5068,8446,9780000,4999
1,978,9780000,9780000,5068,8446,9790000,5008
1,979,9790000,9790000,5068,8446,9800000,5013
1,98,980000,980000,5068,8446,990000,500
1,980,9800000,9800000,5068,8446,9810000,5017
1,981,9810000,9810000,5068,8446,9820000,5022
1,982,9820000,9820000,5068,8446,9830000,5028
1,983,9830000,9830000,5068,8446,9840000,5030
1,984,9840000,9840000,5068,8446,9850000,5039
1,985,9850000,9850000,5068,8446,9860000,5043
1,986,9860000,9860000,5068,8446,9870000,5047
1,987,9870000,9870000,5068,8446,9880000,5052
1,988,9880000,9880000,5068,8446,9890000,5059
1,989,9890000,9890000,5068,8446,9900000,5061
1,99,990000,990000,5068,8446,1000000,506
1,990,9900000,9900000,5068,8446,9910000,5070
1,991,9910000,9910000,5068,8446,9920000,5074
1,992,9920000,9920000,5068,8446,9930000,5078
1,993,9930000,9930000,5068,8446,9940000,5083
1,994,9940000,9940000,5068,8446,9950000,5089
1,995,9950000,9950000,5068,8446,9960000,5092
1,996,9960000,9960000,5068,8446,9970000,5100
1,997,9970000,9970000,5068,8446,9980000,5105
1,998,9980000,9980000,5068,8446,9990000,5109
1,999,9990000,9990000,5068,8446,10000000,5114
2,0,0,0,2517,4194,15000,2
2,1,15000,15000,2517,4194,30000,10
2,10,150000,150000,2517,4194,165000,78
2,100,1500000,1500000,2517,4194,1515000,769
2,101,1515000,1515000,2517,4194,1530000,778
2,102,1530000,1530000,2517,4194,1545000,786
2,103,1545000,1545000,2517,4194,1560000,792
2,104,1560000,1560000,2517,4194,1575000,800
2,105,1575000,1575000,2517,4194,1590000,808
2,106,1590000,1590000,2517,4194,1605000,816
2,107,1605000,1605000,2517,4194,1620000,823
2,108,1620000,1620000,2517,4194,1635000,831
2,109,1635000,1635000,2517,4194,1650000,839
2,11,165000,165000,2517,4194,180000,85
2,110,1650000,1650000,2517,4194,1665000,847
2,111,1665000,1665000,2517,4194,1680000,853
2,112,1680000,1680000,2517,4194,1695000,861
2,113,1695000,1695000,2517,4194,1710000,870
2,114,1710000,1710000,2517,4194,1725000,878
2,115,1725000,1725000,2517,4194,1740000,884
2,116,1740000,1740000,2517,4194,1755000,892
2,117,1755000,1755000,2517,4194,1770000,901
2,118,1770000,1770000,2517,4194,1785000,908
2,119,1785000,1785000,2517,4194,1800000,914
2,12,180000,180000,2517,4194,195000,94
2,120,1800000,1800000,2517,4194,1815000,923
2,121,1815000,1815000,2517,4194,1830000,932
2,122,1830000,1830000,2517,4194,1845000,939
2,123,1845000,1845000,2517,4194,1860000,945
2,124,1860000,1860000,2517,4194,1875000,954
2,125,1875000,1875000,2517,4194,1890000,962
2,126,1890000,1890000,2517,4194,1905000,970
2,127,1905000,1905000,2517,4194,1920000,976
2,128,1920000,1920000,2517,4194,1935000,985
2,129,1935000,1935000,2517,4194,1950000,993
2,13,195000,195000,2517,4194,210000,102
2,130,1950000,1950000,2517,4194,1965000,1000
2,131,1965000,1965000,2517,4194,1980000,1006
2,132,1980000,1980000,2517,4194,1995000,1015
2,133,1995000,1995000,2517,4194,2010000,1024
2,134,2010000,2010000,2517,4194,2025000,1031
2,135,2025000,2025000,2517,4194,2040000,1038
2,136,2040000,2040000,2517,4194,2055000,1046
2,137,2055000,2055000,2517,4194,2070000,1054
2,138,2070000,2070000,2517,4194,2085000,1061
2,139,2085000,2085000,2517,4194,2100000,1069
2,14,210000,210000,2517,4194,225000,110
2,140,2100000,2100000,2517,4194,2115000,1077
2,141,2115000,2115000,2517,4194,2130000,1085
2,142,2130000,2130000,2517,4194,2145000,1092
2,143,2145000,2145000,2517,4194,2160000,1099
2,144,2160000,2160000,2517,4194,2175000,1107
2,145,2175000,2175000,2517,4194,2190000,1116
2,146,2190000,2190000,2517,4194,2205000,1124
2,147,2205000,2205000,2517,4194,2220000,1130
2,148,2220000,2220000,2517,4194,2235000,1138
2,149,2235000,2235000,2517,4194,2250000,1146
2,15,225000,225000,2517,4194,240000,116
2,150,2250000,2250000,2517,4194,2265000,1154
2,151,2265000,2265000,2517,4194,2280000,1160
2,152,2280000,2280000,2517,4194,2295000,1169
2,153,2295000,2295000,2517,4194,2310000,1177
2,154,2310000,2310000,2517,4194,2325000,1185
2,155,2325000,2325000,2517,4194,2340000,1191
2,156,2340000,2340000,2517,4194,2355000,1199
2,157,2355000,2355000,2517,4194,2370000,1208
2,158,2370000,2370000,2517,4194,2385000,1216
2,159,2385000,2385000,2517,4194,2400000,1222
2,16,240000,240000,2517,4194,255000,124
2,160,2400000,2400000,2517,4194,2415000,1230
2,161,2415000,2415000,2517,4194,2430000,1239
2,162,2430000,2430000,2517,4194,2445000,1246
2,163,2445000,2445000,2517,4194,2460000,1252
2,164,2460000,2460000,2517,4194,2475000,1261
2,165,2475000,2475000,2517,4194,2490000,1270
2,166,2490000,2490000,2517,4194,2505000,1277
2,167,2505000,2505000,2517,4194,2520000,1283
2,168,2520000,2520000,2517,4194,2535000,1292
2,169,2535000,2535000,2517,4194,2550000,1300
2,17,255000,255000,2517,4194,270000,132
2,170,2550000,2550000,2517,4194,2565000,1307
2,171,2565000,2565000,2517,4194,2580000,1314
2,172,2580000,2580000,2517,4194,2595000,1323
2,173,2595000,2595000,2517,4194,2610000,1331
2,174,2610000,2610000,2517,4194,2625000,1338
2,175,2625000,2625000,2517,4194,2640000,1344
2,176,2640000,2640000,2517,4194,2655000,1353
2,177,2655000,2655000,2517,4194,2670000,1362
2,178,2670000,2670000,2517,4194,2685000,1369
2,179,2685000,2685000,2517,4194,2700000,1376
2,18,270000,270000,2517,4194,285000,140
2,180,2700000,2700000,2517,4194,2715000,1384
2,181,2715000,2715000,2517,4194,2730000,1392
2,182,2730000,2730000,2517,4194,2745000,1399
2,183,2745000,2745000,2517,4194,2760000,1407
2,184,2760000,2760000,2517,4194,2775000,1415
2,185,2775000,2775000,2517,4194,2790000,1423
2,186,2790000,2790000,2517,4194,2805000,1430
2,187,2805000,2805000,2517,4194,2820000,1437
2,188,2820000,2820000,2517,4194,2835000,1445
2,189,2835000,2835000,2517,4194,2850000,1453
2,19,285000,285000,2517,4194,300000,147
2,190,2850000,2850000,2517,4194,2865000,1462
2,191,2865000,2865000,2517,4194,2880000,1468
2,192,2880000,2880000,2517,4194,2895000,1476
2,193,2895000,2895000,2517,4194,2910000,1484
2,194,2910000,2910000,2517,4194,2925000,1492
2,195,2925000,2925000,2517,4194,2940000,1498
2,196,2940000,2940000,2517,4194,2955000,1507
2,197,2955000,2955000,2517,4194,2970000,1515
2,198,2970000,2970000,2517,4194,2985000,1523
2,199,2985000,2985000,2517,4194,3000000,1529
2,2,30000,30000,2517,4194,45000,17
2,20,300000,300000,2517,4194,315000,155
2,200,3000000,3000000,2517,4194,3015000,1537
2,201,3015000,3015000,2517,4194,3030000,1546
2,202,3030000,3030000,2517,4194,3045000,1554
2,203,3045000,3045000,2517,4194,3060000,1560
2,204,3060000,3060000,2517,4194,3075000,1568
2,205,3075000,3075000,2517,4194,3090000,1577
2,206,3090000,3090000,2517,4194,3105000,1584
2,207,3105000,3105000,2517,4194,3120000,1590
2,208,3120000,3120000,2517,4194,3135000,1598
2,209,3135000,3135000,2517,4194,3150000,1608
2,21,315000,315000,2517,4194,330000,163
2,210,3150000,3150000,2517,4194,3165000,1615
2,211,3165000,3165000,2517,4194,3180000,1621
2,212,3180000,3180000,2517,4194,3195000,1630
2,213,3195000,3195000,2517,4194,3210000,1638
2,214,3210000,3210000,2517,4194,3225000,1645
2,215,3225000,3225000,2517,4194,3240000,1652
2,216,3240000,3240000,2517,4194,3255000,1661
2,217,3255000,3255000,2517,4194,3270000,1669
2,218,3270000,3270000,2517,4194,3285000,1676
2,219,3285000,3285000,2517,4194,3300000,1682
2,22,330000,330000,2517,4194,345000,171
2,220,3300000,3300000,2517,4194,3315000,1691
2,221,3315000,3315000,2517,4194,3330000,1700
2,222,3330000,3330000,2517,4194,3345000,1707
2,223,3345000,3345000,2517,4194,3360000,1714
2,224,3360000,3360000,2517,4194,3375000,1722
2,225,3375000,3375000,2517,4194,3390000,1730
2,226,3390000,3390000,2517,4194,3405000,1737
2,227,3405000,3405000,2517,4194,3420000,1744
2,228,3420000,3420000,2517,4194,3435000,1753
2,229,3435000,3435000,2517,4194,3450000,1761
2,23,345000,345000,2517,4194,360000,177
2,230,3450000,3450000,2517,4194,3465000,1768
2,231,3465000,3465000,2517,4194,3480000,1775
2,232,3480000,3480000,2517,4194,3495000,1783
2,233,3495000,3495000,2517,4194,3510000,1791
2,234,3510000,3510000,2517,4194,3525000,1800
2,235,3525000,3525000,2517,4194,3540000,1806
2,236,3540000,3540000,2517,4194,3555000,1814
2,237,3555000,3555000,2517,4194,3570000,1822
2,238,3570000,3570000,2517,4194,3585000,1830
2,239,3585000,3585000,2517,4194,3600000,1836
2,24,360000,360000,2517,4194,375000,185
2,240,3600000,3600000,2517,4194,3615000,1845
2,241,3615000,3615000,2517,4194,3630000,1853
2,242,3630000,3630000,2517,4194,3645000,1861
2,243,3645000,3645000,2517,4194,3660000,1867
2,244,3660000,3660000,2517,4194,3675000,1875
2,245,3675000,3675000,2517,4194,3690000,1884
2,246,3690000,3690000,2517,4194,3705000,1891
2,247,3705000,3705000,2517,4194,3720000,1898
2,248,3720000,3720000,2517,4194,3735000,1906
2,249,3735000,3735000,2517,4194,3750000,1915
2,25,375000,375000,2517,4194,390000,195
2,250,3750000,3750000,2517,4194,3765000,1922
2,251,3765000,3765000,2517,4194,3780000,1928
2,252,3780000,3780000,2517,4194,3795000,1936
2,253,3795000,3795000,2517,4194,3810000,1946
2,254,3810000,3810000,2517,4194,3825000,1953
2,255,3825000,3825000,2517,4194,3840000,1959
2,256,3840000,3840000,2517,4194,3855000,1968
2,257,3855000,3855000,2517,4194,3870000,1976
2,258,3870000,3870000,2517,4194,3885000,1983
2,259,3885000,3885000,2517,4194,3900000,1990
2,26,390000,390000,2517,4194,405000,202
2,260,3900000,3900000,2517,4194,3915000,1999
2,261,3915000,3915000,2517,4194,3930000,2007
2,262,3930000,3930000,2517,4194,3945000,2014
2,263,3945000,3945000,2517,4194,3960000,2020
2,264,3960000,3960000,2517,4194,3975000,2029
2,265,3975000,3975000,2517,4194,3990000,2037
2,266,3990000,3990000,2517,4194,4005000,2045
2,267,4005000,4005000,2517,4194,4020000,2052
2,268,4020000,4020000,2517,4194,4035000,2060
2,269,4035000,4035000,2517,4194,4050000,2068
2,27,405000,405000,2517,4194,420000,208
2,270,4050000,4050000,2517,4194,4065000,2075
2,271,4065000,4065000,2517,4194,4080000,2082
2,272,4080000,4080000,2517,4194,4095000,2091
2,273,4095000,4095000,2517,4194,4110000,2099
2,274,4110000,4110000,2517,4194,4125000,2106
2,275,4125000,4125000,2517,4194,4140000,2113
2,276,4140000,4140000,2517,4194,4155000,2121
2,277,4155000,4155000,2517,4194,4170000,2129
2,278,4170000,4170000,2517,4194,4185000,2138
2,279,4185000,4185000,2517,4194,4200000,2144
2,28,420000,420000,2517,4194,435000,216
2,280,4200000,4200000,2517,4194,4215000,2152
2,281,4215000,4215000,2517,4194,4230000,2160
2,282,4230000,4230000,2517,4194,4245000,2168
2,283,4245000,4245000,2517,4194,4260000,2174
2,284,4260000,4260000,2517,4194,4275000,2182
2,285,4275000,4275000,2517,4194,4290000,2191
2,286,4290000,4290000,2517,4194,4305000,2199
2,287,4305000,4305000,2517,4194,4320000,2205
2,288,4320000,4320000,2517,4194,4335000,2213
2,289,4335000,4335000,2517,4194,4350000,2222
2,29,435000,435000,2517,4194,450000,225
2,290,4350000,4350000,2517,4194,4365000,2229
2,291,4365000,4365000,2517,4194,4380000,2236
2,292,4380000,4380000,2517,4194,4395000,2244
2,293,4395000,4395000,2517,4194,4410000,2253
2,294,4410000,4410000,2517,4194,4425000,2260
2,295,4425000,4425000,2517,4194,4440000,2266
2,296,4440000,4440000,2517,4194,4455000,2274
2,297,4455000,4455000,2517,4194,4470000,2284
2,298,4470000,4470000,2517,4194,4485000,2291
2,299,4485000,4485000,2517,4194,4500000,2297
2,3,45000,45000,2517,4194,60000,24
2,30,450000,450000,2517,4194,465000,232
2,300,4500000,4500000,2517,4194,4515000,2306
2,301,4515000,4515000,2517,4194,4530000,2314
2,302,4530000,4530000,2517,4194,4545000,2321
2,303,4545000,4545000,2517,4194,4560000,2327
2,304,4560000,4560000,2517,4194,4575000,2337
2,305,4575000,4575000,2517,4194,4590000,2345
2,306,4590000,4590000,2517,4194,4605000,2352
2,307,4605000,4605000,2517,4194,4620000,2358
2,308,4620000,4620000,2517,4194,4635000,2367
2,309,4635000,4635000,2517,4194,4650000,2375
2,31,465000,465000,2517,4194,480000,239
2,310,4650000,4650000,2517,4194,4665000,2383
2,311,4665000,4665000,2517,4194,4680000,2390
2,312,4680000,4680000,2517,4194,4695000,2398
2,313,4695000,4695000,2517,4194,4710000,2406
2,314,4710000,4710000,2517,4194,4725000,2413
2,315,4725000,4725000,2517,4194,4740000,2420
2,316,4740000,4740000,2517,4194,4755000,2429
2,317,4755000,4755000,2517,4194,4770000,2437
2,318,4770000,4770000,2517,4194,4785000,2444
2,319,4785000,4785000,2517,4194,4800000,2451
2,32,480000,480000,2517,4194,495000,247
2,320,4800000,4800000,2517,4194,4815000,2459
2,321,4815000,4815000,2517,4194,4830000,2467
2,322,4830000,4830000,2517,4194,4845000,2475
2,323,4845000,4845000,2517,4194,4860000,2482
2,324,4860000,4860000,2517,4194,4875000,2490
2,325,4875000,4875000,2517,4194,4890000,2498
2,326,4890000,4890000,2517,4194,4905000,2506
2,327,4905000,4905000,2517,4194,4920000,2512
2,328,4920000,4920000,2517,4194,4935000,2520
2,329,4935000,4935000,2517,4194,4950000,2529
2,33,495000,495000,2517,4194,510000,256
2,330,4950000,4950000,2517,4194,4965000,2537
2,331,4965000,4965000,2517,4194,4980000,2543
2,332,4980000,4980000,2517,4194,4995000,2551
2,333,4995000,4995000,2517,4194,5010000,2560
2,334,5010000,5010000,2517,4194,5025000,2567
2,335,5025000,5025000,2517,4194,5040000,2574
2,336,5040000,5040000,2517,4194,5055000,2582
2,337,5055000,5055000,2517,4194,5070000,2591
2,338,5070000,5070000,2517,4194,5085000,2598
2,339,5085000,5085000,2517,4194,5100000,2604
2,34,510000,510000,2517,4194,525000,263
2,340,5100000,5100000,2517,4194,5115000,2612
2,341,5115000,5115000,2517,4194,5130000,2621
2,342,5130000,5130000,2517,4194,5145000,2629
2,343,5145000,5145000,2517,4194,5160000,2635
2,344,5160000,5160000,2517,4194,5175000,2644
2,345,5175000,5175000,2517,4194,5190000,2652
2,346,5190000,5190000,2517,4194,5205000,2659
2,347,5205000,5205000,2517,4194,5220000,2665
2,348,5220000,5220000,2517,4194,5235000,2675
2,349,5235000,5235000,2517,4194,5250000,2683
2,35,525000,525000,2517,4194,540000,269
2,350,5250000,5250000,2517,4194,5265000,2690
2,351,5265000,5265000,2517,4194,5280000,2696
2,352,5280000,5280000,2517,4194,5295000,2705
2,353,5295000,5295000,2517,4194,5310000,2713
2,354,5310000,5310000,2517,4194,5325000,2721
2,355,5325000,5325000,2517,4194,5340000,2728
2,356,5340000,5340000,2517,4194,5355000,2736
2,357,5355000,5355000,2517,4194,5370000,2744
2,358,5370000,5370000,2517,4194,5385000,2751
2,359,5385000,5385000,2517,4194,5400000,2758
2,36,540000,540000,2517,4194,555000,278
2,360,5400000,5400000,2517,4194,5415000,2766
2,361,5415000,5415000,2517,4194,5430000,2775
2,362,5430000,5430000,2517,4194,5445000,2782
2,363,5445000,5445000,2517,4194,5460000,2789
2,364,5460000,5460000,2517,4194,5475000,2797
2,365,5475000,5475000,2517,4194,5490000,2805
2,366,5490000,5490000,2517,4194,5505000,2813
2,367,5505000,5505000,2517,4194,5520000,2820
2,368,5520000,5520000,2517,4194,5535000,2828
2,369,5535000,5535000,2517,4194,5550000,2836
2,37,555000,555000,2517,4194,570000,286
2,370,5550000,5550000,2517,4194,5565000,2844
2,371,5565000,5565000,2517,4194,5580000,2850
2,372,5580000,5580000,2517,4194,5595000,2858
2,373,5595000,5595000,2517,4194,5610000,2867
2,374,5610000,5610000,2517,4194,5625000,2875
2,375,5625000,5625000,2517,4194,5640000,2881
2,376,5640000,5640000,2517,4194,5655000,2889
2,377,5655000,5655000,2517,4194,5670000,2898
2,378,5670000,5670000,2517,4194,5685000,2905
2,379,5685000,5685000,2517,4194,5700000,2911
2,38,570000,570000,2517,4194,585000,294
2,380,5700000,5700000,2517,4194,5715000,2920
2,381,5715000,5715000,2517,4194,5730000,2929
2,382,5730000,5730000,2517,4194,5745000,2936
2,383,5745000,5745000,2517,4194,5760000,2942
2,384,5760000,5760000,2517,4194,5775000,2950
2,385,5775000,5775000,2517,4194,5790000,2959
2,386,5790000,5790000,2517,4194,5805000,2967
2,387,5805000,5805000,2517,4194,5820000,2973
2,388,5820000,5820000,2517,4194,5835000,2982
2,389,5835000,5835000,2517,4194,5850000,2990
2,39,585000,585000,2517,4194,600000,300
2,390,5850000,5850000,2517,4194,5865000,2997
2,391,5865000,5865000,2517,4194,5880000,3003
2,392,5880000,5880000,2517,4194,5895000,3013
2,393,5895000,5895000,2517,4194,5910000,3021
2,394,5910000,5910000,2517,4194,5925000,3028
2,395,5925000,5925000,2517,4194,5940000,3034
2,396,5940000,5940000,2517,4194,5955000,3043
2,397,5955000,5955000,2517,4194,5970000,3051
2,398,5970000,5970000,2517,4194,5985000,3058
2,399,5985000,5985000,2517,4194,6000000,3066
2,4,60000,60000,2517,4194,75000,32
2,40,600000,600000,2517,4194,615000,309
2,400,6000000,6000000,2517,4194,6015000,3074
2,401,6015000,6015000,2517,4194,6030000,3082
2,402,6030000,6030000,2517,4194,6045000,3089
2,403,6045000,6045000,2517,4194,6060000,3096
2,404,6060000,6060000,2517,4194,6075000,3104
2,405,6075000,6075000,2517,4194,6090000,3113
2,406,6090000,6090000,2517,4194,6105000,3120
2,407,6105000,6105000,2517,4194,6120000,3127
2,408,6120000,6120000,2517,4194,6135000,3135
2,409,6135000,6135000,2517,4194,6150000,3143
2,41,615000,615000,2517,4194,630000,317
2,410,6150000,6150000,2517,4194,6165000,3151
2,411,6165000,6165000,2517,4194,6180000,3158
2,412,6180000,6180000,2517,4194,6195000,3166
2,413,6195000,6195000,2517,4194,6210000,3174
2,414,6210000,6210000,2517,4194,6225000,3182
2,415,6225000,6225000,2517,4194,6240000,3188
2,416,6240000,6240000,2517,4194,6255000,3196
2,417,6255000,6255000,2517,4194,6270000,3204
2,418,6270000,6270000,2517,4194,6285000,3213
2,419,6285000,6285000,2517,4194,6300000,3219
2,42,630000,630000,2517,4194,645000,324
2,420,6300000,6300000,2517,4194,6315000,3227
2,421,6315000,6315000,2517,4194,6330000,3236
2,422,6330000,6330000,2517,4194,6345000,3243
2,423,6345000,6345000,2517,4194,6360000,3249
2,424,6360000,6360000,2517,4194,6375000,3258
2,425,6375000,6375000,2517,4194,6390000,3267
2,426,6390000,6390000,2517,4194,6405000,3274
2,427,6405000,6405000,2517,4194,6420000,3280
2,428,6420000,6420000,2517,4194,6435000,3288
2,429,6435000,6435000,2517,4194,6450000,3297
2,43,645000,645000,2517,4194,660000,330
2,430,6450000,6450000,2517,4194,6465000,3305
2,431,6465000,6465000,2517,4194,6480000,3311
2,432,6480000,6480000,2517,4194,6495000,3320
2,433,6495000,6495000,2517,4194,6510000,3328
2,434,6510000,6510000,2517,4194,6525000,3335
2,435,6525000,6525000,2517,4194,6540000,3341
2,436,6540000,6540000,2517,4194,6555000,3350
2,437,6555000,6555000,2517,4194,6570000,3359
2,438,6570000,6570000,2517,4194,6585000,3366
2,439,6585000,6585000,2517,4194,6600000,3372
2,44,660000,660000,2517,4194,675000,340
2,440,6600000,6600000,2517,4194,6615000,3381
2,441,6615000,6615000,2517,4194,6630000,3389
2,442,6630000,6630000,2517,4194,6645000,3396
2,443,6645000,6645000,2517,4194,6660000,3404
2,444,6660000,6660000,2517,4194,6675000,3412
2,445,6675000,6675000,2517,4194,6690000,3420
2,446,6690000,6690000,2517,4194,6705000,3427
2,447,6705000,6705000,2517,4194,6720000,3434
2,448,6720000,6720000,2517,4194,6735000,3442
2,449,6735000,6735000,2517,4194,6750000,3451
2,45,675000,675000,2517,4194,690000,348
2,450,6750000,6750000,2517,4194,6765000,3458
2,451,6765000,6765000,2517,4194,6780000,3465
2,452,6780000,6780000,2517,4194,6795000,3473
2,453,6795000,6795000,2517,4194,6810000,3481
2,454,6810000,6810000,2517,4194,6825000,3489
2,455,6825000,6825000,2517,4194,6840000,3495
2,456,6840000,6840000,2517,4194,6855000,3504
2,457,6855000,6855000,2517,4194,6870000,3512
2,458,6870000,6870000,2517,4194,6885000,3520
2,459,6885000,6885000,2517,4194,6900000,3526
2,46,690000,690000,2517,4194,705000,355
2,460,6900000,6900000,2517,4194,6915000,3534
2,461,6915000,6915000,2517,4194,6930000,3542
2,462,6930000,6930000,2517,4194,6945000,3551
2,463,6945000,6945000,2517,4194,6960000,3557
2,464,6960000,6960000,2517,4194,6975000,3565
2,465,6975000,6975000,2517,4194,6990000,3574
2,466,6990000,6990000,2517,4194,7005000,3581
2,467,7005000,7005000,2517,4194,7020000,3587
2,468,7020000,7020000,2517,4194,7035000,3596
2,469,7035000,7035000,2517,4194,7050000,3605
2,47,705000,705000,2517,4194,720000,362
2,470,7050000,7050000,2517,4194,7065000,3612
2,471,7065000,7065000,2517,4194,7080000,3618
2,472,7080000,7080000,2517,4194,7095000,3626
2,473,7095000,7095000,2517,4194,7110000,3635
2,474,7110000,7110000,2517,4194,7125000,3642
2,475,7125000,7125000,2517,4194,7140000,3649
2,476,7140000,7140000,2517,4194,7155000,3658
2,477,7155000,7155000,2517,4194,7170000,3666
2,478,7170000,7170000,2517,4194,7185000,3673
2,479,7185000,7185000,2517,4194,7200000,3679
2,48,720000,720000,2517,4194,735000,370
2,480,7200000,7200000,2517,4194,7215000,3688
2,481,7215000,7215000,2517,4194,7230000,3697
2,482,7230000,7230000,2517,4194,7245000,3704
2,483,7245000,7245000,2517,4194,7260000,3710
2,484,7260000,7260000,2517,4194,7275000,3719
2,485,7275000,7275000,2517,4194,7290000,3727
2,486,7290000,7290000,2517,4194,7305000,3734
2,487,7305000,7305000,2517,4194,7320000,3742
2,488,7320000,7320000,2517,4194,7335000,3750
2,489,7335000,7335000,2517,4194,7350000,3758
2,49,735000,735000,2517,4194,750000,378
2,490,7350000,7350000,2517,4194,7365000,3765
2,491,7365000,7365000,2517,4194,7380000,3772
2,492,7380000,7380000,2517,4194,7395000,3780
2,493,7395000,7395000,2517,4194,7410000,3788
2,494,7410000,7410000,2517,4194,7425000,3796
2,495,7425000,7425000,2517,4194,7440000,3803
2,496,7440000,7440000,2517,4194,7455000,3811
2,497,7455000,7455000,2517,4194,7470000,3819
2,498,7470000,7470000,2517,4194,7485000,3827
2,499,7485000,7485000,2517,4194,7500000,3833
2,5,75000,75000,2517,4194,90000,40
2,50,750000,750000,2517,4194,765000,386
2,500,7500000,7500000,2517,4194,7515000,3842
2,501,7515000,7515000,2517,4194,7530000,3850
2,502,7530000,7530000,2517,4194,7545000,3858
2,503,7545000,7545000,2517,4194,7560000,3864
2,504,7560000,7560000,2517,4194,7575000,3872
2,505,7575000,7575000,2517,4194,7590000,3880
2,506,7590000,7590000,2517,4194,7605000,3889
2,507,7605000,7605000,2517,4194,7620000,3895
2,508,7620000,7620000,2517,4194,7635000,3903
2,509,7635000,7635000,2517,4194,7650000,3912
2,51,765000,765000,2517,4194,780000,393
2,510,7650000,7650000,2517,4194,7665000,3919
2,511,7665000,7665000,2517,4194,7680000,3925
2,512,7680000,7680000,2517,4194,7695000,3933
2,513,7695000,7695000,2517,4194,7710000,3943
2,514,7710000,7710000,2517,4194,7725000,3950
2,515,7725000,7725000,2517,4194,7740000,3956
2,516,7740000,7740000,2517,4194,7755000,3964
2,517,7755000,7755000,2517,4194,7770000,3973
2,518,7770000,7770000,2517,4194,7785000,3980
2,519,7785000,7785000,2517,4194,7800000,3987
2,52,780000,780000,2517,4194,795000,401
2,520,7800000,7800000,2517,4194,7815000,3996
2,521,7815000,7815000,2517,4194,7830000,4004
2,522,7830000,7830000,2517,4194,7845000,4011
2,523,7845000,7845000,2517,4194,7860000,4017
2,524,7860000,7860000,2517,4194,7875000,4026
2,525,7875000,7875000,2517,4194,7890000,4035
2,526,7890000,7890000,2517,4194,7905000,4042
2,527,7905000,7905000,2517,4194,7920000,4048
2,528,7920000,7920000,2517,4194,7935000,4057
2,529,7935000,7935000,2517,4194,7950000,4065
2,53,795000,795000,2517,4194,810000,409
2,530,7950000,7950000,2517,4194,7965000,4072
2,531,7965000,7965000,2517,4194,7980000,4079
2,532,7980000,7980000,2517,4194,7995000,4088
2,533,7995000,7995000,2517,4194,8010000,4096
2,534,8010000,8010000,2517,4194,8025000,4103
2,535,8025000,8025000,2517,4194,8040000,4110
2,536,8040000,8040000,2517,4194,8055000,4118
2,537,8055000,8055000,2517,4194,8070000,4126
2,538,8070000,8070000,2517,4194,8085000,4134
2,539,8085000,8085000,2517,4194,8100000,4141
2,54,810000,810000,2517,4194,825000,416
2,540,8100000,8100000,2517,4194,8115000,4149
2,541,8115000,8115000,2517,4194,8130000,4157
2,542,8130000,8130000,2517,4194,8145000,4165
2,543,8145000,8145000,2517,4194,8160000,4171
2,544,8160000,8160000,2517,4194,8175000,4180
2,545,8175000,8175000,2517,4194,8190000,4188
2,546,8190000,8190000,2517,4194,8205000,4196
2,547,8205000,8205000,2517,4194,8220000,4202
2,548,8220000,8220000,2517,4194,8235000,4210
2,549,8235000,8235000,2517,4194,8250000,4218
2,55,825000,825000,2517,4194,840000,423
2,550,8250000,8250000,2517,4194,8265000,4226
2,551,8265000,8265000,2517,4194,8280000,4233
2,552,8280000,8280000,2517,4194,8295000,4241
2,553,8295000,8295000,2517,4194,8310000,4250
2,554,8310000,8310000,2517,4194,8325000,4257
2,555,8325000,8325000,2517,4194,8340000,4263
2,556,8340000,8340000,2517,4194,8355000,4271
2,557,8355000,8355000,2517,4194,8370000,4281
2,558,8370000,8370000,2517,4194,8385000,4288
2,559,8385000,8385000,2517,4194,8400000,4294
2,56,840000,840000,2517,4194,855000,431
2,560,8400000,8400000,2517,4194,8415000,4302
2,561,8415000,8415000,2517,4194,8430000,4311
2,562,8430000,8430000,2517,4194,8445000,4318
2,563,8445000,8445000,2517,4194,8460000,4325
2,564,8460000,8460000,2517,4194,8475000,4334
2,565,8475000,8475000,2517,4194,8490000,4342
2,566,8490000,8490000,2517,4194,8505000,4349
2,567,8505000,8505000,2517,4194,8520000,4355
2,568,8520000,8520000,2517,4194,8535000,4364
2,569,8535000,8535000,2517,4194,8550000,4372
2,57,855000,855000,2517,4194,870000,440
2,570,8550000,8550000,2517,4194,8565000,4380
2,571,8565000,8565000,2517,4194,8580000,4386
2,572,8580000,8580000,2517,4194,8595000,4395
2,573,8595000,8595000,2517,4194,8610000,4403
2,574,8610000,8610000,2517,4194,8625000,4410
2,575,8625000,8625000,2517,4194,8640000,4417
2,576,8640000,8640000,2517,4194,8655000,4426
2,577,8655000,8655000,2517,4194,8670000,4434
2,578,8670000,8670000,2517,4194,8685000,4441
2,579,8685000,8685000,2517,4194,8700000,4448
2,58,870000,870000,2517,4194,885000,448
2,580,8700000,8700000,2517,4194,8715000,4456
2,581,8715000,8715000,2517,4194,8730000,4464
2,582,8730000,8730000,2517,4194,8745000,4472
2,583,8745000,8745000,2517,4194,8760000,4479
2,584,8760000,8760000,2517,4194,8775000,4487
2,585,8775000,8775000,2517,4194,8790000,4495
2,586,8790000,8790000,2517,4194,8805000,4503
2,587,8805000,8805000,2517,4194,8820000,4509
2,588,8820000,8820000,2517,4194,8835000,4517
2,589,8835000,8835000,2517,4194,8850000,4526
2,59,885000,885000,2517,4194,900000,454
2,590,8850000,8850000,2517,4194,8865000,4534
2,591,8865000,8865000,2517,4194,8880000,4540
2,592,8880000,8880000,2517,4194,8895000,4548
2,593,8895000,8895000,2517,4194,8910000,4556
2,594,8910000,8910000,2517,4194,8925000,4564
2,595,8925000,8925000,2517,4194,8940000,4571
2,596,8940000,8940000,2517,4194,8955000,4579
2,597,8955000,8955000,2517,4194,8970000,4588
2,598,8970000,8970000,2517,4194,8985000,4595
2,599,8985000,8985000,2517,4194,9000000,4601
2,6,90000,90000,2517,4194,105000,48
2,60,900000,900000,2517,4194,915000,462
2,600,9000000,9000000,2517,4194,9015000,4609
2,601,9015000,9015000,2517,4194,9030000,4619
2,602,9030000,9030000,2517,4194,9045000,4626
2,603,9045000,9045000,2517,4194,9060000,4632
2,604,9060000,9060000,2517,4194,9075000,4640
2,605,9075000,9075000,2517,4194,9090000,4649
2,606,9090000,9090000,2517,4194,9105000,4656
2,607,9105000,9105000,2517,4194,9120000,4662
2,608,9120000,9120000,2517,4194,9135000,4672
2,609,9135000,9135000,2517,4194,9150000,4680
2,61,915000,915000,2517,4194,930000,470
2,610,9150000,9150000,2517,4194,9165000,4687
2,611,9165000,9165000,2517,4194,9180000,4693
2,612,9180000,9180000,2517,4194,9195000,4702
2,613,9195000,9195000,2517,4194,9210000,4710
2,614,9210000,9210000,2517,4194,9225000,4718
2,615,9225000,9225000,2517,4194,9240000,4724
2,616,9240000,9240000,2517,4194,9255000,4733
2,617,9255000,9255000,2517,4194,9270000,4741
2,618,9270000,9270000,2517,4194,9285000,4748
2,619,9285000,9285000,2517,4194,9300000,4755
2,62,930000,930000,2517,4194,945000,478
2,620,9300000,9300000,2517,4194,9315000,4764
2,621,9315000,9315000,2517,4194,9330000,4772
2,622,9330000,9330000,2517,4194,9345000,4779
2,623,9345000,9345000,2517,4194,9360000,4786
2,624,9360000,9360000,2517,4194,9375000,4794
2,625,9375000,9375000,2517,4194,9390000,4802
2,626,9390000,9390000,2517,4194,9405000,4809
2,627,9405000,9405000,2517,4194,9420000,4817
2,628,9420000,9420000,2517,4194,9435000,4825
2,629,9435000,9435000,2517,4194,9450000,4833
2,63,945000,945000,2517,4194,960000,485
2,630,9450000,9450000,2517,4194,9465000,4841
2,631,9465000,9465000,2517,4194,9480000,4847
2,632,9480000,9480000,2517,4194,9495000,4855
2,633,9495000,9495000,2517,4194,9510000,4864
2,634,9510000,9510000,2517,4194,9525000,4872
2,635,9525000,9525000,2517,4194,9540000,4878
2,636,9540000,9540000,2517,4194,9555000,4886
2,637,9555000,9555000,2517,4194,9570000,4894
2,638,9570000,9570000,2517,4194,9585000,4902
2,639,9585000,9585000,2517,4194,9600000,4909
2,64,960000,960000,2517,4194,975000,493
2,640,9600000,9600000,2517,4194,9615000,4917
2,641,9615000,9615000,2517,4194,9630000,4926
2,642,9630000,9630000,2517,4194,9645000,4933
2,643,9645000,9645000,2517,4194,9660000,4939
2,644,9660000,9660000,2517,4194,9675000,4947
2,645,9675000,9675000,2517,4194,9690000,4956
2,646,9690000,9690000,2517,4194,9705000,4964
2,647,9705000,9705000,2517,4194,9720000,4970
2,648,9720000,9720000,2517,4194,9735000,4978
2,649,9735000,9735000,2517,4194,9750000,4987
2,65,975000,975000,2517,4194,990000,501
2,650,9750000,9750000,2517,4194,9765000,4994
2,651,9765000,9765000,2517,4194,9780000,5000
2,652,9780000,9780000,2517,4194,9795000,5010
2,653,9795000,9795000,2517,4194,9810000,5018
2,654,9810000,9810000,2517,4194,9825000,5025
2,655,9825000,9825000,2517,4194,9840000,5031
2,656,9840000,9840000,2517,4194,9855000,5040
2,657,9855000,9855000,2517,4194,9870000,5048
2,658,9870000,9870000,2517,4194,9885000,5056
2,659,9885000,9885000,2517,4194,9900000,5062
2,66,990000,990000,2517,4194,1005000,509
2,660,9900000,9900000,2517,4194,9915000,5071
2,661,9915000,9915000,2517,4194,9930000,5079
2,662,9930000,9930000,2517,4194,9945000,5086
2,663,9945000,9945000,2517,4194,9960000,5093
2,664,9960000,9960000,2517,4194,9975000,5101
2,665,9975000,9975000,2517,4194,9990000,5110
2,666,9990000,9990000,2517,4194,10005000,5117
2,667,10005000,10005000,2517,4194,10020000,5124
2,668,10020000,10020000,2517,4194,10035000,5132
2,669,10035000,10035000,2517,4194,10050000,5140
2,67,1005000,1005000,2517,4194,1020000,515
2,670,10050000,10050000,2517,4194,10065000,5147
2,671,10065000,10065000,2517,4194,10080000,5155
2,672,10080000,10080000,2517,4194,10095000,5163
2,673,10095000,10095000,2517,4194,10110000,5171
2,674,10110000,10110000,2517,4194,10125000,5179
2,675,10125000,10125000,2517,4194,10140000,5185
2,676,10140000,10140000,2517,4194,10155000,5193
2,677,10155000,10155000,2517,4194,10170000,5202
2,678,10170000,10170000,2517,4194,10185000,5210
2,679,10185000,10185000,2517,4194,10200000,5216
2,68,1020000,1020000,2517,4194,1035000,523
2,680,10200000,10200000,2517,4194,10215000,5224
2,681,10215000,10215000,2517,4194,10230000,5232
2,682,10230000,10230000,2517,4194,10245000,5240
2,683,10245000,10245000,2517,4194,10260000,5246
2,684,10260000,10260000,2517,4194,10275000,5255
2,685,10275000,10275000,2517,4194,10290000,5264
2,686,10290000,10290000,2517,4194,10305000,5271
2,687,10305000,10305000,2517,4194,10320000,5277
2,688,10320000,10320000,2517,4194,10335000,5285
2,689,10335000,10335000,2517,4194,10350000,5294
2,69,1035000,1035000,2517,4194,1050000,533
2,690,10350000,10350000,2517,4194,10365000,5302
2,691,10365000,10365000,2517,4194,10380000,5308
2,692,10380000,10380000,2517,4194,10395000,5316
2,693,10395000,10395000,2517,4194,10410000,5325
2,694,10410000,10410000,2517,4194,10425000,5332
2,695,10425000,10425000,2517,4194,10440000,5338
2,696,10440000,10440000,2517,4194,10455000,5348
2,697,10455000,10455000,2517,4194,10470000,5356
2,698,10470000,10470000,2517,4194,10485000,5363
2,699,10485000,10485000,2517,4194,10500000,5369
2,7,105000,105000,2517,4194,120000,55
2,70,1050000,1050000,2517,4194,1065000,540
2,700,10500000,10500000,2517,4194,10515000,5378
2,701,10515000,10515000,2517,4194,10530000,5386
2,702,10530000,10530000,2517,4194,10545000,5393
2,703,10545000,10545000,2517,4194,10560000,5400
2,704,10560000,10560000,2517,4194,10575000,5409
2,705,10575000,10575000,2517,4194,10590000,5417
2,706,10590000,10590000,2517,4194,10605000,5424
2,707,10605000,10605000,2517,4194,10620000,5431
2,708,10620000,10620000,2517,4194,10635000,5439
2,709,10635000,10635000,2517,4194,10650000,5448
2,71,1065000,1065000,2517,4194,1080000,546
2,710,10650000,10650000,2517,4194,10665000,5455
2,711,10665000,10665000,2517,4194,10680000,5462
2,712,10680000,10680000,2517,4194,10695000,5470
2,713,10695000,10695000,2517,4194,10710000,5478
2,714,10710000,10710000,2517,4194,10725000,5485
2,715,10725000,10725000,2517,4194,10740000,5493
2,716,10740000,10740000,2517,4194,10755000,5501
2,717,10755000,10755000,2517,4194,10770000,5509
2,718,10770000,10770000,2517,4194,10785000,5517
2,719,10785000,10785000,2517,4194,10800000,5523
2,72,1080000,1080000,2517,4194,1095000,554
2,720,10800000,10800000,2517,4194,10815000,5531
2,721,10815000,10815000,2517,4194,10830000,5539
2,722,10830000,10830000,2517,4194,10845000,5548
2,723,10845000,10845000,2517,4194,10860000,5554
2,724,10860000,10860000,2517,4194,10875000,5562
2,725,10875000,10875000,2517,4194,10890000,5570
2,726,10890000,10890000,2517,4194,10905000,5578
2,727,10905000,10905000,2517,4194,10920000,5584
2,728,10920000,10920000,2517,4194,10935000,5593
2,729,10935000,10935000,2517,4194,10950000,5602
2,73,1095000,1095000,2517,4194,1110000,563
2,730,10950000,10950000,2517,4194,10965000,5609
2,731,10965000,10965000,2517,4194,10980000,5615
2,732,10980000,10980000,2517,4194,10995000,5623
2,733,10995000,10995000,2517,4194,11010000,5632
2,734,11010000,11010000,2517,4194,11025000,5640
2,735,11025000,11025000,2517,4194,11040000,5646
2,736,11040000,11040000,2517,4194,11055000,5654
2,737,11055000,11055000,2517,4194,11070000,5663
2,738,11070000,11070000,2517,4194,11085000,5670
2,739,11085000,11085000,2517,4194,11100000,5676
2,74,1110000,1110000,2517,4194,1125000,570
2,740,11100000,11100000,2517,4194,11115000,5685
2,741,11115000,11115000,2517,4194,11130000,5694
2,742,11130000,11130000,2517,4194,11145000,5701
2,743,11145000,11145000,2517,4194,11160000,5707
2,744,11160000,11160000,2517,4194,11175000,5716
2,745,11175000,11175000,2517,4194,11190000,5724
2,746,11190000,11190000,2517,4194,11205000,5731
2,747,11205000,11205000,2517,4194,11220000,5738
2,748,11220000,11220000,2517,4194,11235000,5747
2,749,11235000,11235000,2517,4194,11250000,5755
2,75,1125000,1125000,2517,4194,1140000,576
2,750,11250000,11250000,2517,4194,11265000,5762
2,751,11265000,11265000,2517,4194,11280000,5769
2,752,11280000,11280000,2517,4194,11295000,5777
2,753,11295000,11295000,2517,4194,11310000,5786
2,754,11310000,11310000,2517,4194,11325000,5793
2,755,11325000,11325000,2517,4194,11340000,5800
2,756,11340000,11340000,2517,4194,11355000,5808
2,757,11355000,11355000,2517,4194,11370000,5816
2,758,11370000,11370000,2517,4194,11385000,5823
2,759,11385000,11385000,2517,4194,11400000,5830
2,76,1140000,1140000,2517,4194,1155000,585
2,760,11400000,11400000,2517,4194,11415000,5839
2,761,11415000,11415000,2517,4194,11430000,5847
2,762,11430000,11430000,2517,4194,11445000,5855
2,763,11445000,11445000,2517,4194,11460000,5861
2,764,11460000,11460000,2517,4194,11475000,5869
2,765,11475000,11475000,2517,4194,11490000,5877
2,766,11490000,11490000,2517,4194,11505000,5886
2,767,11505000,11505000,2517,4194,11520000,5892
2,768,11520000,11520000,2517,4194,11535000,5900
2,769,11535000,11535000,2517,4194,11550000,5908
2,77,1155000,1155000,2517,4194,1170000,594
2,770,11550000,11550000,2517,4194,11565000,5916
2,771,11565000,11565000,2517,4194,11580000,5922
2,772,11580000,11580000,2517,4194,11595000,5931
2,773,11595000,11595000,2517,4194,11610000,5940
2,774,11610000,11610000,2517,4194,11625000,5947
2,775,11625000,11625000,2517,4194,11640000,5953
2,776,11640000,11640000,2517,4194,11655000,5961
2,777,11655000,11655000,2517,4194,11670000,5970
2,778,11670000,11670000,2517,4194,11685000,5977
2,779,11685000,11685000,2517,4194,11700000,5984
2,78,1170000,1170000,2517,4194,1185000,601
2,780,11700000,11700000,2517,4194,11715000,5992
2,781,11715000,11715000,2517,4194,11730000,6001
2,782,11730000,11730000,2517,4194,11745000,6008
2,783,11745000,11745000,2517,4194,11760000,6014
2,784,11760000,11760000,2517,4194,11775000,6023
2,785,11775000,11775000,2517,4194,11790000,6032
2,786,11790000,11790000,2517,4194,11805000,6039
2,787,11805000,11805000,2517,4194,11820000,6045
2,788,11820000,11820000,2517,4194,11835000,6054
2,789,11835000,11835000,2517,4194,11850000,6062
2,79,1185000,1185000,2517,4194,1200000,607
2,790,11850000,11850000,2517,4194,11865000,6069
2,791,11865000,11865000,2517,4194,11880000,6076
2,792,11880000,11880000,2517,4194,11895000,6085
2,793,11895000,11895000,2517,4194,11910000,6093
2,794,11910000,11910000,2517,4194,11925000,6100
2,795,11925000,11925000,2517,4194,11940000,6107
2,796,11940000,11940000,2517,4194,11955000,6115
2,797,11955000,11955000,2517,4194,11970000,6123
2,798,11970000,11970000,2517,4194,11985000,6131
2,799,11985000,11985000,2517,4194,12000000,6138
2,8,120000,120000,2517,4194,135000,63
2,80,1200000,1200000,2517,4194,1215000,616
2,800,12000000,12000000,2517,4194,12015000,6146
2,801,12015000,12015000,2517,4194,12030000,6154
2,802,12030000,12030000,2517,4194,12045000,6161
2,803,12045000,12045000,2517,4194,12060000,6168
2,804,12060000,12060000,2517,4194,12075000,6177
2,805,12075000,12075000,2517,4194,12090000,6185
2,806,12090000,12090000,2517,4194,12105000,6193
2,807,12105000,12105000,2517,4194,12120000,6199
2,808,12120000,12120000,2517,4194,12135000,6207
2,809,12135000,12135000,2517,4194,12150000,6215
2,81,1215000,1215000,2517,4194,1230000,624
2,810,12150000,12150000,2517,4194,12165000,6224
2,811,12165000,12165000,2517,4194,12180000,6230
2,812,12180000,12180000,2517,4194,12195000,6238
2,813,12195000,12195000,2517,4194,12210000,6246
2,814,12210000,12210000,2517,4194,12225000,6254
2,815,12225000,12225000,2517,4194,12240000,6260
2,816,12240000,12240000,2517,4194,12255000,6268
2,817,12255000,12255000,2517,4194,12270000,6278
2,818,12270000,12270000,2517,4194,12285000,6285
2,819,12285000,12285000,2517,4194,12300000,6291
2,82,1230000,1230000,2517,4194,1245000,632
2,820,12300000,12300000,2517,4194,12315000,6299
2,821,12315000,12315000,2517,4194,12330000,6308
2,822,12330000,12330000,2517,4194,12345000,6315
2,823,12345000,12345000,2517,4194,12360000,6322
2,824,12360000,12360000,2517,4194,12375000,6330
2,825,12375000,12375000,2517,4194,12390000,6339
2,826,12390000,12390000,2517,4194,12405000,6346
2,827,12405000,12405000,2517,4194,12420000,6352
2,828,12420000,12420000,2517,4194,12435000,6361
2,829,12435000,12435000,2517,4194,12450000,6370
2,83,1245000,1245000,2517,4194,1260000,638
2,830,12450000,12450000,2517,4194,12465000,6377
2,831,12465000,12465000,2517,4194,12480000,6383
2,832,12480000,12480000,2517,4194,12495000,6392
2,833,12495000,12495000,2517,4194,12510000,6400
2,834,12510000,12510000,2517,4194,12525000,6407
2,835,12525000,12525000,2517,4194,12540000,6413
2,84,1260000,1260000,2517,4194,1275000,647
2,85,1275000,1275000,2517,4194,1290000,655
2,86,1290000,1290000,2517,4194,1305000,662
2,87,1305000,1305000,2517,4194,1320000,668
2,88,1320000,1320000,2517,4194,1335000,678
2,89,1335000,1335000,2517,4194,1350000,686
2,9,135000,135000,2517,4194,150000,71
2,90,1350000,1350000,2517,4194,1365000,693
2,91,1365000,1365000,2517,4194,1380000,700
2,92,1380000,1380000,2517,4194,1395000,708
2,93,1395000,1395000,2517,4194,1410000,716
2,94,1410000,1410000,2517,4194,1425000,723
2,95,1425000,1425000,2517,4194,1440000,731
2,96,1440000,1440000,2517,4194,1455000,739
2,97,1455000,1455000,2517,4194,1470000,747
2,98,1470000,1470000,2517,4194,1485000,754
2,99,1485000,1485000,2517,4194,1500000,761
3,0,0,0,8547,14244,15000,3
3,1,15000,15000,8547,14244,30000,11
3,10,150000,150000,8547,14244,165000,79
3,100,1500000,1500000,8547,14244,1515000,770
3,101,1515000,1515000,8547,14244,1530000,779
3,102,1530000,1530000,8547,14244,1545000,787
3,103,1545000,1545000,8547,14244,1560000,793
3,104,1560000,1560000,8547,14244,1575000,801
3,105,1575000,1575000,8547,14244,1590000,809
3,106,1590000,1590000,8547,14244,1605000,817
3,107,1605000,1605000,8547,14244,1620000,824
3,108,1620000,1620000,8547,14244,1635000,832
3,109,1635000,1635000,8547,14244,1650000,840
3,11,165000,165000,8547,14244,180000,86
3,110,1650000,1650000,8547,14244,1665000,848
3,111,1665000,1665000,8547,14244,1680000,854
3,112,1680000,1680000,8547,14244,1695000,862
3,113,1695000,1695000,8547,14244,1710000,871
3,114,1710000,1710000,8547,14244,1725000,879
3,115,1725000,1725000,8547,14244,1740000,885
3,116,1740000,1740000,8547,14244,1755000,893
3,117,1755000,1755000,8547,14244,1770000,902
3,118,1770000,1770000,8547,14244,1785000,909
3,119,1785000,1785000,8547,14244,1800000,915
3,12,180000,180000,8547,14244,195000,95
3,120,1800000,1800000,8547,14244,1815000,924
3,121,1815000,1815000,8547,14244,1830000,933
3,122,1830000,1830000,8547,14244,1845000,940
3,123,1845000,1845000,8547,14244,1860000,946
3,124,1860000,1860000,8547,14244,1875000,955
3,125,1875000,1875000,8547,14244,1890000,963
3,126,1890000,1890000,8547,14244,1905000,971
3,127,1905000,1905000,8547,14244,1920000,977
3,128,1920000,1920000,8547,14244,1935000,986
3,129,1935000,1935000,8547,14244,1950000,994
3,13,195000,195000,8547,14244,210000,103
3,130,1950000,1950000,8547,14244,1965000,1001
3,131,1965000,1965000,8547,14244,1980000,1007
3,132,1980000,1980000,8547,14244,1995000,1016
3,133,1995000,1995000,8547,14244,2010000,1025
3,134,2010000,2010000,8547,14244,2025000,1032
3,135,2025000,2025000,8547,14244,2040000,1039
3,136,2040000,2040000,8547,14244,2055000,1047
3,137,2055000,2055000,8547,14244,2070000,1055
3,138,2070000,2070000,8547,14244,2085000,1062
3,139,2085000,2085000,8547,14244,2100000,1070
3,14,210000,210000,8547,14244,225000,111
3,140,2100000,2100000,8547,14244,2115000,1078
3,141,2115000,2115000,8547,14244,2130000,1086
3,142,2130000,2130000,8547,14244,2145000,1093
3,143,2145000,2145000,8547,14244,2160000,1100
3,144,2160000,2160000,8547,14244,2175000,1108
3,145,2175000,2175000,8547,14244,2190000,1117
3,146,2190000,2190000,8547,14244,2205000,1125
3,147,2205000,2205000,8547,14244,2220000,1131
3,148,2220000,2220000,8547,14244,2235000,1139
3,149,2235000,2235000,8547,14244,2250000,1147
3,15,225000,225000,8547,14244,240000,117
3,150,2250000,2250000,8547,14244,2265000,1155
3,151,2265000,2265000,8547,14244,2280000,1161
3,152,2280000,2280000,8547,14244,2295000,1170
3,153,2295000,2295000,8547,14244,2310000,1178
3,154,2310000,2310000,8547,14244,2325000,1186
3,155,2325000,2325000,8547,14244,2340000,1192
3,156,2340000,2340000,8547,14244,2355000,1200
3,157,2355000,2355000,8547,14244,2370000,1209
3,158,2370000,2370000,8547,14244,2385000,1217
3,159,2385000,2385000,8547,14244,2400000,1223
3,16,240000,240000,8547,14244,255000,125
3,160,2400000,2400000,8547,14244,2415000,1231
3,161,2415000,2415000,8547,14244,2430000,1240
3,162,2430000,2430000,8547,14244,2445000,1247
3,163,2445000,2445000,8547,14244,2460000,1253
3,164,2460000,2460000,8547,14244,2475000,1262
3,165,2475000,2475000,8547,14244,2490000,1271
3,166,2490000,2490000,8547,14244,2505000,1278
3,167,2505000,2505000,8547,14244,2520000,1284
3,168,2520000,2520000,8547,14244,2535000,1293
3,169,2535000,2535000,8547,14244,2550000,1301
3,17,255000,255000,8547,14244,270000,133
3,170,2550000,2550000,8547,14244,2565000,1308
3,171,2565000,2565000,8547,14244,2580000,1315
3,172,2580000,2580000,8547,14244,2595000,1324
3,173,2595000,2595000,8547,14244,2610000,1332
3,174,2610000,2610000,8547,14244,2625000,1339
3,175,2625000,2625000,8547,14244,2640000,1345
3,176,2640000,2640000,8547,14244,2655000,1354
3,177,2655000,2655000,8547,14244,2670000,1363
3,178,2670000,2670000,8547,14244,2685000,1370
3,179,2685000,2685000,8547,14244,2700000,1377
3,18,270000,270000,8547,14244,285000,141
3,180,2700000,2700000,8547,14244,2715000,1385
3,181,2715000,2715000,8547,14244,2730000,1393
3,182,2730000,2730000,8547,14244,2745000,1400
3,183,2745000,2745000,8547,14244,2760000,1408
3,184,2760000,2760000,8547,14244,2775000,1416
3,185,2775000,2775000,8547,14244,2790000,1424
3,186,2790000,2790000,8547,14244,2805000,1431
3,187,2805000,2805000,8547,14244,2820000,1438
3,188,2820000,2820000,8547,14244,2835000,1446
3,189,2835000,2835000,8547,14244,2850000,1454
3,19,285000,285000,8547,14244,300000,148
3,190,2850000,2850000,8547,14244,2865000,1463
3,191,2865000,2865000,8547,14244,2880000,1469
3,192,2880000,2880000,8547,14244,2895000,1477
3,193,2895000,2895000,8547,14244,2910000,1485
3,194,2910000,2910000,8547,14244,2925000,1493
3,195,2925000,2925000,8547,14244,2940000,1499
3,196,2940000,2940000,8547,14244,2955000,1508
3,197,2955000,2955000,8547,14244,2970000,1516
3,198,2970000,2970000,8547,14244,2985000,1524
3,199,2985000,2985000,8547,14244,3000000,1530
3,2,30000,30000,8547,14244,45000,18
3,20,300000,300000,8547,14244,315000,156
3,200,3000000,3000000,8547,14244,3015000,1538
3,201,3015000,3015000,8547,14244,3030000,1547
3,202,3030000,3030000,8547,14244,3045000,1555
3,203,3045000,3045000,8547,14244,3060000,1561
3,204,3060000,3060000,8547,14244,3075000,1569
3,205,3075000,3075000,8547,14244,3090000,1578
3,206,3090000,3090000,8547,14244,3105000,1585
3,207,3105000,3105000,8547,14244,3120000,1591
3,208,3120000,3120000,8547,14244,3135000,1599
3,209,3135000,3135000,8547,14244,3150000,1609
3,21,315000,315000,8547,14244,330000,164
3,210,3150000,3150000,8547,14244,3165000,1616
3,211,3165000,3165000,8547,14244,3180000,1622
3,212,3180000,3180000,8547,14244,3195000,1631
3,213,3195000,3195000,8547,14244,3210000,1639
3,214,3210000,3210000,8547,14244,3225000,1646
3,215,3225000,3225000,8547,14244,3240000,1653
3,216,3240000,3240000,8547,14244,3255000,1662
3,217,3255000,3255000,8547,14244,3270000,1670
3,218,3270000,3270000,8547,14244,3285000,1677
3,219,3285000,3285000,8547,14244,3300000,1683
3,22,330000,330000,8547,14244,345000,172
3,220,3300000,3300000,8547,14244,3315000,1692
3,221,3315000,3315000,8547,14244,3330000,1701
3,222,3330000,3330000,8547,14244,3345000,1708
3,223,3345000,3345000,8547,14244,3360000,1715
3,224,3360000,3360000,8547,14244,3375000,1723
3,225,3375000,3375000,8547,14244,3390000,1731
3,226,3390000,3390000,8547,14244,3405000,1738
3,227,3405000,3405000,8547,14244,3420000,1745
3,228,3420000,3420000,8547,14244,3435000,1754
3,229,3435000,3435000,8547,14244,3450000,1762
3,23,345000,345000,8547,14244,360000,178
3,230,3450000,3450000,8547,14244,3465000,1769
3,231,3465000,3465000,8547,14244,3480000,1776
3,232,3480000,3480000,8547,14244,3495000,1784
3,233,3495000,3495000,8547,14244,3510000,1792
3,234,3510000,3510000,8547,14244,3525000,1801
3,235,3525000,3525000,8547,14244,3540000,1807
3,236,3540000,3540000,8547,14244,3555000,1815
3,237,3555000,3555000,8547,14244,3570000,1823
3,238,3570000,3570000,8547,14244,3585000,1831
3,239,3585000,3585000,8547,14244,3600000,1837
3,24,360000,360000,8547,14244,375000,186
3,240,3600000,3600000,8547,14244,3615000,1846
3,241,3615000,3615000,8547,14244,3630000,1854
3,242,3630000,3630000,8547,14244,3645000,1862
3,243,3645000,3645000,8547,14244,3660000,1868
3,244,3660000,3660000,8547,14244,3675000,1876
3,245,3675000,3675000,8547,14244,3690000,1885
3,246,3690000,3690000,8547,14244,3705000,1892
3,247,3705000,3705000,8547,14244,3720000,1899
3,248,3720000,3720000,8547,14244,3735000,1907
3,249,3735000,3735000,8547,14244,3750000,1916
3,25,375000,375000,8547,14244,390000,196
3,250,3750000,3750000,8547,14244,3765000,1923
3,251,3765000,3765000,8547,14244,3780000,1929
3,252,3780000,3780000,8547,14244,3795000,1937
3,253,3795000,3795000,8547,14244,3810000,1947
3,254,3810000,3810000,8547,14244,3825000,1954
3,255,3825000,3825000,8547,14244,3840000,1960
3,256,3840000,3840000,8547,14244,3855000,1969
3,257,3855000,3855000,8547,14244,3870000,1977
3,258,3870000,3870000,8547,14244,3885000,1984
3,259,3885000,3885000,8547,14244,3900000,1991
3,26,390000,390000,8547,14244,405000,203
3,260,3900000,3900000,8547,14244,3915000,2000
3,261,3915000,3915000,8547,14244,3930000,2008
3,262,3930000,3930000,8547,14244,3945000,2015
3,263,3945000,3945000,8547,14244,3960000,2021
3,264,3960000,3960000,8547,14244,3975000,2030
3,265,3975000,3975000,8547,14244,3990000,2038
3,266,3990000,3990000,8547,14244,4005000,2046
3,267,4005000,4005000,8547,14244,4020000,2053
3,268,4020000,4020000,8547,14244,4035000,2061
3,269,4035000,4035000,8547,14244,4050000,2069
3,27,405000,405000,8547,14244,420000,209
3,270,4050000,4050000,8547,14244,4065000,2076
3,271,4065000,4065000,8547,14244,4080000,2083
3,272,4080000,4080000,8547,14244,4095000,2092
3,273,4095000,4095000,8547,14244,4110000,2100
3,274,4110000,4110000,8547,14244,4125000,2107
3,275,4125000,4125000,8547,14244,4140000,2114
3,276,4140000,4140000,8547,14244,4155000,2122
3,277,4155000,4155000,8547,14244,4170000,2130
3,278,4170000,4170000,8547,14244,4185000,2139
3,279,4185000,4185000,8547,14244,4200000,2145
3,28,420000,420000,8547,14244,435000,217
3,280,4200000,4200000,8547,14244,4215000,2153
3,281,4215000,4215000,8547,14244,4230000,2161
3,282,4230000,4230000,8547,14244,4245000,2169
3,283,4245000,4245000,8547,14244,4260000,2175
3,284,4260000,4260000,8547,14244,4275000,2183
3,285,4275000,4275000,8547,14244,4290000,2192
3,286,4290000,4290000,8547,14244,4305000,2200
3,287,4305000,4305000,8547,14244,4320000,2206
3,288,4320000,4320000,8547,14244,4335000,2214
3,289,4335000,4335000,8547,14244,4350000,2223
3,29,435000,435000,8547,14244,450000,226
3,290,4350000,4350000,8547,14244,4365000,2230
3,291,4365000,4365000,8547,14244,4380000,2237
3,292,4380000,4380000,8547,14244,4395000,2245
3,293,4395000,4395000,8547,14244,4410000,2254
3,294,4410000,4410000,8547,14244,4425000,2261
3,295,4425000,4425000,8547,14244,4440000,2267
3,296,4440000,4440000,8547,14244,4455000,2275
3,297,4455000,4455000,8547,14244,4470000,2285
3,298,4470000,4470000,8547,14244,4485000,2292
3,299,4485000,4485000,8547,14244,4500000,2298
3,3,45000,45000,8547,14244,60000,25
3,30,450000,450000,8547,14244,465000,233
3,300,4500000,4500000,8547,14244,4515000,2307
3,301,4515000,4515000,8547,14244,4530000,2315
3,302,4530000,4530000,8547,14244,4545000,2322
3,303,4545000,4545000,8547,14244,4560000,2328
3,304,4560000,4560000,8547,14244,4575000,2338
3,305,4575000,4575000,8547,14244,4590000,2346
3,306,4590000,4590000,8547,14244,4605000,2353
3,307,4605000,4605000,8547,14244,4620000,2359
3,308,4620000,4620000,8547,14244,4635000,2368
3,309,4635000,4635000,8547,14244,4650000,2376
3,31,465000,465000,8547,14244,480000,240
3,310,4650000,4650000,8547,14244,4665000,2384
3,311,4665000,4665000,8547,14244,4680000,2391
3,312,4680000,4680000,8547,14244,4695000,2399
3,313,4695000,4695000,8547,14244,4710000,2407
3,314,4710000,4710000,8547,14244,4725000,2414
3,315,4725000,4725000,8547,14244,4740000,2421
3,316,4740000,4740000,8547,14244,4755000,2430
3,317,4755000,4755000,8547,14244,4770000,2438
3,318,4770000,4770000,8547,14244,4785000,2445
3,319,4785000,4785000,8547,14244,4800000,2452
3,32,480000,480000,8547,14244,495000,248
3,320,4800000,4800000,8547,14244,4815000,2460
3,321,4815000,4815000,8547,14244,4830000,2468
3,322,4830000,4830000,8547,14244,4845000,2476
3,323,4845000,4845000,8547,14244,4860000,2483
3,324,4860000,4860000,8547,14244,4875000,2491
3,325,4875000,4875000,8547,14244,4890000,2499
3,326,4890000,4890000,8547,14244,4905000,2507
3,327,4905000,4905000,8547,14244,4920000,2513
3,328,4920000,4920000,8547,14244,4935000,2521
3,329,4935000,4935000,8547,14244,4950000,2530
3,33,495000,495000,8547,14244,510000,257
3,330,4950000,4950000,8547,14244,4965000,2538
3,331,4965000,4965000,8547,14244,4980000,2544
3,332,4980000,4980000,8547,14244,4995000,2552
3,333,4995000,4995000,8547,14244,5010000,2561
3,334,5010000,5010000,8547,14244,5025000,2568
3,335,5025000,5025000,8547,14244,5040000,2575
3,336,5040000,5040000,8547,14244,5055000,2583
3,337,5055000,5055000,8547,14244,5070000,2592
3,338,5070000,5070000,8547,14244,5085000,2599
3,339,5085000,5085000,8547,14244,5100000,2605
3,34,510000,510000,8547,14244,525000,264
3,340,5100000,5100000,8547,14244,5115000,2613
3,341,5115000,5115000,8547,14244,5130000,2622
3,342,5130000,5130000,8547,14244,5145000,2630
3,343,5145000,5145000,8547,14244,5160000,2636
3,344,5160000,5160000,8547,14244,5175000,2645
3,345,5175000,5175000,8547,14244,5190000,2653
3,346,5190000,5190000,8547,14244,5205000,2660
3,347,5205000,5205000,8547,14244,5220000,2666
3,348,5220000,5220000,8547,14244,5235000,2676
3,349,5235000,5235000,8547,14244,5250000,2684
3,35,525000,525000,8547,14244,540000,270
3,350,5250000,5250000,8547,14244,5265000,2691
3,351,5265000,5265000,8547,14244,5280000,2697
3,352,5280000,5280000,8547,14244,5295000,2706
3,353,5295000,5295000,8547,14244,5310000,2714
3,354,5310000,5310000,8547,14244,5325000,2722
3,355,5325000,5325000,8547,14244,5340000,2729
3,356,5340000,5340000,8547,14244,5355000,2737
3,357,5355000,5355000,8547,14244,5370000,2745
3,358,5370000,5370000,8547,14244,5385000,2752
3,359,5385000,5385000,8547,14244,5400000,2759
3,36,540000,540000,8547,14244,555000,279
3,360,5400000,5400000,8547,14244,5415000,2767
3,361,5415000,5415000,8547,14244,5430000,2776
3,362,5430000,5430000,8547,14244,5445000,2783
3,363,5445000,5445000,8547,14244,5460000,2790
3,364,5460000,5460000,8547,14244,5475000,2798
3,365,5475000,5475000,8547,14244,5490000,2806
3,366,5490000,5490000,8547,14244,5505000,2814
3,367,5505000,5505000,8547,14244,5520000,2821
3,368,5520000,5520000,8547,14244,5535000,2829
3,369,5535000,5535000,8547,14244,5550000,2837
3,37,555000,555000,8547,14244,570000,287
3,370,5550000,5550000,8547,14244,5565000,2845
3,371,5565000,5565000,8547,14244,5580000,2851
3,372,5580000,5580000,8547,14244,5595000,2859
3,373,5595000,5595000,8547,14244,5610000,2868
3,374,5610000,5610000,8547,14244,5625000,2876
3,375,5625000,5625000,8547,14244,5640000,2882
3,376,5640000,5640000,8547,14244,5655000,2890
3,377,5655000,5655000,8547,14244,5670000,2899
3,378,5670000,5670000,8547,14244,5685000,2906
3,379,5685000,5685000,8547,14244,5700000,2912
3,38,570000,570000,8547,14244,585000,295
3,380,5700000,5700000,8547,14244,5715000,2921
3,381,5715000,5715000,8547,14244,5730000,2930
3,382,5730000,5730000,8547,14244,5745000,2937
3,383,5745000,5745000,8547,14244,5760000,2943
3,384,5760000,5760000,8547,14244,5775000,2951
3,385,5775000,5775000,8547,14244,5790000,2960
3,386,5790000,5790000,8547,14244,5805000,2968
3,387,5805000,5805000,8547,14244,5820000,2974
3,388,5820000,5820000,8547,14244,5835000,2983
3,389,5835000,5835000,8547,14244,5850000,2991
3,39,585000,585000,8547,14244,600000,301
3,390,5850000,5850000,8547,14244,5865000,2998
3,391,5865000,5865000,8547,14244,5880000,3004
3,392,5880000,5880000,8547,14244,5895000,3014
3,393,5895000,5895000,8547,14244,5910000,3022
3,394,5910000,5910000,8547,14244,5925000,3029
3,395,5925000,5925000,8547,14244,5940000,3035
3,396,5940000,5940000,8547,14244,5955000,3044
3,397,5955000,5955000,8547,14244,5970000,3052
3,398,5970000,5970000,8547,14244,5985000,3059
3,399,5985000,5985000,8547,14244,6000000,3067
3,4,60000,60000,8547,14244,75000,33
3,40,600000,600000,8547,14244,615000,310
3,400,6000000,6000000,8547,14244,6015000,3075
3,401,6015000,6015000,8547,14244,6030000,3083
3,402,6030000,6030000,8547,14244,6045000,3090
3,403,6045000,6045000,8547,14244,6060000,3097
3,404,6060000,6060000,8547,14244,6075000,3105
3,405,6075000,6075000,8547,14244,6090000,3114
3,406,6090000,6090000,8547,14244,6105000,3121
3,407,6105000,6105000,8547,14244,6120000,3128
3,408,6120000,6120000,8547,14244,6135000,3136
3,409,6135000,6135000,8547,14244,6150000,3144
3,41,615000,615000,8547,14244,630000,318
3,410,6150000,6150000,8547,14244,6165000,3152
3,411,6165000,6165000,8547,14244,6180000,3159
3,412,6180000,6180000,8547,14244,6195000,3167
3,413,6195000,6195000,8547,14244,6210000,3175
3,414,6210000,6210000,8547,14244,6225000,3183
3,415,6225000,6225000,8547,14244,6240000,3189
3,416,6240000,6240000,8547,14244,6255000,3197
3,417,6255000,6255000,8547,14244,6270000,3205
3,418,6270000,6270000,8547,14244,6285000,3214
3,419,6285000,6285000,8547,14244,6300000,3220
3,42,630000,630000,8547,14244,645000,325
3,420,6300000,6300000,8547,14244,6315000,3228
3,421,6315000,6315000,8547,14244,6330000,3237
3,422,6330000,6330000,8547,14244,6345000,3244
3,423,6345000,6345000,8547,14244,6360000,3250
3,424,6360000,6360000,8547,14244,6375000,3259
3,425,6375000,6375000,8547,14244,6390000,3268
3,426,6390000,6390000,8547,14244,6405000,3275
3,427,6405000,6405000,8547,14244,6420000,3281
3,428,6420000,6420000,8547,14244,6435000,3289
3,429,6435000,6435000,8547,14244,6450000,3298
3,43,645000,645000,8547,14244,660000,331
3,430,6450000,6450000,8547,14244,6465000,3306
3,431,6465000,6465000,8547,14244,6480000,3312
3,432,6480000,6480000,8547,14244,6495000,3321
3,433,6495000,6495000,8547,14244,6510000,3329
3,434,6510000,6510000,8547,14244,6525000,3336
3,435,6525000,6525000,8547,14244,6540000,3342
3,436,6540000,6540000,8547,14244,6555000,3351
3,437,6555000,6555000,8547,14244,6570000,3360
3,438,6570000,6570000,8547,14244,6585000,3367
3,439,6585000,6585000,8547,14244,6600000,3373
3,44,660000,660000,8547,14244,675000,341
3,440,6600000,6600000,8547,14244,6615000,3382
3,441,6615000,6615000,8547,14244,6630000,3390
3,442,6630000,6630000,8547,14244,6645000,3397
3,443,6645000,6645000,8547,14244,6660000,3405
3,444,6660000,6660000,8547,14244,6675000,3413
3,445,6675000,6675000,8547,14244,6690000,3421
3,446,6690000,6690000,8547,14244,6705000,3428
3,447,6705000,6705000,8547,14244,6720000,3435
3,448,6720000,6720000,8547,14244,6735000,3443
3,449,6735000,6735000,8547,14244,6750000,3452
3,45,675000,675000,8547,14244,690000,349
3,450,6750000,6750000,8547,14244,6765000,3459
3,451,6765000,6765000,8547,14244,6780000,3466
3,452,6780000,6780000,8547,14244,6795000,3474
3,453,6795000,6795000,8547,14244,6810000,3482
3,454,6810000,6810000,8547,14244,6825000,3490
3,455,6825000,6825000,8547,14244,6840000,3496
3,456,6840000,6840000,8547,14244,6855000,3505
3,457,6855000,6855000,8547,14244,6870000,3513
3,458,6870000,6870000,8547,14244,6885000,3521
3,459,6885000,6885000,8547,14244,6900000,3527
3,46,690000,690000,8547,14244,705000,356
3,460,6900000,6900000,8547,14244,6915000,3535
3,461,6915000,6915000,8547,14244,6930000,3543
3,462,6930000,6930000,8547,14244,6945000,3552
3,463,6945000,6945000,8547,14244,6960000,3558
3,464,6960000,6960000,8547,14244,6975000,3566
3,465,6975000,6975000,8547,14244,6990000,3575
3,466,6990000,6990000,8547,14244,7005000,3582
3,467,7005000,7005000,8547,14244,7020000,3588
3,468,7020000,7020000,8547,14244,7035000,3597
3,469,7035000,7035000,8547,14244,7050000,3606
3,47,705000,705000,8547,14244,720000,363
3,470,7050000,7050000,8547,14244,7065000,3613
3,471,7065000,7065000,8547,14244,7080000,3619
3,472,7080000,7080000,8547,14244,7095000,3627
3,473,7095000,7095000,8547,14244,7110000,3636
3,474,7110000,7110000,8547,14244,7125000,3643
3,475,7125000,7125000,8547,14244,7140000,3650
3,476,7140000,7140000,8547,14244,7155000,3659
3,477,7155000,7155000,8547,14244,7170000,3667
3,478,7170000,7170000,8547,14244,7185000,3674
3,479,7185000,7185000,8547,14244,7200000,3680
3,48,720000,720000,8547,14244,735000,371
3,480,7200000,7200000,8547,14244,7215000,3689
3,481,7215000,7215000,8547,14244,7230000,3698
3,482,7230000,7230000,8547,14244,7245000,3705
3,483,7245000,7245000,8547,14244,7260000,3711
3,484,7260000,7260000,8547,14244,7275000,3720
3,485,7275000,7275000,8547,14244,7290000,3728
3,486,7290000,7290000,8547,14244,7305000,3735
3,487,7305000,7305000,8547,14244,7320000,3743
3,488,7320000,7320000,8547,14244,7335000,3751
3,489,7335000,7335000,8547,14244,7350000,3759
3,49,735000,735000,8547,14244,750000,379
3,490,7350000,7350000,8547,14244,7365000,3766
3,491,7365000,7365000,8547,14244,7380000,3773
3,492,7380000,7380000,8547,14244,7395000,3781
3,493,7395000,7395000,8547,14244,7410000,3789
3,494,7410000,7410000,8547,14244,7425000,3797
3,495,7425000,7425000,8547,14244,7440000,3804
3,496,7440000,7440000,8547,14244,7455000,3812
3,497,7455000,7455000,8547,14244,7470000,3820
3,498,7470000,7470000,8547,14244,7485000,3828
3,499,7485000,7485000,8547,14244,7500000,3834
3,5,75000,75000,8547,14244,90000,41
3,50,750000,750000,8547,14244,765000,387
3,500,7500000,7500000,8547,14244,7515000,3843
3,501,7515000,7515000,8547,14244,7530000,3851
3,502,7530000,7530000,8547,14244,7545000,3859
3,503,7545000,7545000,8547,14244,7560000,3865
3,504,7560000,7560000,8547,14244,7575000,3873
3,505,7575000,7575000,8547,14244,7590000,3881
3,506,7590000,7590000,8547,14244,7605000,3890
3,507,7605000,7605000,8547,14244,7620000,3896
3,508,7620000,7620000,8547,14244,7635000,3904
3,509,7635000,7635000,8547,14244,7650000,3913
3,51,765000,765000,8547,14244,780000,394
3,510,7650000,7650000,8547,14244,7665000,3920
3,511,7665000,7665000,8547,14244,7680000,3926
3,512,7680000,7680000,8547,14244,7695000,3934
3,513,7695000,7695000,8547,14244,7710000,3944
3,514,7710000,7710000,8547,14244,7725000,3951
3,515,7725000,7725000,8547,14244,7740000,3957
3,516,7740000,7740000,8547,14244,7755000,3965
3,517,7755000,7755000,8547,14244,7770000,3974
3,518,7770000,7770000,8547,14244,7785000,3981
3,519,7785000,7785000,8547,14244,7800000,3988
3,52,780000,780000,8547,14244,795000,402
3,520,7800000,7800000,8547,14244,7815000,3997
3,521,7815000,7815000,8547,14244,7830000,4005
3,522,7830000,7830000,8547,14244,7845000,4012
3,523,7845000,7845000,8547,14244,7860000,4018
3,524,7860000,7860000,8547,14244,7875000,4027
3,525,7875000,7875000,8547,14244,7890000,4036
3,526,7890000,7890000,8547,14244,7905000,4043
3,527,7905000,7905000,8547,14244,7920000,4049
3,528,7920000,7920000,8547,14244,7935000,4058
3,529,7935000,7935000,8547,14244,7950000,4066
3,53,795000,795000,8547,14244,810000,410
3,530,7950000,7950000,8547,14244,7965000,4073
3,531,7965000,7965000,8547,14244,7980000,4080
3,532,7980000,7980000,8547,14244,7995000,4089
3,533,7995000,7995000,8547,14244,8010000,4097
3,534,8010000,8010000,8547,14244,8025000,4104
3,535,8025000,8025000,8547,14244,8040000,4111
3,536,8040000,8040000,8547,14244,8055000,4119
3,537,8055000,8055000,8547,14244,8070000,4127
3,538,8070000,8070000,8547,14244,8085000,4135
3,539,8085000,8085000,8547,14244,8100000,4142
3,54,810000,810000,8547,14244,825000,417
3,540,8100000,8100000,8547,14244,8115000,4150
3,541,8115000,8115000,8547,14244,8130000,4158
3,542,8130000,8130000,8547,14244,8145000,4166
3,543,8145000,8145000,8547,14244,8160000,4172
3,544,8160000,8160000,8547,14244,8175000,4181
3,545,8175000,8175000,8547,14244,8190000,4189
3,546,8190000,8190000,8547,14244,8205000,4197
3,547,8205000,8205000,8547,14244,8220000,4203
3,548,8220000,8220000,8547,14244,8235000,4211
3,549,8235000,8235000,8547,14244,8250000,4219
3,55,825000,825000,8547,14244,840000,424
3,550,8250000,8250000,8547,14244,8265000,4227
3,551,8265000,8265000,8547,14244,8280000,4234
3,552,8280000,8280000,8547,14244,8295000,4242
3,553,8295000,8295000,8547,14244,8310000,4251
3,554,8310000,8310000,8547,14244,8325000,4258
3,555,8325000,8325000,8547,14244,8340000,4264
3,556,8340000,8340000,8547,14244,8355000,4272
3,557,8355000,8355000,8547,14244,8370000,4282
3,558,8370000,8370000,8547,14244,8385000,4289
3,559,8385000,8385000,8547,14244,8400000,4295
3,56,840000,840000,8547,14244,855000,432
3,560,8400000,8400000,8547,14244,8415000,4303
3,561,8415000,8415000,8547,14244,8430000,4312
3,562,8430000,8430000,8547,14244,8445000,4319
3,563,8445000,8445000,8547,14244,8460000,4326
3,564,8460000,8460000,8547,14244,8475000,4335
3,565,8475000,8475000,8547,14244,8490000,4343
3,566,8490000,8490000,8547,14244,8505000,4350
3,567,8505000,8505000,8547,14244,8520000,4356
3,568,8520000,8520000,8547,14244,8535000,4365
3,569,8535000,8535000,8547,14244,8550000,4373
3,57,855000,855000,8547,14244,870000,441
3,570,8550000,8550000,8547,14244,8565000,4381
3,571,8565000,8565000,8547,14244,8580000,4387
3,572,8580000,8580000,8547,14244,8595000,4396
3,573,8595000,8595000,8547,14244,8610000,4404
3,574,8610000,8610000,8547,14244,8625000,4411
3,575,8625000,8625000,8547,14244,8640000,4418
3,576,8640000,8640000,8547,14244,8655000,4427
3,577,8655000,8655000,8547,14244,8670000,4435
3,578,8670000,8670000,8547,14244,8685000,4442
3,579,8685000,8685000,8547,14244,8700000,4449
3,58,870000,870000,8547,14244,885000,449
3,580,8700000,8700000,8547,14244,8715000,4457
3,581,8715000,8715000,8547,14244,8730000,4465
3,582,8730000,8730000,8547,14244,8745000,4473
3,583,8745000,8745000,8547,14244,8760000,4480
3,584,8760000,8760000,8547,14244,8775000,4488
3,585,8775000,8775000,8547,14244,8790000,4496
3,586,8790000,8790000,8547,14244,8805000,4504
3,587,8805000,8805000,8547,14244,8820000,4510
3,588,8820000,8820000,8547,14244,8835000,4518
3,589,8835000,8835000,8547,14244,8850000,4527
3,59,885000,885000,8547,14244,900000,455
3,590,8850000,8850000,8547,14244,8865000,4535
3,591,8865000,8865000,8547,14244,8880000,4541
3,592,8880000,8880000,8547,14244,8895000,4549
3,593,8895000,8895000,8547,14244,8910000,4557
3,594,8910000,8910000,8547,14244,8925000,4565
3,595,8925000,8925000,8547,14244,8940000,4572
3,596,8940000,8940000,8547,14244,8955000,4580
3,597,8955000,8955000,8547,14244,8970000,4589
3,598,8970000,8970000,8547,14244,8985000,4596
3,599,8985000,8985000,8547,14244,9000000,4602
3,6,90000,90000,8547,14244,105000,49
3,60,900000,900000,8547,14244,915000,463
3,600,9000000,9000000,8547,14244,9015000,4610
3,601,9015000,9015000,8547,14244,9030000,4620
3,602,9030000,9030000,8547,14244,9045000,4627
3,603,9045000,9045000,8547,14244,9060000,4633
3,604,9060000,9060000,8547,14244,9075000,4641
3,605,9075000,9075000,8547,14244,9090000,4650
3,606,9090000,9090000,8547,14244,9105000,4657
3,607,9105000,9105000,8547,14244,9120000,4663
3,608,9120000,9120000,8547,14244,9135000,4673
3,609,9135000,9135000,8547,14244,9150000,4681
3,61,915000,915000,8547,14244,930000,471
3,610,9150000,9150000,8547,14244,9165000,4688
3,611,9165000,9165000,8547,14244,9180000,4694
3,612,9180000,9180000,8547,14244,9195000,4703
3,613,9195000,9195000,8547,14244,9210000,4711
3,614,9210000,9210000,8547,14244,9225000,4719
3,615,9225000,9225000,8547,14244,9240000,4725
3,616,9240000,9240000,8547,14244,9255000,4734
3,617,9255000,9255000,8547,14244,9270000,4742
3,618,9270000,9270000,8547,14244,9285000,4749
3,619,9285000,9285000,8547,14244,9300000,4756
3,62,930000,930000,8547,14244,945000,479
3,620,9300000,9300000,8547,14244,9315000,4765
3,621,9315000,9315000,8547,14244,9330000,4773
3,622,9330000,9330000,8547,14244,9345000,4780
3,623,9345000,9345000,8547,14244,9360000,4787
3,624,9360000,9360000,8547,14244,9375000,4795
3,625,9375000,9375000,8547,14244,9390000,4803
3,626,9390000,9390000,8547,14244,9405000,4810
3,627,9405000,9405000,8547,14244,9420000,4818
3,628,9420000,9420000,8547,14244,9435000,4826
3,629,9435000,9435000,8547,14244,9450000,4834
3,63,945000,945000,8547,14244,960000,486
3,630,9450000,9450000,8547,14244,9465000,4842
3,631,9465000,9465000,8547,14244,9480000,4848
3,632,9480000,9480000,8547,14244,9495000,4856
3,633,9495000,9495000,8547,14244,9510000,4865
3,634,9510000,9510000,8547,14244,9525000,4873
3,635,9525000,9525000,8547,14244,9540000,4879
3,636,9540000,9540000,8547,14244,9555000,4887
3,637,9555000,9555000,8547,14244,9570000,4895
3,638,9570000,9570000,8547,14244,9585000,4903
3,639,9585000,9585000,8547,14244,9600000,4910
3,64,960000,960000,8547,14244,975000,494
3,640,9600000,9600000,8547,14244,9615000,4918
3,641,9615000,9615000,8547,14244,9630000,4927
3,642,9630000,9630000,8547,14244,9645000,4934
3,643,9645000,9645000,8547,14244,9660000,4940
3,644,9660000,9660000,8547,14244,9675000,4948
3,645,9675000,9675000,8547,14244,9690000,4957
3,646,9690000,9690000,8547,14244,9705000,4965
3,647,9705000,9705000,8547,14244,9720000,4971
3,648,9720000,9720000,8547,14244,9735000,4979
3,649,9735000,9735000,8547,14244,9750000,4988
3,65,975000,975000,8547,14244,990000,502
3,650,9750000,9750000,8547,14244,9765000,4995
3,651,9765000,9765000,8547,14244,9780000,5001
3,652,9780000,9780000,8547,14244,9795000,5011
3,653,9795000,9795000,8547,14244,9810000,5019
3,654,9810000,9810000,8547,14244,9825000,5026
3,655,9825000,9825000,8547,14244,9840000,5032
3,656,9840000,9840000,8547,14244,9855000,5041
3,657,9855000,9855000,8547,14244,9870000,5049
3,658,9870000,9870000,8547,14244,9885000,5057
3,659,9885000,9885000,8547,14244,9900000,5063
3,66,990000,990000,8547,14244,1005000,510
3,660,9900000,9900000,8547,14244,9915000,5072
3,661,9915000,9915000,8547,14244,9930000,5080
3,662,9930000,9930000,8547,14244,9945000,5087
3,663,9945000,9945000,8547,14244,9960000,5094
3,664,9960000,9960000,8547,14244,9975000,5102
3,665,9975000,9975000,8547,14244,9990000,5111
3,666,9990000,9990000,8547,14244,10005000,5118
3,667,10005000,10005000,8547,14244,10020000,5125
3,668,10020000,10020000,8547,14244,10035000,5133
3,669,10035000,10035000,8547,14244,10050000,5141
3,67,1005000,1005000,8547,14244,1020000,516
3,670,10050000,10050000,8547,14244,10065000,5148
3,671,10065000,10065000,8547,14244,10080000,5156
3,672,10080000,10080000,8547,14244,10095000,5164
3,673,10095000,10095000,8547,14244,10110000,5172
3,674,10110000,10110000,8547,14244,10125000,5180
3,675,10125000,10125000,8547,14244,10140000,5186
3,676,10140000,10140000,8547,14244,10155000,5194
3,677,10155000,10155000,8547,14244,10170000,5203
3,678,10170000,10170000,8547,14244,10185000,5211
3,679,10185000,10185000,8547,14244,10200000,5217
3,68,1020000,1020000,8547,14244,1035000,524
3,680,10200000,10200000,8547,14244,10215000,5225
3,681,10215000,10215000,8547,14244,10230000,5233
3,682,10230000,10230000,8547,14244,10245000,5241
3,683,10245000,10245000,8547,14244,10260000,5247
3,684,10260000,10260000,8547,14244,10275000,5256
3,685,10275000,10275000,8547,14244,10290000,5265
3,686,10290000,10290000,8547,14244,10305000,5272
3,687,10305000,10305000,8547,14244,10320000,5278
3,688,10320000,10320000,8547,14244,10335000,5286
3,689,10335000,10335000,8547,14244,10350000,5295
3,69,1035000,1035000,8547,14244,1050000,534
3,690,10350000,10350000,8547,14244,10365000,5303
3,691,10365000,10365000,8547,14244,10380000,5309
3,692,10380000,10380000,8547,14244,10395000,5317
3,693,10395000,10395000,8547,14244,10410000,5326
3,694,10410000,10410000,8547,14244,10425000,5333
3,695,10425000,10425000,8547,14244,10440000,5339
3,696,10440000,10440000,8547,14244,10455000,5349
3,697,10455000,10455000,8547,14244,10470000,5357
3,698,10470000,10470000,8547,14244,10485000,5364
3,699,10485000,10485000,8547,14244,10500000,5370
3,7,105000,105000,8547,14244,120000,56
3,70,1050000,1050000,8547,14244,1065000,541
3,700,10500000,10500000,8547,14244,10515000,5379
3,701,10515000,10515000,8547,14244,10530000,5387
3,702,10530000,10530000,8547,14244,10545000,5394
3,703,10545000,10545000,8547,14244,10560000,5401
3,704,10560000,10560000,8547,14244,10575000,5410
3,705,10575000,10575000,8547,14244,10590000,5418
3,706,10590000,10590000,8547,14244,10605000,5425
3,707,10605000,10605000,8547,14244,10620000,5432
3,708,10620000,10620000,8547,14244,10635000,5440
3,709,10635000,10635000,8547,14244,10650000,5449
3,71,1065000,1065000,8547,14244,1080000,547
3,710,10650000,10650000,8547,14244,10665000,5456
3,711,10665000,10665000,8547,14244,10680000,5463
3,712,10680000,10680000,8547,14244,10695000,5471
3,713,10695000,10695000,8547,14244,10710000,5479
3,714,10710000,10710000,8547,14244,10725000,5486
3,715,10725000,10725000,8547,14244,10740000,5494
3,716,10740000,10740000,8547,14244,10755000,5502
3,717,10755000,10755000,8547,14244,10770000,5510
3,718,10770000,10770000,8547,14244,10785000,5518
3,719,10785000,10785000,8547,14244,10800000,5524
3,72,1080000,1080000,8547,14244,1095000,555
3,720,10800000,10800000,8547,14244,10815000,5532
3,721,10815000,10815000,8547,14244,10830000,5540
3,722,10830000,10830000,8547,14244,10845000,5549
3,723,10845000,10845000,8547,14244,10860000,5555
3,724,10860000,10860000,8547,14244,10875000,5563
3,725,10875000,10875000,8547,14244,10890000,5571
3,726,10890000,10890000,8547,14244,10905000,5579
3,727,10905000,10905000,8547,14244,10920000,5585
3,728,10920000,10920000,8547,14244,10935000,5594
3,729,10935000,10935000,8547,14244,10950000,5603
3,73,1095000,1095000,8547,14244,1110000,564
3,730,10950000,10950000,8547,14244,10965000,5610
3,731,10965000,10965000,8547,14244,10980000,5616
3,732,10980000,10980000,8547,14244,10995000,5624
3,733,10995000,10995000,8547,14244,11010000,5633
3,734,11010000,11010000,8547,14244,11025000,5641
3,735,11025000,11025000,8547,14244,11040000,5647
3,736,11040000,11040000,8547,14244,11055000,5655
3,737,11055000,11055000,8547,14244,11070000,5664
3,738,11070000,11070000,8547,14244,11085000,5671
3,739,11085000,11085000,8547,14244,11100000,5677
3,74,1110000,1110000,8547,14244,1125000,571
3,740,11100000,11100000,8547,14244,11115000,5686
3,741,11115000,11115000,8547,14244,11130000,5695
3,742,11130000,11130000,8547,14244,11145000,5702
3,743,11145000,11145000,8547,14244,11160000,5708
3,744,11160000,11160000,8547,14244,11175000,5717
3,745,11175000,11175000,8547,14244,11190000,5725
3,746,11190000,11190000,8547,14244,11205000,5732
3,747,11205000,11205000,8547,14244,11220000,5739
3,748,11220000,11220000,8547,14244,11235000,5748
3,749,11235000,11235000,8547,14244,11250000,5756
3,75,1125000,1125000,8547,14244,1140000,577
3,750,11250000,11250000,8547,14244,11265000,5763
3,751,11265000,11265000,8547,14244,11280000,5770
3,752,11280000,11280000,8547,14244,11295000,5778
3,753,11295000,11295000,8547,14244,11310000,5787
3,754,11310000,11310000,8547,14244,11325000,5794
3,755,11325000,11325000,8547,14244,11340000,5801
3,756,11340000,11340000,8547,14244,11355000,5809
3,757,11355000,11355000,8547,14244,11370000,5817
3,758,11370000,11370000,8547,14244,11385000,5824
3,759,11385000,11385000,8547,14244,11400000,5831
3,76,1140000,1140000,8547,14244,1155000,586
3,760,11400000,11400000,8547,14244,11415000,5840
3,761,11415000,11415000,8547,14244,11430000,5848
3,762,11430000,11430000,8547,14244,11445000,5856
3,763,11445000,11445000,8547,14244,11460000,5862
3,764,11460000,11460000,8547,14244,11475000,5870
3,765,11475000,11475000,8547,14244,11490000,5878
3,766,11490000,11490000,8547,14244,11505000,5887
3,767,11505000,11505000,8547,14244,11520000,5893
3,768,11520000,11520000,8547,14244,11535000,5901
3,769,11535000,11535000,8547,14244,11550000,5909
3,77,1155000,1155000,8547,14244,1170000,595
3,770,11550000,11550000,8547,14244,11565000,5917
3,771,11565000,11565000,8547,14244,11580000,5923
3,772,11580000,11580000,8547,14244,11595000,5932
3,773,11595000,11595000,8547,14244,11610000,5941
3,774,11610000,11610000,8547,14244,11625000,5948
3,775,11625000,11625000,8547,14244,11640000,5954
3,776,11640000,11640000,8547,14244,11655000,5962
3,777,11655000,11655000,8547,14244,11670000,5971
3,778,11670000,11670000,8547,14244,11685000,5978
3,779,11685000,11685000,8547,14244,11700000,5985
3,78,1170000,1170000,8547,14244,1185000,602
3,780,11700000,11700000,8547,14244,11715000,5993
3,781,11715000,11715000,8547,14244,11730000,6002
3,782,11730000,11730000,8547,14244,11745000,6009
3,783,11745000,11745000,8547,14244,11760000,6015
3,784,11760000,11760000,8547,14244,11775000,6024
3,785,11775000,11775000,8547,14244,11790000,6033
3,786,11790000,11790000,8547,14244,11805000,6040
3,787,11805000,11805000,8547,14244,11820000,6046
3,788,11820000,11820000,8547,14244,11835000,6055
3,789,11835000,11835000,8547,14244,11850000,6063
3,79,1185000,1185000,8547,14244,1200000,608
3,790,11850000,11850000,8547,14244,11865000,6070
3,791,11865000,11865000,8547,14244,11880000,6077
3,792,11880000,11880000,8547,14244,11895000,6086
3,793,11895000,11895000,8547,14244,11910000,6094
3,794,11910000,11910000,8547,14244,11925000,6101
3,795,11925000,11925000,8547,14244,11940000,6108
3,796,11940000,11940000,8547,14244,11955000,6116
3,797,11955000,11955000,8547,14244,11970000,6124
3,798,11970000,11970000,8547,14244,11985000,6132
3,799,11985000,11985000,8547,14244,12000000,6139
3,8,120000,120000,8547,14244,135000,64
3,80,1200000,1200000,8547,14244,1215000,617
3,800,12000000,12000000,8547,14244,12015000,6147
3,801,12015000,12015000,8547,14244,12030000,6155
3,802,12030000,12030000,8547,14244,12045000,6162
3,803,12045000,12045000,8547,14244,12060000,6169
3,804,12060000,12060000,8547,14244,12075000,6178
3,805,12075000,12075000,8547,14244,12090000,6186
3,806,12090000,12090000,8547,14244,12105000,6194
3,807,12105000,12105000,8547,14244,12120000,6200
3,808,12120000,12120000,8547,14244,12135000,6208
3,809,12135000,12135000,8547,14244,12150000,6216
3,81,1215000,1215000,8547,14244,1230000,625
3,810,12150000,12150000,8547,14244,12165000,6225
3,811,12165000,12165000,8547,14244,12180000,6231
3,812,12180000,12180000,8547,14244,12195000,6239
3,813,12195000,12195000,8547,14244,12210000,6247
3,814,12210000,12210000,8547,14244,12225000,6255
3,815,12225000,12225000,8547,14244,12240000,6261
3,816,12240000,12240000,8547,14244,12255000,6269
3,817,12255000,12255000,8547,14244,12270000,6279
3,818,12270000,12270000,8547,14244,12285000,6286
3,819,12285000,12285000,8547,14244,12300000,6292
3,82,1230000,1230000,8547,14244,1245000,633
3,820,12300000,12300000,8547,14244,12315000,6300
3,821,12315000,12315000,8547,14244,12330000,6309
3,822,12330000,12330000,8547,14244,12345000,6316
3,823,12345000,12345000,8547,14244,12360000,6323
3,824,12360000,12360000,8547,14244,12375000,6331
3,825,12375000,12375000,8547,14244,12390000,6340
3,826,12390000,12390000,8547,14244,12405000,6347
3,827,12405000,12405000,8547,14244,12420000,6353
3,828,12420000,12420000,8547,14244,12435000,6362
3,829,12435000,12435000,8547,14244,12450000,6371
3,83,1245000,1245000,8547,14244,1260000,639
3,830,12450000,12450000,8547,14244,12465000,6378
3,831,12465000,12465000,8547,14244,12480000,6384
3,832,12480000,12480000,8547,14244,12495000,6393
3,833,12495000,12495000,8547,14244,12510000,6401
3,834,12510000,12510000,8547,14244,12525000,6408
3,835,12525000,12525000,8547,14244,12540000,6414
3,84,1260000,1260000,8547,14244,1275000,648
3,85,1275000,1275000,8547,14244,1290000,656
3,86,1290000,1290000,8547,14244,1305000,663
3,87,1305000,1305000,8547,14244,1320000,669
3,88,1320000,1320000,8547,14244,1335000,679
3,89,1335000,1335000,8547,14244,1350000,687
3,9,135000,135000,8547,14244,150000,72
3,90,1350000,1350000,8547,14244,1365000,694
3,91,1365000,1365000,8547,14244,1380000,701
3,92,1380000,1380000,8547,14244,1395000,709
3,93,1395000,1395000,8547,14244,1410000,717
3,94,1410000,1410000,8547,14244,1425000,724
3,95,1425000,1425000,8547,14244,1440000,732
3,96,1440000,1440000,8547,14244,1455000,740
3,97,1455000,1455000,8547,14244,1470000,748
3,98,1470000,1470000,8547,14244,1485000,755
3,99,1485000,1485000,8547,14244,1500000,762
4,0,0,0,6681,11135,20000,6
4,1,20000,20000,6681,11135,40000,15
4,10,200000,200000,6681,11135,220000,107
4,100,2000000,2000000,6681,11135,2020000,1029
4,101,2020000,2020000,6681,11135,2040000,1040
4,102,2040000,2040000,6681,11135,2060000,1050
4,103,2060000,2060000,6681,11135,2080000,1059
4,104,2080000,2080000,6681,11135,2100000,1071
4,105,2100000,2100000,6681,11135,2120000,1081
4,106,2120000,2120000,6681,11135,2140000,1090
4,107,2140000,2140000,6681,11135,2160000,1101
4,108,2160000,2160000,6681,11135,2180000,1111
4,109,2180000,2180000,6681,11135,2200000,1121
4,11,220000,220000,6681,11135,240000,118
4,110,2200000,2200000,6681,11135,2220000,1132
4,111,2220000,2220000,6681,11135,2240000,1142
4,112,2240000,2240000,6681,11135,2260000,1152
4,113,2260000,2260000,6681,11135,2280000,1162
4,114,2280000,2280000,6681,11135,2300000,1173
4,115,2300000,2300000,6681,11135,2320000,1183
4,116,2320000,2320000,6681,11135,2340000,1193
4,117,2340000,2340000,6681,11135,2360000,1203
4,118,2360000,2360000,6681,11135,2380000,1214
4,119,2380000,2380000,6681,11135,2400000,1224
4,12,240000,240000,6681,11135,260000,128
4,120,2400000,2400000,6681,11135,2420000,1234
4,121,2420000,2420000,6681,11135,2440000,1244
4,122,2440000,2440000,6681,11135,2460000,1254
4,123,2460000,2460000,6681,11135,2480000,1266
4,124,2480000,2480000,6681,11135,2500000,1275
4,125,2500000,2500000,6681,11135,2520000,1285
4,126,2520000,2520000,6681,11135,2540000,1296
4,127,2540000,2540000,6681,11135,2560000,1305
4,128,2560000,2560000,6681,11135,2580000,1316
4,129,2580000,2580000,6681,11135,2600000,1327
4,13,260000,260000,6681,11135,280000,138
4,130,2600000,2600000,6681,11135,2620000,1336
4,131,2620000,2620000,6681,11135,2640000,1346
4,132,2640000,2640000,6681,11135,2660000,1357
4,133,2660000,2660000,6681,11135,2680000,1367
4,134,2680000,2680000,6681,11135,2700000,1378
4,135,2700000,2700000,6681,11135,2720000,1388
4,136,2720000,2720000,6681,11135,2740000,1397
4,137,2740000,2740000,6681,11135,2760000,1409
4,138,2760000,2760000,6681,11135,2780000,1419
4,139,2780000,2780000,6681,11135,2800000,1428
4,14,280000,280000,6681,11135,300000,149
4,140,2800000,2800000,6681,11135,2820000,1439
4,141,2820000,2820000,6681,11135,2840000,1449
4,142,2840000,2840000,6681,11135,2860000,1459
4,143,2860000,2860000,6681,11135,2880000,1470
4,144,2880000,2880000,6681,11135,2900000,1480
4,145,2900000,2900000,6681,11135,2920000,1490
4,146,2920000,2920000,6681,11135,2940000,1500
4,147,2940000,2940000,6681,11135,2960000,1511
4,148,2960000,2960000,6681,11135,2980000,1521
4,149,2980000,2980000,6681,11135,3000000,1531
4,15,300000,300000,6681,11135,320000,159
4,150,3000000,3000000,6681,11135,3020000,1541
4,151,3020000,3020000,6681,11135,3040000,1551
4,152,3040000,3040000,6681,11135,3060000,1562
4,153,3060000,3060000,6681,11135,3080000,1572
4,154,3080000,3080000,6681,11135,3100000,1582
4,155,3100000,3100000,6681,11135,3120000,1592
4,156,3120000,3120000,6681,11135,3140000,1604
4,157,3140000,3140000,6681,11135,3160000,1613
4,158,3160000,3160000,6681,11135,3180000,1623
4,159,3180000,3180000,6681,11135,3200000,1634
4,16,320000,320000,6681,11135,340000,169
4,160,3200000,3200000,6681,11135,3220000,1643
4,161,3220000,3220000,6681,11135,3240000,1654
4,162,3240000,3240000,6681,11135,3260000,1665
4,163,3260000,3260000,6681,11135,3280000,1674
4,164,3280000,3280000,6681,11135,3300000,1684
4,165,3300000,3300000,6681,11135,3320000,1695
4,166,3320000,3320000,6681,11135,3340000,1705
4,167,3340000,3340000,6681,11135,3360000,1716
4,168,3360000,3360000,6681,11135,3380000,1726
4,169,3380000,3380000,6681,11135,3400000,1735
4,17,340000,340000,6681,11135,360000,179
4,170,3400000,3400000,6681,11135,3420000,1746
4,171,3420000,3420000,6681,11135,3440000,1757
4,172,3440000,3440000,6681,11135,3460000,1766
4,173,3460000,3460000,6681,11135,3480000,1777
4,174,3480000,3480000,6681,11135,3500000,1787
4,175,3500000,3500000,6681,11135,3520000,1797
4,176,3520000,3520000,6681,11135,3540000,1808
4,177,3540000,3540000,6681,11135,3560000,1818
4,178,3560000,3560000,6681,11135,3580000,1828
4,179,3580000,3580000,6681,11135,3600000,1838
4,18,360000,360000,6681,11135,380000,189
4,180,3600000,3600000,6681,11135,3620000,1849
4,181,3620000,3620000,6681,11135,3640000,1859
4,182,3640000,3640000,6681,11135,3660000,1869
4,183,3660000,3660000,6681,11135,3680000,1879
4,184,3680000,3680000,6681,11135,3700000,1889
4,185,3700000,3700000,6681,11135,3720000,1900
4,186,3720000,3720000,6681,11135,3740000,1910
4,187,3740000,3740000,6681,11135,3760000,1920
4,188,3760000,3760000,6681,11135,3780000,1930
4,189,3780000,3780000,6681,11135,3800000,1941
4,19,380000,380000,6681,11135,400000,200
4,190,3800000,3800000,6681,11135,3820000,1951
4,191,3820000,3820000,6681,11135,3840000,1961
4,192,3840000,3840000,6681,11135,3860000,1972
4,193,3860000,3860000,6681,11135,3880000,1981
4,194,3880000,3880000,6681,11135,3900000,1992
4,195,3900000,3900000,6681,11135,3920000,2003
4,196,3920000,3920000,6681,11135,3940000,2012
4,197,3940000,3940000,6681,11135,3960000,2022
4,198,3960000,3960000,6681,11135,3980000,2033
4,199,3980000,3980000,6681,11135,4000000,2043
4,2,40000,40000,6681,11135,60000,26
4,20,400000,400000,6681,11135,420000,210
4,200,4000000,4000000,6681,11135,4020000,2054
4,201,4020000,4020000,6681,11135,4040000,2064
4,202,4040000,4040000,6681,11135,4060000,2073
4,203,4060000,4060000,6681,11135,4080000,2084
4,204,4080000,4080000,6681,11135,4100000,2095
4,205,4100000,4100000,6681,11135,4120000,2104
4,206,4120000,4120000,6681,11135,4140000,2115
4,207,4140000,4140000,6681,11135,4160000,2125
4,208,4160000,4160000,6681,11135,4180000,2134
4,209,4180000,4180000,6681,11135,4200000,2146
4,21,420000,420000,6681,11135,440000,220
4,210,4200000,4200000,6681,11135,4220000,2156
4,211,4220000,4220000,6681,11135,4240000,2166
4,212,4240000,4240000,6681,11135,4260000,2176
4,213,4260000,4260000,6681,11135,4280000,2187
4,214,4280000,4280000,6681,11135,4300000,2197
4,215,4300000,4300000,6681,11135,4320000,2207
4,216,4320000,4320000,6681,11135,4340000,2217
4,217,4340000,4340000,6681,11135,4360000,2227
4,218,4360000,4360000,6681,11135,4380000,2238
4,219,4380000,4380000,6681,11135,4400000,2248
4,22,440000,440000,6681,11135,460000,230
4,220,4400000,4400000,6681,11135,4420000,2258
4,221,4420000,4420000,6681,11135,4440000,2268
4,222,4440000,4440000,6681,11135,4460000,2279
4,223,4460000,4460000,6681,11135,4480000,2289
4,224,4480000,4480000,6681,11135,4500000,2299
4,225,4500000,4500000,6681,11135,4520000,2310
4,226,4520000,4520000,6681,11135,4540000,2319
4,227,4540000,4540000,6681,11135,4560000,2329
4,228,4560000,4560000,6681,11135,4580000,2341
4,229,4580000,4580000,6681,11135,4600000,2350
4,23,460000,460000,6681,11135,480000,241
4,230,4600000,4600000,6681,11135,4620000,2360
4,231,4620000,4620000,6681,11135,4640000,2371
4,232,4640000,4640000,6681,11135,4660000,2381
4,233,4660000,4660000,6681,11135,4680000,2392
4,234,4680000,4680000,6681,11135,4700000,2402
4,235,4700000,4700000,6681,11135,4720000,2411
4,236,4720000,4720000,6681,11135,4740000,2422
4,237,4740000,4740000,6681,11135,4760000,2433
4,238,4760000,4760000,6681,11135,4780000,2442
4,239,4780000,4780000,6681,11135,4800000,2453
4,24,480000,480000,6681,11135,500000,252
4,240,4800000,4800000,6681,11135,4820000,2463
4,241,4820000,4820000,6681,11135,4840000,2472
4,242,4840000,4840000,6681,11135,4860000,2484
4,243,4860000,4860000,6681,11135,4880000,2494
4,244,4880000,4880000,6681,11135,4900000,2504
4,245,4900000,4900000,6681,11135,4920000,2514
4,246,4920000,4920000,6681,11135,4940000,2524
4,247,4940000,4940000,6681,11135,4960000,2535
4,248,4960000,4960000,6681,11135,4980000,2545
4,249,4980000,4980000,6681,11135,5000000,2555
4,25,500000,500000,6681,11135,520000,261
4,250,5000000,5000000,6681,11135,5020000,2565
4,251,5020000,5020000,6681,11135,5040000,2576
4,252,5040000,5040000,6681,11135,5060000,2586
4,253,5060000,5060000,6681,11135,5080000,2596
4,254,5080000,5080000,6681,11135,5100000,2606
4,255,5100000,5100000,6681,11135,5120000,2617
4,256,5120000,5120000,6681,11135,5140000,2627
4,257,5140000,5140000,6681,11135,5160000,2637
4,258,5160000,5160000,6681,11135,5180000,2648
4,259,5180000,5180000,6681,11135,5200000,2657
4,26,520000,520000,6681,11135,540000,271
4,260,5200000,5200000,6681,11135,5220000,2667
4,261,5220000,5220000,6681,11135,5240000,2679
4,262,5240000,5240000,6681,11135,5260000,2688
4,263,5260000,5260000,6681,11135,5280000,2698
4,264,5280000,5280000,6681,11135,5300000,2709
4,265,5300000,5300000,6681,11135,5320000,2718
4,266,5320000,5320000,6681,11135,5340000,2730
4,267,5340000,5340000,6681,11135,5360000,2740
4,268,5360000,5360000,6681,11135,5380000,2749
4,269,5380000,5380000,6681,11135,5400000,2760
4,27,540000,540000,6681,11135,560000,282
4,270,5400000,5400000,6681,11135,5420000,2771
4,271,5420000,5420000,6681,11135,5440000,2780
4,272,5440000,5440000,6681,11135,5460000,2791
4,273,5460000,5460000,6681,11135,5480000,2801
4,274,5480000,5480000,6681,11135,5500000,2810
4,275,5500000,5500000,6681,11135,5520000,2822
4,276,5520000,5520000,6681,11135,5540000,2832
4,277,5540000,5540000,6681,11135,5560000,2842
4,278,5560000,5560000,6681,11135,5580000,2852
4,279,5580000,5580000,6681,11135,5600000,2862
4,28,560000,560000,6681,11135,580000,292
4,280,5600000,5600000,6681,11135,5620000,2873
4,281,5620000,5620000,6681,11135,5640000,2883
4,282,5640000,5640000,6681,11135,5660000,2893
4,283,5660000,5660000,6681,11135,5680000,2903
4,284,5680000,5680000,6681,11135,5700000,2913
4,285,5700000,5700000,6681,11135,5720000,2924
4,286,5720000,5720000,6681,11135,5740000,2934
4,287,5740000,5740000,6681,11135,5760000,2944
4,288,5760000,5760000,6681,11135,5780000,2955
4,289,5780000,5780000,6681,11135,5800000,2965
4,29,580000,580000,6681,11135,600000,302
4,290,5800000,5800000,6681,11135,5820000,2975
4,291,5820000,5820000,6681,11135,5840000,2986
4,292,5840000,5840000,6681,11135,5860000,2995
4,293,5860000,5860000,6681,11135,5880000,3005
4,294,5880000,5880000,6681,11135,5900000,3017
4,295,5900000,5900000,6681,11135,5920000,3026
4,296,5920000,5920000,6681,11135,5940000,3036
4,297,5940000,5940000,6681,11135,5960000,3047
4,298,5960000,5960000,6681,11135,5980000,3056
4,299,5980000,5980000,6681,11135,6000000,3068
4,3,60000,60000,6681,11135,80000,36
4,30,600000,600000,6681,11135,620000,313
4,300,6000000,6000000,6681,11135,6020000,3078
4,301,6020000,6020000,6681,11135,6040000,3087
4,302,6040000,6040000,6681,11135,6060000,3098
4,303,6060000,6060000,6681,11135,6080000,3108
4,304,6080000,6080000,6681,11135,6100000,3118
4,305,6100000,6100000,6681,11135,6120000,3129
4,306,6120000,6120000,6681,11135,6140000,3139
4,307,6140000,6140000,6681,11135,6160000,3148
4,308,6160000,6160000,6681,11135,6180000,3160
4,309,6180000,6180000,6681,11135,6200000,3170
4,31,620000,620000,6681,11135,640000,322
4,310,6200000,6200000,6681,11135,6220000,3180
4,311,6220000,6220000,6681,11135,6240000,3190
4,312,6240000,6240000,6681,11135,6260000,3200
4,313,6260000,6260000,6681,11135,6280000,3211
4,314,6280000,6280000,6681,11135,6300000,3221
4,315,6300000,6300000,6681,11135,6320000,3231
4,316,6320000,6320000,6681,11135,6340000,3241
4,317,6340000,6340000,6681,11135,6360000,3251
4,318,6360000,6360000,6681,11135,6380000,3262
4,319,6380000,6380000,6681,11135,6400000,3272
4,32,640000,640000,6681,11135,660000,332
4,320,6400000,6400000,6681,11135,6420000,3282
4,321,6420000,6420000,6681,11135,6440000,3293
4,322,6440000,6440000,6681,11135,6460000,3302
4,323,6460000,6460000,6681,11135,6480000,3313
4,324,6480000,6480000,6681,11135,6500000,3324
4,325,6500000,6500000,6681,11135,6520000,3333
4,326,6520000,6520000,6681,11135,6540000,3343
4,327,6540000,6540000,6681,11135,6560000,3355
4,328,6560000,6560000,6681,11135,6580000,3364
4,329,6580000,6580000,6681,11135,6600000,3374
4,33,660000,660000,6681,11135,680000,344
4,330,6600000,6600000,6681,11135,6620000,3385
4,331,6620000,6620000,6681,11135,6640000,3394
4,332,6640000,6640000,6681,11135,6660000,3406
4,333,6660000,6660000,6681,11135,6680000,3416
4,334,6680000,6680000,6681,11135,6700000,3425
4,335,6700000,6700000,6681,11135,6720000,3436
4,336,6720000,6720000,6681,11135,6740000,3446
4,337,6740000,6740000,6681,11135,6760000,3456
4,338,6760000,6760000,6681,11135,6780000,3467
4,339,6780000,6780000,6681,11135,6800000,3477
4,34,680000,680000,6681,11135,700000,353
4,340,6800000,6800000,6681,11135,6820000,3486
4,341,6820000,6820000,6681,11135,6840000,3497
4,342,6840000,6840000,6681,11135,6860000,3508
4,343,6860000,6860000,6681,11135,6880000,3518
4,344,6880000,6880000,6681,11135,6900000,3528
4,345,6900000,6900000,6681,11135,6920000,3538
4,346,6920000,6920000,6681,11135,6940000,3549
4,347,6940000,6940000,6681,11135,6960000,3559
4,348,6960000,6960000,6681,11135,6980000,3569
4,349,6980000,6980000,6681,11135,7000000,3579
4,35,700000,700000,6681,11135,720000,364
4,350,7000000,7000000,6681,11135,7020000,3589
4,351,7020000,7020000,6681,11135,7040000,3600
4,352,7040000,7040000,6681,11135,7060000,3610
4,353,7060000,7060000,6681,11135,7080000,3620
4,354,7080000,7080000,6681,11135,7100000,3631
4,355,7100000,7100000,6681,11135,7120000,3640
4,356,7120000,7120000,6681,11135,7140000,3651
4,357,7140000,7140000,6681,11135,7160000,3662
4,358,7160000,7160000,6681,11135,7180000,3671
4,359,7180000,7180000,6681,11135,7200000,3681
4,36,720000,720000,6681,11135,740000,374
4,360,7200000,7200000,6681,11135,7220000,3692
4,361,7220000,7220000,6681,11135,7240000,3702
4,362,7240000,7240000,6681,11135,7260000,3712
4,363,7260000,7260000,6681,11135,7280000,3723
4,364,7280000,7280000,6681,11135,7300000,3732
4,365,7300000,7300000,6681,11135,7320000,3744
4,366,7320000,7320000,6681,11135,7340000,3754
4,367,7340000,7340000,6681,11135,7360000,3763
4,368,7360000,7360000,6681,11135,7380000,3774
4,369,7380000,7380000,6681,11135,7400000,3784
4,37,740000,740000,6681,11135,760000,383
4,370,7400000,7400000,6681,11135,7420000,3794
4,371,7420000,7420000,6681,11135,7440000,3805
4,372,7440000,7440000,6681,11135,7460000,3815
4,373,7460000,7460000,6681,11135,7480000,3824
4,374,7480000,7480000,6681,11135,7500000,3835
4,375,7500000,7500000,6681,11135,7520000,3846
4,376,7520000,7520000,6681,11135,7540000,3856
4,377,7540000,7540000,6681,11135,7560000,3866
4,378,7560000,7560000,6681,11135,7580000,3876
4,379,7580000,7580000,6681,11135,7600000,3886
4,38,760000,760000,6681,11135,780000,395
4,380,7600000,7600000,6681,11135,7620000,3897
4,381,7620000,7620000,6681,11135,7640000,3907
4,382,7640000,7640000,6681,11135,7660000,3917
4,383,7660000,7660000,6681,11135,7680000,3927
4,384,7680000,7680000,6681,11135,7700000,3938
4,385,7700000,7700000,6681,11135,7720000,3948
4,386,7720000,7720000,6681,11135,7740000,3958
4,387,7740000,7740000,6681,11135,7760000,3969
4,388,7760000,7760000,6681,11135,7780000,3978
4,389,7780000,7780000,6681,11135,7800000,3989
4,39,780000,780000,6681,11135,800000,405
4,390,7800000,7800000,6681,11135,7820000,4000
4,391,7820000,7820000,6681,11135,7840000,4009
4,392,7840000,7840000,6681,11135,7860000,4019
4,393,7860000,7860000,6681,11135,7880000,4030
4,394,7880000,7880000,6681,11135,7900000,4040
4,395,7900000,7900000,6681,11135,7920000,4050
4,396,7920000,7920000,6681,11135,7940000,4061
4,397,7940000,7940000,6681,11135,7960000,4070
4,398,7960000,7960000,6681,11135,7980000,4081
4,399,7980000,7980000,6681,11135,8000000,4092
4,4,80000,80000,6681,11135,100000,46
4,40,800000,800000,6681,11135,820000,414
4,400,8000000,8000000,6681,11135,8020000,4101
4,401,8020000,8020000,6681,11135,8040000,4112
4,402,8040000,8040000,6681,11135,8060000,4122
4,403,8060000,8060000,6681,11135,8080000,4132
4,404,8080000,8080000,6681,11135,8100000,4143
4,405,8100000,8100000,6681,11135,8120000,4153
4,406,8120000,8120000,6681,11135,8140000,4162
4,407,8140000,8140000,6681,11135,8160000,4173
4,408,8160000,8160000,6681,11135,8180000,4184
4,409,8180000,8180000,6681,11135,8200000,4194
4,41,820000,820000,6681,11135,840000,425
4,410,8200000,8200000,6681,11135,8220000,4204
4,411,8220000,8220000,6681,11135,8240000,4214
4,412,8240000,8240000,6681,11135,8260000,4224
4,413,8260000,8260000,6681,11135,8280000,4235
4,414,8280000,8280000,6681,11135,8300000,4245
4,415,8300000,8300000,6681,11135,8320000,4255
4,416,8320000,8320000,6681,11135,8340000,4265
4,417,8340000,8340000,6681,11135,8360000,4275
4,418,8360000,8360000,6681,11135,8380000,4286
4,419,8380000,8380000,6681,11135,8400000,4296
4,42,840000,840000,6681,11135,860000,436
4,420,8400000,8400000,6681,11135,8420000,4307
4,421,8420000,8420000,6681,11135,8440000,4316
4,422,8440000,8440000,6681,11135,8460000,4327
4,423,8460000,8460000,6681,11135,8480000,4338
4,424,8480000,8480000,6681,11135,8500000,4347
4,425,8500000,8500000,6681,11135,8520000,4357
4,426,8520000,8520000,6681,11135,8540000,4368
4,427,8540000,8540000,6681,11135,8560000,4378
4,428,8560000,8560000,6681,11135,8580000,4388
4,429,8580000,8580000,6681,11135,8600000,4399
4,43,860000,860000,6681,11135,880000,445
4,430,8600000,8600000,6681,11135,8620000,4408
4,431,8620000,8620000,6681,11135,8640000,4419
4,432,8640000,8640000,6681,11135,8660000,4430
4,433,8660000,8660000,6681,11135,8680000,4439
4,434,8680000,8680000,6681,11135,8700000,4450
4,435,8700000,8700000,6681,11135,8720000,4460
4,436,8720000,8720000,6681,11135,8740000,4469
4,437,8740000,8740000,6681,11135,8760000,4481
4,438,8760000,8760000,6681,11135,8780000,4491
4,439,8780000,8780000,6681,11135,8800000,4500
4,44,880000,880000,6681,11135,900000,456
4,440,8800000,8800000,6681,11135,8820000,4511
4,441,8820000,8820000,6681,11135,8840000,4522
4,442,8840000,8840000,6681,11135,8860000,4532
4,443,8860000,8860000,6681,11135,8880000,4542
4,444,8880000,8880000,6681,11135,8900000,4552
4,445,8900000,8900000,6681,11135,8920000,4562
4,446,8920000,8920000,6681,11135,8940000,4573
4,447,8940000,8940000,6681,11135,8960000,4583
4,448,8960000,8960000,6681,11135,8980000,4593
4,449,8980000,8980000,6681,11135,9000000,4603
4,45,900000,900000,6681,11135,920000,466
4,450,9000000,9000000,6681,11135,9020000,4613
4,451,9020000,9020000,6681,11135,9040000,4624
4,452,9040000,9040000,6681,11135,9060000,4634
4,453,9060000,9060000,6681,11135,9080000,4645
4,454,9080000,9080000,6681,11135,9100000,4654
4,455,9100000,9100000,6681,11135,9120000,4664
4,456,9120000,9120000,6681,11135,9140000,4676
4,457,9140000,9140000,6681,11135,9160000,4685
4,458,9160000,9160000,6681,11135,9180000,4695
4,459,9180000,9180000,6681,11135,9200000,4706
4,46,920000,920000,6681,11135,940000,476
4,460,9200000,9200000,6681,11135,9220000,4716
4,461,9220000,9220000,6681,11135,9240000,4726
4,462,9240000,9240000,6681,11135,9260000,4737
4,463,9260000,9260000,6681,11135,9280000,4746
4,464,9280000,9280000,6681,11135,9300000,4757
4,465,9300000,9300000,6681,11135,9320000,4768
4,466,9320000,9320000,6681,11135,9340000,4777
4,467,9340000,9340000,6681,11135,9360000,4788
4,468,9360000,9360000,6681,11135,9380000,4798
4,469,9380000,9380000,6681,11135,9400000,4807
4,47,940000,940000,6681,11135,960000,487
4,470,9400000,9400000,6681,11135,9420000,4819
4,471,9420000,9420000,6681,11135,9440000,4829
4,472,9440000,9440000,6681,11135,9460000,4838
4,473,9460000,9460000,6681,11135,9480000,4849
4,474,9480000,9480000,6681,11135,9500000,4859
4,475,9500000,9500000,6681,11135,9520000,4870
4,476,9520000,9520000,6681,11135,9540000,4880
4,477,9540000,9540000,6681,11135,9560000,4890
4,478,9560000,9560000,6681,11135,9580000,4900
4,479,9580000,9580000,6681,11135,9600000,4911
4,48,960000,960000,6681,11135,980000,497
4,480,9600000,9600000,6681,11135,9620000,4921
4,481,9620000,9620000,6681,11135,9640000,4931
4,482,9640000,9640000,6681,11135,9660000,4941
4,483,9660000,9660000,6681,11135,9680000,4951
4,484,9680000,9680000,6681,11135,9700000,4962
4,485,9700000,9700000,6681,11135,9720000,4972
4,486,9720000,9720000,6681,11135,9740000,4983
4,487,9740000,9740000,6681,11135,9760000,4992
4,488,9760000,9760000,6681,11135,9780000,5002
4,489,9780000,9780000,6681,11135,9800000,5014
4,49,980000,980000,6681,11135,1000000,507
4,490,9800000,9800000,6681,11135,9820000,5023
4,491,9820000,9820000,6681,11135,9840000,5033
4,492,9840000,9840000,6681,11135,9860000,5044
4,493,9860000,9860000,6681,11135,9880000,5053
4,494,9880000,9880000,6681,11135,9900000,5064
4,495,9900000,9900000,6681,11135,9920000,5075
4,496,9920000,9920000,6681,11135,9940000,5084
4,497,9940000,9940000,6681,11135,9960000,5095
4,498,9960000,9960000,6681,11135,9980000,5106
4,499,9980000,9980000,6681,11135,10000000,5115
4,5,100000,100000,6681,11135,120000,57
4,50,1000000,1000000,6681,11135,1020000,517
4,500,10000000,10000000,6681,11135,10020000,5126
4,501,10020000,10020000,6681,11135,10040000,5136
4,502,10040000,10040000,6681,11135,10060000,5145
4,503,10060000,10060000,6681,11135,10080000,5157
4,504,10080000,10080000,6681,11135,10100000,5167
4,505,10100000,10100000,6681,11135,10120000,5176
4,506,10120000,10120000,6681,11135,10140000,5187
4,507,10140000,10140000,6681,11135,10160000,5197
4,508,10160000,10160000,6681,11135,10180000,5208
4,509,10180000,10180000,6681,11135,10200000,5218
4,51,1020000,1020000,6681,11135,1040000,527
4,510,10200000,10200000,6681,11135,10220000,5228
4,511,10220000,10220000,6681,11135,10240000,5238
4,512,10240000,10240000,6681,11135,10260000,5248
4,513,10260000,10260000,6681,11135,10280000,5259
4,514,10280000,10280000,6681,11135,10300000,5269
4,515,10300000,10300000,6681,11135,10320000,5279
4,516,10320000,10320000,6681,11135,10340000,5289
4,517,10340000,10340000,6681,11135,10360000,5300
4,518,10360000,10360000,6681,11135,10380000,5310
4,519,10380000,10380000,6681,11135,10400000,5321
4,52,1040000,1040000,6681,11135,1060000,538
4,520,10400000,10400000,6681,11135,10420000,5330
4,521,10420000,10420000,6681,11135,10440000,5340
4,522,10440000,10440000,6681,11135,10460000,5352
4,523,10460000,10460000,6681,11135,10480000,5361
4,524,10480000,10480000,6681,11135,10500000,5371
4,525,10500000,10500000,6681,11135,10520000,5382
4,526,10520000,10520000,6681,11135,10540000,5391
4,527,10540000,10540000,6681,11135,10560000,5402
4,528,10560000,10560000,6681,11135,10580000,5413
4,529,10580000,10580000,6681,11135,10600000,5422
4,53,1060000,1060000,6681,11135,1080000,548
4,530,10600000,10600000,6681,11135,10620000,5433
4,531,10620000,10620000,6681,11135,10640000,5443
4,532,10640000,10640000,6681,11135,10660000,5453
4,533,10660000,10660000,6681,11135,10680000,5464
4,534,10680000,10680000,6681,11135,10700000,5474
4,535,10700000,10700000,6681,11135,10720000,5483
4,536,10720000,10720000,6681,11135,10740000,5495
4,537,10740000,10740000,6681,11135,10760000,5505
4,538,10760000,10760000,6681,11135,10780000,5514
4,539,10780000,10780000,6681,11135,10800000,5525
4,54,1080000,1080000,6681,11135,1100000,558
4,540,10800000,10800000,6681,11135,10820000,5535
4,541,10820000,10820000,6681,11135,10840000,5546
4,542,10840000,10840000,6681,11135,10860000,5556
4,543,10860000,10860000,6681,11135,10880000,5566
4,544,10880000,10880000,6681,11135,10900000,5576
4,545,10900000,10900000,6681,11135,10920000,5586
4,546,10920000,10920000,6681,11135,10940000,5597
4,547,10940000,10940000,6681,11135,10960000,5607
4,548,10960000,10960000,6681,11135,10980000,5617
4,549,10980000,10980000,6681,11135,11000000,5627
4,55,1100000,1100000,6681,11135,1120000,568
4,550,11000000,11000000,6681,11135,11020000,5637
4,551,11020000,11020000,6681,11135,11040000,5648
4,552,11040000,11040000,6681,11135,11060000,5659
4,553,11060000,11060000,6681,11135,11080000,5668
4,554,11080000,11080000,6681,11135,11100000,5678
4,555,11100000,11100000,6681,11135,11120000,5690
4,556,11120000,11120000,6681,11135,11140000,5699
4,557,11140000,11140000,6681,11135,11160000,5709
4,558,11160000,11160000,6681,11135,11180000,5720
4,559,11180000,11180000,6681,11135,11200000,5729
4,56,1120000,1120000,6681,11135,1140000,578
4,560,11200000,11200000,6681,11135,11220000,5740
4,561,11220000,11220000,6681,11135,11240000,5751
4,562,11240000,11240000,6681,11135,11260000,5760
4,563,11260000,11260000,6681,11135,11280000,5771
4,564,11280000,11280000,6681,11135,11300000,5781
4,565,11300000,11300000,6681,11135,11320000,5791
4,566,11320000,11320000,6681,11135,11340000,5802
4,567,11340000,11340000,6681,11135,11360000,5812
4,568,11360000,11360000,6681,11135,11380000,5821
4,569,11380000,11380000,6681,11135,11400000,5832
4,57,1140000,1140000,6681,11135,1160000,590
4,570,11400000,11400000,6681,11135,11420000,5843
4,571,11420000,11420000,6681,11135,11440000,5852
4,572,11440000,11440000,6681,11135,11460000,5863
4,573,11460000,11460000,6681,11135,11480000,5873
4,574,11480000,11480000,6681,11135,11500000,5884
4,575,11500000,11500000,6681,11135,11520000,5894
4,576,11520000,11520000,6681,11135,11540000,5904
4,577,11540000,11540000,6681,11135,11560000,5914
4,578,11560000,11560000,6681,11135,11580000,5924
4,579,11580000,11580000,6681,11135,11600000,5935
4,58,1160000,1160000,6681,11135,1180000,599
4,580,11600000,11600000,6681,11135,11620000,5945
4,581,11620000,11620000,6681,11135,11640000,5955
4,582,11640000,11640000,6681,11135,11660000,5965
4,583,11660000,11660000,6681,11135,11680000,5975
4,584,11680000,11680000,6681,11135,11700000,5986
4,585,11700000,11700000,6681,11135,11720000,5997
4,586,11720000,11720000,6681,11135,11740000,6006
4,587,11740000,11740000,6681,11135,11760000,6016
4,588,11760000,11760000,6681,11135,11780000,6027
4,589,11780000,11780000,6681,11135,11800000,6037
4,59,1180000,1180000,6681,11135,1200000,609
4,590,11800000,11800000,6681,11135,11820000,6047
4,591,11820000,11820000,6681,11135,11840000,6058
4,592,11840000,11840000,6681,11135,11860000,6067
4,593,11860000,11860000,6681,11135,11880000,6078
4,594,11880000,11880000,6681,11135,11900000,6089
4,595,11900000,11900000,6681,11135,11920000,6098
4,596,11920000,11920000,6681,11135,11940000,6109
4,597,11940000,11940000,6681,11135,11960000,6119
4,598,11960000,11960000,6681,11135,11980000,6129
4,599,11980000,11980000,6681,11135,12000000,6140
4,6,120000,120000,6681,11135,140000,67
4,60,1200000,1200000,6681,11135,1220000,620
4,600,12000000,12000000,6681,11135,12020000,6150
4,601,12020000,12020000,6681,11135,12040000,6159
4,602,12040000,12040000,6681,11135,12060000,6170
4,603,12060000,12060000,6681,11135,12080000,6181
4,604,12080000,12080000,6681,11135,12100000,6190
4,605,12100000,12100000,6681,11135,12120000,6201
4,606,12120000,12120000,6681,11135,12140000,6211
4,607,12140000,12140000,6681,11135,12160000,6221
4,608,12160000,12160000,6681,11135,12180000,6232
4,609,12180000,12180000,6681,11135,12200000,6242
4,61,1220000,1220000,6681,11135,1240000,630
4,610,12200000,12200000,6681,11135,12220000,6252
4,611,12220000,12220000,6681,11135,12240000,6262
4,612,12240000,12240000,6681,11135,12260000,6273
4,613,12260000,12260000,6681,11135,12280000,6283
4,614,12280000,12280000,6681,11135,12300000,6293
4,615,12300000,12300000,6681,11135,12320000,6303
4,616,12320000,12320000,6681,11135,12340000,6313
4,617,12340000,12340000,6681,11135,12360000,6324
4,618,12360000,12360000,6681,11135,12380000,6335
4,619,12380000,12380000,6681,11135,12400000,6344
4,62,1240000,1240000,6681,11135,1260000,640
4,620,12400000,12400000,6681,11135,12420000,6354
4,621,12420000,12420000,6681,11135,12440000,6365
4,622,12440000,12440000,6681,11135,12460000,6375
4,623,12460000,12460000,6681,11135,12480000,6385
4,624,12480000,12480000,6681,11135,12500000,6396
4,625,12500000,12500000,6681,11135,12520000,6405
4,626,12520000,12520000,6681,11135,12540000,6415
4,63,1260000,1260000,6681,11135,1280000,651
4,64,1280000,1280000,6681,11135,1300000,660
4,65,1300000,1300000,6681,11135,1320000,670
4,66,1320000,1320000,6681,11135,1340000,682
4,67,1340000,1340000,6681,11135,1360000,691
4,68,1360000,1360000,6681,11135,1380000,702
4,69,1380000,1380000,6681,11135,1400000,712
4,7,140000,140000,6681,11135,160000,76
4,70,1400000,1400000,6681,11135,1420000,721
4,71,1420000,1420000,6681,11135,1440000,733
4,72,1440000,1440000,6681,11135,1460000,743
4,73,1460000,1460000,6681,11135,1480000,752
4,74,1480000,1480000,6681,11135,1500000,763
4,75,1500000,1500000,6681,11135,1520000,773
4,76,1520000,1520000,6681,11135,1540000,783
4,77,1540000,1540000,6681,11135,1560000,794
4,78,1560000,1560000,6681,11135,1580000,804
4,79,1580000,1580000,6681,11135,1600000,814
4,8,160000,160000,6681,11135,180000,87
4,80,1600000,1600000,6681,11135,1620000,825
4,81,1620000,1620000,6681,11135,1640000,835
4,82,1640000,1640000,6681,11135,1660000,845
4,83,1660000,1660000,6681,11135,1680000,855
4,84,1680000,1680000,6681,11135,1700000,865
4,85,1700000,1700000,6681,11135,1720000,876
4,86,1720000,1720000,6681,11135,1740000,886
4,87,1740000,1740000,6681,11135,1760000,896
4,88,1760000,1760000,6681,11135,1780000,906
4,89,1780000,1780000,6681,11135,1800000,916
4,9,180000,180000,6681,11135,200000,98
4,90,1800000,1800000,6681,11135,1820000,928
4,91,1820000,1820000,6681,11135,1840000,937
4,92,1840000,1840000,6681,11135,1860000,947
4,93,1860000,1860000,6681,11135,1880000,958
4,94,1880000,1880000,6681,11135,1900000,967
4,95,1900000,1900000,6681,11135,1920000,978
4,96,1920000,1920000,6681,11135,1940000,989
4,97,1940000,1940000,6681,11135,1960000,998
4,98,1960000,1960000,6681,11135,1980000,1008
4,99,1980000,1980000,6681,11135,2000000,1020
5,0,0,0,96,160,20000,7
5,1,20000,20000,96,160,40000,16
5,10,200000,200000,96,160,220000,108
5,100,2000000,2000000,96,160,2020000,1030
5,101,2020000,2020000,96,160,2040000,1041
5,102,2040000,2040000,96,160,2060000,1051
5,103,2060000,2060000,96,160,2080000,1060
5,104,2080000,2080000,96,160,2100000,1072
5,105,2100000,2100000,96,160,2120000,1082
5,106,2120000,2120000,96,160,2140000,1091
5,107,2140000,2140000,96,160,2160000,1102
5,108,2160000,2160000,96,160,2180000,1112
5,109,2180000,2180000,96,160,2200000,1122
5,11,220000,220000,96,160,240000,119
5,110,2200000,2200000,96,160,2220000,1133
5,111,2220000,2220000,96,160,2240000,1143
5,112,2240000,2240000,96,160,2260000,1153
5,113,2260000,2260000,96,160,2280000,1163
5,114,2280000,2280000,96,160,2300000,1174
5,115,2300000,2300000,96,160,2320000,1184
5,116,2320000,2320000,96,160,2340000,1194
5,117,2340000,2340000,96,160,2360000,1204
5,118,2360000,2360000,96,160,2380000,1215
5,119,2380000,2380000,96,160,2400000,1225
5,12,240000,240000,96,160,260000,129
5,120,2400000,2400000,96,160,2420000,1235
5,121,2420000,2420000,96,160,2440000,1245
5,122,2440000,2440000,96,160,2460000,1255
5,123,2460000,2460000,96,160,2480000,1267
5,124,2480000,2480000,96,160,2500000,1276
5,125,2500000,2500000,96,160,2520000,1286
5,126,2520000,2520000,96,160,2540000,1297
5,127,2540000,2540000,96,160,2560000,1306
5,128,2560000,2560000,96,160,2580000,1317
5,129,2580000,2580000,96,160,2600000,1328
5,13,260000,260000,96,160,280000,139
5,130,2600000,2600000,96,160,2620000,1337
5,131,2620000,2620000,96,160,2640000,1347
5,132,2640000,2640000,96,160,2660000,1358
5,133,2660000,2660000,96,160,2680000,1368
5,134,2680000,2680000,96,160,2700000,1379
5,135,2700000,2700000,96,160,2720000,1389
5,136,2720000,2720000,96,160,2740000,1398
5,137,2740000,2740000,96,160,2760000,1410
5,138,2760000,2760000,96,160,2780000,1420
5,139,2780000,2780000,96,160,2800000,1429
5,14,280000,280000,96,160,300000,150
5,140,2800000,2800000,96,160,2820000,1440
5,141,2820000,2820000,96,160,2840000,1450
5,142,2840000,2840000,96,160,2860000,1460
5,143,2860000,2860000,96,160,2880000,1471
5,144,2880000,2880000,96,160,2900000,1481
5,145,2900000,2900000,96,160,2920000,1491
5,146,2920000,2920000,96,160,2940000,1501
5,147,2940000,2940000,96,160,2960000,1512
5,148,2960000,2960000,96,160,2980000,1522
5,149,2980000,2980000,96,160,3000000,1532
5,15,300000,300000,96,160,320000,160
5,150,3000000,3000000,96,160,3020000,1542
5,151,3020000,3020000,96,160,3040000,1552
5,152,3040000,3040000,96,160,3060000,1563
5,153,3060000,3060000,96,160,3080000,1573
5,154,3080000,3080000,96,160,3100000,1583
5,155,3100000,3100000,96,160,3120000,1593
5,156,3120000,3120000,96,160,3140000,1605
5,157,3140000,3140000,96,160,3160000,1614
5,158,3160000,3160000,96,160,3180000,1624
5,159,3180000,3180000,96,160,3200000,1635
5,16,320000,320000,96,160,340000,170
5,160,3200000,3200000,96,160,3220000,1644
5,161,3220000,3220000,96,160,3240000,1655
5,162,3240000,3240000,96,160,3260000,1666
5,163,3260000,3260000,96,160,3280000,1675
5,164,3280000,3280000,96,160,3300000,1685
5,165,3300000,3300000,96,160,3320000,1696
5,166,3320000,3320000,96,160,3340000,1706
5,167,3340000,3340000,96,160,3360000,1717
5,168,3360000,3360000,96,160,3380000,1727
5,169,3380000,3380000,96,160,3400000,1736
5,17,340000,340000,96,160,360000,180
5,170,3400000,3400000,96,160,3420000,1747
5,171,3420000,3420000,96,160,3440000,1758
5,172,3440000,3440000,96,160,3460000,1767
5,173,3460000,3460000,96,160,3480000,1778
5,174,3480000,3480000,96,160,3500000,1788
5,175,3500000,3500000,96,160,3520000,1798
5,176,3520000,3520000,96,160,3540000,1809
5,177,3540000,3540000,96,160,3560000,1819
5,178,3560000,3560000,96,160,3580000,1829
5,179,3580000,3580000,96,160,3600000,1839
5,18,360000,360000,96,160,380000,190
5,180,3600000,3600000,96,160,3620000,1850
5,181,3620000,3620000,96,160,3640000,1860
5,182,3640000,3640000,96,160,3660000,1870
5,183,3660000,3660000,96,160,3680000,1880
5,184,3680000,3680000,96,160,3700000,1890
5,185,3700000,3700000,96,160,3720000,1901
5,186,3720000,3720000,96,160,3740000,1911
5,187,3740000,3740000,96,160,3760000,1921
5,188,3760000,3760000,96,160,3780000,1931
5,189,3780000,3780000,96,160,3800000,1942
5,19,380000,380000,96,160,400000,201
5,190,3800000,3800000,96,160,3820000,1952
5,191,3820000,3820000,96,160,3840000,1962
5,192,3840000,3840000,96,160,3860000,1973
5,193,3860000,3860000,96,160,3880000,1982
5,194,3880000,3880000,96,160,3900000,1993
5,195,3900000,3900000,96,160,3920000,2004
5,196,3920000,3920000,96,160,3940000,2013
5,197,3940000,3940000,96,160,3960000,2023
5,198,3960000,3960000,96,160,3980000,2034
5,199,3980000,3980000,96,160,4000000,2044
5,2,40000,40000,96,160,60000,27
5,20,400000,400000,96,160,420000,211
5,200,4000000,4000000,96,160,4020000,2055
5,201,4020000,4020000,96,160,4040000,2065
5,202,4040000,4040000,96,160,4060000,2074
5,203,4060000,4060000,96,160,4080000,2085
5,204,4080000,4080000,96,160,4100000,2096
5,205,4100000,4100000,96,160,4120000,2105
5,206,4120000,4120000,96,160,4140000,2116
5,207,4140000,4140000,96,160,4160000,2126
5,208,4160000,4160000,96,160,4180000,2135
5,209,4180000,4180000,96,160,4200000,2147
5,21,420000,420000,96,160,440000,221
5,210,4200000,4200000,96,160,4220000,2157
5,211,4220000,4220000,96,160,4240000,2167
5,212,4240000,4240000,96,160,4260000,2177
5,213,4260000,4260000,96,160,4280000,2188
5,214,4280000,4280000,96,160,4300000,2198
5,215,4300000,4300000,96,160,4320000,2208
5,216,4320000,4320000,96,160,4340000,2218
5,217,4340000,4340000,96,160,4360000,2228
5,218,4360000,4360000,96,160,4380000,2239
5,219,4380000,4380000,96,160,4400000,2249
5,22,440000,440000,96,160,460000,231
5,220,4400000,4400000,96,160,4420000,2259
5,221,4420000,4420000,96,160,4440000,2269
5,222,4440000,4440000,96,160,4460000,2280
5,223,4460000,4460000,96,160,4480000,2290
5,224,4480000,4480000,96,160,4500000,2300
5,225,4500000,4500000,96,160,4520000,2311
5,226,4520000,4520000,96,160,4540000,2320
5,227,4540000,4540000,96,160,4560000,2330
5,228,4560000,4560000,96,160,4580000,2342
5,229,4580000,4580000,96,160,4600000,2351
5,23,460000,460000,96,160,480000,242
5,230,4600000,4600000,96,160,4620000,2361
5,231,4620000,4620000,96,160,4640000,2372
5,232,4640000,4640000,96,160,4660000,2382
5,233,4660000,4660000,96,160,4680000,2393
5,234,4680000,4680000,96,160,4700000,2403
5,235,4700000,4700000,96,160,4720000,2412
5,236,4720000,4720000,96,160,4740000,2423
5,237,4740000,4740000,96,160,4760000,2434
5,238,4760000,4760000,96,160,4780000,2443
5,239,4780000,4780000,96,160,4800000,2454
5,24,480000,480000,96,160,500000,253
5,240,4800000,4800000,96,160,4820000,2464
5,241,4820000,4820000,96,160,4840000,2473
5,242,4840000,4840000,96,160,4860000,2485
5,243,4860000,4860000,96,160,4880000,2495
5,244,4880000,4880000,96,160,4900000,2505
5,245,4900000,4900000,96,160,4920000,2515
5,246,4920000,4920000,96,160,4940000,2525
5,247,4940000,4940000,96,160,4960000,2536
5,248,4960000,4960000,96,160,4980000,2546
5,249,4980000,4980000,96,160,5000000,2556
5,25,500000,500000,96,160,520000,262
5,250,5000000,5000000,96,160,5020000,2566
5,251,5020000,5020000,96,160,5040000,2577
5,252,5040000,5040000,96,160,5060000,2587
5,253,5060000,5060000,96,160,5080000,2597
5,254,5080000,5080000,96,160,5100000,2607
5,255,5100000,5100000,96,160,5120000,2618
5,256,5120000,5120000,96,160,5140000,2628
5,257,5140000,5140000,96,160,5160000,2638
5,258,5160000,5160000,96,160,5180000,2649
5,259,5180000,5180000,96,160,5200000,2658
5,26,520000,520000,96,160,540000,272
5,260,5200000,5200000,96,160,5220000,2668
5,261,5220000,5220000,96,160,5240000,2680
5,262,5240000,5240000,96,160,5260000,2689
5,263,5260000,5260000,96,160,5280000,2699
5,264,5280000,5280000,96,160,5300000,2710
5,265,5300000,5300000,96,160,5320000,2719
5,266,5320000,5320000,96,160,5340000,2731
5,267,5340000,5340000,96,160,5360000,2741
5,268,5360000,5360000,96,160,5380000,2750
5,269,5380000,5380000,96,160,5400000,2761
5,27,540000,540000,96,160,560000,283
5,270,5400000,5400000,96,160,5420000,2772
5,271,5420000,5420000,96,160,5440000,2781
5,272,5440000,5440000,96,160,5460000,2792
5,273,5460000,5460000,96,160,5480000,2802
5,274,5480000,5480000,96,160,5500000,2811
5,275,5500000,5500000,96,160,5520000,2823
5,276,5520000,5520000,96,160,5540000,2833
5,277,5540000,5540000,96,160,5560000,2843
5,278,5560000,5560000,96,160,5580000,2853
5,279,5580000,5580000,96,160,5600000,2863
5,28,560000,560000,96,160,580000,293
5,280,5600000,5600000,96,160,5620000,2874
5,281,5620000,5620000,96,160,5640000,2884
5,282,5640000,5640000,96,160,5660000,2894
5,283,5660000,5660000,96,160,5680000,2904
5,284,5680000,5680000,96,160,5700000,2914
5,285,5700000,5700000,96,160,5720000,2925
5,286,5720000,5720000,96,160,5740000,2935
5,287,5740000,5740000,96,160,5760000,2945
5,288,5760000,5760000,96,160,5780000,2956
5,289,5780000,5780000,96,160,5800000,2966
5,29,580000,580000,96,160,600000,303
5,290,5800000,5800000,96,160,5820000,2976
5,291,5820000,5820000,96,160,5840000,2987
5,292,5840000,5840000,96,160,5860000,2996
5,293,5860000,5860000,96,160,5880000,3006
5,294,5880000,5880000,96,160,5900000,3018
5,295,5900000,5900000,96,160,5920000,3027
5,296,5920000,5920000,96,160,5940000,3037
5,297,5940000,5940000,96,160,5960000,3048
5,298,5960000,5960000,96,160,5980000,3057
5,299,5980000,5980000,96,160,6000000,3069
5,3,60000,60000,96,160,80000,37
5,30,600000,600000,96,160,620000,314
5,300,6000000,6000000,96,160,6020000,3079
5,301,6020000,6020000,96,160,6040000,3088
5,302,6040000,6040000,96,160,6060000,3099
5,303,6060000,6060000,96,160,6080000,3109
5,304,6080000,6080000,96,160,6100000,3119
5,305,6100000,6100000,96,160,6120000,3130
5,306,6120000,6120000,96,160,6140000,3140
5,307,6140000,6140000,96,160,6160000,3149
5,308,6160000,6160000,96,160,6180000,3161
5,309,6180000,6180000,96,160,6200000,3171
5,31,620000,620000,96,160,640000,323
5,310,6200000,6200000,96,160,6220000,3181
5,311,6220000,6220000,96,160,6240000,3191
5,312,6240000,6240000,96,160,6260000,3201
5,313,6260000,6260000,96,160,6280000,3212
5,314,6280000,6280000,96,160,6300000,3222
5,315,6300000,6300000,96,160,6320000,3232
5,316,6320000,6320000,96,160,6340000,3242
5,317,6340000,6340000,96,160,6360000,3252
5,318,6360000,6360000,96,160,6380000,3263
5,319,6380000,6380000,96,160,6400000,3273
5,32,640000,640000,96,160,660000,333
5,320,6400000,6400000,96,160,6420000,3283
5,321,6420000,6420000,96,160,6440000,3294
5,322,6440000,6440000,96,160,6460000,3303
5,323,6460000,6460000,96,160,6480000,3314
5,324,6480000,6480000,96,160,6500000,3325
5,325,6500000,6500000,96,160,6520000,3334
5,326,6520000,6520000,96,160,6540000,3344
5,327,6540000,6540000,96,160,6560000,3356
5,328,6560000,6560000,96,160,6580000,3365
5,329,6580000,6580000,96,160,6600000,3375
5,33,660000,660000,96,160,680000,345
5,330,6600000,6600000,96,160,6620000,3386
5,331,6620000,6620000,96,160,6640000,3395
5,332,6640000,6640000,96,160,6660000,3407
5,333,6660000,6660000,96,160,6680000,3417
5,334,6680000,6680000,96,160,6700000,3426
5,335,6700000,6700000,96,160,6720000,3437
5,336,6720000,6720000,96,160,6740000,3447
5,337,6740000,6740000,96,160,6760000,3457
5,338,6760000,6760000,96,160,6780000,3468
5,339,6780000,6780000,96,160,6800000,3478
5,34,680000,680000,96,160,700000,354
5,340,6800000,6800000,96,160,6820000,3487
5,341,6820000,6820000,96,160,6840000,3498
5,342,6840000,6840000,96,160,6860000,3509
5,343,6860000,6860000,96,160,6880000,3519
5,344,6880000,6880000,96,160,6900000,3529
5,345,6900000,6900000,96,160,6920000,3539
5,346,6920000,6920000,96,160,6940000,3550
5,347,6940000,6940000,96,160,6960000,3560
5,348,6960000,6960000,96,160,6980000,3570
5,349,6980000,6980000,96,160,7000000,3580
5,35,700000,700000,96,160,720000,365
5,350,7000000,7000000,96,160,7020000,3590
5,351,7020000,7020000,96,160,7040000,3601
5,352,7040000,7040000,96,160,7060000,3611
5,353,7060000,7060000,96,160,7080000,3621
5,354,7080000,7080000,96,160,7100000,3632
5,355,7100000,7100000,96,160,7120000,3641
5,356,7120000,7120000,96,160,7140000,3652
5,357,7140000,7140000,96,160,7160000,3663
5,358,7160000,7160000,96,160,7180000,3672
5,359,7180000,7180000,96,160,7200000,3682
5,36,720000,720000,96,160,740000,375
5,360,7200000,7200000,96,160,7220000,3693
5,361,7220000,7220000,96,160,7240000,3703
5,362,7240000,7240000,96,160,7260000,3713
5,363,7260000,7260000,96,160,7280000,3724
5,364,7280000,7280000,96,160,7300000,3733
5,365,7300000,7300000,96,160,7320000,3745
5,366,7320000,7320000,96,160,7340000,3755
5,367,7340000,7340000,96,160,7360000,3764
5,368,7360000,7360000,96,160,7380000,3775
5,369,7380000,7380000,96,160,7400000,3785
5,37,740000,740000,96,160,760000,384
5,370,7400000,7400000,96,160,7420000,3795
5,371,7420000,7420000,96,160,7440000,3806
5,372,7440000,7440000,96,160,7460000,3816
5,373,7460000,7460000,96,160,7480000,3825
5,374,7480000,7480000,96,160,7500000,3836
5,375,7500000,7500000,96,160,7520000,3847
5,376,7520000,7520000,96,160,7540000,3857
5,377,7540000,7540000,96,160,7560000,3867
5,378,7560000,7560000,96,160,7580000,3877
5,379,7580000,7580000,96,160,7600000,3887
5,38,760000,760000,96,160,780000,396
5,380,7600000,7600000,96,160,7620000,3898
5,381,7620000,7620000,96,160,7640000,3908
5,382,7640000,7640000,96,160,7660000,3918
5,383,7660000,7660000,96,160,7680000,3928
5,384,7680000,7680000,96,160,7700000,3939
5,385,7700000,7700000,96,160,7720000,3949
5,386,7720000,7720000,96,160,7740000,3959
5,387,7740000,7740000,96,160,7760000,3970
5,388,7760000,7760000,96,160,7780000,3979
5,389,7780000,7780000,96,160,7800000,3990
5,39,780000,780000,96,160,800000,406
5,390,7800000,7800000,96,160,7820000,4001
5,391,7820000,7820000,96,160,7840000,4010
5,392,7840000,7840000,96,160,7860000,4020
5,393,7860000,7860000,96,160,7880000,4031
5,394,7880000,7880000,96,160,7900000,4041
5,395,7900000,7900000,96,160,7920000,4051
5,396,7920000,7920000,96,160,7940000,4062
5,397,7940000,7940000,96,160,7960000,4071
5,398,7960000,7960000,96,160,7980000,4082
5,399,7980000,7980000,96,160,8000000,4093
5,4,80000,80000,96,160,100000,47
5,40,800000,800000,96,160,820000,415
5,400,8000000,8000000,96,160,8020000,4102
5,401,8020000,8020000,96,160,8040000,4113
5,402,8040000,8040000,96,160,8060000,4123
5,403,8060000,8060000,96,160,8080000,4133
5,404,8080000,8080000,96,160,8100000,4144
5,405,8100000,8100000,96,160,8120000,4154
5,406,8120000,8120000,96,160,8140000,4163
5,407,8140000,8140000,96,160,8160000,4174
5,408,8160000,8160000,96,160,8180000,4185
5,409,8180000,8180000,96,160,8200000,4195
5,41,820000,820000,96,160,840000,426
5,410,8200000,8200000,96,160,8220000,4205
5,411,8220000,8220000,96,160,8240000,4215
5,412,8240000,8240000,96,160,8260000,4225
5,413,8260000,8260000,96,160,8280000,4236
5,414,8280000,8280000,96,160,8300000,4246
5,415,8300000,8300000,96,160,8320000,4256
5,416,8320000,8320000,96,160,8340000,4266
5,417,8340000,8340000,96,160,8360000,4276
5,418,8360000,8360000,96,160,8380000,4287
5,419,8380000,8380000,96,160,8400000,4297
5,42,840000,840000,96,160,860000,437
5,420,8400000,8400000,96,160,8420000,4308
5,421,8420000,8420000,96,160,8440000,4317
5,422,8440000,8440000,96,160,8460000,4328
5,423,8460000,8460000,96,160,8480000,4339
5,424,8480000,8480000,96,160,8500000,4348
5,425,8500000,8500000,96,160,8520000,4358
5,426,8520000,8520000,96,160,8540000,4369
5,427,8540000,8540000,96,160,8560000,4379
5,428,8560000,8560000,96,160,8580000,4389
5,429,8580000,8580000,96,160,8600000,4400
5,43,860000,860000,96,160,880000,446
5,430,8600000,8600000,96,160,8620000,4409
5,431,8620000,8620000,96,160,8640000,4420
5,432,8640000,8640000,96,160,8660000,4431
5,433,8660000,8660000,96,160,8680000,4440
5,434,8680000,8680000,96,160,8700000,4451
5,435,8700000,8700000,96,160,8720000,4461
5,436,8720000,8720000,96,160,8740000,4470
5,437,8740000,8740000,96,160,8760000,4482
5,438,8760000,8760000,96,160,8780000,4492
5,439,8780000,8780000,96,160,8800000,4501
5,44,880000,880000,96,160,900000,457
5,440,8800000,8800000,96,160,8820000,4512
5,441,8820000,8820000,96,160,8840000,4523
5,442,8840000,8840000,96,160,8860000,4533
5,443,8860000,8860000,96,160,8880000,4543
5,444,8880000,8880000,96,160,8900000,4553
5,445,8900000,8900000,96,160,8920000,4563
5,446,8920000,8920000,96,160,8940000,4574
5,447,8940000,8940000,96,160,8960000,4584
5,448,8960000,8960000,96,160,8980000,4594
5,449,8980000,8980000,96,160,9000000,4604
5,45,900000,900000,96,160,920000,467
5,450,9000000,9000000,96,160,9020000,4614
5,451,9020000,9020000,96,160,9040000,4625
5,452,9040000,9040000,96,160,9060000,4635
5,453,9060000,9060000,96,160,9080000,4646
5,454,9080000,9080000,96,160,9100000,4655
5,455,9100000,9100000,96,160,9120000,4665
5,456,9120000,9120000,96,160,9140000,4677
5,457,9140000,9140000,96,160,9160000,4686
5,458,9160000,9160000,96,160,9180000,4696
5,459,9180000,9180000,96,160,9200000,4707
5,46,920000,920000,96,160,940000,477
5,460,9200000,9200000,96,160,9220000,4717
5,461,9220000,9220000,96,160,9240000,4727
5,462,9240000,9240000,96,160,9260000,4738
5,463,9260000,9260000,96,160,9280000,4747
5,464,9280000,9280000,96,160,9300000,4758
5,465,9300000,9300000,96,160,9320000,4769
5,466,9320000,9320000,96,160,9340000,4778
5,467,9340000,9340000,96,160,9360000,4789
5,468,9360000,9360000,96,160,9380000,4799
5,469,9380000,9380000,96,160,9400000,4808
5,47,940000,940000,96,160,960000,488
5,470,9400000,9400000,96,160,9420000,4820
5,471,9420000,9420000,96,160,9440000,4830
5,472,9440000,9440000,96,160,9460000,4839
5,473,9460000,9460000,96,160,9480000,4850
5,474,9480000,9480000,96,160,9500000,4860
5,475,9500000,9500000,96,160,9520000,4871
5,476,9520000,9520000,96,160,9540000,4881
5,477,9540000,9540000,96,160,9560000,4891
5,478,9560000,9560000,96,160,9580000,4901
5,479,9580000,9580000,96,160,9600000,4912
5,48,960000,960000,96,160,980000,498
5,480,9600000,9600000,96,160,9620000,4922
5,481,9620000,9620000,96,160,9640000,4932
5,482,9640000,9640000,96,160,9660000,4942
5,483,9660000,9660000,96,160,9680000,4952
5,484,9680000,9680000,96,160,9700000,4963
5,485,9700000,9700000,96,160,9720000,4973
5,486,9720000,9720000,96,160,9740000,4984
5,487,9740000,9740000,96,160,9760000,4993
5,488,9760000,9760000,96,160,9780000,5003
5,489,9780000,9780000,96,160,9800000,5015
5,49,980000,980000,96,160,1000000,508
5,490,9800000,9800000,96,160,9820000,5024
5,491,9820000,9820000,96,160,9840000,5034
5,492,9840000,9840000,96,160,9860000,5045
5,493,9860000,9860000,96,160,9880000,5054
5,494,9880000,9880000,96,160,9900000,5065
5,495,9900000,9900000,96,160,9920000,5076
5,496,9920000,9920000,96,160,9940000,5085
5,497,9940000,9940000,96,160,9960000,5096
5,498,9960000,9960000,96,160,9980000,5107
5,499,9980000,9980000,96,160,10000000,5116
5,5,100000,100000,96,160,120000,58
5,50,1000000,1000000,96,160,1020000,518
5,500,10000000,10000000,96,160,10020000,5127
5,501,10020000,10020000,96,160,10040000,5137
5,502,10040000,10040000,96,160,10060000,5146
5,503,10060000,10060000,96,160,10080000,5158
5,504,10080000,10080000,96,160,10100000,5168
5,505,10100000,10100000,96,160,10120000,5177
5,506,10120000,10120000,96,160,10140000,5188
5,507,10140000,10140000,96,160,10160000,5198
5,508,10160000,10160000,96,160,10180000,5209
5,509,10180000,10180000,96,160,10200000,5219
5,51,1020000,1020000,96,160,1040000,528
5,510,10200000,10200000,96,160,10220000,5229
5,511,10220000,10220000,96,160,10240000,5239
5,512,10240000,10240000,96,160,10260000,5249
5,513,10260000,10260000,96,160,10280000,5260
5,514,10280000,10280000,96,160,10300000,5270
5,515,10300000,10300000,96,160,10320000,5280
5,516,10320000,10320000,96,160,10340000,5290
5,517,10340000,10340000,96,160,10360000,5301
5,518,10360000,10360000,96,160,10380000,5311
5,519,10380000,10380000,96,160,10400000,5322
5,52,1040000,1040000,96,160,1060000,539
5,520,10400000,10400000,96,160,10420000,5331
5,521,10420000,10420000,96,160,10440000,5341
5,522,10440000,10440000,96,160,10460000,5353
5,523,10460000,10460000,96,160,10480000,5362
5,524,10480000,10480000,96,160,10500000,5372
5,525,10500000,10500000,96,160,10520000,5383
5,526,10520000,10520000,96,160,10540000,5392
5,527,10540000,10540000,96,160,10560000,5403
5,528,10560000,10560000,96,160,10580000,5414
5,529,10580000,10580000,96,160,10600000,5423
5,53,1060000,1060000,96,160,1080000,549
5,530,10600000,10600000,96,160,10620000,5434
5,531,10620000,10620000,96,160,10640000,5444
5,532,10640000,10640000,96,160,10660000,5454
5,533,10660000,10660000,96,160,10680000,5465
5,534,10680000,10680000,96,160,10700000,5475
5,535,10700000,10700000,96,160,10720000,5484
5,536,10720000,10720000,96,160,10740000,5496
5,537,10740000,10740000,96,160,10760000,5506
5,538,10760000,10760000,96,160,10780000,5515
5,539,10780000,10780000,96,160,10800000,5526
5,54,1080000,1080000,96,160,1100000,559
5,540,10800000,10800000,96,160,10820000,5536
5,541,10820000,10820000,96,160,10840000,5547
5,542,10840000,10840000,96,160,10860000,5557
5,543,10860000,10860000,96,160,10880000,5567
5,544,10880000,10880000,96,160,10900000,5577
5,545,10900000,10900000,96,160,10920000,5587
5,546,10920000,10920000,96,160,10940000,5598
5,547,10940000,10940000,96,160,10960000,5608
5,548,10960000,10960000,96,160,10980000,5618
5,549,10980000,10980000,96,160,11000000,5628
5,55,1100000,1100000,96,160,1120000,569
5,550,11000000,11000000,96,160,11020000,5638
5,551,11020000,11020000,96,160,11040000,5649
5,552,11040000,11040000,96,160,11060000,5660
5,553,11060000,11060000,96,160,11080000,5669
5,554,11080000,11080000,96,160,11100000,5679
5,555,11100000,11100000,96,160,11120000,5691
5,556,11120000,11120000,96,160,11140000,5700
5,557,11140000,11140000,96,160,11160000,5710
5,558,11160000,11160000,96,160,11180000,5721
5,559,11180000,11180000,96,160,11200000,5730
5,56,1120000,1120000,96,160,1140000,579
5,560,11200000,11200000,96,160,11220000,5741
5,561,11220000,11220000,96,160,11240000,5752
5,562,11240000,11240000,96,160,11260000,5761
5,563,11260000,11260000,96,160,11280000,5772
5,564,11280000,11280000,96,160,11300000,5782
5,565,11300000,11300000,96,160,11320000,5792
5,566,11320000,11320000,96,160,11340000,5803
5,567,11340000,11340000,96,160,11360000,5813
5,568,11360000,11360000,96,160,11380000,5822
5,569,11380000,11380000,96,160,11400000,5833
5,57,1140000,1140000,96,160,1160000,591
5,570,11400000,11400000,96,160,11420000,5844
5,571,11420000,11420000,96,160,11440000,5853
5,572,11440000,11440000,96,160,11460000,5864
5,573,11460000,11460000,96,160,11480000,5874
5,574,11480000,11480000,96,160,11500000,5885
5,575,11500000,11500000,96,160,11520000,5895
5,576,11520000,11520000,96,160,11540000,5905
5,577,11540000,11540000,96,160,11560000,5915
5,578,11560000,11560000,96,160,11580000,5925
5,579,11580000,11580000,96,160,11600000,5936
5,58,1160000,1160000,96,160,1180000,600
5,580,11600000,11600000,96,160,11620000,5946
5,581,11620000,11620000,96,160,11640000,5956
5,582,11640000,11640000,96,160,11660000,5966
5,583,11660000,11660000,96,160,11680000,5976
5,584,11680000,11680000,96,160,11700000,5987
5,585,11700000,11700000,96,160,11720000,5998
5,586,11720000,11720000,96,160,11740000,6007
5,587,11740000,11740000,96,160,11760000,6017
5,588,11760000,11760000,96,160,11780000,6028
5,589,11780000,11780000,96,160,11800000,6038
5,59,1180000,1180000,96,160,1200000,610
5,590,11800000,11800000,96,160,11820000,6048
5,591,11820000,11820000,96,160,11840000,6059
5,592,11840000,11840000,96,160,11860000,6068
5,593,11860000,11860000,96,160,11880000,6079
5,594,11880000,11880000,96,160,11900000,6090
5,595,11900000,11900000,96,160,11920000,6099
5,596,11920000,11920000,96,160,11940000,6110
5,597,11940000,11940000,96,160,11960000,6120
5,598,11960000,11960000,96,160,11980000,6130
5,599,11980000,11980000,96,160,12000000,6141
5,6,120000,120000,96,160,140000,68
5,60,1200000,1200000,96,160,1220000,621
5,600,12000000,12000000,96,160,12020000,6151
5,601,12020000,12020000,96,160,12040000,6160
5,602,12040000,12040000,96,160,12060000,6171
5,603,12060000,12060000,96,160,12080000,6182
5,604,12080000,12080000,96,160,12100000,6191
5,605,12100000,12100000,96,160,12120000,6202
5,606,12120000,12120000,96,160,12140000,6212
5,607,12140000,12140000,96,160,12160000,6222
5,608,12160000,12160000,96,160,12180000,6233
5,609,12180000,12180000,96,160,12200000,6243
5,61,1220000,1220000,96,160,1240000,631
5,610,12200000,12200000,96,160,12220000,6253
5,611,12220000,12220000,96,160,12240000,6263
5,612,12240000,12240000,96,160,12260000,6274
5,613,12260000,12260000,96,160,12280000,6284
5,614,12280000,12280000,96,160,12300000,6294
5,615,12300000,12300000,96,160,12320000,6304
5,616,12320000,12320000,96,160,12340000,6314
5,617,12340000,12340000,96,160,12360000,6325
5,618,12360000,12360000,96,160,12380000,6336
5,619,12380000,12380000,96,160,12400000,6345
5,62,1240000,1240000,96,160,1260000,641
5,620,12400000,12400000,96,160,12420000,6355
5,621,12420000,12420000,96,160,12440000,6366
5,622,12440000,12440000,96,160,12460000,6376
5,623,12460000,12460000,96,160,12480000,6386
5,624,12480000,12480000,96,160,12500000,6397
5,625,12500000,12500000,96,160,12520000,6406
5,626,12520000,12520000,96,160,12540000,6416
5,63,1260000,1260000,96,160,1280000,652
5,64,1280000,1280000,96,160,1300000,661
5,65,1300000,1300000,96,160,1320000,671
5,66,1320000,1320000,96,160,1340000,683
5,67,1340000,1340000,96,160,1360000,692
5,68,1360000,1360000,96,160,1380000,703
5,69,1380000,1380000,96,160,1400000,713
5,7,140000,140000,96,160,160000,77
5,70,1400000,1400000,96,160,1420000,722
5,71,1420000,1420000,96,160,1440000,734
5,72,1440000,1440000,96,160,1460000,744
5,73,1460000,1460000,96,160,1480000,753
5,74,1480000,1480000,96,160,1500000,764
5,75,1500000,1500000,96,160,1520000,774
5,76,1520000,1520000,96,160,1540000,784
5,77,1540000,1540000,96,160,1560000,795
5,78,1560000,1560000,96,160,1580000,805
5,79,1580000,1580000,96,160,1600000,815
5,8,160000,160000,96,160,180000,88
5,80,1600000,1600000,96,160,1620000,826
5,81,1620000,1620000,96,160,1640000,836
5,82,1640000,1640000,96,160,1660000,846
5,83,1660000,1660000,96,160,1680000,856
5,84,1680000,1680000,96,160,1700000,866
5,85,1700000,1700000,96,160,1720000,877
5,86,1720000,1720000,96,160,1740000,887
5,87,1740000,1740000,96,160,1760000,897
5,88,1760000,1760000,96,160,1780000,907
5,89,1780000,1780000,96,160,1800000,917
5,9,180000,180000,96,160,200000,99
5,90,1800000,1800000,96,160,1820000,929
5,91,1820000,1820000,96,160,1840000,938
5,92,1840000,1840000,96,160,1860000,948
5,93,1860000,1860000,96,160,1880000,959
5,94,1880000,1880000,96,160,1900000,968
5,95,1900000,1900000,96,160,1920000,979
5,96,1920000,1920000,96,160,1940000,990
5,97,1940000,1940000,96,160,1960000,999
5,98,1960000,1960000,96,160,1980000,1009
5,99,1980000,1980000,96,160,2000000,1021
6,0,0,0,16227,27045,30000,12
6,1,30000,30000,16227,27045,60000,28
6,10,300000,300000,16227,27045,330000,165
6,100,3000000,3000000,16227,27045,3030000,1548
6,101,3030000,3030000,16227,27045,3060000,1564
6,102,3060000,3060000,16227,27045,3090000,1579
6,103,3090000,3090000,16227,27045,3120000,1594
6,104,3120000,3120000,16227,27045,3150000,1610
6,105,3150000,3150000,16227,27045,3180000,1625
6,106,3180000,3180000,16227,27045,3210000,1640
6,107,3210000,3210000,16227,27045,3240000,1656
6,108,3240000,3240000,16227,27045,3270000,1671
6,109,3270000,3270000,16227,27045,3300000,1686
6,11,330000,330000,16227,27045,360000,181
6,110,3300000,3300000,16227,27045,3330000,1702
6,111,3330000,3330000,16227,27045,3360000,1718
6,112,3360000,3360000,16227,27045,3390000,1732
6,113,3390000,3390000,16227,27045,3420000,1748
6,114,3420000,3420000,16227,27045,3450000,1763
6,115,3450000,3450000,16227,27045,3480000,1779
6,116,3480000,3480000,16227,27045,3510000,1793
6,117,3510000,3510000,16227,27045,3540000,1810
6,118,3540000,3540000,16227,27045,3570000,1824
6,119,3570000,3570000,16227,27045,3600000,1840
6,12,360000,360000,16227,27045,390000,197
6,120,3600000,3600000,16227,27045,3630000,1855
6,121,3630000,3630000,16227,27045,3660000,1871
6,122,3660000,3660000,16227,27045,3690000,1886
6,123,3690000,3690000,16227,27045,3720000,1902
6,124,3720000,3720000,16227,27045,3750000,1917
6,125,3750000,3750000,16227,27045,3780000,1932
6,126,3780000,3780000,16227,27045,3810000,1948
6,127,3810000,3810000,16227,27045,3840000,1963
6,128,3840000,3840000,16227,27045,3870000,1978
6,129,3870000,3870000,16227,27045,3900000,1994
6,13,390000,390000,16227,27045,420000,212
6,130,3900000,3900000,16227,27045,3930000,2009
6,131,3930000,3930000,16227,27045,3960000,2024
6,132,3960000,3960000,16227,27045,3990000,2039
6,133,3990000,3990000,16227,27045,4020000,2056
6,134,4020000,4020000,16227,27045,4050000,2070
6,135,4050000,4050000,16227,27045,4080000,2086
6,136,4080000,4080000,16227,27045,4110000,2101
6,137,4110000,4110000,16227,27045,4140000,2117
6,138,4140000,4140000,16227,27045,4170000,2131
6,139,4170000,4170000,16227,27045,4200000,2148
6,14,420000,420000,16227,27045,450000,227
6,140,4200000,4200000,16227,27045,4230000,2162
6,141,4230000,4230000,16227,27045,4260000,2178
6,142,4260000,4260000,16227,27045,4290000,2193
6,143,4290000,4290000,16227,27045,4320000,2209
6,144,4320000,4320000,16227,27045,4350000,2224
6,145,4350000,4350000,16227,27045,4380000,2240
6,146,4380000,4380000,16227,27045,4410000,2255
6,147,4410000,4410000,16227,27045,4440000,2270
6,148,4440000,4440000,16227,27045,4470000,2286
6,149,4470000,4470000,16227,27045,4500000,2301
6,15,450000,450000,16227,27045,480000,243
6,150,4500000,4500000,16227,27045,4530000,2316
6,151,4530000,4530000,16227,27045,4560000,2331
6,152,4560000,4560000,16227,27045,4590000,2347
6,153,4590000,4590000,16227,27045,4620000,2362
6,154,4620000,4620000,16227,27045,4650000,2377
6,155,4650000,4650000,16227,27045,4680000,2394
6,156,4680000,4680000,16227,27045,4710000,2408
6,157,4710000,4710000,16227,27045,4740000,2424
6,158,4740000,4740000,16227,27045,4770000,2439
6,159,4770000,4770000,16227,27045,4800000,2455
6,16,480000,480000,16227,27045,510000,258
6,160,4800000,4800000,16227,27045,4830000,2469
6,161,4830000,4830000,16227,27045,4860000,2486
6,162,4860000,4860000,16227,27045,4890000,2500
6,163,4890000,4890000,16227,27045,4920000,2516
6,164,4920000,4920000,16227,27045,4950000,2531
6,165,4950000,4950000,16227,27045,4980000,2547
6,166,4980000,4980000,16227,27045,5010000,2562
6,167,5010000,5010000,16227,27045,5040000,2578
6,168,5040000,5040000,16227,27045,5070000,2593
6,169,5070000,5070000,16227,27045,5100000,2608
6,17,510000,510000,16227,27045,540000,273
6,170,5100000,5100000,16227,27045,5130000,2623
6,171,5130000,5130000,16227,27045,5160000,2639
6,172,5160000,5160000,16227,27045,5190000,2654
6,173,5190000,5190000,16227,27045,5220000,2669
6,174,5220000,5220000,16227,27045,5250000,2685
6,175,5250000,5250000,16227,27045,5280000,2700
6,176,5280000,5280000,16227,27045,5310000,2715
6,177,5310000,5310000,16227,27045,5340000,2732
6,178,5340000,5340000,16227,27045,5370000,2746
6,179,5370000,5370000,16227,27045,5400000,2762
6,18,540000,540000,16227,27045,570000,288
6,180,5400000,5400000,16227,27045,5430000,2777
6,181,5430000,5430000,16227,27045,5460000,2793
6,182,5460000,5460000,16227,27045,5490000,2807
6,183,5490000,5490000,16227,27045,5520000,2824
6,184,5520000,5520000,16227,27045,5550000,2838
6,185,5550000,5550000,16227,27045,5580000,2854
6,186,5580000,5580000,16227,27045,5610000,2869
6,187,5610000,5610000,16227,27045,5640000,2885
6,188,5640000,5640000,16227,27045,5670000,2900
6,189,5670000,5670000,16227,27045,5700000,2915
6,19,570000,570000,16227,27045,600000,304
6,190,5700000,5700000,16227,27045,5730000,2931
6,191,5730000,5730000,16227,27045,5760000,2946
6,192,5760000,5760000,16227,27045,5790000,2961
6,193,5790000,5790000,16227,27045,5820000,2977
6,194,5820000,5820000,16227,27045,5850000,2992
6,195,5850000,5850000,16227,27045,5880000,3007
6,196,5880000,5880000,16227,27045,5910000,3023
6,197,5910000,5910000,16227,27045,5940000,3038
6,198,5940000,5940000,16227,27045,5970000,3053
6,199,5970000,5970000,16227,27045,6000000,3070
6,2,60000,60000,16227,27045,90000,42
6,20,600000,600000,16227,27045,630000,319
6,200,6000000,6000000,16227,27045,6030000,3084
6,201,6030000,6030000,16227,27045,6060000,3100
6,202,6060000,6060000,16227,27045,6090000,3115
6,203,6090000,6090000,16227,27045,6120000,3131
6,204,6120000,6120000,16227,27045,6150000,3145
6,205,6150000,6150000,16227,27045,6180000,3162
6,206,6180000,6180000,16227,27045,6210000,3176
6,207,6210000,6210000,16227,27045,6240000,3192
6,208,6240000,6240000,16227,27045,6270000,3206
6,209,6270000,6270000,16227,27045,6300000,3223
6,21,630000,630000,16227,27045,660000,334
6,210,6300000,6300000,16227,27045,6330000,3238
6,211,6330000,6330000,16227,27045,6360000,3253
6,212,6360000,6360000,16227,27045,6390000,3269
6,213,6390000,6390000,16227,27045,6420000,3284
6,214,6420000,6420000,16227,27045,6450000,3299
6,215,6450000,6450000,16227,27045,6480000,3315
6,216,6480000,6480000,16227,27045,6510000,3330
6,217,6510000,6510000,16227,27045,6540000,3345
6,218,6540000,6540000,16227,27045,6570000,3361
6,219,6570000,6570000,16227,27045,6600000,3376
6,22,660000,660000,16227,27045,690000,350
6,220,6600000,6600000,16227,27045,6630000,3391
6,221,6630000,6630000,16227,27045,6660000,3408
6,222,6660000,6660000,16227,27045,6690000,3422
6,223,6690000,6690000,16227,27045,6720000,3438
6,224,6720000,6720000,16227,27045,6750000,3453
6,225,6750000,6750000,16227,27045,6780000,3469
6,226,6780000,6780000,16227,27045,6810000,3483
6,227,6810000,6810000,16227,27045,6840000,3499
6,228,6840000,6840000,16227,27045,6870000,3514
6,229,6870000,6870000,16227,27045,6900000,3530
6,23,690000,690000,16227,27045,720000,366
6,230,6900000,6900000,16227,27045,6930000,3544
6,231,6930000,6930000,16227,27045,6960000,3561
6,232,6960000,6960000,16227,27045,6990000,3576
6,233,6990000,6990000,16227,27045,7020000,3591
6,234,7020000,7020000,16227,27045,7050000,3607
6,235,7050000,7050000,16227,27045,7080000,3622
6,236,7080000,7080000,16227,27045,7110000,3637
6,237,7110000,7110000,16227,27045,7140000,3653
6,238,7140000,7140000,16227,27045,7170000,3668
6,239,7170000,7170000,16227,27045,7200000,3683
6,24,720000,720000,16227,27045,750000,380
6,240,7200000,7200000,16227,27045,7230000,3699
6,241,7230000,7230000,16227,27045,7260000,3714
6,242,7260000,7260000,16227,27045,7290000,3729
6,243,7290000,7290000,16227,27045,7320000,3746
6,244,7320000,7320000,16227,27045,7350000,3760
6,245,7350000,7350000,16227,27045,7380000,3776
6,246,7380000,7380000,16227,27045,7410000,3790
6,247,7410000,7410000,16227,27045,7440000,3807
6,248,7440000,7440000,16227,27045,7470000,3821
6,249,7470000,7470000,16227,27045,7500000,3837
6,25,750000,750000,16227,27045,780000,397
6,250,7500000,7500000,16227,27045,7530000,3852
6,251,7530000,7530000,16227,27045,7560000,3868
6,252,7560000,7560000,16227,27045,7590000,3882
6,253,7590000,7590000,16227,27045,7620000,3899
6,254,7620000,7620000,16227,27045,7650000,3914
6,255,7650000,7650000,16227,27045,7680000,3929
6,256,7680000,7680000,16227,27045,7710000,3945
6,257,7710000,7710000,16227,27045,7740000,3960
6,258,7740000,7740000,16227,27045,7770000,3975
6,259,7770000,7770000,16227,27045,7800000,3991
6,26,780000,780000,16227,27045,810000,411
6,260,7800000,7800000,16227,27045,7830000,4006
6,261,7830000,7830000,16227,27045,7860000,4021
6,262,7860000,7860000,16227,27045,7890000,4037
6,263,7890000,7890000,16227,27045,7920000,4052
6,264,7920000,7920000,16227,27045,7950000,4067
6,265,7950000,7950000,16227,27045,7980000,4083
6,266,7980000,7980000,16227,27045,8010000,4098
6,267,8010000,8010000,16227,27045,8040000,4114
6,268,8040000,8040000,16227,27045,8070000,4128
6,269,8070000,8070000,16227,27045,8100000,4145
6,27,810000,810000,16227,27045,840000,427
6,270,8100000,8100000,16227,27045,8130000,4159
6,271,8130000,8130000,16227,27045,8160000,4175
6,272,8160000,8160000,16227,27045,8190000,4190
6,273,8190000,8190000,16227,27045,8220000,4206
6,274,8220000,8220000,16227,27045,8250000,4220
6,275,8250000,8250000,16227,27045,8280000,4237
6,276,8280000,8280000,16227,27045,8310000,4252
6,277,8310000,8310000,16227,27045,8340000,4267
6,278,8340000,8340000,16227,27045,8370000,4283
6,279,8370000,8370000,16227,27045,8400000,4298
6,28,840000,840000,16227,27045,870000,442
6,280,8400000,8400000,16227,27045,8430000,4313
6,281,8430000,8430000,16227,27045,8460000,4329
6,282,8460000,8460000,16227,27045,8490000,4344
6,283,8490000,8490000,16227,27045,8520000,4359
6,284,8520000,8520000,16227,27045,8550000,4374
6,285,8550000,8550000,16227,27045,8580000,4390
6,286,8580000,8580000,16227,27045,8610000,4405
6,287,8610000,8610000,16227,27045,8640000,4421
6,288,8640000,8640000,16227,27045,8670000,4436
6,289,8670000,8670000,16227,27045,8700000,4452
6,29,870000,870000,16227,27045,900000,458
6,290,8700000,8700000,16227,27045,8730000,4466
6,291,8730000,8730000,16227,27045,8760000,4483
6,292,8760000,8760000,16227,27045,8790000,4497
6,293,8790000,8790000,16227,27045,8820000,4513
6,294,8820000,8820000,16227,27045,8850000,4528
6,295,8850000,8850000,16227,27045,8880000,4544
6,296,8880000,8880000,16227,27045,8910000,4558
6,297,8910000,8910000,16227,27045,8940000,4575
6,298,8940000,8940000,16227,27045,8970000,4590
6,299,8970000,8970000,16227,27045,9000000,4605
6,3,90000,90000,16227,27045,120000,59
6,30,900000,900000,16227,27045,930000,472
6,300,9000000,9000000,16227,27045,9030000,4621
6,301,9030000,9030000,16227,27045,9060000,4636
6,302,9060000,9060000,16227,27045,9090000,4651
6,303,9090000,9090000,16227,27045,9120000,4666
6,304,9120000,9120000,16227,27045,9150000,4682
6,305,9150000,9150000,16227,27045,9180000,4697
6,306,9180000,9180000,16227,27045,9210000,4712
6,307,9210000,9210000,16227,27045,9240000,4728
6,308,9240000,9240000,16227,27045,9270000,4743
6,309,9270000,9270000,16227,27045,9300000,4759
6,31,930000,930000,16227,27045,960000,489
6,310,9300000,9300000,16227,27045,9330000,4774
6,311,9330000,9330000,16227,27045,9360000,4790
6,312,9360000,9360000,16227,27045,9390000,4804
6,313,9390000,9390000,16227,27045,9420000,4821
6,314,9420000,9420000,16227,27045,9450000,4835
6,315,9450000,9450000,16227,27045,9480000,4851
6,316,9480000,9480000,16227,27045,9510000,4866
6,317,9510000,9510000,16227,27045,9540000,4882
6,318,9540000,9540000,16227,27045,9570000,4896
6,319,9570000,9570000,16227,27045,9600000,4913
6,32,960000,960000,16227,27045,990000,503
6,320,9600000,9600000,16227,27045,9630000,4928
6,321,9630000,9630000,16227,27045,9660000,4943
6,322,9660000,9660000,16227,27045,9690000,4958
6,323,9690000,9690000,16227,27045,9720000,4974
6,324,9720000,9720000,16227,27045,9750000,4989
6,325,9750000,9750000,16227,27045,9780000,5004
6,326,9780000,9780000,16227,27045,9810000,5020
6,327,9810000,9810000,16227,27045,9840000,5035
6,328,9840000,9840000,16227,27045,9870000,5050
6,329,9870000,9870000,16227,27045,9900000,5066
6,33,990000,990000,16227,27045,1020000,519
6,330,9900000,9900000,16227,27045,9930000,5081
6,331,9930000,9930000,16227,27045,9960000,5097
6,332,9960000,9960000,16227,27045,9990000,5112
6,333,9990000,9990000,16227,27045,10020000,5128
6,334,10020000,10020000,16227,27045,10050000,5142
6,335,10050000,10050000,16227,27045,10080000,5159
6,336,10080000,10080000,16227,27045,10110000,5173
6,337,10110000,10110000,16227,27045,10140000,5189
6,338,10140000,10140000,16227,27045,10170000,5204
6,339,10170000,10170000,16227,27045,10200000,5220
6,34,1020000,1020000,16227,27045,1050000,535
6,340,10200000,10200000,16227,27045,10230000,5234
6,341,10230000,10230000,16227,27045,10260000,5250
6,342,10260000,10260000,16227,27045,10290000,5266
6,343,10290000,10290000,16227,27045,10320000,5281
6,344,10320000,10320000,16227,27045,10350000,5296
6,345,10350000,10350000,16227,27045,10380000,5312
6,346,10380000,10380000,16227,27045,10410000,5327
6,347,10410000,10410000,16227,27045,10440000,5342
6,348,10440000,10440000,16227,27045,10470000,5358
6,349,10470000,10470000,16227,27045,10500000,5373
6,35,1050000,1050000,16227,27045,1080000,550
6,350,10500000,10500000,16227,27045,10530000,5388
6,351,10530000,10530000,16227,27045,10560000,5404
6,352,10560000,10560000,16227,27045,10590000,5419
6,353,10590000,10590000,16227,27045,10620000,5435
6,354,10620000,10620000,16227,27045,10650000,5450
6,355,10650000,10650000,16227,27045,10680000,5466
6,356,10680000,10680000,16227,27045,10710000,5480
6,357,10710000,10710000,16227,27045,10740000,5497
6,358,10740000,10740000,16227,27045,10770000,5511
6,359,10770000,10770000,16227,27045,10800000,5527
6,36,1080000,1080000,16227,27045,1110000,565
6,360,10800000,10800000,16227,27045,10830000,5541
6,361,10830000,10830000,16227,27045,10860000,5558
6,362,10860000,10860000,16227,27045,10890000,5572
6,363,10890000,10890000,16227,27045,10920000,5588
6,364,10920000,10920000,16227,27045,10950000,5604
6,365,10950000,10950000,16227,27045,10980000,5619
6,366,10980000,10980000,16227,27045,11010000,5634
6,367,11010000,11010000,16227,27045,11040000,5650
6,368,11040000,11040000,16227,27045,11070000,5665
6,369,11070000,11070000,16227,27045,11100000,5680
6,37,1110000,1110000,16227,27045,1140000,580
6,370,11100000,11100000,16227,27045,11130000,5696
6,371,11130000,11130000,16227,27045,11160000,5711
6,372,11160000,11160000,16227,27045,11190000,5726
6,373,11190000,11190000,16227,27045,11220000,5742
6,374,11220000,11220000,16227,27045,11250000,5757
6,375,11250000,11250000,16227,27045,11280000,5773
6,376,11280000,11280000,16227,27045,11310000,5788
6,377,11310000,11310000,16227,27045,11340000,5804
6,378,11340000,11340000,16227,27045,11370000,5818
6,379,11370000,11370000,16227,27045,11400000,5834
6,38,1140000,1140000,16227,27045,1170000,596
6,380,11400000,11400000,16227,27045,11430000,5849
6,381,11430000,11430000,16227,27045,11460000,5865
6,382,11460000,11460000,16227,27045,11490000,5879
6,383,11490000,11490000,16227,27045,11520000,5896
6,384,11520000,11520000,16227,27045,11550000,5910
6,385,11550000,11550000,16227,27045,11580000,5926
6,386,11580000,11580000,16227,27045,11610000,5942
6,387,11610000,11610000,16227,27045,11640000,5957
6,388,11640000,11640000,16227,27045,11670000,5972
6,389,11670000,11670000,16227,27045,11700000,5988
6,39,1170000,1170000,16227,27045,1200000,611
6,390,11700000,11700000,16227,27045,11730000,6003
6,391,11730000,11730000,16227,27045,11760000,6018
6,392,11760000,11760000,16227,27045,11790000,6034
6,393,11790000,11790000,16227,27045,11820000,6049
6,394,11820000,11820000,16227,27045,11850000,6064
6,395,11850000,11850000,16227,27045,11880000,6080
6,396,11880000,11880000,16227,27045,11910000,6095
6,397,11910000,11910000,16227,27045,11940000,6111
6,398,11940000,11940000,16227,27045,11970000,6125
6,399,11970000,11970000,16227,27045,12000000,6142
6,4,120000,120000,16227,27045,150000,73
6,40,1200000,1200000,16227,27045,1230000,626
6,400,12000000,12000000,16227,27045,12030000,6156
6,401,12030000,12030000,16227,27045,12060000,6172
6,402,12060000,12060000,16227,27045,12090000,6187
6,403,12090000,12090000,16227,27045,12120000,6203
6,404,12120000,12120000,16227,27045,12150000,6217
6,405,12150000,12150000,16227,27045,12180000,6234
6,406,12180000,12180000,16227,27045,12210000,6248
6,407,12210000,12210000,16227,27045,12240000,6264
6,408,12240000,12240000,16227,27045,12270000,6280
6,409,12270000,12270000,16227,27045,12300000,6295
6,41,1230000,1230000,16227,27045,1260000,642
6,410,12300000,12300000,16227,27045,12330000,6310
6,411,12330000,12330000,16227,27045,12360000,6326
6,412,12360000,12360000,16227,27045,12390000,6341
6,413,12390000,12390000,16227,27045,12420000,6356
6,414,12420000,12420000,16227,27045,12450000,6372
6,415,12450000,12450000,16227,27045,12480000,6387
6,416,12480000,12480000,16227,27045,12510000,6402
6,417,12510000,12510000,16227,27045,12540000,6417
6,42,1260000,1260000,16227,27045,1290000,657
6,43,1290000,1290000,16227,27045,1320000,672
6,44,1320000,1320000,16227,27045,1350000,688
6,45,1350000,1350000,16227,27045,1380000,704
6,46,1380000,1380000,16227,27045,1410000,718
6,47,1410000,1410000,16227,27045,1440000,735
6,48,1440000,1440000,16227,27045,1470000,749
6,49,1470000,1470000,16227,27045,1500000,765
6,5,150000,150000,16227,27045,180000,89
6,50,1500000,1500000,16227,27045,1530000,780
6,51,1530000,1530000,16227,27045,1560000,796
6,52,1560000,1560000,16227,27045,1590000,810
6,53,1590000,1590000,16227,27045,1620000,827
6,54,1620000,1620000,16227,27045,1650000,841
6,55,1650000,1650000,16227,27045,1680000,857
6,56,1680000,1680000,16227,27045,1710000,872
6,57,1710000,1710000,16227,27045,1740000,888
6,58,1740000,1740000,16227,27045,1770000,903
6,59,1770000,1770000,16227,27045,1800000,918
6,6,180000,180000,16227,27045,210000,104
6,60,1800000,1800000,16227,27045,1830000,934
6,61,1830000,1830000,16227,27045,1860000,949
6,62,1860000,1860000,16227,27045,1890000,964
6,63,1890000,1890000,16227,27045,1920000,980
6,64,1920000,1920000,16227,27045,1950000,995
6,65,1950000,1950000,16227,27045,1980000,1010
6,66,1980000,1980000,16227,27045,2010000,1026
6,67,2010000,2010000,16227,27045,2040000,1042
6,68,2040000,2040000,16227,27045,2070000,1056
6,69,2070000,2070000,16227,27045,2100000,1073
6,7,210000,210000,16227,27045,240000,120
6,70,2100000,2100000,16227,27045,2130000,1087
6,71,2130000,2130000,16227,27045,2160000,1103
6,72,2160000,2160000,16227,27045,2190000,1118
6,73,2190000,2190000,16227,27045,2220000,1134
6,74,2220000,2220000,16227,27045,2250000,1148
6,75,2250000,2250000,16227,27045,2280000,1164
6,76,2280000,2280000,16227,27045,2310000,1179
6,77,2310000,2310000,16227,27045,2340000,1195
6,78,2340000,2340000,16227,27045,2370000,1210
6,79,2370000,2370000,16227,27045,2400000,1226
6,8,240000,240000,16227,27045,270000,134
6,80,2400000,2400000,16227,27045,2430000,1241
6,81,2430000,2430000,16227,27045,2460000,1256
6,82,2460000,2460000,16227,27045,2490000,1272
6,83,2490000,2490000,16227,27045,2520000,1287
6,84,2520000,2520000,16227,27045,2550000,1302
6,85,2550000,2550000,16227,27045,2580000,1318
6,86,2580000,2580000,16227,27045,2610000,1333
6,87,2610000,2610000,16227,27045,2640000,1348
6,88,2640000,2640000,16227,27045,2670000,1364
6,89,2670000,2670000,16227,27045,2700000,1380
6,9,270000,270000,16227,27045,300000,151
6,90,2700000,2700000,16227,27045,2730000,1394
6,91,2730000,2730000,16227,27045,2760000,1411
6,92,2760000,2760000,16227,27045,2790000,1425
6,93,2790000,2790000,16227,27045,2820000,1441
6,94,2820000,2820000,16227,27045,2850000,1455
6,95,2850000,2850000,16227,27045,2880000,1472
6,96,2880000,2880000,16227,27045,2910000,1486
6,97,2910000,2910000,16227,27045,2940000,1502
6,98,2940000,2940000,16227,27045,2970000,1517
6,99,2970000,2970000,16227,27045,3000000,1533
7,0,0,0,22252,37086,55000,21
7,1,55000,55000,22252,37086,110000,52
7,10,550000,550000,22252,37086,605000,306
7,100,5500000,5500000,22252,37086,5555000,2839
7,101,5555000,5555000,22252,37086,5610000,2870
7,102,5610000,5610000,22252,37086,5665000,2895
7,103,5665000,5665000,22252,37086,5720000,2926
7,104,5720000,5720000,22252,37086,5775000,2952
7,105,5775000,5775000,22252,37086,5830000,2981
7,106,5830000,5830000,22252,37086,5885000,3009
7,107,5885000,5885000,22252,37086,5940000,3039
7,108,5940000,5940000,22252,37086,5995000,3063
7,109,5995000,5995000,22252,37086,6050000,3093
7,11,605000,605000,22252,37086,660000,335
7,110,6050000,6050000,22252,37086,6105000,3122
7,111,6105000,6105000,22252,37086,6160000,3150
7,112,6160000,6160000,22252,37086,6215000,3177
7,113,6215000,6215000,22252,37086,6270000,3207
7,114,6270000,6270000,22252,37086,6325000,3233
7,115,6325000,6325000,22252,37086,6380000,3264
7,116,6380000,6380000,22252,37086,6435000,3290
7,117,6435000,6435000,22252,37086,6490000,3319
7,118,6490000,6490000,22252,37086,6545000,3347
7,119,6545000,6545000,22252,37086,6600000,3377
7,12,660000,660000,22252,37086,715000,359
7,120,6600000,6600000,22252,37086,6655000,3401
7,121,6655000,6655000,22252,37086,6710000,3431
7,122,6710000,6710000,22252,37086,6765000,3460
7,123,6765000,6765000,22252,37086,6820000,3488
7,124,6820000,6820000,22252,37086,6875000,3515
7,125,6875000,6875000,22252,37086,6930000,3545
7,126,6930000,6930000,22252,37086,6985000,3571
7,127,6985000,6985000,22252,37086,7040000,3602
7,128,7040000,7040000,22252,37086,7095000,3628
7,129,7095000,7095000,22252,37086,7150000,3657
7,13,715000,715000,22252,37086,770000,390
7,130,7150000,7150000,22252,37086,7205000,3685
7,131,7205000,7205000,22252,37086,7260000,3715
7,132,7260000,7260000,22252,37086,7315000,3738
7,133,7315000,7315000,22252,37086,7370000,3769
7,134,7370000,7370000,22252,37086,7425000,3798
7,135,7425000,7425000,22252,37086,7480000,3826
7,136,7480000,7480000,22252,37086,7535000,3853
7,137,7535000,7535000,22252,37086,7590000,3883
7,138,7590000,7590000,22252,37086,7645000,3909
7,139,7645000,7645000,22252,37086,7700000,3940
7,14,770000,770000,22252,37086,825000,418
7,140,7700000,7700000,22252,37086,7755000,3966
7,141,7755000,7755000,22252,37086,7810000,3995
7,142,7810000,7810000,22252,37086,7865000,4023
7,143,7865000,7865000,22252,37086,7920000,4053
7,144,7920000,7920000,22252,37086,7975000,4076
7,145,7975000,7975000,22252,37086,8030000,4107
7,146,8030000,8030000,22252,37086,8085000,4136
7,147,8085000,8085000,22252,37086,8140000,4164
7,148,8140000,8140000,22252,37086,8195000,4191
7,149,8195000,8195000,22252,37086,8250000,4221
7,15,825000,825000,22252,37086,880000,447
7,150,8250000,8250000,22252,37086,8305000,4247
7,151,8305000,8305000,22252,37086,8360000,4277
7,152,8360000,8360000,22252,37086,8415000,4304
7,153,8415000,8415000,22252,37086,8470000,4333
7,154,8470000,8470000,22252,37086,8525000,4361
7,155,8525000,8525000,22252,37086,8580000,4391
7,156,8580000,8580000,22252,37086,8635000,4414
7,157,8635000,8635000,22252,37086,8690000,4445
7,158,8690000,8690000,22252,37086,8745000,4474
7,159,8745000,8745000,22252,37086,8800000,4502
7,16,880000,880000,22252,37086,935000,473
7,160,8800000,8800000,22252,37086,8855000,4529
7,161,8855000,8855000,22252,37086,8910000,4559
7,162,8910000,8910000,22252,37086,8965000,4585
7,163,8965000,8965000,22252,37086,9020000,4615
7,164,9020000,9020000,22252,37086,9075000,4642
7,165,9075000,9075000,22252,37086,9130000,4671
7,166,9130000,9130000,22252,37086,9185000,4699
7,167,9185000,9185000,22252,37086,9240000,4729
7,168,9240000,9240000,22252,37086,9295000,4752
7,169,9295000,9295000,22252,37086,9350000,4783
7,17,935000,935000,22252,37086,990000,504
7,170,9350000,9350000,22252,37086,9405000,4811
7,171,9405000,9405000,22252,37086,9460000,4840
7,172,9460000,9460000,22252,37086,9515000,4867
7,173,9515000,9515000,22252,37086,9570000,4897
7,174,9570000,9570000,22252,37086,9625000,4923
7,175,9625000,9625000,22252,37086,9680000,4953
7,176,9680000,9680000,22252,37086,9735000,4980
7,177,9735000,9735000,22252,37086,9790000,5009
7,178,9790000,9790000,22252,37086,9845000,5037
7,179,9845000,9845000,22252,37086,9900000,5067
7,18,990000,990000,22252,37086,1045000,529
7,180,9900000,9900000,22252,37086,9955000,5090
7,181,9955000,9955000,22252,37086,10010000,5121
7,182,10010000,10010000,22252,37086,10065000,5149
7,183,10065000,10065000,22252,37086,10120000,5178
7,184,10120000,10120000,22252,37086,10175000,5205
7,185,10175000,10175000,22252,37086,10230000,5235
7,186,10230000,10230000,22252,37086,10285000,5261
7,187,10285000,10285000,22252,37086,10340000,5291
7,188,10340000,10340000,22252,37086,10395000,5318
7,189,10395000,10395000,22252,37086,10450000,5346
7,19,1045000,1045000,22252,37086,1100000,560
7,190,10450000,10450000,22252,37086,10505000,5375
7,191,10505000,10505000,22252,37086,10560000,5405
7,192,10560000,10560000,22252,37086,10615000,5428
7,193,10615000,10615000,22252,37086,10670000,5459
7,194,10670000,10670000,22252,37086,10725000,5487
7,195,10725000,10725000,22252,37086,10780000,5516
7,196,10780000,10780000,22252,37086,10835000,5543
7,197,10835000,10835000,22252,37086,10890000,5573
7,198,10890000,10890000,22252,37086,10945000,5599
7,199,10945000,10945000,22252,37086,11000000,5629
7,2,110000,110000,22252,37086,165000,80
7,20,1100000,1100000,22252,37086,1155000,587
7,200,11000000,11000000,22252,37086,11055000,5656
7,201,11055000,11055000,22252,37086,11110000,5684
7,202,11110000,11110000,22252,37086,11165000,5713
7,203,11165000,11165000,22252,37086,11220000,5743
7,204,11220000,11220000,22252,37086,11275000,5766
7,205,11275000,11275000,22252,37086,11330000,5797
7,206,11330000,11330000,22252,37086,11385000,5825
7,207,11385000,11385000,22252,37086,11440000,5854
7,208,11440000,11440000,22252,37086,11495000,5880
7,209,11495000,11495000,22252,37086,11550000,5911
7,21,1155000,1155000,22252,37086,1210000,615
7,210,11550000,11550000,22252,37086,11605000,5937
7,211,11605000,11605000,22252,37086,11660000,5967
7,212,11660000,11660000,22252,37086,11715000,5994
7,213,11715000,11715000,22252,37086,11770000,6022
7,214,11770000,11770000,22252,37086,11825000,6051
7,215,11825000,11825000,22252,37086,11880000,6081
7,216,11880000,11880000,22252,37086,11935000,6104
7,217,11935000,11935000,22252,37086,11990000,6135
7,218,11990000,11990000,22252,37086,12045000,6163
7,219,12045000,12045000,22252,37086,12100000,6192
7,22,1210000,1210000,22252,37086,1265000,644
7,220,12100000,12100000,22252,37086,12155000,6218
7,221,12155000,12155000,22252,37086,12210000,6249
7,222,12210000,12210000,22252,37086,12265000,6275
7,223,12265000,12265000,22252,37086,12320000,6305
7,224,12320000,12320000,22252,37086,12375000,6332
7,225,12375000,12375000,22252,37086,12430000,6360
7,226,12430000,12430000,22252,37086,12485000,6389
7,227,12485000,12485000,22252,37086,12540000,6418
7,23,1265000,1265000,22252,37086,1320000,673
7,24,1320000,1320000,22252,37086,1375000,697
7,25,1375000,1375000,22252,37086,1430000,728
7,26,1430000,1430000,22252,37086,1485000,756
7,27,1485000,1485000,22252,37086,1540000,785
7,28,1540000,1540000,22252,37086,1595000,811
7,29,1595000,1595000,22252,37086,1650000,842
7,3,165000,165000,22252,37086,220000,109
7,30,1650000,1650000,22252,37086,1705000,867
7,31,1705000,1705000,22252,37086,1760000,898
7,32,1760000,1760000,22252,37086,1815000,925
7,33,1815000,1815000,22252,37086,1870000,953
7,34,1870000,1870000,22252,37086,1925000,982
7,35,1925000,1925000,22252,37086,1980000,1011
7,36,1980000,1980000,22252,37086,2035000,1035
7,37,2035000,2035000,22252,37086,2090000,1065
7,38,2090000,2090000,22252,37086,2145000,1094
7,39,2145000,2145000,22252,37086,2200000,1123
7,4,220000,220000,22252,37086,275000,135
7,40,2200000,2200000,22252,37086,2255000,1149
7,41,2255000,2255000,22252,37086,2310000,1180
7,42,2310000,2310000,22252,37086,2365000,1205
7,43,2365000,2365000,22252,37086,2420000,1236
7,44,2420000,2420000,22252,37086,2475000,1263
7,45,2475000,2475000,22252,37086,2530000,1291
7,46,2530000,2530000,22252,37086,2585000,1320
7,47,2585000,2585000,22252,37086,2640000,1349
7,48,2640000,2640000,22252,37086,2695000,1373
7,49,2695000,2695000,22252,37086,2750000,1403
7,5,275000,275000,22252,37086,330000,166
7,50,2750000,2750000,22252,37086,2805000,1432
7,51,2805000,2805000,22252,37086,2860000,1461
7,52,2860000,2860000,22252,37086,2915000,1487
7,53,2915000,2915000,22252,37086,2970000,1518
7,54,2970000,2970000,22252,37086,3025000,1543
7,55,3025000,3025000,22252,37086,3080000,1574
7,56,3080000,3080000,22252,37086,3135000,1600
7,57,3135000,3135000,22252,37086,3190000,1629
7,58,3190000,3190000,22252,37086,3245000,1658
7,59,3245000,3245000,22252,37086,3300000,1687
7,6,330000,330000,22252,37086,385000,192
7,60,3300000,3300000,22252,37086,3355000,1711
7,61,3355000,3355000,22252,37086,3410000,1741
7,62,3410000,3410000,22252,37086,3465000,1770
7,63,3465000,3465000,22252,37086,3520000,1799
7,64,3520000,3520000,22252,37086,3575000,1825
7,65,3575000,3575000,22252,37086,3630000,1856
7,66,3630000,3630000,22252,37086,3685000,1881
7,67,3685000,3685000,22252,37086,3740000,1912
7,68,3740000,3740000,22252,37086,3795000,1938
7,69,3795000,3795000,22252,37086,3850000,1967
7,7,385000,385000,22252,37086,440000,222
7,70,3850000,3850000,22252,37086,3905000,1996
7,71,3905000,3905000,22252,37086,3960000,2025
7,72,3960000,3960000,22252,37086,4015000,2049
7,73,4015000,4015000,22252,37086,4070000,2079
7,74,4070000,4070000,22252,37086,4125000,2108
7,75,4125000,4125000,22252,37086,4180000,2136
7,76,4180000,4180000,22252,37086,4235000,2163
7,77,4235000,4235000,22252,37086,4290000,2194
7,78,4290000,4290000,22252,37086,4345000,2219
7,79,4345000,4345000,22252,37086,4400000,2250
7,8,440000,440000,22252,37086,495000,249
7,80,4400000,4400000,22252,37086,4455000,2276
7,81,4455000,4455000,22252,37086,4510000,2305
7,82,4510000,4510000,22252,37086,4565000,2334
7,83,4565000,4565000,22252,37086,4620000,2363
7,84,4620000,4620000,22252,37086,4675000,2387
7,85,4675000,4675000,22252,37086,4730000,2417
7,86,4730000,4730000,22252,37086,4785000,2446
7,87,4785000,4785000,22252,37086,4840000,2474
7,88,4840000,4840000,22252,37086,4895000,2501
7,89,4895000,4895000,22252,37086,4950000,2532
7,9,495000,495000,22252,37086,550000,277
7,90,4950000,4950000,22252,37086,5005000,2557
7,91,5005000,5005000,22252,37086,5060000,2588
7,92,5060000,5060000,22252,37086,5115000,2614
7,93,5115000,5115000,22252,37086,5170000,2643
7,94,5170000,5170000,22252,37086,5225000,2671
7,95,5225000,5225000,22252,37086,5280000,2701
7,96,5280000,5280000,22252,37086,5335000,2725
7,97,5335000,5335000,22252,37086,5390000,2755
7,98,5390000,5390000,22252,37086,5445000,2784
7,99,5445000,5445000,22252,37086,5500000,2812
8,0,0,0,30453,50754,60000,29
8,1,60000,60000,30453,50754,120000,60
8,10,600000,600000,30453,50754,660000,336
8,100,6000000,6000000,30453,50754,6060000,3101
8,101,6060000,6060000,30453,50754,6120000,3132
8,102,6120000,6120000,30453,50754,6180000,3163
8,103,6180000,6180000,30453,50754,6240000,3193
8,104,6240000,6240000,30453,50754,6300000,3224
8,105,6300000,6300000,30453,50754,6360000,3254
8,106,6360000,6360000,30453,50754,6420000,3285
8,107,6420000,6420000,30453,50754,6480000,3316
8,108,6480000,6480000,30453,50754,6540000,3346
8,109,6540000,6540000,30453,50754,6600000,3378
8,11,660000,660000,30453,50754,720000,367
8,110,6600000,6600000,30453,50754,6660000,3409
8,111,6660000,6660000,30453,50754,6720000,3439
8,112,6720000,6720000,30453,50754,6780000,3470
8,113,6780000,6780000,30453,50754,6840000,3500
8,114,6840000,6840000,30453,50754,6900000,3531
8,115,6900000,6900000,30453,50754,6960000,3562
8,116,6960000,6960000,30453,50754,7020000,3592
8,117,7020000,7020000,30453,50754,7080000,3623
8,118,7080000,7080000,30453,50754,7140000,3654
8,119,7140000,7140000,30453,50754,7200000,3684
8,12,720000,720000,30453,50754,780000,398
8,120,7200000,7200000,30453,50754,7260000,3716
8,121,7260000,7260000,30453,50754,7320000,3747
8,122,7320000,7320000,30453,50754,7380000,3777
8,123,7380000,7380000,30453,50754,7440000,3808
8,124,7440000,7440000,30453,50754,7500000,3838
8,125,7500000,7500000,30453,50754,7560000,3869
8,126,7560000,7560000,30453,50754,7620000,3900
8,127,7620000,7620000,30453,50754,7680000,3930
8,128,7680000,7680000,30453,50754,7740000,3961
8,129,7740000,7740000,30453,50754,7800000,3992
8,13,780000,780000,30453,50754,840000,428
8,130,7800000,7800000,30453,50754,7860000,4022
8,131,7860000,7860000,30453,50754,7920000,4054
8,132,7920000,7920000,30453,50754,7980000,4084
8,133,7980000,7980000,30453,50754,8040000,4115
8,134,8040000,8040000,30453,50754,8100000,4146
8,135,8100000,8100000,30453,50754,8160000,4176
8,136,8160000,8160000,30453,50754,8220000,4207
8,137,8220000,8220000,30453,50754,8280000,4238
8,138,8280000,8280000,30453,50754,8340000,4268
8,139,8340000,8340000,30453,50754,8400000,4299
8,14,840000,840000,30453,50754,900000,459
8,140,8400000,8400000,30453,50754,8460000,4330
8,141,8460000,8460000,30453,50754,8520000,4360
8,142,8520000,8520000,30453,50754,8580000,4392
8,143,8580000,8580000,30453,50754,8640000,4422
8,144,8640000,8640000,30453,50754,8700000,4453
8,145,8700000,8700000,30453,50754,8760000,4484
8,146,8760000,8760000,30453,50754,8820000,4514
8,147,8820000,8820000,30453,50754,8880000,4545
8,148,8880000,8880000,30453,50754,8940000,4576
8,149,8940000,8940000,30453,50754,9000000,4606
8,15,900000,900000,30453,50754,960000,490
8,150,9000000,9000000,30453,50754,9060000,4637
8,151,9060000,9060000,30453,50754,9120000,4667
8,152,9120000,9120000,30453,50754,9180000,4698
8,153,9180000,9180000,30453,50754,9240000,4730
8,154,9240000,9240000,30453,50754,9300000,4760
8,155,9300000,9300000,30453,50754,9360000,4791
8,156,9360000,9360000,30453,50754,9420000,4822
8,157,9420000,9420000,30453,50754,9480000,4852
8,158,9480000,9480000,30453,50754,9540000,4883
8,159,9540000,9540000,30453,50754,9600000,4914
8,16,960000,960000,30453,50754,1020000,520
8,160,9600000,9600000,30453,50754,9660000,4944
8,161,9660000,9660000,30453,50754,9720000,4975
8,162,9720000,9720000,30453,50754,9780000,5005
8,163,9780000,9780000,30453,50754,9840000,5036
8,164,9840000,9840000,30453,50754,9900000,5068
8,165,9900000,9900000,30453,50754,9960000,5098
8,166,9960000,9960000,30453,50754,10020000,5129
8,167,10020000,10020000,30453,50754,10080000,5160
8,168,10080000,10080000,30453,50754,10140000,5190
8,169,10140000,10140000,30453,50754,10200000,5221
8,17,1020000,1020000,30453,50754,1080000,551
8,170,10200000,10200000,30453,50754,10260000,5251
8,171,10260000,10260000,30453,50754,10320000,5282
8,172,10320000,10320000,30453,50754,10380000,5313
8,173,10380000,10380000,30453,50754,10440000,5343
8,174,10440000,10440000,30453,50754,10500000,5374
8,175,10500000,10500000,30453,50754,10560000,5406
8,176,10560000,10560000,30453,50754,10620000,5436
8,177,10620000,10620000,30453,50754,10680000,5467
8,178,10680000,10680000,30453,50754,10740000,5498
8,179,10740000,10740000,30453,50754,10800000,5528
8,18,1080000,1080000,30453,50754,1140000,581
8,180,10800000,10800000,30453,50754,10860000,5559
8,181,10860000,10860000,30453,50754,10920000,5589
8,182,10920000,10920000,30453,50754,10980000,5620
8,183,10980000,10980000,30453,50754,11040000,5651
8,184,11040000,11040000,30453,50754,11100000,5681
8,185,11100000,11100000,30453,50754,11160000,5712
8,186,11160000,11160000,30453,50754,11220000,5744
8,187,11220000,11220000,30453,50754,11280000,5774
8,188,11280000,11280000,30453,50754,11340000,5805
8,189,11340000,11340000,30453,50754,11400000,5835
8,19,1140000,1140000,30453,50754,1200000,612
8,190,11400000,11400000,30453,50754,11460000,5866
8,191,11460000,11460000,30453,50754,11520000,5897
8,192,11520000,11520000,30453,50754,11580000,5927
8,193,11580000,11580000,30453,50754,11640000,5958
8,194,11640000,11640000,30453,50754,11700000,5989
8,195,11700000,11700000,30453,50754,11760000,6019
8,196,11760000,11760000,30453,50754,11820000,6050
8,197,11820000,11820000,30453,50754,11880000,6082
8,198,11880000,11880000,30453,50754,11940000,6112
8,199,11940000,11940000,30453,50754,12000000,6143
8,2,120000,120000,30453,50754,180000,90
8,20,1200000,1200000,30453,50754,1260000,643
8,200,12000000,12000000,30453,50754,12060000,6173
8,201,12060000,12060000,30453,50754,12120000,6204
8,202,12120000,12120000,30453,50754,12180000,6235
8,203,12180000,12180000,30453,50754,12240000,6265
8,204,12240000,12240000,30453,50754,12300000,6296
8,205,12300000,12300000,30453,50754,12360000,6327
8,206,12360000,12360000,30453,50754,12420000,6357
8,207,12420000,12420000,30453,50754,12480000,6388
8,208,12480000,12480000,30453,50754,12540000,6419
8,21,1260000,1260000,30453,50754,1320000,674
8,22,1320000,1320000,30453,50754,1380000,705
8,23,1380000,1380000,30453,50754,1440000,736
8,24,1440000,1440000,30453,50754,1500000,766
8,25,1500000,1500000,30453,50754,1560000,797
8,26,1560000,1560000,30453,50754,1620000,828
8,27,1620000,1620000,30453,50754,1680000,858
8,28,1680000,1680000,30453,50754,1740000,889
8,29,1740000,1740000,30453,50754,1800000,919
8,3,180000,180000,30453,50754,240000,121
8,30,1800000,1800000,30453,50754,1860000,950
8,31,1860000,1860000,30453,50754,1920000,981
8,32,1920000,1920000,30453,50754,1980000,1012
8,33,1980000,1980000,30453,50754,2040000,1043
8,34,2040000,2040000,30453,50754,2100000,1074
8,35,2100000,2100000,30453,50754,2160000,1104
8,36,2160000,2160000,30453,50754,2220000,1135
8,37,2220000,2220000,30453,50754,2280000,1165
8,38,2280000,2280000,30453,50754,2340000,1196
8,39,2340000,2340000,30453,50754,2400000,1227
8,4,240000,240000,30453,50754,300000,152
8,40,2400000,2400000,30453,50754,2460000,1257
8,41,2460000,2460000,30453,50754,2520000,1288
8,42,2520000,2520000,30453,50754,2580000,1319
8,43,2580000,2580000,30453,50754,2640000,1350
8,44,2640000,2640000,30453,50754,2700000,1381
8,45,2700000,2700000,30453,50754,2760000,1412
8,46,2760000,2760000,30453,50754,2820000,1442
8,47,2820000,2820000,30453,50754,2880000,1473
8,48,2880000,2880000,30453,50754,2940000,1503
8,49,2940000,2940000,30453,50754,3000000,1534
8,5,300000,300000,30453,50754,360000,182
8,50,3000000,3000000,30453,50754,3060000,1565
8,51,3060000,3060000,30453,50754,3120000,1595
8,52,3120000,3120000,30453,50754,3180000,1626
8,53,3180000,3180000,30453,50754,3240000,1657
8,54,3240000,3240000,30453,50754,3300000,1688
8,55,3300000,3300000,30453,50754,3360000,1719
8,56,3360000,3360000,30453,50754,3420000,1749
8,57,3420000,3420000,30453,50754,3480000,1780
8,58,3480000,3480000,30453,50754,3540000,1811
8,59,3540000,3540000,30453,50754,3600000,1841
8,6,360000,360000,30453,50754,420000,213
8,60,3600000,3600000,30453,50754,3660000,1872
8,61,3660000,3660000,30453,50754,3720000,1903
8,62,3720000,3720000,30453,50754,3780000,1933
8,63,3780000,3780000,30453,50754,3840000,1964
8,64,3840000,3840000,30453,50754,3900000,1995
8,65,3900000,3900000,30453,50754,3960000,2026
8,66,3960000,3960000,30453,50754,4020000,2057
8,67,4020000,4020000,30453,50754,4080000,2087
8,68,4080000,4080000,30453,50754,4140000,2118
8,69,4140000,4140000,30453,50754,4200000,2149
8,7,420000,420000,30453,50754,480000,244
8,70,4200000,4200000,30453,50754,4260000,2179
8,71,4260000,4260000,30453,50754,4320000,2210
8,72,4320000,4320000,30453,50754,4380000,2241
8,73,4380000,4380000,30453,50754,4440000,2271
8,74,4440000,4440000,30453,50754,4500000,2302
8,75,4500000,4500000,30453,50754,4560000,2332
8,76,4560000,4560000,30453,50754,4620000,2364
8,77,4620000,4620000,30453,50754,4680000,2395
8,78,4680000,4680000,30453,50754,4740000,2425
8,79,4740000,4740000,30453,50754,4800000,2456
8,8,480000,480000,30453,50754,540000,274
8,80,4800000,4800000,30453,50754,4860000,2487
8,81,4860000,4860000,30453,50754,4920000,2517
8,82,4920000,4920000,30453,50754,4980000,2548
8,83,4980000,4980000,30453,50754,5040000,2579
8,84,5040000,5040000,30453,50754,5100000,2609
8,85,5100000,5100000,30453,50754,5160000,2640
8,86,5160000,5160000,30453,50754,5220000,2670
8,87,5220000,5220000,30453,50754,5280000,2702
8,88,5280000,5280000,30453,50754,5340000,2733
8,89,5340000,5340000,30453,50754,5400000,2763
8,9,540000,540000,30453,50754,600000,305
8,90,5400000,5400000,30453,50754,5460000,2794
8,91,5460000,5460000,30453,50754,5520000,2825
8,92,5520000,5520000,30453,50754,5580000,2855
8,93,5580000,5580000,30453,50754,5640000,2886
8,94,5640000,5640000,30453,50754,5700000,2916
8,95,5700000,5700000,30453,50754,5760000,2947
8,96,5760000,5760000,30453,50754,5820000,2978
8,97,5820000,5820000,30453,50754,5880000,3008
8,98,5880000,5880000,30453,50754,5940000,3040
8,99,5940000,5940000,30453,50754,6000000,3071
9,0,0,0,13821,23034,95000,43
9,1,95000,95000,13821,23034,190000,93
9,10,950000,950000,13821,23034,1045000,530
9,100,9500000,9500000,13821,23034,9595000,4906
9,101,9595000,9595000,13821,23034,9690000,4959
9,102,9690000,9690000,13821,23034,9785000,5006
9,103,9785000,9785000,13821,23034,9880000,5055
9,104,9880000,9880000,13821,23034,9975000,5103
9,105,9975000,9975000,13821,23034,10070000,5152
9,106,10070000,10070000,13821,23034,10165000,5199
9,107,10165000,10165000,13821,23034,10260000,5252
9,108,10260000,10260000,13821,23034,10355000,5297
9,109,10355000,10355000,13821,23034,10450000,5347
9,11,1045000,1045000,13821,23034,1140000,582
9,110,10450000,10450000,13821,23034,10545000,5395
9,111,10545000,10545000,13821,23034,10640000,5445
9,112,10640000,10640000,13821,23034,10735000,5490
9,113,10735000,10735000,13821,23034,10830000,5542
9,114,10830000,10830000,13821,23034,10925000,5590
9,115,10925000,10925000,13821,23034,11020000,5639
9,116,11020000,11020000,13821,23034,11115000,5687
9,117,11115000,11115000,13821,23034,11210000,5735
9,118,11210000,11210000,13821,23034,11305000,5783
9,119,11305000,11305000,13821,23034,11400000,5836
9,12,1140000,1140000,13821,23034,1235000,627
9,120,11400000,11400000,13821,23034,11495000,5881
9,121,11495000,11495000,13821,23034,11590000,5930
9,122,11590000,11590000,13821,23034,11685000,5979
9,123,11685000,11685000,13821,23034,11780000,6029
9,124,11780000,11780000,13821,23034,11875000,6073
9,125,11875000,11875000,13821,23034,11970000,6126
9,126,11970000,11970000,13821,23034,12065000,6174
9,127,12065000,12065000,13821,23034,12160000,6223
9,128,12160000,12160000,13821,23034,12255000,6270
9,129,12255000,12255000,13821,23034,12350000,6319
9,13,1235000,1235000,13821,23034,1330000,677
9,130,12350000,12350000,13821,23034,12445000,6367
9,131,12445000,12445000,13821,23034,12540000,6420
9,14,1330000,1330000,13821,23034,1425000,725
9,15,1425000,1425000,13821,23034,1520000,775
9,16,1520000,1520000,13821,23034,1615000,820
9,17,1615000,1615000,13821,23034,1710000,873
9,18,1710000,1710000,13821,23034,1805000,920
9,19,1805000,1805000,13821,23034,1900000,969
9,2,190000,190000,13821,23034,285000,142
9,20,1900000,1900000,13821,23034,1995000,1017
9,21,1995000,1995000,13821,23034,2090000,1066
9,22,2090000,2090000,13821,23034,2185000,1113
9,23,2185000,2185000,13821,23034,2280000,1166
9,24,2280000,2280000,13821,23034,2375000,1211
9,25,2375000,2375000,13821,23034,2470000,1260
9,26,2470000,2470000,13821,23034,2565000,1309
9,27,2565000,2565000,13821,23034,2660000,1359
9,28,2660000,2660000,13821,23034,2755000,1404
9,29,2755000,2755000,13821,23034,2850000,1456
9,3,285000,285000,13821,23034,380000,191
9,30,2850000,2850000,13821,23034,2945000,1504
9,31,2945000,2945000,13821,23034,3040000,1553
9,32,3040000,3040000,13821,23034,3135000,1601
9,33,3135000,3135000,13821,23034,3230000,1649
9,34,3230000,3230000,13821,23034,3325000,1697
9,35,3325000,3325000,13821,23034,3420000,1750
9,36,3420000,3420000,13821,23034,3515000,1794
9,37,3515000,3515000,13821,23034,3610000,1844
9,38,3610000,3610000,13821,23034,3705000,1893
9,39,3705000,3705000,13821,23034,3800000,1943
9,4,380000,380000,13821,23034,475000,236
9,40,3800000,3800000,13821,23034,3895000,1987
9,41,3895000,3895000,13821,23034,3990000,2040
9,42,3990000,3990000,13821,23034,4085000,2088
9,43,4085000,4085000,13821,23034,4180000,2137
9,44,4180000,4180000,13821,23034,4275000,2184
9,45,4275000,4275000,13821,23034,4370000,2233
9,46,4370000,4370000,13821,23034,4465000,2281
9,47,4465000,4465000,13821,23034,4560000,2333
9,48,4560000,4560000,13821,23034,4655000,2378
9,49,4655000,4655000,13821,23034,4750000,2428
9,5,475000,475000,13821,23034,570000,289
9,50,4750000,4750000,13821,23034,4845000,2477
9,51,4845000,4845000,13821,23034,4940000,2526
9,52,4940000,4940000,13821,23034,5035000,2571
9,53,5035000,5035000,13821,23034,5130000,2624
9,54,5130000,5130000,13821,23034,5225000,2672
9,55,5225000,5225000,13821,23034,5320000,2720
9,56,5320000,5320000,13821,23034,5415000,2768
9,57,5415000,5415000,13821,23034,5510000,2817
9,58,5510000,5510000,13821,23034,5605000,2864
9,59,5605000,5605000,13821,23034,5700000,2917
9,6,570000,570000,13821,23034,665000,337
9,60,5700000,5700000,13821,23034,5795000,2962
9,61,5795000,5795000,13821,23034,5890000,3012
9,62,5890000,5890000,13821,23034,5985000,3060
9,63,5985000,5985000,13821,23034,6080000,3110
9,64,6080000,6080000,13821,23034,6175000,3155
9,65,6175000,6175000,13821,23034,6270000,3208
9,66,6270000,6270000,13821,23034,6365000,3255
9,67,6365000,6365000,13821,23034,6460000,3304
9,68,6460000,6460000,13821,23034,6555000,3352
9,69,6555000,6555000,13821,23034,6650000,3400
9,7,665000,665000,13821,23034,760000,385
9,70,6650000,6650000,13821,23034,6745000,3448
9,71,6745000,6745000,13821,23034,6840000,3501
9,72,6840000,6840000,13821,23034,6935000,3546
9,73,6935000,6935000,13821,23034,7030000,3595
9,74,7030000,7030000,13821,23034,7125000,3644
9,75,7125000,7125000,13821,23034,7220000,3694
9,76,7220000,7220000,13821,23034,7315000,3739
9,77,7315000,7315000,13821,23034,7410000,3791
9,78,7410000,7410000,13821,23034,7505000,3839
9,79,7505000,7505000,13821,23034,7600000,3888
9,8,760000,760000,13821,23034,855000,433
9,80,7600000,7600000,13821,23034,7695000,3935
9,81,7695000,7695000,13821,23034,7790000,3984
9,82,7790000,7790000,13821,23034,7885000,4032
9,83,7885000,7885000,13821,23034,7980000,4085
9,84,7980000,7980000,13821,23034,8075000,4129
9,85,8075000,8075000,13821,23034,8170000,4179
9,86,8170000,8170000,13821,23034,8265000,4228
9,87,8265000,8265000,13821,23034,8360000,4278
9,88,8360000,8360000,13821,23034,8455000,4322
9,89,8455000,8455000,13821,23034,8550000,4375
9,9,855000,855000,13821,23034,950000,482
9,90,8550000,8550000,13821,23034,8645000,4423
9,91,8645000,8645000,13821,23034,8740000,4471
9,92,8740000,8740000,13821,23034,8835000,4519
9,93,8835000,8835000,13821,23034,8930000,4568
9,94,8930000,8930000,13821,23034,9025000,4616
9,95,9025000,9025000,13821,23034,9120000,4668
9,96,9120000,9120000,13821,23034,9215000,4713
9,97,9215000,9215000,13821,23034,9310000,4763
9,98,9310000,9310000,13821,23034,9405000,4812
9,99,9405000,9405000,13821,23034,9500000,4861
