Task ID,Job ID,Arrival min,Arrival max,Cost min,Cost max,Deadline,Priority
0,0,0,100,51,126,10000,0
0,1,10000,10100,51,126,20000,6
0,10,100000,100100,51,126,110000,84
0,100,1000000,1000100,51,126,1010000,863
0,1000,10000000,10000100,51,126,10010000,8658
0,1001,10010000,10010100,51,126,10020000,8667
0,1002,10020000,10020100,51,126,10030000,8677
0,1003,10030000,10030100,51,126,10040000,8683
0,1004,10040000,10040100,51,126,10050000,8693
0,1005,10050000,10050100,51,126,10060000,8702
0,1006,10060000,10060100,51,126,10070000,8710
0,1007,10070000,10070100,51,126,10080000,8716
0,1008,10080000,10080100,51,126,10090000,8730
0,1009,10090000,10090100,51,126,10100000,8736
0,101,1010000,1010100,51,126,1020000,871
0,1010,10100000,10100100,51,126,10110000,8744
0,1011,10110000,10110100,51,126,10120000,8754
0,1012,10120000,10120100,51,126,10130000,8763
0,1013,10130000,10130100,51,126,10140000,8769
0,1014,10140000,10140100,51,126,10150000,8779
0,1015,10150000,10150100,51,126,10160000,8788
0,1016,10160000,10160100,51,126,10170000,8797
0,1017,10170000,10170100,51,126,10180000,8806
0,1018,10180000,10180100,51,126,10190000,8815
0,1019,10190000,10190100,51,126,10200000,8821
0,102,1020000,1020100,51,126,1030000,881
0,1020,10200000,10200100,51,126,10210000,8833
0,1021,10210000,10210100,51,126,10220000,8839
0,1022,10220000,10220100,51,126,10230000,8848
0,1023,10230000,10230100,51,126,10240000,8857
0,1024,10240000,10240100,51,126,10250000,8866
0,1025,10250000,10250100,51,126,10260000,8875
0,1026,10260000,10260100,51,126,10270000,8885
0,1027,10270000,10270100,51,126,10280000,8891
0,1028,10280000,10280100,51,126,10290000,8900
0,1029,10290000,10290100,51,126,10300000,8910
0,103,1030000,1030100,51,126,1040000,887
0,1030,10300000,10300100,51,126,10310000,8918
0,1031,10310000,10310100,51,126,10320000,8924
0,1032,10320000,10320100,51,126,10330000,8938
0,1033,10330000,10330100,51,126,10340000,8944
0,1034,10340000,10340100,51,126,10350000,8952
0,1035,10350000,10350100,51,126,10360000,8961
0,1036,10360000,10360100,51,126,10370000,8971
0,1037,10370000,10370100,51,126,10380000,8977
0,1038,10380000,10380100,51,126,10390000,8987
0,1039,10390000,10390100,51,126,10400000,8996
0,104,1040000,1040100,51,126,1050000,897
0,1040,10400000,10400100,51,126,10410000,9006
0,1041,10410000,10410100,51,126,10420000,9014
0,1042,10420000,10420100,51,126,10430000,9021
0,1043,10430000,10430100,51,126,10440000,9029
0,1044,10440000,10440100,51,126,10450000,9040
0,1045,10450000,10450100,51,126,10460000,9048
0,1046,10460000,10460100,51,126,10470000,9057
0,1047,10470000,10470100,51,126,10480000,9065
0,1048,10480000,10480100,51,126,10490000,9074
0,1049,10490000,10490100,51,126,10500000,9080
0,105,1050000,1050100,51,126,1060000,908
0,1050,10500000,10500100,51,126,10510000,9094
0,1051,10510000,10510100,51,126,10520000,9100
0,1052,10520000,10520100,51,126,10530000,9108
0,1053,10530000,10530100,51,126,10540000,9118
0,1054,10540000,10540100,51,126,10550000,9125
0,1055,10550000,10550100,51,126,10560000,9132
0,1056,10560000,10560100,51,126,10570000,9145
0,1057,10570000,10570100,51,126,10580000,9153
0,1058,10580000,10580100,51,126,10590000,9160
0,1059,10590000,10590100,51,126,10600000,9168
0,106,1060000,1060100,51,126,1070000,915
0,1060,10600000,10600100,51,126,10610000,9179
0,1061,10610000,10610100,51,126,10620000,9186
0,1062,10620000,10620100,51,126,10630000,9196
0,1063,10630000,10630100,51,126,10640000,9202
0,1064,10640000,10640100,51,126,10650000,9213
0,1065,10650000,10650100,51,126,10660000,9222
0,1066,10660000,10660100,51,126,10670000,9229
0,1067,10670000,10670100,51,126,10680000,9238
0,1068,10680000,10680100,51,126,10690000,9249
0,1069,10690000,10690100,51,126,10700000,9255
0,107,1070000,1070100,51,126,1080000,921
0,1070,10700000,10700100,51,126,10710000,9263
0,1071,10710000,10710100,51,126,10720000,9273
0,1072,10720000,10720100,51,126,10730000,9283
0,1073,10730000,10730100,51,126,10740000,9289
0,1074,10740000,10740100,51,126,10750000,9301
0,1075,10750000,10750100,51,126,10760000,9308
0,1076,10760000,10760100,51,126,10770000,9316
0,1077,10770000,10770100,51,126,10780000,9324
0,1078,10780000,10780100,51,126,10790000,9334
0,1079,10790000,10790100,51,126,10800000,9340
0,108,1080000,1080100,51,126,1090000,934
0,1080,10800000,10800100,51,126,10810000,9353
0,1081,10810000,10810100,51,126,10820000,9361
0,1082,10820000,10820100,51,126,10830000,9368
0,1083,10830000,10830100,51,126,10840000,9377
0,1084,10840000,10840100,51,126,10850000,9385
0,1085,10850000,10850100,51,126,10860000,9394
0,1086,10860000,10860100,51,126,10870000,9404
0,1087,10870000,10870100,51,126,10880000,9410
0,1088,10880000,10880100,51,126,10890000,9421
0,1089,10890000,10890100,51,126,10900000,9430
0,109,1090000,1090100,51,126,1100000,940
0,1090,10900000,10900100,51,126,10910000,9438
0,1091,10910000,10910100,51,126,10920000,9444
0,1092,10920000,10920100,51,126,10930000,9457
0,1093,10930000,10930100,51,126,10940000,9463
0,1094,10940000,10940100,51,126,10950000,9471
0,1095,10950000,10950100,51,126,10960000,9482
0,1096,10960000,10960100,51,126,10970000,9491
0,1097,10970000,10970100,51,126,10980000,9497
0,1098,10980000,10980100,51,126,10990000,9507
0,1099,10990000,10990100,51,126,11000000,9515
0,11,110000,110100,51,126,120000,91
0,110,1100000,1100100,51,126,1110000,949
0,1100,11000000,11000100,51,126,11010000,9525
0,1101,11010000,11010100,51,126,11020000,9533
0,1102,11020000,11020100,51,126,11030000,9542
0,1103,11030000,11030100,51,126,11040000,9548
0,1104,11040000,11040100,51,126,11050000,9560
0,1105,11050000,11050100,51,126,11060000,9568
0,1106,11060000,11060100,51,126,11070000,9577
0,1107,11070000,11070100,51,126,11080000,9585
0,1108,11080000,11080100,51,126,11090000,9593
0,1109,11090000,11090100,51,126,11100000,9601
0,111,1110000,1110100,51,126,1120000,957
0,1110,11100000,11100100,51,126,11110000,9612
0,1111,11110000,11110100,51,126,11120000,9619
0,1112,11120000,11120100,51,126,11130000,9628
0,1113,11130000,11130100,51,126,11140000,9638
0,1114,11140000,11140100,51,126,11150000,9645
0,1115,11150000,11150100,51,126,11160000,9652
0,1116,11160000,11160100,51,126,11170000,9666
0,1117,11170000,11170100,51,126,11180000,9672
0,1118,11180000,11180100,51,126,11190000,9679
0,1119,11190000,11190100,51,126,11200000,9687
0,112,1120000,1120100,51,126,1130000,968
0,1120,11200000,11200100,51,126,11210000,9699
0,1121,11210000,11210100,51,126,11220000,9705
0,1122,11220000,11220100,51,126,11230000,9716
0,1123,11230000,11230100,51,126,11240000,9724
0,1124,11240000,11240100,51,126,11250000,9732
0,1125,11250000,11250100,51,126,11260000,9741
0,1126,11260000,11260100,51,126,11270000,9748
0,1127,11270000,11270100,51,126,11280000,9757
0,1128,11280000,11280100,51,126,11290000,9769
0,1129,11290000,11290100,51,126,11300000,9775
0,113,1130000,1130100,51,126,1140000,974
0,1130,11300000,11300100,51,126,11310000,9785
0,1131,11310000,11310100,51,126,11320000,9793
0,1132,11320000,11320100,51,126,11330000,9801
0,1133,11330000,11330100,51,126,11340000,9808
0,1134,11340000,11340100,51,126,11350000,9820
0,1135,11350000,11350100,51,126,11360000,9827
0,1136,11360000,11360100,51,126,11370000,9836
0,1137,11370000,11370100,51,126,11380000,9846
0,1138,11380000,11380100,51,126,11390000,9854
0,1139,11390000,11390100,51,126,11400000,9860
0,114,1140000,1140100,51,126,1150000,984
0,1140,11400000,11400100,51,126,11410000,9872
0,1141,11410000,11410100,51,126,11420000,9880
0,1142,11420000,11420100,51,126,11430000,9887
0,1143,11430000,11430100,51,126,11440000,9895
0,1144,11440000,11440100,51,126,11450000,9907
0,1145,11450000,11450100,51,126,11460000,9914
0,1146,11460000,11460100,51,126,11470000,9924
0,1147,11470000,11470100,51,126,11480000,9930
0,1148,11480000,11480100,51,126,11490000,9940
0,1149,11490000,11490100,51,126,11500000,9949
0,115,1150000,1150100,51,126,1160000,994
0,1150,11500000,11500100,51,126,11510000,9957
0,1151,11510000,11510100,51,126,11520000,9965
0,1152,11520000,11520100,51,126,11530000,9977
0,1153,11530000,11530100,51,126,11540000,9983
0,1154,11540000,11540100,51,126,11550000,9990
0,1155,11550000,11550100,51,126,11560000,10002
0,1156,11560000,11560100,51,126,11570000,10010
0,1157,11570000,11570100,51,126,11580000,10016
0,1158,11580000,11580100,51,126,11590000,10028
0,1159,11590000,11590100,51,126,11600000,10034
0,116,1160000,1160100,51,126,1170000,1002
0,1160,11600000,11600100,51,126,11610000,10045
0,1161,11610000,11610100,51,126,11620000,10053
0,1162,11620000,11620100,51,126,11630000,10062
0,1163,11630000,11630100,51,126,11640000,10068
0,1164,11640000,11640100,51,126,11650000,10079
0,1165,11650000,11650100,51,126,11660000,10088
0,1166,11660000,11660100,51,126,11670000,10096
0,1167,11670000,11670100,51,126,11680000,10104
0,1168,11680000,11680100,51,126,11690000,10113
0,1169,11690000,11690100,51,126,11700000,10121
0,117,1170000,1170100,51,126,1180000,1010
0,1170,11700000,11700100,51,126,11710000,10132
0,1171,11710000,11710100,51,126,11720000,10139
0,1172,11720000,11720100,51,126,11730000,10149
0,1173,11730000,11730100,51,126,11740000,10157
0,1174,11740000,11740100,51,126,11750000,10164
0,1175,11750000,11750100,51,126,11760000,10171
0,1176,11760000,11760100,51,126,11770000,10185
0,1177,11770000,11770100,51,126,11780000,10192
0,1178,11780000,11780100,51,126,11790000,10199
0,1179,11790000,11790100,51,126,11800000,10209
0,118,1180000,1180100,51,126,1190000,1017
0,1180,11800000,11800100,51,126,11810000,10218
0,1181,11810000,11810100,51,126,11820000,10224
0,1182,11820000,11820100,51,126,11830000,10235
0,1183,11830000,11830100,51,126,11840000,10243
0,1184,11840000,11840100,51,126,11850000,10252
0,1185,11850000,11850100,51,126,11860000,10261
0,1186,11860000,11860100,51,126,11870000,10270
0,1187,11870000,11870100,51,126,11880000,10276
0,1188,11880000,11880100,51,126,11890000,10288
0,1189,11890000,11890100,51,126,11900000,10294
0,119,1190000,1190100,51,126,1200000,1025
0,1190,11900000,11900100,51,126,11910000,10304
0,1191,11910000,11910100,51,126,11920000,10312
0,1192,11920000,11920100,51,126,11930000,10321
0,1193,11930000,11930100,51,126,11940000,10330
0,1194,11940000,11940100,51,126,11950000,10340
0,1195,11950000,11950100,51,126,11960000,10347
0,1196,11960000,11960100,51,126,11970000,10355
0,1197,11970000,11970100,51,126,11980000,10365
0,1198,11980000,11980100,51,126,11990000,10372
0,1199,11990000,11990100,51,126,12000000,10379
0,12,120000,120100,51,126,130000,102
0,120,1200000,1200100,51,126,1210000,1038
0,1200,12000000,12000100,51,126,12010000,10394
0,1201,12010000,12010100,51,126,12020000,10400
0,1202,12020000,12020100,51,126,12030000,10407
0,1203,12030000,12030100,51,126,12040000,10415
0,1204,12040000,12040100,51,126,12050000,10426
0,1205,12050000,12050100,51,126,12060000,10433
0,1206,12060000,12060100,51,126,12070000,10443
0,1207,12070000,12070100,51,126,12080000,10451
0,1208,12080000,12080100,51,126,12090000,10460
0,1209,12090000,12090100,51,126,12100000,10468
0,121,1210000,1210100,51,126,1220000,1045
0,1210,12100000,12100100,51,126,12110000,10477
0,1211,12110000,12110100,51,126,12120000,10485
0,1212,12120000,12120100,51,126,12130000,10496
0,1213,12130000,12130100,51,126,12140000,10502
0,1214,12140000,12140100,51,126,12150000,10511
0,1215,12150000,12150100,51,126,12160000,10521
0,1216,12160000,12160100,51,126,12170000,10530
0,1217,12170000,12170100,51,126,12180000,10536
0,1218,12180000,12180100,51,126,12190000,10548
0,1219,12190000,12190100,51,126,12200000,10554
0,122,1220000,1220100,51,126,1230000,1054
0,1220,12200000,12200100,51,126,12210000,10563
0,1221,12210000,12210100,51,126,12220000,10574
0,1222,12220000,12220100,51,126,12230000,10581
0,1223,12230000,12230100,51,126,12240000,10587
0,1224,12240000,12240100,51,126,12250000,10599
0,1225,12250000,12250100,51,126,12260000,10608
0,1226,12260000,12260100,51,126,12270000,10616
0,1227,12270000,12270100,51,126,12280000,10624
0,1228,12280000,12280100,51,126,12290000,10634
0,1229,12290000,12290100,51,126,12300000,10640
0,123,1230000,1230100,51,126,1240000,1062
0,1230,12300000,12300100,51,126,12310000,10651
0,1231,12310000,12310100,51,126,12320000,10657
0,1232,12320000,12320100,51,126,12330000,10669
0,1233,12330000,12330100,51,126,12340000,10677
0,1234,12340000,12340100,51,126,12350000,10684
0,1235,12350000,12350100,51,126,12360000,10693
0,1236,12360000,12360100,51,126,12370000,10704
0,1237,12370000,12370100,51,126,12380000,10711
0,1238,12380000,12380100,51,126,12390000,10718
0,1239,12390000,12390100,51,126,12400000,10728
0,124,1240000,1240100,51,126,1250000,1070
0,1240,12400000,12400100,51,126,12410000,10738
0,1241,12410000,12410100,51,126,12420000,10744
0,1242,12420000,12420100,51,126,12430000,10756
0,1243,12430000,12430100,51,126,12440000,10763
0,1244,12440000,12440100,51,126,12450000,10771
0,1245,12450000,12450100,51,126,12460000,10780
0,1246,12460000,12460100,51,126,12470000,10789
0,1247,12470000,12470100,51,126,12480000,10795
0,1248,12480000,12480100,51,126,12490000,10808
0,1249,12490000,12490100,51,126,12500000,10816
0,125,1250000,1250100,51,126,1260000,1077
0,1250,12500000,12500100,51,126,12510000,10824
0,1251,12510000,12510100,51,126,12520000,10832
0,1252,12520000,12520100,51,126,12530000,10840
0,1253,12530000,12530100,51,126,12540000,10848
0,1254,12540000,12540100,51,126,12550000,10859
0,1255,12550000,12550100,51,126,12560000,10866
0,1256,12560000,12560100,51,126,12570000,10877
0,1257,12570000,12570100,51,126,12580000,10885
0,1258,12580000,12580100,51,126,12590000,10892
0,1259,12590000,12590100,51,126,12600000,10899
0,126,1260000,1260100,51,126,1270000,1090
0,1260,12600000,12600100,51,126,12610000,10913
0,1261,12610000,12610100,51,126,12620000,10919
0,1262,12620000,12620100,51,126,12630000,10926
0,1263,12630000,12630100,51,126,12640000,10936
0,1264,12640000,12640100,51,126,12650000,10945
0,1265,12650000,12650100,51,126,12660000,10953
0,1266,12660000,12660100,51,126,12670000,10963
0,1267,12670000,12670100,51,126,12680000,10971
0,1268,12680000,12680100,51,126,12690000,10979
0,1269,12690000,12690100,51,126,12700000,10987
0,127,1270000,1270100,51,126,1280000,1096
0,1270,12700000,12700100,51,126,12710000,10998
0,1271,12710000,12710100,51,126,12720000,11004
0,1272,12720000,12720100,51,126,12730000,11016
0,1273,12730000,12730100,51,126,12740000,11022
0,1274,12740000,12740100,51,126,12750000,11031
0,1275,12750000,12750100,51,126,12760000,11040
0,1276,12760000,12760100,51,126,12770000,11049
0,1277,12770000,12770100,51,126,12780000,11057
0,1278,12780000,12780100,51,126,12790000,11067
0,1279,12790000,12790100,51,126,12800000,11073
0,128,1280000,1280100,51,126,1290000,1105
0,1280,12800000,12800100,51,126,12810000,11083
0,1281,12810000,12810100,51,126,12820000,11094
0,1282,12820000,12820100,51,126,12830000,11101
0,1283,12830000,12830100,51,126,12840000,11107
0,1284,12840000,12840100,51,126,12850000,11120
0,1285,12850000,12850100,51,126,12860000,11127
0,1286,12860000,12860100,51,126,12870000,11134
0,1287,12870000,12870100,51,126,12880000,11143
0,1288,12880000,12880100,51,126,12890000,11154
0,1289,12890000,12890100,51,126,12900000,11160
0,129,1290000,1290100,51,126,1300000,1115
0,1290,12900000,12900100,51,126,12910000,11171
0,1291,12910000,12910100,51,126,12920000,11179
0,1292,12920000,12920100,51,126,12930000,11188
0,1293,12930000,12930100,51,126,12940000,11196
0,1294,12940000,12940100,51,126,12950000,11203
0,1295,12950000,12950100,51,126,12960000,11212
0,1296,12960000,12960100,51,126,12970000,11224
0,1297,12970000,12970100,51,126,12980000,11230
0,1298,12980000,12980100,51,126,12990000,11240
0,1299,12990000,12990100,51,126,13000000,11248
0,13,130000,130100,51,126,140000,108
0,130,1300000,1300100,51,126,1310000,1123
0,1300,13000000,13000100,51,126,13010000,11257
0,1301,13010000,13010100,51,126,13020000,11263
0,1302,13020000,13020100,51,126,13030000,11275
0,1303,13030000,13030100,51,126,13040000,11282
0,1304,13040000,13040100,51,126,13050000,11291
0,1305,13050000,13050100,51,126,13060000,11302
0,1306,13060000,13060100,51,126,13070000,11309
0,1307,13070000,13070100,51,126,13080000,11315
0,1308,13080000,13080100,51,126,13090000,11326
0,1309,13090000,13090100,51,126,13100000,11335
0,131,1310000,1310100,51,126,1320000,1129
0,1310,13100000,13100100,51,126,13110000,11343
0,1311,13110000,13110100,51,126,13120000,11351
0,1312,13120000,13120100,51,126,13130000,11362
0,1313,13130000,13130100,51,126,13140000,11368
0,1314,13140000,13140100,51,126,13150000,11379
0,1315,13150000,13150100,51,126,13160000,11386
0,1316,13160000,13160100,51,126,13170000,11396
0,1317,13170000,13170100,51,126,13180000,11404
0,1318,13180000,13180100,51,126,13190000,11411
0,1319,13190000,13190100,51,126,13200000,11419
0,132,1320000,1320100,51,126,1330000,1141
0,1320,13200000,13200100,51,126,13210000,11433
0,1321,13210000,13210100,51,126,13220000,11439
0,1322,13220000,13220100,51,126,13230000,11446
0,1323,13230000,13230100,51,126,13240000,11456
0,1324,13240000,13240100,51,126,13250000,11464
0,1325,13250000,13250100,51,126,13260000,11472
0,1326,13260000,13260100,51,126,13270000,11484
0,1327,13270000,13270100,51,126,13280000,11490
0,1328,13280000,13280100,51,126,13290000,11499
0,1329,13290000,13290100,51,126,13300000,11507
0,133,1330000,1330100,51,126,1340000,1149
0,1330,13300000,13300100,51,126,13310000,11517
0,1331,13310000,13310100,51,126,13320000,11524
0,1332,13320000,13320100,51,126,13330000,11535
0,1333,13330000,13330100,51,126,13340000,11543
0,1334,13340000,13340100,51,126,13350000,11550
0,1335,13350000,13350100,51,126,13360000,11559
0,1336,13360000,13360100,51,126,13370000,11569
0,1337,13370000,13370100,51,126,13380000,11577
0,1338,13380000,13380100,51,126,13390000,11587
0,1339,13390000,13390100,51,126,13400000,11593
0,134,1340000,1340100,51,126,1350000,1156
0,1340,13400000,13400100,51,126,13410000,11604
0,1341,13410000,13410100,51,126,13420000,11612
0,1342,13420000,13420100,51,126,13430000,11620
0,1343,13430000,13430100,51,126,13440000,11626
0,1344,13440000,13440100,51,126,13450000,11640
0,1345,13450000,13450100,51,126,13460000,11647
0,1346,13460000,13460100,51,126,13470000,11654
0,1347,13470000,13470100,51,126,13480000,11665
0,1348,13480000,13480100,51,126,13490000,11673
0,1349,13490000,13490100,51,126,13500000,11679
0,135,1350000,1350100,51,126,1360000,1165
0,1350,13500000,13500100,51,126,13510000,11690
0,1351,13510000,13510100,51,126,13520000,11698
0,1352,13520000,13520100,51,126,13530000,11707
0,1353,13530000,13530100,51,126,13540000,11716
0,1354,13540000,13540100,51,126,13550000,11725
0,1355,13550000,13550100,51,126,13560000,11732
0,1356,13560000,13560100,51,126,13570000,11743
0,1357,13570000,13570100,51,126,13580000,11749
0,1358,13580000,13580100,51,126,13590000,11759
0,1359,13590000,13590100,51,126,13600000,11767
0,136,1360000,1360100,51,126,1370000,1176
0,1360,13600000,13600100,51,126,13610000,11777
0,1361,13610000,13610100,51,126,13620000,11785
0,1362,13620000,13620100,51,126,13630000,11795
0,1363,13630000,13630100,51,126,13640000,11801
0,1364,13640000,13640100,51,126,13650000,11810
0,1365,13650000,13650100,51,126,13660000,11821
0,1366,13660000,13660100,51,126,13670000,11828
0,1367,13670000,13670100,51,126,13680000,11834
0,1368,13680000,13680100,51,126,13690000,11848
0,1369,13690000,13690100,51,126,13700000,11855
0,137,1370000,1370100,51,126,1380000,1183
0,1370,13700000,13700100,51,126,13710000,11863
0,1371,13710000,13710100,51,126,13720000,11871
0,1372,13720000,13720100,51,126,13730000,11881
0,1373,13730000,13730100,51,126,13740000,11887
0,1374,13740000,13740100,51,126,13750000,11897
0,1375,13750000,13750100,51,126,13760000,11907
0,1376,13760000,13760100,51,126,13770000,11916
0,1377,13770000,13770100,51,126,13780000,11924
0,1378,13780000,13780100,51,126,13790000,11931
0,1379,13790000,13790100,51,126,13800000,11939
0,138,1380000,1380100,51,126,1390000,1193
0,1380,13800000,13800100,51,126,13810000,11952
0,1381,13810000,13810100,51,126,13820000,11958
0,1382,13820000,13820100,51,126,13830000,11967
0,1383,13830000,13830100,51,126,13840000,11975
0,1384,13840000,13840100,51,126,13850000,11984
0,1385,13850000,13850100,51,126,13860000,11991
0,1386,13860000,13860100,51,126,13870000,12004
0,1387,13870000,13870100,51,126,13880000,12010
0,1388,13880000,13880100,51,126,13890000,12018
0,1389,13890000,13890100,51,126,13900000,12028
0,139,1390000,1390100,51,126,1400000,1199
0,1390,13900000,13900100,51,126,13910000,12036
0,1391,13910000,13910100,51,126,13920000,12043
0,1392,13920000,13920100,51,126,13930000,12055
0,1393,13930000,13930100,51,126,13940000,12063
0,1394,13940000,13940100,51,126,13950000,12070
0,1395,13950000,13950100,51,126,13960000,12079
0,1396,13960000,13960100,51,126,13970000,12089
0,1397,13970000,13970100,51,126,13980000,12096
0,1398,13980000,13980100,51,126,13990000,12106
0,1399,13990000,13990100,51,126,14000000,12112
0,14,140000,140100,51,126,150000,117
0,140,1400000,1400100,51,126,1410000,1210
0,1400,14000000,14000100,51,126,14010000,12124
0,1401,14010000,14010100,51,126,14020000,12132
0,1402,14020000,14020100,51,126,14030000,12140
0,1403,14030000,14030100,51,126,14040000,12148
0,1404,14040000,14040100,51,126,14050000,12159
0,1405,14050000,14050100,51,126,14060000,12166
0,1406,14060000,14060100,51,126,14070000,12173
0,1407,14070000,14070100,51,126,14080000,12183
0,1408,14080000,14080100,51,126,14090000,12193
0,1409,14090000,14090100,51,126,14100000,12199
0,141,1410000,1410100,51,126,1420000,1218
0,1410,14100000,14100100,51,126,14110000,12212
0,1411,14110000,14110100,51,126,14120000,12218
0,1412,14120000,14120100,51,126,14130000,12226
0,1413,14130000,14130100,51,126,14140000,12235
0,1414,14140000,14140100,51,126,14150000,12244
0,1415,14150000,14150100,51,126,14160000,12251
0,1416,14160000,14160100,51,126,14170000,12263
0,1417,14170000,14170100,51,126,14180000,12271
0,1418,14180000,14180100,51,126,14190000,12278
0,1419,14190000,14190100,51,126,14200000,12287
0,142,1420000,1420100,51,126,1430000,1225
0,1420,14200000,14200100,51,126,14210000,12296
0,1421,14210000,14210100,51,126,14220000,12304
0,1422,14220000,14220100,51,126,14230000,12314
0,1423,14230000,14230100,51,126,14240000,12320
0,1424,14240000,14240100,51,126,14250000,12332
0,1425,14250000,14250100,51,126,14260000,12341
0,1426,14260000,14260100,51,126,14270000,12348
0,1427,14270000,14270100,51,126,14280000,12354
0,1428,14280000,14280100,51,126,14290000,12367
0,1429,14290000,14290100,51,126,14300000,12373
0,143,1430000,1430100,51,126,1440000,1234
0,1430,14300000,14300100,51,126,14310000,12382
0,1431,14310000,14310100,51,126,14320000,12392
0,1432,14320000,14320100,51,126,14330000,12401
0,1433,14330000,14330100,51,126,14340000,12407
0,1434,14340000,14340100,51,126,14350000,12417
0,1435,14350000,14350100,51,126,14360000,12427
0,1436,14360000,14360100,51,126,14370000,12435
0,1437,14370000,14370100,51,126,14380000,12443
0,1438,14380000,14380100,51,126,14390000,12452
0,1439,14390000,14390100,51,126,14400000,12458
0,144,1440000,1440100,51,126,1450000,1246
0,1440,14400000,14400100,51,126,14410000,12471
0,1441,14410000,14410100,51,126,14420000,12478
0,1442,14420000,14420100,51,126,14430000,12487
0,1443,14430000,14430100,51,126,14440000,12495
0,1444,14440000,14440100,51,126,14450000,12503
0,1445,14450000,14450100,51,126,14460000,12512
0,1446,14460000,14460100,51,126,14470000,12523
0,1447,14470000,14470100,51,126,14480000,12529
0,1448,14480000,14480100,51,126,14490000,12538
0,1449,14490000,14490100,51,126,14500000,12548
0,145,1450000,1450100,51,126,1460000,1253
0,1450,14500000,14500100,51,126,14510000,12556
0,1451,14510000,14510100,51,126,14520000,12562
0,1452,14520000,14520100,51,126,14530000,12576
0,1453,14530000,14530100,51,126,14540000,12582
0,1454,14540000,14540100,51,126,14550000,12589
0,1455,14550000,14550100,51,126,14560000,12598
0,1456,14560000,14560100,51,126,14570000,12609
0,1457,14570000,14570100,51,126,14580000,12616
0,1458,14580000,14580100,51,126,14590000,12626
0,1459,14590000,14590100,51,126,14600000,12634
0,146,1460000,1460100,51,126,1470000,1260
0,1460,14600000,14600100,51,126,14610000,12643
0,1461,14610000,14610100,51,126,14620000,12651
0,1462,14620000,14620100,51,126,14630000,12658
0,1463,14630000,14630100,51,126,14640000,12667
0,1464,14640000,14640100,51,126,14650000,12679
0,1465,14650000,14650100,51,126,14660000,12686
0,1466,14660000,14660100,51,126,14670000,12695
0,1467,14670000,14670100,51,126,14680000,12703
0,1468,14680000,14680100,51,126,14690000,12712
0,1469,14690000,14690100,51,126,14700000,12718
0,147,1470000,1470100,51,126,1480000,1270
0,1470,14700000,14700100,51,126,14710000,12731
0,1471,14710000,14710100,51,126,14720000,12737
0,1472,14720000,14720100,51,126,14730000,12746
0,1473,14730000,14730100,51,126,14740000,12756
0,1474,14740000,14740100,51,126,14750000,12764
0,1475,14750000,14750100,51,126,14760000,12771
0,1476,14760000,14760100,51,126,14770000,12782
0,1477,14770000,14770100,51,126,14780000,12790
0,1478,14780000,14780100,51,126,14790000,12797
0,1479,14790000,14790100,51,126,14800000,12806
0,148,1480000,1480100,51,126,1490000,1279
0,1480,14800000,14800100,51,126,14810000,12818
0,1481,14810000,14810100,51,126,14820000,12824
0,1482,14820000,14820100,51,126,14830000,12834
0,1483,14830000,14830100,51,126,14840000,12840
0,1484,14840000,14840100,51,126,14850000,12850
0,1485,14850000,14850100,51,126,14860000,12860
0,1486,14860000,14860100,51,126,14870000,12867
0,1487,14870000,14870100,51,126,14880000,12875
0,1488,14880000,14880100,51,126,14890000,12887
0,1489,14890000,14890100,51,126,14900000,12893
0,149,1490000,1490100,51,126,1500000,1285
0,1490,14900000,14900100,51,126,14910000,12902
0,1491,14910000,14910100,51,126,14920000,12912
0,1492,14920000,14920100,51,126,14930000,12920
0,1493,14930000,14930100,51,126,14940000,12926
0,1494,14940000,14940100,51,126,14950000,12938
0,1495,14950000,14950100,51,126,14960000,12945
0,1496,14960000,14960100,51,126,14970000,12955
0,1497,14970000,14970100,51,126,14980000,12963
0,1498,14980000,14980100,51,126,14990000,12972
0,1499,14990000,14990100,51,126,15000000,12978
0,15,150000,150100,51,126,160000,126
0,150,1500000,1500100,51,126,1510000,1298
0,1500,15000000,15000100,51,126,15010000,12990
0,1501,15010000,15010100,51,126,15020000,12999
0,1502,15020000,15020100,51,126,15030000,13006
0,1503,15030000,15030100,51,126,15040000,13014
0,1504,15040000,15040100,51,126,15050000,13023
0,1505,15050000,15050100,51,126,15060000,13032
0,1506,15060000,15060100,51,126,15070000,13042
0,1507,15070000,15070100,51,126,15080000,13049
0,1508,15080000,15080100,51,126,15090000,13059
0,1509,15090000,15090100,51,126,15100000,13067
0,151,1510000,1510100,51,126,1520000,1304
0,1510,15100000,15100100,51,126,15110000,13075
0,1511,15110000,15110100,51,126,15120000,13081
0,1512,15120000,15120100,51,126,15130000,13096
0,1513,15130000,15130100,51,126,15140000,13102
0,1514,15140000,15140100,51,126,15150000,13109
0,1515,15150000,15150100,51,126,15160000,13120
0,1516,15160000,15160100,51,126,15170000,13128
0,1517,15170000,15170100,51,126,15180000,13134
0,1518,15180000,15180100,51,126,15190000,13145
0,1519,15190000,15190100,51,126,15200000,13153
0,152,1520000,1520100,51,126,1530000,1313
0,1520,15200000,15200100,51,126,15210000,13163
0,1521,15210000,15210100,51,126,15220000,13171
0,1522,15220000,15220100,51,126,15230000,13180
0,1523,15230000,15230100,51,126,15240000,13187
0,1524,15240000,15240100,51,126,15250000,13198
0,1525,15250000,15250100,51,126,15260000,13205
0,1526,15260000,15260100,51,126,15270000,13214
0,1527,15270000,15270100,51,126,15280000,13222
0,1528,15280000,15280100,51,126,15290000,13231
0,1529,15290000,15290100,51,126,15300000,13240
0,153,1530000,1530100,51,126,1540000,1321
0,1530,15300000,15300100,51,126,15310000,13251
0,1531,15310000,15310100,51,126,15320000,13257
0,1532,15320000,15320100,51,126,15330000,13265
0,1533,15330000,15330100,51,126,15340000,13275
0,1534,15340000,15340100,51,126,15350000,13283
0,1535,15350000,15350100,51,126,15360000,13290
0,1536,15360000,15360100,51,126,15370000,13304
0,1537,15370000,15370100,51,126,15380000,13310
0,1538,15380000,15380100,51,126,15390000,13317
0,1539,15390000,15390100,51,126,15400000,13325
0,154,1540000,1540100,51,126,1550000,1331
0,1540,15400000,15400100,51,126,15410000,13337
0,1541,15410000,15410100,51,126,15420000,13343
0,1542,15420000,15420100,51,126,15430000,13353
0,1543,15430000,15430100,51,126,15440000,13361
0,1544,15440000,15440100,51,126,15450000,13370
0,1545,15450000,15450100,51,126,15460000,13380
0,1546,15460000,15460100,51,126,15470000,13387
0,1547,15470000,15470100,51,126,15480000,13395
0,1548,15480000,15480100,51,126,15490000,13406
0,1549,15490000,15490100,51,126,15500000,13412
0,155,1550000,1550100,51,126,1560000,1338
0,1550,15500000,15500100,51,126,15510000,13422
0,1551,15510000,15510100,51,126,15520000,13431
0,1552,15520000,15520100,51,126,15530000,13440
0,1553,15530000,15530100,51,126,15540000,13446
0,1554,15540000,15540100,51,126,15550000,13458
0,1555,15550000,15550100,51,126,15560000,13465
0,1556,15560000,15560100,51,126,15570000,13474
0,1557,15570000,15570100,51,126,15580000,13484
0,1558,15580000,15580100,51,126,15590000,13491
0,1559,15590000,15590100,51,126,15600000,13497
0,156,1560000,1560100,51,126,1570000,1349
0,1560,15600000,15600100,51,126,15610000,13510
0,1561,15610000,15610100,51,126,15620000,13518
0,1562,15620000,15620100,51,126,15630000,13526
0,1563,15630000,15630100,51,126,15640000,13534
0,1564,15640000,15640100,51,126,15650000,13544
0,1565,15650000,15650100,51,126,15660000,13551
0,1566,15660000,15660100,51,126,15670000,13561
0,1567,15670000,15670100,51,126,15680000,13568
0,1568,15680000,15680100,51,126,15690000,13579
0,1569,15690000,15690100,51,126,15700000,13587
0,157,1570000,1570100,51,126,1580000,1357
0,1570,15700000,15700100,51,126,15710000,13595
0,1571,15710000,15710100,51,126,15720000,13603
0,1572,15720000,15720100,51,126,15730000,13614
0,1573,15730000,15730100,51,126,15740000,13621
0,1574,15740000,15740100,51,126,15750000,13628
0,1575,15750000,15750100,51,126,15760000,13639
0,1576,15760000,15760100,51,126,15770000,13648
0,1577,15770000,15770100,51,126,15780000,13654
0,1578,15780000,15780100,51,126,15790000,13667
0,1579,15790000,15790100,51,126,15800000,13673
0,158,1580000,1580100,51,126,1590000,1364
0,1580,15800000,15800100,51,126,15810000,13682
0,1581,15810000,15810100,51,126,15820000,13690
0,1582,15820000,15820100,51,126,15830000,13699
0,1583,15830000,15830100,51,126,15840000,13705
0,1584,15840000,15840100,51,126,15850000,13718
0,1585,15850000,15850100,51,126,15860000,13727
0,1586,15860000,15860100,51,126,15870000,13734
0,1587,15870000,15870100,51,126,15880000,13742
0,1588,15880000,15880100,51,126,15890000,13750
0,1589,15890000,15890100,51,126,15900000,13759
0,159,1590000,1590100,51,126,1600000,1373
0,1590,15900000,15900100,51,126,15910000,13770
0,1591,15910000,15910100,51,126,15920000,13776
0,1592,15920000,15920100,51,126,15930000,13787
0,1593,15930000,15930100,51,126,15940000,13795
0,1594,15940000,15940100,51,126,15950000,13802
0,1595,15950000,15950100,51,126,15960000,13810
0,1596,15960000,15960100,51,126,15970000,13823
0,1597,15970000,15970100,51,126,15980000,13829
0,1598,15980000,15980100,51,126,15990000,13836
0,1599,15990000,15990100,51,126,16000000,13846
0,16,160000,160100,51,126,170000,136
0,160,1600000,1600100,51,126,1610000,1383
0,1600,16000000,16000100,51,126,16010000,13857
0,1601,16010000,16010100,51,126,16020000,13863
0,1602,16020000,16020100,51,126,16030000,13873
0,1603,16030000,16030100,51,126,16040000,13881
0,1604,16040000,16040100,51,126,16050000,13889
0,1605,16050000,16050100,51,126,16060000,13898
0,1606,16060000,16060100,51,126,16070000,13908
0,1607,16070000,16070100,51,126,16080000,13914
0,1608,16080000,16080100,51,126,16090000,13926
0,1609,16090000,16090100,51,126,16100000,13932
0,161,1610000,1610100,51,126,1620000,1391
0,1610,16100000,16100100,51,126,16110000,13942
0,1611,16110000,16110100,51,126,16120000,13951
0,1612,16120000,16120100,51,126,16130000,13959
0,1613,16130000,16130100,51,126,16140000,13967
0,1614,16140000,16140100,51,126,16150000,13977
0,1615,16150000,16150100,51,126,16160000,13984
0,1616,16160000,16160100,51,126,16170000,13993
0,1617,16170000,16170100,51,126,16180000,14004
0,1618,16180000,16180100,51,126,16190000,14011
0,1619,16190000,16190100,51,126,16200000,14017
0,162,1620000,1620100,51,126,1630000,1401
0,1620,16200000,16200100,51,126,16210000,14031
0,1621,16210000,16210100,51,126,16220000,14037
0,1622,16220000,16220100,51,126,16230000,14045
0,1623,16230000,16230100,51,126,16240000,14053
0,1624,16240000,16240100,51,126,16250000,14064
0,1625,16250000,16250100,51,126,16260000,14071
0,1626,16260000,16260100,51,126,16270000,14081
0,1627,16270000,16270100,51,126,16280000,14089
0,1628,16280000,16280100,51,126,16290000,14098
0,1629,16290000,16290100,51,126,16300000,14106
0,163,1630000,1630100,51,126,1640000,1407
0,1630,16300000,16300100,51,126,16310000,14114
0,1631,16310000,16310100,51,126,16320000,14122
0,1632,16320000,16320100,51,126,16330000,14134
0,1633,16330000,16330100,51,126,16340000,14141
0,1634,16340000,16340100,51,126,16350000,14150
0,1635,16350000,16350100,51,126,16360000,14159
0,1636,16360000,16360100,51,126,16370000,14167
0,1637,16370000,16370100,51,126,16380000,14173
0,1638,16380000,16380100,51,126,16390000,14185
0,1639,16390000,16390100,51,126,16400000,14192
0,164,1640000,1640100,51,126,1650000,1417
0,1640,16400000,16400100,51,126,16410000,14202
0,1641,16410000,16410100,51,126,16420000,14212
0,1642,16420000,16420100,51,126,16430000,14219
0,1643,16430000,16430100,51,126,16440000,14225
0,1644,16440000,16440100,51,126,16450000,14237
0,1645,16450000,16450100,51,126,16460000,14246
0,1646,16460000,16460100,51,126,16470000,14253
0,1647,16470000,16470100,51,126,16480000,14261
0,1648,16480000,16480100,51,126,16490000,14272
0,1649,16490000,16490100,51,126,16500000,14278
0,165,1650000,1650100,51,126,1660000,1427
0,1650,16500000,16500100,51,126,16510000,14290
0,1651,16510000,16510100,51,126,16520000,14296
0,1652,16520000,16520100,51,126,16530000,14306
0,1653,16530000,16530100,51,126,16540000,14314
0,1654,16540000,16540100,51,126,16550000,14321
0,1655,16550000,16550100,51,126,16560000,14331
0,1656,16560000,16560100,51,126,16570000,14343
0,1657,16570000,16570100,51,126,16580000,14349
0,1658,16580000,16580100,51,126,16590000,14356
0,1659,16590000,16590100,51,126,16600000,14366
0,166,1660000,1660100,51,126,1670000,1434
0,1660,16600000,16600100,51,126,16610000,14375
0,1661,16610000,16610100,51,126,16620000,14382
0,1662,16620000,16620100,51,126,16630000,14394
0,1663,16630000,16630100,51,126,16640000,14400
0,1664,16640000,16640100,51,126,16650000,14409
0,1665,16650000,16650100,51,126,16660000,14418
0,1666,16660000,16660100,51,126,16670000,14428
0,1667,16670000,16670100,51,126,16680000,14434
0,1668,16680000,16680100,51,126,16690000,14445
0,1669,16690000,16690100,51,126,16700000,14453
0,167,1670000,1670100,51,126,1680000,1440
0,1670,16700000,16700100,51,126,16710000,14461
0,1671,16710000,16710100,51,126,16720000,14469
0,1672,16720000,16720100,51,126,16730000,14479
0,1673,16730000,16730100,51,126,16740000,14487
0,1674,16740000,16740100,51,126,16750000,14497
0,1675,16750000,16750100,51,126,16760000,14504
0,1676,16760000,16760100,51,126,16770000,14514
0,1677,16770000,16770100,51,126,16780000,14523
0,1678,16780000,16780100,51,126,16790000,14530
0,1679,16790000,16790100,51,126,16800000,14536
0,168,1680000,1680100,51,126,1690000,1454
0,1680,16800000,16800100,51,126,16810000,14551
0,1681,16810000,16810100,51,126,16820000,14557
0,1682,16820000,16820100,51,126,16830000,14564
0,1683,16830000,16830100,51,126,16840000,14575
0,1684,16840000,16840100,51,126,16850000,14583
0,1685,16850000,16850100,51,126,16860000,14590
0,1686,16860000,16860100,51,126,16870000,14600
0,1687,16870000,16870100,51,126,16880000,14608
0,1688,16880000,16880100,51,126,16890000,14618
0,1689,16890000,16890100,51,126,16900000,14626
0,169,1690000,1690100,51,126,1700000,1460
0,1690,16900000,16900100,51,126,16910000,14636
0,1691,16910000,16910100,51,126,16920000,14642
0,1692,16920000,16920100,51,126,16930000,14653
0,1693,16930000,16930100,51,126,16940000,14659
0,1694,16940000,16940100,51,126,16950000,14669
0,1695,16950000,16950100,51,126,16960000,14678
0,1696,16960000,16960100,51,126,16970000,14687
0,1697,16970000,16970100,51,126,16980000,14695
0,1698,16980000,16980100,51,126,16990000,14705
0,1699,16990000,16990100,51,126,17000000,14712
0,17,170000,170100,51,126,180000,144
0,170,1700000,1700100,51,126,1710000,1469
0,1700,17000000,17000100,51,126,17010000,14721
0,1701,17010000,17010100,51,126,17020000,14731
0,1702,17020000,17020100,51,126,17030000,14738
0,1703,17030000,17030100,51,126,17040000,14744
0,1704,17040000,17040100,51,126,17050000,14758
0,1705,17050000,17050100,51,126,17060000,14766
0,1706,17060000,17060100,51,126,17070000,14773
0,1707,17070000,17070100,51,126,17080000,14781
0,1708,17080000,17080100,51,126,17090000,14791
0,1709,17090000,17090100,51,126,17100000,14797
0,171,1710000,1710100,51,126,1720000,1479
0,1710,17100000,17100100,51,126,17110000,14809
0,1711,17110000,17110100,51,126,17120000,14817
0,1712,17120000,17120100,51,126,17130000,14826
0,1713,17130000,17130100,51,126,17140000,14834
0,1714,17140000,17140100,51,126,17150000,14841
0,1715,17150000,17150100,51,126,17160000,14850
0,1716,17160000,17160100,51,126,17170000,14862
0,1717,17170000,17170100,51,126,17180000,14868
0,1718,17180000,17180100,51,126,17190000,14877
0,1719,17190000,17190100,51,126,17200000,14885
0,172,1720000,1720100,51,126,1730000,1487
0,1720,17200000,17200100,51,126,17210000,14895
0,1721,17210000,17210100,51,126,17220000,14902
0,1722,17220000,17220100,51,126,17230000,14914
0,1723,17230000,17230100,51,126,17240000,14920
0,1724,17240000,17240100,51,126,17250000,14928
0,1725,17250000,17250100,51,126,17260000,14939
0,1726,17260000,17260100,51,126,17270000,14946
0,1727,17270000,17270100,51,126,17280000,14953
0,1728,17280000,17280100,51,126,17290000,14965
0,1729,17290000,17290100,51,126,17300000,14973
0,173,1730000,1730100,51,126,1740000,1493
0,1730,17300000,17300100,51,126,17310000,14981
0,1731,17310000,17310100,51,126,17320000,14989
0,1732,17320000,17320100,51,126,17330000,15000
0,1733,17330000,17330100,51,126,17340000,15006
0,1734,17340000,17340100,51,126,17350000,15016
0,1735,17350000,17350100,51,126,17360000,15023
0,1736,17360000,17360100,51,126,17370000,15034
0,1737,17370000,17370100,51,126,17380000,15042
0,1738,17380000,17380100,51,126,17390000,15050
0,1739,17390000,17390100,51,126,17400000,15058
0,174,1740000,1740100,51,126,1750000,1503
0,1740,17400000,17400100,51,126,17410000,15070
0,1741,17410000,17410100,51,126,17420000,15076
0,1742,17420000,17420100,51,126,17430000,15083
0,1743,17430000,17430100,51,126,17440000,15094
0,1744,17440000,17440100,51,126,17450000,15103
0,1745,17450000,17450100,51,126,17460000,15110
0,1746,17460000,17460100,51,126,17470000,15122
0,1747,17470000,17470100,51,126,17480000,15128
0,1748,17480000,17480100,51,126,17490000,15136
0,1749,17490000,17490100,51,126,17500000,15145
0,175,1750000,1750100,51,126,1760000,1512
0,1750,17500000,17500100,51,126,17510000,15155
0,1751,17510000,17510100,51,126,17520000,15161
0,1752,17520000,17520100,51,126,17530000,15173
0,1753,17530000,17530100,51,126,17540000,15181
0,1754,17540000,17540100,51,126,17550000,15189
0,1755,17550000,17550100,51,126,17560000,15198
0,1756,17560000,17560100,51,126,17570000,15206
0,1757,17570000,17570100,51,126,17580000,15214
0,1758,17580000,17580100,51,126,17590000,15224
0,1759,17590000,17590100,51,126,17600000,15230
0,176,1760000,1760100,51,126,1770000,1522
0,1760,17600000,17600100,51,126,17610000,15243
0,1761,17610000,17610100,51,126,17620000,15251
0,1762,17620000,17620100,51,126,17630000,15258
0,1763,17630000,17630100,51,126,17640000,15264
0,1764,17640000,17640100,51,126,17650000,15277
0,1765,17650000,17650100,51,126,17660000,15285
0,1766,17660000,17660100,51,126,17670000,15292
0,1767,17670000,17670100,51,126,17680000,15302
0,1768,17680000,17680100,51,126,17690000,15311
0,1769,17690000,17690100,51,126,17700000,15317
0,177,1770000,1770100,51,126,1780000,1530
0,1770,17700000,17700100,51,126,17710000,15328
0,1771,17710000,17710100,51,126,17720000,15337
0,1772,17720000,17720100,51,126,17730000,15345
0,1773,17730000,17730100,51,126,17740000,15353
0,1774,17740000,17740100,51,126,17750000,15362
0,1775,17750000,17750100,51,126,17760000,15369
0,1776,17760000,17760100,51,126,17770000,15382
0,1777,17770000,17770100,51,126,17780000,15388
0,1778,17780000,17780100,51,126,17790000,15397
0,1779,17790000,17790100,51,126,17800000,15405
0,178,1780000,1780100,51,126,1790000,1539
0,1780,17800000,17800100,51,126,17810000,15414
0,1781,17810000,17810100,51,126,17820000,15422
0,1782,17820000,17820100,51,126,17830000,15433
0,1783,17830000,17830100,51,126,17840000,15439
0,1784,17840000,17840100,51,126,17850000,15448
0,1785,17850000,17850100,51,126,17860000,15459
0,1786,17860000,17860100,51,126,17870000,15466
0,1787,17870000,17870100,51,126,17880000,15473
0,1788,17880000,17880100,51,126,17890000,15486
0,1789,17890000,17890100,51,126,17900000,15492
0,179,1790000,1790100,51,126,1800000,1545
0,1790,17900000,17900100,51,126,17910000,15500
0,1791,17910000,17910100,51,126,17920000,15508
0,1792,17920000,17920100,51,126,17930000,15519
0,1793,17930000,17930100,51,126,17940000,15526
0,1794,17940000,17940100,51,126,17950000,15536
0,1795,17950000,17950100,51,126,17960000,15545
0,1796,17960000,17960100,51,126,17970000,15553
0,1797,17970000,17970100,51,126,17980000,15561
0,1798,17980000,17980100,51,126,17990000,15569
0,1799,17990000,17990100,51,126,18000000,15577
0,18,180000,180100,51,126,190000,154
0,180,1800000,1800100,51,126,1810000,1557
0,1800,18000000,18000100,51,126,18010000,15590
0,1801,18010000,18010100,51,126,18020000,15596
0,1802,18020000,18020100,51,126,18030000,15605
0,1803,18030000,18030100,51,126,18040000,15613
0,1804,18040000,18040100,51,126,18050000,15622
0,1805,18050000,18050100,51,126,18060000,15629
0,1806,18060000,18060100,51,126,18070000,15641
0,1807,18070000,18070100,51,126,18080000,15647
0,1808,18080000,18080100,51,126,18090000,15656
0,1809,18090000,18090100,51,126,18100000,15667
0,181,1810000,1810100,51,126,1820000,1564
0,1810,18100000,18100100,51,126,18110000,15675
0,1811,18110000,18110100,51,126,18120000,15681
0,1812,18120000,18120100,51,126,18130000,15692
0,1813,18130000,18130100,51,126,18140000,15700
0,1814,18140000,18140100,51,126,18150000,15707
0,1815,18150000,18150100,51,126,18160000,15717
0,1816,18160000,18160100,51,126,18170000,15728
0,1817,18170000,18170100,51,126,18180000,15734
0,1818,18180000,18180100,51,126,18190000,15744
0,1819,18190000,18190100,51,126,18200000,15750
0,182,1820000,1820100,51,126,1830000,1573
0,1820,18200000,18200100,51,126,18210000,15762
0,1821,18210000,18210100,51,126,18220000,15770
0,1822,18220000,18220100,51,126,18230000,15777
0,1823,18230000,18230100,51,126,18240000,15785
0,1824,18240000,18240100,51,126,18250000,15797
0,1825,18250000,18250100,51,126,18260000,15804
0,1826,18260000,18260100,51,126,18270000,15812
0,1827,18270000,18270100,51,126,18280000,15822
0,1828,18280000,18280100,51,126,18290000,15830
0,1829,18290000,18290100,51,126,18300000,15836
0,183,1830000,1830100,51,126,1840000,1581
0,1830,18300000,18300100,51,126,18310000,15849
0,1831,18310000,18310100,51,126,18320000,15856
0,1832,18320000,18320100,51,126,18330000,15865
0,1833,18330000,18330100,51,126,18340000,15873
0,1834,18340000,18340100,51,126,18350000,15882
0,1835,18350000,18350100,51,126,18360000,15889
0,1836,18360000,18360100,51,126,18370000,15900
0,1837,18370000,18370100,51,126,18380000,15909
0,1838,18380000,18380100,51,126,18390000,15916
0,1839,18390000,18390100,51,126,18400000,15924
0,184,1840000,1840100,51,126,1850000,1590
0,1840,18400000,18400100,51,126,18410000,15934
0,1841,18410000,18410100,51,126,18420000,15942
0,1842,18420000,18420100,51,126,18430000,15953
0,1843,18430000,18430100,51,126,18440000,15959
0,1844,18440000,18440100,51,126,18450000,15969
0,1845,18450000,18450100,51,126,18460000,15978
0,1846,18460000,18460100,51,126,18470000,15985
0,1847,18470000,18470100,51,126,18480000,15991
0,1848,18480000,18480100,51,126,18490000,16006
0,1849,18490000,18490100,51,126,18500000,16012
0,185,1850000,1850100,51,126,1860000,1599
0,1850,18500000,18500100,51,126,18510000,16020
0,1851,18510000,18510100,51,126,18520000,16030
0,1852,18520000,18520100,51,126,18530000,16038
0,1853,18530000,18530100,51,126,18540000,16045
0,1854,18540000,18540100,51,126,18550000,16055
0,1855,18550000,18550100,51,126,18560000,16064
0,1856,18560000,18560100,51,126,18570000,16073
0,1857,18570000,18570100,51,126,18580000,16081
0,1858,18580000,18580100,51,126,18590000,16090
0,1859,18590000,18590100,51,126,18600000,16097
0,186,1860000,1860100,51,126,1870000,1609
0,1860,18600000,18600100,51,126,18610000,16109
0,1861,18610000,18610100,51,126,18620000,16115
0,1862,18620000,18620100,51,126,18630000,16124
0,1863,18630000,18630100,51,126,18640000,16132
0,1864,18640000,18640100,51,126,18650000,16142
0,1865,18650000,18650100,51,126,18660000,16151
0,1866,18660000,18660100,51,126,18670000,16161
0,1867,18670000,18670100,51,126,18680000,16167
0,1868,18680000,18680100,51,126,18690000,16175
0,1869,18690000,18690100,51,126,18700000,16185
0,187,1870000,1870100,51,126,1880000,1616
0,1870,18700000,18700100,51,126,18710000,16194
0,1871,18710000,18710100,51,126,18720000,16200
0,1872,18720000,18720100,51,126,18730000,16214
0,1873,18730000,18730100,51,126,18740000,16220
0,1874,18740000,18740100,51,126,18750000,16227
0,1875,18750000,18750100,51,126,18760000,16237
0,1876,18760000,18760100,51,126,18770000,16247
0,1877,18770000,18770100,51,126,18780000,16253
0,1878,18780000,18780100,51,126,18790000,16263
0,1879,18790000,18790100,51,126,18800000,16271
0,188,1880000,1880100,51,126,1890000,1624
0,1880,18800000,18800100,51,126,18810000,16281
0,1881,18810000,18810100,51,126,18820000,16290
0,1882,18820000,18820100,51,126,18830000,16297
0,1883,18830000,18830100,51,126,18840000,16305
0,1884,18840000,18840100,51,126,18850000,16316
0,1885,18850000,18850100,51,126,18860000,16323
0,1886,18860000,18860100,51,126,18870000,16333
0,1887,18870000,18870100,51,126,18880000,16341
0,1888,18880000,18880100,51,126,18890000,16350
0,1889,18890000,18890100,51,126,18900000,16356
0,189,1890000,1890100,51,126,1900000,1634
0,1890,18900000,18900100,51,126,18910000,16369
0,1891,18910000,18910100,51,126,18920000,16375
0,1892,18920000,18920100,51,126,18930000,16384
0,1893,18930000,18930100,51,126,18940000,16394
0,1894,18940000,18940100,51,126,18950000,16401
0,1895,18950000,18950100,51,126,18960000,16408
0,1896,18960000,18960100,51,126,18970000,16420
0,1897,18970000,18970100,51,126,18980000,16429
0,1898,18980000,18980100,51,126,18990000,16436
0,1899,18990000,18990100,51,126,19000000,16444
0,19,190000,190100,51,126,200000,160
0,190,1900000,1900100,51,126,1910000,1642
0,1900,19000000,19000100,51,126,19010000,16455
0,1901,19010000,19010100,51,126,19020000,16461
0,1902,19020000,19020100,51,126,19030000,16471
0,1903,19030000,19030100,51,126,19040000,16478
0,1904,19040000,19040100,51,126,19050000,16489
0,1905,19050000,19050100,51,126,19060000,16498
0,1906,19060000,19060100,51,126,19070000,16505
0,1907,19070000,19070100,51,126,19080000,16513
0,1908,19080000,19080100,51,126,19090000,16525
0,1909,19090000,19090100,51,126,19100000,16531
0,191,1910000,1910100,51,126,1920000,1648
0,1910,19100000,19100100,51,126,19110000,16539
0,1911,19110000,19110100,51,126,19120000,16549
0,1912,19120000,19120100,51,126,19130000,16558
0,1913,19130000,19130100,51,126,19140000,16564
0,1914,19140000,19140100,51,126,19150000,16577
0,1915,19150000,19150100,51,126,19160000,16584
0,1916,19160000,19160100,51,126,19170000,16592
0,1917,19170000,19170100,51,126,19180000,16600
0,1918,19180000,19180100,51,126,19190000,16609
0,1919,19190000,19190100,51,126,19200000,16616
0,192,1920000,1920100,51,126,1930000,1663
0,1920,19200000,19200100,51,126,19210000,16629
0,1921,19210000,19210100,51,126,19220000,16637
0,1922,19220000,19220100,51,126,19230000,16644
0,1923,19230000,19230100,51,126,19240000,16652
0,1924,19240000,19240100,51,126,19250000,16660
0,1925,19250000,19250100,51,126,19260000,16670
0,1926,19260000,19260100,51,126,19270000,16680
0,1927,19270000,19270100,51,126,19280000,16686
0,1928,19280000,19280100,51,126,19290000,16697
0,1929,19290000,19290100,51,126,19300000,16705
0,193,1930000,1930100,51,126,1940000,1669
0,1930,19300000,19300100,51,126,19310000,16714
0,1931,19310000,19310100,51,126,19320000,16720
0,1932,19320000,19320100,51,126,19330000,16733
0,1933,19330000,19330100,51,126,19340000,16739
0,1934,19340000,19340100,51,126,19350000,16746
0,1935,19350000,19350100,51,126,19360000,16757
0,1936,19360000,19360100,51,126,19370000,16767
0,1937,19370000,19370100,51,126,19380000,16773
0,1938,19380000,19380100,51,126,19390000,16783
0,1939,19390000,19390100,51,126,19400000,16791
0,194,1940000,1940100,51,126,1950000,1676
0,1940,19400000,19400100,51,126,19410000,16800
0,1941,19410000,19410100,51,126,19420000,16809
0,1942,19420000,19420100,51,126,19430000,16818
0,1943,19430000,19430100,51,126,19440000,16824
0,1944,19440000,19440100,51,126,19450000,16836
0,1945,19450000,19450100,51,126,19460000,16843
0,1946,19460000,19460100,51,126,19470000,16852
0,1947,19470000,19470100,51,126,19480000,16861
0,1948,19480000,19480100,51,126,19490000,16869
0,1949,19490000,19490100,51,126,19500000,16877
0,195,1950000,1950100,51,126,1960000,1685
0,1950,19500000,19500100,51,126,19510000,16888
0,1951,19510000,19510100,51,126,19520000,16894
0,1952,19520000,19520100,51,126,19530000,16904
0,1953,19530000,19530100,51,126,19540000,16914
0,1954,19540000,19540100,51,126,19550000,16921
0,1955,19550000,19550100,51,126,19560000,16928
0,1956,19560000,19560100,51,126,19570000,16941
0,1957,19570000,19570100,51,126,19580000,16947
0,1958,19580000,19580100,51,126,19590000,16955
0,1959,19590000,19590100,51,126,19600000,16963
0,196,1960000,1960100,51,126,1970000,1695
0,1960,19600000,19600100,51,126,19610000,16975
0,1961,19610000,19610100,51,126,19620000,16981
0,1962,19620000,19620100,51,126,19630000,16991
0,1963,19630000,19630100,51,126,19640000,17000
0,1964,19640000,19640100,51,126,19650000,17008
0,1965,19650000,19650100,51,126,19660000,17017
0,1966,19660000,19660100,51,126,19670000,17024
0,1967,19670000,19670100,51,126,19680000,17032
0,1968,19680000,19680100,51,126,19690000,17044
0,1969,19690000,19690100,51,126,19700000,17051
0,197,1970000,1970100,51,126,1980000,1701
0,1970,19700000,19700100,51,126,19710000,17061
0,1971,19710000,19710100,51,126,19720000,17069
0,1972,19720000,19720100,51,126,19730000,17077
0,1973,19730000,19730100,51,126,19740000,17083
0,1974,19740000,19740100,51,126,19750000,17096
0,1975,19750000,19750100,51,126,19760000,17103
0,1976,19760000,19760100,51,126,19770000,17112
0,1977,19770000,19770100,51,126,19780000,17122
0,1978,19780000,19780100,51,126,19790000,17129
0,1979,19790000,19790100,51,126,19800000,17135
0,198,1980000,1980100,51,126,1990000,1712
0,1980,19800000,19800100,51,126,19810000,17148
0,1981,19810000,19810100,51,126,19820000,17156
0,1982,19820000,19820100,51,126,19830000,17163
0,1983,19830000,19830100,51,126,19840000,17171
0,1984,19840000,19840100,51,126,19850000,17182
0,1985,19850000,19850100,51,126,19860000,17190
0,1986,19860000,19860100,51,126,19870000,17200
0,1987,19870000,19870100,51,126,19880000,17206
0,1988,19880000,19880100,51,126,19890000,17216
0,1989,19890000,19890100,51,126,19900000,17224
0,199,1990000,1990100,51,126,2000000,1720
0,1990,19900000,19900100,51,126,19910000,17232
0,1991,19910000,19910100,51,126,19920000,17241
0,1992,19920000,19920100,51,126,19930000,17253
0,1993,19930000,19930100,51,126,19940000,17259
0,1994,19940000,19940100,51,126,19950000,17266
0,1995,19950000,19950100,51,126,19960000,17277
0,1996,19960000,19960100,51,126,19970000,17286
0,1997,19970000,19970100,51,126,19980000,17292
0,1998,19980000,19980100,51,126,19990000,17304
0,1999,19990000,19990100,51,126,20000000,17310
0,2,20000,20100,51,126,30000,13
0,20,200000,200100,51,126,210000,169
0,200,2000000,2000100,51,126,2010000,1730
0,2000,20000000,20000100,51,126,20010000,17320
0,2001,20010000,20010100,51,126,20020000,17328
0,2002,20020000,20020100,51,126,20030000,17338
0,2003,20030000,20030100,51,126,20040000,17344
0,2004,20040000,20040100,51,126,20050000,17355
0,2005,20050000,20050100,51,126,20060000,17364
0,2006,20060000,20060100,51,126,20070000,17371
0,2007,20070000,20070100,51,126,20080000,17380
0,2008,20080000,20080100,51,126,20090000,17389
0,2009,20090000,20090100,51,126,20100000,17397
0,201,2010000,2010100,51,126,2020000,1738
0,2010,20100000,20100100,51,126,20110000,17408
0,2011,20110000,20110100,51,126,20120000,17414
0,2012,20120000,20120100,51,126,20130000,17424
0,2013,20130000,20130100,51,126,20140000,17433
0,2014,20140000,20140100,51,126,20150000,17440
0,2015,20150000,20150100,51,126,20160000,17447
0,2016,20160000,20160100,51,126,20170000,17461
0,2017,20170000,20170100,51,126,20180000,17467
0,2018,20180000,20180100,51,126,20190000,17475
0,2019,20190000,20190100,51,126,20200000,17485
0,202,2020000,2020100,51,126,2030000,1745
0,2020,20200000,20200100,51,126,20210000,17494
0,2021,20210000,20210100,51,126,20220000,17500
0,2022,20220000,20220100,51,126,20230000,17510
0,2023,20230000,20230100,51,126,20240000,17518
0,2024,20240000,20240100,51,126,20250000,17528
0,2025,20250000,20250100,51,126,20260000,17537
0,2026,20260000,20260100,51,126,20270000,17546
0,2027,20270000,20270100,51,126,20280000,17552
0,2028,20280000,20280100,51,126,20290000,17563
0,2029,20290000,20290100,51,126,20300000,17570
0,203,2030000,2030100,51,126,2040000,1754
0,2030,20300000,20300100,51,126,20310000,17580
0,2031,20310000,20310100,51,126,20320000,17588
0,2032,20320000,20320100,51,126,20330000,17597
0,2033,20330000,20330100,51,126,20340000,17605
0,2034,20340000,20340100,51,126,20350000,17615
0,2035,20350000,20350100,51,126,20360000,17623
0,2036,20360000,20360100,51,126,20370000,17631
0,2037,20370000,20370100,51,126,20380000,17641
0,2038,20380000,20380100,51,126,20390000,17648
0,2039,20390000,20390100,51,126,20400000,17654
0,204,2040000,2040100,51,126,2050000,1765
0,2040,20400000,20400100,51,126,20410000,17670
0,2041,20410000,20410100,51,126,20420000,17676
0,2042,20420000,20420100,51,126,20430000,17683
0,2043,20430000,20430100,51,126,20440000,17691
0,2044,20440000,20440100,51,126,20450000,17701
0,2045,20450000,20450100,51,126,20460000,17708
0,2046,20460000,20460100,51,126,20470000,17719
0,2047,20470000,20470100,51,126,20480000,17727
0,2048,20480000,20480100,51,126,20490000,17736
0,2049,20490000,20490100,51,126,20500000,17744
0,205,2050000,2050100,51,126,2060000,1772
0,2050,20500000,20500100,51,126,20510000,17752
0,2051,20510000,20510100,51,126,20520000,17761
0,2052,20520000,20520100,51,126,20530000,17772
0,2053,20530000,20530100,51,126,20540000,17778
0,2054,20540000,20540100,51,126,20550000,17787
0,2055,20550000,20550100,51,126,20560000,17796
0,2056,20560000,20560100,51,126,20570000,17805
0,2057,20570000,20570100,51,126,20580000,17812
0,2058,20580000,20580100,51,126,20590000,17824
0,2059,20590000,20590100,51,126,20600000,17830
0,206,2060000,2060100,51,126,2070000,1781
0,2060,20600000,20600100,51,126,20610000,17839
0,2061,20610000,20610100,51,126,20620000,17849
0,2062,20620000,20620100,51,126,20630000,17857
0,2063,20630000,20630100,51,126,20640000,17863
0,2064,20640000,20640100,51,126,20650000,17875
0,2065,20650000,20650100,51,126,20660000,17884
0,2066,20660000,20660100,51,126,20670000,17891
0,2067,20670000,20670100,51,126,20680000,17899
0,2068,20680000,20680100,51,126,20690000,17910
0,2069,20690000,20690100,51,126,20700000,17916
0,207,2070000,2070100,51,126,2080000,1789
0,2070,20700000,20700100,51,126,20710000,17927
0,2071,20710000,20710100,51,126,20720000,17933
0,2072,20720000,20720100,51,126,20730000,17944
0,2073,20730000,20730100,51,126,20740000,17953
0,2074,20740000,20740100,51,126,20750000,17960
0,2075,20750000,20750100,51,126,20760000,17969
0,2076,20760000,20760100,51,126,20770000,17980
0,2077,20770000,20770100,51,126,20780000,17986
0,2078,20780000,20780100,51,126,20790000,17993
0,2079,20790000,20790100,51,126,20800000,18004
0,208,2080000,2080100,51,126,2090000,1798
0,2080,20800000,20800100,51,126,20810000,18014
0,2081,20810000,20810100,51,126,20820000,18020
0,2082,20820000,20820100,51,126,20830000,18032
0,2083,20830000,20830100,51,126,20840000,18038
0,2084,20840000,20840100,51,126,20850000,18047
0,2085,20850000,20850100,51,126,20860000,18056
0,2086,20860000,20860100,51,126,20870000,18065
0,2087,20870000,20870100,51,126,20880000,18071
0,2088,20880000,20880100,51,126,20890000,18083
0,2089,20890000,20890100,51,126,20900000,18091
0,209,2090000,2090100,51,126,2100000,1805
0,2090,20900000,20900100,51,126,20910000,18100
0,2091,20910000,20910100,51,126,20920000,18108
0,2092,20920000,20920100,51,126,20930000,18116
0,2093,20930000,20930100,51,126,20940000,18124
0,2094,20940000,20940100,51,126,20950000,18134
0,2095,20950000,20950100,51,126,20960000,18142
0,2096,20960000,20960100,51,126,20970000,18153
0,2097,20970000,20970100,51,126,20980000,18161
0,2098,20980000,20980100,51,126,20990000,18168
0,2099,20990000,20990100,51,126,21000000,18174
0,21,210000,210100,51,126,220000,179
0,210,2100000,2100100,51,126,2110000,1818
0,2100,21000000,21000100,51,126,21010000,18188
0,2101,21010000,21010100,51,126,21020000,18195
0,2102,21020000,21020100,51,126,21030000,18202
0,2103,21030000,21030100,51,126,21040000,18212
0,2104,21040000,21040100,51,126,21050000,18221
0,2105,21050000,21050100,51,126,21060000,18228
0,2106,21060000,21060100,51,126,21070000,18239
0,2107,21070000,21070100,51,126,21080000,18247
0,2108,21080000,21080100,51,126,21090000,18255
0,2109,21090000,21090100,51,126,21100000,18263
0,211,2110000,2110100,51,126,2120000,1824
0,2110,21100000,21100100,51,126,21110000,18273
0,2111,21110000,21110100,51,126,21120000,18279
0,2112,21120000,21120100,51,126,21130000,18292
0,2113,21130000,21130100,51,126,21140000,18298
0,2114,21140000,21140100,51,126,21150000,18307
0,2115,21150000,21150100,51,126,21160000,18316
0,2116,21160000,21160100,51,126,21170000,18324
0,2117,21170000,21170100,51,126,21180000,18333
0,2118,21180000,21180100,51,126,21190000,18343
0,2119,21190000,21190100,51,126,21200000,18349
0,212,2120000,2120100,51,126,2130000,1832
0,2120,21200000,21200100,51,126,21210000,18359
0,2121,21210000,21210100,51,126,21220000,18369
0,2122,21220000,21220100,51,126,21230000,18376
0,2123,21230000,21230100,51,126,21240000,18383
0,2124,21240000,21240100,51,126,21250000,18396
0,2125,21250000,21250100,51,126,21260000,18403
0,2126,21260000,21260100,51,126,21270000,18410
0,2127,21270000,21270100,51,126,21280000,18418
0,2128,21280000,21280100,51,126,21290000,18430
0,2129,21290000,21290100,51,126,21300000,18436
0,213,2130000,2130100,51,126,2140000,1842
0,2130,21300000,21300100,51,126,21310000,18447
0,2131,21310000,21310100,51,126,21320000,18455
0,2132,21320000,21320100,51,126,21330000,18463
0,2133,21330000,21330100,51,126,21340000,18471
0,2134,21340000,21340100,51,126,21350000,18479
0,2135,21350000,21350100,51,126,21360000,18488
0,2136,21360000,21360100,51,126,21370000,18500
0,2137,21370000,21370100,51,126,21380000,18506
0,2138,21380000,21380100,51,126,21390000,18515
0,2139,21390000,21390100,51,126,21400000,18524
0,214,2140000,2140100,51,126,2150000,1850
0,2140,21400000,21400100,51,126,21410000,18533
0,2141,21410000,21410100,51,126,21420000,18539
0,2142,21420000,21420100,51,126,21430000,18551
0,2143,21430000,21430100,51,126,21440000,18557
0,2144,21440000,21440100,51,126,21450000,18566
0,2145,21450000,21450100,51,126,21460000,18578
0,2146,21460000,21460100,51,126,21470000,18585
0,2147,21470000,21470100,51,126,21480000,18591
0,2148,21480000,21480100,51,126,21490000,18602
0,2149,21490000,21490100,51,126,21500000,18610
0,215,2150000,2150100,51,126,2160000,1857
0,2150,21500000,21500100,51,126,21510000,18619
0,2151,21510000,21510100,51,126,21520000,18627
0,2152,21520000,21520100,51,126,21530000,18638
0,2153,21530000,21530100,51,126,21540000,18644
0,2154,21540000,21540100,51,126,21550000,18654
0,2155,21550000,21550100,51,126,21560000,18661
0,2156,21560000,21560100,51,126,21570000,18672
0,2157,21570000,21570100,51,126,21580000,18680
0,2158,21580000,21580100,51,126,21590000,18687
0,2159,21590000,21590100,51,126,21600000,18695
0,216,2160000,2160100,51,126,2170000,1869
0,2160,21600000,21600100,51,126,21610000,18708
0,2161,21610000,21610100,51,126,21620000,18715
0,2162,21620000,21620100,51,126,21630000,18722
0,2163,21630000,21630100,51,126,21640000,18732
0,2164,21640000,21640100,51,126,21650000,18740
0,2165,21650000,21650100,51,126,21660000,18747
0,2166,21660000,21660100,51,126,21670000,18759
0,2167,21670000,21670100,51,126,21680000,18766
0,2168,21680000,21680100,51,126,21690000,18775
0,2169,21690000,21690100,51,126,21700000,18783
0,217,2170000,2170100,51,126,2180000,1877
0,2170,21700000,21700100,51,126,21710000,18793
0,2171,21710000,21710100,51,126,21720000,18799
0,2172,21720000,21720100,51,126,21730000,18811
0,2173,21730000,21730100,51,126,21740000,18819
0,2174,21740000,21740100,51,126,21750000,18826
0,2175,21750000,21750100,51,126,21760000,18835
0,2176,21760000,21760100,51,126,21770000,18844
0,2177,21770000,21770100,51,126,21780000,18852
0,2178,21780000,21780100,51,126,21790000,18863
0,2179,21790000,21790100,51,126,21800000,18869
0,218,2180000,2180100,51,126,2190000,1884
0,2180,21800000,21800100,51,126,21810000,18880
0,2181,21810000,21810100,51,126,21820000,18888
0,2182,21820000,21820100,51,126,21830000,18895
0,2183,21830000,21830100,51,126,21840000,18902
0,2184,21840000,21840100,51,126,21850000,18916
0,2185,21850000,21850100,51,126,21860000,18923
0,2186,21860000,21860100,51,126,21870000,18930
0,2187,21870000,21870100,51,126,21880000,18940
0,2188,21880000,21880100,51,126,21890000,18948
0,2189,21890000,21890100,51,126,21900000,18955
0,219,2190000,2190100,51,126,2200000,1892
0,2190,21900000,21900100,51,126,21910000,18966
0,2191,21910000,21910100,51,126,21920000,18974
0,2192,21920000,21920100,51,126,21930000,18983
0,2193,21930000,21930100,51,126,21940000,18991
0,2194,21940000,21940100,51,126,21950000,19001
0,2195,21950000,21950100,51,126,21960000,19008
0,2196,21960000,21960100,51,126,21970000,19019
0,2197,21970000,21970100,51,126,21980000,19025
0,2198,21980000,21980100,51,126,21990000,19034
0,2199,21990000,21990100,51,126,22000000,19042
0,22,220000,220100,51,126,230000,187
0,220,2200000,2200100,51,126,2210000,1904
0,2200,22000000,22000100,51,126,22010000,19053
0,2201,22010000,22010100,51,126,22020000,19061
0,2202,22020000,22020100,51,126,22030000,19071
0,2203,22030000,22030100,51,126,22040000,19077
0,2204,22040000,22040100,51,126,22050000,19085
0,2205,22050000,22050100,51,126,22060000,19097
0,2206,22060000,22060100,51,126,22070000,19104
0,2207,22070000,22070100,51,126,22080000,19110
0,2208,22080000,22080100,51,126,22090000,19124
0,2209,22090000,22090100,51,126,22100000,19130
0,221,2210000,2210100,51,126,2220000,1910
0,2210,22100000,22100100,51,126,22110000,19138
0,2211,22110000,22110100,51,126,22120000,19147
0,2212,22120000,22120100,51,126,22130000,19157
0,2213,22130000,22130100,51,126,22140000,19163
0,2214,22140000,22140100,51,126,22150000,19173
0,2215,22150000,22150100,51,126,22160000,19182
0,2216,22160000,22160100,51,126,22170000,19192
0,2217,22170000,22170100,51,126,22180000,19200
0,2218,22180000,22180100,51,126,22190000,19207
0,2219,22190000,22190100,51,126,22200000,19215
0,222,2220000,2220100,51,126,2230000,1920
0,2220,22200000,22200100,51,126,22210000,19227
0,2221,22210000,22210100,51,126,22220000,19233
0,2222,22220000,22220100,51,126,22230000,19243
0,2223,22230000,22230100,51,126,22240000,19251
0,2224,22240000,22240100,51,126,22250000,19260
0,2225,22250000,22250100,51,126,22260000,19267
0,2226,22260000,22260100,51,126,22270000,19279
0,2227,22270000,22270100,51,126,22280000,19286
0,2228,22280000,22280100,51,126,22290000,19294
0,2229,22290000,22290100,51,126,22300000,19304
0,223,2230000,2230100,51,126,2240000,1926
0,2230,22300000,22300100,51,126,22310000,19312
0,2231,22310000,22310100,51,126,22320000,19318
0,2232,22320000,22320100,51,126,22330000,19330
0,2233,22330000,22330100,51,126,22340000,19339
0,2234,22340000,22340100,51,126,22350000,19346
0,2235,22350000,22350100,51,126,22360000,19355
0,2236,22360000,22360100,51,126,22370000,19365
0,2237,22370000,22370100,51,126,22380000,19371
0,2238,22380000,22380100,51,126,22390000,19382
0,2239,22390000,22390100,51,126,22400000,19388
0,224,2240000,2240100,51,126,2250000,1937
0,2240,22400000,22400100,51,126,22410000,19400
0,2241,22410000,22410100,51,126,22420000,19408
0,2242,22420000,22420100,51,126,22430000,19415
0,2243,22430000,22430100,51,126,22440000,19423
0,2244,22440000,22440100,51,126,22450000,19435
0,2245,22450000,22450100,51,126,22460000,19442
0,2246,22460000,22460100,51,126,22470000,19449
0,2247,22470000,22470100,51,126,22480000,19459
0,2248,22480000,22480100,51,126,22490000,19468
0,2249,22490000,22490100,51,126,22500000,19475
0,225,2250000,2250100,51,126,2260000,1947
0,2250,22500000,22500100,51,126,22510000,19488
0,2251,22510000,22510100,51,126,22520000,19494
0,2252,22520000,22520100,51,126,22530000,19502
0,2253,22530000,22530100,51,126,22540000,19510
0,2254,22540000,22540100,51,126,22550000,19519
0,2255,22550000,22550100,51,126,22560000,19527
0,2256,22560000,22560100,51,126,22570000,19539
0,2257,22570000,22570100,51,126,22580000,19547
0,2258,22580000,22580100,51,126,22590000,19554
0,2259,22590000,22590100,51,126,22600000,19562
0,226,2260000,2260100,51,126,2270000,1954
0,2260,22600000,22600100,51,126,22610000,19572
0,2261,22610000,22610100,51,126,22620000,19580
0,2262,22620000,22620100,51,126,22630000,19590
0,2263,22630000,22630100,51,126,22640000,19596
0,2264,22640000,22640100,51,126,22650000,19607
0,2265,22650000,22650100,51,126,22660000,19616
0,2266,22660000,22660100,51,126,22670000,19624
0,2267,22670000,22670100,51,126,22680000,19630
0,2268,22680000,22680100,51,126,22690000,19643
0,2269,22690000,22690100,51,126,22700000,19649
0,227,2270000,2270100,51,126,2280000,1962
0,2270,22700000,22700100,51,126,22710000,19657
0,2271,22710000,22710100,51,126,22720000,19668
0,2272,22720000,22720100,51,126,22730000,19677
0,2273,22730000,22730100,51,126,22740000,19683
0,2274,22740000,22740100,51,126,22750000,19693
0,2275,22750000,22750100,51,126,22760000,19702
0,2276,22760000,22760100,51,126,22770000,19710
0,2277,22770000,22770100,51,126,22780000,19719
0,2278,22780000,22780100,51,126,22790000,19728
0,2279,22790000,22790100,51,126,22800000,19734
0,228,2280000,2280100,51,126,2290000,1973
0,2280,22800000,22800100,51,126,22810000,19747
0,2281,22810000,22810100,51,126,22820000,19753
0,2282,22820000,22820100,51,126,22830000,19763
0,2283,22830000,22830100,51,126,22840000,19771
0,2284,22840000,22840100,51,126,22850000,19779
0,2285,22850000,22850100,51,126,22860000,19788
0,2286,22860000,22860100,51,126,22870000,19798
0,2287,22870000,22870100,51,126,22880000,19804
0,2288,22880000,22880100,51,126,22890000,19814
0,2289,22890000,22890100,51,126,22900000,19824
0,229,2290000,2290100,51,126,2300000,1979
0,2290,22900000,22900100,51,126,22910000,19832
0,2291,22910000,22910100,51,126,22920000,19838
0,2292,22920000,22920100,51,126,22930000,19851
0,2293,22930000,22930100,51,126,22940000,19858
0,2294,22940000,22940100,51,126,22950000,19865
0,2295,22950000,22950100,51,126,22960000,19874
0,2296,22960000,22960100,51,126,22970000,19885
0,2297,22970000,22970100,51,126,22980000,19891
0,2298,22980000,22980100,51,126,22990000,19901
0,2299,22990000,22990100,51,126,23000000,19910
0,23,230000,230100,51,126,240000,193
0,230,2300000,2300100,51,126,2310000,1987
0,2300,23000000,23000100,51,126,23010000,19919
0,2301,23010000,23010100,51,126,23020000,19927
0,2302,23020000,23020100,51,126,23030000,19934
0,2303,23030000,23030100,51,126,23040000,19942
0,2304,23040000,23040100,51,126,23050000,19955
0,2305,23050000,23050100,51,126,23060000,19962
0,2306,23060000,23060100,51,126,23070000,19971
0,2307,23070000,23070100,51,126,23080000,19979
0,2308,23080000,23080100,51,126,23090000,19987
0,2309,23090000,23090100,51,126,23100000,19993
0,231,2310000,2310100,51,126,2320000,1998
0,2310,23100000,23100100,51,126,23110000,20007
0,2311,23110000,23110100,51,126,23120000,20013
0,2312,23120000,23120100,51,126,23130000,20022
0,2313,23130000,23130100,51,126,23140000,20032
0,2314,23140000,23140100,51,126,23150000,20039
0,2315,23150000,23150100,51,126,23160000,20047
0,2316,23160000,23160100,51,126,23170000,20058
0,2317,23170000,23170100,51,126,23180000,20066
0,2318,23180000,23180100,51,126,23190000,20073
0,2319,23190000,23190100,51,126,23200000,20081
0,232,2320000,2320100,51,126,2330000,2007
0,2320,23200000,23200100,51,126,23210000,20093
0,2321,23210000,23210100,51,126,23220000,20100
0,2322,23220000,23220100,51,126,23230000,20110
0,2323,23230000,23230100,51,126,23240000,20116
0,2324,23240000,23240100,51,126,23250000,20126
0,2325,23250000,23250100,51,126,23260000,20135
0,2326,23260000,23260100,51,126,23270000,20143
0,2327,23270000,23270100,51,126,23280000,20151
0,2328,23280000,23280100,51,126,23290000,20163
0,2329,23290000,23290100,51,126,23300000,20169
0,233,2330000,2330100,51,126,2340000,2013
0,2330,23300000,23300100,51,126,23310000,20177
0,2331,23310000,23310100,51,126,23320000,20187
0,2332,23320000,23320100,51,126,23330000,20196
0,2333,23330000,23330100,51,126,23340000,20202
0,2334,23340000,23340100,51,126,23350000,20214
0,2335,23350000,23350100,51,126,23360000,20221
0,2336,23360000,23360100,51,126,23370000,20230
0,2337,23370000,23370100,51,126,23380000,20239
0,2338,23380000,23380100,51,126,23390000,20248
0,2339,23390000,23390100,51,126,23400000,20254
0,234,2340000,2340100,51,126,2350000,2025
0,2340,23400000,23400100,51,126,23410000,20266
0,2341,23410000,23410100,51,126,23420000,20274
0,2342,23420000,23420100,51,126,23430000,20281
0,2343,23430000,23430100,51,126,23440000,20290
0,2344,23440000,23440100,51,126,23450000,20299
0,2345,23450000,23450100,51,126,23460000,20308
0,2346,23460000,23460100,51,126,23470000,20318
0,2347,23470000,23470100,51,126,23480000,20324
0,2348,23480000,23480100,51,126,23490000,20335
0,2349,23490000,23490100,51,126,23500000,20343
0,235,2350000,2350100,51,126,2360000,2032
0,2350,23500000,23500100,51,126,23510000,20351
0,2351,23510000,23510100,51,126,23520000,20357
0,2352,23520000,23520100,51,126,23530000,20371
0,2353,23530000,23530100,51,126,23540000,20377
0,2354,23540000,23540100,51,126,23550000,20385
0,2355,23550000,23550100,51,126,23560000,20396
0,2356,23560000,23560100,51,126,23570000,20404
0,2357,23570000,23570100,51,126,23580000,20410
0,2358,23580000,23580100,51,126,23590000,20420
0,2359,23590000,23590100,51,126,23600000,20429
0,236,2360000,2360100,51,126,2370000,2041
0,2360,23600000,23600100,51,126,23610000,20439
0,2361,23610000,23610100,51,126,23620000,20447
0,2362,23620000,23620100,51,126,23630000,20456
0,2363,23630000,23630100,51,126,23640000,20462
0,2364,23640000,23640100,51,126,23650000,20473
0,2365,23650000,23650100,51,126,23660000,20481
0,2366,23660000,23660100,51,126,23670000,20490
0,2367,23670000,23670100,51,126,23680000,20498
0,2368,23680000,23680100,51,126,23690000,20507
0,2369,23690000,23690100,51,126,23700000,20515
0,237,2370000,2370100,51,126,2380000,2049
0,2370,23700000,23700100,51,126,23710000,20527
0,2371,23710000,23710100,51,126,23720000,20533
0,2372,23720000,23720100,51,126,23730000,20541
0,2373,23730000,23730100,51,126,23740000,20551
0,2374,23740000,23740100,51,126,23750000,20558
0,2375,23750000,23750100,51,126,23760000,20565
0,2376,23760000,23760100,51,126,23770000,20580
0,2377,23770000,23770100,51,126,23780000,20586
0,2378,23780000,23780100,51,126,23790000,20593
0,2379,23790000,23790100,51,126,23800000,20601
0,238,2380000,2380100,51,126,2390000,2058
0,2380,23800000,23800100,51,126,23810000,20612
0,2381,23810000,23810100,51,126,23820000,20619
0,2382,23820000,23820100,51,126,23830000,20629
0,2383,23830000,23830100,51,126,23840000,20637
0,2384,23840000,23840100,51,126,23850000,20646
0,2385,23850000,23850100,51,126,23860000,20655
0,2386,23860000,23860100,51,126,23870000,20662
0,2387,23870000,23870100,51,126,23880000,20671
0,2388,23880000,23880100,51,126,23890000,20682
0,2389,23890000,23890100,51,126,23900000,20688
0,239,2390000,2390100,51,126,2400000,2064
0,2390,23900000,23900100,51,126,23910000,20698
0,2391,23910000,23910100,51,126,23920000,20706
0,2392,23920000,23920100,51,126,23930000,20716
0,2393,23930000,23930100,51,126,23940000,20722
0,2394,23940000,23940100,51,126,23950000,20734
0,2395,23950000,23950100,51,126,23960000,20741
0,2396,23960000,23960100,51,126,23970000,20749
0,2397,23970000,23970100,51,126,23980000,20759
0,2398,23980000,23980100,51,126,23990000,20767
0,2399,23990000,23990100,51,126,24000000,20773
0,24,240000,240100,51,126,250000,207
0,240,2400000,2400100,51,126,2410000,2077
0,2400,24000000,24000100,51,126,24010000,20786
0,2401,24010000,24010100,51,126,24020000,20794
0,2402,24020000,24020100,51,126,24030000,20801
0,2403,24030000,24030100,51,126,24040000,20810
0,2404,24040000,24040100,51,126,24050000,20820
0,2405,24050000,24050100,51,126,24060000,20827
0,2406,24060000,24060100,51,126,24070000,20837
0,2407,24070000,24070100,51,126,24080000,20843
0,2408,24080000,24080100,51,126,24090000,20854
0,2409,24090000,24090100,51,126,24100000,20863
0,241,2410000,2410100,51,126,2420000,2085
0,2410,24100000,24100100,51,126,24110000,20871
0,2411,24110000,24110100,51,126,24120000,20879
0,2412,24120000,24120100,51,126,24130000,20890
0,2413,24130000,24130100,51,126,24140000,20896
0,2414,24140000,24140100,51,126,24150000,20904
0,2415,24150000,24150100,51,126,24160000,20915
0,2416,24160000,24160100,51,126,24170000,20924
0,2417,24170000,24170100,51,126,24180000,20930
0,2418,24180000,24180100,51,126,24190000,20942
0,2419,24190000,24190100,51,126,24200000,20948
0,242,2420000,2420100,51,126,2430000,2093
0,2420,24200000,24200100,51,126,24210000,20958
0,2421,24210000,24210100,51,126,24220000,20966
0,2422,24220000,24220100,51,126,24230000,20975
0,2423,24230000,24230100,51,126,24240000,20981
0,2424,24240000,24240100,51,126,24250000,20993
0,2425,24250000,24250100,51,126,24260000,21003
0,2426,24260000,24260100,51,126,24270000,21010
0,2427,24270000,24270100,51,126,24280000,21018
0,2428,24280000,24280100,51,126,24290000,21026
0,2429,24290000,24290100,51,126,24300000,21034
0,243,2430000,2430100,51,126,2440000,2101
0,2430,24300000,24300100,51,126,24310000,21045
0,2431,24310000,24310100,51,126,24320000,21052
0,2432,24320000,24320100,51,126,24330000,21063
0,2433,24330000,24330100,51,126,24340000,21071
0,2434,24340000,24340100,51,126,24350000,21078
0,2435,24350000,24350100,51,126,24360000,21085
0,2436,24360000,24360100,51,126,24370000,21099
0,2437,24370000,24370100,51,126,24380000,21105
0,2438,24380000,24380100,51,126,24390000,21112
0,2439,24390000,24390100,51,126,24400000,21122
0,244,2440000,2440100,51,126,2450000,2109
0,2440,24400000,24400100,51,126,24410000,21132
0,2441,24410000,24410100,51,126,24420000,21138
0,2442,24420000,24420100,51,126,24430000,21149
0,2443,24430000,24430100,51,126,24440000,21157
0,2444,24440000,24440100,51,126,24450000,21165
0,2445,24450000,24450100,51,126,24460000,21174
0,2446,24460000,24460100,51,126,24470000,21183
0,2447,24470000,24470100,51,126,24480000,21190
0,2448,24480000,24480100,51,126,24490000,21202
0,2449,24490000,24490100,51,126,24500000,21208
0,245,2450000,2450100,51,126,2460000,2118
0,2450,24500000,24500100,51,126,24510000,21218
0,2451,24510000,24510100,51,126,24520000,21226
0,2452,24520000,24520100,51,126,24530000,21234
0,2453,24530000,24530100,51,126,24540000,21243
0,2454,24540000,24540100,51,126,24550000,21253
0,2455,24550000,24550100,51,126,24560000,21260
0,2456,24560000,24560100,51,126,24570000,21269
0,2457,24570000,24570100,51,126,24580000,21279
0,2458,24580000,24580100,51,126,24590000,21287
0,2459,24590000,24590100,51,126,24600000,21293
0,246,2460000,2460100,51,126,2470000,2128
0,2460,24600000,24600100,51,126,24610000,21307
0,2461,24610000,24610100,51,126,24620000,21313
0,2462,24620000,24620100,51,126,24630000,21320
0,2463,24630000,24630100,51,126,24640000,21328
0,2464,24640000,24640100,51,126,24650000,21340
0,2465,24650000,24650100,51,126,24660000,21347
0,2466,24660000,24660100,51,126,24670000,21357
0,2467,24670000,24670100,51,126,24680000,21365
0,2468,24680000,24680100,51,126,24690000,21373
0,2469,24690000,24690100,51,126,24700000,21382
0,247,2470000,2470100,51,126,2480000,2135
0,2470,24700000,24700100,51,126,24710000,21390
0,2471,24710000,24710100,51,126,24720000,21398
0,2472,24720000,24720100,51,126,24730000,21410
0,2473,24730000,24730100,51,126,24740000,21416
0,2474,24740000,24740100,51,126,24750000,21425
0,2475,24750000,24750100,51,126,24760000,21435
0,2476,24760000,24760100,51,126,24770000,21443
0,2477,24770000,24770100,51,126,24780000,21449
0,2478,24780000,24780100,51,126,24790000,21461
0,2479,24790000,24790100,51,126,24800000,21467
0,248,2480000,2480100,51,126,2490000,2146
0,2480,24800000,24800100,51,126,24810000,21478
0,2481,24810000,24810100,51,126,24820000,21488
0,2482,24820000,24820100,51,126,24830000,21495
0,2483,24830000,24830100,51,126,24840000,21501
0,2484,24840000,24840100,51,126,24850000,21512
0,2485,24850000,24850100,51,126,24860000,21521
0,2486,24860000,24860100,51,126,24870000,21529
0,2487,24870000,24870100,51,126,24880000,21537
0,2488,24880000,24880100,51,126,24890000,21548
0,2489,24890000,24890100,51,126,24900000,21554
0,249,2490000,2490100,51,126,2500000,2154
0,2490,24900000,24900100,51,126,24910000,21565
0,2491,24910000,24910100,51,126,24920000,21572
0,2492,24920000,24920100,51,126,24930000,21582
0,2493,24930000,24930100,51,126,24940000,21590
0,2494,24940000,24940100,51,126,24950000,21597
0,2495,24950000,24950100,51,126,24960000,21606
0,2496,24960000,24960100,51,126,24970000,21618
0,2497,24970000,24970100,51,126,24980000,21625
0,2498,24980000,24980100,51,126,24990000,21632
0,2499,24990000,24990100,51,126,25000000,21642
0,25,250000,250100,51,126,260000,214
0,250,2500000,2500100,51,126,2510000,2162
0,2500,25000000,25000100,51,126,25010000,21651
0,2501,25010000,25010100,51,126,25020000,21657
0,2502,25020000,25020100,51,126,25030000,21670
0,2503,25030000,25030100,51,126,25040000,21676
0,2504,25040000,25040100,51,126,25050000,21685
0,2505,25050000,25050100,51,126,25060000,21694
0,2506,25060000,25060100,51,126,25070000,21703
0,2507,25070000,25070100,51,126,25080000,21709
0,2508,25080000,25080100,51,126,25090000,21721
0,2509,25090000,25090100,51,126,25100000,21729
0,251,2510000,2510100,51,126,2520000,2168
0,2510,25100000,25100100,51,126,25110000,21737
0,2511,25110000,25110100,51,126,25120000,21745
0,2512,25120000,25120100,51,126,25130000,21754
0,2513,25130000,25130100,51,126,25140000,21763
0,2514,25140000,25140100,51,126,25150000,21773
0,2515,25150000,25150100,51,126,25160000,21780
0,2516,25160000,25160100,51,126,25170000,21790
0,2517,25170000,25170100,51,126,25180000,21798
0,2518,25180000,25180100,51,126,25190000,21805
0,2519,25190000,25190100,51,126,25200000,21812
0,252,2520000,2520100,51,126,2530000,2181
0,2520,25200000,25200100,51,126,25210000,21827
0,2521,25210000,25210100,51,126,25220000,21833
0,2522,25220000,25220100,51,126,25230000,21840
0,2523,25230000,25230100,51,126,25240000,21850
0,2524,25240000,25240100,51,126,25250000,21859
0,2525,25250000,25250100,51,126,25260000,21866
0,2526,25260000,25260100,51,126,25270000,21876
0,2527,25270000,25270100,51,126,25280000,21884
0,2528,25280000,25280100,51,126,25290000,21893
0,2529,25290000,25290100,51,126,25300000,21901
0,253,2530000,2530100,51,126,2540000,2188
0,2530,25300000,25300100,51,126,25310000,21912
0,2531,25310000,25310100,51,126,25320000,21918
0,2532,25320000,25320100,51,126,25330000,21929
0,2533,25330000,25330100,51,126,25340000,21935
0,2534,25340000,25340100,51,126,25350000,21944
0,2535,25350000,25350100,51,126,25360000,21954
0,2536,25360000,25360100,51,126,25370000,21963
0,2537,25370000,25370100,51,126,25380000,21971
0,2538,25380000,25380100,51,126,25390000,21981
0,2539,25390000,25390100,51,126,25400000,21987
0,254,2540000,2540100,51,126,2550000,2195
0,2540,25400000,25400100,51,126,25410000,21996
0,2541,25410000,25410100,51,126,25420000,22007
0,2542,25420000,25420100,51,126,25430000,22014
0,2543,25430000,25430100,51,126,25440000,22020
0,2544,25440000,25440100,51,126,25450000,22034
0,2545,25450000,25450100,51,126,25460000,22041
0,2546,25460000,25460100,51,126,25470000,22049
0,2547,25470000,25470100,51,126,25480000,22057
0,2548,25480000,25480100,51,126,25490000,22067
0,2549,25490000,25490100,51,126,25500000,22073
0,255,2550000,2550100,51,126,2560000,2206
0,2550,25500000,25500100,51,126,25510000,22084
0,2551,25510000,25510100,51,126,25520000,22092
0,2552,25520000,25520100,51,126,25530000,22102
0,2553,25530000,25530100,51,126,25540000,22110
0,2554,25540000,25540100,51,126,25550000,22117
0,2555,25550000,25550100,51,126,25560000,22126
0,2556,25560000,25560100,51,126,25570000,22137
0,2557,25570000,25570100,51,126,25580000,22144
0,2558,25580000,25580100,51,126,25590000,22153
0,2559,25590000,25590100,51,126,25600000,22161
0,256,2560000,2560100,51,126,2570000,2215
0,2560,25600000,25600100,51,126,25610000,22171
0,2561,25610000,25610100,51,126,25620000,22177
0,2562,25620000,25620100,51,126,25630000,22189
0,2563,25630000,25630100,51,126,25640000,22196
0,2564,25640000,25640100,51,126,25650000,22204
0,2565,25650000,25650100,51,126,25660000,22215
0,2566,25660000,25660100,51,126,25670000,22222
0,2567,25670000,25670100,51,126,25680000,22228
0,2568,25680000,25680100,51,126,25690000,22241
0,2569,25690000,25690100,51,126,25700000,22249
0,257,2570000,2570100,51,126,2580000,2221
0,2570,25700000,25700100,51,126,25710000,22257
0,2571,25710000,25710100,51,126,25720000,22265
0,2572,25720000,25720100,51,126,25730000,22275
0,2573,25730000,25730100,51,126,25740000,22281
0,2574,25740000,25740100,51,126,25750000,22292
0,2575,25750000,25750100,51,126,25760000,22299
0,2576,25760000,25760100,51,126,25770000,22310
0,2577,25770000,25770100,51,126,25780000,22318
0,2578,25780000,25780100,51,126,25790000,22325
0,2579,25790000,25790100,51,126,25800000,22334
0,258,2580000,2580100,51,126,2590000,2232
0,2580,25800000,25800100,51,126,25810000,22346
0,2581,25810000,25810100,51,126,25820000,22352
0,2582,25820000,25820100,51,126,25830000,22359
0,2583,25830000,25830100,51,126,25840000,22369
0,2584,25840000,25840100,51,126,25850000,22378
0,2585,25850000,25850100,51,126,25860000,22386
0,2586,25860000,25860100,51,126,25870000,22398
0,2587,25870000,25870100,51,126,25880000,22404
0,2588,25880000,25880100,51,126,25890000,22412
0,2589,25890000,25890100,51,126,25900000,22420
0,259,2590000,2590100,51,126,2600000,2240
0,2590,25900000,25900100,51,126,25910000,22431
0,2591,25910000,25910100,51,126,25920000,22437
0,2592,25920000,25920100,51,126,25930000,22449
0,2593,25930000,25930100,51,126,25940000,22457
0,2594,25940000,25940100,51,126,25950000,22464
0,2595,25950000,25950100,51,126,25960000,22473
0,2596,25960000,25960100,51,126,25970000,22482
0,2597,25970000,25970100,51,126,25980000,22490
0,2598,25980000,25980100,51,126,25990000,22500
0,2599,25990000,25990100,51,126,26000000,22506
0,26,260000,260100,51,126,270000,221
0,260,2600000,2600100,51,126,2610000,2249
0,2600,26000000,26000100,51,126,26010000,22518
0,2601,26010000,26010100,51,126,26020000,22527
0,2602,26020000,26020100,51,126,26030000,22534
0,2603,26030000,26030100,51,126,26040000,22540
0,2604,26040000,26040100,51,126,26050000,22553
0,2605,26050000,26050100,51,126,26060000,22560
0,2606,26060000,26060100,51,126,26070000,22567
0,2607,26070000,26070100,51,126,26080000,22578
0,2608,26080000,26080100,51,126,26090000,22587
0,2609,26090000,26090100,51,126,26100000,22593
0,261,2610000,2610100,51,126,2620000,2257
0,2610,26100000,26100100,51,126,26110000,22604
0,2611,26110000,26110100,51,126,26120000,22612
0,2612,26120000,26120100,51,126,26130000,22621
0,2613,26130000,26130100,51,126,26140000,22629
0,2614,26140000,26140100,51,126,26150000,22638
0,2615,26150000,26150100,51,126,26160000,22645
0,2616,26160000,26160100,51,126,26170000,22657
0,2617,26170000,26170100,51,126,26180000,22663
0,2618,26180000,26180100,51,126,26190000,22673
0,2619,26190000,26190100,51,126,26200000,22681
0,262,2620000,2620100,51,126,2630000,2266
0,2620,26200000,26200100,51,126,26210000,22690
0,2621,26210000,26210100,51,126,26220000,22698
0,2622,26220000,26220100,51,126,26230000,22708
0,2623,26230000,26230100,51,126,26240000,22715
0,2624,26240000,26240100,51,126,26250000,22724
0,2625,26250000,26250100,51,126,26260000,22735
0,2626,26260000,26260100,51,126,26270000,22742
0,2627,26270000,26270100,51,126,26280000,22748
0,2628,26280000,26280100,51,126,26290000,22761
0,2629,26290000,26290100,51,126,26300000,22768
0,263,2630000,2630100,51,126,2640000,2272
0,2630,26300000,26300100,51,126,26310000,22776
0,2631,26310000,26310100,51,126,26320000,22784
0,2632,26320000,26320100,51,126,26330000,22795
0,2633,26330000,26330100,51,126,26340000,22801
0,2634,26340000,26340100,51,126,26350000,22812
0,2635,26350000,26350100,51,126,26360000,22821
0,2636,26360000,26360100,51,126,26370000,22829
0,2637,26370000,26370100,51,126,26380000,22837
0,2638,26380000,26380100,51,126,26390000,22844
0,2639,26390000,26390100,51,126,26400000,22852
0,264,2640000,2640100,51,126,2650000,2285
0,2640,26400000,26400100,51,126,26410000,22866
0,2641,26410000,26410100,51,126,26420000,22872
0,2642,26420000,26420100,51,126,26430000,22881
0,2643,26430000,26430100,51,126,26440000,22889
0,2644,26440000,26440100,51,126,26450000,22897
0,2645,26450000,26450100,51,126,26460000,22905
0,2646,26460000,26460100,51,126,26470000,22917
0,2647,26470000,26470100,51,126,26480000,22923
0,2648,26480000,26480100,51,126,26490000,22932
0,2649,26490000,26490100,51,126,26500000,22942
0,265,2650000,2650100,51,126,2660000,2292
0,2650,26500000,26500100,51,126,26510000,22950
0,2651,26510000,26510100,51,126,26520000,22957
0,2652,26520000,26520100,51,126,26530000,22968
0,2653,26530000,26530100,51,126,26540000,22976
0,2654,26540000,26540100,51,126,26550000,22983
0,2655,26550000,26550100,51,126,26560000,22992
0,2656,26560000,26560100,51,126,26570000,23004
0,2657,26570000,26570100,51,126,26580000,23010
0,2658,26580000,26580100,51,126,26590000,23020
0,2659,26590000,26590100,51,126,26600000,23026
0,266,2660000,2660100,51,126,2670000,2301
0,2660,26600000,26600100,51,126,26610000,23037
0,2661,26610000,26610100,51,126,26620000,23045
0,2662,26620000,26620100,51,126,26630000,23053
0,2663,26630000,26630100,51,126,26640000,23061
0,2664,26640000,26640100,51,126,26650000,23073
0,2665,26650000,26650100,51,126,26660000,23080
0,2666,26660000,26660100,51,126,26670000,23087
0,2667,26670000,26670100,51,126,26680000,23098
0,2668,26680000,26680100,51,126,26690000,23106
0,2669,26690000,26690100,51,126,26700000,23112
0,267,2670000,2670100,51,126,2680000,2309
0,2670,26700000,26700100,51,126,26710000,23125
0,2671,26710000,26710100,51,126,26720000,23131
0,2672,26720000,26720100,51,126,26730000,23140
0,2673,26730000,26730100,51,126,26740000,23149
0,2674,26740000,26740100,51,126,26750000,23158
0,2675,26750000,26750100,51,126,26760000,23165
0,2676,26760000,26760100,51,126,26770000,23176
0,2677,26770000,26770100,51,126,26780000,23184
0,2678,26780000,26780100,51,126,26790000,23192
0,2679,26790000,26790100,51,126,26800000,23200
0,268,2680000,2680100,51,126,2690000,2317
0,2680,26800000,26800100,51,126,26810000,23210
0,2681,26810000,26810100,51,126,26820000,23218
0,2682,26820000,26820100,51,126,26830000,23228
0,2683,26830000,26830100,51,126,26840000,23234
0,2684,26840000,26840100,51,126,26850000,23245
0,2685,26850000,26850100,51,126,26860000,23254
0,2686,26860000,26860100,51,126,26870000,23261
0,2687,26870000,26870100,51,126,26880000,23267
0,2688,26880000,26880100,51,126,26890000,23281
0,2689,26890000,26890100,51,126,26900000,23288
0,269,2690000,2690100,51,126,2700000,2326
0,2690,26900000,26900100,51,126,26910000,23296
0,2691,26910000,26910100,51,126,26920000,23306
0,2692,26920000,26920100,51,126,26930000,23314
0,2693,26930000,26930100,51,126,26940000,23320
0,2694,26940000,26940100,51,126,26950000,23330
0,2695,26950000,26950100,51,126,26960000,23340
0,2696,26960000,26960100,51,126,26970000,23349
0,2697,26970000,26970100,51,126,26980000,23357
0,2698,26980000,26980100,51,126,26990000,23366
0,2699,26990000,26990100,51,126,27000000,23372
0,27,270000,270100,51,126,280000,230
0,270,2700000,2700100,51,126,2710000,2337
0,2700,27000000,27000100,51,126,27010000,23385
0,2701,27010000,27010100,51,126,27020000,23391
0,2702,27020000,27020100,51,126,27030000,23400
0,2703,27030000,27030100,51,126,27040000,23408
0,2704,27040000,27040100,51,126,27050000,23417
0,2705,27050000,27050100,51,126,27060000,23426
0,2706,27060000,27060100,51,126,27070000,23437
0,2707,27070000,27070100,51,126,27080000,23443
0,2708,27080000,27080100,51,126,27090000,23451
0,2709,27090000,27090100,51,126,27100000,23461
0,271,2710000,2710100,51,126,2720000,2343
0,2710,27100000,27100100,51,126,27110000,23469
0,2711,27110000,27110100,51,126,27120000,23476
0,2712,27120000,27120100,51,126,27130000,23490
0,2713,27130000,27130100,51,126,27140000,23496
0,2714,27140000,27140100,51,126,27150000,23503
0,2715,27150000,27150100,51,126,27160000,23512
0,2716,27160000,27160100,51,126,27170000,23522
0,2717,27170000,27170100,51,126,27180000,23529
0,2718,27180000,27180100,51,126,27190000,23539
0,2719,27190000,27190100,51,126,27200000,23547
0,272,2720000,2720100,51,126,2730000,2352
0,2720,27200000,27200100,51,126,27210000,23557
0,2721,27210000,27210100,51,126,27220000,23565
0,2722,27220000,27220100,51,126,27230000,23573
0,2723,27230000,27230100,51,126,27240000,23581
0,2724,27240000,27240100,51,126,27250000,23592
0,2725,27250000,27250100,51,126,27260000,23599
0,2726,27260000,27260100,51,126,27270000,23608
0,2727,27270000,27270100,51,126,27280000,23616
0,2728,27280000,27280100,51,126,27290000,23626
0,2729,27290000,27290100,51,126,27300000,23632
0,273,2730000,2730100,51,126,2740000,2362
0,2730,27300000,27300100,51,126,27310000,23645
0,2731,27310000,27310100,51,126,27320000,23651
0,2732,27320000,27320100,51,126,27330000,23659
0,2733,27330000,27330100,51,126,27340000,23670
0,2734,27340000,27340100,51,126,27350000,23677
0,2735,27350000,27350100,51,126,27360000,23684
0,2736,27360000,27360100,51,126,27370000,23696
0,2737,27370000,27370100,51,126,27380000,23704
0,2738,27380000,27380100,51,126,27390000,23711
0,2739,27390000,27390100,51,126,27400000,23720
0,274,2740000,2740100,51,126,2750000,2369
0,2740,27400000,27400100,51,126,27410000,23731
0,2741,27410000,27410100,51,126,27420000,23737
0,2742,27420000,27420100,51,126,27430000,23747
0,2743,27430000,27430100,51,126,27440000,23753
0,2744,27440000,27440100,51,126,27450000,23765
0,2745,27450000,27450100,51,126,27460000,23774
0,2746,27460000,27460100,51,126,27470000,23781
0,2747,27470000,27470100,51,126,27480000,23789
0,2748,27480000,27480100,51,126,27490000,23800
0,2749,27490000,27490100,51,126,27500000,23806
0,275,2750000,2750100,51,126,2760000,2377
0,2750,27500000,27500100,51,126,27510000,23815
0,2751,27510000,27510100,51,126,27520000,23825
0,2752,27520000,27520100,51,126,27530000,23834
0,2753,27530000,27530100,51,126,27540000,23840
0,2754,27540000,27540100,51,126,27550000,23852
0,2755,27550000,27550100,51,126,27560000,23860
0,2756,27560000,27560100,51,126,27570000,23868
0,2757,27570000,27570100,51,126,27580000,23876
0,2758,27580000,27580100,51,126,27590000,23885
0,2759,27590000,27590100,51,126,27600000,23891
0,276,2760000,2760100,51,126,2770000,2390
0,2760,27600000,27600100,51,126,27610000,23904
0,2761,27610000,27610100,51,126,27620000,23913
0,2762,27620000,27620100,51,126,27630000,23920
0,2763,27630000,27630100,51,126,27640000,23928
0,2764,27640000,27640100,51,126,27650000,23936
0,2765,27650000,27650100,51,126,27660000,23945
0,2766,27660000,27660100,51,126,27670000,23956
0,2767,27670000,27670100,51,126,27680000,23962
0,2768,27680000,27680100,51,126,27690000,23973
0,2769,27690000,27690100,51,126,27700000,23981
0,277,2770000,2770100,51,126,2780000,2396
0,2770,27700000,27700100,51,126,27710000,23989
0,2771,27710000,27710100,51,126,27720000,23995
0,2772,27720000,27720100,51,126,27730000,24009
0,2773,27730000,27730100,51,126,27740000,24015
0,2774,27740000,27740100,51,126,27750000,24022
0,2775,27750000,27750100,51,126,27760000,24033
0,2776,27760000,27760100,51,126,27770000,24042
0,2777,27770000,27770100,51,126,27780000,24049
0,2778,27780000,27780100,51,126,27790000,24059
0,2779,27790000,27790100,51,126,27800000,24067
0,278,2780000,2780100,51,126,2790000,2403
0,2780,27800000,27800100,51,126,27810000,24076
0,2781,27810000,27810100,51,126,27820000,24084
0,2782,27820000,27820100,51,126,27830000,24093
0,2783,27830000,27830100,51,126,27840000,24100
0,2784,27840000,27840100,51,126,27850000,24112
0,2785,27850000,27850100,51,126,27860000,24119
0,2786,27860000,27860100,51,126,27870000,24128
0,2787,27870000,27870100,51,126,27880000,24136
0,2788,27880000,27880100,51,126,27890000,24145
0,2789,27890000,27890100,51,126,27900000,24153
0,279,2790000,2790100,51,126,2800000,2411
0,2790,27900000,27900100,51,126,27910000,24164
0,2791,27910000,27910100,51,126,27920000,24170
0,2792,27920000,27920100,51,126,27930000,24179
0,2793,27930000,27930100,51,126,27940000,24189
0,2794,27940000,27940100,51,126,27950000,24197
0,2795,27950000,27950100,51,126,27960000,24204
0,2796,27960000,27960100,51,126,27970000,24217
0,2797,27970000,27970100,51,126,27980000,24223
0,2798,27980000,27980100,51,126,27990000,24230
0,2799,27990000,27990100,51,126,28000000,24239
0,28,280000,280100,51,126,290000,240
0,280,2800000,2800100,51,126,2810000,2424
0,2800,28000000,28000100,51,126,28010000,24251
0,2801,28010000,28010100,51,126,28020000,24257
0,2802,28020000,28020100,51,126,28030000,24267
0,2803,28030000,28030100,51,126,28040000,24275
0,2804,28040000,28040100,51,126,28050000,24283
0,2805,28050000,28050100,51,126,28060000,24293
0,2806,28060000,28060100,51,126,28070000,24300
0,2807,28070000,28070100,51,126,28080000,24308
0,2808,28080000,28080100,51,126,28090000,24320
0,2809,28090000,28090100,51,126,28100000,24326
0,281,2810000,2810100,51,126,2820000,2430
0,2810,28100000,28100100,51,126,28110000,24337
0,2811,28110000,28110100,51,126,28120000,24345
0,2812,28120000,28120100,51,126,28130000,24353
0,2813,28130000,28130100,51,126,28140000,24359
0,2814,28140000,28140100,51,126,28150000,24371
0,2815,28150000,28150100,51,126,28160000,24378
0,2816,28160000,28160100,51,126,28170000,24388
0,2817,28170000,28170100,51,126,28180000,24398
0,2818,28180000,28180100,51,126,28190000,24405
0,2819,28190000,28190100,51,126,28200000,24411
0,282,2820000,2820100,51,126,2830000,2440
0,2820,28200000,28200100,51,126,28210000,24423
0,2821,28210000,28210100,51,126,28220000,24432
0,2822,28220000,28220100,51,126,28230000,24439
0,2823,28230000,28230100,51,126,28240000,24447
0,2824,28240000,28240100,51,126,28250000,24458
0,2825,28250000,28250100,51,126,28260000,24465
0,2826,28260000,28260100,51,126,28270000,24475
0,2827,28270000,28270100,51,126,28280000,24482
0,2828,28280000,28280100,51,126,28290000,24492
0,2829,28290000,28290100,51,126,28300000,24500
0,283,2830000,2830100,51,126,2840000,2448
0,2830,28300000,28300100,51,126,28310000,24508
0,2831,28310000,28310100,51,126,28320000,24516
0,2832,28320000,28320100,51,126,28330000,24529
0,2833,28330000,28330100,51,126,28340000,24535
0,2834,28340000,28340100,51,126,28350000,24542
0,2835,28350000,28350100,51,126,28360000,24553
0,2836,28360000,28360100,51,126,28370000,24561
0,2837,28370000,28370100,51,126,28380000,24567
0,2838,28380000,28380100,51,126,28390000,24580
0,2839,28390000,28390100,51,126,28400000,24586
0,284,2840000,2840100,51,126,2850000,2456
0,2840,28400000,28400100,51,126,28410000,24596
0,2841,28410000,28410100,51,126,28420000,24604
0,2842,28420000,28420100,51,126,28430000,24613
0,2843,28430000,28430100,51,126,28440000,24620
0,2844,28440000,28440100,51,126,28450000,24631
0,2845,28450000,28450100,51,126,28460000,24640
0,2846,28460000,28460100,51,126,28470000,24647
0,2847,28470000,28470100,51,126,28480000,24655
0,2848,28480000,28480100,51,126,28490000,24664
0,2849,28490000,28490100,51,126,28500000,24673
0,285,2850000,2850100,51,126,2860000,2465
0,2850,28500000,28500100,51,126,28510000,24684
0,2851,28510000,28510100,51,126,28520000,24690
0,2852,28520000,28520100,51,126,28530000,24700
0,2853,28530000,28530100,51,126,28540000,24708
0,2854,28540000,28540100,51,126,28550000,24716
0,2855,28550000,28550100,51,126,28560000,24723
0,2856,28560000,28560100,51,126,28570000,24737
0,2857,28570000,28570100,51,126,28580000,24743
0,2858,28580000,28580100,51,126,28590000,24750
0,2859,28590000,28590100,51,126,28600000,24760
0,286,2860000,2860100,51,126,2870000,2473
0,2860,28600000,28600100,51,126,28610000,24770
0,2861,28610000,28610100,51,126,28620000,24776
0,2862,28620000,28620100,51,126,28630000,24786
0,2863,28630000,28630100,51,126,28640000,24794
0,2864,28640000,28640100,51,126,28650000,24803
0,2865,28650000,28650100,51,126,28660000,24813
0,2866,28660000,28660100,51,126,28670000,24822
0,2867,28670000,28670100,51,126,28680000,24828
0,2868,28680000,28680100,51,126,28690000,24839
0,2869,28690000,28690100,51,126,28700000,24845
0,287,2870000,2870100,51,126,2880000,2481
0,2870,28700000,28700100,51,126,28710000,24855
0,2871,28710000,28710100,51,126,28720000,24864
0,2872,28720000,28720100,51,126,28730000,24873
0,2873,28730000,28730100,51,126,28740000,24881
0,2874,28740000,28740100,51,126,28750000,24891
0,2875,28750000,28750100,51,126,28760000,24898
0,2876,28760000,28760100,51,126,28770000,24907
0,2877,28770000,28770100,51,126,28780000,24917
0,2878,28780000,28780100,51,126,28790000,24924
0,2879,28790000,28790100,51,126,28800000,24930
0,288,2880000,2880100,51,126,2890000,2493
0,2880,28800000,28800100,51,126,28810000,24945
0,2881,28810000,28810100,51,126,28820000,24951
0,2882,28820000,28820100,51,126,28830000,24959
0,2883,28830000,28830100,51,126,28840000,24967
0,2884,28840000,28840100,51,126,28850000,24977
0,2885,28850000,28850100,51,126,28860000,24984
0,2886,28860000,28860100,51,126,28870000,24994
0,2887,28870000,28870100,51,126,28880000,25003
0,2888,28880000,28880100,51,126,28890000,25012
0,2889,28890000,28890100,51,126,28900000,25020
0,289,2890000,2890100,51,126,2900000,2499
0,2890,28900000,28900100,51,126,28910000,25028
0,2891,28910000,28910100,51,126,28920000,25036
0,2892,28920000,28920100,51,126,28930000,25047
0,2893,28930000,28930100,51,126,28940000,25054
0,2894,28940000,28940100,51,126,28950000,25063
0,2895,28950000,28950100,51,126,28960000,25072
0,2896,28960000,28960100,51,126,28970000,25081
0,2897,28970000,28970100,51,126,28980000,25087
0,2898,28980000,28980100,51,126,28990000,25100
0,2899,28990000,28990100,51,126,29000000,25106
0,29,290000,290100,51,126,300000,246
0,290,2900000,2900100,51,126,2910000,2509
0,2900,29000000,29000100,51,126,29010000,25115
0,2901,29010000,29010100,51,126,29020000,25125
0,2902,29020000,29020100,51,126,29030000,25132
0,2903,29030000,29030100,51,126,29040000,25138
0,2904,29040000,29040100,51,126,29050000,25151
0,2905,29050000,29050100,51,126,29060000,25160
0,2906,29060000,29060100,51,126,29070000,25167
0,2907,29070000,29070100,51,126,29080000,25175
0,2908,29080000,29080100,51,126,29090000,25185
0,2909,29090000,29090100,51,126,29100000,25192
0,291,2910000,2910100,51,126,2920000,2518
0,2910,29100000,29100100,51,126,29110000,25203
0,2911,29110000,29110100,51,126,29120000,25209
0,2912,29120000,29120100,51,126,29130000,25220
0,2913,29130000,29130100,51,126,29140000,25228
0,2914,29140000,29140100,51,126,29150000,25235
0,2915,29150000,29150100,51,126,29160000,25245
0,2916,29160000,29160100,51,126,29170000,25256
0,2917,29170000,29170100,51,126,29180000,25262
0,2918,29180000,29180100,51,126,29190000,25269
0,2919,29190000,29190100,51,126,29200000,25279
0,292,2920000,2920100,51,126,2930000,2526
0,2920,29200000,29200100,51,126,29210000,25290
0,2921,29210000,29210100,51,126,29220000,25296
0,2922,29220000,29220100,51,126,29230000,25308
0,2923,29230000,29230100,51,126,29240000,25314
0,2924,29240000,29240100,51,126,29250000,25322
0,2925,29250000,29250100,51,126,29260000,25331
0,2926,29260000,29260100,51,126,29270000,25341
0,2927,29270000,29270100,51,126,29280000,25347
0,2928,29280000,29280100,51,126,29290000,25359
0,2929,29290000,29290100,51,126,29300000,25367
0,293,2930000,2930100,51,126,2940000,2532
0,2930,29300000,29300100,51,126,29310000,25375
0,2931,29310000,29310100,51,126,29320000,25384
0,2932,29320000,29320100,51,126,29330000,25392
0,2933,29330000,29330100,51,126,29340000,25400
0,2934,29340000,29340100,51,126,29350000,25410
0,2935,29350000,29350100,51,126,29360000,25417
0,2936,29360000,29360100,51,126,29370000,25428
0,2937,29370000,29370100,51,126,29380000,25437
0,2938,29380000,29380100,51,126,29390000,25444
0,2939,29390000,29390100,51,126,29400000,25450
0,294,2940000,2940100,51,126,2950000,2544
0,2940,29400000,29400100,51,126,29410000,25464
0,2941,29410000,29410100,51,126,29420000,25470
0,2942,29420000,29420100,51,126,29430000,25478
0,2943,29430000,29430100,51,126,29440000,25488
0,2944,29440000,29440100,51,126,29450000,25497
0,2945,29450000,29450100,51,126,29460000,25504
0,2946,29460000,29460100,51,126,29470000,25514
0,2947,29470000,29470100,51,126,29480000,25522
0,2948,29480000,29480100,51,126,29490000,25531
0,2949,29490000,29490100,51,126,29500000,25539
0,295,2950000,2950100,51,126,2960000,2551
0,2950,29500000,29500100,51,126,29510000,25549
0,2951,29510000,29510100,51,126,29520000,25555
0,2952,29520000,29520100,51,126,29530000,25567
0,2953,29530000,29530100,51,126,29540000,25574
0,2954,29540000,29540100,51,126,29550000,25583
0,2955,29550000,29550100,51,126,29560000,25592
0,2956,29560000,29560100,51,126,29570000,25600
0,2957,29570000,29570100,51,126,29580000,25608
0,2958,29580000,29580100,51,126,29590000,25618
0,2959,29590000,29590100,51,126,29600000,25625
0,296,2960000,2960100,51,126,2970000,2560
0,2960,29600000,29600100,51,126,29610000,25635
0,2961,29610000,29610100,51,126,29620000,25645
0,2962,29620000,29620100,51,126,29630000,25652
0,2963,29630000,29630100,51,126,29640000,25658
0,2964,29640000,29640100,51,126,29650000,25672
0,2965,29650000,29650100,51,126,29660000,25679
0,2966,29660000,29660100,51,126,29670000,25686
0,2967,29670000,29670100,51,126,29680000,25694
0,2968,29680000,29680100,51,126,29690000,25705
0,2969,29690000,29690100,51,126,29700000,25711
0,297,2970000,2970100,51,126,2980000,2571
0,2970,29700000,29700100,51,126,29710000,25723
0,2971,29710000,29710100,51,126,29720000,25731
0,2972,29720000,29720100,51,126,29730000,25739
0,2973,29730000,29730100,51,126,29740000,25747
0,2974,29740000,29740100,51,126,29750000,25754
0,2975,29750000,29750100,51,126,29760000,25764
0,2976,29760000,29760100,51,126,29770000,25776
0,2977,29770000,29770100,51,126,29780000,25782
0,2978,29780000,29780100,51,126,29790000,25791
0,2979,29790000,29790100,51,126,29800000,25799
0,298,2980000,2980100,51,126,2990000,2578
0,2980,29800000,29800100,51,126,29810000,25808
0,2981,29810000,29810100,51,126,29820000,25815
0,2982,29820000,29820100,51,126,29830000,25827
0,2983,29830000,29830100,51,126,29840000,25833
0,2984,29840000,29840100,51,126,29850000,25842
0,2985,29850000,29850100,51,126,29860000,25853
0,2986,29860000,29860100,51,126,29870000,25861
0,2987,29870000,29870100,51,126,29880000,25867
0,2988,29880000,29880100,51,126,29890000,25878
0,2989,29890000,29890100,51,126,29900000,25886
0,299,2990000,2990100,51,126,3000000,2584
0,2990,29900000,29900100,51,126,29910000,25894
0,2991,29910000,29910100,51,126,29920000,25902
0,2992,29920000,29920100,51,126,29930000,25914
0,2993,29930000,29930100,51,126,29940000,25920
0,2994,29940000,29940100,51,126,29950000,25930
0,2995,29950000,29950100,51,126,29960000,25937
0,2996,29960000,29960100,51,126,29970000,25947
0,2997,29970000,29970100,51,126,29980000,25956
0,2998,29980000,29980100,51,126,29990000,25963
0,2999,29990000,29990100,51,126,30000000,25971
0,3,30000,30100,51,126,40000,23
0,30,300000,300100,51,126,310000,257
0,300,3000000,3000100,51,126,3010000,2596
0,3000,30000000,30000100,51,126,30010000,25984
0,3001,30010000,30010100,51,126,30020000,25990
0,3002,30020000,30020100,51,126,30030000,25997
0,3003,30030000,30030100,51,126,30040000,26008
0,3004,30040000,30040100,51,126,30050000,26016
0,3005,30050000,30050100,51,126,30060000,26023
0,3006,30060000,30060100,51,126,30070000,26035
0,3007,30070000,30070100,51,126,30080000,26041
0,3008,30080000,30080100,51,126,30090000,26051
0,3009,30090000,30090100,51,126,30100000,26059
0,301,3010000,3010100,51,126,3020000,2604
0,3010,30100000,30100100,51,126,30110000,26069
0,3011,30110000,30110100,51,126,30120000,26075
0,3012,30120000,30120100,51,126,30130000,26086
0,3013,30130000,30130100,51,126,30140000,26094
0,3014,30140000,30140100,51,126,30150000,26102
0,3015,30150000,30150100,51,126,30160000,26111
0,3016,30160000,30160100,51,126,30170000,26120
0,3017,30170000,30170100,51,126,30180000,26128
0,3018,30180000,30180100,51,126,30190000,26138
0,3019,30190000,30190100,51,126,30200000,26145
0,302,3020000,3020100,51,126,3030000,2612
0,3020,30200000,30200100,51,126,30210000,26156
0,3021,30210000,30210100,51,126,30220000,26164
0,3022,30220000,30220100,51,126,30230000,26171
0,3023,30230000,30230100,51,126,30240000,26177
0,3024,30240000,30240100,51,126,30250000,26191
0,3025,30250000,30250100,51,126,30260000,26199
0,3026,30260000,30260100,51,126,30270000,26206
0,3027,30270000,30270100,51,126,30280000,26216
0,3028,30280000,30280100,51,126,30290000,26224
0,3029,30290000,30290100,51,126,30300000,26230
0,303,3030000,3030100,51,126,3040000,2620
0,3030,30300000,30300100,51,126,30310000,26242
0,3031,30310000,30310100,51,126,30320000,26250
0,3032,30320000,30320100,51,126,30330000,26259
0,3033,30330000,30330100,51,126,30340000,26267
0,3034,30340000,30340100,51,126,30350000,26276
0,3035,30350000,30350100,51,126,30360000,26283
0,3036,30360000,30360100,51,126,30370000,26295
0,3037,30370000,30370100,51,126,30380000,26301
0,3038,30380000,30380100,51,126,30390000,26310
0,3039,30390000,30390100,51,126,30400000,26318
0,304,3040000,3040100,51,126,3050000,2631
0,3040,30400000,30400100,51,126,30410000,26328
0,3041,30410000,30410100,51,126,30420000,26337
0,3042,30420000,30420100,51,126,30430000,26347
0,3043,30430000,30430100,51,126,30440000,26353
0,3044,30440000,30440100,51,126,30450000,26361
0,3045,30450000,30450100,51,126,30460000,26372
0,3046,30460000,30460100,51,126,30470000,26379
0,3047,30470000,30470100,51,126,30480000,26386
0,3048,30480000,30480100,51,126,30490000,26400
0,3049,30490000,30490100,51,126,30500000,26406
0,305,3050000,3050100,51,126,3060000,2638
0,3050,30500000,30500100,51,126,30510000,26414
0,3051,30510000,30510100,51,126,30520000,26422
0,3052,30520000,30520100,51,126,30530000,26433
0,3053,30530000,30530100,51,126,30540000,26439
0,3054,30540000,30540100,51,126,30550000,26449
0,3055,30550000,30550100,51,126,30560000,26458
0,3056,30560000,30560100,51,126,30570000,26467
0,3057,30570000,30570100,51,126,30580000,26475
0,3058,30580000,30580100,51,126,30590000,26483
0,3059,30590000,30590100,51,126,30600000,26491
0,306,3060000,3060100,51,126,3070000,2648
0,3060,30600000,30600100,51,126,30610000,26503
0,3061,30610000,30610100,51,126,30620000,26509
0,3062,30620000,30620100,51,126,30630000,26518
0,3063,30630000,30630100,51,126,30640000,26527
0,3064,30640000,30640100,51,126,30650000,26536
0,3065,30650000,30650100,51,126,30660000,26543
0,3066,30660000,30660100,51,126,30670000,26555
0,3067,30670000,30670100,51,126,30680000,26561
0,3068,30680000,30680100,51,126,30690000,26569
0,3069,30690000,30690100,51,126,30700000,26580
0,307,3070000,3070100,51,126,3080000,2654
0,3070,30700000,30700100,51,126,30710000,26588
0,3071,30710000,30710100,51,126,30720000,26594
0,3072,30720000,30720100,51,126,30730000,26606
0,3073,30730000,30730100,51,126,30740000,26614
0,3074,30740000,30740100,51,126,30750000,26622
0,3075,30750000,30750100,51,126,30760000,26631
0,3076,30760000,30760100,51,126,30770000,26641
0,3077,30770000,30770100,51,126,30780000,26647
0,3078,30780000,30780100,51,126,30790000,26657
0,3079,30790000,30790100,51,126,30800000,26663
0,308,3080000,3080100,51,126,3090000,2665
0,3080,30800000,30800100,51,126,30810000,26676
0,3081,30810000,30810100,51,126,30820000,26684
0,3082,30820000,30820100,51,126,30830000,26691
0,3083,30830000,30830100,51,126,30840000,26699
0,3084,30840000,30840100,51,126,30850000,26710
0,3085,30850000,30850100,51,126,30860000,26718
0,3086,30860000,30860100,51,126,30870000,26725
0,3087,30870000,30870100,51,126,30880000,26735
0,3088,30880000,30880100,51,126,30890000,26744
0,3089,30890000,30890100,51,126,30900000,26750
0,309,3090000,3090100,51,126,3100000,2673
0,3090,30900000,30900100,51,126,30910000,26763
0,3091,30910000,30910100,51,126,30920000,26770
0,3092,30920000,30920100,51,126,30930000,26778
0,3093,30930000,30930100,51,126,30940000,26786
0,3094,30940000,30940100,51,126,30950000,26795
0,3095,30950000,30950100,51,126,30960000,26802
0,3096,30960000,30960100,51,126,30970000,26815
0,3097,30970000,30970100,51,126,30980000,26823
0,3098,30980000,30980100,51,126,30990000,26830
0,3099,30990000,30990100,51,126,31000000,26838
0,31,310000,310100,51,126,320000,265
0,310,3100000,3100100,51,126,3110000,2681
0,3100,31000000,31000100,51,126,31010000,26847
0,3101,31010000,31010100,51,126,31020000,26855
0,3102,31020000,31020100,51,126,31030000,26866
0,3103,31030000,31030100,51,126,31040000,26872
0,3104,31040000,31040100,51,126,31050000,26883
0,3105,31050000,31050100,51,126,31060000,26892
0,3106,31060000,31060100,51,126,31070000,26899
0,3107,31070000,31070100,51,126,31080000,26906
0,3108,31080000,31080100,51,126,31090000,26919
0,3109,31090000,31090100,51,126,31100000,26925
0,311,3110000,3110100,51,126,3120000,2689
0,3110,31100000,31100100,51,126,31110000,26933
0,3111,31110000,31110100,51,126,31120000,26943
0,3112,31120000,31120100,51,126,31130000,26952
0,3113,31130000,31130100,51,126,31140000,26959
0,3114,31140000,31140100,51,126,31150000,26969
0,3115,31150000,31150100,51,126,31160000,26978
0,3116,31160000,31160100,51,126,31170000,26986
0,3117,31170000,31170100,51,126,31180000,26994
0,3118,31180000,31180100,51,126,31190000,27004
0,3119,31190000,31190100,51,126,31200000,27010
0,312,3120000,3120100,51,126,3130000,2701
0,3120,31200000,31200100,51,126,31210000,27023
0,3121,31210000,31210100,51,126,31220000,27029
0,3122,31220000,31220100,51,126,31230000,27038
0,3123,31230000,31230100,51,126,31240000,27046
0,3124,31240000,31240100,51,126,31250000,27055
0,3125,31250000,31250100,51,126,31260000,27064
0,3126,31260000,31260100,51,126,31270000,27074
0,3127,31270000,31270100,51,126,31280000,27080
0,3128,31280000,31280100,51,126,31290000,27089
0,3129,31290000,31290100,51,126,31300000,27100
0,313,3130000,3130100,51,126,3140000,2708
0,3130,31300000,31300100,51,126,31310000,27108
0,3131,31310000,31310100,51,126,31320000,27114
0,3132,31320000,31320100,51,126,31330000,27127
0,3133,31330000,31330100,51,126,31340000,27133
0,3134,31340000,31340100,51,126,31350000,27140
0,3135,31350000,31350100,51,126,31360000,27150
0,3136,31360000,31360100,51,126,31370000,27161
0,3137,31370000,31370100,51,126,31380000,27167
0,3138,31380000,31380100,51,126,31390000,27177
0,3139,31390000,31390100,51,126,31400000,27185
0,314,3140000,3140100,51,126,3150000,2715
0,3140,31400000,31400100,51,126,31410000,27195
0,3141,31410000,31410100,51,126,31420000,27203
0,3142,31420000,31420100,51,126,31430000,27210
0,3143,31430000,31430100,51,126,31440000,27218
0,3144,31440000,31440100,51,126,31450000,27230
0,3145,31450000,31450100,51,126,31460000,27237
0,3146,31460000,31460100,51,126,31470000,27247
0,3147,31470000,31470100,51,126,31480000,27255
0,3148,31480000,31480100,51,126,31490000,27263
0,3149,31490000,31490100,51,126,31500000,27269
0,315,3150000,3150100,51,126,3160000,2726
0,3150,31500000,31500100,51,126,31510000,27282
0,3151,31510000,31510100,51,126,31520000,27289
0,3152,31520000,31520100,51,126,31530000,27298
0,3153,31530000,31530100,51,126,31540000,27308
0,3154,31540000,31540100,51,126,31550000,27315
0,3155,31550000,31550100,51,126,31560000,27322
0,3156,31560000,31560100,51,126,31570000,27333
0,3157,31570000,31570100,51,126,31580000,27342
0,3158,31580000,31580100,51,126,31590000,27349
0,3159,31590000,31590100,51,126,31600000,27357
0,316,3160000,3160100,51,126,3170000,2734
0,3160,31600000,31600100,51,126,31610000,27369
0,3161,31610000,31610100,51,126,31620000,27375
0,3162,31620000,31620100,51,126,31630000,27386
0,3163,31630000,31630100,51,126,31640000,27392
0,3164,31640000,31640100,51,126,31650000,27402
0,3165,31650000,31650100,51,126,31660000,27411
0,3166,31660000,31660100,51,126,31670000,27418
0,3167,31670000,31670100,51,126,31680000,27426
0,3168,31680000,31680100,51,126,31690000,27439
0,3169,31690000,31690100,51,126,31700000,27445
0,317,3170000,3170100,51,126,3180000,2740
0,3170,31700000,31700100,51,126,31710000,27453
0,3171,31710000,31710100,51,126,31720000,27463
0,3172,31720000,31720100,51,126,31730000,27471
0,3173,31730000,31730100,51,126,31740000,27478
0,3174,31740000,31740100,51,126,31750000,27490
0,3175,31750000,31750100,51,126,31760000,27497
0,3176,31760000,31760100,51,126,31770000,27506
0,3177,31770000,31770100,51,126,31780000,27514
0,3178,31780000,31780100,51,126,31790000,27523
0,3179,31790000,31790100,51,126,31800000,27530
0,318,3180000,3180100,51,126,3190000,2752
0,3180,31800000,31800100,51,126,31810000,27542
0,3181,31810000,31810100,51,126,31820000,27550
0,3182,31820000,31820100,51,126,31830000,27557
0,3183,31830000,31830100,51,126,31840000,27565
0,3184,31840000,31840100,51,126,31850000,27575
0,3185,31850000,31850100,51,126,31860000,27584
0,3186,31860000,31860100,51,126,31870000,27594
0,3187,31870000,31870100,51,126,31880000,27600
0,3188,31880000,31880100,51,126,31890000,27610
0,3189,31890000,31890100,51,126,31900000,27618
0,319,3190000,3190100,51,126,3200000,2759
0,3190,31900000,31900100,51,126,31910000,27627
0,3191,31910000,31910100,51,126,31920000,27633
0,3192,31920000,31920100,51,126,31930000,27647
0,3193,31930000,31930100,51,126,31940000,27653
0,3194,31940000,31940100,51,126,31950000,27660
0,3195,31950000,31950100,51,126,31960000,27672
0,3196,31960000,31960100,51,126,31970000,27680
0,3197,31970000,31970100,51,126,31980000,27686
0,3198,31980000,31980100,51,126,31990000,27696
0,3199,31990000,31990100,51,126,32000000,27704
0,32,320000,320100,51,126,330000,274
0,320,3200000,3200100,51,126,3210000,2769
0,3200,32000000,32000100,51,126,32010000,27714
0,3201,32010000,32010100,51,126,32020000,27723
0,3202,32020000,32020100,51,126,32030000,27732
0,3203,32030000,32030100,51,126,32040000,27738
0,3204,32040000,32040100,51,126,32050000,27749
0,3205,32050000,32050100,51,126,32060000,27756
0,3206,32060000,32060100,51,126,32070000,27766
0,3207,32070000,32070100,51,126,32080000,27774
0,3208,32080000,32080100,51,126,32090000,27783
0,3209,32090000,32090100,51,126,32100000,27791
0,321,3210000,3210100,51,126,3220000,2777
0,3210,32100000,32100100,51,126,32110000,27802
0,3211,32110000,32110100,51,126,32120000,27808
0,3212,32120000,32120100,51,126,32130000,27817
0,3213,32130000,32130100,51,126,32140000,27827
0,3214,32140000,32140100,51,126,32150000,27834
0,3215,32150000,32150100,51,126,32160000,27841
0,3216,32160000,32160100,51,126,32170000,27855
0,3217,32170000,32170100,51,126,32180000,27862
0,3218,32180000,32180100,51,126,32190000,27869
0,3219,32190000,32190100,51,126,32200000,27877
0,322,3220000,3220100,51,126,3230000,2786
0,3220,32200000,32200100,51,126,32210000,27888
0,3221,32210000,32210100,51,126,32220000,27894
0,3222,32220000,32220100,51,126,32230000,27904
0,3223,32230000,32230100,51,126,32240000,27913
0,3224,32240000,32240100,51,126,32250000,27922
0,3225,32250000,32250100,51,126,32260000,27931
0,3226,32260000,32260100,51,126,32270000,27938
0,3227,32270000,32270100,51,126,32280000,27946
0,3228,32280000,32280100,51,126,32290000,27958
0,3229,32290000,32290100,51,126,32300000,27964
0,323,3230000,3230100,51,126,3240000,2792
0,3230,32300000,32300100,51,126,32310000,27974
0,3231,32310000,32310100,51,126,32320000,27982
0,3232,32320000,32320100,51,126,32330000,27991
0,3233,32330000,32330100,51,126,32340000,27997
0,3234,32340000,32340100,51,126,32350000,28010
0,3235,32350000,32350100,51,126,32360000,28017
0,3236,32360000,32360100,51,126,32370000,28025
0,3237,32370000,32370100,51,126,32380000,28035
0,3238,32380000,32380100,51,126,32390000,28042
0,3239,32390000,32390100,51,126,32400000,28049
0,324,3240000,3240100,51,126,3250000,2804
0,3240,32400000,32400100,51,126,32410000,28062
0,3241,32410000,32410100,51,126,32420000,28070
0,3242,32420000,32420100,51,126,32430000,28077
0,3243,32430000,32430100,51,126,32440000,28085
0,3244,32440000,32440100,51,126,32450000,28095
0,3245,32450000,32450100,51,126,32460000,28103
0,3246,32460000,32460100,51,126,32470000,28113
0,3247,32470000,32470100,51,126,32480000,28119
0,3248,32480000,32480100,51,126,32490000,28130
0,3249,32490000,32490100,51,126,32500000,28138
0,325,3250000,3250100,51,126,3260000,2813
0,3250,32500000,32500100,51,126,32510000,28147
0,3251,32510000,32510100,51,126,32520000,28155
0,3252,32520000,32520100,51,126,32530000,28166
0,3253,32530000,32530100,51,126,32540000,28172
0,3254,32540000,32540100,51,126,32550000,28179
0,3255,32550000,32550100,51,126,32560000,28190
0,3256,32560000,32560100,51,126,32570000,28200
0,3257,32570000,32570100,51,126,32580000,28206
0,3258,32580000,32580100,51,126,32590000,28218
0,3259,32590000,32590100,51,126,32600000,28224
0,326,3260000,3260100,51,126,3270000,2820
0,3260,32600000,32600100,51,126,32610000,28233
0,3261,32610000,32610100,51,126,32620000,28242
0,3262,32620000,32620100,51,126,32630000,28251
0,3263,32630000,32630100,51,126,32640000,28257
0,3264,32640000,32640100,51,126,32650000,28269
0,3265,32650000,32650100,51,126,32660000,28278
0,3266,32660000,32660100,51,126,32670000,28285
0,3267,32670000,32670100,51,126,32680000,28294
0,3268,32680000,32680100,51,126,32690000,28302
0,3269,32690000,32690100,51,126,32700000,28310
0,327,3270000,3270100,51,126,3280000,2828
0,3270,32700000,32700100,51,126,32710000,28321
0,3271,32710000,32710100,51,126,32720000,28327
0,3272,32720000,32720100,51,126,32730000,28339
0,3273,32730000,32730100,51,126,32740000,28347
0,3274,32740000,32740100,51,126,32750000,28354
0,3275,32750000,32750100,51,126,32760000,28361
0,3276,32760000,32760100,51,126,32770000,28374
0,3277,32770000,32770100,51,126,32780000,28380
0,3278,32780000,32780100,51,126,32790000,28388
0,3279,32790000,32790100,51,126,32800000,28398
0,328,3280000,3280100,51,126,3290000,2837
0,3280,32800000,32800100,51,126,32810000,28408
0,3281,32810000,32810100,51,126,32820000,28414
0,3282,32820000,32820100,51,126,32830000,28424
0,3283,32830000,32830100,51,126,32840000,28433
0,3284,32840000,32840100,51,126,32850000,28441
0,3285,32850000,32850100,51,126,32860000,28450
0,3286,32860000,32860100,51,126,32870000,28459
0,3287,32870000,32870100,51,126,32880000,28465
0,3288,32880000,32880100,51,126,32890000,28477
0,3289,32890000,32890100,51,126,32900000,28484
0,329,3290000,3290100,51,126,3300000,2845
0,3290,32900000,32900100,51,126,32910000,28494
0,3291,32910000,32910100,51,126,32920000,28502
0,3292,32920000,32920100,51,126,32930000,28510
0,3293,32930000,32930100,51,126,32940000,28518
0,3294,32940000,32940100,51,126,32950000,28529
0,3295,32950000,32950100,51,126,32960000,28536
0,3296,32960000,32960100,51,126,32970000,28545
0,3297,32970000,32970100,51,126,32980000,28555
0,3298,32980000,32980100,51,126,32990000,28562
0,3299,32990000,32990100,51,126,33000000,28568
0,33,330000,330100,51,126,340000,283
0,330,3300000,3300100,51,126,3310000,2857
0,3300,33000000,33000100,51,126,33010000,28583
0,3301,33010000,33010100,51,126,33020000,28589
0,3302,33020000,33020100,51,126,33030000,28596
0,3303,33030000,33030100,51,126,33040000,28604
0,3304,33040000,33040100,51,126,33050000,28615
0,3305,33050000,33050100,51,126,33060000,28623
0,3306,33060000,33060100,51,126,33070000,28633
0,3307,33070000,33070100,51,126,33080000,28641
0,3308,33080000,33080100,51,126,33090000,28649
0,3309,33090000,33090100,51,126,33100000,28657
0,331,3310000,3310100,51,126,3320000,2863
0,3310,33100000,33100100,51,126,33110000,28665
0,3311,33110000,33110100,51,126,33120000,28674
0,3312,33120000,33120100,51,126,33130000,28686
0,3313,33130000,33130100,51,126,33140000,28692
0,3314,33140000,33140100,51,126,33150000,28701
0,3315,33150000,33150100,51,126,33160000,28710
0,3316,33160000,33160100,51,126,33170000,28719
0,3317,33170000,33170100,51,126,33180000,28725
0,3318,33180000,33180100,51,126,33190000,28737
0,3319,33190000,33190100,51,126,33200000,28743
0,332,3320000,3320100,51,126,3330000,2873
0,3320,33200000,33200100,51,126,33210000,28753
0,3321,33210000,33210100,51,126,33220000,28763
0,3322,33220000,33220100,51,126,33230000,28771
0,3323,33230000,33230100,51,126,33240000,28777
0,3324,33240000,33240100,51,126,33250000,28788
0,3325,33250000,33250100,51,126,33260000,28797
0,3326,33260000,33260100,51,126,33270000,28804
0,3327,33270000,33270100,51,126,33280000,28813
0,3328,33280000,33280100,51,126,33290000,28824
0,3329,33290000,33290100,51,126,33300000,28830
0,333,3330000,3330100,51,126,3340000,2881
0,3330,33300000,33300100,51,126,33310000,28841
0,3331,33310000,33310100,51,126,33320000,28847
0,3332,33320000,33320100,51,126,33330000,28857
0,3333,33330000,33330100,51,126,33340000,28866
0,3334,33340000,33340100,51,126,33350000,28873
0,3335,33350000,33350100,51,126,33360000,28882
0,3336,33360000,33360100,51,126,33370000,28894
0,3337,33370000,33370100,51,126,33380000,28900
0,3338,33380000,33380100,51,126,33390000,28908
0,3339,33390000,33390100,51,126,33400000,28918
0,334,3340000,3340100,51,126,3350000,2888
0,3340,33400000,33400100,51,126,33410000,28927
0,3341,33410000,33410100,51,126,33420000,28933
0,3342,33420000,33420100,51,126,33430000,28945
0,3343,33430000,33430100,51,126,33440000,28951
0,3344,33440000,33440100,51,126,33450000,28961
0,3345,33450000,33450100,51,126,33460000,28970
0,3346,33460000,33460100,51,126,33470000,28979
0,3347,33470000,33470100,51,126,33480000,28985
0,3348,33480000,33480100,51,126,33490000,28996
0,3349,33490000,33490100,51,126,33500000,29005
0,335,3350000,3350100,51,126,3360000,2896
0,3350,33500000,33500100,51,126,33510000,29013
0,3351,33510000,33510100,51,126,33520000,29021
0,3352,33520000,33520100,51,126,33530000,29030
0,3353,33530000,33530100,51,126,33540000,29038
0,3354,33540000,33540100,51,126,33550000,29048
0,3355,33550000,33550100,51,126,33560000,29056
0,3356,33560000,33560100,51,126,33570000,29066
0,3357,33570000,33570100,51,126,33580000,29074
0,3358,33580000,33580100,51,126,33590000,29081
0,3359,33590000,33590100,51,126,33600000,29087
0,336,3360000,3360100,51,126,3370000,2910
0,3360,33600000,33600100,51,126,33610000,29103
0,3361,33610000,33610100,51,126,33620000,29109
0,3362,33620000,33620100,51,126,33630000,29116
0,3363,33630000,33630100,51,126,33640000,29126
0,3364,33640000,33640100,51,126,33650000,29134
0,3365,33650000,33650100,51,126,33660000,29141
0,3366,33660000,33660100,51,126,33670000,29152
0,3367,33670000,33670100,51,126,33680000,29160
0,3368,33680000,33680100,51,126,33690000,29169
0,3369,33690000,33690100,51,126,33700000,29177
0,337,3370000,3370100,51,126,3380000,2916
0,3370,33700000,33700100,51,126,33710000,29187
0,3371,33710000,33710100,51,126,33720000,29194
0,3372,33720000,33720100,51,126,33730000,29205
0,3373,33730000,33730100,51,126,33740000,29211
0,3374,33740000,33740100,51,126,33750000,29220
0,3375,33750000,33750100,51,126,33760000,29229
0,3376,33760000,33760100,51,126,33770000,29238
0,3377,33770000,33770100,51,126,33780000,29247
0,3378,33780000,33780100,51,126,33790000,29257
0,3379,33790000,33790100,51,126,33800000,29263
0,338,3380000,3380100,51,126,3390000,2923
0,3380,33800000,33800100,51,126,33810000,29272
0,3381,33810000,33810100,51,126,33820000,29282
0,3382,33820000,33820100,51,126,33830000,29290
0,3383,33830000,33830100,51,126,33840000,29296
0,3384,33840000,33840100,51,126,33850000,29310
0,3385,33850000,33850100,51,126,33860000,29317
0,3386,33860000,33860100,51,126,33870000,29324
0,3387,33870000,33870100,51,126,33880000,29332
0,3388,33880000,33880100,51,126,33890000,29343
0,3389,33890000,33890100,51,126,33900000,29349
0,339,3390000,3390100,51,126,3400000,2933
0,3390,33900000,33900100,51,126,33910000,29360
0,3391,33910000,33910100,51,126,33920000,29368
0,3392,33920000,33920100,51,126,33930000,29377
0,3393,33930000,33930100,51,126,33940000,29386
0,3394,33940000,33940100,51,126,33950000,29393
0,3395,33950000,33950100,51,126,33960000,29402
0,3396,33960000,33960100,51,126,33970000,29413
0,3397,33970000,33970100,51,126,33980000,29419
0,3398,33980000,33980100,51,126,33990000,29428
0,3399,33990000,33990100,51,126,34000000,29437
0,34,340000,340100,51,126,350000,290
0,340,3400000,3400100,51,126,3410000,2942
0,3400,34000000,34000100,51,126,34010000,29447
0,3401,34010000,34010100,51,126,34020000,29453
0,3402,34020000,34020100,51,126,34030000,29465
0,3403,34030000,34030100,51,126,34040000,29471
0,3404,34040000,34040100,51,126,34050000,29480
0,3405,34050000,34050100,51,126,34060000,29491
0,3406,34060000,34060100,51,126,34070000,29498
0,3407,34070000,34070100,51,126,34080000,29504
0,3408,34080000,34080100,51,126,34090000,29516
0,3409,34090000,34090100,51,126,34100000,29524
0,341,3410000,3410100,51,126,3420000,2949
0,3410,34100000,34100100,51,126,34110000,29533
0,3411,34110000,34110100,51,126,34120000,29541
0,3412,34120000,34120100,51,126,34130000,29551
0,3413,34130000,34130100,51,126,34140000,29557
0,3414,34140000,34140100,51,126,34150000,29567
0,3415,34150000,34150100,51,126,34160000,29575
0,3416,34160000,34160100,51,126,34170000,29586
0,3417,34170000,34170100,51,126,34180000,29594
0,3418,34180000,34180100,51,126,34190000,29601
0,3419,34190000,34190100,51,126,34200000,29609
0,342,3420000,3420100,51,126,3430000,2959
0,3420,34200000,34200100,51,126,34210000,29621
0,3421,34210000,34210100,51,126,34220000,29628
0,3422,34220000,34220100,51,126,34230000,29635
0,3423,34230000,34230100,51,126,34240000,29645
0,3424,34240000,34240100,51,126,34250000,29654
0,3425,34250000,34250100,51,126,34260000,29661
0,3426,34260000,34260100,51,126,34270000,29674
0,3427,34270000,34270100,51,126,34280000,29680
0,3428,34280000,34280100,51,126,34290000,29688
0,3429,34290000,34290100,51,126,34300000,29696
0,343,3430000,3430100,51,126,3440000,2967
0,3430,34300000,34300100,51,126,34310000,29706
0,3431,34310000,34310100,51,126,34320000,29712
0,3432,34320000,34320100,51,126,34330000,29725
0,3433,34330000,34330100,51,126,34340000,29733
0,3434,34340000,34340100,51,126,34350000,29740
0,3435,34350000,34350100,51,126,34360000,29749
0,3436,34360000,34360100,51,126,34370000,29757
0,3437,34370000,34370100,51,126,34380000,29766
0,3438,34380000,34380100,51,126,34390000,29776
0,3439,34390000,34390100,51,126,34400000,29782
0,344,3440000,3440100,51,126,3450000,2976
0,3440,34400000,34400100,51,126,34410000,29794
0,3441,34410000,34410100,51,126,34420000,29802
0,3442,34420000,34420100,51,126,34430000,29809
0,3443,34430000,34430100,51,126,34440000,29816
0,3444,34440000,34440100,51,126,34450000,29829
0,3445,34450000,34450100,51,126,34460000,29836
0,3446,34460000,34460100,51,126,34470000,29843
0,3447,34470000,34470100,51,126,34480000,29853
0,3448,34480000,34480100,51,126,34490000,29863
0,3449,34490000,34490100,51,126,34500000,29869
0,345,3450000,3450100,51,126,3460000,2985
0,3450,34500000,34500100,51,126,34510000,29880
0,3451,34510000,34510100,51,126,34520000,29888
0,3452,34520000,34520100,51,126,34530000,29896
0,3453,34530000,34530100,51,126,34540000,29904
0,3454,34540000,34540100,51,126,34550000,29914
0,3455,34550000,34550100,51,126,34560000,29921
0,3456,34560000,34560100,51,126,34570000,29933
0,3457,34570000,34570100,51,126,34580000,29939
0,3458,34580000,34580100,51,126,34590000,29948
0,3459,34590000,34590100,51,126,34600000,29957
0,346,3460000,3460100,51,126,3470000,2995
0,3460,34600000,34600100,51,126,34610000,29966
0,3461,34610000,34610100,51,126,34620000,29974
0,3462,34620000,34620100,51,126,34630000,29984
0,3463,34630000,34630100,51,126,34640000,29990
0,3464,34640000,34640100,51,126,34650000,29999
0,3465,34650000,34650100,51,126,34660000,30011
0,3466,34660000,34660100,51,126,34670000,30018
0,3467,34670000,34670100,51,126,34680000,30024
0,3468,34680000,34680100,51,126,34690000,30037
0,3469,34690000,34690100,51,126,34700000,30043
0,347,3470000,3470100,51,126,3480000,3001
0,3470,34700000,34700100,51,126,34710000,30052
0,3471,34710000,34710100,51,126,34720000,30060
0,3472,34720000,34720100,51,126,34730000,30071
0,3473,34730000,34730100,51,126,34740000,30077
0,3474,34740000,34740100,51,126,34750000,30087
0,3475,34750000,34750100,51,126,34760000,30096
0,3476,34760000,34760100,51,126,34770000,30105
0,3477,34770000,34770100,51,126,34780000,30113
0,3478,34780000,34780100,51,126,34790000,30120
0,3479,34790000,34790100,51,126,34800000,30128
0,348,3480000,3480100,51,126,3490000,3012
0,3480,34800000,34800100,51,126,34810000,30141
0,3481,34810000,34810100,51,126,34820000,30148
0,3482,34820000,34820100,51,126,34830000,30157
0,3483,34830000,34830100,51,126,34840000,30165
0,3484,34840000,34840100,51,126,34850000,30173
0,3485,34850000,34850100,51,126,34860000,30180
0,3486,34860000,34860100,51,126,34870000,30192
0,3487,34870000,34870100,51,126,34880000,30199
0,3488,34880000,34880100,51,126,34890000,30208
0,3489,34890000,34890100,51,126,34900000,30218
0,349,3490000,3490100,51,126,3500000,3018
0,3490,34900000,34900100,51,126,34910000,30226
0,3491,34910000,34910100,51,126,34920000,30232
0,3492,34920000,34920100,51,126,34930000,30244
0,3493,34930000,34930100,51,126,34940000,30252
0,3494,34940000,34940100,51,126,34950000,30259
0,3495,34950000,34950100,51,126,34960000,30268
0,3496,34960000,34960100,51,126,34970000,30279
0,3497,34970000,34970100,51,126,34980000,30285
0,3498,34980000,34980100,51,126,34990000,30296
0,3499,34990000,34990100,51,126,35000000,30302
0,35,350000,350100,51,126,360000,299
0,350,3500000,3500100,51,126,3510000,3028
0,3500,35000000,35000100,51,126,35010000,30313
0,3501,35010000,35010100,51,126,35020000,30321
0,3502,35020000,35020100,51,126,35030000,30328
0,3503,35030000,35030100,51,126,35040000,30337
0,3504,35040000,35040100,51,126,35050000,30349
0,3505,35050000,35050100,51,126,35060000,30356
0,3506,35060000,35060100,51,126,35070000,30363
0,3507,35070000,35070100,51,126,35080000,30373
0,3508,35080000,35080100,51,126,35090000,30381
0,3509,35090000,35090100,51,126,35100000,30388
0,351,3510000,3510100,51,126,3520000,3036
0,3510,35100000,35100100,51,126,35110000,30401
0,3511,35110000,35110100,51,126,35120000,30407
0,3512,35120000,35120100,51,126,35130000,30416
0,3513,35130000,35130100,51,126,35140000,30424
0,3514,35140000,35140100,51,126,35150000,30434
0,3515,35150000,35150100,51,126,35160000,30441
0,3516,35160000,35160100,51,126,35170000,30452
0,3517,35170000,35170100,51,126,35180000,30460
0,3518,35180000,35180100,51,126,35190000,30467
0,3519,35190000,35190100,51,126,35200000,30475
0,352,3520000,3520100,51,126,3530000,3046
0,3520,35200000,35200100,51,126,35210000,30486
0,3521,35210000,35210100,51,126,35220000,30494
0,3522,35220000,35220100,51,126,35230000,30504
0,3523,35230000,35230100,51,126,35240000,30510
0,3524,35240000,35240100,51,126,35250000,30520
0,3525,35250000,35250100,51,126,35260000,30530
0,3526,35260000,35260100,51,126,35270000,30537
0,3527,35270000,35270100,51,126,35280000,30543
0,3528,35280000,35280100,51,126,35290000,30557
0,3529,35290000,35290100,51,126,35300000,30563
0,353,3530000,3530100,51,126,3540000,3054
0,3530,35300000,35300100,51,126,35310000,30571
0,3531,35310000,35310100,51,126,35320000,30582
0,3532,35320000,35320100,51,126,35330000,30590
0,3533,35330000,35330100,51,126,35340000,30596
0,3534,35340000,35340100,51,126,35350000,30606
0,3535,35350000,35350100,51,126,35360000,30615
0,3536,35360000,35360100,51,126,35370000,30625
0,3537,35370000,35370100,51,126,35380000,30633
0,3538,35380000,35380100,51,126,35390000,30642
0,3539,35390000,35390100,51,126,35400000,30648
0,354,3540000,3540100,51,126,3550000,3064
0,3540,35400000,35400100,51,126,35410000,30660
0,3541,35410000,35410100,51,126,35420000,30666
0,3542,35420000,35420100,51,126,35430000,30676
0,3543,35430000,35430100,51,126,35440000,30684
0,3544,35440000,35440100,51,126,35450000,30693
0,3545,35450000,35450100,51,126,35460000,30702
0,3546,35460000,35460100,51,126,35470000,30712
0,3547,35470000,35470100,51,126,35480000,30719
0,3548,35480000,35480100,51,126,35490000,30727
0,3549,35490000,35490100,51,126,35500000,30737
0,355,3550000,3550100,51,126,3560000,3071
0,3550,35500000,35500100,51,126,35510000,30745
0,3551,35510000,35510100,51,126,35520000,30751
0,3552,35520000,35520100,51,126,35530000,30765
0,3553,35530000,35530100,51,126,35540000,30772
0,3554,35540000,35540100,51,126,35550000,30779
0,3555,35550000,35550100,51,126,35560000,30788
0,3556,35560000,35560100,51,126,35570000,30798
0,3557,35570000,35570100,51,126,35580000,30804
0,3558,35580000,35580100,51,126,35590000,30815
0,3559,35590000,35590100,51,126,35600000,30823
0,356,3560000,3560100,51,126,3570000,3079
0,3560,35600000,35600100,51,126,35610000,30833
0,3561,35610000,35610100,51,126,35620000,30841
0,3562,35620000,35620100,51,126,35630000,30848
0,3563,35630000,35630100,51,126,35640000,30856
0,3564,35640000,35640100,51,126,35650000,30868
0,3565,35650000,35650100,51,126,35660000,30875
0,3566,35660000,35660100,51,126,35670000,30884
0,3567,35670000,35670100,51,126,35680000,30892
0,3568,35680000,35680100,51,126,35690000,30901
0,3569,35690000,35690100,51,126,35700000,30908
0,357,3570000,3570100,51,126,3580000,3090
0,3570,35700000,35700100,51,126,35710000,30921
0,3571,35710000,35710100,51,126,35720000,30927
0,3572,35720000,35720100,51,126,35730000,30935
0,3573,35730000,35730100,51,126,35740000,30945
0,3574,35740000,35740100,51,126,35750000,30952
0,3575,35750000,35750100,51,126,35760000,30960
0,3576,35760000,35760100,51,126,35770000,30972
0,3577,35770000,35770100,51,126,35780000,30980
0,3578,35780000,35780100,51,126,35790000,30987
0,3579,35790000,35790100,51,126,35800000,30995
0,358,3580000,3580100,51,126,3590000,3097
0,3580,35800000,35800100,51,126,35810000,31007
0,3581,35810000,35810100,51,126,35820000,31013
0,3582,35820000,35820100,51,126,35830000,31023
0,3583,35830000,35830100,51,126,35840000,31029
0,3584,35840000,35840100,51,126,35850000,31040
0,3585,35850000,35850100,51,126,35860000,31049
0,3586,35860000,35860100,51,126,35870000,31057
0,3587,35870000,35870100,51,126,35880000,31065
0,3588,35880000,35880100,51,126,35890000,31076
0,3589,35890000,35890100,51,126,35900000,31082
0,359,3590000,3590100,51,126,3600000,3103
0,3590,35900000,35900100,51,126,35910000,31090
0,3591,35910000,35910100,51,126,35920000,31101
0,3592,35920000,35920100,51,126,35930000,31110
0,3593,35930000,35930100,51,126,35940000,31116
0,3594,35940000,35940100,51,126,35950000,31128
0,3595,35950000,35950100,51,126,35960000,31135
0,3596,35960000,35960100,51,126,35970000,31143
0,3597,35970000,35970100,51,126,35980000,31152
0,3598,35980000,35980100,51,126,35990000,31161
0,3599,35990000,35990100,51,126,36000000,31167
0,36,360000,360100,51,126,370000,310
0,360,3600000,3600100,51,126,3610000,3118
0,3600,36000000,36000100,51,126,36010000,31180
0,3601,36010000,36010100,51,126,36020000,31188
0,3602,36020000,36020100,51,126,36030000,31196
0,3603,36030000,36030100,51,126,36040000,31204
0,3604,36040000,36040100,51,126,36050000,31212
0,3605,36050000,36050100,51,126,36060000,31221
0,3606,36060000,36060100,51,126,36070000,31231
0,3607,36070000,36070100,51,126,36080000,31237
0,3608,36080000,36080100,51,126,36090000,31249
0,3609,36090000,36090100,51,126,36100000,31257
0,361,3610000,3610100,51,126,3620000,3124
0,3610,36100000,36100100,51,126,36110000,31265
0,3611,36110000,36110100,51,126,36120000,31271
0,3612,36120000,36120100,51,126,36130000,31284
0,3613,36130000,36130100,51,126,36140000,31291
0,3614,36140000,36140100,51,126,36150000,31298
0,3615,36150000,36150100,51,126,36160000,31309
0,3616,36160000,36160100,51,126,36170000,31318
0,3617,36170000,36170100,51,126,36180000,31324
0,3618,36180000,36180100,51,126,36190000,31334
0,3619,36190000,36190100,51,126,36200000,31343
0,362,3620000,3620100,51,126,3630000,3131
0,3620,36200000,36200100,51,126,36210000,31352
0,3621,36210000,36210100,51,126,36220000,31360
0,3622,36220000,36220100,51,126,36230000,31369
0,3623,36230000,36230100,51,126,36240000,31375
0,3624,36240000,36240100,51,126,36250000,31388
0,3625,36250000,36250100,51,126,36260000,31395
0,3626,36260000,36260100,51,126,36270000,31404
0,3627,36270000,36270100,51,126,36280000,31412
0,3628,36280000,36280100,51,126,36290000,31420
0,3629,36290000,36290100,51,126,36300000,31428
0,363,3630000,3630100,51,126,3640000,3140
0,3630,36300000,36300100,51,126,36310000,31440
0,3631,36310000,36310100,51,126,36320000,31446
0,3632,36320000,36320100,51,126,36330000,31455
0,3633,36330000,36330100,51,126,36340000,31465
0,3634,36340000,36340100,51,126,36350000,31472
0,3635,36350000,36350100,51,126,36360000,31480
0,3636,36360000,36360100,51,126,36370000,31493
0,3637,36370000,36370100,51,126,36380000,31499
0,3638,36380000,36380100,51,126,36390000,31506
0,3639,36390000,36390100,51,126,36400000,31514
0,364,3640000,3640100,51,126,3650000,3150
0,3640,36400000,36400100,51,126,36410000,31526
0,3641,36410000,36410100,51,126,36420000,31533
0,3642,36420000,36420100,51,126,36430000,31543
0,3643,36430000,36430100,51,126,36440000,31551
0,3644,36440000,36440100,51,126,36450000,31559
0,3645,36450000,36450100,51,126,36460000,31568
0,3646,36460000,36460100,51,126,36470000,31576
0,3647,36470000,36470100,51,126,36480000,31584
0,3648,36480000,36480100,51,126,36490000,31596
0,3649,36490000,36490100,51,126,36500000,31602
0,365,3650000,3650100,51,126,3660000,3157
0,3650,36500000,36500100,51,126,36510000,31612
0,3651,36510000,36510100,51,126,36520000,31620
0,3652,36520000,36520100,51,126,36530000,31629
0,3653,36530000,36530100,51,126,36540000,31635
0,3654,36540000,36540100,51,126,36550000,31647
0,3655,36550000,36550100,51,126,36560000,31654
0,3656,36560000,36560100,51,126,36570000,31663
0,3657,36570000,36570100,51,126,36580000,31674
0,3658,36580000,36580100,51,126,36590000,31681
0,3659,36590000,36590100,51,126,36600000,31687
0,366,3660000,3660100,51,126,3670000,3167
0,3660,36600000,36600100,51,126,36610000,31699
0,3661,36610000,36610100,51,126,36620000,31707
0,3662,36620000,36620100,51,126,36630000,31714
0,3663,36630000,36630100,51,126,36640000,31723
0,3664,36640000,36640100,51,126,36650000,31734
0,3665,36650000,36650100,51,126,36660000,31741
0,3666,36660000,36660100,51,126,36670000,31751
0,3667,36670000,36670100,51,126,36680000,31757
0,3668,36680000,36680100,51,126,36690000,31768
0,3669,36690000,36690100,51,126,36700000,31776
0,367,3670000,3670100,51,126,3680000,3175
0,3670,36700000,36700100,51,126,36710000,31784
0,3671,36710000,36710100,51,126,36720000,31792
0,3672,36720000,36720100,51,126,36730000,31804
0,3673,36730000,36730100,51,126,36740000,31810
0,3674,36740000,36740100,51,126,36750000,31818
0,3675,36750000,36750100,51,126,36760000,31829
0,3676,36760000,36760100,51,126,36770000,31837
0,3677,36770000,36770100,51,126,36780000,31843
0,3678,36780000,36780100,51,126,36790000,31855
0,3679,36790000,36790100,51,126,36800000,31862
0,368,3680000,3680100,51,126,3690000,3185
0,3680,36800000,36800100,51,126,36810000,31872
0,3681,36810000,36810100,51,126,36820000,31880
0,3682,36820000,36820100,51,126,36830000,31889
0,3683,36830000,36830100,51,126,36840000,31895
0,3684,36840000,36840100,51,126,36850000,31906
0,3685,36850000,36850100,51,126,36860000,31916
0,3686,36860000,36860100,51,126,36870000,31923
0,3687,36870000,36870100,51,126,36880000,31931
0,3688,36880000,36880100,51,126,36890000,31940
0,3689,36890000,36890100,51,126,36900000,31948
0,369,3690000,3690100,51,126,3700000,3193
0,3690,36900000,36900100,51,126,36910000,31960
0,3691,36910000,36910100,51,126,36920000,31966
0,3692,36920000,36920100,51,126,36930000,31976
0,3693,36930000,36930100,51,126,36940000,31984
0,3694,36940000,36940100,51,126,36950000,31991
0,3695,36950000,36950100,51,126,36960000,31998
0,3696,36960000,36960100,51,126,36970000,32013
0,3697,36970000,36970100,51,126,36980000,32019
0,3698,36980000,36980100,51,126,36990000,32026
0,3699,36990000,36990100,51,126,37000000,32036
0,37,370000,370100,51,126,380000,316
0,370,3700000,3700100,51,126,3710000,3201
0,3700,37000000,37000100,51,126,37010000,32045
0,3701,37010000,37010100,51,126,37020000,32052
0,3702,37020000,37020100,51,126,37030000,32062
0,3703,37030000,37030100,51,126,37040000,32070
0,3704,37040000,37040100,51,126,37050000,32079
0,3705,37050000,37050100,51,126,37060000,32088
0,3706,37060000,37060100,51,126,37070000,32097
0,3707,37070000,37070100,51,126,37080000,32104
0,3708,37080000,37080100,51,126,37090000,32115
0,3709,37090000,37090100,51,126,37100000,32121
0,371,3710000,3710100,51,126,3720000,3209
0,3710,37100000,37100100,51,126,37110000,32131
0,3711,37110000,37110100,51,126,37120000,32139
0,3712,37120000,37120100,51,126,37130000,32149
0,3713,37130000,37130100,51,126,37140000,32157
0,3714,37140000,37140100,51,126,37150000,32167
0,3715,37150000,37150100,51,126,37160000,32174
0,3716,37160000,37160100,51,126,37170000,32182
0,3717,37170000,37170100,51,126,37180000,32192
0,3718,37180000,37180100,51,126,37190000,32200
0,3719,37190000,37190100,51,126,37200000,32206
0,372,3720000,3720100,51,126,3730000,3220
0,3720,37200000,37200100,51,126,37210000,32221
0,3721,37210000,37210100,51,126,37220000,32227
0,3722,37220000,37220100,51,126,37230000,32234
0,3723,37230000,37230100,51,126,37240000,32243
0,3724,37240000,37240100,51,126,37250000,32253
0,3725,37250000,37250100,51,126,37260000,32260
0,3726,37260000,37260100,51,126,37270000,32270
0,3727,37270000,37270100,51,126,37280000,32278
0,3728,37280000,37280100,51,126,37290000,32287
0,3729,37290000,37290100,51,126,37300000,32296
0,373,3730000,3730100,51,126,3740000,3226
0,3730,37300000,37300100,51,126,37310000,32304
0,3731,37310000,37310100,51,126,37320000,32312
0,3732,37320000,37320100,51,126,37330000,32323
0,3733,37330000,37330100,51,126,37340000,32329
0,3734,37340000,37340100,51,126,37350000,32339
0,3735,37350000,37350100,51,126,37360000,32348
0,3736,37360000,37360100,51,126,37370000,32357
0,3737,37370000,37370100,51,126,37380000,32363
0,3738,37380000,37380100,51,126,37390000,32375
0,3739,37390000,37390100,51,126,37400000,32381
0,374,3740000,3740100,51,126,3750000,3236
0,3740,37400000,37400100,51,126,37410000,32391
0,3741,37410000,37410100,51,126,37420000,32401
0,3742,37420000,37420100,51,126,37430000,32408
0,3743,37430000,37430100,51,126,37440000,32414
0,3744,37440000,37440100,51,126,37450000,32426
0,3745,37450000,37450100,51,126,37460000,32436
0,3746,37460000,37460100,51,126,37470000,32443
0,3747,37470000,37470100,51,126,37480000,32451
0,3748,37480000,37480100,51,126,37490000,32461
0,3749,37490000,37490100,51,126,37500000,32467
0,375,3750000,3750100,51,126,3760000,3245
0,3750,37500000,37500100,51,126,37510000,32478
0,3751,37510000,37510100,51,126,37520000,32485
0,3752,37520000,37520100,51,126,37530000,32496
0,3753,37530000,37530100,51,126,37540000,32504
0,3754,37540000,37540100,51,126,37550000,32511
0,3755,37550000,37550100,51,126,37560000,32520
0,3756,37560000,37560100,51,126,37570000,32532
0,3757,37570000,37570100,51,126,37580000,32538
0,3758,37580000,37580100,51,126,37590000,32545
0,3759,37590000,37590100,51,126,37600000,32555
0,376,3760000,3760100,51,126,3770000,3254
0,3760,37600000,37600100,51,126,37610000,32565
0,3761,37610000,37610100,51,126,37620000,32571
0,3762,37620000,37620100,51,126,37630000,32584
0,3763,37630000,37630100,51,126,37640000,32590
0,3764,37640000,37640100,51,126,37650000,32598
0,3765,37650000,37650100,51,126,37660000,32607
0,3766,37660000,37660100,51,126,37670000,32616
0,3767,37670000,37670100,51,126,37680000,32623
0,3768,37680000,37680100,51,126,37690000,32635
0,3769,37690000,37690100,51,126,37700000,32643
0,377,3770000,3770100,51,126,3780000,3260
0,3770,37700000,37700100,51,126,37710000,32651
0,3771,37710000,37710100,51,126,37720000,32659
0,3772,37720000,37720100,51,126,37730000,32667
0,3773,37730000,37730100,51,126,37740000,32676
0,3774,37740000,37740100,51,126,37750000,32686
0,3775,37750000,37750100,51,126,37760000,32693
0,3776,37760000,37760100,51,126,37770000,32704
0,3777,37770000,37770100,51,126,37780000,32712
0,3778,37780000,37780100,51,126,37790000,32720
0,3779,37790000,37790100,51,126,37800000,32726
0,378,3780000,3780100,51,126,3790000,3272
0,3780,37800000,37800100,51,126,37810000,32740
0,3781,37810000,37810100,51,126,37820000,32746
0,3782,37820000,37820100,51,126,37830000,32753
0,3783,37830000,37830100,51,126,37840000,32763
0,3784,37840000,37840100,51,126,37850000,32773
0,3785,37850000,37850100,51,126,37860000,32780
0,3786,37860000,37860100,51,126,37870000,32790
0,3787,37870000,37870100,51,126,37880000,32798
0,3788,37880000,37880100,51,126,37890000,32806
0,3789,37890000,37890100,51,126,37900000,32815
0,379,3790000,3790100,51,126,3800000,3279
0,3790,37900000,37900100,51,126,37910000,32825
0,3791,37910000,37910100,51,126,37920000,32831
0,3792,37920000,37920100,51,126,37930000,32843
0,3793,37930000,37930100,51,126,37940000,32849
0,3794,37940000,37940100,51,126,37950000,32858
0,3795,37950000,37950100,51,126,37960000,32868
0,3796,37960000,37960100,51,126,37970000,32876
0,3797,37970000,37970100,51,126,37980000,32884
0,3798,37980000,37980100,51,126,37990000,32894
0,3799,37990000,37990100,51,126,38000000,32900
0,38,380000,380100,51,126,390000,326
0,380,3800000,3800100,51,126,3810000,3288
0,3800,38000000,38000100,51,126,38010000,32911
0,3801,38010000,38010100,51,126,38020000,32921
0,3802,38020000,38020100,51,126,38030000,32928
0,3803,38030000,38030100,51,126,38040000,32934
0,3804,38040000,38040100,51,126,38050000,32947
0,3805,38050000,38050100,51,126,38060000,32954
0,3806,38060000,38060100,51,126,38070000,32962
0,3807,38070000,38070100,51,126,38080000,32970
0,3808,38080000,38080100,51,126,38090000,32981
0,3809,38090000,38090100,51,126,38100000,32987
0,381,3810000,3810100,51,126,3820000,3298
0,3810,38100000,38100100,51,126,38110000,32998
0,3811,38110000,38110100,51,126,38120000,33007
0,3812,38120000,38120100,51,126,38130000,33015
0,3813,38130000,38130100,51,126,38140000,33023
0,3814,38140000,38140100,51,126,38150000,33030
0,3815,38150000,38150100,51,126,38160000,33039
0,3816,38160000,38160100,51,126,38170000,33051
0,3817,38170000,38170100,51,126,38180000,33058
0,3818,38180000,38180100,51,126,38190000,33067
0,3819,38190000,38190100,51,126,38200000,33075
0,382,3820000,3820100,51,126,3830000,3305
0,3820,38200000,38200100,51,126,38210000,33084
0,3821,38210000,38210100,51,126,38220000,33090
0,3822,38220000,38220100,51,126,38230000,33103
0,3823,38230000,38230100,51,126,38240000,33109
0,3824,38240000,38240100,51,126,38250000,33118
0,3825,38250000,38250100,51,126,38260000,33129
0,3826,38260000,38260100,51,126,38270000,33136
0,3827,38270000,38270100,51,126,38280000,33142
0,3828,38280000,38280100,51,126,38290000,33154
0,3829,38290000,38290100,51,126,38300000,33162
0,383,3830000,3830100,51,126,3840000,3311
0,3830,38300000,38300100,51,126,38310000,33170
0,3831,38310000,38310100,51,126,38320000,33178
0,3832,38320000,38320100,51,126,38330000,33189
0,3833,38330000,38330100,51,126,38340000,33196
0,3834,38340000,38340100,51,126,38350000,33206
0,3835,38350000,38350100,51,126,38360000,33213
0,3836,38360000,38360100,51,126,38370000,33223
0,3837,38370000,38370100,51,126,38380000,33231
0,3838,38380000,38380100,51,126,38390000,33238
0,3839,38390000,38390100,51,126,38400000,33247
0,384,3840000,3840100,51,126,3850000,3323
0,3840,38400000,38400100,51,126,38410000,33260
0,3841,38410000,38410100,51,126,38420000,33266
0,3842,38420000,38420100,51,126,38430000,33273
0,3843,38430000,38430100,51,126,38440000,33283
0,3844,38440000,38440100,51,126,38450000,33292
0,3845,38450000,38450100,51,126,38460000,33299
0,3846,38460000,38460100,51,126,38470000,33311
0,3847,38470000,38470100,51,126,38480000,33317
0,3848,38480000,38480100,51,126,38490000,33326
0,3849,38490000,38490100,51,126,38500000,33334
0,385,3850000,3850100,51,126,3860000,3333
0,3850,38500000,38500100,51,126,38510000,33345
0,3851,38510000,38510100,51,126,38520000,33351
0,3852,38520000,38520100,51,126,38530000,33362
0,3853,38530000,38530100,51,126,38540000,33370
0,3854,38540000,38540100,51,126,38550000,33377
0,3855,38550000,38550100,51,126,38560000,33387
0,3856,38560000,38560100,51,126,38570000,33396
0,3857,38570000,38570100,51,126,38580000,33404
0,3858,38580000,38580100,51,126,38590000,33414
0,3859,38590000,38590100,51,126,38600000,33420
0,386,3860000,3860100,51,126,3870000,3340
0,3860,38600000,38600100,51,126,38610000,33431
0,3861,38610000,38610100,51,126,38620000,33440
0,3862,38620000,38620100,51,126,38630000,33447
0,3863,38630000,38630100,51,126,38640000,33453
0,3864,38640000,38640100,51,126,38650000,33467
0,3865,38650000,38650100,51,126,38660000,33474
0,3866,38660000,38660100,51,126,38670000,33482
0,3867,38670000,38670100,51,126,38680000,33492
0,3868,38680000,38680100,51,126,38690000,33500
0,3869,38690000,38690100,51,126,38700000,33506
0,387,3870000,3870100,51,126,3880000,3348
0,3870,38700000,38700100,51,126,38710000,33517
0,3871,38710000,38710100,51,126,38720000,33525
0,3872,38720000,38720100,51,126,38730000,33535
0,3873,38730000,38730100,51,126,38740000,33543
0,3874,38740000,38740100,51,126,38750000,33552
0,3875,38750000,38750100,51,126,38760000,33559
0,3876,38760000,38760100,51,126,38770000,33570
0,3877,38770000,38770100,51,126,38780000,33577
0,3878,38780000,38780100,51,126,38790000,33586
0,3879,38790000,38790100,51,126,38800000,33594
0,388,3880000,3880100,51,126,3890000,3358
0,3880,38800000,38800100,51,126,38810000,33604
0,3881,38810000,38810100,51,126,38820000,33612
0,3882,38820000,38820100,51,126,38830000,33622
0,3883,38830000,38830100,51,126,38840000,33629
0,3884,38840000,38840100,51,126,38850000,33637
0,3885,38850000,38850100,51,126,38860000,33648
0,3886,38860000,38860100,51,126,38870000,33655
0,3887,38870000,38870100,51,126,38880000,33661
0,3888,38880000,38880100,51,126,38890000,33676
0,3889,38890000,38890100,51,126,38900000,33682
0,389,3890000,3890100,51,126,3900000,3364
0,3890,38900000,38900100,51,126,38910000,33690
0,3891,38910000,38910100,51,126,38920000,33698
0,3892,38920000,38920100,51,126,38930000,33708
0,3893,38930000,38930100,51,126,38940000,33714
0,3894,38940000,38940100,51,126,38950000,33725
0,3895,38950000,38950100,51,126,38960000,33734
0,3896,38960000,38960100,51,126,38970000,33743
0,3897,38970000,38970100,51,126,38980000,33751
0,3898,38980000,38980100,51,126,38990000,33758
0,3899,38990000,38990100,51,126,39000000,33767
0,39,390000,390100,51,126,400000,334
0,390,3900000,3900100,51,126,3910000,3376
0,3900,39000000,39000100,51,126,39010000,33779
0,3901,39010000,39010100,51,126,39020000,33785
0,3902,39020000,39020100,51,126,39030000,33794
0,3903,39030000,39030100,51,126,39040000,33802
0,3904,39040000,39040100,51,126,39050000,33811
0,3905,39050000,39050100,51,126,39060000,33819
0,3906,39060000,39060100,51,126,39070000,33831
0,3907,39070000,39070100,51,126,39080000,33837
0,3908,39080000,39080100,51,126,39090000,33845
0,3909,39090000,39090100,51,126,39100000,33855
0,391,3910000,3910100,51,126,3920000,3382
0,3910,39100000,39100100,51,126,39110000,33864
0,3911,39110000,39110100,51,126,39120000,33870
0,3912,39120000,39120100,51,126,39130000,33882
0,3913,39130000,39130100,51,126,39140000,33890
0,3914,39140000,39140100,51,126,39150000,33897
0,3915,39150000,39150100,51,126,39160000,33906
0,3916,39160000,39160100,51,126,39170000,33917
0,3917,39170000,39170100,51,126,39180000,33923
0,3918,39180000,39180100,51,126,39190000,33933
0,3919,39190000,39190100,51,126,39200000,33939
0,392,3920000,3920100,51,126,3930000,3393
0,3920,39200000,39200100,51,126,39210000,33951
0,3921,39210000,39210100,51,126,39220000,33960
0,3922,39220000,39220100,51,126,39230000,33967
0,3923,39230000,39230100,51,126,39240000,33975
0,3924,39240000,39240100,51,126,39250000,33986
0,3925,39250000,39250100,51,126,39260000,33993
0,3926,39260000,39260100,51,126,39270000,34000
0,3927,39270000,39270100,51,126,39280000,34011
0,3928,39280000,39280100,51,126,39290000,34020
0,3929,39290000,39290100,51,126,39300000,34026
0,393,3930000,3930100,51,126,3940000,3401
0,3930,39300000,39300100,51,126,39310000,34039
0,3931,39310000,39310100,51,126,39320000,34045
0,3932,39320000,39320100,51,126,39330000,34054
0,3933,39330000,39330100,51,126,39340000,34062
0,3934,39340000,39340100,51,126,39350000,34071
0,3935,39350000,39350100,51,126,39360000,34078
0,3936,39360000,39360100,51,126,39370000,34090
0,3937,39370000,39370100,51,126,39380000,34098
0,3938,39380000,39380100,51,126,39390000,34106
0,3939,39390000,39390100,51,126,39400000,34114
0,394,3940000,3940100,51,126,3950000,3408
0,3940,39400000,39400100,51,126,39410000,34123
0,3941,39410000,39410100,51,126,39420000,34131
0,3942,39420000,39420100,51,126,39430000,34141
0,3943,39430000,39430100,51,126,39440000,34148
0,3944,39440000,39440100,51,126,39450000,34159
0,3945,39450000,39450100,51,126,39460000,34168
0,3946,39460000,39460100,51,126,39470000,34175
0,3947,39470000,39470100,51,126,39480000,34181
0,3948,39480000,39480100,51,126,39490000,34194
0,3949,39490000,39490100,51,126,39500000,34201
0,395,3950000,3950100,51,126,3960000,3417
0,3950,39500000,39500100,51,126,39510000,34209
0,3951,39510000,39510100,51,126,39520000,34219
0,3952,39520000,39520100,51,126,39530000,34228
0,3953,39530000,39530100,51,126,39540000,34234
0,3954,39540000,39540100,51,126,39550000,34245
0,3955,39550000,39550100,51,126,39560000,34254
0,3956,39560000,39560100,51,126,39570000,34262
0,3957,39570000,39570100,51,126,39580000,34270
0,3958,39580000,39580100,51,126,39590000,34279
0,3959,39590000,39590100,51,126,39600000,34285
0,396,3960000,3960100,51,126,3970000,3429
0,3960,39600000,39600100,51,126,39610000,34299
0,3961,39610000,39610100,51,126,39620000,34305
0,3962,39620000,39620100,51,126,39630000,34314
0,3963,39630000,39630100,51,126,39640000,34322
0,3964,39640000,39640100,51,126,39650000,34330
0,3965,39650000,39650100,51,126,39660000,34340
0,3966,39660000,39660100,51,126,39670000,34350
0,3967,39670000,39670100,51,126,39680000,34356
0,3968,39680000,39680100,51,126,39690000,34365
0,3969,39690000,39690100,51,126,39700000,34375
0,397,3970000,3970100,51,126,3980000,3435
0,3970,39700000,39700100,51,126,39710000,34383
0,3971,39710000,39710100,51,126,39720000,34390
0,3972,39720000,39720100,51,126,39730000,34403
0,3973,39730000,39730100,51,126,39740000,34409
0,3974,39740000,39740100,51,126,39750000,34416
0,3975,39750000,39750100,51,126,39760000,34425
0,3976,39760000,39760100,51,126,39770000,34437
0,3977,39770000,39770100,51,126,39780000,34443
0,3978,39780000,39780100,51,126,39790000,34453
0,3979,39790000,39790100,51,126,39800000,34461
0,398,3980000,3980100,51,126,3990000,3442
0,3980,39800000,39800100,51,126,39810000,34470
0,3981,39810000,39810100,51,126,39820000,34478
0,3982,39820000,39820100,51,126,39830000,34486
0,3983,39830000,39830100,51,126,39840000,34494
0,3984,39840000,39840100,51,126,39850000,34506
0,3985,39850000,39850100,51,126,39860000,34513
0,3986,39860000,39860100,51,126,39870000,34522
0,3987,39870000,39870100,51,126,39880000,34531
0,3988,39880000,39880100,51,126,39890000,34539
0,3989,39890000,39890100,51,126,39900000,34545
0,399,3990000,3990100,51,126,4000000,3452
0,3990,39900000,39900100,51,126,39910000,34558
0,3991,39910000,39910100,51,126,39920000,34564
0,3992,39920000,39920100,51,126,39930000,34573
0,3993,39930000,39930100,51,126,39940000,34584
0,3994,39940000,39940100,51,126,39950000,34591
0,3995,39950000,39950100,51,126,39960000,34598
0,3996,39960000,39960100,51,126,39970000,34609
0,3997,39970000,39970100,51,126,39980000,34617
0,3998,39980000,39980100,51,126,39990000,34625
0,3999,39990000,39990100,51,126,40000000,34633
0,4,40000,40100,51,126,50000,31
0,40,400000,400100,51,126,410000,344
0,400,4000000,4000100,51,126,4010000,3462
0,4000,40000000,40000100,51,126,40010000,34645
0,4001,40010000,40010100,51,126,40020000,34651
0,4002,40020000,40020100,51,126,40030000,34661
0,4003,40030000,40030100,51,126,40040000,34667
0,4004,40040000,40040100,51,126,40050000,34678
0,4005,40050000,40050100,51,126,40060000,34687
0,4006,40060000,40060100,51,126,40070000,34694
0,4007,40070000,40070100,51,126,40080000,34702
0,4008,40080000,40080100,51,126,40090000,34714
0,4009,40090000,40090100,51,126,40100000,34721
0,401,4010000,4010100,51,126,4020000,3469
0,4010,40100000,40100100,51,126,40110000,34729
0,4011,40110000,40110100,51,126,40120000,34739
0,4012,40120000,40120100,51,126,40130000,34747
0,4013,40130000,40130100,51,126,40140000,34753
0,4014,40140000,40140100,51,126,40150000,34765
0,4015,40150000,40150100,51,126,40160000,34773
0,4016,40160000,40160100,51,126,40170000,34782
0,4017,40170000,40170100,51,126,40180000,34790
0,4018,40180000,40180100,51,126,40190000,34799
0,4019,40190000,40190100,51,126,40200000,34805
0,402,4020000,4020100,51,126,4030000,3481
0,4020,40200000,40200100,51,126,40210000,34818
0,4021,40210000,40210100,51,126,40220000,34826
0,4022,40220000,40220100,51,126,40230000,34833
0,4023,40230000,40230100,51,126,40240000,34841
0,4024,40240000,40240100,51,126,40250000,34850
0,4025,40250000,40250100,51,126,40260000,34859
0,4026,40260000,40260100,51,126,40270000,34870
0,4027,40270000,40270100,51,126,40280000,34876
0,4028,40280000,40280100,51,126,40290000,34886
0,4029,40290000,40290100,51,126,40300000,34894
0,403,4030000,4030100,51,126,4040000,3487
0,4030,40300000,40300100,51,126,40310000,34902
0,4031,40310000,40310100,51,126,40320000,34909
0,4032,40320000,40320100,51,126,40330000,34923
0,4033,40330000,40330100,51,126,40340000,34929
0,4034,40340000,40340100,51,126,40350000,34936
0,4035,40350000,40350100,51,126,40360000,34947
0,4036,40360000,40360100,51,126,40370000,34955
0,4037,40370000,40370100,51,126,40380000,34962
0,4038,40380000,40380100,51,126,40390000,34972
0,4039,40390000,40390100,51,126,40400000,34980
0,404,4040000,4040100,51,126,4050000,3495
0,4040,40400000,40400100,51,126,40410000,34990
0,4041,40410000,40410100,51,126,40420000,34998
0,4042,40420000,40420100,51,126,40430000,35008
0,4043,40430000,40430100,51,126,40440000,35014
0,4044,40440000,40440100,51,126,40450000,35025
0,4045,40450000,40450100,51,126,40460000,35032
0,4046,40460000,40460100,51,126,40470000,35041
0,4047,40470000,40470100,51,126,40480000,35049
0,4048,40480000,40480100,51,126,40490000,35059
0,4049,40490000,40490100,51,126,40500000,35067
0,405,4050000,4050100,51,126,4060000,3504
0,4050,40500000,40500100,51,126,40510000,35078
0,4051,40510000,40510100,51,126,40520000,35084
0,4052,40520000,40520100,51,126,40530000,35092
0,4053,40530000,40530100,51,126,40540000,35103
0,4054,40540000,40540100,51,126,40550000,35110
0,4055,40550000,40550100,51,126,40560000,35117
0,4056,40560000,40560100,51,126,40570000,35131
0,4057,40570000,40570100,51,126,40580000,35137
0,4058,40580000,40580100,51,126,40590000,35144
0,4059,40590000,40590100,51,126,40600000,35153
0,406,4060000,4060100,51,126,4070000,3513
0,4060,40600000,40600100,51,126,40610000,35164
0,4061,40610000,40610100,51,126,40620000,35170
0,4062,40620000,40620100,51,126,40630000,35180
0,4063,40630000,40630100,51,126,40640000,35188
0,4064,40640000,40640100,51,126,40650000,35198
0,4065,40650000,40650100,51,126,40660000,35207
0,4066,40660000,40660100,51,126,40670000,35214
0,4067,40670000,40670100,51,126,40680000,35222
0,4068,40680000,40680100,51,126,40690000,35233
0,4069,40690000,40690100,51,126,40700000,35239
0,407,4070000,4070100,51,126,4080000,3520
0,4070,40700000,40700100,51,126,40710000,35250
0,4071,40710000,40710100,51,126,40720000,35258
0,4072,40720000,40720100,51,126,40730000,35267
0,4073,40730000,40730100,51,126,40740000,35273
0,4074,40740000,40740100,51,126,40750000,35285
0,4075,40750000,40750100,51,126,40760000,35293
0,4076,40760000,40760100,51,126,40770000,35301
0,4077,40770000,40770100,51,126,40780000,35311
0,4078,40780000,40780100,51,126,40790000,35318
0,4079,40790000,40790100,51,126,40800000,35324
0,408,4080000,4080100,51,126,4090000,3532
0,4080,40800000,40800100,51,126,40810000,35337
0,4081,40810000,40810100,51,126,40820000,35346
0,4082,40820000,40820100,51,126,40830000,35353
0,4083,40830000,40830100,51,126,40840000,35361
0,4084,40840000,40840100,51,126,40850000,35371
0,4085,40850000,40850100,51,126,40860000,35378
0,4086,40860000,40860100,51,126,40870000,35389
0,4087,40870000,40870100,51,126,40880000,35395
0,4088,40880000,40880100,51,126,40890000,35406
0,4089,40890000,40890100,51,126,40900000,35414
0,409,4090000,4090100,51,126,4100000,3540
0,4090,40900000,40900100,51,126,40910000,35422
0,4091,40910000,40910100,51,126,40920000,35430
0,4092,40920000,40920100,51,126,40930000,35442
0,4093,40930000,40930100,51,126,40940000,35448
0,4094,40940000,40940100,51,126,40950000,35455
0,4095,40950000,40950100,51,126,40960000,35466
0,4096,40960000,40960100,51,126,40970000,35475
0,4097,40970000,40970100,51,126,40980000,35482
0,4098,40980000,40980100,51,126,40990000,35494
0,4099,40990000,40990100,51,126,41000000,35500
0,41,410000,410100,51,126,420000,350
0,410,4100000,4100100,51,126,4110000,3548
0,4100,41000000,41000100,51,126,41010000,35509
0,4101,41010000,41010100,51,126,41020000,35517
0,4102,41020000,41020100,51,126,41030000,35526
0,4103,41030000,41030100,51,126,41040000,35533
0,4104,41040000,41040100,51,126,41050000,35545
0,4105,41050000,41050100,51,126,41060000,35554
0,4106,41060000,41060100,51,126,41070000,35561
0,4107,41070000,41070100,51,126,41080000,35569
0,4108,41080000,41080100,51,126,41090000,35578
0,4109,41090000,41090100,51,126,41100000,35586
0,411,4110000,4110100,51,126,4120000,3556
0,4110,41100000,41100100,51,126,41110000,35597
0,4111,41110000,41110100,51,126,41120000,35603
0,4112,41120000,41120100,51,126,41130000,35614
0,4113,41130000,41130100,51,126,41140000,35622
0,4114,41140000,41140100,51,126,41150000,35630
0,4115,41150000,41150100,51,126,41160000,35637
0,4116,41160000,41160100,51,126,41170000,35650
0,4117,41170000,41170100,51,126,41180000,35656
0,4118,41180000,41180100,51,126,41190000,35663
0,4119,41190000,41190100,51,126,41200000,35674
0,412,4120000,4120100,51,126,4130000,3565
0,4120,41200000,41200100,51,126,41210000,35684
0,4121,41210000,41210100,51,126,41220000,35690
0,4122,41220000,41220100,51,126,41230000,35700
0,4123,41230000,41230100,51,126,41240000,35708
0,4124,41240000,41240100,51,126,41250000,35716
0,4125,41250000,41250100,51,126,41260000,35726
0,4126,41260000,41260100,51,126,41270000,35735
0,4127,41270000,41270100,51,126,41280000,35741
0,4128,41280000,41280100,51,126,41290000,35753
0,4129,41290000,41290100,51,126,41300000,35759
0,413,4130000,4130100,51,126,4140000,3573
0,4130,41300000,41300100,51,126,41310000,35770
0,4131,41310000,41310100,51,126,41320000,35778
0,4132,41320000,41320100,51,126,41330000,35786
0,4133,41330000,41330100,51,126,41340000,35794
0,4134,41340000,41340100,51,126,41350000,35804
0,4135,41350000,41350100,51,126,41360000,35811
0,4136,41360000,41360100,51,126,41370000,35821
0,4137,41370000,41370100,51,126,41380000,35831
0,4138,41380000,41380100,51,126,41390000,35838
0,4139,41390000,41390100,51,126,41400000,35844
0,414,4140000,4140100,51,126,4150000,3583
0,4140,41400000,41400100,51,126,41410000,35858
0,4141,41410000,41410100,51,126,41420000,35865
0,4142,41420000,41420100,51,126,41430000,35872
0,4143,41430000,41430100,51,126,41440000,35880
0,4144,41440000,41440100,51,126,41450000,35891
0,4145,41450000,41450100,51,126,41460000,35898
0,4146,41460000,41460100,51,126,41470000,35908
0,4147,41470000,41470100,51,126,41480000,35917
0,4148,41480000,41480100,51,126,41490000,35925
0,4149,41490000,41490100,51,126,41500000,35933
0,415,4150000,4150100,51,126,4160000,3590
0,4150,41500000,41500100,51,126,41510000,35941
0,4151,41510000,41510100,51,126,41520000,35949
0,4152,41520000,41520100,51,126,41530000,35962
0,4153,41530000,41530100,51,126,41540000,35968
0,4154,41540000,41540100,51,126,41550000,35977
0,4155,41550000,41550100,51,126,41560000,35986
0,4156,41560000,41560100,51,126,41570000,35994
0,4157,41570000,41570100,51,126,41580000,36000
0,4158,41580000,41580100,51,126,41590000,36013
0,4159,41590000,41590100,51,126,41600000,36019
0,416,4160000,4160100,51,126,4170000,3601
0,4160,41600000,41600100,51,126,41610000,36029
0,4161,41610000,41610100,51,126,41620000,36039
0,4162,41620000,41620100,51,126,41630000,36046
0,4163,41630000,41630100,51,126,41640000,36053
0,4164,41640000,41640100,51,126,41650000,36064
0,4165,41650000,41650100,51,126,41660000,36073
0,4166,41660000,41660100,51,126,41670000,36080
0,4167,41670000,41670100,51,126,41680000,36088
0,4168,41680000,41680100,51,126,41690000,36099
0,4169,41690000,41690100,51,126,41700000,36106
0,417,4170000,4170100,51,126,4180000,3609
0,4170,41700000,41700100,51,126,41710000,36117
0,4171,41710000,41710100,51,126,41720000,36123
0,4172,41720000,41720100,51,126,41730000,36133
0,4173,41730000,41730100,51,126,41740000,36141
0,4174,41740000,41740100,51,126,41750000,36149
0,4175,41750000,41750100,51,126,41760000,36158
0,4176,41760000,41760100,51,126,41770000,36170
0,4177,41770000,41770100,51,126,41780000,36176
0,4178,41780000,41780100,51,126,41790000,36183
0,4179,41790000,41790100,51,126,41800000,36193
0,418,4180000,4180100,51,126,4190000,3617
0,4180,41800000,41800100,51,126,41810000,36203
0,4181,41810000,41810100,51,126,41820000,36209
0,4182,41820000,41820100,51,126,41830000,36221
0,4183,41830000,41830100,51,126,41840000,36227
0,4184,41840000,41840100,51,126,41850000,36236
0,4185,41850000,41850100,51,126,41860000,36246
0,4186,41860000,41860100,51,126,41870000,36255
0,4187,41870000,41870100,51,126,41880000,36261
0,4188,41880000,41880100,51,126,41890000,36272
0,4189,41890000,41890100,51,126,41900000,36280
0,419,4190000,4190100,51,126,4200000,3623
0,4190,41900000,41900100,51,126,41910000,36288
0,4191,41910000,41910100,51,126,41920000,36297
0,4192,41920000,41920100,51,126,41930000,36306
0,4193,41930000,41930100,51,126,41940000,36314
0,4194,41940000,41940100,51,126,41950000,36324
0,4195,41950000,41950100,51,126,41960000,36331
0,4196,41960000,41960100,51,126,41970000,36342
0,4197,41970000,41970100,51,126,41980000,36350
0,4198,41980000,41980100,51,126,41990000,36357
0,4199,41990000,41990100,51,126,42000000,36363
0,42,420000,420100,51,126,430000,362
0,420,4200000,4200100,51,126,4210000,3637
0,4200,42000000,42000100,51,126,42010000,36378
0,4201,42010000,42010100,51,126,42020000,36384
0,4202,42020000,42020100,51,126,42030000,36392
0,4203,42030000,42030100,51,126,42040000,36402
0,4204,42040000,42040100,51,126,42050000,36410
0,4205,42050000,42050100,51,126,42060000,36417
0,4206,42060000,42060100,51,126,42070000,36427
0,4207,42070000,42070100,51,126,42080000,36436
0,4208,42080000,42080100,51,126,42090000,36445
0,4209,42090000,42090100,51,126,42100000,36453
0,421,4210000,4210100,51,126,4220000,3643
0,4210,42100000,42100100,51,126,42110000,36463
0,4211,42110000,42110100,51,126,42120000,36469
0,4212,42120000,42120100,51,126,42130000,36480
0,4213,42130000,42130100,51,126,42140000,36487
0,4214,42140000,42140100,51,126,42150000,36496
0,4215,42150000,42150100,51,126,42160000,36505
0,4216,42160000,42160100,51,126,42170000,36514
0,4217,42170000,42170100,51,126,42180000,36522
0,4218,42180000,42180100,51,126,42190000,36533
0,4219,42190000,42190100,51,126,42200000,36539
0,422,4220000,4220100,51,126,4230000,3650
0,4220,42200000,42200100,51,126,42210000,36548
0,4221,42210000,42210100,51,126,42220000,36558
0,4222,42220000,42220100,51,126,42230000,36565
0,4223,42230000,42230100,51,126,42240000,36571
0,4224,42240000,42240100,51,126,42250000,36586
0,4225,42250000,42250100,51,126,42260000,36593
0,4226,42260000,42260100,51,126,42270000,36600
0,4227,42270000,42270100,51,126,42280000,36608
0,4228,42280000,42280100,51,126,42290000,36618
0,4229,42290000,42290100,51,126,42300000,36625
0,423,4230000,4230100,51,126,4240000,3661
0,4230,42300000,42300100,51,126,42310000,36636
0,4231,42310000,42310100,51,126,42320000,36644
0,4232,42320000,42320100,51,126,42330000,36653
0,4233,42330000,42330100,51,126,42340000,36661
0,4234,42340000,42340100,51,126,42350000,36668
0,4235,42350000,42350100,51,126,42360000,36678
0,4236,42360000,42360100,51,126,42370000,36689
0,4237,42370000,42370100,51,126,42380000,36695
0,4238,42380000,42380100,51,126,42390000,36704
0,4239,42390000,42390100,51,126,42400000,36712
0,424,4240000,4240100,51,126,4250000,3670
0,4240,42400000,42400100,51,126,42410000,36723
0,4241,42410000,42410100,51,126,42420000,36729
0,4242,42420000,42420100,51,126,42430000,36741
0,4243,42430000,42430100,51,126,42440000,36747
0,4244,42440000,42440100,51,126,42450000,36755
0,4245,42450000,42450100,51,126,42460000,36766
0,4246,42460000,42460100,51,126,42470000,36774
0,4247,42470000,42470100,51,126,42480000,36780
0,4248,42480000,42480100,51,126,42490000,36792
0,4249,42490000,42490100,51,126,42500000,36800
0,425,4250000,4250100,51,126,4260000,3677
0,4250,42500000,42500100,51,126,42510000,36808
0,4251,42510000,42510100,51,126,42520000,36817
0,4252,42520000,42520100,51,126,42530000,36827
0,4253,42530000,42530100,51,126,42540000,36833
0,4254,42540000,42540100,51,126,42550000,36843
0,4255,42550000,42550100,51,126,42560000,36850
0,4256,42560000,42560100,51,126,42570000,36861
0,4257,42570000,42570100,51,126,42580000,36870
0,4258,42580000,42580100,51,126,42590000,36877
0,4259,42590000,42590100,51,126,42600000,36885
0,426,4260000,4260100,51,126,4270000,3687
0,4260,42600000,42600100,51,126,42610000,36897
0,4261,42610000,42610100,51,126,42620000,36903
0,4262,42620000,42620100,51,126,42630000,36911
0,4263,42630000,42630100,51,126,42640000,36921
0,4264,42640000,42640100,51,126,42650000,36930
0,4265,42650000,42650100,51,126,42660000,36937
0,4266,42660000,42660100,51,126,42670000,36949
0,4267,42670000,42670100,51,126,42680000,36955
0,4268,42680000,42680100,51,126,42690000,36964
0,4269,42690000,42690100,51,126,42700000,36972
0,427,4270000,4270100,51,126,4280000,3695
0,4270,42700000,42700100,51,126,42710000,36982
0,4271,42710000,42710100,51,126,42720000,36988
0,4272,42720000,42720100,51,126,42730000,37000
0,4273,42730000,42730100,51,126,42740000,37009
0,4274,42740000,42740100,51,126,42750000,37016
0,4275,42750000,42750100,51,126,42760000,37025
0,4276,42760000,42760100,51,126,42770000,37033
0,4277,42770000,42770100,51,126,42780000,37041
0,4278,42780000,42780100,51,126,42790000,37051
0,4279,42790000,42790100,51,126,42800000,37058
0,428,4280000,4280100,51,126,4290000,3703
0,4280,42800000,42800100,51,126,42810000,37070
0,4281,42810000,42810100,51,126,42820000,37078
0,4282,42820000,42820100,51,126,42830000,37085
0,4283,42830000,42830100,51,126,42840000,37091
0,4284,42840000,42840100,51,126,42850000,37105
0,4285,42850000,42850100,51,126,42860000,37112
0,4286,42860000,42860100,51,126,42870000,37119
0,4287,42870000,42870100,51,126,42880000,37129
0,4288,42880000,42880100,51,126,42890000,37138
0,4289,42890000,42890100,51,126,42900000,37144
0,429,4290000,4290100,51,126,4300000,3712
0,4290,42900000,42900100,51,126,42910000,37156
0,4291,42910000,42910100,51,126,42920000,37164
0,4292,42920000,42920100,51,126,42930000,37172
0,4293,42930000,42930100,51,126,42940000,37180
0,4294,42940000,42940100,51,126,42950000,37189
0,4295,42950000,42950100,51,126,42960000,37197
0,4296,42960000,42960100,51,126,42970000,37209
0,4297,42970000,42970100,51,126,42980000,37215
0,4298,42980000,42980100,51,126,42990000,37224
0,4299,42990000,42990100,51,126,43000000,37232
0,43,430000,430100,51,126,440000,368
0,430,4300000,4300100,51,126,4310000,3722
0,4300,43000000,43000100,51,126,43010000,37241
0,4301,43010000,43010100,51,126,43020000,37250
0,4302,43020000,43020100,51,126,43030000,37260
0,4303,43030000,43030100,51,126,43040000,37266
0,4304,43040000,43040100,51,126,43050000,37275
0,4305,43050000,43050100,51,126,43060000,37286
0,4306,43060000,43060100,51,126,43070000,37294
0,4307,43070000,43070100,51,126,43080000,37300
0,4308,43080000,43080100,51,126,43090000,37313
0,4309,43090000,43090100,51,126,43100000,37319
0,431,4310000,4310100,51,126,4320000,3728
0,4310,43100000,43100100,51,126,43110000,37327
0,4311,43110000,43110100,51,126,43120000,37335
0,4312,43120000,43120100,51,126,43130000,37347
0,4313,43130000,43130100,51,126,43140000,37353
0,4314,43140000,43140100,51,126,43150000,37363
0,4315,43150000,43150100,51,126,43160000,37372
0,4316,43160000,43160100,51,126,43170000,37380
0,4317,43170000,43170100,51,126,43180000,37389
0,4318,43180000,43180100,51,126,43190000,37396
0,4319,43190000,43190100,51,126,43200000,37404
0,432,4320000,4320100,51,126,4330000,3740
0,4320,43200000,43200100,51,126,43210000,37417
0,4321,43210000,43210100,51,126,43220000,37423
0,4322,43220000,43220100,51,126,43230000,37432
0,4323,43230000,43230100,51,126,43240000,37441
0,4324,43240000,43240100,51,126,43250000,37449
0,4325,43250000,43250100,51,126,43260000,37456
0,4326,43260000,43260100,51,126,43270000,37468
0,4327,43270000,43270100,51,126,43280000,37474
0,4328,43280000,43280100,51,126,43290000,37484
0,4329,43290000,43290100,51,126,43300000,37494
0,433,4330000,4330100,51,126,4340000,3746
0,4330,43300000,43300100,51,126,43310000,37502
0,4331,43310000,43310100,51,126,43320000,37508
0,4332,43320000,43320100,51,126,43330000,37519
0,4333,43330000,43330100,51,126,43340000,37527
0,4334,43340000,43340100,51,126,43350000,37535
0,4335,43350000,43350100,51,126,43360000,37544
0,4336,43360000,43360100,51,126,43370000,37555
0,4337,43370000,43370100,51,126,43380000,37561
0,4338,43380000,43380100,51,126,43390000,37571
0,4339,43390000,43390100,51,126,43400000,37578
0,434,4340000,4340100,51,126,4350000,3756
0,4340,43400000,43400100,51,126,43410000,37589
0,4341,43410000,43410100,51,126,43420000,37597
0,4342,43420000,43420100,51,126,43430000,37604
0,4343,43430000,43430100,51,126,43440000,37612
0,4344,43440000,43440100,51,126,43450000,37624
0,4345,43450000,43450100,51,126,43460000,37632
0,4346,43460000,43460100,51,126,43470000,37639
0,4347,43470000,43470100,51,126,43480000,37649
0,4348,43480000,43480100,51,126,43490000,37657
0,4349,43490000,43490100,51,126,43500000,37663
0,435,4350000,4350100,51,126,4360000,3765
0,4350,43500000,43500100,51,126,43510000,37677
0,4351,43510000,43510100,51,126,43520000,37683
0,4352,43520000,43520100,51,126,43530000,37692
0,4353,43530000,43530100,51,126,43540000,37700
0,4354,43540000,43540100,51,126,43550000,37709
0,4355,43550000,43550100,51,126,43560000,37716
0,4356,43560000,43560100,51,126,43570000,37728
0,4357,43570000,43570100,51,126,43580000,37736
0,4358,43580000,43580100,51,126,43590000,37743
0,4359,43590000,43590100,51,126,43600000,37751
0,436,4360000,4360100,51,126,4370000,3773
0,4360,43600000,43600100,51,126,43610000,37761
0,4361,43610000,43610100,51,126,43620000,37770
0,4362,43620000,43620100,51,126,43630000,37780
0,4363,43630000,43630100,51,126,43640000,37786
0,4364,43640000,43640100,51,126,43650000,37796
0,4365,43650000,43650100,51,126,43660000,37805
0,4366,43660000,43660100,51,126,43670000,37812
0,4367,43670000,43670100,51,126,43680000,37819
0,4368,43680000,43680100,51,126,43690000,37833
0,4369,43690000,43690100,51,126,43700000,37839
0,437,4370000,4370100,51,126,4380000,3781
0,4370,43700000,43700100,51,126,43710000,37847
0,4371,43710000,43710100,51,126,43720000,37857
0,4372,43720000,43720100,51,126,43730000,37866
0,4373,43730000,43730100,51,126,43740000,37872
0,4374,43740000,43740100,51,126,43750000,37882
0,4375,43750000,43750100,51,126,43760000,37891
0,4376,43760000,43760100,51,126,43770000,37900
0,4377,43770000,43770100,51,126,43780000,37908
0,4378,43780000,43780100,51,126,43790000,37918
0,4379,43790000,43790100,51,126,43800000,37924
0,438,4380000,4380100,51,126,4390000,3791
0,4380,43800000,43800100,51,126,43810000,37936
0,4381,43810000,43810100,51,126,43820000,37942
0,4382,43820000,43820100,51,126,43830000,37951
0,4383,43830000,43830100,51,126,43840000,37960
0,4384,43840000,43840100,51,126,43850000,37969
0,4385,43850000,43850100,51,126,43860000,37978
0,4386,43860000,43860100,51,126,43870000,37988
0,4387,43870000,43870100,51,126,43880000,37994
0,4388,43880000,43880100,51,126,43890000,38002
0,4389,43890000,43890100,51,126,43900000,38013
0,439,4390000,4390100,51,126,4400000,3797
0,4390,43900000,43900100,51,126,43910000,38021
0,4391,43910000,43910100,51,126,43920000,38027
0,4392,43920000,43920100,51,126,43930000,38041
0,4393,43930000,43930100,51,126,43940000,38047
0,4394,43940000,43940100,51,126,43950000,38055
0,4395,43950000,43950100,51,126,43960000,38064
0,4396,43960000,43960100,51,126,43970000,38074
0,4397,43970000,43970100,51,126,43980000,38080
0,4398,43980000,43980100,51,126,43990000,38090
0,4399,43990000,43990100,51,126,44000000,38098
0,44,440000,440100,51,126,450000,377
0,440,4400000,4400100,51,126,4410000,3808
0,4400,44000000,44000100,51,126,44010000,38109
0,4401,44010000,44010100,51,126,44020000,38117
0,4402,44020000,44020100,51,126,44030000,38124
0,4403,44030000,44030100,51,126,44040000,38132
0,4404,44040000,44040100,51,126,44050000,38143
0,4405,44050000,44050100,51,126,44060000,38151
0,4406,44060000,44060100,51,126,44070000,38160
0,4407,44070000,44070100,51,126,44080000,38168
0,4408,44080000,44080100,51,126,44090000,38177
0,4409,44090000,44090100,51,126,44100000,38183
0,441,4410000,4410100,51,126,4420000,3818
0,4410,44100000,44100100,51,126,44110000,38196
0,4411,44110000,44110100,51,126,44120000,38203
0,4412,44120000,44120100,51,126,44130000,38211
0,4413,44130000,44130100,51,126,44140000,38221
0,4414,44140000,44140100,51,126,44150000,38228
0,4415,44150000,44150100,51,126,44160000,38235
0,4416,44160000,44160100,51,126,44170000,38248
0,4417,44170000,44170100,51,126,44180000,38256
0,4418,44180000,44180100,51,126,44190000,38263
0,4419,44190000,44190100,51,126,44200000,38271
0,442,4420000,4420100,51,126,4430000,3825
0,4420,44200000,44200100,51,126,44210000,38282
0,4421,44210000,44210100,51,126,44220000,38288
0,4422,44220000,44220100,51,126,44230000,38299
0,4423,44230000,44230100,51,126,44240000,38305
0,4424,44240000,44240100,51,126,44250000,38316
0,4425,44250000,44250100,51,126,44260000,38325
0,4426,44260000,44260100,51,126,44270000,38332
0,4427,44270000,44270100,51,126,44280000,38341
0,4428,44280000,44280100,51,126,44290000,38352
0,4429,44290000,44290100,51,126,44300000,38358
0,443,4430000,4430100,51,126,4440000,3831
0,4430,44300000,44300100,51,126,44310000,38366
0,4431,44310000,44310100,51,126,44320000,38376
0,4432,44320000,44320100,51,126,44330000,38385
0,4433,44330000,44330100,51,126,44340000,38392
0,4434,44340000,44340100,51,126,44350000,38404
0,4435,44350000,44350100,51,126,44360000,38411
0,4436,44360000,44360100,51,126,44370000,38419
0,4437,44370000,44370100,51,126,44380000,38427
0,4438,44380000,44380100,51,126,44390000,38437
0,4439,44390000,44390100,51,126,44400000,38443
0,444,4440000,4440100,51,126,4450000,3844
0,4440,44400000,44400100,51,126,44410000,38456
0,4441,44410000,44410100,51,126,44420000,38464
0,4442,44420000,44420100,51,126,44430000,38471
0,4443,44430000,44430100,51,126,44440000,38479
0,4444,44440000,44440100,51,126,44450000,38488
0,4445,44450000,44450100,51,126,44460000,38497
0,4446,44460000,44460100,51,126,44470000,38507
0,4447,44470000,44470100,51,126,44480000,38513
0,4448,44480000,44480100,51,126,44490000,38524
0,4449,44490000,44490100,51,126,44500000,38533
0,445,4450000,4450100,51,126,4460000,3852
0,4450,44500000,44500100,51,126,44510000,38541
0,4451,44510000,44510100,51,126,44520000,38547
0,4452,44520000,44520100,51,126,44530000,38560
0,4453,44530000,44530100,51,126,44540000,38566
0,4454,44540000,44540100,51,126,44550000,38573
0,4455,44550000,44550100,51,126,44560000,38585
0,4456,44560000,44560100,51,126,44570000,38594
0,4457,44570000,44570100,51,126,44580000,38600
0,4458,44580000,44580100,51,126,44590000,38610
0,4459,44590000,44590100,51,126,44600000,38618
0,446,4460000,4460100,51,126,4470000,3859
0,4460,44600000,44600100,51,126,44610000,38628
0,4461,44610000,44610100,51,126,44620000,38636
0,4462,44620000,44620100,51,126,44630000,38645
0,4463,44630000,44630100,51,126,44640000,38651
0,4464,44640000,44640100,51,126,44650000,38663
0,4465,44650000,44650100,51,126,44660000,38670
0,4466,44660000,44660100,51,126,44670000,38680
0,4467,44670000,44670100,51,126,44680000,38688
0,4468,44680000,44680100,51,126,44690000,38696
0,4469,44690000,44690100,51,126,44700000,38704
0,447,4470000,4470100,51,126,4480000,3867
0,4470,44700000,44700100,51,126,44710000,38715
0,4471,44710000,44710100,51,126,44720000,38722
0,4472,44720000,44720100,51,126,44730000,38731
0,4473,44730000,44730100,51,126,44740000,38741
0,4474,44740000,44740100,51,126,44750000,38748
0,4475,44750000,44750100,51,126,44760000,38755
0,4476,44760000,44760100,51,126,44770000,38768
0,4477,44770000,44770100,51,126,44780000,38775
0,4478,44780000,44780100,51,126,44790000,38782
0,4479,44790000,44790100,51,126,44800000,38790
0,448,4480000,4480100,51,126,4490000,3878
0,4480,44800000,44800100,51,126,44810000,38802
0,4481,44810000,44810100,51,126,44820000,38808
0,4482,44820000,44820100,51,126,44830000,38819
0,4483,44830000,44830100,51,126,44840000,38827
0,4484,44840000,44840100,51,126,44850000,38835
0,4485,44850000,44850100,51,126,44860000,38844
0,4486,44860000,44860100,51,126,44870000,38851
0,4487,44870000,44870100,51,126,44880000,38859
0,4488,44880000,44880100,51,126,44890000,38872
0,4489,44890000,44890100,51,126,44900000,38878
0,449,4490000,4490100,51,126,4500000,3884
0,4490,44900000,44900100,51,126,44910000,38888
0,4491,44910000,44910100,51,126,44920000,38896
0,4492,44920000,44920100,51,126,44930000,38904
0,4493,44930000,44930100,51,126,44940000,38911
0,4494,44940000,44940100,51,126,44950000,38923
0,4495,44950000,44950100,51,126,44960000,38930
0,4496,44960000,44960100,51,126,44970000,38939
0,4497,44970000,44970100,51,126,44980000,38949
0,4498,44980000,44980100,51,126,44990000,38956
0,4499,44990000,44990100,51,126,45000000,38963
0,45,450000,450100,51,126,460000,388
0,450,4500000,4500100,51,126,4510000,3895
0,4500,45000000,45000100,51,126,45010000,38975
0,4501,45010000,45010100,51,126,45020000,38983
0,4502,45020000,45020100,51,126,45030000,38990
0,4503,45030000,45030100,51,126,45040000,38998
0,4504,45040000,45040100,51,126,45050000,39010
0,4505,45050000,45050100,51,126,45060000,39017
0,4506,45060000,45060100,51,126,45070000,39027
0,4507,45070000,45070100,51,126,45080000,39033
0,4508,45080000,45080100,51,126,45090000,39043
0,4509,45090000,45090100,51,126,45100000,39051
0,451,4510000,4510100,51,126,4520000,3904
0,4510,45100000,45100100,51,126,45110000,39060
0,4511,45110000,45110100,51,126,45120000,39068
0,4512,45120000,45120100,51,126,45130000,39080
0,4513,45130000,45130100,51,126,45140000,39086
0,4514,45140000,45140100,51,126,45150000,39093
0,4515,45150000,45150100,51,126,45160000,39105
0,4516,45160000,45160100,51,126,45170000,39113
0,4517,45170000,45170100,51,126,45180000,39119
0,4518,45180000,45180100,51,126,45190000,39131
0,4519,45190000,45190100,51,126,45200000,39137
0,452,4520000,4520100,51,126,4530000,3912
0,4520,45200000,45200100,51,126,45210000,39147
0,4521,45210000,45210100,51,126,45220000,39156
0,4522,45220000,45220100,51,126,45230000,39165
0,4523,45230000,45230100,51,126,45240000,39171
0,4524,45240000,45240100,51,126,45250000,39182
0,4525,45250000,45250100,51,126,45260000,39191
0,4526,45260000,45260100,51,126,45270000,39199
0,4527,45270000,45270100,51,126,45280000,39207
0,4528,45280000,45280100,51,126,45290000,39216
0,4529,45290000,45290100,51,126,45300000,39224
0,453,4530000,4530100,51,126,4540000,3920
0,4530,45300000,45300100,51,126,45310000,39235
0,4531,45310000,45310100,51,126,45320000,39241
0,4532,45320000,45320100,51,126,45330000,39252
0,4533,45330000,45330100,51,126,45340000,39260
0,4534,45340000,45340100,51,126,45350000,39267
0,4535,45350000,45350100,51,126,45360000,39274
0,4536,45360000,45360100,51,126,45370000,39288
0,4537,45370000,45370100,51,126,45380000,39295
0,4538,45380000,45380100,51,126,45390000,39302
0,4539,45390000,45390100,51,126,45400000,39312
0,454,4540000,4540100,51,126,4550000,3927
0,4540,45400000,45400100,51,126,45410000,39321
0,4541,45410000,45410100,51,126,45420000,39327
0,4542,45420000,45420100,51,126,45430000,39337
0,4543,45430000,45430100,51,126,45440000,39346
0,4544,45440000,45440100,51,126,45450000,39355
0,4545,45450000,45450100,51,126,45460000,39364
0,4546,45460000,45460100,51,126,45470000,39373
0,4547,45470000,45470100,51,126,45480000,39379
0,4548,45480000,45480100,51,126,45490000,39391
0,4549,45490000,45490100,51,126,45500000,39397
0,455,4550000,4550100,51,126,4560000,3936
0,4550,45500000,45500100,51,126,45510000,39407
0,4551,45510000,45510100,51,126,45520000,39415
0,4552,45520000,45520100,51,126,45530000,39424
0,4553,45530000,45530100,51,126,45540000,39432
0,4554,45540000,45540100,51,126,45550000,39443
0,4555,45550000,45550100,51,126,45560000,39450
0,4556,45560000,45560100,51,126,45570000,39458
0,4557,45570000,45570100,51,126,45580000,39468
0,4558,45580000,45580100,51,126,45590000,39475
0,4559,45590000,45590100,51,126,45600000,39482
0,456,4560000,4560100,51,126,4570000,3949
0,4560,45600000,45600100,51,126,45610000,39497
0,4561,45610000,45610100,51,126,45620000,39503
0,4562,45620000,45620100,51,126,45630000,39510
0,4563,45630000,45630100,51,126,45640000,39518
0,4564,45640000,45640100,51,126,45650000,39528
0,4565,45650000,45650100,51,126,45660000,39536
0,4566,45660000,45660100,51,126,45670000,39546
0,4567,45670000,45670100,51,126,45680000,39554
0,4568,45680000,45680100,51,126,45690000,39563
0,4569,45690000,45690100,51,126,45700000,39571
0,457,4570000,4570100,51,126,4580000,3955
0,4570,45700000,45700100,51,126,45710000,39580
0,4571,45710000,45710100,51,126,45720000,39588
0,4572,45720000,45720100,51,126,45730000,39599
0,4573,45730000,45730100,51,126,45740000,39605
0,4574,45740000,45740100,51,126,45750000,39614
0,4575,45750000,45750100,51,126,45760000,39623
0,4576,45760000,45760100,51,126,45770000,39633
0,4577,45770000,45770100,51,126,45780000,39639
0,4578,45780000,45780100,51,126,45790000,39651
0,4579,45790000,45790100,51,126,45800000,39657
0,458,4580000,4580100,51,126,4590000,3964
0,4580,45800000,45800100,51,126,45810000,39666
0,4581,45810000,45810100,51,126,45820000,39677
0,4582,45820000,45820100,51,126,45830000,39684
0,4583,45830000,45830100,51,126,45840000,39690
0,4584,45840000,45840100,51,126,45850000,39702
0,4585,45850000,45850100,51,126,45860000,39711
0,4586,45860000,45860100,51,126,45870000,39718
0,4587,45870000,45870100,51,126,45880000,39727
0,4588,45880000,45880100,51,126,45890000,39737
0,4589,45890000,45890100,51,126,45900000,39743
0,459,4590000,4590100,51,126,4600000,3972
0,4590,45900000,45900100,51,126,45910000,39754
0,4591,45910000,45910100,51,126,45920000,39760
0,4592,45920000,45920100,51,126,45930000,39772
0,4593,45930000,45930100,51,126,45940000,39780
0,4594,45940000,45940100,51,126,45950000,39787
0,4595,45950000,45950100,51,126,45960000,39796
0,4596,45960000,45960100,51,126,45970000,39807
0,4597,45970000,45970100,51,126,45980000,39813
0,4598,45980000,45980100,51,126,45990000,39821
0,4599,45990000,45990100,51,126,46000000,39831
0,46,460000,460100,51,126,470000,395
0,460,4600000,4600100,51,126,4610000,3981
0,4600,46000000,46000100,51,126,46010000,39841
0,4601,46010000,46010100,51,126,46020000,39847
0,4602,46020000,46020100,51,126,46030000,39859
0,4603,46030000,46030100,51,126,46040000,39866
0,4604,46040000,46040100,51,126,46050000,39874
0,4605,46050000,46050100,51,126,46060000,39883
0,4606,46060000,46060100,51,126,46070000,39892
0,4607,46070000,46070100,51,126,46080000,39898
0,4608,46080000,46080100,51,126,46090000,39910
0,4609,46090000,46090100,51,126,46100000,39919
0,461,4610000,4610100,51,126,4620000,3987
0,4610,46100000,46100100,51,126,46110000,39927
0,4611,46110000,46110100,51,126,46120000,39935
0,4612,46120000,46120100,51,126,46130000,39943
0,4613,46130000,46130100,51,126,46140000,39951
0,4614,46140000,46140100,51,126,46150000,39962
0,4615,46150000,46150100,51,126,46160000,39969
0,4616,46160000,46160100,51,126,46170000,39980
0,4617,46170000,46170100,51,126,46180000,39988
0,4618,46180000,46180100,51,126,46190000,39995
0,4619,46190000,46190100,51,126,46200000,40001
0,462,4620000,4620100,51,126,4630000,4000
0,4620,46200000,46200100,51,126,46210000,40016
0,4621,46210000,46210100,51,126,46220000,40022
0,4622,46220000,46220100,51,126,46230000,40029
0,4623,46230000,46230100,51,126,46240000,40039
0,4624,46240000,46240100,51,126,46250000,40048
0,4625,46250000,46250100,51,126,46260000,40056
0,4626,46260000,46260100,51,126,46270000,40066
0,4627,46270000,46270100,51,126,46280000,40074
0,4628,46280000,46280100,51,126,46290000,40082
0,4629,46290000,46290100,51,126,46300000,40090
0,463,4630000,4630100,51,126,4640000,4006
0,4630,46300000,46300100,51,126,46310000,40100
0,4631,46310000,46310100,51,126,46320000,40107
0,4632,46320000,46320100,51,126,46330000,40119
0,4633,46330000,46330100,51,126,46340000,40125
0,4634,46340000,46340100,51,126,46350000,40134
0,4635,46350000,46350100,51,126,46360000,40143
0,4636,46360000,46360100,51,126,46370000,40152
0,4637,46370000,46370100,51,126,46380000,40160
0,4638,46380000,46380100,51,126,46390000,40170
0,4639,46390000,46390100,51,126,46400000,40176
0,464,4640000,4640100,51,126,4650000,4015
0,4640,46400000,46400100,51,126,46410000,40186
0,4641,46410000,46410100,51,126,46420000,40196
0,4642,46420000,46420100,51,126,46430000,40204
0,4643,46430000,46430100,51,126,46440000,40210
0,4644,46440000,46440100,51,126,46450000,40223
0,4645,46450000,46450100,51,126,46460000,40230
0,4646,46460000,46460100,51,126,46470000,40237
0,4647,46470000,46470100,51,126,46480000,40246
0,4648,46480000,46480100,51,126,46490000,40257
0,4649,46490000,46490100,51,126,46500000,40263
0,465,4650000,4650100,51,126,4660000,4026
0,4650,46500000,46500100,51,126,46510000,40274
0,4651,46510000,46510100,51,126,46520000,40282
0,4652,46520000,46520100,51,126,46530000,40290
0,4653,46530000,46530100,51,126,46540000,40299
0,4654,46540000,46540100,51,126,46550000,40306
0,4655,46550000,46550100,51,126,46560000,40315
0,4656,46560000,46560100,51,126,46570000,40327
0,4657,46570000,46570100,51,126,46580000,40333
0,4658,46580000,46580100,51,126,46590000,40343
0,4659,46590000,46590100,51,126,46600000,40351
0,466,4660000,4660100,51,126,4670000,4033
0,4660,46600000,46600100,51,126,46610000,40360
0,4661,46610000,46610100,51,126,46620000,40366
0,4662,46620000,46620100,51,126,46630000,40378
0,4663,46630000,46630100,51,126,46640000,40384
0,4664,46640000,46640100,51,126,46650000,40394
0,4665,46650000,46650100,51,126,46660000,40405
0,4666,46660000,46660100,51,126,46670000,40412
0,4667,46670000,46670100,51,126,46680000,40418
0,4668,46680000,46680100,51,126,46690000,40429
0,4669,46690000,46690100,51,126,46700000,40438
0,467,4670000,4670100,51,126,4680000,4040
0,4670,46700000,46700100,51,126,46710000,40446
0,4671,46710000,46710100,51,126,46720000,40454
0,4672,46720000,46720100,51,126,46730000,40465
0,4673,46730000,46730100,51,126,46740000,40471
0,4674,46740000,46740100,51,126,46750000,40481
0,4675,46750000,46750100,51,126,46760000,40489
0,4676,46760000,46760100,51,126,46770000,40499
0,4677,46770000,46770100,51,126,46780000,40507
0,4678,46780000,46780100,51,126,46790000,40514
0,4679,46790000,46790100,51,126,46800000,40522
0,468,4680000,4680100,51,126,4690000,4051
0,4680,46800000,46800100,51,126,46810000,40536
0,4681,46810000,46810100,51,126,46820000,40542
0,4682,46820000,46820100,51,126,46830000,40549
0,4683,46830000,46830100,51,126,46840000,40559
0,4684,46840000,46840100,51,126,46850000,40567
0,4685,46850000,46850100,51,126,46860000,40574
0,4686,46860000,46860100,51,126,46870000,40587
0,4687,46870000,46870100,51,126,46880000,40593
0,4688,46880000,46880100,51,126,46890000,40602
0,4689,46890000,46890100,51,126,46900000,40610
0,469,4690000,4690100,51,126,4700000,4059
0,4690,46900000,46900100,51,126,46910000,40620
0,4691,46910000,46910100,51,126,46920000,40627
0,4692,46920000,46920100,51,126,46930000,40638
0,4693,46930000,46930100,51,126,46940000,40646
0,4694,46940000,46940100,51,126,46950000,40653
0,4695,46950000,46950100,51,126,46960000,40662
0,4696,46960000,46960100,51,126,46970000,40671
0,4697,46970000,46970100,51,126,46980000,40680
0,4698,46980000,46980100,51,126,46990000,40690
0,4699,46990000,46990100,51,126,47000000,40696
0,47,470000,470100,51,126,480000,401
0,470,4700000,4700100,51,126,4710000,4067
0,4700,47000000,47000100,51,126,47010000,40707
0,4701,47010000,47010100,51,126,47020000,40715
0,4702,47020000,47020100,51,126,47030000,40723
0,4703,47030000,47030100,51,126,47040000,40729
0,4704,47040000,47040100,51,126,47050000,40743
0,4705,47050000,47050100,51,126,47060000,40750
0,4706,47060000,47060100,51,126,47070000,40757
0,4707,47070000,47070100,51,126,47080000,40767
0,4708,47080000,47080100,51,126,47090000,40776
0,4709,47090000,47090100,51,126,47100000,40782
0,471,4710000,4710100,51,126,4720000,4075
0,4710,47100000,47100100,51,126,47110000,40793
0,4711,47110000,47110100,51,126,47120000,40801
0,4712,47120000,47120100,51,126,47130000,40810
0,4713,47130000,47130100,51,126,47140000,40819
0,4714,47140000,47140100,51,126,47150000,40828
0,4715,47150000,47150100,51,126,47160000,40835
0,4716,47160000,47160100,51,126,47170000,40846
0,4717,47170000,47170100,51,126,47180000,40852
0,4718,47180000,47180100,51,126,47190000,40861
0,4719,47190000,47190100,51,126,47200000,40870
0,472,4720000,4720100,51,126,4730000,4086
0,4720,47200000,47200100,51,126,47210000,40880
0,4721,47210000,47210100,51,126,47220000,40888
0,4722,47220000,47220100,51,126,47230000,40898
0,4723,47230000,47230100,51,126,47240000,40904
0,4724,47240000,47240100,51,126,47250000,40913
0,4725,47250000,47250100,51,126,47260000,40924
0,4726,47260000,47260100,51,126,47270000,40931
0,4727,47270000,47270100,51,126,47280000,40937
0,4728,47280000,47280100,51,126,47290000,40951
0,4729,47290000,47290100,51,126,47300000,40957
0,473,4730000,4730100,51,126,4740000,4093
0,4730,47300000,47300100,51,126,47310000,40966
0,4731,47310000,47310100,51,126,47320000,40974
0,4732,47320000,47320100,51,126,47330000,40984
0,4733,47330000,47330100,51,126,47340000,40990
0,4734,47340000,47340100,51,126,47350000,41000
0,4735,47350000,47350100,51,126,47360000,41010
0,4736,47360000,47360100,51,126,47370000,41019
0,4737,47370000,47370100,51,126,47380000,41027
0,4738,47380000,47380100,51,126,47390000,41034
0,4739,47390000,47390100,51,126,47400000,41042
0,474,4740000,4740100,51,126,4750000,4103
0,4740,47400000,47400100,51,126,47410000,41054
0,4741,47410000,47410100,51,126,47420000,41061
0,4742,47420000,47420100,51,126,47430000,41070
0,4743,47430000,47430100,51,126,47440000,41078
0,4744,47440000,47440100,51,126,47450000,41087
0,4745,47450000,47450100,51,126,47460000,41094
0,4746,47460000,47460100,51,126,47470000,41107
0,4747,47470000,47470100,51,126,47480000,41113
0,4748,47480000,47480100,51,126,47490000,41121
0,4749,47490000,47490100,51,126,47500000,41131
0,475,4750000,4750100,51,126,4760000,4110
0,4750,47500000,47500100,51,126,47510000,41139
0,4751,47510000,47510100,51,126,47520000,41145
0,4752,47520000,47520100,51,126,47530000,41158
0,4753,47530000,47530100,51,126,47540000,41166
0,4754,47540000,47540100,51,126,47550000,41173
0,4755,47550000,47550100,51,126,47560000,41182
0,4756,47560000,47560100,51,126,47570000,41192
0,4757,47570000,47570100,51,126,47580000,41199
0,4758,47580000,47580100,51,126,47590000,41209
0,4759,47590000,47590100,51,126,47600000,41215
0,476,4760000,4760100,51,126,4770000,4120
0,4760,47600000,47600100,51,126,47610000,41227
0,4761,47610000,47610100,51,126,47620000,41235
0,4762,47620000,47620100,51,126,47630000,41242
0,4763,47630000,47630100,51,126,47640000,41251
0,4764,47640000,47640100,51,126,47650000,41262
0,4765,47650000,47650100,51,126,47660000,41269
0,4766,47660000,47660100,51,126,47670000,41276
0,4767,47670000,47670100,51,126,47680000,41286
0,4768,47680000,47680100,51,126,47690000,41296
0,4769,47690000,47690100,51,126,47700000,41302
0,477,4770000,4770100,51,126,4780000,4128
0,4770,47700000,47700100,51,126,47710000,41315
0,4771,47710000,47710100,51,126,47720000,41321
0,4772,47720000,47720100,51,126,47730000,41329
0,4773,47730000,47730100,51,126,47740000,41337
0,4774,47740000,47740100,51,126,47750000,41347
0,4775,47750000,47750100,51,126,47760000,41354
0,4776,47760000,47760100,51,126,47770000,41366
0,4777,47770000,47770100,51,126,47780000,41374
0,4778,47780000,47780100,51,126,47790000,41381
0,4779,47790000,47790100,51,126,47800000,41390
0,478,4780000,4780100,51,126,4790000,4136
0,4780,47800000,47800100,51,126,47810000,41399
0,4781,47810000,47810100,51,126,47820000,41407
0,4782,47820000,47820100,51,126,47830000,41417
0,4783,47830000,47830100,51,126,47840000,41423
0,4784,47840000,47840100,51,126,47850000,41434
0,4785,47850000,47850100,51,126,47860000,41444
0,4786,47860000,47860100,51,126,47870000,41451
0,4787,47870000,47870100,51,126,47880000,41457
0,4788,47880000,47880100,51,126,47890000,41470
0,4789,47890000,47890100,51,126,47900000,41476
0,479,4790000,4790100,51,126,4800000,4144
0,4790,47900000,47900100,51,126,47910000,41485
0,4791,47910000,47910100,51,126,47920000,41495
0,4792,47920000,47920100,51,126,47930000,41504
0,4793,47930000,47930100,51,126,47940000,41510
0,4794,47940000,47940100,51,126,47950000,41520
0,4795,47950000,47950100,51,126,47960000,41529
0,4796,47960000,47960100,51,126,47970000,41538
0,4797,47970000,47970100,51,126,47980000,41546
0,4798,47980000,47980100,51,126,47990000,41555
0,4799,47990000,47990100,51,126,48000000,41561
0,48,480000,480100,51,126,490000,413
0,480,4800000,4800100,51,126,4810000,4157
0,4800,48000000,48000100,51,126,48010000,41574
0,4801,48010000,48010100,51,126,48020000,41581
0,4802,48020000,48020100,51,126,48030000,41590
0,4803,48030000,48030100,51,126,48040000,41598
0,4804,48040000,48040100,51,126,48050000,41606
0,4805,48050000,48050100,51,126,48060000,41615
0,4806,48060000,48060100,51,126,48070000,41625
0,4807,48070000,48070100,51,126,48080000,41632
0,4808,48080000,48080100,51,126,48090000,41641
0,4809,48090000,48090100,51,126,48100000,41651
0,481,4810000,4810100,51,126,4820000,4163
0,4810,48100000,48100100,51,126,48110000,41659
0,4811,48110000,48110100,51,126,48120000,41665
0,4812,48120000,48120100,51,126,48130000,41679
0,4813,48130000,48130100,51,126,48140000,41685
0,4814,48140000,48140100,51,126,48150000,41692
0,4815,48150000,48150100,51,126,48160000,41701
0,4816,48160000,48160100,51,126,48170000,41712
0,4817,48170000,48170100,51,126,48180000,41718
0,4818,48180000,48180100,51,126,48190000,41729
0,4819,48190000,48190100,51,126,48200000,41737
0,482,4820000,4820100,51,126,4830000,4170
0,4820,48200000,48200100,51,126,48210000,41746
0,4821,48210000,48210100,51,126,48220000,41754
0,4822,48220000,48220100,51,126,48230000,41761
0,4823,48230000,48230100,51,126,48240000,41770
0,4824,48240000,48240100,51,126,48250000,41782
0,4825,48250000,48250100,51,126,48260000,41789
0,4826,48260000,48260100,51,126,48270000,41798
0,4827,48270000,48270100,51,126,48280000,41806
0,4828,48280000,48280100,51,126,48290000,41814
0,4829,48290000,48290100,51,126,48300000,41821
0,483,4830000,4830100,51,126,4840000,4180
0,4830,48300000,48300100,51,126,48310000,41834
0,4831,48310000,48310100,51,126,48320000,41840
0,4832,48320000,48320100,51,126,48330000,41849
0,4833,48330000,48330100,51,126,48340000,41859
0,4834,48340000,48340100,51,126,48350000,41867
0,4835,48350000,48350100,51,126,48360000,41874
0,4836,48360000,48360100,51,126,48370000,41885
0,4837,48370000,48370100,51,126,48380000,41893
0,4838,48380000,48380100,51,126,48390000,41900
0,4839,48390000,48390100,51,126,48400000,41908
0,484,4840000,4840100,51,126,4850000,4189
0,4840,48400000,48400100,51,126,48410000,41921
0,4841,48410000,48410100,51,126,48420000,41927
0,4842,48420000,48420100,51,126,48430000,41937
0,4843,48430000,48430100,51,126,48440000,41943
0,4844,48440000,48440100,51,126,48450000,41953
0,4845,48450000,48450100,51,126,48460000,41963
0,4846,48460000,48460100,51,126,48470000,41970
0,4847,48470000,48470100,51,126,48480000,41978
0,4848,48480000,48480100,51,126,48490000,41990
0,4849,48490000,48490100,51,126,48500000,41996
0,485,4850000,4850100,51,126,4860000,4196
0,4850,48500000,48500100,51,126,48510000,42004
0,4851,48510000,48510100,51,126,48520000,42015
0,4852,48520000,48520100,51,126,48530000,42023
0,4853,48530000,48530100,51,126,48540000,42029
0,4854,48540000,48540100,51,126,48550000,42041
0,4855,48550000,48550100,51,126,48560000,42048
0,4856,48560000,48560100,51,126,48570000,42058
0,4857,48570000,48570100,51,126,48580000,42066
0,4858,48580000,48580100,51,126,48590000,42075
0,4859,48590000,48590100,51,126,48600000,42081
0,486,4860000,4860100,51,126,4870000,4208
0,4860,48600000,48600100,51,126,48610000,42093
0,4861,48610000,48610100,51,126,48620000,42101
0,4862,48620000,48620100,51,126,48630000,42109
0,4863,48630000,48630100,51,126,48640000,42117
0,4864,48640000,48640100,51,126,48650000,42126
0,4865,48650000,48650100,51,126,48660000,42135
0,4866,48660000,48660100,51,126,48670000,42145
0,4867,48670000,48670100,51,126,48680000,42152
0,4868,48680000,48680100,51,126,48690000,42162
0,4869,48690000,48690100,51,126,48700000,42170
0,487,4870000,4870100,51,126,4880000,4214
0,4870,48700000,48700100,51,126,48710000,42178
0,4871,48710000,48710100,51,126,48720000,42184
0,4872,48720000,48720100,51,126,48730000,42198
0,4873,48730000,48730100,51,126,48740000,42205
0,4874,48740000,48740100,51,126,48750000,42212
0,4875,48750000,48750100,51,126,48760000,42223
0,4876,48760000,48760100,51,126,48770000,42231
0,4877,48770000,48770100,51,126,48780000,42237
0,4878,48780000,48780100,51,126,48790000,42248
0,4879,48790000,48790100,51,126,48800000,42256
0,488,4880000,4880100,51,126,4890000,4223
0,4880,48800000,48800100,51,126,48810000,42266
0,4881,48810000,48810100,51,126,48820000,42274
0,4882,48820000,48820100,51,126,48830000,42283
0,4883,48830000,48830100,51,126,48840000,42289
0,4884,48840000,48840100,51,126,48850000,42301
0,4885,48850000,48850100,51,126,48860000,42308
0,4886,48860000,48860100,51,126,48870000,42317
0,4887,48870000,48870100,51,126,48880000,42325
0,4888,48880000,48880100,51,126,48890000,42334
0,4889,48890000,48890100,51,126,48900000,42343
0,489,4890000,4890100,51,126,4900000,4232
0,4890,48900000,48900100,51,126,48910000,42354
0,4891,48910000,48910100,51,126,48920000,42360
0,4892,48920000,48920100,51,126,48930000,42368
0,4893,48930000,48930100,51,126,48940000,42378
0,4894,48940000,48940100,51,126,48950000,42385
0,4895,48950000,48950100,51,126,48960000,42393
0,4896,48960000,48960100,51,126,48970000,42407
0,4897,48970000,48970100,51,126,48980000,42413
0,4898,48980000,48980100,51,126,48990000,42420
0,4899,48990000,48990100,51,126,49000000,42428
0,49,490000,490100,51,126,500000,422
0,490,4900000,4900100,51,126,4910000,4242
0,4900,49000000,49000100,51,126,49010000,42440
0,4901,49010000,49010100,51,126,49020000,42446
0,4902,49020000,49020100,51,126,49030000,42456
0,4903,49030000,49030100,51,126,49040000,42464
0,4904,49040000,49040100,51,126,49050000,42473
0,4905,49050000,49050100,51,126,49060000,42482
0,4906,49060000,49060100,51,126,49070000,42490
0,4907,49070000,49070100,51,126,49080000,42498
0,4908,49080000,49080100,51,126,49090000,42509
0,4909,49090000,49090100,51,126,49100000,42515
0,491,4910000,4910100,51,126,4920000,4248
0,4910,49100000,49100100,51,126,49110000,42525
0,4911,49110000,49110100,51,126,49120000,42534
0,4912,49120000,49120100,51,126,49130000,42543
0,4913,49130000,49130100,51,126,49140000,42549
0,4914,49140000,49140100,51,126,49150000,42561
0,4915,49150000,49150100,51,126,49160000,42568
0,4916,49160000,49160100,51,126,49170000,42576
0,4917,49170000,49170100,51,126,49180000,42587
0,4918,49180000,49180100,51,126,49190000,42594
0,4919,49190000,49190100,51,126,49200000,42600
0,492,4920000,4920100,51,126,4930000,4259
0,4920,49200000,49200100,51,126,49210000,42613
0,4921,49210000,49210100,51,126,49220000,42621
0,4922,49220000,49220100,51,126,49230000,42629
0,4923,49230000,49230100,51,126,49240000,42637
0,4924,49240000,49240100,51,126,49250000,42647
0,4925,49250000,49250100,51,126,49260000,42654
0,4926,49260000,49260100,51,126,49270000,42664
0,4927,49270000,49270100,51,126,49280000,42670
0,4928,49280000,49280100,51,126,49290000,42682
0,4929,49290000,49290100,51,126,49300000,42690
0,493,4930000,4930100,51,126,4940000,4267
0,4930,49300000,49300100,51,126,49310000,42698
0,4931,49310000,49310100,51,126,49320000,42706
0,4932,49320000,49320100,51,126,49330000,42717
0,4933,49330000,49330100,51,126,49340000,42724
0,4934,49340000,49340100,51,126,49350000,42731
0,4935,49350000,49350100,51,126,49360000,42742
0,4936,49360000,49360100,51,126,49370000,42751
0,4937,49370000,49370100,51,126,49380000,42757
0,4938,49380000,49380100,51,126,49390000,42769
0,4939,49390000,49390100,51,126,49400000,42776
0,494,4940000,4940100,51,126,4950000,4274
0,4940,49400000,49400100,51,126,49410000,42785
0,4941,49410000,49410100,51,126,49420000,42793
0,4942,49420000,49420100,51,126,49430000,42802
0,4943,49430000,49430100,51,126,49440000,42808
0,4944,49440000,49440100,51,126,49450000,42821
0,4945,49450000,49450100,51,126,49460000,42830
0,4946,49460000,49460100,51,126,49470000,42837
0,4947,49470000,49470100,51,126,49480000,42845
0,4948,49480000,49480100,51,126,49490000,42853
0,4949,49490000,49490100,51,126,49500000,42861
0,495,4950000,4950100,51,126,4960000,4284
0,4950,49500000,49500100,51,126,49510000,42873
0,4951,49510000,49510100,51,126,49520000,42879
0,4952,49520000,49520100,51,126,49530000,42890
0,4953,49530000,49530100,51,126,49540000,42898
0,4954,49540000,49540100,51,126,49550000,42905
0,4955,49550000,49550100,51,126,49560000,42913
0,4956,49560000,49560100,51,126,49570000,42926
0,4957,49570000,49570100,51,126,49580000,42932
0,4958,49580000,49580100,51,126,49590000,42939
0,4959,49590000,49590100,51,126,49600000,42949
0,496,4960000,4960100,51,126,4970000,4293
0,4960,49600000,49600100,51,126,49610000,42959
0,4961,49610000,49610100,51,126,49620000,42966
0,4962,49620000,49620100,51,126,49630000,42976
0,4963,49630000,49630100,51,126,49640000,42984
0,4964,49640000,49640100,51,126,49650000,42992
0,4965,49650000,49650100,51,126,49660000,43001
0,4966,49660000,49660100,51,126,49670000,43011
0,4967,49670000,49670100,51,126,49680000,43017
0,4968,49680000,49680100,51,126,49690000,43029
0,4969,49690000,49690100,51,126,49700000,43035
0,497,4970000,4970100,51,126,4980000,4301
0,4970,49700000,49700100,51,126,49710000,43045
0,4971,49710000,49710100,51,126,49720000,43053
0,4972,49720000,49720100,51,126,49730000,43062
0,4973,49730000,49730100,51,126,49740000,43070
0,4974,49740000,49740100,51,126,49750000,43080
0,4975,49750000,49750100,51,126,49760000,43087
0,4976,49760000,49760100,51,126,49770000,43096
0,4977,49770000,49770100,51,126,49780000,43107
0,4978,49780000,49780100,51,126,49790000,43114
0,4979,49790000,49790100,51,126,49800000,43120
0,498,4980000,4980100,51,126,4990000,4311
0,4980,49800000,49800100,51,126,49810000,43134
0,4981,49810000,49810100,51,126,49820000,43140
0,4982,49820000,49820100,51,126,49830000,43147
0,4983,49830000,49830100,51,126,49840000,43156
0,4984,49840000,49840100,51,126,49850000,43167
0,4985,49850000,49850100,51,126,49860000,43174
0,4986,49860000,49860100,51,126,49870000,43184
0,4987,49870000,49870100,51,126,49880000,43192
0,4988,49880000,49880100,51,126,49890000,43201
0,4989,49890000,49890100,51,126,49900000,43209
0,499,4990000,4990100,51,126,5000000,4317
0,4990,49900000,49900100,51,126,49910000,43217
0,4991,49910000,49910100,51,126,49920000,43225
0,4992,49920000,49920100,51,126,49930000,43237
0,4993,49930000,49930100,51,126,49940000,43243
0,4994,49940000,49940100,51,126,49950000,43253
0,4995,49950000,49950100,51,126,49960000,43262
0,4996,49960000,49960100,51,126,49970000,43270
0,4997,49970000,49970100,51,126,49980000,43276
0,4998,49980000,49980100,51,126,49990000,43288
0,4999,49990000,49990100,51,126,50000000,43295
0,5,50000,50100,51,126,60000,39
0,50,500000,500100,51,126,510000,430
0,500,5000000,5000100,51,126,5010000,4329
0,5000,50000000,50000100,51,126,50010000,43305
0,5001,50010000,50010100,51,126,50020000,43315
0,5002,50020000,50020100,51,126,50030000,43322
0,5003,50030000,50030100,51,126,50040000,43328
0,5004,50040000,50040100,51,126,50050000,43339
0,5005,50050000,50050100,51,126,50060000,43349
0,5006,50060000,50060100,51,126,50070000,43356
0,5007,50070000,50070100,51,126,50080000,43364
0,5008,50080000,50080100,51,126,50090000,43375
0,5009,50090000,50090100,51,126,50100000,43381
0,501,5010000,5010100,51,126,5020000,4337
0,5010,50100000,50100100,51,126,50110000,43393
0,5011,50110000,50110100,51,126,50120000,43399
0,5012,50120000,50120100,51,126,50130000,43409
0,5013,50130000,50130100,51,126,50140000,43417
0,5014,50140000,50140100,51,126,50150000,43424
0,5015,50150000,50150100,51,126,50160000,43433
0,5016,50160000,50160100,51,126,50170000,43446
0,5017,50170000,50170100,51,126,50180000,43452
0,5018,50180000,50180100,51,126,50190000,43459
0,5019,50190000,50190100,51,126,50200000,43469
0,502,5020000,5020100,51,126,5030000,4344
0,5020,50200000,50200100,51,126,50210000,43478
0,5021,50210000,50210100,51,126,50220000,43485
0,5022,50220000,50220100,51,126,50230000,43497
0,5023,50230000,50230100,51,126,50240000,43503
0,5024,50240000,50240100,51,126,50250000,43512
0,5025,50250000,50250100,51,126,50260000,43521
0,5026,50260000,50260100,51,126,50270000,43530
0,5027,50270000,50270100,51,126,50280000,43537
0,5028,50280000,50280100,51,126,50290000,43548
0,5029,50290000,50290100,51,126,50300000,43556
0,503,5030000,5030100,51,126,5040000,4350
0,5030,50300000,50300100,51,126,50310000,43564
0,5031,50310000,50310100,51,126,50320000,43572
0,5032,50320000,50320100,51,126,50330000,43582
0,5033,50330000,50330100,51,126,50340000,43590
0,5034,50340000,50340100,51,126,50350000,43600
0,5035,50350000,50350100,51,126,50360000,43607
0,5036,50360000,50360100,51,126,50370000,43617
0,5037,50370000,50370100,51,126,50380000,43625
0,5038,50380000,50380100,51,126,50390000,43633
0,5039,50390000,50390100,51,126,50400000,43639
0,504,5040000,5040100,51,126,5050000,4364
0,5040,50400000,50400100,51,126,50410000,43654
0,5041,50410000,50410100,51,126,50420000,43660
0,5042,50420000,50420100,51,126,50430000,43667
0,5043,50430000,50430100,51,126,50440000,43678
0,5044,50440000,50440100,51,126,50450000,43686
0,5045,50450000,50450100,51,126,50460000,43693
0,5046,50460000,50460100,51,126,50470000,43703
0,5047,50470000,50470100,51,126,50480000,43711
0,5048,50480000,50480100,51,126,50490000,43720
0,5049,50490000,50490100,51,126,50500000,43729
0,505,5050000,5050100,51,126,5060000,4371
0,5050,50500000,50500100,51,126,50510000,43739
0,5051,50510000,50510100,51,126,50520000,43745
0,5052,50520000,50520100,51,126,50530000,43756
0,5053,50530000,50530100,51,126,50540000,43762
0,5054,50540000,50540100,51,126,50550000,43772
0,5055,50550000,50550100,51,126,50560000,43781
0,5056,50560000,50560100,51,126,50570000,43790
0,5057,50570000,50570100,51,126,50580000,43798
0,5058,50580000,50580100,51,126,50590000,43808
0,5059,50590000,50590100,51,126,50600000,43814
0,506,5060000,5060100,51,126,5070000,4379
0,5060,50600000,50600100,51,126,50610000,43824
0,5061,50610000,50610100,51,126,50620000,43834
0,5062,50620000,50620100,51,126,50630000,43841
0,5063,50630000,50630100,51,126,50640000,43847
0,5064,50640000,50640100,51,126,50650000,43861
0,5065,50650000,50650100,51,126,50660000,43869
0,5066,50660000,50660100,51,126,50670000,43876
0,5067,50670000,50670100,51,126,50680000,43884
0,5068,50680000,50680100,51,126,50690000,43894
0,5069,50690000,50690100,51,126,50700000,43900
0,507,5070000,5070100,51,126,5080000,4389
0,5070,50700000,50700100,51,126,50710000,43911
0,5071,50710000,50710100,51,126,50720000,43920
0,5072,50720000,50720100,51,126,50730000,43929
0,5073,50730000,50730100,51,126,50740000,43937
0,5074,50740000,50740100,51,126,50750000,43944
0,5075,50750000,50750100,51,126,50760000,43953
0,5076,50760000,50760100,51,126,50770000,43965
0,5077,50770000,50770100,51,126,50780000,43971
0,5078,50780000,50780100,51,126,50790000,43980
0,5079,50790000,50790100,51,126,50800000,43988
0,508,5080000,5080100,51,126,5090000,4397
0,5080,50800000,50800100,51,126,50810000,43998
0,5081,50810000,50810100,51,126,50820000,44004
0,5082,50820000,50820100,51,126,50830000,44017
0,5083,50830000,50830100,51,126,50840000,44023
0,5084,50840000,50840100,51,126,50850000,44031
0,5085,50850000,50850100,51,126,50860000,44042
0,5086,50860000,50860100,51,126,50870000,44049
0,5087,50870000,50870100,51,126,50880000,44056
0,5088,50880000,50880100,51,126,50890000,44068
0,5089,50890000,50890100,51,126,50900000,44076
0,509,5090000,5090100,51,126,5100000,4403
0,5090,50900000,50900100,51,126,50910000,44084
0,5091,50910000,50910100,51,126,50920000,44092
0,5092,50920000,50920100,51,126,50930000,44102
0,5093,50930000,50930100,51,126,50940000,44109
0,5094,50940000,50940100,51,126,50950000,44119
0,5095,50950000,50950100,51,126,50960000,44126
0,5096,50960000,50960100,51,126,50970000,44137
0,5097,50970000,50970100,51,126,50980000,44145
0,5098,50980000,50980100,51,126,50990000,44153
0,5099,50990000,50990100,51,126,51000000,44161
0,51,510000,510100,51,126,520000,438
0,510,5100000,5100100,51,126,5110000,4414
0,5100,51000000,51000100,51,126,51010000,44173
0,5101,51010000,51010100,51,126,51020000,44179
0,5102,51020000,51020100,51,126,51030000,44186
0,5103,51030000,51030100,51,126,51040000,44196
0,5104,51040000,51040100,51,126,51050000,44206
0,5105,51050000,51050100,51,126,51060000,44213
0,5106,51060000,51060100,51,126,51070000,44225
0,5107,51070000,51070100,51,126,51080000,44231
0,5108,51080000,51080100,51,126,51090000,44239
0,5109,51090000,51090100,51,126,51100000,44248
0,511,5110000,5110100,51,126,5120000,4423
0,5110,51100000,51100100,51,126,51110000,44258
0,5111,51110000,51110100,51,126,51120000,44264
0,5112,51120000,51120100,51,126,51130000,44276
0,5113,51130000,51130100,51,126,51140000,44284
0,5114,51140000,51140100,51,126,51150000,44291
0,5115,51150000,51150100,51,126,51160000,44301
0,5116,51160000,51160100,51,126,51170000,44309
0,5117,51170000,51170100,51,126,51180000,44317
0,5118,51180000,51180100,51,126,51190000,44327
0,5119,51190000,51190100,51,126,51200000,44333
0,512,5120000,5120100,51,126,5130000,4432
0,5120,51200000,51200100,51,126,51210000,44346
0,5121,51210000,51210100,51,126,51220000,44354
0,5122,51220000,51220100,51,126,51230000,44361
0,5123,51230000,51230100,51,126,51240000,44367
0,5124,51240000,51240100,51,126,51250000,44380
0,5125,51250000,51250100,51,126,51260000,44387
0,5126,51260000,51260100,51,126,51270000,44395
0,5127,51270000,51270100,51,126,51280000,44405
0,5128,51280000,51280100,51,126,51290000,44414
0,5129,51290000,51290100,51,126,51300000,44420
0,513,5130000,5130100,51,126,5140000,4440
0,5130,51300000,51300100,51,126,51310000,44431
0,5131,51310000,51310100,51,126,51320000,44440
0,5132,51320000,51320100,51,126,51330000,44448
0,5133,51330000,51330100,51,126,51340000,44456
0,5134,51340000,51340100,51,126,51350000,44465
0,5135,51350000,51350100,51,126,51360000,44472
0,5136,51360000,51360100,51,126,51370000,44484
0,5137,51370000,51370100,51,126,51380000,44491
0,5138,51380000,51380100,51,126,51390000,44500
0,5139,51390000,51390100,51,126,51400000,44508
0,514,5140000,5140100,51,126,5150000,4449
0,5140,51400000,51400100,51,126,51410000,44517
0,5141,51410000,51410100,51,126,51420000,44525
0,5142,51420000,51420100,51,126,51430000,44536
0,5143,51430000,51430100,51,126,51440000,44542
0,5144,51440000,51440100,51,126,51450000,44551
0,5145,51450000,51450100,51,126,51460000,44562
0,5146,51460000,51460100,51,126,51470000,44569
0,5147,51470000,51470100,51,126,51480000,44575
0,5148,51480000,51480100,51,126,51490000,44589
0,5149,51490000,51490100,51,126,51500000,44595
0,515,5150000,5150100,51,126,5160000,4456
0,5150,51500000,51500100,51,126,51510000,44603
0,5151,51510000,51510100,51,126,51520000,44611
0,5152,51520000,51520100,51,126,51530000,44622
0,5153,51530000,51530100,51,126,51540000,44629
0,5154,51540000,51540100,51,126,51550000,44639
0,5155,51550000,51550100,51,126,51560000,44648
0,5156,51560000,51560100,51,126,51570000,44656
0,5157,51570000,51570100,51,126,51580000,44664
0,5158,51580000,51580100,51,126,51590000,44671
0,5159,51590000,51590100,51,126,51600000,44680
0,516,5160000,5160100,51,126,5170000,4467
0,5160,51600000,51600100,51,126,51610000,44693
0,5161,51610000,51610100,51,126,51620000,44699
0,5162,51620000,51620100,51,126,51630000,44708
0,5163,51630000,51630100,51,126,51640000,44716
0,5164,51640000,51640100,51,126,51650000,44725
0,5165,51650000,51650100,51,126,51660000,44732
0,5166,51660000,51660100,51,126,51670000,44744
0,5167,51670000,51670100,51,126,51680000,44750
0,5168,51680000,51680100,51,126,51690000,44759
0,5169,51690000,51690100,51,126,51700000,44769
0,517,5170000,5170100,51,126,5180000,4474
0,5170,51700000,51700100,51,126,51710000,44778
0,5171,51710000,51710100,51,126,51720000,44784
0,5172,51720000,51720100,51,126,51730000,44795
0,5173,51730000,51730100,51,126,51740000,44803
0,5174,51740000,51740100,51,126,51750000,44810
0,5175,51750000,51750100,51,126,51760000,44820
0,5176,51760000,51760100,51,126,51770000,44831
0,5177,51770000,51770100,51,126,51780000,44837
0,5178,51780000,51780100,51,126,51790000,44847
0,5179,51790000,51790100,51,126,51800000,44853
0,518,5180000,5180100,51,126,5190000,4483
0,5180,51800000,51800100,51,126,51810000,44864
0,5181,51810000,51810100,51,126,51820000,44873
0,5182,51820000,51820100,51,126,51830000,44880
0,5183,51830000,51830100,51,126,51840000,44888
0,5184,51840000,51840100,51,126,51850000,44900
0,5185,51850000,51850100,51,126,51860000,44907
0,5186,51860000,51860100,51,126,51870000,44915
0,5187,51870000,51870100,51,126,51880000,44925
0,5188,51880000,51880100,51,126,51890000,44933
0,5189,51890000,51890100,51,126,51900000,44939
0,519,5190000,5190100,51,126,5200000,4491
0,5190,51900000,51900100,51,126,51910000,44952
0,5191,51910000,51910100,51,126,51920000,44958
0,5192,51920000,51920100,51,126,51930000,44968
0,5193,51930000,51930100,51,126,51940000,44976
0,5194,51940000,51940100,51,126,51950000,44985
0,5195,51950000,51950100,51,126,51960000,44992
0,5196,51960000,51960100,51,126,51970000,45003
0,5197,51970000,51970100,51,126,51980000,45012
0,5198,51980000,51980100,51,126,51990000,45019
0,5199,51990000,51990100,51,126,52000000,45027
0,52,520000,520100,51,126,530000,448
0,520,5200000,5200100,51,126,5210000,4501
0,5200,52000000,52000100,51,126,52010000,45037
0,5201,52010000,52010100,51,126,52020000,45045
0,5202,52020000,52020100,51,126,52030000,45055
0,5203,52030000,52030100,51,126,52040000,45062
0,5204,52040000,52040100,51,126,52050000,45072
0,5205,52050000,52050100,51,126,52060000,45081
0,5206,52060000,52060100,51,126,52070000,45088
0,5207,52070000,52070100,51,126,52080000,45094
0,5208,52080000,52080100,51,126,52090000,45109
0,5209,52090000,52090100,51,126,52100000,45115
0,521,5210000,5210100,51,126,5220000,4509
0,5210,52100000,52100100,51,126,52110000,45123
0,5211,52110000,52110100,51,126,52120000,45133
0,5212,52120000,52120100,51,126,52130000,45141
0,5213,52130000,52130100,51,126,52140000,45147
0,5214,52140000,52140100,51,126,52150000,45158
0,5215,52150000,52150100,51,126,52160000,45167
0,5216,52160000,52160100,51,126,52170000,45176
0,5217,52170000,52170100,51,126,52180000,45184
0,5218,52180000,52180100,51,126,52190000,45193
0,5219,52190000,52190100,51,126,52200000,45200
0,522,5220000,5220100,51,126,5230000,4520
0,5220,52200000,52200100,51,126,52210000,45212
0,5221,52210000,52210100,51,126,52220000,45218
0,5222,52220000,52220100,51,126,52230000,45227
0,5223,52230000,52230100,51,126,52240000,45235
0,5224,52240000,52240100,51,126,52250000,45244
0,5225,52250000,52250100,51,126,52260000,45254
0,5226,52260000,52260100,51,126,52270000,45264
0,5227,52270000,52270100,51,126,52280000,45270
0,5228,52280000,52280100,51,126,52290000,45278
0,5229,52290000,52290100,51,126,52300000,45288
0,523,5230000,5230100,51,126,5240000,4526
0,5230,52300000,52300100,51,126,52310000,45297
0,5231,52310000,52310100,51,126,52320000,45303
0,5232,52320000,52320100,51,126,52330000,45317
0,5233,52330000,52330100,51,126,52340000,45323
0,5234,52340000,52340100,51,126,52350000,45330
0,5235,52350000,52350100,51,126,52360000,45339
0,5236,52360000,52360100,51,126,52370000,45350
0,5237,52370000,52370100,51,126,52380000,45356
0,5238,52380000,52380100,51,126,52390000,45366
0,5239,52390000,52390100,51,126,52400000,45374
0,524,5240000,5240100,51,126,5250000,4534
0,5240,52400000,52400100,51,126,52410000,45384
0,5241,52410000,52410100,51,126,52420000,45393
0,5242,52420000,52420100,51,126,52430000,45400
0,5243,52430000,52430100,51,126,52440000,45408
0,5244,52440000,52440100,51,126,52450000,45419
0,5245,52450000,52450100,51,126,52460000,45426
0,5246,52460000,52460100,51,126,52470000,45435
0,5247,52470000,52470100,51,126,52480000,45444
0,5248,52480000,52480100,51,126,52490000,45453
0,5249,52490000,52490100,51,126,52500000,45459
0,525,5250000,5250100,51,126,5260000,4545
0,5250,52500000,52500100,51,126,52510000,45472
0,5251,52510000,52510100,51,126,52520000,45478
0,5252,52520000,52520100,51,126,52530000,45487
0,5253,52530000,52530100,51,126,52540000,45497
0,5254,52540000,52540100,51,126,52550000,45504
0,5255,52550000,52550100,51,126,52560000,45511
0,5256,52560000,52560100,51,126,52570000,45523
0,5257,52570000,52570100,51,126,52580000,45531
0,5258,52580000,52580100,51,126,52590000,45539
0,5259,52590000,52590100,51,126,52600000,45547
0,526,5260000,5260100,51,126,5270000,4552
0,5260,52600000,52600100,51,126,52610000,45558
0,5261,52610000,52610100,51,126,52620000,45564
0,5262,52620000,52620100,51,126,52630000,45574
0,5263,52630000,52630100,51,126,52640000,45581
0,5264,52640000,52640100,51,126,52650000,45592
0,5265,52650000,52650100,51,126,52660000,45601
0,5266,52660000,52660100,51,126,52670000,45608
0,5267,52670000,52670100,51,126,52680000,45616
0,5268,52680000,52680100,51,126,52690000,45627
0,5269,52690000,52690100,51,126,52700000,45634
0,527,5270000,5270100,51,126,5280000,4558
0,5270,52700000,52700100,51,126,52710000,45642
0,5271,52710000,52710100,51,126,52720000,45652
0,5272,52720000,52720100,51,126,52730000,45661
0,5273,52730000,52730100,51,126,52740000,45667
0,5274,52740000,52740100,51,126,52750000,45680
0,5275,52750000,52750100,51,126,52760000,45687
0,5276,52760000,52760100,51,126,52770000,45695
0,5277,52770000,52770100,51,126,52780000,45703
0,5278,52780000,52780100,51,126,52790000,45712
0,5279,52790000,52790100,51,126,52800000,45718
0,528,5280000,5280100,51,126,5290000,4573
0,5280,52800000,52800100,51,126,52810000,45732
0,5281,52810000,52810100,51,126,52820000,45740
0,5282,52820000,52820100,51,126,52830000,45747
0,5283,52830000,52830100,51,126,52840000,45755
0,5284,52840000,52840100,51,126,52850000,45763
0,5285,52850000,52850100,51,126,52860000,45773
0,5286,52860000,52860100,51,126,52870000,45783
0,5287,52870000,52870100,51,126,52880000,45789
0,5288,52880000,52880100,51,126,52890000,45800
0,5289,52890000,52890100,51,126,52900000,45808
0,529,5290000,5290100,51,126,5300000,4579
0,5290,52900000,52900100,51,126,52910000,45816
0,5291,52910000,52910100,51,126,52920000,45823
0,5292,52920000,52920100,51,126,52930000,45836
0,5293,52930000,52930100,51,126,52940000,45842
0,5294,52940000,52940100,51,126,52950000,45849
0,5295,52950000,52950100,51,126,52960000,45860
0,5296,52960000,52960100,51,126,52970000,45870
0,5297,52970000,52970100,51,126,52980000,45876
0,5298,52980000,52980100,51,126,52990000,45886
0,5299,52990000,52990100,51,126,53000000,45894
0,53,530000,530100,51,126,540000,454
0,530,5300000,5300100,51,126,5310000,4587
0,5300,53000000,53000100,51,126,53010000,45903
0,5301,53010000,53010100,51,126,53020000,45911
0,5302,53020000,53020100,51,126,53030000,45921
0,5303,53030000,53030100,51,126,53040000,45927
0,5304,53040000,53040100,51,126,53050000,45939
0,5305,53050000,53050100,51,126,53060000,45946
0,5306,53060000,53060100,51,126,53070000,45955
0,5307,53070000,53070100,51,126,53080000,45964
0,5308,53080000,53080100,51,126,53090000,45972
0,5309,53090000,53090100,51,126,53100000,45980
0,531,5310000,5310100,51,126,5320000,4595
0,5310,53100000,53100100,51,126,53110000,45991
0,5311,53110000,53110100,51,126,53120000,45997
0,5312,53120000,53120100,51,126,53130000,46006
0,5313,53130000,53130100,51,126,53140000,46017
0,5314,53140000,53140100,51,126,53150000,46024
0,5315,53150000,53150100,51,126,53160000,46031
0,5316,53160000,53160100,51,126,53170000,46044
0,5317,53170000,53170100,51,126,53180000,46050
0,5318,53180000,53180100,51,126,53190000,46058
0,5319,53190000,53190100,51,126,53200000,46066
0,532,5320000,5320100,51,126,5330000,4605
0,5320,53200000,53200100,51,126,53210000,46078
0,5321,53210000,53210100,51,126,53220000,46084
0,5322,53220000,53220100,51,126,53230000,46094
0,5323,53230000,53230100,51,126,53240000,46102
0,5324,53240000,53240100,51,126,53250000,46111
0,5325,53250000,53250100,51,126,53260000,46120
0,5326,53260000,53260100,51,126,53270000,46127
0,5327,53270000,53270100,51,126,53280000,46135
0,5328,53280000,53280100,51,126,53290000,46147
0,5329,53290000,53290100,51,126,53300000,46154
0,533,5330000,5330100,51,126,5340000,4612
0,5330,53300000,53300100,51,126,53310000,46164
0,5331,53310000,53310100,51,126,53320000,46172
0,5332,53320000,53320100,51,126,53330000,46180
0,5333,53330000,53330100,51,126,53340000,46186
0,5334,53340000,53340100,51,126,53350000,46198
0,5335,53350000,53350100,51,126,53360000,46206
0,5336,53360000,53360100,51,126,53370000,46215
0,5337,53370000,53370100,51,126,53380000,46225
0,5338,53380000,53380100,51,126,53390000,46232
0,5339,53390000,53390100,51,126,53400000,46238
0,534,5340000,5340100,51,126,5350000,4622
0,5340,53400000,53400100,51,126,53410000,46251
0,5341,53410000,53410100,51,126,53420000,46259
0,5342,53420000,53420100,51,126,53430000,46266
0,5343,53430000,53430100,51,126,53440000,46274
0,5344,53440000,53440100,51,126,53450000,46285
0,5345,53450000,53450100,51,126,53460000,46292
0,5346,53460000,53460100,51,126,53470000,46303
0,5347,53470000,53470100,51,126,53480000,46309
0,5348,53480000,53480100,51,126,53490000,46319
0,5349,53490000,53490100,51,126,53500000,46327
0,535,5350000,5350100,51,126,5360000,4631
0,5350,53500000,53500100,51,126,53510000,46335
0,5351,53510000,53510100,51,126,53520000,46344
0,5352,53520000,53520100,51,126,53530000,46356
0,5353,53530000,53530100,51,126,53540000,46362
0,5354,53540000,53540100,51,126,53550000,46369
0,5355,53550000,53550100,51,126,53560000,46380
0,5356,53560000,53560100,51,126,53570000,46388
0,5357,53570000,53570100,51,126,53580000,46395
0,5358,53580000,53580100,51,126,53590000,46407
0,5359,53590000,53590100,51,126,53600000,46413
0,536,5360000,5360100,51,126,5370000,4640
0,5360,53600000,53600100,51,126,53610000,46423
0,5361,53610000,53610100,51,126,53620000,46431
0,5362,53620000,53620100,51,126,53630000,46441
0,5363,53630000,53630100,51,126,53640000,46447
0,5364,53640000,53640100,51,126,53650000,46458
0,5365,53650000,53650100,51,126,53660000,46467
0,5366,53660000,53660100,51,126,53670000,46474
0,5367,53670000,53670100,51,126,53680000,46482
0,5368,53680000,53680100,51,126,53690000,46492
0,5369,53690000,53690100,51,126,53700000,46500
0,537,5370000,5370100,51,126,5380000,4648
0,5370,53700000,53700100,51,126,53710000,46511
0,5371,53710000,53710100,51,126,53720000,46517
0,5372,53720000,53720100,51,126,53730000,46527
0,5373,53730000,53730100,51,126,53740000,46536
0,5374,53740000,53740100,51,126,53750000,46543
0,5375,53750000,53750100,51,126,53760000,46550
0,5376,53760000,53760100,51,126,53770000,46564
0,5377,53770000,53770100,51,126,53780000,46570
0,5378,53780000,53780100,51,126,53790000,46577
0,5379,53790000,53790100,51,126,53800000,46588
0,538,5380000,5380100,51,126,5390000,4655
0,5380,53800000,53800100,51,126,53810000,46597
0,5381,53810000,53810100,51,126,53820000,46603
0,5382,53820000,53820100,51,126,53830000,46613
0,5383,53830000,53830100,51,126,53840000,46621
0,5384,53840000,53840100,51,126,53850000,46631
0,5385,53850000,53850100,51,126,53860000,46640
0,5386,53860000,53860100,51,126,53870000,46649
0,5387,53870000,53870100,51,126,53880000,46655
0,5388,53880000,53880100,51,126,53890000,46666
0,5389,53890000,53890100,51,126,53900000,46672
0,539,5390000,5390100,51,126,5400000,4664
0,5390,53900000,53900100,51,126,53910000,46683
0,5391,53910000,53910100,51,126,53920000,46691
0,5392,53920000,53920100,51,126,53930000,46700
0,5393,53930000,53930100,51,126,53940000,46708
0,5394,53940000,53940100,51,126,53950000,46718
0,5395,53950000,53950100,51,126,53960000,46726
0,5396,53960000,53960100,51,126,53970000,46734
0,5397,53970000,53970100,51,126,53980000,46744
0,5398,53980000,53980100,51,126,53990000,46751
0,5399,53990000,53990100,51,126,54000000,46757
0,54,540000,540100,51,126,550000,464
0,540,5400000,5400100,51,126,5410000,4676
0,5400,54000000,54000100,51,126,54010000,46772
0,5401,54010000,54010100,51,126,54020000,46779
0,5402,54020000,54020100,51,126,54030000,46786
0,5403,54030000,54030100,51,126,54040000,46794
0,5404,54040000,54040100,51,126,54050000,46804
0,5405,54050000,54050100,51,126,54060000,46811
0,5406,54060000,54060100,51,126,54070000,46822
0,5407,54070000,54070100,51,126,54080000,46830
0,5408,54080000,54080100,51,126,54090000,46839
0,5409,54090000,54090100,51,126,54100000,46847
0,541,5410000,5410100,51,126,5420000,4682
0,5410,54100000,54100100,51,126,54110000,46855
0,5411,54110000,54110100,51,126,54120000,46863
0,5412,54120000,54120100,51,126,54130000,46875
0,5413,54130000,54130100,51,126,54140000,46881
0,5414,54140000,54140100,51,126,54150000,46890
0,5415,54150000,54150100,51,126,54160000,46899
0,5416,54160000,54160100,51,126,54170000,46908
0,5417,54170000,54170100,51,126,54180000,46915
0,5418,54180000,54180100,51,126,54190000,46927
0,5419,54190000,54190100,51,126,54200000,46933
0,542,5420000,5420100,51,126,5430000,4691
0,5420,54200000,54200100,51,126,54210000,46942
0,5421,54210000,54210100,51,126,54220000,46952
0,5422,54220000,54220100,51,126,54230000,46959
0,5423,54230000,54230100,51,126,54240000,46966
0,5424,54240000,54240100,51,126,54250000,46978
0,5425,54250000,54250100,51,126,54260000,46987
0,5426,54260000,54260100,51,126,54270000,46994
0,5427,54270000,54270100,51,126,54280000,47002
0,5428,54280000,54280100,51,126,54290000,47013
0,5429,54290000,54290100,51,126,54300000,47019
0,543,5430000,5430100,51,126,5440000,4699
0,5430,54300000,54300100,51,126,54310000,47030
0,5431,54310000,54310100,51,126,54320000,47036
0,5432,54320000,54320100,51,126,54330000,47047
0,5433,54330000,54330100,51,126,54340000,47055
0,5434,54340000,54340100,51,126,54350000,47063
0,5435,54350000,54350100,51,126,54360000,47072
0,5436,54360000,54360100,51,126,54370000,47083
0,5437,54370000,54370100,51,126,54380000,47089
0,5438,54380000,54380100,51,126,54390000,47096
0,5439,54390000,54390100,51,126,54400000,47107
0,544,5440000,5440100,51,126,5450000,4709
0,5440,54400000,54400100,51,126,54410000,47117
0,5441,54410000,54410100,51,126,54420000,47123
0,5442,54420000,54420100,51,126,54430000,47135
0,5443,54430000,54430100,51,126,54440000,47141
0,5444,54440000,54440100,51,126,54450000,47149
0,5445,54450000,54450100,51,126,54460000,47159
0,5446,54460000,54460100,51,126,54470000,47168
0,5447,54470000,54470100,51,126,54480000,47174
0,5448,54480000,54480100,51,126,54490000,47186
0,5449,54490000,54490100,51,126,54500000,47194
0,545,5450000,5450100,51,126,5460000,4716
0,5450,54500000,54500100,51,126,54510000,47203
0,5451,54510000,54510100,51,126,54520000,47211
0,5452,54520000,54520100,51,126,54530000,47219
0,5453,54530000,54530100,51,126,54540000,47227
0,5454,54540000,54540100,51,126,54550000,47237
0,5455,54550000,54550100,51,126,54560000,47244
0,5456,54560000,54560100,51,126,54570000,47256
0,5457,54570000,54570100,51,126,54580000,47264
0,5458,54580000,54580100,51,126,54590000,47271
0,5459,54590000,54590100,51,126,54600000,47277
0,546,5460000,5460100,51,126,5470000,4728
0,5460,54600000,54600100,51,126,54610000,47291
0,5461,54610000,54610100,51,126,54620000,47298
0,5462,54620000,54620100,51,126,54630000,47305
0,5463,54630000,54630100,51,126,54640000,47315
0,5464,54640000,54640100,51,126,54650000,47324
0,5465,54650000,54650100,51,126,54660000,47331
0,5466,54660000,54660100,51,126,54670000,47341
0,5467,54670000,54670100,51,126,54680000,47350
0,5468,54680000,54680100,51,126,54690000,47358
0,5469,54690000,54690100,51,126,54700000,47366
0,547,5470000,5470100,51,126,5480000,4734
0,5470,54700000,54700100,51,126,54710000,47376
0,5471,54710000,54710100,51,126,54720000,47382
0,5472,54720000,54720100,51,126,54730000,47395
0,5473,54730000,54730100,51,126,54740000,47401
0,5474,54740000,54740100,51,126,54750000,47410
0,5475,54750000,54750100,51,126,54760000,47419
0,5476,54760000,54760100,51,126,54770000,47427
0,5477,54770000,54770100,51,126,54780000,47435
0,5478,54780000,54780100,51,126,54790000,47446
0,5479,54790000,54790100,51,126,54800000,47452
0,548,5480000,5480100,51,126,5490000,4742
0,5480,54800000,54800100,51,126,54810000,47462
0,5481,54810000,54810100,51,126,54820000,47472
0,5482,54820000,54820100,51,126,54830000,47479
0,5483,54830000,54830100,51,126,54840000,47486
0,5484,54840000,54840100,51,126,54850000,47499
0,5485,54850000,54850100,51,126,54860000,47506
0,5486,54860000,54860100,51,126,54870000,47513
0,5487,54870000,54870100,51,126,54880000,47521
0,5488,54880000,54880100,51,126,54890000,47532
0,5489,54890000,54890100,51,126,54900000,47539
0,549,5490000,5490100,51,126,5500000,4752
0,5490,54900000,54900100,51,126,54910000,47550
0,5491,54910000,54910100,51,126,54920000,47558
0,5492,54920000,54920100,51,126,54930000,47566
0,5493,54930000,54930100,51,126,54940000,47574
0,5494,54940000,54940100,51,126,54950000,47582
0,5495,54950000,54950100,51,126,54960000,47591
0,5496,54960000,54960100,51,126,54970000,47603
0,5497,54970000,54970100,51,126,54980000,47609
0,5498,54980000,54980100,51,126,54990000,47618
0,5499,54990000,54990100,51,126,55000000,47626
0,55,550000,550100,51,126,560000,472
0,550,5500000,5500100,51,126,5510000,4761
0,5500,55000000,55000100,51,126,55010000,47636
0,5501,55010000,55010100,51,126,55020000,47642
0,5502,55020000,55020100,51,126,55030000,47654
0,5503,55030000,55030100,51,126,55040000,47660
0,5504,55040000,55040100,51,126,55050000,47669
0,5505,55050000,55050100,51,126,55060000,47681
0,5506,55060000,55060100,51,126,55070000,47688
0,5507,55070000,55070100,51,126,55080000,47694
0,5508,55080000,55080100,51,126,55090000,47705
0,5509,55090000,55090100,51,126,55100000,47713
0,551,5510000,5510100,51,126,5520000,4767
0,5510,55100000,55100100,51,126,55110000,47721
0,5511,55110000,55110100,51,126,55120000,47730
0,5512,55120000,55120100,51,126,55130000,47741
0,5513,55130000,55130100,51,126,55140000,47747
0,5514,55140000,55140100,51,126,55150000,47757
0,5515,55150000,55150100,51,126,55160000,47764
0,5516,55160000,55160100,51,126,55170000,47775
0,5517,55170000,55170100,51,126,55180000,47783
0,5518,55180000,55180100,51,126,55190000,47790
0,5519,55190000,55190100,51,126,55200000,47798
0,552,5520000,5520100,51,126,5530000,4779
0,5520,55200000,55200100,51,126,55210000,47811
0,5521,55210000,55210100,51,126,55220000,47817
0,5522,55220000,55220100,51,126,55230000,47825
0,5523,55230000,55230100,51,126,55240000,47835
0,5524,55240000,55240100,51,126,55250000,47843
0,5525,55250000,55250100,51,126,55260000,47850
0,5526,55260000,55260100,51,126,55270000,47862
0,5527,55270000,55270100,51,126,55280000,47869
0,5528,55280000,55280100,51,126,55290000,47878
0,5529,55290000,55290100,51,126,55300000,47886
0,553,5530000,5530100,51,126,5540000,4787
0,5530,55300000,55300100,51,126,55310000,47896
0,5531,55310000,55310100,51,126,55320000,47902
0,5532,55320000,55320100,51,126,55330000,47913
0,5533,55330000,55330100,51,126,55340000,47922
0,5534,55340000,55340100,51,126,55350000,47929
0,5535,55350000,55350100,51,126,55360000,47938
0,5536,55360000,55360100,51,126,55370000,47947
0,5537,55370000,55370100,51,126,55380000,47955
0,5538,55380000,55380100,51,126,55390000,47966
0,5539,55390000,55390100,51,126,55400000,47972
0,554,5540000,5540100,51,126,5550000,4794
0,5540,55400000,55400100,51,126,55410000,47983
0,5541,55410000,55410100,51,126,55420000,47991
0,5542,55420000,55420100,51,126,55430000,47998
0,5543,55430000,55430100,51,126,55440000,48004
0,5544,55440000,55440100,51,126,55450000,48019
0,5545,55450000,55450100,51,126,55460000,48026
0,5546,55460000,55460100,51,126,55470000,48033
0,5547,55470000,55470100,51,126,55480000,48043
0,5548,55480000,55480100,51,126,55490000,48051
0,5549,55490000,55490100,51,126,55500000,48058
0,555,5550000,5550100,51,126,5560000,4804
0,5550,55500000,55500100,51,126,55510000,48069
0,5551,55510000,55510100,51,126,55520000,48077
0,5552,55520000,55520100,51,126,55530000,48086
0,5553,55530000,55530100,51,126,55540000,48094
0,5554,55540000,55540100,51,126,55550000,48103
0,5555,55550000,55550100,51,126,55560000,48111
0,5556,55560000,55560100,51,126,55570000,48122
0,5557,55570000,55570100,51,126,55580000,48128
0,5558,55580000,55580100,51,126,55590000,48137
0,5559,55590000,55590100,51,126,55600000,48145
0,556,5560000,5560100,51,126,5570000,4814
0,5560,55600000,55600100,51,126,55610000,48156
0,5561,55610000,55610100,51,126,55620000,48164
0,5562,55620000,55620100,51,126,55630000,48174
0,5563,55630000,55630100,51,126,55640000,48180
0,5564,55640000,55640100,51,126,55650000,48188
0,5565,55650000,55650100,51,126,55660000,48199
0,5566,55660000,55660100,51,126,55670000,48207
0,5567,55670000,55670100,51,126,55680000,48213
0,5568,55680000,55680100,51,126,55690000,48227
0,5569,55690000,55690100,51,126,55700000,48233
0,557,5570000,5570100,51,126,5580000,4820
0,5570,55700000,55700100,51,126,55710000,48241
0,5571,55710000,55710100,51,126,55720000,48250
0,5572,55720000,55720100,51,126,55730000,48260
0,5573,55730000,55730100,51,126,55740000,48266
0,5574,55740000,55740100,51,126,55750000,48276
0,5575,55750000,55750100,51,126,55760000,48285
0,5576,55760000,55760100,51,126,55770000,48294
0,5577,55770000,55770100,51,126,55780000,48303
0,5578,55780000,55780100,51,126,55790000,48310
0,5579,55790000,55790100,51,126,55800000,48318
0,558,5580000,5580100,51,126,5590000,4830
0,5580,55800000,55800100,51,126,55810000,48330
0,5581,55810000,55810100,51,126,55820000,48336
0,5582,55820000,55820100,51,126,55830000,48346
0,5583,55830000,55830100,51,126,55840000,48354
0,5584,55840000,55840100,51,126,55850000,48363
0,5585,55850000,55850100,51,126,55860000,48370
0,5586,55860000,55860100,51,126,55870000,48382
0,5587,55870000,55870100,51,126,55880000,48388
0,5588,55880000,55880100,51,126,55890000,48397
0,5589,55890000,55890100,51,126,55900000,48407
0,559,5590000,5590100,51,126,5600000,4836
0,5590,55900000,55900100,51,126,55910000,48415
0,5591,55910000,55910100,51,126,55920000,48421
0,5592,55920000,55920100,51,126,55930000,48433
0,5593,55930000,55930100,51,126,55940000,48442
0,5594,55940000,55940100,51,126,55950000,48449
0,5595,55950000,55950100,51,126,55960000,48458
0,5596,55960000,55960100,51,126,55970000,48468
0,5597,55970000,55970100,51,126,55980000,48474
0,5598,55980000,55980100,51,126,55990000,48484
0,5599,55990000,55990100,51,126,56000000,48491
0,56,560000,560100,51,126,570000,483
0,560,5600000,5600100,51,126,5610000,4848
0,5600,56000000,56000100,51,126,56010000,48503
0,5601,56010000,56010100,51,126,56020000,48511
0,5602,56020000,56020100,51,126,56030000,48518
0,5603,56030000,56030100,51,126,56040000,48526
0,5604,56040000,56040100,51,126,56050000,48538
0,5605,56050000,56050100,51,126,56060000,48545
0,5606,56060000,56060100,51,126,56070000,48552
0,5607,56070000,56070100,51,126,56080000,48562
0,5608,56080000,56080100,51,126,56090000,48571
0,5609,56090000,56090100,51,126,56100000,48577
0,561,5610000,5610100,51,126,5620000,4857
0,5610,56100000,56100100,51,126,56110000,48591
0,5611,56110000,56110100,51,126,56120000,48597
0,5612,56120000,56120100,51,126,56130000,48605
0,5613,56130000,56130100,51,126,56140000,48613
0,5614,56140000,56140100,51,126,56150000,48622
0,5615,56150000,56150100,51,126,56160000,48630
0,5616,56160000,56160100,51,126,56170000,48642
0,5617,56170000,56170100,51,126,56180000,48650
0,5618,56180000,56180100,51,126,56190000,48657
0,5619,56190000,56190100,51,126,56200000,48665
0,562,5620000,5620100,51,126,5630000,4864
0,5620,56200000,56200100,51,126,56210000,48674
0,5621,56210000,56210100,51,126,56220000,48683
0,5622,56220000,56220100,51,126,56230000,48693
0,5623,56230000,56230100,51,126,56240000,48699
0,5624,56240000,56240100,51,126,56250000,48710
0,5625,56250000,56250100,51,126,56260000,48719
0,5626,56260000,56260100,51,126,56270000,48727
0,5627,56270000,56270100,51,126,56280000,48733
0,5628,56280000,56280100,51,126,56290000,48746
0,5629,56290000,56290100,51,126,56300000,48752
0,563,5630000,5630100,51,126,5640000,4872
0,5630,56300000,56300100,51,126,56310000,48760
0,5631,56310000,56310100,51,126,56320000,48770
0,5632,56320000,56320100,51,126,56330000,48780
0,5633,56330000,56330100,51,126,56340000,48786
0,5634,56340000,56340100,51,126,56350000,48796
0,5635,56350000,56350100,51,126,56360000,48805
0,5636,56360000,56360100,51,126,56370000,48813
0,5637,56370000,56370100,51,126,56380000,48822
0,5638,56380000,56380100,51,126,56390000,48831
0,5639,56390000,56390100,51,126,56400000,48837
0,564,5640000,5640100,51,126,5650000,4883
0,5640,56400000,56400100,51,126,56410000,48850
0,5641,56410000,56410100,51,126,56420000,48856
0,5642,56420000,56420100,51,126,56430000,48865
0,5643,56430000,56430100,51,126,56440000,48874
0,5644,56440000,56440100,51,126,56450000,48882
0,5645,56450000,56450100,51,126,56460000,48891
0,5646,56460000,56460100,51,126,56470000,48901
0,5647,56470000,56470100,51,126,56480000,48907
0,5648,56480000,56480100,51,126,56490000,48917
0,5649,56490000,56490100,51,126,56500000,48927
0,565,5650000,5650100,51,126,5660000,4890
0,5650,56500000,56500100,51,126,56510000,48935
0,5651,56510000,56510100,51,126,56520000,48941
0,5652,56520000,56520100,51,126,56530000,48954
0,5653,56530000,56530100,51,126,56540000,48960
0,5654,56540000,56540100,51,126,56550000,48968
0,5655,56550000,56550100,51,126,56560000,48977
0,5656,56560000,56560100,51,126,56570000,48988
0,5657,56570000,56570100,51,126,56580000,48994
0,5658,56580000,56580100,51,126,56590000,49004
0,5659,56590000,56590100,51,126,56600000,49013
0,566,5660000,5660100,51,126,5670000,4898
0,5660,56600000,56600100,51,126,56610000,49022
0,5661,56610000,56610100,51,126,56620000,49030
0,5662,56620000,56620100,51,126,56630000,49037
0,5663,56630000,56630100,51,126,56640000,49045
0,5664,56640000,56640100,51,126,56650000,49057
0,5665,56650000,56650100,51,126,56660000,49065
0,5666,56660000,56660100,51,126,56670000,49074
0,5667,56670000,56670100,51,126,56680000,49082
0,5668,56680000,56680100,51,126,56690000,49090
0,5669,56690000,56690100,51,126,56700000,49096
0,567,5670000,5670100,51,126,5680000,4908
0,5670,56700000,56700100,51,126,56710000,49110
0,5671,56710000,56710100,51,126,56720000,49116
0,5672,56720000,56720100,51,126,56730000,49125
0,5673,56730000,56730100,51,126,56740000,49135
0,5674,56740000,56740100,51,126,56750000,49142
0,5675,56750000,56750100,51,126,56760000,49149
0,5676,56760000,56760100,51,126,56770000,49161
0,5677,56770000,56770100,51,126,56780000,49169
0,5678,56780000,56780100,51,126,56790000,49176
0,5679,56790000,56790100,51,126,56800000,49184
0,568,5680000,5680100,51,126,5690000,4917
0,5680,56800000,56800100,51,126,56810000,49196
0,5681,56810000,56810100,51,126,56820000,49203
0,5682,56820000,56820100,51,126,56830000,49213
0,5683,56830000,56830100,51,126,56840000,49219
0,5684,56840000,56840100,51,126,56850000,49229
0,5685,56850000,56850100,51,126,56860000,49238
0,5686,56860000,56860100,51,126,56870000,49245
0,5687,56870000,56870100,51,126,56880000,49254
0,5688,56880000,56880100,51,126,56890000,49266
0,5689,56890000,56890100,51,126,56900000,49272
0,569,5690000,5690100,51,126,5700000,4923
0,5690,56900000,56900100,51,126,56910000,49280
0,5691,56910000,56910100,51,126,56920000,49290
0,5692,56920000,56920100,51,126,56930000,49299
0,5693,56930000,56930100,51,126,56940000,49305
0,5694,56940000,56940100,51,126,56950000,49317
0,5695,56950000,56950100,51,126,56960000,49324
0,5696,56960000,56960100,51,126,56970000,49333
0,5697,56970000,56970100,51,126,56980000,49341
0,5698,56980000,56980100,51,126,56990000,49351
0,5699,56990000,56990100,51,126,57000000,49357
0,57,570000,570100,51,126,580000,491
0,570,5700000,5700100,51,126,5710000,4936
0,5700,57000000,57000100,51,126,57010000,49369
0,5701,57010000,57010100,51,126,57020000,49377
0,5702,57020000,57020100,51,126,57030000,49384
0,5703,57030000,57030100,51,126,57040000,49393
0,5704,57040000,57040100,51,126,57050000,49402
0,5705,57050000,57050100,51,126,57060000,49411
0,5706,57060000,57060100,51,126,57070000,49421
0,5707,57070000,57070100,51,126,57080000,49427
0,5708,57080000,57080100,51,126,57090000,49437
0,5709,57090000,57090100,51,126,57100000,49446
0,571,5710000,5710100,51,126,5720000,4942
0,5710,57100000,57100100,51,126,57110000,49454
0,5711,57110000,57110100,51,126,57120000,49460
0,5712,57120000,57120100,51,126,57130000,49474
0,5713,57130000,57130100,51,126,57140000,49480
0,5714,57140000,57140100,51,126,57150000,49488
0,5715,57150000,57150100,51,126,57160000,49499
0,5716,57160000,57160100,51,126,57170000,49507
0,5717,57170000,57170100,51,126,57180000,49513
0,5718,57180000,57180100,51,126,57190000,49523
0,5719,57190000,57190100,51,126,57200000,49531
0,572,5720000,5720100,51,126,5730000,4951
0,5720,57200000,57200100,51,126,57210000,49542
0,5721,57210000,57210100,51,126,57220000,49550
0,5722,57220000,57220100,51,126,57230000,49559
0,5723,57230000,57230100,51,126,57240000,49565
0,5724,57240000,57240100,51,126,57250000,49576
0,5725,57250000,57250100,51,126,57260000,49584
0,5726,57260000,57260100,51,126,57270000,49593
0,5727,57270000,57270100,51,126,57280000,49601
0,5728,57280000,57280100,51,126,57290000,49610
0,5729,57290000,57290100,51,126,57300000,49618
0,573,5730000,5730100,51,126,5740000,4959
0,5730,57300000,57300100,51,126,57310000,49629
0,5731,57310000,57310100,51,126,57320000,49636
0,5732,57320000,57320100,51,126,57330000,49644
0,5733,57330000,57330100,51,126,57340000,49654
0,5734,57340000,57340100,51,126,57350000,49661
0,5735,57350000,57350100,51,126,57360000,49668
0,5736,57360000,57360100,51,126,57370000,49683
0,5737,57370000,57370100,51,126,57380000,49689
0,5738,57380000,57380100,51,126,57390000,49696
0,5739,57390000,57390100,51,126,57400000,49704
0,574,5740000,5740100,51,126,5750000,4968
0,5740,57400000,57400100,51,126,57410000,49715
0,5741,57410000,57410100,51,126,57420000,49721
0,5742,57420000,57420100,51,126,57430000,49732
0,5743,57430000,57430100,51,126,57440000,49740
0,5744,57440000,57440100,51,126,57450000,49749
0,5745,57450000,57450100,51,126,57460000,49758
0,5746,57460000,57460100,51,126,57470000,49765
0,5747,57470000,57470100,51,126,57480000,49774
0,5748,57480000,57480100,51,126,57490000,49785
0,5749,57490000,57490100,51,126,57500000,49791
0,575,5750000,5750100,51,126,5760000,4975
0,5750,57500000,57500100,51,126,57510000,49801
0,5751,57510000,57510100,51,126,57520000,49809
0,5752,57520000,57520100,51,126,57530000,49818
0,5753,57530000,57530100,51,126,57540000,49825
0,5754,57540000,57540100,51,126,57550000,49837
0,5755,57550000,57550100,51,126,57560000,49844
0,5756,57560000,57560100,51,126,57570000,49852
0,5757,57570000,57570100,51,126,57580000,49862
0,5758,57580000,57580100,51,126,57590000,49870
0,5759,57590000,57590100,51,126,57600000,49876
0,576,5760000,5760100,51,126,5770000,4987
0,5760,57600000,57600100,51,126,57610000,49889
0,5761,57610000,57610100,51,126,57620000,49897
0,5762,57620000,57620100,51,126,57630000,49904
0,5763,57630000,57630100,51,126,57640000,49912
0,5764,57640000,57640100,51,126,57650000,49923
0,5765,57650000,57650100,51,126,57660000,49930
0,5766,57660000,57660100,51,126,57670000,49940
0,5767,57670000,57670100,51,126,57680000,49946
0,5768,57680000,57680100,51,126,57690000,49957
0,5769,57690000,57690100,51,126,57700000,49966
0,577,5770000,5770100,51,126,5780000,4996
0,5770,57700000,57700100,51,126,57710000,49974
0,5771,57710000,57710100,51,126,57720000,49982
0,5772,57720000,57720100,51,126,57730000,49993
0,5773,57730000,57730100,51,126,57740000,49999
0,5774,57740000,57740100,51,126,57750000,50006
0,5775,57750000,57750100,51,126,57760000,50018
0,5776,57760000,57760100,51,126,57770000,50027
0,5777,57770000,57770100,51,126,57780000,50033
0,5778,57780000,57780100,51,126,57790000,50045
0,5779,57790000,57790100,51,126,57800000,50051
0,578,5780000,5780100,51,126,5790000,5003
0,5780,57800000,57800100,51,126,57810000,50061
0,5781,57810000,57810100,51,126,57820000,50069
0,5782,57820000,57820100,51,126,57830000,50078
0,5783,57830000,57830100,51,126,57840000,50084
0,5784,57840000,57840100,51,126,57850000,50096
0,5785,57850000,57850100,51,126,57860000,50105
0,5786,57860000,57860100,51,126,57870000,50113
0,5787,57870000,57870100,51,126,57880000,50121
0,5788,57880000,57880100,51,126,57890000,50129
0,5789,57890000,57890100,51,126,57900000,50137
0,579,5790000,5790100,51,126,5800000,5011
0,5790,57900000,57900100,51,126,57910000,50148
0,5791,57910000,57910100,51,126,57920000,50155
0,5792,57920000,57920100,51,126,57930000,50166
0,5793,57930000,57930100,51,126,57940000,50174
0,5794,57940000,57940100,51,126,57950000,50181
0,5795,57950000,57950100,51,126,57960000,50188
0,5796,57960000,57960100,51,126,57970000,50201
0,5797,57970000,57970100,51,126,57980000,50208
0,5798,57980000,57980100,51,126,57990000,50215
0,5799,57990000,57990100,51,126,58000000,50225
0,58,580000,580100,51,126,590000,498
0,580,5800000,5800100,51,126,5810000,5020
0,5800,58000000,58000100,51,126,58010000,50235
0,5801,58010000,58010100,51,126,58020000,50241
0,5802,58020000,58020100,51,126,58030000,50252
0,5803,58030000,58030100,51,126,58040000,50260
0,5804,58040000,58040100,51,126,58050000,50268
0,5805,58050000,58050100,51,126,58060000,50277
0,5806,58060000,58060100,51,126,58070000,50286
0,5807,58070000,58070100,51,126,58080000,50292
0,5808,58080000,58080100,51,126,58090000,50305
0,5809,58090000,58090100,51,126,58100000,50311
0,581,5810000,5810100,51,126,5820000,5028
0,5810,58100000,58100100,51,126,58110000,50321
0,5811,58110000,58110100,51,126,58120000,50329
0,5812,58120000,58120100,51,126,58130000,50337
0,5813,58130000,58130100,51,126,58140000,50346
0,5814,58140000,58140100,51,126,58150000,50356
0,5815,58150000,58150100,51,126,58160000,50363
0,5816,58160000,58160100,51,126,58170000,50372
0,5817,58170000,58170100,51,126,58180000,50382
0,5818,58180000,58180100,51,126,58190000,50389
0,5819,58190000,58190100,51,126,58200000,50396
0,582,5820000,5820100,51,126,5830000,5038
0,5820,58200000,58200100,51,126,58210000,50410
0,5821,58210000,58210100,51,126,58220000,50416
0,5822,58220000,58220100,51,126,58230000,50423
0,5823,58230000,58230100,51,126,58240000,50431
0,5824,58240000,58240100,51,126,58250000,50443
0,5825,58250000,58250100,51,126,58260000,50450
0,5826,58260000,58260100,51,126,58270000,50460
0,5827,58270000,58270100,51,126,58280000,50468
0,5828,58280000,58280100,51,126,58290000,50476
0,5829,58290000,58290100,51,126,58300000,50484
0,583,5830000,5830100,51,126,5840000,5045
0,5830,58300000,58300100,51,126,58310000,50493
0,5831,58310000,58310100,51,126,58320000,50501
0,5832,58320000,58320100,51,126,58330000,50513
0,5833,58330000,58330100,51,126,58340000,50519
0,5834,58340000,58340100,51,126,58350000,50528
0,5835,58350000,58350100,51,126,58360000,50538
0,5836,58360000,58360100,51,126,58370000,50546
0,5837,58370000,58370100,51,126,58380000,50552
0,5838,58380000,58380100,51,126,58390000,50564
0,5839,58390000,58390100,51,126,58400000,50570
0,584,5840000,5840100,51,126,5850000,5056
0,5840,58400000,58400100,51,126,58410000,50580
0,5841,58410000,58410100,51,126,58420000,50591
0,5842,58420000,58420100,51,126,58430000,50598
0,5843,58430000,58430100,51,126,58440000,50604
0,5844,58440000,58440100,51,126,58450000,50615
0,5845,58450000,58450100,51,126,58460000,50624
0,5846,58460000,58460100,51,126,58470000,50632
0,5847,58470000,58470100,51,126,58480000,50640
0,5848,58480000,58480100,51,126,58490000,50651
0,5849,58490000,58490100,51,126,58500000,50657
0,585,5850000,5850100,51,126,5860000,5065
0,5850,58500000,58500100,51,126,58510000,50668
0,5851,58510000,58510100,51,126,58520000,50674
0,5852,58520000,58520100,51,126,58530000,50685
0,5853,58530000,58530100,51,126,58540000,50693
0,5854,58540000,58540100,51,126,58550000,50700
0,5855,58550000,58550100,51,126,58560000,50709
0,5856,58560000,58560100,51,126,58570000,50721
0,5857,58570000,58570100,51,126,58580000,50728
0,5858,58580000,58580100,51,126,58590000,50735
0,5859,58590000,58590100,51,126,58600000,50745
0,586,5860000,5860100,51,126,5870000,5072
0,5860,58600000,58600100,51,126,58610000,50754
0,5861,58610000,58610100,51,126,58620000,50760
0,5862,58620000,58620100,51,126,58630000,50772
0,5863,58630000,58630100,51,126,58640000,50779
0,5864,58640000,58640100,51,126,58650000,50788
0,5865,58650000,58650100,51,126,58660000,50797
0,5866,58660000,58660100,51,126,58670000,50806
0,5867,58670000,58670100,51,126,58680000,50812
0,5868,58680000,58680100,51,126,58690000,50824
0,5869,58690000,58690100,51,126,58700000,50832
0,587,5870000,5870100,51,126,5880000,5078
0,5870,58700000,58700100,51,126,58710000,50840
0,5871,58710000,58710100,51,126,58720000,50848
0,5872,58720000,58720100,51,126,58730000,50857
0,5873,58730000,58730100,51,126,58740000,50865
0,5874,58740000,58740100,51,126,58750000,50876
0,5875,58750000,58750100,51,126,58760000,50883
0,5876,58760000,58760100,51,126,58770000,50893
0,5877,58770000,58770100,51,126,58780000,50901
0,5878,58780000,58780100,51,126,58790000,50908
0,5879,58790000,58790100,51,126,58800000,50915
0,588,5880000,5880100,51,126,5890000,5092
0,5880,58800000,58800100,51,126,58810000,50930
0,5881,58810000,58810100,51,126,58820000,50936
0,5882,58820000,58820100,51,126,58830000,50943
0,5883,58830000,58830100,51,126,58840000,50953
0,5884,58840000,58840100,51,126,58850000,50961
0,5885,58850000,58850100,51,126,58860000,50969
0,5886,58860000,58860100,51,126,58870000,50979
0,5887,58870000,58870100,51,126,58880000,50987
0,5888,58880000,58880100,51,126,58890000,50996
0,5889,58890000,58890100,51,126,58900000,51004
0,589,5890000,5890100,51,126,5900000,5098
0,5890,58900000,58900100,51,126,58910000,51015
0,5891,58910000,58910100,51,126,58920000,51021
0,5892,58920000,58920100,51,126,58930000,51032
0,5893,58930000,58930100,51,126,58940000,51038
0,5894,58940000,58940100,51,126,58950000,51047
0,5895,58950000,58950100,51,126,58960000,51056
0,5896,58960000,58960100,51,126,58970000,51066
0,5897,58970000,58970100,51,126,58980000,51074
0,5898,58980000,58980100,51,126,58990000,51084
0,5899,58990000,58990100,51,126,59000000,51090
0,59,590000,590100,51,126,600000,506
0,590,5900000,5900100,51,126,5910000,5106
0,5900,59000000,59000100,51,126,59010000,51099
0,5901,59010000,59010100,51,126,59020000,51110
0,5902,59020000,59020100,51,126,59030000,51117
0,5903,59030000,59030100,51,126,59040000,51123
0,5904,59040000,59040100,51,126,59050000,51137
0,5905,59050000,59050100,51,126,59060000,51144
0,5906,59060000,59060100,51,126,59070000,51151
0,5907,59070000,59070100,51,126,59080000,51160
0,5908,59080000,59080100,51,126,59090000,51170
0,5909,59090000,59090100,51,126,59100000,51176
0,591,5910000,5910100,51,126,5920000,5116
0,5910,59100000,59100100,51,126,59110000,51187
0,5911,59110000,59110100,51,126,59120000,51195
0,5912,59120000,59120100,51,126,59130000,51205
0,5913,59130000,59130100,51,126,59140000,51213
0,5914,59140000,59140100,51,126,59150000,51220
0,5915,59150000,59150100,51,126,59160000,51229
0,5916,59160000,59160100,51,126,59170000,51240
0,5917,59170000,59170100,51,126,59180000,51246
0,5918,59180000,59180100,51,126,59190000,51256
0,5919,59190000,59190100,51,126,59200000,51264
0,592,5920000,5920100,51,126,5930000,5125
0,5920,59200000,59200100,51,126,59210000,51274
0,5921,59210000,59210100,51,126,59220000,51280
0,5922,59220000,59220100,51,126,59230000,51292
0,5923,59230000,59230100,51,126,59240000,51299
0,5924,59240000,59240100,51,126,59250000,51307
0,5925,59250000,59250100,51,126,59260000,51318
0,5926,59260000,59260100,51,126,59270000,51325
0,5927,59270000,59270100,51,126,59280000,51331
0,5928,59280000,59280100,51,126,59290000,51343
0,5929,59290000,59290100,51,126,59300000,51352
0,593,5930000,5930100,51,126,5940000,5131
0,5930,59300000,59300100,51,126,59310000,51360
0,5931,59310000,59310100,51,126,59320000,51368
0,5932,59320000,59320100,51,126,59330000,51378
0,5933,59330000,59330100,51,126,59340000,51384
0,5934,59340000,59340100,51,126,59350000,51395
0,5935,59350000,59350100,51,126,59360000,51402
0,5936,59360000,59360100,51,126,59370000,51413
0,5937,59370000,59370100,51,126,59380000,51421
0,5938,59380000,59380100,51,126,59390000,51428
0,5939,59390000,59390100,51,126,59400000,51436
0,594,5940000,5940100,51,126,5950000,5142
0,5940,59400000,59400100,51,126,59410000,51449
0,5941,59410000,59410100,51,126,59420000,51455
0,5942,59420000,59420100,51,126,59430000,51462
0,5943,59430000,59430100,51,126,59440000,51472
0,5944,59440000,59440100,51,126,59450000,51481
0,5945,59450000,59450100,51,126,59460000,51489
0,5946,59460000,59460100,51,126,59470000,51501
0,5947,59470000,59470100,51,126,59480000,51507
0,5948,59480000,59480100,51,126,59490000,51515
0,5949,59490000,59490100,51,126,59500000,51523
0,595,5950000,5950100,51,126,5960000,5151
0,5950,59500000,59500100,51,126,59510000,51533
0,5951,59510000,59510100,51,126,59520000,51540
0,5952,59520000,59520100,51,126,59530000,51552
0,5953,59530000,59530100,51,126,59540000,51560
0,5954,59540000,59540100,51,126,59550000,51567
0,5955,59550000,59550100,51,126,59560000,51576
0,5956,59560000,59560100,51,126,59570000,51585
0,5957,59570000,59570100,51,126,59580000,51593
0,5958,59580000,59580100,51,126,59590000,51603
0,5959,59590000,59590100,51,126,59600000,51609
0,596,5960000,5960100,51,126,5970000,5159
0,5960,59600000,59600100,51,126,59610000,51621
0,5961,59610000,59610100,51,126,59620000,51629
0,5962,59620000,59620100,51,126,59630000,51637
0,5963,59630000,59630100,51,126,59640000,51643
0,5964,59640000,59640100,51,126,59650000,51656
0,5965,59650000,59650100,51,126,59660000,51663
0,5966,59660000,59660100,51,126,59670000,51670
0,5967,59670000,59670100,51,126,59680000,51681
0,5968,59680000,59680100,51,126,59690000,51690
0,5969,59690000,59690100,51,126,59700000,51696
0,597,5970000,5970100,51,126,5980000,5167
0,5970,59700000,59700100,51,126,59710000,51707
0,5971,59710000,59710100,51,126,59720000,51715
0,5972,59720000,59720100,51,126,59730000,51723
0,5973,59730000,59730100,51,126,59740000,51732
0,5974,59740000,59740100,51,126,59750000,51741
0,5975,59750000,59750100,51,126,59760000,51748
0,5976,59760000,59760100,51,126,59770000,51760
0,5977,59770000,59770100,51,126,59780000,51766
0,5978,59780000,59780100,51,126,59790000,51776
0,5979,59790000,59790100,51,126,59800000,51784
0,598,5980000,5980100,51,126,5990000,5176
0,5980,59800000,59800100,51,126,59810000,51793
0,5981,59810000,59810100,51,126,59820000,51801
0,5982,59820000,59820100,51,126,59830000,51811
0,5983,59830000,59830100,51,126,59840000,51817
0,5984,59840000,59840100,51,126,59850000,51827
0,5985,59850000,59850100,51,126,59860000,51838
0,5986,59860000,59860100,51,126,59870000,51845
0,5987,59870000,59870100,51,126,59880000,51851
0,5988,59880000,59880100,51,126,59890000,51864
0,5989,59890000,59890100,51,126,59900000,51871
0,599,5990000,5990100,51,126,6000000,5183
0,5990,59900000,59900100,51,126,59910000,51879
0,5991,59910000,59910100,51,126,59920000,51887
0,5992,59920000,59920100,51,126,59930000,51898
0,5993,59930000,59930100,51,126,59940000,51904
0,5994,59940000,59940100,51,126,59950000,51914
0,5995,59950000,59950100,51,126,59960000,51924
0,5996,59960000,59960100,51,126,59970000,51932
0,5997,59970000,59970100,51,126,59980000,51940
0,5998,59980000,59980100,51,126,59990000,51947
0,5999,59990000,59990100,51,126,60000000,51955
0,6,60000,60100,51,126,70000,49
0,60,600000,600100,51,126,610000,519
0,600,6000000,6000100,51,126,6010000,5196
0,6000,60000000,60000100,51,126,60010000,51969
0,6001,60010000,60010100,51,126,60020000,51975
0,6002,60020000,60020100,51,126,60030000,51984
0,6003,60030000,60030100,51,126,60040000,51992
0,6004,60040000,60040100,51,126,60050000,52000
0,6005,60050000,60050100,51,126,60060000,52007
0,6006,60060000,60060100,51,126,60070000,52020
0,6007,60070000,60070100,51,126,60080000,52026
0,6008,60080000,60080100,51,126,60090000,52035
0,6009,60090000,60090100,51,126,60100000,52045
0,601,6010000,6010100,51,126,6020000,5202
0,6010,60100000,60100100,51,126,60110000,52053
0,6011,60110000,60110100,51,126,60120000,52060
0,6012,60120000,60120100,51,126,60130000,52071
0,6013,60130000,60130100,51,126,60140000,52079
0,6014,60140000,60140100,51,126,60150000,52086
0,6015,60150000,60150100,51,126,60160000,52095
0,6016,60160000,60160100,51,126,60170000,52106
0,6017,60170000,60170100,51,126,60180000,52113
0,6018,60180000,60180100,51,126,60190000,52123
0,6019,60190000,60190100,51,126,60200000,52129
0,602,6020000,6020100,51,126,6030000,5211
0,6020,60200000,60200100,51,126,60210000,52140
0,6021,60210000,60210100,51,126,60220000,52148
0,6022,60220000,60220100,51,126,60230000,52156
0,6023,60230000,60230100,51,126,60240000,52164
0,6024,60240000,60240100,51,126,60250000,52176
0,6025,60250000,60250100,51,126,60260000,52183
0,6026,60260000,60260100,51,126,60270000,52190
0,6027,60270000,60270100,51,126,60280000,52200
0,6028,60280000,60280100,51,126,60290000,52209
0,6029,60290000,60290100,51,126,60300000,52215
0,603,6030000,6030100,51,126,6040000,5219
0,6030,60300000,60300100,51,126,60310000,52228
0,6031,60310000,60310100,51,126,60320000,52234
0,6032,60320000,60320100,51,126,60330000,52243
0,6033,60330000,60330100,51,126,60340000,52252
0,6034,60340000,60340100,51,126,60350000,52261
0,6035,60350000,60350100,51,126,60360000,52268
0,6036,60360000,60360100,51,126,60370000,52279
0,6037,60370000,60370100,51,126,60380000,52287
0,6038,60380000,60380100,51,126,60390000,52294
0,6039,60390000,60390100,51,126,60400000,52303
0,604,6040000,6040100,51,126,6050000,5227
0,6040,60400000,60400100,51,126,60410000,52313
0,6041,60410000,60410100,51,126,60420000,52321
0,6042,60420000,60420100,51,126,60430000,52331
0,6043,60430000,60430100,51,126,60440000,52337
0,6044,60440000,60440100,51,126,60450000,52348
0,6045,60450000,60450100,51,126,60460000,52357
0,6046,60460000,60460100,51,126,60470000,52364
0,6047,60470000,60470100,51,126,60480000,52370
0,6048,60480000,60480100,51,126,60490000,52384
0,6049,60490000,60490100,51,126,60500000,52390
0,605,6050000,6050100,51,126,6060000,5237
0,6050,60500000,60500100,51,126,60510000,52399
0,6051,60510000,60510100,51,126,60520000,52409
0,6052,60520000,60520100,51,126,60530000,52417
0,6053,60530000,60530100,51,126,60540000,52423
0,6054,60540000,60540100,51,126,60550000,52433
0,6055,60550000,60550100,51,126,60560000,52443
0,6056,60560000,60560100,51,126,60570000,52452
0,6057,60570000,60570100,51,126,60580000,52460
0,6058,60580000,60580100,51,126,60590000,52469
0,6059,60590000,60590100,51,126,60600000,52475
0,606,6060000,6060100,51,126,6070000,5247
0,6060,60600000,60600100,51,126,60610000,52487
0,6061,60610000,60610100,51,126,60620000,52494
0,6062,60620000,60620100,51,126,60630000,52503
0,6063,60630000,60630100,51,126,60640000,52511
0,6064,60640000,60640100,51,126,60650000,52520
0,6065,60650000,60650100,51,126,60660000,52529
0,6066,60660000,60660100,51,126,60670000,52540
0,6067,60670000,60670100,51,126,60680000,52546
0,6068,60680000,60680100,51,126,60690000,52554
0,6069,60690000,60690100,51,126,60700000,52564
0,607,6070000,6070100,51,126,6080000,5253
0,6070,60700000,60700100,51,126,60710000,52572
0,6071,60710000,60710100,51,126,60720000,52578
0,6072,60720000,60720100,51,126,60730000,52593
0,6073,60730000,60730100,51,126,60740000,52599
0,6074,60740000,60740100,51,126,60750000,52606
0,6075,60750000,60750100,51,126,60760000,52615
0,6076,60760000,60760100,51,126,60770000,52625
0,6077,60770000,60770100,51,126,60780000,52632
0,6078,60780000,60780100,51,126,60790000,52642
0,6079,60790000,60790100,51,126,60800000,52650
0,608,6080000,6080100,51,126,6090000,5262
0,6080,60800000,60800100,51,126,60810000,52660
0,6081,60810000,60810100,51,126,60820000,52668
0,6082,60820000,60820100,51,126,60830000,52675
0,6083,60830000,60830100,51,126,60840000,52684
0,6084,60840000,60840100,51,126,60850000,52695
0,6085,60850000,60850100,51,126,60860000,52702
0,6086,60860000,60860100,51,126,60870000,52711
0,6087,60870000,60870100,51,126,60880000,52719
0,6088,60880000,60880100,51,126,60890000,52729
0,6089,60890000,60890100,51,126,60900000,52735
0,609,6090000,6090100,51,126,6100000,5272
0,6090,60900000,60900100,51,126,60910000,52748
0,6091,60910000,60910100,51,126,60920000,52754
0,6092,60920000,60920100,51,126,60930000,52762
0,6093,60930000,60930100,51,126,60940000,52772
0,6094,60940000,60940100,51,126,60950000,52780
0,6095,60950000,60950100,51,126,60960000,52787
0,6096,60960000,60960100,51,126,60970000,52799
0,6097,60970000,60970100,51,126,60980000,52807
0,6098,60980000,60980100,51,126,60990000,52814
0,6099,60990000,60990100,51,126,61000000,52823
0,61,610000,610100,51,126,620000,525
0,610,6100000,6100100,51,126,6110000,5281
0,6100,61000000,61000100,51,126,61010000,52834
0,6101,61010000,61010100,51,126,61020000,52840
0,6102,61020000,61020100,51,126,61030000,52850
0,6103,61030000,61030100,51,126,61040000,52856
0,6104,61040000,61040100,51,126,61050000,52867
0,6105,61050000,61050100,51,126,61060000,52877
0,6106,61060000,61060100,51,126,61070000,52884
0,6107,61070000,61070100,51,126,61080000,52892
0,6108,61080000,61080100,51,126,61090000,52903
0,6109,61090000,61090100,51,126,61100000,52909
0,611,6110000,6110100,51,126,6120000,5287
0,6110,61100000,61100100,51,126,61110000,52918
0,6111,61110000,61110100,51,126,61120000,52928
0,6112,61120000,61120100,51,126,61130000,52937
0,6113,61130000,61130100,51,126,61140000,52943
0,6114,61140000,61140100,51,126,61150000,52955
0,6115,61150000,61150100,51,126,61160000,52962
0,6116,61160000,61160100,51,126,61170000,52971
0,6117,61170000,61170100,51,126,61180000,52979
0,6118,61180000,61180100,51,126,61190000,52988
0,6119,61190000,61190100,51,126,61200000,52994
0,612,6120000,6120100,51,126,6130000,5300
0,6120,61200000,61200100,51,126,61210000,53007
0,6121,61210000,61210100,51,126,61220000,53016
0,6122,61220000,61220100,51,126,61230000,53023
0,6123,61230000,61230100,51,126,61240000,53031
0,6124,61240000,61240100,51,126,61250000,53039
0,6125,61250000,61250100,51,126,61260000,53048
0,6126,61260000,61260100,51,126,61270000,53058
0,6127,61270000,61270100,51,126,61280000,53065
0,6128,61280000,61280100,51,126,61290000,53076
0,6129,61290000,61290100,51,126,61300000,53084
0,613,6130000,6130100,51,126,6140000,5306
0,6130,61300000,61300100,51,126,61310000,53092
0,6131,61310000,61310100,51,126,61320000,53098
0,6132,61320000,61320100,51,126,61330000,53112
0,6133,61330000,61330100,51,126,61340000,53118
0,6134,61340000,61340100,51,126,61350000,53125
0,6135,61350000,61350100,51,126,61360000,53136
0,6136,61360000,61360100,51,126,61370000,53145
0,6137,61370000,61370100,51,126,61380000,53151
0,6138,61380000,61380100,51,126,61390000,53162
0,6139,61390000,61390100,51,126,61400000,53170
0,614,6140000,6140100,51,126,6150000,5313
0,6140,61400000,61400100,51,126,61410000,53179
0,6141,61410000,61410100,51,126,61420000,53187
0,6142,61420000,61420100,51,126,61430000,53196
0,6143,61430000,61430100,51,126,61440000,53203
0,6144,61440000,61440100,51,126,61450000,53215
0,6145,61450000,61450100,51,126,61460000,53222
0,6146,61460000,61460100,51,126,61470000,53231
0,6147,61470000,61470100,51,126,61480000,53239
0,6148,61480000,61480100,51,126,61490000,53247
0,6149,61490000,61490100,51,126,61500000,53256
0,615,6150000,6150100,51,126,6160000,5322
0,6150,61500000,61500100,51,126,61510000,53267
0,6151,61510000,61510100,51,126,61520000,53273
0,6152,61520000,61520100,51,126,61530000,53282
0,6153,61530000,61530100,51,126,61540000,53292
0,6154,61540000,61540100,51,126,61550000,53300
0,6155,61550000,61550100,51,126,61560000,53307
0,6156,61560000,61560100,51,126,61570000,53320
0,6157,61570000,61570100,51,126,61580000,53326
0,6158,61580000,61580100,51,126,61590000,53333
0,6159,61590000,61590100,51,126,61600000,53341
0,616,6160000,6160100,51,126,6170000,5334
0,6160,61600000,61600100,51,126,61610000,53354
0,6161,61610000,61610100,51,126,61620000,53360
0,6162,61620000,61620100,51,126,61630000,53370
0,6163,61630000,61630100,51,126,61640000,53378
0,6164,61640000,61640100,51,126,61650000,53386
0,6165,61650000,61650100,51,126,61660000,53396
0,6166,61660000,61660100,51,126,61670000,53403
0,6167,61670000,61670100,51,126,61680000,53411
0,6168,61680000,61680100,51,126,61690000,53423
0,6169,61690000,61690100,51,126,61700000,53429
0,617,6170000,6170100,51,126,6180000,5340
0,6170,61700000,61700100,51,126,61710000,53439
0,6171,61710000,61710100,51,126,61720000,53448
0,6172,61720000,61720100,51,126,61730000,53456
0,6173,61730000,61730100,51,126,61740000,53462
0,6174,61740000,61740100,51,126,61750000,53474
0,6175,61750000,61750100,51,126,61760000,53481
0,6176,61760000,61760100,51,126,61770000,53491
0,6177,61770000,61770100,51,126,61780000,53501
0,6178,61780000,61780100,51,126,61790000,53508
0,6179,61790000,61790100,51,126,61800000,53514
0,618,6180000,6180100,51,126,6190000,5350
0,6180,61800000,61800100,51,126,61810000,53526
0,6181,61810000,61810100,51,126,61820000,53534
0,6182,61820000,61820100,51,126,61830000,53542
0,6183,61830000,61830100,51,126,61840000,53550
0,6184,61840000,61840100,51,126,61850000,53561
0,6185,61850000,61850100,51,126,61860000,53568
0,6186,61860000,61860100,51,126,61870000,53578
0,6187,61870000,61870100,51,126,61880000,53585
0,6188,61880000,61880100,51,126,61890000,53595
0,6189,61890000,61890100,51,126,61900000,53603
0,619,6190000,6190100,51,126,6200000,5358
0,6190,61900000,61900100,51,126,61910000,53611
0,6191,61910000,61910100,51,126,61920000,53619
0,6192,61920000,61920100,51,126,61930000,53631
0,6193,61930000,61930100,51,126,61940000,53638
0,6194,61940000,61940100,51,126,61950000,53645
0,6195,61950000,61950100,51,126,61960000,53656
0,6196,61960000,61960100,51,126,61970000,53664
0,6197,61970000,61970100,51,126,61980000,53670
0,6198,61980000,61980100,51,126,61990000,53683
0,6199,61990000,61990100,51,126,62000000,53689
0,62,620000,620100,51,126,630000,532
0,620,6200000,6200100,51,126,6210000,5367
0,6200,62000000,62000100,51,126,62010000,53699
0,6201,62010000,62010100,51,126,62020000,53707
0,6202,62020000,62020100,51,126,62030000,53716
0,6203,62030000,62030100,51,126,62040000,53722
0,6204,62040000,62040100,51,126,62050000,53734
0,6205,62050000,62050100,51,126,62060000,53743
0,6206,62060000,62060100,51,126,62070000,53750
0,6207,62070000,62070100,51,126,62080000,53758
0,6208,62080000,62080100,51,126,62090000,53767
0,6209,62090000,62090100,51,126,62100000,53776
0,621,6210000,6210100,51,126,6220000,5376
0,6210,62100000,62100100,51,126,62110000,53787
0,6211,62110000,62110100,51,126,62120000,53793
0,6212,62120000,62120100,51,126,62130000,53803
0,6213,62130000,62130100,51,126,62140000,53811
0,6214,62140000,62140100,51,126,62150000,53818
0,6215,62150000,62150100,51,126,62160000,53826
0,6216,62160000,62160100,51,126,62170000,53840
0,6217,62170000,62170100,51,126,62180000,53846
0,6218,62180000,62180100,51,126,62190000,53853
0,6219,62190000,62190100,51,126,62200000,53863
0,622,6220000,6220100,51,126,6230000,5383
0,6220,62200000,62200100,51,126,62210000,53873
0,6221,62210000,62210100,51,126,62220000,53879
0,6222,62220000,62220100,51,126,62230000,53889
0,6223,62230000,62230100,51,126,62240000,53897
0,6224,62240000,62240100,51,126,62250000,53906
0,6225,62250000,62250100,51,126,62260000,53915
0,6226,62260000,62260100,51,126,62270000,53925
0,6227,62270000,62270100,51,126,62280000,53931
0,6228,62280000,62280100,51,126,62290000,53942
0,6229,62290000,62290100,51,126,62300000,53948
0,623,6230000,6230100,51,126,6240000,5391
0,6230,62300000,62300100,51,126,62310000,53958
0,6231,62310000,62310100,51,126,62320000,53967
0,6232,62320000,62320100,51,126,62330000,53976
0,6233,62330000,62330100,51,126,62340000,53984
0,6234,62340000,62340100,51,126,62350000,53994
0,6235,62350000,62350100,51,126,62360000,54001
0,6236,62360000,62360100,51,126,62370000,54009
0,6237,62370000,62370100,51,126,62380000,54020
0,6238,62380000,62380100,51,126,62390000,54027
0,6239,62390000,62390100,51,126,62400000,54033
0,624,6240000,6240100,51,126,6250000,5403
0,6240,62400000,62400100,51,126,62410000,54048
0,6241,62410000,62410100,51,126,62420000,54054
0,6242,62420000,62420100,51,126,62430000,54062
0,6243,62430000,62430100,51,126,62440000,54070
0,6244,62440000,62440100,51,126,62450000,54080
0,6245,62450000,62450100,51,126,62460000,54087
0,6246,62460000,62460100,51,126,62470000,54097
0,6247,62470000,62470100,51,126,62480000,54105
0,6248,62480000,62480100,51,126,62490000,54115
0,6249,62490000,62490100,51,126,62500000,54123
0,625,6250000,6250100,51,126,6260000,5410
0,6250,62500000,62500100,51,126,62510000,54131
0,6251,62510000,62510100,51,126,62520000,54139
0,6252,62520000,62520100,51,126,62530000,54150
0,6253,62530000,62530100,51,126,62540000,54157
0,6254,62540000,62540100,51,126,62550000,54166
0,6255,62550000,62550100,51,126,62560000,54175
0,6256,62560000,62560100,51,126,62570000,54184
0,6257,62570000,62570100,51,126,62580000,54190
0,6258,62580000,62580100,51,126,62590000,54202
0,6259,62590000,62590100,51,126,62600000,54209
0,626,6260000,6260100,51,126,6270000,5419
0,6260,62600000,62600100,51,126,62610000,54218
0,6261,62610000,62610100,51,126,62620000,54228
0,6262,62620000,62620100,51,126,62630000,54235
0,6263,62630000,62630100,51,126,62640000,54241
0,6264,62640000,62640100,51,126,62650000,54254
0,6265,62650000,62650100,51,126,62660000,54263
0,6266,62660000,62660100,51,126,62670000,54270
0,6267,62670000,62670100,51,126,62680000,54278
0,6268,62680000,62680100,51,126,62690000,54288
0,6269,62690000,62690100,51,126,62700000,54294
0,627,6270000,6270100,51,126,6280000,5428
0,6270,62700000,62700100,51,126,62710000,54306
0,6271,62710000,62710100,51,126,62720000,54312
0,6272,62720000,62720100,51,126,62730000,54323
0,6273,62730000,62730100,51,126,62740000,54331
0,6274,62740000,62740100,51,126,62750000,54338
0,6275,62750000,62750100,51,126,62760000,54348
0,6276,62760000,62760100,51,126,62770000,54359
0,6277,62770000,62770100,51,126,62780000,54365
0,6278,62780000,62780100,51,126,62790000,54372
0,6279,62790000,62790100,51,126,62800000,54382
0,628,6280000,6280100,51,126,6290000,5436
0,6280,62800000,62800100,51,126,62810000,54392
0,6281,62810000,62810100,51,126,62820000,54399
0,6282,62820000,62820100,51,126,62830000,54411
0,6283,62830000,62830100,51,126,62840000,54417
0,6284,62840000,62840100,51,126,62850000,54425
0,6285,62850000,62850100,51,126,62860000,54434
0,6286,62860000,62860100,51,126,62870000,54444
0,6287,62870000,62870100,51,126,62880000,54450
0,6288,62880000,62880100,51,126,62890000,54462
0,6289,62890000,62890100,51,126,62900000,54470
0,629,6290000,6290100,51,126,6300000,5442
0,6290,62900000,62900100,51,126,62910000,54478
0,6291,62910000,62910100,51,126,62920000,54486
0,6292,62920000,62920100,51,126,62930000,54495
0,6293,62930000,62930100,51,126,62940000,54503
0,6294,62940000,62940100,51,126,62950000,54513
0,6295,62950000,62950100,51,126,62960000,54520
0,6296,62960000,62960100,51,126,62970000,54531
0,6297,62970000,62970100,51,126,62980000,54540
0,6298,62980000,62980100,51,126,62990000,54547
0,6299,62990000,62990100,51,126,63000000,54553
0,63,630000,630100,51,126,640000,542
0,630,6300000,6300100,51,126,6310000,5455
0,6300,63000000,63000100,51,126,63010000,54567
0,6301,63010000,63010100,51,126,63020000,54573
0,6302,63020000,63020100,51,126,63030000,54580
0,6303,63030000,63030100,51,126,63040000,54591
0,6304,63040000,63040100,51,126,63050000,54600
0,6305,63050000,63050100,51,126,63060000,54607
0,6306,63060000,63060100,51,126,63070000,54617
0,6307,63070000,63070100,51,126,63080000,54625
0,6308,63080000,63080100,51,126,63090000,54634
0,6309,63090000,63090100,51,126,63100000,54642
0,631,6310000,6310100,51,126,6320000,5461
0,6310,63100000,63100100,51,126,63110000,54652
0,6311,63110000,63110100,51,126,63120000,54658
0,6312,63120000,63120100,51,126,63130000,54670
0,6313,63130000,63130100,51,126,63140000,54676
0,6314,63140000,63140100,51,126,63150000,54686
0,6315,63150000,63150100,51,126,63160000,54695
0,6316,63160000,63160100,51,126,63170000,54703
0,6317,63170000,63170100,51,126,63180000,54711
0,6318,63180000,63180100,51,126,63190000,54721
0,6319,63190000,63190100,51,126,63200000,54728
0,632,6320000,6320100,51,126,6330000,5471
0,6320,63200000,63200100,51,126,63210000,54738
0,6321,63210000,63210100,51,126,63220000,54748
0,6322,63220000,63220100,51,126,63230000,54755
0,6323,63230000,63230100,51,126,63240000,54761
0,6324,63240000,63240100,51,126,63250000,54774
0,6325,63250000,63250100,51,126,63260000,54782
0,6326,63260000,63260100,51,126,63270000,54789
0,6327,63270000,63270100,51,126,63280000,54797
0,6328,63280000,63280100,51,126,63290000,54808
0,6329,63290000,63290100,51,126,63300000,54814
0,633,6330000,6330100,51,126,6340000,5481
0,6330,63300000,63300100,51,126,63310000,54826
0,6331,63310000,63310100,51,126,63320000,54834
0,6332,63320000,63320100,51,126,63330000,54842
0,6333,63330000,63330100,51,126,63340000,54850
0,6334,63340000,63340100,51,126,63350000,54857
0,6335,63350000,63350100,51,126,63360000,54866
0,6336,63360000,63360100,51,126,63370000,54879
0,6337,63370000,63370100,51,126,63380000,54885
0,6338,63380000,63380100,51,126,63390000,54894
0,6339,63390000,63390100,51,126,63400000,54902
0,634,6340000,6340100,51,126,6350000,5488
0,6340,63400000,63400100,51,126,63410000,54911
0,6341,63410000,63410100,51,126,63420000,54918
0,6342,63420000,63420100,51,126,63430000,54930
0,6343,63430000,63430100,51,126,63440000,54936
0,6344,63440000,63440100,51,126,63450000,54945
0,6345,63450000,63450100,51,126,63460000,54956
0,6346,63460000,63460100,51,126,63470000,54963
0,6347,63470000,63470100,51,126,63480000,54970
0,6348,63480000,63480100,51,126,63490000,54981
0,6349,63490000,63490100,51,126,63500000,54989
0,635,6350000,6350100,51,126,6360000,5495
0,6350,63500000,63500100,51,126,63510000,54997
0,6351,63510000,63510100,51,126,63520000,55005
0,6352,63520000,63520100,51,126,63530000,55017
0,6353,63530000,63530100,51,126,63540000,55023
0,6354,63540000,63540100,51,126,63550000,55033
0,6355,63550000,63550100,51,126,63560000,55040
0,6356,63560000,63560100,51,126,63570000,55050
0,6357,63570000,63570100,51,126,63580000,55058
0,6358,63580000,63580100,51,126,63590000,55066
0,6359,63590000,63590100,51,126,63600000,55074
0,636,6360000,6360100,51,126,6370000,5506
0,6360,63600000,63600100,51,126,63610000,55087
0,6361,63610000,63610100,51,126,63620000,55093
0,6362,63620000,63620100,51,126,63630000,55100
0,6363,63630000,63630100,51,126,63640000,55111
0,6364,63640000,63640100,51,126,63650000,55119
0,6365,63650000,63650100,51,126,63660000,55126
0,6366,63660000,63660100,51,126,63670000,55138
0,6367,63670000,63670100,51,126,63680000,55144
0,6368,63680000,63680100,51,126,63690000,55153
0,6369,63690000,63690100,51,126,63700000,55162
0,637,6370000,6370100,51,126,6380000,5514
0,6370,63700000,63700100,51,126,63710000,55172
0,6371,63710000,63710100,51,126,63720000,55178
0,6372,63720000,63720100,51,126,63730000,55189
0,6373,63730000,63730100,51,126,63740000,55197
0,6374,63740000,63740100,51,126,63750000,55205
0,6375,63750000,63750100,51,126,63760000,55214
0,6376,63760000,63760100,51,126,63770000,55223
0,6377,63770000,63770100,51,126,63780000,55231
0,6378,63780000,63780100,51,126,63790000,55241
0,6379,63790000,63790100,51,126,63800000,55247
0,638,6380000,6380100,51,126,6390000,5522
0,6380,63800000,63800100,51,126,63810000,55259
0,6381,63810000,63810100,51,126,63820000,55267
0,6382,63820000,63820100,51,126,63830000,55274
0,6383,63830000,63830100,51,126,63840000,55280
0,6384,63840000,63840100,51,126,63850000,55294
0,6385,63850000,63850100,51,126,63860000,55302
0,6386,63860000,63860100,51,126,63870000,55309
0,6387,63870000,63870100,51,126,63880000,55319
0,6388,63880000,63880100,51,126,63890000,55327
0,6389,63890000,63890100,51,126,63900000,55333
0,639,6390000,6390100,51,126,6400000,5530
0,6390,63900000,63900100,51,126,63910000,55344
0,6391,63910000,63910100,51,126,63920000,55353
0,6392,63920000,63920100,51,126,63930000,55362
0,6393,63930000,63930100,51,126,63940000,55370
0,6394,63940000,63940100,51,126,63950000,55379
0,6395,63950000,63950100,51,126,63960000,55386
0,6396,63960000,63960100,51,126,63970000,55398
0,6397,63970000,63970100,51,126,63980000,55404
0,6398,63980000,63980100,51,126,63990000,55413
0,6399,63990000,63990100,51,126,64000000,55421
0,64,640000,640100,51,126,650000,551
0,640,6400000,6400100,51,126,6410000,5542
0,6400,64000000,64000100,51,126,64010000,55431
0,6401,64010000,64010100,51,126,64020000,55439
0,6402,64020000,64020100,51,126,64030000,55450
0,6403,64030000,64030100,51,126,64040000,55456
0,6404,64040000,64040100,51,126,64050000,55464
0,6405,64050000,64050100,51,126,64060000,55475
0,6406,64060000,64060100,51,126,64070000,55482
0,6407,64070000,64070100,51,126,64080000,55489
0,6408,64080000,64080100,51,126,64090000,55503
0,6409,64090000,64090100,51,126,64100000,55509
0,641,6410000,6410100,51,126,6420000,5548
0,6410,64100000,64100100,51,126,64110000,55517
0,6411,64110000,64110100,51,126,64120000,55525
0,6412,64120000,64120100,51,126,64130000,55535
0,6413,64130000,64130100,51,126,64140000,55542
0,6414,64140000,64140100,51,126,64150000,55552
0,6415,64150000,64150100,51,126,64160000,55561
0,6416,64160000,64160100,51,126,64170000,55570
0,6417,64170000,64170100,51,126,64180000,55578
0,6418,64180000,64180100,51,126,64190000,55586
0,6419,64190000,64190100,51,126,64200000,55594
0,642,6420000,6420100,51,126,6430000,5558
0,6420,64200000,64200100,51,126,64210000,55606
0,6421,64210000,64210100,51,126,64220000,55612
0,6422,64220000,64220100,51,126,64230000,55621
0,6423,64230000,64230100,51,126,64240000,55629
0,6424,64240000,64240100,51,126,64250000,55639
0,6425,64250000,64250100,51,126,64260000,55646
0,6426,64260000,64260100,51,126,64270000,55658
0,6427,64270000,64270100,51,126,64280000,55664
0,6428,64280000,64280100,51,126,64290000,55672
0,6429,64290000,64290100,51,126,64300000,55683
0,643,6430000,6430100,51,126,6440000,5565
0,6430,64300000,64300100,51,126,64310000,55691
0,6431,64310000,64310100,51,126,64320000,55697
0,6432,64320000,64320100,51,126,64330000,55709
0,6433,64330000,64330100,51,126,64340000,55717
0,6434,64340000,64340100,51,126,64350000,55724
0,6435,64350000,64350100,51,126,64360000,55734
0,6436,64360000,64360100,51,126,64370000,55744
0,6437,64370000,64370100,51,126,64380000,55750
0,6438,64380000,64380100,51,126,64390000,55760
0,6439,64390000,64390100,51,126,64400000,55766
0,644,6440000,6440100,51,126,6450000,5575
0,6440,64400000,64400100,51,126,64410000,55779
0,6441,64410000,64410100,51,126,64420000,55787
0,6442,64420000,64420100,51,126,64430000,55794
0,6443,64430000,64430100,51,126,64440000,55802
0,6444,64440000,64440100,51,126,64450000,55813
0,6445,64450000,64450100,51,126,64460000,55820
0,6446,64460000,64460100,51,126,64470000,55828
0,6447,64470000,64470100,51,126,64480000,55838
0,6448,64480000,64480100,51,126,64490000,55847
0,6449,64490000,64490100,51,126,64500000,55853
0,645,6450000,6450100,51,126,6460000,5584
0,6450,64500000,64500100,51,126,64510000,55866
0,6451,64510000,64510100,51,126,64520000,55873
0,6452,64520000,64520100,51,126,64530000,55881
0,6453,64530000,64530100,51,126,64540000,55889
0,6454,64540000,64540100,51,126,64550000,55898
0,6455,64550000,64550100,51,126,64560000,55905
0,6456,64560000,64560100,51,126,64570000,55917
0,6457,64570000,64570100,51,126,64580000,55926
0,6458,64580000,64580100,51,126,64590000,55933
0,6459,64590000,64590100,51,126,64600000,55941
0,646,6460000,6460100,51,126,6470000,5591
0,6460,64600000,64600100,51,126,64610000,55950
0,6461,64610000,64610100,51,126,64620000,55958
0,6462,64620000,64620100,51,126,64630000,55969
0,6463,64630000,64630100,51,126,64640000,55975
0,6464,64640000,64640100,51,126,64650000,55986
0,6465,64650000,64650100,51,126,64660000,55995
0,6466,64660000,64660100,51,126,64670000,56002
0,6467,64670000,64670100,51,126,64680000,56008
0,6468,64680000,64680100,51,126,64690000,56022
0,6469,64690000,64690100,51,126,64700000,56028
0,647,6470000,6470100,51,126,6480000,5599
0,6470,64700000,64700100,51,126,64710000,56036
0,6471,64710000,64710100,51,126,64720000,56046
0,6472,64720000,64720100,51,126,64730000,56055
0,6473,64730000,64730100,51,126,64740000,56062
0,6474,64740000,64740100,51,126,64750000,56072
0,6475,64750000,64750100,51,126,64760000,56081
0,6476,64760000,64760100,51,126,64770000,56089
0,6477,64770000,64770100,51,126,64780000,56097
0,6478,64780000,64780100,51,126,64790000,56106
0,6479,64790000,64790100,51,126,64800000,56113
0,648,6480000,6480100,51,126,6490000,5611
0,6480,64800000,64800100,51,126,64810000,56126
0,6481,64810000,64810100,51,126,64820000,56132
0,6482,64820000,64820100,51,126,64830000,56141
0,6483,64830000,64830100,51,126,64840000,56149
0,6484,64840000,64840100,51,126,64850000,56158
0,6485,64850000,64850100,51,126,64860000,56167
0,6486,64860000,64860100,51,126,64870000,56177
0,6487,64870000,64870100,51,126,64880000,56183
0,6488,64880000,64880100,51,126,64890000,56192
0,6489,64890000,64890100,51,126,64900000,56202
0,649,6490000,6490100,51,126,6500000,5618
0,6490,64900000,64900100,51,126,64910000,56211
0,6491,64910000,64910100,51,126,64920000,56217
0,6492,64920000,64920100,51,126,64930000,56230
0,6493,64930000,64930100,51,126,64940000,56236
0,6494,64940000,64940100,51,126,64950000,56243
0,6495,64950000,64950100,51,126,64960000,56253
0,6496,64960000,64960100,51,126,64970000,56264
0,6497,64970000,64970100,51,126,64980000,56270
0,6498,64980000,64980100,51,126,64990000,56280
0,6499,64990000,64990100,51,126,65000000,56288
0,65,650000,650100,51,126,660000,558
0,650,6500000,6500100,51,126,6510000,5626
0,6500,65000000,65000100,51,126,65010000,56297
0,6501,65010000,65010100,51,126,65020000,56306
0,6502,65020000,65020100,51,126,65030000,56313
0,6503,65030000,65030100,51,126,65040000,56321
0,6504,65040000,65040100,51,126,65050000,56333
0,6505,65050000,65050100,51,126,65060000,56340
0,6506,65060000,65060100,51,126,65070000,56350
0,6507,65070000,65070100,51,126,65080000,56358
0,6508,65080000,65080100,51,126,65090000,56366
0,6509,65090000,65090100,51,126,65100000,56372
0,651,6510000,6510100,51,126,6520000,5636
0,6510,65100000,65100100,51,126,65110000,56385
0,6511,65110000,65110100,51,126,65120000,56391
0,6512,65120000,65120100,51,126,65130000,56401
0,6513,65130000,65130100,51,126,65140000,56411
0,6514,65140000,65140100,51,126,65150000,56418
0,6515,65150000,65150100,51,126,65160000,56425
0,6516,65160000,65160100,51,126,65170000,56436
0,6517,65170000,65170100,51,126,65180000,56445
0,6518,65180000,65180100,51,126,65190000,56452
0,6519,65190000,65190100,51,126,65200000,56460
0,652,6520000,6520100,51,126,6530000,5644
0,6520,65200000,65200100,51,126,65210000,56472
0,6521,65210000,65210100,51,126,65220000,56478
0,6522,65220000,65220100,51,126,65230000,56488
0,6523,65230000,65230100,51,126,65240000,56495
0,6524,65240000,65240100,51,126,65250000,56505
0,6525,65250000,65250100,51,126,65260000,56514
0,6526,65260000,65260100,51,126,65270000,56521
0,6527,65270000,65270100,51,126,65280000,56529
0,6528,65280000,65280100,51,126,65290000,56542
0,6529,65290000,65290100,51,126,65300000,56548
0,653,6530000,6530100,51,126,6540000,5650
0,6530,65300000,65300100,51,126,65310000,56556
0,6531,65310000,65310100,51,126,65320000,56566
0,6532,65320000,65320100,51,126,65330000,56574
0,6533,65330000,65330100,51,126,65340000,56580
0,6534,65340000,65340100,51,126,65350000,56593
0,6535,65350000,65350100,51,126,65360000,56600
0,6536,65360000,65360100,51,126,65370000,56609
0,6537,65370000,65370100,51,126,65380000,56617
0,6538,65380000,65380100,51,126,65390000,56626
0,6539,65390000,65390100,51,126,65400000,56633
0,654,6540000,6540100,51,126,6550000,5663
0,6540,65400000,65400100,51,126,65410000,56645
0,6541,65410000,65410100,51,126,65420000,56653
0,6542,65420000,65420100,51,126,65430000,56660
0,6543,65430000,65430100,51,126,65440000,56668
0,6544,65440000,65440100,51,126,65450000,56677
0,6545,65450000,65450100,51,126,65460000,56687
0,6546,65460000,65460100,51,126,65470000,56697
0,6547,65470000,65470100,51,126,65480000,56703
0,6548,65480000,65480100,51,126,65490000,56713
0,6549,65490000,65490100,51,126,65500000,56721
0,655,6550000,6550100,51,126,6560000,5670
0,6550,65500000,65500100,51,126,65510000,56730
0,6551,65510000,65510100,51,126,65520000,56736
0,6552,65520000,65520100,51,126,65530000,56750
0,6553,65530000,65530100,51,126,65540000,56756
0,6554,65540000,65540100,51,126,65550000,56763
0,6555,65550000,65550100,51,126,65560000,56774
0,6556,65560000,65560100,51,126,65570000,56783
0,6557,65570000,65570100,51,126,65580000,56789
0,6558,65580000,65580100,51,126,65590000,56799
0,6559,65590000,65590100,51,126,65600000,56807
0,656,6560000,6560100,51,126,6570000,5679
0,6560,65600000,65600100,51,126,65610000,56817
0,6561,65610000,65610100,51,126,65620000,56826
0,6562,65620000,65620100,51,126,65630000,56835
0,6563,65630000,65630100,51,126,65640000,56841
0,6564,65640000,65640100,51,126,65650000,56852
0,6565,65650000,65650100,51,126,65660000,56859
0,6566,65660000,65660100,51,126,65670000,56868
0,6567,65670000,65670100,51,126,65680000,56877
0,6568,65680000,65680100,51,126,65690000,56886
0,6569,65690000,65690100,51,126,65700000,56894
0,657,6570000,6570100,51,126,6580000,5687
0,6570,65700000,65700100,51,126,65710000,56905
0,6571,65710000,65710100,51,126,65720000,56911
0,6572,65720000,65720100,51,126,65730000,56920
0,6573,65730000,65730100,51,126,65740000,56930
0,6574,65740000,65740100,51,126,65750000,56937
0,6575,65750000,65750100,51,126,65760000,56944
0,6576,65760000,65760100,51,126,65770000,56958
0,6577,65770000,65770100,51,126,65780000,56964
0,6578,65780000,65780100,51,126,65790000,56972
0,6579,65790000,65790100,51,126,65800000,56980
0,658,6580000,6580100,51,126,6590000,5696
0,6580,65800000,65800100,51,126,65810000,56991
0,6581,65810000,65810100,51,126,65820000,56997
0,6582,65820000,65820100,51,126,65830000,57007
0,6583,65830000,65830100,51,126,65840000,57016
0,6584,65840000,65840100,51,126,65850000,57025
0,6585,65850000,65850100,51,126,65860000,57034
0,6586,65860000,65860100,51,126,65870000,57041
0,6587,65870000,65870100,51,126,65880000,57049
0,6588,65880000,65880100,51,126,65890000,57060
0,6589,65890000,65890100,51,126,65900000,57067
0,659,6590000,6590100,51,126,6600000,5702
0,6590,65900000,65900100,51,126,65910000,57077
0,6591,65910000,65910100,51,126,65920000,57085
0,6592,65920000,65920100,51,126,65930000,57094
0,6593,65930000,65930100,51,126,65940000,57100
0,6594,65940000,65940100,51,126,65950000,57113
0,6595,65950000,65950100,51,126,65960000,57120
0,6596,65960000,65960100,51,126,65970000,57128
0,6597,65970000,65970100,51,126,65980000,57138
0,6598,65980000,65980100,51,126,65990000,57145
0,6599,65990000,65990100,51,126,66000000,57151
0,66,660000,660100,51,126,670000,571
0,660,6600000,6600100,51,126,6610000,5715
0,6600,66000000,66000100,51,126,66010000,57165
0,6601,66010000,66010100,51,126,66020000,57173
0,6602,66020000,66020100,51,126,66030000,57180
0,6603,66030000,66030100,51,126,66040000,57188
0,6604,66040000,66040100,51,126,66050000,57198
0,6605,66050000,66050100,51,126,66060000,57206
0,6606,66060000,66060100,51,126,66070000,57216
0,6607,66070000,66070100,51,126,66080000,57222
0,6608,66080000,66080100,51,126,66090000,57233
0,6609,66090000,66090100,51,126,66100000,57241
0,661,6610000,6610100,51,126,6620000,5723
0,6610,66100000,66100100,51,126,66110000,57249
0,6611,66110000,66110100,51,126,66120000,57258
0,6612,66120000,66120100,51,126,66130000,57269
0,6613,66130000,66130100,51,126,66140000,57275
0,6614,66140000,66140100,51,126,66150000,57282
0,6615,66150000,66150100,51,126,66160000,57293
0,6616,66160000,66160100,51,126,66170000,57303
0,6617,66170000,66170100,51,126,66180000,57309
0,6618,66180000,66180100,51,126,66190000,57321
0,6619,66190000,66190100,51,126,66200000,57327
0,662,6620000,6620100,51,126,6630000,5730
0,6620,66200000,66200100,51,126,66210000,57336
0,6621,66210000,66210100,51,126,66220000,57344
0,6622,66220000,66220100,51,126,66230000,57354
0,6623,66230000,66230100,51,126,66240000,57360
0,6624,66240000,66240100,51,126,66250000,57372
0,6625,66250000,66250100,51,126,66260000,57381
0,6626,66260000,66260100,51,126,66270000,57388
0,6627,66270000,66270100,51,126,66280000,57397
0,6628,66280000,66280100,51,126,66290000,57405
0,6629,66290000,66290100,51,126,66300000,57413
0,663,6630000,6630100,51,126,6640000,5738
0,6630,66300000,66300100,51,126,66310000,57424
0,6631,66310000,66310100,51,126,66320000,57430
0,6632,66320000,66320100,51,126,66330000,57441
0,6633,66330000,66330100,51,126,66340000,57450
0,6634,66340000,66340100,51,126,66350000,57457
0,6635,66350000,66350100,51,126,66360000,57464
0,6636,66360000,66360100,51,126,66370000,57477
0,6637,66370000,66370100,51,126,66380000,57483
0,6638,66380000,66380100,51,126,66390000,57491
0,6639,66390000,66390100,51,126,66400000,57501
0,664,6640000,6640100,51,126,6650000,5747
0,6640,66400000,66400100,51,126,66410000,57511
0,6641,66410000,66410100,51,126,66420000,57517
0,6642,66420000,66420100,51,126,66430000,57527
0,6643,66430000,66430100,51,126,66440000,57535
0,6644,66440000,66440100,51,126,66450000,57544
0,6645,66450000,66450100,51,126,66460000,57553
0,6646,66460000,66460100,51,126,66470000,57562
0,6647,66470000,66470100,51,126,66480000,57568
0,6648,66480000,66480100,51,126,66490000,57580
0,6649,66490000,66490100,51,126,66500000,57587
0,665,6650000,6650100,51,126,6660000,5757
0,6650,66500000,66500100,51,126,66510000,57597
0,6651,66510000,66510100,51,126,66520000,57605
0,6652,66520000,66520100,51,126,66530000,57613
0,6653,66530000,66530100,51,126,66540000,57621
0,6654,66540000,66540100,51,126,66550000,57631
0,6655,66550000,66550100,51,126,66560000,57639
0,6656,66560000,66560100,51,126,66570000,57648
0,6657,66570000,66570100,51,126,66580000,57658
0,6658,66580000,66580100,51,126,66590000,57665
0,6659,66590000,66590100,51,126,66600000,57671
0,666,6660000,6660100,51,126,6670000,5767
0,6660,66600000,66600100,51,126,66610000,57686
0,6661,66610000,66610100,51,126,66620000,57692
0,6662,66620000,66620100,51,126,66630000,57699
0,6663,66630000,66630100,51,126,66640000,57707
0,6664,66640000,66640100,51,126,66650000,57718
0,6665,66650000,66650100,51,126,66660000,57725
0,6666,66660000,66660100,51,126,66670000,57736
0,6667,66670000,66670100,51,126,66680000,57744
0,6668,66680000,66680100,51,126,66690000,57752
0,6669,66690000,66690100,51,126,66700000,57760
0,667,6670000,6670100,51,126,6680000,5773
0,6670,66700000,66700100,51,126,66710000,57768
0,6671,66710000,66710100,51,126,66720000,57777
0,6672,66720000,66720100,51,126,66730000,57789
0,6673,66730000,66730100,51,126,66740000,57795
0,6674,66740000,66740100,51,126,66750000,57804
0,6675,66750000,66750100,51,126,66760000,57813
0,6676,66760000,66760100,51,126,66770000,57821
0,6677,66770000,66770100,51,126,66780000,57828
0,6678,66780000,66780100,51,126,66790000,57840
0,6679,66790000,66790100,51,126,66800000,57846
0,668,6680000,6680100,51,126,6690000,5783
0,6680,66800000,66800100,51,126,66810000,57856
0,6681,66810000,66810100,51,126,66820000,57866
0,6682,66820000,66820100,51,126,66830000,57874
0,6683,66830000,66830100,51,126,66840000,57880
0,6684,66840000,66840100,51,126,66850000,57891
0,6685,66850000,66850100,51,126,66860000,57900
0,6686,66860000,66860100,51,126,66870000,57907
0,6687,66870000,66870100,51,126,66880000,57915
0,6688,66880000,66880100,51,126,66890000,57927
0,6689,66890000,66890100,51,126,66900000,57933
0,669,6690000,6690100,51,126,6700000,5791
0,6690,66900000,66900100,51,126,66910000,57944
0,6691,66910000,66910100,51,126,66920000,57950
0,6692,66920000,66920100,51,126,66930000,57960
0,6693,66930000,66930100,51,126,66940000,57969
0,6694,66940000,66940100,51,126,66950000,57976
0,6695,66950000,66950100,51,126,66960000,57985
0,6696,66960000,66960100,51,126,66970000,57997
0,6697,66970000,66970100,51,126,66980000,58003
0,6698,66980000,66980100,51,126,66990000,58010
0,6699,66990000,66990100,51,126,67000000,58021
0,67,670000,670100,51,126,680000,577
0,670,6700000,6700100,51,126,6710000,5799
0,6700,67000000,67000100,51,126,67010000,58030
0,6701,67010000,67010100,51,126,67020000,58036
0,6702,67020000,67020100,51,126,67030000,58048
0,6703,67030000,67030100,51,126,67040000,58054
0,6704,67040000,67040100,51,126,67050000,58064
0,6705,67050000,67050100,51,126,67060000,58073
0,6706,67060000,67060100,51,126,67070000,58082
0,6707,67070000,67070100,51,126,67080000,58088
0,6708,67080000,67080100,51,126,67090000,58099
0,6709,67090000,67090100,51,126,67100000,58107
0,671,6710000,6710100,51,126,6720000,5806
0,6710,67100000,67100100,51,126,67110000,58116
0,6711,67110000,67110100,51,126,67120000,58124
0,6712,67120000,67120100,51,126,67130000,58133
0,6713,67130000,67130100,51,126,67140000,58141
0,6714,67140000,67140100,51,126,67150000,58151
0,6715,67150000,67150100,51,126,67160000,58159
0,6716,67160000,67160100,51,126,67170000,58169
0,6717,67170000,67170100,51,126,67180000,58177
0,6718,67180000,67180100,51,126,67190000,58184
0,6719,67190000,67190100,51,126,67200000,58190
0,672,6720000,6720100,51,126,6730000,5820
0,6720,67200000,67200100,51,126,67210000,58205
0,6721,67210000,67210100,51,126,67220000,58212
0,6722,67220000,67220100,51,126,67230000,58219
0,6723,67230000,67230100,51,126,67240000,58229
0,6724,67240000,67240100,51,126,67250000,58237
0,6725,67250000,67250100,51,126,67260000,58244
0,6726,67260000,67260100,51,126,67270000,58255
0,6727,67270000,67270100,51,126,67280000,58263
0,6728,67280000,67280100,51,126,67290000,58272
0,6729,67290000,67290100,51,126,67300000,58280
0,673,6730000,6730100,51,126,6740000,5826
0,6730,67300000,67300100,51,126,67310000,58290
0,6731,67310000,67310100,51,126,67320000,58296
0,6732,67320000,67320100,51,126,67330000,58308
0,6733,67330000,67330100,51,126,67340000,58314
0,6734,67340000,67340100,51,126,67350000,58323
0,6735,67350000,67350100,51,126,67360000,58332
0,6736,67360000,67360100,51,126,67370000,58341
0,6737,67370000,67370100,51,126,67380000,58350
0,6738,67380000,67380100,51,126,67390000,58360
0,6739,67390000,67390100,51,126,67400000,58366
0,674,6740000,6740100,51,126,6750000,5833
0,6740,67400000,67400100,51,126,67410000,58375
0,6741,67410000,67410100,51,126,67420000,58385
0,6742,67420000,67420100,51,126,67430000,58392
0,6743,67430000,67430100,51,126,67440000,58399
0,6744,67440000,67440100,51,126,67450000,58413
0,6745,67450000,67450100,51,126,67460000,58420
0,6746,67460000,67460100,51,126,67470000,58427
0,6747,67470000,67470100,51,126,67480000,58435
0,6748,67480000,67480100,51,126,67490000,58446
0,6749,67490000,67490100,51,126,67500000,58452
0,675,6750000,6750100,51,126,6760000,5844
0,6750,67500000,67500100,51,126,67510000,58463
0,6751,67510000,67510100,51,126,67520000,58471
0,6752,67520000,67520100,51,126,67530000,58480
0,6753,67530000,67530100,51,126,67540000,58488
0,6754,67540000,67540100,51,126,67550000,58496
0,6755,67550000,67550100,51,126,67560000,58505
0,6756,67560000,67560100,51,126,67570000,58516
0,6757,67570000,67570100,51,126,67580000,58522
0,6758,67580000,67580100,51,126,67590000,58531
0,6759,67590000,67590100,51,126,67600000,58540
0,676,6760000,6760100,51,126,6770000,5853
0,6760,67600000,67600100,51,126,67610000,58550
0,6761,67610000,67610100,51,126,67620000,58556
0,6762,67620000,67620100,51,126,67630000,58568
0,6763,67630000,67630100,51,126,67640000,58574
0,6764,67640000,67640100,51,126,67650000,58582
0,6765,67650000,67650100,51,126,67660000,58594
0,6766,67660000,67660100,51,126,67670000,58601
0,6767,67670000,67670100,51,126,67680000,58607
0,6768,67680000,67680100,51,126,67690000,58619
0,6769,67690000,67690100,51,126,67700000,58627
0,677,6770000,6770100,51,126,6780000,5859
0,6770,67700000,67700100,51,126,67710000,58636
0,6771,67710000,67710100,51,126,67720000,58644
0,6772,67720000,67720100,51,126,67730000,58654
0,6773,67730000,67730100,51,126,67740000,58660
0,6774,67740000,67740100,51,126,67750000,58670
0,6775,67750000,67750100,51,126,67760000,58677
0,6776,67760000,67760100,51,126,67770000,58689
0,6777,67770000,67770100,51,126,67780000,58697
0,6778,67780000,67780100,51,126,67790000,58704
0,6779,67790000,67790100,51,126,67800000,58712
0,678,6780000,6780100,51,126,6790000,5869
0,6780,67800000,67800100,51,126,67810000,58724
0,6781,67810000,67810100,51,126,67820000,58731
0,6782,67820000,67820100,51,126,67830000,58738
0,6783,67830000,67830100,51,126,67840000,58748
0,6784,67840000,67840100,51,126,67850000,58757
0,6785,67850000,67850100,51,126,67860000,58764
0,6786,67860000,67860100,51,126,67870000,58776
0,6787,67870000,67870100,51,126,67880000,58783
0,6788,67880000,67880100,51,126,67890000,58791
0,6789,67890000,67890100,51,126,67900000,58799
0,679,6790000,6790100,51,126,6800000,5877
0,6790,67900000,67900100,51,126,67910000,58809
0,6791,67910000,67910100,51,126,67920000,58815
0,6792,67920000,67920100,51,126,67930000,58828
0,6793,67930000,67930100,51,126,67940000,58836
0,6794,67940000,67940100,51,126,67950000,58843
0,6795,67950000,67950100,51,126,67960000,58852
0,6796,67960000,67960100,51,126,67970000,58860
0,6797,67970000,67970100,51,126,67980000,58868
0,6798,67980000,67980100,51,126,67990000,58879
0,6799,67990000,67990100,51,126,68000000,58885
0,68,680000,680100,51,126,690000,585
0,680,6800000,6800100,51,126,6810000,5887
0,6800,68000000,68000100,51,126,68010000,58897
0,6801,68010000,68010100,51,126,68020000,58905
0,6802,68020000,68020100,51,126,68030000,58912
0,6803,68030000,68030100,51,126,68040000,58919
0,6804,68040000,68040100,51,126,68050000,58932
0,6805,68050000,68050100,51,126,68060000,58939
0,6806,68060000,68060100,51,126,68070000,58946
0,6807,68070000,68070100,51,126,68080000,58956
0,6808,68080000,68080100,51,126,68090000,58965
0,6809,68090000,68090100,51,126,68100000,58972
0,681,6810000,6810100,51,126,6820000,5895
0,6810,68100000,68100100,51,126,68110000,58983
0,6811,68110000,68110100,51,126,68120000,58991
0,6812,68120000,68120100,51,126,68130000,58999
0,6813,68130000,68130100,51,126,68140000,59007
0,6814,68140000,68140100,51,126,68150000,59017
0,6815,68150000,68150100,51,126,68160000,59024
0,6816,68160000,68160100,51,126,68170000,59036
0,6817,68170000,68170100,51,126,68180000,59042
0,6818,68180000,68180100,51,126,68190000,59051
0,6819,68190000,68190100,51,126,68200000,59059
0,682,6820000,6820100,51,126,6830000,5905
0,6820,68200000,68200100,51,126,68210000,59069
0,6821,68210000,68210100,51,126,68220000,59077
0,6822,68220000,68220100,51,126,68230000,59087
0,6823,68230000,68230100,51,126,68240000,59093
0,6824,68240000,68240100,51,126,68250000,59102
0,6825,68250000,68250100,51,126,68260000,59114
0,6826,68260000,68260100,51,126,68270000,59121
0,6827,68270000,68270100,51,126,68280000,59127
0,6828,68280000,68280100,51,126,68290000,59140
0,6829,68290000,68290100,51,126,68300000,59146
0,683,6830000,6830100,51,126,6840000,5911
0,6830,68300000,68300100,51,126,68310000,59154
0,6831,68310000,68310100,51,126,68320000,59163
0,6832,68320000,68320100,51,126,68330000,59174
0,6833,68330000,68330100,51,126,68340000,59180
0,6834,68340000,68340100,51,126,68350000,59190
0,6835,68350000,68350100,51,126,68360000,59199
0,6836,68360000,68360100,51,126,68370000,59208
0,6837,68370000,68370100,51,126,68380000,59216
0,6838,68380000,68380100,51,126,68390000,59223
0,6839,68390000,68390100,51,126,68400000,59231
0,684,6840000,6840100,51,126,6850000,5922
0,6840,68400000,68400100,51,126,68410000,59244
0,6841,68410000,68410100,51,126,68420000,59250
0,6842,68420000,68420100,51,126,68430000,59260
0,6843,68430000,68430100,51,126,68440000,59268
0,6844,68440000,68440100,51,126,68450000,59276
0,6845,68450000,68450100,51,126,68460000,59283
0,6846,68460000,68460100,51,126,68470000,59295
0,6847,68470000,68470100,51,126,68480000,59302
0,6848,68480000,68480100,51,126,68490000,59311
0,6849,68490000,68490100,51,126,68500000,59321
0,685,6850000,6850100,51,126,6860000,5929
0,6850,68500000,68500100,51,126,68510000,59329
0,6851,68510000,68510100,51,126,68520000,59335
0,6852,68520000,68520100,51,126,68530000,59346
0,6853,68530000,68530100,51,126,68540000,59355
0,6854,68540000,68540100,51,126,68550000,59362
0,6855,68550000,68550100,51,126,68560000,59371
0,6856,68560000,68560100,51,126,68570000,59382
0,6857,68570000,68570100,51,126,68580000,59388
0,6858,68580000,68580100,51,126,68590000,59399
0,6859,68590000,68590100,51,126,68600000,59405
0,686,6860000,6860100,51,126,6870000,5938
0,6860,68600000,68600100,51,126,68610000,59416
0,6861,68610000,68610100,51,126,68620000,59424
0,6862,68620000,68620100,51,126,68630000,59431
0,6863,68630000,68630100,51,126,68640000,59439
0,6864,68640000,68640100,51,126,68650000,59452
0,6865,68650000,68650100,51,126,68660000,59459
0,6866,68660000,68660100,51,126,68670000,59466
0,6867,68670000,68670100,51,126,68680000,59476
0,6868,68680000,68680100,51,126,68690000,59484
0,6869,68690000,68690100,51,126,68700000,59491
0,687,6870000,6870100,51,126,6880000,5947
0,6870,68700000,68700100,51,126,68710000,59504
0,6871,68710000,68710100,51,126,68720000,59510
0,6872,68720000,68720100,51,126,68730000,59519
0,6873,68730000,68730100,51,126,68740000,59527
0,6874,68740000,68740100,51,126,68750000,59536
0,6875,68750000,68750100,51,126,68760000,59544
0,6876,68760000,68760100,51,126,68770000,59555
0,6877,68770000,68770100,51,126,68780000,59563
0,6878,68780000,68780100,51,126,68790000,59570
0,6879,68790000,68790100,51,126,68800000,59578
0,688,6880000,6880100,51,126,6890000,5956
0,6880,68800000,68800100,51,126,68810000,59589
0,6881,68810000,68810100,51,126,68820000,59597
0,6882,68820000,68820100,51,126,68830000,59607
0,6883,68830000,68830100,51,126,68840000,59613
0,6884,68840000,68840100,51,126,68850000,59623
0,6885,68850000,68850100,51,126,68860000,59632
0,6886,68860000,68860100,51,126,68870000,59640
0,6887,68870000,68870100,51,126,68880000,59646
0,6888,68880000,68880100,51,126,68890000,59660
0,6889,68890000,68890100,51,126,68900000,59666
0,689,6890000,6890100,51,126,6900000,5964
0,6890,68900000,68900100,51,126,68910000,59674
0,6891,68910000,68910100,51,126,68920000,59685
0,6892,68920000,68920100,51,126,68930000,59693
0,6893,68930000,68930100,51,126,68940000,59699
0,6894,68940000,68940100,51,126,68950000,59709
0,6895,68950000,68950100,51,126,68960000,59718
0,6896,68960000,68960100,51,126,68970000,59727
0,6897,68970000,68970100,51,126,68980000,59736
0,6898,68980000,68980100,51,126,68990000,59745
0,6899,68990000,68990100,51,126,69000000,59751
0,69,690000,690100,51,126,700000,593
0,690,6900000,6900100,51,126,6910000,5975
0,6900,69000000,69000100,51,126,69010000,59763
0,6901,69010000,69010100,51,126,69020000,59769
0,6902,69020000,69020100,51,126,69030000,59779
0,6903,69030000,69030100,51,126,69040000,59787
0,6904,69040000,69040100,51,126,69050000,59796
0,6905,69050000,69050100,51,126,69060000,59805
0,6906,69060000,69060100,51,126,69070000,59815
0,6907,69070000,69070100,51,126,69080000,59821
0,6908,69080000,69080100,51,126,69090000,59830
0,6909,69090000,69090100,51,126,69100000,59840
0,691,6910000,6910100,51,126,6920000,5981
0,6910,69100000,69100100,51,126,69110000,59848
0,6911,69110000,69110100,51,126,69120000,59854
0,6912,69120000,69120100,51,126,69130000,59868
0,6913,69130000,69130100,51,126,69140000,59875
0,6914,69140000,69140100,51,126,69150000,59882
0,6915,69150000,69150100,51,126,69160000,59891
0,6916,69160000,69160100,51,126,69170000,59901
0,6917,69170000,69170100,51,126,69180000,59907
0,6918,69180000,69180100,51,126,69190000,59917
0,6919,69190000,69190100,51,126,69200000,59926
0,692,6920000,6920100,51,126,6930000,5989
0,6920,69200000,69200100,51,126,69210000,59936
0,6921,69210000,69210100,51,126,69220000,59944
0,6922,69220000,69220100,51,126,69230000,59951
0,6923,69230000,69230100,51,126,69240000,59959
0,6924,69240000,69240100,51,126,69250000,59971
0,6925,69250000,69250100,51,126,69260000,59978
0,6926,69260000,69260100,51,126,69270000,59987
0,6927,69270000,69270100,51,126,69280000,59995
0,6928,69280000,69280100,51,126,69290000,60004
0,6929,69290000,69290100,51,126,69300000,60010
0,693,6930000,6930100,51,126,6940000,6000
0,6930,69300000,69300100,51,126,69310000,60024
0,6931,69310000,69310100,51,126,69320000,60030
0,6932,69320000,69320100,51,126,69330000,60038
0,6933,69330000,69330100,51,126,69340000,60048
0,6934,69340000,69340100,51,126,69350000,60055
0,6935,69350000,69350100,51,126,69360000,60063
0,6936,69360000,69360100,51,126,69370000,60075
0,6937,69370000,69370100,51,126,69380000,60083
0,6938,69380000,69380100,51,126,69390000,60090
0,6939,69390000,69390100,51,126,69400000,60098
0,694,6940000,6940100,51,126,6950000,6007
0,6940,69400000,69400100,51,126,69410000,60109
0,6941,69410000,69410100,51,126,69420000,60116
0,6942,69420000,69420100,51,126,69430000,60126
0,6943,69430000,69430100,51,126,69440000,60132
0,6944,69440000,69440100,51,126,69450000,60143
0,6945,69450000,69450100,51,126,69460000,60152
0,6946,69460000,69460100,51,126,69470000,60160
0,6947,69470000,69470100,51,126,69480000,60168
0,6948,69480000,69480100,51,126,69490000,60179
0,6949,69490000,69490100,51,126,69500000,60185
0,695,6950000,6950100,51,126,6960000,6014
0,6950,69500000,69500100,51,126,69510000,60193
0,6951,69510000,69510100,51,126,69520000,60203
0,6952,69520000,69520100,51,126,69530000,60213
0,6953,69530000,69530100,51,126,69540000,60219
0,6954,69540000,69540100,51,126,69550000,60231
0,6955,69550000,69550100,51,126,69560000,60238
0,6956,69560000,69560100,51,126,69570000,60246
0,6957,69570000,69570100,51,126,69580000,60255
0,6958,69580000,69580100,51,126,69590000,60264
0,6959,69590000,69590100,51,126,69600000,60270
0,696,6960000,6960100,51,126,6970000,6028
0,6960,69600000,69600100,51,126,69610000,60283
0,6961,69610000,69610100,51,126,69620000,60291
0,6962,69620000,69620100,51,126,69630000,60298
0,6963,69630000,69630100,51,126,69640000,60307
0,6964,69640000,69640100,51,126,69650000,60315
0,6965,69650000,69650100,51,126,69660000,60324
0,6966,69660000,69660100,51,126,69670000,60334
0,6967,69670000,69670100,51,126,69680000,60340
0,6968,69680000,69680100,51,126,69690000,60352
0,6969,69690000,69690100,51,126,69700000,60360
0,697,6970000,6970100,51,126,6980000,6034
0,6970,69700000,69700100,51,126,69710000,60368
0,6971,69710000,69710100,51,126,69720000,60374
0,6972,69720000,69720100,51,126,69730000,60387
0,6973,69730000,69730100,51,126,69740000,60393
0,6974,69740000,69740100,51,126,69750000,60401
0,6975,69750000,69750100,51,126,69760000,60412
0,6976,69760000,69760100,51,126,69770000,60421
0,6977,69770000,69770100,51,126,69780000,60427
0,6978,69780000,69780100,51,126,69790000,60437
0,6979,69790000,69790100,51,126,69800000,60446
0,698,6980000,6980100,51,126,6990000,6042
0,6980,69800000,69800100,51,126,69810000,60455
0,6981,69810000,69810100,51,126,69820000,60463
0,6982,69820000,69820100,51,126,69830000,60472
0,6983,69830000,69830100,51,126,69840000,60478
0,6984,69840000,69840100,51,126,69850000,60490
0,6985,69850000,69850100,51,126,69860000,60498
0,6986,69860000,69860100,51,126,69870000,60507
0,6987,69870000,69870100,51,126,69880000,60515
0,6988,69880000,69880100,51,126,69890000,60523
0,6989,69890000,69890100,51,126,69900000,60531
0,699,6990000,6990100,51,126,7000000,6050
0,6990,69900000,69900100,51,126,69910000,60543
0,6991,69910000,69910100,51,126,69920000,60549
0,6992,69920000,69920100,51,126,69930000,60558
0,6993,69930000,69930100,51,126,69940000,60568
0,6994,69940000,69940100,51,126,69950000,60575
0,6995,69950000,69950100,51,126,69960000,60582
0,6996,69960000,69960100,51,126,69970000,60596
0,6997,69970000,69970100,51,126,69980000,60602
0,6998,69980000,69980100,51,126,69990000,60609
0,6999,69990000,69990100,51,126,70000000,60617
0,7,70000,70100,51,126,80000,57
0,70,700000,700100,51,126,710000,603
0,700,7000000,7000100,51,126,7010000,6061
0,7000,70000000,70000100,51,126,70010000,60629
0,7001,70010000,70010100,51,126,70020000,60636
0,7002,70020000,70020100,51,126,70030000,60646
0,7003,70030000,70030100,51,126,70040000,60654
0,7004,70040000,70040100,51,126,70050000,60662
0,7005,70050000,70050100,51,126,70060000,60671
0,7006,70060000,70060100,51,126,70070000,60678
0,7007,70070000,70070100,51,126,70080000,60687
0,7008,70080000,70080100,51,126,70090000,60699
0,7009,70090000,70090100,51,126,70100000,60705
0,701,7010000,7010100,51,126,7020000,6067
0,7010,70100000,70100100,51,126,70110000,60715
0,7011,70110000,70110100,51,126,70120000,60723
0,7012,70120000,70120100,51,126,70130000,60732
0,7013,70130000,70130100,51,126,70140000,60738
0,7014,70140000,70140100,51,126,70150000,60750
0,7015,70150000,70150100,51,126,70160000,60757
0,7016,70160000,70160100,51,126,70170000,60766
0,7017,70170000,70170100,51,126,70180000,60776
0,7018,70180000,70180100,51,126,70190000,60784
0,7019,70190000,70190100,51,126,70200000,60790
0,702,7020000,7020100,51,126,7030000,6077
0,7020,70200000,70200100,51,126,70210000,60802
0,7021,70210000,70210100,51,126,70220000,60810
0,7022,70220000,70220100,51,126,70230000,60817
0,7023,70230000,70230100,51,126,70240000,60826
0,7024,70240000,70240100,51,126,70250000,60837
0,7025,70250000,70250100,51,126,70260000,60844
0,7026,70260000,70260100,51,126,70270000,60854
0,7027,70270000,70270100,51,126,70280000,60860
0,7028,70280000,70280100,51,126,70290000,60870
0,7029,70290000,70290100,51,126,70300000,60879
0,703,7030000,7030100,51,126,7040000,6085
0,7030,70300000,70300100,51,126,70310000,60887
0,7031,70310000,70310100,51,126,70320000,60895
0,7032,70320000,70320100,51,126,70330000,60907
0,7033,70330000,70330100,51,126,70340000,60913
0,7034,70340000,70340100,51,126,70350000,60921
0,7035,70350000,70350100,51,126,70360000,60932
0,7036,70360000,70360100,51,126,70370000,60940
0,7037,70370000,70370100,51,126,70380000,60946
0,7038,70380000,70380100,51,126,70390000,60958
0,7039,70390000,70390100,51,126,70400000,60964
0,704,7040000,7040100,51,126,7050000,6095
0,7040,70400000,70400100,51,126,70410000,60975
0,7041,70410000,70410100,51,126,70420000,60983
0,7042,70420000,70420100,51,126,70430000,60992
0,7043,70430000,70430100,51,126,70440000,60998
0,7044,70440000,70440100,51,126,70450000,61009
0,7045,70450000,70450100,51,126,70460000,61019
0,7046,70460000,70460100,51,126,70470000,61026
0,7047,70470000,70470100,51,126,70480000,61034
0,7048,70480000,70480100,51,126,70490000,61043
0,7049,70490000,70490100,51,126,70500000,61051
0,705,7050000,7050100,51,126,7060000,6104
0,7050,70500000,70500100,51,126,70510000,61062
0,7051,70510000,70510100,51,126,70520000,61069
0,7052,70520000,70520100,51,126,70530000,61079
0,7053,70530000,70530100,51,126,70540000,61087
0,7054,70540000,70540100,51,126,70550000,61094
0,7055,70550000,70550100,51,126,70560000,61101
0,7056,70560000,70560100,51,126,70570000,61116
0,7057,70570000,70570100,51,126,70580000,61122
0,7058,70580000,70580100,51,126,70590000,61129
0,7059,70590000,70590100,51,126,70600000,61139
0,706,7060000,7060100,51,126,7070000,6111
0,7060,70600000,70600100,51,126,70610000,61148
0,7061,70610000,70610100,51,126,70620000,61154
0,7062,70620000,70620100,51,126,70630000,61165
0,7063,70630000,70630100,51,126,70640000,61173
0,7064,70640000,70640100,51,126,70650000,61182
0,7065,70650000,70650100,51,126,70660000,61191
0,7066,70660000,70660100,51,126,70670000,61200
0,7067,70670000,70670100,51,126,70680000,61207
0,7068,70680000,70680100,51,126,70690000,61218
0,7069,70690000,70690100,51,126,70700000,61224
0,707,7070000,7070100,51,126,7080000,6119
0,7070,70700000,70700100,51,126,70710000,61234
0,7071,70710000,70710100,51,126,70720000,61242
0,7072,70720000,70720100,51,126,70730000,61251
0,7073,70730000,70730100,51,126,70740000,61260
0,7074,70740000,70740100,51,126,70750000,61270
0,7075,70750000,70750100,51,126,70760000,61277
0,7076,70760000,70760100,51,126,70770000,61285
0,7077,70770000,70770100,51,126,70780000,61295
0,7078,70780000,70780100,51,126,70790000,61303
0,7079,70790000,70790100,51,126,70800000,61309
0,708,7080000,7080100,51,126,7090000,6130
0,7080,70800000,70800100,51,126,70810000,61324
0,7081,70810000,70810100,51,126,70820000,61330
0,7082,70820000,70820100,51,126,70830000,61337
0,7083,70830000,70830100,51,126,70840000,61345
0,7084,70840000,70840100,51,126,70850000,61356
0,7085,70850000,70850100,51,126,70860000,61363
0,7086,70860000,70860100,51,126,70870000,61373
0,7087,70870000,70870100,51,126,70880000,61381
0,7088,70880000,70880100,51,126,70890000,61390
0,7089,70890000,70890100,51,126,70900000,61399
0,709,7090000,7090100,51,126,7100000,6137
0,7090,70900000,70900100,51,126,70910000,61407
0,7091,70910000,70910100,51,126,70920000,61415
0,7092,70920000,70920100,51,126,70930000,61426
0,7093,70930000,70930100,51,126,70940000,61432
0,7094,70940000,70940100,51,126,70950000,61441
0,7095,70950000,70950100,51,126,70960000,61451
0,7096,70960000,70960100,51,126,70970000,61460
0,7097,70970000,70970100,51,126,70980000,61466
0,7098,70980000,70980100,51,126,70990000,61478
0,7099,70990000,70990100,51,126,71000000,61484
0,71,710000,710100,51,126,720000,610
0,710,7100000,7100100,51,126,7110000,6147
0,7100,71000000,71000100,51,126,71010000,61494
0,7101,71010000,71010100,51,126,71020000,61504
0,7102,71020000,71020100,51,126,71030000,61511
0,7103,71030000,71030100,51,126,71040000,61517
0,7104,71040000,71040100,51,126,71050000,61529
0,7105,71050000,71050100,51,126,71060000,61538
0,7106,71060000,71060100,51,126,71070000,61546
0,7107,71070000,71070100,51,126,71080000,61554
0,7108,71080000,71080100,51,126,71090000,61564
0,7109,71090000,71090100,51,126,71100000,61570
0,711,7110000,7110100,51,126,7120000,6155
0,7110,71100000,71100100,51,126,71110000,61581
0,7111,71110000,71110100,51,126,71120000,61588
0,7112,71120000,71120100,51,126,71130000,61599
0,7113,71130000,71130100,51,126,71140000,61607
0,7114,71140000,71140100,51,126,71150000,61614
0,7115,71150000,71150100,51,126,71160000,61623
0,7116,71160000,71160100,51,126,71170000,61634
0,7117,71170000,71170100,51,126,71180000,61641
0,7118,71180000,71180100,51,126,71190000,61648
0,7119,71190000,71190100,51,126,71200000,61658
0,712,7120000,7120100,51,126,7130000,6164
0,7120,71200000,71200100,51,126,71210000,61668
0,7121,71210000,71210100,51,126,71220000,61674
0,7122,71220000,71220100,51,126,71230000,61687
0,7123,71230000,71230100,51,126,71240000,61693
0,7124,71240000,71240100,51,126,71250000,61701
0,7125,71250000,71250100,51,126,71260000,61710
0,7126,71260000,71260100,51,126,71270000,61719
0,7127,71270000,71270100,51,126,71280000,61725
0,7128,71280000,71280100,51,126,71290000,61738
0,7129,71290000,71290100,51,126,71300000,61746
0,713,7130000,7130100,51,126,7140000,6170
0,7130,71300000,71300100,51,126,71310000,61754
0,7131,71310000,71310100,51,126,71320000,61762
0,7132,71320000,71320100,51,126,71330000,61770
0,7133,71330000,71330100,51,126,71340000,61779
0,7134,71340000,71340100,51,126,71350000,61789
0,7135,71350000,71350100,51,126,71360000,61796
0,7136,71360000,71360100,51,126,71370000,61807
0,7137,71370000,71370100,51,126,71380000,61815
0,7138,71380000,71380100,51,126,71390000,61822
0,7139,71390000,71390100,51,126,71400000,61829
0,714,7140000,7140100,51,126,7150000,6182
0,7140,71400000,71400100,51,126,71410000,61843
0,7141,71410000,71410100,51,126,71420000,61849
0,7142,71420000,71420100,51,126,71430000,61856
0,7143,71430000,71430100,51,126,71440000,61866
0,7144,71440000,71440100,51,126,71450000,61876
0,7145,71450000,71450100,51,126,71460000,61883
0,7146,71460000,71460100,51,126,71470000,61893
0,7147,71470000,71470100,51,126,71480000,61901
0,7148,71480000,71480100,51,126,71490000,61909
0,7149,71490000,71490100,51,126,71500000,61917
0,715,7150000,7150100,51,126,7160000,6190
0,7150,71500000,71500100,51,126,71510000,61928
0,7151,71510000,71510100,51,126,71520000,61934
0,7152,71520000,71520100,51,126,71530000,61946
0,7153,71530000,71530100,51,126,71540000,61952
0,7154,71540000,71540100,51,126,71550000,61961
0,7155,71550000,71550100,51,126,71560000,61971
0,7156,71560000,71560100,51,126,71570000,61979
0,7157,71570000,71570100,51,126,71580000,61987
0,7158,71580000,71580100,51,126,71590000,61997
0,7159,71590000,71590100,51,126,71600000,62003
0,716,7160000,7160100,51,126,7170000,6198
0,7160,71600000,71600100,51,126,71610000,62013
0,7161,71610000,71610100,51,126,71620000,62024
0,7162,71620000,71620100,51,126,71630000,62031
0,7163,71630000,71630100,51,126,71640000,62037
0,7164,71640000,71640100,51,126,71650000,62050
0,7165,71650000,71650100,51,126,71660000,62057
0,7166,71660000,71660100,51,126,71670000,62065
0,7167,71670000,71670100,51,126,71680000,62073
0,7168,71680000,71680100,51,126,71690000,62084
0,7169,71690000,71690100,51,126,71700000,62090
0,717,7170000,7170100,51,126,7180000,6208
0,7170,71700000,71700100,51,126,71710000,62101
0,7171,71710000,71710100,51,126,71720000,62109
0,7172,71720000,71720100,51,126,71730000,62118
0,7173,71730000,71730100,51,126,71740000,62126
0,7174,71740000,71740100,51,126,71750000,62133
0,7175,71750000,71750100,51,126,71760000,62142
0,7176,71760000,71760100,51,126,71770000,62154
0,7177,71770000,71770100,51,126,71780000,62161
0,7178,71780000,71780100,51,126,71790000,62170
0,7179,71790000,71790100,51,126,71800000,62178
0,718,7180000,7180100,51,126,7190000,6215
0,7180,71800000,71800100,51,126,71810000,62187
0,7181,71810000,71810100,51,126,71820000,62193
0,7182,71820000,71820100,51,126,71830000,62205
0,7183,71830000,71830100,51,126,71840000,62212
0,7184,71840000,71840100,51,126,71850000,62221
0,7185,71850000,71850100,51,126,71860000,62232
0,7186,71860000,71860100,51,126,71870000,62239
0,7187,71870000,71870100,51,126,71880000,62245
0,7188,71880000,71880100,51,126,71890000,62257
0,7189,71890000,71890100,51,126,71900000,62265
0,719,7190000,7190100,51,126,7200000,6221
0,7190,71900000,71900100,51,126,71910000,62273
0,7191,71910000,71910100,51,126,71920000,62281
0,7192,71920000,71920100,51,126,71930000,62292
0,7193,71930000,71930100,51,126,71940000,62298
0,7194,71940000,71940100,51,126,71950000,62309
0,7195,71950000,71950100,51,126,71960000,62316
0,7196,71960000,71960100,51,126,71970000,62326
0,7197,71970000,71970100,51,126,71980000,62334
0,7198,71980000,71980100,51,126,71990000,62341
0,7199,71990000,71990100,51,126,72000000,62350
0,72,720000,720100,51,126,730000,622
0,720,7200000,7200100,51,126,7210000,6235
0,7200,72000000,72000100,51,126,72010000,62363
0,7201,72010000,72010100,51,126,72020000,62369
0,7202,72020000,72020100,51,126,72030000,62376
0,7203,72030000,72030100,51,126,72040000,62386
0,7204,72040000,72040100,51,126,72050000,62394
0,7205,72050000,72050100,51,126,72060000,62402
0,7206,72060000,72060100,51,126,72070000,62414
0,7207,72070000,72070100,51,126,72080000,62420
0,7208,72080000,72080100,51,126,72090000,62429
0,7209,72090000,72090100,51,126,72100000,62437
0,721,7210000,7210100,51,126,7220000,6243
0,7210,72100000,72100100,51,126,72110000,62448
0,7211,72110000,72110100,51,126,72120000,62454
0,7212,72120000,72120100,51,126,72130000,62465
0,7213,72130000,72130100,51,126,72140000,62473
0,7214,72140000,72140100,51,126,72150000,62480
0,7215,72150000,72150100,51,126,72160000,62489
0,7216,72160000,72160100,51,126,72170000,62499
0,7217,72170000,72170100,51,126,72180000,62507
0,7218,72180000,72180100,51,126,72190000,62517
0,7219,72190000,72190100,51,126,72200000,62523
0,722,7220000,7220100,51,126,7230000,6250
0,7220,72200000,72200100,51,126,72210000,62534
0,7221,72210000,72210100,51,126,72220000,62543
0,7222,72220000,72220100,51,126,72230000,62550
0,7223,72230000,72230100,51,126,72240000,62556
0,7224,72240000,72240100,51,126,72250000,62570
0,7225,72250000,72250100,51,126,72260000,62577
0,7226,72260000,72260100,51,126,72270000,62584
0,7227,72270000,72270100,51,126,72280000,62595
0,7228,72280000,72280100,51,126,72290000,62603
0,7229,72290000,72290100,51,126,72300000,62609
0,723,7230000,7230100,51,126,7240000,6258
0,7230,72300000,72300100,51,126,72310000,62620
0,7231,72310000,72310100,51,126,72320000,62628
0,7232,72320000,72320100,51,126,72330000,62638
0,7233,72330000,72330100,51,126,72340000,62646
0,7234,72340000,72340100,51,126,72350000,62655
0,7235,72350000,72350100,51,126,72360000,62662
0,7236,72360000,72360100,51,126,72370000,62673
0,7237,72370000,72370100,51,126,72380000,62679
0,7238,72380000,72380100,51,126,72390000,62689
0,7239,72390000,72390100,51,126,72400000,62697
0,724,7240000,7240100,51,126,7250000,6268
0,7240,72400000,72400100,51,126,72410000,62707
0,7241,72410000,72410100,51,126,72420000,62715
0,7242,72420000,72420100,51,126,72430000,62725
0,7243,72430000,72430100,51,126,72440000,62732
0,7244,72440000,72440100,51,126,72450000,62740
0,7245,72450000,72450100,51,126,72460000,62751
0,7246,72460000,72460100,51,126,72470000,62758
0,7247,72470000,72470100,51,126,72480000,62764
0,7248,72480000,72480100,51,126,72490000,62778
0,7249,72490000,72490100,51,126,72500000,62785
0,725,7250000,7250100,51,126,7260000,6275
0,7250,72500000,72500100,51,126,72510000,62793
0,7251,72510000,72510100,51,126,72520000,62801
0,7252,72520000,72520100,51,126,72530000,62811
0,7253,72530000,72530100,51,126,72540000,62817
0,7254,72540000,72540100,51,126,72550000,62828
0,7255,72550000,72550100,51,126,72560000,62837
0,7256,72560000,72560100,51,126,72570000,62846
0,7257,72570000,72570100,51,126,72580000,62854
0,7258,72580000,72580100,51,126,72590000,62861
0,7259,72590000,72590100,51,126,72600000,62869
0,726,7260000,7260100,51,126,7270000,6286
0,7260,72600000,72600100,51,126,72610000,62882
0,7261,72610000,72610100,51,126,72620000,62888
0,7262,72620000,72620100,51,126,72630000,62897
0,7263,72630000,72630100,51,126,72640000,62905
0,7264,72640000,72640100,51,126,72650000,62914
0,7265,72650000,72650100,51,126,72660000,62922
0,7266,72660000,72660100,51,126,72670000,62934
0,7267,72670000,72670100,51,126,72680000,62940
0,7268,72680000,72680100,51,126,72690000,62948
0,7269,72690000,72690100,51,126,72700000,62958
0,727,7270000,7270100,51,126,7280000,6292
0,7270,72700000,72700100,51,126,72710000,62966
0,7271,72710000,72710100,51,126,72720000,62973
0,7272,72720000,72720100,51,126,72730000,62985
0,7273,72730000,72730100,51,126,72740000,62993
0,7274,72740000,72740100,51,126,72750000,63000
0,7275,72750000,72750100,51,126,72760000,63009
0,7276,72760000,72760100,51,126,72770000,63020
0,7277,72770000,72770100,51,126,72780000,63026
0,7278,72780000,72780100,51,126,72790000,63036
0,7279,72790000,72790100,51,126,72800000,63042
0,728,7280000,7280100,51,126,7290000,6303
0,7280,72800000,72800100,51,126,72810000,63054
0,7281,72810000,72810100,51,126,72820000,63062
0,7282,72820000,72820100,51,126,72830000,63070
0,7283,72830000,72830100,51,126,72840000,63078
0,7284,72840000,72840100,51,126,72850000,63089
0,7285,72850000,72850100,51,126,72860000,63096
0,7286,72860000,72860100,51,126,72870000,63103
0,7287,72870000,72870100,51,126,72880000,63114
0,7288,72880000,72880100,51,126,72890000,63123
0,7289,72890000,72890100,51,126,72900000,63129
0,729,7290000,7290100,51,126,7300000,6311
0,7290,72900000,72900100,51,126,72910000,63142
0,7291,72910000,72910100,51,126,72920000,63148
0,7292,72920000,72920100,51,126,72930000,63156
0,7293,72930000,72930100,51,126,72940000,63165
0,7294,72940000,72940100,51,126,72950000,63174
0,7295,72950000,72950100,51,126,72960000,63181
0,7296,72960000,72960100,51,126,72970000,63193
0,7297,72970000,72970100,51,126,72980000,63201
0,7298,72980000,72980100,51,126,72990000,63209
0,7299,72990000,72990100,51,126,73000000,63217
0,73,730000,730100,51,126,740000,630
0,730,7300000,7300100,51,126,7310000,6319
0,7300,73000000,73000100,51,126,73010000,63226
0,7301,73010000,73010100,51,126,73020000,63234
0,7302,73020000,73020100,51,126,73030000,63244
0,7303,73030000,73030100,51,126,73040000,63250
0,7304,73040000,73040100,51,126,73050000,63262
0,7305,73050000,73050100,51,126,73060000,63271
0,7306,73060000,73060100,51,126,73070000,63278
0,7307,73070000,73070100,51,126,73080000,63284
0,7308,73080000,73080100,51,126,73090000,63297
0,7309,73090000,73090100,51,126,73100000,63304
0,731,7310000,7310100,51,126,7320000,6328
0,7310,73100000,73100100,51,126,73110000,63312
0,7311,73110000,73110100,51,126,73120000,63322
0,7312,73120000,73120100,51,126,73130000,63331
0,7313,73130000,73130100,51,126,73140000,63337
0,7314,73140000,73140100,51,126,73150000,63347
0,7315,73150000,73150100,51,126,73160000,63357
0,7316,73160000,73160100,51,126,73170000,63365
0,7317,73170000,73170100,51,126,73180000,63373
0,7318,73180000,73180100,51,126,73190000,63382
0,7319,73190000,73190100,51,126,73200000,63388
0,732,7320000,7320100,51,126,7330000,6339
0,7320,73200000,73200100,51,126,73210000,63402
0,7321,73210000,73210100,51,126,73220000,63408
0,7322,73220000,73220100,51,126,73230000,63417
0,7323,73230000,73230100,51,126,73240000,63425
0,7324,73240000,73240100,51,126,73250000,63433
0,7325,73250000,73250100,51,126,73260000,63442
0,7326,73260000,73260100,51,126,73270000,63453
0,7327,73270000,73270100,51,126,73280000,63459
0,7328,73280000,73280100,51,126,73290000,63468
0,7329,73290000,73290100,51,126,73300000,63478
0,733,7330000,7330100,51,126,7340000,6345
0,7330,73300000,73300100,51,126,73310000,63486
0,7331,73310000,73310100,51,126,73320000,63493
0,7332,73320000,73320100,51,126,73330000,63506
0,7333,73330000,73330100,51,126,73340000,63512
0,7334,73340000,73340100,51,126,73350000,63519
0,7335,73350000,73350100,51,126,73360000,63528
0,7336,73360000,73360100,51,126,73370000,63539
0,7337,73370000,73370100,51,126,73380000,63546
0,7338,73380000,73380100,51,126,73390000,63556
0,7339,73390000,73390100,51,126,73400000,63564
0,734,7340000,7340100,51,126,7350000,6352
0,7340,73400000,73400100,51,126,73410000,63573
0,7341,73410000,73410100,51,126,73420000,63581
0,7342,73420000,73420100,51,126,73430000,63589
0,7343,73430000,73430100,51,126,73440000,63597
0,7344,73440000,73440100,51,126,73450000,63609
0,7345,73450000,73450100,51,126,73460000,63616
0,7346,73460000,73460100,51,126,73470000,63625
0,7347,73470000,73470100,51,126,73480000,63633
0,7348,73480000,73480100,51,126,73490000,63642
0,7349,73490000,73490100,51,126,73500000,63648
0,735,7350000,7350100,51,126,7360000,6363
0,7350,73500000,73500100,51,126,73510000,63661
0,7351,73510000,73510100,51,126,73520000,63667
0,7352,73520000,73520100,51,126,73530000,63676
0,7353,73530000,73530100,51,126,73540000,63687
0,7354,73540000,73540100,51,126,73550000,63694
0,7355,73550000,73550100,51,126,73560000,63701
0,7356,73560000,73560100,51,126,73570000,63712
0,7357,73570000,73570100,51,126,73580000,63720
0,7358,73580000,73580100,51,126,73590000,63727
0,7359,73590000,73590100,51,126,73600000,63736
0,736,7360000,7360100,51,126,7370000,6372
0,7360,73600000,73600100,51,126,73610000,63748
0,7361,73610000,73610100,51,126,73620000,63754
0,7362,73620000,73620100,51,126,73630000,63764
0,7363,73630000,73630100,51,126,73640000,63770
0,7364,73640000,73640100,51,126,73650000,63781
0,7365,73650000,73650100,51,126,73660000,63790
0,7366,73660000,73660100,51,126,73670000,63797
0,7367,73670000,73670100,51,126,73680000,63805
0,7368,73680000,73680100,51,126,73690000,63817
0,7369,73690000,73690100,51,126,73700000,63823
0,737,7370000,7370100,51,126,7380000,6379
0,7370,73700000,73700100,51,126,73710000,63832
0,7371,73710000,73710100,51,126,73720000,63842
0,7372,73720000,73720100,51,126,73730000,63850
0,7373,73730000,73730100,51,126,73740000,63856
0,7374,73740000,73740100,51,126,73750000,63868
0,7375,73750000,73750100,51,126,73760000,63876
0,7376,73760000,73760100,51,126,73770000,63885
0,7377,73770000,73770100,51,126,73780000,63893
0,7378,73780000,73780100,51,126,73790000,63902
0,7379,73790000,73790100,51,126,73800000,63908
0,738,7380000,7380100,51,126,7390000,6391
0,7380,73800000,73800100,51,126,73810000,63920
0,7381,73810000,73810100,51,126,73820000,63929
0,7382,73820000,73820100,51,126,73830000,63936
0,7383,73830000,73830100,51,126,73840000,63944
0,7384,73840000,73840100,51,126,73850000,63953
0,7385,73850000,73850100,51,126,73860000,63962
0,7386,73860000,73860100,51,126,73870000,63973
0,7387,73870000,73870100,51,126,73880000,63979
0,7388,73880000,73880100,51,126,73890000,63989
0,7389,73890000,73890100,51,126,73900000,63997
0,739,7390000,7390100,51,126,7400000,6397
0,7390,73900000,73900100,51,126,73910000,64005
0,7391,73910000,73910100,51,126,73920000,64011
0,7392,73920000,73920100,51,126,73930000,64026
0,7393,73930000,73930100,51,126,73940000,64032
0,7394,73940000,73940100,51,126,73950000,64039
0,7395,73950000,73950100,51,126,73960000,64050
0,7396,73960000,73960100,51,126,73970000,64058
0,7397,73970000,73970100,51,126,73980000,64065
0,7398,73980000,73980100,51,126,73990000,64075
0,7399,73990000,73990100,51,126,74000000,64083
0,74,740000,740100,51,126,750000,637
0,740,7400000,7400100,51,126,7410000,6406
0,7400,74000000,74000100,51,126,74010000,64093
0,7401,74010000,74010100,51,126,74020000,64101
0,7402,74020000,74020100,51,126,74030000,64110
0,7403,74030000,74030100,51,126,74040000,64117
0,7404,74040000,74040100,51,126,74050000,64128
0,7405,74050000,74050100,51,126,74060000,64135
0,7406,74060000,74060100,51,126,74070000,64144
0,7407,74070000,74070100,51,126,74080000,64152
0,7408,74080000,74080100,51,126,74090000,64162
0,7409,74090000,74090100,51,126,74100000,64170
0,741,7410000,7410100,51,126,7420000,6414
0,7410,74100000,74100100,51,126,74110000,64181
0,7411,74110000,74110100,51,126,74120000,64187
0,7412,74120000,74120100,51,126,74130000,64195
0,7413,74130000,74130100,51,126,74140000,64205
0,7414,74140000,74140100,51,126,74150000,64213
0,7415,74150000,74150100,51,126,74160000,64220
0,7416,74160000,74160100,51,126,74170000,64234
0,7417,74170000,74170100,51,126,74180000,64240
0,7418,74180000,74180100,51,126,74190000,64247
0,7419,74190000,74190100,51,126,74200000,64256
0,742,7420000,7420100,51,126,7430000,6424
0,7420,74200000,74200100,51,126,74210000,64267
0,7421,74210000,74210100,51,126,74220000,64273
0,7422,74220000,74220100,51,126,74230000,64283
0,7423,74230000,74230100,51,126,74240000,64291
0,7424,74240000,74240100,51,126,74250000,64300
0,7425,74250000,74250100,51,126,74260000,64310
0,7426,74260000,74260100,51,126,74270000,64317
0,7427,74270000,74270100,51,126,74280000,64325
0,7428,74280000,74280100,51,126,74290000,64336
0,7429,74290000,74290100,51,126,74300000,64342
0,743,7430000,7430100,51,126,7440000,6430
0,7430,74300000,74300100,51,126,74310000,64353
0,7431,74310000,74310100,51,126,74320000,64361
0,7432,74320000,74320100,51,126,74330000,64370
0,7433,74330000,74330100,51,126,74340000,64376
0,7434,74340000,74340100,51,126,74350000,64388
0,7435,74350000,74350100,51,126,74360000,64395
0,7436,74360000,74360100,51,126,74370000,64404
0,7437,74370000,74370100,51,126,74380000,64414
0,7438,74380000,74380100,51,126,74390000,64421
0,7439,74390000,74390100,51,126,74400000,64427
0,744,7440000,7440100,51,126,7450000,6442
0,7440,74400000,74400100,51,126,74410000,64440
0,7441,74410000,74410100,51,126,74420000,64449
0,7442,74420000,74420100,51,126,74430000,64456
0,7443,74430000,74430100,51,126,74440000,64464
0,7444,74440000,74440100,51,126,74450000,64474
0,7445,74450000,74450100,51,126,74460000,64481
0,7446,74460000,74460100,51,126,74470000,64491
0,7447,74470000,74470100,51,126,74480000,64498
0,7448,74480000,74480100,51,126,74490000,64509
0,7449,74490000,74490100,51,126,74500000,64517
0,745,7450000,7450100,51,126,7460000,6451
0,7450,74500000,74500100,51,126,74510000,64525
0,7451,74510000,74510100,51,126,74520000,64533
0,7452,74520000,74520100,51,126,74530000,64545
0,7453,74530000,74530100,51,126,74540000,64551
0,7454,74540000,74540100,51,126,74550000,64558
0,7455,74550000,74550100,51,126,74560000,64569
0,7456,74560000,74560100,51,126,74570000,64578
0,7457,74570000,74570100,51,126,74580000,64584
0,7458,74580000,74580100,51,126,74590000,64597
0,7459,74590000,74590100,51,126,74600000,64603
0,746,7460000,7460100,51,126,7470000,6458
0,7460,74600000,74600100,51,126,74610000,64612
0,7461,74610000,74610100,51,126,74620000,64620
0,7462,74620000,74620100,51,126,74630000,64629
0,7463,74630000,74630100,51,126,74640000,64636
0,7464,74640000,74640100,51,126,74650000,64648
0,7465,74650000,74650100,51,126,74660000,64657
0,7466,74660000,74660100,51,126,74670000,64664
0,7467,74670000,74670100,51,126,74680000,64672
0,7468,74680000,74680100,51,126,74690000,64680
0,7469,74690000,74690100,51,126,74700000,64689
0,747,7470000,7470100,51,126,7480000,6466
0,7470,74700000,74700100,51,126,74710000,64700
0,7471,74710000,74710100,51,126,74720000,64706
0,7472,74720000,74720100,51,126,74730000,64717
0,7473,74730000,74730100,51,126,74740000,64725
0,7474,74740000,74740100,51,126,74750000,64733
0,7475,74750000,74750100,51,126,74760000,64740
0,7476,74760000,74760100,51,126,74770000,64753
0,7477,74770000,74770100,51,126,74780000,64759
0,7478,74780000,74780100,51,126,74790000,64766
0,7479,74790000,74790100,51,126,74800000,64776
0,748,7480000,7480100,51,126,7490000,6475
0,7480,74800000,74800100,51,126,74810000,64787
0,7481,74810000,74810100,51,126,74820000,64793
0,7482,74820000,74820100,51,126,74830000,64803
0,7483,74830000,74830100,51,126,74840000,64811
0,7484,74840000,74840100,51,126,74850000,64819
0,7485,74850000,74850100,51,126,74860000,64829
0,7486,74860000,74860100,51,126,74870000,64838
0,7487,74870000,74870100,51,126,74880000,64844
0,7488,74880000,74880100,51,126,74890000,64856
0,7489,74890000,74890100,51,126,74900000,64862
0,749,7490000,7490100,51,126,7500000,6483
0,7490,74900000,74900100,51,126,74910000,64872
0,7491,74910000,74910100,51,126,74920000,64881
0,7492,74920000,74920100,51,126,74930000,64889
0,7493,74930000,74930100,51,126,74940000,64897
0,7494,74940000,74940100,51,126,74950000,64907
0,7495,74950000,74950100,51,126,74960000,64914
0,7496,74960000,74960100,51,126,74970000,64924
0,7497,74970000,74970100,51,126,74980000,64934
0,7498,74980000,74980100,51,126,74990000,64941
0,7499,74990000,74990100,51,126,75000000,64947
0,75,750000,750100,51,126,760000,646
0,750,7500000,7500100,51,126,7510000,6494
0,7500,75000000,75000100,51,126,75010000,64961
0,7501,75010000,75010100,51,126,75020000,64967
0,7502,75020000,75020100,51,126,75030000,64975
0,7503,75030000,75030100,51,126,75040000,64983
0,7504,75040000,75040100,51,126,75050000,64994
0,7505,75050000,75050100,51,126,75060000,65001
0,7506,75060000,75060100,51,126,75070000,65011
0,7507,75070000,75070100,51,126,75080000,65020
0,7508,75080000,75080100,51,126,75090000,65028
0,7509,75090000,75090100,51,126,75100000,65036
0,751,7510000,7510100,51,126,7520000,6500
0,7510,75100000,75100100,51,126,75110000,65044
0,7511,75110000,75110100,51,126,75120000,65052
0,7512,75120000,75120100,51,126,75130000,65064
0,7513,75130000,75130100,51,126,75140000,65071
0,7514,75140000,75140100,51,126,75150000,65080
0,7515,75150000,75150100,51,126,75160000,65089
0,7516,75160000,75160100,51,126,75170000,65097
0,7517,75170000,75170100,51,126,75180000,65103
0,7518,75180000,75180100,51,126,75190000,65116
0,7519,75190000,75190100,51,126,75200000,65122
0,752,7520000,7520100,51,126,7530000,6511
0,7520,75200000,75200100,51,126,75210000,65132
0,7521,75210000,75210100,51,126,75220000,65142
0,7522,75220000,75220100,51,126,75230000,65149
0,7523,75230000,75230100,51,126,75240000,65155
0,7524,75240000,75240100,51,126,75250000,65167
0,7525,75250000,75250100,51,126,75260000,65176
0,7526,75260000,75260100,51,126,75270000,65183
0,7527,75270000,75270100,51,126,75280000,65191
0,7528,75280000,75280100,51,126,75290000,65202
0,7529,75290000,75290100,51,126,75300000,65209
0,753,7530000,7530100,51,126,7540000,6520
0,7530,75300000,75300100,51,126,75310000,65220
0,7531,75310000,75310100,51,126,75320000,65226
0,7532,75320000,75320100,51,126,75330000,65236
0,7533,75330000,75330100,51,126,75340000,65244
0,7534,75340000,75340100,51,126,75350000,65251
0,7535,75350000,75350100,51,126,75360000,65261
0,7536,75360000,75360100,51,126,75370000,65273
0,7537,75370000,75370100,51,126,75380000,65279
0,7538,75380000,75380100,51,126,75390000,65286
0,7539,75390000,75390100,51,126,75400000,65296
0,754,7540000,7540100,51,126,7550000,6527
0,7540,75400000,75400100,51,126,75410000,65306
0,7541,75410000,75410100,51,126,75420000,65312
0,7542,75420000,75420100,51,126,75430000,65324
0,7543,75430000,75430100,51,126,75440000,65330
0,7544,75440000,75440100,51,126,75450000,65339
0,7545,75450000,75450100,51,126,75460000,65348
0,7546,75460000,75460100,51,126,75470000,65358
0,7547,75470000,75470100,51,126,75480000,65364
0,7548,75480000,75480100,51,126,75490000,65375
0,7549,75490000,75490100,51,126,75500000,65383
0,755,7550000,7550100,51,126,7560000,6534
0,7550,75500000,75500100,51,126,75510000,65391
0,7551,75510000,75510100,51,126,75520000,65400
0,7552,75520000,75520100,51,126,75530000,65409
0,7553,75530000,75530100,51,126,75540000,65417
0,7554,75540000,75540100,51,126,75550000,65427
0,7555,75550000,75550100,51,126,75560000,65434
0,7556,75560000,75560100,51,126,75570000,65444
0,7557,75570000,75570100,51,126,75580000,65453
0,7558,75580000,75580100,51,126,75590000,65460
0,7559,75590000,75590100,51,126,75600000,65466
0,756,7560000,7560100,51,126,7570000,6547
0,7560,75600000,75600100,51,126,75610000,65481
0,7561,75610000,75610100,51,126,75620000,65487
0,7562,75620000,75620100,51,126,75630000,65495
0,7563,75630000,75630100,51,126,75640000,65505
0,7564,75640000,75640100,51,126,75650000,65513
0,7565,75650000,75650100,51,126,75660000,65520
0,7566,75660000,75660100,51,126,75670000,65530
0,7567,75670000,75670100,51,126,75680000,65538
0,7568,75680000,75680100,51,126,75690000,65548
0,7569,75690000,75690100,51,126,75700000,65556
0,757,7570000,7570100,51,126,7580000,6553
0,7570,75700000,75700100,51,126,75710000,65566
0,7571,75710000,75710100,51,126,75720000,65572
0,7572,75720000,75720100,51,126,75730000,65583
0,7573,75730000,75730100,51,126,75740000,65590
0,7574,75740000,75740100,51,126,75750000,65599
0,7575,75750000,75750100,51,126,75760000,65608
0,7576,75760000,75760100,51,126,75770000,65617
0,7577,75770000,75770100,51,126,75780000,65625
0,7578,75780000,75780100,51,126,75790000,65635
0,7579,75790000,75790100,51,126,75800000,65642
0,758,7580000,7580100,51,126,7590000,6560
0,7580,75800000,75800100,51,126,75810000,65651
0,7581,75810000,75810100,51,126,75820000,65661
0,7582,75820000,75820100,51,126,75830000,65668
0,7583,75830000,75830100,51,126,75840000,65674
0,7584,75840000,75840100,51,126,75850000,65689
0,7585,75850000,75850100,51,126,75860000,65696
0,7586,75860000,75860100,51,126,75870000,65703
0,7587,75870000,75870100,51,126,75880000,65711
0,7588,75880000,75880100,51,126,75890000,65721
0,7589,75890000,75890100,51,126,75900000,65727
0,759,7590000,7590100,51,126,7600000,6571
0,7590,75900000,75900100,51,126,75910000,65739
0,7591,75910000,75910100,51,126,75920000,65747
0,7592,75920000,75920100,51,126,75930000,65756
0,7593,75930000,75930100,51,126,75940000,65764
0,7594,75940000,75940100,51,126,75950000,65771
0,7595,75950000,75950100,51,126,75960000,65781
0,7596,75960000,75960100,51,126,75970000,65792
0,7597,75970000,75970100,51,126,75980000,65798
0,7598,75980000,75980100,51,126,75990000,65807
0,7599,75990000,75990100,51,126,76000000,65815
0,76,760000,760100,51,126,770000,654
0,760,7600000,7600100,51,126,7610000,6581
0,7600,76000000,76000100,51,126,76010000,65825
0,7601,76010000,76010100,51,126,76020000,65832
0,7602,76020000,76020100,51,126,76030000,65844
0,7603,76030000,76030100,51,126,76040000,65850
0,7604,76040000,76040100,51,126,76050000,65858
0,7605,76050000,76050100,51,126,76060000,65869
0,7606,76060000,76060100,51,126,76070000,65877
0,7607,76070000,76070100,51,126,76080000,65883
0,7608,76080000,76080100,51,126,76090000,65895
0,7609,76090000,76090100,51,126,76100000,65903
0,761,7610000,7610100,51,126,7620000,6587
0,7610,76100000,76100100,51,126,76110000,65911
0,7611,76110000,76110100,51,126,76120000,65919
0,7612,76120000,76120100,51,126,76130000,65930
0,7613,76130000,76130100,51,126,76140000,65936
0,7614,76140000,76140100,51,126,76150000,65946
0,7615,76150000,76150100,51,126,76160000,65953
0,7616,76160000,76160100,51,126,76170000,65964
0,7617,76170000,76170100,51,126,76180000,65973
0,7618,76180000,76180100,51,126,76190000,65980
0,7619,76190000,76190100,51,126,76200000,65988
0,762,7620000,7620100,51,126,7630000,6597
0,7620,76200000,76200100,51,126,76210000,66000
0,7621,76210000,76210100,51,126,76220000,66006
0,7622,76220000,76220100,51,126,76230000,66013
0,7623,76230000,76230100,51,126,76240000,66024
0,7624,76240000,76240100,51,126,76250000,66033
0,7625,76250000,76250100,51,126,76260000,66040
0,7626,76260000,76260100,51,126,76270000,66052
0,7627,76270000,76270100,51,126,76280000,66058
0,7628,76280000,76280100,51,126,76290000,66067
0,7629,76290000,76290100,51,126,76300000,66075
0,763,7630000,7630100,51,126,7640000,6605
0,7630,76300000,76300100,51,126,76310000,66085
0,7631,76310000,76310100,51,126,76320000,66091
0,7632,76320000,76320100,51,126,76330000,66103
0,7633,76330000,76330100,51,126,76340000,66111
0,7634,76340000,76340100,51,126,76350000,66119
0,7635,76350000,76350100,51,126,76360000,66128
0,7636,76360000,76360100,51,126,76370000,66136
0,7637,76370000,76370100,51,126,76380000,66144
0,7638,76380000,76380100,51,126,76390000,66154
0,7639,76390000,76390100,51,126,76400000,66161
0,764,7640000,7640100,51,126,7650000,6614
0,7640,76400000,76400100,51,126,76410000,66173
0,7641,76410000,76410100,51,126,76420000,66181
0,7642,76420000,76420100,51,126,76430000,66188
0,7643,76430000,76430100,51,126,76440000,66194
0,7644,76440000,76440100,51,126,76450000,66207
0,7645,76450000,76450100,51,126,76460000,66215
0,7646,76460000,76460100,51,126,76470000,66222
0,7647,76470000,76470100,51,126,76480000,66232
0,7648,76480000,76480100,51,126,76490000,66241
0,7649,76490000,76490100,51,126,76500000,66247
0,765,7650000,7650100,51,126,7660000,6623
0,7650,76500000,76500100,51,126,76510000,66259
0,7651,76510000,76510100,51,126,76520000,66267
0,7652,76520000,76520100,51,126,76530000,66275
0,7653,76530000,76530100,51,126,76540000,66283
0,7654,76540000,76540100,51,126,76550000,66292
0,7655,76550000,76550100,51,126,76560000,66299
0,7656,76560000,76560100,51,126,76570000,66312
0,7657,76570000,76570100,51,126,76580000,66318
0,7658,76580000,76580100,51,126,76590000,66327
0,7659,76590000,76590100,51,126,76600000,66335
0,766,7660000,7660100,51,126,7670000,6632
0,7660,76600000,76600100,51,126,76610000,66344
0,7661,76610000,76610100,51,126,76620000,66353
0,7662,76620000,76620100,51,126,76630000,66363
0,7663,76630000,76630100,51,126,76640000,66369
0,7664,76640000,76640100,51,126,76650000,66378
0,7665,76650000,76650100,51,126,76660000,66389
0,7666,76660000,76660100,51,126,76670000,66396
0,7667,76670000,76670100,51,126,76680000,66403
0,7668,76680000,76680100,51,126,76690000,66416
0,7669,76690000,76690100,51,126,76700000,66422
0,767,7670000,7670100,51,126,7680000,6638
0,7670,76700000,76700100,51,126,76710000,66430
0,7671,76710000,76710100,51,126,76720000,66438
0,7672,76720000,76720100,51,126,76730000,66450
0,7673,76730000,76730100,51,126,76740000,66456
0,7674,76740000,76740100,51,126,76750000,66466
0,7675,76750000,76750100,51,126,76760000,66475
0,7676,76760000,76760100,51,126,76770000,66483
0,7677,76770000,76770100,51,126,76780000,66491
0,7678,76780000,76780100,51,126,76790000,66499
0,7679,76790000,76790100,51,126,76800000,66507
0,768,7680000,7680100,51,126,7690000,6650
0,7680,76800000,76800100,51,126,76810000,66520
0,7681,76810000,76810100,51,126,76820000,66526
0,7682,76820000,76820100,51,126,76830000,66535
0,7683,76830000,76830100,51,126,76840000,66544
0,7684,76840000,76840100,51,126,76850000,66552
0,7685,76850000,76850100,51,126,76860000,66559
0,7686,76860000,76860100,51,126,76870000,66571
0,7687,76870000,76870100,51,126,76880000,66577
0,7688,76880000,76880100,51,126,76890000,66586
0,7689,76890000,76890100,51,126,76900000,66597
0,769,7690000,7690100,51,126,7700000,6656
0,7690,76900000,76900100,51,126,76910000,66605
0,7691,76910000,76910100,51,126,76920000,66611
0,7692,76920000,76920100,51,126,76930000,66622
0,7693,76930000,76930100,51,126,76940000,66630
0,7694,76940000,76940100,51,126,76950000,66638
0,7695,76950000,76950100,51,126,76960000,66647
0,7696,76960000,76960100,51,126,76970000,66658
0,7697,76970000,76970100,51,126,76980000,66664
0,7698,76980000,76980100,51,126,76990000,66674
0,7699,76990000,76990100,51,126,77000000,66680
0,77,770000,770100,51,126,780000,663
0,770,7700000,7700100,51,126,7710000,6667
0,7700,77000000,77000100,51,126,77010000,66692
0,7701,77010000,77010100,51,126,77020000,66700
0,7702,77020000,77020100,51,126,77030000,66707
0,7703,77030000,77030100,51,126,77040000,66715
0,7704,77040000,77040100,51,126,77050000,66727
0,7705,77050000,77050100,51,126,77060000,66735
0,7706,77060000,77060100,51,126,77070000,66742
0,7707,77070000,77070100,51,126,77080000,66752
0,7708,77080000,77080100,51,126,77090000,66760
0,7709,77090000,77090100,51,126,77100000,66766
0,771,7710000,7710100,51,126,7720000,6675
0,7710,77100000,77100100,51,126,77110000,66779
0,7711,77110000,77110100,51,126,77120000,66786
0,7712,77120000,77120100,51,126,77130000,66795
0,7713,77130000,77130100,51,126,77140000,66803
0,7714,77140000,77140100,51,126,77150000,66812
0,7715,77150000,77150100,51,126,77160000,66819
0,7716,77160000,77160100,51,126,77170000,66831
0,7717,77170000,77170100,51,126,77180000,66839
0,7718,77180000,77180100,51,126,77190000,66846
0,7719,77190000,77190100,51,126,77200000,66854
0,772,7720000,7720100,51,126,7730000,6683
0,7720,77200000,77200100,51,126,77210000,66864
0,7721,77210000,77210100,51,126,77220000,66872
0,7722,77220000,77220100,51,126,77230000,66883
0,7723,77230000,77230100,51,126,77240000,66889
0,7724,77240000,77240100,51,126,77250000,66899
0,7725,77250000,77250100,51,126,77260000,66908
0,7726,77260000,77260100,51,126,77270000,66915
0,7727,77270000,77270100,51,126,77280000,66922
0,7728,77280000,77280100,51,126,77290000,66936
0,7729,77290000,77290100,51,126,77300000,66942
0,773,7730000,7730100,51,126,7740000,6691
0,7730,77300000,77300100,51,126,77310000,66950
0,7731,77310000,77310100,51,126,77320000,66960
0,7732,77320000,77320100,51,126,77330000,66968
0,7733,77330000,77330100,51,126,77340000,66975
0,7734,77340000,77340100,51,126,77350000,66985
0,7735,77350000,77350100,51,126,77360000,66994
0,7736,77360000,77360100,51,126,77370000,67003
0,7737,77370000,77370100,51,126,77380000,67011
0,7738,77380000,77380100,51,126,77390000,67021
0,7739,77390000,77390100,51,126,77400000,67027
0,774,7740000,7740100,51,126,7750000,6701
0,7740,77400000,77400100,51,126,77410000,67039
0,7741,77410000,77410100,51,126,77420000,67045
0,7742,77420000,77420100,51,126,77430000,67054
0,7743,77430000,77430100,51,126,77440000,67062
0,7744,77440000,77440100,51,126,77450000,67072
0,7745,77450000,77450100,51,126,77460000,67081
0,7746,77460000,77460100,51,126,77470000,67091
0,7747,77470000,77470100,51,126,77480000,67097
0,7748,77480000,77480100,51,126,77490000,67105
0,7749,77490000,77490100,51,126,77500000,67116
0,775,7750000,7750100,51,126,7760000,6709
0,7750,77500000,77500100,51,126,77510000,67124
0,7751,77510000,77510100,51,126,77520000,67130
0,7752,77520000,77520100,51,126,77530000,67144
0,7753,77530000,77530100,51,126,77540000,67150
0,7754,77540000,77540100,51,126,77550000,67157
0,7755,77550000,77550100,51,126,77560000,67167
0,7756,77560000,77560100,51,126,77570000,67177
0,7757,77570000,77570100,51,126,77580000,67183
0,7758,77580000,77580100,51,126,77590000,67193
0,7759,77590000,77590100,51,126,77600000,67201
0,776,7760000,7760100,51,126,7770000,6718
0,7760,77600000,77600100,51,126,77610000,67212
0,7761,77610000,77610100,51,126,77620000,67220
0,7762,77620000,77620100,51,126,77630000,67227
0,7763,77630000,77630100,51,126,77640000,67235
0,7764,77640000,77640100,51,126,77650000,67246
0,7765,77650000,77650100,51,126,77660000,67253
0,7766,77660000,77660100,51,126,77670000,67263
0,7767,77670000,77670100,51,126,77680000,67271
0,7768,77680000,77680100,51,126,77690000,67280
0,7769,77690000,77690100,51,126,77700000,67286
0,777,7770000,7770100,51,126,7780000,6728
0,7770,77700000,77700100,51,126,77710000,67299
0,7771,77710000,77710100,51,126,77720000,67306
0,7772,77720000,77720100,51,126,77730000,67314
0,7773,77730000,77730100,51,126,77740000,67324
0,7774,77740000,77740100,51,126,77750000,67331
0,7775,77750000,77750100,51,126,77760000,67338
0,7776,77760000,77760100,51,126,77770000,67350
0,7777,77770000,77770100,51,126,77780000,67359
0,7778,77780000,77780100,51,126,77790000,67366
0,7779,77790000,77790100,51,126,77800000,67374
0,778,7780000,7780100,51,126,7790000,6735
0,7780,77800000,77800100,51,126,77810000,67385
0,7781,77810000,77810100,51,126,77820000,67391
0,7782,77820000,77820100,51,126,77830000,67402
0,7783,77830000,77830100,51,126,77840000,67408
0,7784,77840000,77840100,51,126,77850000,67419
0,7785,77850000,77850100,51,126,77860000,67428
0,7786,77860000,77860100,51,126,77870000,67435
0,7787,77870000,77870100,51,126,77880000,67443
0,7788,77880000,77880100,51,126,77890000,67455
0,7789,77890000,77890100,51,126,77900000,67461
0,779,7790000,7790100,51,126,7800000,6741
0,7790,77900000,77900100,51,126,77910000,67469
0,7791,77910000,77910100,51,126,77920000,67479
0,7792,77920000,77920100,51,126,77930000,67488
0,7793,77930000,77930100,51,126,77940000,67495
0,7794,77940000,77940100,51,126,77950000,67507
0,7795,77950000,77950100,51,126,77960000,67514
0,7796,77960000,77960100,51,126,77970000,67522
0,7797,77970000,77970100,51,126,77980000,67530
0,7798,77980000,77980100,51,126,77990000,67539
0,7799,77990000,77990100,51,126,78000000,67546
0,78,780000,780100,51,126,790000,673
0,780,7800000,7800100,51,126,7810000,6755
0,7800,78000000,78000100,51,126,78010000,67559
0,7801,78010000,78010100,51,126,78020000,67567
0,7802,78020000,78020100,51,126,78030000,67574
0,7803,78030000,78030100,51,126,78040000,67582
0,7804,78040000,78040100,51,126,78050000,67591
0,7805,78050000,78050100,51,126,78060000,67600
0,7806,78060000,78060100,51,126,78070000,67610
0,7807,78070000,78070100,51,126,78080000,67616
0,7808,78080000,78080100,51,126,78090000,67627
0,7809,78090000,78090100,51,126,78100000,67635
0,781,7810000,7810100,51,126,7820000,6762
0,7810,78100000,78100100,51,126,78110000,67644
0,7811,78110000,78110100,51,126,78120000,67650
0,7812,78120000,78120100,51,126,78130000,67663
0,7813,78130000,78130100,51,126,78140000,67669
0,7814,78140000,78140100,51,126,78150000,67676
0,7815,78150000,78150100,51,126,78160000,67688
0,7816,78160000,78160100,51,126,78170000,67697
0,7817,78170000,78170100,51,126,78180000,67703
0,7818,78180000,78180100,51,126,78190000,67713
0,7819,78190000,78190100,51,126,78200000,67721
0,782,7820000,7820100,51,126,7830000,6769
0,7820,78200000,78200100,51,126,78210000,67730
0,7821,78210000,78210100,51,126,78220000,67739
0,7822,78220000,78220100,51,126,78230000,67748
0,7823,78230000,78230100,51,126,78240000,67754
0,7824,78240000,78240100,51,126,78250000,67766
0,7825,78250000,78250100,51,126,78260000,67773
0,7826,78260000,78260100,51,126,78270000,67783
0,7827,78270000,78270100,51,126,78280000,67791
0,7828,78280000,78280100,51,126,78290000,67799
0,7829,78290000,78290100,51,126,78300000,67807
0,783,7830000,7830100,51,126,7840000,6777
0,7830,78300000,78300100,51,126,78310000,67818
0,7831,78310000,78310100,51,126,78320000,67824
0,7832,78320000,78320100,51,126,78330000,67834
0,7833,78330000,78330100,51,126,78340000,67844
0,7834,78340000,78340100,51,126,78350000,67851
0,7835,78350000,78350100,51,126,78360000,67858
0,7836,78360000,78360100,51,126,78370000,67871
0,7837,78370000,78370100,51,126,78380000,67878
0,7838,78380000,78380100,51,126,78390000,67885
0,7839,78390000,78390100,51,126,78400000,67893
0,784,7840000,7840100,51,126,7850000,6788
0,7840,78400000,78400100,51,126,78410000,67905
0,7841,78410000,78410100,51,126,78420000,67911
0,7842,78420000,78420100,51,126,78430000,67921
0,7843,78430000,78430100,51,126,78440000,67930
0,7844,78440000,78440100,51,126,78450000,67938
0,7845,78450000,78450100,51,126,78460000,67947
0,7846,78460000,78460100,51,126,78470000,67954
0,7847,78470000,78470100,51,126,78480000,67962
0,7848,78480000,78480100,51,126,78490000,67975
0,7849,78490000,78490100,51,126,78500000,67981
0,785,7850000,7850100,51,126,7860000,6795
0,7850,78500000,78500100,51,126,78510000,67991
0,7851,78510000,78510100,51,126,78520000,67999
0,7852,78520000,78520100,51,126,78530000,68007
0,7853,78530000,78530100,51,126,78540000,68013
0,7854,78540000,78540100,51,126,78550000,68026
0,7855,78550000,78550100,51,126,78560000,68033
0,7856,78560000,78560100,51,126,78570000,68042
0,7857,78570000,78570100,51,126,78580000,68052
0,7858,78580000,78580100,51,126,78590000,68059
0,7859,78590000,78590100,51,126,78600000,68066
0,786,7860000,7860100,51,126,7870000,6806
0,7860,78600000,78600100,51,126,78610000,68078
0,7861,78610000,78610100,51,126,78620000,68086
0,7862,78620000,78620100,51,126,78630000,68093
0,7863,78630000,78630100,51,126,78640000,68101
0,7864,78640000,78640100,51,126,78650000,68112
0,7865,78650000,78650100,51,126,78660000,68120
0,7866,78660000,78660100,51,126,78670000,68130
0,7867,78670000,78670100,51,126,78680000,68136
0,7868,78680000,78680100,51,126,78690000,68146
0,7869,78690000,78690100,51,126,78700000,68154
0,787,7870000,7870100,51,126,7880000,6814
0,7870,78700000,78700100,51,126,78710000,68163
0,7871,78710000,78710100,51,126,78720000,68171
0,7872,78720000,78720100,51,126,78730000,68183
0,7873,78730000,78730100,51,126,78740000,68189
0,7874,78740000,78740100,51,126,78750000,68196
0,7875,78750000,78750100,51,126,78760000,68207
0,7876,78760000,78760100,51,126,78770000,68216
0,7877,78770000,78770100,51,126,78780000,68222
0,7878,78780000,78780100,51,126,78790000,68234
0,7879,78790000,78790100,51,126,78800000,68240
0,788,7880000,7880100,51,126,7890000,6822
0,7880,78800000,78800100,51,126,78810000,68250
0,7881,78810000,78810100,51,126,78820000,68259
0,7882,78820000,78820100,51,126,78830000,68268
0,7883,78830000,78830100,51,126,78840000,68274
0,7884,78840000,78840100,51,126,78850000,68285
0,7885,78850000,78850100,51,126,78860000,68294
0,7886,78860000,78860100,51,126,78870000,68301
0,7887,78870000,78870100,51,126,78880000,68310
0,7888,78880000,78880100,51,126,78890000,68319
0,7889,78890000,78890100,51,126,78900000,68327
0,789,7890000,7890100,51,126,7900000,6830
0,7890,78900000,78900100,51,126,78910000,68338
0,7891,78910000,78910100,51,126,78920000,68344
0,7892,78920000,78920100,51,126,78930000,68355
0,7893,78930000,78930100,51,126,78940000,68363
0,7894,78940000,78940100,51,126,78950000,68370
0,7895,78950000,78950100,51,126,78960000,68377
0,7896,78960000,78960100,51,126,78970000,68391
0,7897,78970000,78970100,51,126,78980000,68397
0,7898,78980000,78980100,51,126,78990000,68405
0,7899,78990000,78990100,51,126,79000000,68415
0,79,790000,790100,51,126,800000,679
0,790,7900000,7900100,51,126,7910000,6838
0,7900,79000000,79000100,51,126,79010000,68424
0,7901,79010000,79010100,51,126,79020000,68430
0,7902,79020000,79020100,51,126,79030000,68440
0,7903,79030000,79030100,51,126,79040000,68449
0,7904,79040000,79040100,51,126,79050000,68458
0,7905,79050000,79050100,51,126,79060000,68467
0,7906,79060000,79060100,51,126,79070000,68476
0,7907,79070000,79070100,51,126,79080000,68482
0,7908,79080000,79080100,51,126,79090000,68493
0,7909,79090000,79090100,51,126,79100000,68500
0,791,7910000,7910100,51,126,7920000,6846
0,7910,79100000,79100100,51,126,79110000,68510
0,7911,79110000,79110100,51,126,79120000,68518
0,7912,79120000,79120100,51,126,79130000,68527
0,7913,79130000,79130100,51,126,79140000,68535
0,7914,79140000,79140100,51,126,79150000,68546
0,7915,79150000,79150100,51,126,79160000,68553
0,7916,79160000,79160100,51,126,79170000,68561
0,7917,79170000,79170100,51,126,79180000,68571
0,7918,79180000,79180100,51,126,79190000,68578
0,7919,79190000,79190100,51,126,79200000,68584
0,792,7920000,7920100,51,126,7930000,6859
0,7920,79200000,79200100,51,126,79210000,68600
0,7921,79210000,79210100,51,126,79220000,68606
0,7922,79220000,79220100,51,126,79230000,68613
0,7923,79230000,79230100,51,126,79240000,68621
0,7924,79240000,79240100,51,126,79250000,68631
0,7925,79250000,79250100,51,126,79260000,68639
0,7926,79260000,79260100,51,126,79270000,68649
0,7927,79270000,79270100,51,126,79280000,68657
0,7928,79280000,79280100,51,126,79290000,68666
0,7929,79290000,79290100,51,126,79300000,68674
0,793,7930000,7930100,51,126,7940000,6865
0,7930,79300000,79300100,51,126,79310000,68682
0,7931,79310000,79310100,51,126,79320000,68691
0,7932,79320000,79320100,51,126,79330000,68702
0,7933,79330000,79330100,51,126,79340000,68708
0,7934,79340000,79340100,51,126,79350000,68717
0,7935,79350000,79350100,51,126,79360000,68726
0,7936,79360000,79360100,51,126,79370000,68736
0,7937,79370000,79370100,51,126,79380000,68742
0,7938,79380000,79380100,51,126,79390000,68754
0,7939,79390000,79390100,51,126,79400000,68760
0,794,7940000,7940100,51,126,7950000,6874
0,7940,79400000,79400100,51,126,79410000,68769
0,7941,79410000,79410100,51,126,79420000,68779
0,7942,79420000,79420100,51,126,79430000,68787
0,7943,79430000,79430100,51,126,79440000,68793
0,7944,79440000,79440100,51,126,79450000,68805
0,7945,79450000,79450100,51,126,79460000,68814
0,7946,79460000,79460100,51,126,79470000,68821
0,7947,79470000,79470100,51,126,79480000,68830
0,7948,79480000,79480100,51,126,79490000,68840
0,7949,79490000,79490100,51,126,79500000,68846
0,795,7950000,7950100,51,126,7960000,6883
0,7950,79500000,79500100,51,126,79510000,68857
0,7951,79510000,79510100,51,126,79520000,68863
0,7952,79520000,79520100,51,126,79530000,68874
0,7953,79530000,79530100,51,126,79540000,68883
0,7954,79540000,79540100,51,126,79550000,68890
0,7955,79550000,79550100,51,126,79560000,68899
0,7956,79560000,79560100,51,126,79570000,68910
0,7957,79570000,79570100,51,126,79580000,68916
0,7958,79580000,79580100,51,126,79590000,68924
0,7959,79590000,79590100,51,126,79600000,68934
0,796,7960000,7960100,51,126,7970000,6891
0,7960,79600000,79600100,51,126,79610000,68944
0,7961,79610000,79610100,51,126,79620000,68950
0,7962,79620000,79620100,51,126,79630000,68962
0,7963,79630000,79630100,51,126,79640000,68968
0,7964,79640000,79640100,51,126,79650000,68977
0,7965,79650000,79650100,51,126,79660000,68986
0,7966,79660000,79660100,51,126,79670000,68995
0,7967,79670000,79670100,51,126,79680000,69001
0,7968,79680000,79680100,51,126,79690000,69013
0,7969,79690000,79690100,51,126,79700000,69022
0,797,7970000,7970100,51,126,7980000,6898
0,7970,79700000,79700100,51,126,79710000,69030
0,7971,79710000,79710100,51,126,79720000,69038
0,7972,79720000,79720100,51,126,79730000,69046
0,7973,79730000,79730100,51,126,79740000,69054
0,7974,79740000,79740100,51,126,79750000,69064
0,7975,79750000,79750100,51,126,79760000,69072
0,7976,79760000,79760100,51,126,79770000,69083
0,7977,79770000,79770100,51,126,79780000,69091
0,7978,79780000,79780100,51,126,79790000,69098
0,7979,79790000,79790100,51,126,79800000,69104
0,798,7980000,7980100,51,126,7990000,6910
0,7980,79800000,79800100,51,126,79810000,69119
0,7981,79810000,79810100,51,126,79820000,69125
0,7982,79820000,79820100,51,126,79830000,69132
0,7983,79830000,79830100,51,126,79840000,69142
0,7984,79840000,79840100,51,126,79850000,69151
0,7985,79850000,79850100,51,126,79860000,69158
0,7986,79860000,79860100,51,126,79870000,69169
0,7987,79870000,79870100,51,126,79880000,69177
0,7988,79880000,79880100,51,126,79890000,69185
0,7989,79890000,79890100,51,126,79900000,69193
0,799,7990000,7990100,51,126,8000000,6916
0,7990,79900000,79900100,51,126,79910000,69203
0,7991,79910000,79910100,51,126,79920000,69210
0,7992,79920000,79920100,51,126,79930000,69222
0,7993,79930000,79930100,51,126,79940000,69228
0,7994,79940000,79940100,51,126,79950000,69237
0,7995,79950000,79950100,51,126,79960000,69246
0,7996,79960000,79960100,51,126,79970000,69254
0,7997,79970000,79970100,51,126,79980000,69263
0,7998,79980000,79980100,51,126,79990000,69273
0,7999,79990000,79990100,51,126,80000000,69279
0,8,80000,80100,51,126,90000,66
0,80,800000,800100,51,126,810000,691
0,800,8000000,8000100,51,126,8010000,6926
0,8000,80000000,80000100,51,126,80010000,69289
0,8001,80010000,80010100,51,126,80020000,69299
0,8002,80020000,80020100,51,126,80030000,69307
0,8003,80030000,80030100,51,126,80040000,69313
0,8004,80040000,80040100,51,126,80050000,69326
0,8005,80050000,80050100,51,126,80060000,69333
0,8006,80060000,80060100,51,126,80070000,69340
0,8007,80070000,80070100,51,126,80080000,69348
0,8008,80080000,80080100,51,126,80090000,69360
0,8009,80090000,80090100,51,126,80100000,69366
0,801,8010000,8010100,51,126,8020000,6936
0,8010,80100000,80100100,51,126,80110000,69377
0,8011,80110000,80110100,51,126,80120000,69385
0,8012,80120000,80120100,51,126,80130000,69393
0,8013,80130000,80130100,51,126,80140000,69402
0,8014,80140000,80140100,51,126,80150000,69409
0,8015,80150000,80150100,51,126,80160000,69418
0,8016,80160000,80160100,51,126,80170000,69430
0,8017,80170000,80170100,51,126,80180000,69436
0,8018,80180000,80180100,51,126,80190000,69445
0,8019,80190000,80190100,51,126,80200000,69454
0,802,8020000,8020100,51,126,8030000,6943
0,8020,80200000,80200100,51,126,80210000,69463
0,8021,80210000,80210100,51,126,80220000,69469
0,8022,80220000,80220100,51,126,80230000,69481
0,8023,80230000,80230100,51,126,80240000,69487
0,8024,80240000,80240100,51,126,80250000,69497
0,8025,80250000,80250100,51,126,80260000,69508
0,8026,80260000,80260100,51,126,80270000,69515
0,8027,80270000,80270100,51,126,80280000,69521
0,8028,80280000,80280100,51,126,80290000,69532
0,8029,80290000,80290100,51,126,80300000,69540
0,803,8030000,8030100,51,126,8040000,6950
0,8030,80300000,80300100,51,126,80310000,69549
0,8031,80310000,80310100,51,126,80320000,69557
0,8032,80320000,80320100,51,126,80330000,69568
0,8033,80330000,80330100,51,126,80340000,69574
0,8034,80340000,80340100,51,126,80350000,69584
0,8035,80350000,80350100,51,126,80360000,69592
0,8036,80360000,80360100,51,126,80370000,69602
0,8037,80370000,80370100,51,126,80380000,69610
0,8038,80380000,80380100,51,126,80390000,69617
0,8039,80390000,80390100,51,126,80400000,69625
0,804,8040000,8040100,51,126,8050000,6961
0,8040,80400000,80400100,51,126,80410000,69638
0,8041,80410000,80410100,51,126,80420000,69645
0,8042,80420000,80420100,51,126,80430000,69652
0,8043,80430000,80430100,51,126,80440000,69662
0,8044,80440000,80440100,51,126,80450000,69670
0,8045,80450000,80450100,51,126,80460000,69677
0,8046,80460000,80460100,51,126,80470000,69690
0,8047,80470000,80470100,51,126,80480000,69696
0,8048,80480000,80480100,51,126,80490000,69705
0,8049,80490000,80490100,51,126,80500000,69713
0,805,8050000,8050100,51,126,8060000,6970
0,8050,80500000,80500100,51,126,80510000,69723
0,8051,80510000,80510100,51,126,80520000,69729
0,8052,80520000,80520100,51,126,80530000,69741
0,8053,80530000,80530100,51,126,80540000,69749
0,8054,80540000,80540100,51,126,80550000,69756
0,8055,80550000,80550100,51,126,80560000,69765
0,8056,80560000,80560100,51,126,80570000,69774
0,8057,80570000,80570100,51,126,80580000,69783
0,8058,80580000,80580100,51,126,80590000,69793
0,8059,80590000,80590100,51,126,80600000,69799
0,806,8060000,8060100,51,126,8070000,6977
0,8060,80600000,80600100,51,126,80610000,69810
0,8061,80610000,80610100,51,126,80620000,69818
0,8062,80620000,80620100,51,126,80630000,69825
0,8063,80630000,80630100,51,126,80640000,69832
0,8064,80640000,80640100,51,126,80650000,69846
0,8065,80650000,80650100,51,126,80660000,69853
0,8066,80660000,80660100,51,126,80670000,69860
0,8067,80670000,80670100,51,126,80680000,69870
0,8068,80680000,80680100,51,126,80690000,69879
0,8069,80690000,80690100,51,126,80700000,69885
0,807,8070000,8070100,51,126,8080000,6985
0,8070,80700000,80700100,51,126,80710000,69896
0,8071,80710000,80710100,51,126,80720000,69904
0,8072,80720000,80720100,51,126,80730000,69913
0,8073,80730000,80730100,51,126,80740000,69921
0,8074,80740000,80740100,51,126,80750000,69931
0,8075,80750000,80750100,51,126,80760000,69938
0,8076,80760000,80760100,51,126,80770000,69949
0,8077,80770000,80770100,51,126,80780000,69955
0,8078,80780000,80780100,51,126,80790000,69964
0,8079,80790000,80790100,51,126,80800000,69973
0,808,8080000,8080100,51,126,8090000,6997
0,8080,80800000,80800100,51,126,80810000,69983
0,8081,80810000,80810100,51,126,80820000,69991
0,8082,80820000,80820100,51,126,80830000,70001
0,8083,80830000,80830100,51,126,80840000,70007
0,8084,80840000,80840100,51,126,80850000,70015
0,8085,80850000,80850100,51,126,80860000,70027
0,8086,80860000,80860100,51,126,80870000,70034
0,8087,80870000,80870100,51,126,80880000,70040
0,8088,80880000,80880100,51,126,80890000,70054
0,8089,80890000,80890100,51,126,80900000,70060
0,809,8090000,8090100,51,126,8100000,7003
0,8090,80900000,80900100,51,126,80910000,70069
0,8091,80910000,80910100,51,126,80920000,70077
0,8092,80920000,80920100,51,126,80930000,70087
0,8093,80930000,80930100,51,126,80940000,70093
0,8094,80940000,80940100,51,126,80950000,70103
0,8095,80950000,80950100,51,126,80960000,70112
0,8096,80960000,80960100,51,126,80970000,70122
0,8097,80970000,80970100,51,126,80980000,70130
0,8098,80980000,80980100,51,126,80990000,70137
0,8099,80990000,80990100,51,126,81000000,70145
0,81,810000,810100,51,126,820000,699
0,810,8100000,8100100,51,126,8110000,7014
0,8100,81000000,81000100,51,126,81010000,70157
0,8101,81010000,81010100,51,126,81020000,70164
0,8102,81020000,81020100,51,126,81030000,70173
0,8103,81030000,81030100,51,126,81040000,70181
0,8104,81040000,81040100,51,126,81050000,70190
0,8105,81050000,81050100,51,126,81060000,70197
0,8106,81060000,81060100,51,126,81070000,70209
0,8107,81070000,81070100,51,126,81080000,70216
0,8108,81080000,81080100,51,126,81090000,70224
0,8109,81090000,81090100,51,126,81100000,70234
0,811,8110000,8110100,51,126,8120000,7020
0,8110,81100000,81100100,51,126,81110000,70242
0,8111,81110000,81110100,51,126,81120000,70248
0,8112,81120000,81120100,51,126,81130000,70261
0,8113,81130000,81130100,51,126,81140000,70269
0,8114,81140000,81140100,51,126,81150000,70276
0,8115,81150000,81150100,51,126,81160000,70285
0,8116,81160000,81160100,51,126,81170000,70295
0,8117,81170000,81170100,51,126,81180000,70301
0,8118,81180000,81180100,51,126,81190000,70312
0,8119,81190000,81190100,51,126,81200000,70318
0,812,8120000,8120100,51,126,8130000,7030
0,8120,81200000,81200100,51,126,81210000,70330
0,8121,81210000,81210100,51,126,81220000,70338
0,8122,81220000,81220100,51,126,81230000,70345
0,8123,81230000,81230100,51,126,81240000,70354
0,8124,81240000,81240100,51,126,81250000,70365
0,8125,81250000,81250100,51,126,81260000,70372
0,8126,81260000,81260100,51,126,81270000,70379
0,8127,81270000,81270100,51,126,81280000,70389
0,8128,81280000,81280100,51,126,81290000,70398
0,8129,81290000,81290100,51,126,81300000,70405
0,813,8130000,8130100,51,126,8140000,7038
0,8130,81300000,81300100,51,126,81310000,70418
0,8131,81310000,81310100,51,126,81320000,70424
0,8132,81320000,81320100,51,126,81330000,70432
0,8133,81330000,81330100,51,126,81340000,70440
0,8134,81340000,81340100,51,126,81350000,70450
0,8135,81350000,81350100,51,126,81360000,70457
0,8136,81360000,81360100,51,126,81370000,70469
0,8137,81370000,81370100,51,126,81380000,70477
0,8138,81380000,81380100,51,126,81390000,70484
0,8139,81390000,81390100,51,126,81400000,70492
0,814,8140000,8140100,51,126,8150000,7046
0,8140,81400000,81400100,51,126,81410000,70502
0,8141,81410000,81410100,51,126,81420000,70510
0,8142,81420000,81420100,51,126,81430000,70520
0,8143,81430000,81430100,51,126,81440000,70526
0,8144,81440000,81440100,51,126,81450000,70537
0,8145,81450000,81450100,51,126,81460000,70547
0,8146,81460000,81460100,51,126,81470000,70554
0,8147,81470000,81470100,51,126,81480000,70560
0,8148,81480000,81480100,51,126,81490000,70573
0,8149,81490000,81490100,51,126,81500000,70579
0,815,8150000,8150100,51,126,8160000,7055
0,8150,81500000,81500100,51,126,81510000,70587
0,8151,81510000,81510100,51,126,81520000,70598
0,8152,81520000,81520100,51,126,81530000,70607
0,8153,81530000,81530100,51,126,81540000,70613
0,8154,81540000,81540100,51,126,81550000,70623
0,8155,81550000,81550100,51,126,81560000,70632
0,8156,81560000,81560100,51,126,81570000,70641
0,8157,81570000,81570100,51,126,81580000,70649
0,8158,81580000,81580100,51,126,81590000,70658
0,8159,81590000,81590100,51,126,81600000,70664
0,816,8160000,8160100,51,126,8170000,7067
0,8160,81600000,81600100,51,126,81610000,70677
0,8161,81610000,81610100,51,126,81620000,70683
0,8162,81620000,81620100,51,126,81630000,70693
0,8163,81630000,81630100,51,126,81640000,70701
0,8164,81640000,81640100,51,126,81650000,70709
0,8165,81650000,81650100,51,126,81660000,70718
0,8166,81660000,81660100,51,126,81670000,70728
0,8167,81670000,81670100,51,126,81680000,70735
0,8168,81680000,81680100,51,126,81690000,70744
0,8169,81690000,81690100,51,126,81700000,70754
0,817,8170000,8170100,51,126,8180000,7073
0,8170,81700000,81700100,51,126,81710000,70762
0,8171,81710000,81710100,51,126,81720000,70768
0,8172,81720000,81720100,51,126,81730000,70781
0,8173,81730000,81730100,51,126,81740000,70788
0,8174,81740000,81740100,51,126,81750000,70795
0,8175,81750000,81750100,51,126,81760000,70804
0,8176,81760000,81760100,51,126,81770000,70815
0,8177,81770000,81770100,51,126,81780000,70821
0,8178,81780000,81780100,51,126,81790000,70832
0,8179,81790000,81790100,51,126,81800000,70840
0,818,8180000,8180100,51,126,8190000,7080
0,8180,81800000,81800100,51,126,81810000,70849
0,8181,81810000,81810100,51,126,81820000,70857
0,8182,81820000,81820100,51,126,81830000,70864
0,8183,81830000,81830100,51,126,81840000,70872
0,8184,81840000,81840100,51,126,81850000,70885
0,8185,81850000,81850100,51,126,81860000,70892
0,8186,81860000,81860100,51,126,81870000,70901
0,8187,81870000,81870100,51,126,81880000,70909
0,8188,81880000,81880100,51,126,81890000,70917
0,8189,81890000,81890100,51,126,81900000,70924
0,819,8190000,8190100,51,126,8200000,7091
0,8190,81900000,81900100,51,126,81910000,70937
0,8191,81910000,81910100,51,126,81920000,70943
0,8192,81920000,81920100,51,126,81930000,70952
0,8193,81930000,81930100,51,126,81940000,70962
0,8194,81940000,81940100,51,126,81950000,70969
0,8195,81950000,81950100,51,126,81960000,70977
0,8196,81960000,81960100,51,126,81970000,70988
0,8197,81970000,81970100,51,126,81980000,70996
0,8198,81980000,81980100,51,126,81990000,71003
0,8199,81990000,81990100,51,126,82000000,71011
0,82,820000,820100,51,126,830000,707
0,820,8200000,8200100,51,126,8210000,7100
0,8200,82000000,82000100,51,126,82010000,71024
0,8201,82010000,82010100,51,126,82020000,71030
0,8202,82020000,82020100,51,126,82030000,71040
0,8203,82030000,82030100,51,126,82040000,71046
0,8204,82040000,82040100,51,126,82050000,71056
0,8205,82050000,82050100,51,126,82060000,71065
0,8206,82060000,82060100,51,126,82070000,71073
0,8207,82070000,82070100,51,126,82080000,71081
0,8208,82080000,82080100,51,126,82090000,71093
0,8209,82090000,82090100,51,126,82100000,71099
0,821,8210000,8210100,51,126,8220000,7106
0,8210,82100000,82100100,51,126,82110000,71107
0,8211,82110000,82110100,51,126,82120000,71118
0,8212,82120000,82120100,51,126,82130000,71126
0,8213,82130000,82130100,51,126,82140000,71132
0,8214,82140000,82140100,51,126,82150000,71144
0,8215,82150000,82150100,51,126,82160000,71151
0,8216,82160000,82160100,51,126,82170000,71160
0,8217,82170000,82170100,51,126,82180000,71169
0,8218,82180000,82180100,51,126,82190000,71178
0,8219,82190000,82190100,51,126,82200000,71184
0,822,8220000,8220100,51,126,8230000,7118
0,8220,82200000,82200100,51,126,82210000,71196
0,8221,82210000,82210100,51,126,82220000,71204
0,8222,82220000,82220100,51,126,82230000,71212
0,8223,82230000,82230100,51,126,82240000,71220
0,8224,82240000,82240100,51,126,82250000,71229
0,8225,82250000,82250100,51,126,82260000,71238
0,8226,82260000,82260100,51,126,82270000,71248
0,8227,82270000,82270100,51,126,82280000,71254
0,8228,82280000,82280100,51,126,82290000,71265
0,8229,82290000,82290100,51,126,82300000,71273
0,823,8230000,8230100,51,126,8240000,7124
0,8230,82300000,82300100,51,126,82310000,71281
0,8231,82310000,82310100,51,126,82320000,71287
0,8232,82320000,82320100,51,126,82330000,71301
0,8233,82330000,82330100,51,126,82340000,71308
0,8234,82340000,82340100,51,126,82350000,71315
0,8235,82350000,82350100,51,126,82360000,71326
0,8236,82360000,82360100,51,126,82370000,71334
0,8237,82370000,82370100,51,126,82380000,71340
0,8238,82380000,82380100,51,126,82390000,71350
0,8239,82390000,82390100,51,126,82400000,71359
0,824,8240000,8240100,51,126,8250000,7133
0,8240,82400000,82400100,51,126,82410000,71369
0,8241,82410000,82410100,51,126,82420000,71377
0,8242,82420000,82420100,51,126,82430000,71386
0,8243,82430000,82430100,51,126,82440000,71392
0,8244,82440000,82440100,51,126,82450000,71404
0,8245,82450000,82450100,51,126,82460000,71411
0,8246,82460000,82460100,51,126,82470000,71420
0,8247,82470000,82470100,51,126,82480000,71428
0,8248,82480000,82480100,51,126,82490000,71437
0,8249,82490000,82490100,51,126,82500000,71445
0,825,8250000,8250100,51,126,8260000,7143
0,8250,82500000,82500100,51,126,82510000,71457
0,8251,82510000,82510100,51,126,82520000,71463
0,8252,82520000,82520100,51,126,82530000,71471
0,8253,82530000,82530100,51,126,82540000,71481
0,8254,82540000,82540100,51,126,82550000,71488
0,8255,82550000,82550100,51,126,82560000,71496
0,8256,82560000,82560100,51,126,82570000,71510
0,8257,82570000,82570100,51,126,82580000,71516
0,8258,82580000,82580100,51,126,82590000,71523
0,8259,82590000,82590100,51,126,82600000,71531
0,826,8260000,8260100,51,126,8270000,7152
0,8260,82600000,82600100,51,126,82610000,71542
0,8261,82610000,82610100,51,126,82620000,71549
0,8262,82620000,82620100,51,126,82630000,71559
0,8263,82630000,82630100,51,126,82640000,71567
0,8264,82640000,82640100,51,126,82650000,71576
0,8265,82650000,82650100,51,126,82660000,71585
0,8266,82660000,82660100,51,126,82670000,71593
0,8267,82670000,82670100,51,126,82680000,71601
0,8268,82680000,82680100,51,126,82690000,71612
0,8269,82690000,82690100,51,126,82700000,71618
0,827,8270000,8270100,51,126,8280000,7158
0,8270,82700000,82700100,51,126,82710000,71628
0,8271,82710000,82710100,51,126,82720000,71636
0,8272,82720000,82720100,51,126,82730000,71646
0,8273,82730000,82730100,51,126,82740000,71652
0,8274,82740000,82740100,51,126,82750000,71664
0,8275,82750000,82750100,51,126,82760000,71671
0,8276,82760000,82760100,51,126,82770000,71679
0,8277,82770000,82770100,51,126,82780000,71690
0,8278,82780000,82780100,51,126,82790000,71697
0,8279,82790000,82790100,51,126,82800000,71703
0,828,8280000,8280100,51,126,8290000,7169
0,8280,82800000,82800100,51,126,82810000,71716
0,8281,82810000,82810100,51,126,82820000,71724
0,8282,82820000,82820100,51,126,82830000,71731
0,8283,82830000,82830100,51,126,82840000,71740
0,8284,82840000,82840100,51,126,82850000,71750
0,8285,82850000,82850100,51,126,82860000,71757
0,8286,82860000,82860100,51,126,82870000,71767
0,8287,82870000,82870100,51,126,82880000,71773
0,8288,82880000,82880100,51,126,82890000,71785
0,8289,82890000,82890100,51,126,82900000,71793
0,829,8290000,8290100,51,126,8300000,7177
0,8290,82900000,82900100,51,126,82910000,71801
0,8291,82910000,82910100,51,126,82920000,71809
0,8292,82920000,82920100,51,126,82930000,71820
0,8293,82930000,82930100,51,126,82940000,71826
0,8294,82940000,82940100,51,126,82950000,71834
0,8295,82950000,82950100,51,126,82960000,71845
0,8296,82960000,82960100,51,126,82970000,71854
0,8297,82970000,82970100,51,126,82980000,71860
0,8298,82980000,82980100,51,126,82990000,71872
0,8299,82990000,82990100,51,126,83000000,71879
0,83,830000,830100,51,126,840000,713
0,830,8300000,8300100,51,126,8310000,7186
0,8300,83000000,83000100,51,126,83010000,71888
0,8301,83010000,83010100,51,126,83020000,71896
0,8302,83020000,83020100,51,126,83030000,71905
0,8303,83030000,83030100,51,126,83040000,71911
0,8304,83040000,83040100,51,126,83050000,71923
0,8305,83050000,83050100,51,126,83060000,71933
0,8306,83060000,83060100,51,126,83070000,71940
0,8307,83070000,83070100,51,126,83080000,71948
0,8308,83080000,83080100,51,126,83090000,71956
0,8309,83090000,83090100,51,126,83100000,71964
0,831,8310000,8310100,51,126,8320000,7194
0,8310,83100000,83100100,51,126,83110000,71976
0,8311,83110000,83110100,51,126,83120000,71982
0,8312,83120000,83120100,51,126,83130000,71993
0,8313,83130000,83130100,51,126,83140000,72001
0,8314,83140000,83140100,51,126,83150000,72008
0,8315,83150000,83150100,51,126,83160000,72015
0,8316,83160000,83160100,51,126,83170000,72029
0,8317,83170000,83170100,51,126,83180000,72035
0,8318,83180000,83180100,51,126,83190000,72042
0,8319,83190000,83190100,51,126,83200000,72052
0,832,8320000,8320100,51,126,8330000,7203
0,8320,83200000,83200100,51,126,83210000,72062
0,8321,83210000,83210100,51,126,83220000,72069
0,8322,83220000,83220100,51,126,83230000,72079
0,8323,83230000,83230100,51,126,83240000,72087
0,8324,83240000,83240100,51,126,83250000,72095
0,8325,83250000,83250100,51,126,83260000,72104
0,8326,83260000,83260100,51,126,83270000,72113
0,8327,83270000,83270100,51,126,83280000,72120
0,8328,83280000,83280100,51,126,83290000,72132
0,8329,83290000,83290100,51,126,83300000,72138
0,833,8330000,8330100,51,126,8340000,7211
0,8330,83300000,83300100,51,126,83310000,72148
0,8331,83310000,83310100,51,126,83320000,72156
0,8332,83320000,83320100,51,126,83330000,72165
0,8333,83330000,83330100,51,126,83340000,72173
0,8334,83340000,83340100,51,126,83350000,72183
0,8335,83350000,83350100,51,126,83360000,72190
0,8336,83360000,83360100,51,126,83370000,72199
0,8337,83370000,83370100,51,126,83380000,72209
0,8338,83380000,83380100,51,126,83390000,72217
0,8339,83390000,83390100,51,126,83400000,72223
0,834,8340000,8340100,51,126,8350000,7221
0,8340,83400000,83400100,51,126,83410000,72237
0,8341,83410000,83410100,51,126,83420000,72243
0,8342,83420000,83420100,51,126,83430000,72250
0,8343,83430000,83430100,51,126,83440000,72259
0,8344,83440000,83440100,51,126,83450000,72270
0,8345,83450000,83450100,51,126,83460000,72277
0,8346,83460000,83460100,51,126,83470000,72287
0,8347,83470000,83470100,51,126,83480000,72295
0,8348,83480000,83480100,51,126,83490000,72303
0,8349,83490000,83490100,51,126,83500000,72312
0,835,8350000,8350100,51,126,8360000,7228
0,8350,83500000,83500100,51,126,83510000,72320
0,8351,83510000,83510100,51,126,83520000,72328
0,8352,83520000,83520100,51,126,83530000,72340
0,8353,83530000,83530100,51,126,83540000,72346
0,8354,83540000,83540100,51,126,83550000,72356
0,8355,83550000,83550100,51,126,83560000,72365
0,8356,83560000,83560100,51,126,83570000,72373
0,8357,83570000,83570100,51,126,83580000,72379
0,8358,83580000,83580100,51,126,83590000,72391
0,8359,83590000,83590100,51,126,83600000,72397
0,836,8360000,8360100,51,126,8370000,7239
0,8360,83600000,83600100,51,126,83610000,72408
0,8361,83610000,83610100,51,126,83620000,72418
0,8362,83620000,83620100,51,126,83630000,72425
0,8363,83630000,83630100,51,126,83640000,72431
0,8364,83640000,83640100,51,126,83650000,72442
0,8365,83650000,83650100,51,126,83660000,72452
0,8366,83660000,83660100,51,126,83670000,72459
0,8367,83670000,83670100,51,126,83680000,72467
0,8368,83680000,83680100,51,126,83690000,72478
0,8369,83690000,83690100,51,126,83700000,72484
0,837,8370000,8370100,51,126,8380000,7247
0,8370,83700000,83700100,51,126,83710000,72495
0,8371,83710000,83710100,51,126,83720000,72502
0,8372,83720000,83720100,51,126,83730000,72512
0,8373,83730000,83730100,51,126,83740000,72520
0,8374,83740000,83740100,51,126,83750000,72527
0,8375,83750000,83750100,51,126,83760000,72536
0,8376,83760000,83760100,51,126,83770000,72549
0,8377,83770000,83770100,51,126,83780000,72555
0,8378,83780000,83780100,51,126,83790000,72562
0,8379,83790000,83790100,51,126,83800000,72572
0,838,8380000,8380100,51,126,8390000,7254
0,8380,83800000,83800100,51,126,83810000,72581
0,8381,83810000,83810100,51,126,83820000,72587
0,8382,83820000,83820100,51,126,83830000,72600
0,8383,83830000,83830100,51,126,83840000,72606
0,8384,83840000,83840100,51,126,83850000,72615
0,8385,83850000,83850100,51,126,83860000,72624
0,8386,83860000,83860100,51,126,83870000,72633
0,8387,83870000,83870100,51,126,83880000,72640
0,8388,83880000,83880100,51,126,83890000,72651
0,8389,83890000,83890100,51,126,83900000,72659
0,839,8390000,8390100,51,126,8400000,7260
0,8390,83900000,83900100,51,126,83910000,72667
0,8391,83910000,83910100,51,126,83920000,72675
0,8392,83920000,83920100,51,126,83930000,72684
0,8393,83930000,83930100,51,126,83940000,72693
0,8394,83940000,83940100,51,126,83950000,72703
0,8395,83950000,83950100,51,126,83960000,72710
0,8396,83960000,83960100,51,126,83970000,72720
0,8397,83970000,83970100,51,126,83980000,72728
0,8398,83980000,83980100,51,126,83990000,72736
0,8399,83990000,83990100,51,126,84000000,72742
0,84,840000,840100,51,126,850000,726
0,840,8400000,8400100,51,126,8410000,7275
0,8400,84000000,84000100,51,126,84010000,72757
0,8401,84010000,84010100,51,126,84020000,72763
0,8402,84020000,84020100,51,126,84030000,72770
0,8403,84030000,84030100,51,126,84040000,72780
0,8404,84040000,84040100,51,126,84050000,72789
0,8405,84050000,84050100,51,126,84060000,72796
0,8406,84060000,84060100,51,126,84070000,72806
0,8407,84070000,84070100,51,126,84080000,72814
0,8408,84080000,84080100,51,126,84090000,72823
0,8409,84090000,84090100,51,126,84100000,72832
0,841,8410000,8410100,51,126,8420000,7282
0,8410,84100000,84100100,51,126,84110000,72842
0,8411,84110000,84110100,51,126,84120000,72848
0,8412,84120000,84120100,51,126,84130000,72859
0,8413,84130000,84130100,51,126,84140000,72865
0,8414,84140000,84140100,51,126,84150000,72874
0,8415,84150000,84150100,51,126,84160000,72884
0,8416,84160000,84160100,51,126,84170000,72893
0,8417,84170000,84170100,51,126,84180000,72901
0,8418,84180000,84180100,51,126,84190000,72911
0,8419,84190000,84190100,51,126,84200000,72917
0,842,8420000,8420100,51,126,8430000,7289
0,8420,84200000,84200100,51,126,84210000,72927
0,8421,84210000,84210100,51,126,84220000,72937
0,8422,84220000,84220100,51,126,84230000,72944
0,8423,84230000,84230100,51,126,84240000,72950
0,8424,84240000,84240100,51,126,84250000,72964
0,8425,84250000,84250100,51,126,84260000,72971
0,8426,84260000,84260100,51,126,84270000,72979
0,8427,84270000,84270100,51,126,84280000,72987
0,8428,84280000,84280100,51,126,84290000,72997
0,8429,84290000,84290100,51,126,84300000,73003
0,843,8430000,8430100,51,126,8440000,7299
0,8430,84300000,84300100,51,126,84310000,73014
0,8431,84310000,84310100,51,126,84320000,73023
0,8432,84320000,84320100,51,126,84330000,73032
0,8433,84330000,84330100,51,126,84340000,73040
0,8434,84340000,84340100,51,126,84350000,73047
0,8435,84350000,84350100,51,126,84360000,73056
0,8436,84360000,84360100,51,126,84370000,73067
0,8437,84370000,84370100,51,126,84380000,73074
0,8438,84380000,84380100,51,126,84390000,73083
0,8439,84390000,84390100,51,126,84400000,73091
0,844,8440000,8440100,51,126,8450000,7307
0,8440,84400000,84400100,51,126,84410000,73101
0,8441,84410000,84410100,51,126,84420000,73107
0,8442,84420000,84420100,51,126,84430000,73120
0,8443,84430000,84430100,51,126,84440000,73126
0,8444,84440000,84440100,51,126,84450000,73134
0,8445,84450000,84450100,51,126,84460000,73145
0,8446,84460000,84460100,51,126,84470000,73152
0,8447,84470000,84470100,51,126,84480000,73158
0,8448,84480000,84480100,51,126,84490000,73171
0,8449,84490000,84490100,51,126,84500000,73179
0,845,8450000,8450100,51,126,8460000,7314
0,8450,84500000,84500100,51,126,84510000,73187
0,8451,84510000,84510100,51,126,84520000,73195
0,8452,84520000,84520100,51,126,84530000,73205
0,8453,84530000,84530100,51,126,84540000,73212
0,8454,84540000,84540100,51,126,84550000,73222
0,8455,84550000,84550100,51,126,84560000,73229
0,8456,84560000,84560100,51,126,84570000,73240
0,8457,84570000,84570100,51,126,84580000,73248
0,8458,84580000,84580100,51,126,84590000,73255
0,8459,84590000,84590100,51,126,84600000,73264
0,846,8460000,8460100,51,126,8470000,7324
0,8460,84600000,84600100,51,126,84610000,73276
0,8461,84610000,84610100,51,126,84620000,73282
0,8462,84620000,84620100,51,126,84630000,73289
0,8463,84630000,84630100,51,126,84640000,73299
0,8464,84640000,84640100,51,126,84650000,73309
0,8465,84650000,84650100,51,126,84660000,73316
0,8466,84660000,84660100,51,126,84670000,73328
0,8467,84670000,84670100,51,126,84680000,73334
0,8468,84680000,84680100,51,126,84690000,73342
0,8469,84690000,84690100,51,126,84700000,73350
0,847,8470000,8470100,51,126,8480000,7333
0,8470,84700000,84700100,51,126,84710000,73361
0,8471,84710000,84710100,51,126,84720000,73367
0,8472,84720000,84720100,51,126,84730000,73379
0,8473,84730000,84730100,51,126,84740000,73387
0,8474,84740000,84740100,51,126,84750000,73394
0,8475,84750000,84750100,51,126,84760000,73404
0,8476,84760000,84760100,51,126,84770000,73412
0,8477,84770000,84770100,51,126,84780000,73420
0,8478,84780000,84780100,51,126,84790000,73430
0,8479,84790000,84790100,51,126,84800000,73436
0,848,8480000,8480100,51,126,8490000,7342
0,8480,84800000,84800100,51,126,84810000,73448
0,8481,84810000,84810100,51,126,84820000,73457
0,8482,84820000,84820100,51,126,84830000,73464
0,8483,84830000,84830100,51,126,84840000,73470
0,8484,84840000,84840100,51,126,84850000,73483
0,8485,84850000,84850100,51,126,84860000,73490
0,8486,84860000,84860100,51,126,84870000,73498
0,8487,84870000,84870100,51,126,84880000,73508
0,8488,84880000,84880100,51,126,84890000,73517
0,8489,84890000,84890100,51,126,84900000,73523
0,849,8490000,8490100,51,126,8500000,7350
0,8490,84900000,84900100,51,126,84910000,73534
0,8491,84910000,84910100,51,126,84920000,73542
0,8492,84920000,84920100,51,126,84930000,73551
0,8493,84930000,84930100,51,126,84940000,73559
0,8494,84940000,84940100,51,126,84950000,73568
0,8495,84950000,84950100,51,126,84960000,73575
0,8496,84960000,84960100,51,126,84970000,73587
0,8497,84970000,84970100,51,126,84980000,73594
0,8498,84980000,84980100,51,126,84990000,73603
0,8499,84990000,84990100,51,126,85000000,73611
0,85,850000,850100,51,126,860000,733
0,850,8500000,8500100,51,126,8510000,7360
0,8500,85000000,85000100,51,126,85010000,73620
0,8501,85010000,85010100,51,126,85020000,73628
0,8502,85020000,85020100,51,126,85030000,73638
0,8503,85030000,85030100,51,126,85040000,73645
0,8504,85040000,85040100,51,126,85050000,73654
0,8505,85050000,85050100,51,126,85060000,73665
0,8506,85060000,85060100,51,126,85070000,73672
0,8507,85070000,85070100,51,126,85080000,73678
0,8508,85080000,85080100,51,126,85090000,73692
0,8509,85090000,85090100,51,126,85100000,73698
0,851,8510000,8510100,51,126,8520000,7366
0,8510,85100000,85100100,51,126,85110000,73706
0,8511,85110000,85110100,51,126,85120000,73714
0,8512,85120000,85120100,51,126,85130000,73725
0,8513,85130000,85130100,51,126,85140000,73731
0,8514,85140000,85140100,51,126,85150000,73742
0,8515,85150000,85150100,51,126,85160000,73751
0,8516,85160000,85160100,51,126,85170000,73759
0,8517,85170000,85170100,51,126,85180000,73767
0,8518,85180000,85180100,51,126,85190000,73774
0,8519,85190000,85190100,51,126,85200000,73783
0,852,8520000,8520100,51,126,8530000,7378
0,8520,85200000,85200100,51,126,85210000,73796
0,8521,85210000,85210100,51,126,85220000,73802
0,8522,85220000,85220100,51,126,85230000,73811
0,8523,85230000,85230100,51,126,85240000,73819
0,8524,85240000,85240100,51,126,85250000,73827
0,8525,85250000,85250100,51,126,85260000,73835
0,8526,85260000,85260100,51,126,85270000,73847
0,8527,85270000,85270100,51,126,85280000,73853
0,8528,85280000,85280100,51,126,85290000,73862
0,8529,85290000,85290100,51,126,85300000,73872
0,853,8530000,8530100,51,126,8540000,7384
0,8530,85300000,85300100,51,126,85310000,73881
0,8531,85310000,85310100,51,126,85320000,73887
0,8532,85320000,85320100,51,126,85330000,73898
0,8533,85330000,85330100,51,126,85340000,73906
0,8534,85340000,85340100,51,126,85350000,73913
0,8535,85350000,85350100,51,126,85360000,73922
0,8536,85360000,85360100,51,126,85370000,73934
0,8537,85370000,85370100,51,126,85380000,73940
0,8538,85380000,85380100,51,126,85390000,73950
0,8539,85390000,85390100,51,126,85400000,73956
0,854,8540000,8540100,51,126,8550000,7393
0,8540,85400000,85400100,51,126,85410000,73967
0,8541,85410000,85410100,51,126,85420000,73976
0,8542,85420000,85420100,51,126,85430000,73983
0,8543,85430000,85430100,51,126,85440000,73991
0,8544,85440000,85440100,51,126,85450000,74003
0,8545,85450000,85450100,51,126,85460000,74010
0,8546,85460000,85460100,51,126,85470000,74017
0,8547,85470000,85470100,51,126,85480000,74028
0,8548,85480000,85480100,51,126,85490000,74036
0,8549,85490000,85490100,51,126,85500000,74042
0,855,8550000,8550100,51,126,8560000,7402
0,8550,85500000,85500100,51,126,85510000,74055
0,8551,85510000,85510100,51,126,85520000,74061
0,8552,85520000,85520100,51,126,85530000,74071
0,8553,85530000,85530100,51,126,85540000,74079
0,8554,85540000,85540100,51,126,85550000,74088
0,8555,85550000,85550100,51,126,85560000,74095
0,8556,85560000,85560100,51,126,85570000,74106
0,8557,85570000,85570100,51,126,85580000,74114
0,8558,85580000,85580100,51,126,85590000,74122
0,8559,85590000,85590100,51,126,85600000,74130
0,856,8560000,8560100,51,126,8570000,7411
0,8560,85600000,85600100,51,126,85610000,74140
0,8561,85610000,85610100,51,126,85620000,74148
0,8562,85620000,85620100,51,126,85630000,74158
0,8563,85630000,85630100,51,126,85640000,74165
0,8564,85640000,85640100,51,126,85650000,74175
0,8565,85650000,85650100,51,126,85660000,74184
0,8566,85660000,85660100,51,126,85670000,74191
0,8567,85670000,85670100,51,126,85680000,74197
0,8568,85680000,85680100,51,126,85690000,74211
0,8569,85690000,85690100,51,126,85700000,74218
0,857,8570000,8570100,51,126,8580000,7419
0,8570,85700000,85700100,51,126,85710000,74226
0,8571,85710000,85710100,51,126,85720000,74236
0,8572,85720000,85720100,51,126,85730000,74244
0,8573,85730000,85730100,51,126,85740000,74250
0,8574,85740000,85740100,51,126,85750000,74261
0,8575,85750000,85750100,51,126,85760000,74270
0,8576,85760000,85760100,51,126,85770000,74279
0,8577,85770000,85770100,51,126,85780000,74287
0,8578,85780000,85780100,51,126,85790000,74296
0,8579,85790000,85790100,51,126,85800000,74302
0,858,8580000,8580100,51,126,8590000,7430
0,8580,85800000,85800100,51,126,85810000,74315
0,8581,85810000,85810100,51,126,85820000,74321
0,8582,85820000,85820100,51,126,85830000,74330
0,8583,85830000,85830100,51,126,85840000,74338
0,8584,85840000,85840100,51,126,85850000,74347
0,8585,85850000,85850100,51,126,85860000,74357
0,8586,85860000,85860100,51,126,85870000,74367
0,8587,85870000,85870100,51,126,85880000,74373
0,8588,85880000,85880100,51,126,85890000,74381
0,8589,85890000,85890100,51,126,85900000,74391
0,859,8590000,8590100,51,126,8600000,7436
0,8590,85900000,85900100,51,126,85910000,74399
0,8591,85910000,85910100,51,126,85920000,74406
0,8592,85920000,85920100,51,126,85930000,74420
0,8593,85930000,85930100,51,126,85940000,74426
0,8594,85940000,85940100,51,126,85950000,74433
0,8595,85950000,85950100,51,126,85960000,74442
0,8596,85960000,85960100,51,126,85970000,74453
0,8597,85970000,85970100,51,126,85980000,74459
0,8598,85980000,85980100,51,126,85990000,74469
0,8599,85990000,85990100,51,126,86000000,74477
0,86,860000,860100,51,126,870000,740
0,860,8600000,8600100,51,126,8610000,7445
0,8600,86000000,86000100,51,126,86010000,74487
0,8601,86010000,86010100,51,126,86020000,74495
0,8602,86020000,86020100,51,126,86030000,74503
0,8603,86030000,86030100,51,126,86040000,74511
0,8604,86040000,86040100,51,126,86050000,74522
0,8605,86050000,86050100,51,126,86060000,74529
0,8606,86060000,86060100,51,126,86070000,74538
0,8607,86070000,86070100,51,126,86080000,74547
0,8608,86080000,86080100,51,126,86090000,74556
0,8609,86090000,86090100,51,126,86100000,74562
0,861,8610000,8610100,51,126,8620000,7455
0,8610,86100000,86100100,51,126,86110000,74575
0,8611,86110000,86110100,51,126,86120000,74581
0,8612,86120000,86120100,51,126,86130000,74589
0,8613,86130000,86130100,51,126,86140000,74600
0,8614,86140000,86140100,51,126,86150000,74607
0,8615,86150000,86150100,51,126,86160000,74614
0,8616,86160000,86160100,51,126,86170000,74626
0,8617,86170000,86170100,51,126,86180000,74634
0,8618,86180000,86180100,51,126,86190000,74642
0,8619,86190000,86190100,51,126,86200000,74650
0,862,8620000,8620100,51,126,8630000,7462
0,8620,86200000,86200100,51,126,86210000,74661
0,8621,86210000,86210100,51,126,86220000,74667
0,8622,86220000,86220100,51,126,86230000,74677
0,8623,86230000,86230100,51,126,86240000,74683
0,8624,86240000,86240100,51,126,86250000,74695
0,8625,86250000,86250100,51,126,86260000,74704
0,8626,86260000,86260100,51,126,86270000,74711
0,8627,86270000,86270100,51,126,86280000,74719
0,8628,86280000,86280100,51,126,86290000,74730
0,8629,86290000,86290100,51,126,86300000,74737
0,863,8630000,8630100,51,126,8640000,7469
0,8630,86300000,86300100,51,126,86310000,74745
0,8631,86310000,86310100,51,126,86320000,74755
0,8632,86320000,86320100,51,126,86330000,74764
0,8633,86330000,86330100,51,126,86340000,74770
0,8634,86340000,86340100,51,126,86350000,74782
0,8635,86350000,86350100,51,126,86360000,74790
0,8636,86360000,86360100,51,126,86370000,74798
0,8637,86370000,86370100,51,126,86380000,74806
0,8638,86380000,86380100,51,126,86390000,74815
0,8639,86390000,86390100,51,126,86400000,74821
0,864,8640000,8640100,51,126,8650000,7483
0,8640,86400000,86400100,51,126,86410000,74835
0,8641,86410000,86410100,51,126,86420000,74843
0,8642,86420000,86420100,51,126,86430000,74850
0,8643,86430000,86430100,51,126,86440000,74858
0,8644,86440000,86440100,51,126,86450000,74866
0,8645,86450000,86450100,51,126,86460000,74875
0,8646,86460000,86460100,51,126,86470000,74886
0,8647,86470000,86470100,51,126,86480000,74892
0,8648,86480000,86480100,51,126,86490000,74903
0,8649,86490000,86490100,51,126,86500000,74911
0,865,8650000,8650100,51,126,8660000,7490
0,8650,86500000,86500100,51,126,86510000,74919
0,8651,86510000,86510100,51,126,86520000,74926
0,8652,86520000,86520100,51,126,86530000,74939
0,8653,86530000,86530100,51,126,86540000,74945
0,8654,86540000,86540100,51,126,86550000,74952
0,8655,86550000,86550100,51,126,86560000,74963
0,8656,86560000,86560100,51,126,86570000,74972
0,8657,86570000,86570100,51,126,86580000,74979
0,8658,86580000,86580100,51,126,86590000,74989
0,8659,86590000,86590100,51,126,86600000,74997
0,866,8660000,8660100,51,126,8670000,7497
0,8660,86600000,86600100,51,126,86610000,75006
0,8661,86610000,86610100,51,126,86620000,75014
0,8662,86620000,86620100,51,126,86630000,75024
0,8663,86630000,86630100,51,126,86640000,75030
0,8664,86640000,86640100,51,126,86650000,75042
0,8665,86650000,86650100,51,126,86660000,75049
0,8666,86660000,86660100,51,126,86670000,75058
0,8667,86670000,86670100,51,126,86680000,75066
0,8668,86680000,86680100,51,126,86690000,75075
0,8669,86690000,86690100,51,126,86700000,75083
0,867,8670000,8670100,51,126,8680000,7505
0,8670,86700000,86700100,51,126,86710000,75094
0,8671,86710000,86710100,51,126,86720000,75100
0,8672,86720000,86720100,51,126,86730000,75109
0,8673,86730000,86730100,51,126,86740000,75120
0,8674,86740000,86740100,51,126,86750000,75127
0,8675,86750000,86750100,51,126,86760000,75134
0,8676,86760000,86760100,51,126,86770000,75147
0,8677,86770000,86770100,51,126,86780000,75153
0,8678,86780000,86780100,51,126,86790000,75160
0,8679,86790000,86790100,51,126,86800000,75169
0,868,8680000,8680100,51,126,8690000,7515
0,8680,86800000,86800100,51,126,86810000,75181
0,8681,86810000,86810100,51,126,86820000,75187
0,8682,86820000,86820100,51,126,86830000,75197
0,8683,86830000,86830100,51,126,86840000,75205
0,8684,86840000,86840100,51,126,86850000,75214
0,8685,86850000,86850100,51,126,86860000,75223
0,8686,86860000,86860100,51,126,86870000,75230
0,8687,86870000,86870100,51,126,86880000,75238
0,8688,86880000,86880100,51,126,86890000,75250
0,8689,86890000,86890100,51,126,86900000,75256
0,869,8690000,8690100,51,126,8700000,7522
0,8690,86900000,86900100,51,126,86910000,75267
0,8691,86910000,86910100,51,126,86920000,75275
0,8692,86920000,86920100,51,126,86930000,75283
0,8693,86930000,86930100,51,126,86940000,75289
0,8694,86940000,86940100,51,126,86950000,75301
0,8695,86950000,86950100,51,126,86960000,75309
0,8696,86960000,86960100,51,126,86970000,75318
0,8697,86970000,86970100,51,126,86980000,75328
0,8698,86980000,86980100,51,126,86990000,75335
0,8699,86990000,86990100,51,126,87000000,75341
0,87,870000,870100,51,126,880000,750
0,870,8700000,8700100,51,126,8710000,7533
0,8700,87000000,87000100,51,126,87010000,75353
0,8701,87010000,87010100,51,126,87020000,75362
0,8702,87020000,87020100,51,126,87030000,75369
0,8703,87030000,87030100,51,126,87040000,75377
0,8704,87040000,87040100,51,126,87050000,75388
0,8705,87050000,87050100,51,126,87060000,75395
0,8706,87060000,87060100,51,126,87070000,75406
0,8707,87070000,87070100,51,126,87080000,75412
0,8708,87080000,87080100,51,126,87090000,75422
0,8709,87090000,87090100,51,126,87100000,75430
0,871,8710000,8710100,51,126,8720000,7541
0,8710,87100000,87100100,51,126,87110000,75438
0,8711,87110000,87110100,51,126,87120000,75446
0,8712,87120000,87120100,51,126,87130000,75459
0,8713,87130000,87130100,51,126,87140000,75465
0,8714,87140000,87140100,51,126,87150000,75472
0,8715,87150000,87150100,51,126,87160000,75483
0,8716,87160000,87160100,51,126,87170000,75491
0,8717,87170000,87170100,51,126,87180000,75498
0,8718,87180000,87180100,51,126,87190000,75510
0,8719,87190000,87190100,51,126,87200000,75516
0,872,8720000,8720100,51,126,8730000,7550
0,8720,87200000,87200100,51,126,87210000,75526
0,8721,87210000,87210100,51,126,87220000,75534
0,8722,87220000,87220100,51,126,87230000,75543
0,8723,87230000,87230100,51,126,87240000,75550
0,8724,87240000,87240100,51,126,87250000,75561
0,8725,87250000,87250100,51,126,87260000,75570
0,8726,87260000,87260100,51,126,87270000,75577
0,8727,87270000,87270100,51,126,87280000,75585
0,8728,87280000,87280100,51,126,87290000,75595
0,8729,87290000,87290100,51,126,87300000,75603
0,873,8730000,8730100,51,126,8740000,7558
0,8730,87300000,87300100,51,126,87310000,75614
0,8731,87310000,87310100,51,126,87320000,75620
0,8732,87320000,87320100,51,126,87330000,75630
0,8733,87330000,87330100,51,126,87340000,75638
0,8734,87340000,87340100,51,126,87350000,75646
0,8735,87350000,87350100,51,126,87360000,75653
0,8736,87360000,87360100,51,126,87370000,75667
0,8737,87370000,87370100,51,126,87380000,75673
0,8738,87380000,87380100,51,126,87390000,75680
0,8739,87390000,87390100,51,126,87400000,75691
0,874,8740000,8740100,51,126,8750000,7566
0,8740,87400000,87400100,51,126,87410000,75700
0,8741,87410000,87410100,51,126,87420000,75706
0,8742,87420000,87420100,51,126,87430000,75716
0,8743,87430000,87430100,51,126,87440000,75724
0,8744,87440000,87440100,51,126,87450000,75733
0,8745,87450000,87450100,51,126,87460000,75743
0,8746,87460000,87460100,51,126,87470000,75752
0,8747,87470000,87470100,51,126,87480000,75758
0,8748,87480000,87480100,51,126,87490000,75769
0,8749,87490000,87490100,51,126,87500000,75775
0,875,8750000,8750100,51,126,8760000,7575
0,8750,87500000,87500100,51,126,87510000,75786
0,8751,87510000,87510100,51,126,87520000,75794
0,8752,87520000,87520100,51,126,87530000,75803
0,8753,87530000,87530100,51,126,87540000,75811
0,8754,87540000,87540100,51,126,87550000,75821
0,8755,87550000,87550100,51,126,87560000,75828
0,8756,87560000,87560100,51,126,87570000,75837
0,8757,87570000,87570100,51,126,87580000,75847
0,8758,87580000,87580100,51,126,87590000,75854
0,8759,87590000,87590100,51,126,87600000,75860
0,876,8760000,8760100,51,126,8770000,7586
0,8760,87600000,87600100,51,126,87610000,75875
0,8761,87610000,87610100,51,126,87620000,75882
0,8762,87620000,87620100,51,126,87630000,75889
0,8763,87630000,87630100,51,126,87640000,75897
0,8764,87640000,87640100,51,126,87650000,75907
0,8765,87650000,87650100,51,126,87660000,75914
0,8766,87660000,87660100,51,126,87670000,75924
0,8767,87670000,87670100,51,126,87680000,75933
0,8768,87680000,87680100,51,126,87690000,75942
0,8769,87690000,87690100,51,126,87700000,75950
0,877,8770000,8770100,51,126,8780000,7592
0,8770,87700000,87700100,51,126,87710000,75958
0,8771,87710000,87710100,51,126,87720000,75966
0,8772,87720000,87720100,51,126,87730000,75978
0,8773,87730000,87730100,51,126,87740000,75984
0,8774,87740000,87740100,51,126,87750000,75993
0,8775,87750000,87750100,51,126,87760000,76002
0,8776,87760000,87760100,51,126,87770000,76011
0,8777,87770000,87770100,51,126,87780000,76017
0,8778,87780000,87780100,51,126,87790000,76030
0,8779,87790000,87790100,51,126,87800000,76036
0,878,8780000,8780100,51,126,8790000,7601
0,8780,87800000,87800100,51,126,87810000,76045
0,8781,87810000,87810100,51,126,87820000,76055
0,8782,87820000,87820100,51,126,87830000,76062
0,8783,87830000,87830100,51,126,87840000,76069
0,8784,87840000,87840100,51,126,87850000,76081
0,8785,87850000,87850100,51,126,87860000,76090
0,8786,87860000,87860100,51,126,87870000,76097
0,8787,87870000,87870100,51,126,87880000,76105
0,8788,87880000,87880100,51,126,87890000,76115
0,8789,87890000,87890100,51,126,87900000,76122
0,879,8790000,8790100,51,126,8800000,7609
0,8790,87900000,87900100,51,126,87910000,76133
0,8791,87910000,87910100,51,126,87920000,76139
0,8792,87920000,87920100,51,126,87930000,76150
0,8793,87930000,87930100,51,126,87940000,76158
0,8794,87940000,87940100,51,126,87950000,76166
0,8795,87950000,87950100,51,126,87960000,76175
0,8796,87960000,87960100,51,126,87970000,76186
0,8797,87970000,87970100,51,126,87980000,76192
0,8798,87980000,87980100,51,126,87990000,76199
0,8799,87990000,87990100,51,126,88000000,76209
0,88,880000,880100,51,126,890000,760
0,880,8800000,8800100,51,126,8810000,7620
0,8800,88000000,88000100,51,126,88010000,76220
0,8801,88010000,88010100,51,126,88020000,76226
0,8802,88020000,88020100,51,126,88030000,76238
0,8803,88030000,88030100,51,126,88040000,76244
0,8804,88040000,88040100,51,126,88050000,76252
0,8805,88050000,88050100,51,126,88060000,76262
0,8806,88060000,88060100,51,126,88070000,76271
0,8807,88070000,88070100,51,126,88080000,76277
0,8808,88080000,88080100,51,126,88090000,76289
0,8809,88090000,88090100,51,126,88100000,76297
0,881,8810000,8810100,51,126,8820000,7626
0,8810,88100000,88100100,51,126,88110000,76305
0,8811,88110000,88110100,51,126,88120000,76314
0,8812,88120000,88120100,51,126,88130000,76322
0,8813,88130000,88130100,51,126,88140000,76330
0,8814,88140000,88140100,51,126,88150000,76340
0,8815,88150000,88150100,51,126,88160000,76347
0,8816,88160000,88160100,51,126,88170000,76359
0,8817,88170000,88170100,51,126,88180000,76367
0,8818,88180000,88180100,51,126,88190000,76374
0,8819,88190000,88190100,51,126,88200000,76380
0,882,8820000,8820100,51,126,8830000,7638
0,8820,88200000,88200100,51,126,88210000,76394
0,8821,88210000,88210100,51,126,88220000,76400
0,8822,88220000,88220100,51,126,88230000,76408
0,8823,88230000,88230100,51,126,88240000,76418
0,8824,88240000,88240100,51,126,88250000,76427
0,8825,88250000,88250100,51,126,88260000,76434
0,8826,88260000,88260100,51,126,88270000,76444
0,8827,88270000,88270100,51,126,88280000,76453
0,8828,88280000,88280100,51,126,88290000,76461
0,8829,88290000,88290100,51,126,88300000,76469
0,883,8830000,8830100,51,126,8840000,7644
0,8830,88300000,88300100,51,126,88310000,76479
0,8831,88310000,88310100,51,126,88320000,76485
0,8832,88320000,88320100,51,126,88330000,76497
0,8833,88330000,88330100,51,126,88340000,76504
0,8834,88340000,88340100,51,126,88350000,76513
0,8835,88350000,88350100,51,126,88360000,76522
0,8836,88360000,88360100,51,126,88370000,76530
0,8837,88370000,88370100,51,126,88380000,76538
0,8838,88380000,88380100,51,126,88390000,76549
0,8839,88390000,88390100,51,126,88400000,76555
0,884,8840000,8840100,51,126,8850000,7652
0,8840,88400000,88400100,51,126,88410000,76565
0,8841,88410000,88410100,51,126,88420000,76575
0,8842,88420000,88420100,51,126,88430000,76582
0,8843,88430000,88430100,51,126,88440000,76588
0,8844,88440000,88440100,51,126,88450000,76602
0,8845,88450000,88450100,51,126,88460000,76609
0,8846,88460000,88460100,51,126,88470000,76616
0,8847,88470000,88470100,51,126,88480000,76624
0,8848,88480000,88480100,51,126,88490000,76635
0,8849,88490000,88490100,51,126,88500000,76642
0,885,8850000,8850100,51,126,8860000,7664
0,8850,88500000,88500100,51,126,88510000,76653
0,8851,88510000,88510100,51,126,88520000,76661
0,8852,88520000,88520100,51,126,88530000,76669
0,8853,88530000,88530100,51,126,88540000,76677
0,8854,88540000,88540100,51,126,88550000,76684
0,8855,88550000,88550100,51,126,88560000,76694
0,8856,88560000,88560100,51,126,88570000,76706
0,8857,88570000,88570100,51,126,88580000,76712
0,8858,88580000,88580100,51,126,88590000,76721
0,8859,88590000,88590100,51,126,88600000,76729
0,886,8860000,8860100,51,126,8870000,7671
0,8860,88600000,88600100,51,126,88610000,76739
0,8861,88610000,88610100,51,126,88620000,76745
0,8862,88620000,88620100,51,126,88630000,76757
0,8863,88630000,88630100,51,126,88640000,76763
0,8864,88640000,88640100,51,126,88650000,76772
0,8865,88650000,88650100,51,126,88660000,76783
0,8866,88660000,88660100,51,126,88670000,76791
0,8867,88670000,88670100,51,126,88680000,76797
0,8868,88680000,88680100,51,126,88690000,76808
0,8869,88690000,88690100,51,126,88700000,76816
0,887,8870000,8870100,51,126,8880000,7677
0,8870,88700000,88700100,51,126,88710000,76824
0,8871,88710000,88710100,51,126,88720000,76833
0,8872,88720000,88720100,51,126,88730000,76844
0,8873,88730000,88730100,51,126,88740000,76850
0,8874,88740000,88740100,51,126,88750000,76860
0,8875,88750000,88750100,51,126,88760000,76867
0,8876,88760000,88760100,51,126,88770000,76877
0,8877,88770000,88770100,51,126,88780000,76886
0,8878,88780000,88780100,51,126,88790000,76893
0,8879,88790000,88790100,51,126,88800000,76901
0,888,8880000,8880100,51,126,8890000,7689
0,8880,88800000,88800100,51,126,88810000,76914
0,8881,88810000,88810100,51,126,88820000,76920
0,8882,88820000,88820100,51,126,88830000,76928
0,8883,88830000,88830100,51,126,88840000,76938
0,8884,88840000,88840100,51,126,88850000,76946
0,8885,88850000,88850100,51,126,88860000,76953
0,8886,88860000,88860100,51,126,88870000,76965
0,8887,88870000,88870100,51,126,88880000,76971
0,8888,88880000,88880100,51,126,88890000,76981
0,8889,88890000,88890100,51,126,88900000,76989
0,889,8890000,8890100,51,126,8900000,7697
0,8890,88900000,88900100,51,126,88910000,76999
0,8891,88910000,88910100,51,126,88920000,77005
0,8892,88920000,88920100,51,126,88930000,77016
0,8893,88930000,88930100,51,126,88940000,77025
0,8894,88940000,88940100,51,126,88950000,77032
0,8895,88950000,88950100,51,126,88960000,77041
0,8896,88960000,88960100,51,126,88970000,77050
0,8897,88970000,88970100,51,126,88980000,77058
0,8898,88980000,88980100,51,126,88990000,77068
0,8899,88990000,88990100,51,126,89000000,77075
0,89,890000,890100,51,126,900000,766
0,890,8900000,8900100,51,126,8910000,7705
0,8900,89000000,89000100,51,126,89010000,77086
0,8901,89010000,89010100,51,126,89020000,77094
0,8902,89020000,89020100,51,126,89030000,77101
0,8903,89030000,89030100,51,126,89040000,77107
0,8904,89040000,89040100,51,126,89050000,77122
0,8905,89050000,89050100,51,126,89060000,77129
0,8906,89060000,89060100,51,126,89070000,77136
0,8907,89070000,89070100,51,126,89080000,77146
0,8908,89080000,89080100,51,126,89090000,77154
0,8909,89090000,89090100,51,126,89100000,77160
0,891,8910000,8910100,51,126,8920000,7714
0,8910,89100000,89100100,51,126,89110000,77172
0,8911,89110000,89110100,51,126,89120000,77180
0,8912,89120000,89120100,51,126,89130000,77189
0,8913,89130000,89130100,51,126,89140000,77197
0,8914,89140000,89140100,51,126,89150000,77206
0,8915,89150000,89150100,51,126,89160000,77214
0,8916,89160000,89160100,51,126,89170000,77225
0,8917,89170000,89170100,51,126,89180000,77231
0,8918,89180000,89180100,51,126,89190000,77240
0,8919,89190000,89190100,51,126,89200000,77248
0,892,8920000,8920100,51,126,8930000,7724
0,8920,89200000,89200100,51,126,89210000,77258
0,8921,89210000,89210100,51,126,89220000,77267
0,8922,89220000,89220100,51,126,89230000,77277
0,8923,89230000,89230100,51,126,89240000,77283
0,8924,89240000,89240100,51,126,89250000,77291
0,8925,89250000,89250100,51,126,89260000,77302
0,8926,89260000,89260100,51,126,89270000,77310
0,8927,89270000,89270100,51,126,89280000,77316
0,8928,89280000,89280100,51,126,89290000,77330
0,8929,89290000,89290100,51,126,89300000,77336
0,893,8930000,8930100,51,126,8940000,7730
0,8930,89300000,89300100,51,126,89310000,77344
0,8931,89310000,89310100,51,126,89320000,77352
0,8932,89320000,89320100,51,126,89330000,77363
0,8933,89330000,89330100,51,126,89340000,77369
0,8934,89340000,89340100,51,126,89350000,77379
0,8935,89350000,89350100,51,126,89360000,77388
0,8936,89360000,89360100,51,126,89370000,77397
0,8937,89370000,89370100,51,126,89380000,77406
0,8938,89380000,89380100,51,126,89390000,77413
0,8939,89390000,89390100,51,126,89400000,77421
0,894,8940000,8940100,51,126,8950000,7740
0,8940,89400000,89400100,51,126,89410000,77433
0,8941,89410000,89410100,51,126,89420000,77439
0,8942,89420000,89420100,51,126,89430000,77448
0,8943,89430000,89430100,51,126,89440000,77457
0,8944,89440000,89440100,51,126,89450000,77466
0,8945,89450000,89450100,51,126,89460000,77473
0,8946,89460000,89460100,51,126,89470000,77485
0,8947,89470000,89470100,51,126,89480000,77491
0,8948,89480000,89480100,51,126,89490000,77500
0,8949,89490000,89490100,51,126,89500000,77510
0,895,8950000,8950100,51,126,8960000,7747
0,8950,89500000,89500100,51,126,89510000,77518
0,8951,89510000,89510100,51,126,89520000,77524
0,8952,89520000,89520100,51,126,89530000,77536
0,8953,89530000,89530100,51,126,89540000,77544
0,8954,89540000,89540100,51,126,89550000,77552
0,8955,89550000,89550100,51,126,89560000,77561
0,8956,89560000,89560100,51,126,89570000,77571
0,8957,89570000,89570100,51,126,89580000,77577
0,8958,89580000,89580100,51,126,89590000,77587
0,8959,89590000,89590100,51,126,89600000,77594
0,896,8960000,8960100,51,126,8970000,7759
0,8960,89600000,89600100,51,126,89610000,77606
0,8961,89610000,89610100,51,126,89620000,77614
0,8962,89620000,89620100,51,126,89630000,77621
0,8963,89630000,89630100,51,126,89640000,77629
0,8964,89640000,89640100,51,126,89650000,77640
0,8965,89650000,89650100,51,126,89660000,77648
0,8966,89660000,89660100,51,126,89670000,77655
0,8967,89670000,89670100,51,126,89680000,77665
0,8968,89680000,89680100,51,126,89690000,77674
0,8969,89690000,89690100,51,126,89700000,77680
0,897,8970000,8970100,51,126,8980000,7767
0,8970,89700000,89700100,51,126,89710000,77694
0,8971,89710000,89710100,51,126,89720000,77700
0,8972,89720000,89720100,51,126,89730000,77708
0,8973,89730000,89730100,51,126,89740000,77716
0,8974,89740000,89740100,51,126,89750000,77725
0,8975,89750000,89750100,51,126,89760000,77732
0,8976,89760000,89760100,51,126,89770000,77745
0,8977,89770000,89770100,51,126,89780000,77753
0,8978,89780000,89780100,51,126,89790000,77760
0,8979,89790000,89790100,51,126,89800000,77768
0,898,8980000,8980100,51,126,8990000,7774
0,8980,89800000,89800100,51,126,89810000,77777
0,8981,89810000,89810100,51,126,89820000,77786
0,8982,89820000,89820100,51,126,89830000,77796
0,8983,89830000,89830100,51,126,89840000,77802
0,8984,89840000,89840100,51,126,89850000,77813
0,8985,89850000,89850100,51,126,89860000,77822
0,8986,89860000,89860100,51,126,89870000,77829
0,8987,89870000,89870100,51,126,89880000,77836
0,8988,89880000,89880100,51,126,89890000,77849
0,8989,89890000,89890100,51,126,89900000,77855
0,899,8990000,8990100,51,126,9000000,7782
0,8990,89900000,89900100,51,126,89910000,77863
0,8991,89910000,89910100,51,126,89920000,77873
0,8992,89920000,89920100,51,126,89930000,77883
0,8993,89930000,89930100,51,126,89940000,77889
0,8994,89940000,89940100,51,126,89950000,77899
0,8995,89950000,89950100,51,126,89960000,77908
0,8996,89960000,89960100,51,126,89970000,77916
0,8997,89970000,89970100,51,126,89980000,77924
0,8998,89980000,89980100,51,126,89990000,77934
0,8999,89990000,89990100,51,126,90000000,77940
0,9,90000,90100,51,126,100000,74
0,90,900000,900100,51,126,910000,777
0,900,9000000,9000100,51,126,9010000,7794
0,9000,90000000,90000100,51,126,90010000,77953
0,9001,90010000,90010100,51,126,90020000,77959
0,9002,90020000,90020100,51,126,90030000,77968
0,9003,90030000,90030100,51,126,90040000,77977
0,9004,90040000,90040100,51,126,90050000,77985
0,9005,90050000,90050100,51,126,90060000,77994
0,9006,90060000,90060100,51,126,90070000,78004
0,9007,90070000,90070100,51,126,90080000,78010
0,9008,90080000,90080100,51,126,90090000,78019
0,9009,90090000,90090100,51,126,90100000,78030
0,901,9010000,9010100,51,126,9020000,7800
0,9010,90100000,90100100,51,126,90110000,78038
0,9011,90110000,90110100,51,126,90120000,78044
0,9012,90120000,90120100,51,126,90130000,78057
0,9013,90130000,90130100,51,126,90140000,78063
0,9014,90140000,90140100,51,126,90150000,78071
0,9015,90150000,90150100,51,126,90160000,78080
0,9016,90160000,90160100,51,126,90170000,78091
0,9017,90170000,90170100,51,126,90180000,78097
0,9018,90180000,90180100,51,126,90190000,78107
0,9019,90190000,90190100,51,126,90200000,78115
0,902,9020000,9020100,51,126,9030000,7808
0,9020,90200000,90200100,51,126,90210000,78125
0,9021,90210000,90210100,51,126,90220000,78133
0,9022,90220000,90220100,51,126,90230000,78140
0,9023,90230000,90230100,51,126,90240000,78148
0,9024,90240000,90240100,51,126,90250000,78160
0,9025,90250000,90250100,51,126,90260000,78168
0,9026,90260000,90260100,51,126,90270000,78177
0,9027,90270000,90270100,51,126,90280000,78185
0,9028,90280000,90280100,51,126,90290000,78193
0,9029,90290000,90290100,51,126,90300000,78199
0,903,9030000,9030100,51,126,9040000,7818
0,9030,90300000,90300100,51,126,90310000,78212
0,9031,90310000,90310100,51,126,90320000,78219
0,9032,90320000,90320100,51,126,90330000,78228
0,9033,90330000,90330100,51,126,90340000,78238
0,9034,90340000,90340100,51,126,90350000,78245
0,9035,90350000,90350100,51,126,90360000,78252
0,9036,90360000,90360100,51,126,90370000,78264
0,9037,90370000,90370100,51,126,90380000,78272
0,9038,90380000,90380100,51,126,90390000,78279
0,9039,90390000,90390100,51,126,90400000,78287
0,904,9040000,9040100,51,126,9050000,7827
0,9040,90400000,90400100,51,126,90410000,78299
0,9041,90410000,90410100,51,126,90420000,78305
0,9042,90420000,90420100,51,126,90430000,78316
0,9043,90430000,90430100,51,126,90440000,78322
0,9044,90440000,90440100,51,126,90450000,78332
0,9045,90450000,90450100,51,126,90460000,78341
0,9046,90460000,90460100,51,126,90470000,78348
0,9047,90470000,90470100,51,126,90480000,78357
0,9048,90480000,90480100,51,126,90490000,78369
0,9049,90490000,90490100,51,126,90500000,78375
0,905,9050000,9050100,51,126,9060000,7834
0,9050,90500000,90500100,51,126,90510000,78383
0,9051,90510000,90510100,51,126,90520000,78393
0,9052,90520000,90520100,51,126,90530000,78401
0,9053,90530000,90530100,51,126,90540000,78408
0,9054,90540000,90540100,51,126,90550000,78420
0,9055,90550000,90550100,51,126,90560000,78427
0,9056,90560000,90560100,51,126,90570000,78436
0,9057,90570000,90570100,51,126,90580000,78444
0,9058,90580000,90580100,51,126,90590000,78454
0,9059,90590000,90590100,51,126,90600000,78460
0,906,9060000,9060100,51,126,9070000,7846
0,9060,90600000,90600100,51,126,90610000,78472
0,9061,90610000,90610100,51,126,90620000,78480
0,9062,90620000,90620100,51,126,90630000,78487
0,9063,90630000,90630100,51,126,90640000,78495
0,9064,90640000,90640100,51,126,90650000,78505
0,9065,90650000,90650100,51,126,90660000,78514
0,9066,90660000,90660100,51,126,90670000,78524
0,9067,90670000,90670100,51,126,90680000,78530
0,9068,90680000,90680100,51,126,90690000,78540
0,9069,90690000,90690100,51,126,90700000,78549
0,907,9070000,9070100,51,126,9080000,7853
0,9070,90700000,90700100,51,126,90710000,78557
0,9071,90710000,90710100,51,126,90720000,78563
0,9072,90720000,90720100,51,126,90730000,78577
0,9073,90730000,90730100,51,126,90740000,78583
0,9074,90740000,90740100,51,126,90750000,78590
0,9075,90750000,90750100,51,126,90760000,78602
0,9076,90760000,90760100,51,126,90770000,78610
0,9077,90770000,90770100,51,126,90780000,78616
0,9078,90780000,90780100,51,126,90790000,78626
0,9079,90790000,90790100,51,126,90800000,78634
0,908,9080000,9080100,51,126,9090000,7861
0,9080,90800000,90800100,51,126,90810000,78645
0,9081,90810000,90810100,51,126,90820000,78653
0,9082,90820000,90820100,51,126,90830000,78662
0,9083,90830000,90830100,51,126,90840000,78668
0,9084,90840000,90840100,51,126,90850000,78679
0,9085,90850000,90850100,51,126,90860000,78686
0,9086,90860000,90860100,51,126,90870000,78696
0,9087,90870000,90870100,51,126,90880000,78704
0,9088,90880000,90880100,51,126,90890000,78713
0,9089,90890000,90890100,51,126,90900000,78721
0,909,9090000,9090100,51,126,9100000,7869
0,9090,90900000,90900100,51,126,90910000,78732
0,9091,90910000,90910100,51,126,90920000,78739
0,9092,90920000,90920100,51,126,90930000,78747
0,9093,90930000,90930100,51,126,90940000,78757
0,9094,90940000,90940100,51,126,90950000,78764
0,9095,90950000,90950100,51,126,90960000,78771
0,9096,90960000,90960100,51,126,90970000,78785
0,9097,90970000,90970100,51,126,90980000,78792
0,9098,90980000,90980100,51,126,90990000,78799
0,9099,90990000,90990100,51,126,91000000,78807
0,91,910000,910100,51,126,920000,785
0,910,9100000,9100100,51,126,9110000,7879
0,9100,91000000,91000100,51,126,91010000,78818
0,9101,91010000,91010100,51,126,91020000,78824
0,9102,91020000,91020100,51,126,91030000,78835
0,9103,91030000,91030100,51,126,91040000,78843
0,9104,91040000,91040100,51,126,91050000,78852
0,9105,91050000,91050100,51,126,91060000,78861
0,9106,91060000,91060100,51,126,91070000,78868
0,9107,91070000,91070100,51,126,91080000,78876
0,9108,91080000,91080100,51,126,91090000,78888
0,9109,91090000,91090100,51,126,91100000,78894
0,911,9110000,9110100,51,126,9120000,7885
0,9110,91100000,91100100,51,126,91110000,78904
0,9111,91110000,91110100,51,126,91120000,78912
0,9112,91120000,91120100,51,126,91130000,78921
0,9113,91130000,91130100,51,126,91140000,78928
0,9114,91140000,91140100,51,126,91150000,78940
0,9115,91150000,91150100,51,126,91160000,78947
0,9116,91160000,91160100,51,126,91170000,78955
0,9117,91170000,91170100,51,126,91180000,78965
0,9118,91180000,91180100,51,126,91190000,78972
0,9119,91190000,91190100,51,126,91200000,78979
0,912,9120000,9120100,51,126,9130000,7897
0,9120,91200000,91200100,51,126,91210000,78992
0,9121,91210000,91210100,51,126,91220000,79000
0,9122,91220000,91220100,51,126,91230000,79007
0,9123,91230000,91230100,51,126,91240000,79015
0,9124,91240000,91240100,51,126,91250000,79026
0,9125,91250000,91250100,51,126,91260000,79033
0,9126,91260000,91260100,51,126,91270000,79043
0,9127,91270000,91270100,51,126,91280000,79049
0,9128,91280000,91280100,51,126,91290000,79060
0,9129,91290000,91290100,51,126,91300000,79068
0,913,9130000,9130100,51,126,9140000,7906
0,9130,91300000,91300100,51,126,91310000,79077
0,9131,91310000,91310100,51,126,91320000,79085
0,9132,91320000,91320100,51,126,91330000,79096
0,9133,91330000,91330100,51,126,91340000,79102
0,9134,91340000,91340100,51,126,91350000,79109
0,9135,91350000,91350100,51,126,91360000,79121
0,9136,91360000,91360100,51,126,91370000,79130
0,9137,91370000,91370100,51,126,91380000,79136
0,9138,91380000,91380100,51,126,91390000,79148
0,9139,91390000,91390100,51,126,91400000,79154
0,914,9140000,9140100,51,126,9150000,7913
0,9140,91400000,91400100,51,126,91410000,79163
0,9141,91410000,91410100,51,126,91420000,79172
0,9142,91420000,91420100,51,126,91430000,79181
0,9143,91430000,91430100,51,126,91440000,79187
0,9144,91440000,91440100,51,126,91450000,79199
0,9145,91450000,91450100,51,126,91460000,79208
0,9146,91460000,91460100,51,126,91470000,79216
0,9147,91470000,91470100,51,126,91480000,79224
0,9148,91480000,91480100,51,126,91490000,79232
0,9149,91490000,91490100,51,126,91500000,79240
0,915,9150000,9150100,51,126,9160000,7922
0,9150,91500000,91500100,51,126,91510000,79251
0,9151,91510000,91510100,51,126,91520000,79257
0,9152,91520000,91520100,51,126,91530000,79269
0,9153,91530000,91530100,51,126,91540000,79277
0,9154,91540000,91540100,51,126,91550000,79284
0,9155,91550000,91550100,51,126,91560000,79291
0,9156,91560000,91560100,51,126,91570000,79304
0,9157,91570000,91570100,51,126,91580000,79311
0,9158,91580000,91580100,51,126,91590000,79318
0,9159,91590000,91590100,51,126,91600000,79328
0,916,9160000,9160100,51,126,9170000,7930
0,9160,91600000,91600100,51,126,91610000,79338
0,9161,91610000,91610100,51,126,91620000,79344
0,9162,91620000,91620100,51,126,91630000,79354
0,9163,91630000,91630100,51,126,91640000,79363
0,9164,91640000,91640100,51,126,91650000,79371
0,9165,91650000,91650100,51,126,91660000,79380
0,9166,91660000,91660100,51,126,91670000,79389
0,9167,91670000,91670100,51,126,91680000,79395
0,9168,91680000,91680100,51,126,91690000,79408
0,9169,91690000,91690100,51,126,91700000,79414
0,917,9170000,9170100,51,126,9180000,7938
0,9170,91700000,91700100,51,126,91710000,79424
0,9171,91710000,91710100,51,126,91720000,79432
0,9172,91720000,91720100,51,126,91730000,79440
0,9173,91730000,91730100,51,126,91740000,79448
0,9174,91740000,91740100,51,126,91750000,79459
0,9175,91750000,91750100,51,126,91760000,79466
0,9176,91760000,91760100,51,126,91770000,79475
0,9177,91770000,91770100,51,126,91780000,79485
0,9178,91780000,91780100,51,126,91790000,79492
0,9179,91790000,91790100,51,126,91800000,79499
0,918,9180000,9180100,51,126,9190000,7949
0,9180,91800000,91800100,51,126,91810000,79513
0,9181,91810000,91810100,51,126,91820000,79519
0,9182,91820000,91820100,51,126,91830000,79526
0,9183,91830000,91830100,51,126,91840000,79534
0,9184,91840000,91840100,51,126,91850000,79545
0,9185,91850000,91850100,51,126,91860000,79553
0,9186,91860000,91860100,51,126,91870000,79563
0,9187,91870000,91870100,51,126,91880000,79571
0,9188,91880000,91880100,51,126,91890000,79579
0,9189,91890000,91890100,51,126,91900000,79587
0,919,9190000,9190100,51,126,9200000,7955
0,9190,91900000,91900100,51,126,91910000,79596
0,9191,91910000,91910100,51,126,91920000,79604
0,9192,91920000,91920100,51,126,91930000,79616
0,9193,91930000,91930100,51,126,91940000,79622
0,9194,91940000,91940100,51,126,91950000,79631
0,9195,91950000,91950100,51,126,91960000,79640
0,9196,91960000,91960100,51,126,91970000,79649
0,9197,91970000,91970100,51,126,91980000,79655
0,9198,91980000,91980100,51,126,91990000,79667
0,9199,91990000,91990100,51,126,92000000,79673
0,92,920000,920100,51,126,930000,793
0,920,9200000,9200100,51,126,9210000,7967
0,9200,92000000,92000100,51,126,92010000,79683
0,9201,92010000,92010100,51,126,92020000,79694
0,9202,92020000,92020100,51,126,92030000,79701
0,9203,92030000,92030100,51,126,92040000,79707
0,9204,92040000,92040100,51,126,92050000,79718
0,9205,92050000,92050100,51,126,92060000,79727
0,9206,92060000,92060100,51,126,92070000,79734
0,9207,92070000,92070100,51,126,92080000,79743
0,9208,92080000,92080100,51,126,92090000,79754
0,9209,92090000,92090100,51,126,92100000,79760
0,921,9210000,9210100,51,126,9220000,7975
0,9210,92100000,92100100,51,126,92110000,79771
0,9211,92110000,92110100,51,126,92120000,79777
0,9212,92120000,92120100,51,126,92130000,79788
0,9213,92130000,92130100,51,126,92140000,79796
0,9214,92140000,92140100,51,126,92150000,79803
0,9215,92150000,92150100,51,126,92160000,79812
0,9216,92160000,92160100,51,126,92170000,79824
0,9217,92170000,92170100,51,126,92180000,79830
0,9218,92180000,92180100,51,126,92190000,79838
0,9219,92190000,92190100,51,126,92200000,79848
0,922,9220000,9220100,51,126,9230000,7982
0,9220,92200000,92200100,51,126,92210000,79857
0,9221,92210000,92210100,51,126,92220000,79863
0,9222,92220000,92220100,51,126,92230000,79875
0,9223,92230000,92230100,51,126,92240000,79882
0,9224,92240000,92240100,51,126,92250000,79891
0,9225,92250000,92250100,51,126,92260000,79900
0,9226,92260000,92260100,51,126,92270000,79909
0,9227,92270000,92270100,51,126,92280000,79915
0,9228,92280000,92280100,51,126,92290000,79926
0,9229,92290000,92290100,51,126,92300000,79935
0,923,9230000,9230100,51,126,9240000,7988
0,9230,92300000,92300100,51,126,92310000,79943
0,9231,92310000,92310100,51,126,92320000,79951
0,9232,92320000,92320100,51,126,92330000,79960
0,9233,92330000,92330100,51,126,92340000,79968
0,9234,92340000,92340100,51,126,92350000,79979
0,9235,92350000,92350100,51,126,92360000,79986
0,9236,92360000,92360100,51,126,92370000,79996
0,9237,92370000,92370100,51,126,92380000,80004
0,9238,92380000,92380100,51,126,92390000,80011
0,9239,92390000,92390100,51,126,92400000,80017
0,924,9240000,9240100,51,126,9250000,8002
0,925,9250000,9250100,51,126,9260000,8009
0,926,9260000,9260100,51,126,9270000,8016
0,927,9270000,9270100,51,126,9280000,8026
0,928,9280000,9280100,51,126,9290000,8035
0,929,9290000,9290100,51,126,9300000,8042
0,93,930000,930100,51,126,940000,802
0,930,9300000,9300100,51,126,9310000,8053
0,931,9310000,9310100,51,126,9320000,8061
0,932,9320000,9320100,51,126,9330000,8069
0,933,9330000,9330100,51,126,9340000,8077
0,934,9340000,9340100,51,126,9350000,8086
0,935,9350000,9350100,51,126,9360000,8094
0,936,9360000,9360100,51,126,9370000,8106
0,937,9370000,9370100,51,126,9380000,8112
0,938,9380000,9380100,51,126,9390000,8121
0,939,9390000,9390100,51,126,9400000,8129
0,94,940000,940100,51,126,950000,811
0,940,9400000,9400100,51,126,9410000,8139
0,941,9410000,9410100,51,126,9420000,8147
0,942,9420000,9420100,51,126,9430000,8157
0,943,9430000,9430100,51,126,9440000,8163
0,944,9440000,9440100,51,126,9450000,8172
0,945,9450000,9450100,51,126,9460000,8183
0,946,9460000,9460100,51,126,9470000,8191
0,947,9470000,9470100,51,126,9480000,8197
0,948,9480000,9480100,51,126,9490000,8210
0,949,9490000,9490100,51,126,9500000,8216
0,95,950000,950100,51,126,960000,818
0,950,9500000,9500100,51,126,9510000,8224
0,951,9510000,9510100,51,126,9520000,8233
0,952,9520000,9520100,51,126,9530000,8244
0,953,9530000,9530100,51,126,9540000,8250
0,954,9540000,9540100,51,126,9550000,8260
0,955,9550000,9550100,51,126,9560000,8269
0,956,9560000,9560100,51,126,9570000,8277
0,957,9570000,9570100,51,126,9580000,8286
0,958,9580000,9580100,51,126,9590000,8293
0,959,9590000,9590100,51,126,9600000,8301
0,96,960000,960100,51,126,970000,830
0,960,9600000,9600100,51,126,9610000,8314
0,961,9610000,9610100,51,126,9620000,8320
0,962,9620000,9620100,51,126,9630000,8330
0,963,9630000,9630100,51,126,9640000,8338
0,964,9640000,9640100,51,126,9650000,8346
0,965,9650000,9650100,51,126,9660000,8353
0,966,9660000,9660100,51,126,9670000,8365
0,967,9670000,9670100,51,126,9680000,8371
0,968,9680000,9680100,51,126,9690000,8381
0,969,9690000,9690100,51,126,9700000,8391
0,97,970000,970100,51,126,980000,836
0,970,9700000,9700100,51,126,9710000,8399
0,971,9710000,9710100,51,126,9720000,8405
0,972,9720000,9720100,51,126,9730000,8416
0,973,9730000,9730100,51,126,9740000,8425
0,974,9740000,9740100,51,126,9750000,8432
0,975,9750000,9750100,51,126,9760000,8441
0,976,9760000,9760100,51,126,9770000,8452
0,977,9770000,9770100,51,126,9780000,8458
0,978,9780000,9780100,51,126,9790000,8468
0,979,9790000,9790100,51,126,9800000,8475
0,98,980000,980100,51,126,990000,845
0,980,9800000,9800100,51,126,9810000,8486
0,981,9810000,9810100,51,126,9820000,8494
0,982,9820000,9820100,51,126,9830000,8501
0,983,9830000,9830100,51,126,9840000,8509
0,984,9840000,9840100,51,126,9850000,8522
0,985,9850000,9850100,51,126,9860000,8529
0,986,9860000,9860100,51,126,9870000,8536
0,987,9870000,9870100,51,126,9880000,8546
0,988,9880000,9880100,51,126,9890000,8554
0,989,9890000,9890100,51,126,9900000,8560
0,99,990000,990100,51,126,1000000,854
0,990,9900000,9900100,51,126,9910000,8574
0,991,9910000,9910100,51,126,9920000,8580
0,992,9920000,9920100,51,126,9930000,8589
0,993,9930000,9930100,51,126,9940000,8597
0,994,9940000,9940100,51,126,9950000,8606
0,995,9950000,9950100,51,126,9960000,8614
0,996,9960000,9960100,51,126,9970000,8625
0,997,9970000,9970100,51,126,9980000,8633
0,998,9980000,9980100,51,126,9990000,8640
0,999,9990000,9990100,51,126,10000000,8648
1,0,0,100,1836,4590,10000,1
1,1,10000,10100,1836,4590,20000,7
1,10,100000,100100,1836,4590,110000,85
1,100,1000000,1000100,1836,4590,1010000,864
1,1000,10000000,10000100,1836,4590,10010000,8659
1,1001,10010000,10010100,1836,4590,10020000,8668
1,1002,10020000,10020100,1836,4590,10030000,8678
1,1003,10030000,10030100,1836,4590,10040000,8684
1,1004,10040000,10040100,1836,4590,10050000,8694
1,1005,10050000,10050100,1836,4590,10060000,8703
1,1006,10060000,10060100,1836,4590,10070000,8711
1,1007,10070000,10070100,1836,4590,10080000,8717
1,1008,10080000,10080100,1836,4590,10090000,8731
1,1009,10090000,10090100,1836,4590,10100000,8737
1,101,1010000,1010100,1836,4590,1020000,872
1,1010,10100000,10100100,1836,4590,10110000,8745
1,1011,10110000,10110100,1836,4590,10120000,8755
1,1012,10120000,10120100,1836,4590,10130000,8764
1,1013,10130000,10130100,1836,4590,10140000,8770
1,1014,10140000,10140100,1836,4590,10150000,8780
1,1015,10150000,10150100,1836,4590,10160000,8789
1,1016,10160000,10160100,1836,4590,10170000,8798
1,1017,10170000,10170100,1836,4590,10180000,8807
1,1018,10180000,10180100,1836,4590,10190000,8816
1,1019,10190000,10190100,1836,4590,10200000,8822
1,102,1020000,1020100,1836,4590,1030000,882
1,1020,10200000,10200100,1836,4590,10210000,8834
1,1021,10210000,10210100,1836,4590,10220000,8840
1,1022,10220000,10220100,1836,4590,10230000,8849
1,1023,10230000,10230100,1836,4590,10240000,8858
1,1024,10240000,10240100,1836,4590,10250000,8867
1,1025,10250000,10250100,1836,4590,10260000,8876
1,1026,10260000,10260100,1836,4590,10270000,8886
1,1027,10270000,10270100,1836,4590,10280000,8892
1,1028,10280000,10280100,1836,4590,10290000,8901
1,1029,10290000,10290100,1836,4590,10300000,8911
1,103,1030000,1030100,1836,4590,1040000,888
1,1030,10300000,10300100,1836,4590,10310000,8919
1,1031,10310000,10310100,1836,4590,10320000,8925
1,1032,10320000,10320100,1836,4590,10330000,8939
1,1033,10330000,10330100,1836,4590,10340000,8945
1,1034,10340000,10340100,1836,4590,10350000,8953
1,1035,10350000,10350100,1836,4590,10360000,8962
1,1036,10360000,10360100,1836,4590,10370000,8972
1,1037,10370000,10370100,1836,4590,10380000,8978
1,1038,10380000,10380100,1836,4590,10390000,8988
1,1039,10390000,10390100,1836,4590,10400000,8997
1,104,1040000,1040100,1836,4590,1050000,898
1,1040,10400000,10400100,1836,4590,10410000,9007
1,1041,10410000,10410100,1836,4590,10420000,9015
1,1042,10420000,10420100,1836,4590,10430000,9022
1,1043,10430000,10430100,1836,4590,10440000,9030
1,1044,10440000,10440100,1836,4590,10450000,9041
1,1045,10450000,10450100,1836,4590,10460000,9049
1,1046,10460000,10460100,1836,4590,10470000,9058
1,1047,10470000,10470100,1836,4590,10480000,9066
1,1048,10480000,10480100,1836,4590,10490000,9075
1,1049,10490000,10490100,1836,4590,10500000,9081
1,105,1050000,1050100,1836,4590,1060000,909
1,1050,10500000,10500100,1836,4590,10510000,9095
1,1051,10510000,10510100,1836,4590,10520000,9101
1,1052,10520000,10520100,1836,4590,10530000,9109
1,1053,10530000,10530100,1836,4590,10540000,9119
1,1054,10540000,10540100,1836,4590,10550000,9126
1,1055,10550000,10550100,1836,4590,10560000,9133
1,1056,10560000,10560100,1836,4590,10570000,9146
1,1057,10570000,10570100,1836,4590,10580000,9154
1,1058,10580000,10580100,1836,4590,10590000,9161
1,1059,10590000,10590100,1836,4590,10600000,9169
1,106,1060000,1060100,1836,4590,1070000,916
1,1060,10600000,10600100,1836,4590,10610000,9180
1,1061,10610000,10610100,1836,4590,10620000,9187
1,1062,10620000,10620100,1836,4590,10630000,9197
1,1063,10630000,10630100,1836,4590,10640000,9203
1,1064,10640000,10640100,1836,4590,10650000,9214
1,1065,10650000,10650100,1836,4590,10660000,9223
1,1066,10660000,10660100,1836,4590,10670000,9230
1,1067,10670000,10670100,1836,4590,10680000,9239
1,1068,10680000,10680100,1836,4590,10690000,9250
1,1069,10690000,10690100,1836,4590,10700000,9256
1,107,1070000,1070100,1836,4590,1080000,922
1,1070,10700000,10700100,1836,4590,10710000,9264
1,1071,10710000,10710100,1836,4590,10720000,9274
1,1072,10720000,10720100,1836,4590,10730000,9284
1,1073,10730000,10730100,1836,4590,10740000,9290
1,1074,10740000,10740100,1836,4590,10750000,9302
1,1075,10750000,10750100,1836,4590,10760000,9309
1,1076,10760000,10760100,1836,4590,10770000,9317
1,1077,10770000,10770100,1836,4590,10780000,9325
1,1078,10780000,10780100,1836,4590,10790000,9335
1,1079,10790000,10790100,1836,4590,10800000,9341
1,108,1080000,1080100,1836,4590,1090000,935
1,1080,10800000,10800100,1836,4590,10810000,9354
1,1081,10810000,10810100,1836,4590,10820000,9362
1,1082,10820000,10820100,1836,4590,10830000,9369
1,1083,10830000,10830100,1836,4590,10840000,9378
1,1084,10840000,10840100,1836,4590,10850000,9386
1,1085,10850000,10850100,1836,4590,10860000,9395
1,1086,10860000,10860100,1836,4590,10870000,9405
1,1087,10870000,10870100,1836,4590,10880000,9411
1,1088,10880000,10880100,1836,4590,10890000,9422
1,1089,10890000,10890100,1836,4590,10900000,9431
1,109,1090000,1090100,1836,4590,1100000,941
1,1090,10900000,10900100,1836,4590,10910000,9439
1,1091,10910000,10910100,1836,4590,10920000,9445
1,1092,10920000,10920100,1836,4590,10930000,9458
1,1093,10930000,10930100,1836,4590,10940000,9464
1,1094,10940000,10940100,1836,4590,10950000,9472
1,1095,10950000,10950100,1836,4590,10960000,9483
1,1096,10960000,10960100,1836,4590,10970000,9492
1,1097,10970000,10970100,1836,4590,10980000,9498
1,1098,10980000,10980100,1836,4590,10990000,9508
1,1099,10990000,10990100,1836,4590,11000000,9516
1,11,110000,110100,1836,4590,120000,92
1,110,1100000,1100100,1836,4590,1110000,950
1,1100,11000000,11000100,1836,4590,11010000,9526
1,1101,11010000,11010100,1836,4590,11020000,9534
1,1102,11020000,11020100,1836,4590,11030000,9543
1,1103,11030000,11030100,1836,4590,11040000,9549
1,1104,11040000,11040100,1836,4590,11050000,9561
1,1105,11050000,11050100,1836,4590,11060000,9569
1,1106,11060000,11060100,1836,4590,11070000,9578
1,1107,11070000,11070100,1836,4590,11080000,9586
1,1108,11080000,11080100,1836,4590,11090000,9594
1,1109,11090000,11090100,1836,4590,11100000,9602
1,111,1110000,1110100,1836,4590,1120000,958
1,1110,11100000,11100100,1836,4590,11110000,9613
1,1111,11110000,11110100,1836,4590,11120000,9620
1,1112,11120000,11120100,1836,4590,11130000,9629
1,1113,11130000,11130100,1836,4590,11140000,9639
1,1114,11140000,11140100,1836,4590,11150000,9646
1,1115,11150000,11150100,1836,4590,11160000,9653
1,1116,11160000,11160100,1836,4590,11170000,9667
1,1117,11170000,11170100,1836,4590,11180000,9673
1,1118,11180000,11180100,1836,4590,11190000,9680
1,1119,11190000,11190100,1836,4590,11200000,9688
1,112,1120000,1120100,1836,4590,1130000,969
1,1120,11200000,11200100,1836,4590,11210000,9700
1,1121,11210000,11210100,1836,4590,11220000,9706
1,1122,11220000,11220100,1836,4590,11230000,9717
1,1123,11230000,11230100,1836,4590,11240000,9725
1,1124,11240000,11240100,1836,4590,11250000,9733
1,1125,11250000,11250100,1836,4590,11260000,9742
1,1126,11260000,11260100,1836,4590,11270000,9749
1,1127,11270000,11270100,1836,4590,11280000,9758
1,1128,11280000,11280100,1836,4590,11290000,9770
1,1129,11290000,11290100,1836,4590,11300000,9776
1,113,1130000,1130100,1836,4590,1140000,975
1,1130,11300000,11300100,1836,4590,11310000,9786
1,1131,11310000,11310100,1836,4590,11320000,9794
1,1132,11320000,11320100,1836,4590,11330000,9802
1,1133,11330000,11330100,1836,4590,11340000,9809
1,1134,11340000,11340100,1836,4590,11350000,9821
1,1135,11350000,11350100,1836,4590,11360000,9828
1,1136,11360000,11360100,1836,4590,11370000,9837
1,1137,11370000,11370100,1836,4590,11380000,9847
1,1138,11380000,11380100,1836,4590,11390000,9855
1,1139,11390000,11390100,1836,4590,11400000,9861
1,114,1140000,1140100,1836,4590,1150000,985
1,1140,11400000,11400100,1836,4590,11410000,9873
1,1141,11410000,11410100,1836,4590,11420000,9881
1,1142,11420000,11420100,1836,4590,11430000,9888
1,1143,11430000,11430100,1836,4590,11440000,9896
1,1144,11440000,11440100,1836,4590,11450000,9908
1,1145,11450000,11450100,1836,4590,11460000,9915
1,1146,11460000,11460100,1836,4590,11470000,9925
1,1147,11470000,11470100,1836,4590,11480000,9931
1,1148,11480000,11480100,1836,4590,11490000,9941
1,1149,11490000,11490100,1836,4590,11500000,9950
1,115,1150000,1150100,1836,4590,1160000,995
1,1150,11500000,11500100,1836,4590,11510000,9958
1,1151,11510000,11510100,1836,4590,11520000,9966
1,1152,11520000,11520100,1836,4590,11530000,9978
1,1153,11530000,11530100,1836,4590,11540000,9984
1,1154,11540000,11540100,1836,4590,11550000,9991
1,1155,11550000,11550100,1836,4590,11560000,10003
1,1156,11560000,11560100,1836,4590,11570000,10011
1,1157,11570000,11570100,1836,4590,11580000,10017
1,1158,11580000,11580100,1836,4590,11590000,10029
1,1159,11590000,11590100,1836,4590,11600000,10035
1,116,1160000,1160100,1836,4590,1170000,1003
1,1160,11600000,11600100,1836,4590,11610000,10046
1,1161,11610000,11610100,1836,4590,11620000,10054
1,1162,11620000,11620100,1836,4590,11630000,10063
1,1163,11630000,11630100,1836,4590,11640000,10069
1,1164,11640000,11640100,1836,4590,11650000,10080
1,1165,11650000,11650100,1836,4590,11660000,10089
1,1166,11660000,11660100,1836,4590,11670000,10097
1,1167,11670000,11670100,1836,4590,11680000,10105
1,1168,11680000,11680100,1836,4590,11690000,10114
1,1169,11690000,11690100,1836,4590,11700000,10122
1,117,1170000,1170100,1836,4590,1180000,1011
1,1170,11700000,11700100,1836,4590,11710000,10133
1,1171,11710000,11710100,1836,4590,11720000,10140
1,1172,11720000,11720100,1836,4590,11730000,10150
1,1173,11730000,11730100,1836,4590,11740000,10158
1,1174,11740000,11740100,1836,4590,11750000,10165
1,1175,11750000,11750100,1836,4590,11760000,10172
1,1176,11760000,11760100,1836,4590,11770000,10186
1,1177,11770000,11770100,1836,4590,11780000,10193
1,1178,11780000,11780100,1836,4590,11790000,10200
1,1179,11790000,11790100,1836,4590,11800000,10210
1,118,1180000,1180100,1836,4590,1190000,1018
1,1180,11800000,11800100,1836,4590,11810000,10219
1,1181,11810000,11810100,1836,4590,11820000,10225
1,1182,11820000,11820100,1836,4590,11830000,10236
1,1183,11830000,11830100,1836,4590,11840000,10244
1,1184,11840000,11840100,1836,4590,11850000,10253
1,1185,11850000,11850100,1836,4590,11860000,10262
1,1186,11860000,11860100,1836,4590,11870000,10271
1,1187,11870000,11870100,1836,4590,11880000,10277
1,1188,11880000,11880100,1836,4590,11890000,10289
1,1189,11890000,11890100,1836,4590,11900000,10295
1,119,1190000,1190100,1836,4590,1200000,1026
1,1190,11900000,11900100,1836,4590,11910000,10305
1,1191,11910000,11910100,1836,4590,11920000,10313
1,1192,11920000,11920100,1836,4590,11930000,10322
1,1193,11930000,11930100,1836,4590,11940000,10331
1,1194,11940000,11940100,1836,4590,11950000,10341
1,1195,11950000,11950100,1836,4590,11960000,10348
1,1196,11960000,11960100,1836,4590,11970000,10356
1,1197,11970000,11970100,1836,4590,11980000,10366
1,1198,11980000,11980100,1836,4590,11990000,10373
1,1199,11990000,11990100,1836,4590,12000000,10380
1,12,120000,120100,1836,4590,130000,103
1,120,1200000,1200100,1836,4590,1210000,1039
1,1200,12000000,12000100,1836,4590,12010000,10395
1,1201,12010000,12010100,1836,4590,12020000,10401
1,1202,12020000,12020100,1836,4590,12030000,10408
1,1203,12030000,12030100,1836,4590,12040000,10416
1,1204,12040000,12040100,1836,4590,12050000,10427
1,1205,12050000,12050100,1836,4590,12060000,10434
1,1206,12060000,12060100,1836,4590,12070000,10444
1,1207,12070000,12070100,1836,4590,12080000,10452
1,1208,12080000,12080100,1836,4590,12090000,10461
1,1209,12090000,12090100,1836,4590,12100000,10469
1,121,1210000,1210100,1836,4590,1220000,1046
1,1210,12100000,12100100,1836,4590,12110000,10478
1,1211,12110000,12110100,1836,4590,12120000,10486
1,1212,12120000,12120100,1836,4590,12130000,10497
1,1213,12130000,12130100,1836,4590,12140000,10503
1,1214,12140000,12140100,1836,4590,12150000,10512
1,1215,12150000,12150100,1836,4590,12160000,10522
1,1216,12160000,12160100,1836,4590,12170000,10531
1,1217,12170000,12170100,1836,4590,12180000,10537
1,1218,12180000,12180100,1836,4590,12190000,10549
1,1219,12190000,12190100,1836,4590,12200000,10555
1,122,1220000,1220100,1836,4590,1230000,1055
1,1220,12200000,12200100,1836,4590,12210000,10564
1,1221,12210000,12210100,1836,4590,12220000,10575
1,1222,12220000,12220100,1836,4590,12230000,10582
1,1223,12230000,12230100,1836,4590,12240000,10588
1,1224,12240000,12240100,1836,4590,12250000,10600
1,1225,12250000,12250100,1836,4590,12260000,10609
1,1226,12260000,12260100,1836,4590,12270000,10617
1,1227,12270000,12270100,1836,4590,12280000,10625
1,1228,12280000,12280100,1836,4590,12290000,10635
1,1229,12290000,12290100,1836,4590,12300000,10641
1,123,1230000,1230100,1836,4590,1240000,1063
1,1230,12300000,12300100,1836,4590,12310000,10652
1,1231,12310000,12310100,1836,4590,12320000,10658
1,1232,12320000,12320100,1836,4590,12330000,10670
1,1233,12330000,12330100,1836,4590,12340000,10678
1,1234,12340000,12340100,1836,4590,12350000,10685
1,1235,12350000,12350100,1836,4590,12360000,10694
1,1236,12360000,12360100,1836,4590,12370000,10705
1,1237,12370000,12370100,1836,4590,12380000,10712
1,1238,12380000,12380100,1836,4590,12390000,10719
1,1239,12390000,12390100,1836,4590,12400000,10729
1,124,1240000,1240100,1836,4590,1250000,1071
1,1240,12400000,12400100,1836,4590,12410000,10739
1,1241,12410000,12410100,1836,4590,12420000,10745
1,1242,12420000,12420100,1836,4590,12430000,10757
1,1243,12430000,12430100,1836,4590,12440000,10764
1,1244,12440000,12440100,1836,4590,12450000,10772
1,1245,12450000,12450100,1836,4590,12460000,10781
1,1246,12460000,12460100,1836,4590,12470000,10790
1,1247,12470000,12470100,1836,4590,12480000,10796
1,1248,12480000,12480100,1836,4590,12490000,10809
1,1249,12490000,12490100,1836,4590,12500000,10817
1,125,1250000,1250100,1836,4590,1260000,1078
1,1250,12500000,12500100,1836,4590,12510000,10825
1,1251,12510000,12510100,1836,4590,12520000,10833
1,1252,12520000,12520100,1836,4590,12530000,10841
1,1253,12530000,12530100,1836,4590,12540000,10849
1,1254,12540000,12540100,1836,4590,12550000,10860
1,1255,12550000,12550100,1836,4590,12560000,10867
1,1256,12560000,12560100,1836,4590,12570000,10878
1,1257,12570000,12570100,1836,4590,12580000,10886
1,1258,12580000,12580100,1836,4590,12590000,10893
1,1259,12590000,12590100,1836,4590,12600000,10900
1,126,1260000,1260100,1836,4590,1270000,1091
1,1260,12600000,12600100,1836,4590,12610000,10914
1,1261,12610000,12610100,1836,4590,12620000,10920
1,1262,12620000,12620100,1836,4590,12630000,10927
1,1263,12630000,12630100,1836,4590,12640000,10937
1,1264,12640000,12640100,1836,4590,12650000,10946
1,1265,12650000,12650100,1836,4590,12660000,10954
1,1266,12660000,12660100,1836,4590,12670000,10964
1,1267,12670000,12670100,1836,4590,12680000,10972
1,1268,12680000,12680100,1836,4590,12690000,10980
1,1269,12690000,12690100,1836,4590,12700000,10988
1,127,1270000,1270100,1836,4590,1280000,1097
1,1270,12700000,12700100,1836,4590,12710000,10999
1,1271,12710000,12710100,1836,4590,12720000,11005
1,1272,12720000,12720100,1836,4590,12730000,11017
1,1273,12730000,12730100,1836,4590,12740000,11023
1,1274,12740000,12740100,1836,4590,12750000,11032
1,1275,12750000,12750100,1836,4590,12760000,11041
1,1276,12760000,12760100,1836,4590,12770000,11050
1,1277,12770000,12770100,1836,4590,12780000,11058
1,1278,12780000,12780100,1836,4590,12790000,11068
1,1279,12790000,12790100,1836,4590,12800000,11074
1,128,1280000,1280100,1836,4590,1290000,1106
1,1280,12800000,12800100,1836,4590,12810000,11084
1,1281,12810000,12810100,1836,4590,12820000,11095
1,1282,12820000,12820100,1836,4590,12830000,11102
1,1283,12830000,12830100,1836,4590,12840000,11108
1,1284,12840000,12840100,1836,4590,12850000,11121
1,1285,12850000,12850100,1836,4590,12860000,11128
1,1286,12860000,12860100,1836,4590,12870000,11135
1,1287,12870000,12870100,1836,4590,12880000,11144
1,1288,12880000,12880100,1836,4590,12890000,11155
1,1289,12890000,12890100,1836,4590,12900000,11161
1,129,1290000,1290100,1836,4590,1300000,1116
1,1290,12900000,12900100,1836,4590,12910000,11172
1,1291,12910000,12910100,1836,4590,12920000,11180
1,1292,12920000,12920100,1836,4590,12930000,11189
1,1293,12930000,12930100,1836,4590,12940000,11197
1,1294,12940000,12940100,1836,4590,12950000,11204
1,1295,12950000,12950100,1836,4590,12960000,11213
1,1296,12960000,12960100,1836,4590,12970000,11225
1,1297,12970000,12970100,1836,4590,12980000,11231
1,1298,12980000,12980100,1836,4590,12990000,11241
1,1299,12990000,12990100,1836,4590,13000000,11249
1,13,130000,130100,1836,4590,140000,109
1,130,1300000,1300100,1836,4590,1310000,1124
1,1300,13000000,13000100,1836,4590,13010000,11258
1,1301,13010000,13010100,1836,4590,13020000,11264
1,1302,13020000,13020100,1836,4590,13030000,11276
1,1303,13030000,13030100,1836,4590,13040000,11283
1,1304,13040000,13040100,1836,4590,13050000,11292
1,1305,13050000,13050100,1836,4590,13060000,11303
1,1306,13060000,13060100,1836,4590,13070000,11310
1,1307,13070000,13070100,1836,4590,13080000,11316
1,1308,13080000,13080100,1836,4590,13090000,11327
1,1309,13090000,13090100,1836,4590,13100000,11336
1,131,1310000,1310100,1836,4590,1320000,1130
1,1310,13100000,13100100,1836,4590,13110000,11344
1,1311,13110000,13110100,1836,4590,13120000,11352
1,1312,13120000,13120100,1836,4590,13130000,11363
1,1313,13130000,13130100,1836,4590,13140000,11369
1,1314,13140000,13140100,1836,4590,13150000,11380
1,1315,13150000,13150100,1836,4590,13160000,11387
1,1316,13160000,13160100,1836,4590,13170000,11397
1,1317,13170000,13170100,1836,4590,13180000,11405
1,1318,13180000,13180100,1836,4590,13190000,11412
1,1319,13190000,13190100,1836,4590,13200000,11420
1,132,1320000,1320100,1836,4590,1330000,1142
1,1320,13200000,13200100,1836,4590,13210000,11434
1,1321,13210000,13210100,1836,4590,13220000,11440
1,1322,13220000,13220100,1836,4590,13230000,11447
1,1323,13230000,13230100,1836,4590,13240000,11457
1,1324,13240000,13240100,1836,4590,13250000,11465
1,1325,13250000,13250100,1836,4590,13260000,11473
1,1326,13260000,13260100,1836,4590,13270000,11485
1,1327,13270000,13270100,1836,4590,13280000,11491
1,1328,13280000,13280100,1836,4590,13290000,11500
1,1329,13290000,13290100,1836,4590,13300000,11508
1,133,1330000,1330100,1836,4590,1340000,1150
1,1330,13300000,13300100,1836,4590,13310000,11518
1,1331,13310000,13310100,1836,4590,13320000,11525
1,1332,13320000,13320100,1836,4590,13330000,11536
1,1333,13330000,13330100,1836,4590,13340000,11544
1,1334,13340000,13340100,1836,4590,13350000,11551
1,1335,13350000,13350100,1836,4590,13360000,11560
1,1336,13360000,13360100,1836,4590,13370000,11570
1,1337,13370000,13370100,1836,4590,13380000,11578
1,1338,13380000,13380100,1836,4590,13390000,11588
1,1339,13390000,13390100,1836,4590,13400000,11594
1,134,1340000,1340100,1836,4590,1350000,1157
1,1340,13400000,13400100,1836,4590,13410000,11605
1,1341,13410000,13410100,1836,4590,13420000,11613
1,1342,13420000,13420100,1836,4590,13430000,11621
1,1343,13430000,13430100,1836,4590,13440000,11627
1,1344,13440000,13440100,1836,4590,13450000,11641
1,1345,13450000,13450100,1836,4590,13460000,11648
1,1346,13460000,13460100,1836,4590,13470000,11655
1,1347,13470000,13470100,1836,4590,13480000,11666
1,1348,13480000,13480100,1836,4590,13490000,11674
1,1349,13490000,13490100,1836,4590,13500000,11680
1,135,1350000,1350100,1836,4590,1360000,1166
1,1350,13500000,13500100,1836,4590,13510000,11691
1,1351,13510000,13510100,1836,4590,13520000,11699
1,1352,13520000,13520100,1836,4590,13530000,11708
1,1353,13530000,13530100,1836,4590,13540000,11717
1,1354,13540000,13540100,1836,4590,13550000,11726
1,1355,13550000,13550100,1836,4590,13560000,11733
1,1356,13560000,13560100,1836,4590,13570000,11744
1,1357,13570000,13570100,1836,4590,13580000,11750
1,1358,13580000,13580100,1836,4590,13590000,11760
1,1359,13590000,13590100,1836,4590,13600000,11768
1,136,1360000,1360100,1836,4590,1370000,1177
1,1360,13600000,13600100,1836,4590,13610000,11778
1,1361,13610000,13610100,1836,4590,13620000,11786
1,1362,13620000,13620100,1836,4590,13630000,11796
1,1363,13630000,13630100,1836,4590,13640000,11802
1,1364,13640000,13640100,1836,4590,13650000,11811
1,1365,13650000,13650100,1836,4590,13660000,11822
1,1366,13660000,13660100,1836,4590,13670000,11829
1,1367,13670000,13670100,1836,4590,13680000,11835
1,1368,13680000,13680100,1836,4590,13690000,11849
1,1369,13690000,13690100,1836,4590,13700000,11856
1,137,1370000,1370100,1836,4590,1380000,1184
1,1370,13700000,13700100,1836,4590,13710000,11864
1,1371,13710000,13710100,1836,4590,13720000,11872
1,1372,13720000,13720100,1836,4590,13730000,11882
1,1373,13730000,13730100,1836,4590,13740000,11888
1,1374,13740000,13740100,1836,4590,13750000,11898
1,1375,13750000,13750100,1836,4590,13760000,11908
1,1376,13760000,13760100,1836,4590,13770000,11917
1,1377,13770000,13770100,1836,4590,13780000,11925
1,1378,13780000,13780100,1836,4590,13790000,11932
1,1379,13790000,13790100,1836,4590,13800000,11940
1,138,1380000,1380100,1836,4590,1390000,1194
1,1380,13800000,13800100,1836,4590,13810000,11953
1,1381,13810000,13810100,1836,4590,13820000,11959
1,1382,13820000,13820100,1836,4590,13830000,11968
1,1383,13830000,13830100,1836,4590,13840000,11976
1,1384,13840000,13840100,1836,4590,13850000,11985
1,1385,13850000,13850100,1836,4590,13860000,11992
1,1386,13860000,13860100,1836,4590,13870000,12005
1,1387,13870000,13870100,1836,4590,13880000,12011
1,1388,13880000,13880100,1836,4590,13890000,12019
1,1389,13890000,13890100,1836,4590,13900000,12029
1,139,1390000,1390100,1836,4590,1400000,1200
1,1390,13900000,13900100,1836,4590,13910000,12037
1,1391,13910000,13910100,1836,4590,13920000,12044
1,1392,13920000,13920100,1836,4590,13930000,12056
1,1393,13930000,13930100,1836,4590,13940000,12064
1,1394,13940000,13940100,1836,4590,13950000,12071
1,1395,13950000,13950100,1836,4590,13960000,12080
1,1396,13960000,13960100,1836,4590,13970000,12090
1,1397,13970000,13970100,1836,4590,13980000,12097
1,1398,13980000,13980100,1836,4590,13990000,12107
1,1399,13990000,13990100,1836,4590,14000000,12113
1,14,140000,140100,1836,4590,150000,118
1,140,1400000,1400100,1836,4590,1410000,1211
1,1400,14000000,14000100,1836,4590,14010000,12125
1,1401,14010000,14010100,1836,4590,14020000,12133
1,1402,14020000,14020100,1836,4590,14030000,12141
1,1403,14030000,14030100,1836,4590,14040000,12149
1,1404,14040000,14040100,1836,4590,14050000,12160
1,1405,14050000,14050100,1836,4590,14060000,12167
1,1406,14060000,14060100,1836,4590,14070000,12174
1,1407,14070000,14070100,1836,4590,14080000,12184
1,1408,14080000,14080100,1836,4590,14090000,12194
1,1409,14090000,14090100,1836,4590,14100000,12200
1,141,1410000,1410100,1836,4590,1420000,1219
1,1410,14100000,14100100,1836,4590,14110000,12213
1,1411,14110000,14110100,1836,4590,14120000,12219
1,1412,14120000,14120100,1836,4590,14130000,12227
1,1413,14130000,14130100,1836,4590,14140000,12236
1,1414,14140000,14140100,1836,4590,14150000,12245
1,1415,14150000,14150100,1836,4590,14160000,12252
1,1416,14160000,14160100,1836,4590,14170000,12264
1,1417,14170000,14170100,1836,4590,14180000,12272
1,1418,14180000,14180100,1836,4590,14190000,12279
1,1419,14190000,14190100,1836,4590,14200000,12288
1,142,1420000,1420100,1836,4590,1430000,1226
1,1420,14200000,14200100,1836,4590,14210000,12297
1,1421,14210000,14210100,1836,4590,14220000,12305
1,1422,14220000,14220100,1836,4590,14230000,12315
1,1423,14230000,14230100,1836,4590,14240000,12321
1,1424,14240000,14240100,1836,4590,14250000,12333
1,1425,14250000,14250100,1836,4590,14260000,12342
1,1426,14260000,14260100,1836,4590,14270000,12349
1,1427,14270000,14270100,1836,4590,14280000,12355
1,1428,14280000,14280100,1836,4590,14290000,12368
1,1429,14290000,14290100,1836,4590,14300000,12374
1,143,1430000,1430100,1836,4590,1440000,1235
1,1430,14300000,14300100,1836,4590,14310000,12383
1,1431,14310000,14310100,1836,4590,14320000,12393
1,1432,14320000,14320100,1836,4590,14330000,12402
1,1433,14330000,14330100,1836,4590,14340000,12408
1,1434,14340000,14340100,1836,4590,14350000,12418
1,1435,14350000,14350100,1836,4590,14360000,12428
1,1436,14360000,14360100,1836,4590,14370000,12436
1,1437,14370000,14370100,1836,4590,14380000,12444
1,1438,14380000,14380100,1836,4590,14390000,12453
1,1439,14390000,14390100,1836,4590,14400000,12459
1,144,1440000,1440100,1836,4590,1450000,1247
1,1440,14400000,14400100,1836,4590,14410000,12472
1,1441,14410000,14410100,1836,4590,14420000,12479
1,1442,14420000,14420100,1836,4590,14430000,12488
1,1443,14430000,14430100,1836,4590,14440000,12496
1,1444,14440000,14440100,1836,4590,14450000,12504
1,1445,14450000,14450100,1836,4590,14460000,12513
1,1446,14460000,14460100,1836,4590,14470000,12524
1,1447,14470000,14470100,1836,4590,14480000,12530
1,1448,14480000,14480100,1836,4590,14490000,12539
1,1449,14490000,14490100,1836,4590,14500000,12549
1,145,1450000,1450100,1836,4590,1460000,1254
1,1450,14500000,14500100,1836,4590,14510000,12557
1,1451,14510000,14510100,1836,4590,14520000,12563
1,1452,14520000,14520100,1836,4590,14530000,12577
1,1453,14530000,14530100,1836,4590,14540000,12583
1,1454,14540000,14540100,1836,4590,14550000,12590
1,1455,14550000,14550100,1836,4590,14560000,12599
1,1456,14560000,14560100,1836,4590,14570000,12610
1,1457,14570000,14570100,1836,4590,14580000,12617
1,1458,14580000,14580100,1836,4590,14590000,12627
1,1459,14590000,14590100,1836,4590,14600000,12635
1,146,1460000,1460100,1836,4590,1470000,1261
1,1460,14600000,14600100,1836,4590,14610000,12644
1,1461,14610000,14610100,1836,4590,14620000,12652
1,1462,14620000,14620100,1836,4590,14630000,12659
1,1463,14630000,14630100,1836,4590,14640000,12668
1,1464,14640000,14640100,1836,4590,14650000,12680
1,1465,14650000,14650100,1836,4590,14660000,12687
1,1466,14660000,14660100,1836,4590,14670000,12696
1,1467,14670000,14670100,1836,4590,14680000,12704
1,1468,14680000,14680100,1836,4590,14690000,12713
1,1469,14690000,14690100,1836,4590,14700000,12719
1,147,1470000,1470100,1836,4590,1480000,1271
1,1470,14700000,14700100,1836,4590,14710000,12732
1,1471,14710000,14710100,1836,4590,14720000,12738
1,1472,14720000,14720100,1836,4590,14730000,12747
1,1473,14730000,14730100,1836,4590,14740000,12757
1,1474,14740000,14740100,1836,4590,14750000,12765
1,1475,14750000,14750100,1836,4590,14760000,12772
1,1476,14760000,14760100,1836,4590,14770000,12783
1,1477,14770000,14770100,1836,4590,14780000,12791
1,1478,14780000,14780100,1836,4590,14790000,12798
1,1479,14790000,14790100,1836,4590,14800000,12807
1,148,1480000,1480100,1836,4590,1490000,1280
1,1480,14800000,14800100,1836,4590,14810000,12819
1,1481,14810000,14810100,1836,4590,14820000,12825
1,1482,14820000,14820100,1836,4590,14830000,12835
1,1483,14830000,14830100,1836,4590,14840000,12841
1,1484,14840000,14840100,1836,4590,14850000,12851
1,1485,14850000,14850100,1836,4590,14860000,12861
1,1486,14860000,14860100,1836,4590,14870000,12868
1,1487,14870000,14870100,1836,4590,14880000,12876
1,1488,14880000,14880100,1836,4590,14890000,12888
1,1489,14890000,14890100,1836,4590,14900000,12894
1,149,1490000,1490100,1836,4590,1500000,1286
1,1490,14900000,14900100,1836,4590,14910000,12903
1,1491,14910000,14910100,1836,4590,14920000,12913
1,1492,14920000,14920100,1836,4590,14930000,12921
1,1493,14930000,14930100,1836,4590,14940000,12927
1,1494,14940000,14940100,1836,4590,14950000,12939
1,1495,14950000,14950100,1836,4590,14960000,12946
1,1496,14960000,14960100,1836,4590,14970000,12956
1,1497,14970000,14970100,1836,4590,14980000,12964
1,1498,14980000,14980100,1836,4590,14990000,12973
1,1499,14990000,14990100,1836,4590,15000000,12979
1,15,150000,150100,1836,4590,160000,127
1,150,1500000,1500100,1836,4590,1510000,1299
1,1500,15000000,15000100,1836,4590,15010000,12991
1,1501,15010000,15010100,1836,4590,15020000,13000
1,1502,15020000,15020100,1836,4590,15030000,13007
1,1503,15030000,15030100,1836,4590,15040000,13015
1,1504,15040000,15040100,1836,4590,15050000,13024
1,1505,15050000,15050100,1836,4590,15060000,13033
1,1506,15060000,15060100,1836,4590,15070000,13043
1,1507,15070000,15070100,1836,4590,15080000,13050
1,1508,15080000,15080100,1836,4590,15090000,13060
1,1509,15090000,15090100,1836,4590,15100000,13068
1,151,1510000,1510100,1836,4590,1520000,1305
1,1510,15100000,15100100,1836,4590,15110000,13076
1,1511,15110000,15110100,1836,4590,15120000,13082
1,1512,15120000,15120100,1836,4590,15130000,13097
1,1513,15130000,15130100,1836,4590,15140000,13103
1,1514,15140000,15140100,1836,4590,15150000,13110
1,1515,15150000,15150100,1836,4590,15160000,13121
1,1516,15160000,15160100,1836,4590,15170000,13129
1,1517,15170000,15170100,1836,4590,15180000,13135
1,1518,15180000,15180100,1836,4590,15190000,13146
1,1519,15190000,15190100,1836,4590,15200000,13154
1,152,1520000,1520100,1836,4590,1530000,1314
1,1520,15200000,15200100,1836,4590,15210000,13164
1,1521,15210000,15210100,1836,4590,15220000,13172
1,1522,15220000,15220100,1836,4590,15230000,13181
1,1523,15230000,15230100,1836,4590,15240000,13188
1,1524,15240000,15240100,1836,4590,15250000,13199
1,1525,15250000,15250100,1836,4590,15260000,13206
1,1526,15260000,15260100,1836,4590,15270000,13215
1,1527,15270000,15270100,1836,4590,15280000,13223
1,1528,15280000,15280100,1836,4590,15290000,13232
1,1529,15290000,15290100,1836,4590,15300000,13241
1,153,1530000,1530100,1836,4590,1540000,1322
1,1530,15300000,15300100,1836,4590,15310000,13252
1,1531,15310000,15310100,1836,4590,15320000,13258
1,1532,15320000,15320100,1836,4590,15330000,13266
1,1533,15330000,15330100,1836,4590,15340000,13276
1,1534,15340000,15340100,1836,4590,15350000,13284
1,1535,15350000,15350100,1836,4590,15360000,13291
1,1536,15360000,15360100,1836,4590,15370000,13305
1,1537,15370000,15370100,1836,4590,15380000,13311
1,1538,15380000,15380100,1836,4590,15390000,13318
1,1539,15390000,15390100,1836,4590,15400000,13326
1,154,1540000,1540100,1836,4590,1550000,1332
1,1540,15400000,15400100,1836,4590,15410000,13338
1,1541,15410000,15410100,1836,4590,15420000,13344
1,1542,15420000,15420100,1836,4590,15430000,13354
1,1543,15430000,15430100,1836,4590,15440000,13362
1,1544,15440000,15440100,1836,4590,15450000,13371
1,1545,15450000,15450100,1836,4590,15460000,13381
1,1546,15460000,15460100,1836,4590,15470000,13388
1,1547,15470000,15470100,1836,4590,15480000,13396
1,1548,15480000,15480100,1836,4590,15490000,13407
1,1549,15490000,15490100,1836,4590,15500000,13413
1,155,1550000,1550100,1836,4590,1560000,1339
1,1550,15500000,15500100,1836,4590,15510000,13423
1,1551,15510000,15510100,1836,4590,15520000,13432
1,1552,15520000,15520100,1836,4590,15530000,13441
1,1553,15530000,15530100,1836,4590,15540000,13447
1,1554,15540000,15540100,1836,4590,15550000,13459
1,1555,15550000,15550100,1836,4590,15560000,13466
1,1556,15560000,15560100,1836,4590,15570000,13475
1,1557,15570000,15570100,1836,4590,15580000,13485
1,1558,15580000,15580100,1836,4590,15590000,13492
1,1559,15590000,15590100,1836,4590,15600000,13498
1,156,1560000,1560100,1836,4590,1570000,1350
1,1560,15600000,15600100,1836,4590,15610000,13511
1,1561,15610000,15610100,1836,4590,15620000,13519
1,1562,15620000,15620100,1836,4590,15630000,13527
1,1563,15630000,15630100,1836,4590,15640000,13535
1,1564,15640000,15640100,1836,4590,15650000,13545
1,1565,15650000,15650100,1836,4590,15660000,13552
1,1566,15660000,15660100,1836,4590,15670000,13562
1,1567,15670000,15670100,1836,4590,15680000,13569
1,1568,15680000,15680100,1836,4590,15690000,13580
1,1569,15690000,15690100,1836,4590,15700000,13588
1,157,1570000,1570100,1836,4590,1580000,1358
1,1570,15700000,15700100,1836,4590,15710000,13596
1,1571,15710000,15710100,1836,4590,15720000,13604
1,1572,15720000,15720100,1836,4590,15730000,13615
1,1573,15730000,15730100,1836,4590,15740000,13622
1,1574,15740000,15740100,1836,4590,15750000,13629
1,1575,15750000,15750100,1836,4590,15760000,13640
1,1576,15760000,15760100,1836,4590,15770000,13649
1,1577,15770000,15770100,1836,4590,15780000,13655
1,1578,15780000,15780100,1836,4590,15790000,13668
1,1579,15790000,15790100,1836,4590,15800000,13674
1,158,1580000,1580100,1836,4590,1590000,1365
1,1580,15800000,15800100,1836,4590,15810000,13683
1,1581,15810000,15810100,1836,4590,15820000,13691
1,1582,15820000,15820100,1836,4590,15830000,13700
1,1583,15830000,15830100,1836,4590,15840000,13706
1,1584,15840000,15840100,1836,4590,15850000,13719
1,1585,15850000,15850100,1836,4590,15860000,13728
1,1586,15860000,15860100,1836,4590,15870000,13735
1,1587,15870000,15870100,1836,4590,15880000,13743
1,1588,15880000,15880100,1836,4590,15890000,13751
1,1589,15890000,15890100,1836,4590,15900000,13760
1,159,1590000,1590100,1836,4590,1600000,1374
1,1590,15900000,15900100,1836,4590,15910000,13771
1,1591,15910000,15910100,1836,4590,15920000,13777
1,1592,15920000,15920100,1836,4590,15930000,13788
1,1593,15930000,15930100,1836,4590,15940000,13796
1,1594,15940000,15940100,1836,4590,15950000,13803
1,1595,15950000,15950100,1836,4590,15960000,13811
1,1596,15960000,15960100,1836,4590,15970000,13824
1,1597,15970000,15970100,1836,4590,15980000,13830
1,1598,15980000,15980100,1836,4590,15990000,13837
1,1599,15990000,15990100,1836,4590,16000000,13847
1,16,160000,160100,1836,4590,170000,137
1,160,1600000,1600100,1836,4590,1610000,1384
1,1600,16000000,16000100,1836,4590,16010000,13858
1,1601,16010000,16010100,1836,4590,16020000,13864
1,1602,16020000,16020100,1836,4590,16030000,13874
1,1603,16030000,16030100,1836,4590,16040000,13882
1,1604,16040000,16040100,1836,4590,16050000,13890
1,1605,16050000,16050100,1836,4590,16060000,13899
1,1606,16060000,16060100,1836,4590,16070000,13909
1,1607,16070000,16070100,1836,4590,16080000,13915
1,1608,16080000,16080100,1836,4590,16090000,13927
1,1609,16090000,16090100,1836,4590,16100000,13933
1,161,1610000,1610100,1836,4590,1620000,1392
1,1610,16100000,16100100,1836,4590,16110000,13943
1,1611,16110000,16110100,1836,4590,16120000,13952
1,1612,16120000,16120100,1836,4590,16130000,13960
1,1613,16130000,16130100,1836,4590,16140000,13968
1,1614,16140000,16140100,1836,4590,16150000,13978
1,1615,16150000,16150100,1836,4590,16160000,13985
1,1616,16160000,16160100,1836,4590,16170000,13994
1,1617,16170000,16170100,1836,4590,16180000,14005
1,1618,16180000,16180100,1836,4590,16190000,14012
1,1619,16190000,16190100,1836,4590,16200000,14018
1,162,1620000,1620100,1836,4590,1630000,1402
1,1620,16200000,16200100,1836,4590,16210000,14032
1,1621,16210000,16210100,1836,4590,16220000,14038
1,1622,16220000,16220100,1836,4590,16230000,14046
1,1623,16230000,16230100,1836,4590,16240000,14054
1,1624,16240000,16240100,1836,4590,16250000,14065
1,1625,16250000,16250100,1836,4590,16260000,14072
1,1626,16260000,16260100,1836,4590,16270000,14082
1,1627,16270000,16270100,1836,4590,16280000,14090
1,1628,16280000,16280100,1836,4590,16290000,14099
1,1629,16290000,16290100,1836,4590,16300000,14107
1,163,1630000,1630100,1836,4590,1640000,1408
1,1630,16300000,16300100,1836,4590,16310000,14115
1,1631,16310000,16310100,1836,4590,16320000,14123
1,1632,16320000,16320100,1836,4590,16330000,14135
1,1633,16330000,16330100,1836,4590,16340000,14142
1,1634,16340000,16340100,1836,4590,16350000,14151
1,1635,16350000,16350100,1836,4590,16360000,14160
1,1636,16360000,16360100,1836,4590,16370000,14168
1,1637,16370000,16370100,1836,4590,16380000,14174
1,1638,16380000,16380100,1836,4590,16390000,14186
1,1639,16390000,16390100,1836,4590,16400000,14193
1,164,1640000,1640100,1836,4590,1650000,1418
1,1640,16400000,16400100,1836,4590,16410000,14203
1,1641,16410000,16410100,1836,4590,16420000,14213
1,1642,16420000,16420100,1836,4590,16430000,14220
1,1643,16430000,16430100,1836,4590,16440000,14226
1,1644,16440000,16440100,1836,4590,16450000,14238
1,1645,16450000,16450100,1836,4590,16460000,14247
1,1646,16460000,16460100,1836,4590,16470000,14254
1,1647,16470000,16470100,1836,4590,16480000,14262
1,1648,16480000,16480100,1836,4590,16490000,14273
1,1649,16490000,16490100,1836,4590,16500000,14279
1,165,1650000,1650100,1836,4590,1660000,1428
1,1650,16500000,16500100,1836,4590,16510000,14291
1,1651,16510000,16510100,1836,4590,16520000,14297
1,1652,16520000,16520100,1836,4590,16530000,14307
1,1653,16530000,16530100,1836,4590,16540000,14315
1,1654,16540000,16540100,1836,4590,16550000,14322
1,1655,16550000,16550100,1836,4590,16560000,14332
1,1656,16560000,16560100,1836,4590,16570000,14344
1,1657,16570000,16570100,1836,4590,16580000,14350
1,1658,16580000,16580100,1836,4590,16590000,14357
1,1659,16590000,16590100,1836,4590,16600000,14367
1,166,1660000,1660100,1836,4590,1670000,1435
1,1660,16600000,16600100,1836,4590,16610000,14376
1,1661,16610000,16610100,1836,4590,16620000,14383
1,1662,16620000,16620100,1836,4590,16630000,14395
1,1663,16630000,16630100,1836,4590,16640000,14401
1,1664,16640000,16640100,1836,4590,16650000,14410
1,1665,16650000,16650100,1836,4590,16660000,14419
1,1666,16660000,16660100,1836,4590,16670000,14429
1,1667,16670000,16670100,1836,4590,16680000,14435
1,1668,16680000,16680100,1836,4590,16690000,14446
1,1669,16690000,16690100,1836,4590,16700000,14454
1,167,1670000,1670100,1836,4590,1680000,1441
1,1670,16700000,16700100,1836,4590,16710000,14462
1,1671,16710000,16710100,1836,4590,16720000,14470
1,1672,16720000,16720100,1836,4590,16730000,14480
1,1673,16730000,16730100,1836,4590,16740000,14488
1,1674,16740000,16740100,1836,4590,16750000,14498
1,1675,16750000,16750100,1836,4590,16760000,14505
1,1676,16760000,16760100,1836,4590,16770000,14515
1,1677,16770000,16770100,1836,4590,16780000,14524
1,1678,16780000,16780100,1836,4590,16790000,14531
1,1679,16790000,16790100,1836,4590,16800000,14537
1,168,1680000,1680100,1836,4590,1690000,1455
1,1680,16800000,16800100,1836,4590,16810000,14552
1,1681,16810000,16810100,1836,4590,16820000,14558
1,1682,16820000,16820100,1836,4590,16830000,14565
1,1683,16830000,16830100,1836,4590,16840000,14576
1,1684,16840000,16840100,1836,4590,16850000,14584
1,1685,16850000,16850100,1836,4590,16860000,14591
1,1686,16860000,16860100,1836,4590,16870000,14601
1,1687,16870000,16870100,1836,4590,16880000,14609
1,1688,16880000,16880100,1836,4590,16890000,14619
1,1689,16890000,16890100,1836,4590,16900000,14627
1,169,1690000,1690100,1836,4590,1700000,1461
1,1690,16900000,16900100,1836,4590,16910000,14637
1,1691,16910000,16910100,1836,4590,16920000,14643
1,1692,16920000,16920100,1836,4590,16930000,14654
1,1693,16930000,16930100,1836,4590,16940000,14660
1,1694,16940000,16940100,1836,4590,16950000,14670
1,1695,16950000,16950100,1836,4590,16960000,14679
1,1696,16960000,16960100,1836,4590,16970000,14688
1,1697,16970000,16970100,1836,4590,16980000,14696
1,1698,16980000,16980100,1836,4590,16990000,14706
1,1699,16990000,16990100,1836,4590,17000000,14713
1,17,170000,170100,1836,4590,180000,145
1,170,1700000,1700100,1836,4590,1710000,1470
1,1700,17000000,17000100,1836,4590,17010000,14722
1,1701,17010000,17010100,1836,4590,17020000,14732
1,1702,17020000,17020100,1836,4590,17030000,14739
1,1703,17030000,17030100,1836,4590,17040000,14745
1,1704,17040000,17040100,1836,4590,17050000,14759
1,1705,17050000,17050100,1836,4590,17060000,14767
1,1706,17060000,17060100,1836,4590,17070000,14774
1,1707,17070000,17070100,1836,4590,17080000,14782
1,1708,17080000,17080100,1836,4590,17090000,14792
1,1709,17090000,17090100,1836,4590,17100000,14798
1,171,1710000,1710100,1836,4590,1720000,1480
1,1710,17100000,17100100,1836,4590,17110000,14810
1,1711,17110000,17110100,1836,4590,17120000,14818
1,1712,17120000,17120100,1836,4590,17130000,14827
1,1713,17130000,17130100,1836,4590,17140000,14835
1,1714,17140000,17140100,1836,4590,17150000,14842
1,1715,17150000,17150100,1836,4590,17160000,14851
1,1716,17160000,17160100,1836,4590,17170000,14863
1,1717,17170000,17170100,1836,4590,17180000,14869
1,1718,17180000,17180100,1836,4590,17190000,14878
1,1719,17190000,17190100,1836,4590,17200000,14886
1,172,1720000,1720100,1836,4590,1730000,1488
1,1720,17200000,17200100,1836,4590,17210000,14896
1,1721,17210000,17210100,1836,4590,17220000,14903
1,1722,17220000,17220100,1836,4590,17230000,14915
1,1723,17230000,17230100,1836,4590,17240000,14921
1,1724,17240000,17240100,1836,4590,17250000,14929
1,1725,17250000,17250100,1836,4590,17260000,14940
1,1726,17260000,17260100,1836,4590,17270000,14947
1,1727,17270000,17270100,1836,4590,17280000,14954
1,1728,17280000,17280100,1836,4590,17290000,14966
1,1729,17290000,17290100,1836,4590,17300000,14974
1,173,1730000,1730100,1836,4590,1740000,1494
1,1730,17300000,17300100,1836,4590,17310000,14982
1,1731,17310000,17310100,1836,4590,17320000,14990
1,1732,17320000,17320100,1836,4590,17330000,15001
1,1733,17330000,17330100,1836,4590,17340000,15007
1,1734,17340000,17340100,1836,4590,17350000,15017
1,1735,17350000,17350100,1836,4590,17360000,15024
1,1736,17360000,17360100,1836,4590,17370000,15035
1,1737,17370000,17370100,1836,4590,17380000,15043
1,1738,17380000,17380100,1836,4590,17390000,15051
1,1739,17390000,17390100,1836,4590,17400000,15059
1,174,1740000,1740100,1836,4590,1750000,1504
1,1740,17400000,17400100,1836,4590,17410000,15071
1,1741,17410000,17410100,1836,4590,17420000,15077
1,1742,17420000,17420100,1836,4590,17430000,15084
1,1743,17430000,17430100,1836,4590,17440000,15095
1,1744,17440000,17440100,1836,4590,17450000,15104
1,1745,17450000,17450100,1836,4590,17460000,15111
1,1746,17460000,17460100,1836,4590,17470000,15123
1,1747,17470000,17470100,1836,4590,17480000,15129
1,1748,17480000,17480100,1836,4590,17490000,15137
1,1749,17490000,17490100,1836,4590,17500000,15146
1,175,1750000,1750100,1836,4590,1760000,1513
1,1750,17500000,17500100,1836,4590,17510000,15156
1,1751,17510000,17510100,1836,4590,17520000,15162
1,1752,17520000,17520100,1836,4590,17530000,15174
1,1753,17530000,17530100,1836,4590,17540000,15182
1,1754,17540000,17540100,1836,4590,17550000,15190
1,1755,17550000,17550100,1836,4590,17560000,15199
1,1756,17560000,17560100,1836,4590,17570000,15207
1,1757,17570000,17570100,1836,4590,17580000,15215
1,1758,17580000,17580100,1836,4590,17590000,15225
1,1759,17590000,17590100,1836,4590,17600000,15231
1,176,1760000,1760100,1836,4590,1770000,1523
1,1760,17600000,17600100,1836,4590,17610000,15244
1,1761,17610000,17610100,1836,4590,17620000,15252
1,1762,17620000,17620100,1836,4590,17630000,15259
1,1763,17630000,17630100,1836,4590,17640000,15265
1,1764,17640000,17640100,1836,4590,17650000,15278
1,1765,17650000,17650100,1836,4590,17660000,15286
1,1766,17660000,17660100,1836,4590,17670000,15293
1,1767,17670000,17670100,1836,4590,17680000,15303
1,1768,17680000,17680100,1836,4590,17690000,15312
1,1769,17690000,17690100,1836,4590,17700000,15318
1,177,1770000,1770100,1836,4590,1780000,1531
1,1770,17700000,17700100,1836,4590,17710000,15329
1,1771,17710000,17710100,1836,4590,17720000,15338
1,1772,17720000,17720100,1836,4590,17730000,15346
1,1773,17730000,17730100,1836,4590,17740000,15354
1,1774,17740000,17740100,1836,4590,17750000,15363
1,1775,17750000,17750100,1836,4590,17760000,15370
1,1776,17760000,17760100,1836,4590,17770000,15383
1,1777,17770000,17770100,1836,4590,17780000,15389
1,1778,17780000,17780100,1836,4590,17790000,15398
1,1779,17790000,17790100,1836,4590,17800000,15406
1,178,1780000,1780100,1836,4590,1790000,1540
1,1780,17800000,17800100,1836,4590,17810000,15415
1,1781,17810000,17810100,1836,4590,17820000,15423
1,1782,17820000,17820100,1836,4590,17830000,15434
1,1783,17830000,17830100,1836,4590,17840000,15440
1,1784,17840000,17840100,1836,4590,17850000,15449
1,1785,17850000,17850100,1836,4590,17860000,15460
1,1786,17860000,17860100,1836,4590,17870000,15467
1,1787,17870000,17870100,1836,4590,17880000,15474
1,1788,17880000,17880100,1836,4590,17890000,15487
1,1789,17890000,17890100,1836,4590,17900000,15493
1,179,1790000,1790100,1836,4590,1800000,1546
1,1790,17900000,17900100,1836,4590,17910000,15501
1,1791,17910000,17910100,1836,4590,17920000,15509
1,1792,17920000,17920100,1836,4590,17930000,15520
1,1793,17930000,17930100,1836,4590,17940000,15527
1,1794,17940000,17940100,1836,4590,17950000,15537
1,1795,17950000,17950100,1836,4590,17960000,15546
1,1796,17960000,17960100,1836,4590,17970000,15554
1,1797,17970000,17970100,1836,4590,17980000,15562
1,1798,17980000,17980100,1836,4590,17990000,15570
1,1799,17990000,17990100,1836,4590,18000000,15578
1,18,180000,180100,1836,4590,190000,155
1,180,1800000,1800100,1836,4590,1810000,1558
1,1800,18000000,18000100,1836,4590,18010000,15591
1,1801,18010000,18010100,1836,4590,18020000,15597
1,1802,18020000,18020100,1836,4590,18030000,15606
1,1803,18030000,18030100,1836,4590,18040000,15614
1,1804,18040000,18040100,1836,4590,18050000,15623
1,1805,18050000,18050100,1836,4590,18060000,15630
1,1806,18060000,18060100,1836,4590,18070000,15642
1,1807,18070000,18070100,1836,4590,18080000,15648
1,1808,18080000,18080100,1836,4590,18090000,15657
1,1809,18090000,18090100,1836,4590,18100000,15668
1,181,1810000,1810100,1836,4590,1820000,1565
1,1810,18100000,18100100,1836,4590,18110000,15676
1,1811,18110000,18110100,1836,4590,18120000,15682
1,1812,18120000,18120100,1836,4590,18130000,15693
1,1813,18130000,18130100,1836,4590,18140000,15701
1,1814,18140000,18140100,1836,4590,18150000,15708
1,1815,18150000,18150100,1836,4590,18160000,15718
1,1816,18160000,18160100,1836,4590,18170000,15729
1,1817,18170000,18170100,1836,4590,18180000,15735
1,1818,18180000,18180100,1836,4590,18190000,15745
1,1819,18190000,18190100,1836,4590,18200000,15751
1,182,1820000,1820100,1836,4590,1830000,1574
1,1820,18200000,18200100,1836,4590,18210000,15763
1,1821,18210000,18210100,1836,4590,18220000,15771
1,1822,18220000,18220100,1836,4590,18230000,15778
1,1823,18230000,18230100,1836,4590,18240000,15786
1,1824,18240000,18240100,1836,4590,18250000,15798
1,1825,18250000,18250100,1836,4590,18260000,15805
1,1826,18260000,18260100,1836,4590,18270000,15813
1,1827,18270000,18270100,1836,4590,18280000,15823
1,1828,18280000,18280100,1836,4590,18290000,15831
1,1829,18290000,18290100,1836,4590,18300000,15837
1,183,1830000,1830100,1836,4590,1840000,1582
1,1830,18300000,18300100,1836,4590,18310000,15850
1,1831,18310000,18310100,1836,4590,18320000,15857
1,1832,18320000,18320100,1836,4590,18330000,15866
1,1833,18330000,18330100,1836,4590,18340000,15874
1,1834,18340000,18340100,1836,4590,18350000,15883
1,1835,18350000,18350100,1836,4590,18360000,15890
1,1836,18360000,18360100,1836,4590,18370000,15901
1,1837,18370000,18370100,1836,4590,18380000,15910
1,1838,18380000,18380100,1836,4590,18390000,15917
1,1839,18390000,18390100,1836,4590,18400000,15925
1,184,1840000,1840100,1836,4590,1850000,1591
1,1840,18400000,18400100,1836,4590,18410000,15935
1,1841,18410000,18410100,1836,4590,18420000,15943
1,1842,18420000,18420100,1836,4590,18430000,15954
1,1843,18430000,18430100,1836,4590,18440000,15960
1,1844,18440000,18440100,1836,4590,18450000,15970
1,1845,18450000,18450100,1836,4590,18460000,15979
1,1846,18460000,18460100,1836,4590,18470000,15986
1,1847,18470000,18470100,1836,4590,18480000,15992
1,1848,18480000,18480100,1836,4590,18490000,16007
1,1849,18490000,18490100,1836,4590,18500000,16013
1,185,1850000,1850100,1836,4590,1860000,1600
1,1850,18500000,18500100,1836,4590,18510000,16021
1,1851,18510000,18510100,1836,4590,18520000,16031
1,1852,18520000,18520100,1836,4590,18530000,16039
1,1853,18530000,18530100,1836,4590,18540000,16046
1,1854,18540000,18540100,1836,4590,18550000,16056
1,1855,18550000,18550100,1836,4590,18560000,16065
1,1856,18560000,18560100,1836,4590,18570000,16074
1,1857,18570000,18570100,1836,4590,18580000,16082
1,1858,18580000,18580100,1836,4590,18590000,16091
1,1859,18590000,18590100,1836,4590,18600000,16098
1,186,1860000,1860100,1836,4590,1870000,1610
1,1860,18600000,18600100,1836,4590,18610000,16110
1,1861,18610000,18610100,1836,4590,18620000,16116
1,1862,18620000,18620100,1836,4590,18630000,16125
1,1863,18630000,18630100,1836,4590,18640000,16133
1,1864,18640000,18640100,1836,4590,18650000,16143
1,1865,18650000,18650100,1836,4590,18660000,16152
1,1866,18660000,18660100,1836,4590,18670000,16162
1,1867,18670000,18670100,1836,4590,18680000,16168
1,1868,18680000,18680100,1836,4590,18690000,16176
1,1869,18690000,18690100,1836,4590,18700000,16186
1,187,1870000,1870100,1836,4590,1880000,1617
1,1870,18700000,18700100,1836,4590,18710000,16195
1,1871,18710000,18710100,1836,4590,18720000,16201
1,1872,18720000,18720100,1836,4590,18730000,16215
1,1873,18730000,18730100,1836,4590,18740000,16221
1,1874,18740000,18740100,1836,4590,18750000,16228
1,1875,18750000,18750100,1836,4590,18760000,16238
1,1876,18760000,18760100,1836,4590,18770000,16248
1,1877,18770000,18770100,1836,4590,18780000,16254
1,1878,18780000,18780100,1836,4590,18790000,16264
1,1879,18790000,18790100,1836,4590,18800000,16272
1,188,1880000,1880100,1836,4590,1890000,1625
1,1880,18800000,18800100,1836,4590,18810000,16282
1,1881,18810000,18810100,1836,4590,18820000,16291
1,1882,18820000,18820100,1836,4590,18830000,16298
1,1883,18830000,18830100,1836,4590,18840000,16306
1,1884,18840000,18840100,1836,4590,18850000,16317
1,1885,18850000,18850100,1836,4590,18860000,16324
1,1886,18860000,18860100,1836,4590,18870000,16334
1,1887,18870000,18870100,1836,4590,18880000,16342
1,1888,18880000,18880100,1836,4590,18890000,16351
1,1889,18890000,18890100,1836,4590,18900000,16357
1,189,1890000,1890100,1836,4590,1900000,1635
1,1890,18900000,18900100,1836,4590,18910000,16370
1,1891,18910000,18910100,1836,4590,18920000,16376
1,1892,18920000,18920100,1836,4590,18930000,16385
1,1893,18930000,18930100,1836,4590,18940000,16395
1,1894,18940000,18940100,1836,4590,18950000,16402
1,1895,18950000,18950100,1836,4590,18960000,16409
1,1896,18960000,18960100,1836,4590,18970000,16421
1,1897,18970000,18970100,1836,4590,18980000,16430
1,1898,18980000,18980100,1836,4590,18990000,16437
1,1899,18990000,18990100,1836,4590,19000000,16445
1,19,190000,190100,1836,4590,200000,161
1,190,1900000,1900100,1836,4590,1910000,1643
1,1900,19000000,19000100,1836,4590,19010000,16456
1,1901,19010000,19010100,1836,4590,19020000,16462
1,1902,19020000,19020100,1836,4590,19030000,16472
1,1903,19030000,19030100,1836,4590,19040000,16479
1,1904,19040000,19040100,1836,4590,19050000,16490
1,1905,19050000,19050100,1836,4590,19060000,16499
1,1906,19060000,19060100,1836,4590,19070000,16506
1,1907,19070000,19070100,1836,4590,19080000,16514
1,1908,19080000,19080100,1836,4590,19090000,16526
1,1909,19090000,19090100,1836,4590,19100000,16532
1,191,1910000,1910100,1836,4590,1920000,1649
1,1910,19100000,19100100,1836,4590,19110000,16540
1,1911,19110000,19110100,1836,4590,19120000,16550
1,1912,19120000,19120100,1836,4590,19130000,16559
1,1913,19130000,19130100,1836,4590,19140000,16565
1,1914,19140000,19140100,1836,4590,19150000,16578
1,1915,19150000,19150100,1836,4590,19160000,16585
1,1916,19160000,19160100,1836,4590,19170000,16593
1,1917,19170000,19170100,1836,4590,19180000,16601
1,1918,19180000,19180100,1836,4590,19190000,16610
1,1919,19190000,19190100,1836,4590,19200000,16617
1,192,1920000,1920100,1836,4590,1930000,1664
1,1920,19200000,19200100,1836,4590,19210000,16630
1,1921,19210000,19210100,1836,4590,19220000,16638
1,1922,19220000,19220100,1836,4590,19230000,16645
1,1923,19230000,19230100,1836,4590,19240000,16653
1,1924,19240000,19240100,1836,4590,19250000,16661
1,1925,19250000,19250100,1836,4590,19260000,16671
1,1926,19260000,19260100,1836,4590,19270000,16681
1,1927,19270000,19270100,1836,4590,19280000,16687
1,1928,19280000,19280100,1836,4590,19290000,16698
1,1929,19290000,19290100,1836,4590,19300000,16706
1,193,1930000,1930100,1836,4590,1940000,1670
1,1930,19300000,19300100,1836,4590,19310000,16715
1,1931,19310000,19310100,1836,4590,19320000,16721
1,1932,19320000,19320100,1836,4590,19330000,16734
1,1933,19330000,19330100,1836,4590,19340000,16740
1,1934,19340000,19340100,1836,4590,19350000,16747
1,1935,19350000,19350100,1836,4590,19360000,16758
1,1936,19360000,19360100,1836,4590,19370000,16768
1,1937,19370000,19370100,1836,4590,19380000,16774
1,1938,19380000,19380100,1836,4590,19390000,16784
1,1939,19390000,19390100,1836,4590,19400000,16792
1,194,1940000,1940100,1836,4590,1950000,1677
1,1940,19400000,19400100,1836,4590,19410000,16801
1,1941,19410000,19410100,1836,4590,19420000,16810
1,1942,19420000,19420100,1836,4590,19430000,16819
1,1943,19430000,19430100,1836,4590,19440000,16825
1,1944,19440000,19440100,1836,4590,19450000,16837
1,1945,19450000,19450100,1836,4590,19460000,16844
1,1946,19460000,19460100,1836,4590,19470000,16853
1,1947,19470000,19470100,1836,4590,19480000,16862
1,1948,19480000,19480100,1836,4590,19490000,16870
1,1949,19490000,19490100,1836,4590,19500000,16878
1,195,1950000,1950100,1836,4590,1960000,1686
1,1950,19500000,19500100,1836,4590,19510000,16889
1,1951,19510000,19510100,1836,4590,19520000,16895
1,1952,19520000,19520100,1836,4590,19530000,16905
1,1953,19530000,19530100,1836,4590,19540000,16915
1,1954,19540000,19540100,1836,4590,19550000,16922
1,1955,19550000,19550100,1836,4590,19560000,16929
1,1956,19560000,19560100,1836,4590,19570000,16942
1,1957,19570000,19570100,1836,4590,19580000,16948
1,1958,19580000,19580100,1836,4590,19590000,16956
1,1959,19590000,19590100,1836,4590,19600000,16964
1,196,1960000,1960100,1836,4590,1970000,1696
1,1960,19600000,19600100,1836,4590,19610000,16976
1,1961,19610000,19610100,1836,4590,19620000,16982
1,1962,19620000,19620100,1836,4590,19630000,16992
1,1963,19630000,19630100,1836,4590,19640000,17001
1,1964,19640000,19640100,1836,4590,19650000,17009
1,1965,19650000,19650100,1836,4590,19660000,17018
1,1966,19660000,19660100,1836,4590,19670000,17025
1,1967,19670000,19670100,1836,4590,19680000,17033
1,1968,19680000,19680100,1836,4590,19690000,17045
1,1969,19690000,19690100,1836,4590,19700000,17052
1,197,1970000,1970100,1836,4590,1980000,1702
1,1970,19700000,19700100,1836,4590,19710000,17062
1,1971,19710000,19710100,1836,4590,19720000,17070
1,1972,19720000,19720100,1836,4590,19730000,17078
1,1973,19730000,19730100,1836,4590,19740000,17084
1,1974,19740000,19740100,1836,4590,19750000,17097
1,1975,19750000,19750100,1836,4590,19760000,17104
1,1976,19760000,19760100,1836,4590,19770000,17113
1,1977,19770000,19770100,1836,4590,19780000,17123
1,1978,19780000,19780100,1836,4590,19790000,17130
1,1979,19790000,19790100,1836,4590,19800000,17136
1,198,1980000,1980100,1836,4590,1990000,1713
1,1980,19800000,19800100,1836,4590,19810000,17149
1,1981,19810000,19810100,1836,4590,19820000,17157
1,1982,19820000,19820100,1836,4590,19830000,17164
1,1983,19830000,19830100,1836,4590,19840000,17172
1,1984,19840000,19840100,1836,4590,19850000,17183
1,1985,19850000,19850100,1836,4590,19860000,17191
1,1986,19860000,19860100,1836,4590,19870000,17201
1,1987,19870000,19870100,1836,4590,19880000,17207
1,1988,19880000,19880100,1836,4590,19890000,17217
1,1989,19890000,19890100,1836,4590,19900000,17225
1,199,1990000,1990100,1836,4590,2000000,1721
1,1990,19900000,19900100,1836,4590,19910000,17233
1,1991,19910000,19910100,1836,4590,19920000,17242
1,1992,19920000,19920100,1836,4590,19930000,17254
1,1993,19930000,19930100,1836,4590,19940000,17260
1,1994,19940000,19940100,1836,4590,19950000,17267
1,1995,19950000,19950100,1836,4590,19960000,17278
1,1996,19960000,19960100,1836,4590,19970000,17287
1,1997,19970000,19970100,1836,4590,19980000,17293
1,1998,19980000,19980100,1836,4590,19990000,17305
1,1999,19990000,19990100,1836,4590,20000000,17311
1,2,20000,20100,1836,4590,30000,14
1,20,200000,200100,1836,4590,210000,170
1,200,2000000,2000100,1836,4590,2010000,1731
1,2000,20000000,20000100,1836,4590,20010000,17321
1,2001,20010000,20010100,1836,4590,20020000,17329
1,2002,20020000,20020100,1836,4590,20030000,17339
1,2003,20030000,20030100,1836,4590,20040000,17345
1,2004,20040000,20040100,1836,4590,20050000,17356
1,2005,20050000,20050100,1836,4590,20060000,17365
1,2006,20060000,20060100,1836,4590,20070000,17372
1,2007,20070000,20070100,1836,4590,20080000,17381
1,2008,20080000,20080100,1836,4590,20090000,17390
1,2009,20090000,20090100,1836,4590,20100000,17398
1,201,2010000,2010100,1836,4590,2020000,1739
1,2010,20100000,20100100,1836,4590,20110000,17409
1,2011,20110000,20110100,1836,4590,20120000,17415
1,2012,20120000,20120100,1836,4590,20130000,17425
1,2013,20130000,20130100,1836,4590,20140000,17434
1,2014,20140000,20140100,1836,4590,20150000,17441
1,2015,20150000,20150100,1836,4590,20160000,17448
1,2016,20160000,20160100,1836,4590,20170000,17462
1,2017,20170000,20170100,1836,4590,20180000,17468
1,2018,20180000,20180100,1836,4590,20190000,17476
1,2019,20190000,20190100,1836,4590,20200000,17486
1,202,2020000,2020100,1836,4590,2030000,1746
1,2020,20200000,20200100,1836,4590,20210000,17495
1,2021,20210000,20210100,1836,4590,20220000,17501
1,2022,20220000,20220100,1836,4590,20230000,17511
1,2023,20230000,20230100,1836,4590,20240000,17519
1,2024,20240000,20240100,1836,4590,20250000,17529
1,2025,20250000,20250100,1836,4590,20260000,17538
1,2026,20260000,20260100,1836,4590,20270000,17547
1,2027,20270000,20270100,1836,4590,20280000,17553
1,2028,20280000,20280100,1836,4590,20290000,17564
1,2029,20290000,20290100,1836,4590,20300000,17571
1,203,2030000,2030100,1836,4590,2040000,1755
1,2030,20300000,20300100,1836,4590,20310000,17581
1,2031,20310000,20310100,1836,4590,20320000,17589
1,2032,20320000,20320100,1836,4590,20330000,17598
1,2033,20330000,20330100,1836,4590,20340000,17606
1,2034,20340000,20340100,1836,4590,20350000,17616
1,2035,20350000,20350100,1836,4590,20360000,17624
1,2036,20360000,20360100,1836,4590,20370000,17632
1,2037,20370000,20370100,1836,4590,20380000,17642
1,2038,20380000,20380100,1836,4590,20390000,17649
1,2039,20390000,20390100,1836,4590,20400000,17655
1,204,2040000,2040100,1836,4590,2050000,1766
1,2040,20400000,20400100,1836,4590,20410000,17671
1,2041,20410000,20410100,1836,4590,20420000,17677
1,2042,20420000,20420100,1836,4590,20430000,17684
1,2043,20430000,20430100,1836,4590,20440000,17692
1,2044,20440000,20440100,1836,4590,20450000,17702
1,2045,20450000,20450100,1836,4590,20460000,17709
1,2046,20460000,20460100,1836,4590,20470000,17720
1,2047,20470000,20470100,1836,4590,20480000,17728
1,2048,20480000,20480100,1836,4590,20490000,17737
1,2049,20490000,20490100,1836,4590,20500000,17745
1,205,2050000,2050100,1836,4590,2060000,1773
1,2050,20500000,20500100,1836,4590,20510000,17753
1,2051,20510000,20510100,1836,4590,20520000,17762
1,2052,20520000,20520100,1836,4590,20530000,17773
1,2053,20530000,20530100,1836,4590,20540000,17779
1,2054,20540000,20540100,1836,4590,20550000,17788
1,2055,20550000,20550100,1836,4590,20560000,17797
1,2056,20560000,20560100,1836,4590,20570000,17806
1,2057,20570000,20570100,1836,4590,20580000,17813
1,2058,20580000,20580100,1836,4590,20590000,17825
1,2059,20590000,20590100,1836,4590,20600000,17831
1,206,2060000,2060100,1836,4590,2070000,1782
1,2060,20600000,20600100,1836,4590,20610000,17840
1,2061,20610000,20610100,1836,4590,20620000,17850
1,2062,20620000,20620100,1836,4590,20630000,17858
1,2063,20630000,20630100,1836,4590,20640000,17864
1,2064,20640000,20640100,1836,4590,20650000,17876
1,2065,20650000,20650100,1836,4590,20660000,17885
1,2066,20660000,20660100,1836,4590,20670000,17892
1,2067,20670000,20670100,1836,4590,20680000,17900
1,2068,20680000,20680100,1836,4590,20690000,17911
1,2069,20690000,20690100,1836,4590,20700000,17917
1,207,2070000,2070100,1836,4590,2080000,1790
1,2070,20700000,20700100,1836,4590,20710000,17928
1,2071,20710000,20710100,1836,4590,20720000,17934
1,2072,20720000,20720100,1836,4590,20730000,17945
1,2073,20730000,20730100,1836,4590,20740000,17954
1,2074,20740000,20740100,1836,4590,20750000,17961
1,2075,20750000,20750100,1836,4590,20760000,17970
1,2076,20760000,20760100,1836,4590,20770000,17981
1,2077,20770000,20770100,1836,4590,20780000,17987
1,2078,20780000,20780100,1836,4590,20790000,17994
1,2079,20790000,20790100,1836,4590,20800000,18005
1,208,2080000,2080100,1836,4590,2090000,1799
1,2080,20800000,20800100,1836,4590,20810000,18015
1,2081,20810000,20810100,1836,4590,20820000,18021
1,2082,20820000,20820100,1836,4590,20830000,18033
1,2083,20830000,20830100,1836,4590,20840000,18039
1,2084,20840000,20840100,1836,4590,20850000,18048
1,2085,20850000,20850100,1836,4590,20860000,18057
1,2086,20860000,20860100,1836,4590,20870000,18066
1,2087,20870000,20870100,1836,4590,20880000,18072
1,2088,20880000,20880100,1836,4590,20890000,18084
1,2089,20890000,20890100,1836,4590,20900000,18092
1,209,2090000,2090100,1836,4590,2100000,1806
1,2090,20900000,20900100,1836,4590,20910000,18101
1,2091,20910000,20910100,1836,4590,20920000,18109
1,2092,20920000,20920100,1836,4590,20930000,18117
1,2093,20930000,20930100,1836,4590,20940000,18125
1,2094,20940000,20940100,1836,4590,20950000,18135
1,2095,20950000,20950100,1836,4590,20960000,18143
1,2096,20960000,20960100,1836,4590,20970000,18154
1,2097,20970000,20970100,1836,4590,20980000,18162
1,2098,20980000,20980100,1836,4590,20990000,18169
1,2099,20990000,20990100,1836,4590,21000000,18175
1,21,210000,210100,1836,4590,220000,180
1,210,2100000,2100100,1836,4590,2110000,1819
1,2100,21000000,21000100,1836,4590,21010000,18189
1,2101,21010000,21010100,1836,4590,21020000,18196
1,2102,21020000,21020100,1836,4590,21030000,18203
1,2103,21030000,21030100,1836,4590,21040000,18213
1,2104,21040000,21040100,1836,4590,21050000,18222
1,2105,21050000,21050100,1836,4590,21060000,18229
1,2106,21060000,21060100,1836,4590,21070000,18240
1,2107,21070000,21070100,1836,4590,21080000,18248
1,2108,21080000,21080100,1836,4590,21090000,18256
1,2109,21090000,21090100,1836,4590,21100000,18264
1,211,2110000,2110100,1836,4590,2120000,1825
1,2110,21100000,21100100,1836,4590,21110000,18274
1,2111,21110000,21110100,1836,4590,21120000,18280
1,2112,21120000,21120100,1836,4590,21130000,18293
1,2113,21130000,21130100,1836,4590,21140000,18299
1,2114,21140000,21140100,1836,4590,21150000,18308
1,2115,21150000,21150100,1836,4590,21160000,18317
1,2116,21160000,21160100,1836,4590,21170000,18325
1,2117,21170000,21170100,1836,4590,21180000,18334
1,2118,21180000,21180100,1836,4590,21190000,18344
1,2119,21190000,21190100,1836,4590,21200000,18350
1,212,2120000,2120100,1836,4590,2130000,1833
1,2120,21200000,21200100,1836,4590,21210000,18360
1,2121,21210000,21210100,1836,4590,21220000,18370
1,2122,21220000,21220100,1836,4590,21230000,18377
1,2123,21230000,21230100,1836,4590,21240000,18384
1,2124,21240000,21240100,1836,4590,21250000,18397
1,2125,21250000,21250100,1836,4590,21260000,18404
1,2126,21260000,21260100,1836,4590,21270000,18411
1,2127,21270000,21270100,1836,4590,21280000,18419
1,2128,21280000,21280100,1836,4590,21290000,18431
1,2129,21290000,21290100,1836,4590,21300000,18437
1,213,2130000,2130100,1836,4590,2140000,1843
1,2130,21300000,21300100,1836,4590,21310000,18448
1,2131,21310000,21310100,1836,4590,21320000,18456
1,2132,21320000,21320100,1836,4590,21330000,18464
1,2133,21330000,21330100,1836,4590,21340000,18472
1,2134,21340000,21340100,1836,4590,21350000,18480
1,2135,21350000,21350100,1836,4590,21360000,18489
1,2136,21360000,21360100,1836,4590,21370000,18501
1,2137,21370000,21370100,1836,4590,21380000,18507
1,2138,21380000,21380100,1836,4590,21390000,18516
1,2139,21390000,21390100,1836,4590,21400000,18525
1,214,2140000,2140100,1836,4590,2150000,1851
1,2140,21400000,21400100,1836,4590,21410000,18534
1,2141,21410000,21410100,1836,4590,21420000,18540
1,2142,21420000,21420100,1836,4590,21430000,18552
1,2143,21430000,21430100,1836,4590,21440000,18558
1,2144,21440000,21440100,1836,4590,21450000,18567
1,2145,21450000,21450100,1836,4590,21460000,18579
1,2146,21460000,21460100,1836,4590,21470000,18586
1,2147,21470000,21470100,1836,4590,21480000,18592
1,2148,21480000,21480100,1836,4590,21490000,18603
1,2149,21490000,21490100,1836,4590,21500000,18611
1,215,2150000,2150100,1836,4590,2160000,1858
1,2150,21500000,21500100,1836,4590,21510000,18620
1,2151,21510000,21510100,1836,4590,21520000,18628
1,2152,21520000,21520100,1836,4590,21530000,18639
1,2153,21530000,21530100,1836,4590,21540000,18645
1,2154,21540000,21540100,1836,4590,21550000,18655
1,2155,21550000,21550100,1836,4590,21560000,18662
1,2156,21560000,21560100,1836,4590,21570000,18673
1,2157,21570000,21570100,1836,4590,21580000,18681
1,2158,21580000,21580100,1836,4590,21590000,18688
1,2159,21590000,21590100,1836,4590,21600000,18696
1,216,2160000,2160100,1836,4590,2170000,1870
1,2160,21600000,21600100,1836,4590,21610000,18709
1,2161,21610000,21610100,1836,4590,21620000,18716
1,2162,21620000,21620100,1836,4590,21630000,18723
1,2163,21630000,21630100,1836,4590,21640000,18733
1,2164,21640000,21640100,1836,4590,21650000,18741
1,2165,21650000,21650100,1836,4590,21660000,18748
1,2166,21660000,21660100,1836,4590,21670000,18760
1,2167,21670000,21670100,1836,4590,21680000,18767
1,2168,21680000,21680100,1836,4590,21690000,18776
1,2169,21690000,21690100,1836,4590,21700000,18784
1,217,2170000,2170100,1836,4590,2180000,1878
1,2170,21700000,21700100,1836,4590,21710000,18794
1,2171,21710000,21710100,1836,4590,21720000,18800
1,2172,21720000,21720100,1836,4590,21730000,18812
1,2173,21730000,21730100,1836,4590,21740000,18820
1,2174,21740000,21740100,1836,4590,21750000,18827
1,2175,21750000,21750100,1836,4590,21760000,18836
1,2176,21760000,21760100,1836,4590,21770000,18845
1,2177,21770000,21770100,1836,4590,21780000,18853
1,2178,21780000,21780100,1836,4590,21790000,18864
1,2179,21790000,21790100,1836,4590,21800000,18870
1,218,2180000,2180100,1836,4590,2190000,1885
1,2180,21800000,21800100,1836,4590,21810000,18881
1,2181,21810000,21810100,1836,4590,21820000,18889
1,2182,21820000,21820100,1836,4590,21830000,18896
1,2183,21830000,21830100,1836,4590,21840000,18903
1,2184,21840000,21840100,1836,4590,21850000,18917
1,2185,21850000,21850100,1836,4590,21860000,18924
1,2186,21860000,21860100,1836,4590,21870000,18931
1,2187,21870000,21870100,1836,4590,21880000,18941
1,2188,21880000,21880100,1836,4590,21890000,18949
1,2189,21890000,21890100,1836,4590,21900000,18956
1,219,2190000,2190100,1836,4590,2200000,1893
1,2190,21900000,21900100,1836,4590,21910000,18967
1,2191,21910000,21910100,1836,4590,21920000,18975
1,2192,21920000,21920100,1836,4590,21930000,18984
1,2193,21930000,21930100,1836,4590,21940000,18992
1,2194,21940000,21940100,1836,4590,21950000,19002
1,2195,21950000,21950100,1836,4590,21960000,19009
1,2196,21960000,21960100,1836,4590,21970000,19020
1,2197,21970000,21970100,1836,4590,21980000,19026
1,2198,21980000,21980100,1836,4590,21990000,19035
1,2199,21990000,21990100,1836,4590,22000000,19043
1,22,220000,220100,1836,4590,230000,188
1,220,2200000,2200100,1836,4590,2210000,1905
1,2200,22000000,22000100,1836,4590,22010000,19054
1,2201,22010000,22010100,1836,4590,22020000,19062
1,2202,22020000,22020100,1836,4590,22030000,19072
1,2203,22030000,22030100,1836,4590,22040000,19078
1,2204,22040000,22040100,1836,4590,22050000,19086
1,2205,22050000,22050100,1836,4590,22060000,19098
1,2206,22060000,22060100,1836,4590,22070000,19105
1,2207,22070000,22070100,1836,4590,22080000,19111
1,2208,22080000,22080100,1836,4590,22090000,19125
1,2209,22090000,22090100,1836,4590,22100000,19131
1,221,2210000,2210100,1836,4590,2220000,1911
1,2210,22100000,22100100,1836,4590,22110000,19139
1,2211,22110000,22110100,1836,4590,22120000,19148
1,2212,22120000,22120100,1836,4590,22130000,19158
1,2213,22130000,22130100,1836,4590,22140000,19164
1,2214,22140000,22140100,1836,4590,22150000,19174
1,2215,22150000,22150100,1836,4590,22160000,19183
1,2216,22160000,22160100,1836,4590,22170000,19193
1,2217,22170000,22170100,1836,4590,22180000,19201
1,2218,22180000,22180100,1836,4590,22190000,19208
1,2219,22190000,22190100,1836,4590,22200000,19216
1,222,2220000,2220100,1836,4590,2230000,1921
1,2220,22200000,22200100,1836,4590,22210000,19228
1,2221,22210000,22210100,1836,4590,22220000,19234
1,2222,22220000,22220100,1836,4590,22230000,19244
1,2223,22230000,22230100,1836,4590,22240000,19252
1,2224,22240000,22240100,1836,4590,22250000,19261
1,2225,22250000,22250100,1836,4590,22260000,19268
1,2226,22260000,22260100,1836,4590,22270000,19280
1,2227,22270000,22270100,1836,4590,22280000,19287
1,2228,22280000,22280100,1836,4590,22290000,19295
1,2229,22290000,22290100,1836,4590,22300000,19305
1,223,2230000,2230100,1836,4590,2240000,1927
1,2230,22300000,22300100,1836,4590,22310000,19313
1,2231,22310000,22310100,1836,4590,22320000,19319
1,2232,22320000,22320100,1836,4590,22330000,19331
1,2233,22330000,22330100,1836,4590,22340000,19340
1,2234,22340000,22340100,1836,4590,22350000,19347
1,2235,22350000,22350100,1836,4590,22360000,19356
1,2236,22360000,22360100,1836,4590,22370000,19366
1,2237,22370000,22370100,1836,4590,22380000,19372
1,2238,22380000,22380100,1836,4590,22390000,19383
1,2239,22390000,22390100,1836,4590,22400000,19389
1,224,2240000,2240100,1836,4590,2250000,1938
1,2240,22400000,22400100,1836,4590,22410000,19401
1,2241,22410000,22410100,1836,4590,22420000,19409
1,2242,22420000,22420100,1836,4590,22430000,19416
1,2243,22430000,22430100,1836,4590,22440000,19424
1,2244,22440000,22440100,1836,4590,22450000,19436
1,2245,22450000,22450100,1836,4590,22460000,19443
1,2246,22460000,22460100,1836,4590,22470000,19450
1,2247,22470000,22470100,1836,4590,22480000,19460
1,2248,22480000,22480100,1836,4590,22490000,19469
1,2249,22490000,22490100,1836,4590,22500000,19476
1,225,2250000,2250100,1836,4590,2260000,1948
1,2250,22500000,22500100,1836,4590,22510000,19489
1,2251,22510000,22510100,1836,4590,22520000,19495
1,2252,22520000,22520100,1836,4590,22530000,19503
1,2253,22530000,22530100,1836,4590,22540000,19511
1,2254,22540000,22540100,1836,4590,22550000,19520
1,2255,22550000,22550100,1836,4590,22560000,19528
1,2256,22560000,22560100,1836,4590,22570000,19540
1,2257,22570000,22570100,1836,4590,22580000,19548
1,2258,22580000,22580100,1836,4590,22590000,19555
1,2259,22590000,22590100,1836,4590,22600000,19563
1,226,2260000,2260100,1836,4590,2270000,1955
1,2260,22600000,22600100,1836,4590,22610000,19573
1,2261,22610000,22610100,1836,4590,22620000,19581
1,2262,22620000,22620100,1836,4590,22630000,19591
1,2263,22630000,22630100,1836,4590,22640000,19597
1,2264,22640000,22640100,1836,4590,22650000,19608
1,2265,22650000,22650100,1836,4590,22660000,19617
1,2266,22660000,22660100,1836,4590,22670000,19625
1,2267,22670000,22670100,1836,4590,22680000,19631
1,2268,22680000,22680100,1836,4590,22690000,19644
1,2269,22690000,22690100,1836,4590,22700000,19650
1,227,2270000,2270100,1836,4590,2280000,1963
1,2270,22700000,22700100,1836,4590,22710000,19658
1,2271,22710000,22710100,1836,4590,22720000,19669
1,2272,22720000,22720100,1836,4590,22730000,19678
1,2273,22730000,22730100,1836,4590,22740000,19684
1,2274,22740000,22740100,1836,4590,22750000,19694
1,2275,22750000,22750100,1836,4590,22760000,19703
1,2276,22760000,22760100,1836,4590,22770000,19711
1,2277,22770000,22770100,1836,4590,22780000,19720
1,2278,22780000,22780100,1836,4590,22790000,19729
1,2279,22790000,22790100,1836,4590,22800000,19735
1,228,2280000,2280100,1836,4590,2290000,1974
1,2280,22800000,22800100,1836,4590,22810000,19748
1,2281,22810000,22810100,1836,4590,22820000,19754
1,2282,22820000,22820100,1836,4590,22830000,19764
1,2283,22830000,22830100,1836,4590,22840000,19772
1,2284,22840000,22840100,1836,4590,22850000,19780
1,2285,22850000,22850100,1836,4590,22860000,19789
1,2286,22860000,22860100,1836,4590,22870000,19799
1,2287,22870000,22870100,1836,4590,22880000,19805
1,2288,22880000,22880100,1836,4590,22890000,19815
1,2289,22890000,22890100,1836,4590,22900000,19825
1,229,2290000,2290100,1836,4590,2300000,1980
1,2290,22900000,22900100,1836,4590,22910000,19833
1,2291,22910000,22910100,1836,4590,22920000,19839
1,2292,22920000,22920100,1836,4590,22930000,19852
1,2293,22930000,22930100,1836,4590,22940000,19859
1,2294,22940000,22940100,1836,4590,22950000,19866
1,2295,22950000,22950100,1836,4590,22960000,19875
1,2296,22960000,22960100,1836,4590,22970000,19886
1,2297,22970000,22970100,1836,4590,22980000,19892
1,2298,22980000,22980100,1836,4590,22990000,19902
1,2299,22990000,22990100,1836,4590,23000000,19911
1,23,230000,230100,1836,4590,240000,194
1,230,2300000,2300100,1836,4590,2310000,1988
1,2300,23000000,23000100,1836,4590,23010000,19920
1,2301,23010000,23010100,1836,4590,23020000,19928
1,2302,23020000,23020100,1836,4590,23030000,19935
1,2303,23030000,23030100,1836,4590,23040000,19943
1,2304,23040000,23040100,1836,4590,23050000,19956
1,2305,23050000,23050100,1836,4590,23060000,19963
1,2306,23060000,23060100,1836,4590,23070000,19972
1,2307,23070000,23070100,1836,4590,23080000,19980
1,2308,23080000,23080100,1836,4590,23090000,19988
1,2309,23090000,23090100,1836,4590,23100000,19994
1,231,2310000,2310100,1836,4590,2320000,1999
1,2310,23100000,23100100,1836,4590,23110000,20008
1,2311,23110000,23110100,1836,4590,23120000,20014
1,2312,23120000,23120100,1836,4590,23130000,20023
1,2313,23130000,23130100,1836,4590,23140000,20033
1,2314,23140000,23140100,1836,4590,23150000,20040
1,2315,23150000,23150100,1836,4590,23160000,20048
1,2316,23160000,23160100,1836,4590,23170000,20059
1,2317,23170000,23170100,1836,4590,23180000,20067
1,2318,23180000,23180100,1836,4590,23190000,20074
1,2319,23190000,23190100,1836,4590,23200000,20082
1,232,2320000,2320100,1836,4590,2330000,2008
1,2320,23200000,23200100,1836,4590,23210000,20094
1,2321,23210000,23210100,1836,4590,23220000,20101
1,2322,23220000,23220100,1836,4590,23230000,20111
1,2323,23230000,23230100,1836,4590,23240000,20117
1,2324,23240000,23240100,1836,4590,23250000,20127
1,2325,23250000,23250100,1836,4590,23260000,20136
1,2326,23260000,23260100,1836,4590,23270000,20144
1,2327,23270000,23270100,1836,4590,23280000,20152
1,2328,23280000,23280100,1836,4590,23290000,20164
1,2329,23290000,23290100,1836,4590,23300000,20170
1,233,2330000,2330100,1836,4590,2340000,2014
1,2330,23300000,23300100,1836,4590,23310000,20178
1,2331,23310000,23310100,1836,4590,23320000,20188
1,2332,23320000,23320100,1836,4590,23330000,20197
1,2333,23330000,23330100,1836,4590,23340000,20203
1,2334,23340000,23340100,1836,4590,23350000,20215
1,2335,23350000,23350100,1836,4590,23360000,20222
1,2336,23360000,23360100,1836,4590,23370000,20231
1,2337,23370000,23370100,1836,4590,23380000,20240
1,2338,23380000,23380100,1836,4590,23390000,20249
1,2339,23390000,23390100,1836,4590,23400000,20255
1,234,2340000,2340100,1836,4590,2350000,2026
1,2340,23400000,23400100,1836,4590,23410000,20267
1,2341,23410000,23410100,1836,4590,23420000,20275
1,2342,23420000,23420100,1836,4590,23430000,20282
1,2343,23430000,23430100,1836,4590,23440000,20291
1,2344,23440000,23440100,1836,4590,23450000,20300
1,2345,23450000,23450100,1836,4590,23460000,20309
1,2346,23460000,23460100,1836,4590,23470000,20319
1,2347,23470000,23470100,1836,4590,23480000,20325
1,2348,23480000,23480100,1836,4590,23490000,20336
1,2349,23490000,23490100,1836,4590,23500000,20344
1,235,2350000,2350100,1836,4590,2360000,2033
1,2350,23500000,23500100,1836,4590,23510000,20352
1,2351,23510000,23510100,1836,4590,23520000,20358
1,2352,23520000,23520100,1836,4590,23530000,20372
1,2353,23530000,23530100,1836,4590,23540000,20378
1,2354,23540000,23540100,1836,4590,23550000,20386
1,2355,23550000,23550100,1836,4590,23560000,20397
1,2356,23560000,23560100,1836,4590,23570000,20405
1,2357,23570000,23570100,1836,4590,23580000,20411
1,2358,23580000,23580100,1836,4590,23590000,20421
1,2359,23590000,23590100,1836,4590,23600000,20430
1,236,2360000,2360100,1836,4590,2370000,2042
1,2360,23600000,23600100,1836,4590,23610000,20440
1,2361,23610000,23610100,1836,4590,23620000,20448
1,2362,23620000,23620100,1836,4590,23630000,20457
1,2363,23630000,23630100,1836,4590,23640000,20463
1,2364,23640000,23640100,1836,4590,23650000,20474
1,2365,23650000,23650100,1836,4590,23660000,20482
1,2366,23660000,23660100,1836,4590,23670000,20491
1,2367,23670000,23670100,1836,4590,23680000,20499
1,2368,23680000,23680100,1836,4590,23690000,20508
1,2369,23690000,23690100,1836,4590,23700000,20516
1,237,2370000,2370100,1836,4590,2380000,2050
1,2370,23700000,23700100,1836,4590,23710000,20528
1,2371,23710000,23710100,1836,4590,23720000,20534
1,2372,23720000,23720100,1836,4590,23730000,20542
1,2373,23730000,23730100,1836,4590,23740000,20552
1,2374,23740000,23740100,1836,4590,23750000,20559
1,2375,23750000,23750100,1836,4590,23760000,20566
1,2376,23760000,23760100,1836,4590,23770000,20581
1,2377,23770000,23770100,1836,4590,23780000,20587
1,2378,23780000,23780100,1836,4590,23790000,20594
1,2379,23790000,23790100,1836,4590,23800000,20602
1,238,2380000,2380100,1836,4590,2390000,2059
1,2380,23800000,23800100,1836,4590,23810000,20613
1,2381,23810000,23810100,1836,4590,23820000,20620
1,2382,23820000,23820100,1836,4590,23830000,20630
1,2383,23830000,23830100,1836,4590,23840000,20638
1,2384,23840000,23840100,1836,4590,23850000,20647
1,2385,23850000,23850100,1836,4590,23860000,20656
1,2386,23860000,23860100,1836,4590,23870000,20663
1,2387,23870000,23870100,1836,4590,23880000,20672
1,2388,23880000,23880100,1836,4590,23890000,20683
1,2389,23890000,23890100,1836,4590,23900000,20689
1,239,2390000,2390100,1836,4590,2400000,2065
1,2390,23900000,23900100,1836,4590,23910000,20699
1,2391,23910000,23910100,1836,4590,23920000,20707
1,2392,23920000,23920100,1836,4590,23930000,20717
1,2393,23930000,23930100,1836,4590,23940000,20723
1,2394,23940000,23940100,1836,4590,23950000,20735
1,2395,23950000,23950100,1836,4590,23960000,20742
1,2396,23960000,23960100,1836,4590,23970000,20750
1,2397,23970000,23970100,1836,4590,23980000,20760
1,2398,23980000,23980100,1836,4590,23990000,20768
1,2399,23990000,23990100,1836,4590,24000000,20774
1,24,240000,240100,1836,4590,250000,208
1,240,2400000,2400100,1836,4590,2410000,2078
1,2400,24000000,24000100,1836,4590,24010000,20787
1,2401,24010000,24010100,1836,4590,24020000,20795
1,2402,24020000,24020100,1836,4590,24030000,20802
1,2403,24030000,24030100,1836,4590,24040000,20811
1,2404,24040000,24040100,1836,4590,24050000,20821
1,2405,24050000,24050100,1836,4590,24060000,20828
1,2406,24060000,24060100,1836,4590,24070000,20838
1,2407,24070000,24070100,1836,4590,24080000,20844
1,2408,24080000,24080100,1836,4590,24090000,20855
1,2409,24090000,24090100,1836,4590,24100000,20864
1,241,2410000,2410100,1836,4590,2420000,2086
1,2410,24100000,24100100,1836,4590,24110000,20872
1,2411,24110000,24110100,1836,4590,24120000,20880
1,2412,24120000,24120100,1836,4590,24130000,20891
1,2413,24130000,24130100,1836,4590,24140000,20897
1,2414,24140000,24140100,1836,4590,24150000,20905
1,2415,24150000,24150100,1836,4590,24160000,20916
1,2416,24160000,24160100,1836,4590,24170000,20925
1,2417,24170000,24170100,1836,4590,24180000,20931
1,2418,24180000,24180100,1836,4590,24190000,20943
1,2419,24190000,24190100,1836,4590,24200000,20949
1,242,2420000,2420100,1836,4590,2430000,2094
1,2420,24200000,24200100,1836,4590,24210000,20959
1,2421,24210000,24210100,1836,4590,24220000,20967
1,2422,24220000,24220100,1836,4590,24230000,20976
1,2423,24230000,24230100,1836,4590,24240000,20982
1,2424,24240000,24240100,1836,4590,24250000,20994
1,2425,24250000,24250100,1836,4590,24260000,21004
1,2426,24260000,24260100,1836,4590,24270000,21011
1,2427,24270000,24270100,1836,4590,24280000,21019
1,2428,24280000,24280100,1836,4590,24290000,21027
1,2429,24290000,24290100,1836,4590,24300000,21035
1,243,2430000,2430100,1836,4590,2440000,2102
1,2430,24300000,24300100,1836,4590,24310000,21046
1,2431,24310000,24310100,1836,4590,24320000,21053
1,2432,24320000,24320100,1836,4590,24330000,21064
1,2433,24330000,24330100,1836,4590,24340000,21072
1,2434,24340000,24340100,1836,4590,24350000,21079
1,2435,24350000,24350100,1836,4590,24360000,21086
1,2436,24360000,24360100,1836,4590,24370000,21100
1,2437,24370000,24370100,1836,4590,24380000,21106
1,2438,24380000,24380100,1836,4590,24390000,21113
1,2439,24390000,24390100,1836,4590,24400000,21123
1,244,2440000,2440100,1836,4590,2450000,2110
1,2440,24400000,24400100,1836,4590,24410000,21133
1,2441,24410000,24410100,1836,4590,24420000,21139
1,2442,24420000,24420100,1836,4590,24430000,21150
1,2443,24430000,24430100,1836,4590,24440000,21158
1,2444,24440000,24440100,1836,4590,24450000,21166
1,2445,24450000,24450100,1836,4590,24460000,21175
1,2446,24460000,24460100,1836,4590,24470000,21184
1,2447,24470000,24470100,1836,4590,24480000,21191
1,2448,24480000,24480100,1836,4590,24490000,21203
1,2449,24490000,24490100,1836,4590,24500000,21209
1,245,2450000,2450100,1836,4590,2460000,2119
1,2450,24500000,24500100,1836,4590,24510000,21219
1,2451,24510000,24510100,1836,4590,24520000,21227
1,2452,24520000,24520100,1836,4590,24530000,21235
1,2453,24530000,24530100,1836,4590,24540000,21244
1,2454,24540000,24540100,1836,4590,24550000,21254
1,2455,24550000,24550100,1836,4590,24560000,21261
1,2456,24560000,24560100,1836,4590,24570000,21270
1,2457,24570000,24570100,1836,4590,24580000,21280
1,2458,24580000,24580100,1836,4590,24590000,21288
1,2459,24590000,24590100,1836,4590,24600000,21294
1,246,2460000,2460100,1836,4590,2470000,2129
1,2460,24600000,24600100,1836,4590,24610000,21308
1,2461,24610000,24610100,1836,4590,24620000,21314
1,2462,24620000,24620100,1836,4590,24630000,21321
1,2463,24630000,24630100,1836,4590,24640000,21329
1,2464,24640000,24640100,1836,4590,24650000,21341
1,2465,24650000,24650100,1836,4590,24660000,21348
1,2466,24660000,24660100,1836,4590,24670000,21358
1,2467,24670000,24670100,1836,4590,24680000,21366
1,2468,24680000,24680100,1836,4590,24690000,21374
1,2469,24690000,24690100,1836,4590,24700000,21383
1,247,2470000,2470100,1836,4590,2480000,2136
1,2470,24700000,24700100,1836,4590,24710000,21391
1,2471,24710000,24710100,1836,4590,24720000,21399
1,2472,24720000,24720100,1836,4590,24730000,21411
1,2473,24730000,24730100,1836,4590,24740000,21417
1,2474,24740000,24740100,1836,4590,24750000,21426
1,2475,24750000,24750100,1836,4590,24760000,21436
1,2476,24760000,24760100,1836,4590,24770000,21444
1,2477,24770000,24770100,1836,4590,24780000,21450
1,2478,24780000,24780100,1836,4590,24790000,21462
1,2479,24790000,24790100,1836,4590,24800000,21468
1,248,2480000,2480100,1836,4590,2490000,2147
1,2480,24800000,24800100,1836,4590,24810000,21479
1,2481,24810000,24810100,1836,4590,24820000,21489
1,2482,24820000,24820100,1836,4590,24830000,21496
1,2483,24830000,24830100,1836,4590,24840000,21502
1,2484,24840000,24840100,1836,4590,24850000,21513
1,2485,24850000,24850100,1836,4590,24860000,21522
1,2486,24860000,24860100,1836,4590,24870000,21530
1,2487,24870000,24870100,1836,4590,24880000,21538
1,2488,24880000,24880100,1836,4590,24890000,21549
1,2489,24890000,24890100,1836,4590,24900000,21555
1,249,2490000,2490100,1836,4590,2500000,2155
1,2490,24900000,24900100,1836,4590,24910000,21566
1,2491,24910000,24910100,1836,4590,24920000,21573
1,2492,24920000,24920100,1836,4590,24930000,21583
1,2493,24930000,24930100,1836,4590,24940000,21591
1,2494,24940000,24940100,1836,4590,24950000,21598
1,2495,24950000,24950100,1836,4590,24960000,21607
1,2496,24960000,24960100,1836,4590,24970000,21619
1,2497,24970000,24970100,1836,4590,24980000,21626
1,2498,24980000,24980100,1836,4590,24990000,21633
1,2499,24990000,24990100,1836,4590,25000000,21643
1,25,250000,250100,1836,4590,260000,215
1,250,2500000,2500100,1836,4590,2510000,2163
1,2500,25000000,25000100,1836,4590,25010000,21652
1,2501,25010000,25010100,1836,4590,25020000,21658
1,2502,25020000,25020100,1836,4590,25030000,21671
1,2503,25030000,25030100,1836,4590,25040000,21677
1,2504,25040000,25040100,1836,4590,25050000,21686
1,2505,25050000,25050100,1836,4590,25060000,21695
1,2506,25060000,25060100,1836,4590,25070000,21704
1,2507,25070000,25070100,1836,4590,25080000,21710
1,2508,25080000,25080100,1836,4590,25090000,21722
1,2509,25090000,25090100,1836,4590,25100000,21730
1,251,2510000,2510100,1836,4590,2520000,2169
1,2510,25100000,25100100,1836,4590,25110000,21738
1,2511,25110000,25110100,1836,4590,25120000,21746
1,2512,25120000,25120100,1836,4590,25130000,21755
1,2513,25130000,25130100,1836,4590,25140000,21764
1,2514,25140000,25140100,1836,4590,25150000,21774
1,2515,25150000,25150100,1836,4590,25160000,21781
1,2516,25160000,25160100,1836,4590,25170000,21791
1,2517,25170000,25170100,1836,4590,25180000,21799
1,2518,25180000,25180100,1836,4590,25190000,21806
1,2519,25190000,25190100,1836,4590,25200000,21813
1,252,2520000,2520100,1836,4590,2530000,2182
1,2520,25200000,25200100,1836,4590,25210000,21828
1,2521,25210000,25210100,1836,4590,25220000,21834
1,2522,25220000,25220100,1836,4590,25230000,21841
1,2523,25230000,25230100,1836,4590,25240000,21851
1,2524,25240000,25240100,1836,4590,25250000,21860
1,2525,25250000,25250100,1836,4590,25260000,21867
1,2526,25260000,25260100,1836,4590,25270000,21877
1,2527,25270000,25270100,1836,4590,25280000,21885
1,2528,25280000,25280100,1836,4590,25290000,21894
1,2529,25290000,25290100,1836,4590,25300000,21902
1,253,2530000,2530100,1836,4590,2540000,2189
1,2530,25300000,25300100,1836,4590,25310000,21913
1,2531,25310000,25310100,1836,4590,25320000,21919
1,2532,25320000,25320100,1836,4590,25330000,21930
1,2533,25330000,25330100,1836,4590,25340000,21936
1,2534,25340000,25340100,1836,4590,25350000,21945
1,2535,25350000,25350100,1836,4590,25360000,21955
1,2536,25360000,25360100,1836,4590,25370000,21964
1,2537,25370000,25370100,1836,4590,25380000,21972
1,2538,25380000,25380100,1836,4590,25390000,21982
1,2539,25390000,25390100,1836,4590,25400000,21988
1,254,2540000,2540100,1836,4590,2550000,2196
1,2540,25400000,25400100,1836,4590,25410000,21997
1,2541,25410000,25410100,1836,4590,25420000,22008
1,2542,25420000,25420100,1836,4590,25430000,22015
1,2543,25430000,25430100,1836,4590,25440000,22021
1,2544,25440000,25440100,1836,4590,25450000,22035
1,2545,25450000,25450100,1836,4590,25460000,22042
1,2546,25460000,25460100,1836,4590,25470000,22050
1,2547,25470000,25470100,1836,4590,25480000,22058
1,2548,25480000,25480100,1836,4590,25490000,22068
1,2549,25490000,25490100,1836,4590,25500000,22074
1,255,2550000,2550100,1836,4590,2560000,2207
1,2550,25500000,25500100,1836,4590,25510000,22085
1,2551,25510000,25510100,1836,4590,25520000,22093
1,2552,25520000,25520100,1836,4590,25530000,22103
1,2553,25530000,25530100,1836,4590,25540000,22111
1,2554,25540000,25540100,1836,4590,25550000,22118
1,2555,25550000,25550100,1836,4590,25560000,22127
1,2556,25560000,25560100,1836,4590,25570000,22138
1,2557,25570000,25570100,1836,4590,25580000,22145
1,2558,25580000,25580100,1836,4590,25590000,22154
1,2559,25590000,25590100,1836,4590,25600000,22162
1,256,2560000,2560100,1836,4590,2570000,2216
1,2560,25600000,25600100,1836,4590,25610000,22172
1,2561,25610000,25610100,1836,4590,25620000,22178
1,2562,25620000,25620100,1836,4590,25630000,22190
1,2563,25630000,25630100,1836,4590,25640000,22197
1,2564,25640000,25640100,1836,4590,25650000,22205
1,2565,25650000,25650100,1836,4590,25660000,22216
1,2566,25660000,25660100,1836,4590,25670000,22223
1,2567,25670000,25670100,1836,4590,25680000,22229
1,2568,25680000,25680100,1836,4590,25690000,22242
1,2569,25690000,25690100,1836,4590,25700000,22250
1,257,2570000,2570100,1836,4590,2580000,2222
1,2570,25700000,25700100,1836,4590,25710000,22258
1,2571,25710000,25710100,1836,4590,25720000,22266
1,2572,25720000,25720100,1836,4590,25730000,22276
1,2573,25730000,25730100,1836,4590,25740000,22282
1,2574,25740000,25740100,1836,4590,25750000,22293
1,2575,25750000,25750100,1836,4590,25760000,22300
1,2576,25760000,25760100,1836,4590,25770000,22311
1,2577,25770000,25770100,1836,4590,25780000,22319
1,2578,25780000,25780100,1836,4590,25790000,22326
1,2579,25790000,25790100,1836,4590,25800000,22335
1,258,2580000,2580100,1836,4590,2590000,2233
1,2580,25800000,25800100,1836,4590,25810000,22347
1,2581,25810000,25810100,1836,4590,25820000,22353
1,2582,25820000,25820100,1836,4590,25830000,22360
1,2583,25830000,25830100,1836,4590,25840000,22370
1,2584,25840000,25840100,1836,4590,25850000,22379
1,2585,25850000,25850100,1836,4590,25860000,22387
1,2586,25860000,25860100,1836,4590,25870000,22399
1,2587,25870000,25870100,1836,4590,25880000,22405
1,2588,25880000,25880100,1836,4590,25890000,22413
1,2589,25890000,25890100,1836,4590,25900000,22421
1,259,2590000,2590100,1836,4590,2600000,2241
1,2590,25900000,25900100,1836,4590,25910000,22432
1,2591,25910000,25910100,1836,4590,25920000,22438
1,2592,25920000,25920100,1836,4590,25930000,22450
1,2593,25930000,25930100,1836,4590,25940000,22458
1,2594,25940000,25940100,1836,4590,25950000,22465
1,2595,25950000,25950100,1836,4590,25960000,22474
1,2596,25960000,25960100,1836,4590,25970000,22483
1,2597,25970000,25970100,1836,4590,25980000,22491
1,2598,25980000,25980100,1836,4590,25990000,22501
1,2599,25990000,25990100,1836,4590,26000000,22507
1,26,260000,260100,1836,4590,270000,222
1,260,2600000,2600100,1836,4590,2610000,2250
1,2600,26000000,26000100,1836,4590,26010000,22519
1,2601,26010000,26010100,1836,4590,26020000,22528
1,2602,26020000,26020100,1836,4590,26030000,22535
1,2603,26030000,26030100,1836,4590,26040000,22541
1,2604,26040000,26040100,1836,4590,26050000,22554
1,2605,26050000,26050100,1836,4590,26060000,22561
1,2606,26060000,26060100,1836,4590,26070000,22568
1,2607,26070000,26070100,1836,4590,26080000,22579
1,2608,26080000,26080100,1836,4590,26090000,22588
1,2609,26090000,26090100,1836,4590,26100000,22594
1,261,2610000,2610100,1836,4590,2620000,2258
1,2610,26100000,26100100,1836,4590,26110000,22605
1,2611,26110000,26110100,1836,4590,26120000,22613
1,2612,26120000,26120100,1836,4590,26130000,22622
1,2613,26130000,26130100,1836,4590,26140000,22630
1,2614,26140000,26140100,1836,4590,26150000,22639
1,2615,26150000,26150100,1836,4590,26160000,22646
1,2616,26160000,26160100,1836,4590,26170000,22658
1,2617,26170000,26170100,1836,4590,26180000,22664
1,2618,26180000,26180100,1836,4590,26190000,22674
1,2619,26190000,26190100,1836,4590,26200000,22682
1,262,2620000,2620100,1836,4590,2630000,2267
1,2620,26200000,26200100,1836,4590,26210000,22691
1,2621,26210000,26210100,1836,4590,26220000,22699
1,2622,26220000,26220100,1836,4590,26230000,22709
1,2623,26230000,26230100,1836,4590,26240000,22716
1,2624,26240000,26240100,1836,4590,26250000,22725
1,2625,26250000,26250100,1836,4590,26260000,22736
1,2626,26260000,26260100,1836,4590,26270000,22743
1,2627,26270000,26270100,1836,4590,26280000,22749
1,2628,26280000,26280100,1836,4590,26290000,22762
1,2629,26290000,26290100,1836,4590,26300000,22769
1,263,2630000,2630100,1836,4590,2640000,2273
1,2630,26300000,26300100,1836,4590,26310000,22777
1,2631,26310000,26310100,1836,4590,26320000,22785
1,2632,26320000,26320100,1836,4590,26330000,22796
1,2633,26330000,26330100,1836,4590,26340000,22802
1,2634,26340000,26340100,1836,4590,26350000,22813
1,2635,26350000,26350100,1836,4590,26360000,22822
1,2636,26360000,26360100,1836,4590,26370000,22830
1,2637,26370000,26370100,1836,4590,26380000,22838
1,2638,26380000,26380100,1836,4590,26390000,22845
1,2639,26390000,26390100,1836,4590,26400000,22853
1,264,2640000,2640100,1836,4590,2650000,2286
1,2640,26400000,26400100,1836,4590,26410000,22867
1,2641,26410000,26410100,1836,4590,26420000,22873
1,2642,26420000,26420100,1836,4590,26430000,22882
1,2643,26430000,26430100,1836,4590,26440000,22890
1,2644,26440000,26440100,1836,4590,26450000,22898
1,2645,26450000,26450100,1836,4590,26460000,22906
1,2646,26460000,26460100,1836,4590,26470000,22918
1,2647,26470000,26470100,1836,4590,26480000,22924
1,2648,26480000,26480100,1836,4590,26490000,22933
1,2649,26490000,26490100,1836,4590,26500000,22943
1,265,2650000,2650100,1836,4590,2660000,2293
1,2650,26500000,26500100,1836,4590,26510000,22951
1,2651,26510000,26510100,1836,4590,26520000,22958
1,2652,26520000,26520100,1836,4590,26530000,22969
1,2653,26530000,26530100,1836,4590,26540000,22977
1,2654,26540000,26540100,1836,4590,26550000,22984
1,2655,26550000,26550100,1836,4590,26560000,22993
1,2656,26560000,26560100,1836,4590,26570000,23005
1,2657,26570000,26570100,1836,4590,26580000,23011
1,2658,26580000,26580100,1836,4590,26590000,23021
1,2659,26590000,26590100,1836,4590,26600000,23027
1,266,2660000,2660100,1836,4590,2670000,2302
1,2660,26600000,26600100,1836,4590,26610000,23038
1,2661,26610000,26610100,1836,4590,26620000,23046
1,2662,26620000,26620100,1836,4590,26630000,23054
1,2663,26630000,26630100,1836,4590,26640000,23062
1,2664,26640000,26640100,1836,4590,26650000,23074
1,2665,26650000,26650100,1836,4590,26660000,23081
1,2666,26660000,26660100,1836,4590,26670000,23088
1,2667,26670000,26670100,1836,4590,26680000,23099
1,2668,26680000,26680100,1836,4590,26690000,23107
1,2669,26690000,26690100,1836,4590,26700000,23113
1,267,2670000,2670100,1836,4590,2680000,2310
1,2670,26700000,26700100,1836,4590,26710000,23126
1,2671,26710000,26710100,1836,4590,26720000,23132
1,2672,26720000,26720100,1836,4590,26730000,23141
1,2673,26730000,26730100,1836,4590,26740000,23150
1,2674,26740000,26740100,1836,4590,26750000,23159
1,2675,26750000,26750100,1836,4590,26760000,23166
1,2676,26760000,26760100,1836,4590,26770000,23177
1,2677,26770000,26770100,1836,4590,26780000,23185
1,2678,26780000,26780100,1836,4590,26790000,23193
1,2679,26790000,26790100,1836,4590,26800000,23201
1,268,2680000,2680100,1836,4590,2690000,2318
1,2680,26800000,26800100,1836,4590,26810000,23211
1,2681,26810000,26810100,1836,4590,26820000,23219
1,2682,26820000,26820100,1836,4590,26830000,23229
1,2683,26830000,26830100,1836,4590,26840000,23235
1,2684,26840000,26840100,1836,4590,26850000,23246
1,2685,26850000,26850100,1836,4590,26860000,23255
1,2686,26860000,26860100,1836,4590,26870000,23262
1,2687,26870000,26870100,1836,4590,26880000,23268
1,2688,26880000,26880100,1836,4590,26890000,23282
1,2689,26890000,26890100,1836,4590,26900000,23289
1,269,2690000,2690100,1836,4590,2700000,2327
1,2690,26900000,26900100,1836,4590,26910000,23297
1,2691,26910000,26910100,1836,4590,26920000,23307
1,2692,26920000,26920100,1836,4590,26930000,23315
1,2693,26930000,26930100,1836,4590,26940000,23321
1,2694,26940000,26940100,1836,4590,26950000,23331
1,2695,26950000,26950100,1836,4590,26960000,23341
1,2696,26960000,26960100,1836,4590,26970000,23350
1,2697,26970000,26970100,1836,4590,26980000,23358
1,2698,26980000,26980100,1836,4590,26990000,23367
1,2699,26990000,26990100,1836,4590,27000000,23373
1,27,270000,270100,1836,4590,280000,231
1,270,2700000,2700100,1836,4590,2710000,2338
1,2700,27000000,27000100,1836,4590,27010000,23386
1,2701,27010000,27010100,1836,4590,27020000,23392
1,2702,27020000,27020100,1836,4590,27030000,23401
1,2703,27030000,27030100,1836,4590,27040000,23409
1,2704,27040000,27040100,1836,4590,27050000,23418
1,2705,27050000,27050100,1836,4590,27060000,23427
1,2706,27060000,27060100,1836,4590,27070000,23438
1,2707,27070000,27070100,1836,4590,27080000,23444
1,2708,27080000,27080100,1836,4590,27090000,23452
1,2709,27090000,27090100,1836,4590,27100000,23462
1,271,2710000,2710100,1836,4590,2720000,2344
1,2710,27100000,27100100,1836,4590,27110000,23470
1,2711,27110000,27110100,1836,4590,27120000,23477
1,2712,27120000,27120100,1836,4590,27130000,23491
1,2713,27130000,27130100,1836,4590,27140000,23497
1,2714,27140000,27140100,1836,4590,27150000,23504
1,2715,27150000,27150100,1836,4590,27160000,23513
1,2716,27160000,27160100,1836,4590,27170000,23523
1,2717,27170000,27170100,1836,4590,27180000,23530
1,2718,27180000,27180100,1836,4590,27190000,23540
1,2719,27190000,27190100,1836,4590,27200000,23548
1,272,2720000,2720100,1836,4590,2730000,2353
1,2720,27200000,27200100,1836,4590,27210000,23558
1,2721,27210000,27210100,1836,4590,27220000,23566
1,2722,27220000,27220100,1836,4590,27230000,23574
1,2723,27230000,27230100,1836,4590,27240000,23582
1,2724,27240000,27240100,1836,4590,27250000,23593
1,2725,27250000,27250100,1836,4590,27260000,23600
1,2726,27260000,27260100,1836,4590,27270000,23609
1,2727,27270000,27270100,1836,4590,27280000,23617
1,2728,27280000,27280100,1836,4590,27290000,23627
1,2729,27290000,27290100,1836,4590,27300000,23633
1,273,2730000,2730100,1836,4590,2740000,2363
1,2730,27300000,27300100,1836,4590,27310000,23646
1,2731,27310000,27310100,1836,4590,27320000,23652
1,2732,27320000,27320100,1836,4590,27330000,23660
1,2733,27330000,27330100,1836,4590,27340000,23671
1,2734,27340000,27340100,1836,4590,27350000,23678
1,2735,27350000,27350100,1836,4590,27360000,23685
1,2736,27360000,27360100,1836,4590,27370000,23697
1,2737,27370000,27370100,1836,4590,27380000,23705
1,2738,27380000,27380100,1836,4590,27390000,23712
1,2739,27390000,27390100,1836,4590,27400000,23721
1,274,2740000,2740100,1836,4590,2750000,2370
1,2740,27400000,27400100,1836,4590,27410000,23732
1,2741,27410000,27410100,1836,4590,27420000,23738
1,2742,27420000,27420100,1836,4590,27430000,23748
1,2743,27430000,27430100,1836,4590,27440000,23754
1,2744,27440000,27440100,1836,4590,27450000,23766
1,2745,27450000,27450100,1836,4590,27460000,23775
1,2746,27460000,27460100,1836,4590,27470000,23782
1,2747,27470000,27470100,1836,4590,27480000,23790
1,2748,27480000,27480100,1836,4590,27490000,23801
1,2749,27490000,27490100,1836,4590,27500000,23807
1,275,2750000,2750100,1836,4590,2760000,2378
1,2750,27500000,27500100,1836,4590,27510000,23816
1,2751,27510000,27510100,1836,4590,27520000,23826
1,2752,27520000,27520100,1836,4590,27530000,23835
1,2753,27530000,27530100,1836,4590,27540000,23841
1,2754,27540000,27540100,1836,4590,27550000,23853
1,2755,27550000,27550100,1836,4590,27560000,23861
1,2756,27560000,27560100,1836,4590,27570000,23869
1,2757,27570000,27570100,1836,4590,27580000,23877
1,2758,27580000,27580100,1836,4590,27590000,23886
1,2759,27590000,27590100,1836,4590,27600000,23892
1,276,2760000,2760100,1836,4590,2770000,2391
1,2760,27600000,27600100,1836,4590,27610000,23905
1,2761,27610000,27610100,1836,4590,27620000,23914
1,2762,27620000,27620100,1836,4590,27630000,23921
1,2763,27630000,27630100,1836,4590,27640000,23929
1,2764,27640000,27640100,1836,4590,27650000,23937
1,2765,27650000,27650100,1836,4590,27660000,23946
1,2766,27660000,27660100,1836,4590,27670000,23957
1,2767,27670000,27670100,1836,4590,27680000,23963
1,2768,27680000,27680100,1836,4590,27690000,23974
1,2769,27690000,27690100,1836,4590,27700000,23982
1,277,2770000,2770100,1836,4590,2780000,2397
1,2770,27700000,27700100,1836,4590,27710000,23990
1,2771,27710000,27710100,1836,4590,27720000,23996
1,2772,27720000,27720100,1836,4590,27730000,24010
1,2773,27730000,27730100,1836,4590,27740000,24016
1,2774,27740000,27740100,1836,4590,27750000,24023
1,2775,27750000,27750100,1836,4590,27760000,24034
1,2776,27760000,27760100,1836,4590,27770000,24043
1,2777,27770000,27770100,1836,4590,27780000,24050
1,2778,27780000,27780100,1836,4590,27790000,24060
1,2779,27790000,27790100,1836,4590,27800000,24068
1,278,2780000,2780100,1836,4590,2790000,2404
1,2780,27800000,27800100,1836,4590,27810000,24077
1,2781,27810000,27810100,1836,4590,27820000,24085
1,2782,27820000,27820100,1836,4590,27830000,24094
1,2783,27830000,27830100,1836,4590,27840000,24101
1,2784,27840000,27840100,1836,4590,27850000,24113
1,2785,27850000,27850100,1836,4590,27860000,24120
1,2786,27860000,27860100,1836,4590,27870000,24129
1,2787,27870000,27870100,1836,4590,27880000,24137
1,2788,27880000,27880100,1836,4590,27890000,24146
1,2789,27890000,27890100,1836,4590,27900000,24154
1,279,2790000,2790100,1836,4590,2800000,2412
1,2790,27900000,27900100,1836,4590,27910000,24165
1,2791,27910000,27910100,1836,4590,27920000,24171
1,2792,27920000,27920100,1836,4590,27930000,24180
1,2793,27930000,27930100,1836,4590,27940000,24190
1,2794,27940000,27940100,1836,4590,27950000,24198
1,2795,27950000,27950100,1836,4590,27960000,24205
1,2796,27960000,27960100,1836,4590,27970000,24218
1,2797,27970000,27970100,1836,4590,27980000,24224
1,2798,27980000,27980100,1836,4590,27990000,24231
1,2799,27990000,27990100,1836,4590,28000000,24240
1,28,280000,280100,1836,4590,290000,241
1,280,2800000,2800100,1836,4590,2810000,2425
1,2800,28000000,28000100,1836,4590,28010000,24252
1,2801,28010000,28010100,1836,4590,28020000,24258
1,2802,28020000,28020100,1836,4590,28030000,24268
1,2803,28030000,28030100,1836,4590,28040000,24276
1,2804,28040000,28040100,1836,4590,28050000,24284
1,2805,28050000,28050100,1836,4590,28060000,24294
1,2806,28060000,28060100,1836,4590,28070000,24301
1,2807,28070000,28070100,1836,4590,28080000,24309
1,2808,28080000,28080100,1836,4590,28090000,24321
1,2809,28090000,28090100,1836,4590,28100000,24327
1,281,2810000,2810100,1836,4590,2820000,2431
1,2810,28100000,28100100,1836,4590,28110000,24338
1,2811,28110000,28110100,1836,4590,28120000,24346
1,2812,28120000,28120100,1836,4590,28130000,24354
1,2813,28130000,28130100,1836,4590,28140000,24360
1,2814,28140000,28140100,1836,4590,28150000,24372
1,2815,28150000,28150100,1836,4590,28160000,24379
1,2816,28160000,28160100,1836,4590,28170000,24389
1,2817,28170000,28170100,1836,4590,28180000,24399
1,2818,28180000,28180100,1836,4590,28190000,24406
1,2819,28190000,28190100,1836,4590,28200000,24412
1,282,2820000,2820100,1836,4590,2830000,2441
1,2820,28200000,28200100,1836,4590,28210000,24424
1,2821,28210000,28210100,1836,4590,28220000,24433
1,2822,28220000,28220100,1836,4590,28230000,24440
1,2823,28230000,28230100,1836,4590,28240000,24448
1,2824,28240000,28240100,1836,4590,28250000,24459
1,2825,28250000,28250100,1836,4590,28260000,24466
1,2826,28260000,28260100,1836,4590,28270000,24476
1,2827,28270000,28270100,1836,4590,28280000,24483
1,2828,28280000,28280100,1836,4590,28290000,24493
1,2829,28290000,28290100,1836,4590,28300000,24501
1,283,2830000,2830100,1836,4590,2840000,2449
1,2830,28300000,28300100,1836,4590,28310000,24509
1,2831,28310000,28310100,1836,4590,28320000,24517
1,2832,28320000,28320100,1836,4590,28330000,24530
1,2833,28330000,28330100,1836,4590,28340000,24536
1,2834,28340000,28340100,1836,4590,28350000,24543
1,2835,28350000,28350100,1836,4590,28360000,24554
1,2836,28360000,28360100,1836,4590,28370000,24562
1,2837,28370000,28370100,1836,4590,28380000,24568
1,2838,28380000,28380100,1836,4590,28390000,24581
1,2839,28390000,28390100,1836,4590,28400000,24587
1,284,2840000,2840100,1836,4590,2850000,2457
1,2840,28400000,28400100,1836,4590,28410000,24597
1,2841,28410000,28410100,1836,4590,28420000,24605
1,2842,28420000,28420100,1836,4590,28430000,24614
1,2843,28430000,28430100,1836,4590,28440000,24621
1,2844,28440000,28440100,1836,4590,28450000,24632
1,2845,28450000,28450100,1836,4590,28460000,24641
1,2846,28460000,28460100,1836,4590,28470000,24648
1,2847,28470000,28470100,1836,4590,28480000,24656
1,2848,28480000,28480100,1836,4590,28490000,24665
1,2849,28490000,28490100,1836,4590,28500000,24674
1,285,2850000,2850100,1836,4590,2860000,2466
1,2850,28500000,28500100,1836,4590,28510000,24685
1,2851,28510000,28510100,1836,4590,28520000,24691
1,2852,28520000,28520100,1836,4590,28530000,24701
1,2853,28530000,28530100,1836,4590,28540000,24709
1,2854,28540000,28540100,1836,4590,28550000,24717
1,2855,28550000,28550100,1836,4590,28560000,24724
1,2856,28560000,28560100,1836,4590,28570000,24738
1,2857,28570000,28570100,1836,4590,28580000,24744
1,2858,28580000,28580100,1836,4590,28590000,24751
1,2859,28590000,28590100,1836,4590,28600000,24761
1,286,2860000,2860100,1836,4590,2870000,2474
1,2860,28600000,28600100,1836,4590,28610000,24771
1,2861,28610000,28610100,1836,4590,28620000,24777
1,2862,28620000,28620100,1836,4590,28630000,24787
1,2863,28630000,28630100,1836,4590,28640000,24795
1,2864,28640000,28640100,1836,4590,28650000,24804
1,2865,28650000,28650100,1836,4590,28660000,24814
1,2866,28660000,28660100,1836,4590,28670000,24823
1,2867,28670000,28670100,1836,4590,28680000,24829
1,2868,28680000,28680100,1836,4590,28690000,24840
1,2869,28690000,28690100,1836,4590,28700000,24846
1,287,2870000,2870100,1836,4590,2880000,2482
1,2870,28700000,28700100,1836,4590,28710000,24856
1,2871,28710000,28710100,1836,4590,28720000,24865
1,2872,28720000,28720100,1836,4590,28730000,24874
1,2873,28730000,28730100,1836,4590,28740000,24882
1,2874,28740000,28740100,1836,4590,28750000,24892
1,2875,28750000,28750100,1836,4590,28760000,24899
1,2876,28760000,28760100,1836,4590,28770000,24908
1,2877,28770000,28770100,1836,4590,28780000,24918
1,2878,28780000,28780100,1836,4590,28790000,24925
1,2879,28790000,28790100,1836,4590,28800000,24931
1,288,2880000,2880100,1836,4590,2890000,2494
1,2880,28800000,28800100,1836,4590,28810000,24946
1,2881,28810000,28810100,1836,4590,28820000,24952
1,2882,28820000,28820100,1836,4590,28830000,24960
1,2883,28830000,28830100,1836,4590,28840000,24968
1,2884,28840000,28840100,1836,4590,28850000,24978
1,2885,28850000,28850100,1836,4590,28860000,24985
1,2886,28860000,28860100,1836,4590,28870000,24995
1,2887,28870000,28870100,1836,4590,28880000,25004
1,2888,28880000,28880100,1836,4590,28890000,25013
1,2889,28890000,28890100,1836,4590,28900000,25021
1,289,2890000,2890100,1836,4590,2900000,2500
1,2890,28900000,28900100,1836,4590,28910000,25029
1,2891,28910000,28910100,1836,4590,28920000,25037
1,2892,28920000,28920100,1836,4590,28930000,25048
1,2893,28930000,28930100,1836,4590,28940000,25055
1,2894,28940000,28940100,1836,4590,28950000,25064
1,2895,28950000,28950100,1836,4590,28960000,25073
1,2896,28960000,28960100,1836,4590,28970000,25082
1,2897,28970000,28970100,1836,4590,28980000,25088
1,2898,28980000,28980100,1836,4590,28990000,25101
1,2899,28990000,28990100,1836,4590,29000000,25107
1,29,290000,290100,1836,4590,300000,247
1,290,2900000,2900100,1836,4590,2910000,2510
1,2900,29000000,29000100,1836,4590,29010000,25116
1,2901,29010000,29010100,1836,4590,29020000,25126
1,2902,29020000,29020100,1836,4590,29030000,25133
1,2903,29030000,29030100,1836,4590,29040000,25139
1,2904,29040000,29040100,1836,4590,29050000,25152
1,2905,29050000,29050100,1836,4590,29060000,25161
1,2906,29060000,29060100,1836,4590,29070000,25168
1,2907,29070000,29070100,1836,4590,29080000,25176
1,2908,29080000,29080100,1836,4590,29090000,25186
1,2909,29090000,29090100,1836,4590,29100000,25193
1,291,2910000,2910100,1836,4590,2920000,2519
1,2910,29100000,29100100,1836,4590,29110000,25204
1,2911,29110000,29110100,1836,4590,29120000,25210
1,2912,29120000,29120100,1836,4590,29130000,25221
1,2913,29130000,29130100,1836,4590,29140000,25229
1,2914,29140000,29140100,1836,4590,29150000,25236
1,2915,29150000,29150100,1836,4590,29160000,25246
1,2916,29160000,29160100,1836,4590,29170000,25257
1,2917,29170000,29170100,1836,4590,29180000,25263
1,2918,29180000,29180100,1836,4590,29190000,25270
1,2919,29190000,29190100,1836,4590,29200000,25280
1,292,2920000,2920100,1836,4590,2930000,2527
1,2920,29200000,29200100,1836,4590,29210000,25291
1,2921,29210000,29210100,1836,4590,29220000,25297
1,2922,29220000,29220100,1836,4590,29230000,25309
1,2923,29230000,29230100,1836,4590,29240000,25315
1,2924,29240000,29240100,1836,4590,29250000,25323
1,2925,29250000,29250100,1836,4590,29260000,25332
1,2926,29260000,29260100,1836,4590,29270000,25342
1,2927,29270000,29270100,1836,4590,29280000,25348
1,2928,29280000,29280100,1836,4590,29290000,25360
1,2929,29290000,29290100,1836,4590,29300000,25368
1,293,2930000,2930100,1836,4590,2940000,2533
1,2930,29300000,29300100,1836,4590,29310000,25376
1,2931,29310000,29310100,1836,4590,29320000,25385
1,2932,29320000,29320100,1836,4590,29330000,25393
1,2933,29330000,29330100,1836,4590,29340000,25401
1,2934,29340000,29340100,1836,4590,29350000,25411
1,2935,29350000,29350100,1836,4590,29360000,25418
1,2936,29360000,29360100,1836,4590,29370000,25429
1,2937,29370000,29370100,1836,4590,29380000,25438
1,2938,29380000,29380100,1836,4590,29390000,25445
1,2939,29390000,29390100,1836,4590,29400000,25451
1,294,2940000,2940100,1836,4590,2950000,2545
1,2940,29400000,29400100,1836,4590,29410000,25465
1,2941,29410000,29410100,1836,4590,29420000,25471
1,2942,29420000,29420100,1836,4590,29430000,25479
1,2943,29430000,29430100,1836,4590,29440000,25489
1,2944,29440000,29440100,1836,4590,29450000,25498
1,2945,29450000,29450100,1836,4590,29460000,25505
1,2946,29460000,29460100,1836,4590,29470000,25515
1,2947,29470000,29470100,1836,4590,29480000,25523
1,2948,29480000,29480100,1836,4590,29490000,25532
1,2949,29490000,29490100,1836,4590,29500000,25540
1,295,2950000,2950100,1836,4590,2960000,2552
1,2950,29500000,29500100,1836,4590,29510000,25550
1,2951,29510000,29510100,1836,4590,29520000,25556
1,2952,29520000,29520100,1836,4590,29530000,25568
1,2953,29530000,29530100,1836,4590,29540000,25575
1,2954,29540000,29540100,1836,4590,29550000,25584
1,2955,29550000,29550100,1836,4590,29560000,25593
1,2956,29560000,29560100,1836,4590,29570000,25601
1,2957,29570000,29570100,1836,4590,29580000,25609
1,2958,29580000,29580100,1836,4590,29590000,25619
1,2959,29590000,29590100,1836,4590,29600000,25626
1,296,2960000,2960100,1836,4590,2970000,2561
1,2960,29600000,29600100,1836,4590,29610000,25636
1,2961,29610000,29610100,1836,4590,29620000,25646
1,2962,29620000,29620100,1836,4590,29630000,25653
1,2963,29630000,29630100,1836,4590,29640000,25659
1,2964,29640000,29640100,1836,4590,29650000,25673
1,2965,29650000,29650100,1836,4590,29660000,25680
1,2966,29660000,29660100,1836,4590,29670000,25687
1,2967,29670000,29670100,1836,4590,29680000,25695
1,2968,29680000,29680100,1836,4590,29690000,25706
1,2969,29690000,29690100,1836,4590,29700000,25712
1,297,2970000,2970100,1836,4590,2980000,2572
1,2970,29700000,29700100,1836,4590,29710000,25724
1,2971,29710000,29710100,1836,4590,29720000,25732
1,2972,29720000,29720100,1836,4590,29730000,25740
1,2973,29730000,29730100,1836,4590,29740000,25748
1,2974,29740000,29740100,1836,4590,29750000,25755
1,2975,29750000,29750100,1836,4590,29760000,25765
1,2976,29760000,29760100,1836,4590,29770000,25777
1,2977,29770000,29770100,1836,4590,29780000,25783
1,2978,29780000,29780100,1836,4590,29790000,25792
1,2979,29790000,29790100,1836,4590,29800000,25800
1,298,2980000,2980100,1836,4590,2990000,2579
1,2980,29800000,29800100,1836,4590,29810000,25809
1,2981,29810000,29810100,1836,4590,29820000,25816
1,2982,29820000,29820100,1836,4590,29830000,25828
1,2983,29830000,29830100,1836,4590,29840000,25834
1,2984,29840000,29840100,1836,4590,29850000,25843
1,2985,29850000,29850100,1836,4590,29860000,25854
1,2986,29860000,29860100,1836,4590,29870000,25862
1,2987,29870000,29870100,1836,4590,29880000,25868
1,2988,29880000,29880100,1836,4590,29890000,25879
1,2989,29890000,29890100,1836,4590,29900000,25887
1,299,2990000,2990100,1836,4590,3000000,2585
1,2990,29900000,29900100,1836,4590,29910000,25895
1,2991,29910000,29910100,1836,4590,29920000,25903
1,2992,29920000,29920100,1836,4590,29930000,25915
1,2993,29930000,29930100,1836,4590,29940000,25921
1,2994,29940000,29940100,1836,4590,29950000,25931
1,2995,29950000,29950100,1836,4590,29960000,25938
1,2996,29960000,29960100,1836,4590,29970000,25948
1,2997,29970000,29970100,1836,4590,29980000,25957
1,2998,29980000,29980100,1836,4590,29990000,25964
1,2999,29990000,29990100,1836,4590,30000000,25972
1,3,30000,30100,1836,4590,40000,24
1,30,300000,300100,1836,4590,310000,258
1,300,3000000,3000100,1836,4590,3010000,2597
1,3000,30000000,30000100,1836,4590,30010000,25985
1,3001,30010000,30010100,1836,4590,30020000,25991
1,3002,30020000,30020100,1836,4590,30030000,25998
1,3003,30030000,30030100,1836,4590,30040000,26009
1,3004,30040000,30040100,1836,4590,30050000,26017
1,3005,30050000,30050100,1836,4590,30060000,26024
1,3006,30060000,30060100,1836,4590,30070000,26036
1,3007,30070000,30070100,1836,4590,30080000,26042
1,3008,30080000,30080100,1836,4590,30090000,26052
1,3009,30090000,30090100,1836,4590,30100000,26060
1,301,3010000,3010100,1836,4590,3020000,2605
1,3010,30100000,30100100,1836,4590,30110000,26070
1,3011,30110000,30110100,1836,4590,30120000,26076
1,3012,30120000,30120100,1836,4590,30130000,26087
1,3013,30130000,30130100,1836,4590,30140000,26095
1,3014,30140000,30140100,1836,4590,30150000,26103
1,3015,30150000,30150100,1836,4590,30160000,26112
1,3016,30160000,30160100,1836,4590,30170000,26121
1,3017,30170000,30170100,1836,4590,30180000,26129
1,3018,30180000,30180100,1836,4590,30190000,26139
1,3019,30190000,30190100,1836,4590,30200000,26146
1,302,3020000,3020100,1836,4590,3030000,2613
1,3020,30200000,30200100,1836,4590,30210000,26157
1,3021,30210000,30210100,1836,4590,30220000,26165
1,3022,30220000,30220100,1836,4590,30230000,26172
1,3023,30230000,30230100,1836,4590,30240000,26178
1,3024,30240000,30240100,1836,4590,30250000,26192
1,3025,30250000,30250100,1836,4590,30260000,26200
1,3026,30260000,30260100,1836,4590,30270000,26207
1,3027,30270000,30270100,1836,4590,30280000,26217
1,3028,30280000,30280100,1836,4590,30290000,26225
1,3029,30290000,30290100,1836,4590,30300000,26231
1,303,3030000,3030100,1836,4590,3040000,2621
1,3030,30300000,30300100,1836,4590,30310000,26243
1,3031,30310000,30310100,1836,4590,30320000,26251
1,3032,30320000,30320100,1836,4590,30330000,26260
1,3033,30330000,30330100,1836,4590,30340000,26268
1,3034,30340000,30340100,1836,4590,30350000,26277
1,3035,30350000,30350100,1836,4590,30360000,26284
1,3036,30360000,30360100,1836,4590,30370000,26296
1,3037,30370000,30370100,1836,4590,30380000,26302
1,3038,30380000,30380100,1836,4590,30390000,26311
1,3039,30390000,30390100,1836,4590,30400000,26319
1,304,3040000,3040100,1836,4590,3050000,2632
1,3040,30400000,30400100,1836,4590,30410000,26329
1,3041,30410000,30410100,1836,4590,30420000,26338
1,3042,30420000,30420100,1836,4590,30430000,26348
1,3043,30430000,30430100,1836,4590,30440000,26354
1,3044,30440000,30440100,1836,4590,30450000,26362
1,3045,30450000,30450100,1836,4590,30460000,26373
1,3046,30460000,30460100,1836,4590,30470000,26380
1,3047,30470000,30470100,1836,4590,30480000,26387
1,3048,30480000,30480100,1836,4590,30490000,26401
1,3049,30490000,30490100,1836,4590,30500000,26407
1,305,3050000,3050100,1836,4590,3060000,2639
1,3050,30500000,30500100,1836,4590,30510000,26415
1,3051,30510000,30510100,1836,4590,30520000,26423
1,3052,30520000,30520100,1836,4590,30530000,26434
1,3053,30530000,30530100,1836,4590,30540000,26440
1,3054,30540000,30540100,1836,4590,30550000,26450
1,3055,30550000,30550100,1836,4590,30560000,26459
1,3056,30560000,30560100,1836,4590,30570000,26468
1,3057,30570000,30570100,1836,4590,30580000,26476
1,3058,30580000,30580100,1836,4590,30590000,26484
1,3059,30590000,30590100,1836,4590,30600000,26492
1,306,3060000,3060100,1836,4590,3070000,2649
1,3060,30600000,30600100,1836,4590,30610000,26504
1,3061,30610000,30610100,1836,4590,30620000,26510
1,3062,30620000,30620100,1836,4590,30630000,26519
1,3063,30630000,30630100,1836,4590,30640000,26528
1,3064,30640000,30640100,1836,4590,30650000,26537
1,3065,30650000,30650100,1836,4590,30660000,26544
1,3066,30660000,30660100,1836,4590,30670000,26556
1,3067,30670000,30670100,1836,4590,30680000,26562
1,3068,30680000,30680100,1836,4590,30690000,26570
1,3069,30690000,30690100,1836,4590,30700000,26581
1,307,3070000,3070100,1836,4590,3080000,2655
1,3070,30700000,30700100,1836,4590,30710000,26589
1,3071,30710000,30710100,1836,4590,30720000,26595
1,3072,30720000,30720100,1836,4590,30730000,26607
1,3073,30730000,30730100,1836,4590,30740000,26615
1,3074,30740000,30740100,1836,4590,30750000,26623
1,3075,30750000,30750100,1836,4590,30760000,26632
1,3076,30760000,30760100,1836,4590,30770000,26642
1,3077,30770000,30770100,1836,4590,30780000,26648
1,3078,30780000,30780100,1836,4590,30790000,26658
1,3079,30790000,30790100,1836,4590,30800000,26664
1,308,3080000,3080100,1836,4590,3090000,2666
1,3080,30800000,30800100,1836,4590,30810000,26677
1,3081,30810000,30810100,1836,4590,30820000,26685
1,3082,30820000,30820100,1836,4590,30830000,26692
1,3083,30830000,30830100,1836,4590,30840000,26700
1,3084,30840000,30840100,1836,4590,30850000,26711
1,3085,30850000,30850100,1836,4590,30860000,26719
1,3086,30860000,30860100,1836,4590,30870000,26726
1,3087,30870000,30870100,1836,4590,30880000,26736
1,3088,30880000,30880100,1836,4590,30890000,26745
1,3089,30890000,30890100,1836,4590,30900000,26751
1,309,3090000,3090100,1836,4590,3100000,2674
1,3090,30900000,30900100,1836,4590,30910000,26764
1,3091,30910000,30910100,1836,4590,30920000,26771
1,3092,30920000,30920100,1836,4590,30930000,26779
1,3093,30930000,30930100,1836,4590,30940000,26787
1,3094,30940000,30940100,1836,4590,30950000,26796
1,3095,30950000,30950100,1836,4590,30960000,26803
1,3096,30960000,30960100,1836,4590,30970000,26816
1,3097,30970000,30970100,1836,4590,30980000,26824
1,3098,30980000,30980100,1836,4590,30990000,26831
1,3099,30990000,30990100,1836,4590,31000000,26839
1,31,310000,310100,1836,4590,320000,266
1,310,3100000,3100100,1836,4590,3110000,2682
1,3100,31000000,31000100,1836,4590,31010000,26848
1,3101,31010000,31010100,1836,4590,31020000,26856
1,3102,31020000,31020100,1836,4590,31030000,26867
1,3103,31030000,31030100,1836,4590,31040000,26873
1,3104,31040000,31040100,1836,4590,31050000,26884
1,3105,31050000,31050100,1836,4590,31060000,26893
1,3106,31060000,31060100,1836,4590,31070000,26900
1,3107,31070000,31070100,1836,4590,31080000,26907
1,3108,31080000,31080100,1836,4590,31090000,26920
1,3109,31090000,31090100,1836,4590,31100000,26926
1,311,3110000,3110100,1836,4590,3120000,2690
1,3110,31100000,31100100,1836,4590,31110000,26934
1,3111,31110000,31110100,1836,4590,31120000,26944
1,3112,31120000,31120100,1836,4590,31130000,26953
1,3113,31130000,31130100,1836,4590,31140000,26960
1,3114,31140000,31140100,1836,4590,31150000,26970
1,3115,31150000,31150100,1836,4590,31160000,26979
1,3116,31160000,31160100,1836,4590,31170000,26987
1,3117,31170000,31170100,1836,4590,31180000,26995
1,3118,31180000,31180100,1836,4590,31190000,27005
1,3119,31190000,31190100,1836,4590,31200000,27011
1,312,3120000,3120100,1836,4590,3130000,2702
1,3120,31200000,31200100,1836,4590,31210000,27024
1,3121,31210000,31210100,1836,4590,31220000,27030
1,3122,31220000,31220100,1836,4590,31230000,27039
1,3123,31230000,31230100,1836,4590,31240000,27047
1,3124,31240000,31240100,1836,4590,31250000,27056
1,3125,31250000,31250100,1836,4590,31260000,27065
1,3126,31260000,31260100,1836,4590,31270000,27075
1,3127,31270000,31270100,1836,4590,31280000,27081
1,3128,31280000,31280100,1836,4590,31290000,27090
1,3129,31290000,31290100,1836,4590,31300000,27101
1,313,3130000,3130100,1836,4590,3140000,2709
1,3130,31300000,31300100,1836,4590,31310000,27109
1,3131,31310000,31310100,1836,4590,31320000,27115
1,3132,31320000,31320100,1836,4590,31330000,27128
1,3133,31330000,31330100,1836,4590,31340000,27134
1,3134,31340000,31340100,1836,4590,31350000,27141
1,3135,31350000,31350100,1836,4590,31360000,27151
1,3136,31360000,31360100,1836,4590,31370000,27162
1,3137,31370000,31370100,1836,4590,31380000,27168
1,3138,31380000,31380100,1836,4590,31390000,27178
1,3139,31390000,31390100,1836,4590,31400000,27186
1,314,3140000,3140100,1836,4590,3150000,2716
1,3140,31400000,31400100,1836,4590,31410000,27196
1,3141,31410000,31410100,1836,4590,31420000,27204
1,3142,31420000,31420100,1836,4590,31430000,27211
1,3143,31430000,31430100,1836,4590,31440000,27219
1,3144,31440000,31440100,1836,4590,31450000,27231
1,3145,31450000,31450100,1836,4590,31460000,27238
1,3146,31460000,31460100,1836,4590,31470000,27248
1,3147,31470000,31470100,1836,4590,31480000,27256
1,3148,31480000,31480100,1836,4590,31490000,27264
1,3149,31490000,31490100,1836,4590,31500000,27270
1,315,3150000,3150100,1836,4590,3160000,2727
1,3150,31500000,31500100,1836,4590,31510000,27283
1,3151,31510000,31510100,1836,4590,31520000,27290
1,3152,31520000,31520100,1836,4590,31530000,27299
1,3153,31530000,31530100,1836,4590,31540000,27309
1,3154,31540000,31540100,1836,4590,31550000,27316
1,3155,31550000,31550100,1836,4590,31560000,27323
1,3156,31560000,31560100,1836,4590,31570000,27334
1,3157,31570000,31570100,1836,4590,31580000,27343
1,3158,31580000,31580100,1836,4590,31590000,27350
1,3159,31590000,31590100,1836,4590,31600000,27358
1,316,3160000,3160100,1836,4590,3170000,2735
1,3160,31600000,31600100,1836,4590,31610000,27370
1,3161,31610000,31610100,1836,4590,31620000,27376
1,3162,31620000,31620100,1836,4590,31630000,27387
1,3163,31630000,31630100,1836,4590,31640000,27393
1,3164,31640000,31640100,1836,4590,31650000,27403
1,3165,31650000,31650100,1836,4590,31660000,27412
1,3166,31660000,31660100,1836,4590,31670000,27419
1,3167,31670000,31670100,1836,4590,31680000,27427
1,3168,31680000,31680100,1836,4590,31690000,27440
1,3169,31690000,31690100,1836,4590,31700000,27446
1,317,3170000,3170100,1836,4590,3180000,2741
1,3170,31700000,31700100,1836,4590,31710000,27454
1,3171,31710000,31710100,1836,4590,31720000,27464
1,3172,31720000,31720100,1836,4590,31730000,27472
1,3173,31730000,31730100,1836,4590,31740000,27479
1,3174,31740000,31740100,1836,4590,31750000,27491
1,3175,31750000,31750100,1836,4590,31760000,27498
1,3176,31760000,31760100,1836,4590,31770000,27507
1,3177,31770000,31770100,1836,4590,31780000,27515
1,3178,31780000,31780100,1836,4590,31790000,27524
1,3179,31790000,31790100,1836,4590,31800000,27531
1,318,3180000,3180100,1836,4590,3190000,2753
1,3180,31800000,31800100,1836,4590,31810000,27543
1,3181,31810000,31810100,1836,4590,31820000,27551
1,3182,31820000,31820100,1836,4590,31830000,27558
1,3183,31830000,31830100,1836,4590,31840000,27566
1,3184,31840000,31840100,1836,4590,31850000,27576
1,3185,31850000,31850100,1836,4590,31860000,27585
1,3186,31860000,31860100,1836,4590,31870000,27595
1,3187,31870000,31870100,1836,4590,31880000,27601
1,3188,31880000,31880100,1836,4590,31890000,27611
1,3189,31890000,31890100,1836,4590,31900000,27619
1,319,3190000,3190100,1836,4590,3200000,2760
1,3190,31900000,31900100,1836,4590,31910000,27628
1,3191,31910000,31910100,1836,4590,31920000,27634
1,3192,31920000,31920100,1836,4590,31930000,27648
1,3193,31930000,31930100,1836,4590,31940000,27654
1,3194,31940000,31940100,1836,4590,31950000,27661
1,3195,31950000,31950100,1836,4590,31960000,27673
1,3196,31960000,31960100,1836,4590,31970000,27681
1,3197,31970000,31970100,1836,4590,31980000,27687
1,3198,31980000,31980100,1836,4590,31990000,27697
1,3199,31990000,31990100,1836,4590,32000000,27705
1,32,320000,320100,1836,4590,330000,275
1,320,3200000,3200100,1836,4590,3210000,2770
1,3200,32000000,32000100,1836,4590,32010000,27715
1,3201,32010000,32010100,1836,4590,32020000,27724
1,3202,32020000,32020100,1836,4590,32030000,27733
1,3203,32030000,32030100,1836,4590,32040000,27739
1,3204,32040000,32040100,1836,4590,32050000,27750
1,3205,32050000,32050100,1836,4590,32060000,27757
1,3206,32060000,32060100,1836,4590,32070000,27767
1,3207,32070000,32070100,1836,4590,32080000,27775
1,3208,32080000,32080100,1836,4590,32090000,27784
1,3209,32090000,32090100,1836,4590,32100000,27792
1,321,3210000,3210100,1836,4590,3220000,2778
1,3210,32100000,32100100,1836,4590,32110000,27803
1,3211,32110000,32110100,1836,4590,32120000,27809
1,3212,32120000,32120100,1836,4590,32130000,27818
1,3213,32130000,32130100,1836,4590,32140000,27828
1,3214,32140000,32140100,1836,4590,32150000,27835
1,3215,32150000,32150100,1836,4590,32160000,27842
1,3216,32160000,32160100,1836,4590,32170000,27856
1,3217,32170000,32170100,1836,4590,32180000,27863
1,3218,32180000,32180100,1836,4590,32190000,27870
1,3219,32190000,32190100,1836,4590,32200000,27878
1,322,3220000,3220100,1836,4590,3230000,2787
1,3220,32200000,32200100,1836,4590,32210000,27889
1,3221,32210000,32210100,1836,4590,32220000,27895
1,3222,32220000,32220100,1836,4590,32230000,27905
1,3223,32230000,32230100,1836,4590,32240000,27914
1,3224,32240000,32240100,1836,4590,32250000,27923
1,3225,32250000,32250100,1836,4590,32260000,27932
1,3226,32260000,32260100,1836,4590,32270000,27939
1,3227,32270000,32270100,1836,4590,32280000,27947
1,3228,32280000,32280100,1836,4590,32290000,27959
1,3229,32290000,32290100,1836,4590,32300000,27965
1,323,3230000,3230100,1836,4590,3240000,2793
1,3230,32300000,32300100,1836,4590,32310000,27975
1,3231,32310000,32310100,1836,4590,32320000,27983
1,3232,32320000,32320100,1836,4590,32330000,27992
1,3233,32330000,32330100,1836,4590,32340000,27998
1,3234,32340000,32340100,1836,4590,32350000,28011
1,3235,32350000,32350100,1836,4590,32360000,28018
1,3236,32360000,32360100,1836,4590,32370000,28026
1,3237,32370000,32370100,1836,4590,32380000,28036
1,3238,32380000,32380100,1836,4590,32390000,28043
1,3239,32390000,32390100,1836,4590,32400000,28050
1,324,3240000,3240100,1836,4590,3250000,2805
1,3240,32400000,32400100,1836,4590,32410000,28063
1,3241,32410000,32410100,1836,4590,32420000,28071
1,3242,32420000,32420100,1836,4590,32430000,28078
1,3243,32430000,32430100,1836,4590,32440000,28086
1,3244,32440000,32440100,1836,4590,32450000,28096
1,3245,32450000,32450100,1836,4590,32460000,28104
1,3246,32460000,32460100,1836,4590,32470000,28114
1,3247,32470000,32470100,1836,4590,32480000,28120
1,3248,32480000,32480100,1836,4590,32490000,28131
1,3249,32490000,32490100,1836,4590,32500000,28139
1,325,3250000,3250100,1836,4590,3260000,2814
1,3250,32500000,32500100,1836,4590,32510000,28148
1,3251,32510000,32510100,1836,4590,32520000,28156
1,3252,32520000,32520100,1836,4590,32530000,28167
1,3253,32530000,32530100,1836,4590,32540000,28173
1,3254,32540000,32540100,1836,4590,32550000,28180
1,3255,32550000,32550100,1836,4590,32560000,28191
1,3256,32560000,32560100,1836,4590,32570000,28201
1,3257,32570000,32570100,1836,4590,32580000,28207
1,3258,32580000,32580100,1836,4590,32590000,28219
1,3259,32590000,32590100,1836,4590,32600000,28225
1,326,3260000,3260100,1836,4590,3270000,2821
1,3260,32600000,32600100,1836,4590,32610000,28234
1,3261,32610000,32610100,1836,4590,32620000,28243
1,3262,32620000,32620100,1836,4590,32630000,28252
1,3263,32630000,32630100,1836,4590,32640000,28258
1,3264,32640000,32640100,1836,4590,32650000,28270
1,3265,32650000,32650100,1836,4590,32660000,28279
1,3266,32660000,32660100,1836,4590,32670000,28286
1,3267,32670000,32670100,1836,4590,32680000,28295
1,3268,32680000,32680100,1836,4590,32690000,28303
1,3269,32690000,32690100,1836,4590,32700000,28311
1,327,3270000,3270100,1836,4590,3280000,2829
1,3270,32700000,32700100,1836,4590,32710000,28322
1,3271,32710000,32710100,1836,4590,32720000,28328
1,3272,32720000,32720100,1836,4590,32730000,28340
1,3273,32730000,32730100,1836,4590,32740000,28348
1,3274,32740000,32740100,1836,4590,32750000,28355
1,3275,32750000,32750100,1836,4590,32760000,28362
1,3276,32760000,32760100,1836,4590,32770000,28375
1,3277,32770000,32770100,1836,4590,32780000,28381
1,3278,32780000,32780100,1836,4590,32790000,28389
1,3279,32790000,32790100,1836,4590,32800000,28399
1,328,3280000,3280100,1836,4590,3290000,2838
1,3280,32800000,32800100,1836,4590,32810000,28409
1,3281,32810000,32810100,1836,4590,32820000,28415
1,3282,32820000,32820100,1836,4590,32830000,28425
1,3283,32830000,32830100,1836,4590,32840000,28434
1,3284,32840000,32840100,1836,4590,32850000,28442
1,3285,32850000,32850100,1836,4590,32860000,28451
1,3286,32860000,32860100,1836,4590,32870000,28460
1,3287,32870000,32870100,1836,4590,32880000,28466
1,3288,32880000,32880100,1836,4590,32890000,28478
1,3289,32890000,32890100,1836,4590,32900000,28485
1,329,3290000,3290100,1836,4590,3300000,2846
1,3290,32900000,32900100,1836,4590,32910000,28495
1,3291,32910000,32910100,1836,4590,32920000,28503
1,3292,32920000,32920100,1836,4590,32930000,28511
1,3293,32930000,32930100,1836,4590,32940000,28519
1,3294,32940000,32940100,1836,4590,32950000,28530
1,3295,32950000,32950100,1836,4590,32960000,28537
1,3296,32960000,32960100,1836,4590,32970000,28546
1,3297,32970000,32970100,1836,4590,32980000,28556
1,3298,32980000,32980100,1836,4590,32990000,28563
1,3299,32990000,32990100,1836,4590,33000000,28569
1,33,330000,330100,1836,4590,340000,284
1,330,3300000,3300100,1836,4590,3310000,2858
1,3300,33000000,33000100,1836,4590,33010000,28584
1,3301,33010000,33010100,1836,4590,33020000,28590
1,3302,33020000,33020100,1836,4590,33030000,28597
1,3303,33030000,33030100,1836,4590,33040000,28605
1,3304,33040000,33040100,1836,4590,33050000,28616
1,3305,33050000,33050100,1836,4590,33060000,28624
1,3306,33060000,33060100,1836,4590,33070000,28634
1,3307,33070000,33070100,1836,4590,33080000,28642
1,3308,33080000,33080100,1836,4590,33090000,28650
1,3309,33090000,33090100,1836,4590,33100000,28658
1,331,3310000,3310100,1836,4590,3320000,2864
1,3310,33100000,33100100,1836,4590,33110000,28666
1,3311,33110000,33110100,1836,4590,33120000,28675
1,3312,33120000,33120100,1836,4590,33130000,28687
1,3313,33130000,33130100,1836,4590,33140000,28693
1,3314,33140000,33140100,1836,4590,33150000,28702
1,3315,33150000,33150100,1836,4590,33160000,28711
1,3316,33160000,33160100,1836,4590,33170000,28720
1,3317,33170000,33170100,1836,4590,33180000,28726
1,3318,33180000,33180100,1836,4590,33190000,28738
1,3319,33190000,33190100,1836,4590,33200000,28744
1,332,3320000,3320100,1836,4590,3330000,2874
1,3320,33200000,33200100,1836,4590,33210000,28754
1,3321,33210000,33210100,1836,4590,33220000,28764
1,3322,33220000,33220100,1836,4590,33230000,28772
1,3323,33230000,33230100,1836,4590,33240000,28778
1,3324,33240000,33240100,1836,4590,33250000,28789
1,3325,33250000,33250100,1836,4590,33260000,28798
1,3326,33260000,33260100,1836,4590,33270000,28805
1,3327,33270000,33270100,1836,4590,33280000,28814
1,3328,33280000,33280100,1836,4590,33290000,28825
1,3329,33290000,33290100,1836,4590,33300000,28831
1,333,3330000,3330100,1836,4590,3340000,2882
1,3330,33300000,33300100,1836,4590,33310000,28842
1,3331,33310000,33310100,1836,4590,33320000,28848
1,3332,33320000,33320100,1836,4590,33330000,28858
1,3333,33330000,33330100,1836,4590,33340000,28867
1,3334,33340000,33340100,1836,4590,33350000,28874
1,3335,33350000,33350100,1836,4590,33360000,28883
1,3336,33360000,33360100,1836,4590,33370000,28895
1,3337,33370000,33370100,1836,4590,33380000,28901
1,3338,33380000,33380100,1836,4590,33390000,28909
1,3339,33390000,33390100,1836,4590,33400000,28919
1,334,3340000,3340100,1836,4590,3350000,2889
1,3340,33400000,33400100,1836,4590,33410000,28928
1,3341,33410000,33410100,1836,4590,33420000,28934
1,3342,33420000,33420100,1836,4590,33430000,28946
1,3343,33430000,33430100,1836,4590,33440000,28952
1,3344,33440000,33440100,1836,4590,33450000,28962
1,3345,33450000,33450100,1836,4590,33460000,28971
1,3346,33460000,33460100,1836,4590,33470000,28980
1,3347,33470000,33470100,1836,4590,33480000,28986
1,3348,33480000,33480100,1836,4590,33490000,28997
1,3349,33490000,33490100,1836,4590,33500000,29006
1,335,3350000,3350100,1836,4590,3360000,2897
1,3350,33500000,33500100,1836,4590,33510000,29014
1,3351,33510000,33510100,1836,4590,33520000,29022
1,3352,33520000,33520100,1836,4590,33530000,29031
1,3353,33530000,33530100,1836,4590,33540000,29039
1,3354,33540000,33540100,1836,4590,33550000,29049
1,3355,33550000,33550100,1836,4590,33560000,29057
1,3356,33560000,33560100,1836,4590,33570000,29067
1,3357,33570000,33570100,1836,4590,33580000,29075
1,3358,33580000,33580100,1836,4590,33590000,29082
1,3359,33590000,33590100,1836,4590,33600000,29088
1,336,3360000,3360100,1836,4590,3370000,2911
1,3360,33600000,33600100,1836,4590,33610000,29104
1,3361,33610000,33610100,1836,4590,33620000,29110
1,3362,33620000,33620100,1836,4590,33630000,29117
1,3363,33630000,33630100,1836,4590,33640000,29127
1,3364,33640000,33640100,1836,4590,33650000,29135
1,3365,33650000,33650100,1836,4590,33660000,29142
1,3366,33660000,33660100,1836,4590,33670000,29153
1,3367,33670000,33670100,1836,4590,33680000,29161
1,3368,33680000,33680100,1836,4590,33690000,29170
1,3369,33690000,33690100,1836,4590,33700000,29178
1,337,3370000,3370100,1836,4590,3380000,2917
1,3370,33700000,33700100,1836,4590,33710000,29188
1,3371,33710000,33710100,1836,4590,33720000,29195
1,3372,33720000,33720100,1836,4590,33730000,29206
1,3373,33730000,33730100,1836,4590,33740000,29212
1,3374,33740000,33740100,1836,4590,33750000,29221
1,3375,33750000,33750100,1836,4590,33760000,29230
1,3376,33760000,33760100,1836,4590,33770000,29239
1,3377,33770000,33770100,1836,4590,33780000,29248
1,3378,33780000,33780100,1836,4590,33790000,29258
1,3379,33790000,33790100,1836,4590,33800000,29264
1,338,3380000,3380100,1836,4590,3390000,2924
1,3380,33800000,33800100,1836,4590,33810000,29273
1,3381,33810000,33810100,1836,4590,33820000,29283
1,3382,33820000,33820100,1836,4590,33830000,29291
1,3383,33830000,33830100,1836,4590,33840000,29297
1,3384,33840000,33840100,1836,4590,33850000,29311
1,3385,33850000,33850100,1836,4590,33860000,29318
1,3386,33860000,33860100,1836,4590,33870000,29325
1,3387,33870000,33870100,1836,4590,33880000,29333
1,3388,33880000,33880100,1836,4590,33890000,29344
1,3389,33890000,33890100,1836,4590,33900000,29350
1,339,3390000,3390100,1836,4590,3400000,2934
1,3390,33900000,33900100,1836,4590,33910000,29361
1,3391,33910000,33910100,1836,4590,33920000,29369
1,3392,33920000,33920100,1836,4590,33930000,29378
1,3393,33930000,33930100,1836,4590,33940000,29387
1,3394,33940000,33940100,1836,4590,33950000,29394
1,3395,33950000,33950100,1836,4590,33960000,29403
1,3396,33960000,33960100,1836,4590,33970000,29414
1,3397,33970000,33970100,1836,4590,33980000,29420
1,3398,33980000,33980100,1836,4590,33990000,29429
1,3399,33990000,33990100,1836,4590,34000000,29438
1,34,340000,340100,1836,4590,350000,291
1,340,3400000,3400100,1836,4590,3410000,2943
1,3400,34000000,34000100,1836,4590,34010000,29448
1,3401,34010000,34010100,1836,4590,34020000,29454
1,3402,34020000,34020100,1836,4590,34030000,29466
1,3403,34030000,34030100,1836,4590,34040000,29472
1,3404,34040000,34040100,1836,4590,34050000,29481
1,3405,34050000,34050100,1836,4590,34060000,29492
1,3406,34060000,34060100,1836,4590,34070000,29499
1,3407,34070000,34070100,1836,4590,34080000,29505
1,3408,34080000,34080100,1836,4590,34090000,29517
1,3409,34090000,34090100,1836,4590,34100000,29525
1,341,3410000,3410100,1836,4590,3420000,2950
1,3410,34100000,34100100,1836,4590,34110000,29534
1,3411,34110000,34110100,1836,4590,34120000,29542
1,3412,34120000,34120100,1836,4590,34130000,29552
1,3413,34130000,34130100,1836,4590,34140000,29558
1,3414,34140000,34140100,1836,4590,34150000,29568
1,3415,34150000,34150100,1836,4590,34160000,29576
1,3416,34160000,34160100,1836,4590,34170000,29587
1,3417,34170000,34170100,1836,4590,34180000,29595
1,3418,34180000,34180100,1836,4590,34190000,29602
1,3419,34190000,34190100,1836,4590,34200000,29610
1,342,3420000,3420100,1836,4590,3430000,2960
1,3420,34200000,34200100,1836,4590,34210000,29622
1,3421,34210000,34210100,1836,4590,34220000,29629
1,3422,34220000,34220100,1836,4590,34230000,29636
1,3423,34230000,34230100,1836,4590,34240000,29646
1,3424,34240000,34240100,1836,4590,34250000,29655
1,3425,34250000,34250100,1836,4590,34260000,29662
1,3426,34260000,34260100,1836,4590,34270000,29675
1,3427,34270000,34270100,1836,4590,34280000,29681
1,3428,34280000,34280100,1836,4590,34290000,29689
1,3429,34290000,34290100,1836,4590,34300000,29697
1,343,3430000,3430100,1836,4590,3440000,2968
1,3430,34300000,34300100,1836,4590,34310000,29707
1,3431,34310000,34310100,1836,4590,34320000,29713
1,3432,34320000,34320100,1836,4590,34330000,29726
1,3433,34330000,34330100,1836,4590,34340000,29734
1,3434,34340000,34340100,1836,4590,34350000,29741
1,3435,34350000,34350100,1836,4590,34360000,29750
1,3436,34360000,34360100,1836,4590,34370000,29758
1,3437,34370000,34370100,1836,4590,34380000,29767
1,3438,34380000,34380100,1836,4590,34390000,29777
1,3439,34390000,34390100,1836,4590,34400000,29783
1,344,3440000,3440100,1836,4590,3450000,2977
1,3440,34400000,34400100,1836,4590,34410000,29795
1,3441,34410000,34410100,1836,4590,34420000,29803
1,3442,34420000,34420100,1836,4590,34430000,29810
1,3443,34430000,34430100,1836,4590,34440000,29817
1,3444,34440000,34440100,1836,4590,34450000,29830
1,3445,34450000,34450100,1836,4590,34460000,29837
1,3446,34460000,34460100,1836,4590,34470000,29844
1,3447,34470000,34470100,1836,4590,34480000,29854
1,3448,34480000,34480100,1836,4590,34490000,29864
1,3449,34490000,34490100,1836,4590,34500000,29870
1,345,3450000,3450100,1836,4590,3460000,2986
1,3450,34500000,34500100,1836,4590,34510000,29881
1,3451,34510000,34510100,1836,4590,34520000,29889
1,3452,34520000,34520100,1836,4590,34530000,29897
1,3453,34530000,34530100,1836,4590,34540000,29905
1,3454,34540000,34540100,1836,4590,34550000,29915
1,3455,34550000,34550100,1836,4590,34560000,29922
1,3456,34560000,34560100,1836,4590,34570000,29934
1,3457,34570000,34570100,1836,4590,34580000,29940
1,3458,34580000,34580100,1836,4590,34590000,29949
1,3459,34590000,34590100,1836,4590,34600000,29958
1,346,3460000,3460100,1836,4590,3470000,2996
1,3460,34600000,34600100,1836,4590,34610000,29967
1,3461,34610000,34610100,1836,4590,34620000,29975
1,3462,34620000,34620100,1836,4590,34630000,29985
1,3463,34630000,34630100,1836,4590,34640000,29991
1,3464,34640000,34640100,1836,4590,34650000,30000
1,3465,34650000,34650100,1836,4590,34660000,30012
1,3466,34660000,34660100,1836,4590,34670000,30019
1,3467,34670000,34670100,1836,4590,34680000,30025
1,3468,34680000,34680100,1836,4590,34690000,30038
1,3469,34690000,34690100,1836,4590,34700000,30044
1,347,3470000,3470100,1836,4590,3480000,3002
1,3470,34700000,34700100,1836,4590,34710000,30053
1,3471,34710000,34710100,1836,4590,34720000,30061
1,3472,34720000,34720100,1836,4590,34730000,30072
1,3473,34730000,34730100,1836,4590,34740000,30078
1,3474,34740000,34740100,1836,4590,34750000,30088
1,3475,34750000,34750100,1836,4590,34760000,30097
1,3476,34760000,34760100,1836,4590,34770000,30106
1,3477,34770000,34770100,1836,4590,34780000,30114
1,3478,34780000,34780100,1836,4590,34790000,30121
1,3479,34790000,34790100,1836,4590,34800000,30129
1,348,3480000,3480100,1836,4590,3490000,3013
1,3480,34800000,34800100,1836,4590,34810000,30142
1,3481,34810000,34810100,1836,4590,34820000,30149
1,3482,34820000,34820100,1836,4590,34830000,30158
1,3483,34830000,34830100,1836,4590,34840000,30166
1,3484,34840000,34840100,1836,4590,34850000,30174
1,3485,34850000,34850100,1836,4590,34860000,30181
1,3486,34860000,34860100,1836,4590,34870000,30193
1,3487,34870000,34870100,1836,4590,34880000,30200
1,3488,34880000,34880100,1836,4590,34890000,30209
1,3489,34890000,34890100,1836,4590,34900000,30219
1,349,3490000,3490100,1836,4590,3500000,3019
1,3490,34900000,34900100,1836,4590,34910000,30227
1,3491,34910000,34910100,1836,4590,34920000,30233
1,3492,34920000,34920100,1836,4590,34930000,30245
1,3493,34930000,34930100,1836,4590,34940000,30253
1,3494,34940000,34940100,1836,4590,34950000,30260
1,3495,34950000,34950100,1836,4590,34960000,30269
1,3496,34960000,34960100,1836,4590,34970000,30280
1,3497,34970000,34970100,1836,4590,34980000,30286
1,3498,34980000,34980100,1836,4590,34990000,30297
1,3499,34990000,34990100,1836,4590,35000000,30303
1,35,350000,350100,1836,4590,360000,300
1,350,3500000,3500100,1836,4590,3510000,3029
1,3500,35000000,35000100,1836,4590,35010000,30314
1,3501,35010000,35010100,1836,4590,35020000,30322
1,3502,35020000,35020100,1836,4590,35030000,30329
1,3503,35030000,35030100,1836,4590,35040000,30338
1,3504,35040000,35040100,1836,4590,35050000,30350
1,3505,35050000,35050100,1836,4590,35060000,30357
1,3506,35060000,35060100,1836,4590,35070000,30364
1,3507,35070000,35070100,1836,4590,35080000,30374
1,3508,35080000,35080100,1836,4590,35090000,30382
1,3509,35090000,35090100,1836,4590,35100000,30389
1,351,3510000,3510100,1836,4590,3520000,3037
1,3510,35100000,35100100,1836,4590,35110000,30402
1,3511,35110000,35110100,1836,4590,35120000,30408
1,3512,35120000,35120100,1836,4590,35130000,30417
1,3513,35130000,35130100,1836,4590,35140000,30425
1,3514,35140000,35140100,1836,4590,35150000,30435
1,3515,35150000,35150100,1836,4590,35160000,30442
1,3516,35160000,35160100,1836,4590,35170000,30453
1,3517,35170000,35170100,1836,4590,35180000,30461
1,3518,35180000,35180100,1836,4590,35190000,30468
1,3519,35190000,35190100,1836,4590,35200000,30476
1,352,3520000,3520100,1836,4590,3530000,3047
1,3520,35200000,35200100,1836,4590,35210000,30487
1,3521,35210000,35210100,1836,4590,35220000,30495
1,3522,35220000,35220100,1836,4590,35230000,30505
1,3523,35230000,35230100,1836,4590,35240000,30511
1,3524,35240000,35240100,1836,4590,35250000,30521
1,3525,35250000,35250100,1836,4590,35260000,30531
1,3526,35260000,35260100,1836,4590,35270000,30538
1,3527,35270000,35270100,1836,4590,35280000,30544
1,3528,35280000,35280100,1836,4590,35290000,30558
1,3529,35290000,35290100,1836,4590,35300000,30564
1,353,3530000,3530100,1836,4590,3540000,3055
1,3530,35300000,35300100,1836,4590,35310000,30572
1,3531,35310000,35310100,1836,4590,35320000,30583
1,3532,35320000,35320100,1836,4590,35330000,30591
1,3533,35330000,35330100,1836,4590,35340000,30597
1,3534,35340000,35340100,1836,4590,35350000,30607
1,3535,35350000,35350100,1836,4590,35360000,30616
1,3536,35360000,35360100,1836,4590,35370000,30626
1,3537,35370000,35370100,1836,4590,35380000,30634
1,3538,35380000,35380100,1836,4590,35390000,30643
1,3539,35390000,35390100,1836,4590,35400000,30649
1,354,3540000,3540100,1836,4590,3550000,3065
1,3540,35400000,35400100,1836,4590,35410000,30661
1,3541,35410000,35410100,1836,4590,35420000,30667
1,3542,35420000,35420100,1836,4590,35430000,30677
1,3543,35430000,35430100,1836,4590,35440000,30685
1,3544,35440000,35440100,1836,4590,35450000,30694
1,3545,35450000,35450100,1836,4590,35460000,30703
1,3546,35460000,35460100,1836,4590,35470000,30713
1,3547,35470000,35470100,1836,4590,35480000,30720
1,3548,35480000,35480100,1836,4590,35490000,30728
1,3549,35490000,35490100,1836,4590,35500000,30738
1,355,3550000,3550100,1836,4590,3560000,3072
1,3550,35500000,35500100,1836,4590,35510000,30746
1,3551,35510000,35510100,1836,4590,35520000,30752
1,3552,35520000,35520100,1836,4590,35530000,30766
1,3553,35530000,35530100,1836,4590,35540000,30773
1,3554,35540000,35540100,1836,4590,35550000,30780
1,3555,35550000,35550100,1836,4590,35560000,30789
1,3556,35560000,35560100,1836,4590,35570000,30799
1,3557,35570000,35570100,1836,4590,35580000,30805
1,3558,35580000,35580100,1836,4590,35590000,30816
1,3559,35590000,35590100,1836,4590,35600000,30824
1,356,3560000,3560100,1836,4590,3570000,3080
1,3560,35600000,35600100,1836,4590,35610000,30834
1,3561,35610000,35610100,1836,4590,35620000,30842
1,3562,35620000,35620100,1836,4590,35630000,30849
1,3563,35630000,35630100,1836,4590,35640000,30857
1,3564,35640000,35640100,1836,4590,35650000,30869
1,3565,35650000,35650100,1836,4590,35660000,30876
1,3566,35660000,35660100,1836,4590,35670000,30885
1,3567,35670000,35670100,1836,4590,35680000,30893
1,3568,35680000,35680100,1836,4590,35690000,30902
1,3569,35690000,35690100,1836,4590,35700000,30909
1,357,3570000,3570100,1836,4590,3580000,3091
1,3570,35700000,35700100,1836,4590,35710000,30922
1,3571,35710000,35710100,1836,4590,35720000,30928
1,3572,35720000,35720100,1836,4590,35730000,30936
1,3573,35730000,35730100,1836,4590,35740000,30946
1,3574,35740000,35740100,1836,4590,35750000,30953
1,3575,35750000,35750100,1836,4590,35760000,30961
1,3576,35760000,35760100,1836,4590,35770000,30973
1,3577,35770000,35770100,1836,4590,35780000,30981
1,3578,35780000,35780100,1836,4590,35790000,30988
1,3579,35790000,35790100,1836,4590,35800000,30996
1,358,3580000,3580100,1836,4590,3590000,3098
1,3580,35800000,35800100,1836,4590,35810000,31008
1,3581,35810000,35810100,1836,4590,35820000,31014
1,3582,35820000,35820100,1836,4590,35830000,31024
1,3583,35830000,35830100,1836,4590,35840000,31030
1,3584,35840000,35840100,1836,4590,35850000,31041
1,3585,35850000,35850100,1836,4590,35860000,31050
1,3586,35860000,35860100,1836,4590,35870000,31058
1,3587,35870000,35870100,1836,4590,35880000,31066
1,3588,35880000,35880100,1836,4590,35890000,31077
1,3589,35890000,35890100,1836,4590,35900000,31083
1,359,3590000,3590100,1836,4590,3600000,3104
1,3590,35900000,35900100,1836,4590,35910000,31091
1,3591,35910000,35910100,1836,4590,35920000,31102
1,3592,35920000,35920100,1836,4590,35930000,31111
1,3593,35930000,35930100,1836,4590,35940000,31117
1,3594,35940000,35940100,1836,4590,35950000,31129
1,3595,35950000,35950100,1836,4590,35960000,31136
1,3596,35960000,35960100,1836,4590,35970000,31144
1,3597,35970000,35970100,1836,4590,35980000,31153
1,3598,35980000,35980100,1836,4590,35990000,31162
1,3599,35990000,35990100,1836,4590,36000000,31168
1,36,360000,360100,1836,4590,370000,311
1,360,3600000,3600100,1836,4590,3610000,3119
1,3600,36000000,36000100,1836,4590,36010000,31181
1,3601,36010000,36010100,1836,4590,36020000,31189
1,3602,36020000,36020100,1836,4590,36030000,31197
1,3603,36030000,36030100,1836,4590,36040000,31205
1,3604,36040000,36040100,1836,4590,36050000,31213
1,3605,36050000,36050100,1836,4590,36060000,31222
1,3606,36060000,36060100,1836,4590,36070000,31232
1,3607,36070000,36070100,1836,4590,36080000,31238
1,3608,36080000,36080100,1836,4590,36090000,31250
1,3609,36090000,36090100,1836,4590,36100000,31258
1,361,3610000,3610100,1836,4590,3620000,3125
1,3610,36100000,36100100,1836,4590,36110000,31266
1,3611,36110000,36110100,1836,4590,36120000,31272
1,3612,36120000,36120100,1836,4590,36130000,31285
1,3613,36130000,36130100,1836,4590,36140000,31292
1,3614,36140000,36140100,1836,4590,36150000,31299
1,3615,36150000,36150100,1836,4590,36160000,31310
1,3616,36160000,36160100,1836,4590,36170000,31319
1,3617,36170000,36170100,1836,4590,36180000,31325
1,3618,36180000,36180100,1836,4590,36190000,31335
1,3619,36190000,36190100,1836,4590,36200000,31344
1,362,3620000,3620100,1836,4590,3630000,3132
1,3620,36200000,36200100,1836,4590,36210000,31353
1,3621,36210000,36210100,1836,4590,36220000,31361
1,3622,36220000,36220100,1836,4590,36230000,31370
1,3623,36230000,36230100,1836,4590,36240000,31376
1,3624,36240000,36240100,1836,4590,36250000,31389
1,3625,36250000,36250100,1836,4590,36260000,31396
1,3626,36260000,36260100,1836,4590,36270000,31405
1,3627,36270000,36270100,1836,4590,36280000,31413
1,3628,36280000,36280100,1836,4590,36290000,31421
1,3629,36290000,36290100,1836,4590,36300000,31429
1,363,3630000,3630100,1836,4590,3640000,3141
1,3630,36300000,36300100,1836,4590,36310000,31441
1,3631,36310000,36310100,1836,4590,36320000,31447
1,3632,36320000,36320100,1836,4590,36330000,31456
1,3633,36330000,36330100,1836,4590,36340000,31466
1,3634,36340000,36340100,1836,4590,36350000,31473
1,3635,36350000,36350100,1836,4590,36360000,31481
1,3636,36360000,36360100,1836,4590,36370000,31494
1,3637,36370000,36370100,1836,4590,36380000,31500
1,3638,36380000,36380100,1836,4590,36390000,31507
1,3639,36390000,36390100,1836,4590,36400000,31515
1,364,3640000,3640100,1836,4590,3650000,3151
1,3640,36400000,36400100,1836,4590,36410000,31527
1,3641,36410000,36410100,1836,4590,36420000,31534
1,3642,36420000,36420100,1836,4590,36430000,31544
1,3643,36430000,36430100,1836,4590,36440000,31552
1,3644,36440000,36440100,1836,4590,36450000,31560
1,3645,36450000,36450100,1836,4590,36460000,31569
1,3646,36460000,36460100,1836,4590,36470000,31577
1,3647,36470000,36470100,1836,4590,36480000,31585
1,3648,36480000,36480100,1836,4590,36490000,31597
1,3649,36490000,36490100,1836,4590,36500000,31603
1,365,3650000,3650100,1836,4590,3660000,3158
1,3650,36500000,36500100,1836,4590,36510000,31613
1,3651,36510000,36510100,1836,4590,36520000,31621
1,3652,36520000,36520100,1836,4590,36530000,31630
1,3653,36530000,36530100,1836,4590,36540000,31636
1,3654,36540000,36540100,1836,4590,36550000,31648
1,3655,36550000,36550100,1836,4590,36560000,31655
1,3656,36560000,36560100,1836,4590,36570000,31664
1,3657,36570000,36570100,1836,4590,36580000,31675
1,3658,36580000,36580100,1836,4590,36590000,31682
1,3659,36590000,36590100,1836,4590,36600000,31688
1,366,3660000,3660100,1836,4590,3670000,3168
1,3660,36600000,36600100,1836,4590,36610000,31700
1,3661,36610000,36610100,1836,4590,36620000,31708
1,3662,36620000,36620100,1836,4590,36630000,31715
1,3663,36630000,36630100,1836,4590,36640000,31724
1,3664,36640000,36640100,1836,4590,36650000,31735
1,3665,36650000,36650100,1836,4590,36660000,31742
1,3666,36660000,36660100,1836,4590,36670000,31752
1,3667,36670000,36670100,1836,4590,36680000,31758
1,3668,36680000,36680100,1836,4590,36690000,31769
1,3669,36690000,36690100,1836,4590,36700000,31777
1,367,3670000,3670100,1836,4590,3680000,3176
1,3670,36700000,36700100,1836,4590,36710000,31785
1,3671,36710000,36710100,1836,4590,36720000,31793
1,3672,36720000,36720100,1836,4590,36730000,31805
1,3673,36730000,36730100,1836,4590,36740000,31811
1,3674,36740000,36740100,1836,4590,36750000,31819
1,3675,36750000,36750100,1836,4590,36760000,31830
1,3676,36760000,36760100,1836,4590,36770000,31838
1,3677,36770000,36770100,1836,4590,36780000,31844
1,3678,36780000,36780100,1836,4590,36790000,31856
1,3679,36790000,36790100,1836,4590,36800000,31863
1,368,3680000,3680100,1836,4590,3690000,3186
1,3680,36800000,36800100,1836,4590,36810000,31873
1,3681,36810000,36810100,1836,4590,36820000,31881
1,3682,36820000,36820100,1836,4590,36830000,31890
1,3683,36830000,36830100,1836,4590,36840000,31896
1,3684,36840000,36840100,1836,4590,36850000,31907
1,3685,36850000,36850100,1836,4590,36860000,31917
1,3686,36860000,36860100,1836,4590,36870000,31924
1,3687,36870000,36870100,1836,4590,36880000,31932
1,3688,36880000,36880100,1836,4590,36890000,31941
1,3689,36890000,36890100,1836,4590,36900000,31949
1,369,3690000,3690100,1836,4590,3700000,3194
1,3690,36900000,36900100,1836,4590,36910000,31961
1,3691,36910000,36910100,1836,4590,36920000,31967
1,3692,36920000,36920100,1836,4590,36930000,31977
1,3693,36930000,36930100,1836,4590,36940000,31985
1,3694,36940000,36940100,1836,4590,36950000,31992
1,3695,36950000,36950100,1836,4590,36960000,31999
1,3696,36960000,36960100,1836,4590,36970000,32014
1,3697,36970000,36970100,1836,4590,36980000,32020
1,3698,36980000,36980100,1836,4590,36990000,32027
1,3699,36990000,36990100,1836,4590,37000000,32037
1,37,370000,370100,1836,4590,380000,317
1,370,3700000,3700100,1836,4590,3710000,3202
1,3700,37000000,37000100,1836,4590,37010000,32046
1,3701,37010000,37010100,1836,4590,37020000,32053
1,3702,37020000,37020100,1836,4590,37030000,32063
1,3703,37030000,37030100,1836,4590,37040000,32071
1,3704,37040000,37040100,1836,4590,37050000,32080
1,3705,37050000,37050100,1836,4590,37060000,32089
1,3706,37060000,37060100,1836,4590,37070000,32098
1,3707,37070000,37070100,1836,4590,37080000,32105
1,3708,37080000,37080100,1836,4590,37090000,32116
1,3709,37090000,37090100,1836,4590,37100000,32122
1,371,3710000,3710100,1836,4590,3720000,3210
1,3710,37100000,37100100,1836,4590,37110000,32132
1,3711,37110000,37110100,1836,4590,37120000,32140
1,3712,37120000,37120100,1836,4590,37130000,32150
1,3713,37130000,37130100,1836,4590,37140000,32158
1,3714,37140000,37140100,1836,4590,37150000,32168
1,3715,37150000,37150100,1836,4590,37160000,32175
1,3716,37160000,37160100,1836,4590,37170000,32183
1,3717,37170000,37170100,1836,4590,37180000,32193
1,3718,37180000,37180100,1836,4590,37190000,32201
1,3719,37190000,37190100,1836,4590,37200000,32207
1,372,3720000,3720100,1836,4590,3730000,3221
1,3720,37200000,37200100,1836,4590,37210000,32222
1,3721,37210000,37210100,1836,4590,37220000,32228
1,3722,37220000,37220100,1836,4590,37230000,32235
1,3723,37230000,37230100,1836,4590,37240000,32244
1,3724,37240000,37240100,1836,4590,37250000,32254
1,3725,37250000,37250100,1836,4590,37260000,32261
1,3726,37260000,37260100,1836,4590,37270000,32271
1,3727,37270000,37270100,1836,4590,37280000,32279
1,3728,37280000,37280100,1836,4590,37290000,32288
1,3729,37290000,37290100,1836,4590,37300000,32297
1,373,3730000,3730100,1836,4590,3740000,3227
1,3730,37300000,37300100,1836,4590,37310000,32305
1,3731,37310000,37310100,1836,4590,37320000,32313
1,3732,37320000,37320100,1836,4590,37330000,32324
1,3733,37330000,37330100,1836,4590,37340000,32330
1,3734,37340000,37340100,1836,4590,37350000,32340
1,3735,37350000,37350100,1836,4590,37360000,32349
1,3736,37360000,37360100,1836,4590,37370000,32358
1,3737,37370000,37370100,1836,4590,37380000,32364
1,3738,37380000,37380100,1836,4590,37390000,32376
1,3739,37390000,37390100,1836,4590,37400000,32382
1,374,3740000,3740100,1836,4590,3750000,3237
1,3740,37400000,37400100,1836,4590,37410000,32392
1,3741,37410000,37410100,1836,4590,37420000,32402
1,3742,37420000,37420100,1836,4590,37430000,32409
1,3743,37430000,37430100,1836,4590,37440000,32415
1,3744,37440000,37440100,1836,4590,37450000,32427
1,3745,37450000,37450100,1836,4590,37460000,32437
1,3746,37460000,37460100,1836,4590,37470000,32444
1,3747,37470000,37470100,1836,4590,37480000,32452
1,3748,37480000,37480100,1836,4590,37490000,32462
1,3749,37490000,37490100,1836,4590,37500000,32468
1,375,3750000,3750100,1836,4590,3760000,3246
1,3750,37500000,37500100,1836,4590,37510000,32479
1,3751,37510000,37510100,1836,4590,37520000,32486
1,3752,37520000,37520100,1836,4590,37530000,32497
1,3753,37530000,37530100,1836,4590,37540000,32505
1,3754,37540000,37540100,1836,4590,37550000,32512
1,3755,37550000,37550100,1836,4590,37560000,32521
1,3756,37560000,37560100,1836,4590,37570000,32533
1,3757,37570000,37570100,1836,4590,37580000,32539
1,3758,37580000,37580100,1836,4590,37590000,32546
1,3759,37590000,37590100,1836,4590,37600000,32556
1,376,3760000,3760100,1836,4590,3770000,3255
1,3760,37600000,37600100,1836,4590,37610000,32566
1,3761,37610000,37610100,1836,4590,37620000,32572
1,3762,37620000,37620100,1836,4590,37630000,32585
1,3763,37630000,37630100,1836,4590,37640000,32591
1,3764,37640000,37640100,1836,4590,37650000,32599
1,3765,37650000,37650100,1836,4590,37660000,32608
1,3766,37660000,37660100,1836,4590,37670000,32617
1,3767,37670000,37670100,1836,4590,37680000,32624
1,3768,37680000,37680100,1836,4590,37690000,32636
1,3769,37690000,37690100,1836,4590,37700000,32644
1,377,3770000,3770100,1836,4590,3780000,3261
1,3770,37700000,37700100,1836,4590,37710000,32652
1,3771,37710000,37710100,1836,4590,37720000,32660
1,3772,37720000,37720100,1836,4590,37730000,32668
1,3773,37730000,37730100,1836,4590,37740000,32677
1,3774,37740000,37740100,1836,4590,37750000,32687
1,3775,37750000,37750100,1836,4590,37760000,32694
1,3776,37760000,37760100,1836,4590,37770000,32705
1,3777,37770000,37770100,1836,4590,37780000,32713
1,3778,37780000,37780100,1836,4590,37790000,32721
1,3779,37790000,37790100,1836,4590,37800000,32727
1,378,3780000,3780100,1836,4590,3790000,3273
1,3780,37800000,37800100,1836,4590,37810000,32741
1,3781,37810000,37810100,1836,4590,37820000,32747
1,3782,37820000,37820100,1836,4590,37830000,32754
1,3783,37830000,37830100,1836,4590,37840000,32764
1,3784,37840000,37840100,1836,4590,37850000,32774
1,3785,37850000,37850100,1836,4590,37860000,32781
1,3786,37860000,37860100,1836,4590,37870000,32791
1,3787,37870000,37870100,1836,4590,37880000,32799
1,3788,37880000,37880100,1836,4590,37890000,32807
1,3789,37890000,37890100,1836,4590,37900000,32816
1,379,3790000,3790100,1836,4590,3800000,3280
1,3790,37900000,37900100,1836,4590,37910000,32826
1,3791,37910000,37910100,1836,4590,37920000,32832
1,3792,37920000,37920100,1836,4590,37930000,32844
1,3793,37930000,37930100,1836,4590,37940000,32850
1,3794,37940000,37940100,1836,4590,37950000,32859
1,3795,37950000,37950100,1836,4590,37960000,32869
1,3796,37960000,37960100,1836,4590,37970000,32877
1,3797,37970000,37970100,1836,4590,37980000,32885
1,3798,37980000,37980100,1836,4590,37990000,32895
1,3799,37990000,37990100,1836,4590,38000000,32901
1,38,380000,380100,1836,4590,390000,327
1,380,3800000,3800100,1836,4590,3810000,3289
1,3800,38000000,38000100,1836,4590,38010000,32912
1,3801,38010000,38010100,1836,4590,38020000,32922
1,3802,38020000,38020100,1836,4590,38030000,32929
1,3803,38030000,38030100,1836,4590,38040000,32935
1,3804,38040000,38040100,1836,4590,38050000,32948
1,3805,38050000,38050100,1836,4590,38060000,32955
1,3806,38060000,38060100,1836,4590,38070000,32963
1,3807,38070000,38070100,1836,4590,38080000,32971
1,3808,38080000,38080100,1836,4590,38090000,32982
1,3809,38090000,38090100,1836,4590,38100000,32988
1,381,3810000,3810100,1836,4590,3820000,3299
1,3810,38100000,38100100,1836,4590,38110000,32999
1,3811,38110000,38110100,1836,4590,38120000,33008
1,3812,38120000,38120100,1836,4590,38130000,33016
1,3813,38130000,38130100,1836,4590,38140000,33024
1,3814,38140000,38140100,1836,4590,38150000,33031
1,3815,38150000,38150100,1836,4590,38160000,33040
1,3816,38160000,38160100,1836,4590,38170000,33052
1,3817,38170000,38170100,1836,4590,38180000,33059
1,3818,38180000,38180100,1836,4590,38190000,33068
1,3819,38190000,38190100,1836,4590,38200000,33076
1,382,3820000,3820100,1836,4590,3830000,3306
1,3820,38200000,38200100,1836,4590,38210000,33085
1,3821,38210000,38210100,1836,4590,38220000,33091
1,3822,38220000,38220100,1836,4590,38230000,33104
1,3823,38230000,38230100,1836,4590,38240000,33110
1,3824,38240000,38240100,1836,4590,38250000,33119
1,3825,38250000,38250100,1836,4590,38260000,33130
1,3826,38260000,38260100,1836,4590,38270000,33137
1,3827,38270000,38270100,1836,4590,38280000,33143
1,3828,38280000,38280100,1836,4590,38290000,33155
1,3829,38290000,38290100,1836,4590,38300000,33163
1,383,3830000,3830100,1836,4590,3840000,3312
1,3830,38300000,38300100,1836,4590,38310000,33171
1,3831,38310000,38310100,1836,4590,38320000,33179
1,3832,38320000,38320100,1836,4590,38330000,33190
1,3833,38330000,38330100,1836,4590,38340000,33197
1,3834,38340000,38340100,1836,4590,38350000,33207
1,3835,38350000,38350100,1836,4590,38360000,33214
1,3836,38360000,38360100,1836,4590,38370000,33224
1,3837,38370000,38370100,1836,4590,38380000,33232
1,3838,38380000,38380100,1836,4590,38390000,33239
1,3839,38390000,38390100,1836,4590,38400000,33248
1,384,3840000,3840100,1836,4590,3850000,3324
1,3840,38400000,38400100,1836,4590,38410000,33261
1,3841,38410000,38410100,1836,4590,38420000,33267
1,3842,38420000,38420100,1836,4590,38430000,33274
1,3843,38430000,38430100,1836,4590,38440000,33284
1,3844,38440000,38440100,1836,4590,38450000,33293
1,3845,38450000,38450100,1836,4590,38460000,33300
1,3846,38460000,38460100,1836,4590,38470000,33312
1,3847,38470000,38470100,1836,4590,38480000,33318
1,3848,38480000,38480100,1836,4590,38490000,33327
1,3849,38490000,38490100,1836,4590,38500000,33335
1,385,3850000,3850100,1836,4590,3860000,3334
1,3850,38500000,38500100,1836,4590,38510000,33346
1,3851,38510000,38510100,1836,4590,38520000,33352
1,3852,38520000,38520100,1836,4590,38530000,33363
1,3853,38530000,38530100,1836,4590,38540000,33371
1,3854,38540000,38540100,1836,4590,38550000,33378
1,3855,38550000,38550100,1836,4590,38560000,33388
1,3856,38560000,38560100,1836,4590,38570000,33397
1,3857,38570000,38570100,1836,4590,38580000,33405
1,3858,38580000,38580100,1836,4590,38590000,33415
1,3859,38590000,38590100,1836,4590,38600000,33421
1,386,3860000,3860100,1836,4590,3870000,3341
1,3860,38600000,38600100,1836,4590,38610000,33432
1,3861,38610000,38610100,1836,4590,38620000,33441
1,3862,38620000,38620100,1836,4590,38630000,33448
1,3863,38630000,38630100,1836,4590,38640000,33454
1,3864,38640000,38640100,1836,4590,38650000,33468
1,3865,38650000,38650100,1836,4590,38660000,33475
1,3866,38660000,38660100,1836,4590,38670000,33483
1,3867,38670000,38670100,1836,4590,38680000,33493
1,3868,38680000,38680100,1836,4590,38690000,33501
1,3869,38690000,38690100,1836,4590,38700000,33507
1,387,3870000,3870100,1836,4590,3880000,3349
1,3870,38700000,38700100,1836,4590,38710000,33518
1,3871,38710000,38710100,1836,4590,38720000,33526
1,3872,38720000,38720100,1836,4590,38730000,33536
1,3873,38730000,38730100,1836,4590,38740000,33544
1,3874,38740000,38740100,1836,4590,38750000,33553
1,3875,38750000,38750100,1836,4590,38760000,33560
1,3876,38760000,38760100,1836,4590,38770000,33571
1,3877,38770000,38770100,1836,4590,38780000,33578
1,3878,38780000,38780100,1836,4590,38790000,33587
1,3879,38790000,38790100,1836,4590,38800000,33595
1,388,3880000,3880100,1836,4590,3890000,3359
1,3880,38800000,38800100,1836,4590,38810000,33605
1,3881,38810000,38810100,1836,4590,38820000,33613
1,3882,38820000,38820100,1836,4590,38830000,33623
1,3883,38830000,38830100,1836,4590,38840000,33630
1,3884,38840000,38840100,1836,4590,38850000,33638
1,3885,38850000,38850100,1836,4590,38860000,33649
1,3886,38860000,38860100,1836,4590,38870000,33656
1,3887,38870000,38870100,1836,4590,38880000,33662
1,3888,38880000,38880100,1836,4590,38890000,33677
1,3889,38890000,38890100,1836,4590,38900000,33683
1,389,3890000,3890100,1836,4590,3900000,3365
1,3890,38900000,38900100,1836,4590,38910000,33691
1,3891,38910000,38910100,1836,4590,38920000,33699
1,3892,38920000,38920100,1836,4590,38930000,33709
1,3893,38930000,38930100,1836,4590,38940000,33715
1,3894,38940000,38940100,1836,4590,38950000,33726
1,3895,38950000,38950100,1836,4590,38960000,33735
1,3896,38960000,38960100,1836,4590,38970000,33744
1,3897,38970000,38970100,1836,4590,38980000,33752
1,3898,38980000,38980100,1836,4590,38990000,33759
1,3899,38990000,38990100,1836,4590,39000000,33768
1,39,390000,390100,1836,4590,400000,335
1,390,3900000,3900100,1836,4590,3910000,3377
1,3900,39000000,39000100,1836,4590,39010000,33780
1,3901,39010000,39010100,1836,4590,39020000,33786
1,3902,39020000,39020100,1836,4590,39030000,33795
1,3903,39030000,39030100,1836,4590,39040000,33803
1,3904,39040000,39040100,1836,4590,39050000,33812
1,3905,39050000,39050100,1836,4590,39060000,33820
1,3906,39060000,39060100,1836,4590,39070000,33832
1,3907,39070000,39070100,1836,4590,39080000,33838
1,3908,39080000,39080100,1836,4590,39090000,33846
1,3909,39090000,39090100,1836,4590,39100000,33856
1,391,3910000,3910100,1836,4590,3920000,3383
1,3910,39100000,39100100,1836,4590,39110000,33865
1,3911,39110000,39110100,1836,4590,39120000,33871
1,3912,39120000,39120100,1836,4590,39130000,33883
1,3913,39130000,39130100,1836,4590,39140000,33891
1,3914,39140000,39140100,1836,4590,39150000,33898
1,3915,39150000,39150100,1836,4590,39160000,33907
1,3916,39160000,39160100,1836,4590,39170000,33918
1,3917,39170000,39170100,1836,4590,39180000,33924
1,3918,39180000,39180100,1836,4590,39190000,33934
1,3919,39190000,39190100,1836,4590,39200000,33940
1,392,3920000,3920100,1836,4590,3930000,3394
1,3920,39200000,39200100,1836,4590,39210000,33952
1,3921,39210000,39210100,1836,4590,39220000,33961
1,3922,39220000,39220100,1836,4590,39230000,33968
1,3923,39230000,39230100,1836,4590,39240000,33976
1,3924,39240000,39240100,1836,4590,39250000,33987
1,3925,39250000,39250100,1836,4590,39260000,33994
1,3926,39260000,39260100,1836,4590,39270000,34001
1,3927,39270000,39270100,1836,4590,39280000,34012
1,3928,39280000,39280100,1836,4590,39290000,34021
1,3929,39290000,39290100,1836,4590,39300000,34027
1,393,3930000,3930100,1836,4590,3940000,3402
1,3930,39300000,39300100,1836,4590,39310000,34040
1,3931,39310000,39310100,1836,4590,39320000,34046
1,3932,39320000,39320100,1836,4590,39330000,34055
1,3933,39330000,39330100,1836,4590,39340000,34063
1,3934,39340000,39340100,1836,4590,39350000,34072
1,3935,39350000,39350100,1836,4590,39360000,34079
1,3936,39360000,39360100,1836,4590,39370000,34091
1,3937,39370000,39370100,1836,4590,39380000,34099
1,3938,39380000,39380100,1836,4590,39390000,34107
1,3939,39390000,39390100,1836,4590,39400000,34115
1,394,3940000,3940100,1836,4590,3950000,3409
1,3940,39400000,39400100,1836,4590,39410000,34124
1,3941,39410000,39410100,1836,4590,39420000,34132
1,3942,39420000,39420100,1836,4590,39430000,34142
1,3943,39430000,39430100,1836,4590,39440000,34149
1,3944,39440000,39440100,1836,4590,39450000,34160
1,3945,39450000,39450100,1836,4590,39460000,34169
1,3946,39460000,39460100,1836,4590,39470000,34176
1,3947,39470000,39470100,1836,4590,39480000,34182
1,3948,39480000,39480100,1836,4590,39490000,34195
1,3949,39490000,39490100,1836,4590,39500000,34202
1,395,3950000,3950100,1836,4590,3960000,3418
1,3950,39500000,39500100,1836,4590,39510000,34210
1,3951,39510000,39510100,1836,4590,39520000,34220
1,3952,39520000,39520100,1836,4590,39530000,34229
1,3953,39530000,39530100,1836,4590,39540000,34235
1,3954,39540000,39540100,1836,4590,39550000,34246
1,3955,39550000,39550100,1836,4590,39560000,34255
1,3956,39560000,39560100,1836,4590,39570000,34263
1,3957,39570000,39570100,1836,4590,39580000,34271
1,3958,39580000,39580100,1836,4590,39590000,34280
1,3959,39590000,39590100,1836,4590,39600000,34286
1,396,3960000,3960100,1836,4590,3970000,3430
1,3960,39600000,39600100,1836,4590,39610000,34300
1,3961,39610000,39610100,1836,4590,39620000,34306
1,3962,39620000,39620100,1836,4590,39630000,34315
1,3963,39630000,39630100,1836,4590,39640000,34323
1,3964,39640000,39640100,1836,4590,39650000,34331
1,3965,39650000,39650100,1836,4590,39660000,34341
1,3966,39660000,39660100,1836,4590,39670000,34351
1,3967,39670000,39670100,1836,4590,39680000,34357
1,3968,39680000,39680100,1836,4590,39690000,34366
1,3969,39690000,39690100,1836,4590,39700000,34376
1,397,3970000,3970100,1836,4590,3980000,3436
1,3970,39700000,39700100,1836,4590,39710000,34384
1,3971,39710000,39710100,1836,4590,39720000,34391
1,3972,39720000,39720100,1836,4590,39730000,34404
1,3973,39730000,39730100,1836,4590,39740000,34410
1,3974,39740000,39740100,1836,4590,39750000,34417
1,3975,39750000,39750100,1836,4590,39760000,34426
1,3976,39760000,39760100,1836,4590,39770000,34438
1,3977,39770000,39770100,1836,4590,39780000,34444
1,3978,39780000,39780100,1836,4590,39790000,34454
1,3979,39790000,39790100,1836,4590,39800000,34462
1,398,3980000,3980100,1836,4590,3990000,3443
1,3980,39800000,39800100,1836,4590,39810000,34471
1,3981,39810000,39810100,1836,4590,39820000,34479
1,3982,39820000,39820100,1836,4590,39830000,34487
1,3983,39830000,39830100,1836,4590,39840000,34495
1,3984,39840000,39840100,1836,4590,39850000,34507
1,3985,39850000,39850100,1836,4590,39860000,34514
1,3986,39860000,39860100,1836,4590,39870000,34523
1,3987,39870000,39870100,1836,4590,39880000,34532
1,3988,39880000,39880100,1836,4590,39890000,34540
1,3989,39890000,39890100,1836,4590,39900000,34546
1,399,3990000,3990100,1836,4590,4000000,3453
1,3990,39900000,39900100,1836,4590,39910000,34559
1,3991,39910000,39910100,1836,4590,39920000,34565
1,3992,39920000,39920100,1836,4590,39930000,34574
1,3993,39930000,39930100,1836,4590,39940000,34585
1,3994,39940000,39940100,1836,4590,39950000,34592
1,3995,39950000,39950100,1836,4590,39960000,34599
1,3996,39960000,39960100,1836,4590,39970000,34610
1,3997,39970000,39970100,1836,4590,39980000,34618
1,3998,39980000,39980100,1836,4590,39990000,34626
1,3999,39990000,39990100,1836,4590,40000000,34634
1,4,40000,40100,1836,4590,50000,32
1,40,400000,400100,1836,4590,410000,345
1,400,4000000,4000100,1836,4590,4010000,3463
1,4000,40000000,40000100,1836,4590,40010000,34646
1,4001,40010000,40010100,1836,4590,40020000,34652
1,4002,40020000,40020100,1836,4590,40030000,34662
1,4003,40030000,40030100,1836,4590,40040000,34668
1,4004,40040000,40040100,1836,4590,40050000,34679
1,4005,40050000,40050100,1836,4590,40060000,34688
1,4006,40060000,40060100,1836,4590,40070000,34695
1,4007,40070000,40070100,1836,4590,40080000,34703
1,4008,40080000,40080100,1836,4590,40090000,34715
1,4009,40090000,40090100,1836,4590,40100000,34722
1,401,4010000,4010100,1836,4590,4020000,3470
1,4010,40100000,40100100,1836,4590,40110000,34730
1,4011,40110000,40110100,1836,4590,40120000,34740
1,4012,40120000,40120100,1836,4590,40130000,34748
1,4013,40130000,40130100,1836,4590,40140000,34754
1,4014,40140000,40140100,1836,4590,40150000,34766
1,4015,40150000,40150100,1836,4590,40160000,34774
1,4016,40160000,40160100,1836,4590,40170000,34783
1,4017,40170000,40170100,1836,4590,40180000,34791
1,4018,40180000,40180100,1836,4590,40190000,34800
1,4019,40190000,40190100,1836,4590,40200000,34806
1,402,4020000,4020100,1836,4590,4030000,3482
1,4020,40200000,40200100,1836,4590,40210000,34819
1,4021,40210000,40210100,1836,4590,40220000,34827
1,4022,40220000,40220100,1836,4590,40230000,34834
1,4023,40230000,40230100,1836,4590,40240000,34842
1,4024,40240000,40240100,1836,4590,40250000,34851
1,4025,40250000,40250100,1836,4590,40260000,34860
1,4026,40260000,40260100,1836,4590,40270000,34871
1,4027,40270000,40270100,1836,4590,40280000,34877
1,4028,40280000,40280100,1836,4590,40290000,34887
1,4029,40290000,40290100,1836,4590,40300000,34895
1,403,4030000,4030100,1836,4590,4040000,3488
1,4030,40300000,40300100,1836,4590,40310000,34903
1,4031,40310000,40310100,1836,4590,40320000,34910
1,4032,40320000,40320100,1836,4590,40330000,34924
1,4033,40330000,40330100,1836,4590,40340000,34930
1,4034,40340000,40340100,1836,4590,40350000,34937
1,4035,40350000,40350100,1836,4590,40360000,34948
1,4036,40360000,40360100,1836,4590,40370000,34956
1,4037,40370000,40370100,1836,4590,40380000,34963
1,4038,40380000,40380100,1836,4590,40390000,34973
1,4039,40390000,40390100,1836,4590,40400000,34981
1,404,4040000,4040100,1836,4590,4050000,3496
1,4040,40400000,40400100,1836,4590,40410000,34991
1,4041,40410000,40410100,1836,4590,40420000,34999
1,4042,40420000,40420100,1836,4590,40430000,35009
1,4043,40430000,40430100,1836,4590,40440000,35015
1,4044,40440000,40440100,1836,4590,40450000,35026
1,4045,40450000,40450100,1836,4590,40460000,35033
1,4046,40460000,40460100,1836,4590,40470000,35042
1,4047,40470000,40470100,1836,4590,40480000,35050
1,4048,40480000,40480100,1836,4590,40490000,35060
1,4049,40490000,40490100,1836,4590,40500000,35068
1,405,4050000,4050100,1836,4590,4060000,3505
1,4050,40500000,40500100,1836,4590,40510000,35079
1,4051,40510000,40510100,1836,4590,40520000,35085
1,4052,40520000,40520100,1836,4590,40530000,35093
1,4053,40530000,40530100,1836,4590,40540000,35104
1,4054,40540000,40540100,1836,4590,40550000,35111
1,4055,40550000,40550100,1836,4590,40560000,35118
1,4056,40560000,40560100,1836,4590,40570000,35132
1,4057,40570000,40570100,1836,4590,40580000,35138
1,4058,40580000,40580100,1836,4590,40590000,35145
1,4059,40590000,40590100,1836,4590,40600000,35154
1,406,4060000,4060100,1836,4590,4070000,3514
1,4060,40600000,40600100,1836,4590,40610000,35165
1,4061,40610000,40610100,1836,4590,40620000,35171
1,4062,40620000,40620100,1836,4590,40630000,35181
1,4063,40630000,40630100,1836,4590,40640000,35189
1,4064,40640000,40640100,1836,4590,40650000,35199
1,4065,40650000,40650100,1836,4590,40660000,35208
1,4066,40660000,40660100,1836,4590,40670000,35215
1,4067,40670000,40670100,1836,4590,40680000,35223
1,4068,40680000,40680100,1836,4590,40690000,35234
1,4069,40690000,40690100,1836,4590,40700000,35240
1,407,4070000,4070100,1836,4590,4080000,3521
1,4070,40700000,40700100,1836,4590,40710000,35251
1,4071,40710000,40710100,1836,4590,40720000,35259
1,4072,40720000,40720100,1836,4590,40730000,35268
1,4073,40730000,40730100,1836,4590,40740000,35274
1,4074,40740000,40740100,1836,4590,40750000,35286
1,4075,40750000,40750100,1836,4590,40760000,35294
1,4076,40760000,40760100,1836,4590,40770000,35302
1,4077,40770000,40770100,1836,4590,40780000,35312
1,4078,40780000,40780100,1836,4590,40790000,35319
1,4079,40790000,40790100,1836,4590,40800000,35325
1,408,4080000,4080100,1836,4590,4090000,3533
1,4080,40800000,40800100,1836,4590,40810000,35338
1,4081,40810000,40810100,1836,4590,40820000,35347
1,4082,40820000,40820100,1836,4590,40830000,35354
1,4083,40830000,40830100,1836,4590,40840000,35362
1,4084,40840000,40840100,1836,4590,40850000,35372
1,4085,40850000,40850100,1836,4590,40860000,35379
1,4086,40860000,40860100,1836,4590,40870000,35390
1,4087,40870000,40870100,1836,4590,40880000,35396
1,4088,40880000,40880100,1836,4590,40890000,35407
1,4089,40890000,40890100,1836,4590,40900000,35415
1,409,4090000,4090100,1836,4590,4100000,3541
1,4090,40900000,40900100,1836,4590,40910000,35423
1,4091,40910000,40910100,1836,4590,40920000,35431
1,4092,40920000,40920100,1836,4590,40930000,35443
1,4093,40930000,40930100,1836,4590,40940000,35449
1,4094,40940000,40940100,1836,4590,40950000,35456
1,4095,40950000,40950100,1836,4590,40960000,35467
1,4096,40960000,40960100,1836,4590,40970000,35476
1,4097,40970000,40970100,1836,4590,40980000,35483
1,4098,40980000,40980100,1836,4590,40990000,35495
1,4099,40990000,40990100,1836,4590,41000000,35501
1,41,410000,410100,1836,4590,420000,351
1,410,4100000,4100100,1836,4590,4110000,3549
1,4100,41000000,41000100,1836,4590,41010000,35510
1,4101,41010000,41010100,1836,4590,41020000,35518
1,4102,41020000,41020100,1836,4590,41030000,35527
1,4103,41030000,41030100,1836,4590,41040000,35534
1,4104,41040000,41040100,1836,4590,41050000,35546
1,4105,41050000,41050100,1836,4590,41060000,35555
1,4106,41060000,41060100,1836,4590,41070000,35562
1,4107,41070000,41070100,1836,4590,41080000,35570
1,4108,41080000,41080100,1836,4590,41090000,35579
1,4109,41090000,41090100,1836,4590,41100000,35587
1,411,4110000,4110100,1836,4590,4120000,3557
1,4110,41100000,41100100,1836,4590,41110000,35598
1,4111,41110000,41110100,1836,4590,41120000,35604
1,4112,41120000,41120100,1836,4590,41130000,35615
1,4113,41130000,41130100,1836,4590,41140000,35623
1,4114,41140000,41140100,1836,4590,41150000,35631
1,4115,41150000,41150100,1836,4590,41160000,35638
1,4116,41160000,41160100,1836,4590,41170000,35651
1,4117,41170000,41170100,1836,4590,41180000,35657
1,4118,41180000,41180100,1836,4590,41190000,35664
1,4119,41190000,41190100,1836,4590,41200000,35675
1,412,4120000,4120100,1836,4590,4130000,3566
1,4120,41200000,41200100,1836,4590,41210000,35685
1,4121,41210000,41210100,1836,4590,41220000,35691
1,4122,41220000,41220100,1836,4590,41230000,35701
1,4123,41230000,41230100,1836,4590,41240000,35709
1,4124,41240000,41240100,1836,4590,41250000,35717
1,4125,41250000,41250100,1836,4590,41260000,35727
1,4126,41260000,41260100,1836,4590,41270000,35736
1,4127,41270000,41270100,1836,4590,41280000,35742
1,4128,41280000,41280100,1836,4590,41290000,35754
1,4129,41290000,41290100,1836,4590,41300000,35760
1,413,4130000,4130100,1836,4590,4140000,3574
1,4130,41300000,41300100,1836,4590,41310000,35771
1,4131,41310000,41310100,1836,4590,41320000,35779
1,4132,41320000,41320100,1836,4590,41330000,35787
1,4133,41330000,41330100,1836,4590,41340000,35795
1,4134,41340000,41340100,1836,4590,41350000,35805
1,4135,41350000,41350100,1836,4590,41360000,35812
1,4136,41360000,41360100,1836,4590,41370000,35822
1,4137,41370000,41370100,1836,4590,41380000,35832
1,4138,41380000,41380100,1836,4590,41390000,35839
1,4139,41390000,41390100,1836,4590,41400000,35845
1,414,4140000,4140100,1836,4590,4150000,3584
1,4140,41400000,41400100,1836,4590,41410000,35859
1,4141,41410000,41410100,1836,4590,41420000,35866
1,4142,41420000,41420100,1836,4590,41430000,35873
1,4143,41430000,41430100,1836,4590,41440000,35881
1,4144,41440000,41440100,1836,4590,41450000,35892
1,4145,41450000,41450100,1836,4590,41460000,35899
1,4146,41460000,41460100,1836,4590,41470000,35909
1,4147,41470000,41470100,1836,4590,41480000,35918
1,4148,41480000,41480100,1836,4590,41490000,35926
1,4149,41490000,41490100,1836,4590,41500000,35934
1,415,4150000,4150100,1836,4590,4160000,3591
1,4150,41500000,41500100,1836,4590,41510000,35942
1,4151,41510000,41510100,1836,4590,41520000,35950
1,4152,41520000,41520100,1836,4590,41530000,35963
1,4153,41530000,41530100,1836,4590,41540000,35969
1,4154,41540000,41540100,1836,4590,41550000,35978
1,4155,41550000,41550100,1836,4590,41560000,35987
1,4156,41560000,41560100,1836,4590,41570000,35995
1,4157,41570000,41570100,1836,4590,41580000,36001
1,4158,41580000,41580100,1836,4590,41590000,36014
1,4159,41590000,41590100,1836,4590,41600000,36020
1,416,4160000,4160100,1836,4590,4170000,3602
1,4160,41600000,41600100,1836,4590,41610000,36030
1,4161,41610000,41610100,1836,4590,41620000,36040
1,4162,41620000,41620100,1836,4590,41630000,36047
1,4163,41630000,41630100,1836,4590,41640000,36054
1,4164,41640000,41640100,1836,4590,41650000,36065
1,4165,41650000,41650100,1836,4590,41660000,36074
1,4166,41660000,41660100,1836,4590,41670000,36081
1,4167,41670000,41670100,1836,4590,41680000,36089
1,4168,41680000,41680100,1836,4590,41690000,36100
1,4169,41690000,41690100,1836,4590,41700000,36107
1,417,4170000,4170100,1836,4590,4180000,3610
1,4170,41700000,41700100,1836,4590,41710000,36118
1,4171,41710000,41710100,1836,4590,41720000,36124
1,4172,41720000,41720100,1836,4590,41730000,36134
1,4173,41730000,41730100,1836,4590,41740000,36142
1,4174,41740000,41740100,1836,4590,41750000,36150
1,4175,41750000,41750100,1836,4590,41760000,36159
1,4176,41760000,41760100,1836,4590,41770000,36171
1,4177,41770000,41770100,1836,4590,41780000,36177
1,4178,41780000,41780100,1836,4590,41790000,36184
1,4179,41790000,41790100,1836,4590,41800000,36194
1,418,4180000,4180100,1836,4590,4190000,3618
1,4180,41800000,41800100,1836,4590,41810000,36204
1,4181,41810000,41810100,1836,4590,41820000,36210
1,4182,41820000,41820100,1836,4590,41830000,36222
1,4183,41830000,41830100,1836,4590,41840000,36228
1,4184,41840000,41840100,1836,4590,41850000,36237
1,4185,41850000,41850100,1836,4590,41860000,36247
1,4186,41860000,41860100,1836,4590,41870000,36256
1,4187,41870000,41870100,1836,4590,41880000,36262
1,4188,41880000,41880100,1836,4590,41890000,36273
1,4189,41890000,41890100,1836,4590,41900000,36281
1,419,4190000,4190100,1836,4590,4200000,3624
1,4190,41900000,41900100,1836,4590,41910000,36289
1,4191,41910000,41910100,1836,4590,41920000,36298
1,4192,41920000,41920100,1836,4590,41930000,36307
1,4193,41930000,41930100,1836,4590,41940000,36315
1,4194,41940000,41940100,1836,4590,41950000,36325
1,4195,41950000,41950100,1836,4590,41960000,36332
1,4196,41960000,41960100,1836,4590,41970000,36343
1,4197,41970000,41970100,1836,4590,41980000,36351
1,4198,41980000,41980100,1836,4590,41990000,36358
1,4199,41990000,41990100,1836,4590,42000000,36364
1,42,420000,420100,1836,4590,430000,363
1,420,4200000,4200100,1836,4590,4210000,3638
1,4200,42000000,42000100,1836,4590,42010000,36379
1,4201,42010000,42010100,1836,4590,42020000,36385
1,4202,42020000,42020100,1836,4590,42030000,36393
1,4203,42030000,42030100,1836,4590,42040000,36403
1,4204,42040000,42040100,1836,4590,42050000,36411
1,4205,42050000,42050100,1836,4590,42060000,36418
1,4206,42060000,42060100,1836,4590,42070000,36428
1,4207,42070000,42070100,1836,4590,42080000,36437
1,4208,42080000,42080100,1836,4590,42090000,36446
1,4209,42090000,42090100,1836,4590,42100000,36454
1,421,4210000,4210100,1836,4590,4220000,3644
1,4210,42100000,42100100,1836,4590,42110000,36464
1,4211,42110000,42110100,1836,4590,42120000,36470
1,4212,42120000,42120100,1836,4590,42130000,36481
1,4213,42130000,42130100,1836,4590,42140000,36488
1,4214,42140000,42140100,1836,4590,42150000,36497
1,4215,42150000,42150100,1836,4590,42160000,36506
1,4216,42160000,42160100,1836,4590,42170000,36515
1,4217,42170000,42170100,1836,4590,42180000,36523
1,4218,42180000,42180100,1836,4590,42190000,36534
1,4219,42190000,42190100,1836,4590,42200000,36540
1,422,4220000,4220100,1836,4590,4230000,3651
1,4220,42200000,42200100,1836,4590,42210000,36549
1,4221,42210000,42210100,1836,4590,42220000,36559
1,4222,42220000,42220100,1836,4590,42230000,36566
1,4223,42230000,42230100,1836,4590,42240000,36572
1,4224,42240000,42240100,1836,4590,42250000,36587
1,4225,42250000,42250100,1836,4590,42260000,36594
1,4226,42260000,42260100,1836,4590,42270000,36601
1,4227,42270000,42270100,1836,4590,42280000,36609
1,4228,42280000,42280100,1836,4590,42290000,36619
1,4229,42290000,42290100,1836,4590,42300000,36626
1,423,4230000,4230100,1836,4590,4240000,3662
1,4230,42300000,42300100,1836,4590,42310000,36637
1,4231,42310000,42310100,1836,4590,42320000,36645
1,4232,42320000,42320100,1836,4590,42330000,36654
1,4233,42330000,42330100,1836,4590,42340000,36662
1,4234,42340000,42340100,1836,4590,42350000,36669
1,4235,42350000,42350100,1836,4590,42360000,36679
1,4236,42360000,42360100,1836,4590,42370000,36690
1,4237,42370000,42370100,1836,4590,42380000,36696
1,4238,42380000,42380100,1836,4590,42390000,36705
1,4239,42390000,42390100,1836,4590,42400000,36713
1,424,4240000,4240100,1836,4590,4250000,3671
1,4240,42400000,42400100,1836,4590,42410000,36724
1,4241,42410000,42410100,1836,4590,42420000,36730
1,4242,42420000,42420100,1836,4590,42430000,36742
1,4243,42430000,42430100,1836,4590,42440000,36748
1,4244,42440000,42440100,1836,4590,42450000,36756
1,4245,42450000,42450100,1836,4590,42460000,36767
1,4246,42460000,42460100,1836,4590,42470000,36775
1,4247,42470000,42470100,1836,4590,42480000,36781
1,4248,42480000,42480100,1836,4590,42490000,36793
1,4249,42490000,42490100,1836,4590,42500000,36801
1,425,4250000,4250100,1836,4590,4260000,3678
1,4250,42500000,42500100,1836,4590,42510000,36809
1,4251,42510000,42510100,1836,4590,42520000,36818
1,4252,42520000,42520100,1836,4590,42530000,36828
1,4253,42530000,42530100,1836,4590,42540000,36834
1,4254,42540000,42540100,1836,4590,42550000,36844
1,4255,42550000,42550100,1836,4590,42560000,36851
1,4256,42560000,42560100,1836,4590,42570000,36862
1,4257,42570000,42570100,1836,4590,42580000,36871
1,4258,42580000,42580100,1836,4590,42590000,36878
1,4259,42590000,42590100,1836,4590,42600000,36886
1,426,4260000,4260100,1836,4590,4270000,3688
1,4260,42600000,42600100,1836,4590,42610000,36898
1,4261,42610000,42610100,1836,4590,42620000,36904
1,4262,42620000,42620100,1836,4590,42630000,36912
1,4263,42630000,42630100,1836,4590,42640000,36922
1,4264,42640000,42640100,1836,4590,42650000,36931
1,4265,42650000,42650100,1836,4590,42660000,36938
1,4266,42660000,42660100,1836,4590,42670000,36950
1,4267,42670000,42670100,1836,4590,42680000,36956
1,4268,42680000,42680100,1836,4590,42690000,36965
1,4269,42690000,42690100,1836,4590,42700000,36973
1,427,4270000,4270100,1836,4590,4280000,3696
1,4270,42700000,42700100,1836,4590,42710000,36983
1,4271,42710000,42710100,1836,4590,42720000,36989
1,4272,42720000,42720100,1836,4590,42730000,37001
1,4273,42730000,42730100,1836,4590,42740000,37010
1,4274,42740000,42740100,1836,4590,42750000,37017
1,4275,42750000,42750100,1836,4590,42760000,37026
1,4276,42760000,42760100,1836,4590,42770000,37034
1,4277,42770000,42770100,1836,4590,42780000,37042
1,4278,42780000,42780100,1836,4590,42790000,37052
1,4279,42790000,42790100,1836,4590,42800000,37059
1,428,4280000,4280100,1836,4590,4290000,3704
1,4280,42800000,42800100,1836,4590,42810000,37071
1,4281,42810000,42810100,1836,4590,42820000,37079
1,4282,42820000,42820100,1836,4590,42830000,37086
1,4283,42830000,42830100,1836,4590,42840000,37092
1,4284,42840000,42840100,1836,4590,42850000,37106
1,4285,42850000,42850100,1836,4590,42860000,37113
1,4286,42860000,42860100,1836,4590,42870000,37120
1,4287,42870000,42870100,1836,4590,42880000,37130
1,4288,42880000,42880100,1836,4590,42890000,37139
1,4289,42890000,42890100,1836,4590,42900000,37145
1,429,4290000,4290100,1836,4590,4300000,3713
1,4290,42900000,42900100,1836,4590,42910000,37157
1,4291,42910000,42910100,1836,4590,42920000,37165
1,4292,42920000,42920100,1836,4590,42930000,37173
1,4293,42930000,42930100,1836,4590,42940000,37181
1,4294,42940000,42940100,1836,4590,42950000,37190
1,4295,42950000,42950100,1836,4590,42960000,37198
1,4296,42960000,42960100,1836,4590,42970000,37210
1,4297,42970000,42970100,1836,4590,42980000,37216
1,4298,42980000,42980100,1836,4590,42990000,37225
1,4299,42990000,42990100,1836,4590,43000000,37233
1,43,430000,430100,1836,4590,440000,369
1,430,4300000,4300100,1836,4590,4310000,3723
1,4300,43000000,43000100,1836,4590,43010000,37242
1,4301,43010000,43010100,1836,4590,43020000,37251
1,4302,43020000,43020100,1836,4590,43030000,37261
1,4303,43030000,43030100,1836,4590,43040000,37267
1,4304,43040000,43040100,1836,4590,43050000,37276
1,4305,43050000,43050100,1836,4590,43060000,37287
1,4306,43060000,43060100,1836,4590,43070000,37295
1,4307,43070000,43070100,1836,4590,43080000,37301
1,4308,43080000,43080100,1836,4590,43090000,37314
1,4309,43090000,43090100,1836,4590,43100000,37320
1,431,4310000,4310100,1836,4590,4320000,3729
1,4310,43100000,43100100,1836,4590,43110000,37328
1,4311,43110000,43110100,1836,4590,43120000,37336
1,4312,43120000,43120100,1836,4590,43130000,37348
1,4313,43130000,43130100,1836,4590,43140000,37354
1,4314,43140000,43140100,1836,4590,43150000,37364
1,4315,43150000,43150100,1836,4590,43160000,37373
1,4316,43160000,43160100,1836,4590,43170000,37381
1,4317,43170000,43170100,1836,4590,43180000,37390
1,4318,43180000,43180100,1836,4590,43190000,37397
1,4319,43190000,43190100,1836,4590,43200000,37405
1,432,4320000,4320100,1836,4590,4330000,3741
1,4320,43200000,43200100,1836,4590,43210000,37418
1,4321,43210000,43210100,1836,4590,43220000,37424
1,4322,43220000,43220100,1836,4590,43230000,37433
1,4323,43230000,43230100,1836,4590,43240000,37442
1,4324,43240000,43240100,1836,4590,43250000,37450
1,4325,43250000,43250100,1836,4590,43260000,37457
1,4326,43260000,43260100,1836,4590,43270000,37469
1,4327,43270000,43270100,1836,4590,43280000,37475
1,4328,43280000,43280100,1836,4590,43290000,37485
1,4329,43290000,43290100,1836,4590,43300000,37495
1,433,4330000,4330100,1836,4590,4340000,3747
1,4330,43300000,43300100,1836,4590,43310000,37503
1,4331,43310000,43310100,1836,4590,43320000,37509
1,4332,43320000,43320100,1836,4590,43330000,37520
1,4333,43330000,43330100,1836,4590,43340000,37528
1,4334,43340000,43340100,1836,4590,43350000,37536
1,4335,43350000,43350100,1836,4590,43360000,37545
1,4336,43360000,43360100,1836,4590,43370000,37556
1,4337,43370000,43370100,1836,4590,43380000,37562
1,4338,43380000,43380100,1836,4590,43390000,37572
1,4339,43390000,43390100,1836,4590,43400000,37579
1,434,4340000,4340100,1836,4590,4350000,3757
1,4340,43400000,43400100,1836,4590,43410000,37590
1,4341,43410000,43410100,1836,4590,43420000,37598
1,4342,43420000,43420100,1836,4590,43430000,37605
1,4343,43430000,43430100,1836,4590,43440000,37613
1,4344,43440000,43440100,1836,4590,43450000,37625
1,4345,43450000,43450100,1836,4590,43460000,37633
1,4346,43460000,43460100,1836,4590,43470000,37640
1,4347,43470000,43470100,1836,4590,43480000,37650
1,4348,43480000,43480100,1836,4590,43490000,37658
1,4349,43490000,43490100,1836,4590,43500000,37664
1,435,4350000,4350100,1836,4590,4360000,3766
1,4350,43500000,43500100,1836,4590,43510000,37678
1,4351,43510000,43510100,1836,4590,43520000,37684
1,4352,43520000,43520100,1836,4590,43530000,37693
1,4353,43530000,43530100,1836,4590,43540000,37701
1,4354,43540000,43540100,1836,4590,43550000,37710
1,4355,43550000,43550100,1836,4590,43560000,37717
1,4356,43560000,43560100,1836,4590,43570000,37729
1,4357,43570000,43570100,1836,4590,43580000,37737
1,4358,43580000,43580100,1836,4590,43590000,37744
1,4359,43590000,43590100,1836,4590,43600000,37752
1,436,4360000,4360100,1836,4590,4370000,3774
1,4360,43600000,43600100,1836,4590,43610000,37762
1,4361,43610000,43610100,1836,4590,43620000,37771
1,4362,43620000,43620100,1836,4590,43630000,37781
1,4363,43630000,43630100,1836,4590,43640000,37787
1,4364,43640000,43640100,1836,4590,43650000,37797
1,4365,43650000,43650100,1836,4590,43660000,37806
1,4366,43660000,43660100,1836,4590,43670000,37813
1,4367,43670000,43670100,1836,4590,43680000,37820
1,4368,43680000,43680100,1836,4590,43690000,37834
1,4369,43690000,43690100,1836,4590,43700000,37840
1,437,4370000,4370100,1836,4590,4380000,3782
1,4370,43700000,43700100,1836,4590,43710000,37848
1,4371,43710000,43710100,1836,4590,43720000,37858
1,4372,43720000,43720100,1836,4590,43730000,37867
1,4373,43730000,43730100,1836,4590,43740000,37873
1,4374,43740000,43740100,1836,4590,43750000,37883
1,4375,43750000,43750100,1836,4590,43760000,37892
1,4376,43760000,43760100,1836,4590,43770000,37901
1,4377,43770000,43770100,1836,4590,43780000,37909
1,4378,43780000,43780100,1836,4590,43790000,37919
1,4379,43790000,43790100,1836,4590,43800000,37925
1,438,4380000,4380100,1836,4590,4390000,3792
1,4380,43800000,43800100,1836,4590,43810000,37937
1,4381,43810000,43810100,1836,4590,43820000,37943
1,4382,43820000,43820100,1836,4590,43830000,37952
1,4383,43830000,43830100,1836,4590,43840000,37961
1,4384,43840000,43840100,1836,4590,43850000,37970
1,4385,43850000,43850100,1836,4590,43860000,37979
1,4386,43860000,43860100,1836,4590,43870000,37989
1,4387,43870000,43870100,1836,4590,43880000,37995
1,4388,43880000,43880100,1836,4590,43890000,38003
1,4389,43890000,43890100,1836,4590,43900000,38014
1,439,4390000,4390100,1836,4590,4400000,3798
1,4390,43900000,43900100,1836,4590,43910000,38022
1,4391,43910000,43910100,1836,4590,43920000,38028
1,4392,43920000,43920100,1836,4590,43930000,38042
1,4393,43930000,43930100,1836,4590,43940000,38048
1,4394,43940000,43940100,1836,4590,43950000,38056
1,4395,43950000,43950100,1836,4590,43960000,38065
1,4396,43960000,43960100,1836,4590,43970000,38075
1,4397,43970000,43970100,1836,4590,43980000,38081
1,4398,43980000,43980100,1836,4590,43990000,38091
1,4399,43990000,43990100,1836,4590,44000000,38099
1,44,440000,440100,1836,4590,450000,378
1,440,4400000,4400100,1836,4590,4410000,3809
1,4400,44000000,44000100,1836,4590,44010000,38110
1,4401,44010000,44010100,1836,4590,44020000,38118
1,4402,44020000,44020100,1836,4590,44030000,38125
1,4403,44030000,44030100,1836,4590,44040000,38133
1,4404,44040000,44040100,1836,4590,44050000,38144
1,4405,44050000,44050100,1836,4590,44060000,38152
1,4406,44060000,44060100,1836,4590,44070000,38161
1,4407,44070000,44070100,1836,4590,44080000,38169
1,4408,44080000,44080100,1836,4590,44090000,38178
1,4409,44090000,44090100,1836,4590,44100000,38184
1,441,4410000,4410100,1836,4590,4420000,3819
1,4410,44100000,44100100,1836,4590,44110000,38197
1,4411,44110000,44110100,1836,4590,44120000,38204
1,4412,44120000,44120100,1836,4590,44130000,38212
1,4413,44130000,44130100,1836,4590,44140000,38222
1,4414,44140000,44140100,1836,4590,44150000,38229
1,4415,44150000,44150100,1836,4590,44160000,38236
1,4416,44160000,44160100,1836,4590,44170000,38249
1,4417,44170000,44170100,1836,4590,44180000,38257
1,4418,44180000,44180100,1836,4590,44190000,38264
1,4419,44190000,44190100,1836,4590,44200000,38272
1,442,4420000,4420100,1836,4590,4430000,3826
1,4420,44200000,44200100,1836,4590,44210000,38283
1,4421,44210000,44210100,1836,4590,44220000,38289
1,4422,44220000,44220100,1836,4590,44230000,38300
1,4423,44230000,44230100,1836,4590,44240000,38306
1,4424,44240000,44240100,1836,4590,44250000,38317
1,4425,44250000,44250100,1836,4590,44260000,38326
1,4426,44260000,44260100,1836,4590,44270000,38333
1,4427,44270000,44270100,1836,4590,44280000,38342
1,4428,44280000,44280100,1836,4590,44290000,38353
1,4429,44290000,44290100,1836,4590,44300000,38359
1,443,4430000,4430100,1836,4590,4440000,3832
1,4430,44300000,44300100,1836,4590,44310000,38367
1,4431,44310000,44310100,1836,4590,44320000,38377
1,4432,44320000,44320100,1836,4590,44330000,38386
1,4433,44330000,44330100,1836,4590,44340000,38393
1,4434,44340000,44340100,1836,4590,44350000,38405
1,4435,44350000,44350100,1836,4590,44360000,38412
1,4436,44360000,44360100,1836,4590,44370000,38420
1,4437,44370000,44370100,1836,4590,44380000,38428
1,4438,44380000,44380100,1836,4590,44390000,38438
1,4439,44390000,44390100,1836,4590,44400000,38444
1,444,4440000,4440100,1836,4590,4450000,3845
1,4440,44400000,44400100,1836,4590,44410000,38457
1,4441,44410000,44410100,1836,4590,44420000,38465
1,4442,44420000,44420100,1836,4590,44430000,38472
1,4443,44430000,44430100,1836,4590,44440000,38480
1,4444,44440000,44440100,1836,4590,44450000,38489
1,4445,44450000,44450100,1836,4590,44460000,38498
1,4446,44460000,44460100,1836,4590,44470000,38508
1,4447,44470000,44470100,1836,4590,44480000,38514
1,4448,44480000,44480100,1836,4590,44490000,38525
1,4449,44490000,44490100,1836,4590,44500000,38534
1,445,4450000,4450100,1836,4590,4460000,3853
1,4450,44500000,44500100,1836,4590,44510000,38542
1,4451,44510000,44510100,1836,4590,44520000,38548
1,4452,44520000,44520100,1836,4590,44530000,38561
1,4453,44530000,44530100,1836,4590,44540000,38567
1,4454,44540000,44540100,1836,4590,44550000,38574
1,4455,44550000,44550100,1836,4590,44560000,38586
1,4456,44560000,44560100,1836,4590,44570000,38595
1,4457,44570000,44570100,1836,4590,44580000,38601
1,4458,44580000,44580100,1836,4590,44590000,38611
1,4459,44590000,44590100,1836,4590,44600000,38619
1,446,4460000,4460100,1836,4590,4470000,3860
1,4460,44600000,44600100,1836,4590,44610000,38629
1,4461,44610000,44610100,1836,4590,44620000,38637
1,4462,44620000,44620100,1836,4590,44630000,38646
1,4463,44630000,44630100,1836,4590,44640000,38652
1,4464,44640000,44640100,1836,4590,44650000,38664
1,4465,44650000,44650100,1836,4590,44660000,38671
1,4466,44660000,44660100,1836,4590,44670000,38681
1,4467,44670000,44670100,1836,4590,44680000,38689
1,4468,44680000,44680100,1836,4590,44690000,38697
1,4469,44690000,44690100,1836,4590,44700000,38705
1,447,4470000,4470100,1836,4590,4480000,3868
1,4470,44700000,44700100,1836,4590,44710000,38716
1,4471,44710000,44710100,1836,4590,44720000,38723
1,4472,44720000,44720100,1836,4590,44730000,38732
1,4473,44730000,44730100,1836,4590,44740000,38742
1,4474,44740000,44740100,1836,4590,44750000,38749
1,4475,44750000,44750100,1836,4590,44760000,38756
1,4476,44760000,44760100,1836,4590,44770000,38769
1,4477,44770000,44770100,1836,4590,44780000,38776
1,4478,44780000,44780100,1836,4590,44790000,38783
1,4479,44790000,44790100,1836,4590,44800000,38791
1,448,4480000,4480100,1836,4590,4490000,3879
1,4480,44800000,44800100,1836,4590,44810000,38803
1,4481,44810000,44810100,1836,4590,44820000,38809
1,4482,44820000,44820100,1836,4590,44830000,38820
1,4483,44830000,44830100,1836,4590,44840000,38828
1,4484,44840000,44840100,1836,4590,44850000,38836
1,4485,44850000,44850100,1836,4590,44860000,38845
1,4486,44860000,44860100,1836,4590,44870000,38852
1,4487,44870000,44870100,1836,4590,44880000,38860
1,4488,44880000,44880100,1836,4590,44890000,38873
1,4489,44890000,44890100,1836,4590,44900000,38879
1,449,4490000,4490100,1836,4590,4500000,3885
1,4490,44900000,44900100,1836,4590,44910000,38889
1,4491,44910000,44910100,1836,4590,44920000,38897
1,4492,44920000,44920100,1836,4590,44930000,38905
1,4493,44930000,44930100,1836,4590,44940000,38912
1,4494,44940000,44940100,1836,4590,44950000,38924
1,4495,44950000,44950100,1836,4590,44960000,38931
1,4496,44960000,44960100,1836,4590,44970000,38940
1,4497,44970000,44970100,1836,4590,44980000,38950
1,4498,44980000,44980100,1836,4590,44990000,38957
1,4499,44990000,44990100,1836,4590,45000000,38964
1,45,450000,450100,1836,4590,460000,389
1,450,4500000,4500100,1836,4590,4510000,3896
1,4500,45000000,45000100,1836,4590,45010000,38976
1,4501,45010000,45010100,1836,4590,45020000,38984
1,4502,45020000,45020100,1836,4590,45030000,38991
1,4503,45030000,45030100,1836,4590,45040000,38999
1,4504,45040000,45040100,1836,4590,45050000,39011
1,4505,45050000,45050100,1836,4590,45060000,39018
1,4506,45060000,45060100,1836,4590,45070000,39028
1,4507,45070000,45070100,1836,4590,45080000,39034
1,4508,45080000,45080100,1836,4590,45090000,39044
1,4509,45090000,45090100,1836,4590,45100000,39052
1,451,4510000,4510100,1836,4590,4520000,3905
1,4510,45100000,45100100,1836,4590,45110000,39061
1,4511,45110000,45110100,1836,4590,45120000,39069
1,4512,45120000,45120100,1836,4590,45130000,39081
1,4513,45130000,45130100,1836,4590,45140000,39087
1,4514,45140000,45140100,1836,4590,45150000,39094
1,4515,45150000,45150100,1836,4590,45160000,39106
1,4516,45160000,45160100,1836,4590,45170000,39114
1,4517,45170000,45170100,1836,4590,45180000,39120
1,4518,45180000,45180100,1836,4590,45190000,39132
1,4519,45190000,45190100,1836,4590,45200000,39138
1,452,4520000,4520100,1836,4590,4530000,3913
1,4520,45200000,45200100,1836,4590,45210000,39148
1,4521,45210000,45210100,1836,4590,45220000,39157
1,4522,45220000,45220100,1836,4590,45230000,39166
1,4523,45230000,45230100,1836,4590,45240000,39172
1,4524,45240000,45240100,1836,4590,45250000,39183
1,4525,45250000,45250100,1836,4590,45260000,39192
1,4526,45260000,45260100,1836,4590,45270000,39200
1,4527,45270000,45270100,1836,4590,45280000,39208
1,4528,45280000,45280100,1836,4590,45290000,39217
1,4529,45290000,45290100,1836,4590,45300000,39225
1,453,4530000,4530100,1836,4590,4540000,3921
1,4530,45300000,45300100,1836,4590,45310000,39236
1,4531,45310000,45310100,1836,4590,45320000,39242
1,4532,45320000,45320100,1836,4590,45330000,39253
1,4533,45330000,45330100,1836,4590,45340000,39261
1,4534,45340000,45340100,1836,4590,45350000,39268
1,4535,45350000,45350100,1836,4590,45360000,39275
1,4536,45360000,45360100,1836,4590,45370000,39289
1,4537,45370000,45370100,1836,4590,45380000,39296
1,4538,45380000,45380100,1836,4590,45390000,39303
1,4539,45390000,45390100,1836,4590,45400000,39313
1,454,4540000,4540100,1836,4590,4550000,3928
1,4540,45400000,45400100,1836,4590,45410000,39322
1,4541,45410000,45410100,1836,4590,45420000,39328
1,4542,45420000,45420100,1836,4590,45430000,39338
1,4543,45430000,45430100,1836,4590,45440000,39347
1,4544,45440000,45440100,1836,4590,45450000,39356
1,4545,45450000,45450100,1836,4590,45460000,39365
1,4546,45460000,45460100,1836,4590,45470000,39374
1,4547,45470000,45470100,1836,4590,45480000,39380
1,4548,45480000,45480100,1836,4590,45490000,39392
1,4549,45490000,45490100,1836,4590,45500000,39398
1,455,4550000,4550100,1836,4590,4560000,3937
1,4550,45500000,45500100,1836,4590,45510000,39408
1,4551,45510000,45510100,1836,4590,45520000,39416
1,4552,45520000,45520100,1836,4590,45530000,39425
1,4553,45530000,45530100,1836,4590,45540000,39433
1,4554,45540000,45540100,1836,4590,45550000,39444
1,4555,45550000,45550100,1836,4590,45560000,39451
1,4556,45560000,45560100,1836,4590,45570000,39459
1,4557,45570000,45570100,1836,4590,45580000,39469
1,4558,45580000,45580100,1836,4590,45590000,39476
1,4559,45590000,45590100,1836,4590,45600000,39483
1,456,4560000,4560100,1836,4590,4570000,3950
1,4560,45600000,45600100,1836,4590,45610000,39498
1,4561,45610000,45610100,1836,4590,45620000,39504
1,4562,45620000,45620100,1836,4590,45630000,39511
1,4563,45630000,45630100,1836,4590,45640000,39519
1,4564,45640000,45640100,1836,4590,45650000,39529
1,4565,45650000,45650100,1836,4590,45660000,39537
1,4566,45660000,45660100,1836,4590,45670000,39547
1,4567,45670000,45670100,1836,4590,45680000,39555
1,4568,45680000,45680100,1836,4590,45690000,39564
1,4569,45690000,45690100,1836,4590,45700000,39572
1,457,4570000,4570100,1836,4590,4580000,3956
1,4570,45700000,45700100,1836,4590,45710000,39581
1,4571,45710000,45710100,1836,4590,45720000,39589
1,4572,45720000,45720100,1836,4590,45730000,39600
1,4573,45730000,45730100,1836,4590,45740000,39606
1,4574,45740000,45740100,1836,4590,45750000,39615
1,4575,45750000,45750100,1836,4590,45760000,39624
1,4576,45760000,45760100,1836,4590,45770000,39634
1,4577,45770000,45770100,1836,4590,45780000,39640
1,4578,45780000,45780100,1836,4590,45790000,39652
1,4579,45790000,45790100,1836,4590,45800000,39658
1,458,4580000,4580100,1836,4590,4590000,3965
1,4580,45800000,45800100,1836,4590,45810000,39667
1,4581,45810000,45810100,1836,4590,45820000,39678
1,4582,45820000,45820100,1836,4590,45830000,39685
1,4583,45830000,45830100,1836,4590,45840000,39691
1,4584,45840000,45840100,1836,4590,45850000,39703
1,4585,45850000,45850100,1836,4590,45860000,39712
1,4586,45860000,45860100,1836,4590,45870000,39719
1,4587,45870000,45870100,1836,4590,45880000,39728
1,4588,45880000,45880100,1836,4590,45890000,39738
1,4589,45890000,45890100,1836,4590,45900000,39744
1,459,4590000,4590100,1836,4590,4600000,3973
1,4590,45900000,45900100,1836,4590,45910000,39755
1,4591,45910000,45910100,1836,4590,45920000,39761
1,4592,45920000,45920100,1836,4590,45930000,39773
1,4593,45930000,45930100,1836,4590,45940000,39781
1,4594,45940000,45940100,1836,4590,45950000,39788
1,4595,45950000,45950100,1836,4590,45960000,39797
1,4596,45960000,45960100,1836,4590,45970000,39808
1,4597,45970000,45970100,1836,4590,45980000,39814
1,4598,45980000,45980100,1836,4590,45990000,39822
1,4599,45990000,45990100,1836,4590,46000000,39832
1,46,460000,460100,1836,4590,470000,396
1,460,4600000,4600100,1836,4590,4610000,3982
1,4600,46000000,46000100,1836,4590,46010000,39842
1,4601,46010000,46010100,1836,4590,46020000,39848
1,4602,46020000,46020100,1836,4590,46030000,39860
1,4603,46030000,46030100,1836,4590,46040000,39867
1,4604,46040000,46040100,1836,4590,46050000,39875
1,4605,46050000,46050100,1836,4590,46060000,39884
1,4606,46060000,46060100,1836,4590,46070000,39893
1,4607,46070000,46070100,1836,4590,46080000,39899
1,4608,46080000,46080100,1836,4590,46090000,39911
1,4609,46090000,46090100,1836,4590,46100000,39920
1,461,4610000,4610100,1836,4590,4620000,3988
1,4610,46100000,46100100,1836,4590,46110000,39928
1,4611,46110000,46110100,1836,4590,46120000,39936
1,4612,46120000,46120100,1836,4590,46130000,39944
1,4613,46130000,46130100,1836,4590,46140000,39952
1,4614,46140000,46140100,1836,4590,46150000,39963
1,4615,46150000,46150100,1836,4590,46160000,39970
1,4616,46160000,46160100,1836,4590,46170000,39981
1,4617,46170000,46170100,1836,4590,46180000,39989
1,4618,46180000,46180100,1836,4590,46190000,39996
1,4619,46190000,46190100,1836,4590,46200000,40002
1,462,4620000,4620100,1836,4590,4630000,4001
1,4620,46200000,46200100,1836,4590,46210000,40017
1,4621,46210000,46210100,1836,4590,46220000,40023
1,4622,46220000,46220100,1836,4590,46230000,40030
1,4623,46230000,46230100,1836,4590,46240000,40040
1,4624,46240000,46240100,1836,4590,46250000,40049
1,4625,46250000,46250100,1836,4590,46260000,40057
1,4626,46260000,46260100,1836,4590,46270000,40067
1,4627,46270000,46270100,1836,4590,46280000,40075
1,4628,46280000,46280100,1836,4590,46290000,40083
1,4629,46290000,46290100,1836,4590,46300000,40091
1,463,4630000,4630100,1836,4590,4640000,4007
1,4630,46300000,46300100,1836,4590,46310000,40101
1,4631,46310000,46310100,1836,4590,46320000,40108
1,4632,46320000,46320100,1836,4590,46330000,40120
1,4633,46330000,46330100,1836,4590,46340000,40126
1,4634,46340000,46340100,1836,4590,46350000,40135
1,4635,46350000,46350100,1836,4590,46360000,40144
1,4636,46360000,46360100,1836,4590,46370000,40153
1,4637,46370000,46370100,1836,4590,46380000,40161
1,4638,46380000,46380100,1836,4590,46390000,40171
1,4639,46390000,46390100,1836,4590,46400000,40177
1,464,4640000,4640100,1836,4590,4650000,4016
1,4640,46400000,46400100,1836,4590,46410000,40187
1,4641,46410000,46410100,1836,4590,46420000,40197
1,4642,46420000,46420100,1836,4590,46430000,40205
1,4643,46430000,46430100,1836,4590,46440000,40211
1,4644,46440000,46440100,1836,4590,46450000,40224
1,4645,46450000,46450100,1836,4590,46460000,40231
1,4646,46460000,46460100,1836,4590,46470000,40238
1,4647,46470000,46470100,1836,4590,46480000,40247
1,4648,46480000,46480100,1836,4590,46490000,40258
1,4649,46490000,46490100,1836,4590,46500000,40264
1,465,4650000,4650100,1836,4590,4660000,4027
1,4650,46500000,46500100,1836,4590,46510000,40275
1,4651,46510000,46510100,1836,4590,46520000,40283
1,4652,46520000,46520100,1836,4590,46530000,40291
1,4653,46530000,46530100,1836,4590,46540000,40300
1,4654,46540000,46540100,1836,4590,46550000,40307
1,4655,46550000,46550100,1836,4590,46560000,40316
1,4656,46560000,46560100,1836,4590,46570000,40328
1,4657,46570000,46570100,1836,4590,46580000,40334
1,4658,46580000,46580100,1836,4590,46590000,40344
1,4659,46590000,46590100,1836,4590,46600000,40352
1,466,4660000,4660100,1836,4590,4670000,4034
1,4660,46600000,46600100,1836,4590,46610000,40361
1,4661,46610000,46610100,1836,4590,46620000,40367
1,4662,46620000,46620100,1836,4590,46630000,40379
1,4663,46630000,46630100,1836,4590,46640000,40385
1,4664,46640000,46640100,1836,4590,46650000,40395
1,4665,46650000,46650100,1836,4590,46660000,40406
1,4666,46660000,46660100,1836,4590,46670000,40413
1,4667,46670000,46670100,1836,4590,46680000,40419
1,4668,46680000,46680100,1836,4590,46690000,40430
1,4669,46690000,46690100,1836,4590,46700000,40439
1,467,4670000,4670100,1836,4590,4680000,4041
1,4670,46700000,46700100,1836,4590,46710000,40447
1,4671,46710000,46710100,1836,4590,46720000,40455
1,4672,46720000,46720100,1836,4590,46730000,40466
1,4673,46730000,46730100,1836,4590,46740000,40472
1,4674,46740000,46740100,1836,4590,46750000,40482
1,4675,46750000,46750100,1836,4590,46760000,40490
1,4676,46760000,46760100,1836,4590,46770000,40500
1,4677,46770000,46770100,1836,4590,46780000,40508
1,4678,46780000,46780100,1836,4590,46790000,40515
1,4679,46790000,46790100,1836,4590,46800000,40523
1,468,4680000,4680100,1836,4590,4690000,4052
1,4680,46800000,46800100,1836,4590,46810000,40537
1,4681,46810000,46810100,1836,4590,46820000,40543
1,4682,46820000,46820100,1836,4590,46830000,40550
1,4683,46830000,46830100,1836,4590,46840000,40560
1,4684,46840000,46840100,1836,4590,46850000,40568
1,4685,46850000,46850100,1836,4590,46860000,40575
1,4686,46860000,46860100,1836,4590,46870000,40588
1,4687,46870000,46870100,1836,4590,46880000,40594
1,4688,46880000,46880100,1836,4590,46890000,40603
1,4689,46890000,46890100,1836,4590,46900000,40611
1,469,4690000,4690100,1836,4590,4700000,4060
1,4690,46900000,46900100,1836,4590,46910000,40621
1,4691,46910000,46910100,1836,4590,46920000,40628
1,4692,46920000,46920100,1836,4590,46930000,40639
1,4693,46930000,46930100,1836,4590,46940000,40647
1,4694,46940000,46940100,1836,4590,46950000,40654
1,4695,46950000,46950100,1836,4590,46960000,40663
1,4696,46960000,46960100,1836,4590,46970000,40672
1,4697,46970000,46970100,1836,4590,46980000,40681
1,4698,46980000,46980100,1836,4590,46990000,40691
1,4699,46990000,46990100,1836,4590,47000000,40697
1,47,470000,470100,1836,4590,480000,402
1,470,4700000,4700100,1836,4590,4710000,4068
1,4700,47000000,47000100,1836,4590,47010000,40708
1,4701,47010000,47010100,1836,4590,47020000,40716
1,4702,47020000,47020100,1836,4590,47030000,40724
1,4703,47030000,47030100,1836,4590,47040000,40730
1,4704,47040000,47040100,1836,4590,47050000,40744
1,4705,47050000,47050100,1836,4590,47060000,40751
1,4706,47060000,47060100,1836,4590,47070000,40758
1,4707,47070000,47070100,1836,4590,47080000,40768
1,4708,47080000,47080100,1836,4590,47090000,40777
1,4709,47090000,47090100,1836,4590,47100000,40783
1,471,4710000,4710100,1836,4590,4720000,4076
1,4710,47100000,47100100,1836,4590,47110000,40794
1,4711,47110000,47110100,1836,4590,47120000,40802
1,4712,47120000,47120100,1836,4590,47130000,40811
1,4713,47130000,47130100,1836,4590,47140000,40820
1,4714,47140000,47140100,1836,4590,47150000,40829
1,4715,47150000,47150100,1836,4590,47160000,40836
1,4716,47160000,47160100,1836,4590,47170000,40847
1,4717,47170000,47170100,1836,4590,47180000,40853
1,4718,47180000,47180100,1836,4590,47190000,40862
1,4719,47190000,47190100,1836,4590,47200000,40871
1,472,4720000,4720100,1836,4590,4730000,4087
1,4720,47200000,47200100,1836,4590,47210000,40881
1,4721,47210000,47210100,1836,4590,47220000,40889
1,4722,47220000,47220100,1836,4590,47230000,40899
1,4723,47230000,47230100,1836,4590,47240000,40905
1,4724,47240000,47240100,1836,4590,47250000,40914
1,4725,47250000,47250100,1836,4590,47260000,40925
1,4726,47260000,47260100,1836,4590,47270000,40932
1,4727,47270000,47270100,1836,4590,47280000,40938
1,4728,47280000,47280100,1836,4590,47290000,40952
1,4729,47290000,47290100,1836,4590,47300000,40958
1,473,4730000,4730100,1836,4590,4740000,4094
1,4730,47300000,47300100,1836,4590,47310000,40967
1,4731,47310000,47310100,1836,4590,47320000,40975
1,4732,47320000,47320100,1836,4590,47330000,40985
1,4733,47330000,47330100,1836,4590,47340000,40991
1,4734,47340000,47340100,1836,4590,47350000,41001
1,4735,47350000,47350100,1836,4590,47360000,41011
1,4736,47360000,47360100,1836,4590,47370000,41020
1,4737,47370000,47370100,1836,4590,47380000,41028
1,4738,47380000,47380100,1836,4590,47390000,41035
1,4739,47390000,47390100,1836,4590,47400000,41043
1,474,4740000,4740100,1836,4590,4750000,4104
1,4740,47400000,47400100,1836,4590,47410000,41055
1,4741,47410000,47410100,1836,4590,47420000,41062
1,4742,47420000,47420100,1836,4590,47430000,41071
1,4743,47430000,47430100,1836,4590,47440000,41079
1,4744,47440000,47440100,1836,4590,47450000,41088
1,4745,47450000,47450100,1836,4590,47460000,41095
1,4746,47460000,47460100,1836,4590,47470000,41108
1,4747,47470000,47470100,1836,4590,47480000,41114
1,4748,47480000,47480100,1836,4590,47490000,41122
1,4749,47490000,47490100,1836,4590,47500000,41132
1,475,4750000,4750100,1836,4590,4760000,4111
1,4750,47500000,47500100,1836,4590,47510000,41140
1,4751,47510000,47510100,1836,4590,47520000,41146
1,4752,47520000,47520100,1836,4590,47530000,41159
1,4753,47530000,47530100,1836,4590,47540000,41167
1,4754,47540000,47540100,1836,4590,47550000,41174
1,4755,47550000,47550100,1836,4590,47560000,41183
1,4756,47560000,47560100,1836,4590,47570000,41193
1,4757,47570000,47570100,1836,4590,47580000,41200
1,4758,47580000,47580100,1836,4590,47590000,41210
1,4759,47590000,47590100,1836,4590,47600000,41216
1,476,4760000,4760100,1836,4590,4770000,4121
1,4760,47600000,47600100,1836,4590,47610000,41228
1,4761,47610000,47610100,1836,4590,47620000,41236
1,4762,47620000,47620100,1836,4590,47630000,41243
1,4763,47630000,47630100,1836,4590,47640000,41252
1,4764,47640000,47640100,1836,4590,47650000,41263
1,4765,47650000,47650100,1836,4590,47660000,41270
1,4766,47660000,47660100,1836,4590,47670000,41277
1,4767,47670000,47670100,1836,4590,47680000,41287
1,4768,47680000,47680100,1836,4590,47690000,41297
1,4769,47690000,47690100,1836,4590,47700000,41303
1,477,4770000,4770100,1836,4590,4780000,4129
1,4770,47700000,47700100,1836,4590,47710000,41316
1,4771,47710000,47710100,1836,4590,47720000,41322
1,4772,47720000,47720100,1836,4590,47730000,41330
1,4773,47730000,47730100,1836,4590,47740000,41338
1,4774,47740000,47740100,1836,4590,47750000,41348
1,4775,47750000,47750100,1836,4590,47760000,41355
1,4776,47760000,47760100,1836,4590,47770000,41367
1,4777,47770000,47770100,1836,4590,47780000,41375
1,4778,47780000,47780100,1836,4590,47790000,41382
1,4779,47790000,47790100,1836,4590,47800000,41391
1,478,4780000,4780100,1836,4590,4790000,4137
1,4780,47800000,47800100,1836,4590,47810000,41400
1,4781,47810000,47810100,1836,4590,47820000,41408
1,4782,47820000,47820100,1836,4590,47830000,41418
1,4783,47830000,47830100,1836,4590,47840000,41424
1,4784,47840000,47840100,1836,4590,47850000,41435
1,4785,47850000,47850100,1836,4590,47860000,41445
1,4786,47860000,47860100,1836,4590,47870000,41452
1,4787,47870000,47870100,1836,4590,47880000,41458
1,4788,47880000,47880100,1836,4590,47890000,41471
1,4789,47890000,47890100,1836,4590,47900000,41477
1,479,4790000,4790100,1836,4590,4800000,4145
1,4790,47900000,47900100,1836,4590,47910000,41486
1,4791,47910000,47910100,1836,4590,47920000,41496
1,4792,47920000,47920100,1836,4590,47930000,41505
1,4793,47930000,47930100,1836,4590,47940000,41511
1,4794,47940000,47940100,1836,4590,47950000,41521
1,4795,47950000,47950100,1836,4590,47960000,41530
1,4796,47960000,47960100,1836,4590,47970000,41539
1,4797,47970000,47970100,1836,4590,47980000,41547
1,4798,47980000,47980100,1836,4590,47990000,41556
1,4799,47990000,47990100,1836,4590,48000000,41562
1,48,480000,480100,1836,4590,490000,414
1,480,4800000,4800100,1836,4590,4810000,4158
1,4800,48000000,48000100,1836,4590,48010000,41575
1,4801,48010000,48010100,1836,4590,48020000,41582
1,4802,48020000,48020100,1836,4590,48030000,41591
1,4803,48030000,48030100,1836,4590,48040000,41599
1,4804,48040000,48040100,1836,4590,48050000,41607
1,4805,48050000,48050100,1836,4590,48060000,41616
1,4806,48060000,48060100,1836,4590,48070000,41626
1,4807,48070000,48070100,1836,4590,48080000,41633
1,4808,48080000,48080100,1836,4590,48090000,41642
1,4809,48090000,48090100,1836,4590,48100000,41652
1,481,4810000,4810100,1836,4590,4820000,4164
1,4810,48100000,48100100,1836,4590,48110000,41660
1,4811,48110000,48110100,1836,4590,48120000,41666
1,4812,48120000,48120100,1836,4590,48130000,41680
1,4813,48130000,48130100,1836,4590,48140000,41686
1,4814,48140000,48140100,1836,4590,48150000,41693
1,4815,48150000,48150100,1836,4590,48160000,41702
1,4816,48160000,48160100,1836,4590,48170000,41713
1,4817,48170000,48170100,1836,4590,48180000,41719
1,4818,48180000,48180100,1836,4590,48190000,41730
1,4819,48190000,48190100,1836,4590,48200000,41738
1,482,4820000,4820100,1836,4590,4830000,4171
1,4820,48200000,48200100,1836,4590,48210000,41747
1,4821,48210000,48210100,1836,4590,48220000,41755
1,4822,48220000,48220100,1836,4590,48230000,41762
1,4823,48230000,48230100,1836,4590,48240000,41771
1,4824,48240000,48240100,1836,4590,48250000,41783
1,4825,48250000,48250100,1836,4590,48260000,41790
1,4826,48260000,48260100,1836,4590,48270000,41799
1,4827,48270000,48270100,1836,4590,48280000,41807
1,4828,48280000,48280100,1836,4590,48290000,41815
1,4829,48290000,48290100,1836,4590,48300000,41822
1,483,4830000,4830100,1836,4590,4840000,4181
1,4830,48300000,48300100,1836,4590,48310000,41835
1,4831,48310000,48310100,1836,4590,48320000,41841
1,4832,48320000,48320100,1836,4590,48330000,41850
1,4833,48330000,48330100,1836,4590,48340000,41860
1,4834,48340000,48340100,1836,4590,48350000,41868
1,4835,48350000,48350100,1836,4590,48360000,41875
1,4836,48360000,48360100,1836,4590,48370000,41886
1,4837,48370000,48370100,1836,4590,48380000,41894
1,4838,48380000,48380100,1836,4590,48390000,41901
1,4839,48390000,48390100,1836,4590,48400000,41909
1,484,4840000,4840100,1836,4590,4850000,4190
1,4840,48400000,48400100,1836,4590,48410000,41922
1,4841,48410000,48410100,1836,4590,48420000,41928
1,4842,48420000,48420100,1836,4590,48430000,41938
1,4843,48430000,48430100,1836,4590,48440000,41944
1,4844,48440000,48440100,1836,4590,48450000,41954
1,4845,48450000,48450100,1836,4590,48460000,41964
1,4846,48460000,48460100,1836,4590,48470000,41971
1,4847,48470000,48470100,1836,4590,48480000,41979
1,4848,48480000,48480100,1836,4590,48490000,41991
1,4849,48490000,48490100,1836,4590,48500000,41997
1,485,4850000,4850100,1836,4590,4860000,4197
1,4850,48500000,48500100,1836,4590,48510000,42005
1,4851,48510000,48510100,1836,4590,48520000,42016
1,4852,48520000,48520100,1836,4590,48530000,42024
1,4853,48530000,48530100,1836,4590,48540000,42030
1,4854,48540000,48540100,1836,4590,48550000,42042
1,4855,48550000,48550100,1836,4590,48560000,42049
1,4856,48560000,48560100,1836,4590,48570000,42059
1,4857,48570000,48570100,1836,4590,48580000,42067
1,4858,48580000,48580100,1836,4590,48590000,42076
1,4859,48590000,48590100,1836,4590,48600000,42082
1,486,4860000,4860100,1836,4590,4870000,4209
1,4860,48600000,48600100,1836,4590,48610000,42094
1,4861,48610000,48610100,1836,4590,48620000,42102
1,4862,48620000,48620100,1836,4590,48630000,42110
1,4863,48630000,48630100,1836,4590,48640000,42118
1,4864,48640000,48640100,1836,4590,48650000,42127
1,4865,48650000,48650100,1836,4590,48660000,42136
1,4866,48660000,48660100,1836,4590,48670000,42146
1,4867,48670000,48670100,1836,4590,48680000,42153
1,4868,48680000,48680100,1836,4590,48690000,42163
1,4869,48690000,48690100,1836,4590,48700000,42171
1,487,4870000,4870100,1836,4590,4880000,4215
1,4870,48700000,48700100,1836,4590,48710000,42179
1,4871,48710000,48710100,1836,4590,48720000,42185
1,4872,48720000,48720100,1836,4590,48730000,42199
1,4873,48730000,48730100,1836,4590,48740000,42206
1,4874,48740000,48740100,1836,4590,48750000,42213
1,4875,48750000,48750100,1836,4590,48760000,42224
1,4876,48760000,48760100,1836,4590,48770000,42232
1,4877,48770000,48770100,1836,4590,48780000,42238
1,4878,48780000,48780100,1836,4590,48790000,42249
1,4879,48790000,48790100,1836,4590,48800000,42257
1,488,4880000,4880100,1836,4590,4890000,4224
1,4880,48800000,48800100,1836,4590,48810000,42267
1,4881,48810000,48810100,1836,4590,48820000,42275
1,4882,48820000,48820100,1836,4590,48830000,42284
1,4883,48830000,48830100,1836,4590,48840000,42290
1,4884,48840000,48840100,1836,4590,48850000,42302
1,4885,48850000,48850100,1836,4590,48860000,42309
1,4886,48860000,48860100,1836,4590,48870000,42318
1,4887,48870000,48870100,1836,4590,48880000,42326
1,4888,48880000,48880100,1836,4590,48890000,42335
1,4889,48890000,48890100,1836,4590,48900000,42344
1,489,4890000,4890100,1836,4590,4900000,4233
1,4890,48900000,48900100,1836,4590,48910000,42355
1,4891,48910000,48910100,1836,4590,48920000,42361
1,4892,48920000,48920100,1836,4590,48930000,42369
1,4893,48930000,48930100,1836,4590,48940000,42379
1,4894,48940000,48940100,1836,4590,48950000,42386
1,4895,48950000,48950100,1836,4590,48960000,42394
1,4896,48960000,48960100,1836,4590,48970000,42408
1,4897,48970000,48970100,1836,4590,48980000,42414
1,4898,48980000,48980100,1836,4590,48990000,42421
1,4899,48990000,48990100,1836,4590,49000000,42429
1,49,490000,490100,1836,4590,500000,423
1,490,4900000,4900100,1836,4590,4910000,4243
1,4900,49000000,49000100,1836,4590,49010000,42441
1,4901,49010000,49010100,1836,4590,49020000,42447
1,4902,49020000,49020100,1836,4590,49030000,42457
1,4903,49030000,49030100,1836,4590,49040000,42465
1,4904,49040000,49040100,1836,4590,49050000,42474
1,4905,49050000,49050100,1836,4590,49060000,42483
1,4906,49060000,49060100,1836,4590,49070000,42491
1,4907,49070000,49070100,1836,4590,49080000,42499
1,4908,49080000,49080100,1836,4590,49090000,42510
1,4909,49090000,49090100,1836,4590,49100000,42516
1,491,4910000,4910100,1836,4590,4920000,4249
1,4910,49100000,49100100,1836,4590,49110000,42526
1,4911,49110000,49110100,1836,4590,49120000,42535
1,4912,49120000,49120100,1836,4590,49130000,42544
1,4913,49130000,49130100,1836,4590,49140000,42550
1,4914,49140000,49140100,1836,4590,49150000,42562
1,4915,49150000,49150100,1836,4590,49160000,42569
1,4916,49160000,49160100,1836,4590,49170000,42577
1,4917,49170000,49170100,1836,4590,49180000,42588
1,4918,49180000,49180100,1836,4590,49190000,42595
1,4919,49190000,49190100,1836,4590,49200000,42601
1,492,4920000,4920100,1836,4590,4930000,4260
1,4920,49200000,49200100,1836,4590,49210000,42614
1,4921,49210000,49210100,1836,4590,49220000,42622
1,4922,49220000,49220100,1836,4590,49230000,42630
1,4923,49230000,49230100,1836,4590,49240000,42638
1,4924,49240000,49240100,1836,4590,49250000,42648
1,4925,49250000,49250100,1836,4590,49260000,42655
1,4926,49260000,49260100,1836,4590,49270000,42665
1,4927,49270000,49270100,1836,4590,49280000,42671
1,4928,49280000,49280100,1836,4590,49290000,42683
1,4929,49290000,49290100,1836,4590,49300000,42691
1,493,4930000,4930100,1836,4590,4940000,4268
1,4930,49300000,49300100,1836,4590,49310000,42699
1,4931,49310000,49310100,1836,4590,49320000,42707
1,4932,49320000,49320100,1836,4590,49330000,42718
1,4933,49330000,49330100,1836,4590,49340000,42725
1,4934,49340000,49340100,1836,4590,49350000,42732
1,4935,49350000,49350100,1836,4590,49360000,42743
1,4936,49360000,49360100,1836,4590,49370000,42752
1,4937,49370000,49370100,1836,4590,49380000,42758
1,4938,49380000,49380100,1836,4590,49390000,42770
1,4939,49390000,49390100,1836,4590,49400000,42777
1,494,4940000,4940100,1836,4590,4950000,4275
1,4940,49400000,49400100,1836,4590,49410000,42786
1,4941,49410000,49410100,1836,4590,49420000,42794
1,4942,49420000,49420100,1836,4590,49430000,42803
1,4943,49430000,49430100,1836,4590,49440000,42809
1,4944,49440000,49440100,1836,4590,49450000,42822
1,4945,49450000,49450100,1836,4590,49460000,42831
1,4946,49460000,49460100,1836,4590,49470000,42838
1,4947,49470000,49470100,1836,4590,49480000,42846
1,4948,49480000,49480100,1836,4590,49490000,42854
1,4949,49490000,49490100,1836,4590,49500000,42862
1,495,4950000,4950100,1836,4590,4960000,4285
1,4950,49500000,49500100,1836,4590,49510000,42874
1,4951,49510000,49510100,1836,4590,49520000,42880
1,4952,49520000,49520100,1836,4590,49530000,42891
1,4953,49530000,49530100,1836,4590,49540000,42899
1,4954,49540000,49540100,1836,4590,49550000,42906
1,4955,49550000,49550100,1836,4590,49560000,42914
1,4956,49560000,49560100,1836,4590,49570000,42927
1,4957,49570000,49570100,1836,4590,49580000,42933
1,4958,49580000,49580100,1836,4590,49590000,42940
1,4959,49590000,49590100,1836,4590,49600000,42950
1,496,4960000,4960100,1836,4590,4970000,4294
1,4960,49600000,49600100,1836,4590,49610000,42960
1,4961,49610000,49610100,1836,4590,49620000,42967
1,4962,49620000,49620100,1836,4590,49630000,42977
1,4963,49630000,49630100,1836,4590,49640000,42985
1,4964,49640000,49640100,1836,4590,49650000,42993
1,4965,49650000,49650100,1836,4590,49660000,43002
1,4966,49660000,49660100,1836,4590,49670000,43012
1,4967,49670000,49670100,1836,4590,49680000,43018
1,4968,49680000,49680100,1836,4590,49690000,43030
1,4969,49690000,49690100,1836,4590,49700000,43036
1,497,4970000,4970100,1836,4590,4980000,4302
1,4970,49700000,49700100,1836,4590,49710000,43046
1,4971,49710000,49710100,1836,4590,49720000,43054
1,4972,49720000,49720100,1836,4590,49730000,43063
1,4973,49730000,49730100,1836,4590,49740000,43071
1,4974,49740000,49740100,1836,4590,49750000,43081
1,4975,49750000,49750100,1836,4590,49760000,43088
1,4976,49760000,49760100,1836,4590,49770000,43097
1,4977,49770000,49770100,1836,4590,49780000,43108
1,4978,49780000,49780100,1836,4590,49790000,43115
1,4979,49790000,49790100,1836,4590,49800000,43121
1,498,4980000,4980100,1836,4590,4990000,4312
1,4980,49800000,49800100,1836,4590,49810000,43135
1,4981,49810000,49810100,1836,4590,49820000,43141
1,4982,49820000,49820100,1836,4590,49830000,43148
1,4983,49830000,49830100,1836,4590,49840000,43157
1,4984,49840000,49840100,1836,4590,49850000,43168
1,4985,49850000,49850100,1836,4590,49860000,43175
1,4986,49860000,49860100,1836,4590,49870000,43185
1,4987,49870000,49870100,1836,4590,49880000,43193
1,4988,49880000,49880100,1836,4590,49890000,43202
1,4989,49890000,49890100,1836,4590,49900000,43210
1,499,4990000,4990100,1836,4590,5000000,4318
1,4990,49900000,49900100,1836,4590,49910000,43218
1,4991,49910000,49910100,1836,4590,49920000,43226
1,4992,49920000,49920100,1836,4590,49930000,43238
1,4993,49930000,49930100,1836,4590,49940000,43244
1,4994,49940000,49940100,1836,4590,49950000,43254
1,4995,49950000,49950100,1836,4590,49960000,43263
1,4996,49960000,49960100,1836,4590,49970000,43271
1,4997,49970000,49970100,1836,4590,49980000,43277
1,4998,49980000,49980100,1836,4590,49990000,43289
1,4999,49990000,49990100,1836,4590,50000000,43296
1,5,50000,50100,1836,4590,60000,40
1,50,500000,500100,1836,4590,510000,431
1,500,5000000,5000100,1836,4590,5010000,4330
1,5000,50000000,50000100,1836,4590,50010000,43306
1,5001,50010000,50010100,1836,4590,50020000,43316
1,5002,50020000,50020100,1836,4590,50030000,43323
1,5003,50030000,50030100,1836,4590,50040000,43329
1,5004,50040000,50040100,1836,4590,50050000,43340
1,5005,50050000,50050100,1836,4590,50060000,43350
1,5006,50060000,50060100,1836,4590,50070000,43357
1,5007,50070000,50070100,1836,4590,50080000,43365
1,5008,50080000,50080100,1836,4590,50090000,43376
1,5009,50090000,50090100,1836,4590,50100000,43382
1,501,5010000,5010100,1836,4590,5020000,4338
1,5010,50100000,50100100,1836,4590,50110000,43394
1,5011,50110000,50110100,1836,4590,50120000,43400
1,5012,50120000,50120100,1836,4590,50130000,43410
1,5013,50130000,50130100,1836,4590,50140000,43418
1,5014,50140000,50140100,1836,4590,50150000,43425
1,5015,50150000,50150100,1836,4590,50160000,43434
1,5016,50160000,50160100,1836,4590,50170000,43447
1,5017,50170000,50170100,1836,4590,50180000,43453
1,5018,50180000,50180100,1836,4590,50190000,43460
1,5019,50190000,50190100,1836,4590,50200000,43470
1,502,5020000,5020100,1836,4590,5030000,4345
1,5020,50200000,50200100,1836,4590,50210000,43479
1,5021,50210000,50210100,1836,4590,50220000,43486
1,5022,50220000,50220100,1836,4590,50230000,43498
1,5023,50230000,50230100,1836,4590,50240000,43504
1,5024,50240000,50240100,1836,4590,50250000,43513
1,5025,50250000,50250100,1836,4590,50260000,43522
1,5026,50260000,50260100,1836,4590,50270000,43531
1,5027,50270000,50270100,1836,4590,50280000,43538
1,5028,50280000,50280100,1836,4590,50290000,43549
1,5029,50290000,50290100,1836,4590,50300000,43557
1,503,5030000,5030100,1836,4590,5040000,4351
1,5030,50300000,50300100,1836,4590,50310000,43565
1,5031,50310000,50310100,1836,4590,50320000,43573
1,5032,50320000,50320100,1836,4590,50330000,43583
1,5033,50330000,50330100,1836,4590,50340000,43591
1,5034,50340000,50340100,1836,4590,50350000,43601
1,5035,50350000,50350100,1836,4590,50360000,43608
1,5036,50360000,50360100,1836,4590,50370000,43618
1,5037,50370000,50370100,1836,4590,50380000,43626
1,5038,50380000,50380100,1836,4590,50390000,43634
1,5039,50390000,50390100,1836,4590,50400000,43640
1,504,5040000,5040100,1836,4590,5050000,4365
1,5040,50400000,50400100,1836,4590,50410000,43655
1,5041,50410000,50410100,1836,4590,50420000,43661
1,5042,50420000,50420100,1836,4590,50430000,43668
1,5043,50430000,50430100,1836,4590,50440000,43679
1,5044,50440000,50440100,1836,4590,50450000,43687
1,5045,50450000,50450100,1836,4590,50460000,43694
1,5046,50460000,50460100,1836,4590,50470000,43704
1,5047,50470000,50470100,1836,4590,50480000,43712
1,5048,50480000,50480100,1836,4590,50490000,43721
1,5049,50490000,50490100,1836,4590,50500000,43730
1,505,5050000,5050100,1836,4590,5060000,4372
1,5050,50500000,50500100,1836,4590,50510000,43740
1,5051,50510000,50510100,1836,4590,50520000,43746
1,5052,50520000,50520100,1836,4590,50530000,43757
1,5053,50530000,50530100,1836,4590,50540000,43763
1,5054,50540000,50540100,1836,4590,50550000,43773
1,5055,50550000,50550100,1836,4590,50560000,43782
1,5056,50560000,50560100,1836,4590,50570000,43791
1,5057,50570000,50570100,1836,4590,50580000,43799
1,5058,50580000,50580100,1836,4590,50590000,43809
1,5059,50590000,50590100,1836,4590,50600000,43815
1,506,5060000,5060100,1836,4590,5070000,4380
1,5060,50600000,50600100,1836,4590,50610000,43825
1,5061,50610000,50610100,1836,4590,50620000,43835
1,5062,50620000,50620100,1836,4590,50630000,43842
1,5063,50630000,50630100,1836,4590,50640000,43848
1,5064,50640000,50640100,1836,4590,50650000,43862
1,5065,50650000,50650100,1836,4590,50660000,43870
1,5066,50660000,50660100,1836,4590,50670000,43877
1,5067,50670000,50670100,1836,4590,50680000,43885
1,5068,50680000,50680100,1836,4590,50690000,43895
1,5069,50690000,50690100,1836,4590,50700000,43901
1,507,5070000,5070100,1836,4590,5080000,4390
1,5070,50700000,50700100,1836,4590,50710000,43912
1,5071,50710000,50710100,1836,4590,50720000,43921
1,5072,50720000,50720100,1836,4590,50730000,43930
1,5073,50730000,50730100,1836,4590,50740000,43938
1,5074,50740000,50740100,1836,4590,50750000,43945
1,5075,50750000,50750100,1836,4590,50760000,43954
1,5076,50760000,50760100,1836,4590,50770000,43966
1,5077,50770000,50770100,1836,4590,50780000,43972
1,5078,50780000,50780100,1836,4590,50790000,43981
1,5079,50790000,50790100,1836,4590,50800000,43989
1,508,5080000,5080100,1836,4590,5090000,4398
1,5080,50800000,50800100,1836,4590,50810000,43999
1,5081,50810000,50810100,1836,4590,50820000,44005
1,5082,50820000,50820100,1836,4590,50830000,44018
1,5083,50830000,50830100,1836,4590,50840000,44024
1,5084,50840000,50840100,1836,4590,50850000,44032
1,5085,50850000,50850100,1836,4590,50860000,44043
1,5086,50860000,50860100,1836,4590,50870000,44050
1,5087,50870000,50870100,1836,4590,50880000,44057
1,5088,50880000,50880100,1836,4590,50890000,44069
1,5089,50890000,50890100,1836,4590,50900000,44077
1,509,5090000,5090100,1836,4590,5100000,4404
1,5090,50900000,50900100,1836,4590,50910000,44085
1,5091,50910000,50910100,1836,4590,50920000,44093
1,5092,50920000,50920100,1836,4590,50930000,44103
1,5093,50930000,50930100,1836,4590,50940000,44110
1,5094,50940000,50940100,1836,4590,50950000,44120
1,5095,50950000,50950100,1836,4590,50960000,44127
1,5096,50960000,50960100,1836,4590,50970000,44138
1,5097,50970000,50970100,1836,4590,50980000,44146
1,5098,50980000,50980100,1836,4590,50990000,44154
1,5099,50990000,50990100,1836,4590,51000000,44162
1,51,510000,510100,1836,4590,520000,439
1,510,5100000,5100100,1836,4590,5110000,4415
1,5100,51000000,51000100,1836,4590,51010000,44174
1,5101,51010000,51010100,1836,4590,51020000,44180
1,5102,51020000,51020100,1836,4590,51030000,44187
1,5103,51030000,51030100,1836,4590,51040000,44197
1,5104,51040000,51040100,1836,4590,51050000,44207
1,5105,51050000,51050100,1836,4590,51060000,44214
1,5106,51060000,51060100,1836,4590,51070000,44226
1,5107,51070000,51070100,1836,4590,51080000,44232
1,5108,51080000,51080100,1836,4590,51090000,44240
1,5109,51090000,51090100,1836,4590,51100000,44249
1,511,5110000,5110100,1836,4590,5120000,4424
1,5110,51100000,51100100,1836,4590,51110000,44259
1,5111,51110000,51110100,1836,4590,51120000,44265
1,5112,51120000,51120100,1836,4590,51130000,44277
1,5113,51130000,51130100,1836,4590,51140000,44285
1,5114,51140000,51140100,1836,4590,51150000,44292
1,5115,51150000,51150100,1836,4590,51160000,44302
1,5116,51160000,51160100,1836,4590,51170000,44310
1,5117,51170000,51170100,1836,4590,51180000,44318
1,5118,51180000,51180100,1836,4590,51190000,44328
1,5119,51190000,51190100,1836,4590,51200000,44334
1,512,5120000,5120100,1836,4590,5130000,4433
1,5120,51200000,51200100,1836,4590,51210000,44347
1,5121,51210000,51210100,1836,4590,51220000,44355
1,5122,51220000,51220100,1836,4590,51230000,44362
1,5123,51230000,51230100,1836,4590,51240000,44368
1,5124,51240000,51240100,1836,4590,51250000,44381
1,5125,51250000,51250100,1836,4590,51260000,44388
1,5126,51260000,51260100,1836,4590,51270000,44396
1,5127,51270000,51270100,1836,4590,51280000,44406
1,5128,51280000,51280100,1836,4590,51290000,44415
1,5129,51290000,51290100,1836,4590,51300000,44421
1,513,5130000,5130100,1836,4590,5140000,4441
1,5130,51300000,51300100,1836,4590,51310000,44432
1,5131,51310000,51310100,1836,4590,51320000,44441
1,5132,51320000,51320100,1836,4590,51330000,44449
1,5133,51330000,51330100,1836,4590,51340000,44457
1,5134,51340000,51340100,1836,4590,51350000,44466
1,5135,51350000,51350100,1836,4590,51360000,44473
1,5136,51360000,51360100,1836,4590,51370000,44485
1,5137,51370000,51370100,1836,4590,51380000,44492
1,5138,51380000,51380100,1836,4590,51390000,44501
1,5139,51390000,51390100,1836,4590,51400000,44509
1,514,5140000,5140100,1836,4590,5150000,4450
1,5140,51400000,51400100,1836,4590,51410000,44518
1,5141,51410000,51410100,1836,4590,51420000,44526
1,5142,51420000,51420100,1836,4590,51430000,44537
1,5143,51430000,51430100,1836,4590,51440000,44543
1,5144,51440000,51440100,1836,4590,51450000,44552
1,5145,51450000,51450100,1836,4590,51460000,44563
1,5146,51460000,51460100,1836,4590,51470000,44570
1,5147,51470000,51470100,1836,4590,51480000,44576
1,5148,51480000,51480100,1836,4590,51490000,44590
1,5149,51490000,51490100,1836,4590,51500000,44596
1,515,5150000,5150100,1836,4590,5160000,4457
1,5150,51500000,51500100,1836,4590,51510000,44604
1,5151,51510000,51510100,1836,4590,51520000,44612
1,5152,51520000,51520100,1836,4590,51530000,44623
1,5153,51530000,51530100,1836,4590,51540000,44630
1,5154,51540000,51540100,1836,4590,51550000,44640
1,5155,51550000,51550100,1836,4590,51560000,44649
1,5156,51560000,51560100,1836,4590,51570000,44657
1,5157,51570000,51570100,1836,4590,51580000,44665
1,5158,51580000,51580100,1836,4590,51590000,44672
1,5159,51590000,51590100,1836,4590,51600000,44681
1,516,5160000,5160100,1836,4590,5170000,4468
1,5160,51600000,51600100,1836,4590,51610000,44694
1,5161,51610000,51610100,1836,4590,51620000,44700
1,5162,51620000,51620100,1836,4590,51630000,44709
1,5163,51630000,51630100,1836,4590,51640000,44717
1,5164,51640000,51640100,1836,4590,51650000,44726
1,5165,51650000,51650100,1836,4590,51660000,44733
1,5166,51660000,51660100,1836,4590,51670000,44745
1,5167,51670000,51670100,1836,4590,51680000,44751
1,5168,51680000,51680100,1836,4590,51690000,44760
1,5169,51690000,51690100,1836,4590,51700000,44770
1,517,5170000,5170100,1836,4590,5180000,4475
1,5170,51700000,51700100,1836,4590,51710000,44779
1,5171,51710000,51710100,1836,4590,51720000,44785
1,5172,51720000,51720100,1836,4590,51730000,44796
1,5173,51730000,51730100,1836,4590,51740000,44804
1,5174,51740000,51740100,1836,4590,51750000,44811
1,5175,51750000,51750100,1836,4590,51760000,44821
1,5176,51760000,51760100,1836,4590,51770000,44832
1,5177,51770000,51770100,1836,4590,51780000,44838
1,5178,51780000,51780100,1836,4590,51790000,44848
1,5179,51790000,51790100,1836,4590,51800000,44854
1,518,5180000,5180100,1836,4590,5190000,4484
1,5180,51800000,51800100,1836,4590,51810000,44865
1,5181,51810000,51810100,1836,4590,51820000,44874
1,5182,51820000,51820100,1836,4590,51830000,44881
1,5183,51830000,51830100,1836,4590,51840000,44889
1,5184,51840000,51840100,1836,4590,51850000,44901
1,5185,51850000,51850100,1836,4590,51860000,44908
1,5186,51860000,51860100,1836,4590,51870000,44916
1,5187,51870000,51870100,1836,4590,51880000,44926
1,5188,51880000,51880100,1836,4590,51890000,44934
1,5189,51890000,51890100,1836,4590,51900000,44940
1,519,5190000,5190100,1836,4590,5200000,4492
1,5190,51900000,51900100,1836,4590,51910000,44953
1,5191,51910000,51910100,1836,4590,51920000,44959
1,5192,51920000,51920100,1836,4590,51930000,44969
1,5193,51930000,51930100,1836,4590,51940000,44977
1,5194,51940000,51940100,1836,4590,51950000,44986
1,5195,51950000,51950100,1836,4590,51960000,44993
1,5196,51960000,51960100,1836,4590,51970000,45004
1,5197,51970000,51970100,1836,4590,51980000,45013
1,5198,51980000,51980100,1836,4590,51990000,45020
1,5199,51990000,51990100,1836,4590,52000000,45028
1,52,520000,520100,1836,4590,530000,449
1,520,5200000,5200100,1836,4590,5210000,4502
1,5200,52000000,52000100,1836,4590,52010000,45038
1,5201,52010000,52010100,1836,4590,52020000,45046
1,5202,52020000,52020100,1836,4590,52030000,45056
1,5203,52030000,52030100,1836,4590,52040000,45063
1,5204,52040000,52040100,1836,4590,52050000,45073
1,5205,52050000,52050100,1836,4590,52060000,45082
1,5206,52060000,52060100,1836,4590,52070000,45089
1,5207,52070000,52070100,1836,4590,52080000,45095
1,5208,52080000,52080100,1836,4590,52090000,45110
1,5209,52090000,52090100,1836,4590,52100000,45116
1,521,5210000,5210100,1836,4590,5220000,4510
1,5210,52100000,52100100,1836,4590,52110000,45124
1,5211,52110000,52110100,1836,4590,52120000,45134
1,5212,52120000,52120100,1836,4590,52130000,45142
1,5213,52130000,52130100,1836,4590,52140000,45148
1,5214,52140000,52140100,1836,4590,52150000,45159
1,5215,52150000,52150100,1836,4590,52160000,45168
1,5216,52160000,52160100,1836,4590,52170000,45177
1,5217,52170000,52170100,1836,4590,52180000,45185
1,5218,52180000,52180100,1836,4590,52190000,45194
1,5219,52190000,52190100,1836,4590,52200000,45201
1,522,5220000,5220100,1836,4590,5230000,4521
1,5220,52200000,52200100,1836,4590,52210000,45213
1,5221,52210000,52210100,1836,4590,52220000,45219
1,5222,52220000,52220100,1836,4590,52230000,45228
1,5223,52230000,52230100,1836,4590,52240000,45236
1,5224,52240000,52240100,1836,4590,52250000,45245
1,5225,52250000,52250100,1836,4590,52260000,45255
1,5226,52260000,52260100,1836,4590,52270000,45265
1,5227,52270000,52270100,1836,4590,52280000,45271
1,5228,52280000,52280100,1836,4590,52290000,45279
1,5229,52290000,52290100,1836,4590,52300000,45289
1,523,5230000,5230100,1836,4590,5240000,4527
1,5230,52300000,52300100,1836,4590,52310000,45298
1,5231,52310000,52310100,1836,4590,52320000,45304
1,5232,52320000,52320100,1836,4590,52330000,45318
1,5233,52330000,52330100,1836,4590,52340000,45324
1,5234,52340000,52340100,1836,4590,52350000,45331
1,5235,52350000,52350100,1836,4590,52360000,45340
1,5236,52360000,52360100,1836,4590,52370000,45351
1,5237,52370000,52370100,1836,4590,52380000,45357
1,5238,52380000,52380100,1836,4590,52390000,45367
1,5239,52390000,52390100,1836,4590,52400000,45375
1,524,5240000,5240100,1836,4590,5250000,4535
1,5240,52400000,52400100,1836,4590,52410000,45385
1,5241,52410000,52410100,1836,4590,52420000,45394
1,5242,52420000,52420100,1836,4590,52430000,45401
1,5243,52430000,52430100,1836,4590,52440000,45409
1,5244,52440000,52440100,1836,4590,52450000,45420
1,5245,52450000,52450100,1836,4590,52460000,45427
1,5246,52460000,52460100,1836,4590,52470000,45436
1,5247,52470000,52470100,1836,4590,52480000,45445
1,5248,52480000,52480100,1836,4590,52490000,45454
1,5249,52490000,52490100,1836,4590,52500000,45460
1,525,5250000,5250100,1836,4590,5260000,4546
1,5250,52500000,52500100,1836,4590,52510000,45473
1,5251,52510000,52510100,1836,4590,52520000,45479
1,5252,52520000,52520100,1836,4590,52530000,45488
1,5253,52530000,52530100,1836,4590,52540000,45498
1,5254,52540000,52540100,1836,4590,52550000,45505
1,5255,52550000,52550100,1836,4590,52560000,45512
1,5256,52560000,52560100,1836,4590,52570000,45524
1,5257,52570000,52570100,1836,4590,52580000,45532
1,5258,52580000,52580100,1836,4590,52590000,45540
1,5259,52590000,52590100,1836,4590,52600000,45548
1,526,5260000,5260100,1836,4590,5270000,4553
1,5260,52600000,52600100,1836,4590,52610000,45559
1,5261,52610000,52610100,1836,4590,52620000,45565
1,5262,52620000,52620100,1836,4590,52630000,45575
1,5263,52630000,52630100,1836,4590,52640000,45582
1,5264,52640000,52640100,1836,4590,52650000,45593
1,5265,52650000,52650100,1836,4590,52660000,45602
1,5266,52660000,52660100,1836,4590,52670000,45609
1,5267,52670000,52670100,1836,4590,52680000,45617
1,5268,52680000,52680100,1836,4590,52690000,45628
1,5269,52690000,52690100,1836,4590,52700000,45635
1,527,5270000,5270100,1836,4590,5280000,4559
1,5270,52700000,52700100,1836,4590,52710000,45643
1,5271,52710000,52710100,1836,4590,52720000,45653
1,5272,52720000,52720100,1836,4590,52730000,45662
1,5273,52730000,52730100,1836,4590,52740000,45668
1,5274,52740000,52740100,1836,4590,52750000,45681
1,5275,52750000,52750100,1836,4590,52760000,45688
1,5276,52760000,52760100,1836,4590,52770000,45696
1,5277,52770000,52770100,1836,4590,52780000,45704
1,5278,52780000,52780100,1836,4590,52790000,45713
1,5279,52790000,52790100,1836,4590,52800000,45719
1,528,5280000,5280100,1836,4590,5290000,4574
1,5280,52800000,52800100,1836,4590,52810000,45733
1,5281,52810000,52810100,1836,4590,52820000,45741
1,5282,52820000,52820100,1836,4590,52830000,45748
1,5283,52830000,52830100,1836,4590,52840000,45756
1,5284,52840000,52840100,1836,4590,52850000,45764
1,5285,52850000,52850100,1836,4590,52860000,45774
1,5286,52860000,52860100,1836,4590,52870000,45784
1,5287,52870000,52870100,1836,4590,52880000,45790
1,5288,52880000,52880100,1836,4590,52890000,45801
1,5289,52890000,52890100,1836,4590,52900000,45809
1,529,5290000,5290100,1836,4590,5300000,4580
1,5290,52900000,52900100,1836,4590,52910000,45817
1,5291,52910000,52910100,1836,4590,52920000,45824
1,5292,52920000,52920100,1836,4590,52930000,45837
1,5293,52930000,52930100,1836,4590,52940000,45843
1,5294,52940000,52940100,1836,4590,52950000,45850
1,5295,52950000,52950100,1836,4590,52960000,45861
1,5296,52960000,52960100,1836,4590,52970000,45871
1,5297,52970000,52970100,1836,4590,52980000,45877
1,5298,52980000,52980100,1836,4590,52990000,45887
1,5299,52990000,52990100,1836,4590,53000000,45895
1,53,530000,530100,1836,4590,540000,455
1,530,5300000,5300100,1836,4590,5310000,4588
1,5300,53000000,53000100,1836,4590,53010000,45904
1,5301,53010000,53010100,1836,4590,53020000,45912
1,5302,53020000,53020100,1836,4590,53030000,45922
1,5303,53030000,53030100,1836,4590,53040000,45928
1,5304,53040000,53040100,1836,4590,53050000,45940
1,5305,53050000,53050100,1836,4590,53060000,45947
1,5306,53060000,53060100,1836,4590,53070000,45956
1,5307,53070000,53070100,1836,4590,53080000,45965
1,5308,53080000,53080100,1836,4590,53090000,45973
1,5309,53090000,53090100,1836,4590,53100000,45981
1,531,5310000,5310100,1836,4590,5320000,4596
1,5310,53100000,53100100,1836,4590,53110000,45992
1,5311,53110000,53110100,1836,4590,53120000,45998
1,5312,53120000,53120100,1836,4590,53130000,46007
1,5313,53130000,53130100,1836,4590,53140000,46018
1,5314,53140000,53140100,1836,4590,53150000,46025
1,5315,53150000,53150100,1836,4590,53160000,46032
1,5316,53160000,53160100,1836,4590,53170000,46045
1,5317,53170000,53170100,1836,4590,53180000,46051
1,5318,53180000,53180100,1836,4590,53190000,46059
1,5319,53190000,53190100,1836,4590,53200000,46067
1,532,5320000,5320100,1836,4590,5330000,4606
1,5320,53200000,53200100,1836,4590,53210000,46079
1,5321,53210000,53210100,1836,4590,53220000,46085
1,5322,53220000,53220100,1836,4590,53230000,46095
1,5323,53230000,53230100,1836,4590,53240000,46103
1,5324,53240000,53240100,1836,4590,53250000,46112
1,5325,53250000,53250100,1836,4590,53260000,46121
1,5326,53260000,53260100,1836,4590,53270000,46128
1,5327,53270000,53270100,1836,4590,53280000,46136
1,5328,53280000,53280100,1836,4590,53290000,46148
1,5329,53290000,53290100,1836,4590,53300000,46155
1,533,5330000,5330100,1836,4590,5340000,4613
1,5330,53300000,53300100,1836,4590,53310000,46165
1,5331,53310000,53310100,1836,4590,53320000,46173
1,5332,53320000,53320100,1836,4590,53330000,46181
1,5333,53330000,53330100,1836,4590,53340000,46187
1,5334,53340000,53340100,1836,4590,53350000,46199
1,5335,53350000,53350100,1836,4590,53360000,46207
1,5336,53360000,53360100,1836,4590,53370000,46216
1,5337,53370000,53370100,1836,4590,53380000,46226
1,5338,53380000,53380100,1836,4590,53390000,46233
1,5339,53390000,53390100,1836,4590,53400000,46239
1,534,5340000,5340100,1836,4590,5350000,4623
1,5340,53400000,53400100,1836,4590,53410000,46252
1,5341,53410000,53410100,1836,4590,53420000,46260
1,5342,53420000,53420100,1836,4590,53430000,46267
1,5343,53430000,53430100,1836,4590,53440000,46275
1,5344,53440000,53440100,1836,4590,53450000,46286
1,5345,53450000,53450100,1836,4590,53460000,46293
1,5346,53460000,53460100,1836,4590,53470000,46304
1,5347,53470000,53470100,1836,4590,53480000,46310
1,5348,53480000,53480100,1836,4590,53490000,46320
1,5349,53490000,53490100,1836,4590,53500000,46328
1,535,5350000,5350100,1836,4590,5360000,4632
1,5350,53500000,53500100,1836,4590,53510000,46336
1,5351,53510000,53510100,1836,4590,53520000,46345
1,5352,53520000,53520100,1836,4590,53530000,46357
1,5353,53530000,53530100,1836,4590,53540000,46363
1,5354,53540000,53540100,1836,4590,53550000,46370
1,5355,53550000,53550100,1836,4590,53560000,46381
1,5356,53560000,53560100,1836,4590,53570000,46389
1,5357,53570000,53570100,1836,4590,53580000,46396
1,5358,53580000,53580100,1836,4590,53590000,46408
1,5359,53590000,53590100,1836,4590,53600000,46414
1,536,5360000,5360100,1836,4590,5370000,4641
1,5360,53600000,53600100,1836,4590,53610000,46424
1,5361,53610000,53610100,1836,4590,53620000,46432
1,5362,53620000,53620100,1836,4590,53630000,46442
1,5363,53630000,53630100,1836,4590,53640000,46448
1,5364,53640000,53640100,1836,4590,53650000,46459
1,5365,53650000,53650100,1836,4590,53660000,46468
1,5366,53660000,53660100,1836,4590,53670000,46475
1,5367,53670000,53670100,1836,4590,53680000,46483
1,5368,53680000,53680100,1836,4590,53690000,46493
1,5369,53690000,53690100,1836,4590,53700000,46501
1,537,5370000,5370100,1836,4590,5380000,4649
1,5370,53700000,53700100,1836,4590,53710000,46512
1,5371,53710000,53710100,1836,4590,53720000,46518
1,5372,53720000,53720100,1836,4590,53730000,46528
1,5373,53730000,53730100,1836,4590,53740000,46537
1,5374,53740000,53740100,1836,4590,53750000,46544
1,5375,53750000,53750100,1836,4590,53760000,46551
1,5376,53760000,53760100,1836,4590,53770000,46565
1,5377,53770000,53770100,1836,4590,53780000,46571
1,5378,53780000,53780100,1836,4590,53790000,46578
1,5379,53790000,53790100,1836,4590,53800000,46589
1,538,5380000,5380100,1836,4590,5390000,4656
1,5380,53800000,53800100,1836,4590,53810000,46598
1,5381,53810000,53810100,1836,4590,53820000,46604
1,5382,53820000,53820100,1836,4590,53830000,46614
1,5383,53830000,53830100,1836,4590,53840000,46622
1,5384,53840000,53840100,1836,4590,53850000,46632
1,5385,53850000,53850100,1836,4590,53860000,46641
1,5386,53860000,53860100,1836,4590,53870000,46650
1,5387,53870000,53870100,1836,4590,53880000,46656
1,5388,53880000,53880100,1836,4590,53890000,46667
1,5389,53890000,53890100,1836,4590,53900000,46673
1,539,5390000,5390100,1836,4590,5400000,4665
1,5390,53900000,53900100,1836,4590,53910000,46684
1,5391,53910000,53910100,1836,4590,53920000,46692
1,5392,53920000,53920100,1836,4590,53930000,46701
1,5393,53930000,53930100,1836,4590,53940000,46709
1,5394,53940000,53940100,1836,4590,53950000,46719
1,5395,53950000,53950100,1836,4590,53960000,46727
1,5396,53960000,53960100,1836,4590,53970000,46735
1,5397,53970000,53970100,1836,4590,53980000,46745
1,5398,53980000,53980100,1836,4590,53990000,46752
1,5399,53990000,53990100,1836,4590,54000000,46758
1,54,540000,540100,1836,4590,550000,465
1,540,5400000,5400100,1836,4590,5410000,4677
1,5400,54000000,54000100,1836,4590,54010000,46773
1,5401,54010000,54010100,1836,4590,54020000,46780
1,5402,54020000,54020100,1836,4590,54030000,46787
1,5403,54030000,54030100,1836,4590,54040000,46795
1,5404,54040000,54040100,1836,4590,54050000,46805
1,5405,54050000,54050100,1836,4590,54060000,46812
1,5406,54060000,54060100,1836,4590,54070000,46823
1,5407,54070000,54070100,1836,4590,54080000,46831
1,5408,54080000,54080100,1836,4590,54090000,46840
1,5409,54090000,54090100,1836,4590,54100000,46848
1,541,5410000,5410100,1836,4590,5420000,4683
1,5410,54100000,54100100,1836,4590,54110000,46856
1,5411,54110000,54110100,1836,4590,54120000,46864
1,5412,54120000,54120100,1836,4590,54130000,46876
1,5413,54130000,54130100,1836,4590,54140000,46882
1,5414,54140000,54140100,1836,4590,54150000,46891
1,5415,54150000,54150100,1836,4590,54160000,46900
1,5416,54160000,54160100,1836,4590,54170000,46909
1,5417,54170000,54170100,1836,4590,54180000,46916
1,5418,54180000,54180100,1836,4590,54190000,46928
1,5419,54190000,54190100,1836,4590,54200000,46934
1,542,5420000,5420100,1836,4590,5430000,4692
1,5420,54200000,54200100,1836,4590,54210000,46943
1,5421,54210000,54210100,1836,4590,54220000,46953
1,5422,54220000,54220100,1836,4590,54230000,46960
1,5423,54230000,54230100,1836,4590,54240000,46967
1,5424,54240000,54240100,1836,4590,54250000,46979
1,5425,54250000,54250100,1836,4590,54260000,46988
1,5426,54260000,54260100,1836,4590,54270000,46995
1,5427,54270000,54270100,1836,4590,54280000,47003
1,5428,54280000,54280100,1836,4590,54290000,47014
1,5429,54290000,54290100,1836,4590,54300000,47020
1,543,5430000,5430100,1836,4590,5440000,4700
1,5430,54300000,54300100,1836,4590,54310000,47031
1,5431,54310000,54310100,1836,4590,54320000,47037
1,5432,54320000,54320100,1836,4590,54330000,47048
1,5433,54330000,54330100,1836,4590,54340000,47056
1,5434,54340000,54340100,1836,4590,54350000,47064
1,5435,54350000,54350100,1836,4590,54360000,47073
1,5436,54360000,54360100,1836,4590,54370000,47084
1,5437,54370000,54370100,1836,4590,54380000,47090
1,5438,54380000,54380100,1836,4590,54390000,47097
1,5439,54390000,54390100,1836,4590,54400000,47108
1,544,5440000,5440100,1836,4590,5450000,4710
1,5440,54400000,54400100,1836,4590,54410000,47118
1,5441,54410000,54410100,1836,4590,54420000,47124
1,5442,54420000,54420100,1836,4590,54430000,47136
1,5443,54430000,54430100,1836,4590,54440000,47142
1,5444,54440000,54440100,1836,4590,54450000,47150
1,5445,54450000,54450100,1836,4590,54460000,47160
1,5446,54460000,54460100,1836,4590,54470000,47169
1,5447,54470000,54470100,1836,4590,54480000,47175
1,5448,54480000,54480100,1836,4590,54490000,47187
1,5449,54490000,54490100,1836,4590,54500000,47195
1,545,5450000,5450100,1836,4590,5460000,4717
1,5450,54500000,54500100,1836,4590,54510000,47204
1,5451,54510000,54510100,1836,4590,54520000,47212
1,5452,54520000,54520100,1836,4590,54530000,47220
1,5453,54530000,54530100,1836,4590,54540000,47228
1,5454,54540000,54540100,1836,4590,54550000,47238
1,5455,54550000,54550100,1836,4590,54560000,47245
1,5456,54560000,54560100,1836,4590,54570000,47257
1,5457,54570000,54570100,1836,4590,54580000,47265
1,5458,54580000,54580100,1836,4590,54590000,47272
1,5459,54590000,54590100,1836,4590,54600000,47278
1,546,5460000,5460100,1836,4590,5470000,4729
1,5460,54600000,54600100,1836,4590,54610000,47292
1,5461,54610000,54610100,1836,4590,54620000,47299
1,5462,54620000,54620100,1836,4590,54630000,47306
1,5463,54630000,54630100,1836,4590,54640000,47316
1,5464,54640000,54640100,1836,4590,54650000,47325
1,5465,54650000,54650100,1836,4590,54660000,47332
1,5466,54660000,54660100,1836,4590,54670000,47342
1,5467,54670000,54670100,1836,4590,54680000,47351
1,5468,54680000,54680100,1836,4590,54690000,47359
1,5469,54690000,54690100,1836,4590,54700000,47367
1,547,5470000,5470100,1836,4590,5480000,4735
1,5470,54700000,54700100,1836,4590,54710000,47377
1,5471,54710000,54710100,1836,4590,54720000,47383
1,5472,54720000,54720100,1836,4590,54730000,47396
1,5473,54730000,54730100,1836,4590,54740000,47402
1,5474,54740000,54740100,1836,4590,54750000,47411
1,5475,54750000,54750100,1836,4590,54760000,47420
1,5476,54760000,54760100,1836,4590,54770000,47428
1,5477,54770000,54770100,1836,4590,54780000,47436
1,5478,54780000,54780100,1836,4590,54790000,47447
1,5479,54790000,54790100,1836,4590,54800000,47453
1,548,5480000,5480100,1836,4590,5490000,4743
1,5480,54800000,54800100,1836,4590,54810000,47463
1,5481,54810000,54810100,1836,4590,54820000,47473
1,5482,54820000,54820100,1836,4590,54830000,47480
1,5483,54830000,54830100,1836,4590,54840000,47487
1,5484,54840000,54840100,1836,4590,54850000,47500
1,5485,54850000,54850100,1836,4590,54860000,47507
1,5486,54860000,54860100,1836,4590,54870000,47514
1,5487,54870000,54870100,1836,4590,54880000,47522
1,5488,54880000,54880100,1836,4590,54890000,47533
1,5489,54890000,54890100,1836,4590,54900000,47540
1,549,5490000,5490100,1836,4590,5500000,4753
1,5490,54900000,54900100,1836,4590,54910000,47551
1,5491,54910000,54910100,1836,4590,54920000,47559
1,5492,54920000,54920100,1836,4590,54930000,47567
1,5493,54930000,54930100,1836,4590,54940000,47575
1,5494,54940000,54940100,1836,4590,54950000,47583
1,5495,54950000,54950100,1836,4590,54960000,47592
1,5496,54960000,54960100,1836,4590,54970000,47604
1,5497,54970000,54970100,1836,4590,54980000,47610
1,5498,54980000,54980100,1836,4590,54990000,47619
1,5499,54990000,54990100,1836,4590,55000000,47627
1,55,550000,550100,1836,4590,560000,473
1,550,5500000,5500100,1836,4590,5510000,4762
1,5500,55000000,55000100,1836,4590,55010000,47637
1,5501,55010000,55010100,1836,4590,55020000,47643
1,5502,55020000,55020100,1836,4590,55030000,47655
1,5503,55030000,55030100,1836,4590,55040000,47661
1,5504,55040000,55040100,1836,4590,55050000,47670
1,5505,55050000,55050100,1836,4590,55060000,47682
1,5506,55060000,55060100,1836,4590,55070000,47689
1,5507,55070000,55070100,1836,4590,55080000,47695
1,5508,55080000,55080100,1836,4590,55090000,47706
1,5509,55090000,55090100,1836,4590,55100000,47714
1,551,5510000,5510100,1836,4590,5520000,4768
1,5510,55100000,55100100,1836,4590,55110000,47722
1,5511,55110000,55110100,1836,4590,55120000,47731
1,5512,55120000,55120100,1836,4590,55130000,47742
1,5513,55130000,55130100,1836,4590,55140000,47748
1,5514,55140000,55140100,1836,4590,55150000,47758
1,5515,55150000,55150100,1836,4590,55160000,47765
1,5516,55160000,55160100,1836,4590,55170000,47776
1,5517,55170000,55170100,1836,4590,55180000,47784
1,5518,55180000,55180100,1836,4590,55190000,47791
1,5519,55190000,55190100,1836,4590,55200000,47799
1,552,5520000,5520100,1836,4590,5530000,4780
1,5520,55200000,55200100,1836,4590,55210000,47812
1,5521,55210000,55210100,1836,4590,55220000,47818
1,5522,55220000,55220100,1836,4590,55230000,47826
1,5523,55230000,55230100,1836,4590,55240000,47836
1,5524,55240000,55240100,1836,4590,55250000,47844
1,5525,55250000,55250100,1836,4590,55260000,47851
1,5526,55260000,55260100,1836,4590,55270000,47863
1,5527,55270000,55270100,1836,4590,55280000,47870
1,5528,55280000,55280100,1836,4590,55290000,47879
1,5529,55290000,55290100,1836,4590,55300000,47887
1,553,5530000,5530100,1836,4590,5540000,4788
1,5530,55300000,55300100,1836,4590,55310000,47897
1,5531,55310000,55310100,1836,4590,55320000,47903
1,5532,55320000,55320100,1836,4590,55330000,47914
1,5533,55330000,55330100,1836,4590,55340000,47923
1,5534,55340000,55340100,1836,4590,55350000,47930
1,5535,55350000,55350100,1836,4590,55360000,47939
1,5536,55360000,55360100,1836,4590,55370000,47948
1,5537,55370000,55370100,1836,4590,55380000,47956
1,5538,55380000,55380100,1836,4590,55390000,47967
1,5539,55390000,55390100,1836,4590,55400000,47973
1,554,5540000,5540100,1836,4590,5550000,4795
1,5540,55400000,55400100,1836,4590,55410000,47984
1,5541,55410000,55410100,1836,4590,55420000,47992
1,5542,55420000,55420100,1836,4590,55430000,47999
1,5543,55430000,55430100,1836,4590,55440000,48005
1,5544,55440000,55440100,1836,4590,55450000,48020
1,5545,55450000,55450100,1836,4590,55460000,48027
1,5546,55460000,55460100,1836,4590,55470000,48034
1,5547,55470000,55470100,1836,4590,55480000,48044
1,5548,55480000,55480100,1836,4590,55490000,48052
1,5549,55490000,55490100,1836,4590,55500000,48059
1,555,5550000,5550100,1836,4590,5560000,4805
1,5550,55500000,55500100,1836,4590,55510000,48070
1,5551,55510000,55510100,1836,4590,55520000,48078
1,5552,55520000,55520100,1836,4590,55530000,48087
1,5553,55530000,55530100,1836,4590,55540000,48095
1,5554,55540000,55540100,1836,4590,55550000,48104
1,5555,55550000,55550100,1836,4590,55560000,48112
1,5556,55560000,55560100,1836,4590,55570000,48123
1,5557,55570000,55570100,1836,4590,55580000,48129
1,5558,55580000,55580100,1836,4590,55590000,48138
1,5559,55590000,55590100,1836,4590,55600000,48146
1,556,5560000,5560100,1836,4590,5570000,4815
1,5560,55600000,55600100,1836,4590,55610000,48157
1,5561,55610000,55610100,1836,4590,55620000,48165
1,5562,55620000,55620100,1836,4590,55630000,48175
1,5563,55630000,55630100,1836,4590,55640000,48181
1,5564,55640000,55640100,1836,4590,55650000,48189
1,5565,55650000,55650100,1836,4590,55660000,48200
1,5566,55660000,55660100,1836,4590,55670000,48208
1,5567,55670000,55670100,1836,4590,55680000,48214
1,5568,55680000,55680100,1836,4590,55690000,48228
1,5569,55690000,55690100,1836,4590,55700000,48234
1,557,5570000,5570100,1836,4590,5580000,4821
1,5570,55700000,55700100,1836,4590,55710000,48242
1,5571,55710000,55710100,1836,4590,55720000,48251
1,5572,55720000,55720100,1836,4590,55730000,48261
1,5573,55730000,55730100,1836,4590,55740000,48267
1,5574,55740000,55740100,1836,4590,55750000,48277
1,5575,55750000,55750100,1836,4590,55760000,48286
1,5576,55760000,55760100,1836,4590,55770000,48295
1,5577,55770000,55770100,1836,4590,55780000,48304
1,5578,55780000,55780100,1836,4590,55790000,48311
1,5579,55790000,55790100,1836,4590,55800000,48319
1,558,5580000,5580100,1836,4590,5590000,4831
1,5580,55800000,55800100,1836,4590,55810000,48331
1,5581,55810000,55810100,1836,4590,55820000,48337
1,5582,55820000,55820100,1836,4590,55830000,48347
1,5583,55830000,55830100,1836,4590,55840000,48355
1,5584,55840000,55840100,1836,4590,55850000,48364
1,5585,55850000,55850100,1836,4590,55860000,48371
1,5586,55860000,55860100,1836,4590,55870000,48383
1,5587,55870000,55870100,1836,4590,55880000,48389
1,5588,55880000,55880100,1836,4590,55890000,48398
1,5589,55890000,55890100,1836,4590,55900000,48408
1,559,5590000,5590100,1836,4590,5600000,4837
1,5590,55900000,55900100,1836,4590,55910000,48416
1,5591,55910000,55910100,1836,4590,55920000,48422
1,5592,55920000,55920100,1836,4590,55930000,48434
1,5593,55930000,55930100,1836,4590,55940000,48443
1,5594,55940000,55940100,1836,4590,55950000,48450
1,5595,55950000,55950100,1836,4590,55960000,48459
1,5596,55960000,55960100,1836,4590,55970000,48469
1,5597,55970000,55970100,1836,4590,55980000,48475
1,5598,55980000,55980100,1836,4590,55990000,48485
1,5599,55990000,55990100,1836,4590,56000000,48492
1,56,560000,560100,1836,4590,570000,484
1,560,5600000,5600100,1836,4590,5610000,4849
1,5600,56000000,56000100,1836,4590,56010000,48504
1,5601,56010000,56010100,1836,4590,56020000,48512
1,5602,56020000,56020100,1836,4590,56030000,48519
1,5603,56030000,56030100,1836,4590,56040000,48527
1,5604,56040000,56040100,1836,4590,56050000,48539
1,5605,56050000,56050100,1836,4590,56060000,48546
1,5606,56060000,56060100,1836,4590,56070000,48553
1,5607,56070000,56070100,1836,4590,56080000,48563
1,5608,56080000,56080100,1836,4590,56090000,48572
1,5609,56090000,56090100,1836,4590,56100000,48578
1,561,5610000,5610100,1836,4590,5620000,4858
1,5610,56100000,56100100,1836,4590,56110000,48592
1,5611,56110000,56110100,1836,4590,56120000,48598
1,5612,56120000,56120100,1836,4590,56130000,48606
1,5613,56130000,56130100,1836,4590,56140000,48614
1,5614,56140000,56140100,1836,4590,56150000,48623
1,5615,56150000,56150100,1836,4590,56160000,48631
1,5616,56160000,56160100,1836,4590,56170000,48643
1,5617,56170000,56170100,1836,4590,56180000,48651
1,5618,56180000,56180100,1836,4590,56190000,48658
1,5619,56190000,56190100,1836,4590,56200000,48666
1,562,5620000,5620100,1836,4590,5630000,4865
1,5620,56200000,56200100,1836,4590,56210000,48675
1,5621,56210000,56210100,1836,4590,56220000,48684
1,5622,56220000,56220100,1836,4590,56230000,48694
1,5623,56230000,56230100,1836,4590,56240000,48700
1,5624,56240000,56240100,1836,4590,56250000,48711
1,5625,56250000,56250100,1836,4590,56260000,48720
1,5626,56260000,56260100,1836,4590,56270000,48728
1,5627,56270000,56270100,1836,4590,56280000,48734
1,5628,56280000,56280100,1836,4590,56290000,48747
1,5629,56290000,56290100,1836,4590,56300000,48753
1,563,5630000,5630100,1836,4590,5640000,4873
1,5630,56300000,56300100,1836,4590,56310000,48761
1,5631,56310000,56310100,1836,4590,56320000,48771
1,5632,56320000,56320100,1836,4590,56330000,48781
1,5633,56330000,56330100,1836,4590,56340000,48787
1,5634,56340000,56340100,1836,4590,56350000,48797
1,5635,56350000,56350100,1836,4590,56360000,48806
1,5636,56360000,56360100,1836,4590,56370000,48814
1,5637,56370000,56370100,1836,4590,56380000,48823
1,5638,56380000,56380100,1836,4590,56390000,48832
1,5639,56390000,56390100,1836,4590,56400000,48838
1,564,5640000,5640100,1836,4590,5650000,4884
1,5640,56400000,56400100,1836,4590,56410000,48851
1,5641,56410000,56410100,1836,4590,56420000,48857
1,5642,56420000,56420100,1836,4590,56430000,48866
1,5643,56430000,56430100,1836,4590,56440000,48875
1,5644,56440000,56440100,1836,4590,56450000,48883
1,5645,56450000,56450100,1836,4590,56460000,48892
1,5646,56460000,56460100,1836,4590,56470000,48902
1,5647,56470000,56470100,1836,4590,56480000,48908
1,5648,56480000,56480100,1836,4590,56490000,48918
1,5649,56490000,56490100,1836,4590,56500000,48928
1,565,5650000,5650100,1836,4590,5660000,4891
1,5650,56500000,56500100,1836,4590,56510000,48936
1,5651,56510000,56510100,1836,4590,56520000,48942
1,5652,56520000,56520100,1836,4590,56530000,48955
1,5653,56530000,56530100,1836,4590,56540000,48961
1,5654,56540000,56540100,1836,4590,56550000,48969
1,5655,56550000,56550100,1836,4590,56560000,48978
1,5656,56560000,56560100,1836,4590,56570000,48989
1,5657,56570000,56570100,1836,4590,56580000,48995
1,5658,56580000,56580100,1836,4590,56590000,49005
1,5659,56590000,56590100,1836,4590,56600000,49014
1,566,5660000,5660100,1836,4590,5670000,4899
1,5660,56600000,56600100,1836,4590,56610000,49023
1,5661,56610000,56610100,1836,4590,56620000,49031
1,5662,56620000,56620100,1836,4590,56630000,49038
1,5663,56630000,56630100,1836,4590,56640000,49046
1,5664,56640000,56640100,1836,4590,56650000,49058
1,5665,56650000,56650100,1836,4590,56660000,49066
1,5666,56660000,56660100,1836,4590,56670000,49075
1,5667,56670000,56670100,1836,4590,56680000,49083
1,5668,56680000,56680100,1836,4590,56690000,49091
1,5669,56690000,56690100,1836,4590,56700000,49097
1,567,5670000,5670100,1836,4590,5680000,4909
1,5670,56700000,56700100,1836,4590,56710000,49111
1,5671,56710000,56710100,1836,4590,56720000,49117
1,5672,56720000,56720100,1836,4590,56730000,49126
1,5673,56730000,56730100,1836,4590,56740000,49136
1,5674,56740000,56740100,1836,4590,56750000,49143
1,5675,56750000,56750100,1836,4590,56760000,49150
1,5676,56760000,56760100,1836,4590,56770000,49162
1,5677,56770000,56770100,1836,4590,56780000,49170
1,5678,56780000,56780100,1836,4590,56790000,49177
1,5679,56790000,56790100,1836,4590,56800000,49185
1,568,5680000,5680100,1836,4590,5690000,4918
1,5680,56800000,56800100,1836,4590,56810000,49197
1,5681,56810000,56810100,1836,4590,56820000,49204
1,5682,56820000,56820100,1836,4590,56830000,49214
1,5683,56830000,56830100,1836,4590,56840000,49220
1,5684,56840000,56840100,1836,4590,56850000,49230
1,5685,56850000,56850100,1836,4590,56860000,49239
1,5686,56860000,56860100,1836,4590,56870000,49246
1,5687,56870000,56870100,1836,4590,56880000,49255
1,5688,56880000,56880100,1836,4590,56890000,49267
1,5689,56890000,56890100,1836,4590,56900000,49273
1,569,5690000,5690100,1836,4590,5700000,4924
1,5690,56900000,56900100,1836,4590,56910000,49281
1,5691,56910000,56910100,1836,4590,56920000,49291
1,5692,56920000,56920100,1836,4590,56930000,49300
1,5693,56930000,56930100,1836,4590,56940000,49306
1,5694,56940000,56940100,1836,4590,56950000,49318
1,5695,56950000,56950100,1836,4590,56960000,49325
1,5696,56960000,56960100,1836,4590,56970000,49334
1,5697,56970000,56970100,1836,4590,56980000,49342
1,5698,56980000,56980100,1836,4590,56990000,49352
1,5699,56990000,56990100,1836,4590,57000000,49358
1,57,570000,570100,1836,4590,580000,492
1,570,5700000,5700100,1836,4590,5710000,4937
1,5700,57000000,57000100,1836,4590,57010000,49370
1,5701,57010000,57010100,1836,4590,57020000,49378
1,5702,57020000,57020100,1836,4590,57030000,49385
1,5703,57030000,57030100,1836,4590,57040000,49394
1,5704,57040000,57040100,1836,4590,57050000,49403
1,5705,57050000,57050100,1836,4590,57060000,49412
1,5706,57060000,57060100,1836,4590,57070000,49422
1,5707,57070000,57070100,1836,4590,57080000,49428
1,5708,57080000,57080100,1836,4590,57090000,49438
1,5709,57090000,57090100,1836,4590,57100000,49447
1,571,5710000,5710100,1836,4590,5720000,4943
1,5710,57100000,57100100,1836,4590,57110000,49455
1,5711,57110000,57110100,1836,4590,57120000,49461
1,5712,57120000,57120100,1836,4590,57130000,49475
1,5713,57130000,57130100,1836,4590,57140000,49481
1,5714,57140000,57140100,1836,4590,57150000,49489
1,5715,57150000,57150100,1836,4590,57160000,49500
1,5716,57160000,57160100,1836,4590,57170000,49508
1,5717,57170000,57170100,1836,4590,57180000,49514
1,5718,57180000,57180100,1836,4590,57190000,49524
1,5719,57190000,57190100,1836,4590,57200000,49532
1,572,5720000,5720100,1836,4590,5730000,4952
1,5720,57200000,57200100,1836,4590,57210000,49543
1,5721,57210000,57210100,1836,4590,57220000,49551
1,5722,57220000,57220100,1836,4590,57230000,49560
1,5723,57230000,57230100,1836,4590,57240000,49566
1,5724,57240000,57240100,1836,4590,57250000,49577
1,5725,57250000,57250100,1836,4590,57260000,49585
1,5726,57260000,57260100,1836,4590,57270000,49594
1,5727,57270000,57270100,1836,4590,57280000,49602
1,5728,57280000,57280100,1836,4590,57290000,49611
1,5729,57290000,57290100,1836,4590,57300000,49619
1,573,5730000,5730100,1836,4590,5740000,4960
1,5730,57300000,57300100,1836,4590,57310000,49630
1,5731,57310000,57310100,1836,4590,57320000,49637
1,5732,57320000,57320100,1836,4590,57330000,49645
1,5733,57330000,57330100,1836,4590,57340000,49655
1,5734,57340000,57340100,1836,4590,57350000,49662
1,5735,57350000,57350100,1836,4590,57360000,49669
1,5736,57360000,57360100,1836,4590,57370000,49684
1,5737,57370000,57370100,1836,4590,57380000,49690
1,5738,57380000,57380100,1836,4590,57390000,49697
1,5739,57390000,57390100,1836,4590,57400000,49705
1,574,5740000,5740100,1836,4590,5750000,4969
1,5740,57400000,57400100,1836,4590,57410000,49716
1,5741,57410000,57410100,1836,4590,57420000,49722
1,5742,57420000,57420100,1836,4590,57430000,49733
1,5743,57430000,57430100,1836,4590,57440000,49741
1,5744,57440000,57440100,1836,4590,57450000,49750
1,5745,57450000,57450100,1836,4590,57460000,49759
1,5746,57460000,57460100,1836,4590,57470000,49766
1,5747,57470000,57470100,1836,4590,57480000,49775
1,5748,57480000,57480100,1836,4590,57490000,49786
1,5749,57490000,57490100,1836,4590,57500000,49792
1,575,5750000,5750100,1836,4590,5760000,4976
1,5750,57500000,57500100,1836,4590,57510000,49802
1,5751,57510000,57510100,1836,4590,57520000,49810
1,5752,57520000,57520100,1836,4590,57530000,49819
1,5753,57530000,57530100,1836,4590,57540000,49826
1,5754,57540000,57540100,1836,4590,57550000,49838
1,5755,57550000,57550100,1836,4590,57560000,49845
1,5756,57560000,57560100,1836,4590,57570000,49853
1,5757,57570000,57570100,1836,4590,57580000,49863
1,5758,57580000,57580100,1836,4590,57590000,49871
1,5759,57590000,57590100,1836,4590,57600000,49877
1,576,5760000,5760100,1836,4590,5770000,4988
1,5760,57600000,57600100,1836,4590,57610000,49890
1,5761,57610000,57610100,1836,4590,57620000,49898
1,5762,57620000,57620100,1836,4590,57630000,49905
1,5763,57630000,57630100,1836,4590,57640000,49913
1,5764,57640000,57640100,1836,4590,57650000,49924
1,5765,57650000,57650100,1836,4590,57660000,49931
1,5766,57660000,57660100,1836,4590,57670000,49941
1,5767,57670000,57670100,1836,4590,57680000,49947
1,5768,57680000,57680100,1836,4590,57690000,49958
1,5769,57690000,57690100,1836,4590,57700000,49967
1,577,5770000,5770100,1836,4590,5780000,4997
1,5770,57700000,57700100,1836,4590,57710000,49975
1,5771,57710000,57710100,1836,4590,57720000,49983
1,5772,57720000,57720100,1836,4590,57730000,49994
1,5773,57730000,57730100,1836,4590,57740000,50000
1,5774,57740000,57740100,1836,4590,57750000,50007
1,5775,57750000,57750100,1836,4590,57760000,50019
1,5776,57760000,57760100,1836,4590,57770000,50028
1,5777,57770000,57770100,1836,4590,57780000,50034
1,5778,57780000,57780100,1836,4590,57790000,50046
1,5779,57790000,57790100,1836,4590,57800000,50052
1,578,5780000,5780100,1836,4590,5790000,5004
1,5780,57800000,57800100,1836,4590,57810000,50062
1,5781,57810000,57810100,1836,4590,57820000,50070
1,5782,57820000,57820100,1836,4590,57830000,50079
1,5783,57830000,57830100,1836,4590,57840000,50085
1,5784,57840000,57840100,1836,4590,57850000,50097
1,5785,57850000,57850100,1836,4590,57860000,50106
1,5786,57860000,57860100,1836,4590,57870000,50114
1,5787,57870000,57870100,1836,4590,57880000,50122
1,5788,57880000,57880100,1836,4590,57890000,50130
1,5789,57890000,57890100,1836,4590,57900000,50138
1,579,5790000,5790100,1836,4590,5800000,5012
1,5790,57900000,57900100,1836,4590,57910000,50149
1,5791,57910000,57910100,1836,4590,57920000,50156
1,5792,57920000,57920100,1836,4590,57930000,50167
1,5793,57930000,57930100,1836,4590,57940000,50175
1,5794,57940000,57940100,1836,4590,57950000,50182
1,5795,57950000,57950100,1836,4590,57960000,50189
1,5796,57960000,57960100,1836,4590,57970000,50202
1,5797,57970000,57970100,1836,4590,57980000,50209
1,5798,57980000,57980100,1836,4590,57990000,50216
1,5799,57990000,57990100,1836,4590,58000000,50226
1,58,580000,580100,1836,4590,590000,499
1,580,5800000,5800100,1836,4590,5810000,5021
1,5800,58000000,58000100,1836,4590,58010000,50236
1,5801,58010000,58010100,1836,4590,58020000,50242
1,5802,58020000,58020100,1836,4590,58030000,50253
1,5803,58030000,58030100,1836,4590,58040000,50261
1,5804,58040000,58040100,1836,4590,58050000,50269
1,5805,58050000,58050100,1836,4590,58060000,50278
1,5806,58060000,58060100,1836,4590,58070000,50287
1,5807,58070000,58070100,1836,4590,58080000,50293
1,5808,58080000,58080100,1836,4590,58090000,50306
1,5809,58090000,58090100,1836,4590,58100000,50312
1,581,5810000,5810100,1836,4590,5820000,5029
1,5810,58100000,58100100,1836,4590,58110000,50322
1,5811,58110000,58110100,1836,4590,58120000,50330
1,5812,58120000,58120100,1836,4590,58130000,50338
1,5813,58130000,58130100,1836,4590,58140000,50347
1,5814,58140000,58140100,1836,4590,58150000,50357
1,5815,58150000,58150100,1836,4590,58160000,50364
1,5816,58160000,58160100,1836,4590,58170000,50373
1,5817,58170000,58170100,1836,4590,58180000,50383
1,5818,58180000,58180100,1836,4590,58190000,50390
1,5819,58190000,58190100,1836,4590,58200000,50397
1,582,5820000,5820100,1836,4590,5830000,5039
1,5820,58200000,58200100,1836,4590,58210000,50411
1,5821,58210000,58210100,1836,4590,58220000,50417
1,5822,58220000,58220100,1836,4590,58230000,50424
1,5823,58230000,58230100,1836,4590,58240000,50432
1,5824,58240000,58240100,1836,4590,58250000,50444
1,5825,58250000,58250100,1836,4590,58260000,50451
1,5826,58260000,58260100,1836,4590,58270000,50461
1,5827,58270000,58270100,1836,4590,58280000,50469
1,5828,58280000,58280100,1836,4590,58290000,50477
1,5829,58290000,58290100,1836,4590,58300000,50485
1,583,5830000,5830100,1836,4590,5840000,5046
1,5830,58300000,58300100,1836,4590,58310000,50494
1,5831,58310000,58310100,1836,4590,58320000,50502
1,5832,58320000,58320100,1836,4590,58330000,50514
1,5833,58330000,58330100,1836,4590,58340000,50520
1,5834,58340000,58340100,1836,4590,58350000,50529
1,5835,58350000,58350100,1836,4590,58360000,50539
1,5836,58360000,58360100,1836,4590,58370000,50547
1,5837,58370000,58370100,1836,4590,58380000,50553
1,5838,58380000,58380100,1836,4590,58390000,50565
1,5839,58390000,58390100,1836,4590,58400000,50571
1,584,5840000,5840100,1836,4590,5850000,5057
1,5840,58400000,58400100,1836,4590,58410000,50581
1,5841,58410000,58410100,1836,4590,58420000,50592
1,5842,58420000,58420100,1836,4590,58430000,50599
1,5843,58430000,58430100,1836,4590,58440000,50605
1,5844,58440000,58440100,1836,4590,58450000,50616
1,5845,58450000,58450100,1836,4590,58460000,50625
1,5846,58460000,58460100,1836,4590,58470000,50633
1,5847,58470000,58470100,1836,4590,58480000,50641
1,5848,58480000,58480100,1836,4590,58490000,50652
1,5849,58490000,58490100,1836,4590,58500000,50658
1,585,5850000,5850100,1836,4590,5860000,5066
1,5850,58500000,58500100,1836,4590,58510000,50669
1,5851,58510000,58510100,1836,4590,58520000,50675
1,5852,58520000,58520100,1836,4590,58530000,50686
1,5853,58530000,58530100,1836,4590,58540000,50694
1,5854,58540000,58540100,1836,4590,58550000,50701
1,5855,58550000,58550100,1836,4590,58560000,50710
1,5856,58560000,58560100,1836,4590,58570000,50722
1,5857,58570000,58570100,1836,4590,58580000,50729
1,5858,58580000,58580100,1836,4590,58590000,50736
1,5859,58590000,58590100,1836,4590,58600000,50746
1,586,5860000,5860100,1836,4590,5870000,5073
1,5860,58600000,58600100,1836,4590,58610000,50755
1,5861,58610000,58610100,1836,4590,58620000,50761
1,5862,58620000,58620100,1836,4590,58630000,50773
1,5863,58630000,58630100,1836,4590,58640000,50780
1,5864,58640000,58640100,1836,4590,58650000,50789
1,5865,58650000,58650100,1836,4590,58660000,50798
1,5866,58660000,58660100,1836,4590,58670000,50807
1,5867,58670000,58670100,1836,4590,58680000,50813
1,5868,58680000,58680100,1836,4590,58690000,50825
1,5869,58690000,58690100,1836,4590,58700000,50833
1,587,5870000,5870100,1836,4590,5880000,5079
1,5870,58700000,58700100,1836,4590,58710000,50841
1,5871,58710000,58710100,1836,4590,58720000,50849
1,5872,58720000,58720100,1836,4590,58730000,50858
1,5873,58730000,58730100,1836,4590,58740000,50866
1,5874,58740000,58740100,1836,4590,58750000,50877
1,5875,58750000,58750100,1836,4590,58760000,50884
1,5876,58760000,58760100,1836,4590,58770000,50894
1,5877,58770000,58770100,1836,4590,58780000,50902
1,5878,58780000,58780100,1836,4590,58790000,50909
1,5879,58790000,58790100,1836,4590,58800000,50916
1,588,5880000,5880100,1836,4590,5890000,5093
1,5880,58800000,58800100,1836,4590,58810000,50931
1,5881,58810000,58810100,1836,4590,58820000,50937
1,5882,58820000,58820100,1836,4590,58830000,50944
1,5883,58830000,58830100,1836,4590,58840000,50954
1,5884,58840000,58840100,1836,4590,58850000,50962
1,5885,58850000,58850100,1836,4590,58860000,50970
1,5886,58860000,58860100,1836,4590,58870000,50980
1,5887,58870000,58870100,1836,4590,58880000,50988
1,5888,58880000,58880100,1836,4590,58890000,50997
1,5889,58890000,58890100,1836,4590,58900000,51005
1,589,5890000,5890100,1836,4590,5900000,5099
1,5890,58900000,58900100,1836,4590,58910000,51016
1,5891,58910000,58910100,1836,4590,58920000,51022
1,5892,58920000,58920100,1836,4590,58930000,51033
1,5893,58930000,58930100,1836,4590,58940000,51039
1,5894,58940000,58940100,1836,4590,58950000,51048
1,5895,58950000,58950100,1836,4590,58960000,51057
1,5896,58960000,58960100,1836,4590,58970000,51067
1,5897,58970000,58970100,1836,4590,58980000,51075
1,5898,58980000,58980100,1836,4590,58990000,51085
1,5899,58990000,58990100,1836,4590,59000000,51091
1,59,590000,590100,1836,4590,600000,507
1,590,5900000,5900100,1836,4590,5910000,5107
1,5900,59000000,59000100,1836,4590,59010000,51100
1,5901,59010000,59010100,1836,4590,59020000,51111
1,5902,59020000,59020100,1836,4590,59030000,51118
1,5903,59030000,59030100,1836,4590,59040000,51124
1,5904,59040000,59040100,1836,4590,59050000,51138
1,5905,59050000,59050100,1836,4590,59060000,51145
1,5906,59060000,59060100,1836,4590,59070000,51152
1,5907,59070000,59070100,1836,4590,59080000,51161
1,5908,59080000,59080100,1836,4590,59090000,51171
1,5909,59090000,59090100,1836,4590,59100000,51177
1,591,5910000,5910100,1836,4590,5920000,5117
1,5910,59100000,59100100,1836,4590,59110000,51188
1,5911,59110000,59110100,1836,4590,59120000,51196
1,5912,59120000,59120100,1836,4590,59130000,51206
1,5913,59130000,59130100,1836,4590,59140000,51214
1,5914,59140000,59140100,1836,4590,59150000,51221
1,5915,59150000,59150100,1836,4590,59160000,51230
1,5916,59160000,59160100,1836,4590,59170000,51241
1,5917,59170000,59170100,1836,4590,59180000,51247
1,5918,59180000,59180100,1836,4590,59190000,51257
1,5919,59190000,59190100,1836,4590,59200000,51265
1,592,5920000,5920100,1836,4590,5930000,5126
1,5920,59200000,59200100,1836,4590,59210000,51275
1,5921,59210000,59210100,1836,4590,59220000,51281
1,5922,59220000,59220100,1836,4590,59230000,51293
1,5923,59230000,59230100,1836,4590,59240000,51300
1,5924,59240000,59240100,1836,4590,59250000,51308
1,5925,59250000,59250100,1836,4590,59260000,51319
1,5926,59260000,59260100,1836,4590,59270000,51326
1,5927,59270000,59270100,1836,4590,59280000,51332
1,5928,59280000,59280100,1836,4590,59290000,51344
1,5929,59290000,59290100,1836,4590,59300000,51353
1,593,5930000,5930100,1836,4590,5940000,5132
1,5930,59300000,59300100,1836,4590,59310000,51361
1,5931,59310000,59310100,1836,4590,59320000,51369
1,5932,59320000,59320100,1836,4590,59330000,51379
1,5933,59330000,59330100,1836,4590,59340000,51385
1,5934,59340000,59340100,1836,4590,59350000,51396
1,5935,59350000,59350100,1836,4590,59360000,51403
1,5936,59360000,59360100,1836,4590,59370000,51414
1,5937,59370000,59370100,1836,4590,59380000,51422
1,5938,59380000,59380100,1836,4590,59390000,51429
1,5939,59390000,59390100,1836,4590,59400000,51437
1,594,5940000,5940100,1836,4590,5950000,5143
1,5940,59400000,59400100,1836,4590,59410000,51450
1,5941,59410000,59410100,1836,4590,59420000,51456
1,5942,59420000,59420100,1836,4590,59430000,51463
1,5943,59430000,59430100,1836,4590,59440000,51473
1,5944,59440000,59440100,1836,4590,59450000,51482
1,5945,59450000,59450100,1836,4590,59460000,51490
1,5946,59460000,59460100,1836,4590,59470000,51502
1,5947,59470000,59470100,1836,4590,59480000,51508
1,5948,59480000,59480100,1836,4590,59490000,51516
1,5949,59490000,59490100,1836,4590,59500000,51524
1,595,5950000,5950100,1836,4590,5960000,5152
1,5950,59500000,59500100,1836,4590,59510000,51534
1,5951,59510000,59510100,1836,4590,59520000,51541
1,5952,59520000,59520100,1836,4590,59530000,51553
1,5953,59530000,59530100,1836,4590,59540000,51561
1,5954,59540000,59540100,1836,4590,59550000,51568
1,5955,59550000,59550100,1836,4590,59560000,51577
1,5956,59560000,59560100,1836,4590,59570000,51586
1,5957,59570000,59570100,1836,4590,59580000,51594
1,5958,59580000,59580100,1836,4590,59590000,51604
1,5959,59590000,59590100,1836,4590,59600000,51610
1,596,5960000,5960100,1836,4590,5970000,5160
1,5960,59600000,59600100,1836,4590,59610000,51622
1,5961,59610000,59610100,1836,4590,59620000,51630
1,5962,59620000,59620100,1836,4590,59630000,51638
1,5963,59630000,59630100,1836,4590,59640000,51644
1,5964,59640000,59640100,1836,4590,59650000,51657
1,5965,59650000,59650100,1836,4590,59660000,51664
1,5966,59660000,59660100,1836,4590,59670000,51671
1,5967,59670000,59670100,1836,4590,59680000,51682
1,5968,59680000,59680100,1836,4590,59690000,51691
1,5969,59690000,59690100,1836,4590,59700000,51697
1,597,5970000,5970100,1836,4590,5980000,5168
1,5970,59700000,59700100,1836,4590,59710000,51708
1,5971,59710000,59710100,1836,4590,59720000,51716
1,5972,59720000,59720100,1836,4590,59730000,51724
1,5973,59730000,59730100,1836,4590,59740000,51733
1,5974,59740000,59740100,1836,4590,59750000,51742
1,5975,59750000,59750100,1836,4590,59760000,51749
1,5976,59760000,59760100,1836,4590,59770000,51761
1,5977,59770000,59770100,1836,4590,59780000,51767
1,5978,59780000,59780100,1836,4590,59790000,51777
1,5979,59790000,59790100,1836,4590,59800000,51785
1,598,5980000,5980100,1836,4590,5990000,5177
1,5980,59800000,59800100,1836,4590,59810000,51794
1,5981,59810000,59810100,1836,4590,59820000,51802
1,5982,59820000,59820100,1836,4590,59830000,51812
1,5983,59830000,59830100,1836,4590,59840000,51818
1,5984,59840000,59840100,1836,4590,59850000,51828
1,5985,59850000,59850100,1836,4590,59860000,51839
1,5986,59860000,59860100,1836,4590,59870000,51846
1,5987,59870000,59870100,1836,4590,59880000,51852
1,5988,59880000,59880100,1836,4590,59890000,51865
1,5989,59890000,59890100,1836,4590,59900000,51872
1,599,5990000,5990100,1836,4590,6000000,5184
1,5990,59900000,59900100,1836,4590,59910000,51880
1,5991,59910000,59910100,1836,4590,59920000,51888
1,5992,59920000,59920100,1836,4590,59930000,51899
1,5993,59930000,59930100,1836,4590,59940000,51905
1,5994,59940000,59940100,1836,4590,59950000,51915
1,5995,59950000,59950100,1836,4590,59960000,51925
1,5996,59960000,59960100,1836,4590,59970000,51933
1,5997,59970000,59970100,1836,4590,59980000,51941
1,5998,59980000,59980100,1836,4590,59990000,51948
1,5999,59990000,59990100,1836,4590,60000000,51956
1,6,60000,60100,1836,4590,70000,50
1,60,600000,600100,1836,4590,610000,520
1,600,6000000,6000100,1836,4590,6010000,5197
1,6000,60000000,60000100,1836,4590,60010000,51970
1,6001,60010000,60010100,1836,4590,60020000,51976
1,6002,60020000,60020100,1836,4590,60030000,51985
1,6003,60030000,60030100,1836,4590,60040000,51993
1,6004,60040000,60040100,1836,4590,60050000,52001
1,6005,60050000,60050100,1836,4590,60060000,52008
1,6006,60060000,60060100,1836,4590,60070000,52021
1,6007,60070000,60070100,1836,4590,60080000,52027
1,6008,60080000,60080100,1836,4590,60090000,52036
1,6009,60090000,60090100,1836,4590,60100000,52046
1,601,6010000,6010100,1836,4590,6020000,5203
1,6010,60100000,60100100,1836,4590,60110000,52054
1,6011,60110000,60110100,1836,4590,60120000,52061
1,6012,60120000,60120100,1836,4590,60130000,52072
1,6013,60130000,60130100,1836,4590,60140000,52080
1,6014,60140000,60140100,1836,4590,60150000,52087
1,6015,60150000,60150100,1836,4590,60160000,52096
1,6016,60160000,60160100,1836,4590,60170000,52107
1,6017,60170000,60170100,1836,4590,60180000,52114
1,6018,60180000,60180100,1836,4590,60190000,52124
1,6019,60190000,60190100,1836,4590,60200000,52130
1,602,6020000,6020100,1836,4590,6030000,5212
1,6020,60200000,60200100,1836,4590,60210000,52141
1,6021,60210000,60210100,1836,4590,60220000,52149
1,6022,60220000,60220100,1836,4590,60230000,52157
1,6023,60230000,60230100,1836,4590,60240000,52165
1,6024,60240000,60240100,1836,4590,60250000,52177
1,6025,60250000,60250100,1836,4590,60260000,52184
1,6026,60260000,60260100,1836,4590,60270000,52191
1,6027,60270000,60270100,1836,4590,60280000,52201
1,6028,60280000,60280100,1836,4590,60290000,52210
1,6029,60290000,60290100,1836,4590,60300000,52216
1,603,6030000,6030100,1836,4590,6040000,5220
1,6030,60300000,60300100,1836,4590,60310000,52229
1,6031,60310000,60310100,1836,4590,60320000,52235
1,6032,60320000,60320100,1836,4590,60330000,52244
1,6033,60330000,60330100,1836,4590,60340000,52253
1,6034,60340000,60340100,1836,4590,60350000,52262
1,6035,60350000,60350100,1836,4590,60360000,52269
1,6036,60360000,60360100,1836,4590,60370000,52280
1,6037,60370000,60370100,1836,4590,60380000,52288
1,6038,60380000,60380100,1836,4590,60390000,52295
1,6039,60390000,60390100,1836,4590,60400000,52304
1,604,6040000,6040100,1836,4590,6050000,5228
1,6040,60400000,60400100,1836,4590,60410000,52314
1,6041,60410000,60410100,1836,4590,60420000,52322
1,6042,60420000,60420100,1836,4590,60430000,52332
1,6043,60430000,60430100,1836,4590,60440000,52338
1,6044,60440000,60440100,1836,4590,60450000,52349
1,6045,60450000,60450100,1836,4590,60460000,52358
1,6046,60460000,60460100,1836,4590,60470000,52365
1,6047,60470000,60470100,1836,4590,60480000,52371
1,6048,60480000,60480100,1836,4590,60490000,52385
1,6049,60490000,60490100,1836,4590,60500000,52391
1,605,6050000,6050100,1836,4590,6060000,5238
1,6050,60500000,60500100,1836,4590,60510000,52400
1,6051,60510000,60510100,1836,4590,60520000,52410
1,6052,60520000,60520100,1836,4590,60530000,52418
1,6053,60530000,60530100,1836,4590,60540000,52424
1,6054,60540000,60540100,1836,4590,60550000,52434
1,6055,60550000,60550100,1836,4590,60560000,52444
1,6056,60560000,60560100,1836,4590,60570000,52453
1,6057,60570000,60570100,1836,4590,60580000,52461
1,6058,60580000,60580100,1836,4590,60590000,52470
1,6059,60590000,60590100,1836,4590,60600000,52476
1,606,6060000,6060100,1836,4590,6070000,5248
1,6060,60600000,60600100,1836,4590,60610000,52488
1,6061,60610000,60610100,1836,4590,60620000,52495
1,6062,60620000,60620100,1836,4590,60630000,52504
1,6063,60630000,60630100,1836,4590,60640000,52512
1,6064,60640000,60640100,1836,4590,60650000,52521
1,6065,60650000,60650100,1836,4590,60660000,52530
1,6066,60660000,60660100,1836,4590,60670000,52541
1,6067,60670000,60670100,1836,4590,60680000,52547
1,6068,60680000,60680100,1836,4590,60690000,52555
1,6069,60690000,60690100,1836,4590,60700000,52565
1,607,6070000,6070100,1836,4590,6080000,5254
1,6070,60700000,60700100,1836,4590,60710000,52573
1,6071,60710000,60710100,1836,4590,60720000,52579
1,6072,60720000,60720100,1836,4590,60730000,52594
1,6073,60730000,60730100,1836,4590,60740000,52600
1,6074,60740000,60740100,1836,4590,60750000,52607
1,6075,60750000,60750100,1836,4590,60760000,52616
1,6076,60760000,60760100,1836,4590,60770000,52626
1,6077,60770000,60770100,1836,4590,60780000,52633
1,6078,60780000,60780100,1836,4590,60790000,52643
1,6079,60790000,60790100,1836,4590,60800000,52651
1,608,6080000,6080100,1836,4590,6090000,5263
1,6080,60800000,60800100,1836,4590,60810000,52661
1,6081,60810000,60810100,1836,4590,60820000,52669
1,6082,60820000,60820100,1836,4590,60830000,52676
1,6083,60830000,60830100,1836,4590,60840000,52685
1,6084,60840000,60840100,1836,4590,60850000,52696
1,6085,60850000,60850100,1836,4590,60860000,52703
1,6086,60860000,60860100,1836,4590,60870000,52712
1,6087,60870000,60870100,1836,4590,60880000,52720
1,6088,60880000,60880100,1836,4590,60890000,52730
1,6089,60890000,60890100,1836,4590,60900000,52736
1,609,6090000,6090100,1836,4590,6100000,5273
1,6090,60900000,60900100,1836,4590,60910000,52749
1,6091,60910000,60910100,1836,4590,60920000,52755
1,6092,60920000,60920100,1836,4590,60930000,52763
1,6093,60930000,60930100,1836,4590,60940000,52773
1,6094,60940000,60940100,1836,4590,60950000,52781
1,6095,60950000,60950100,1836,4590,60960000,52788
1,6096,60960000,60960100,1836,4590,60970000,52800
1,6097,60970000,60970100,1836,4590,60980000,52808
1,6098,60980000,60980100,1836,4590,60990000,52815
1,6099,60990000,60990100,1836,4590,61000000,52824
1,61,610000,610100,1836,4590,620000,526
1,610,6100000,6100100,1836,4590,6110000,5282
1,6100,61000000,61000100,1836,4590,61010000,52835
1,6101,61010000,61010100,1836,4590,61020000,52841
1,6102,61020000,61020100,1836,4590,61030000,52851
1,6103,61030000,61030100,1836,4590,61040000,52857
1,6104,61040000,61040100,1836,4590,61050000,52868
1,6105,61050000,61050100,1836,4590,61060000,52878
1,6106,61060000,61060100,1836,4590,61070000,52885
1,6107,61070000,61070100,1836,4590,61080000,52893
1,6108,61080000,61080100,1836,4590,61090000,52904
1,6109,61090000,61090100,1836,4590,61100000,52910
1,611,6110000,6110100,1836,4590,6120000,5288
1,6110,61100000,61100100,1836,4590,61110000,52919
1,6111,61110000,61110100,1836,4590,61120000,52929
1,6112,61120000,61120100,1836,4590,61130000,52938
1,6113,61130000,61130100,1836,4590,61140000,52944
1,6114,61140000,61140100,1836,4590,61150000,52956
1,6115,61150000,61150100,1836,4590,61160000,52963
1,6116,61160000,61160100,1836,4590,61170000,52972
1,6117,61170000,61170100,1836,4590,61180000,52980
1,6118,61180000,61180100,1836,4590,61190000,52989
1,6119,61190000,61190100,1836,4590,61200000,52995
1,612,6120000,6120100,1836,4590,6130000,5301
1,6120,61200000,61200100,1836,4590,61210000,53008
1,6121,61210000,61210100,1836,4590,61220000,53017
1,6122,61220000,61220100,1836,4590,61230000,53024
1,6123,61230000,61230100,1836,4590,61240000,53032
1,6124,61240000,61240100,1836,4590,61250000,53040
1,6125,61250000,61250100,1836,4590,61260000,53049
1,6126,61260000,61260100,1836,4590,61270000,53059
1,6127,61270000,61270100,1836,4590,61280000,53066
1,6128,61280000,61280100,1836,4590,61290000,53077
1,6129,61290000,61290100,1836,4590,61300000,53085
1,613,6130000,6130100,1836,4590,6140000,5307
1,6130,61300000,61300100,1836,4590,61310000,53093
1,6131,61310000,61310100,1836,4590,61320000,53099
1,6132,61320000,61320100,1836,4590,61330000,53113
1,6133,61330000,61330100,1836,4590,61340000,53119
1,6134,61340000,61340100,1836,4590,61350000,53126
1,6135,61350000,61350100,1836,4590,61360000,53137
1,6136,61360000,61360100,1836,4590,61370000,53146
1,6137,61370000,61370100,1836,4590,61380000,53152
1,6138,61380000,61380100,1836,4590,61390000,53163
1,6139,61390000,61390100,1836,4590,61400000,53171
1,614,6140000,6140100,1836,4590,6150000,5314
1,6140,61400000,61400100,1836,4590,61410000,53180
1,6141,61410000,61410100,1836,4590,61420000,53188
1,6142,61420000,61420100,1836,4590,61430000,53197
1,6143,61430000,61430100,1836,4590,61440000,53204
1,6144,61440000,61440100,1836,4590,61450000,53216
1,6145,61450000,61450100,1836,4590,61460000,53223
1,6146,61460000,61460100,1836,4590,61470000,53232
1,6147,61470000,61470100,1836,4590,61480000,53240
1,6148,61480000,61480100,1836,4590,61490000,53248
1,6149,61490000,61490100,1836,4590,61500000,53257
1,615,6150000,6150100,1836,4590,6160000,5323
1,6150,61500000,61500100,1836,4590,61510000,53268
1,6151,61510000,61510100,1836,4590,61520000,53274
1,6152,61520000,61520100,1836,4590,61530000,53283
1,6153,61530000,61530100,1836,4590,61540000,53293
1,6154,61540000,61540100,1836,4590,61550000,53301
1,6155,61550000,61550100,1836,4590,61560000,53308
1,6156,61560000,61560100,1836,4590,61570000,53321
1,6157,61570000,61570100,1836,4590,61580000,53327
1,6158,61580000,61580100,1836,4590,61590000,53334
1,6159,61590000,61590100,1836,4590,61600000,53342
1,616,6160000,6160100,1836,4590,6170000,5335
1,6160,61600000,61600100,1836,4590,61610000,53355
1,6161,61610000,61610100,1836,4590,61620000,53361
1,6162,61620000,61620100,1836,4590,61630000,53371
1,6163,61630000,61630100,1836,4590,61640000,53379
1,6164,61640000,61640100,1836,4590,61650000,53387
1,6165,61650000,61650100,1836,4590,61660000,53397
1,6166,61660000,61660100,1836,4590,61670000,53404
1,6167,61670000,61670100,1836,4590,61680000,53412
1,6168,61680000,61680100,1836,4590,61690000,53424
1,6169,61690000,61690100,1836,4590,61700000,53430
1,617,6170000,6170100,1836,4590,6180000,5341
1,6170,61700000,61700100,1836,4590,61710000,53440
1,6171,61710000,61710100,1836,4590,61720000,53449
1,6172,61720000,61720100,1836,4590,61730000,53457
1,6173,61730000,61730100,1836,4590,61740000,53463
1,6174,61740000,61740100,1836,4590,61750000,53475
1,6175,61750000,61750100,1836,4590,61760000,53482
1,6176,61760000,61760100,1836,4590,61770000,53492
1,6177,61770000,61770100,1836,4590,61780000,53502
1,6178,61780000,61780100,1836,4590,61790000,53509
1,6179,61790000,61790100,1836,4590,61800000,53515
1,618,6180000,6180100,1836,4590,6190000,5351
1,6180,61800000,61800100,1836,4590,61810000,53527
1,6181,61810000,61810100,1836,4590,61820000,53535
1,6182,61820000,61820100,1836,4590,61830000,53543
1,6183,61830000,61830100,1836,4590,61840000,53551
1,6184,61840000,61840100,1836,4590,61850000,53562
1,6185,61850000,61850100,1836,4590,61860000,53569
1,6186,61860000,61860100,1836,4590,61870000,53579
1,6187,61870000,61870100,1836,4590,61880000,53586
1,6188,61880000,61880100,1836,4590,61890000,53596
1,6189,61890000,61890100,1836,4590,61900000,53604
1,619,6190000,6190100,1836,4590,6200000,5359
1,6190,61900000,61900100,1836,4590,61910000,53612
1,6191,61910000,61910100,1836,4590,61920000,53620
1,6192,61920000,61920100,1836,4590,61930000,53632
1,6193,61930000,61930100,1836,4590,61940000,53639
1,6194,61940000,61940100,1836,4590,61950000,53646
1,6195,61950000,61950100,1836,4590,61960000,53657
1,6196,61960000,61960100,1836,4590,61970000,53665
1,6197,61970000,61970100,1836,4590,61980000,53671
1,6198,61980000,61980100,1836,4590,61990000,53684
1,6199,61990000,61990100,1836,4590,62000000,53690
1,62,620000,620100,1836,4590,630000,533
1,620,6200000,6200100,1836,4590,6210000,5368
1,6200,62000000,62000100,1836,4590,62010000,53700
1,6201,62010000,62010100,1836,4590,62020000,53708
1,6202,62020000,62020100,1836,4590,62030000,53717
1,6203,62030000,62030100,1836,4590,62040000,53723
1,6204,62040000,62040100,1836,4590,62050000,53735
1,6205,62050000,62050100,1836,4590,62060000,53744
1,6206,62060000,62060100,1836,4590,62070000,53751
1,6207,62070000,62070100,1836,4590,62080000,53759
1,6208,62080000,62080100,1836,4590,62090000,53768
1,6209,62090000,62090100,1836,4590,62100000,53777
1,621,6210000,6210100,1836,4590,6220000,5377
1,6210,62100000,62100100,1836,4590,62110000,53788
1,6211,62110000,62110100,1836,4590,62120000,53794
1,6212,62120000,62120100,1836,4590,62130000,53804
1,6213,62130000,62130100,1836,4590,62140000,53812
1,6214,62140000,62140100,1836,4590,62150000,53819
1,6215,62150000,62150100,1836,4590,62160000,53827
1,6216,62160000,62160100,1836,4590,62170000,53841
1,6217,62170000,62170100,1836,4590,62180000,53847
1,6218,62180000,62180100,1836,4590,62190000,53854
1,6219,62190000,62190100,1836,4590,62200000,53864
1,622,6220000,6220100,1836,4590,6230000,5384
1,6220,62200000,62200100,1836,4590,62210000,53874
1,6221,62210000,62210100,1836,4590,62220000,53880
1,6222,62220000,62220100,1836,4590,62230000,53890
1,6223,62230000,62230100,1836,4590,62240000,53898
1,6224,62240000,62240100,1836,4590,62250000,53907
1,6225,62250000,62250100,1836,4590,62260000,53916
1,6226,62260000,62260100,1836,4590,62270000,53926
1,6227,62270000,62270100,1836,4590,62280000,53932
1,6228,62280000,62280100,1836,4590,62290000,53943
1,6229,62290000,62290100,1836,4590,62300000,53949
1,623,6230000,6230100,1836,4590,6240000,5392
1,6230,62300000,62300100,1836,4590,62310000,53959
1,6231,62310000,62310100,1836,4590,62320000,53968
1,6232,62320000,62320100,1836,4590,62330000,53977
1,6233,62330000,62330100,1836,4590,62340000,53985
1,6234,62340000,62340100,1836,4590,62350000,53995
1,6235,62350000,62350100,1836,4590,62360000,54002
1,6236,62360000,62360100,1836,4590,62370000,54010
1,6237,62370000,62370100,1836,4590,62380000,54021
1,6238,62380000,62380100,1836,4590,62390000,54028
1,6239,62390000,62390100,1836,4590,62400000,54034
1,624,6240000,6240100,1836,4590,6250000,5404
1,6240,62400000,62400100,1836,4590,62410000,54049
1,6241,62410000,62410100,1836,4590,62420000,54055
1,6242,62420000,62420100,1836,4590,62430000,54063
1,6243,62430000,62430100,1836,4590,62440000,54071
1,6244,62440000,62440100,1836,4590,62450000,54081
1,6245,62450000,62450100,1836,4590,62460000,54088
1,6246,62460000,62460100,1836,4590,62470000,54098
1,6247,62470000,62470100,1836,4590,62480000,54106
1,6248,62480000,62480100,1836,4590,62490000,54116
1,6249,62490000,62490100,1836,4590,62500000,54124
1,625,6250000,6250100,1836,4590,6260000,5411
1,6250,62500000,62500100,1836,4590,62510000,54132
1,6251,62510000,62510100,1836,4590,62520000,54140
1,6252,62520000,62520100,1836,4590,62530000,54151
1,6253,62530000,62530100,1836,4590,62540000,54158
1,6254,62540000,62540100,1836,4590,62550000,54167
1,6255,62550000,62550100,1836,4590,62560000,54176
1,6256,62560000,62560100,1836,4590,62570000,54185
1,6257,62570000,62570100,1836,4590,62580000,54191
1,6258,62580000,62580100,1836,4590,62590000,54203
1,6259,62590000,62590100,1836,4590,62600000,54210
1,626,6260000,6260100,1836,4590,6270000,5420
1,6260,62600000,62600100,1836,4590,62610000,54219
1,6261,62610000,62610100,1836,4590,62620000,54229
1,6262,62620000,62620100,1836,4590,62630000,54236
1,6263,62630000,62630100,1836,4590,62640000,54242
1,6264,62640000,62640100,1836,4590,62650000,54255
1,6265,62650000,62650100,1836,4590,62660000,54264
1,6266,62660000,62660100,1836,4590,62670000,54271
1,6267,62670000,62670100,1836,4590,62680000,54279
1,6268,62680000,62680100,1836,4590,62690000,54289
1,6269,62690000,62690100,1836,4590,62700000,54295
1,627,6270000,6270100,1836,4590,6280000,5429
1,6270,62700000,62700100,1836,4590,62710000,54307
1,6271,62710000,62710100,1836,4590,62720000,54313
1,6272,62720000,62720100,1836,4590,62730000,54324
1,6273,62730000,62730100,1836,4590,62740000,54332
1,6274,62740000,62740100,1836,4590,62750000,54339
1,6275,62750000,62750100,1836,4590,62760000,54349
1,6276,62760000,62760100,1836,4590,62770000,54360
1,6277,62770000,62770100,1836,4590,62780000,54366
1,6278,62780000,62780100,1836,4590,62790000,54373
1,6279,62790000,62790100,1836,4590,62800000,54383
1,628,6280000,6280100,1836,4590,6290000,5437
1,6280,62800000,62800100,1836,4590,62810000,54393
1,6281,62810000,62810100,1836,4590,62820000,54400
1,6282,62820000,62820100,1836,4590,62830000,54412
1,6283,62830000,62830100,1836,4590,62840000,54418
1,6284,62840000,62840100,1836,4590,62850000,54426
1,6285,62850000,62850100,1836,4590,62860000,54435
1,6286,62860000,62860100,1836,4590,62870000,54445
1,6287,62870000,62870100,1836,4590,62880000,54451
1,6288,62880000,62880100,1836,4590,62890000,54463
1,6289,62890000,62890100,1836,4590,62900000,54471
1,629,6290000,6290100,1836,4590,6300000,5443
1,6290,62900000,62900100,1836,4590,62910000,54479
1,6291,62910000,62910100,1836,4590,62920000,54487
1,6292,62920000,62920100,1836,4590,62930000,54496
1,6293,62930000,62930100,1836,4590,62940000,54504
1,6294,62940000,62940100,1836,4590,62950000,54514
1,6295,62950000,62950100,1836,4590,62960000,54521
1,6296,62960000,62960100,1836,4590,62970000,54532
1,6297,62970000,62970100,1836,4590,62980000,54541
1,6298,62980000,62980100,1836,4590,62990000,54548
1,6299,62990000,62990100,1836,4590,63000000,54554
1,63,630000,630100,1836,4590,640000,543
1,630,6300000,6300100,1836,4590,6310000,5456
1,6300,63000000,63000100,1836,4590,63010000,54568
1,6301,63010000,63010100,1836,4590,63020000,54574
1,6302,63020000,63020100,1836,4590,63030000,54581
1,6303,63030000,63030100,1836,4590,63040000,54592
1,6304,63040000,63040100,1836,4590,63050000,54601
1,6305,63050000,63050100,1836,4590,63060000,54608
1,6306,63060000,63060100,1836,4590,63070000,54618
1,6307,63070000,63070100,1836,4590,63080000,54626
1,6308,63080000,63080100,1836,4590,63090000,54635
1,6309,63090000,63090100,1836,4590,63100000,54643
1,631,6310000,6310100,1836,4590,6320000,5462
1,6310,63100000,63100100,1836,4590,63110000,54653
1,6311,63110000,63110100,1836,4590,63120000,54659
1,6312,63120000,63120100,1836,4590,63130000,54671
1,6313,63130000,63130100,1836,4590,63140000,54677
1,6314,63140000,63140100,1836,4590,63150000,54687
1,6315,63150000,63150100,1836,4590,63160000,54696
1,6316,63160000,63160100,1836,4590,63170000,54704
1,6317,63170000,63170100,1836,4590,63180000,54712
1,6318,63180000,63180100,1836,4590,63190000,54722
1,6319,63190000,63190100,1836,4590,63200000,54729
1,632,6320000,6320100,1836,4590,6330000,5472
1,6320,63200000,63200100,1836,4590,63210000,54739
1,6321,63210000,63210100,1836,4590,63220000,54749
1,6322,63220000,63220100,1836,4590,63230000,54756
1,6323,63230000,63230100,1836,4590,63240000,54762
1,6324,63240000,63240100,1836,4590,63250000,54775
1,6325,63250000,63250100,1836,4590,63260000,54783
1,6326,63260000,63260100,1836,4590,63270000,54790
1,6327,63270000,63270100,1836,4590,63280000,54798
1,6328,63280000,63280100,1836,4590,63290000,54809
1,6329,63290000,63290100,1836,4590,63300000,54815
1,633,6330000,6330100,1836,4590,6340000,5482
1,6330,63300000,63300100,1836,4590,63310000,54827
1,6331,63310000,63310100,1836,4590,63320000,54835
1,6332,63320000,63320100,1836,4590,63330000,54843
1,6333,63330000,63330100,1836,4590,63340000,54851
1,6334,63340000,63340100,1836,4590,63350000,54858
1,6335,63350000,63350100,1836,4590,63360000,54867
1,6336,63360000,63360100,1836,4590,63370000,54880
1,6337,63370000,63370100,1836,4590,63380000,54886
1,6338,63380000,63380100,1836,4590,63390000,54895
1,6339,63390000,63390100,1836,4590,63400000,54903
1,634,6340000,6340100,1836,4590,6350000,5489
1,6340,63400000,63400100,1836,4590,63410000,54912
1,6341,63410000,63410100,1836,4590,63420000,54919
1,6342,63420000,63420100,1836,4590,63430000,54931
1,6343,63430000,63430100,1836,4590,63440000,54937
1,6344,63440000,63440100,1836,4590,63450000,54946
1,6345,63450000,63450100,1836,4590,63460000,54957
1,6346,63460000,63460100,1836,4590,63470000,54964
1,6347,63470000,63470100,1836,4590,63480000,54971
1,6348,63480000,63480100,1836,4590,63490000,54982
1,6349,63490000,63490100,1836,4590,63500000,54990
1,635,6350000,6350100,1836,4590,6360000,5496
1,6350,63500000,63500100,1836,4590,63510000,54998
1,6351,63510000,63510100,1836,4590,63520000,55006
1,6352,63520000,63520100,1836,4590,63530000,55018
1,6353,63530000,63530100,1836,4590,63540000,55024
1,6354,63540000,63540100,1836,4590,63550000,55034
1,6355,63550000,63550100,1836,4590,63560000,55041
1,6356,63560000,63560100,1836,4590,63570000,55051
1,6357,63570000,63570100,1836,4590,63580000,55059
1,6358,63580000,63580100,1836,4590,63590000,55067
1,6359,63590000,63590100,1836,4590,63600000,55075
1,636,6360000,6360100,1836,4590,6370000,5507
1,6360,63600000,63600100,1836,4590,63610000,55088
1,6361,63610000,63610100,1836,4590,63620000,55094
1,6362,63620000,63620100,1836,4590,63630000,55101
1,6363,63630000,63630100,1836,4590,63640000,55112
1,6364,63640000,63640100,1836,4590,63650000,55120
1,6365,63650000,63650100,1836,4590,63660000,55127
1,6366,63660000,63660100,1836,4590,63670000,55139
1,6367,63670000,63670100,1836,4590,63680000,55145
1,6368,63680000,63680100,1836,4590,63690000,55154
1,6369,63690000,63690100,1836,4590,63700000,55163
1,637,6370000,6370100,1836,4590,6380000,5515
1,6370,63700000,63700100,1836,4590,63710000,55173
1,6371,63710000,63710100,1836,4590,63720000,55179
1,6372,63720000,63720100,1836,4590,63730000,55190
1,6373,63730000,63730100,1836,4590,63740000,55198
1,6374,63740000,63740100,1836,4590,63750000,55206
1,6375,63750000,63750100,1836,4590,63760000,55215
1,6376,63760000,63760100,1836,4590,63770000,55224
1,6377,63770000,63770100,1836,4590,63780000,55232
1,6378,63780000,63780100,1836,4590,63790000,55242
1,6379,63790000,63790100,1836,4590,63800000,55248
1,638,6380000,6380100,1836,4590,6390000,5523
1,6380,63800000,63800100,1836,4590,63810000,55260
1,6381,63810000,63810100,1836,4590,63820000,55268
1,6382,63820000,63820100,1836,4590,63830000,55275
1,6383,63830000,63830100,1836,4590,63840000,55281
1,6384,63840000,63840100,1836,4590,63850000,55295
1,6385,63850000,63850100,1836,4590,63860000,55303
1,6386,63860000,63860100,1836,4590,63870000,55310
1,6387,63870000,63870100,1836,4590,63880000,55320
1,6388,63880000,63880100,1836,4590,63890000,55328
1,6389,63890000,63890100,1836,4590,63900000,55334
1,639,6390000,6390100,1836,4590,6400000,5531
1,6390,63900000,63900100,1836,4590,63910000,55345
1,6391,63910000,63910100,1836,4590,63920000,55354
1,6392,63920000,63920100,1836,4590,63930000,55363
1,6393,63930000,63930100,1836,4590,63940000,55371
1,6394,63940000,63940100,1836,4590,63950000,55380
1,6395,63950000,63950100,1836,4590,63960000,55387
1,6396,63960000,63960100,1836,4590,63970000,55399
1,6397,63970000,63970100,1836,4590,63980000,55405
1,6398,63980000,63980100,1836,4590,63990000,55414
1,6399,63990000,63990100,1836,4590,64000000,55422
1,64,640000,640100,1836,4590,650000,552
1,640,6400000,6400100,1836,4590,6410000,5543
1,6400,64000000,64000100,1836,4590,64010000,55432
1,6401,64010000,64010100,1836,4590,64020000,55440
1,6402,64020000,64020100,1836,4590,64030000,55451
1,6403,64030000,64030100,1836,4590,64040000,55457
1,6404,64040000,64040100,1836,4590,64050000,55465
1,6405,64050000,64050100,1836,4590,64060000,55476
1,6406,64060000,64060100,1836,4590,64070000,55483
1,6407,64070000,64070100,1836,4590,64080000,55490
1,6408,64080000,64080100,1836,4590,64090000,55504
1,6409,64090000,64090100,1836,4590,64100000,55510
1,641,6410000,6410100,1836,4590,6420000,5549
1,6410,64100000,64100100,1836,4590,64110000,55518
1,6411,64110000,64110100,1836,4590,64120000,55526
1,6412,64120000,64120100,1836,4590,64130000,55536
1,6413,64130000,64130100,1836,4590,64140000,55543
1,6414,64140000,64140100,1836,4590,64150000,55553
1,6415,64150000,64150100,1836,4590,64160000,55562
1,6416,64160000,64160100,1836,4590,64170000,55571
1,6417,64170000,64170100,1836,4590,64180000,55579
1,6418,64180000,64180100,1836,4590,64190000,55587
1,6419,64190000,64190100,1836,4590,64200000,55595
1,642,6420000,6420100,1836,4590,6430000,5559
1,6420,64200000,64200100,1836,4590,64210000,55607
1,6421,64210000,64210100,1836,4590,64220000,55613
1,6422,64220000,64220100,1836,4590,64230000,55622
1,6423,64230000,64230100,1836,4590,64240000,55630
1,6424,64240000,64240100,1836,4590,64250000,55640
1,6425,64250000,64250100,1836,4590,64260000,55647
1,6426,64260000,64260100,1836,4590,64270000,55659
1,6427,64270000,64270100,1836,4590,64280000,55665
1,6428,64280000,64280100,1836,4590,64290000,55673
1,6429,64290000,64290100,1836,4590,64300000,55684
1,643,6430000,6430100,1836,4590,6440000,5566
1,6430,64300000,64300100,1836,4590,64310000,55692
1,6431,64310000,64310100,1836,4590,64320000,55698
1,6432,64320000,64320100,1836,4590,64330000,55710
1,6433,64330000,64330100,1836,4590,64340000,55718
1,6434,64340000,64340100,1836,4590,64350000,55725
1,6435,64350000,64350100,1836,4590,64360000,55735
1,6436,64360000,64360100,1836,4590,64370000,55745
1,6437,64370000,64370100,1836,4590,64380000,55751
1,6438,64380000,64380100,1836,4590,64390000,55761
1,6439,64390000,64390100,1836,4590,64400000,55767
1,644,6440000,6440100,1836,4590,6450000,5576
1,6440,64400000,64400100,1836,4590,64410000,55780
1,6441,64410000,64410100,1836,4590,64420000,55788
1,6442,64420000,64420100,1836,4590,64430000,55795
1,6443,64430000,64430100,1836,4590,64440000,55803
1,6444,64440000,64440100,1836,4590,64450000,55814
1,6445,64450000,64450100,1836,4590,64460000,55821
1,6446,64460000,64460100,1836,4590,64470000,55829
1,6447,64470000,64470100,1836,4590,64480000,55839
1,6448,64480000,64480100,1836,4590,64490000,55848
1,6449,64490000,64490100,1836,4590,64500000,55854
1,645,6450000,6450100,1836,4590,6460000,5585
1,6450,64500000,64500100,1836,4590,64510000,55867
1,6451,64510000,64510100,1836,4590,64520000,55874
1,6452,64520000,64520100,1836,4590,64530000,55882
1,6453,64530000,64530100,1836,4590,64540000,55890
1,6454,64540000,64540100,1836,4590,64550000,55899
1,6455,64550000,64550100,1836,4590,64560000,55906
1,6456,64560000,64560100,1836,4590,64570000,55918
1,6457,64570000,64570100,1836,4590,64580000,55927
1,6458,64580000,64580100,1836,4590,64590000,55934
1,6459,64590000,64590100,1836,4590,64600000,55942
1,646,6460000,6460100,1836,4590,6470000,5592
1,6460,64600000,64600100,1836,4590,64610000,55951
1,6461,64610000,64610100,1836,4590,64620000,55959
1,6462,64620000,64620100,1836,4590,64630000,55970
1,6463,64630000,64630100,1836,4590,64640000,55976
1,6464,64640000,64640100,1836,4590,64650000,55987
1,6465,64650000,64650100,1836,4590,64660000,55996
1,6466,64660000,64660100,1836,4590,64670000,56003
1,6467,64670000,64670100,1836,4590,64680000,56009
1,6468,64680000,64680100,1836,4590,64690000,56023
1,6469,64690000,64690100,1836,4590,64700000,56029
1,647,6470000,6470100,1836,4590,6480000,5600
1,6470,64700000,64700100,1836,4590,64710000,56037
1,6471,64710000,64710100,1836,4590,64720000,56047
1,6472,64720000,64720100,1836,4590,64730000,56056
1,6473,64730000,64730100,1836,4590,64740000,56063
1,6474,64740000,64740100,1836,4590,64750000,56073
1,6475,64750000,64750100,1836,4590,64760000,56082
1,6476,64760000,64760100,1836,4590,64770000,56090
1,6477,64770000,64770100,1836,4590,64780000,56098
1,6478,64780000,64780100,1836,4590,64790000,56107
1,6479,64790000,64790100,1836,4590,64800000,56114
1,648,6480000,6480100,1836,4590,6490000,5612
1,6480,64800000,64800100,1836,4590,64810000,56127
1,6481,64810000,64810100,1836,4590,64820000,56133
1,6482,64820000,64820100,1836,4590,64830000,56142
1,6483,64830000,64830100,1836,4590,64840000,56150
1,6484,64840000,64840100,1836,4590,64850000,56159
1,6485,64850000,64850100,1836,4590,64860000,56168
1,6486,64860000,64860100,1836,4590,64870000,56178
1,6487,64870000,64870100,1836,4590,64880000,56184
1,6488,64880000,64880100,1836,4590,64890000,56193
1,6489,64890000,64890100,1836,4590,64900000,56203
1,649,6490000,6490100,1836,4590,6500000,5619
1,6490,64900000,64900100,1836,4590,64910000,56212
1,6491,64910000,64910100,1836,4590,64920000,56218
1,6492,64920000,64920100,1836,4590,64930000,56231
1,6493,64930000,64930100,1836,4590,64940000,56237
1,6494,64940000,64940100,1836,4590,64950000,56244
1,6495,64950000,64950100,1836,4590,64960000,56254
1,6496,64960000,64960100,1836,4590,64970000,56265
1,6497,64970000,64970100,1836,4590,64980000,56271
1,6498,64980000,64980100,1836,4590,64990000,56281
1,6499,64990000,64990100,1836,4590,65000000,56289
1,65,650000,650100,1836,4590,660000,559
1,650,6500000,6500100,1836,4590,6510000,5627
1,6500,65000000,65000100,1836,4590,65010000,56298
1,6501,65010000,65010100,1836,4590,65020000,56307
1,6502,65020000,65020100,1836,4590,65030000,56314
1,6503,65030000,65030100,1836,4590,65040000,56322
1,6504,65040000,65040100,1836,4590,65050000,56334
1,6505,65050000,65050100,1836,4590,65060000,56341
1,6506,65060000,65060100,1836,4590,65070000,56351
1,6507,65070000,65070100,1836,4590,65080000,56359
1,6508,65080000,65080100,1836,4590,65090000,56367
1,6509,65090000,65090100,1836,4590,65100000,56373
1,651,6510000,6510100,1836,4590,6520000,5637
1,6510,65100000,65100100,1836,4590,65110000,56386
1,6511,65110000,65110100,1836,4590,65120000,56392
1,6512,65120000,65120100,1836,4590,65130000,56402
1,6513,65130000,65130100,1836,4590,65140000,56412
1,6514,65140000,65140100,1836,4590,65150000,56419
1,6515,65150000,65150100,1836,4590,65160000,56426
1,6516,65160000,65160100,1836,4590,65170000,56437
1,6517,65170000,65170100,1836,4590,65180000,56446
1,6518,65180000,65180100,1836,4590,65190000,56453
1,6519,65190000,65190100,1836,4590,65200000,56461
1,652,6520000,6520100,1836,4590,6530000,5645
1,6520,65200000,65200100,1836,4590,65210000,56473
1,6521,65210000,65210100,1836,4590,65220000,56479
1,6522,65220000,65220100,1836,4590,65230000,56489
1,6523,65230000,65230100,1836,4590,65240000,56496
1,6524,65240000,65240100,1836,4590,65250000,56506
1,6525,65250000,65250100,1836,4590,65260000,56515
1,6526,65260000,65260100,1836,4590,65270000,56522
1,6527,65270000,65270100,1836,4590,65280000,56530
1,6528,65280000,65280100,1836,4590,65290000,56543
1,6529,65290000,65290100,1836,4590,65300000,56549
1,653,6530000,6530100,1836,4590,6540000,5651
1,6530,65300000,65300100,1836,4590,65310000,56557
1,6531,65310000,65310100,1836,4590,65320000,56567
1,6532,65320000,65320100,1836,4590,65330000,56575
1,6533,65330000,65330100,1836,4590,65340000,56581
1,6534,65340000,65340100,1836,4590,65350000,56594
1,6535,65350000,65350100,1836,4590,65360000,56601
1,6536,65360000,65360100,1836,4590,65370000,56610
1,6537,65370000,65370100,1836,4590,65380000,56618
1,6538,65380000,65380100,1836,4590,65390000,56627
1,6539,65390000,65390100,1836,4590,65400000,56634
1,654,6540000,6540100,1836,4590,6550000,5664
1,6540,65400000,65400100,1836,4590,65410000,56646
1,6541,65410000,65410100,1836,4590,65420000,56654
1,6542,65420000,65420100,1836,4590,65430000,56661
1,6543,65430000,65430100,1836,4590,65440000,56669
1,6544,65440000,65440100,1836,4590,65450000,56678
1,6545,65450000,65450100,1836,4590,65460000,56688
1,6546,65460000,65460100,1836,4590,65470000,56698
1,6547,65470000,65470100,1836,4590,65480000,56704
1,6548,65480000,65480100,1836,4590,65490000,56714
1,6549,65490000,65490100,1836,4590,65500000,56722
1,655,6550000,6550100,1836,4590,6560000,5671
1,6550,65500000,65500100,1836,4590,65510000,56731
1,6551,65510000,65510100,1836,4590,65520000,56737
1,6552,65520000,65520100,1836,4590,65530000,56751
1,6553,65530000,65530100,1836,4590,65540000,56757
1,6554,65540000,65540100,1836,4590,65550000,56764
1,6555,65550000,65550100,1836,4590,65560000,56775
1,6556,65560000,65560100,1836,4590,65570000,56784
1,6557,65570000,65570100,1836,4590,65580000,56790
1,6558,65580000,65580100,1836,4590,65590000,56800
1,6559,65590000,65590100,1836,4590,65600000,56808
1,656,6560000,6560100,1836,4590,6570000,5680
1,6560,65600000,65600100,1836,4590,65610000,56818
1,6561,65610000,65610100,1836,4590,65620000,56827
1,6562,65620000,65620100,1836,4590,65630000,56836
1,6563,65630000,65630100,1836,4590,65640000,56842
1,6564,65640000,65640100,1836,4590,65650000,56853
1,6565,65650000,65650100,1836,4590,65660000,56860
1,6566,65660000,65660100,1836,4590,65670000,56869
1,6567,65670000,65670100,1836,4590,65680000,56878
1,6568,65680000,65680100,1836,4590,65690000,56887
1,6569,65690000,65690100,1836,4590,65700000,56895
1,657,6570000,6570100,1836,4590,6580000,5688
1,6570,65700000,65700100,1836,4590,65710000,56906
1,6571,65710000,65710100,1836,4590,65720000,56912
1,6572,65720000,65720100,1836,4590,65730000,56921
1,6573,65730000,65730100,1836,4590,65740000,56931
1,6574,65740000,65740100,1836,4590,65750000,56938
1,6575,65750000,65750100,1836,4590,65760000,56945
1,6576,65760000,65760100,1836,4590,65770000,56959
1,6577,65770000,65770100,1836,4590,65780000,56965
1,6578,65780000,65780100,1836,4590,65790000,56973
1,6579,65790000,65790100,1836,4590,65800000,56981
1,658,6580000,6580100,1836,4590,6590000,5697
1,6580,65800000,65800100,1836,4590,65810000,56992
1,6581,65810000,65810100,1836,4590,65820000,56998
1,6582,65820000,65820100,1836,4590,65830000,57008
1,6583,65830000,65830100,1836,4590,65840000,57017
1,6584,65840000,65840100,1836,4590,65850000,57026
1,6585,65850000,65850100,1836,4590,65860000,57035
1,6586,65860000,65860100,1836,4590,65870000,57042
1,6587,65870000,65870100,1836,4590,65880000,57050
1,6588,65880000,65880100,1836,4590,65890000,57061
1,6589,65890000,65890100,1836,4590,65900000,57068
1,659,6590000,6590100,1836,4590,6600000,5703
1,6590,65900000,65900100,1836,4590,65910000,57078
1,6591,65910000,65910100,1836,4590,65920000,57086
1,6592,65920000,65920100,1836,4590,65930000,57095
1,6593,65930000,65930100,1836,4590,65940000,57101
1,6594,65940000,65940100,1836,4590,65950000,57114
1,6595,65950000,65950100,1836,4590,65960000,57121
1,6596,65960000,65960100,1836,4590,65970000,57129
1,6597,65970000,65970100,1836,4590,65980000,57139
1,6598,65980000,65980100,1836,4590,65990000,57146
1,6599,65990000,65990100,1836,4590,66000000,57152
1,66,660000,660100,1836,4590,670000,572
1,660,6600000,6600100,1836,4590,6610000,5716
1,6600,66000000,66000100,1836,4590,66010000,57166
1,6601,66010000,66010100,1836,4590,66020000,57174
1,6602,66020000,66020100,1836,4590,66030000,57181
1,6603,66030000,66030100,1836,4590,66040000,57189
1,6604,66040000,66040100,1836,4590,66050000,57199
1,6605,66050000,66050100,1836,4590,66060000,57207
1,6606,66060000,66060100,1836,4590,66070000,57217
1,6607,66070000,66070100,1836,4590,66080000,57223
1,6608,66080000,66080100,1836,4590,66090000,57234
1,6609,66090000,66090100,1836,4590,66100000,57242
1,661,6610000,6610100,1836,4590,6620000,5724
1,6610,66100000,66100100,1836,4590,66110000,57250
1,6611,66110000,66110100,1836,4590,66120000,57259
1,6612,66120000,66120100,1836,4590,66130000,57270
1,6613,66130000,66130100,1836,4590,66140000,57276
1,6614,66140000,66140100,1836,4590,66150000,57283
1,6615,66150000,66150100,1836,4590,66160000,57294
1,6616,66160000,66160100,1836,4590,66170000,57304
1,6617,66170000,66170100,1836,4590,66180000,57310
1,6618,66180000,66180100,1836,4590,66190000,57322
1,6619,66190000,66190100,1836,4590,66200000,57328
1,662,6620000,6620100,1836,4590,6630000,5731
1,6620,66200000,66200100,1836,4590,66210000,57337
1,6621,66210000,66210100,1836,4590,66220000,57345
1,6622,66220000,66220100,1836,4590,66230000,57355
1,6623,66230000,66230100,1836,4590,66240000,57361
1,6624,66240000,66240100,1836,4590,66250000,57373
1,6625,66250000,66250100,1836,4590,66260000,57382
1,6626,66260000,66260100,1836,4590,66270000,57389
1,6627,66270000,66270100,1836,4590,66280000,57398
1,6628,66280000,66280100,1836,4590,66290000,57406
1,6629,66290000,66290100,1836,4590,66300000,57414
1,663,6630000,6630100,1836,4590,6640000,5739
1,6630,66300000,66300100,1836,4590,66310000,57425
1,6631,66310000,66310100,1836,4590,66320000,57431
1,6632,66320000,66320100,1836,4590,66330000,57442
1,6633,66330000,66330100,1836,4590,66340000,57451
1,6634,66340000,66340100,1836,4590,66350000,57458
1,6635,66350000,66350100,1836,4590,66360000,57465
1,6636,66360000,66360100,1836,4590,66370000,57478
1,6637,66370000,66370100,1836,4590,66380000,57484
1,6638,66380000,66380100,1836,4590,66390000,57492
1,6639,66390000,66390100,1836,4590,66400000,57502
1,664,6640000,6640100,1836,4590,6650000,5748
1,6640,66400000,66400100,1836,4590,66410000,57512
1,6641,66410000,66410100,1836,4590,66420000,57518
1,6642,66420000,66420100,1836,4590,66430000,57528
1,6643,66430000,66430100,1836,4590,66440000,57536
1,6644,66440000,66440100,1836,4590,66450000,57545
1,6645,66450000,66450100,1836,4590,66460000,57554
1,6646,66460000,66460100,1836,4590,66470000,57563
1,6647,66470000,66470100,1836,4590,66480000,57569
1,6648,66480000,66480100,1836,4590,66490000,57581
1,6649,66490000,66490100,1836,4590,66500000,57588
1,665,6650000,6650100,1836,4590,6660000,5758
1,6650,66500000,66500100,1836,4590,66510000,57598
1,6651,66510000,66510100,1836,4590,66520000,57606
1,6652,66520000,66520100,1836,4590,66530000,57614
1,6653,66530000,66530100,1836,4590,66540000,57622
1,6654,66540000,66540100,1836,4590,66550000,57632
1,6655,66550000,66550100,1836,4590,66560000,57640
1,6656,66560000,66560100,1836,4590,66570000,57649
1,6657,66570000,66570100,1836,4590,66580000,57659
1,6658,66580000,66580100,1836,4590,66590000,57666
1,6659,66590000,66590100,1836,4590,66600000,57672
1,666,6660000,6660100,1836,4590,6670000,5768
1,6660,66600000,66600100,1836,4590,66610000,57687
1,6661,66610000,66610100,1836,4590,66620000,57693
1,6662,66620000,66620100,1836,4590,66630000,57700
1,6663,66630000,66630100,1836,4590,66640000,57708
1,6664,66640000,66640100,1836,4590,66650000,57719
1,6665,66650000,66650100,1836,4590,66660000,57726
1,6666,66660000,66660100,1836,4590,66670000,57737
1,6667,66670000,66670100,1836,4590,66680000,57745
1,6668,66680000,66680100,1836,4590,66690000,57753
1,6669,66690000,66690100,1836,4590,66700000,57761
1,667,6670000,6670100,1836,4590,6680000,5774
1,6670,66700000,66700100,1836,4590,66710000,57769
1,6671,66710000,66710100,1836,4590,66720000,57778
1,6672,66720000,66720100,1836,4590,66730000,57790
1,6673,66730000,66730100,1836,4590,66740000,57796
1,6674,66740000,66740100,1836,4590,66750000,57805
1,6675,66750000,66750100,1836,4590,66760000,57814
1,6676,66760000,66760100,1836,4590,66770000,57822
1,6677,66770000,66770100,1836,4590,66780000,57829
1,6678,66780000,66780100,1836,4590,66790000,57841
1,6679,66790000,66790100,1836,4590,66800000,57847
1,668,6680000,6680100,1836,4590,6690000,5784
1,6680,66800000,66800100,1836,4590,66810000,57857
1,6681,66810000,66810100,1836,4590,66820000,57867
1,6682,66820000,66820100,1836,4590,66830000,57875
1,6683,66830000,66830100,1836,4590,66840000,57881
1,6684,66840000,66840100,1836,4590,66850000,57892
1,6685,66850000,66850100,1836,4590,66860000,57901
1,6686,66860000,66860100,1836,4590,66870000,57908
1,6687,66870000,66870100,1836,4590,66880000,57916
1,6688,66880000,66880100,1836,4590,66890000,57928
1,6689,66890000,66890100,1836,4590,66900000,57934
1,669,6690000,6690100,1836,4590,6700000,5792
1,6690,66900000,66900100,1836,4590,66910000,57945
1,6691,66910000,66910100,1836,4590,66920000,57951
1,6692,66920000,66920100,1836,4590,66930000,57961
1,6693,66930000,66930100,1836,4590,66940000,57970
1,6694,66940000,66940100,1836,4590,66950000,57977
1,6695,66950000,66950100,1836,4590,66960000,57986
1,6696,66960000,66960100,1836,4590,66970000,57998
1,6697,66970000,66970100,1836,4590,66980000,58004
1,6698,66980000,66980100,1836,4590,66990000,58011
1,6699,66990000,66990100,1836,4590,67000000,58022
1,67,670000,670100,1836,4590,680000,578
1,670,6700000,6700100,1836,4590,6710000,5800
1,6700,67000000,67000100,1836,4590,67010000,58031
1,6701,67010000,67010100,1836,4590,67020000,58037
1,6702,67020000,67020100,1836,4590,67030000,58049
1,6703,67030000,67030100,1836,4590,67040000,58055
1,6704,67040000,67040100,1836,4590,67050000,58065
1,6705,67050000,67050100,1836,4590,67060000,58074
1,6706,67060000,67060100,1836,4590,67070000,58083
1,6707,67070000,67070100,1836,4590,67080000,58089
1,6708,67080000,67080100,1836,4590,67090000,58100
1,6709,67090000,67090100,1836,4590,67100000,58108
1,671,6710000,6710100,1836,4590,6720000,5807
1,6710,67100000,67100100,1836,4590,67110000,58117
1,6711,67110000,67110100,1836,4590,67120000,58125
1,6712,67120000,67120100,1836,4590,67130000,58134
1,6713,67130000,67130100,1836,4590,67140000,58142
1,6714,67140000,67140100,1836,4590,67150000,58152
1,6715,67150000,67150100,1836,4590,67160000,58160
1,6716,67160000,67160100,1836,4590,67170000,58170
1,6717,67170000,67170100,1836,4590,67180000,58178
1,6718,67180000,67180100,1836,4590,67190000,58185
1,6719,67190000,67190100,1836,4590,67200000,58191
1,672,6720000,6720100,1836,4590,6730000,5821
1,6720,67200000,67200100,1836,4590,67210000,58206
1,6721,67210000,67210100,1836,4590,67220000,58213
1,6722,67220000,67220100,1836,4590,67230000,58220
1,6723,67230000,67230100,1836,4590,67240000,58230
1,6724,67240000,67240100,1836,4590,67250000,58238
1,6725,67250000,67250100,1836,4590,67260000,58245
1,6726,67260000,67260100,1836,4590,67270000,58256
1,6727,67270000,67270100,1836,4590,67280000,58264
1,6728,67280000,67280100,1836,4590,67290000,58273
1,6729,67290000,67290100,1836,4590,67300000,58281
1,673,6730000,6730100,1836,4590,6740000,5827
1,6730,67300000,67300100,1836,4590,67310000,58291
1,6731,67310000,67310100,1836,4590,67320000,58297
1,6732,67320000,67320100,1836,4590,67330000,58309
1,6733,67330000,67330100,1836,4590,67340000,58315
1,6734,67340000,67340100,1836,4590,67350000,58324
1,6735,67350000,67350100,1836,4590,67360000,58333
1,6736,67360000,67360100,1836,4590,67370000,58342
1,6737,67370000,67370100,1836,4590,67380000,58351
1,6738,67380000,67380100,1836,4590,67390000,58361
1,6739,67390000,67390100,1836,4590,67400000,58367
1,674,6740000,6740100,1836,4590,6750000,5834
1,6740,67400000,67400100,1836,4590,67410000,58376
1,6741,67410000,67410100,1836,4590,67420000,58386
1,6742,67420000,67420100,1836,4590,67430000,58393
1,6743,67430000,67430100,1836,4590,67440000,58400
1,6744,67440000,67440100,1836,4590,67450000,58414
1,6745,67450000,67450100,1836,4590,67460000,58421
1,6746,67460000,67460100,1836,4590,67470000,58428
1,6747,67470000,67470100,1836,4590,67480000,58436
1,6748,67480000,67480100,1836,4590,67490000,58447
1,6749,67490000,67490100,1836,4590,67500000,58453
1,675,6750000,6750100,1836,4590,6760000,5845
1,6750,67500000,67500100,1836,4590,67510000,58464
1,6751,67510000,67510100,1836,4590,67520000,58472
1,6752,67520000,67520100,1836,4590,67530000,58481
1,6753,67530000,67530100,1836,4590,67540000,58489
1,6754,67540000,67540100,1836,4590,67550000,58497
1,6755,67550000,67550100,1836,4590,67560000,58506
1,6756,67560000,67560100,1836,4590,67570000,58517
1,6757,67570000,67570100,1836,4590,67580000,58523
1,6758,67580000,67580100,1836,4590,67590000,58532
1,6759,67590000,67590100,1836,4590,67600000,58541
1,676,6760000,6760100,1836,4590,6770000,5854
1,6760,67600000,67600100,1836,4590,67610000,58551
1,6761,67610000,67610100,1836,4590,67620000,58557
1,6762,67620000,67620100,1836,4590,67630000,58569
1,6763,67630000,67630100,1836,4590,67640000,58575
1,6764,67640000,67640100,1836,4590,67650000,58583
1,6765,67650000,67650100,1836,4590,67660000,58595
1,6766,67660000,67660100,1836,4590,67670000,58602
1,6767,67670000,67670100,1836,4590,67680000,58608
1,6768,67680000,67680100,1836,4590,67690000,58620
1,6769,67690000,67690100,1836,4590,67700000,58628
1,677,6770000,6770100,1836,4590,6780000,5860
1,6770,67700000,67700100,1836,4590,67710000,58637
1,6771,67710000,67710100,1836,4590,67720000,58645
1,6772,67720000,67720100,1836,4590,67730000,58655
1,6773,67730000,67730100,1836,4590,67740000,58661
1,6774,67740000,67740100,1836,4590,67750000,58671
1,6775,67750000,67750100,1836,4590,67760000,58678
1,6776,67760000,67760100,1836,4590,67770000,58690
1,6777,67770000,67770100,1836,4590,67780000,58698
1,6778,67780000,67780100,1836,4590,67790000,58705
1,6779,67790000,67790100,1836,4590,67800000,58713
1,678,6780000,6780100,1836,4590,6790000,5870
1,6780,67800000,67800100,1836,4590,67810000,58725
1,6781,67810000,67810100,1836,4590,67820000,58732
1,6782,67820000,67820100,1836,4590,67830000,58739
1,6783,67830000,67830100,1836,4590,67840000,58749
1,6784,67840000,67840100,1836,4590,67850000,58758
1,6785,67850000,67850100,1836,4590,67860000,58765
1,6786,67860000,67860100,1836,4590,67870000,58777
1,6787,67870000,67870100,1836,4590,67880000,58784
1,6788,67880000,67880100,1836,4590,67890000,58792
1,6789,67890000,67890100,1836,4590,67900000,58800
1,679,6790000,6790100,1836,4590,6800000,5878
1,6790,67900000,67900100,1836,4590,67910000,58810
1,6791,67910000,67910100,1836,4590,67920000,58816
1,6792,67920000,67920100,1836,4590,67930000,58829
1,6793,67930000,67930100,1836,4590,67940000,58837
1,6794,67940000,67940100,1836,4590,67950000,58844
1,6795,67950000,67950100,1836,4590,67960000,58853
1,6796,67960000,67960100,1836,4590,67970000,58861
1,6797,67970000,67970100,1836,4590,67980000,58869
1,6798,67980000,67980100,1836,4590,67990000,58880
1,6799,67990000,67990100,1836,4590,68000000,58886
1,68,680000,680100,1836,4590,690000,586
1,680,6800000,6800100,1836,4590,6810000,5888
1,6800,68000000,68000100,1836,4590,68010000,58898
1,6801,68010000,68010100,1836,4590,68020000,58906
1,6802,68020000,68020100,1836,4590,68030000,58913
1,6803,68030000,68030100,1836,4590,68040000,58920
1,6804,68040000,68040100,1836,4590,68050000,58933
1,6805,68050000,68050100,1836,4590,68060000,58940
1,6806,68060000,68060100,1836,4590,68070000,58947
1,6807,68070000,68070100,1836,4590,68080000,58957
1,6808,68080000,68080100,1836,4590,68090000,58966
1,6809,68090000,68090100,1836,4590,68100000,58973
1,681,6810000,6810100,1836,4590,6820000,5896
1,6810,68100000,68100100,1836,4590,68110000,58984
1,6811,68110000,68110100,1836,4590,68120000,58992
1,6812,68120000,68120100,1836,4590,68130000,59000
1,6813,68130000,68130100,1836,4590,68140000,59008
1,6814,68140000,68140100,1836,4590,68150000,59018
1,6815,68150000,68150100,1836,4590,68160000,59025
1,6816,68160000,68160100,1836,4590,68170000,59037
1,6817,68170000,68170100,1836,4590,68180000,59043
1,6818,68180000,68180100,1836,4590,68190000,59052
1,6819,68190000,68190100,1836,4590,68200000,59060
1,682,6820000,6820100,1836,4590,6830000,5906
1,6820,68200000,68200100,1836,4590,68210000,59070
1,6821,68210000,68210100,1836,4590,68220000,59078
1,6822,68220000,68220100,1836,4590,68230000,59088
1,6823,68230000,68230100,1836,4590,68240000,59094
1,6824,68240000,68240100,1836,4590,68250000,59103
1,6825,68250000,68250100,1836,4590,68260000,59115
1,6826,68260000,68260100,1836,4590,68270000,59122
1,6827,68270000,68270100,1836,4590,68280000,59128
1,6828,68280000,68280100,1836,4590,68290000,59141
1,6829,68290000,68290100,1836,4590,68300000,59147
1,683,6830000,6830100,1836,4590,6840000,5912
1,6830,68300000,68300100,1836,4590,68310000,59155
1,6831,68310000,68310100,1836,4590,68320000,59164
1,6832,68320000,68320100,1836,4590,68330000,59175
1,6833,68330000,68330100,1836,4590,68340000,59181
1,6834,68340000,68340100,1836,4590,68350000,59191
1,6835,68350000,68350100,1836,4590,68360000,59200
1,6836,68360000,68360100,1836,4590,68370000,59209
1,6837,68370000,68370100,1836,4590,68380000,59217
1,6838,68380000,68380100,1836,4590,68390000,59224
1,6839,68390000,68390100,1836,4590,68400000,59232
1,684,6840000,6840100,1836,4590,6850000,5923
1,6840,68400000,68400100,1836,4590,68410000,59245
1,6841,68410000,68410100,1836,4590,68420000,59251
1,6842,68420000,68420100,1836,4590,68430000,59261
1,6843,68430000,68430100,1836,4590,68440000,59269
1,6844,68440000,68440100,1836,4590,68450000,59277
1,6845,68450000,68450100,1836,4590,68460000,59284
1,6846,68460000,68460100,1836,4590,68470000,59296
1,6847,68470000,68470100,1836,4590,68480000,59303
1,6848,68480000,68480100,1836,4590,68490000,59312
1,6849,68490000,68490100,1836,4590,68500000,59322
1,685,6850000,6850100,1836,4590,6860000,5930
1,6850,68500000,68500100,1836,4590,68510000,59330
1,6851,68510000,68510100,1836,4590,68520000,59336
1,6852,68520000,68520100,1836,4590,68530000,59347
1,6853,68530000,68530100,1836,4590,68540000,59356
1,6854,68540000,68540100,1836,4590,68550000,59363
1,6855,68550000,68550100,1836,4590,68560000,59372
1,6856,68560000,68560100,1836,4590,68570000,59383
1,6857,68570000,68570100,1836,4590,68580000,59389
1,6858,68580000,68580100,1836,4590,68590000,59400
1,6859,68590000,68590100,1836,4590,68600000,59406
1,686,6860000,6860100,1836,4590,6870000,5939
1,6860,68600000,68600100,1836,4590,68610000,59417
1,6861,68610000,68610100,1836,4590,68620000,59425
1,6862,68620000,68620100,1836,4590,68630000,59432
1,6863,68630000,68630100,1836,4590,68640000,59440
1,6864,68640000,68640100,1836,4590,68650000,59453
1,6865,68650000,68650100,1836,4590,68660000,59460
1,6866,68660000,68660100,1836,4590,68670000,59467
1,6867,68670000,68670100,1836,4590,68680000,59477
1,6868,68680000,68680100,1836,4590,68690000,59485
1,6869,68690000,68690100,1836,4590,68700000,59492
1,687,6870000,6870100,1836,4590,6880000,5948
1,6870,68700000,68700100,1836,4590,68710000,59505
1,6871,68710000,68710100,1836,4590,68720000,59511
1,6872,68720000,68720100,1836,4590,68730000,59520
1,6873,68730000,68730100,1836,4590,68740000,59528
1,6874,68740000,68740100,1836,4590,68750000,59537
1,6875,68750000,68750100,1836,4590,68760000,59545
1,6876,68760000,68760100,1836,4590,68770000,59556
1,6877,68770000,68770100,1836,4590,68780000,59564
1,6878,68780000,68780100,1836,4590,68790000,59571
1,6879,68790000,68790100,1836,4590,68800000,59579
1,688,6880000,6880100,1836,4590,6890000,5957
1,6880,68800000,68800100,1836,4590,68810000,59590
1,6881,68810000,68810100,1836,4590,68820000,59598
1,6882,68820000,68820100,1836,4590,68830000,59608
1,6883,68830000,68830100,1836,4590,68840000,59614
1,6884,68840000,68840100,1836,4590,68850000,59624
1,6885,68850000,68850100,1836,4590,68860000,59633
1,6886,68860000,68860100,1836,4590,68870000,59641
1,6887,68870000,68870100,1836,4590,68880000,59647
1,6888,68880000,68880100,1836,4590,68890000,59661
1,6889,68890000,68890100,1836,4590,68900000,59667
1,689,6890000,6890100,1836,4590,6900000,5965
1,6890,68900000,68900100,1836,4590,68910000,59675
1,6891,68910000,68910100,1836,4590,68920000,59686
1,6892,68920000,68920100,1836,4590,68930000,59694
1,6893,68930000,68930100,1836,4590,68940000,59700
1,6894,68940000,68940100,1836,4590,68950000,59710
1,6895,68950000,68950100,1836,4590,68960000,59719
1,6896,68960000,68960100,1836,4590,68970000,59728
1,6897,68970000,68970100,1836,4590,68980000,59737
1,6898,68980000,68980100,1836,4590,68990000,59746
1,6899,68990000,68990100,1836,4590,69000000,59752
1,69,690000,690100,1836,4590,700000,594
1,690,6900000,6900100,1836,4590,6910000,5976
1,6900,69000000,69000100,1836,4590,69010000,59764
1,6901,69010000,69010100,1836,4590,69020000,59770
1,6902,69020000,69020100,1836,4590,69030000,59780
1,6903,69030000,69030100,1836,4590,69040000,59788
1,6904,69040000,69040100,1836,4590,69050000,59797
1,6905,69050000,69050100,1836,4590,69060000,59806
1,6906,69060000,69060100,1836,4590,69070000,59816
1,6907,69070000,69070100,1836,4590,69080000,59822
1,6908,69080000,69080100,1836,4590,69090000,59831
1,6909,69090000,69090100,1836,4590,69100000,59841
1,691,6910000,6910100,1836,4590,6920000,5982
1,6910,69100000,69100100,1836,4590,69110000,59849
1,6911,69110000,69110100,1836,4590,69120000,59855
1,6912,69120000,69120100,1836,4590,69130000,59869
1,6913,69130000,69130100,1836,4590,69140000,59876
1,6914,69140000,69140100,1836,4590,69150000,59883
1,6915,69150000,69150100,1836,4590,69160000,59892
1,6916,69160000,69160100,1836,4590,69170000,59902
1,6917,69170000,69170100,1836,4590,69180000,59908
1,6918,69180000,69180100,1836,4590,69190000,59918
1,6919,69190000,69190100,1836,4590,69200000,59927
1,692,6920000,6920100,1836,4590,6930000,5990
1,6920,69200000,69200100,1836,4590,69210000,59937
1,6921,69210000,69210100,1836,4590,69220000,59945
1,6922,69220000,69220100,1836,4590,69230000,59952
1,6923,69230000,69230100,1836,4590,69240000,59960
1,6924,69240000,69240100,1836,4590,69250000,59972
1,6925,69250000,69250100,1836,4590,69260000,59979
1,6926,69260000,69260100,1836,4590,69270000,59988
1,6927,69270000,69270100,1836,4590,69280000,59996
1,6928,69280000,69280100,1836,4590,69290000,60005
1,6929,69290000,69290100,1836,4590,69300000,60011
1,693,6930000,6930100,1836,4590,6940000,6001
1,6930,69300000,69300100,1836,4590,69310000,60025
1,6931,69310000,69310100,1836,4590,69320000,60031
1,6932,69320000,69320100,1836,4590,69330000,60039
1,6933,69330000,69330100,1836,4590,69340000,60049
1,6934,69340000,69340100,1836,4590,69350000,60056
1,6935,69350000,69350100,1836,4590,69360000,60064
1,6936,69360000,69360100,1836,4590,69370000,60076
1,6937,69370000,69370100,1836,4590,69380000,60084
1,6938,69380000,69380100,1836,4590,69390000,60091
1,6939,69390000,69390100,1836,4590,69400000,60099
1,694,6940000,6940100,1836,4590,6950000,6008
1,6940,69400000,69400100,1836,4590,69410000,60110
1,6941,69410000,69410100,1836,4590,69420000,60117
1,6942,69420000,69420100,1836,4590,69430000,60127
1,6943,69430000,69430100,1836,4590,69440000,60133
1,6944,69440000,69440100,1836,4590,69450000,60144
1,6945,69450000,69450100,1836,4590,69460000,60153
1,6946,69460000,69460100,1836,4590,69470000,60161
1,6947,69470000,69470100,1836,4590,69480000,60169
1,6948,69480000,69480100,1836,4590,69490000,60180
1,6949,69490000,69490100,1836,4590,69500000,60186
1,695,6950000,6950100,1836,4590,6960000,6015
1,6950,69500000,69500100,1836,4590,69510000,60194
1,6951,69510000,69510100,1836,4590,69520000,60204
1,6952,69520000,69520100,1836,4590,69530000,60214
1,6953,69530000,69530100,1836,4590,69540000,60220
1,6954,69540000,69540100,1836,4590,69550000,60232
1,6955,69550000,69550100,1836,4590,69560000,60239
1,6956,69560000,69560100,1836,4590,69570000,60247
1,6957,69570000,69570100,1836,4590,69580000,60256
1,6958,69580000,69580100,1836,4590,69590000,60265
1,6959,69590000,69590100,1836,4590,69600000,60271
1,696,6960000,6960100,1836,4590,6970000,6029
1,6960,69600000,69600100,1836,4590,69610000,60284
1,6961,69610000,69610100,1836,4590,69620000,60292
1,6962,69620000,69620100,1836,4590,69630000,60299
1,6963,69630000,69630100,1836,4590,69640000,60308
1,6964,69640000,69640100,1836,4590,69650000,60316
1,6965,69650000,69650100,1836,4590,69660000,60325
1,6966,69660000,69660100,1836,4590,69670000,60335
1,6967,69670000,69670100,1836,4590,69680000,60341
1,6968,69680000,69680100,1836,4590,69690000,60353
1,6969,69690000,69690100,1836,4590,69700000,60361
1,697,6970000,6970100,1836,4590,6980000,6035
1,6970,69700000,69700100,1836,4590,69710000,60369
1,6971,69710000,69710100,1836,4590,69720000,60375
1,6972,69720000,69720100,1836,4590,69730000,60388
1,6973,69730000,69730100,1836,4590,69740000,60394
1,6974,69740000,69740100,1836,4590,69750000,60402
1,6975,69750000,69750100,1836,4590,69760000,60413
1,6976,69760000,69760100,1836,4590,69770000,60422
1,6977,69770000,69770100,1836,4590,69780000,60428
1,6978,69780000,69780100,1836,4590,69790000,60438
1,6979,69790000,69790100,1836,4590,69800000,60447
1,698,6980000,6980100,1836,4590,6990000,6043
1,6980,69800000,69800100,1836,4590,69810000,60456
1,6981,69810000,69810100,1836,4590,69820000,60464
1,6982,69820000,69820100,1836,4590,69830000,60473
1,6983,69830000,69830100,1836,4590,69840000,60479
1,6984,69840000,69840100,1836,4590,69850000,60491
1,6985,69850000,69850100,1836,4590,69860000,60499
1,6986,69860000,69860100,1836,4590,69870000,60508
1,6987,69870000,69870100,1836,4590,69880000,60516
1,6988,69880000,69880100,1836,4590,69890000,60524
1,6989,69890000,69890100,1836,4590,69900000,60532
1,699,6990000,6990100,1836,4590,7000000,6051
1,6990,69900000,69900100,1836,4590,69910000,60544
1,6991,69910000,69910100,1836,4590,69920000,60550
1,6992,69920000,69920100,1836,4590,69930000,60559
1,6993,69930000,69930100,1836,4590,69940000,60569
1,6994,69940000,69940100,1836,4590,69950000,60576
1,6995,69950000,69950100,1836,4590,69960000,60583
1,6996,69960000,69960100,1836,4590,69970000,60597
1,6997,69970000,69970100,1836,4590,69980000,60603
1,6998,69980000,69980100,1836,4590,69990000,60610
1,6999,69990000,69990100,1836,4590,70000000,60618
1,7,70000,70100,1836,4590,80000,58
1,70,700000,700100,1836,4590,710000,604
1,700,7000000,7000100,1836,4590,7010000,6062
1,7000,70000000,70000100,1836,4590,70010000,60630
1,7001,70010000,70010100,1836,4590,70020000,60637
1,7002,70020000,70020100,1836,4590,70030000,60647
1,7003,70030000,70030100,1836,4590,70040000,60655
1,7004,70040000,70040100,1836,4590,70050000,60663
1,7005,70050000,70050100,1836,4590,70060000,60672
1,7006,70060000,70060100,1836,4590,70070000,60679
1,7007,70070000,70070100,1836,4590,70080000,60688
1,7008,70080000,70080100,1836,4590,70090000,60700
1,7009,70090000,70090100,1836,4590,70100000,60706
1,701,7010000,7010100,1836,4590,7020000,6068
1,7010,70100000,70100100,1836,4590,70110000,60716
1,7011,70110000,70110100,1836,4590,70120000,60724
1,7012,70120000,70120100,1836,4590,70130000,60733
1,7013,70130000,70130100,1836,4590,70140000,60739
1,7014,70140000,70140100,1836,4590,70150000,60751
1,7015,70150000,70150100,1836,4590,70160000,60758
1,7016,70160000,70160100,1836,4590,70170000,60767
1,7017,70170000,70170100,1836,4590,70180000,60777
1,7018,70180000,70180100,1836,4590,70190000,60785
1,7019,70190000,70190100,1836,4590,70200000,60791
1,702,7020000,7020100,1836,4590,7030000,6078
1,7020,70200000,70200100,1836,4590,70210000,60803
1,7021,70210000,70210100,1836,4590,70220000,60811
1,7022,70220000,70220100,1836,4590,70230000,60818
1,7023,70230000,70230100,1836,4590,70240000,60827
1,7024,70240000,70240100,1836,4590,70250000,60838
1,7025,70250000,70250100,1836,4590,70260000,60845
1,7026,70260000,70260100,1836,4590,70270000,60855
1,7027,70270000,70270100,1836,4590,70280000,60861
1,7028,70280000,70280100,1836,4590,70290000,60871
1,7029,70290000,70290100,1836,4590,70300000,60880
1,703,7030000,7030100,1836,4590,7040000,6086
1,7030,70300000,70300100,1836,4590,70310000,60888
1,7031,70310000,70310100,1836,4590,70320000,60896
1,7032,70320000,70320100,1836,4590,70330000,60908
1,7033,70330000,70330100,1836,4590,70340000,60914
1,7034,70340000,70340100,1836,4590,70350000,60922
1,7035,70350000,70350100,1836,4590,70360000,60933
1,7036,70360000,70360100,1836,4590,70370000,60941
1,7037,70370000,70370100,1836,4590,70380000,60947
1,7038,70380000,70380100,1836,4590,70390000,60959
1,7039,70390000,70390100,1836,4590,70400000,60965
1,704,7040000,7040100,1836,4590,7050000,6096
1,7040,70400000,70400100,1836,4590,70410000,60976
1,7041,70410000,70410100,1836,4590,70420000,60984
1,7042,70420000,70420100,1836,4590,70430000,60993
1,7043,70430000,70430100,1836,4590,70440000,60999
1,7044,70440000,70440100,1836,4590,70450000,61010
1,7045,70450000,70450100,1836,4590,70460000,61020
1,7046,70460000,70460100,1836,4590,70470000,61027
1,7047,70470000,70470100,1836,4590,70480000,61035
1,7048,70480000,70480100,1836,4590,70490000,61044
1,7049,70490000,70490100,1836,4590,70500000,61052
1,705,7050000,7050100,1836,4590,7060000,6105
1,7050,70500000,70500100,1836,4590,70510000,61063
1,7051,70510000,70510100,1836,4590,70520000,61070
1,7052,70520000,70520100,1836,4590,70530000,61080
1,7053,70530000,70530100,1836,4590,70540000,61088
1,7054,70540000,70540100,1836,4590,70550000,61095
1,7055,70550000,70550100,1836,4590,70560000,61102
1,7056,70560000,70560100,1836,4590,70570000,61117
1,7057,70570000,70570100,1836,4590,70580000,61123
1,7058,70580000,70580100,1836,4590,70590000,61130
1,7059,70590000,70590100,1836,4590,70600000,61140
1,706,7060000,7060100,1836,4590,7070000,6112
1,7060,70600000,70600100,1836,4590,70610000,61149
1,7061,70610000,70610100,1836,4590,70620000,61155
1,7062,70620000,70620100,1836,4590,70630000,61166
1,7063,70630000,70630100,1836,4590,70640000,61174
1,7064,70640000,70640100,1836,4590,70650000,61183
1,7065,70650000,70650100,1836,4590,70660000,61192
1,7066,70660000,70660100,1836,4590,70670000,61201
1,7067,70670000,70670100,1836,4590,70680000,61208
1,7068,70680000,70680100,1836,4590,70690000,61219
1,7069,70690000,70690100,1836,4590,70700000,61225
1,707,7070000,7070100,1836,4590,7080000,6120
1,7070,70700000,70700100,1836,4590,70710000,61235
1,7071,70710000,70710100,1836,4590,70720000,61243
1,7072,70720000,70720100,1836,4590,70730000,61252
1,7073,70730000,70730100,1836,4590,70740000,61261
1,7074,70740000,70740100,1836,4590,70750000,61271
1,7075,70750000,70750100,1836,4590,70760000,61278
1,7076,70760000,70760100,1836,4590,70770000,61286
1,7077,70770000,70770100,1836,4590,70780000,61296
1,7078,70780000,70780100,1836,4590,70790000,61304
1,7079,70790000,70790100,1836,4590,70800000,61310
1,708,7080000,7080100,1836,4590,7090000,6131
1,7080,70800000,70800100,1836,4590,70810000,61325
1,7081,70810000,70810100,1836,4590,70820000,61331
1,7082,70820000,70820100,1836,4590,70830000,61338
1,7083,70830000,70830100,1836,4590,70840000,61346
1,7084,70840000,70840100,1836,4590,70850000,61357
1,7085,70850000,70850100,1836,4590,70860000,61364
1,7086,70860000,70860100,1836,4590,70870000,61374
1,7087,70870000,70870100,1836,4590,70880000,61382
1,7088,70880000,70880100,1836,4590,70890000,61391
1,7089,70890000,70890100,1836,4590,70900000,61400
1,709,7090000,7090100,1836,4590,7100000,6138
1,7090,70900000,70900100,1836,4590,70910000,61408
1,7091,70910000,70910100,1836,4590,70920000,61416
1,7092,70920000,70920100,1836,4590,70930000,61427
1,7093,70930000,70930100,1836,4590,70940000,61433
1,7094,70940000,70940100,1836,4590,70950000,61442
1,7095,70950000,70950100,1836,4590,70960000,61452
1,7096,70960000,70960100,1836,4590,70970000,61461
1,7097,70970000,70970100,1836,4590,70980000,61467
1,7098,70980000,70980100,1836,4590,70990000,61479
1,7099,70990000,70990100,1836,4590,71000000,61485
1,71,710000,710100,1836,4590,720000,611
1,710,7100000,7100100,1836,4590,7110000,6148
1,7100,71000000,71000100,1836,4590,71010000,61495
1,7101,71010000,71010100,1836,4590,71020000,61505
1,7102,71020000,71020100,1836,4590,71030000,61512
1,7103,71030000,71030100,1836,4590,71040000,61518
1,7104,71040000,71040100,1836,4590,71050000,61530
1,7105,71050000,71050100,1836,4590,71060000,61539
1,7106,71060000,71060100,1836,4590,71070000,61547
1,7107,71070000,71070100,1836,4590,71080000,61555
1,7108,71080000,71080100,1836,4590,71090000,61565
1,7109,71090000,71090100,1836,4590,71100000,61571
1,711,7110000,7110100,1836,4590,7120000,6156
1,7110,71100000,71100100,1836,4590,71110000,61582
1,7111,71110000,71110100,1836,4590,71120000,61589
1,7112,71120000,71120100,1836,4590,71130000,61600
1,7113,71130000,71130100,1836,4590,71140000,61608
1,7114,71140000,71140100,1836,4590,71150000,61615
1,7115,71150000,71150100,1836,4590,71160000,61624
1,7116,71160000,71160100,1836,4590,71170000,61635
1,7117,71170000,71170100,1836,4590,71180000,61642
1,7118,71180000,71180100,1836,4590,71190000,61649
1,7119,71190000,71190100,1836,4590,71200000,61659
1,712,7120000,7120100,1836,4590,7130000,6165
1,7120,71200000,71200100,1836,4590,71210000,61669
1,7121,71210000,71210100,1836,4590,71220000,61675
1,7122,71220000,71220100,1836,4590,71230000,61688
1,7123,71230000,71230100,1836,4590,71240000,61694
1,7124,71240000,71240100,1836,4590,71250000,61702
1,7125,71250000,71250100,1836,4590,71260000,61711
1,7126,71260000,71260100,1836,4590,71270000,61720
1,7127,71270000,71270100,1836,4590,71280000,61726
1,7128,71280000,71280100,1836,4590,71290000,61739
1,7129,71290000,71290100,1836,4590,71300000,61747
1,713,7130000,7130100,1836,4590,7140000,6171
1,7130,71300000,71300100,1836,4590,71310000,61755
1,7131,71310000,71310100,1836,4590,71320000,61763
1,7132,71320000,71320100,1836,4590,71330000,61771
1,7133,71330000,71330100,1836,4590,71340000,61780
1,7134,71340000,71340100,1836,4590,71350000,61790
1,7135,71350000,71350100,1836,4590,71360000,61797
1,7136,71360000,71360100,1836,4590,71370000,61808
1,7137,71370000,71370100,1836,4590,71380000,61816
1,7138,71380000,71380100,1836,4590,71390000,61823
1,7139,71390000,71390100,1836,4590,71400000,61830
1,714,7140000,7140100,1836,4590,7150000,6183
1,7140,71400000,71400100,1836,4590,71410000,61844
1,7141,71410000,71410100,1836,4590,71420000,61850
1,7142,71420000,71420100,1836,4590,71430000,61857
1,7143,71430000,71430100,1836,4590,71440000,61867
1,7144,71440000,71440100,1836,4590,71450000,61877
1,7145,71450000,71450100,1836,4590,71460000,61884
1,7146,71460000,71460100,1836,4590,71470000,61894
1,7147,71470000,71470100,1836,4590,71480000,61902
1,7148,71480000,71480100,1836,4590,71490000,61910
1,7149,71490000,71490100,1836,4590,71500000,61918
1,715,7150000,7150100,1836,4590,7160000,6191
1,7150,71500000,71500100,1836,4590,71510000,61929
1,7151,71510000,71510100,1836,4590,71520000,61935
1,7152,71520000,71520100,1836,4590,71530000,61947
1,7153,71530000,71530100,1836,4590,71540000,61953
1,7154,71540000,71540100,1836,4590,71550000,61962
1,7155,71550000,71550100,1836,4590,71560000,61972
1,7156,71560000,71560100,1836,4590,71570000,61980
1,7157,71570000,71570100,1836,4590,71580000,61988
1,7158,71580000,71580100,1836,4590,71590000,61998
1,7159,71590000,71590100,1836,4590,71600000,62004
1,716,7160000,7160100,1836,4590,7170000,6199
1,7160,71600000,71600100,1836,4590,71610000,62014
1,7161,71610000,71610100,1836,4590,71620000,62025
1,7162,71620000,71620100,1836,4590,71630000,62032
1,7163,71630000,71630100,1836,4590,71640000,62038
1,7164,71640000,71640100,1836,4590,71650000,62051
1,7165,71650000,71650100,1836,4590,71660000,62058
1,7166,71660000,71660100,1836,4590,71670000,62066
1,7167,71670000,71670100,1836,4590,71680000,62074
1,7168,71680000,71680100,1836,4590,71690000,62085
1,7169,71690000,71690100,1836,4590,71700000,62091
1,717,7170000,7170100,1836,4590,7180000,6209
1,7170,71700000,71700100,1836,4590,71710000,62102
1,7171,71710000,71710100,1836,4590,71720000,62110
1,7172,71720000,71720100,1836,4590,71730000,62119
1,7173,71730000,71730100,1836,4590,71740000,62127
1,7174,71740000,71740100,1836,4590,71750000,62134
1,7175,71750000,71750100,1836,4590,71760000,62143
1,7176,71760000,71760100,1836,4590,71770000,62155
1,7177,71770000,71770100,1836,4590,71780000,62162
1,7178,71780000,71780100,1836,4590,71790000,62171
1,7179,71790000,71790100,1836,4590,71800000,62179
1,718,7180000,7180100,1836,4590,7190000,6216
1,7180,71800000,71800100,1836,4590,71810000,62188
1,7181,71810000,71810100,1836,4590,71820000,62194
1,7182,71820000,71820100,1836,4590,71830000,62206
1,7183,71830000,71830100,1836,4590,71840000,62213
1,7184,71840000,71840100,1836,4590,71850000,62222
1,7185,71850000,71850100,1836,4590,71860000,62233
1,7186,71860000,71860100,1836,4590,71870000,62240
1,7187,71870000,71870100,1836,4590,71880000,62246
1,7188,71880000,71880100,1836,4590,71890000,62258
1,7189,71890000,71890100,1836,4590,71900000,62266
1,719,7190000,7190100,1836,4590,7200000,6222
1,7190,71900000,71900100,1836,4590,71910000,62274
1,7191,71910000,71910100,1836,4590,71920000,62282
1,7192,71920000,71920100,1836,4590,71930000,62293
1,7193,71930000,71930100,1836,4590,71940000,62299
1,7194,71940000,71940100,1836,4590,71950000,62310
1,7195,71950000,71950100,1836,4590,71960000,62317
1,7196,71960000,71960100,1836,4590,71970000,62327
1,7197,71970000,71970100,1836,4590,71980000,62335
1,7198,71980000,71980100,1836,4590,71990000,62342
1,7199,71990000,71990100,1836,4590,72000000,62351
1,72,720000,720100,1836,4590,730000,623
1,720,7200000,7200100,1836,4590,7210000,6236
1,7200,72000000,72000100,1836,4590,72010000,62364
1,7201,72010000,72010100,1836,4590,72020000,62370
1,7202,72020000,72020100,1836,4590,72030000,62377
1,7203,72030000,72030100,1836,4590,72040000,62387
1,7204,72040000,72040100,1836,4590,72050000,62395
1,7205,72050000,72050100,1836,4590,72060000,62403
1,7206,72060000,72060100,1836,4590,72070000,62415
1,7207,72070000,72070100,1836,4590,72080000,62421
1,7208,72080000,72080100,1836,4590,72090000,62430
1,7209,72090000,72090100,1836,4590,72100000,62438
1,721,7210000,7210100,1836,4590,7220000,6244
1,7210,72100000,72100100,1836,4590,72110000,62449
1,7211,72110000,72110100,1836,4590,72120000,62455
1,7212,72120000,72120100,1836,4590,72130000,62466
1,7213,72130000,72130100,1836,4590,72140000,62474
1,7214,72140000,72140100,1836,4590,72150000,62481
1,7215,72150000,72150100,1836,4590,72160000,62490
1,7216,72160000,72160100,1836,4590,72170000,62500
1,7217,72170000,72170100,1836,4590,72180000,62508
1,7218,72180000,72180100,1836,4590,72190000,62518
1,7219,72190000,72190100,1836,4590,72200000,62524
1,722,7220000,7220100,1836,4590,7230000,6251
1,7220,72200000,72200100,1836,4590,72210000,62535
1,7221,72210000,72210100,1836,4590,72220000,62544
1,7222,72220000,72220100,1836,4590,72230000,62551
1,7223,72230000,72230100,1836,4590,72240000,62557
1,7224,72240000,72240100,1836,4590,72250000,62571
1,7225,72250000,72250100,1836,4590,72260000,62578
1,7226,72260000,72260100,1836,4590,72270000,62585
1,7227,72270000,72270100,1836,4590,72280000,62596
1,7228,72280000,72280100,1836,4590,72290000,62604
1,7229,72290000,72290100,1836,4590,72300000,62610
1,723,7230000,7230100,1836,4590,7240000,6259
1,7230,72300000,72300100,1836,4590,72310000,62621
1,7231,72310000,72310100,1836,4590,72320000,62629
1,7232,72320000,72320100,1836,4590,72330000,62639
1,7233,72330000,72330100,1836,4590,72340000,62647
1,7234,72340000,72340100,1836,4590,72350000,62656
1,7235,72350000,72350100,1836,4590,72360000,62663
1,7236,72360000,72360100,1836,4590,72370000,62674
1,7237,72370000,72370100,1836,4590,72380000,62680
1,7238,72380000,72380100,1836,4590,72390000,62690
1,7239,72390000,72390100,1836,4590,72400000,62698
1,724,7240000,7240100,1836,4590,7250000,6269
1,7240,72400000,72400100,1836,4590,72410000,62708
1,7241,72410000,72410100,1836,4590,72420000,62716
1,7242,72420000,72420100,1836,4590,72430000,62726
1,7243,72430000,72430100,1836,4590,72440000,62733
1,7244,72440000,72440100,1836,4590,72450000,62741
1,7245,72450000,72450100,1836,4590,72460000,62752
1,7246,72460000,72460100,1836,4590,72470000,62759
1,7247,72470000,72470100,1836,4590,72480000,62765
1,7248,72480000,72480100,1836,4590,72490000,62779
1,7249,72490000,72490100,1836,4590,72500000,62786
1,725,7250000,7250100,1836,4590,7260000,6276
1,7250,72500000,72500100,1836,4590,72510000,62794
1,7251,72510000,72510100,1836,4590,72520000,62802
1,7252,72520000,72520100,1836,4590,72530000,62812
1,7253,72530000,72530100,1836,4590,72540000,62818
1,7254,72540000,72540100,1836,4590,72550000,62829
1,7255,72550000,72550100,1836,4590,72560000,62838
1,7256,72560000,72560100,1836,4590,72570000,62847
1,7257,72570000,72570100,1836,4590,72580000,62855
1,7258,72580000,72580100,1836,4590,72590000,62862
1,7259,72590000,72590100,1836,4590,72600000,62870
1,726,7260000,7260100,1836,4590,7270000,6287
1,7260,72600000,72600100,1836,4590,72610000,62883
1,7261,72610000,72610100,1836,4590,72620000,62889
1,7262,72620000,72620100,1836,4590,72630000,62898
1,7263,72630000,72630100,1836,4590,72640000,62906
1,7264,72640000,72640100,1836,4590,72650000,62915
1,7265,72650000,72650100,1836,4590,72660000,62923
1,7266,72660000,72660100,1836,4590,72670000,62935
1,7267,72670000,72670100,1836,4590,72680000,62941
1,7268,72680000,72680100,1836,4590,72690000,62949
1,7269,72690000,72690100,1836,4590,72700000,62959
1,727,7270000,7270100,1836,4590,7280000,6293
1,7270,72700000,72700100,1836,4590,72710000,62967
1,7271,72710000,72710100,1836,4590,72720000,62974
1,7272,72720000,72720100,1836,4590,72730000,62986
1,7273,72730000,72730100,1836,4590,72740000,62994
1,7274,72740000,72740100,1836,4590,72750000,63001
1,7275,72750000,72750100,1836,4590,72760000,63010
1,7276,72760000,72760100,1836,4590,72770000,63021
1,7277,72770000,72770100,1836,4590,72780000,63027
1,7278,72780000,72780100,1836,4590,72790000,63037
1,7279,72790000,72790100,1836,4590,72800000,63043
1,728,7280000,7280100,1836,4590,7290000,6304
1,7280,72800000,72800100,1836,4590,72810000,63055
1,7281,72810000,72810100,1836,4590,72820000,63063
1,7282,72820000,72820100,1836,4590,72830000,63071
1,7283,72830000,72830100,1836,4590,72840000,63079
1,7284,72840000,72840100,1836,4590,72850000,63090
1,7285,72850000,72850100,1836,4590,72860000,63097
1,7286,72860000,72860100,1836,4590,72870000,63104
1,7287,72870000,72870100,1836,4590,72880000,63115
1,7288,72880000,72880100,1836,4590,72890000,63124
1,7289,72890000,72890100,1836,4590,72900000,63130
1,729,7290000,7290100,1836,4590,7300000,6312
1,7290,72900000,72900100,1836,4590,72910000,63143
1,7291,72910000,72910100,1836,4590,72920000,63149
1,7292,72920000,72920100,1836,4590,72930000,63157
1,7293,72930000,72930100,1836,4590,72940000,63166
1,7294,72940000,72940100,1836,4590,72950000,63175
1,7295,72950000,72950100,1836,4590,72960000,63182
1,7296,72960000,72960100,1836,4590,72970000,63194
1,7297,72970000,72970100,1836,4590,72980000,63202
1,7298,72980000,72980100,1836,4590,72990000,63210
1,7299,72990000,72990100,1836,4590,73000000,63218
1,73,730000,730100,1836,4590,740000,631
1,730,7300000,7300100,1836,4590,7310000,6320
1,7300,73000000,73000100,1836,4590,73010000,63227
1,7301,73010000,73010100,1836,4590,73020000,63235
1,7302,73020000,73020100,1836,4590,73030000,63245
1,7303,73030000,73030100,1836,4590,73040000,63251
1,7304,73040000,73040100,1836,4590,73050000,63263
1,7305,73050000,73050100,1836,4590,73060000,63272
1,7306,73060000,73060100,1836,4590,73070000,63279
1,7307,73070000,73070100,1836,4590,73080000,63285
1,7308,73080000,73080100,1836,4590,73090000,63298
1,7309,73090000,73090100,1836,4590,73100000,63305
1,731,7310000,7310100,1836,4590,7320000,6329
1,7310,73100000,73100100,1836,4590,73110000,63313
1,7311,73110000,73110100,1836,4590,73120000,63323
1,7312,73120000,73120100,1836,4590,73130000,63332
1,7313,73130000,73130100,1836,4590,73140000,63338
1,7314,73140000,73140100,1836,4590,73150000,63348
1,7315,73150000,73150100,1836,4590,73160000,63358
1,7316,73160000,73160100,1836,4590,73170000,63366
1,7317,73170000,73170100,1836,4590,73180000,63374
1,7318,73180000,73180100,1836,4590,73190000,63383
1,7319,73190000,73190100,1836,4590,73200000,63389
1,732,7320000,7320100,1836,4590,7330000,6340
1,7320,73200000,73200100,1836,4590,73210000,63403
1,7321,73210000,73210100,1836,4590,73220000,63409
1,7322,73220000,73220100,1836,4590,73230000,63418
1,7323,73230000,73230100,1836,4590,73240000,63426
1,7324,73240000,73240100,1836,4590,73250000,63434
1,7325,73250000,73250100,1836,4590,73260000,63443
1,7326,73260000,73260100,1836,4590,73270000,63454
1,7327,73270000,73270100,1836,4590,73280000,63460
1,7328,73280000,73280100,1836,4590,73290000,63469
1,7329,73290000,73290100,1836,4590,73300000,63479
1,733,7330000,7330100,1836,4590,7340000,6346
1,7330,73300000,73300100,1836,4590,73310000,63487
1,7331,73310000,73310100,1836,4590,73320000,63494
1,7332,73320000,73320100,1836,4590,73330000,63507
1,7333,73330000,73330100,1836,4590,73340000,63513
1,7334,73340000,73340100,1836,4590,73350000,63520
1,7335,73350000,73350100,1836,4590,73360000,63529
1,7336,73360000,73360100,1836,4590,73370000,63540
1,7337,73370000,73370100,1836,4590,73380000,63547
1,7338,73380000,73380100,1836,4590,73390000,63557
1,7339,73390000,73390100,1836,4590,73400000,63565
1,734,7340000,7340100,1836,4590,7350000,6353
1,7340,73400000,73400100,1836,4590,73410000,63574
1,7341,73410000,73410100,1836,4590,73420000,63582
1,7342,73420000,73420100,1836,4590,73430000,63590
1,7343,73430000,73430100,1836,4590,73440000,63598
1,7344,73440000,73440100,1836,4590,73450000,63610
1,7345,73450000,73450100,1836,4590,73460000,63617
1,7346,73460000,73460100,1836,4590,73470000,63626
1,7347,73470000,73470100,1836,4590,73480000,63634
1,7348,73480000,73480100,1836,4590,73490000,63643
1,7349,73490000,73490100,1836,4590,73500000,63649
1,735,7350000,7350100,1836,4590,7360000,6364
1,7350,73500000,73500100,1836,4590,73510000,63662
1,7351,73510000,73510100,1836,4590,73520000,63668
1,7352,73520000,73520100,1836,4590,73530000,63677
1,7353,73530000,73530100,1836,4590,73540000,63688
1,7354,73540000,73540100,1836,4590,73550000,63695
1,7355,73550000,73550100,1836,4590,73560000,63702
1,7356,73560000,73560100,1836,4590,73570000,63713
1,7357,73570000,73570100,1836,4590,73580000,63721
1,7358,73580000,73580100,1836,4590,73590000,63728
1,7359,73590000,73590100,1836,4590,73600000,63737
1,736,7360000,7360100,1836,4590,7370000,6373
1,7360,73600000,73600100,1836,4590,73610000,63749
1,7361,73610000,73610100,1836,4590,73620000,63755
1,7362,73620000,73620100,1836,4590,73630000,63765
1,7363,73630000,73630100,1836,4590,73640000,63771
1,7364,73640000,73640100,1836,4590,73650000,63782
1,7365,73650000,73650100,1836,4590,73660000,63791
1,7366,73660000,73660100,1836,4590,73670000,63798
1,7367,73670000,73670100,1836,4590,73680000,63806
1,7368,73680000,73680100,1836,4590,73690000,63818
1,7369,73690000,73690100,1836,4590,73700000,63824
1,737,7370000,7370100,1836,4590,7380000,6380
1,7370,73700000,73700100,1836,4590,73710000,63833
1,7371,73710000,73710100,1836,4590,73720000,63843
1,7372,73720000,73720100,1836,4590,73730000,63851
1,7373,73730000,73730100,1836,4590,73740000,63857
1,7374,73740000,73740100,1836,4590,73750000,63869
1,7375,73750000,73750100,1836,4590,73760000,63877
1,7376,73760000,73760100,1836,4590,73770000,63886
1,7377,73770000,73770100,1836,4590,73780000,63894
1,7378,73780000,73780100,1836,4590,73790000,63903
1,7379,73790000,73790100,1836,4590,73800000,63909
1,738,7380000,7380100,1836,4590,7390000,6392
1,7380,73800000,73800100,1836,4590,73810000,63921
1,7381,73810000,73810100,1836,4590,73820000,63930
1,7382,73820000,73820100,1836,4590,73830000,63937
1,7383,73830000,73830100,1836,4590,73840000,63945
1,7384,73840000,73840100,1836,4590,73850000,63954
1,7385,73850000,73850100,1836,4590,73860000,63963
1,7386,73860000,73860100,1836,4590,73870000,63974
1,7387,73870000,73870100,1836,4590,73880000,63980
1,7388,73880000,73880100,1836,4590,73890000,63990
1,7389,73890000,73890100,1836,4590,73900000,63998
1,739,7390000,7390100,1836,4590,7400000,6398
1,7390,73900000,73900100,1836,4590,73910000,64006
1,7391,73910000,73910100,1836,4590,73920000,64012
1,7392,73920000,73920100,1836,4590,73930000,64027
1,7393,73930000,73930100,1836,4590,73940000,64033
1,7394,73940000,73940100,1836,4590,73950000,64040
1,7395,73950000,73950100,1836,4590,73960000,64051
1,7396,73960000,73960100,1836,4590,73970000,64059
1,7397,73970000,73970100,1836,4590,73980000,64066
1,7398,73980000,73980100,1836,4590,73990000,64076
1,7399,73990000,73990100,1836,4590,74000000,64084
1,74,740000,740100,1836,4590,750000,638
1,740,7400000,7400100,1836,4590,7410000,6407
1,7400,74000000,74000100,1836,4590,74010000,64094
1,7401,74010000,74010100,1836,4590,74020000,64102
1,7402,74020000,74020100,1836,4590,74030000,64111
1,7403,74030000,74030100,1836,4590,74040000,64118
1,7404,74040000,74040100,1836,4590,74050000,64129
1,7405,74050000,74050100,1836,4590,74060000,64136
1,7406,74060000,74060100,1836,4590,74070000,64145
1,7407,74070000,74070100,1836,4590,74080000,64153
1,7408,74080000,74080100,1836,4590,74090000,64163
1,7409,74090000,74090100,1836,4590,74100000,64171
1,741,7410000,7410100,1836,4590,7420000,6415
1,7410,74100000,74100100,1836,4590,74110000,64182
1,7411,74110000,74110100,1836,4590,74120000,64188
1,7412,74120000,74120100,1836,4590,74130000,64196
1,7413,74130000,74130100,1836,4590,74140000,64206
1,7414,74140000,74140100,1836,4590,74150000,64214
1,7415,74150000,74150100,1836,4590,74160000,64221
1,7416,74160000,74160100,1836,4590,74170000,64235
1,7417,74170000,74170100,1836,4590,74180000,64241
1,7418,74180000,74180100,1836,4590,74190000,64248
1,7419,74190000,74190100,1836,4590,74200000,64257
1,742,7420000,7420100,1836,4590,7430000,6425
1,7420,74200000,74200100,1836,4590,74210000,64268
1,7421,74210000,74210100,1836,4590,74220000,64274
1,7422,74220000,74220100,1836,4590,74230000,64284
1,7423,74230000,74230100,1836,4590,74240000,64292
1,7424,74240000,74240100,1836,4590,74250000,64301
1,7425,74250000,74250100,1836,4590,74260000,64311
1,7426,74260000,74260100,1836,4590,74270000,64318
1,7427,74270000,74270100,1836,4590,74280000,64326
1,7428,74280000,74280100,1836,4590,74290000,64337
1,7429,74290000,74290100,1836,4590,74300000,64343
1,743,7430000,7430100,1836,4590,7440000,6431
1,7430,74300000,74300100,1836,4590,74310000,64354
1,7431,74310000,74310100,1836,4590,74320000,64362
1,7432,74320000,74320100,1836,4590,74330000,64371
1,7433,74330000,74330100,1836,4590,74340000,64377
1,7434,74340000,74340100,1836,4590,74350000,64389
1,7435,74350000,74350100,1836,4590,74360000,64396
1,7436,74360000,74360100,1836,4590,74370000,64405
1,7437,74370000,74370100,1836,4590,74380000,64415
1,7438,74380000,74380100,1836,4590,74390000,64422
1,7439,74390000,74390100,1836,4590,74400000,64428
1,744,7440000,7440100,1836,4590,7450000,6443
1,7440,74400000,74400100,1836,4590,74410000,64441
1,7441,74410000,74410100,1836,4590,74420000,64450
1,7442,74420000,74420100,1836,4590,74430000,64457
1,7443,74430000,74430100,1836,4590,74440000,64465
1,7444,74440000,74440100,1836,4590,74450000,64475
1,7445,74450000,74450100,1836,4590,74460000,64482
1,7446,74460000,74460100,1836,4590,74470000,64492
1,7447,74470000,74470100,1836,4590,74480000,64499
1,7448,74480000,74480100,1836,4590,74490000,64510
1,7449,74490000,74490100,1836,4590,74500000,64518
1,745,7450000,7450100,1836,4590,7460000,6452
1,7450,74500000,74500100,1836,4590,74510000,64526
1,7451,74510000,74510100,1836,4590,74520000,64534
1,7452,74520000,74520100,1836,4590,74530000,64546
1,7453,74530000,74530100,1836,4590,74540000,64552
1,7454,74540000,74540100,1836,4590,74550000,64559
1,7455,74550000,74550100,1836,4590,74560000,64570
1,7456,74560000,74560100,1836,4590,74570000,64579
1,7457,74570000,74570100,1836,4590,74580000,64585
1,7458,74580000,74580100,1836,4590,74590000,64598
1,7459,74590000,74590100,1836,4590,74600000,64604
1,746,7460000,7460100,1836,4590,7470000,6459
1,7460,74600000,74600100,1836,4590,74610000,64613
1,7461,74610000,74610100,1836,4590,74620000,64621
1,7462,74620000,74620100,1836,4590,74630000,64630
1,7463,74630000,74630100,1836,4590,74640000,64637
1,7464,74640000,74640100,1836,4590,74650000,64649
1,7465,74650000,74650100,1836,4590,74660000,64658
1,7466,74660000,74660100,1836,4590,74670000,64665
1,7467,74670000,74670100,1836,4590,74680000,64673
1,7468,74680000,74680100,1836,4590,74690000,64681
1,7469,74690000,74690100,1836,4590,74700000,64690
1,747,7470000,7470100,1836,4590,7480000,6467
1,7470,74700000,74700100,1836,4590,74710000,64701
1,7471,74710000,74710100,1836,4590,74720000,64707
1,7472,74720000,74720100,1836,4590,74730000,64718
1,7473,74730000,74730100,1836,4590,74740000,64726
1,7474,74740000,74740100,1836,4590,74750000,64734
1,7475,74750000,74750100,1836,4590,74760000,64741
1,7476,74760000,74760100,1836,4590,74770000,64754
1,7477,74770000,74770100,1836,4590,74780000,64760
1,7478,74780000,74780100,1836,4590,74790000,64767
1,7479,74790000,74790100,1836,4590,74800000,64777
1,748,7480000,7480100,1836,4590,7490000,6476
1,7480,74800000,74800100,1836,4590,74810000,64788
1,7481,74810000,74810100,1836,4590,74820000,64794
1,7482,74820000,74820100,1836,4590,74830000,64804
1,7483,74830000,74830100,1836,4590,74840000,64812
1,7484,74840000,74840100,1836,4590,74850000,64820
1,7485,74850000,74850100,1836,4590,74860000,64830
1,7486,74860000,74860100,1836,4590,74870000,64839
1,7487,74870000,74870100,1836,4590,74880000,64845
1,7488,74880000,74880100,1836,4590,74890000,64857
1,7489,74890000,74890100,1836,4590,74900000,64863
1,749,7490000,7490100,1836,4590,7500000,6484
1,7490,74900000,74900100,1836,4590,74910000,64873
1,7491,74910000,74910100,1836,4590,74920000,64882
1,7492,74920000,74920100,1836,4590,74930000,64890
1,7493,74930000,74930100,1836,4590,74940000,64898
1,7494,74940000,74940100,1836,4590,74950000,64908
1,7495,74950000,74950100,1836,4590,74960000,64915
1,7496,74960000,74960100,1836,4590,74970000,64925
1,7497,74970000,74970100,1836,4590,74980000,64935
1,7498,74980000,74980100,1836,4590,74990000,64942
1,7499,74990000,74990100,1836,4590,75000000,64948
1,75,750000,750100,1836,4590,760000,647
1,750,7500000,7500100,1836,4590,7510000,6495
1,7500,75000000,75000100,1836,4590,75010000,64962
1,7501,75010000,75010100,1836,4590,75020000,64968
1,7502,75020000,75020100,1836,4590,75030000,64976
1,7503,75030000,75030100,1836,4590,75040000,64984
1,7504,75040000,75040100,1836,4590,75050000,64995
1,7505,75050000,75050100,1836,4590,75060000,65002
1,7506,75060000,75060100,1836,4590,75070000,65012
1,7507,75070000,75070100,1836,4590,75080000,65021
1,7508,75080000,75080100,1836,4590,75090000,65029
1,7509,75090000,75090100,1836,4590,75100000,65037
1,751,7510000,7510100,1836,4590,7520000,6501
1,7510,75100000,75100100,1836,4590,75110000,65045
1,7511,75110000,75110100,1836,4590,75120000,65053
1,7512,75120000,75120100,1836,4590,75130000,65065
1,7513,75130000,75130100,1836,4590,75140000,65072
1,7514,75140000,75140100,1836,4590,75150000,65081
1,7515,75150000,75150100,1836,4590,75160000,65090
1,7516,75160000,75160100,1836,4590,75170000,65098
1,7517,75170000,75170100,1836,4590,75180000,65104
1,7518,75180000,75180100,1836,4590,75190000,65117
1,7519,75190000,75190100,1836,4590,75200000,65123
1,752,7520000,7520100,1836,4590,7530000,6512
1,7520,75200000,75200100,1836,4590,75210000,65133
1,7521,75210000,75210100,1836,4590,75220000,65143
1,7522,75220000,75220100,1836,4590,75230000,65150
1,7523,75230000,75230100,1836,4590,75240000,65156
1,7524,75240000,75240100,1836,4590,75250000,65168
1,7525,75250000,75250100,1836,4590,75260000,65177
1,7526,75260000,75260100,1836,4590,75270000,65184
1,7527,75270000,75270100,1836,4590,75280000,65192
1,7528,75280000,75280100,1836,4590,75290000,65203
1,7529,75290000,75290100,1836,4590,75300000,65210
1,753,7530000,7530100,1836,4590,7540000,6521
1,7530,75300000,75300100,1836,4590,75310000,65221
1,7531,75310000,75310100,1836,4590,75320000,65227
1,7532,75320000,75320100,1836,4590,75330000,65237
1,7533,75330000,75330100,1836,4590,75340000,65245
1,7534,75340000,75340100,1836,4590,75350000,65252
1,7535,75350000,75350100,1836,4590,75360000,65262
1,7536,75360000,75360100,1836,4590,75370000,65274
1,7537,75370000,75370100,1836,4590,75380000,65280
1,7538,75380000,75380100,1836,4590,75390000,65287
1,7539,75390000,75390100,1836,4590,75400000,65297
1,754,7540000,7540100,1836,4590,7550000,6528
1,7540,75400000,75400100,1836,4590,75410000,65307
1,7541,75410000,75410100,1836,4590,75420000,65313
1,7542,75420000,75420100,1836,4590,75430000,65325
1,7543,75430000,75430100,1836,4590,75440000,65331
1,7544,75440000,75440100,1836,4590,75450000,65340
1,7545,75450000,75450100,1836,4590,75460000,65349
1,7546,75460000,75460100,1836,4590,75470000,65359
1,7547,75470000,75470100,1836,4590,75480000,65365
1,7548,75480000,75480100,1836,4590,75490000,65376
1,7549,75490000,75490100,1836,4590,75500000,65384
1,755,7550000,7550100,1836,4590,7560000,6535
1,7550,75500000,75500100,1836,4590,75510000,65392
1,7551,75510000,75510100,1836,4590,75520000,65401
1,7552,75520000,75520100,1836,4590,75530000,65410
1,7553,75530000,75530100,1836,4590,75540000,65418
1,7554,75540000,75540100,1836,4590,75550000,65428
1,7555,75550000,75550100,1836,4590,75560000,65435
1,7556,75560000,75560100,1836,4590,75570000,65445
1,7557,75570000,75570100,1836,4590,75580000,65454
1,7558,75580000,75580100,1836,4590,75590000,65461
1,7559,75590000,75590100,1836,4590,75600000,65467
1,756,7560000,7560100,1836,4590,7570000,6548
1,7560,75600000,75600100,1836,4590,75610000,65482
1,7561,75610000,75610100,1836,4590,75620000,65488
1,7562,75620000,75620100,1836,4590,75630000,65496
1,7563,75630000,75630100,1836,4590,75640000,65506
1,7564,75640000,75640100,1836,4590,75650000,65514
1,7565,75650000,75650100,1836,4590,75660000,65521
1,7566,75660000,75660100,1836,4590,75670000,65531
1,7567,75670000,75670100,1836,4590,75680000,65539
1,7568,75680000,75680100,1836,4590,75690000,65549
1,7569,75690000,75690100,1836,4590,75700000,65557
1,757,7570000,7570100,1836,4590,7580000,6554
1,7570,75700000,75700100,1836,4590,75710000,65567
1,7571,75710000,75710100,1836,4590,75720000,65573
1,7572,75720000,75720100,1836,4590,75730000,65584
1,7573,75730000,75730100,1836,4590,75740000,65591
1,7574,75740000,75740100,1836,4590,75750000,65600
1,7575,75750000,75750100,1836,4590,75760000,65609
1,7576,75760000,75760100,1836,4590,75770000,65618
1,7577,75770000,75770100,1836,4590,75780000,65626
1,7578,75780000,75780100,1836,4590,75790000,65636
1,7579,75790000,75790100,1836,4590,75800000,65643
1,758,7580000,7580100,1836,4590,7590000,6561
1,7580,75800000,75800100,1836,4590,75810000,65652
1,7581,75810000,75810100,1836,4590,75820000,65662
1,7582,75820000,75820100,1836,4590,75830000,65669
1,7583,75830000,75830100,1836,4590,75840000,65675
1,7584,75840000,75840100,1836,4590,75850000,65690
1,7585,75850000,75850100,1836,4590,75860000,65697
1,7586,75860000,75860100,1836,4590,75870000,65704
1,7587,75870000,75870100,1836,4590,75880000,65712
1,7588,75880000,75880100,1836,4590,75890000,65722
1,7589,75890000,75890100,1836,4590,75900000,65728
1,759,7590000,7590100,1836,4590,7600000,6572
1,7590,75900000,75900100,1836,4590,75910000,65740
1,7591,75910000,75910100,1836,4590,75920000,65748
1,7592,75920000,75920100,1836,4590,75930000,65757
1,7593,75930000,75930100,1836,4590,75940000,65765
1,7594,75940000,75940100,1836,4590,75950000,65772
1,7595,75950000,75950100,1836,4590,75960000,65782
1,7596,75960000,75960100,1836,4590,75970000,65793
1,7597,75970000,75970100,1836,4590,75980000,65799
1,7598,75980000,75980100,1836,4590,75990000,65808
1,7599,75990000,75990100,1836,4590,76000000,65816
1,76,760000,760100,1836,4590,770000,655
1,760,7600000,7600100,1836,4590,7610000,6582
1,7600,76000000,76000100,1836,4590,76010000,65826
1,7601,76010000,76010100,1836,4590,76020000,65833
1,7602,76020000,76020100,1836,4590,76030000,65845
1,7603,76030000,76030100,1836,4590,76040000,65851
1,7604,76040000,76040100,1836,4590,76050000,65859
1,7605,76050000,76050100,1836,4590,76060000,65870
1,7606,76060000,76060100,1836,4590,76070000,65878
1,7607,76070000,76070100,1836,4590,76080000,65884
1,7608,76080000,76080100,1836,4590,76090000,65896
1,7609,76090000,76090100,1836,4590,76100000,65904
1,761,7610000,7610100,1836,4590,7620000,6588
1,7610,76100000,76100100,1836,4590,76110000,65912
1,7611,76110000,76110100,1836,4590,76120000,65920
1,7612,76120000,76120100,1836,4590,76130000,65931
1,7613,76130000,76130100,1836,4590,76140000,65937
1,7614,76140000,76140100,1836,4590,76150000,65947
1,7615,76150000,76150100,1836,4590,76160000,65954
1,7616,76160000,76160100,1836,4590,76170000,65965
1,7617,76170000,76170100,1836,4590,76180000,65974
1,7618,76180000,76180100,1836,4590,76190000,65981
1,7619,76190000,76190100,1836,4590,76200000,65989
1,762,7620000,7620100,1836,4590,7630000,6598
1,7620,76200000,76200100,1836,4590,76210000,66001
1,7621,76210000,76210100,1836,4590,76220000,66007
1,7622,76220000,76220100,1836,4590,76230000,66014
1,7623,76230000,76230100,1836,4590,76240000,66025
1,7624,76240000,76240100,1836,4590,76250000,66034
1,7625,76250000,76250100,1836,4590,76260000,66041
1,7626,76260000,76260100,1836,4590,76270000,66053
1,7627,76270000,76270100,1836,4590,76280000,66059
1,7628,76280000,76280100,1836,4590,76290000,66068
1,7629,76290000,76290100,1836,4590,76300000,66076
1,763,7630000,7630100,1836,4590,7640000,6606
1,7630,76300000,76300100,1836,4590,76310000,66086
1,7631,76310000,76310100,1836,4590,76320000,66092
1,7632,76320000,76320100,1836,4590,76330000,66104
1,7633,76330000,76330100,1836,4590,76340000,66112
1,7634,76340000,76340100,1836,4590,76350000,66120
1,7635,76350000,76350100,1836,4590,76360000,66129
1,7636,76360000,76360100,1836,4590,76370000,66137
1,7637,76370000,76370100,1836,4590,76380000,66145
1,7638,76380000,76380100,1836,4590,76390000,66155
1,7639,76390000,76390100,1836,4590,76400000,66162
1,764,7640000,7640100,1836,4590,7650000,6615
1,7640,76400000,76400100,1836,4590,76410000,66174
1,7641,76410000,76410100,1836,4590,76420000,66182
1,7642,76420000,76420100,1836,4590,76430000,66189
1,7643,76430000,76430100,1836,4590,76440000,66195
1,7644,76440000,76440100,1836,4590,76450000,66208
1,7645,76450000,76450100,1836,4590,76460000,66216
1,7646,76460000,76460100,1836,4590,76470000,66223
1,7647,76470000,76470100,1836,4590,76480000,66233
1,7648,76480000,76480100,1836,4590,76490000,66242
1,7649,76490000,76490100,1836,4590,76500000,66248
1,765,7650000,7650100,1836,4590,7660000,6624
1,7650,76500000,76500100,1836,4590,76510000,66260
1,7651,76510000,76510100,1836,4590,76520000,66268
1,7652,76520000,76520100,1836,4590,76530000,66276
1,7653,76530000,76530100,1836,4590,76540000,66284
1,7654,76540000,76540100,1836,4590,76550000,66293
1,7655,76550000,76550100,1836,4590,76560000,66300
1,7656,76560000,76560100,1836,4590,76570000,66313
1,7657,76570000,76570100,1836,4590,76580000,66319
1,7658,76580000,76580100,1836,4590,76590000,66328
1,7659,76590000,76590100,1836,4590,76600000,66336
1,766,7660000,7660100,1836,4590,7670000,6633
1,7660,76600000,76600100,1836,4590,76610000,66345
1,7661,76610000,76610100,1836,4590,76620000,66354
1,7662,76620000,76620100,1836,4590,76630000,66364
1,7663,76630000,76630100,1836,4590,76640000,66370
1,7664,76640000,76640100,1836,4590,76650000,66379
1,7665,76650000,76650100,1836,4590,76660000,66390
1,7666,76660000,76660100,1836,4590,76670000,66397
1,7667,76670000,76670100,1836,4590,76680000,66404
1,7668,76680000,76680100,1836,4590,76690000,66417
1,7669,76690000,76690100,1836,4590,76700000,66423
1,767,7670000,7670100,1836,4590,7680000,6639
1,7670,76700000,76700100,1836,4590,76710000,66431
1,7671,76710000,76710100,1836,4590,76720000,66439
1,7672,76720000,76720100,1836,4590,76730000,66451
1,7673,76730000,76730100,1836,4590,76740000,66457
1,7674,76740000,76740100,1836,4590,76750000,66467
1,7675,76750000,76750100,1836,4590,76760000,66476
1,7676,76760000,76760100,1836,4590,76770000,66484
1,7677,76770000,76770100,1836,4590,76780000,66492
1,7678,76780000,76780100,1836,4590,76790000,66500
1,7679,76790000,76790100,1836,4590,76800000,66508
1,768,7680000,7680100,1836,4590,7690000,6651
1,7680,76800000,76800100,1836,4590,76810000,66521
1,7681,76810000,76810100,1836,4590,76820000,66527
1,7682,76820000,76820100,1836,4590,76830000,66536
1,7683,76830000,76830100,1836,4590,76840000,66545
1,7684,76840000,76840100,1836,4590,76850000,66553
1,7685,76850000,76850100,1836,4590,76860000,66560
1,7686,76860000,76860100,1836,4590,76870000,66572
1,7687,76870000,76870100,1836,4590,76880000,66578
1,7688,76880000,76880100,1836,4590,76890000,66587
1,7689,76890000,76890100,1836,4590,76900000,66598
1,769,7690000,7690100,1836,4590,7700000,6657
1,7690,76900000,76900100,1836,4590,76910000,66606
1,7691,76910000,76910100,1836,4590,76920000,66612
1,7692,76920000,76920100,1836,4590,76930000,66623
1,7693,76930000,76930100,1836,4590,76940000,66631
1,7694,76940000,76940100,1836,4590,76950000,66639
1,7695,76950000,76950100,1836,4590,76960000,66648
1,7696,76960000,76960100,1836,4590,76970000,66659
1,7697,76970000,76970100,1836,4590,76980000,66665
1,7698,76980000,76980100,1836,4590,76990000,66675
1,7699,76990000,76990100,1836,4590,77000000,66681
1,77,770000,770100,1836,4590,780000,664
1,770,7700000,7700100,1836,4590,7710000,6668
1,7700,77000000,77000100,1836,4590,77010000,66693
1,7701,77010000,77010100,1836,4590,77020000,66701
1,7702,77020000,77020100,1836,4590,77030000,66708
1,7703,77030000,77030100,1836,4590,77040000,66716
1,7704,77040000,77040100,1836,4590,77050000,66728
1,7705,77050000,77050100,1836,4590,77060000,66736
1,7706,77060000,77060100,1836,4590,77070000,66743
1,7707,77070000,77070100,1836,4590,77080000,66753
1,7708,77080000,77080100,1836,4590,77090000,66761
1,7709,77090000,77090100,1836,4590,77100000,66767
1,771,7710000,7710100,1836,4590,7720000,6676
1,7710,77100000,77100100,1836,4590,77110000,66780
1,7711,77110000,77110100,1836,4590,77120000,66787
1,7712,77120000,77120100,1836,4590,77130000,66796
1,7713,77130000,77130100,1836,4590,77140000,66804
1,7714,77140000,77140100,1836,4590,77150000,66813
1,7715,77150000,77150100,1836,4590,77160000,66820
1,7716,77160000,77160100,1836,4590,77170000,66832
1,7717,77170000,77170100,1836,4590,77180000,66840
1,7718,77180000,77180100,1836,4590,77190000,66847
1,7719,77190000,77190100,1836,4590,77200000,66855
1,772,7720000,7720100,1836,4590,7730000,6684
1,7720,77200000,77200100,1836,4590,77210000,66865
1,7721,77210000,77210100,1836,4590,77220000,66873
1,7722,77220000,77220100,1836,4590,77230000,66884
1,7723,77230000,77230100,1836,4590,77240000,66890
1,7724,77240000,77240100,1836,4590,77250000,66900
1,7725,77250000,77250100,1836,4590,77260000,66909
1,7726,77260000,77260100,1836,4590,77270000,66916
1,7727,77270000,77270100,1836,4590,77280000,66923
1,7728,77280000,77280100,1836,4590,77290000,66937
1,7729,77290000,77290100,1836,4590,77300000,66943
1,773,7730000,7730100,1836,4590,7740000,6692
1,7730,77300000,77300100,1836,4590,77310000,66951
1,7731,77310000,77310100,1836,4590,77320000,66961
1,7732,77320000,77320100,1836,4590,77330000,66969
1,7733,77330000,77330100,1836,4590,77340000,66976
1,7734,77340000,77340100,1836,4590,77350000,66986
1,7735,77350000,77350100,1836,4590,77360000,66995
1,7736,77360000,77360100,1836,4590,77370000,67004
1,7737,77370000,77370100,1836,4590,77380000,67012
1,7738,77380000,77380100,1836,4590,77390000,67022
1,7739,77390000,77390100,1836,4590,77400000,67028
1,774,7740000,7740100,1836,4590,7750000,6702
1,7740,77400000,77400100,1836,4590,77410000,67040
1,7741,77410000,77410100,1836,4590,77420000,67046
1,7742,77420000,77420100,1836,4590,77430000,67055
1,7743,77430000,77430100,1836,4590,77440000,67063
1,7744,77440000,77440100,1836,4590,77450000,67073
1,7745,77450000,77450100,1836,4590,77460000,67082
1,7746,77460000,77460100,1836,4590,77470000,67092
1,7747,77470000,77470100,1836,4590,77480000,67098
1,7748,77480000,77480100,1836,4590,77490000,67106
1,7749,77490000,77490100,1836,4590,77500000,67117
1,775,7750000,7750100,1836,4590,7760000,6710
1,7750,77500000,77500100,1836,4590,77510000,67125
1,7751,77510000,77510100,1836,4590,77520000,67131
1,7752,77520000,77520100,1836,4590,77530000,67145
1,7753,77530000,77530100,1836,4590,77540000,67151
1,7754,77540000,77540100,1836,4590,77550000,67158
1,7755,77550000,77550100,1836,4590,77560000,67168
1,7756,77560000,77560100,1836,4590,77570000,67178
1,7757,77570000,77570100,1836,4590,77580000,67184
1,7758,77580000,77580100,1836,4590,77590000,67194
1,7759,77590000,77590100,1836,4590,77600000,67202
1,776,7760000,7760100,1836,4590,7770000,6719
1,7760,77600000,77600100,1836,4590,77610000,67213
1,7761,77610000,77610100,1836,4590,77620000,67221
1,7762,77620000,77620100,1836,4590,77630000,67228
1,7763,77630000,77630100,1836,4590,77640000,67236
1,7764,77640000,77640100,1836,4590,77650000,67247
1,7765,77650000,77650100,1836,4590,77660000,67254
1,7766,77660000,77660100,1836,4590,77670000,67264
1,7767,77670000,77670100,1836,4590,77680000,67272
1,7768,77680000,77680100,1836,4590,77690000,67281
1,7769,77690000,77690100,1836,4590,77700000,67287
1,777,7770000,7770100,1836,4590,7780000,6729
1,7770,77700000,77700100,1836,4590,77710000,67300
1,7771,77710000,77710100,1836,4590,77720000,67307
1,7772,77720000,77720100,1836,4590,77730000,67315
1,7773,77730000,77730100,1836,4590,77740000,67325
1,7774,77740000,77740100,1836,4590,77750000,67332
1,7775,77750000,77750100,1836,4590,77760000,67339
1,7776,77760000,77760100,1836,4590,77770000,67351
1,7777,77770000,77770100,1836,4590,77780000,67360
1,7778,77780000,77780100,1836,4590,77790000,67367
1,7779,77790000,77790100,1836,4590,77800000,67375
1,778,7780000,7780100,1836,4590,7790000,6736
1,7780,77800000,77800100,1836,4590,77810000,67386
1,7781,77810000,77810100,1836,4590,77820000,67392
1,7782,77820000,77820100,1836,4590,77830000,67403
1,7783,77830000,77830100,1836,4590,77840000,67409
1,7784,77840000,77840100,1836,4590,77850000,67420
1,7785,77850000,77850100,1836,4590,77860000,67429
1,7786,77860000,77860100,1836,4590,77870000,67436
1,7787,77870000,77870100,1836,4590,77880000,67444
1,7788,77880000,77880100,1836,4590,77890000,67456
1,7789,77890000,77890100,1836,4590,77900000,67462
1,779,7790000,7790100,1836,4590,7800000,6742
1,7790,77900000,77900100,1836,4590,77910000,67470
1,7791,77910000,77910100,1836,4590,77920000,67480
1,7792,77920000,77920100,1836,4590,77930000,67489
1,7793,77930000,77930100,1836,4590,77940000,67496
1,7794,77940000,77940100,1836,4590,77950000,67508
1,7795,77950000,77950100,1836,4590,77960000,67515
1,7796,77960000,77960100,1836,4590,77970000,67523
1,7797,77970000,77970100,1836,4590,77980000,67531
1,7798,77980000,77980100,1836,4590,77990000,67540
1,7799,77990000,77990100,1836,4590,78000000,67547
1,78,780000,780100,1836,4590,790000,674
1,780,7800000,7800100,1836,4590,7810000,6756
1,7800,78000000,78000100,1836,4590,78010000,67560
1,7801,78010000,78010100,1836,4590,78020000,67568
1,7802,78020000,78020100,1836,4590,78030000,67575
1,7803,78030000,78030100,1836,4590,78040000,67583
1,7804,78040000,78040100,1836,4590,78050000,67592
1,7805,78050000,78050100,1836,4590,78060000,67601
1,7806,78060000,78060100,1836,4590,78070000,67611
1,7807,78070000,78070100,1836,4590,78080000,67617
1,7808,78080000,78080100,1836,4590,78090000,67628
1,7809,78090000,78090100,1836,4590,78100000,67636
1,781,7810000,7810100,1836,4590,7820000,6763
1,7810,78100000,78100100,1836,4590,78110000,67645
1,7811,78110000,78110100,1836,4590,78120000,67651
1,7812,78120000,78120100,1836,4590,78130000,67664
1,7813,78130000,78130100,1836,4590,78140000,67670
1,7814,78140000,78140100,1836,4590,78150000,67677
1,7815,78150000,78150100,1836,4590,78160000,67689
1,7816,78160000,78160100,1836,4590,78170000,67698
1,7817,78170000,78170100,1836,4590,78180000,67704
1,7818,78180000,78180100,1836,4590,78190000,67714
1,7819,78190000,78190100,1836,4590,78200000,67722
1,782,7820000,7820100,1836,4590,7830000,6770
1,7820,78200000,78200100,1836,4590,78210000,67731
1,7821,78210000,78210100,1836,4590,78220000,67740
1,7822,78220000,78220100,1836,4590,78230000,67749
1,7823,78230000,78230100,1836,4590,78240000,67755
1,7824,78240000,78240100,1836,4590,78250000,67767
1,7825,78250000,78250100,1836,4590,78260000,67774
1,7826,78260000,78260100,1836,4590,78270000,67784
1,7827,78270000,78270100,1836,4590,78280000,67792
1,7828,78280000,78280100,1836,4590,78290000,67800
1,7829,78290000,78290100,1836,4590,78300000,67808
1,783,7830000,7830100,1836,4590,7840000,6778
1,7830,78300000,78300100,1836,4590,78310000,67819
1,7831,78310000,78310100,1836,4590,78320000,67825
1,7832,78320000,78320100,1836,4590,78330000,67835
1,7833,78330000,78330100,1836,4590,78340000,67845
1,7834,78340000,78340100,1836,4590,78350000,67852
1,7835,78350000,78350100,1836,4590,78360000,67859
1,7836,78360000,78360100,1836,4590,78370000,67872
1,7837,78370000,78370100,1836,4590,78380000,67879
1,7838,78380000,78380100,1836,4590,78390000,67886
1,7839,78390000,78390100,1836,4590,78400000,67894
1,784,7840000,7840100,1836,4590,7850000,6789
1,7840,78400000,78400100,1836,4590,78410000,67906
1,7841,78410000,78410100,1836,4590,78420000,67912
1,7842,78420000,78420100,1836,4590,78430000,67922
1,7843,78430000,78430100,1836,4590,78440000,67931
1,7844,78440000,78440100,1836,4590,78450000,67939
1,7845,78450000,78450100,1836,4590,78460000,67948
1,7846,78460000,78460100,1836,4590,78470000,67955
1,7847,78470000,78470100,1836,4590,78480000,67963
1,7848,78480000,78480100,1836,4590,78490000,67976
1,7849,78490000,78490100,1836,4590,78500000,67982
1,785,7850000,7850100,1836,4590,7860000,6796
1,7850,78500000,78500100,1836,4590,78510000,67992
1,7851,78510000,78510100,1836,4590,78520000,68000
1,7852,78520000,78520100,1836,4590,78530000,68008
1,7853,78530000,78530100,1836,4590,78540000,68014
1,7854,78540000,78540100,1836,4590,78550000,68027
1,7855,78550000,78550100,1836,4590,78560000,68034
1,7856,78560000,78560100,1836,4590,78570000,68043
1,7857,78570000,78570100,1836,4590,78580000,68053
1,7858,78580000,78580100,1836,4590,78590000,68060
1,7859,78590000,78590100,1836,4590,78600000,68067
1,786,7860000,7860100,1836,4590,7870000,6807
1,7860,78600000,78600100,1836,4590,78610000,68079
1,7861,78610000,78610100,1836,4590,78620000,68087
1,7862,78620000,78620100,1836,4590,78630000,68094
1,7863,78630000,78630100,1836,4590,78640000,68102
1,7864,78640000,78640100,1836,4590,78650000,68113
1,7865,78650000,78650100,1836,4590,78660000,68121
1,7866,78660000,78660100,1836,4590,78670000,68131
1,7867,78670000,78670100,1836,4590,78680000,68137
1,7868,78680000,78680100,1836,4590,78690000,68147
1,7869,78690000,78690100,1836,4590,78700000,68155
1,787,7870000,7870100,1836,4590,7880000,6815
1,7870,78700000,78700100,1836,4590,78710000,68164
1,7871,78710000,78710100,1836,4590,78720000,68172
1,7872,78720000,78720100,1836,4590,78730000,68184
1,7873,78730000,78730100,1836,4590,78740000,68190
1,7874,78740000,78740100,1836,4590,78750000,68197
1,7875,78750000,78750100,1836,4590,78760000,68208
1,7876,78760000,78760100,1836,4590,78770000,68217
1,7877,78770000,78770100,1836,4590,78780000,68223
1,7878,78780000,78780100,1836,4590,78790000,68235
1,7879,78790000,78790100,1836,4590,78800000,68241
1,788,7880000,7880100,1836,4590,7890000,6823
1,7880,78800000,78800100,1836,4590,78810000,68251
1,7881,78810000,78810100,1836,4590,78820000,68260
1,7882,78820000,78820100,1836,4590,78830000,68269
1,7883,78830000,78830100,1836,4590,78840000,68275
1,7884,78840000,78840100,1836,4590,78850000,68286
1,7885,78850000,78850100,1836,4590,78860000,68295
1,7886,78860000,78860100,1836,4590,78870000,68302
1,7887,78870000,78870100,1836,4590,78880000,68311
1,7888,78880000,78880100,1836,4590,78890000,68320
1,7889,78890000,78890100,1836,4590,78900000,68328
1,789,7890000,7890100,1836,4590,7900000,6831
1,7890,78900000,78900100,1836,4590,78910000,68339
1,7891,78910000,78910100,1836,4590,78920000,68345
1,7892,78920000,78920100,1836,4590,78930000,68356
1,7893,78930000,78930100,1836,4590,78940000,68364
1,7894,78940000,78940100,1836,4590,78950000,68371
1,7895,78950000,78950100,1836,4590,78960000,68378
1,7896,78960000,78960100,1836,4590,78970000,68392
1,7897,78970000,78970100,1836,4590,78980000,68398
1,7898,78980000,78980100,1836,4590,78990000,68406
1,7899,78990000,78990100,1836,4590,79000000,68416
1,79,790000,790100,1836,4590,800000,680
1,790,7900000,7900100,1836,4590,7910000,6839
1,7900,79000000,79000100,1836,4590,79010000,68425
1,7901,79010000,79010100,1836,4590,79020000,68431
1,7902,79020000,79020100,1836,4590,79030000,68441
1,7903,79030000,79030100,1836,4590,79040000,68450
1,7904,79040000,79040100,1836,4590,79050000,68459
1,7905,79050000,79050100,1836,4590,79060000,68468
1,7906,79060000,79060100,1836,4590,79070000,68477
1,7907,79070000,79070100,1836,4590,79080000,68483
1,7908,79080000,79080100,1836,4590,79090000,68494
1,7909,79090000,79090100,1836,4590,79100000,68501
1,791,7910000,7910100,1836,4590,7920000,6847
1,7910,79100000,79100100,1836,4590,79110000,68511
1,7911,79110000,79110100,1836,4590,79120000,68519
1,7912,79120000,79120100,1836,4590,79130000,68528
1,7913,79130000,79130100,1836,4590,79140000,68536
1,7914,79140000,79140100,1836,4590,79150000,68547
1,7915,79150000,79150100,1836,4590,79160000,68554
1,7916,79160000,79160100,1836,4590,79170000,68562
1,7917,79170000,79170100,1836,4590,79180000,68572
1,7918,79180000,79180100,1836,4590,79190000,68579
1,7919,79190000,79190100,1836,4590,79200000,68585
1,792,7920000,7920100,1836,4590,7930000,6860
1,7920,79200000,79200100,1836,4590,79210000,68601
1,7921,79210000,79210100,1836,4590,79220000,68607
1,7922,79220000,79220100,1836,4590,79230000,68614
1,7923,79230000,79230100,1836,4590,79240000,68622
1,7924,79240000,79240100,1836,4590,79250000,68632
1,7925,79250000,79250100,1836,4590,79260000,68640
1,7926,79260000,79260100,1836,4590,79270000,68650
1,7927,79270000,79270100,1836,4590,79280000,68658
1,7928,79280000,79280100,1836,4590,79290000,68667
1,7929,79290000,79290100,1836,4590,79300000,68675
1,793,7930000,7930100,1836,4590,7940000,6866
1,7930,79300000,79300100,1836,4590,79310000,68683
1,7931,79310000,79310100,1836,4590,79320000,68692
1,7932,79320000,79320100,1836,4590,79330000,68703
1,7933,79330000,79330100,1836,4590,79340000,68709
1,7934,79340000,79340100,1836,4590,79350000,68718
1,7935,79350000,79350100,1836,4590,79360000,68727
1,7936,79360000,79360100,1836,4590,79370000,68737
1,7937,79370000,79370100,1836,4590,79380000,68743
1,7938,79380000,79380100,1836,4590,79390000,68755
1,7939,79390000,79390100,1836,4590,79400000,68761
1,794,7940000,7940100,1836,4590,7950000,6875
1,7940,79400000,79400100,1836,4590,79410000,68770
1,7941,79410000,79410100,1836,4590,79420000,68780
1,7942,79420000,79420100,1836,4590,79430000,68788
1,7943,79430000,79430100,1836,4590,79440000,68794
1,7944,79440000,79440100,1836,4590,79450000,68806
1,7945,79450000,79450100,1836,4590,79460000,68815
1,7946,79460000,79460100,1836,4590,79470000,68822
1,7947,79470000,79470100,1836,4590,79480000,68831
1,7948,79480000,79480100,1836,4590,79490000,68841
1,7949,79490000,79490100,1836,4590,79500000,68847
1,795,7950000,7950100,1836,4590,7960000,6884
1,7950,79500000,79500100,1836,4590,79510000,68858
1,7951,79510000,79510100,1836,4590,79520000,68864
1,7952,79520000,79520100,1836,4590,79530000,68875
1,7953,79530000,79530100,1836,4590,79540000,68884
1,7954,79540000,79540100,1836,4590,79550000,68891
1,7955,79550000,79550100,1836,4590,79560000,68900
1,7956,79560000,79560100,1836,4590,79570000,68911
1,7957,79570000,79570100,1836,4590,79580000,68917
1,7958,79580000,79580100,1836,4590,79590000,68925
1,7959,79590000,79590100,1836,4590,79600000,68935
1,796,7960000,7960100,1836,4590,7970000,6892
1,7960,79600000,79600100,1836,4590,79610000,68945
1,7961,79610000,79610100,1836,4590,79620000,68951
1,7962,79620000,79620100,1836,4590,79630000,68963
1,7963,79630000,79630100,1836,4590,79640000,68969
1,7964,79640000,79640100,1836,4590,79650000,68978
1,7965,79650000,79650100,1836,4590,79660000,68987
1,7966,79660000,79660100,1836,4590,79670000,68996
1,7967,79670000,79670100,1836,4590,79680000,69002
1,7968,79680000,79680100,1836,4590,79690000,69014
1,7969,79690000,79690100,1836,4590,79700000,69023
1,797,7970000,7970100,1836,4590,7980000,6899
1,7970,79700000,79700100,1836,4590,79710000,69031
1,7971,79710000,79710100,1836,4590,79720000,69039
1,7972,79720000,79720100,1836,4590,79730000,69047
1,7973,79730000,79730100,1836,4590,79740000,69055
1,7974,79740000,79740100,1836,4590,79750000,69065
1,7975,79750000,79750100,1836,4590,79760000,69073
1,7976,79760000,79760100,1836,4590,79770000,69084
1,7977,79770000,79770100,1836,4590,79780000,69092
1,7978,79780000,79780100,1836,4590,79790000,69099
1,7979,79790000,79790100,1836,4590,79800000,69105
1,798,7980000,7980100,1836,4590,7990000,6911
1,7980,79800000,79800100,1836,4590,79810000,69120
1,7981,79810000,79810100,1836,4590,79820000,69126
1,7982,79820000,79820100,1836,4590,79830000,69133
1,7983,79830000,79830100,1836,4590,79840000,69143
1,7984,79840000,79840100,1836,4590,79850000,69152
1,7985,79850000,79850100,1836,4590,79860000,69159
1,7986,79860000,79860100,1836,4590,79870000,69170
1,7987,79870000,79870100,1836,4590,79880000,69178
1,7988,79880000,79880100,1836,4590,79890000,69186
1,7989,79890000,79890100,1836,4590,79900000,69194
1,799,7990000,7990100,1836,4590,8000000,6917
1,7990,79900000,79900100,1836,4590,79910000,69204
1,7991,79910000,79910100,1836,4590,79920000,69211
1,7992,79920000,79920100,1836,4590,79930000,69223
1,7993,79930000,79930100,1836,4590,79940000,69229
1,7994,79940000,79940100,1836,4590,79950000,69238
1,7995,79950000,79950100,1836,4590,79960000,69247
1,7996,79960000,79960100,1836,4590,79970000,69255
1,7997,79970000,79970100,1836,4590,79980000,69264
1,7998,79980000,79980100,1836,4590,79990000,69274
1,7999,79990000,79990100,1836,4590,80000000,69280
1,8,80000,80100,1836,4590,90000,67
1,80,800000,800100,1836,4590,810000,692
1,800,8000000,8000100,1836,4590,8010000,6927
1,8000,80000000,80000100,1836,4590,80010000,69290
1,8001,80010000,80010100,1836,4590,80020000,69300
1,8002,80020000,80020100,1836,4590,80030000,69308
1,8003,80030000,80030100,1836,4590,80040000,69314
1,8004,80040000,80040100,1836,4590,80050000,69327
1,8005,80050000,80050100,1836,4590,80060000,69334
1,8006,80060000,80060100,1836,4590,80070000,69341
1,8007,80070000,80070100,1836,4590,80080000,69349
1,8008,80080000,80080100,1836,4590,80090000,69361
1,8009,80090000,80090100,1836,4590,80100000,69367
1,801,8010000,8010100,1836,4590,8020000,6937
1,8010,80100000,80100100,1836,4590,80110000,69378
1,8011,80110000,80110100,1836,4590,80120000,69386
1,8012,80120000,80120100,1836,4590,80130000,69394
1,8013,80130000,80130100,1836,4590,80140000,69403
1,8014,80140000,80140100,1836,4590,80150000,69410
1,8015,80150000,80150100,1836,4590,80160000,69419
1,8016,80160000,80160100,1836,4590,80170000,69431
1,8017,80170000,80170100,1836,4590,80180000,69437
1,8018,80180000,80180100,1836,4590,80190000,69446
1,8019,80190000,80190100,1836,4590,80200000,69455
1,802,8020000,8020100,1836,4590,8030000,6944
1,8020,80200000,80200100,1836,4590,80210000,69464
1,8021,80210000,80210100,1836,4590,80220000,69470
1,8022,80220000,80220100,1836,4590,80230000,69482
1,8023,80230000,80230100,1836,4590,80240000,69488
1,8024,80240000,80240100,1836,4590,80250000,69498
1,8025,80250000,80250100,1836,4590,80260000,69509
1,8026,80260000,80260100,1836,4590,80270000,69516
1,8027,80270000,80270100,1836,4590,80280000,69522
1,8028,80280000,80280100,1836,4590,80290000,69533
1,8029,80290000,80290100,1836,4590,80300000,69541
1,803,8030000,8030100,1836,4590,8040000,6951
1,8030,80300000,80300100,1836,4590,80310000,69550
1,8031,80310000,80310100,1836,4590,80320000,69558
1,8032,80320000,80320100,1836,4590,80330000,69569
1,8033,80330000,80330100,1836,4590,80340000,69575
1,8034,80340000,80340100,1836,4590,80350000,69585
1,8035,80350000,80350100,1836,4590,80360000,69593
1,8036,80360000,80360100,1836,4590,80370000,69603
1,8037,80370000,80370100,1836,4590,80380000,69611
1,8038,80380000,80380100,1836,4590,80390000,69618
1,8039,80390000,80390100,1836,4590,80400000,69626
1,804,8040000,8040100,1836,4590,8050000,6962
1,8040,80400000,80400100,1836,4590,80410000,69639
1,8041,80410000,80410100,1836,4590,80420000,69646
1,8042,80420000,80420100,1836,4590,80430000,69653
1,8043,80430000,80430100,1836,4590,80440000,69663
1,8044,80440000,80440100,1836,4590,80450000,69671
1,8045,80450000,80450100,1836,4590,80460000,69678
1,8046,80460000,80460100,1836,4590,80470000,69691
1,8047,80470000,80470100,1836,4590,80480000,69697
1,8048,80480000,80480100,1836,4590,80490000,69706
1,8049,80490000,80490100,1836,4590,80500000,69714
1,805,8050000,8050100,1836,4590,8060000,6971
1,8050,80500000,80500100,1836,4590,80510000,69724
1,8051,80510000,80510100,1836,4590,80520000,69730
1,8052,80520000,80520100,1836,4590,80530000,69742
1,8053,80530000,80530100,1836,4590,80540000,69750
1,8054,80540000,80540100,1836,4590,80550000,69757
1,8055,80550000,80550100,1836,4590,80560000,69766
1,8056,80560000,80560100,1836,4590,80570000,69775
1,8057,80570000,80570100,1836,4590,80580000,69784
1,8058,80580000,80580100,1836,4590,80590000,69794
1,8059,80590000,80590100,1836,4590,80600000,69800
1,806,8060000,8060100,1836,4590,8070000,6978
1,8060,80600000,80600100,1836,4590,80610000,69811
1,8061,80610000,80610100,1836,4590,80620000,69819
1,8062,80620000,80620100,1836,4590,80630000,69826
1,8063,80630000,80630100,1836,4590,80640000,69833
1,8064,80640000,80640100,1836,4590,80650000,69847
1,8065,80650000,80650100,1836,4590,80660000,69854
1,8066,80660000,80660100,1836,4590,80670000,69861
1,8067,80670000,80670100,1836,4590,80680000,69871
1,8068,80680000,80680100,1836,4590,80690000,69880
1,8069,80690000,80690100,1836,4590,80700000,69886
1,807,8070000,8070100,1836,4590,8080000,6986
1,8070,80700000,80700100,1836,4590,80710000,69897
1,8071,80710000,80710100,1836,4590,80720000,69905
1,8072,80720000,80720100,1836,4590,80730000,69914
1,8073,80730000,80730100,1836,4590,80740000,69922
1,8074,80740000,80740100,1836,4590,80750000,69932
1,8075,80750000,80750100,1836,4590,80760000,69939
1,8076,80760000,80760100,1836,4590,80770000,69950
1,8077,80770000,80770100,1836,4590,80780000,69956
1,8078,80780000,80780100,1836,4590,80790000,69965
1,8079,80790000,80790100,1836,4590,80800000,69974
1,808,8080000,8080100,1836,4590,8090000,6998
1,8080,80800000,80800100,1836,4590,80810000,69984
1,8081,80810000,80810100,1836,4590,80820000,69992
1,8082,80820000,80820100,1836,4590,80830000,70002
1,8083,80830000,80830100,1836,4590,80840000,70008
1,8084,80840000,80840100,1836,4590,80850000,70016
1,8085,80850000,80850100,1836,4590,80860000,70028
1,8086,80860000,80860100,1836,4590,80870000,70035
1,8087,80870000,80870100,1836,4590,80880000,70041
1,8088,80880000,80880100,1836,4590,80890000,70055
1,8089,80890000,80890100,1836,4590,80900000,70061
1,809,8090000,8090100,1836,4590,8100000,7004
1,8090,80900000,80900100,1836,4590,80910000,70070
1,8091,80910000,80910100,1836,4590,80920000,70078
1,8092,80920000,80920100,1836,4590,80930000,70088
1,8093,80930000,80930100,1836,4590,80940000,70094
1,8094,80940000,80940100,1836,4590,80950000,70104
1,8095,80950000,80950100,1836,4590,80960000,70113
1,8096,80960000,80960100,1836,4590,80970000,70123
1,8097,80970000,80970100,1836,4590,80980000,70131
1,8098,80980000,80980100,1836,4590,80990000,70138
1,8099,80990000,80990100,1836,4590,81000000,70146
1,81,810000,810100,1836,4590,820000,700
1,810,8100000,8100100,1836,4590,8110000,7015
1,8100,81000000,81000100,1836,4590,81010000,70158
1,8101,81010000,81010100,1836,4590,81020000,70165
1,8102,81020000,81020100,1836,4590,81030000,70174
1,8103,81030000,81030100,1836,4590,81040000,70182
1,8104,81040000,81040100,1836,4590,81050000,70191
1,8105,81050000,81050100,1836,4590,81060000,70198
1,8106,81060000,81060100,1836,4590,81070000,70210
1,8107,81070000,81070100,1836,4590,81080000,70217
1,8108,81080000,81080100,1836,4590,81090000,70225
1,8109,81090000,81090100,1836,4590,81100000,70235
1,811,8110000,8110100,1836,4590,8120000,7021
1,8110,81100000,81100100,1836,4590,81110000,70243
1,8111,81110000,81110100,1836,4590,81120000,70249
1,8112,81120000,81120100,1836,4590,81130000,70262
1,8113,81130000,81130100,1836,4590,81140000,70270
1,8114,81140000,81140100,1836,4590,81150000,70277
1,8115,81150000,81150100,1836,4590,81160000,70286
1,8116,81160000,81160100,1836,4590,81170000,70296
1,8117,81170000,81170100,1836,4590,81180000,70302
1,8118,81180000,81180100,1836,4590,81190000,70313
1,8119,81190000,81190100,1836,4590,81200000,70319
1,812,8120000,8120100,1836,4590,8130000,7031
1,8120,81200000,81200100,1836,4590,81210000,70331
1,8121,81210000,81210100,1836,4590,81220000,70339
1,8122,81220000,81220100,1836,4590,81230000,70346
1,8123,81230000,81230100,1836,4590,81240000,70355
1,8124,81240000,81240100,1836,4590,81250000,70366
1,8125,81250000,81250100,1836,4590,81260000,70373
1,8126,81260000,81260100,1836,4590,81270000,70380
1,8127,81270000,81270100,1836,4590,81280000,70390
1,8128,81280000,81280100,1836,4590,81290000,70399
1,8129,81290000,81290100,1836,4590,81300000,70406
1,813,8130000,8130100,1836,4590,8140000,7039
1,8130,81300000,81300100,1836,4590,81310000,70419
1,8131,81310000,81310100,1836,4590,81320000,70425
1,8132,81320000,81320100,1836,4590,81330000,70433
1,8133,81330000,81330100,1836,4590,81340000,70441
1,8134,81340000,81340100,1836,4590,81350000,70451
1,8135,81350000,81350100,1836,4590,81360000,70458
1,8136,81360000,81360100,1836,4590,81370000,70470
1,8137,81370000,81370100,1836,4590,81380000,70478
1,8138,81380000,81380100,1836,4590,81390000,70485
1,8139,81390000,81390100,1836,4590,81400000,70493
1,814,8140000,8140100,1836,4590,8150000,7047
1,8140,81400000,81400100,1836,4590,81410000,70503
1,8141,81410000,81410100,1836,4590,81420000,70511
1,8142,81420000,81420100,1836,4590,81430000,70521
1,8143,81430000,81430100,1836,4590,81440000,70527
1,8144,81440000,81440100,1836,4590,81450000,70538
1,8145,81450000,81450100,1836,4590,81460000,70548
1,8146,81460000,81460100,1836,4590,81470000,70555
1,8147,81470000,81470100,1836,4590,81480000,70561
1,8148,81480000,81480100,1836,4590,81490000,70574
1,8149,81490000,81490100,1836,4590,81500000,70580
1,815,8150000,8150100,1836,4590,8160000,7056
1,8150,81500000,81500100,1836,4590,81510000,70588
1,8151,81510000,81510100,1836,4590,81520000,70599
1,8152,81520000,81520100,1836,4590,81530000,70608
1,8153,81530000,81530100,1836,4590,81540000,70614
1,8154,81540000,81540100,1836,4590,81550000,70624
1,8155,81550000,81550100,1836,4590,81560000,70633
1,8156,81560000,81560100,1836,4590,81570000,70642
1,8157,81570000,81570100,1836,4590,81580000,70650
1,8158,81580000,81580100,1836,4590,81590000,70659
1,8159,81590000,81590100,1836,4590,81600000,70665
1,816,8160000,8160100,1836,4590,8170000,7068
1,8160,81600000,81600100,1836,4590,81610000,70678
1,8161,81610000,81610100,1836,4590,81620000,70684
1,8162,81620000,81620100,1836,4590,81630000,70694
1,8163,81630000,81630100,1836,4590,81640000,70702
1,8164,81640000,81640100,1836,4590,81650000,70710
1,8165,81650000,81650100,1836,4590,81660000,70719
1,8166,81660000,81660100,1836,4590,81670000,70729
1,8167,81670000,81670100,1836,4590,81680000,70736
1,8168,81680000,81680100,1836,4590,81690000,70745
1,8169,81690000,81690100,1836,4590,81700000,70755
1,817,8170000,8170100,1836,4590,8180000,7074
1,8170,81700000,81700100,1836,4590,81710000,70763
1,8171,81710000,81710100,1836,4590,81720000,70769
1,8172,81720000,81720100,1836,4590,81730000,70782
1,8173,81730000,81730100,1836,4590,81740000,70789
1,8174,81740000,81740100,1836,4590,81750000,70796
1,8175,81750000,81750100,1836,4590,81760000,70805
1,8176,81760000,81760100,1836,4590,81770000,70816
1,8177,81770000,81770100,1836,4590,81780000,70822
1,8178,81780000,81780100,1836,4590,81790000,70833
1,8179,81790000,81790100,1836,4590,81800000,70841
1,818,8180000,8180100,1836,4590,8190000,7081
1,8180,81800000,81800100,1836,4590,81810000,70850
1,8181,81810000,81810100,1836,4590,81820000,70858
1,8182,81820000,81820100,1836,4590,81830000,70865
1,8183,81830000,81830100,1836,4590,81840000,70873
1,8184,81840000,81840100,1836,4590,81850000,70886
1,8185,81850000,81850100,1836,4590,81860000,70893
1,8186,81860000,81860100,1836,4590,81870000,70902
1,8187,81870000,81870100,1836,4590,81880000,70910
1,8188,81880000,81880100,1836,4590,81890000,70918
1,8189,81890000,81890100,1836,4590,81900000,70925
1,819,8190000,8190100,1836,4590,8200000,7092
1,8190,81900000,81900100,1836,4590,81910000,70938
1,8191,81910000,81910100,1836,4590,81920000,70944
1,8192,81920000,81920100,1836,4590,81930000,70953
1,8193,81930000,81930100,1836,4590,81940000,70963
1,8194,81940000,81940100,1836,4590,81950000,70970
1,8195,81950000,81950100,1836,4590,81960000,70978
1,8196,81960000,81960100,1836,4590,81970000,70989
1,8197,81970000,81970100,1836,4590,81980000,70997
1,8198,81980000,81980100,1836,4590,81990000,71004
1,8199,81990000,81990100,1836,4590,82000000,71012
1,82,820000,820100,1836,4590,830000,708
1,820,8200000,8200100,1836,4590,8210000,7101
1,8200,82000000,82000100,1836,4590,82010000,71025
1,8201,82010000,82010100,1836,4590,82020000,71031
1,8202,82020000,82020100,1836,4590,82030000,71041
1,8203,82030000,82030100,1836,4590,82040000,71047
1,8204,82040000,82040100,1836,4590,82050000,71057
1,8205,82050000,82050100,1836,4590,82060000,71066
1,8206,82060000,82060100,1836,4590,82070000,71074
1,8207,82070000,82070100,1836,4590,82080000,71082
1,8208,82080000,82080100,1836,4590,82090000,71094
1,8209,82090000,82090100,1836,4590,82100000,71100
1,821,8210000,8210100,1836,4590,8220000,7107
1,8210,82100000,82100100,1836,4590,82110000,71108
1,8211,82110000,82110100,1836,4590,82120000,71119
1,8212,82120000,82120100,1836,4590,82130000,71127
1,8213,82130000,82130100,1836,4590,82140000,71133
1,8214,82140000,82140100,1836,4590,82150000,71145
1,8215,82150000,82150100,1836,4590,82160000,71152
1,8216,82160000,82160100,1836,4590,82170000,71161
1,8217,82170000,82170100,1836,4590,82180000,71170
1,8218,82180000,82180100,1836,4590,82190000,71179
1,8219,82190000,82190100,1836,4590,82200000,71185
1,822,8220000,8220100,1836,4590,8230000,7119
1,8220,82200000,82200100,1836,4590,82210000,71197
1,8221,82210000,82210100,1836,4590,82220000,71205
1,8222,82220000,82220100,1836,4590,82230000,71213
1,8223,82230000,82230100,1836,4590,82240000,71221
1,8224,82240000,82240100,1836,4590,82250000,71230
1,8225,82250000,82250100,1836,4590,82260000,71239
1,8226,82260000,82260100,1836,4590,82270000,71249
1,8227,82270000,82270100,1836,4590,82280000,71255
1,8228,82280000,82280100,1836,4590,82290000,71266
1,8229,82290000,82290100,1836,4590,82300000,71274
1,823,8230000,8230100,1836,4590,8240000,7125
1,8230,82300000,82300100,1836,4590,82310000,71282
1,8231,82310000,82310100,1836,4590,82320000,71288
1,8232,82320000,82320100,1836,4590,82330000,71302
1,8233,82330000,82330100,1836,4590,82340000,71309
1,8234,82340000,82340100,1836,4590,82350000,71316
1,8235,82350000,82350100,1836,4590,82360000,71327
1,8236,82360000,82360100,1836,4590,82370000,71335
1,8237,82370000,82370100,1836,4590,82380000,71341
1,8238,82380000,82380100,1836,4590,82390000,71351
1,8239,82390000,82390100,1836,4590,82400000,71360
1,824,8240000,8240100,1836,4590,8250000,7134
1,8240,82400000,82400100,1836,4590,82410000,71370
1,8241,82410000,82410100,1836,4590,82420000,71378
1,8242,82420000,82420100,1836,4590,82430000,71387
1,8243,82430000,82430100,1836,4590,82440000,71393
1,8244,82440000,82440100,1836,4590,82450000,71405
1,8245,82450000,82450100,1836,4590,82460000,71412
1,8246,82460000,82460100,1836,4590,82470000,71421
1,8247,82470000,82470100,1836,4590,82480000,71429
1,8248,82480000,82480100,1836,4590,82490000,71438
1,8249,82490000,82490100,1836,4590,82500000,71446
1,825,8250000,8250100,1836,4590,8260000,7144
1,8250,82500000,82500100,1836,4590,82510000,71458
1,8251,82510000,82510100,1836,4590,82520000,71464
1,8252,82520000,82520100,1836,4590,82530000,71472
1,8253,82530000,82530100,1836,4590,82540000,71482
1,8254,82540000,82540100,1836,4590,82550000,71489
1,8255,82550000,82550100,1836,4590,82560000,71497
1,8256,82560000,82560100,1836,4590,82570000,71511
1,8257,82570000,82570100,1836,4590,82580000,71517
1,8258,82580000,82580100,1836,4590,82590000,71524
1,8259,82590000,82590100,1836,4590,82600000,71532
1,826,8260000,8260100,1836,4590,8270000,7153
1,8260,82600000,82600100,1836,4590,82610000,71543
1,8261,82610000,82610100,1836,4590,82620000,71550
1,8262,82620000,82620100,1836,4590,82630000,71560
1,8263,82630000,82630100,1836,4590,82640000,71568
1,8264,82640000,82640100,1836,4590,82650000,71577
1,8265,82650000,82650100,1836,4590,82660000,71586
1,8266,82660000,82660100,1836,4590,82670000,71594
1,8267,82670000,82670100,1836,4590,82680000,71602
1,8268,82680000,82680100,1836,4590,82690000,71613
1,8269,82690000,82690100,1836,4590,82700000,71619
1,827,8270000,8270100,1836,4590,8280000,7159
1,8270,82700000,82700100,1836,4590,82710000,71629
1,8271,82710000,82710100,1836,4590,82720000,71637
1,8272,82720000,82720100,1836,4590,82730000,71647
1,8273,82730000,82730100,1836,4590,82740000,71653
1,8274,82740000,82740100,1836,4590,82750000,71665
1,8275,82750000,82750100,1836,4590,82760000,71672
1,8276,82760000,82760100,1836,4590,82770000,71680
1,8277,82770000,82770100,1836,4590,82780000,71691
1,8278,82780000,82780100,1836,4590,82790000,71698
1,8279,82790000,82790100,1836,4590,82800000,71704
1,828,8280000,8280100,1836,4590,8290000,7170
1,8280,82800000,82800100,1836,4590,82810000,71717
1,8281,82810000,82810100,1836,4590,82820000,71725
1,8282,82820000,82820100,1836,4590,82830000,71732
1,8283,82830000,82830100,1836,4590,82840000,71741
1,8284,82840000,82840100,1836,4590,82850000,71751
1,8285,82850000,82850100,1836,4590,82860000,71758
1,8286,82860000,82860100,1836,4590,82870000,71768
1,8287,82870000,82870100,1836,4590,82880000,71774
1,8288,82880000,82880100,1836,4590,82890000,71786
1,8289,82890000,82890100,1836,4590,82900000,71794
1,829,8290000,8290100,1836,4590,8300000,7178
1,8290,82900000,82900100,1836,4590,82910000,71802
1,8291,82910000,82910100,1836,4590,82920000,71810
1,8292,82920000,82920100,1836,4590,82930000,71821
1,8293,82930000,82930100,1836,4590,82940000,71827
1,8294,82940000,82940100,1836,4590,82950000,71835
1,8295,82950000,82950100,1836,4590,82960000,71846
1,8296,82960000,82960100,1836,4590,82970000,71855
1,8297,82970000,82970100,1836,4590,82980000,71861
1,8298,82980000,82980100,1836,4590,82990000,71873
1,8299,82990000,82990100,1836,4590,83000000,71880
1,83,830000,830100,1836,4590,840000,714
1,830,8300000,8300100,1836,4590,8310000,7187
1,8300,83000000,83000100,1836,4590,83010000,71889
1,8301,83010000,83010100,1836,4590,83020000,71897
1,8302,83020000,83020100,1836,4590,83030000,71906
1,8303,83030000,83030100,1836,4590,83040000,71912
1,8304,83040000,83040100,1836,4590,83050000,71924
1,8305,83050000,83050100,1836,4590,83060000,71934
1,8306,83060000,83060100,1836,4590,83070000,71941
1,8307,83070000,83070100,1836,4590,83080000,71949
1,8308,83080000,83080100,1836,4590,83090000,71957
1,8309,83090000,83090100,1836,4590,83100000,71965
1,831,8310000,8310100,1836,4590,8320000,7195
1,8310,83100000,83100100,1836,4590,83110000,71977
1,8311,83110000,83110100,1836,4590,83120000,71983
1,8312,83120000,83120100,1836,4590,83130000,71994
1,8313,83130000,83130100,1836,4590,83140000,72002
1,8314,83140000,83140100,1836,4590,83150000,72009
1,8315,83150000,83150100,1836,4590,83160000,72016
1,8316,83160000,83160100,1836,4590,83170000,72030
1,8317,83170000,83170100,1836,4590,83180000,72036
1,8318,83180000,83180100,1836,4590,83190000,72043
1,8319,83190000,83190100,1836,4590,83200000,72053
1,832,8320000,8320100,1836,4590,8330000,7204
1,8320,83200000,83200100,1836,4590,83210000,72063
1,8321,83210000,83210100,1836,4590,83220000,72070
1,8322,83220000,83220100,1836,4590,83230000,72080
1,8323,83230000,83230100,1836,4590,83240000,72088
1,8324,83240000,83240100,1836,4590,83250000,72096
1,8325,83250000,83250100,1836,4590,83260000,72105
1,8326,83260000,83260100,1836,4590,83270000,72114
1,8327,83270000,83270100,1836,4590,83280000,72121
1,8328,83280000,83280100,1836,4590,83290000,72133
1,8329,83290000,83290100,1836,4590,83300000,72139
1,833,8330000,8330100,1836,4590,8340000,7212
1,8330,83300000,83300100,1836,4590,83310000,72149
1,8331,83310000,83310100,1836,4590,83320000,72157
1,8332,83320000,83320100,1836,4590,83330000,72166
1,8333,83330000,83330100,1836,4590,83340000,72174
1,8334,83340000,83340100,1836,4590,83350000,72184
1,8335,83350000,83350100,1836,4590,83360000,72191
1,8336,83360000,83360100,1836,4590,83370000,72200
1,8337,83370000,83370100,1836,4590,83380000,72210
1,8338,83380000,83380100,1836,4590,83390000,72218
1,8339,83390000,83390100,1836,4590,83400000,72224
1,834,8340000,8340100,1836,4590,8350000,7222
1,8340,83400000,83400100,1836,4590,83410000,72238
1,8341,83410000,83410100,1836,4590,83420000,72244
1,8342,83420000,83420100,1836,4590,83430000,72251
1,8343,83430000,83430100,1836,4590,83440000,72260
1,8344,83440000,83440100,1836,4590,83450000,72271
1,8345,83450000,83450100,1836,4590,83460000,72278
1,8346,83460000,83460100,1836,4590,83470000,72288
1,8347,83470000,83470100,1836,4590,83480000,72296
1,8348,83480000,83480100,1836,4590,83490000,72304
1,8349,83490000,83490100,1836,4590,83500000,72313
1,835,8350000,8350100,1836,4590,8360000,7229
1,8350,83500000,83500100,1836,4590,83510000,72321
1,8351,83510000,83510100,1836,4590,83520000,72329
1,8352,83520000,83520100,1836,4590,83530000,72341
1,8353,83530000,83530100,1836,4590,83540000,72347
1,8354,83540000,83540100,1836,4590,83550000,72357
1,8355,83550000,83550100,1836,4590,83560000,72366
1,8356,83560000,83560100,1836,4590,83570000,72374
1,8357,83570000,83570100,1836,4590,83580000,72380
1,8358,83580000,83580100,1836,4590,83590000,72392
1,8359,83590000,83590100,1836,4590,83600000,72398
1,836,8360000,8360100,1836,4590,8370000,7240
1,8360,83600000,83600100,1836,4590,83610000,72409
1,8361,83610000,83610100,1836,4590,83620000,72419
1,8362,83620000,83620100,1836,4590,83630000,72426
1,8363,83630000,83630100,1836,4590,83640000,72432
1,8364,83640000,83640100,1836,4590,83650000,72443
1,8365,83650000,83650100,1836,4590,83660000,72453
1,8366,83660000,83660100,1836,4590,83670000,72460
1,8367,83670000,83670100,1836,4590,83680000,72468
1,8368,83680000,83680100,1836,4590,83690000,72479
1,8369,83690000,83690100,1836,4590,83700000,72485
1,837,8370000,8370100,1836,4590,8380000,7248
1,8370,83700000,83700100,1836,4590,83710000,72496
1,8371,83710000,83710100,1836,4590,83720000,72503
1,8372,83720000,83720100,1836,4590,83730000,72513
1,8373,83730000,83730100,1836,4590,83740000,72521
1,8374,83740000,83740100,1836,4590,83750000,72528
1,8375,83750000,83750100,1836,4590,83760000,72537
1,8376,83760000,83760100,1836,4590,83770000,72550
1,8377,83770000,83770100,1836,4590,83780000,72556
1,8378,83780000,83780100,1836,4590,83790000,72563
1,8379,83790000,83790100,1836,4590,83800000,72573
1,838,8380000,8380100,1836,4590,8390000,7255
1,8380,83800000,83800100,1836,4590,83810000,72582
1,8381,83810000,83810100,1836,4590,83820000,72588
1,8382,83820000,83820100,1836,4590,83830000,72601
1,8383,83830000,83830100,1836,4590,83840000,72607
1,8384,83840000,83840100,1836,4590,83850000,72616
1,8385,83850000,83850100,1836,4590,83860000,72625
1,8386,83860000,83860100,1836,4590,83870000,72634
1,8387,83870000,83870100,1836,4590,83880000,72641
1,8388,83880000,83880100,1836,4590,83890000,72652
1,8389,83890000,83890100,1836,4590,83900000,72660
1,839,8390000,8390100,1836,4590,8400000,7261
1,8390,83900000,83900100,1836,4590,83910000,72668
1,8391,83910000,83910100,1836,4590,83920000,72676
1,8392,83920000,83920100,1836,4590,83930000,72685
1,8393,83930000,83930100,1836,4590,83940000,72694
1,8394,83940000,83940100,1836,4590,83950000,72704
1,8395,83950000,83950100,1836,4590,83960000,72711
1,8396,83960000,83960100,1836,4590,83970000,72721
1,8397,83970000,83970100,1836,4590,83980000,72729
1,8398,83980000,83980100,1836,4590,83990000,72737
1,8399,83990000,83990100,1836,4590,84000000,72743
1,84,840000,840100,1836,4590,850000,727
1,840,8400000,8400100,1836,4590,8410000,7276
1,8400,84000000,84000100,1836,4590,84010000,72758
1,8401,84010000,84010100,1836,4590,84020000,72764
1,8402,84020000,84020100,1836,4590,84030000,72771
1,8403,84030000,84030100,1836,4590,84040000,72781
1,8404,84040000,84040100,1836,4590,84050000,72790
1,8405,84050000,84050100,1836,4590,84060000,72797
1,8406,84060000,84060100,1836,4590,84070000,72807
1,8407,84070000,84070100,1836,4590,84080000,72815
1,8408,84080000,84080100,1836,4590,84090000,72824
1,8409,84090000,84090100,1836,4590,84100000,72833
1,841,8410000,8410100,1836,4590,8420000,7283
1,8410,84100000,84100100,1836,4590,84110000,72843
1,8411,84110000,84110100,1836,4590,84120000,72849
1,8412,84120000,84120100,1836,4590,84130000,72860
1,8413,84130000,84130100,1836,4590,84140000,72866
1,8414,84140000,84140100,1836,4590,84150000,72875
1,8415,84150000,84150100,1836,4590,84160000,72885
1,8416,84160000,84160100,1836,4590,84170000,72894
1,8417,84170000,84170100,1836,4590,84180000,72902
1,8418,84180000,84180100,1836,4590,84190000,72912
1,8419,84190000,84190100,1836,4590,84200000,72918
1,842,8420000,8420100,1836,4590,8430000,7290
1,8420,84200000,84200100,1836,4590,84210000,72928
1,8421,84210000,84210100,1836,4590,84220000,72938
1,8422,84220000,84220100,1836,4590,84230000,72945
1,8423,84230000,84230100,1836,4590,84240000,72951
1,8424,84240000,84240100,1836,4590,84250000,72965
1,8425,84250000,84250100,1836,4590,84260000,72972
1,8426,84260000,84260100,1836,4590,84270000,72980
1,8427,84270000,84270100,1836,4590,84280000,72988
1,8428,84280000,84280100,1836,4590,84290000,72998
1,8429,84290000,84290100,1836,4590,84300000,73004
1,843,8430000,8430100,1836,4590,8440000,7300
1,8430,84300000,84300100,1836,4590,84310000,73015
1,8431,84310000,84310100,1836,4590,84320000,73024
1,8432,84320000,84320100,1836,4590,84330000,73033
1,8433,84330000,84330100,1836,4590,84340000,73041
1,8434,84340000,84340100,1836,4590,84350000,73048
1,8435,84350000,84350100,1836,4590,84360000,73057
1,8436,84360000,84360100,1836,4590,84370000,73068
1,8437,84370000,84370100,1836,4590,84380000,73075
1,8438,84380000,84380100,1836,4590,84390000,73084
1,8439,84390000,84390100,1836,4590,84400000,73092
1,844,8440000,8440100,1836,4590,8450000,7308
1,8440,84400000,84400100,1836,4590,84410000,73102
1,8441,84410000,84410100,1836,4590,84420000,73108
1,8442,84420000,84420100,1836,4590,84430000,73121
1,8443,84430000,84430100,1836,4590,84440000,73127
1,8444,84440000,84440100,1836,4590,84450000,73135
1,8445,84450000,84450100,1836,4590,84460000,73146
1,8446,84460000,84460100,1836,4590,84470000,73153
1,8447,84470000,84470100,1836,4590,84480000,73159
1,8448,84480000,84480100,1836,4590,84490000,73172
1,8449,84490000,84490100,1836,4590,84500000,73180
1,845,8450000,8450100,1836,4590,8460000,7315
1,8450,84500000,84500100,1836,4590,84510000,73188
1,8451,84510000,84510100,1836,4590,84520000,73196
1,8452,84520000,84520100,1836,4590,84530000,73206
1,8453,84530000,84530100,1836,4590,84540000,73213
1,8454,84540000,84540100,1836,4590,84550000,73223
1,8455,84550000,84550100,1836,4590,84560000,73230
1,8456,84560000,84560100,1836,4590,84570000,73241
1,8457,84570000,84570100,1836,4590,84580000,73249
1,8458,84580000,84580100,1836,4590,84590000,73256
1,8459,84590000,84590100,1836,4590,84600000,73265
1,846,8460000,8460100,1836,4590,8470000,7325
1,8460,84600000,84600100,1836,4590,84610000,73277
1,8461,84610000,84610100,1836,4590,84620000,73283
1,8462,84620000,84620100,1836,4590,84630000,73290
1,8463,84630000,84630100,1836,4590,84640000,73300
1,8464,84640000,84640100,1836,4590,84650000,73310
1,8465,84650000,84650100,1836,4590,84660000,73317
1,8466,84660000,84660100,1836,4590,84670000,73329
1,8467,84670000,84670100,1836,4590,84680000,73335
1,8468,84680000,84680100,1836,4590,84690000,73343
1,8469,84690000,84690100,1836,4590,84700000,73351
1,847,8470000,8470100,1836,4590,8480000,7334
1,8470,84700000,84700100,1836,4590,84710000,73362
1,8471,84710000,84710100,1836,4590,84720000,73368
1,8472,84720000,84720100,1836,4590,84730000,73380
1,8473,84730000,84730100,1836,4590,84740000,73388
1,8474,84740000,84740100,1836,4590,84750000,73395
1,8475,84750000,84750100,1836,4590,84760000,73405
1,8476,84760000,84760100,1836,4590,84770000,73413
1,8477,84770000,84770100,1836,4590,84780000,73421
1,8478,84780000,84780100,1836,4590,84790000,73431
1,8479,84790000,84790100,1836,4590,84800000,73437
1,848,8480000,8480100,1836,4590,8490000,7343
1,8480,84800000,84800100,1836,4590,84810000,73449
1,8481,84810000,84810100,1836,4590,84820000,73458
1,8482,84820000,84820100,1836,4590,84830000,73465
1,8483,84830000,84830100,1836,4590,84840000,73471
1,8484,84840000,84840100,1836,4590,84850000,73484
1,8485,84850000,84850100,1836,4590,84860000,73491
1,8486,84860000,84860100,1836,4590,84870000,73499
1,8487,84870000,84870100,1836,4590,84880000,73509
1,8488,84880000,84880100,1836,4590,84890000,73518
1,8489,84890000,84890100,1836,4590,84900000,73524
1,849,8490000,8490100,1836,4590,8500000,7351
1,8490,84900000,84900100,1836,4590,84910000,73535
1,8491,84910000,84910100,1836,4590,84920000,73543
1,8492,84920000,84920100,1836,4590,84930000,73552
1,8493,84930000,84930100,1836,4590,84940000,73560
1,8494,84940000,84940100,1836,4590,84950000,73569
1,8495,84950000,84950100,1836,4590,84960000,73576
1,8496,84960000,84960100,1836,4590,84970000,73588
1,8497,84970000,84970100,1836,4590,84980000,73595
1,8498,84980000,84980100,1836,4590,84990000,73604
1,8499,84990000,84990100,1836,4590,85000000,73612
1,85,850000,850100,1836,4590,860000,734
1,850,8500000,8500100,1836,4590,8510000,7361
1,8500,85000000,85000100,1836,4590,85010000,73621
1,8501,85010000,85010100,1836,4590,85020000,73629
1,8502,85020000,85020100,1836,4590,85030000,73639
1,8503,85030000,85030100,1836,4590,85040000,73646
1,8504,85040000,85040100,1836,4590,85050000,73655
1,8505,85050000,85050100,1836,4590,85060000,73666
1,8506,85060000,85060100,1836,4590,85070000,73673
1,8507,85070000,85070100,1836,4590,85080000,73679
1,8508,85080000,85080100,1836,4590,85090000,73693
1,8509,85090000,85090100,1836,4590,85100000,73699
1,851,8510000,8510100,1836,4590,8520000,7367
1,8510,85100000,85100100,1836,4590,85110000,73707
1,8511,85110000,85110100,1836,4590,85120000,73715
1,8512,85120000,85120100,1836,4590,85130000,73726
1,8513,85130000,85130100,1836,4590,85140000,73732
1,8514,85140000,85140100,1836,4590,85150000,73743
1,8515,85150000,85150100,1836,4590,85160000,73752
1,8516,85160000,85160100,1836,4590,85170000,73760
1,8517,85170000,85170100,1836,4590,85180000,73768
1,8518,85180000,85180100,1836,4590,85190000,73775
1,8519,85190000,85190100,1836,4590,85200000,73784
1,852,8520000,8520100,1836,4590,8530000,7379
1,8520,85200000,85200100,1836,4590,85210000,73797
1,8521,85210000,85210100,1836,4590,85220000,73803
1,8522,85220000,85220100,1836,4590,85230000,73812
1,8523,85230000,85230100,1836,4590,85240000,73820
1,8524,85240000,85240100,1836,4590,85250000,73828
1,8525,85250000,85250100,1836,4590,85260000,73836
1,8526,85260000,85260100,1836,4590,85270000,73848
1,8527,85270000,85270100,1836,4590,85280000,73854
1,8528,85280000,85280100,1836,4590,85290000,73863
1,8529,85290000,85290100,1836,4590,85300000,73873
1,853,8530000,8530100,1836,4590,8540000,7385
1,8530,85300000,85300100,1836,4590,85310000,73882
1,8531,85310000,85310100,1836,4590,85320000,73888
1,8532,85320000,85320100,1836,4590,85330000,73899
1,8533,85330000,85330100,1836,4590,85340000,73907
1,8534,85340000,85340100,1836,4590,85350000,73914
1,8535,85350000,85350100,1836,4590,85360000,73923
1,8536,85360000,85360100,1836,4590,85370000,73935
1,8537,85370000,85370100,1836,4590,85380000,73941
1,8538,85380000,85380100,1836,4590,85390000,73951
1,8539,85390000,85390100,1836,4590,85400000,73957
1,854,8540000,8540100,1836,4590,8550000,7394
1,8540,85400000,85400100,1836,4590,85410000,73968
1,8541,85410000,85410100,1836,4590,85420000,73977
1,8542,85420000,85420100,1836,4590,85430000,73984
1,8543,85430000,85430100,1836,4590,85440000,73992
1,8544,85440000,85440100,1836,4590,85450000,74004
1,8545,85450000,85450100,1836,4590,85460000,74011
1,8546,85460000,85460100,1836,4590,85470000,74018
1,8547,85470000,85470100,1836,4590,85480000,74029
1,8548,85480000,85480100,1836,4590,85490000,74037
1,8549,85490000,85490100,1836,4590,85500000,74043
1,855,8550000,8550100,1836,4590,8560000,7403
1,8550,85500000,85500100,1836,4590,85510000,74056
1,8551,85510000,85510100,1836,4590,85520000,74062
1,8552,85520000,85520100,1836,4590,85530000,74072
1,8553,85530000,85530100,1836,4590,85540000,74080
1,8554,85540000,85540100,1836,4590,85550000,74089
1,8555,85550000,85550100,1836,4590,85560000,74096
1,8556,85560000,85560100,1836,4590,85570000,74107
1,8557,85570000,85570100,1836,4590,85580000,74115
1,8558,85580000,85580100,1836,4590,85590000,74123
1,8559,85590000,85590100,1836,4590,85600000,74131
1,856,8560000,8560100,1836,4590,8570000,7412
1,8560,85600000,85600100,1836,4590,85610000,74141
1,8561,85610000,85610100,1836,4590,85620000,74149
1,8562,85620000,85620100,1836,4590,85630000,74159
1,8563,85630000,85630100,1836,4590,85640000,74166
1,8564,85640000,85640100,1836,4590,85650000,74176
1,8565,85650000,85650100,1836,4590,85660000,74185
1,8566,85660000,85660100,1836,4590,85670000,74192
1,8567,85670000,85670100,1836,4590,85680000,74198
1,8568,85680000,85680100,1836,4590,85690000,74212
1,8569,85690000,85690100,1836,4590,85700000,74219
1,857,8570000,8570100,1836,4590,8580000,7420
1,8570,85700000,85700100,1836,4590,85710000,74227
1,8571,85710000,85710100,1836,4590,85720000,74237
1,8572,85720000,85720100,1836,4590,85730000,74245
1,8573,85730000,85730100,1836,4590,85740000,74251
1,8574,85740000,85740100,1836,4590,85750000,74262
1,8575,85750000,85750100,1836,4590,85760000,74271
1,8576,85760000,85760100,1836,4590,85770000,74280
1,8577,85770000,85770100,1836,4590,85780000,74288
1,8578,85780000,85780100,1836,4590,85790000,74297
1,8579,85790000,85790100,1836,4590,85800000,74303
1,858,8580000,8580100,1836,4590,8590000,7431
1,8580,85800000,85800100,1836,4590,85810000,74316
1,8581,85810000,85810100,1836,4590,85820000,74322
1,8582,85820000,85820100,1836,4590,85830000,74331
1,8583,85830000,85830100,1836,4590,85840000,74339
1,8584,85840000,85840100,1836,4590,85850000,74348
1,8585,85850000,85850100,1836,4590,85860000,74358
1,8586,85860000,85860100,1836,4590,85870000,74368
1,8587,85870000,85870100,1836,4590,85880000,74374
1,8588,85880000,85880100,1836,4590,85890000,74382
1,8589,85890000,85890100,1836,4590,85900000,74392
1,859,8590000,8590100,1836,4590,8600000,7437
1,8590,85900000,85900100,1836,4590,85910000,74400
1,8591,85910000,85910100,1836,4590,85920000,74407
1,8592,85920000,85920100,1836,4590,85930000,74421
1,8593,85930000,85930100,1836,4590,85940000,74427
1,8594,85940000,85940100,1836,4590,85950000,74434
1,8595,85950000,85950100,1836,4590,85960000,74443
1,8596,85960000,85960100,1836,4590,85970000,74454
1,8597,85970000,85970100,1836,4590,85980000,74460
1,8598,85980000,85980100,1836,4590,85990000,74470
1,8599,85990000,85990100,1836,4590,86000000,74478
1,86,860000,860100,1836,4590,870000,741
1,860,8600000,8600100,1836,4590,8610000,7446
1,8600,86000000,86000100,1836,4590,86010000,74488
1,8601,86010000,86010100,1836,4590,86020000,74496
1,8602,86020000,86020100,1836,4590,86030000,74504
1,8603,86030000,86030100,1836,4590,86040000,74512
1,8604,86040000,86040100,1836,4590,86050000,74523
1,8605,86050000,86050100,1836,4590,86060000,74530
1,8606,86060000,86060100,1836,4590,86070000,74539
1,8607,86070000,86070100,1836,4590,86080000,74548
1,8608,86080000,86080100,1836,4590,86090000,74557
1,8609,86090000,86090100,1836,4590,86100000,74563
1,861,8610000,8610100,1836,4590,8620000,7456
1,8610,86100000,86100100,1836,4590,86110000,74576
1,8611,86110000,86110100,1836,4590,86120000,74582
1,8612,86120000,86120100,1836,4590,86130000,74590
1,8613,86130000,86130100,1836,4590,86140000,74601
1,8614,86140000,86140100,1836,4590,86150000,74608
1,8615,86150000,86150100,1836,4590,86160000,74615
1,8616,86160000,86160100,1836,4590,86170000,74627
1,8617,86170000,86170100,1836,4590,86180000,74635
1,8618,86180000,86180100,1836,4590,86190000,74643
1,8619,86190000,86190100,1836,4590,86200000,74651
1,862,8620000,8620100,1836,4590,8630000,7463
1,8620,86200000,86200100,1836,4590,86210000,74662
1,8621,86210000,86210100,1836,4590,86220000,74668
1,8622,86220000,86220100,1836,4590,86230000,74678
1,8623,86230000,86230100,1836,4590,86240000,74684
1,8624,86240000,86240100,1836,4590,86250000,74696
1,8625,86250000,86250100,1836,4590,86260000,74705
1,8626,86260000,86260100,1836,4590,86270000,74712
1,8627,86270000,86270100,1836,4590,86280000,74720
1,8628,86280000,86280100,1836,4590,86290000,74731
1,8629,86290000,86290100,1836,4590,86300000,74738
1,863,8630000,8630100,1836,4590,8640000,7470
1,8630,86300000,86300100,1836,4590,86310000,74746
1,8631,86310000,86310100,1836,4590,86320000,74756
1,8632,86320000,86320100,1836,4590,86330000,74765
1,8633,86330000,86330100,1836,4590,86340000,74771
1,8634,86340000,86340100,1836,4590,86350000,74783
1,8635,86350000,86350100,1836,4590,86360000,74791
1,8636,86360000,86360100,1836,4590,86370000,74799
1,8637,86370000,86370100,1836,4590,86380000,74807
1,8638,86380000,86380100,1836,4590,86390000,74816
1,8639,86390000,86390100,1836,4590,86400000,74822
1,864,8640000,8640100,1836,4590,8650000,7484
1,8640,86400000,86400100,1836,4590,86410000,74836
1,8641,86410000,86410100,1836,4590,86420000,74844
1,8642,86420000,86420100,1836,4590,86430000,74851
1,8643,86430000,86430100,1836,4590,86440000,74859
1,8644,86440000,86440100,1836,4590,86450000,74867
1,8645,86450000,86450100,1836,4590,86460000,74876
1,8646,86460000,86460100,1836,4590,86470000,74887
1,8647,86470000,86470100,1836,4590,86480000,74893
1,8648,86480000,86480100,1836,4590,86490000,74904
1,8649,86490000,86490100,1836,4590,86500000,74912
1,865,8650000,8650100,1836,4590,8660000,7491
1,8650,86500000,86500100,1836,4590,86510000,74920
1,8651,86510000,86510100,1836,4590,86520000,74927
1,8652,86520000,86520100,1836,4590,86530000,74940
1,8653,86530000,86530100,1836,4590,86540000,74946
1,8654,86540000,86540100,1836,4590,86550000,74953
1,8655,86550000,86550100,1836,4590,86560000,74964
1,8656,86560000,86560100,1836,4590,86570000,74973
1,8657,86570000,86570100,1836,4590,86580000,74980
1,8658,86580000,86580100,1836,4590,86590000,74990
1,8659,86590000,86590100,1836,4590,86600000,74998
1,866,8660000,8660100,1836,4590,8670000,7498
1,8660,86600000,86600100,1836,4590,86610000,75007
1,8661,86610000,86610100,1836,4590,86620000,75015
1,8662,86620000,86620100,1836,4590,86630000,75025
1,8663,86630000,86630100,1836,4590,86640000,75031
1,8664,86640000,86640100,1836,4590,86650000,75043
1,8665,86650000,86650100,1836,4590,86660000,75050
1,8666,86660000,86660100,1836,4590,86670000,75059
1,8667,86670000,86670100,1836,4590,86680000,75067
1,8668,86680000,86680100,1836,4590,86690000,75076
1,8669,86690000,86690100,1836,4590,86700000,75084
1,867,8670000,8670100,1836,4590,8680000,7506
1,8670,86700000,86700100,1836,4590,86710000,75095
1,8671,86710000,86710100,1836,4590,86720000,75101
1,8672,86720000,86720100,1836,4590,86730000,75110
1,8673,86730000,86730100,1836,4590,86740000,75121
1,8674,86740000,86740100,1836,4590,86750000,75128
1,8675,86750000,86750100,1836,4590,86760000,75135
1,8676,86760000,86760100,1836,4590,86770000,75148
1,8677,86770000,86770100,1836,4590,86780000,75154
1,8678,86780000,86780100,1836,4590,86790000,75161
1,8679,86790000,86790100,1836,4590,86800000,75170
1,868,8680000,8680100,1836,4590,8690000,7516
1,8680,86800000,86800100,1836,4590,86810000,75182
1,8681,86810000,86810100,1836,4590,86820000,75188
1,8682,86820000,86820100,1836,4590,86830000,75198
1,8683,86830000,86830100,1836,4590,86840000,75206
1,8684,86840000,86840100,1836,4590,86850000,75215
1,8685,86850000,86850100,1836,4590,86860000,75224
1,8686,86860000,86860100,1836,4590,86870000,75231
1,8687,86870000,86870100,1836,4590,86880000,75239
1,8688,86880000,86880100,1836,4590,86890000,75251
1,8689,86890000,86890100,1836,4590,86900000,75257
1,869,8690000,8690100,1836,4590,8700000,7523
1,8690,86900000,86900100,1836,4590,86910000,75268
1,8691,86910000,86910100,1836,4590,86920000,75276
1,8692,86920000,86920100,1836,4590,86930000,75284
1,8693,86930000,86930100,1836,4590,86940000,75290
1,8694,86940000,86940100,1836,4590,86950000,75302
1,8695,86950000,86950100,1836,4590,86960000,75310
1,8696,86960000,86960100,1836,4590,86970000,75319
1,8697,86970000,86970100,1836,4590,86980000,75329
1,8698,86980000,86980100,1836,4590,86990000,75336
1,8699,86990000,86990100,1836,4590,87000000,75342
1,87,870000,870100,1836,4590,880000,751
1,870,8700000,8700100,1836,4590,8710000,7534
1,8700,87000000,87000100,1836,4590,87010000,75354
1,8701,87010000,87010100,1836,4590,87020000,75363
1,8702,87020000,87020100,1836,4590,87030000,75370
1,8703,87030000,87030100,1836,4590,87040000,75378
1,8704,87040000,87040100,1836,4590,87050000,75389
1,8705,87050000,87050100,1836,4590,87060000,75396
1,8706,87060000,87060100,1836,4590,87070000,75407
1,8707,87070000,87070100,1836,4590,87080000,75413
1,8708,87080000,87080100,1836,4590,87090000,75423
1,8709,87090000,87090100,1836,4590,87100000,75431
1,871,8710000,8710100,1836,4590,8720000,7542
1,8710,87100000,87100100,1836,4590,87110000,75439
1,8711,87110000,87110100,1836,4590,87120000,75447
1,8712,87120000,87120100,1836,4590,87130000,75460
1,8713,87130000,87130100,1836,4590,87140000,75466
1,8714,87140000,87140100,1836,4590,87150000,75473
1,8715,87150000,87150100,1836,4590,87160000,75484
1,8716,87160000,87160100,1836,4590,87170000,75492
1,8717,87170000,87170100,1836,4590,87180000,75499
1,8718,87180000,87180100,1836,4590,87190000,75511
1,8719,87190000,87190100,1836,4590,87200000,75517
1,872,8720000,8720100,1836,4590,8730000,7551
1,8720,87200000,87200100,1836,4590,87210000,75527
1,8721,87210000,87210100,1836,4590,87220000,75535
1,8722,87220000,87220100,1836,4590,87230000,75544
1,8723,87230000,87230100,1836,4590,87240000,75551
1,8724,87240000,87240100,1836,4590,87250000,75562
1,8725,87250000,87250100,1836,4590,87260000,75571
1,8726,87260000,87260100,1836,4590,87270000,75578
1,8727,87270000,87270100,1836,4590,87280000,75586
1,8728,87280000,87280100,1836,4590,87290000,75596
1,8729,87290000,87290100,1836,4590,87300000,75604
1,873,8730000,8730100,1836,4590,8740000,7559
1,8730,87300000,87300100,1836,4590,87310000,75615
1,8731,87310000,87310100,1836,4590,87320000,75621
1,8732,87320000,87320100,1836,4590,87330000,75631
1,8733,87330000,87330100,1836,4590,87340000,75639
1,8734,87340000,87340100,1836,4590,87350000,75647
1,8735,87350000,87350100,1836,4590,87360000,75654
1,8736,87360000,87360100,1836,4590,87370000,75668
1,8737,87370000,87370100,1836,4590,87380000,75674
1,8738,87380000,87380100,1836,4590,87390000,75681
1,8739,87390000,87390100,1836,4590,87400000,75692
1,874,8740000,8740100,1836,4590,8750000,7567
1,8740,87400000,87400100,1836,4590,87410000,75701
1,8741,87410000,87410100,1836,4590,87420000,75707
1,8742,87420000,87420100,1836,4590,87430000,75717
1,8743,87430000,87430100,1836,4590,87440000,75725
1,8744,87440000,87440100,1836,4590,87450000,75734
1,8745,87450000,87450100,1836,4590,87460000,75744
1,8746,87460000,87460100,1836,4590,87470000,75753
1,8747,87470000,87470100,1836,4590,87480000,75759
1,8748,87480000,87480100,1836,4590,87490000,75770
1,8749,87490000,87490100,1836,4590,87500000,75776
1,875,8750000,8750100,1836,4590,8760000,7576
1,8750,87500000,87500100,1836,4590,87510000,75787
1,8751,87510000,87510100,1836,4590,87520000,75795
1,8752,87520000,87520100,1836,4590,87530000,75804
1,8753,87530000,87530100,1836,4590,87540000,75812
1,8754,87540000,87540100,1836,4590,87550000,75822
1,8755,87550000,87550100,1836,4590,87560000,75829
1,8756,87560000,87560100,1836,4590,87570000,75838
1,8757,87570000,87570100,1836,4590,87580000,75848
1,8758,87580000,87580100,1836,4590,87590000,75855
1,8759,87590000,87590100,1836,4590,87600000,75861
1,876,8760000,8760100,1836,4590,8770000,7587
1,8760,87600000,87600100,1836,4590,87610000,75876
1,8761,87610000,87610100,1836,4590,87620000,75883
1,8762,87620000,87620100,1836,4590,87630000,75890
1,8763,87630000,87630100,1836,4590,87640000,75898
1,8764,87640000,87640100,1836,4590,87650000,75908
1,8765,87650000,87650100,1836,4590,87660000,75915
1,8766,87660000,87660100,1836,4590,87670000,75925
1,8767,87670000,87670100,1836,4590,87680000,75934
1,8768,87680000,87680100,1836,4590,87690000,75943
1,8769,87690000,87690100,1836,4590,87700000,75951
1,877,8770000,8770100,1836,4590,8780000,7593
1,8770,87700000,87700100,1836,4590,87710000,75959
1,8771,87710000,87710100,1836,4590,87720000,75967
1,8772,87720000,87720100,1836,4590,87730000,75979
1,8773,87730000,87730100,1836,4590,87740000,75985
1,8774,87740000,87740100,1836,4590,87750000,75994
1,8775,87750000,87750100,1836,4590,87760000,76003
1,8776,87760000,87760100,1836,4590,87770000,76012
1,8777,87770000,87770100,1836,4590,87780000,76018
1,8778,87780000,87780100,1836,4590,87790000,76031
1,8779,87790000,87790100,1836,4590,87800000,76037
1,878,8780000,8780100,1836,4590,8790000,7602
1,8780,87800000,87800100,1836,4590,87810000,76046
1,8781,87810000,87810100,1836,4590,87820000,76056
1,8782,87820000,87820100,1836,4590,87830000,76063
1,8783,87830000,87830100,1836,4590,87840000,76070
1,8784,87840000,87840100,1836,4590,87850000,76082
1,8785,87850000,87850100,1836,4590,87860000,76091
1,8786,87860000,87860100,1836,4590,87870000,76098
1,8787,87870000,87870100,1836,4590,87880000,76106
1,8788,87880000,87880100,1836,4590,87890000,76116
1,8789,87890000,87890100,1836,4590,87900000,76123
1,879,8790000,8790100,1836,4590,8800000,7610
1,8790,87900000,87900100,1836,4590,87910000,76134
1,8791,87910000,87910100,1836,4590,87920000,76140
1,8792,87920000,87920100,1836,4590,87930000,76151
1,8793,87930000,87930100,1836,4590,87940000,76159
1,8794,87940000,87940100,1836,4590,87950000,76167
1,8795,87950000,87950100,1836,4590,87960000,76176
1,8796,87960000,87960100,1836,4590,87970000,76187
1,8797,87970000,87970100,1836,4590,87980000,76193
1,8798,87980000,87980100,1836,4590,87990000,76200
1,8799,87990000,87990100,1836,4590,88000000,76210
1,88,880000,880100,1836,4590,890000,761
1,880,8800000,8800100,1836,4590,8810000,7621
1,8800,88000000,88000100,1836,4590,88010000,76221
1,8801,88010000,88010100,1836,4590,88020000,76227
1,8802,88020000,88020100,1836,4590,88030000,76239
1,8803,88030000,88030100,1836,4590,88040000,76245
1,8804,88040000,88040100,1836,4590,88050000,76253
1,8805,88050000,88050100,1836,4590,88060000,76263
1,8806,88060000,88060100,1836,4590,88070000,76272
1,8807,88070000,88070100,1836,4590,88080000,76278
1,8808,88080000,88080100,1836,4590,88090000,76290
1,8809,88090000,88090100,1836,4590,88100000,76298
1,881,8810000,8810100,1836,4590,8820000,7627
1,8810,88100000,88100100,1836,4590,88110000,76306
1,8811,88110000,88110100,1836,4590,88120000,76315
1,8812,88120000,88120100,1836,4590,88130000,76323
1,8813,88130000,88130100,1836,4590,88140000,76331
1,8814,88140000,88140100,1836,4590,88150000,76341
1,8815,88150000,88150100,1836,4590,88160000,76348
1,8816,88160000,88160100,1836,4590,88170000,76360
1,8817,88170000,88170100,1836,4590,88180000,76368
1,8818,88180000,88180100,1836,4590,88190000,76375
1,8819,88190000,88190100,1836,4590,88200000,76381
1,882,8820000,8820100,1836,4590,8830000,7639
1,8820,88200000,88200100,1836,4590,88210000,76395
1,8821,88210000,88210100,1836,4590,88220000,76401
1,8822,88220000,88220100,1836,4590,88230000,76409
1,8823,88230000,88230100,1836,4590,88240000,76419
1,8824,88240000,88240100,1836,4590,88250000,76428
1,8825,88250000,88250100,1836,4590,88260000,76435
1,8826,88260000,88260100,1836,4590,88270000,76445
1,8827,88270000,88270100,1836,4590,88280000,76454
1,8828,88280000,88280100,1836,4590,88290000,76462
1,8829,88290000,88290100,1836,4590,88300000,76470
1,883,8830000,8830100,1836,4590,8840000,7645
1,8830,88300000,88300100,1836,4590,88310000,76480
1,8831,88310000,88310100,1836,4590,88320000,76486
1,8832,88320000,88320100,1836,4590,88330000,76498
1,8833,88330000,88330100,1836,4590,88340000,76505
1,8834,88340000,88340100,1836,4590,88350000,76514
1,8835,88350000,88350100,1836,4590,88360000,76523
1,8836,88360000,88360100,1836,4590,88370000,76531
1,8837,88370000,88370100,1836,4590,88380000,76539
1,8838,88380000,88380100,1836,4590,88390000,76550
1,8839,88390000,88390100,1836,4590,88400000,76556
1,884,8840000,8840100,1836,4590,8850000,7653
1,8840,88400000,88400100,1836,4590,88410000,76566
1,8841,88410000,88410100,1836,4590,88420000,76576
1,8842,88420000,88420100,1836,4590,88430000,76583
1,8843,88430000,88430100,1836,4590,88440000,76589
1,8844,88440000,88440100,1836,4590,88450000,76603
1,8845,88450000,88450100,1836,4590,88460000,76610
1,8846,88460000,88460100,1836,4590,88470000,76617
1,8847,88470000,88470100,1836,4590,88480000,76625
1,8848,88480000,88480100,1836,4590,88490000,76636
1,8849,88490000,88490100,1836,4590,88500000,76643
1,885,8850000,8850100,1836,4590,8860000,7665
1,8850,88500000,88500100,1836,4590,88510000,76654
1,8851,88510000,88510100,1836,4590,88520000,76662
1,8852,88520000,88520100,1836,4590,88530000,76670
1,8853,88530000,88530100,1836,4590,88540000,76678
1,8854,88540000,88540100,1836,4590,88550000,76685
1,8855,88550000,88550100,1836,4590,88560000,76695
1,8856,88560000,88560100,1836,4590,88570000,76707
1,8857,88570000,88570100,1836,4590,88580000,76713
1,8858,88580000,88580100,1836,4590,88590000,76722
1,8859,88590000,88590100,1836,4590,88600000,76730
1,886,8860000,8860100,1836,4590,8870000,7672
1,8860,88600000,88600100,1836,4590,88610000,76740
1,8861,88610000,88610100,1836,4590,88620000,76746
1,8862,88620000,88620100,1836,4590,88630000,76758
1,8863,88630000,88630100,1836,4590,88640000,76764
1,8864,88640000,88640100,1836,4590,88650000,76773
1,8865,88650000,88650100,1836,4590,88660000,76784
1,8866,88660000,88660100,1836,4590,88670000,76792
1,8867,88670000,88670100,1836,4590,88680000,76798
1,8868,88680000,88680100,1836,4590,88690000,76809
1,8869,88690000,88690100,1836,4590,88700000,76817
1,887,8870000,8870100,1836,4590,8880000,7678
1,8870,88700000,88700100,1836,4590,88710000,76825
1,8871,88710000,88710100,1836,4590,88720000,76834
1,8872,88720000,88720100,1836,4590,88730000,76845
1,8873,88730000,88730100,1836,4590,88740000,76851
1,8874,88740000,88740100,1836,4590,88750000,76861
1,8875,88750000,88750100,1836,4590,88760000,76868
1,8876,88760000,88760100,1836,4590,88770000,76878
1,8877,88770000,88770100,1836,4590,88780000,76887
1,8878,88780000,88780100,1836,4590,88790000,76894
1,8879,88790000,88790100,1836,4590,88800000,76902
1,888,8880000,8880100,1836,4590,8890000,7690
1,8880,88800000,88800100,1836,4590,88810000,76915
1,8881,88810000,88810100,1836,4590,88820000,76921
1,8882,88820000,88820100,1836,4590,88830000,76929
1,8883,88830000,88830100,1836,4590,88840000,76939
1,8884,88840000,88840100,1836,4590,88850000,76947
1,8885,88850000,88850100,1836,4590,88860000,76954
1,8886,88860000,88860100,1836,4590,88870000,76966
1,8887,88870000,88870100,1836,4590,88880000,76972
1,8888,88880000,88880100,1836,4590,88890000,76982
1,8889,88890000,88890100,1836,4590,88900000,76990
1,889,8890000,8890100,1836,4590,8900000,7698
1,8890,88900000,88900100,1836,4590,88910000,77000
1,8891,88910000,88910100,1836,4590,88920000,77006
1,8892,88920000,88920100,1836,4590,88930000,77017
1,8893,88930000,88930100,1836,4590,88940000,77026
1,8894,88940000,88940100,1836,4590,88950000,77033
1,8895,88950000,88950100,1836,4590,88960000,77042
1,8896,88960000,88960100,1836,4590,88970000,77051
1,8897,88970000,88970100,1836,4590,88980000,77059
1,8898,88980000,88980100,1836,4590,88990000,77069
1,8899,88990000,88990100,1836,4590,89000000,77076
1,89,890000,890100,1836,4590,900000,767
1,890,8900000,8900100,1836,4590,8910000,7706
1,8900,89000000,89000100,1836,4590,89010000,77087
1,8901,89010000,89010100,1836,4590,89020000,77095
1,8902,89020000,89020100,1836,4590,89030000,77102
1,8903,89030000,89030100,1836,4590,89040000,77108
1,8904,89040000,89040100,1836,4590,89050000,77123
1,8905,89050000,89050100,1836,4590,89060000,77130
1,8906,89060000,89060100,1836,4590,89070000,77137
1,8907,89070000,89070100,1836,4590,89080000,77147
1,8908,89080000,89080100,1836,4590,89090000,77155
1,8909,89090000,89090100,1836,4590,89100000,77161
1,891,8910000,8910100,1836,4590,8920000,7715
1,8910,89100000,89100100,1836,4590,89110000,77173
1,8911,89110000,89110100,1836,4590,89120000,77181
1,8912,89120000,89120100,1836,4590,89130000,77190
1,8913,89130000,89130100,1836,4590,89140000,77198
1,8914,89140000,89140100,1836,4590,89150000,77207
1,8915,89150000,89150100,1836,4590,89160000,77215
1,8916,89160000,89160100,1836,4590,89170000,77226
1,8917,89170000,89170100,1836,4590,89180000,77232
1,8918,89180000,89180100,1836,4590,89190000,77241
1,8919,89190000,89190100,1836,4590,89200000,77249
1,892,8920000,8920100,1836,4590,8930000,7725
1,8920,89200000,89200100,1836,4590,89210000,77259
1,8921,89210000,89210100,1836,4590,89220000,77268
1,8922,89220000,89220100,1836,4590,89230000,77278
1,8923,89230000,89230100,1836,4590,89240000,77284
1,8924,89240000,89240100,1836,4590,89250000,77292
1,8925,89250000,89250100,1836,4590,89260000,77303
1,8926,89260000,89260100,1836,4590,89270000,77311
1,8927,89270000,89270100,1836,4590,89280000,77317
1,8928,89280000,89280100,1836,4590,89290000,77331
1,8929,89290000,89290100,1836,4590,89300000,77337
1,893,8930000,8930100,1836,4590,8940000,7731
1,8930,89300000,89300100,1836,4590,89310000,77345
1,8931,89310000,89310100,1836,4590,89320000,77353
1,8932,89320000,89320100,1836,4590,89330000,77364
1,8933,89330000,89330100,1836,4590,89340000,77370
1,8934,89340000,89340100,1836,4590,89350000,77380
1,8935,89350000,89350100,1836,4590,89360000,77389
1,8936,89360000,89360100,1836,4590,89370000,77398
1,8937,89370000,89370100,1836,4590,89380000,77407
1,8938,89380000,89380100,1836,4590,89390000,77414
1,8939,89390000,89390100,1836,4590,89400000,77422
1,894,8940000,8940100,1836,4590,8950000,7741
1,8940,89400000,89400100,1836,4590,89410000,77434
1,8941,89410000,89410100,1836,4590,89420000,77440
1,8942,89420000,89420100,1836,4590,89430000,77449
1,8943,89430000,89430100,1836,4590,89440000,77458
1,8944,89440000,89440100,1836,4590,89450000,77467
1,8945,89450000,89450100,1836,4590,89460000,77474
1,8946,89460000,89460100,1836,4590,89470000,77486
1,8947,89470000,89470100,1836,4590,89480000,77492
1,8948,89480000,89480100,1836,4590,89490000,77501
1,8949,89490000,89490100,1836,4590,89500000,77511
1,895,8950000,8950100,1836,4590,8960000,7748
1,8950,89500000,89500100,1836,4590,89510000,77519
1,8951,89510000,89510100,1836,4590,89520000,77525
1,8952,89520000,89520100,1836,4590,89530000,77537
1,8953,89530000,89530100,1836,4590,89540000,77545
1,8954,89540000,89540100,1836,4590,89550000,77553
1,8955,89550000,89550100,1836,4590,89560000,77562
1,8956,89560000,89560100,1836,4590,89570000,77572
1,8957,89570000,89570100,1836,4590,89580000,77578
1,8958,89580000,89580100,1836,4590,89590000,77588
1,8959,89590000,89590100,1836,4590,89600000,77595
1,896,8960000,8960100,1836,4590,8970000,7760
1,8960,89600000,89600100,1836,4590,89610000,77607
1,8961,89610000,89610100,1836,4590,89620000,77615
1,8962,89620000,89620100,1836,4590,89630000,77622
1,8963,89630000,89630100,1836,4590,89640000,77630
1,8964,89640000,89640100,1836,4590,89650000,77641
1,8965,89650000,89650100,1836,4590,89660000,77649
1,8966,89660000,89660100,1836,4590,89670000,77656
1,8967,89670000,89670100,1836,4590,89680000,77666
1,8968,89680000,89680100,1836,4590,89690000,77675
1,8969,89690000,89690100,1836,4590,89700000,77681
1,897,8970000,8970100,1836,4590,8980000,7768
1,8970,89700000,89700100,1836,4590,89710000,77695
1,8971,89710000,89710100,1836,4590,89720000,77701
1,8972,89720000,89720100,1836,4590,89730000,77709
1,8973,89730000,89730100,1836,4590,89740000,77717
1,8974,89740000,89740100,1836,4590,89750000,77726
1,8975,89750000,89750100,1836,4590,89760000,77733
1,8976,89760000,89760100,1836,4590,89770000,77746
1,8977,89770000,89770100,1836,4590,89780000,77754
1,8978,89780000,89780100,1836,4590,89790000,77761
1,8979,89790000,89790100,1836,4590,89800000,77769
1,898,8980000,8980100,1836,4590,8990000,7775
1,8980,89800000,89800100,1836,4590,89810000,77778
1,8981,89810000,89810100,1836,4590,89820000,77787
1,8982,89820000,89820100,1836,4590,89830000,77797
1,8983,89830000,89830100,1836,4590,89840000,77803
1,8984,89840000,89840100,1836,4590,89850000,77814
1,8985,89850000,89850100,1836,4590,89860000,77823
1,8986,89860000,89860100,1836,4590,89870000,77830
1,8987,89870000,89870100,1836,4590,89880000,77837
1,8988,89880000,89880100,1836,4590,89890000,77850
1,8989,89890000,89890100,1836,4590,89900000,77856
1,899,8990000,8990100,1836,4590,9000000,7783
1,8990,89900000,89900100,1836,4590,89910000,77864
1,8991,89910000,89910100,1836,4590,89920000,77874
1,8992,89920000,89920100,1836,4590,89930000,77884
1,8993,89930000,89930100,1836,4590,89940000,77890
1,8994,89940000,89940100,1836,4590,89950000,77900
1,8995,89950000,89950100,1836,4590,89960000,77909
1,8996,89960000,89960100,1836,4590,89970000,77917
1,8997,89970000,89970100,1836,4590,89980000,77925
1,8998,89980000,89980100,1836,4590,89990000,77935
1,8999,89990000,89990100,1836,4590,90000000,77941
1,9,90000,90100,1836,4590,100000,75
1,90,900000,900100,1836,4590,910000,778
1,900,9000000,9000100,1836,4590,9010000,7795
1,9000,90000000,90000100,1836,4590,90010000,77954
1,9001,90010000,90010100,1836,4590,90020000,77960
1,9002,90020000,90020100,1836,4590,90030000,77969
1,9003,90030000,90030100,1836,4590,90040000,77978
1,9004,90040000,90040100,1836,4590,90050000,77986
1,9005,90050000,90050100,1836,4590,90060000,77995
1,9006,90060000,90060100,1836,4590,90070000,78005
1,9007,90070000,90070100,1836,4590,90080000,78011
1,9008,90080000,90080100,1836,4590,90090000,78020
1,9009,90090000,90090100,1836,4590,90100000,78031
1,901,9010000,9010100,1836,4590,9020000,7801
1,9010,90100000,90100100,1836,4590,90110000,78039
1,9011,90110000,90110100,1836,4590,90120000,78045
1,9012,90120000,90120100,1836,4590,90130000,78058
1,9013,90130000,90130100,1836,4590,90140000,78064
1,9014,90140000,90140100,1836,4590,90150000,78072
1,9015,90150000,90150100,1836,4590,90160000,78081
1,9016,90160000,90160100,1836,4590,90170000,78092
1,9017,90170000,90170100,1836,4590,90180000,78098
1,9018,90180000,90180100,1836,4590,90190000,78108
1,9019,90190000,90190100,1836,4590,90200000,78116
1,902,9020000,9020100,1836,4590,9030000,7809
1,9020,90200000,90200100,1836,4590,90210000,78126
1,9021,90210000,90210100,1836,4590,90220000,78134
1,9022,90220000,90220100,1836,4590,90230000,78141
1,9023,90230000,90230100,1836,4590,90240000,78149
1,9024,90240000,90240100,1836,4590,90250000,78161
1,9025,90250000,90250100,1836,4590,90260000,78169
1,9026,90260000,90260100,1836,4590,90270000,78178
1,9027,90270000,90270100,1836,4590,90280000,78186
1,9028,90280000,90280100,1836,4590,90290000,78194
1,9029,90290000,90290100,1836,4590,90300000,78200
1,903,9030000,9030100,1836,4590,9040000,7819
1,9030,90300000,90300100,1836,4590,90310000,78213
1,9031,90310000,90310100,1836,4590,90320000,78220
1,9032,90320000,90320100,1836,4590,90330000,78229
1,9033,90330000,90330100,1836,4590,90340000,78239
1,9034,90340000,90340100,1836,4590,90350000,78246
1,9035,90350000,90350100,1836,4590,90360000,78253
1,9036,90360000,90360100,1836,4590,90370000,78265
1,9037,90370000,90370100,1836,4590,90380000,78273
1,9038,90380000,90380100,1836,4590,90390000,78280
1,9039,90390000,90390100,1836,4590,90400000,78288
1,904,9040000,9040100,1836,4590,9050000,7828
1,9040,90400000,90400100,1836,4590,90410000,78300
1,9041,90410000,90410100,1836,4590,90420000,78306
1,9042,90420000,90420100,1836,4590,90430000,78317
1,9043,90430000,90430100,1836,4590,90440000,78323
1,9044,90440000,90440100,1836,4590,90450000,78333
1,9045,90450000,90450100,1836,4590,90460000,78342
1,9046,90460000,90460100,1836,4590,90470000,78349
1,9047,90470000,90470100,1836,4590,90480000,78358
1,9048,90480000,90480100,1836,4590,90490000,78370
1,9049,90490000,90490100,1836,4590,90500000,78376
1,905,9050000,9050100,1836,4590,9060000,7835
1,9050,90500000,90500100,1836,4590,90510000,78384
1,9051,90510000,90510100,1836,4590,90520000,78394
1,9052,90520000,90520100,1836,4590,90530000,78402
1,9053,90530000,90530100,1836,4590,90540000,78409
1,9054,90540000,90540100,1836,4590,90550000,78421
1,9055,90550000,90550100,1836,4590,90560000,78428
1,9056,90560000,90560100,1836,4590,90570000,78437
1,9057,90570000,90570100,1836,4590,90580000,78445
1,9058,90580000,90580100,1836,4590,90590000,78455
1,9059,90590000,90590100,1836,4590,90600000,78461
1,906,9060000,9060100,1836,4590,9070000,7847
1,9060,90600000,90600100,1836,4590,90610000,78473
1,9061,90610000,90610100,1836,4590,90620000,78481
1,9062,90620000,90620100,1836,4590,90630000,78488
1,9063,90630000,90630100,1836,4590,90640000,78496
1,9064,90640000,90640100,1836,4590,90650000,78506
1,9065,90650000,90650100,1836,4590,90660000,78515
1,9066,90660000,90660100,1836,4590,90670000,78525
1,9067,90670000,90670100,1836,4590,90680000,78531
1,9068,90680000,90680100,1836,4590,90690000,78541
1,9069,90690000,90690100,1836,4590,90700000,78550
1,907,9070000,9070100,1836,4590,9080000,7854
1,9070,90700000,90700100,1836,4590,90710000,78558
1,9071,90710000,90710100,1836,4590,90720000,78564
1,9072,90720000,90720100,1836,4590,90730000,78578
1,9073,90730000,90730100,1836,4590,90740000,78584
1,9074,90740000,90740100,1836,4590,90750000,78591
1,9075,90750000,90750100,1836,4590,90760000,78603
1,9076,90760000,90760100,1836,4590,90770000,78611
1,9077,90770000,90770100,1836,4590,90780000,78617
1,9078,90780000,90780100,1836,4590,90790000,78627
1,9079,90790000,90790100,1836,4590,90800000,78635
1,908,9080000,9080100,1836,4590,9090000,7862
1,9080,90800000,90800100,1836,4590,90810000,78646
1,9081,90810000,90810100,1836,4590,90820000,78654
1,9082,90820000,90820100,1836,4590,90830000,78663
1,9083,90830000,90830100,1836,4590,90840000,78669
1,9084,90840000,90840100,1836,4590,90850000,78680
1,9085,90850000,90850100,1836,4590,90860000,78687
1,9086,90860000,90860100,1836,4590,90870000,78697
1,9087,90870000,90870100,1836,4590,90880000,78705
1,9088,90880000,90880100,1836,4590,90890000,78714
1,9089,90890000,90890100,1836,4590,90900000,78722
1,909,9090000,9090100,1836,4590,9100000,7870
1,9090,90900000,90900100,1836,4590,90910000,78733
1,9091,90910000,90910100,1836,4590,90920000,78740
1,9092,90920000,90920100,1836,4590,90930000,78748
1,9093,90930000,90930100,1836,4590,90940000,78758
1,9094,90940000,90940100,1836,4590,90950000,78765
1,9095,90950000,90950100,1836,4590,90960000,78772
1,9096,90960000,90960100,1836,4590,90970000,78786
1,9097,90970000,90970100,1836,4590,90980000,78793
1,9098,90980000,90980100,1836,4590,90990000,78800
1,9099,90990000,90990100,1836,4590,91000000,78808
1,91,910000,910100,1836,4590,920000,786
1,910,9100000,9100100,1836,4590,9110000,7880
1,9100,91000000,91000100,1836,4590,91010000,78819
1,9101,91010000,91010100,1836,4590,91020000,78825
1,9102,91020000,91020100,1836,4590,91030000,78836
1,9103,91030000,91030100,1836,4590,91040000,78844
1,9104,91040000,91040100,1836,4590,91050000,78853
1,9105,91050000,91050100,1836,4590,91060000,78862
1,9106,91060000,91060100,1836,4590,91070000,78869
1,9107,91070000,91070100,1836,4590,91080000,78877
1,9108,91080000,91080100,1836,4590,91090000,78889
1,9109,91090000,91090100,1836,4590,91100000,78895
1,911,9110000,9110100,1836,4590,9120000,7886
1,9110,91100000,91100100,1836,4590,91110000,78905
1,9111,91110000,91110100,1836,4590,91120000,78913
1,9112,91120000,91120100,1836,4590,91130000,78922
1,9113,91130000,91130100,1836,4590,91140000,78929
1,9114,91140000,91140100,1836,4590,91150000,78941
1,9115,91150000,91150100,1836,4590,91160000,78948
1,9116,91160000,91160100,1836,4590,91170000,78956
1,9117,91170000,91170100,1836,4590,91180000,78966
1,9118,91180000,91180100,1836,4590,91190000,78973
1,9119,91190000,91190100,1836,4590,91200000,78980
1,912,9120000,9120100,1836,4590,9130000,7898
1,9120,91200000,91200100,1836,4590,91210000,78993
1,9121,91210000,91210100,1836,4590,91220000,79001
1,9122,91220000,91220100,1836,4590,91230000,79008
1,9123,91230000,91230100,1836,4590,91240000,79016
1,9124,91240000,91240100,1836,4590,91250000,79027
1,9125,91250000,91250100,1836,4590,91260000,79034
1,9126,91260000,91260100,1836,4590,91270000,79044
1,9127,91270000,91270100,1836,4590,91280000,79050
1,9128,91280000,91280100,1836,4590,91290000,79061
1,9129,91290000,91290100,1836,4590,91300000,79069
1,913,9130000,9130100,1836,4590,9140000,7907
1,9130,91300000,91300100,1836,4590,91310000,79078
1,9131,91310000,91310100,1836,4590,91320000,79086
1,9132,91320000,91320100,1836,4590,91330000,79097
1,9133,91330000,91330100,1836,4590,91340000,79103
1,9134,91340000,91340100,1836,4590,91350000,79110
1,9135,91350000,91350100,1836,4590,91360000,79122
1,9136,91360000,91360100,1836,4590,91370000,79131
1,9137,91370000,91370100,1836,4590,91380000,79137
1,9138,91380000,91380100,1836,4590,91390000,79149
1,9139,91390000,91390100,1836,4590,91400000,79155
1,914,9140000,9140100,1836,4590,9150000,7914
1,9140,91400000,91400100,1836,4590,91410000,79164
1,9141,91410000,91410100,1836,4590,91420000,79173
1,9142,91420000,91420100,1836,4590,91430000,79182
1,9143,91430000,91430100,1836,4590,91440000,79188
1,9144,91440000,91440100,1836,4590,91450000,79200
1,9145,91450000,91450100,1836,4590,91460000,79209
1,9146,91460000,91460100,1836,4590,91470000,79217
1,9147,91470000,91470100,1836,4590,91480000,79225
1,9148,91480000,91480100,1836,4590,91490000,79233
1,9149,91490000,91490100,1836,4590,91500000,79241
1,915,9150000,9150100,1836,4590,9160000,7923
1,9150,91500000,91500100,1836,4590,91510000,79252
1,9151,91510000,91510100,1836,4590,91520000,79258
1,9152,91520000,91520100,1836,4590,91530000,79270
1,9153,91530000,91530100,1836,4590,91540000,79278
1,9154,91540000,91540100,1836,4590,91550000,79285
1,9155,91550000,91550100,1836,4590,91560000,79292
1,9156,91560000,91560100,1836,4590,91570000,79305
1,9157,91570000,91570100,1836,4590,91580000,79312
1,9158,91580000,91580100,1836,4590,91590000,79319
1,9159,91590000,91590100,1836,4590,91600000,79329
1,916,9160000,9160100,1836,4590,9170000,7931
1,9160,91600000,91600100,1836,4590,91610000,79339
1,9161,91610000,91610100,1836,4590,91620000,79345
1,9162,91620000,91620100,1836,4590,91630000,79355
1,9163,91630000,91630100,1836,4590,91640000,79364
1,9164,91640000,91640100,1836,4590,91650000,79372
1,9165,91650000,91650100,1836,4590,91660000,79381
1,9166,91660000,91660100,1836,4590,91670000,79390
1,9167,91670000,91670100,1836,4590,91680000,79396
1,9168,91680000,91680100,1836,4590,91690000,79409
1,9169,91690000,91690100,1836,4590,91700000,79415
1,917,9170000,9170100,1836,4590,9180000,7939
1,9170,91700000,91700100,1836,4590,91710000,79425
1,9171,91710000,91710100,1836,4590,91720000,79433
1,9172,91720000,91720100,1836,4590,91730000,79441
1,9173,91730000,91730100,1836,4590,91740000,79449
1,9174,91740000,91740100,1836,4590,91750000,79460
1,9175,91750000,91750100,1836,4590,91760000,79467
1,9176,91760000,91760100,1836,4590,91770000,79476
1,9177,91770000,91770100,1836,4590,91780000,79486
1,9178,91780000,91780100,1836,4590,91790000,79493
1,9179,91790000,91790100,1836,4590,91800000,79500
1,918,9180000,9180100,1836,4590,9190000,7950
1,9180,91800000,91800100,1836,4590,91810000,79514
1,9181,91810000,91810100,1836,4590,91820000,79520
1,9182,91820000,91820100,1836,4590,91830000,79527
1,9183,91830000,91830100,1836,4590,91840000,79535
1,9184,91840000,91840100,1836,4590,91850000,79546
1,9185,91850000,91850100,1836,4590,91860000,79554
1,9186,91860000,91860100,1836,4590,91870000,79564
1,9187,91870000,91870100,1836,4590,91880000,79572
1,9188,91880000,91880100,1836,4590,91890000,79580
1,9189,91890000,91890100,1836,4590,91900000,79588
1,919,9190000,9190100,1836,4590,9200000,7956
1,9190,91900000,91900100,1836,4590,91910000,79597
1,9191,91910000,91910100,1836,4590,91920000,79605
1,9192,91920000,91920100,1836,4590,91930000,79617
1,9193,91930000,91930100,1836,4590,91940000,79623
1,9194,91940000,91940100,1836,4590,91950000,79632
1,9195,91950000,91950100,1836,4590,91960000,79641
1,9196,91960000,91960100,1836,4590,91970000,79650
1,9197,91970000,91970100,1836,4590,91980000,79656
1,9198,91980000,91980100,1836,4590,91990000,79668
1,9199,91990000,91990100,1836,4590,92000000,79674
1,92,920000,920100,1836,4590,930000,794
1,920,9200000,9200100,1836,4590,9210000,7968
1,9200,92000000,92000100,1836,4590,92010000,79684
1,9201,92010000,92010100,1836,4590,92020000,79695
1,9202,92020000,92020100,1836,4590,92030000,79702
1,9203,92030000,92030100,1836,4590,92040000,79708
1,9204,92040000,92040100,1836,4590,92050000,79719
1,9205,92050000,92050100,1836,4590,92060000,79728
1,9206,92060000,92060100,1836,4590,92070000,79735
1,9207,92070000,92070100,1836,4590,92080000,79744
1,9208,92080000,92080100,1836,4590,92090000,79755
1,9209,92090000,92090100,1836,4590,92100000,79761
1,921,9210000,9210100,1836,4590,9220000,7976
1,9210,92100000,92100100,1836,4590,92110000,79772
1,9211,92110000,92110100,1836,4590,92120000,79778
1,9212,92120000,92120100,1836,4590,92130000,79789
1,9213,92130000,92130100,1836,4590,92140000,79797
1,9214,92140000,92140100,1836,4590,92150000,79804
1,9215,92150000,92150100,1836,4590,92160000,79813
1,9216,92160000,92160100,1836,4590,92170000,79825
1,9217,92170000,92170100,1836,4590,92180000,79831
1,9218,92180000,92180100,1836,4590,92190000,79839
1,9219,92190000,92190100,1836,4590,92200000,79849
1,922,9220000,9220100,1836,4590,9230000,7983
1,9220,92200000,92200100,1836,4590,92210000,79858
1,9221,92210000,92210100,1836,4590,92220000,79864
1,9222,92220000,92220100,1836,4590,92230000,79876
1,9223,92230000,92230100,1836,4590,92240000,79883
1,9224,92240000,92240100,1836,4590,92250000,79892
1,9225,92250000,92250100,1836,4590,92260000,79901
1,9226,92260000,92260100,1836,4590,92270000,79910
1,9227,92270000,92270100,1836,4590,92280000,79916
1,9228,92280000,92280100,1836,4590,92290000,79927
1,9229,92290000,92290100,1836,4590,92300000,79936
1,923,9230000,9230100,1836,4590,9240000,7989
1,9230,92300000,92300100,1836,4590,92310000,79944
1,9231,92310000,92310100,1836,4590,92320000,79952
1,9232,92320000,92320100,1836,4590,92330000,79961
1,9233,92330000,92330100,1836,4590,92340000,79969
1,9234,92340000,92340100,1836,4590,92350000,79980
1,9235,92350000,92350100,1836,4590,92360000,79987
1,9236,92360000,92360100,1836,4590,92370000,79997
1,9237,92370000,92370100,1836,4590,92380000,80005
1,9238,92380000,92380100,1836,4590,92390000,80012
1,9239,92390000,92390100,1836,4590,92400000,80018
1,924,9240000,9240100,1836,4590,9250000,8003
1,925,9250000,9250100,1836,4590,9260000,8010
1,926,9260000,9260100,1836,4590,9270000,8017
1,927,9270000,9270100,1836,4590,9280000,8027
1,928,9280000,9280100,1836,4590,9290000,8036
1,929,9290000,9290100,1836,4590,9300000,8043
1,93,930000,930100,1836,4590,940000,803
1,930,9300000,9300100,1836,4590,9310000,8054
1,931,9310000,9310100,1836,4590,9320000,8062
1,932,9320000,9320100,1836,4590,9330000,8070
1,933,9330000,9330100,1836,4590,9340000,8078
1,934,9340000,9340100,1836,4590,9350000,8087
1,935,9350000,9350100,1836,4590,9360000,8095
1,936,9360000,9360100,1836,4590,9370000,8107
1,937,9370000,9370100,1836,4590,9380000,8113
1,938,9380000,9380100,1836,4590,9390000,8122
1,939,9390000,9390100,1836,4590,9400000,8130
1,94,940000,940100,1836,4590,950000,812
1,940,9400000,9400100,1836,4590,9410000,8140
1,941,9410000,9410100,1836,4590,9420000,8148
1,942,9420000,9420100,1836,4590,9430000,8158
1,943,9430000,9430100,1836,4590,9440000,8164
1,944,9440000,9440100,1836,4590,9450000,8173
1,945,9450000,9450100,1836,4590,9460000,8184
1,946,9460000,9460100,1836,4590,9470000,8192
1,947,9470000,9470100,1836,4590,9480000,8198
1,948,9480000,9480100,1836,4590,9490000,8211
1,949,9490000,9490100,1836,4590,9500000,8217
1,95,950000,950100,1836,4590,960000,819
1,950,9500000,9500100,1836,4590,9510000,8225
1,951,9510000,9510100,1836,4590,9520000,8234
1,952,9520000,9520100,1836,4590,9530000,8245
1,953,9530000,9530100,1836,4590,9540000,8251
1,954,9540000,9540100,1836,4590,9550000,8261
1,955,9550000,9550100,1836,4590,9560000,8270
1,956,9560000,9560100,1836,4590,9570000,8278
1,957,9570000,9570100,1836,4590,9580000,8287
1,958,9580000,9580100,1836,4590,9590000,8294
1,959,9590000,9590100,1836,4590,9600000,8302
1,96,960000,960100,1836,4590,970000,831
1,960,9600000,9600100,1836,4590,9610000,8315
1,961,9610000,9610100,1836,4590,9620000,8321
1,962,9620000,9620100,1836,4590,9630000,8331
1,963,9630000,9630100,1836,4590,9640000,8339
1,964,9640000,9640100,1836,4590,9650000,8347
1,965,9650000,9650100,1836,4590,9660000,8354
1,966,9660000,9660100,1836,4590,9670000,8366
1,967,9670000,9670100,1836,4590,9680000,8372
1,968,9680000,9680100,1836,4590,9690000,8382
1,969,9690000,9690100,1836,4590,9700000,8392
1,97,970000,970100,1836,4590,980000,837
1,970,9700000,9700100,1836,4590,9710000,8400
1,971,9710000,9710100,1836,4590,9720000,8406
1,972,9720000,9720100,1836,4590,9730000,8417
1,973,9730000,9730100,1836,4590,9740000,8426
1,974,9740000,9740100,1836,4590,9750000,8433
1,975,9750000,9750100,1836,4590,9760000,8442
1,976,9760000,9760100,1836,4590,9770000,8453
1,977,9770000,9770100,1836,4590,9780000,8459
1,978,9780000,9780100,1836,4590,9790000,8469
1,979,9790000,9790100,1836,4590,9800000,8476
1,98,980000,980100,1836,4590,990000,846
1,980,9800000,9800100,1836,4590,9810000,8487
1,981,9810000,9810100,1836,4590,9820000,8495
1,982,9820000,9820100,1836,4590,9830000,8502
1,983,9830000,9830100,1836,4590,9840000,8510
1,984,9840000,9840100,1836,4590,9850000,8523
1,985,9850000,9850100,1836,4590,9860000,8530
1,986,9860000,9860100,1836,4590,9870000,8537
1,987,9870000,9870100,1836,4590,9880000,8547
1,988,9880000,9880100,1836,4590,9890000,8555
1,989,9890000,9890100,1836,4590,9900000,8561
1,99,990000,990100,1836,4590,1000000,855
1,990,9900000,9900100,1836,4590,9910000,8575
1,991,9910000,9910100,1836,4590,9920000,8581
1,992,9920000,9920100,1836,4590,9930000,8590
1,993,9930000,9930100,1836,4590,9940000,8598
1,994,9940000,9940100,1836,4590,9950000,8607
1,995,9950000,9950100,1836,4590,9960000,8615
1,996,9960000,9960100,1836,4590,9970000,8626
1,997,9970000,9970100,1836,4590,9980000,8634
1,998,9980000,9980100,1836,4590,9990000,8641
1,999,9990000,9990100,1836,4590,10000000,8649
10,0,0,100,159,396,35000,22
10,1,35000,35100,159,396,70000,56
10,10,350000,350100,159,396,385000,324
10,100,3500000,3500100,159,396,3535000,3053
10,1000,35000000,35000100,159,396,35035000,30335
10,1001,35035000,35035100,159,396,35070000,30372
10,1002,35070000,35070100,159,396,35105000,30400
10,1003,35105000,35105100,159,396,35140000,30432
10,1004,35140000,35140100,159,396,35175000,30459
10,1005,35175000,35175100,159,396,35210000,30493
10,1006,35210000,35210100,159,396,35245000,30519
10,1007,35245000,35245100,159,396,35280000,30553
10,1008,35280000,35280100,159,396,35315000,30581
10,1009,35315000,35315100,159,396,35350000,30613
10,101,3535000,3535100,159,396,3570000,3088
10,1010,35350000,35350100,159,396,35385000,30641
10,1011,35385000,35385100,159,396,35420000,30674
10,1012,35420000,35420100,159,396,35455000,30701
10,1013,35455000,35455100,159,396,35490000,30736
10,1014,35490000,35490100,159,396,35525000,30764
10,1015,35525000,35525100,159,396,35560000,30796
10,1016,35560000,35560100,159,396,35595000,30822
10,1017,35595000,35595100,159,396,35630000,30855
10,1018,35630000,35630100,159,396,35665000,30883
10,1019,35665000,35665100,159,396,35700000,30918
10,102,3570000,3570100,159,396,3605000,3117
10,1020,35700000,35700100,159,396,35735000,30944
10,1021,35735000,35735100,159,396,35770000,30979
10,1022,35770000,35770100,159,396,35805000,31005
10,1023,35805000,35805100,159,396,35840000,31037
10,1024,35840000,35840100,159,396,35875000,31064
10,1025,35875000,35875100,159,396,35910000,31099
10,1026,35910000,35910100,159,396,35945000,31127
10,1027,35945000,35945100,159,396,35980000,31160
10,1028,35980000,35980100,159,396,36015000,31187
10,1029,36015000,36015100,159,396,36050000,31219
10,103,3605000,3605100,159,396,3640000,3148
10,1030,36050000,36050100,159,396,36085000,31248
10,1031,36085000,36085100,159,396,36120000,31281
10,1032,36120000,36120100,159,396,36155000,31308
10,1033,36155000,36155100,159,396,36190000,31341
10,1034,36190000,36190100,159,396,36225000,31368
10,1035,36225000,36225100,159,396,36260000,31403
10,1036,36260000,36260100,159,396,36295000,31427
10,1037,36295000,36295100,159,396,36330000,31464
10,1038,36330000,36330100,159,396,36365000,31492
10,1039,36365000,36365100,159,396,36400000,31522
10,104,3640000,3640100,159,396,3675000,3174
10,1040,36400000,36400100,159,396,36435000,31550
10,1041,36435000,36435100,159,396,36470000,31583
10,1042,36470000,36470100,159,396,36505000,31611
10,1043,36505000,36505100,159,396,36540000,31645
10,1044,36540000,36540100,159,396,36575000,31672
10,1045,36575000,36575100,159,396,36610000,31706
10,1046,36610000,36610100,159,396,36645000,31733
10,1047,36645000,36645100,159,396,36680000,31765
10,1048,36680000,36680100,159,396,36715000,31791
10,1049,36715000,36715100,159,396,36750000,31827
10,105,3675000,3675100,159,396,3710000,3208
10,1050,36750000,36750100,159,396,36785000,31854
10,1051,36785000,36785100,159,396,36820000,31888
10,1052,36820000,36820100,159,396,36855000,31915
10,1053,36855000,36855100,159,396,36890000,31947
10,1054,36890000,36890100,159,396,36925000,31975
10,1055,36925000,36925100,159,396,36960000,32008
10,1056,36960000,36960100,159,396,36995000,32035
10,1057,36995000,36995100,159,396,37030000,32069
10,1058,37030000,37030100,159,396,37065000,32096
10,1059,37065000,37065100,159,396,37100000,32129
10,106,3710000,3710100,159,396,3745000,3235
10,1060,37100000,37100100,159,396,37135000,32156
10,1061,37135000,37135100,159,396,37170000,32191
10,1062,37170000,37170100,159,396,37205000,32220
10,1063,37205000,37205100,159,396,37240000,32251
10,1064,37240000,37240100,159,396,37275000,32277
10,1065,37275000,37275100,159,396,37310000,32311
10,1066,37310000,37310100,159,396,37345000,32337
10,1067,37345000,37345100,159,396,37380000,32373
10,1068,37380000,37380100,159,396,37415000,32400
10,1069,37415000,37415100,159,396,37450000,32433
10,107,3745000,3745100,159,396,3780000,3270
10,1070,37450000,37450100,159,396,37485000,32460
10,1071,37485000,37485100,159,396,37520000,32493
10,1072,37520000,37520100,159,396,37555000,32519
10,1073,37555000,37555100,159,396,37590000,32554
10,1074,37590000,37590100,159,396,37625000,32583
10,1075,37625000,37625100,159,396,37660000,32615
10,1076,37660000,37660100,159,396,37695000,32642
10,1077,37695000,37695100,159,396,37730000,32674
10,1078,37730000,37730100,159,396,37765000,32703
10,1079,37765000,37765100,159,396,37800000,32736
10,108,3780000,3780100,159,396,3815000,3297
10,1080,37800000,37800100,159,396,37835000,32762
10,1081,37835000,37835100,159,396,37870000,32797
10,1082,37870000,37870100,159,396,37905000,32824
10,1083,37905000,37905100,159,396,37940000,32857
10,1084,37940000,37940100,159,396,37975000,32883
10,1085,37975000,37975100,159,396,38010000,32920
10,1086,38010000,38010100,159,396,38045000,32946
10,1087,38045000,38045100,159,396,38080000,32978
10,1088,38080000,38080100,159,396,38115000,33005
10,1089,38115000,38115100,159,396,38150000,33037
10,109,3815000,3815100,159,396,3850000,3330
10,1090,38150000,38150100,159,396,38185000,33066
10,1091,38185000,38185100,159,396,38220000,33100
10,1092,38220000,38220100,159,396,38255000,33128
10,1093,38255000,38255100,159,396,38290000,33161
10,1094,38290000,38290100,159,396,38325000,33188
10,1095,38325000,38325100,159,396,38360000,33221
10,1096,38360000,38360100,159,396,38395000,33246
10,1097,38395000,38395100,159,396,38430000,33282
10,1098,38430000,38430100,159,396,38465000,33310
10,1099,38465000,38465100,159,396,38500000,33342
10,11,385000,385100,159,396,420000,360
10,110,3850000,3850100,159,396,3885000,3357
10,1100,38500000,38500100,159,396,38535000,33369
10,1101,38535000,38535100,159,396,38570000,33403
10,1102,38570000,38570100,159,396,38605000,33430
10,1103,38605000,38605100,159,396,38640000,33463
10,1104,38640000,38640100,159,396,38675000,33491
10,1105,38675000,38675100,159,396,38710000,33524
10,1106,38710000,38710100,159,396,38745000,33551
10,1107,38745000,38745100,159,396,38780000,33585
10,1108,38780000,38780100,159,396,38815000,33611
10,1109,38815000,38815100,159,396,38850000,33646
10,111,3885000,3885100,159,396,3920000,3390
10,1110,38850000,38850100,159,396,38885000,33674
10,1111,38885000,38885100,159,396,38920000,33706
10,1112,38920000,38920100,159,396,38955000,33733
10,1113,38955000,38955100,159,396,38990000,33765
10,1114,38990000,38990100,159,396,39025000,33793
10,1115,39025000,39025100,159,396,39060000,33829
10,1116,39060000,39060100,159,396,39095000,33854
10,1117,39095000,39095100,159,396,39130000,33889
10,1118,39130000,39130100,159,396,39165000,33916
10,1119,39165000,39165100,159,396,39200000,33947
10,112,3920000,3920100,159,396,3955000,3416
10,1120,39200000,39200100,159,396,39235000,33974
10,1121,39235000,39235100,159,396,39270000,34009
10,1122,39270000,39270100,159,396,39305000,34038
10,1123,39305000,39305100,159,396,39340000,34070
10,1124,39340000,39340100,159,396,39375000,34097
10,1125,39375000,39375100,159,396,39410000,34130
10,1126,39410000,39410100,159,396,39445000,34158
10,1127,39445000,39445100,159,396,39480000,34191
10,1128,39480000,39480100,159,396,39515000,34218
10,1129,39515000,39515100,159,396,39550000,34252
10,113,3955000,3955100,159,396,3990000,3451
10,1130,39550000,39550100,159,396,39585000,34278
10,1131,39585000,39585100,159,396,39620000,34313
10,1132,39620000,39620100,159,396,39655000,34338
10,1133,39655000,39655100,159,396,39690000,34374
10,1134,39690000,39690100,159,396,39725000,34402
10,1135,39725000,39725100,159,396,39760000,34433
10,1136,39760000,39760100,159,396,39795000,34460
10,1137,39795000,39795100,159,396,39830000,34493
10,1138,39830000,39830100,159,396,39865000,34521
10,1139,39865000,39865100,159,396,39900000,34555
10,114,3990000,3990100,159,396,4025000,3480
10,1140,39900000,39900100,159,396,39935000,34583
10,1141,39935000,39935100,159,396,39970000,34616
10,1142,39970000,39970100,159,396,40005000,34644
10,1143,40005000,40005100,159,396,40040000,34675
10,1144,40040000,40040100,159,396,40075000,34701
10,1145,40075000,40075100,159,396,40110000,34738
10,1146,40110000,40110100,159,396,40145000,34764
10,1147,40145000,40145100,159,396,40180000,34798
10,1148,40180000,40180100,159,396,40215000,34825
10,1149,40215000,40215100,159,396,40250000,34857
10,115,4025000,4025100,159,396,4060000,3512
10,1150,40250000,40250100,159,396,40285000,34885
10,1151,40285000,40285100,159,396,40320000,34919
10,1152,40320000,40320100,159,396,40355000,34946
10,1153,40355000,40355100,159,396,40390000,34979
10,1154,40390000,40390100,159,396,40425000,35006
10,1155,40425000,40425100,159,396,40460000,35040
10,1156,40460000,40460100,159,396,40495000,35066
10,1157,40495000,40495100,159,396,40530000,35101
10,1158,40530000,40530100,159,396,40565000,35130
10,1159,40565000,40565100,159,396,40600000,35161
10,116,4060000,4060100,159,396,4095000,3539
10,1160,40600000,40600100,159,396,40635000,35187
10,1161,40635000,40635100,159,396,40670000,35221
10,1162,40670000,40670100,159,396,40705000,35249
10,1163,40705000,40705100,159,396,40740000,35283
10,1164,40740000,40740100,159,396,40775000,35310
10,1165,40775000,40775100,159,396,40810000,35344
10,1166,40810000,40810100,159,396,40845000,35370
10,1167,40845000,40845100,159,396,40880000,35403
10,1168,40880000,40880100,159,396,40915000,35429
10,1169,40915000,40915100,159,396,40950000,35464
10,117,4095000,4095100,159,396,4130000,3572
10,1170,40950000,40950100,159,396,40985000,35493
10,1171,40985000,40985100,159,396,41020000,35525
10,1172,41020000,41020100,159,396,41055000,35553
10,1173,41055000,41055100,159,396,41090000,35585
10,1174,41090000,41090100,159,396,41125000,35613
10,1175,41125000,41125100,159,396,41160000,35647
10,1176,41160000,41160100,159,396,41195000,35672
10,1177,41195000,41195100,159,396,41230000,35707
10,1178,41230000,41230100,159,396,41265000,35734
10,1179,41265000,41265100,159,396,41300000,35767
10,118,4130000,4130100,159,396,4165000,3600
10,1180,41300000,41300100,159,396,41335000,35793
10,1181,41335000,41335100,159,396,41370000,35830
10,1182,41370000,41370100,159,396,41405000,35857
10,1183,41405000,41405100,159,396,41440000,35888
10,1184,41440000,41440100,159,396,41475000,35916
10,1185,41475000,41475100,159,396,41510000,35948
10,1186,41510000,41510100,159,396,41545000,35976
10,1187,41545000,41545100,159,396,41580000,36010
10,1188,41580000,41580100,159,396,41615000,36038
10,1189,41615000,41615100,159,396,41650000,36071
10,119,4165000,4165100,159,396,4200000,3633
10,1190,41650000,41650100,159,396,41685000,36098
10,1191,41685000,41685100,159,396,41720000,36131
10,1192,41720000,41720100,159,396,41755000,36157
10,1193,41755000,41755100,159,396,41790000,36192
10,1194,41790000,41790100,159,396,41825000,36220
10,1195,41825000,41825100,159,396,41860000,36254
10,1196,41860000,41860100,159,396,41895000,36279
10,1197,41895000,41895100,159,396,41930000,36313
10,1198,41930000,41930100,159,396,41965000,36340
10,1199,41965000,41965100,159,396,42000000,36373
10,12,420000,420100,159,396,455000,387
10,120,4200000,4200100,159,396,4235000,3659
10,1200,42000000,42000100,159,396,42035000,36401
10,1201,42035000,42035100,159,396,42070000,36434
10,1202,42070000,42070100,159,396,42105000,36462
10,1203,42105000,42105100,159,396,42140000,36495
10,1204,42140000,42140100,159,396,42175000,36521
10,1205,42175000,42175100,159,396,42210000,36557
10,1206,42210000,42210100,159,396,42245000,36585
10,1207,42245000,42245100,159,396,42280000,36616
10,1208,42280000,42280100,159,396,42315000,36643
10,1209,42315000,42315100,159,396,42350000,36675
10,121,4235000,4235100,159,396,4270000,3694
10,1210,42350000,42350100,159,396,42385000,36703
10,1211,42385000,42385100,159,396,42420000,36739
10,1212,42420000,42420100,159,396,42455000,36765
10,1213,42455000,42455100,159,396,42490000,36799
10,1214,42490000,42490100,159,396,42525000,36826
10,1215,42525000,42525100,159,396,42560000,36858
10,1216,42560000,42560100,159,396,42595000,36884
10,1217,42595000,42595100,159,396,42630000,36920
10,1218,42630000,42630100,159,396,42665000,36948
10,1219,42665000,42665100,159,396,42700000,36980
10,122,4270000,4270100,159,396,4305000,3721
10,1220,42700000,42700100,159,396,42735000,37007
10,1221,42735000,42735100,159,396,42770000,37040
10,1222,42770000,42770100,159,396,42805000,37069
10,1223,42805000,42805100,159,396,42840000,37101
10,1224,42840000,42840100,159,396,42875000,37128
10,1225,42875000,42875100,159,396,42910000,37163
10,1226,42910000,42910100,159,396,42945000,37188
10,1227,42945000,42945100,159,396,42980000,37223
10,1228,42980000,42980100,159,396,43015000,37249
10,1229,43015000,43015100,159,396,43050000,37284
10,123,4305000,4305100,159,396,4340000,3754
10,1230,43050000,43050100,159,396,43085000,37312
10,1231,43085000,43085100,159,396,43120000,37343
10,1232,43120000,43120100,159,396,43155000,37371
10,1233,43155000,43155100,159,396,43190000,37403
10,1234,43190000,43190100,159,396,43225000,37431
10,1235,43225000,43225100,159,396,43260000,37466
10,1236,43260000,43260100,159,396,43295000,37493
10,1237,43295000,43295100,159,396,43330000,37526
10,1238,43330000,43330100,159,396,43365000,37554
10,1239,43365000,43365100,159,396,43400000,37586
10,124,4340000,4340100,159,396,4375000,3780
10,1240,43400000,43400100,159,396,43435000,37611
10,1241,43435000,43435100,159,396,43470000,37648
10,1242,43470000,43470100,159,396,43505000,37675
10,1243,43505000,43505100,159,396,43540000,37708
10,1244,43540000,43540100,159,396,43575000,37735
10,1245,43575000,43575100,159,396,43610000,37768
10,1246,43610000,43610100,159,396,43645000,37795
10,1247,43645000,43645100,159,396,43680000,37829
10,1248,43680000,43680100,159,396,43715000,37856
10,1249,43715000,43715100,159,396,43750000,37889
10,125,4375000,4375100,159,396,4410000,3817
10,1250,43750000,43750100,159,396,43785000,37917
10,1251,43785000,43785100,159,396,43820000,37950
10,1252,43820000,43820100,159,396,43855000,37977
10,1253,43855000,43855100,159,396,43890000,38011
10,1254,43890000,43890100,159,396,43925000,38040
10,1255,43925000,43925100,159,396,43960000,38072
10,1256,43960000,43960100,159,396,43995000,38097
10,1257,43995000,43995100,159,396,44030000,38131
10,1258,44030000,44030100,159,396,44065000,38159
10,1259,44065000,44065100,159,396,44100000,38193
10,126,4410000,4410100,159,396,4445000,3843
10,1260,44100000,44100100,159,396,44135000,38220
10,1261,44135000,44135100,159,396,44170000,38255
10,1262,44170000,44170100,159,396,44205000,38281
10,1263,44205000,44205100,159,396,44240000,38313
10,1264,44240000,44240100,159,396,44275000,38339
10,1265,44275000,44275100,159,396,44310000,38375
10,1266,44310000,44310100,159,396,44345000,38403
10,1267,44345000,44345100,159,396,44380000,38435
10,1268,44380000,44380100,159,396,44415000,38463
10,1269,44415000,44415100,159,396,44450000,38495
10,127,4445000,4445100,159,396,4480000,3875
10,1270,44450000,44450100,159,396,44485000,38523
10,1271,44485000,44485100,159,396,44520000,38557
10,1272,44520000,44520100,159,396,44555000,38584
10,1273,44555000,44555100,159,396,44590000,38617
10,1274,44590000,44590100,159,396,44625000,38644
10,1275,44625000,44625100,159,396,44660000,38678
10,1276,44660000,44660100,159,396,44695000,38703
10,1277,44695000,44695100,159,396,44730000,38740
10,1278,44730000,44730100,159,396,44765000,38767
10,1279,44765000,44765100,159,396,44800000,38798
10,128,4480000,4480100,159,396,4515000,3903
10,1280,44800000,44800100,159,396,44835000,38826
10,1281,44835000,44835100,159,396,44870000,38858
10,1282,44870000,44870100,159,396,44905000,38887
10,1283,44905000,44905100,159,396,44940000,38921
10,1284,44940000,44940100,159,396,44975000,38948
10,1285,44975000,44975100,159,396,45010000,38982
10,1286,45010000,45010100,159,396,45045000,39008
10,1287,45045000,45045100,159,396,45080000,39041
10,1288,45080000,45080100,159,396,45115000,39067
10,1289,45115000,45115100,159,396,45150000,39102
10,129,4515000,4515100,159,396,4550000,3934
10,1290,45150000,45150100,159,396,45185000,39130
10,1291,45185000,45185100,159,396,45220000,39164
10,1292,45220000,45220100,159,396,45255000,39190
10,1293,45255000,45255100,159,396,45290000,39223
10,1294,45290000,45290100,159,396,45325000,39251
10,1295,45325000,45325100,159,396,45360000,39284
10,1296,45360000,45360100,159,396,45395000,39311
10,1297,45395000,45395100,159,396,45430000,39344
10,1298,45430000,45430100,159,396,45465000,39372
10,1299,45465000,45465100,159,396,45500000,39405
10,13,455000,455100,159,396,490000,420
10,130,4550000,4550100,159,396,4585000,3963
10,1300,45500000,45500100,159,396,45535000,39431
10,1301,45535000,45535100,159,396,45570000,39467
10,1302,45570000,45570100,159,396,45605000,39496
10,1303,45605000,45605100,159,396,45640000,39526
10,1304,45640000,45640100,159,396,45675000,39553
10,1305,45675000,45675100,159,396,45710000,39587
10,1306,45710000,45710100,159,396,45745000,39613
10,1307,45745000,45745100,159,396,45780000,39649
10,1308,45780000,45780100,159,396,45815000,39675
10,1309,45815000,45815100,159,396,45850000,39709
10,131,4585000,4585100,159,396,4620000,3997
10,1310,45850000,45850100,159,396,45885000,39736
10,1311,45885000,45885100,159,396,45920000,39768
10,1312,45920000,45920100,159,396,45955000,39795
10,1313,45955000,45955100,159,396,45990000,39830
10,1314,45990000,45990100,159,396,46025000,39858
10,1315,46025000,46025100,159,396,46060000,39891
10,1316,46060000,46060100,159,396,46095000,39918
10,1317,46095000,46095100,159,396,46130000,39950
10,1318,46130000,46130100,159,396,46165000,39979
10,1319,46165000,46165100,159,396,46200000,40011
10,132,4620000,4620100,159,396,4655000,4025
10,1320,46200000,46200100,159,396,46235000,40038
10,1321,46235000,46235100,159,396,46270000,40073
10,1322,46270000,46270100,159,396,46305000,40099
10,1323,46305000,46305100,159,396,46340000,40133
10,1324,46340000,46340100,159,396,46375000,40159
10,1325,46375000,46375100,159,396,46410000,40195
10,1326,46410000,46410100,159,396,46445000,40222
10,1327,46445000,46445100,159,396,46480000,40254
10,1328,46480000,46480100,159,396,46515000,40281
10,1329,46515000,46515100,159,396,46550000,40313
10,133,4655000,4655100,159,396,4690000,4058
10,1330,46550000,46550100,159,396,46585000,40341
10,1331,46585000,46585100,159,396,46620000,40376
10,1332,46620000,46620100,159,396,46655000,40404
10,1333,46655000,46655100,159,396,46690000,40436
10,1334,46690000,46690100,159,396,46725000,40464
10,1335,46725000,46725100,159,396,46760000,40497
10,1336,46760000,46760100,159,396,46795000,40521
10,1337,46795000,46795100,159,396,46830000,40558
10,1338,46830000,46830100,159,396,46865000,40586
10,1339,46865000,46865100,159,396,46900000,40618
10,134,4690000,4690100,159,396,4725000,4085
10,1340,46900000,46900100,159,396,46935000,40645
10,1341,46935000,46935100,159,396,46970000,40678
10,1342,46970000,46970100,159,396,47005000,40706
10,1343,47005000,47005100,159,396,47040000,40739
10,1344,47040000,47040100,159,396,47075000,40766
10,1345,47075000,47075100,159,396,47110000,40800
10,1346,47110000,47110100,159,396,47145000,40827
10,1347,47145000,47145100,159,396,47180000,40860
10,1348,47180000,47180100,159,396,47215000,40887
10,1349,47215000,47215100,159,396,47250000,40922
10,135,4725000,4725100,159,396,4760000,4118
10,1350,47250000,47250100,159,396,47285000,40950
10,1351,47285000,47285100,159,396,47320000,40982
10,1352,47320000,47320100,159,396,47355000,41008
10,1353,47355000,47355100,159,396,47390000,41041
10,1354,47390000,47390100,159,396,47425000,41069
10,1355,47425000,47425100,159,396,47460000,41104
10,1356,47460000,47460100,159,396,47495000,41130
10,1357,47495000,47495100,159,396,47530000,41165
10,1358,47530000,47530100,159,396,47565000,41191
10,1359,47565000,47565100,159,396,47600000,41223
10,136,4760000,4760100,159,396,4795000,4143
10,1360,47600000,47600100,159,396,47635000,41250
10,1361,47635000,47635100,159,396,47670000,41285
10,1362,47670000,47670100,159,396,47705000,41314
10,1363,47705000,47705100,159,396,47740000,41345
10,1364,47740000,47740100,159,396,47775000,41373
10,1365,47775000,47775100,159,396,47810000,41406
10,1366,47810000,47810100,159,396,47845000,41433
10,1367,47845000,47845100,159,396,47880000,41467
10,1368,47880000,47880100,159,396,47915000,41494
10,1369,47915000,47915100,159,396,47950000,41527
10,137,4795000,4795100,159,396,4830000,4179
10,1370,47950000,47950100,159,396,47985000,41554
10,1371,47985000,47985100,159,396,48020000,41589
10,1372,48020000,48020100,159,396,48055000,41614
10,1373,48055000,48055100,159,396,48090000,41650
10,1374,48090000,48090100,159,396,48125000,41677
10,1375,48125000,48125100,159,396,48160000,41709
10,1376,48160000,48160100,159,396,48195000,41736
10,1377,48195000,48195100,159,396,48230000,41768
10,1378,48230000,48230100,159,396,48265000,41797
10,1379,48265000,48265100,159,396,48300000,41831
10,138,4830000,4830100,159,396,4865000,4207
10,1380,48300000,48300100,159,396,48335000,41858
10,1381,48335000,48335100,159,396,48370000,41892
10,1382,48370000,48370100,159,396,48405000,41920
10,1383,48405000,48405100,159,396,48440000,41951
10,1384,48440000,48440100,159,396,48475000,41977
10,1385,48475000,48475100,159,396,48510000,42013
10,1386,48510000,48510100,159,396,48545000,42040
10,1387,48545000,48545100,159,396,48580000,42074
10,1388,48580000,48580100,159,396,48615000,42100
10,1389,48615000,48615100,159,396,48650000,42133
10,139,4865000,4865100,159,396,4900000,4240
10,1390,48650000,48650100,159,396,48685000,42161
10,1391,48685000,48685100,159,396,48720000,42194
10,1392,48720000,48720100,159,396,48755000,42222
10,1393,48755000,48755100,159,396,48790000,42255
10,1394,48790000,48790100,159,396,48825000,42282
10,1395,48825000,48825100,159,396,48860000,42316
10,1396,48860000,48860100,159,396,48895000,42341
10,1397,48895000,48895100,159,396,48930000,42377
10,1398,48930000,48930100,159,396,48965000,42406
10,1399,48965000,48965100,159,396,49000000,42436
10,14,490000,490100,159,396,525000,447
10,140,4900000,4900100,159,396,4935000,4266
10,1400,49000000,49000100,159,396,49035000,42463
10,1401,49035000,49035100,159,396,49070000,42497
10,1402,49070000,49070100,159,396,49105000,42524
10,1403,49105000,49105100,159,396,49140000,42559
10,1404,49140000,49140100,159,396,49175000,42586
10,1405,49175000,49175100,159,396,49210000,42620
10,1406,49210000,49210100,159,396,49245000,42646
10,1407,49245000,49245100,159,396,49280000,42678
10,1408,49280000,49280100,159,396,49315000,42705
10,1409,49315000,49315100,159,396,49350000,42740
10,141,4935000,4935100,159,396,4970000,4300
10,1410,49350000,49350100,159,396,49385000,42768
10,1411,49385000,49385100,159,396,49420000,42801
10,1412,49420000,49420100,159,396,49455000,42829
10,1413,49455000,49455100,159,396,49490000,42860
10,1414,49490000,49490100,159,396,49525000,42889
10,1415,49525000,49525100,159,396,49560000,42923
10,1416,49560000,49560100,159,396,49595000,42948
10,1417,49595000,49595100,159,396,49630000,42983
10,1418,49630000,49630100,159,396,49665000,43009
10,1419,49665000,49665100,159,396,49700000,43043
10,142,4970000,4970100,159,396,5005000,4327
10,1420,49700000,49700100,159,396,49735000,43069
10,1421,49735000,49735100,159,396,49770000,43105
10,1422,49770000,49770100,159,396,49805000,43133
10,1423,49805000,49805100,159,396,49840000,43164
10,1424,49840000,49840100,159,396,49875000,43191
10,1425,49875000,49875100,159,396,49910000,43224
10,1426,49910000,49910100,159,396,49945000,43252
10,1427,49945000,49945100,159,396,49980000,43286
10,1428,49980000,49980100,159,396,50015000,43314
10,1429,50015000,50015100,159,396,50050000,43346
10,143,5005000,5005100,159,396,5040000,4360
10,1430,50050000,50050100,159,396,50085000,43374
10,1431,50085000,50085100,159,396,50120000,43407
10,1432,50120000,50120100,159,396,50155000,43432
10,1433,50155000,50155100,159,396,50190000,43468
10,1434,50190000,50190100,159,396,50225000,43496
10,1435,50225000,50225100,159,396,50260000,43529
10,1436,50260000,50260100,159,396,50295000,43555
10,1437,50295000,50295100,159,396,50330000,43589
10,1438,50330000,50330100,159,396,50365000,43616
10,1439,50365000,50365100,159,396,50400000,43649
10,144,5040000,5040100,159,396,5075000,4388
10,1440,50400000,50400100,159,396,50435000,43676
10,1441,50435000,50435100,159,396,50470000,43710
10,1442,50470000,50470100,159,396,50505000,43738
10,1443,50505000,50505100,159,396,50540000,43770
10,1444,50540000,50540100,159,396,50575000,43797
10,1445,50575000,50575100,159,396,50610000,43833
10,1446,50610000,50610100,159,396,50645000,43860
10,1447,50645000,50645100,159,396,50680000,43892
10,1448,50680000,50680100,159,396,50715000,43919
10,1449,50715000,50715100,159,396,50750000,43951
10,145,5075000,5075100,159,396,5110000,4421
10,1450,50750000,50750100,159,396,50785000,43979
10,1451,50785000,50785100,159,396,50820000,44014
10,1452,50820000,50820100,159,396,50855000,44041
10,1453,50855000,50855100,159,396,50890000,44075
10,1454,50890000,50890100,159,396,50925000,44101
10,1455,50925000,50925100,159,396,50960000,44134
10,1456,50960000,50960100,159,396,50995000,44160
10,1457,50995000,50995100,159,396,51030000,44195
10,1458,51030000,51030100,159,396,51065000,44224
10,1459,51065000,51065100,159,396,51100000,44256
10,146,5110000,5110100,159,396,5145000,4448
10,1460,51100000,51100100,159,396,51135000,44283
10,1461,51135000,51135100,159,396,51170000,44316
10,1462,51170000,51170100,159,396,51205000,44344
10,1463,51205000,51205100,159,396,51240000,44377
10,1464,51240000,51240100,159,396,51275000,44404
10,1465,51275000,51275100,159,396,51310000,44438
10,1466,51310000,51310100,159,396,51345000,44464
10,1467,51345000,51345100,159,396,51380000,44499
10,1468,51380000,51380100,159,396,51415000,44524
10,1469,51415000,51415100,159,396,51450000,44560
10,147,5145000,5145100,159,396,5180000,4482
10,1470,51450000,51450100,159,396,51485000,44588
10,1471,51485000,51485100,159,396,51520000,44619
10,1472,51520000,51520100,159,396,51555000,44647
10,1473,51555000,51555100,159,396,51590000,44678
10,1474,51590000,51590100,159,396,51625000,44707
10,1475,51625000,51625100,159,396,51660000,44742
10,1476,51660000,51660100,159,396,51695000,44768
10,1477,51695000,51695100,159,396,51730000,44802
10,1478,51730000,51730100,159,396,51765000,44830
10,1479,51765000,51765100,159,396,51800000,44861
10,148,5180000,5180100,159,396,5215000,4508
10,1480,51800000,51800100,159,396,51835000,44887
10,1481,51835000,51835100,159,396,51870000,44924
10,1482,51870000,51870100,159,396,51905000,44951
10,1483,51905000,51905100,159,396,51940000,44984
10,1484,51940000,51940100,159,396,51975000,45010
10,1485,51975000,51975100,159,396,52010000,45044
10,1486,52010000,52010100,159,396,52045000,45071
10,1487,52045000,52045100,159,396,52080000,45104
10,1488,52080000,52080100,159,396,52115000,45132
10,1489,52115000,52115100,159,396,52150000,45165
10,149,5215000,5215100,159,396,5250000,4543
10,1490,52150000,52150100,159,396,52185000,45192
10,1491,52185000,52185100,159,396,52220000,45226
10,1492,52220000,52220100,159,396,52255000,45253
10,1493,52255000,52255100,159,396,52290000,45287
10,1494,52290000,52290100,159,396,52325000,45316
10,1495,52325000,52325100,159,396,52360000,45347
10,1496,52360000,52360100,159,396,52395000,45373
10,1497,52395000,52395100,159,396,52430000,45407
10,1498,52430000,52430100,159,396,52465000,45434
10,1499,52465000,52465100,159,396,52500000,45469
10,15,525000,525100,159,396,560000,480
10,150,5250000,5250100,159,396,5285000,4572
10,1500,52500000,52500100,159,396,52535000,45496
10,1501,52535000,52535100,159,396,52570000,45530
10,1502,52570000,52570100,159,396,52605000,45557
10,1503,52605000,52605100,159,396,52640000,45589
10,1504,52640000,52640100,159,396,52675000,45615
10,1505,52675000,52675100,159,396,52710000,45651
10,1506,52710000,52710100,159,396,52745000,45678
10,1507,52745000,52745100,159,396,52780000,45711
10,1508,52780000,52780100,159,396,52815000,45739
10,1509,52815000,52815100,159,396,52850000,45770
10,151,5285000,5285100,159,396,5320000,4603
10,1510,52850000,52850100,159,396,52885000,45799
10,1511,52885000,52885100,159,396,52920000,45833
10,1512,52920000,52920100,159,396,52955000,45859
10,1513,52955000,52955100,159,396,52990000,45893
10,1514,52990000,52990100,159,396,53025000,45920
10,1515,53025000,53025100,159,396,53060000,45954
10,1516,53060000,53060100,159,396,53095000,45979
10,1517,53095000,53095100,159,396,53130000,46015
10,1518,53130000,53130100,159,396,53165000,46043
10,1519,53165000,53165100,159,396,53200000,46074
10,152,5320000,5320100,159,396,5355000,4630
10,1520,53200000,53200100,159,396,53235000,46101
10,1521,53235000,53235100,159,396,53270000,46134
10,1522,53270000,53270100,159,396,53305000,46163
10,1523,53305000,53305100,159,396,53340000,46196
10,1524,53340000,53340100,159,396,53375000,46224
10,1525,53375000,53375100,159,396,53410000,46258
10,1526,53410000,53410100,159,396,53445000,46284
10,1527,53445000,53445100,159,396,53480000,46317
10,1528,53480000,53480100,159,396,53515000,46342
10,1529,53515000,53515100,159,396,53550000,46378
10,153,5355000,5355100,159,396,5390000,4662
10,1530,53550000,53550100,159,396,53585000,46406
10,1531,53585000,53585100,159,396,53620000,46439
10,1532,53620000,53620100,159,396,53655000,46466
10,1533,53655000,53655100,159,396,53690000,46499
10,1534,53690000,53690100,159,396,53725000,46526
10,1535,53725000,53725100,159,396,53760000,46560
10,1536,53760000,53760100,159,396,53795000,46587
10,1537,53795000,53795100,159,396,53830000,46620
10,1538,53830000,53830100,159,396,53865000,46648
10,1539,53865000,53865100,159,396,53900000,46680
10,154,5390000,5390100,159,396,5425000,4690
10,1540,53900000,53900100,159,396,53935000,46707
10,1541,53935000,53935100,159,396,53970000,46743
10,1542,53970000,53970100,159,396,54005000,46771
10,1543,54005000,54005100,159,396,54040000,46802
10,1544,54040000,54040100,159,396,54075000,46829
10,1545,54075000,54075100,159,396,54110000,46862
10,1546,54110000,54110100,159,396,54145000,46889
10,1547,54145000,54145100,159,396,54180000,46925
10,1548,54180000,54180100,159,396,54215000,46951
10,1549,54215000,54215100,159,396,54250000,46985
10,155,5425000,5425100,159,396,5460000,4726
10,1550,54250000,54250100,159,396,54285000,47011
10,1551,54285000,54285100,159,396,54320000,47044
10,1552,54320000,54320100,159,396,54355000,47071
10,1553,54355000,54355100,159,396,54390000,47105
10,1554,54390000,54390100,159,396,54425000,47134
10,1555,54425000,54425100,159,396,54460000,47167
10,1556,54460000,54460100,159,396,54495000,47193
10,1557,54495000,54495100,159,396,54530000,47226
10,1558,54530000,54530100,159,396,54565000,47255
10,1559,54565000,54565100,159,396,54600000,47287
10,156,5460000,5460100,159,396,5495000,4751
10,1560,54600000,54600100,159,396,54635000,47314
10,1561,54635000,54635100,159,396,54670000,47348
10,1562,54670000,54670100,159,396,54705000,47375
10,1563,54705000,54705100,159,396,54740000,47409
10,1564,54740000,54740100,159,396,54775000,47434
10,1565,54775000,54775100,159,396,54810000,47471
10,1566,54810000,54810100,159,396,54845000,47498
10,1567,54845000,54845100,159,396,54880000,47529
10,1568,54880000,54880100,159,396,54915000,47557
10,1569,54915000,54915100,159,396,54950000,47589
10,157,5495000,5495100,159,396,5530000,4786
10,1570,54950000,54950100,159,396,54985000,47617
10,1571,54985000,54985100,159,396,55020000,47652
10,1572,55020000,55020100,159,396,55055000,47679
10,1573,55055000,55055100,159,396,55090000,47712
10,1574,55090000,55090100,159,396,55125000,47740
10,1575,55125000,55125100,159,396,55160000,47772
10,1576,55160000,55160100,159,396,55195000,47797
10,1577,55195000,55195100,159,396,55230000,47834
10,1578,55230000,55230100,159,396,55265000,47861
10,1579,55265000,55265100,159,396,55300000,47894
10,158,5530000,5530100,159,396,5565000,4813
10,1580,55300000,55300100,159,396,55335000,47921
10,1581,55335000,55335100,159,396,55370000,47954
10,1582,55370000,55370100,159,396,55405000,47982
10,1583,55405000,55405100,159,396,55440000,48014
10,1584,55440000,55440100,159,396,55475000,48042
10,1585,55475000,55475100,159,396,55510000,48076
10,1586,55510000,55510100,159,396,55545000,48102
10,1587,55545000,55545100,159,396,55580000,48136
10,1588,55580000,55580100,159,396,55615000,48163
10,1589,55615000,55615100,159,396,55650000,48197
10,159,5565000,5565100,159,396,5600000,4844
10,1590,55650000,55650100,159,396,55685000,48226
10,1591,55685000,55685100,159,396,55720000,48258
10,1592,55720000,55720100,159,396,55755000,48284
10,1593,55755000,55755100,159,396,55790000,48317
10,1594,55790000,55790100,159,396,55825000,48344
10,1595,55825000,55825100,159,396,55860000,48380
10,1596,55860000,55860100,159,396,55895000,48406
10,1597,55895000,55895100,159,396,55930000,48440
10,1598,55930000,55930100,159,396,55965000,48467
10,1599,55965000,55965100,159,396,56000000,48499
10,16,560000,560100,159,396,595000,505
10,160,5600000,5600100,159,396,5635000,4871
10,1600,56000000,56000100,159,396,56035000,48525
10,1601,56035000,56035100,159,396,56070000,48561
10,1602,56070000,56070100,159,396,56105000,48590
10,1603,56105000,56105100,159,396,56140000,48621
10,1604,56140000,56140100,159,396,56175000,48649
10,1605,56175000,56175100,159,396,56210000,48681
10,1606,56210000,56210100,159,396,56245000,48709
10,1607,56245000,56245100,159,396,56280000,48743
10,1608,56280000,56280100,159,396,56315000,48769
10,1609,56315000,56315100,159,396,56350000,48803
10,161,5635000,5635100,159,396,5670000,4907
10,1610,56350000,56350100,159,396,56385000,48830
10,1611,56385000,56385100,159,396,56420000,48864
10,1612,56420000,56420100,159,396,56455000,48890
10,1613,56455000,56455100,159,396,56490000,48926
10,1614,56490000,56490100,159,396,56525000,48953
10,1615,56525000,56525100,159,396,56560000,48985
10,1616,56560000,56560100,159,396,56595000,49011
10,1617,56595000,56595100,159,396,56630000,49044
10,1618,56630000,56630100,159,396,56665000,49073
10,1619,56665000,56665100,159,396,56700000,49106
10,162,5670000,5670100,159,396,5705000,4935
10,1620,56700000,56700100,159,396,56735000,49134
10,1621,56735000,56735100,159,396,56770000,49168
10,1622,56770000,56770100,159,396,56805000,49195
10,1623,56805000,56805100,159,396,56840000,49227
10,1624,56840000,56840100,159,396,56875000,49253
10,1625,56875000,56875100,159,396,56910000,49289
10,1626,56910000,56910100,159,396,56945000,49316
10,1627,56945000,56945100,159,396,56980000,49349
10,1628,56980000,56980100,159,396,57015000,49376
10,1629,57015000,57015100,159,396,57050000,49409
10,163,5705000,5705100,159,396,5740000,4967
10,1630,57050000,57050100,159,396,57085000,49436
10,1631,57085000,57085100,159,396,57120000,49470
10,1632,57120000,57120100,159,396,57155000,49498
10,1633,57155000,57155100,159,396,57190000,49530
10,1634,57190000,57190100,159,396,57225000,49558
10,1635,57225000,57225100,159,396,57260000,49592
10,1636,57260000,57260100,159,396,57295000,49617
10,1637,57295000,57295100,159,396,57330000,49653
10,1638,57330000,57330100,159,396,57365000,49681
10,1639,57365000,57365100,159,396,57400000,49712
10,164,5740000,5740100,159,396,5775000,4994
10,1640,57400000,57400100,159,396,57435000,49739
10,1641,57435000,57435100,159,396,57470000,49772
10,1642,57470000,57470100,159,396,57505000,49800
10,1643,57505000,57505100,159,396,57540000,49835
10,1644,57540000,57540100,159,396,57575000,49861
10,1645,57575000,57575100,159,396,57610000,49896
10,1646,57610000,57610100,159,396,57645000,49922
10,1647,57645000,57645100,159,396,57680000,49954
10,1648,57680000,57680100,159,396,57715000,49981
10,1649,57715000,57715100,159,396,57750000,50015
10,165,5775000,5775100,159,396,5810000,5027
10,1650,57750000,57750100,159,396,57785000,50044
10,1651,57785000,57785100,159,396,57820000,50077
10,1652,57820000,57820100,159,396,57855000,50104
10,1653,57855000,57855100,159,396,57890000,50136
10,1654,57890000,57890100,159,396,57925000,50165
10,1655,57925000,57925100,159,396,57960000,50198
10,1656,57960000,57960100,159,396,57995000,50224
10,1657,57995000,57995100,159,396,58030000,50259
10,1658,58030000,58030100,159,396,58065000,50285
10,1659,58065000,58065100,159,396,58100000,50319
10,166,5810000,5810100,159,396,5845000,5055
10,1660,58100000,58100100,159,396,58135000,50344
10,1661,58135000,58135100,159,396,58170000,50381
10,1662,58170000,58170100,159,396,58205000,50409
10,1663,58205000,58205100,159,396,58240000,50439
10,1664,58240000,58240100,159,396,58275000,50467
10,1665,58275000,58275100,159,396,58310000,50500
10,1666,58310000,58310100,159,396,58345000,50527
10,1667,58345000,58345100,159,396,58380000,50562
10,1668,58380000,58380100,159,396,58415000,50590
10,1669,58415000,58415100,159,396,58450000,50622
10,167,5845000,5845100,159,396,5880000,5088
10,1670,58450000,58450100,159,396,58485000,50650
10,1671,58485000,58485100,159,396,58520000,50682
10,1672,58520000,58520100,159,396,58555000,50708
10,1673,58555000,58555100,159,396,58590000,50744
10,1674,58590000,58590100,159,396,58625000,50771
10,1675,58625000,58625100,159,396,58660000,50805
10,1676,58660000,58660100,159,396,58695000,50831
10,1677,58695000,58695100,159,396,58730000,50864
10,1678,58730000,58730100,159,396,58765000,50892
10,1679,58765000,58765100,159,396,58800000,50925
10,168,5880000,5880100,159,396,5915000,5115
10,1680,58800000,58800100,159,396,58835000,50952
10,1681,58835000,58835100,159,396,58870000,50986
10,1682,58870000,58870100,159,396,58905000,51013
10,1683,58905000,58905100,159,396,58940000,51046
10,1684,58940000,58940100,159,396,58975000,51073
10,1685,58975000,58975100,159,396,59010000,51108
10,1686,59010000,59010100,159,396,59045000,51136
10,1687,59045000,59045100,159,396,59080000,51168
10,1688,59080000,59080100,159,396,59115000,51194
10,1689,59115000,59115100,159,396,59150000,51227
10,169,5915000,5915100,159,396,5950000,5149
10,1690,59150000,59150100,159,396,59185000,51255
10,1691,59185000,59185100,159,396,59220000,51290
10,1692,59220000,59220100,159,396,59255000,51317
10,1693,59255000,59255100,159,396,59290000,51350
10,1694,59290000,59290100,159,396,59325000,51377
10,1695,59325000,59325100,159,396,59360000,51410
10,1696,59360000,59360100,159,396,59395000,51435
10,1697,59395000,59395100,159,396,59430000,51471
10,1698,59430000,59430100,159,396,59465000,51500
10,1699,59465000,59465100,159,396,59500000,51531
10,17,595000,595100,159,396,630000,541
10,170,5950000,5950100,159,396,5985000,5175
10,1700,59500000,59500100,159,396,59535000,51559
10,1701,59535000,59535100,159,396,59570000,51592
10,1702,59570000,59570100,159,396,59605000,51620
10,1703,59605000,59605100,159,396,59640000,51653
10,1704,59640000,59640100,159,396,59675000,51679
10,1705,59675000,59675100,159,396,59710000,51714
10,1706,59710000,59710100,159,396,59745000,51740
10,1707,59745000,59745100,159,396,59780000,51774
10,1708,59780000,59780100,159,396,59815000,51800
10,1709,59815000,59815100,159,396,59850000,51836
10,171,5985000,5985100,159,396,6020000,5210
10,1710,59850000,59850100,159,396,59885000,51863
10,1711,59885000,59885100,159,396,59920000,51895
10,1712,59920000,59920100,159,396,59955000,51923
10,1713,59955000,59955100,159,396,59990000,51954
10,1714,59990000,59990100,159,396,60025000,51983
10,1715,60025000,60025100,159,396,60060000,52017
10,1716,60060000,60060100,159,396,60095000,52044
10,1717,60095000,60095100,159,396,60130000,52078
10,1718,60130000,60130100,159,396,60165000,52105
10,1719,60165000,60165100,159,396,60200000,52137
10,172,6020000,6020100,159,396,6055000,5236
10,1720,60200000,60200100,159,396,60235000,52163
10,1721,60235000,60235100,159,396,60270000,52199
10,1722,60270000,60270100,159,396,60305000,52227
10,1723,60305000,60305100,159,396,60340000,52260
10,1724,60340000,60340100,159,396,60375000,52286
10,1725,60375000,60375100,159,396,60410000,52320
10,1726,60410000,60410100,159,396,60445000,52346
10,1727,60445000,60445100,159,396,60480000,52380
10,1728,60480000,60480100,159,396,60515000,52408
10,1729,60515000,60515100,159,396,60550000,52440
10,173,6055000,6055100,159,396,6090000,5271
10,1730,60550000,60550100,159,396,60585000,52468
10,1731,60585000,60585100,159,396,60620000,52502
10,1732,60620000,60620100,159,396,60655000,52528
10,1733,60655000,60655100,159,396,60690000,52563
10,1734,60690000,60690100,159,396,60725000,52592
10,1735,60725000,60725100,159,396,60760000,52623
10,1736,60760000,60760100,159,396,60795000,52649
10,1737,60795000,60795100,159,396,60830000,52682
10,1738,60830000,60830100,159,396,60865000,52710
10,1739,60865000,60865100,159,396,60900000,52745
10,174,6090000,6090100,159,396,6125000,5299
10,1740,60900000,60900100,159,396,60935000,52771
10,1741,60935000,60935100,159,396,60970000,52806
10,1742,60970000,60970100,159,396,61005000,52833
10,1743,61005000,61005100,159,396,61040000,52864
10,1744,61040000,61040100,159,396,61075000,52891
10,1745,61075000,61075100,159,396,61110000,52927
10,1746,61110000,61110100,159,396,61145000,52954
10,1747,61145000,61145100,159,396,61180000,52987
10,1748,61180000,61180100,159,396,61215000,53014
10,1749,61215000,61215100,159,396,61250000,53046
10,175,6125000,6125100,159,396,6160000,5330
10,1750,61250000,61250100,159,396,61285000,53075
10,1751,61285000,61285100,159,396,61320000,53108
10,1752,61320000,61320100,159,396,61355000,53135
10,1753,61355000,61355100,159,396,61390000,53169
10,1754,61390000,61390100,159,396,61425000,53195
10,1755,61425000,61425100,159,396,61460000,53230
10,1756,61460000,61460100,159,396,61495000,53255
10,1757,61495000,61495100,159,396,61530000,53291
10,1758,61530000,61530100,159,396,61565000,53319
10,1759,61565000,61565100,159,396,61600000,53349
10,176,6160000,6160100,159,396,6195000,5357
10,1760,61600000,61600100,159,396,61635000,53377
10,1761,61635000,61635100,159,396,61670000,53410
10,1762,61670000,61670100,159,396,61705000,53438
10,1763,61705000,61705100,159,396,61740000,53472
10,1764,61740000,61740100,159,396,61775000,53500
10,1765,61775000,61775100,159,396,61810000,53533
10,1766,61810000,61810100,159,396,61845000,53560
10,1767,61845000,61845100,159,396,61880000,53593
10,1768,61880000,61880100,159,396,61915000,53618
10,1769,61915000,61915100,159,396,61950000,53654
10,177,6195000,6195100,159,396,6230000,5390
10,1770,61950000,61950100,159,396,61985000,53681
10,1771,61985000,61985100,159,396,62020000,53715
10,1772,62020000,62020100,159,396,62055000,53742
10,1773,62055000,62055100,159,396,62090000,53774
10,1774,62090000,62090100,159,396,62125000,53802
10,1775,62125000,62125100,159,396,62160000,53836
10,1776,62160000,62160100,159,396,62195000,53862
10,1777,62195000,62195100,159,396,62230000,53896
10,1778,62230000,62230100,159,396,62265000,53924
10,1779,62265000,62265100,159,396,62300000,53956
10,178,6230000,6230100,159,396,6265000,5418
10,1780,62300000,62300100,159,396,62335000,53983
10,1781,62335000,62335100,159,396,62370000,54018
10,1782,62370000,62370100,159,396,62405000,54047
10,1783,62405000,62405100,159,396,62440000,54078
10,1784,62440000,62440100,159,396,62475000,54104
10,1785,62475000,62475100,159,396,62510000,54138
10,1786,62510000,62510100,159,396,62545000,54165
10,1787,62545000,62545100,159,396,62580000,54200
10,1788,62580000,62580100,159,396,62615000,54227
10,1789,62615000,62615100,159,396,62650000,54261
10,179,6265000,6265100,159,396,6300000,5452
10,1790,62650000,62650100,159,396,62685000,54287
10,1791,62685000,62685100,159,396,62720000,54320
10,1792,62720000,62720100,159,396,62755000,54346
10,1793,62755000,62755100,159,396,62790000,54381
10,1794,62790000,62790100,159,396,62825000,54410
10,1795,62825000,62825100,159,396,62860000,54442
10,1796,62860000,62860100,159,396,62895000,54469
10,1797,62895000,62895100,159,396,62930000,54502
10,1798,62930000,62930100,159,396,62965000,54530
10,1799,62965000,62965100,159,396,63000000,54563
10,18,630000,630100,159,396,665000,570
10,180,6300000,6300100,159,396,6335000,5480
10,1800,63000000,63000100,159,396,63035000,54590
10,1801,63035000,63035100,159,396,63070000,54624
10,1802,63070000,63070100,159,396,63105000,54651
10,1803,63105000,63105100,159,396,63140000,54684
10,1804,63140000,63140100,159,396,63175000,54710
10,1805,63175000,63175100,159,396,63210000,54747
10,1806,63210000,63210100,159,396,63245000,54773
10,1807,63245000,63245100,159,396,63280000,54805
10,1808,63280000,63280100,159,396,63315000,54833
10,1809,63315000,63315100,159,396,63350000,54864
10,181,6335000,6335100,159,396,6370000,5513
10,1810,63350000,63350100,159,396,63385000,54893
10,1811,63385000,63385100,159,396,63420000,54928
10,1812,63420000,63420100,159,396,63455000,54955
10,1813,63455000,63455100,159,396,63490000,54988
10,1814,63490000,63490100,159,396,63525000,55015
10,1815,63525000,63525100,159,396,63560000,55048
10,1816,63560000,63560100,159,396,63595000,55073
10,1817,63595000,63595100,159,396,63630000,55109
10,1818,63630000,63630100,159,396,63665000,55137
10,1819,63665000,63665100,159,396,63700000,55170
10,182,6370000,6370100,159,396,6405000,5541
10,1820,63700000,63700100,159,396,63735000,55196
10,1821,63735000,63735100,159,396,63770000,55230
10,1822,63770000,63770100,159,396,63805000,55258
10,1823,63805000,63805100,159,396,63840000,55290
10,1824,63840000,63840100,159,396,63875000,55318
10,1825,63875000,63875100,159,396,63910000,55351
10,1826,63910000,63910100,159,396,63945000,55378
10,1827,63945000,63945100,159,396,63980000,55412
10,1828,63980000,63980100,159,396,64015000,55438
10,1829,64015000,64015100,159,396,64050000,55473
10,183,6405000,6405100,159,396,6440000,5573
10,1830,64050000,64050100,159,396,64085000,55502
10,1831,64085000,64085100,159,396,64120000,55533
10,1832,64120000,64120100,159,396,64155000,55560
10,1833,64155000,64155100,159,396,64190000,55593
10,1834,64190000,64190100,159,396,64225000,55620
10,1835,64225000,64225100,159,396,64260000,55656
10,1836,64260000,64260100,159,396,64295000,55681
10,1837,64295000,64295100,159,396,64330000,55716
10,1838,64330000,64330100,159,396,64365000,55743
10,1839,64365000,64365100,159,396,64400000,55774
10,184,6440000,6440100,159,396,6475000,5598
10,1840,64400000,64400100,159,396,64435000,55801
10,1841,64435000,64435100,159,396,64470000,55837
10,1842,64470000,64470100,159,396,64505000,55865
10,1843,64505000,64505100,159,396,64540000,55897
10,1844,64540000,64540100,159,396,64575000,55925
10,1845,64575000,64575100,159,396,64610000,55957
10,1846,64610000,64610100,159,396,64645000,55985
10,1847,64645000,64645100,159,396,64680000,56018
10,1848,64680000,64680100,159,396,64715000,56045
10,1849,64715000,64715100,159,396,64750000,56079
10,185,6475000,6475100,159,396,6510000,5635
10,1850,64750000,64750100,159,396,64785000,56105
10,1851,64785000,64785100,159,396,64820000,56140
10,1852,64820000,64820100,159,396,64855000,56166
10,1853,64855000,64855100,159,396,64890000,56201
10,1854,64890000,64890100,159,396,64925000,56229
10,1855,64925000,64925100,159,396,64960000,56261
10,1856,64960000,64960100,159,396,64995000,56287
10,1857,64995000,64995100,159,396,65030000,56320
10,1858,65030000,65030100,159,396,65065000,56348
10,1859,65065000,65065100,159,396,65100000,56382
10,186,6510000,6510100,159,396,6545000,5661
10,1860,65100000,65100100,159,396,65135000,56410
10,1861,65135000,65135100,159,396,65170000,56443
10,1862,65170000,65170100,159,396,65205000,56471
10,1863,65205000,65205100,159,396,65240000,56503
10,1864,65240000,65240100,159,396,65275000,56528
10,1865,65275000,65275100,159,396,65310000,56565
10,1866,65310000,65310100,159,396,65345000,56592
10,1867,65345000,65345100,159,396,65380000,56625
10,1868,65380000,65380100,159,396,65415000,56652
10,1869,65415000,65415100,159,396,65450000,56684
10,187,6545000,6545100,159,396,6580000,5695
10,1870,65450000,65450100,159,396,65485000,56712
10,1871,65485000,65485100,159,396,65520000,56746
10,1872,65520000,65520100,159,396,65555000,56773
10,1873,65555000,65555100,159,396,65590000,56806
10,1874,65590000,65590100,159,396,65625000,56834
10,1875,65625000,65625100,159,396,65660000,56867
10,1876,65660000,65660100,159,396,65695000,56893
10,1877,65695000,65695100,159,396,65730000,56929
10,1878,65730000,65730100,159,396,65765000,56957
10,1879,65765000,65765100,159,396,65800000,56988
10,188,6580000,6580100,159,396,6615000,5722
10,1880,65800000,65800100,159,396,65835000,57014
10,1881,65835000,65835100,159,396,65870000,57048
10,1882,65870000,65870100,159,396,65905000,57076
10,1883,65905000,65905100,159,396,65940000,57110
10,1884,65940000,65940100,159,396,65975000,57137
10,1885,65975000,65975100,159,396,66010000,57172
10,1886,66010000,66010100,159,396,66045000,57197
10,1887,66045000,66045100,159,396,66080000,57230
10,1888,66080000,66080100,159,396,66115000,57257
10,1889,66115000,66115100,159,396,66150000,57291
10,189,6615000,6615100,159,396,6650000,5754
10,1890,66150000,66150100,159,396,66185000,57320
10,1891,66185000,66185100,159,396,66220000,57352
10,1892,66220000,66220100,159,396,66255000,57380
10,1893,66255000,66255100,159,396,66290000,57412
10,1894,66290000,66290100,159,396,66325000,57440
10,1895,66325000,66325100,159,396,66360000,57474
10,1896,66360000,66360100,159,396,66395000,57500
10,1897,66395000,66395100,159,396,66430000,57534
10,1898,66430000,66430100,159,396,66465000,57561
10,1899,66465000,66465100,159,396,66500000,57595
10,19,665000,665100,159,396,700000,601
10,190,6650000,6650100,159,396,6685000,5782
10,1900,66500000,66500100,159,396,66535000,57620
10,1901,66535000,66535100,159,396,66570000,57657
10,1902,66570000,66570100,159,396,66605000,57684
10,1903,66605000,66605100,159,396,66640000,57715
10,1904,66640000,66640100,159,396,66675000,57743
10,1905,66675000,66675100,159,396,66710000,57775
10,1906,66710000,66710100,159,396,66745000,57803
10,1907,66745000,66745100,159,396,66780000,57838
10,1908,66780000,66780100,159,396,66815000,57865
10,1909,66815000,66815100,159,396,66850000,57898
10,191,6685000,6685100,159,396,6720000,5816
10,1910,66850000,66850100,159,396,66885000,57926
10,1911,66885000,66885100,159,396,66920000,57958
10,1912,66920000,66920100,159,396,66955000,57984
10,1913,66955000,66955100,159,396,66990000,58019
10,1914,66990000,66990100,159,396,67025000,58047
10,1915,67025000,67025100,159,396,67060000,58081
10,1916,67060000,67060100,159,396,67095000,58106
10,1917,67095000,67095100,159,396,67130000,58140
10,1918,67130000,67130100,159,396,67165000,58168
10,1919,67165000,67165100,159,396,67200000,58200
10,192,6720000,6720100,159,396,6755000,5843
10,1920,67200000,67200100,159,396,67235000,58228
10,1921,67235000,67235100,159,396,67270000,58262
10,1922,67270000,67270100,159,396,67305000,58289
10,1923,67305000,67305100,159,396,67340000,58322
10,1924,67340000,67340100,159,396,67375000,58348
10,1925,67375000,67375100,159,396,67410000,58384
10,1926,67410000,67410100,159,396,67445000,58412
10,1927,67445000,67445100,159,396,67480000,58443
10,1928,67480000,67480100,159,396,67515000,58470
10,1929,67515000,67515100,159,396,67550000,58503
10,193,6755000,6755100,159,396,6790000,5876
10,1930,67550000,67550100,159,396,67585000,58530
10,1931,67585000,67585100,159,396,67620000,58566
10,1932,67620000,67620100,159,396,67655000,58593
10,1933,67655000,67655100,159,396,67690000,58626
10,1934,67690000,67690100,159,396,67725000,58653
10,1935,67725000,67725100,159,396,67760000,58685
10,1936,67760000,67760100,159,396,67795000,58711
10,1937,67795000,67795100,159,396,67830000,58747
10,1938,67830000,67830100,159,396,67865000,58775
10,1939,67865000,67865100,159,396,67900000,58807
10,194,6790000,6790100,159,396,6825000,5904
10,1940,67900000,67900100,159,396,67935000,58835
10,1941,67935000,67935100,159,396,67970000,58867
10,1942,67970000,67970100,159,396,68005000,58896
10,1943,68005000,68005100,159,396,68040000,58929
10,1944,68040000,68040100,159,396,68075000,58955
10,1945,68075000,68075100,159,396,68110000,58990
10,1946,68110000,68110100,159,396,68145000,59015
10,1947,68145000,68145100,159,396,68180000,59050
10,1948,68180000,68180100,159,396,68215000,59076
10,1949,68215000,68215100,159,396,68250000,59111
10,195,6825000,6825100,159,396,6860000,5937
10,1950,68250000,68250100,159,396,68285000,59139
10,1951,68285000,68285100,159,396,68320000,59171
10,1952,68320000,68320100,159,396,68355000,59198
10,1953,68355000,68355100,159,396,68390000,59230
10,1954,68390000,68390100,159,396,68425000,59259
10,1955,68425000,68425100,159,396,68460000,59293
10,1956,68460000,68460100,159,396,68495000,59320
10,1957,68495000,68495100,159,396,68530000,59353
10,1958,68530000,68530100,159,396,68565000,59381
10,1959,68565000,68565100,159,396,68600000,59413
10,196,6860000,6860100,159,396,6895000,5963
10,1960,68600000,68600100,159,396,68635000,59438
10,1961,68635000,68635100,159,396,68670000,59475
10,1962,68670000,68670100,159,396,68705000,59503
10,1963,68705000,68705100,159,396,68740000,59535
10,1964,68740000,68740100,159,396,68775000,59562
10,1965,68775000,68775100,159,396,68810000,59596
10,1966,68810000,68810100,159,396,68845000,59622
10,1967,68845000,68845100,159,396,68880000,59656
10,1968,68880000,68880100,159,396,68915000,59683
10,1969,68915000,68915100,159,396,68950000,59716
10,197,6895000,6895100,159,396,6930000,5998
10,1970,68950000,68950100,159,396,68985000,59744
10,1971,68985000,68985100,159,396,69020000,59777
10,1972,69020000,69020100,159,396,69055000,59804
10,1973,69055000,69055100,159,396,69090000,59839
10,1974,69090000,69090100,159,396,69125000,59867
10,1975,69125000,69125100,159,396,69160000,59899
10,1976,69160000,69160100,159,396,69195000,59925
10,1977,69195000,69195100,159,396,69230000,59958
10,1978,69230000,69230100,159,396,69265000,59986
10,1979,69265000,69265100,159,396,69300000,60020
10,198,6930000,6930100,159,396,6965000,6027
10,1980,69300000,69300100,159,396,69335000,60047
10,1981,69335000,69335100,159,396,69370000,60082
10,1982,69370000,69370100,159,396,69405000,60108
10,1983,69405000,69405100,159,396,69440000,60140
10,1984,69440000,69440100,159,396,69475000,60167
10,1985,69475000,69475100,159,396,69510000,60202
10,1986,69510000,69510100,159,396,69545000,60230
10,1987,69545000,69545100,159,396,69580000,60263
10,1988,69580000,69580100,159,396,69615000,60290
10,1989,69615000,69615100,159,396,69650000,60322
10,199,6965000,6965100,159,396,7000000,6058
10,1990,69650000,69650100,159,396,69685000,60350
10,1991,69685000,69685100,159,396,69720000,60384
10,1992,69720000,69720100,159,396,69755000,60411
10,1993,69755000,69755100,159,396,69790000,60444
10,1994,69790000,69790100,159,396,69825000,60471
10,1995,69825000,69825100,159,396,69860000,60506
10,1996,69860000,69860100,159,396,69895000,60530
10,1997,69895000,69895100,159,396,69930000,60567
10,1998,69930000,69930100,159,396,69965000,60595
10,1999,69965000,69965100,159,396,70000000,60625
10,2,70000,70100,159,396,105000,83
10,20,700000,700100,159,396,735000,629
10,200,7000000,7000100,159,396,7035000,6084
10,2000,70000000,70000100,159,396,70035000,60653
10,2001,70035000,70035100,159,396,70070000,60685
10,2002,70070000,70070100,159,396,70105000,60714
10,2003,70105000,70105100,159,396,70140000,60748
10,2004,70140000,70140100,159,396,70175000,60775
10,2005,70175000,70175100,159,396,70210000,60809
10,2006,70210000,70210100,159,396,70245000,60836
10,2007,70245000,70245100,159,396,70280000,60868
10,2008,70280000,70280100,159,396,70315000,60894
10,2009,70315000,70315100,159,396,70350000,60930
10,201,7035000,7035100,159,396,7070000,6118
10,2010,70350000,70350100,159,396,70385000,60957
10,2011,70385000,70385100,159,396,70420000,60991
10,2012,70420000,70420100,159,396,70455000,61017
10,2013,70455000,70455100,159,396,70490000,61050
10,2014,70490000,70490100,159,396,70525000,61078
10,2015,70525000,70525100,159,396,70560000,61111
10,2016,70560000,70560100,159,396,70595000,61138
10,2017,70595000,70595100,159,396,70630000,61172
10,2018,70630000,70630100,159,396,70665000,61199
10,2019,70665000,70665100,159,396,70700000,61232
10,202,7070000,7070100,159,396,7105000,6146
10,2020,70700000,70700100,159,396,70735000,61259
10,2021,70735000,70735100,159,396,70770000,61294
10,2022,70770000,70770100,159,396,70805000,61323
10,2023,70805000,70805100,159,396,70840000,61353
10,2024,70840000,70840100,159,396,70875000,61380
10,2025,70875000,70875100,159,396,70910000,61414
10,2026,70910000,70910100,159,396,70945000,61440
10,2027,70945000,70945100,159,396,70980000,61476
10,2028,70980000,70980100,159,396,71015000,61503
10,2029,71015000,71015100,159,396,71050000,61536
10,203,7105000,7105100,159,396,7140000,6180
10,2030,71050000,71050100,159,396,71085000,61563
10,2031,71085000,71085100,159,396,71120000,61596
10,2032,71120000,71120100,159,396,71155000,61622
10,2033,71155000,71155100,159,396,71190000,61657
10,2034,71190000,71190100,159,396,71225000,61685
10,2035,71225000,71225100,159,396,71260000,61718
10,2036,71260000,71260100,159,396,71295000,61745
10,2037,71295000,71295100,159,396,71330000,61777
10,2038,71330000,71330100,159,396,71365000,61806
10,2039,71365000,71365100,159,396,71400000,61839
10,204,7140000,7140100,159,396,7175000,6207
10,2040,71400000,71400100,159,396,71435000,61865
10,2041,71435000,71435100,159,396,71470000,61900
10,2042,71470000,71470100,159,396,71505000,61927
10,2043,71505000,71505100,159,396,71540000,61960
10,2044,71540000,71540100,159,396,71575000,61986
10,2045,71575000,71575100,159,396,71610000,62022
10,2046,71610000,71610100,159,396,71645000,62049
10,2047,71645000,71645100,159,396,71680000,62081
10,2048,71680000,71680100,159,396,71715000,62108
10,2049,71715000,71715100,159,396,71750000,62140
10,205,7175000,7175100,159,396,7210000,6242
10,2050,71750000,71750100,159,396,71785000,62169
10,2051,71785000,71785100,159,396,71820000,62203
10,2052,71820000,71820100,159,396,71855000,62231
10,2053,71855000,71855100,159,396,71890000,62264
10,2054,71890000,71890100,159,396,71925000,62291
10,2055,71925000,71925100,159,396,71960000,62324
10,2056,71960000,71960100,159,396,71995000,62348
10,2057,71995000,71995100,159,396,72030000,62385
10,2058,72030000,72030100,159,396,72065000,62413
10,2059,72065000,72065100,159,396,72100000,62445
10,206,7210000,7210100,159,396,7245000,6267
10,2060,72100000,72100100,159,396,72135000,62472
10,2061,72135000,72135100,159,396,72170000,62506
10,2062,72170000,72170100,159,396,72205000,62533
10,2063,72205000,72205100,159,396,72240000,62566
10,2064,72240000,72240100,159,396,72275000,62594
10,2065,72275000,72275100,159,396,72310000,62627
10,2066,72310000,72310100,159,396,72345000,62654
10,2067,72345000,72345100,159,396,72380000,62687
10,2068,72380000,72380100,159,396,72415000,62714
10,2069,72415000,72415100,159,396,72450000,62749
10,207,7245000,7245100,159,396,7280000,6300
10,2070,72450000,72450100,159,396,72485000,62777
10,2071,72485000,72485100,159,396,72520000,62809
10,2072,72520000,72520100,159,396,72555000,62836
10,2073,72555000,72555100,159,396,72590000,62868
10,2074,72590000,72590100,159,396,72625000,62896
10,2075,72625000,72625100,159,396,72660000,62932
10,2076,72660000,72660100,159,396,72695000,62957
10,2077,72695000,72695100,159,396,72730000,62992
10,2078,72730000,72730100,159,396,72765000,63018
10,2079,72765000,72765100,159,396,72800000,63050
10,208,7280000,7280100,159,396,7315000,6326
10,2080,72800000,72800100,159,396,72835000,63077
10,2081,72835000,72835100,159,396,72870000,63112
10,2082,72870000,72870100,159,396,72905000,63141
10,2083,72905000,72905100,159,396,72940000,63173
10,2084,72940000,72940100,159,396,72975000,63200
10,2085,72975000,72975100,159,396,73010000,63233
10,2086,73010000,73010100,159,396,73045000,63261
10,2087,73045000,73045100,159,396,73080000,63294
10,2088,73080000,73080100,159,396,73115000,63321
10,2089,73115000,73115100,159,396,73150000,63354
10,209,7315000,7315100,159,396,7350000,6361
10,2090,73150000,73150100,159,396,73185000,63381
10,2091,73185000,73185100,159,396,73220000,63416
10,2092,73220000,73220100,159,396,73255000,63441
10,2093,73255000,73255100,159,396,73290000,63477
10,2094,73290000,73290100,159,396,73325000,63505
10,2095,73325000,73325100,159,396,73360000,63536
10,2096,73360000,73360100,159,396,73395000,63563
10,2097,73395000,73395100,159,396,73430000,63596
10,2098,73430000,73430100,159,396,73465000,63624
10,2099,73465000,73465100,159,396,73500000,63658
10,21,735000,735100,159,396,770000,661
10,210,7350000,7350100,159,396,7385000,6390
10,2100,73500000,73500100,159,396,73535000,63685
10,2101,73535000,73535100,159,396,73570000,63719
10,2102,73570000,73570100,159,396,73605000,63747
10,2103,73605000,73605100,159,396,73640000,63778
10,2104,73640000,73640100,159,396,73675000,63804
10,2105,73675000,73675100,159,396,73710000,63841
10,2106,73710000,73710100,159,396,73745000,63867
10,2107,73745000,73745100,159,396,73780000,63901
10,2108,73780000,73780100,159,396,73815000,63928
10,2109,73815000,73815100,159,396,73850000,63960
10,211,7385000,7385100,159,396,7420000,6422
10,2110,73850000,73850100,159,396,73885000,63988
10,2111,73885000,73885100,159,396,73920000,64021
10,2112,73920000,73920100,159,396,73955000,64049
10,2113,73955000,73955100,159,396,73990000,64082
10,2114,73990000,73990100,159,396,74025000,64109
10,2115,74025000,74025100,159,396,74060000,64143
10,2116,74060000,74060100,159,396,74095000,64169
10,2117,74095000,74095100,159,396,74130000,64204
10,2118,74130000,74130100,159,396,74165000,64233
10,2119,74165000,74165100,159,396,74200000,64264
10,212,7420000,7420100,159,396,7455000,6450
10,2120,74200000,74200100,159,396,74235000,64290
10,2121,74235000,74235100,159,396,74270000,64324
10,2122,74270000,74270100,159,396,74305000,64351
10,2123,74305000,74305100,159,396,74340000,64386
10,2124,74340000,74340100,159,396,74375000,64413
10,2125,74375000,74375100,159,396,74410000,64447
10,2126,74410000,74410100,159,396,74445000,64473
10,2127,74445000,74445100,159,396,74480000,64506
10,2128,74480000,74480100,159,396,74515000,64532
10,2129,74515000,74515100,159,396,74550000,64567
10,213,7455000,7455100,159,396,7490000,6482
10,2130,74550000,74550100,159,396,74585000,64596
10,2131,74585000,74585100,159,396,74620000,64628
10,2132,74620000,74620100,159,396,74655000,64656
10,2133,74655000,74655100,159,396,74690000,64687
10,2134,74690000,74690100,159,396,74725000,64716
10,2135,74725000,74725100,159,396,74760000,64750
10,2136,74760000,74760100,159,396,74795000,64775
10,2137,74795000,74795100,159,396,74830000,64810
10,2138,74830000,74830100,159,396,74865000,64837
10,2139,74865000,74865100,159,396,74900000,64870
10,214,7490000,7490100,159,396,7525000,6510
10,2140,74900000,74900100,159,396,74935000,64896
10,2141,74935000,74935100,159,396,74970000,64933
10,2142,74970000,74970100,159,396,75005000,64960
10,2143,75005000,75005100,159,396,75040000,64991
10,2144,75040000,75040100,159,396,75075000,65018
10,2145,75075000,75075100,159,396,75110000,65051
10,2146,75110000,75110100,159,396,75145000,65079
10,2147,75145000,75145100,159,396,75180000,65113
10,2148,75180000,75180100,159,396,75215000,65141
10,2149,75215000,75215100,159,396,75250000,65174
10,215,7525000,7525100,159,396,7560000,6544
10,2150,75250000,75250100,159,396,75285000,65201
10,2151,75285000,75285100,159,396,75320000,65234
10,2152,75320000,75320100,159,396,75355000,65260
10,2153,75355000,75355100,159,396,75390000,65295
10,2154,75390000,75390100,159,396,75425000,65323
10,2155,75425000,75425100,159,396,75460000,65356
10,2156,75460000,75460100,159,396,75495000,65382
10,2157,75495000,75495100,159,396,75530000,65416
10,2158,75530000,75530100,159,396,75565000,65443
10,2159,75565000,75565100,159,396,75600000,65476
10,216,7560000,7560100,159,396,7595000,6570
10,2160,75600000,75600100,159,396,75635000,65504
10,2161,75635000,75635100,159,396,75670000,65537
10,2162,75670000,75670100,159,396,75705000,65565
10,2163,75705000,75705100,159,396,75740000,65598
10,2164,75740000,75740100,159,396,75775000,65624
10,2165,75775000,75775100,159,396,75810000,65660
10,2166,75810000,75810100,159,396,75845000,65687
10,2167,75845000,75845100,159,396,75880000,65719
10,2168,75880000,75880100,159,396,75915000,65746
10,2169,75915000,75915100,159,396,75950000,65778
10,217,7595000,7595100,159,396,7630000,6604
10,2170,75950000,75950100,159,396,75985000,65806
10,2171,75985000,75985100,159,396,76020000,65842
10,2172,76020000,76020100,159,396,76055000,65868
10,2173,76055000,76055100,159,396,76090000,65902
10,2174,76090000,76090100,159,396,76125000,65929
10,2175,76125000,76125100,159,396,76160000,65961
10,2176,76160000,76160100,159,396,76195000,65987
10,2177,76195000,76195100,159,396,76230000,66022
10,2178,76230000,76230100,159,396,76265000,66051
10,2179,76265000,76265100,159,396,76300000,66083
10,218,7630000,7630100,159,396,7665000,6631
10,2180,76300000,76300100,159,396,76335000,66110
10,2181,76335000,76335100,159,396,76370000,66143
10,2182,76370000,76370100,159,396,76405000,66172
10,2183,76405000,76405100,159,396,76440000,66204
10,2184,76440000,76440100,159,396,76475000,66231
10,2185,76475000,76475100,159,396,76510000,66266
10,2186,76510000,76510100,159,396,76545000,66291
10,2187,76545000,76545100,159,396,76580000,66326
10,2188,76580000,76580100,159,396,76615000,66351
10,2189,76615000,76615100,159,396,76650000,66387
10,219,7665000,7665100,159,396,7700000,6664
10,2190,76650000,76650100,159,396,76685000,66415
10,2191,76685000,76685100,159,396,76720000,66446
10,2192,76720000,76720100,159,396,76755000,66474
10,2193,76755000,76755100,159,396,76790000,66506
10,2194,76790000,76790100,159,396,76825000,66534
10,2195,76825000,76825100,159,396,76860000,66569
10,2196,76860000,76860100,159,396,76895000,66596
10,2197,76895000,76895100,159,396,76930000,66629
10,2198,76930000,76930100,159,396,76965000,66657
10,2199,76965000,76965100,159,396,77000000,66688
10,22,770000,770100,159,396,805000,690
10,220,7700000,7700100,159,396,7735000,6690
10,2200,77000000,77000100,159,396,77035000,66714
10,2201,77035000,77035100,159,396,77070000,66751
10,2202,77070000,77070100,159,396,77105000,66778
10,2203,77105000,77105100,159,396,77140000,66811
10,2204,77140000,77140100,159,396,77175000,66838
10,2205,77175000,77175100,159,396,77210000,66871
10,2206,77210000,77210100,159,396,77245000,66898
10,2207,77245000,77245100,159,396,77280000,66932
10,2208,77280000,77280100,159,396,77315000,66959
10,2209,77315000,77315100,159,396,77350000,66992
10,221,7735000,7735100,159,396,7770000,6727
10,2210,77350000,77350100,159,396,77385000,67019
10,2211,77385000,77385100,159,396,77420000,67053
10,2212,77420000,77420100,159,396,77455000,67080
10,2213,77455000,77455100,159,396,77490000,67114
10,2214,77490000,77490100,159,396,77525000,67143
10,2215,77525000,77525100,159,396,77560000,67175
10,2216,77560000,77560100,159,396,77595000,67200
10,2217,77595000,77595100,159,396,77630000,67234
10,2218,77630000,77630100,159,396,77665000,67262
10,2219,77665000,77665100,159,396,77700000,67296
10,222,7770000,7770100,159,396,7805000,6754
10,2220,77700000,77700100,159,396,77735000,67323
10,2221,77735000,77735100,159,396,77770000,67357
10,2222,77770000,77770100,159,396,77805000,67384
10,2223,77805000,77805100,159,396,77840000,67416
10,2224,77840000,77840100,159,396,77875000,67442
10,2225,77875000,77875100,159,396,77910000,67478
10,2226,77910000,77910100,159,396,77945000,67506
10,2227,77945000,77945100,159,396,77980000,67538
10,2228,77980000,77980100,159,396,78015000,67566
10,2229,78015000,78015100,159,396,78050000,67598
10,223,7805000,7805100,159,396,7840000,6785
10,2230,78050000,78050100,159,396,78085000,67626
10,2231,78085000,78085100,159,396,78120000,67660
10,2232,78120000,78120100,159,396,78155000,67686
10,2233,78155000,78155100,159,396,78190000,67720
10,2234,78190000,78190100,159,396,78225000,67747
10,2235,78225000,78225100,159,396,78260000,67781
10,2236,78260000,78260100,159,396,78295000,67806
10,2237,78295000,78295100,159,396,78330000,67843
10,2238,78330000,78330100,159,396,78365000,67870
10,2239,78365000,78365100,159,396,78400000,67901
10,224,7840000,7840100,159,396,7875000,6813
10,2240,78400000,78400100,159,396,78435000,67929
10,2241,78435000,78435100,159,396,78470000,67961
10,2242,78470000,78470100,159,396,78505000,67990
10,2243,78505000,78505100,159,396,78540000,68023
10,2244,78540000,78540100,159,396,78575000,68051
10,2245,78575000,78575100,159,396,78610000,68085
10,2246,78610000,78610100,159,396,78645000,68111
10,2247,78645000,78645100,159,396,78680000,68144
10,2248,78680000,78680100,159,396,78715000,68170
10,2249,78715000,78715100,159,396,78750000,68205
10,225,7875000,7875100,159,396,7910000,6845
10,2250,78750000,78750100,159,396,78785000,68233
10,2251,78785000,78785100,159,396,78820000,68267
10,2252,78820000,78820100,159,396,78855000,68293
10,2253,78855000,78855100,159,396,78890000,68326
10,2254,78890000,78890100,159,396,78925000,68353
10,2255,78925000,78925100,159,396,78960000,68387
10,2256,78960000,78960100,159,396,78995000,68414
10,2257,78995000,78995100,159,396,79030000,68447
10,2258,79030000,79030100,159,396,79065000,68475
10,2259,79065000,79065100,159,396,79100000,68508
10,226,7910000,7910100,159,396,7945000,6873
10,2260,79100000,79100100,159,396,79135000,68534
10,2261,79135000,79135100,159,396,79170000,68570
10,2262,79170000,79170100,159,396,79205000,68599
10,2263,79205000,79205100,159,396,79240000,68629
10,2264,79240000,79240100,159,396,79275000,68656
10,2265,79275000,79275100,159,396,79310000,68689
10,2266,79310000,79310100,159,396,79345000,68716
10,2267,79345000,79345100,159,396,79380000,68752
10,2268,79380000,79380100,159,396,79415000,68778
10,2269,79415000,79415100,159,396,79450000,68812
10,227,7945000,7945100,159,396,7980000,6908
10,2270,79450000,79450100,159,396,79485000,68839
10,2271,79485000,79485100,159,396,79520000,68871
10,2272,79520000,79520100,159,396,79555000,68898
10,2273,79555000,79555100,159,396,79590000,68933
10,2274,79590000,79590100,159,396,79625000,68961
10,2275,79625000,79625100,159,396,79660000,68994
10,2276,79660000,79660100,159,396,79695000,69020
10,2277,79695000,79695100,159,396,79730000,69053
10,2278,79730000,79730100,159,396,79765000,69082
10,2279,79765000,79765100,159,396,79800000,69114
10,228,7980000,7980100,159,396,8015000,6935
10,2280,79800000,79800100,159,396,79835000,69141
10,2281,79835000,79835100,159,396,79870000,69176
10,2282,79870000,79870100,159,396,79905000,69202
10,2283,79905000,79905100,159,396,79940000,69236
10,2284,79940000,79940100,159,396,79975000,69262
10,2285,79975000,79975100,159,396,80010000,69298
10,2286,80010000,80010100,159,396,80045000,69325
10,2287,80045000,80045100,159,396,80080000,69356
10,2288,80080000,80080100,159,396,80115000,69384
10,2289,80115000,80115100,159,396,80150000,69416
10,229,8015000,8015100,159,396,8050000,6968
10,2290,80150000,80150100,159,396,80185000,69444
10,2291,80185000,80185100,159,396,80220000,69479
10,2292,80220000,80220100,159,396,80255000,69507
10,2293,80255000,80255100,159,396,80290000,69539
10,2294,80290000,80290100,159,396,80325000,69567
10,2295,80325000,80325100,159,396,80360000,69600
10,2296,80360000,80360100,159,396,80395000,69624
10,2297,80395000,80395100,159,396,80430000,69661
10,2298,80430000,80430100,159,396,80465000,69688
10,2299,80465000,80465100,159,396,80500000,69721
10,23,805000,805100,159,396,840000,723
10,230,8050000,8050100,159,396,8085000,6995
10,2300,80500000,80500100,159,396,80535000,69748
10,2301,80535000,80535100,159,396,80570000,69781
10,2302,80570000,80570100,159,396,80605000,69809
10,2303,80605000,80605100,159,396,80640000,69842
10,2304,80640000,80640100,159,396,80675000,69869
10,2305,80675000,80675100,159,396,80710000,69903
10,2306,80710000,80710100,159,396,80745000,69930
10,2307,80745000,80745100,159,396,80780000,69963
10,2308,80780000,80780100,159,396,80815000,69990
10,2309,80815000,80815100,159,396,80850000,70024
10,231,8085000,8085100,159,396,8120000,7028
10,2310,80850000,80850100,159,396,80885000,70053
10,2311,80885000,80885100,159,396,80920000,70085
10,2312,80920000,80920100,159,396,80955000,70111
10,2313,80955000,80955100,159,396,80990000,70144
10,2314,80990000,80990100,159,396,81025000,70172
10,2315,81025000,81025100,159,396,81060000,70207
10,2316,81060000,81060100,159,396,81095000,70233
10,2317,81095000,81095100,159,396,81130000,70268
10,2318,81130000,81130100,159,396,81165000,70294
10,2319,81165000,81165100,159,396,81200000,70326
10,232,8120000,8120100,159,396,8155000,7054
10,2320,81200000,81200100,159,396,81235000,70352
10,2321,81235000,81235100,159,396,81270000,70388
10,2322,81270000,81270100,159,396,81305000,70417
10,2323,81305000,81305100,159,396,81340000,70448
10,2324,81340000,81340100,159,396,81375000,70476
10,2325,81375000,81375100,159,396,81410000,70509
10,2326,81410000,81410100,159,396,81445000,70536
10,2327,81445000,81445100,159,396,81480000,70570
10,2328,81480000,81480100,159,396,81515000,70597
10,2329,81515000,81515100,159,396,81550000,70630
10,233,8155000,8155100,159,396,8190000,7089
10,2330,81550000,81550100,159,396,81585000,70657
10,2331,81585000,81585100,159,396,81620000,70691
10,2332,81620000,81620100,159,396,81655000,70717
10,2333,81655000,81655100,159,396,81690000,70753
10,2334,81690000,81690100,159,396,81725000,70780
10,2335,81725000,81725100,159,396,81760000,70812
10,2336,81760000,81760100,159,396,81795000,70839
10,2337,81795000,81795100,159,396,81830000,70871
10,2338,81830000,81830100,159,396,81865000,70900
10,2339,81865000,81865100,159,396,81900000,70934
10,234,8190000,8190100,159,396,8225000,7117
10,2340,81900000,81900100,159,396,81935000,70961
10,2341,81935000,81935100,159,396,81970000,70995
10,2342,81970000,81970100,159,396,82005000,71022
10,2343,82005000,82005100,159,396,82040000,71054
10,2344,82040000,82040100,159,396,82075000,71080
10,2345,82075000,82075100,159,396,82110000,71116
10,2346,82110000,82110100,159,396,82145000,71143
10,2347,82145000,82145100,159,396,82180000,71177
10,2348,82180000,82180100,159,396,82215000,71203
10,2349,82215000,82215100,159,396,82250000,71236
10,235,8225000,8225100,159,396,8260000,7151
10,2350,82250000,82250100,159,396,82285000,71264
10,2351,82285000,82285100,159,396,82320000,71297
10,2352,82320000,82320100,159,396,82355000,71325
10,2353,82355000,82355100,159,396,82390000,71357
10,2354,82390000,82390100,159,396,82425000,71385
10,2355,82425000,82425100,159,396,82460000,71419
10,2356,82460000,82460100,159,396,82495000,71444
10,2357,82495000,82495100,159,396,82530000,71480
10,2358,82530000,82530100,159,396,82565000,71509
10,2359,82565000,82565100,159,396,82600000,71539
10,236,8260000,8260100,159,396,8295000,7176
10,2360,82600000,82600100,159,396,82635000,71566
10,2361,82635000,82635100,159,396,82670000,71600
10,2362,82670000,82670100,159,396,82705000,71627
10,2363,82705000,82705100,159,396,82740000,71662
10,2364,82740000,82740100,159,396,82775000,71688
10,2365,82775000,82775100,159,396,82810000,71723
10,2366,82810000,82810100,159,396,82845000,71749
10,2367,82845000,82845100,159,396,82880000,71781
10,2368,82880000,82880100,159,396,82915000,71808
10,2369,82915000,82915100,159,396,82950000,71843
10,237,8295000,8295100,159,396,8330000,7210
10,2370,82950000,82950100,159,396,82985000,71871
10,2371,82985000,82985100,159,396,83020000,71904
10,2372,83020000,83020100,159,396,83055000,71932
10,2373,83055000,83055100,159,396,83090000,71963
10,2374,83090000,83090100,159,396,83125000,71992
10,2375,83125000,83125100,159,396,83160000,72025
10,2376,83160000,83160100,159,396,83195000,72051
10,2377,83195000,83195100,159,396,83230000,72086
10,2378,83230000,83230100,159,396,83265000,72112
10,2379,83265000,83265100,159,396,83300000,72146
10,238,8330000,8330100,159,396,8365000,7238
10,2380,83300000,83300100,159,396,83335000,72172
10,2381,83335000,83335100,159,396,83370000,72208
10,2382,83370000,83370100,159,396,83405000,72236
10,2383,83405000,83405100,159,396,83440000,72267
10,2384,83440000,83440100,159,396,83475000,72294
10,2385,83475000,83475100,159,396,83510000,72327
10,2386,83510000,83510100,159,396,83545000,72354
10,2387,83545000,83545100,159,396,83580000,72389
10,2388,83580000,83580100,159,396,83615000,72417
10,2389,83615000,83615100,159,396,83650000,72449
10,239,8365000,8365100,159,396,8400000,7270
10,2390,83650000,83650100,159,396,83685000,72477
10,2391,83685000,83685100,159,396,83720000,72510
10,2392,83720000,83720100,159,396,83755000,72535
10,2393,83755000,83755100,159,396,83790000,72571
10,2394,83790000,83790100,159,396,83825000,72599
10,2395,83825000,83825100,159,396,83860000,72632
10,2396,83860000,83860100,159,396,83895000,72658
10,2397,83895000,83895100,159,396,83930000,72691
10,2398,83930000,83930100,159,396,83965000,72719
10,2399,83965000,83965100,159,396,84000000,72752
10,24,840000,840100,159,396,875000,749
10,240,8400000,8400100,159,396,8435000,7298
10,2400,84000000,84000100,159,396,84035000,72779
10,2401,84035000,84035100,159,396,84070000,72813
10,2402,84070000,84070100,159,396,84105000,72841
10,2403,84105000,84105100,159,396,84140000,72873
10,2404,84140000,84140100,159,396,84175000,72900
10,2405,84175000,84175100,159,396,84210000,72936
10,2406,84210000,84210100,159,396,84245000,72963
10,2407,84245000,84245100,159,396,84280000,72995
10,2408,84280000,84280100,159,396,84315000,73021
10,2409,84315000,84315100,159,396,84350000,73054
10,241,8435000,8435100,159,396,8470000,7331
10,2410,84350000,84350100,159,396,84385000,73082
10,2411,84385000,84385100,159,396,84420000,73117
10,2412,84420000,84420100,159,396,84455000,73144
10,2413,84455000,84455100,159,396,84490000,73178
10,2414,84490000,84490100,159,396,84525000,73204
10,2415,84525000,84525100,159,396,84560000,73237
10,2416,84560000,84560100,159,396,84595000,73263
10,2417,84595000,84595100,159,396,84630000,73298
10,2418,84630000,84630100,159,396,84665000,73327
10,2419,84665000,84665100,159,396,84700000,73358
10,242,8470000,8470100,159,396,8505000,7359
10,2420,84700000,84700100,159,396,84735000,73386
10,2421,84735000,84735100,159,396,84770000,73419
10,2422,84770000,84770100,159,396,84805000,73447
10,2423,84805000,84805100,159,396,84840000,73480
10,2424,84840000,84840100,159,396,84875000,73507
10,2425,84875000,84875100,159,396,84910000,73541
10,2426,84910000,84910100,159,396,84945000,73567
10,2427,84945000,84945100,159,396,84980000,73602
10,2428,84980000,84980100,159,396,85015000,73627
10,2429,85015000,85015100,159,396,85050000,73663
10,243,8505000,8505100,159,396,8540000,7392
10,2430,85050000,85050100,159,396,85085000,73690
10,2431,85085000,85085100,159,396,85120000,73722
10,2432,85120000,85120100,159,396,85155000,73750
10,2433,85155000,85155100,159,396,85190000,73781
10,2434,85190000,85190100,159,396,85225000,73810
10,2435,85225000,85225100,159,396,85260000,73845
10,2436,85260000,85260100,159,396,85295000,73871
10,2437,85295000,85295100,159,396,85330000,73905
10,2438,85330000,85330100,159,396,85365000,73933
10,2439,85365000,85365100,159,396,85400000,73964
10,244,8540000,8540100,159,396,8575000,7418
10,2440,85400000,85400100,159,396,85435000,73990
10,2441,85435000,85435100,159,396,85470000,74026
10,2442,85470000,85470100,159,396,85505000,74054
10,2443,85505000,85505100,159,396,85540000,74087
10,2444,85540000,85540100,159,396,85575000,74113
10,2445,85575000,85575100,159,396,85610000,74147
10,2446,85610000,85610100,159,396,85645000,74174
10,2447,85645000,85645100,159,396,85680000,74207
10,2448,85680000,85680100,159,396,85715000,74235
10,2449,85715000,85715100,159,396,85750000,74268
10,245,8575000,8575100,159,396,8610000,7454
10,2450,85750000,85750100,159,396,85785000,74295
10,2451,85785000,85785100,159,396,85820000,74329
10,2452,85820000,85820100,159,396,85855000,74355
10,2453,85855000,85855100,159,396,85890000,74390
10,2454,85890000,85890100,159,396,85925000,74419
10,2455,85925000,85925100,159,396,85960000,74450
10,2456,85960000,85960100,159,396,85995000,74476
10,2457,85995000,85995100,159,396,86030000,74510
10,2458,86030000,86030100,159,396,86065000,74537
10,2459,86065000,86065100,159,396,86100000,74572
10,246,8610000,8610100,159,396,8645000,7482
10,2460,86100000,86100100,159,396,86135000,74599
10,2461,86135000,86135100,159,396,86170000,74633
10,2462,86170000,86170100,159,396,86205000,74660
10,2463,86205000,86205100,159,396,86240000,74691
10,2464,86240000,86240100,159,396,86275000,74718
10,2465,86275000,86275100,159,396,86310000,74754
10,2466,86310000,86310100,159,396,86345000,74781
10,2467,86345000,86345100,159,396,86380000,74814
10,2468,86380000,86380100,159,396,86415000,74842
10,2469,86415000,86415100,159,396,86450000,74873
10,247,8645000,8645100,159,396,8680000,7513
10,2470,86450000,86450100,159,396,86485000,74902
10,2471,86485000,86485100,159,396,86520000,74936
10,2472,86520000,86520100,159,396,86555000,74962
10,2473,86555000,86555100,159,396,86590000,74996
10,2474,86590000,86590100,159,396,86625000,75022
10,2475,86625000,86625100,159,396,86660000,75057
10,2476,86660000,86660100,159,396,86695000,75082
10,2477,86695000,86695100,159,396,86730000,75118
10,2478,86730000,86730100,159,396,86765000,75146
10,2479,86765000,86765100,159,396,86800000,75177
10,248,8680000,8680100,159,396,8715000,7540
10,2480,86800000,86800100,159,396,86835000,75204
10,2481,86835000,86835100,159,396,86870000,75237
10,2482,86870000,86870100,159,396,86905000,75266
10,2483,86905000,86905100,159,396,86940000,75299
10,2484,86940000,86940100,159,396,86975000,75327
10,2485,86975000,86975100,159,396,87010000,75360
10,2486,87010000,87010100,159,396,87045000,75387
10,2487,87045000,87045100,159,396,87080000,75420
10,2488,87080000,87080100,159,396,87115000,75445
10,2489,87115000,87115100,159,396,87150000,75481
10,249,8715000,8715100,159,396,8750000,7573
10,2490,87150000,87150100,159,396,87185000,75509
10,2491,87185000,87185100,159,396,87220000,75542
10,2492,87220000,87220100,159,396,87255000,75569
10,2493,87255000,87255100,159,396,87290000,75602
10,2494,87290000,87290100,159,396,87325000,75629
10,2495,87325000,87325100,159,396,87360000,75663
10,2496,87360000,87360100,159,396,87395000,75689
10,2497,87395000,87395100,159,396,87430000,75723
10,2498,87430000,87430100,159,396,87465000,75751
10,2499,87465000,87465100,159,396,87500000,75783
10,25,875000,875100,159,396,910000,784
10,250,8750000,8750100,159,396,8785000,7600
10,2500,87500000,87500100,159,396,87535000,75810
10,2501,87535000,87535100,159,396,87570000,75846
10,2502,87570000,87570100,159,396,87605000,75874
10,2503,87605000,87605100,159,396,87640000,75905
10,2504,87640000,87640100,159,396,87675000,75932
10,2505,87675000,87675100,159,396,87710000,75965
10,2506,87710000,87710100,159,396,87745000,75992
10,2507,87745000,87745100,159,396,87780000,76027
10,2508,87780000,87780100,159,396,87815000,76054
10,2509,87815000,87815100,159,396,87850000,76088
10,251,8785000,8785100,159,396,8820000,7636
10,2510,87850000,87850100,159,396,87885000,76114
10,2511,87885000,87885100,159,396,87920000,76147
10,2512,87920000,87920100,159,396,87955000,76174
10,2513,87955000,87955100,159,396,87990000,76208
10,2514,87990000,87990100,159,396,88025000,76237
10,2515,88025000,88025100,159,396,88060000,76270
10,2516,88060000,88060100,159,396,88095000,76296
10,2517,88095000,88095100,159,396,88130000,76329
10,2518,88130000,88130100,159,396,88165000,76357
10,2519,88165000,88165100,159,396,88200000,76390
10,252,8820000,8820100,159,396,8855000,7662
10,2520,88200000,88200100,159,396,88235000,76417
10,2521,88235000,88235100,159,396,88270000,76451
10,2522,88270000,88270100,159,396,88305000,76478
10,2523,88305000,88305100,159,396,88340000,76512
10,2524,88340000,88340100,159,396,88375000,76537
10,2525,88375000,88375100,159,396,88410000,76574
10,2526,88410000,88410100,159,396,88445000,76601
10,2527,88445000,88445100,159,396,88480000,76632
10,2528,88480000,88480100,159,396,88515000,76660
10,2529,88515000,88515100,159,396,88550000,76691
10,253,8855000,8855100,159,396,8890000,7696
10,2530,88550000,88550100,159,396,88585000,76720
10,2531,88585000,88585100,159,396,88620000,76755
10,2532,88620000,88620100,159,396,88655000,76782
10,2533,88655000,88655100,159,396,88690000,76815
10,2534,88690000,88690100,159,396,88725000,76843
10,2535,88725000,88725100,159,396,88760000,76875
10,2536,88760000,88760100,159,396,88795000,76900
10,2537,88795000,88795100,159,396,88830000,76937
10,2538,88830000,88830100,159,396,88865000,76964
10,2539,88865000,88865100,159,396,88900000,76997
10,254,8890000,8890100,159,396,8925000,7723
10,2540,88900000,88900100,159,396,88935000,77023
10,2541,88935000,88935100,159,396,88970000,77057
10,2542,88970000,88970100,159,396,89005000,77085
10,2543,89005000,89005100,159,396,89040000,77117
10,2544,89040000,89040100,159,396,89075000,77145
10,2545,89075000,89075100,159,396,89110000,77179
10,2546,89110000,89110100,159,396,89145000,77205
10,2547,89145000,89145100,159,396,89180000,77239
10,2548,89180000,89180100,159,396,89215000,77266
10,2549,89215000,89215100,159,396,89250000,77300
10,255,8925000,8925100,159,396,8960000,7755
10,2550,89250000,89250100,159,396,89285000,77329
10,2551,89285000,89285100,159,396,89320000,77360
10,2552,89320000,89320100,159,396,89355000,77387
10,2553,89355000,89355100,159,396,89390000,77420
10,2554,89390000,89390100,159,396,89425000,77447
10,2555,89425000,89425100,159,396,89460000,77483
10,2556,89460000,89460100,159,396,89495000,77509
10,2557,89495000,89495100,159,396,89530000,77543
10,2558,89530000,89530100,159,396,89565000,77570
10,2559,89565000,89565100,159,396,89600000,77602
10,256,8960000,8960100,159,396,8995000,7781
10,2560,89600000,89600100,159,396,89635000,77628
10,2561,89635000,89635100,159,396,89670000,77664
10,2562,89670000,89670100,159,396,89705000,77692
10,2563,89705000,89705100,159,396,89740000,77724
10,2564,89740000,89740100,159,396,89775000,77752
10,2565,89775000,89775100,159,396,89810000,77784
10,2566,89810000,89810100,159,396,89845000,77812
10,2567,89845000,89845100,159,396,89880000,77846
10,2568,89880000,89880100,159,396,89915000,77872
10,2569,89915000,89915100,159,396,89950000,77906
10,257,8995000,8995100,159,396,9030000,7817
10,2570,89950000,89950100,159,396,89985000,77933
10,2571,89985000,89985100,159,396,90020000,77967
10,2572,90020000,90020100,159,396,90055000,77993
10,2573,90055000,90055100,159,396,90090000,78028
10,2574,90090000,90090100,159,396,90125000,78056
10,2575,90125000,90125100,159,396,90160000,78088
10,2576,90160000,90160100,159,396,90195000,78114
10,2577,90195000,90195100,159,396,90230000,78147
10,2578,90230000,90230100,159,396,90265000,78176
10,2579,90265000,90265100,159,396,90300000,78209
10,258,9030000,9030100,159,396,9065000,7845
10,2580,90300000,90300100,159,396,90335000,78237
10,2581,90335000,90335100,159,396,90370000,78271
10,2582,90370000,90370100,159,396,90405000,78298
10,2583,90405000,90405100,159,396,90440000,78330
10,2584,90440000,90440100,159,396,90475000,78355
10,2585,90475000,90475100,159,396,90510000,78392
10,2586,90510000,90510100,159,396,90545000,78419
10,2587,90545000,90545100,159,396,90580000,78452
10,2588,90580000,90580100,159,396,90615000,78479
10,2589,90615000,90615100,159,396,90650000,78512
10,259,9065000,9065100,159,396,9100000,7877
10,2590,90650000,90650100,159,396,90685000,78539
10,2591,90685000,90685100,159,396,90720000,78573
10,2592,90720000,90720100,159,396,90755000,78601
10,2593,90755000,90755100,159,396,90790000,78633
10,2594,90790000,90790100,159,396,90825000,78661
10,2595,90825000,90825100,159,396,90860000,78694
10,2596,90860000,90860100,159,396,90895000,78720
10,2597,90895000,90895100,159,396,90930000,78756
10,2598,90930000,90930100,159,396,90965000,78784
10,2599,90965000,90965100,159,396,91000000,78815
10,26,910000,910100,159,396,945000,810
10,260,9100000,9100100,159,396,9135000,7905
10,2600,91000000,91000100,159,396,91035000,78842
10,2601,91035000,91035100,159,396,91070000,78875
10,2602,91070000,91070100,159,396,91105000,78903
10,2603,91105000,91105100,159,396,91140000,78938
10,2604,91140000,91140100,159,396,91175000,78964
10,2605,91175000,91175100,159,396,91210000,78999
10,2606,91210000,91210100,159,396,91245000,79024
10,2607,91245000,91245100,159,396,91280000,79057
10,2608,91280000,91280100,159,396,91315000,79084
10,2609,91315000,91315100,159,396,91350000,79118
10,261,9135000,9135100,159,396,9170000,7937
10,2610,91350000,91350100,159,396,91385000,79147
10,2611,91385000,91385100,159,396,91420000,79180
10,2612,91420000,91420100,159,396,91455000,79207
10,2613,91455000,91455100,159,396,91490000,79239
10,2614,91490000,91490100,159,396,91525000,79268
10,2615,91525000,91525100,159,396,91560000,79301
10,2616,91560000,91560100,159,396,91595000,79327
10,2617,91595000,91595100,159,396,91630000,79361
10,2618,91630000,91630100,159,396,91665000,79388
10,2619,91665000,91665100,159,396,91700000,79422
10,262,9170000,9170100,159,396,9205000,7966
10,2620,91700000,91700100,159,396,91735000,79447
10,2621,91735000,91735100,159,396,91770000,79484
10,2622,91770000,91770100,159,396,91805000,79512
10,2623,91805000,91805100,159,396,91840000,79542
10,2624,91840000,91840100,159,396,91875000,79570
10,2625,91875000,91875100,159,396,91910000,79603
10,2626,91910000,91910100,159,396,91945000,79630
10,2627,91945000,91945100,159,396,91980000,79665
10,2628,91980000,91980100,159,396,92015000,79692
10,2629,92015000,92015100,159,396,92050000,79725
10,263,9205000,9205100,159,396,9240000,7998
10,2630,92050000,92050100,159,396,92085000,79753
10,2631,92085000,92085100,159,396,92120000,79785
10,2632,92120000,92120100,159,396,92155000,79811
10,2633,92155000,92155100,159,396,92190000,79847
10,2634,92190000,92190100,159,396,92225000,79874
10,2635,92225000,92225100,159,396,92260000,79908
10,2636,92260000,92260100,159,396,92295000,79934
10,2637,92295000,92295100,159,396,92330000,79967
10,2638,92330000,92330100,159,396,92365000,79995
10,2639,92365000,92365100,159,396,92400000,80027
10,264,9240000,9240100,159,396,9275000,8025
10,265,9275000,9275100,159,396,9310000,8060
10,266,9310000,9310100,159,396,9345000,8085
10,267,9345000,9345100,159,396,9380000,8120
10,268,9380000,9380100,159,396,9415000,8146
10,269,9415000,9415100,159,396,9450000,8181
10,27,945000,945100,159,396,980000,844
10,270,9450000,9450100,159,396,9485000,8209
10,271,9485000,9485100,159,396,9520000,8241
10,272,9520000,9520100,159,396,9555000,8268
10,273,9555000,9555100,159,396,9590000,8300
10,274,9590000,9590100,159,396,9625000,8328
10,275,9625000,9625100,159,396,9660000,8363
10,276,9660000,9660100,159,396,9695000,8390
10,277,9695000,9695100,159,396,9730000,8423
10,278,9730000,9730100,159,396,9765000,8451
10,279,9765000,9765100,159,396,9800000,8483
10,28,980000,980100,159,396,1015000,870
10,280,9800000,9800100,159,396,9835000,8508
10,281,9835000,9835100,159,396,9870000,8545
10,282,9870000,9870100,159,396,9905000,8573
10,283,9905000,9905100,159,396,9940000,8605
10,284,9940000,9940100,159,396,9975000,8632
10,285,9975000,9975100,159,396,10010000,8665
10,286,10010000,10010100,159,396,10045000,8692
10,287,10045000,10045100,159,396,10080000,8726
10,288,10080000,10080100,159,396,10115000,8753
10,289,10115000,10115100,159,396,10150000,8786
10,29,1015000,1015100,159,396,1050000,906
10,290,10150000,10150100,159,396,10185000,8814
10,291,10185000,10185100,159,396,10220000,8847
10,292,10220000,10220100,159,396,10255000,8874
10,293,10255000,10255100,159,396,10290000,8909
10,294,10290000,10290100,159,396,10325000,8937
10,295,10325000,10325100,159,396,10360000,8969
10,296,10360000,10360100,159,396,10395000,8994
10,297,10395000,10395100,159,396,10430000,9028
10,298,10430000,10430100,159,396,10465000,9056
10,299,10465000,10465100,159,396,10500000,9090
10,3,105000,105100,159,396,140000,116
10,30,1050000,1050100,159,396,1085000,933
10,300,10500000,10500100,159,396,10535000,9117
10,301,10535000,10535100,159,396,10570000,9152
10,302,10570000,10570100,159,396,10605000,9178
10,303,10605000,10605100,159,396,10640000,9210
10,304,10640000,10640100,159,396,10675000,9237
10,305,10675000,10675100,159,396,10710000,9272
10,306,10710000,10710100,159,396,10745000,9300
10,307,10745000,10745100,159,396,10780000,9332
10,308,10780000,10780100,159,396,10815000,9360
10,309,10815000,10815100,159,396,10850000,9392
10,31,1085000,1085100,159,396,1120000,965
10,310,10850000,10850100,159,396,10885000,9420
10,311,10885000,10885100,159,396,10920000,9454
10,312,10920000,10920100,159,396,10955000,9481
10,313,10955000,10955100,159,396,10990000,9514
10,314,10990000,10990100,159,396,11025000,9541
10,315,11025000,11025100,159,396,11060000,9576
10,316,11060000,11060100,159,396,11095000,9600
10,317,11095000,11095100,159,396,11130000,9637
10,318,11130000,11130100,159,396,11165000,9664
10,319,11165000,11165100,159,396,11200000,9695
10,32,1120000,1120100,159,396,1155000,992
10,320,11200000,11200100,159,396,11235000,9723
10,321,11235000,11235100,159,396,11270000,9755
10,322,11270000,11270100,159,396,11305000,9784
10,323,11305000,11305100,159,396,11340000,9818
10,324,11340000,11340100,159,396,11375000,9845
10,325,11375000,11375100,159,396,11410000,9879
10,326,11410000,11410100,159,396,11445000,9906
10,327,11445000,11445100,159,396,11480000,9938
10,328,11480000,11480100,159,396,11515000,9964
10,329,11515000,11515100,159,396,11550000,9999
10,33,1155000,1155100,159,396,1190000,1024
10,330,11550000,11550100,159,396,11585000,10027
10,331,11585000,11585100,159,396,11620000,10061
10,332,11620000,11620100,159,396,11655000,10087
10,333,11655000,11655100,159,396,11690000,10120
10,334,11690000,11690100,159,396,11725000,10148
10,335,11725000,11725100,159,396,11760000,10181
10,336,11760000,11760100,159,396,11795000,10208
10,337,11795000,11795100,159,396,11830000,10242
10,338,11830000,11830100,159,396,11865000,10269
10,339,11865000,11865100,159,396,11900000,10302
10,34,1190000,1190100,159,396,1225000,1053
10,340,11900000,11900100,159,396,11935000,10328
10,341,11935000,11935100,159,396,11970000,10364
10,342,11970000,11970100,159,396,12005000,10393
10,343,12005000,12005100,159,396,12040000,10423
10,344,12040000,12040100,159,396,12075000,10450
10,345,12075000,12075100,159,396,12110000,10484
10,346,12110000,12110100,159,396,12145000,10510
10,347,12145000,12145100,159,396,12180000,10546
10,348,12180000,12180100,159,396,12215000,10573
10,349,12215000,12215100,159,396,12250000,10606
10,35,1225000,1225100,159,396,1260000,1087
10,350,12250000,12250100,159,396,12285000,10633
10,351,12285000,12285100,159,396,12320000,10665
10,352,12320000,12320100,159,396,12355000,10692
10,353,12355000,12355100,159,396,12390000,10727
10,354,12390000,12390100,159,396,12425000,10755
10,355,12425000,12425100,159,396,12460000,10788
10,356,12460000,12460100,159,396,12495000,10815
10,357,12495000,12495100,159,396,12530000,10847
10,358,12530000,12530100,159,396,12565000,10876
10,359,12565000,12565100,159,396,12600000,10909
10,36,1260000,1260100,159,396,1295000,1114
10,360,12600000,12600100,159,396,12635000,10935
10,361,12635000,12635100,159,396,12670000,10970
10,362,12670000,12670100,159,396,12705000,10996
10,363,12705000,12705100,159,396,12740000,11030
10,364,12740000,12740100,159,396,12775000,11056
10,365,12775000,12775100,159,396,12810000,11092
10,366,12810000,12810100,159,396,12845000,11119
10,367,12845000,12845100,159,396,12880000,11151
10,368,12880000,12880100,159,396,12915000,11178
10,369,12915000,12915100,159,396,12950000,11210
10,37,1295000,1295100,159,396,1330000,1148
10,370,12950000,12950100,159,396,12985000,11239
10,371,12985000,12985100,159,396,13020000,11273
10,372,13020000,13020100,159,396,13055000,11301
10,373,13055000,13055100,159,396,13090000,11333
10,374,13090000,13090100,159,396,13125000,11361
10,375,13125000,13125100,159,396,13160000,11394
10,376,13160000,13160100,159,396,13195000,11418
10,377,13195000,13195100,159,396,13230000,11455
10,378,13230000,13230100,159,396,13265000,11483
10,379,13265000,13265100,159,396,13300000,11515
10,38,1330000,1330100,159,396,1365000,1175
10,380,13300000,13300100,159,396,13335000,11542
10,381,13335000,13335100,159,396,13370000,11576
10,382,13370000,13370100,159,396,13405000,11603
10,383,13405000,13405100,159,396,13440000,11636
10,384,13440000,13440100,159,396,13475000,11663
10,385,13475000,13475100,159,396,13510000,11697
10,386,13510000,13510100,159,396,13545000,11724
10,387,13545000,13545100,159,396,13580000,11757
10,388,13580000,13580100,159,396,13615000,11784
10,389,13615000,13615100,159,396,13650000,11819
10,39,1365000,1365100,159,396,1400000,1207
10,390,13650000,13650100,159,396,13685000,11847
10,391,13685000,13685100,159,396,13720000,11879
10,392,13720000,13720100,159,396,13755000,11906
10,393,13755000,13755100,159,396,13790000,11938
10,394,13790000,13790100,159,396,13825000,11966
10,395,13825000,13825100,159,396,13860000,12001
10,396,13860000,13860100,159,396,13895000,12027
10,397,13895000,13895100,159,396,13930000,12062
10,398,13930000,13930100,159,396,13965000,12088
10,399,13965000,13965100,159,396,14000000,12120
10,4,140000,140100,159,396,175000,143
10,40,1400000,1400100,159,396,1435000,1233
10,400,14000000,14000100,159,396,14035000,12147
10,401,14035000,14035100,159,396,14070000,12182
10,402,14070000,14070100,159,396,14105000,12211
10,403,14105000,14105100,159,396,14140000,12243
10,404,14140000,14140100,159,396,14175000,12270
10,405,14175000,14175100,159,396,14210000,12303
10,406,14210000,14210100,159,396,14245000,12330
10,407,14245000,14245100,159,396,14280000,12364
10,408,14280000,14280100,159,396,14315000,12391
10,409,14315000,14315100,159,396,14350000,12424
10,41,1435000,1435100,159,396,1470000,1269
10,410,14350000,14350100,159,396,14385000,12451
10,411,14385000,14385100,159,396,14420000,12486
10,412,14420000,14420100,159,396,14455000,12511
10,413,14455000,14455100,159,396,14490000,12547
10,414,14490000,14490100,159,396,14525000,12575
10,415,14525000,14525100,159,396,14560000,12606
10,416,14560000,14560100,159,396,14595000,12633
10,417,14595000,14595100,159,396,14630000,12665
10,418,14630000,14630100,159,396,14665000,12694
10,419,14665000,14665100,159,396,14700000,12728
10,42,1470000,1470100,159,396,1505000,1297
10,420,14700000,14700100,159,396,14735000,12755
10,421,14735000,14735100,159,396,14770000,12789
10,422,14770000,14770100,159,396,14805000,12817
10,423,14805000,14805100,159,396,14840000,12848
10,424,14840000,14840100,159,396,14875000,12874
10,425,14875000,14875100,159,396,14910000,12911
10,426,14910000,14910100,159,396,14945000,12937
10,427,14945000,14945100,159,396,14980000,12971
10,428,14980000,14980100,159,396,15015000,12997
10,429,15015000,15015100,159,396,15050000,13030
10,43,1505000,1505100,159,396,1540000,1329
10,430,15050000,15050100,159,396,15085000,13058
10,431,15085000,15085100,159,396,15120000,13091
10,432,15120000,15120100,159,396,15155000,13119
10,433,15155000,15155100,159,396,15190000,13152
10,434,15190000,15190100,159,396,15225000,13179
10,435,15225000,15225100,159,396,15260000,13213
10,436,15260000,15260100,159,396,15295000,13239
10,437,15295000,15295100,159,396,15330000,13274
10,438,15330000,15330100,159,396,15365000,13303
10,439,15365000,15365100,159,396,15400000,13333
10,44,1540000,1540100,159,396,1575000,1356
10,440,15400000,15400100,159,396,15435000,13360
10,441,15435000,15435100,159,396,15470000,13394
10,442,15470000,15470100,159,396,15505000,13421
10,443,15505000,15505100,159,396,15540000,13456
10,444,15540000,15540100,159,396,15575000,13483
10,445,15575000,15575100,159,396,15610000,13517
10,446,15610000,15610100,159,396,15645000,13543
10,447,15645000,15645100,159,396,15680000,13576
10,448,15680000,15680100,159,396,15715000,13602
10,449,15715000,15715100,159,396,15750000,13637
10,45,1575000,1575100,159,396,1610000,1390
10,450,15750000,15750100,159,396,15785000,13665
10,451,15785000,15785100,159,396,15820000,13698
10,452,15820000,15820100,159,396,15855000,13726
10,453,15855000,15855100,159,396,15890000,13757
10,454,15890000,15890100,159,396,15925000,13786
10,455,15925000,15925100,159,396,15960000,13820
10,456,15960000,15960100,159,396,15995000,13845
10,457,15995000,15995100,159,396,16030000,13880
10,458,16030000,16030100,159,396,16065000,13907
10,459,16065000,16065100,159,396,16100000,13940
10,46,1610000,1610100,159,396,1645000,1416
10,460,16100000,16100100,159,396,16135000,13966
10,461,16135000,16135100,159,396,16170000,14002
10,462,16170000,16170100,159,396,16205000,14030
10,463,16205000,16205100,159,396,16240000,14061
10,464,16240000,16240100,159,396,16275000,14088
10,465,16275000,16275100,159,396,16310000,14121
10,466,16310000,16310100,159,396,16345000,14149
10,467,16345000,16345100,159,396,16380000,14183
10,468,16380000,16380100,159,396,16415000,14211
10,469,16415000,16415100,159,396,16450000,14244
10,47,1645000,1645100,159,396,1680000,1450
10,470,16450000,16450100,159,396,16485000,14271
10,471,16485000,16485100,159,396,16520000,14304
10,472,16520000,16520100,159,396,16555000,14329
10,473,16555000,16555100,159,396,16590000,14365
10,474,16590000,16590100,159,396,16625000,14393
10,475,16625000,16625100,159,396,16660000,14426
10,476,16660000,16660100,159,396,16695000,14452
10,477,16695000,16695100,159,396,16730000,14486
10,478,16730000,16730100,159,396,16765000,14513
10,479,16765000,16765100,159,396,16800000,14546
10,48,1680000,1680100,159,396,1715000,1478
10,480,16800000,16800100,159,396,16835000,14574
10,481,16835000,16835100,159,396,16870000,14607
10,482,16870000,16870100,159,396,16905000,14635
10,483,16905000,16905100,159,396,16940000,14667
10,484,16940000,16940100,159,396,16975000,14694
10,485,16975000,16975100,159,396,17010000,14730
10,486,17010000,17010100,159,396,17045000,14757
10,487,17045000,17045100,159,396,17080000,14789
10,488,17080000,17080100,159,396,17115000,14816
10,489,17115000,17115100,159,396,17150000,14848
10,49,1715000,1715100,159,396,1750000,1510
10,490,17150000,17150100,159,396,17185000,14876
10,491,17185000,17185100,159,396,17220000,14912
10,492,17220000,17220100,159,396,17255000,14938
10,493,17255000,17255100,159,396,17290000,14972
10,494,17290000,17290100,159,396,17325000,14998
10,495,17325000,17325100,159,396,17360000,15031
10,496,17360000,17360100,159,396,17395000,15057
10,497,17395000,17395100,159,396,17430000,15092
10,498,17430000,17430100,159,396,17465000,15121
10,499,17465000,17465100,159,396,17500000,15153
10,5,175000,175100,159,396,210000,178
10,50,1750000,1750100,159,396,1785000,1538
10,500,17500000,17500100,159,396,17535000,15180
10,501,17535000,17535100,159,396,17570000,15213
10,502,17570000,17570100,159,396,17605000,15242
10,503,17605000,17605100,159,396,17640000,15274
10,504,17640000,17640100,159,396,17675000,15301
10,505,17675000,17675100,159,396,17710000,15335
10,506,17710000,17710100,159,396,17745000,15361
10,507,17745000,17745100,159,396,17780000,15396
10,508,17780000,17780100,159,396,17815000,15421
10,509,17815000,17815100,159,396,17850000,15457
10,51,1785000,1785100,159,396,1820000,1572
10,510,17850000,17850100,159,396,17885000,15485
10,511,17885000,17885100,159,396,17920000,15516
10,512,17920000,17920100,159,396,17955000,15544
10,513,17955000,17955100,159,396,17990000,15576
10,514,17990000,17990100,159,396,18025000,15604
10,515,18025000,18025100,159,396,18060000,15639
10,516,18060000,18060100,159,396,18095000,15665
10,517,18095000,18095100,159,396,18130000,15699
10,518,18130000,18130100,159,396,18165000,15727
10,519,18165000,18165100,159,396,18200000,15758
10,52,1820000,1820100,159,396,1855000,1598
10,520,18200000,18200100,159,396,18235000,15784
10,521,18235000,18235100,159,396,18270000,15821
10,522,18270000,18270100,159,396,18305000,15848
10,523,18305000,18305100,159,396,18340000,15881
10,524,18340000,18340100,159,396,18375000,15908
10,525,18375000,18375100,159,396,18410000,15941
10,526,18410000,18410100,159,396,18445000,15968
10,527,18445000,18445100,159,396,18480000,16001
10,528,18480000,18480100,159,396,18515000,16029
10,529,18515000,18515100,159,396,18550000,16062
10,53,1855000,1855100,159,396,1890000,1633
10,530,18550000,18550100,159,396,18585000,16089
10,531,18585000,18585100,159,396,18620000,16123
10,532,18620000,18620100,159,396,18655000,16150
10,533,18655000,18655100,159,396,18690000,16184
10,534,18690000,18690100,159,396,18725000,16213
10,535,18725000,18725100,159,396,18760000,16245
10,536,18760000,18760100,159,396,18795000,16270
10,537,18795000,18795100,159,396,18830000,16304
10,538,18830000,18830100,159,396,18865000,16331
10,539,18865000,18865100,159,396,18900000,16366
10,54,1890000,1890100,159,396,1925000,1661
10,540,18900000,18900100,159,396,18935000,16393
10,541,18935000,18935100,159,396,18970000,16427
10,542,18970000,18970100,159,396,19005000,16454
10,543,19005000,19005100,159,396,19040000,16486
10,544,19040000,19040100,159,396,19075000,16512
10,545,19075000,19075100,159,396,19110000,16548
10,546,19110000,19110100,159,396,19145000,16576
10,547,19145000,19145100,159,396,19180000,16608
10,548,19180000,19180100,159,396,19215000,16636
10,549,19215000,19215100,159,396,19250000,16667
10,55,1925000,1925100,159,396,1960000,1693
10,550,19250000,19250100,159,396,19285000,16696
10,551,19285000,19285100,159,396,19320000,16730
10,552,19320000,19320100,159,396,19355000,16756
10,553,19355000,19355100,159,396,19390000,16790
10,554,19390000,19390100,159,396,19425000,16817
10,555,19425000,19425100,159,396,19460000,16851
10,556,19460000,19460100,159,396,19495000,16876
10,557,19495000,19495100,159,396,19530000,16913
10,558,19530000,19530100,159,396,19565000,16940
10,559,19565000,19565100,159,396,19600000,16971
10,56,1960000,1960100,159,396,1995000,1719
10,560,19600000,19600100,159,396,19635000,16998
10,561,19635000,19635100,159,396,19670000,17031
10,562,19670000,19670100,159,396,19705000,17060
10,563,19705000,19705100,159,396,19740000,17093
10,564,19740000,19740100,159,396,19775000,17121
10,565,19775000,19775100,159,396,19810000,17155
10,566,19810000,19810100,159,396,19845000,17181
10,567,19845000,19845100,159,396,19880000,17214
10,568,19880000,19880100,159,396,19915000,17240
10,569,19915000,19915100,159,396,19950000,17275
10,57,1995000,1995100,159,396,2030000,1752
10,570,19950000,19950100,159,396,19985000,17303
10,571,19985000,19985100,159,396,20020000,17336
10,572,20020000,20020100,159,396,20055000,17363
10,573,20055000,20055100,159,396,20090000,17396
10,574,20090000,20090100,159,396,20125000,17423
10,575,20125000,20125100,159,396,20160000,17457
10,576,20160000,20160100,159,396,20195000,17484
10,577,20195000,20195100,159,396,20230000,17517
10,578,20230000,20230100,159,396,20265000,17545
10,579,20265000,20265100,159,396,20300000,17578
10,58,2030000,2030100,159,396,2065000,1780
10,580,20300000,20300100,159,396,20335000,17604
10,581,20335000,20335100,159,396,20370000,17640
10,582,20370000,20370100,159,396,20405000,17668
10,583,20405000,20405100,159,396,20440000,17699
10,584,20440000,20440100,159,396,20475000,17726
10,585,20475000,20475100,159,396,20510000,17759
10,586,20510000,20510100,159,396,20545000,17786
10,587,20545000,20545100,159,396,20580000,17822
10,588,20580000,20580100,159,396,20615000,17848
10,589,20615000,20615100,159,396,20650000,17882
10,59,2065000,2065100,159,396,2100000,1815
10,590,20650000,20650100,159,396,20685000,17909
10,591,20685000,20685100,159,396,20720000,17941
10,592,20720000,20720100,159,396,20755000,17968
10,593,20755000,20755100,159,396,20790000,18002
10,594,20790000,20790100,159,396,20825000,18031
10,595,20825000,20825100,159,396,20860000,18064
10,596,20860000,20860100,159,396,20895000,18090
10,597,20895000,20895100,159,396,20930000,18123
10,598,20930000,20930100,159,396,20965000,18152
10,599,20965000,20965100,159,396,21000000,18184
10,6,210000,210100,159,396,245000,206
10,60,2100000,2100100,159,396,2135000,1841
10,600,21000000,21000100,159,396,21035000,18211
10,601,21035000,21035100,159,396,21070000,18246
10,602,21070000,21070100,159,396,21105000,18272
10,603,21105000,21105100,159,396,21140000,18306
10,604,21140000,21140100,159,396,21175000,18331
10,605,21175000,21175100,159,396,21210000,18368
10,606,21210000,21210100,159,396,21245000,18395
10,607,21245000,21245100,159,396,21280000,18426
10,608,21280000,21280100,159,396,21315000,18454
10,609,21315000,21315100,159,396,21350000,18486
10,61,2135000,2135100,159,396,2170000,1876
10,610,21350000,21350100,159,396,21385000,18514
10,611,21385000,21385100,159,396,21420000,18549
10,612,21420000,21420100,159,396,21455000,18577
10,613,21455000,21455100,159,396,21490000,18609
10,614,21490000,21490100,159,396,21525000,18637
10,615,21525000,21525100,159,396,21560000,18669
10,616,21560000,21560100,159,396,21595000,18694
10,617,21595000,21595100,159,396,21630000,18731
10,618,21630000,21630100,159,396,21665000,18758
10,619,21665000,21665100,159,396,21700000,18791
10,62,2170000,2170100,159,396,2205000,1903
10,620,21700000,21700100,159,396,21735000,18818
10,621,21735000,21735100,159,396,21770000,18851
10,622,21770000,21770100,159,396,21805000,18879
10,623,21805000,21805100,159,396,21840000,18912
10,624,21840000,21840100,159,396,21875000,18939
10,625,21875000,21875100,159,396,21910000,18973
10,626,21910000,21910100,159,396,21945000,18999
10,627,21945000,21945100,159,396,21980000,19033
10,628,21980000,21980100,159,396,22015000,19060
10,629,22015000,22015100,159,396,22050000,19094
10,63,2205000,2205100,159,396,2240000,1934
10,630,22050000,22050100,159,396,22085000,19123
10,631,22085000,22085100,159,396,22120000,19155
10,632,22120000,22120100,159,396,22155000,19181
10,633,22155000,22155100,159,396,22190000,19214
10,634,22190000,22190100,159,396,22225000,19242
10,635,22225000,22225100,159,396,22260000,19277
10,636,22260000,22260100,159,396,22295000,19303
10,637,22295000,22295100,159,396,22330000,19337
10,638,22330000,22330100,159,396,22365000,19364
10,639,22365000,22365100,159,396,22400000,19396
10,64,2240000,2240100,159,396,2275000,1961
10,640,22400000,22400100,159,396,22435000,19422
10,641,22435000,22435100,159,396,22470000,19458
10,642,22470000,22470100,159,396,22505000,19487
10,643,22505000,22505100,159,396,22540000,19518
10,644,22540000,22540100,159,396,22575000,19546
10,645,22575000,22575100,159,396,22610000,19579
10,646,22610000,22610100,159,396,22645000,19606
10,647,22645000,22645100,159,396,22680000,19640
10,648,22680000,22680100,159,396,22715000,19666
10,649,22715000,22715100,159,396,22750000,19700
10,65,2275000,2275100,159,396,2310000,1996
10,650,22750000,22750100,159,396,22785000,19727
10,651,22785000,22785100,159,396,22820000,19761
10,652,22820000,22820100,159,396,22855000,19787
10,653,22855000,22855100,159,396,22890000,19823
10,654,22890000,22890100,159,396,22925000,19850
10,655,22925000,22925100,159,396,22960000,19882
10,656,22960000,22960100,159,396,22995000,19909
10,657,22995000,22995100,159,396,23030000,19941
10,658,23030000,23030100,159,396,23065000,19970
10,659,23065000,23065100,159,396,23100000,20003
10,66,2310000,2310100,159,396,2345000,2024
10,660,23100000,23100100,159,396,23135000,20031
10,661,23135000,23135100,159,396,23170000,20065
10,662,23170000,23170100,159,396,23205000,20092
10,663,23205000,23205100,159,396,23240000,20124
10,664,23240000,23240100,159,396,23275000,20150
10,665,23275000,23275100,159,396,23310000,20186
10,666,23310000,23310100,159,396,23345000,20213
10,667,23345000,23345100,159,396,23380000,20247
10,668,23380000,23380100,159,396,23415000,20273
10,669,23415000,23415100,159,396,23450000,20306
10,67,2345000,2345100,159,396,2380000,2057
10,670,23450000,23450100,159,396,23485000,20333
10,671,23485000,23485100,159,396,23520000,20367
10,672,23520000,23520100,159,396,23555000,20395
10,673,23555000,23555100,159,396,23590000,20427
10,674,23590000,23590100,159,396,23625000,20455
10,675,23625000,23625100,159,396,23660000,20489
10,676,23660000,23660100,159,396,23695000,20514
10,677,23695000,23695100,159,396,23730000,20550
10,678,23730000,23730100,159,396,23765000,20579
10,679,23765000,23765100,159,396,23800000,20609
10,68,2380000,2380100,159,396,2415000,2084
10,680,23800000,23800100,159,396,23835000,20636
10,681,23835000,23835100,159,396,23870000,20669
10,682,23870000,23870100,159,396,23905000,20697
10,683,23905000,23905100,159,396,23940000,20732
10,684,23940000,23940100,159,396,23975000,20758
10,685,23975000,23975100,159,396,24010000,20793
10,686,24010000,24010100,159,396,24045000,20819
10,687,24045000,24045100,159,396,24080000,20851
10,688,24080000,24080100,159,396,24115000,20878
10,689,24115000,24115100,159,396,24150000,20913
10,69,2415000,2415100,159,396,2450000,2116
10,690,24150000,24150100,159,396,24185000,20941
10,691,24185000,24185100,159,396,24220000,20974
10,692,24220000,24220100,159,396,24255000,21001
10,693,24255000,24255100,159,396,24290000,21033
10,694,24290000,24290100,159,396,24325000,21062
10,695,24325000,24325100,159,396,24360000,21095
10,696,24360000,24360100,159,396,24395000,21121
10,697,24395000,24395100,159,396,24430000,21156
10,698,24430000,24430100,159,396,24465000,21182
10,699,24465000,24465100,159,396,24500000,21216
10,7,245000,245100,159,396,280000,238
10,70,2450000,2450100,159,396,2485000,2145
10,700,24500000,24500100,159,396,24535000,21242
10,701,24535000,24535100,159,396,24570000,21278
10,702,24570000,24570100,159,396,24605000,21306
10,703,24605000,24605100,159,396,24640000,21336
10,704,24640000,24640100,159,396,24675000,21364
10,705,24675000,24675100,159,396,24710000,21397
10,706,24710000,24710100,159,396,24745000,21424
10,707,24745000,24745100,159,396,24780000,21459
10,708,24780000,24780100,159,396,24815000,21487
10,709,24815000,24815100,159,396,24850000,21519
10,71,2485000,2485100,159,396,2520000,2178
10,710,24850000,24850100,159,396,24885000,21547
10,711,24885000,24885100,159,396,24920000,21580
10,712,24920000,24920100,159,396,24955000,21605
10,713,24955000,24955100,159,396,24990000,21641
10,714,24990000,24990100,159,396,25025000,21668
10,715,25025000,25025100,159,396,25060000,21702
10,716,25060000,25060100,159,396,25095000,21728
10,717,25095000,25095100,159,396,25130000,21761
10,718,25130000,25130100,159,396,25165000,21789
10,719,25165000,25165100,159,396,25200000,21822
10,72,2520000,2520100,159,396,2555000,2205
10,720,25200000,25200100,159,396,25235000,21849
10,721,25235000,25235100,159,396,25270000,21883
10,722,25270000,25270100,159,396,25305000,21911
10,723,25305000,25305100,159,396,25340000,21943
10,724,25340000,25340100,159,396,25375000,21970
10,725,25375000,25375100,159,396,25410000,22005
10,726,25410000,25410100,159,396,25445000,22033
10,727,25445000,25445100,159,396,25480000,22065
10,728,25480000,25480100,159,396,25515000,22091
10,729,25515000,25515100,159,396,25550000,22124
10,73,2555000,2555100,159,396,2590000,2239
10,730,25550000,25550100,159,396,25585000,22152
10,731,25585000,25585100,159,396,25620000,22187
10,732,25620000,25620100,159,396,25655000,22214
10,733,25655000,25655100,159,396,25690000,22248
10,734,25690000,25690100,159,396,25725000,22274
10,735,25725000,25725100,159,396,25760000,22307
10,736,25760000,25760100,159,396,25795000,22332
10,737,25795000,25795100,159,396,25830000,22368
10,738,25830000,25830100,159,396,25865000,22397
10,739,25865000,25865100,159,396,25900000,22428
10,74,2590000,2590100,159,396,2625000,2265
10,740,25900000,25900100,159,396,25935000,22456
10,741,25935000,25935100,159,396,25970000,22489
10,742,25970000,25970100,159,396,26005000,22517
10,743,26005000,26005100,159,396,26040000,22550
10,744,26040000,26040100,159,396,26075000,22577
10,745,26075000,26075100,159,396,26110000,22611
10,746,26110000,26110100,159,396,26145000,22637
10,747,26145000,26145100,159,396,26180000,22671
10,748,26180000,26180100,159,396,26215000,22697
10,749,26215000,26215100,159,396,26250000,22733
10,75,2625000,2625100,159,396,2660000,2300
10,750,26250000,26250100,159,396,26285000,22760
10,751,26285000,26285100,159,396,26320000,22792
10,752,26320000,26320100,159,396,26355000,22820
10,753,26355000,26355100,159,396,26390000,22851
10,754,26390000,26390100,159,396,26425000,22880
10,755,26425000,26425100,159,396,26460000,22915
10,756,26460000,26460100,159,396,26495000,22941
10,757,26495000,26495100,159,396,26530000,22975
10,758,26530000,26530100,159,396,26565000,23002
10,759,26565000,26565100,159,396,26600000,23034
10,76,2660000,2660100,159,396,2695000,2324
10,760,26600000,26600100,159,396,26635000,23060
10,761,26635000,26635100,159,396,26670000,23096
10,762,26670000,26670100,159,396,26705000,23124
10,763,26705000,26705100,159,396,26740000,23157
10,764,26740000,26740100,159,396,26775000,23183
10,765,26775000,26775100,159,396,26810000,23217
10,766,26810000,26810100,159,396,26845000,23244
10,767,26845000,26845100,159,396,26880000,23277
10,768,26880000,26880100,159,396,26915000,23305
10,769,26915000,26915100,159,396,26950000,23337
10,77,2695000,2695100,159,396,2730000,2361
10,770,26950000,26950100,159,396,26985000,23365
10,771,26985000,26985100,159,396,27020000,23399
10,772,27020000,27020100,159,396,27055000,23425
10,773,27055000,27055100,159,396,27090000,23460
10,774,27090000,27090100,159,396,27125000,23489
10,775,27125000,27125100,159,396,27160000,23520
10,776,27160000,27160100,159,396,27195000,23546
10,777,27195000,27195100,159,396,27230000,23580
10,778,27230000,27230100,159,396,27265000,23607
10,779,27265000,27265100,159,396,27300000,23642
10,78,2730000,2730100,159,396,2765000,2389
10,780,27300000,27300100,159,396,27335000,23668
10,781,27335000,27335100,159,396,27370000,23703
10,782,27370000,27370100,159,396,27405000,23730
10,783,27405000,27405100,159,396,27440000,23761
10,784,27440000,27440100,159,396,27475000,23788
10,785,27475000,27475100,159,396,27510000,23824
10,786,27510000,27510100,159,396,27545000,23851
10,787,27545000,27545100,159,396,27580000,23884
10,788,27580000,27580100,159,396,27615000,23912
10,789,27615000,27615100,159,396,27650000,23943
10,79,2765000,2765100,159,396,2800000,2419
10,790,27650000,27650100,159,396,27685000,23972
10,791,27685000,27685100,159,396,27720000,24005
10,792,27720000,27720100,159,396,27755000,24032
10,793,27755000,27755100,159,396,27790000,24066
10,794,27790000,27790100,159,396,27825000,24092
10,795,27825000,27825100,159,396,27860000,24127
10,796,27860000,27860100,159,396,27895000,24152
10,797,27895000,27895100,159,396,27930000,24188
10,798,27930000,27930100,159,396,27965000,24216
10,799,27965000,27965100,159,396,28000000,24247
10,8,280000,280100,159,396,315000,264
10,80,2800000,2800100,159,396,2835000,2447
10,800,28000000,28000100,159,396,28035000,24274
10,801,28035000,28035100,159,396,28070000,24307
10,802,28070000,28070100,159,396,28105000,24335
10,803,28105000,28105100,159,396,28140000,24369
10,804,28140000,28140100,159,396,28175000,24397
10,805,28175000,28175100,159,396,28210000,24430
10,806,28210000,28210100,159,396,28245000,24457
10,807,28245000,28245100,159,396,28280000,24490
10,808,28280000,28280100,159,396,28315000,24515
10,809,28315000,28315100,159,396,28350000,24551
10,81,2835000,2835100,159,396,2870000,2480
10,810,28350000,28350100,159,396,28385000,24579
10,811,28385000,28385100,159,396,28420000,24612
10,812,28420000,28420100,159,396,28455000,24639
10,813,28455000,28455100,159,396,28490000,24671
10,814,28490000,28490100,159,396,28525000,24699
10,815,28525000,28525100,159,396,28560000,24733
10,816,28560000,28560100,159,396,28595000,24759
10,817,28595000,28595100,159,396,28630000,24793
10,818,28630000,28630100,159,396,28665000,24821
10,819,28665000,28665100,159,396,28700000,24853
10,82,2870000,2870100,159,396,2905000,2508
10,820,28700000,28700100,159,396,28735000,24880
10,821,28735000,28735100,159,396,28770000,24916
10,822,28770000,28770100,159,396,28805000,24944
10,823,28805000,28805100,159,396,28840000,24975
10,824,28840000,28840100,159,396,28875000,25001
10,825,28875000,28875100,159,396,28910000,25035
10,826,28910000,28910100,159,396,28945000,25062
10,827,28945000,28945100,159,396,28980000,25097
10,828,28980000,28980100,159,396,29015000,25124
10,829,29015000,29015100,159,396,29050000,25158
10,83,2905000,2905100,159,396,2940000,2542
10,830,29050000,29050100,159,396,29085000,25184
10,831,29085000,29085100,159,396,29120000,25217
10,832,29120000,29120100,159,396,29155000,25244
10,833,29155000,29155100,159,396,29190000,25278
10,834,29190000,29190100,159,396,29225000,25307
10,835,29225000,29225100,159,396,29260000,25339
10,836,29260000,29260100,159,396,29295000,25366
10,837,29295000,29295100,159,396,29330000,25399
10,838,29330000,29330100,159,396,29365000,25427
10,839,29365000,29365100,159,396,29400000,25460
10,84,2940000,2940100,159,396,2975000,2570
10,840,29400000,29400100,159,396,29435000,25487
10,841,29435000,29435100,159,396,29470000,25521
10,842,29470000,29470100,159,396,29505000,25548
10,843,29505000,29505100,159,396,29540000,25582
10,844,29540000,29540100,159,396,29575000,25607
10,845,29575000,29575100,159,396,29610000,25644
10,846,29610000,29610100,159,396,29645000,25670
10,847,29645000,29645100,159,396,29680000,25702
10,848,29680000,29680100,159,396,29715000,25730
10,849,29715000,29715100,159,396,29750000,25761
10,85,2975000,2975100,159,396,3010000,2603
10,850,29750000,29750100,159,396,29785000,25790
10,851,29785000,29785100,159,396,29820000,25825
10,852,29820000,29820100,159,396,29855000,25852
10,853,29855000,29855100,159,396,29890000,25885
10,854,29890000,29890100,159,396,29925000,25913
10,855,29925000,29925100,159,396,29960000,25945
10,856,29960000,29960100,159,396,29995000,25970
10,857,29995000,29995100,159,396,30030000,26006
10,858,30030000,30030100,159,396,30065000,26034
10,859,30065000,30065100,159,396,30100000,26067
10,86,3010000,3010100,159,396,3045000,2630
10,860,30100000,30100100,159,396,30135000,26093
10,861,30135000,30135100,159,396,30170000,26127
10,862,30170000,30170100,159,396,30205000,26155
10,863,30205000,30205100,159,396,30240000,26187
10,864,30240000,30240100,159,396,30275000,26215
10,865,30275000,30275100,159,396,30310000,26249
10,866,30310000,30310100,159,396,30345000,26275
10,867,30345000,30345100,159,396,30380000,26309
10,868,30380000,30380100,159,396,30415000,26335
10,869,30415000,30415100,159,396,30450000,26370
10,87,3045000,3045100,159,396,3080000,2662
10,870,30450000,30450100,159,396,30485000,26399
10,871,30485000,30485100,159,396,30520000,26430
10,872,30520000,30520100,159,396,30555000,26457
10,873,30555000,30555100,159,396,30590000,26490
10,874,30590000,30590100,159,396,30625000,26517
10,875,30625000,30625100,159,396,30660000,26553
10,876,30660000,30660100,159,396,30695000,26579
10,877,30695000,30695100,159,396,30730000,26613
10,878,30730000,30730100,159,396,30765000,26640
10,879,30765000,30765100,159,396,30800000,26671
10,88,3080000,3080100,159,396,3115000,2688
10,880,30800000,30800100,159,396,30835000,26698
10,881,30835000,30835100,159,396,30870000,26734
10,882,30870000,30870100,159,396,30905000,26762
10,883,30905000,30905100,159,396,30940000,26794
10,884,30940000,30940100,159,396,30975000,26822
10,885,30975000,30975100,159,396,31010000,26854
10,886,31010000,31010100,159,396,31045000,26882
10,887,31045000,31045100,159,396,31080000,26916
10,888,31080000,31080100,159,396,31115000,26942
10,889,31115000,31115100,159,396,31150000,26976
10,89,3115000,3115100,159,396,3150000,2724
10,890,31150000,31150100,159,396,31185000,27002
10,891,31185000,31185100,159,396,31220000,27037
10,892,31220000,31220100,159,396,31255000,27063
10,893,31255000,31255100,159,396,31290000,27098
10,894,31290000,31290100,159,396,31325000,27126
10,895,31325000,31325100,159,396,31360000,27158
10,896,31360000,31360100,159,396,31395000,27184
10,897,31395000,31395100,159,396,31430000,27217
10,898,31430000,31430100,159,396,31465000,27246
10,899,31465000,31465100,159,396,31500000,27279
10,9,315000,315100,159,396,350000,297
10,90,3150000,3150100,159,396,3185000,2751
10,900,31500000,31500100,159,396,31535000,27307
10,901,31535000,31535100,159,396,31570000,27340
10,902,31570000,31570100,159,396,31605000,27368
10,903,31605000,31605100,159,396,31640000,27400
10,904,31640000,31640100,159,396,31675000,27425
10,905,31675000,31675100,159,396,31710000,27462
10,906,31710000,31710100,159,396,31745000,27489
10,907,31745000,31745100,159,396,31780000,27522
10,908,31780000,31780100,159,396,31815000,27549
10,909,31815000,31815100,159,396,31850000,27582
10,91,3185000,3185100,159,396,3220000,2785
10,910,31850000,31850100,159,396,31885000,27609
10,911,31885000,31885100,159,396,31920000,27643
10,912,31920000,31920100,159,396,31955000,27670
10,913,31955000,31955100,159,396,31990000,27703
10,914,31990000,31990100,159,396,32025000,27731
10,915,32025000,32025100,159,396,32060000,27764
10,916,32060000,32060100,159,396,32095000,27790
10,917,32095000,32095100,159,396,32130000,27826
10,918,32130000,32130100,159,396,32165000,27854
10,919,32165000,32165100,159,396,32200000,27885
10,92,3220000,3220100,159,396,3255000,2812
10,920,32200000,32200100,159,396,32235000,27912
10,921,32235000,32235100,159,396,32270000,27945
10,922,32270000,32270100,159,396,32305000,27973
10,923,32305000,32305100,159,396,32340000,28007
10,924,32340000,32340100,159,396,32375000,28034
10,925,32375000,32375100,159,396,32410000,28069
10,926,32410000,32410100,159,396,32445000,28094
10,927,32445000,32445100,159,396,32480000,28127
10,928,32480000,32480100,159,396,32515000,28154
10,929,32515000,32515100,159,396,32550000,28188
10,93,3255000,3255100,159,396,3290000,2844
10,930,32550000,32550100,159,396,32585000,28217
10,931,32585000,32585100,159,396,32620000,28250
10,932,32620000,32620100,159,396,32655000,28277
10,933,32655000,32655100,159,396,32690000,28309
10,934,32690000,32690100,159,396,32725000,28337
10,935,32725000,32725100,159,396,32760000,28371
10,936,32760000,32760100,159,396,32795000,28397
10,937,32795000,32795100,159,396,32830000,28431
10,938,32830000,32830100,159,396,32865000,28458
10,939,32865000,32865100,159,396,32900000,28492
10,94,3290000,3290100,159,396,3325000,2872
10,940,32900000,32900100,159,396,32935000,28517
10,941,32935000,32935100,159,396,32970000,28554
10,942,32970000,32970100,159,396,33005000,28582
10,943,33005000,33005100,159,396,33040000,28612
10,944,33040000,33040100,159,396,33075000,28640
10,945,33075000,33075100,159,396,33110000,28672
10,946,33110000,33110100,159,396,33145000,28700
10,947,33145000,33145100,159,396,33180000,28735
10,948,33180000,33180100,159,396,33215000,28762
10,949,33215000,33215100,159,396,33250000,28795
10,95,3325000,3325100,159,396,3360000,2906
10,950,33250000,33250100,159,396,33285000,28823
10,951,33285000,33285100,159,396,33320000,28855
10,952,33320000,33320100,159,396,33355000,28881
10,953,33355000,33355100,159,396,33390000,28917
10,954,33390000,33390100,159,396,33425000,28944
10,955,33425000,33425100,159,396,33460000,28978
10,956,33460000,33460100,159,396,33495000,29003
10,957,33495000,33495100,159,396,33530000,29037
10,958,33530000,33530100,159,396,33565000,29065
10,959,33565000,33565100,159,396,33600000,29097
10,96,3360000,3360100,159,396,3395000,2932
10,960,33600000,33600100,159,396,33635000,29125
10,961,33635000,33635100,159,396,33670000,29159
10,962,33670000,33670100,159,396,33705000,29186
10,963,33705000,33705100,159,396,33740000,29219
10,964,33740000,33740100,159,396,33775000,29246
10,965,33775000,33775100,159,396,33810000,29281
10,966,33810000,33810100,159,396,33845000,29309
10,967,33845000,33845100,159,396,33880000,29340
10,968,33880000,33880100,159,396,33915000,29367
10,969,33915000,33915100,159,396,33950000,29400
10,97,3395000,3395100,159,396,3430000,2966
10,970,33950000,33950100,159,396,33985000,29427
10,971,33985000,33985100,159,396,34020000,29463
10,972,34020000,34020100,159,396,34055000,29490
10,973,34055000,34055100,159,396,34090000,29523
10,974,34090000,34090100,159,396,34125000,29550
10,975,34125000,34125100,159,396,34160000,29583
10,976,34160000,34160100,159,396,34195000,29608
10,977,34195000,34195100,159,396,34230000,29644
10,978,34230000,34230100,159,396,34265000,29672
10,979,34265000,34265100,159,396,34300000,29704
10,98,3430000,3430100,159,396,3465000,2993
10,980,34300000,34300100,159,396,34335000,29732
10,981,34335000,34335100,159,396,34370000,29764
10,982,34370000,34370100,159,396,34405000,29793
10,983,34405000,34405100,159,396,34440000,29826
10,984,34440000,34440100,159,396,34475000,29852
10,985,34475000,34475100,159,396,34510000,29887
10,986,34510000,34510100,159,396,34545000,29913
10,987,34545000,34545100,159,396,34580000,29947
10,988,34580000,34580100,159,396,34615000,29973
10,989,34615000,34615100,159,396,34650000,30008
10,99,3465000,3465100,159,396,3500000,3026
10,990,34650000,34650100,159,396,34685000,30036
10,991,34685000,34685100,159,396,34720000,30068
10,992,34720000,34720100,159,396,34755000,30095
10,993,34755000,34755100,159,396,34790000,30127
10,994,34790000,34790100,159,396,34825000,30156
10,995,34825000,34825100,159,396,34860000,30190
10,996,34860000,34860100,159,396,34895000,30217
10,997,34895000,34895100,159,396,34930000,30251
10,998,34930000,34930100,159,396,34965000,30278
10,999,34965000,34965100,159,396,35000000,30310
11,0,0,100,826,2065,40000,30
11,1,40000,40100,826,2065,80000,64
11,10,400000,400100,826,2065,440000,375
11,100,4000000,4000100,826,2065,4040000,3494
11,1000,40000000,40000100,826,2065,40040000,34676
11,1001,40040000,40040100,826,2065,40080000,34711
11,1002,40080000,40080100,826,2065,40120000,34746
11,1003,40120000,40120100,826,2065,40160000,34780
11,1004,40160000,40160100,826,2065,40200000,34814
11,1005,40200000,40200100,826,2065,40240000,34848
11,1006,40240000,40240100,826,2065,40280000,34883
11,1007,40280000,40280100,826,2065,40320000,34920
11,1008,40320000,40320100,826,2065,40360000,34954
11,1009,40360000,40360100,826,2065,40400000,34987
11,101,4040000,4040100,826,2065,4080000,3529
11,1010,40400000,40400100,826,2065,40440000,35023
11,1011,40440000,40440100,826,2065,40480000,35056
11,1012,40480000,40480100,826,2065,40520000,35091
11,1013,40520000,40520100,826,2065,40560000,35126
11,1014,40560000,40560100,826,2065,40600000,35162
11,1015,40600000,40600100,826,2065,40640000,35195
11,1016,40640000,40640100,826,2065,40680000,35231
11,1017,40680000,40680100,826,2065,40720000,35265
11,1018,40720000,40720100,826,2065,40760000,35300
11,1019,40760000,40760100,826,2065,40800000,35333
11,102,4080000,4080100,826,2065,4120000,3563
11,1020,40800000,40800100,826,2065,40840000,35368
11,1021,40840000,40840100,826,2065,40880000,35404
11,1022,40880000,40880100,826,2065,40920000,35439
11,1023,40920000,40920100,826,2065,40960000,35473
11,1024,40960000,40960100,826,2065,41000000,35507
11,1025,41000000,41000100,826,2065,41040000,35542
11,1026,41040000,41040100,826,2065,41080000,35576
11,1027,41080000,41080100,826,2065,41120000,35610
11,1028,41120000,41120100,826,2065,41160000,35648
11,1029,41160000,41160100,826,2065,41200000,35681
11,103,4120000,4120100,826,2065,4160000,3597
11,1030,41200000,41200100,826,2065,41240000,35715
11,1031,41240000,41240100,826,2065,41280000,35750
11,1032,41280000,41280100,826,2065,41320000,35785
11,1033,41320000,41320100,826,2065,41360000,35818
11,1034,41360000,41360100,826,2065,41400000,35853
11,1035,41400000,41400100,826,2065,41440000,35889
11,1036,41440000,41440100,826,2065,41480000,35924
11,1037,41480000,41480100,826,2065,41520000,35958
11,1038,41520000,41520100,826,2065,41560000,35993
11,1039,41560000,41560100,826,2065,41600000,36026
11,104,4160000,4160100,826,2065,4200000,3634
11,1040,41600000,41600100,826,2065,41640000,36062
11,1041,41640000,41640100,826,2065,41680000,36095
11,1042,41680000,41680100,826,2065,41720000,36132
11,1043,41720000,41720100,826,2065,41760000,36167
11,1044,41760000,41760100,826,2065,41800000,36200
11,1045,41800000,41800100,826,2065,41840000,36234
11,1046,41840000,41840100,826,2065,41880000,36270
11,1047,41880000,41880100,826,2065,41920000,36304
11,1048,41920000,41920100,826,2065,41960000,36338
11,1049,41960000,41960100,826,2065,42000000,36374
11,105,4200000,4200100,826,2065,4240000,3668
11,1050,42000000,42000100,826,2065,42040000,36409
11,1051,42040000,42040100,826,2065,42080000,36443
11,1052,42080000,42080100,826,2065,42120000,36478
11,1053,42120000,42120100,826,2065,42160000,36512
11,1054,42160000,42160100,826,2065,42200000,36546
11,1055,42200000,42200100,826,2065,42240000,36580
11,1056,42240000,42240100,826,2065,42280000,36617
11,1057,42280000,42280100,826,2065,42320000,36651
11,1058,42320000,42320100,826,2065,42360000,36687
11,1059,42360000,42360100,826,2065,42400000,36719
11,106,4240000,4240100,826,2065,4280000,3702
11,1060,42400000,42400100,826,2065,42440000,36754
11,1061,42440000,42440100,826,2065,42480000,36789
11,1062,42480000,42480100,826,2065,42520000,36824
11,1063,42520000,42520100,826,2065,42560000,36859
11,1064,42560000,42560100,826,2065,42600000,36894
11,1065,42600000,42600100,826,2065,42640000,36928
11,1066,42640000,42640100,826,2065,42680000,36962
11,1067,42680000,42680100,826,2065,42720000,36997
11,1068,42720000,42720100,826,2065,42760000,37032
11,1069,42760000,42760100,826,2065,42800000,37065
11,107,4280000,4280100,826,2065,4320000,3737
11,1070,42800000,42800100,826,2065,42840000,37102
11,1071,42840000,42840100,826,2065,42880000,37136
11,1072,42880000,42880100,826,2065,42920000,37171
11,1073,42920000,42920100,826,2065,42960000,37206
11,1074,42960000,42960100,826,2065,43000000,37239
11,1075,43000000,43000100,826,2065,43040000,37273
11,1076,43040000,43040100,826,2065,43080000,37309
11,1077,43080000,43080100,826,2065,43120000,37344
11,1078,43120000,43120100,826,2065,43160000,37379
11,1079,43160000,43160100,826,2065,43200000,37413
11,108,4320000,4320100,826,2065,4360000,3772
11,1080,43200000,43200100,826,2065,43240000,37448
11,1081,43240000,43240100,826,2065,43280000,37481
11,1082,43280000,43280100,826,2065,43320000,37517
11,1083,43320000,43320100,826,2065,43360000,37551
11,1084,43360000,43360100,826,2065,43400000,37587
11,1085,43400000,43400100,826,2065,43440000,37621
11,1086,43440000,43440100,826,2065,43480000,37656
11,1087,43480000,43480100,826,2065,43520000,37690
11,1088,43520000,43520100,826,2065,43560000,37725
11,1089,43560000,43560100,826,2065,43600000,37758
11,109,4360000,4360100,826,2065,4400000,3804
11,1090,43600000,43600100,826,2065,43640000,37793
11,1091,43640000,43640100,826,2065,43680000,37830
11,1092,43680000,43680100,826,2065,43720000,37864
11,1093,43720000,43720100,826,2065,43760000,37898
11,1094,43760000,43760100,826,2065,43800000,37933
11,1095,43800000,43800100,826,2065,43840000,37967
11,1096,43840000,43840100,826,2065,43880000,38001
11,1097,43880000,43880100,826,2065,43920000,38036
11,1098,43920000,43920100,826,2065,43960000,38073
11,1099,43960000,43960100,826,2065,44000000,38105
11,11,440000,440100,826,2065,480000,410
11,110,4400000,4400100,826,2065,4440000,3840
11,1100,44000000,44000100,826,2065,44040000,38141
11,1101,44040000,44040100,826,2065,44080000,38175
11,1102,44080000,44080100,826,2065,44120000,38210
11,1103,44120000,44120100,826,2065,44160000,38244
11,1104,44160000,44160100,826,2065,44200000,38278
11,1105,44200000,44200100,826,2065,44240000,38314
11,1106,44240000,44240100,826,2065,44280000,38350
11,1107,44280000,44280100,826,2065,44320000,38383
11,1108,44320000,44320100,826,2065,44360000,38418
11,1109,44360000,44360100,826,2065,44400000,38452
11,111,4440000,4440100,826,2065,4480000,3876
11,1110,44400000,44400100,826,2065,44440000,38486
11,1111,44440000,44440100,826,2065,44480000,38520
11,1112,44480000,44480100,826,2065,44520000,38558
11,1113,44520000,44520100,826,2065,44560000,38592
11,1114,44560000,44560100,826,2065,44600000,38625
11,1115,44600000,44600100,826,2065,44640000,38660
11,1116,44640000,44640100,826,2065,44680000,38695
11,1117,44680000,44680100,826,2065,44720000,38729
11,1118,44720000,44720100,826,2065,44760000,38764
11,1119,44760000,44760100,826,2065,44800000,38799
11,112,4480000,4480100,826,2065,4520000,3911
11,1120,44800000,44800100,826,2065,44840000,38834
11,1121,44840000,44840100,826,2065,44880000,38868
11,1122,44880000,44880100,826,2065,44920000,38903
11,1123,44920000,44920100,826,2065,44960000,38937
11,1124,44960000,44960100,826,2065,45000000,38972
11,1125,45000000,45000100,826,2065,45040000,39005
11,1126,45040000,45040100,826,2065,45080000,39042
11,1127,45080000,45080100,826,2065,45120000,39077
11,1128,45120000,45120100,826,2065,45160000,39112
11,1129,45160000,45160100,826,2065,45200000,39144
11,113,4520000,4520100,826,2065,4560000,3945
11,1130,45200000,45200100,826,2065,45240000,39180
11,1131,45240000,45240100,826,2065,45280000,39214
11,1132,45280000,45280100,826,2065,45320000,39248
11,1133,45320000,45320100,826,2065,45360000,39285
11,1134,45360000,45360100,826,2065,45400000,39319
11,1135,45400000,45400100,826,2065,45440000,39353
11,1136,45440000,45440100,826,2065,45480000,39388
11,1137,45480000,45480100,826,2065,45520000,39422
11,1138,45520000,45520100,826,2065,45560000,39457
11,1139,45560000,45560100,826,2065,45600000,39491
11,114,4560000,4560100,826,2065,4600000,3979
11,1140,45600000,45600100,826,2065,45640000,39527
11,1141,45640000,45640100,826,2065,45680000,39561
11,1142,45680000,45680100,826,2065,45720000,39597
11,1143,45720000,45720100,826,2065,45760000,39630
11,1144,45760000,45760100,826,2065,45800000,39664
11,1145,45800000,45800100,826,2065,45840000,39699
11,1146,45840000,45840100,826,2065,45880000,39734
11,1147,45880000,45880100,826,2065,45920000,39769
11,1148,45920000,45920100,826,2065,45960000,39805
11,1149,45960000,45960100,826,2065,46000000,39838
11,115,4600000,4600100,826,2065,4640000,4013
11,1150,46000000,46000100,826,2065,46040000,39873
11,1151,46040000,46040100,826,2065,46080000,39907
11,1152,46080000,46080100,826,2065,46120000,39942
11,1153,46120000,46120100,826,2065,46160000,39976
11,1154,46160000,46160100,826,2065,46200000,40012
11,1155,46200000,46200100,826,2065,46240000,40046
11,1156,46240000,46240100,826,2065,46280000,40081
11,1157,46280000,46280100,826,2065,46320000,40116
11,1158,46320000,46320100,826,2065,46360000,40150
11,1159,46360000,46360100,826,2065,46400000,40183
11,116,4640000,4640100,826,2065,4680000,4049
11,1160,46400000,46400100,826,2065,46440000,40219
11,1161,46440000,46440100,826,2065,46480000,40255
11,1162,46480000,46480100,826,2065,46520000,40289
11,1163,46520000,46520100,826,2065,46560000,40324
11,1164,46560000,46560100,826,2065,46600000,40358
11,1165,46600000,46600100,826,2065,46640000,40391
11,1166,46640000,46640100,826,2065,46680000,40427
11,1167,46680000,46680100,826,2065,46720000,40461
11,1168,46720000,46720100,826,2065,46760000,40498
11,1169,46760000,46760100,826,2065,46800000,40531
11,117,4680000,4680100,826,2065,4720000,4082
11,1170,46800000,46800100,826,2065,46840000,40566
11,1171,46840000,46840100,826,2065,46880000,40600
11,1172,46880000,46880100,826,2065,46920000,40636
11,1173,46920000,46920100,826,2065,46960000,40669
11,1174,46960000,46960100,826,2065,47000000,40703
11,1175,47000000,47000100,826,2065,47040000,40740
11,1176,47040000,47040100,826,2065,47080000,40774
11,1177,47080000,47080100,826,2065,47120000,40808
11,1178,47120000,47120100,826,2065,47160000,40844
11,1179,47160000,47160100,826,2065,47200000,40877
11,118,4720000,4720100,826,2065,4760000,4119
11,1180,47200000,47200100,826,2065,47240000,40911
11,1181,47240000,47240100,826,2065,47280000,40946
11,1182,47280000,47280100,826,2065,47320000,40983
11,1183,47320000,47320100,826,2065,47360000,41017
11,1184,47360000,47360100,826,2065,47400000,41051
11,1185,47400000,47400100,826,2065,47440000,41085
11,1186,47440000,47440100,826,2065,47480000,41120
11,1187,47480000,47480100,826,2065,47520000,41154
11,1188,47520000,47520100,826,2065,47560000,41189
11,1189,47560000,47560100,826,2065,47600000,41224
11,119,4760000,4760100,826,2065,4800000,4153
11,1190,47600000,47600100,826,2065,47640000,41260
11,1191,47640000,47640100,826,2065,47680000,41293
11,1192,47680000,47680100,826,2065,47720000,41328
11,1193,47720000,47720100,826,2065,47760000,41363
11,1194,47760000,47760100,826,2065,47800000,41397
11,1195,47800000,47800100,826,2065,47840000,41430
11,1196,47840000,47840100,826,2065,47880000,41468
11,1197,47880000,47880100,826,2065,47920000,41502
11,1198,47920000,47920100,826,2065,47960000,41536
11,1199,47960000,47960100,826,2065,48000000,41570
11,12,480000,480100,826,2065,520000,445
11,120,4800000,4800100,826,2065,4840000,4187
11,1200,48000000,48000100,826,2065,48040000,41605
11,1201,48040000,48040100,826,2065,48080000,41639
11,1202,48080000,48080100,826,2065,48120000,41674
11,1203,48120000,48120100,826,2065,48160000,41710
11,1204,48160000,48160100,826,2065,48200000,41744
11,1205,48200000,48200100,826,2065,48240000,41779
11,1206,48240000,48240100,826,2065,48280000,41813
11,1207,48280000,48280100,826,2065,48320000,41847
11,1208,48320000,48320100,826,2065,48360000,41883
11,1209,48360000,48360100,826,2065,48400000,41915
11,121,4840000,4840100,826,2065,4880000,4221
11,1210,48400000,48400100,826,2065,48440000,41952
11,1211,48440000,48440100,826,2065,48480000,41987
11,1212,48480000,48480100,826,2065,48520000,42022
11,1213,48520000,48520100,826,2065,48560000,42055
11,1214,48560000,48560100,826,2065,48600000,42090
11,1215,48600000,48600100,826,2065,48640000,42124
11,1216,48640000,48640100,826,2065,48680000,42159
11,1217,48680000,48680100,826,2065,48720000,42195
11,1218,48720000,48720100,826,2065,48760000,42230
11,1219,48760000,48760100,826,2065,48800000,42263
11,122,4880000,4880100,826,2065,4920000,4257
11,1220,48800000,48800100,826,2065,48840000,42298
11,1221,48840000,48840100,826,2065,48880000,42332
11,1222,48880000,48880100,826,2065,48920000,42367
11,1223,48920000,48920100,826,2065,48960000,42402
11,1224,48960000,48960100,826,2065,49000000,42437
11,1225,49000000,49000100,826,2065,49040000,42471
11,1226,49040000,49040100,826,2065,49080000,42507
11,1227,49080000,49080100,826,2065,49120000,42541
11,1228,49120000,49120100,826,2065,49160000,42575
11,1229,49160000,49160100,826,2065,49200000,42609
11,123,4920000,4920100,826,2065,4960000,4291
11,1230,49200000,49200100,826,2065,49240000,42644
11,1231,49240000,49240100,826,2065,49280000,42679
11,1232,49280000,49280100,826,2065,49320000,42715
11,1233,49320000,49320100,826,2065,49360000,42749
11,1234,49360000,49360100,826,2065,49400000,42783
11,1235,49400000,49400100,826,2065,49440000,42817
11,1236,49440000,49440100,826,2065,49480000,42852
11,1237,49480000,49480100,826,2065,49520000,42886
11,1238,49520000,49520100,826,2065,49560000,42924
11,1239,49560000,49560100,826,2065,49600000,42956
11,124,4960000,4960100,826,2065,5000000,4324
11,1240,49600000,49600100,826,2065,49640000,42991
11,1241,49640000,49640100,826,2065,49680000,43026
11,1242,49680000,49680100,826,2065,49720000,43060
11,1243,49720000,49720100,826,2065,49760000,43094
11,1244,49760000,49760100,826,2065,49800000,43129
11,1245,49800000,49800100,826,2065,49840000,43165
11,1246,49840000,49840100,826,2065,49880000,43199
11,1247,49880000,49880100,826,2065,49920000,43234
11,1248,49920000,49920100,826,2065,49960000,43269
11,1249,49960000,49960100,826,2065,50000000,43302
11,125,5000000,5000100,826,2065,5040000,4361
11,1250,50000000,50000100,826,2065,50040000,43337
11,1251,50040000,50040100,826,2065,50080000,43371
11,1252,50080000,50080100,826,2065,50120000,43408
11,1253,50120000,50120100,826,2065,50160000,43442
11,1254,50160000,50160100,826,2065,50200000,43476
11,1255,50200000,50200100,826,2065,50240000,43510
11,1256,50240000,50240100,826,2065,50280000,43546
11,1257,50280000,50280100,826,2065,50320000,43579
11,1258,50320000,50320100,826,2065,50360000,43614
11,1259,50360000,50360100,826,2065,50400000,43650
11,126,5040000,5040100,826,2065,5080000,4396
11,1260,50400000,50400100,826,2065,50440000,43685
11,1261,50440000,50440100,826,2065,50480000,43718
11,1262,50480000,50480100,826,2065,50520000,43754
11,1263,50520000,50520100,826,2065,50560000,43788
11,1264,50560000,50560100,826,2065,50600000,43821
11,1265,50600000,50600100,826,2065,50640000,43856
11,1266,50640000,50640100,826,2065,50680000,43893
11,1267,50680000,50680100,826,2065,50720000,43927
11,1268,50720000,50720100,826,2065,50760000,43962
11,1269,50760000,50760100,826,2065,50800000,43995
11,127,5080000,5080100,826,2065,5120000,4430
11,1270,50800000,50800100,826,2065,50840000,44030
11,1271,50840000,50840100,826,2065,50880000,44065
11,1272,50880000,50880100,826,2065,50920000,44099
11,1273,50920000,50920100,826,2065,50960000,44135
11,1274,50960000,50960100,826,2065,51000000,44170
11,1275,51000000,51000100,826,2065,51040000,44203
11,1276,51040000,51040100,826,2065,51080000,44238
11,1277,51080000,51080100,826,2065,51120000,44273
11,1278,51120000,51120100,826,2065,51160000,44308
11,1279,51160000,51160100,826,2065,51200000,44340
11,128,5120000,5120100,826,2065,5160000,4465
11,1280,51200000,51200100,826,2065,51240000,44378
11,1281,51240000,51240100,826,2065,51280000,44412
11,1282,51280000,51280100,826,2065,51320000,44447
11,1283,51320000,51320100,826,2065,51360000,44481
11,1284,51360000,51360100,826,2065,51400000,44515
11,1285,51400000,51400100,826,2065,51440000,44549
11,1286,51440000,51440100,826,2065,51480000,44584
11,1287,51480000,51480100,826,2065,51520000,44620
11,1288,51520000,51520100,826,2065,51560000,44655
11,1289,51560000,51560100,826,2065,51600000,44689
11,129,5160000,5160100,826,2065,5200000,4498
11,1290,51600000,51600100,826,2065,51640000,44723
11,1291,51640000,51640100,826,2065,51680000,44757
11,1292,51680000,51680100,826,2065,51720000,44793
11,1293,51720000,51720100,826,2065,51760000,44827
11,1294,51760000,51760100,826,2065,51800000,44862
11,1295,51800000,51800100,826,2065,51840000,44897
11,1296,51840000,51840100,826,2065,51880000,44932
11,1297,51880000,51880100,826,2065,51920000,44965
11,1298,51920000,51920100,826,2065,51960000,45001
11,1299,51960000,51960100,826,2065,52000000,45034
11,13,520000,520100,826,2065,560000,481
11,130,5200000,5200100,826,2065,5240000,4533
11,1300,52000000,52000100,826,2065,52040000,45069
11,1301,52040000,52040100,826,2065,52080000,45105
11,1302,52080000,52080100,826,2065,52120000,45140
11,1303,52120000,52120100,826,2065,52160000,45174
11,1304,52160000,52160100,826,2065,52200000,45209
11,1305,52200000,52200100,826,2065,52240000,45242
11,1306,52240000,52240100,826,2065,52280000,45277
11,1307,52280000,52280100,826,2065,52320000,45312
11,1308,52320000,52320100,826,2065,52360000,45348
11,1309,52360000,52360100,826,2065,52400000,45381
11,131,5240000,5240100,826,2065,5280000,4567
11,1310,52400000,52400100,826,2065,52440000,45417
11,1311,52440000,52440100,826,2065,52480000,45451
11,1312,52480000,52480100,826,2065,52520000,45485
11,1313,52520000,52520100,826,2065,52560000,45520
11,1314,52560000,52560100,826,2065,52600000,45554
11,1315,52600000,52600100,826,2065,52640000,45590
11,1316,52640000,52640100,826,2065,52680000,45625
11,1317,52680000,52680100,826,2065,52720000,45659
11,1318,52720000,52720100,826,2065,52760000,45694
11,1319,52760000,52760100,826,2065,52800000,45727
11,132,5280000,5280100,826,2065,5320000,4604
11,1320,52800000,52800100,826,2065,52840000,45762
11,1321,52840000,52840100,826,2065,52880000,45796
11,1322,52880000,52880100,826,2065,52920000,45834
11,1323,52920000,52920100,826,2065,52960000,45867
11,1324,52960000,52960100,826,2065,53000000,45901
11,1325,53000000,53000100,826,2065,53040000,45936
11,1326,53040000,53040100,826,2065,53080000,45971
11,1327,53080000,53080100,826,2065,53120000,46004
11,1328,53120000,53120100,826,2065,53160000,46040
11,1329,53160000,53160100,826,2065,53200000,46075
11,133,5320000,5320100,826,2065,5360000,4638
11,1330,53200000,53200100,826,2065,53240000,46109
11,1331,53240000,53240100,826,2065,53280000,46144
11,1332,53280000,53280100,826,2065,53320000,46179
11,1333,53320000,53320100,826,2065,53360000,46213
11,1334,53360000,53360100,826,2065,53400000,46247
11,1335,53400000,53400100,826,2065,53440000,46281
11,1336,53440000,53440100,826,2065,53480000,46318
11,1337,53480000,53480100,826,2065,53520000,46353
11,1338,53520000,53520100,826,2065,53560000,46387
11,1339,53560000,53560100,826,2065,53600000,46420
11,134,5360000,5360100,826,2065,5400000,4673
11,1340,53600000,53600100,826,2065,53640000,46456
11,1341,53640000,53640100,826,2065,53680000,46489
11,1342,53680000,53680100,826,2065,53720000,46524
11,1343,53720000,53720100,826,2065,53760000,46561
11,1344,53760000,53760100,826,2065,53800000,46595
11,1345,53800000,53800100,826,2065,53840000,46628
11,1346,53840000,53840100,826,2065,53880000,46664
11,1347,53880000,53880100,826,2065,53920000,46698
11,1348,53920000,53920100,826,2065,53960000,46733
11,1349,53960000,53960100,826,2065,54000000,46766
11,135,5400000,5400100,826,2065,5440000,4706
11,1350,54000000,54000100,826,2065,54040000,46803
11,1351,54040000,54040100,826,2065,54080000,46837
11,1352,54080000,54080100,826,2065,54120000,46872
11,1353,54120000,54120100,826,2065,54160000,46906
11,1354,54160000,54160100,826,2065,54200000,46940
11,1355,54200000,54200100,826,2065,54240000,46975
11,1356,54240000,54240100,826,2065,54280000,47009
11,1357,54280000,54280100,826,2065,54320000,47045
11,1358,54320000,54320100,826,2065,54360000,47081
11,1359,54360000,54360100,826,2065,54400000,47114
11,136,5440000,5440100,826,2065,5480000,4741
11,1360,54400000,54400100,826,2065,54440000,47148
11,1361,54440000,54440100,826,2065,54480000,47183
11,1362,54480000,54480100,826,2065,54520000,47218
11,1363,54520000,54520100,826,2065,54560000,47251
11,1364,54560000,54560100,826,2065,54600000,47288
11,1365,54600000,54600100,826,2065,54640000,47322
11,1366,54640000,54640100,826,2065,54680000,47357
11,1367,54680000,54680100,826,2065,54720000,47391
11,1368,54720000,54720100,826,2065,54760000,47426
11,1369,54760000,54760100,826,2065,54800000,47459
11,137,5480000,5480100,826,2065,5520000,4776
11,1370,54800000,54800100,826,2065,54840000,47495
11,1371,54840000,54840100,826,2065,54880000,47530
11,1372,54880000,54880100,826,2065,54920000,47565
11,1373,54920000,54920100,826,2065,54960000,47600
11,1374,54960000,54960100,826,2065,55000000,47633
11,1375,55000000,55000100,826,2065,55040000,47667
11,1376,55040000,55040100,826,2065,55080000,47703
11,1377,55080000,55080100,826,2065,55120000,47737
11,1378,55120000,55120100,826,2065,55160000,47773
11,1379,55160000,55160100,826,2065,55200000,47807
11,138,5520000,5520100,826,2065,5560000,4811
11,1380,55200000,55200100,826,2065,55240000,47842
11,1381,55240000,55240100,826,2065,55280000,47876
11,1382,55280000,55280100,826,2065,55320000,47911
11,1383,55320000,55320100,826,2065,55360000,47945
11,1384,55360000,55360100,826,2065,55400000,47979
11,1385,55400000,55400100,826,2065,55440000,48015
11,1386,55440000,55440100,826,2065,55480000,48050
11,1387,55480000,55480100,826,2065,55520000,48084
11,1388,55520000,55520100,826,2065,55560000,48120
11,1389,55560000,55560100,826,2065,55600000,48152
11,139,5560000,5560100,826,2065,5600000,4845
11,1390,55600000,55600100,826,2065,55640000,48187
11,1391,55640000,55640100,826,2065,55680000,48222
11,1392,55680000,55680100,826,2065,55720000,48259
11,1393,55720000,55720100,826,2065,55760000,48292
11,1394,55760000,55760100,826,2065,55800000,48327
11,1395,55800000,55800100,826,2065,55840000,48361
11,1396,55840000,55840100,826,2065,55880000,48395
11,1397,55880000,55880100,826,2065,55920000,48430
11,1398,55920000,55920100,826,2065,55960000,48465
11,1399,55960000,55960100,826,2065,56000000,48500
11,14,560000,560100,826,2065,600000,515
11,140,5600000,5600100,826,2065,5640000,4881
11,1400,56000000,56000100,826,2065,56040000,48535
11,1401,56040000,56040100,826,2065,56080000,48569
11,1402,56080000,56080100,826,2065,56120000,48604
11,1403,56120000,56120100,826,2065,56160000,48639
11,1404,56160000,56160100,826,2065,56200000,48672
11,1405,56200000,56200100,826,2065,56240000,48706
11,1406,56240000,56240100,826,2065,56280000,48744
11,1407,56280000,56280100,826,2065,56320000,48777
11,1408,56320000,56320100,826,2065,56360000,48812
11,1409,56360000,56360100,826,2065,56400000,48846
11,141,5640000,5640100,826,2065,5680000,4915
11,1410,56400000,56400100,826,2065,56440000,48881
11,1411,56440000,56440100,826,2065,56480000,48914
11,1412,56480000,56480100,826,2065,56520000,48950
11,1413,56520000,56520100,826,2065,56560000,48986
11,1414,56560000,56560100,826,2065,56600000,49020
11,1415,56600000,56600100,826,2065,56640000,49054
11,1416,56640000,56640100,826,2065,56680000,49089
11,1417,56680000,56680100,826,2065,56720000,49123
11,1418,56720000,56720100,826,2065,56760000,49158
11,1419,56760000,56760100,826,2065,56800000,49191
11,142,5680000,5680100,826,2065,5720000,4949
11,1420,56800000,56800100,826,2065,56840000,49228
11,1421,56840000,56840100,826,2065,56880000,49263
11,1422,56880000,56880100,826,2065,56920000,49297
11,1423,56920000,56920100,826,2065,56960000,49331
11,1424,56960000,56960100,826,2065,57000000,49366
11,1425,57000000,57000100,826,2065,57040000,49400
11,1426,57040000,57040100,826,2065,57080000,49434
11,1427,57080000,57080100,826,2065,57120000,49471
11,1428,57120000,57120100,826,2065,57160000,49506
11,1429,57160000,57160100,826,2065,57200000,49538
11,143,5720000,5720100,826,2065,5760000,4984
11,1430,57200000,57200100,826,2065,57240000,49574
11,1431,57240000,57240100,826,2065,57280000,49608
11,1432,57280000,57280100,826,2065,57320000,49643
11,1433,57320000,57320100,826,2065,57360000,49677
11,1434,57360000,57360100,826,2065,57400000,49713
11,1435,57400000,57400100,826,2065,57440000,49747
11,1436,57440000,57440100,826,2065,57480000,49783
11,1437,57480000,57480100,826,2065,57520000,49816
11,1438,57520000,57520100,826,2065,57560000,49851
11,1439,57560000,57560100,826,2065,57600000,49885
11,144,5760000,5760100,826,2065,5800000,5018
11,1440,57600000,57600100,826,2065,57640000,49919
11,1441,57640000,57640100,826,2065,57680000,49955
11,1442,57680000,57680100,826,2065,57720000,49991
11,1443,57720000,57720100,826,2065,57760000,50025
11,1444,57760000,57760100,826,2065,57800000,50058
11,1445,57800000,57800100,826,2065,57840000,50093
11,1446,57840000,57840100,826,2065,57880000,50128
11,1447,57880000,57880100,826,2065,57920000,50162
11,1448,57920000,57920100,826,2065,57960000,50199
11,1449,57960000,57960100,826,2065,58000000,50232
11,145,5800000,5800100,826,2065,5840000,5052
11,1450,58000000,58000100,826,2065,58040000,50267
11,1451,58040000,58040100,826,2065,58080000,50301
11,1452,58080000,58080100,826,2065,58120000,50336
11,1453,58120000,58120100,826,2065,58160000,50370
11,1454,58160000,58160100,826,2065,58200000,50405
11,1455,58200000,58200100,826,2065,58240000,50440
11,1456,58240000,58240100,826,2065,58280000,50475
11,1457,58280000,58280100,826,2065,58320000,50510
11,1458,58320000,58320100,826,2065,58360000,50545
11,1459,58360000,58360100,826,2065,58400000,50577
11,146,5840000,5840100,826,2065,5880000,5089
11,1460,58400000,58400100,826,2065,58440000,50613
11,1461,58440000,58440100,826,2065,58480000,50647
11,1462,58480000,58480100,826,2065,58520000,50683
11,1463,58520000,58520100,826,2065,58560000,50718
11,1464,58560000,58560100,826,2065,58600000,50752
11,1465,58600000,58600100,826,2065,58640000,50786
11,1466,58640000,58640100,826,2065,58680000,50821
11,1467,58680000,58680100,826,2065,58720000,50855
11,1468,58720000,58720100,826,2065,58760000,50890
11,1469,58760000,58760100,826,2065,58800000,50926
11,147,5880000,5880100,826,2065,5920000,5123
11,1470,58800000,58800100,826,2065,58840000,50960
11,1471,58840000,58840100,826,2065,58880000,50994
11,1472,58880000,58880100,826,2065,58920000,51030
11,1473,58920000,58920100,826,2065,58960000,51063
11,1474,58960000,58960100,826,2065,59000000,51097
11,1475,59000000,59000100,826,2065,59040000,51132
11,1476,59040000,59040100,826,2065,59080000,51169
11,1477,59080000,59080100,826,2065,59120000,51202
11,1478,59120000,59120100,826,2065,59160000,51238
11,1479,59160000,59160100,826,2065,59200000,51271
11,148,5920000,5920100,826,2065,5960000,5158
11,1480,59200000,59200100,826,2065,59240000,51306
11,1481,59240000,59240100,826,2065,59280000,51340
11,1482,59280000,59280100,826,2065,59320000,51375
11,1483,59320000,59320100,826,2065,59360000,51411
11,1484,59360000,59360100,826,2065,59400000,51445
11,1485,59400000,59400100,826,2065,59440000,51479
11,1486,59440000,59440100,826,2065,59480000,51514
11,1487,59480000,59480100,826,2065,59520000,51549
11,1488,59520000,59520100,826,2065,59560000,51583
11,1489,59560000,59560100,826,2065,59600000,51616
11,149,5960000,5960100,826,2065,6000000,5192
11,1490,59600000,59600100,826,2065,59640000,51654
11,1491,59640000,59640100,826,2065,59680000,51688
11,1492,59680000,59680100,826,2065,59720000,51722
11,1493,59720000,59720100,826,2065,59760000,51757
11,1494,59760000,59760100,826,2065,59800000,51791
11,1495,59800000,59800100,826,2065,59840000,51824
11,1496,59840000,59840100,826,2065,59880000,51860
11,1497,59880000,59880100,826,2065,59920000,51896
11,1498,59920000,59920100,826,2065,59960000,51931
11,1499,59960000,59960100,826,2065,60000000,51964
11,15,600000,600100,826,2065,640000,549
11,150,6000000,6000100,826,2065,6040000,5226
11,1500,60000000,60000100,826,2065,60040000,51999
11,1501,60040000,60040100,826,2065,60080000,52033
11,1502,60080000,60080100,826,2065,60120000,52069
11,1503,60120000,60120100,826,2065,60160000,52102
11,1504,60160000,60160100,826,2065,60200000,52138
11,1505,60200000,60200100,826,2065,60240000,52173
11,1506,60240000,60240100,826,2065,60280000,52207
11,1507,60280000,60280100,826,2065,60320000,52241
11,1508,60320000,60320100,826,2065,60360000,52277
11,1509,60360000,60360100,826,2065,60400000,52310
11,151,6040000,6040100,826,2065,6080000,5260
11,1510,60400000,60400100,826,2065,60440000,52344
11,1511,60440000,60440100,826,2065,60480000,52381
11,1512,60480000,60480100,826,2065,60520000,52416
11,1513,60520000,60520100,826,2065,60560000,52450
11,1514,60560000,60560100,826,2065,60600000,52484
11,1515,60600000,60600100,826,2065,60640000,52518
11,1516,60640000,60640100,826,2065,60680000,52553
11,1517,60680000,60680100,826,2065,60720000,52587
11,1518,60720000,60720100,826,2065,60760000,52624
11,1519,60760000,60760100,826,2065,60800000,52657
11,152,6080000,6080100,826,2065,6120000,5296
11,1520,60800000,60800100,826,2065,60840000,52693
11,1521,60840000,60840100,826,2065,60880000,52726
11,1522,60880000,60880100,826,2065,60920000,52761
11,1523,60920000,60920100,826,2065,60960000,52796
11,1524,60960000,60960100,826,2065,61000000,52830
11,1525,61000000,61000100,826,2065,61040000,52865
11,1526,61040000,61040100,826,2065,61080000,52901
11,1527,61080000,61080100,826,2065,61120000,52935
11,1528,61120000,61120100,826,2065,61160000,52969
11,1529,61160000,61160100,826,2065,61200000,53003
11,153,6120000,6120100,826,2065,6160000,5331
11,1530,61200000,61200100,826,2065,61240000,53038
11,1531,61240000,61240100,826,2065,61280000,53072
11,1532,61280000,61280100,826,2065,61320000,53109
11,1533,61320000,61320100,826,2065,61360000,53143
11,1534,61360000,61360100,826,2065,61400000,53177
11,1535,61400000,61400100,826,2065,61440000,53212
11,1536,61440000,61440100,826,2065,61480000,53246
11,1537,61480000,61480100,826,2065,61520000,53280
11,1538,61520000,61520100,826,2065,61560000,53316
11,1539,61560000,61560100,826,2065,61600000,53350
11,154,6160000,6160100,826,2065,6200000,5365
11,1540,61600000,61600100,826,2065,61640000,53385
11,1541,61640000,61640100,826,2065,61680000,53420
11,1542,61680000,61680100,826,2065,61720000,53455
11,1543,61720000,61720100,826,2065,61760000,53488
11,1544,61760000,61760100,826,2065,61800000,53523
11,1545,61800000,61800100,826,2065,61840000,53557
11,1546,61840000,61840100,826,2065,61880000,53594
11,1547,61880000,61880100,826,2065,61920000,53628
11,1548,61920000,61920100,826,2065,61960000,53663
11,1549,61960000,61960100,826,2065,62000000,53696
11,155,6200000,6200100,826,2065,6240000,5400
11,1550,62000000,62000100,826,2065,62040000,53731
11,1551,62040000,62040100,826,2065,62080000,53765
11,1552,62080000,62080100,826,2065,62120000,53800
11,1553,62120000,62120100,826,2065,62160000,53837
11,1554,62160000,62160100,826,2065,62200000,53870
11,1555,62200000,62200100,826,2065,62240000,53904
11,1556,62240000,62240100,826,2065,62280000,53940
11,1557,62280000,62280100,826,2065,62320000,53974
11,1558,62320000,62320100,826,2065,62360000,54008
11,1559,62360000,62360100,826,2065,62400000,54042
11,156,6240000,6240100,826,2065,6280000,5435
11,1560,62400000,62400100,826,2065,62440000,54079
11,1561,62440000,62440100,826,2065,62480000,54112
11,1562,62480000,62480100,826,2065,62520000,54148
11,1563,62520000,62520100,826,2065,62560000,54182
11,1564,62560000,62560100,826,2065,62600000,54216
11,1565,62600000,62600100,826,2065,62640000,54250
11,1566,62640000,62640100,826,2065,62680000,54285
11,1567,62680000,62680100,826,2065,62720000,54321
11,1568,62720000,62720100,826,2065,62760000,54357
11,1569,62760000,62760100,826,2065,62800000,54389
11,157,6280000,6280100,826,2065,6320000,5468
11,1570,62800000,62800100,826,2065,62840000,54424
11,1571,62840000,62840100,826,2065,62880000,54459
11,1572,62880000,62880100,826,2065,62920000,54493
11,1573,62920000,62920100,826,2065,62960000,54527
11,1574,62960000,62960100,826,2065,63000000,54564
11,1575,63000000,63000100,826,2065,63040000,54598
11,1576,63040000,63040100,826,2065,63080000,54632
11,1577,63080000,63080100,826,2065,63120000,54667
11,1578,63120000,63120100,826,2065,63160000,54702
11,1579,63160000,63160100,826,2065,63200000,54735
11,158,6320000,6320100,826,2065,6360000,5504
11,1580,63200000,63200100,826,2065,63240000,54770
11,1581,63240000,63240100,826,2065,63280000,54806
11,1582,63280000,63280100,826,2065,63320000,54841
11,1583,63320000,63320100,826,2065,63360000,54875
11,1584,63360000,63360100,826,2065,63400000,54909
11,1585,63400000,63400100,826,2065,63440000,54943
11,1586,63440000,63440100,826,2065,63480000,54979
11,1587,63480000,63480100,826,2065,63520000,55012
11,1588,63520000,63520100,826,2065,63560000,55049
11,1589,63560000,63560100,826,2065,63600000,55083
11,159,6360000,6360100,826,2065,6400000,5537
11,1590,63600000,63600100,826,2065,63640000,55118
11,1591,63640000,63640100,826,2065,63680000,55151
11,1592,63680000,63680100,826,2065,63720000,55187
11,1593,63720000,63720100,826,2065,63760000,55221
11,1594,63760000,63760100,826,2065,63800000,55254
11,1595,63800000,63800100,826,2065,63840000,55291
11,1596,63840000,63840100,826,2065,63880000,55326
11,1597,63880000,63880100,826,2065,63920000,55360
11,1598,63920000,63920100,826,2065,63960000,55395
11,1599,63960000,63960100,826,2065,64000000,55428
11,16,640000,640100,826,2065,680000,584
11,160,6400000,6400100,826,2065,6440000,5574
11,1600,64000000,64000100,826,2065,64040000,55463
11,1601,64040000,64040100,826,2065,64080000,55498
11,1602,64080000,64080100,826,2065,64120000,55534
11,1603,64120000,64120100,826,2065,64160000,55568
11,1604,64160000,64160100,826,2065,64200000,55603
11,1605,64200000,64200100,826,2065,64240000,55636
11,1606,64240000,64240100,826,2065,64280000,55671
11,1607,64280000,64280100,826,2065,64320000,55706
11,1608,64320000,64320100,826,2065,64360000,55741
11,1609,64360000,64360100,826,2065,64400000,55775
11,161,6440000,6440100,826,2065,6480000,5608
11,1610,64400000,64400100,826,2065,64440000,55811
11,1611,64440000,64440100,826,2065,64480000,55845
11,1612,64480000,64480100,826,2065,64520000,55880
11,1613,64520000,64520100,826,2065,64560000,55914
11,1614,64560000,64560100,826,2065,64600000,55948
11,1615,64600000,64600100,826,2065,64640000,55982
11,1616,64640000,64640100,826,2065,64680000,56019
11,1617,64680000,64680100,826,2065,64720000,56053
11,1618,64720000,64720100,826,2065,64760000,56088
11,1619,64760000,64760100,826,2065,64800000,56122
11,162,6480000,6480100,826,2065,6520000,5643
11,1620,64800000,64800100,826,2065,64840000,56156
11,1621,64840000,64840100,826,2065,64880000,56190
11,1622,64880000,64880100,826,2065,64920000,56226
11,1623,64920000,64920100,826,2065,64960000,56262
11,1624,64960000,64960100,826,2065,65000000,56295
11,1625,65000000,65000100,826,2065,65040000,56330
11,1626,65040000,65040100,826,2065,65080000,56365
11,1627,65080000,65080100,826,2065,65120000,56398
11,1628,65120000,65120100,826,2065,65160000,56434
11,1629,65160000,65160100,826,2065,65200000,56467
11,163,6520000,6520100,826,2065,6560000,5677
11,1630,65200000,65200100,826,2065,65240000,56504
11,1631,65240000,65240100,826,2065,65280000,56538
11,1632,65280000,65280100,826,2065,65320000,56573
11,1633,65320000,65320100,826,2065,65360000,56607
11,1634,65360000,65360100,826,2065,65400000,56642
11,1635,65400000,65400100,826,2065,65440000,56675
11,1636,65440000,65440100,826,2065,65480000,56710
11,1637,65480000,65480100,826,2065,65520000,56747
11,1638,65520000,65520100,826,2065,65560000,56781
11,1639,65560000,65560100,826,2065,65600000,56814
11,164,6560000,6560100,826,2065,6600000,5711
11,1640,65600000,65600100,826,2065,65640000,56850
11,1641,65640000,65640100,826,2065,65680000,56884
11,1642,65680000,65680100,826,2065,65720000,56918
11,1643,65720000,65720100,826,2065,65760000,56953
11,1644,65760000,65760100,826,2065,65800000,56989
11,1645,65800000,65800100,826,2065,65840000,57023
11,1646,65840000,65840100,826,2065,65880000,57058
11,1647,65880000,65880100,826,2065,65920000,57092
11,1648,65920000,65920100,826,2065,65960000,57127
11,1649,65960000,65960100,826,2065,66000000,57160
11,165,6600000,6600100,826,2065,6640000,5745
11,1650,66000000,66000100,826,2065,66040000,57195
11,1651,66040000,66040100,826,2065,66080000,57231
11,1652,66080000,66080100,826,2065,66120000,57267
11,1653,66120000,66120100,826,2065,66160000,57300
11,1654,66160000,66160100,826,2065,66200000,57334
11,1655,66200000,66200100,826,2065,66240000,57369
11,1656,66240000,66240100,826,2065,66280000,57404
11,1657,66280000,66280100,826,2065,66320000,57437
11,1658,66320000,66320100,826,2065,66360000,57475
11,1659,66360000,66360100,826,2065,66400000,57508
11,166,6640000,6640100,826,2065,6680000,5780
11,1660,66400000,66400100,826,2065,66440000,57542
11,1661,66440000,66440100,826,2065,66480000,57577
11,1662,66480000,66480100,826,2065,66520000,57612
11,1663,66520000,66520100,826,2065,66560000,57646
11,1664,66560000,66560100,826,2065,66600000,57680
11,1665,66600000,66600100,826,2065,66640000,57716
11,1666,66640000,66640100,826,2065,66680000,57751
11,1667,66680000,66680100,826,2065,66720000,57786
11,1668,66720000,66720100,826,2065,66760000,57820
11,1669,66760000,66760100,826,2065,66800000,57853
11,167,6680000,6680100,826,2065,6720000,5817
11,1670,66800000,66800100,826,2065,66840000,57889
11,1671,66840000,66840100,826,2065,66880000,57922
11,1672,66880000,66880100,826,2065,66920000,57959
11,1673,66920000,66920100,826,2065,66960000,57994
11,1674,66960000,66960100,826,2065,67000000,58028
11,1675,67000000,67000100,826,2065,67040000,58061
11,1676,67040000,67040100,826,2065,67080000,58097
11,1677,67080000,67080100,826,2065,67120000,58131
11,1678,67120000,67120100,826,2065,67160000,58166
11,1679,67160000,67160100,826,2065,67200000,58201
11,168,6720000,6720100,826,2065,6760000,5851
11,1680,67200000,67200100,826,2065,67240000,58236
11,1681,67240000,67240100,826,2065,67280000,58270
11,1682,67280000,67280100,826,2065,67320000,58305
11,1683,67320000,67320100,826,2065,67360000,58339
11,1684,67360000,67360100,826,2065,67400000,58373
11,1685,67400000,67400100,826,2065,67440000,58408
11,1686,67440000,67440100,826,2065,67480000,58444
11,1687,67480000,67480100,826,2065,67520000,58478
11,1688,67520000,67520100,826,2065,67560000,58514
11,1689,67560000,67560100,826,2065,67600000,58547
11,169,6760000,6760100,826,2065,6800000,5884
11,1690,67600000,67600100,826,2065,67640000,58581
11,1691,67640000,67640100,826,2065,67680000,58616
11,1692,67680000,67680100,826,2065,67720000,58651
11,1693,67720000,67720100,826,2065,67760000,58686
11,1694,67760000,67760100,826,2065,67800000,58721
11,1695,67800000,67800100,826,2065,67840000,58755
11,1696,67840000,67840100,826,2065,67880000,58790
11,1697,67880000,67880100,826,2065,67920000,58824
11,1698,67920000,67920100,826,2065,67960000,58859
11,1699,67960000,67960100,826,2065,68000000,58892
11,17,680000,680100,826,2065,720000,619
11,170,6800000,6800100,826,2065,6840000,5920
11,1700,68000000,68000100,826,2065,68040000,58930
11,1701,68040000,68040100,826,2065,68080000,58963
11,1702,68080000,68080100,826,2065,68120000,58998
11,1703,68120000,68120100,826,2065,68160000,59033
11,1704,68160000,68160100,826,2065,68200000,59066
11,1705,68200000,68200100,826,2065,68240000,59100
11,1706,68240000,68240100,826,2065,68280000,59136
11,1707,68280000,68280100,826,2065,68320000,59172
11,1708,68320000,68320100,826,2065,68360000,59206
11,1709,68360000,68360100,826,2065,68400000,59240
11,171,6840000,6840100,826,2065,6880000,5954
11,1710,68400000,68400100,826,2065,68440000,59275
11,1711,68440000,68440100,826,2065,68480000,59309
11,1712,68480000,68480100,826,2065,68520000,59344
11,1713,68520000,68520100,826,2065,68560000,59378
11,1714,68560000,68560100,826,2065,68600000,59414
11,1715,68600000,68600100,826,2065,68640000,59448
11,1716,68640000,68640100,826,2065,68680000,59483
11,1717,68680000,68680100,826,2065,68720000,59517
11,1718,68720000,68720100,826,2065,68760000,59553
11,1719,68760000,68760100,826,2065,68800000,59585
11,172,6880000,6880100,826,2065,6920000,5988
11,1720,68800000,68800100,826,2065,68840000,59620
11,1721,68840000,68840100,826,2065,68880000,59657
11,1722,68880000,68880100,826,2065,68920000,59692
11,1723,68920000,68920100,826,2065,68960000,59725
11,1724,68960000,68960100,826,2065,69000000,59760
11,1725,69000000,69000100,826,2065,69040000,59794
11,1726,69040000,69040100,826,2065,69080000,59828
11,1727,69080000,69080100,826,2065,69120000,59863
11,1728,69120000,69120100,826,2065,69160000,59900
11,1729,69160000,69160100,826,2065,69200000,59933
11,173,6920000,6920100,826,2065,6960000,6023
11,1730,69200000,69200100,826,2065,69240000,59968
11,1731,69240000,69240100,826,2065,69280000,60002
11,1732,69280000,69280100,826,2065,69320000,60037
11,1733,69320000,69320100,826,2065,69360000,60072
11,1734,69360000,69360100,826,2065,69400000,60105
11,1735,69400000,69400100,826,2065,69440000,60141
11,1736,69440000,69440100,826,2065,69480000,60177
11,1737,69480000,69480100,826,2065,69520000,60210
11,1738,69520000,69520100,826,2065,69560000,60245
11,1739,69560000,69560100,826,2065,69600000,60279
11,174,6960000,6960100,826,2065,7000000,6059
11,1740,69600000,69600100,826,2065,69640000,60314
11,1741,69640000,69640100,826,2065,69680000,60347
11,1742,69680000,69680100,826,2065,69720000,60385
11,1743,69720000,69720100,826,2065,69760000,60419
11,1744,69760000,69760100,826,2065,69800000,60453
11,1745,69800000,69800100,826,2065,69840000,60487
11,1746,69840000,69840100,826,2065,69880000,60522
11,1747,69880000,69880100,826,2065,69920000,60556
11,1748,69920000,69920100,826,2065,69960000,60591
11,1749,69960000,69960100,826,2065,70000000,60626
11,175,7000000,7000100,826,2065,7040000,6092
11,1750,70000000,70000100,826,2065,70040000,60661
11,1751,70040000,70040100,826,2065,70080000,60696
11,1752,70080000,70080100,826,2065,70120000,60730
11,1753,70120000,70120100,826,2065,70160000,60764
11,1754,70160000,70160100,826,2065,70200000,60799
11,1755,70200000,70200100,826,2065,70240000,60833
11,1756,70240000,70240100,826,2065,70280000,60869
11,1757,70280000,70280100,826,2065,70320000,60904
11,1758,70320000,70320100,826,2065,70360000,60939
11,1759,70360000,70360100,826,2065,70400000,60971
11,176,7040000,7040100,826,2065,7080000,6128
11,1760,70400000,70400100,826,2065,70440000,61007
11,1761,70440000,70440100,826,2065,70480000,61041
11,1762,70480000,70480100,826,2065,70520000,61076
11,1763,70520000,70520100,826,2065,70560000,61112
11,1764,70560000,70560100,826,2065,70600000,61146
11,1765,70600000,70600100,826,2065,70640000,61180
11,1766,70640000,70640100,826,2065,70680000,61216
11,1767,70680000,70680100,826,2065,70720000,61249
11,1768,70720000,70720100,826,2065,70760000,61284
11,1769,70760000,70760100,826,2065,70800000,61318
11,177,7080000,7080100,826,2065,7120000,6162
11,1770,70800000,70800100,826,2065,70840000,61354
11,1771,70840000,70840100,826,2065,70880000,61388
11,1772,70880000,70880100,826,2065,70920000,61424
11,1773,70920000,70920100,826,2065,70960000,61458
11,1774,70960000,70960100,826,2065,71000000,61491
11,1775,71000000,71000100,826,2065,71040000,61526
11,1776,71040000,71040100,826,2065,71080000,61561
11,1777,71080000,71080100,826,2065,71120000,61597
11,1778,71120000,71120100,826,2065,71160000,61632
11,1779,71160000,71160100,826,2065,71200000,61665
11,178,7120000,7120100,826,2065,7160000,6197
11,1780,71200000,71200100,826,2065,71240000,61700
11,1781,71240000,71240100,826,2065,71280000,61734
11,1782,71280000,71280100,826,2065,71320000,61769
11,1783,71320000,71320100,826,2065,71360000,61803
11,1784,71360000,71360100,826,2065,71400000,61840
11,1785,71400000,71400100,826,2065,71440000,61873
11,1786,71440000,71440100,826,2065,71480000,61908
11,1787,71480000,71480100,826,2065,71520000,61943
11,1788,71520000,71520100,826,2065,71560000,61978
11,1789,71560000,71560100,826,2065,71600000,62010
11,179,7160000,7160100,826,2065,7200000,6230
11,1790,71600000,71600100,826,2065,71640000,62046
11,1791,71640000,71640100,826,2065,71680000,62082
11,1792,71680000,71680100,826,2065,71720000,62116
11,1793,71720000,71720100,826,2065,71760000,62151
11,1794,71760000,71760100,826,2065,71800000,62185
11,1795,71800000,71800100,826,2065,71840000,62219
11,1796,71840000,71840100,826,2065,71880000,62254
11,1797,71880000,71880100,826,2065,71920000,62288
11,1798,71920000,71920100,826,2065,71960000,62325
11,1799,71960000,71960100,826,2065,72000000,62359
11,18,720000,720100,826,2065,760000,653
11,180,7200000,7200100,826,2065,7240000,6265
11,1800,72000000,72000100,826,2065,72040000,62393
11,1801,72040000,72040100,826,2065,72080000,62427
11,1802,72080000,72080100,826,2065,72120000,62463
11,1803,72120000,72120100,826,2065,72160000,62496
11,1804,72160000,72160100,826,2065,72200000,62530
11,1805,72200000,72200100,826,2065,72240000,62567
11,1806,72240000,72240100,826,2065,72280000,62602
11,1807,72280000,72280100,826,2065,72320000,62635
11,1808,72320000,72320100,826,2065,72360000,62671
11,1809,72360000,72360100,826,2065,72400000,62704
11,181,7240000,7240100,826,2065,7280000,6301
11,1810,72400000,72400100,826,2065,72440000,62739
11,1811,72440000,72440100,826,2065,72480000,62773
11,1812,72480000,72480100,826,2065,72520000,62810
11,1813,72520000,72520100,826,2065,72560000,62844
11,1814,72560000,72560100,826,2065,72600000,62878
11,1815,72600000,72600100,826,2065,72640000,62912
11,1816,72640000,72640100,826,2065,72680000,62947
11,1817,72680000,72680100,826,2065,72720000,62982
11,1818,72720000,72720100,826,2065,72760000,63016
11,1819,72760000,72760100,826,2065,72800000,63051
11,182,7280000,7280100,826,2065,7320000,6337
11,1820,72800000,72800100,826,2065,72840000,63087
11,1821,72840000,72840100,826,2065,72880000,63121
11,1822,72880000,72880100,826,2065,72920000,63155
11,1823,72920000,72920100,826,2065,72960000,63190
11,1824,72960000,72960100,826,2065,73000000,63224
11,1825,73000000,73000100,826,2065,73040000,63257
11,1826,73040000,73040100,826,2065,73080000,63295
11,1827,73080000,73080100,826,2065,73120000,63329
11,1828,73120000,73120100,826,2065,73160000,63364
11,1829,73160000,73160100,826,2065,73200000,63397
11,183,7320000,7320100,826,2065,7360000,6370
11,1830,73200000,73200100,826,2065,73240000,63432
11,1831,73240000,73240100,826,2065,73280000,63466
11,1832,73280000,73280100,826,2065,73320000,63502
11,1833,73320000,73320100,826,2065,73360000,63537
11,1834,73360000,73360100,826,2065,73400000,63571
11,1835,73400000,73400100,826,2065,73440000,63606
11,1836,73440000,73440100,826,2065,73480000,63640
11,1837,73480000,73480100,826,2065,73520000,63674
11,1838,73520000,73520100,826,2065,73560000,63710
11,1839,73560000,73560100,826,2065,73600000,63743
11,184,7360000,7360100,826,2065,7400000,6404
11,1840,73600000,73600100,826,2065,73640000,63779
11,1841,73640000,73640100,826,2065,73680000,63814
11,1842,73680000,73680100,826,2065,73720000,63849
11,1843,73720000,73720100,826,2065,73760000,63883
11,1844,73760000,73760100,826,2065,73800000,63917
11,1845,73800000,73800100,826,2065,73840000,63951
11,1846,73840000,73840100,826,2065,73880000,63986
11,1847,73880000,73880100,826,2065,73920000,64022
11,1848,73920000,73920100,826,2065,73960000,64057
11,1849,73960000,73960100,826,2065,74000000,64090
11,185,7400000,7400100,826,2065,7440000,6439
11,1850,74000000,74000100,826,2065,74040000,64126
11,1851,74040000,74040100,826,2065,74080000,64159
11,1852,74080000,74080100,826,2065,74120000,64194
11,1853,74120000,74120100,826,2065,74160000,64229
11,1854,74160000,74160100,826,2065,74200000,64265
11,1855,74200000,74200100,826,2065,74240000,64298
11,1856,74240000,74240100,826,2065,74280000,64334
11,1857,74280000,74280100,826,2065,74320000,64368
11,1858,74320000,74320100,826,2065,74360000,64402
11,1859,74360000,74360100,826,2065,74400000,64436
11,186,7440000,7440100,826,2065,7480000,6473
11,1860,74400000,74400100,826,2065,74440000,64471
11,1861,74440000,74440100,826,2065,74480000,64507
11,1862,74480000,74480100,826,2065,74520000,64542
11,1863,74520000,74520100,826,2065,74560000,64576
11,1864,74560000,74560100,826,2065,74600000,64610
11,1865,74600000,74600100,826,2065,74640000,64645
11,1866,74640000,74640100,826,2065,74680000,64679
11,1867,74680000,74680100,826,2065,74720000,64713
11,1868,74720000,74720100,826,2065,74760000,64751
11,1869,74760000,74760100,826,2065,74800000,64783
11,187,7480000,7480100,826,2065,7520000,6507
11,1870,74800000,74800100,826,2065,74840000,64818
11,1871,74840000,74840100,826,2065,74880000,64853
11,1872,74880000,74880100,826,2065,74920000,64888
11,1873,74920000,74920100,826,2065,74960000,64921
11,1874,74960000,74960100,826,2065,75000000,64956
11,1875,75000000,75000100,826,2065,75040000,64992
11,1876,75040000,75040100,826,2065,75080000,65027
11,1877,75080000,75080100,826,2065,75120000,65061
11,1878,75120000,75120100,826,2065,75160000,65096
11,1879,75160000,75160100,826,2065,75200000,65129
11,188,7520000,7520100,826,2065,7560000,6545
11,1880,75200000,75200100,826,2065,75240000,65164
11,1881,75240000,75240100,826,2065,75280000,65198
11,1882,75280000,75280100,826,2065,75320000,65235
11,1883,75320000,75320100,826,2065,75360000,65270
11,1884,75360000,75360100,826,2065,75400000,65303
11,1885,75400000,75400100,826,2065,75440000,65337
11,1886,75440000,75440100,826,2065,75480000,65373
11,1887,75480000,75480100,826,2065,75520000,65407
11,1888,75520000,75520100,826,2065,75560000,65441
11,1889,75560000,75560100,826,2065,75600000,65477
11,189,7560000,7560100,826,2065,7600000,6578
11,1890,75600000,75600100,826,2065,75640000,65512
11,1891,75640000,75640100,826,2065,75680000,65545
11,1892,75680000,75680100,826,2065,75720000,65581
11,1893,75720000,75720100,826,2065,75760000,65615
11,1894,75760000,75760100,826,2065,75800000,65649
11,1895,75800000,75800100,826,2065,75840000,65683
11,1896,75840000,75840100,826,2065,75880000,65720
11,1897,75880000,75880100,826,2065,75920000,65754
11,1898,75920000,75920100,826,2065,75960000,65790
11,1899,75960000,75960100,826,2065,76000000,65822
11,19,760000,760100,826,2065,800000,686
11,190,7600000,7600100,826,2065,7640000,6612
11,1900,76000000,76000100,826,2065,76040000,65857
11,1901,76040000,76040100,826,2065,76080000,65892
11,1902,76080000,76080100,826,2065,76120000,65926
11,1903,76120000,76120100,826,2065,76160000,65962
11,1904,76160000,76160100,826,2065,76200000,65997
11,1905,76200000,76200100,826,2065,76240000,66031
11,1906,76240000,76240100,826,2065,76280000,66065
11,1907,76280000,76280100,826,2065,76320000,66100
11,1908,76320000,76320100,826,2065,76360000,66135
11,1909,76360000,76360100,826,2065,76400000,66168
11,191,7640000,7640100,826,2065,7680000,6647
11,1910,76400000,76400100,826,2065,76440000,66205
11,1911,76440000,76440100,826,2065,76480000,66239
11,1912,76480000,76480100,826,2065,76520000,66274
11,1913,76520000,76520100,826,2065,76560000,66308
11,1914,76560000,76560100,826,2065,76600000,66342
11,1915,76600000,76600100,826,2065,76640000,66376
11,1916,76640000,76640100,826,2065,76680000,66412
11,1917,76680000,76680100,826,2065,76720000,66447
11,1918,76720000,76720100,826,2065,76760000,66482
11,1919,76760000,76760100,826,2065,76800000,66516
11,192,7680000,7680100,826,2065,7720000,6682
11,1920,76800000,76800100,826,2065,76840000,66551
11,1921,76840000,76840100,826,2065,76880000,66584
11,1922,76880000,76880100,826,2065,76920000,66620
11,1923,76920000,76920100,826,2065,76960000,66654
11,1924,76960000,76960100,826,2065,77000000,66689
11,1925,77000000,77000100,826,2065,77040000,66724
11,1926,77040000,77040100,826,2065,77080000,66759
11,1927,77080000,77080100,826,2065,77120000,66793
11,1928,77120000,77120100,826,2065,77160000,66828
11,1929,77160000,77160100,826,2065,77200000,66861
11,193,7720000,7720100,826,2065,7760000,6716
11,1930,77200000,77200100,826,2065,77240000,66896
11,1931,77240000,77240100,826,2065,77280000,66933
11,1932,77280000,77280100,826,2065,77320000,66967
11,1933,77320000,77320100,826,2065,77360000,67001
11,1934,77360000,77360100,826,2065,77400000,67036
11,1935,77400000,77400100,826,2065,77440000,67069
11,1936,77440000,77440100,826,2065,77480000,67104
11,1937,77480000,77480100,826,2065,77520000,67139
11,1938,77520000,77520100,826,2065,77560000,67176
11,1939,77560000,77560100,826,2065,77600000,67208
11,194,7760000,7760100,826,2065,7800000,6750
11,1940,77600000,77600100,826,2065,77640000,67244
11,1941,77640000,77640100,826,2065,77680000,67278
11,1942,77680000,77680100,826,2065,77720000,67313
11,1943,77720000,77720100,826,2065,77760000,67347
11,1944,77760000,77760100,826,2065,77800000,67381
11,1945,77800000,77800100,826,2065,77840000,67417
11,1946,77840000,77840100,826,2065,77880000,67452
11,1947,77880000,77880100,826,2065,77920000,67486
11,1948,77920000,77920100,826,2065,77960000,67521
11,1949,77960000,77960100,826,2065,78000000,67555
11,195,7800000,7800100,826,2065,7840000,6786
11,1950,78000000,78000100,826,2065,78040000,67589
11,1951,78040000,78040100,826,2065,78080000,67623
11,1952,78080000,78080100,826,2065,78120000,67661
11,1953,78120000,78120100,826,2065,78160000,67695
11,1954,78160000,78160100,826,2065,78200000,67728
11,1955,78200000,78200100,826,2065,78240000,67763
11,1956,78240000,78240100,826,2065,78280000,67798
11,1957,78280000,78280100,826,2065,78320000,67831
11,1958,78320000,78320100,826,2065,78360000,67867
11,1959,78360000,78360100,826,2065,78400000,67902
11,196,7840000,7840100,826,2065,7880000,6821
11,1960,78400000,78400100,826,2065,78440000,67937
11,1961,78440000,78440100,826,2065,78480000,67971
11,1962,78480000,78480100,826,2065,78520000,68006
11,1963,78520000,78520100,826,2065,78560000,68040
11,1964,78560000,78560100,826,2065,78600000,68075
11,1965,78600000,78600100,826,2065,78640000,68108
11,1966,78640000,78640100,826,2065,78680000,68145
11,1967,78680000,78680100,826,2065,78720000,68180
11,1968,78720000,78720100,826,2065,78760000,68214
11,1969,78760000,78760100,826,2065,78800000,68247
11,197,7880000,7880100,826,2065,7920000,6855
11,1970,78800000,78800100,826,2065,78840000,68283
11,1971,78840000,78840100,826,2065,78880000,68317
11,1972,78880000,78880100,826,2065,78920000,68351
11,1973,78920000,78920100,826,2065,78960000,68388
11,1974,78960000,78960100,826,2065,79000000,68422
11,1975,79000000,79000100,826,2065,79040000,68456
11,1976,79040000,79040100,826,2065,79080000,68491
11,1977,79080000,79080100,826,2065,79120000,68525
11,1978,79120000,79120100,826,2065,79160000,68560
11,1979,79160000,79160100,826,2065,79200000,68593
11,198,7920000,7920100,826,2065,7960000,6890
11,1980,79200000,79200100,826,2065,79240000,68630
11,1981,79240000,79240100,826,2065,79280000,68664
11,1982,79280000,79280100,826,2065,79320000,68700
11,1983,79320000,79320100,826,2065,79360000,68733
11,1984,79360000,79360100,826,2065,79400000,68767
11,1985,79400000,79400100,826,2065,79440000,68802
11,1986,79440000,79440100,826,2065,79480000,68837
11,1987,79480000,79480100,826,2065,79520000,68872
11,1988,79520000,79520100,826,2065,79560000,68908
11,1989,79560000,79560100,826,2065,79600000,68941
11,199,7960000,7960100,826,2065,8000000,6923
11,1990,79600000,79600100,826,2065,79640000,68975
11,1991,79640000,79640100,826,2065,79680000,69010
11,1992,79680000,79680100,826,2065,79720000,69045
11,1993,79720000,79720100,826,2065,79760000,69079
11,1994,79760000,79760100,826,2065,79800000,69115
11,1995,79800000,79800100,826,2065,79840000,69149
11,1996,79840000,79840100,826,2065,79880000,69184
11,1997,79880000,79880100,826,2065,79920000,69219
11,1998,79920000,79920100,826,2065,79960000,69253
11,1999,79960000,79960100,826,2065,80000000,69286
11,2,80000,80100,826,2065,120000,100
11,20,800000,800100,826,2065,840000,724
11,200,8000000,8000100,826,2065,8040000,6959
11,2000,80000000,80000100,826,2065,80040000,69322
11,2001,80040000,80040100,826,2065,80080000,69357
11,2002,80080000,80080100,826,2065,80120000,69392
11,2003,80120000,80120100,826,2065,80160000,69427
11,2004,80160000,80160100,826,2065,80200000,69461
11,2005,80200000,80200100,826,2065,80240000,69494
11,2006,80240000,80240100,826,2065,80280000,69530
11,2007,80280000,80280100,826,2065,80320000,69564
11,2008,80320000,80320100,826,2065,80360000,69601
11,2009,80360000,80360100,826,2065,80400000,69634
11,201,8040000,8040100,826,2065,8080000,6992
11,2010,80400000,80400100,826,2065,80440000,69669
11,2011,80440000,80440100,826,2065,80480000,69703
11,2012,80480000,80480100,826,2065,80520000,69738
11,2013,80520000,80520100,826,2065,80560000,69772
11,2014,80560000,80560100,826,2065,80600000,69806
11,2015,80600000,80600100,826,2065,80640000,69843
11,2016,80640000,80640100,826,2065,80680000,69877
11,2017,80680000,80680100,826,2065,80720000,69911
11,2018,80720000,80720100,826,2065,80760000,69947
11,2019,80760000,80760100,826,2065,80800000,69980
11,202,8080000,8080100,826,2065,8120000,7029
11,2020,80800000,80800100,826,2065,80840000,70014
11,2021,80840000,80840100,826,2065,80880000,70049
11,2022,80880000,80880100,826,2065,80920000,70086
11,2023,80920000,80920100,826,2065,80960000,70119
11,2024,80960000,80960100,826,2065,81000000,70154
11,2025,81000000,81000100,826,2065,81040000,70188
11,2026,81040000,81040100,826,2065,81080000,70223
11,2027,81080000,81080100,826,2065,81120000,70257
11,2028,81120000,81120100,826,2065,81160000,70292
11,2029,81160000,81160100,826,2065,81200000,70327
11,203,8120000,8120100,826,2065,8160000,7064
11,2030,81200000,81200100,826,2065,81240000,70363
11,2031,81240000,81240100,826,2065,81280000,70396
11,2032,81280000,81280100,826,2065,81320000,70431
11,2033,81320000,81320100,826,2065,81360000,70466
11,2034,81360000,81360100,826,2065,81400000,70499
11,2035,81400000,81400100,826,2065,81440000,70533
11,2036,81440000,81440100,826,2065,81480000,70571
11,2037,81480000,81480100,826,2065,81520000,70605
11,2038,81520000,81520100,826,2065,81560000,70639
11,2039,81560000,81560100,826,2065,81600000,70673
11,204,8160000,8160100,826,2065,8200000,7098
11,2040,81600000,81600100,826,2065,81640000,70708
11,2041,81640000,81640100,826,2065,81680000,70742
11,2042,81680000,81680100,826,2065,81720000,70777
11,2043,81720000,81720100,826,2065,81760000,70813
11,2044,81760000,81760100,826,2065,81800000,70847
11,2045,81800000,81800100,826,2065,81840000,70881
11,2046,81840000,81840100,826,2065,81880000,70916
11,2047,81880000,81880100,826,2065,81920000,70950
11,2048,81920000,81920100,826,2065,81960000,70986
11,2049,81960000,81960100,826,2065,82000000,71018
11,205,8200000,8200100,826,2065,8240000,7131
11,2050,82000000,82000100,826,2065,82040000,71055
11,2051,82040000,82040100,826,2065,82080000,71090
11,2052,82080000,82080100,826,2065,82120000,71125
11,2053,82120000,82120100,826,2065,82160000,71158
11,2054,82160000,82160100,826,2065,82200000,71193
11,2055,82200000,82200100,826,2065,82240000,71227
11,2056,82240000,82240100,826,2065,82280000,71261
11,2057,82280000,82280100,826,2065,82320000,71298
11,2058,82320000,82320100,826,2065,82360000,71333
11,2059,82360000,82360100,826,2065,82400000,71366
11,206,8240000,8240100,826,2065,8280000,7167
11,2060,82400000,82400100,826,2065,82440000,71401
11,2061,82440000,82440100,826,2065,82480000,71435
11,2062,82480000,82480100,826,2065,82520000,71470
11,2063,82520000,82520100,826,2065,82560000,71505
11,2064,82560000,82560100,826,2065,82600000,71540
11,2065,82600000,82600100,826,2065,82640000,71574
11,2066,82640000,82640100,826,2065,82680000,71610
11,2067,82680000,82680100,826,2065,82720000,71643
11,2068,82720000,82720100,826,2065,82760000,71678
11,2069,82760000,82760100,826,2065,82800000,71712
11,207,8280000,8280100,826,2065,8320000,7201
11,2070,82800000,82800100,826,2065,82840000,71747
11,2071,82840000,82840100,826,2065,82880000,71782
11,2072,82880000,82880100,826,2065,82920000,71818
11,2073,82920000,82920100,826,2065,82960000,71852
11,2074,82960000,82960100,826,2065,83000000,71886
11,2075,83000000,83000100,826,2065,83040000,71920
11,2076,83040000,83040100,826,2065,83080000,71955
11,2077,83080000,83080100,826,2065,83120000,71989
11,2078,83120000,83120100,826,2065,83160000,72026
11,2079,83160000,83160100,826,2065,83200000,72059
11,208,8320000,8320100,826,2065,8360000,7235
11,2080,83200000,83200100,826,2065,83240000,72094
11,2081,83240000,83240100,826,2065,83280000,72129
11,2082,83280000,83280100,826,2065,83320000,72163
11,2083,83320000,83320100,826,2065,83360000,72197
11,2084,83360000,83360100,826,2065,83400000,72232
11,2085,83400000,83400100,826,2065,83440000,72268
11,2086,83440000,83440100,826,2065,83480000,72302
11,2087,83480000,83480100,826,2065,83520000,72337
11,2088,83520000,83520100,826,2065,83560000,72372
11,2089,83560000,83560100,826,2065,83600000,72404
11,209,8360000,8360100,826,2065,8400000,7271
11,2090,83600000,83600100,826,2065,83640000,72440
11,2091,83640000,83640100,826,2065,83680000,72474
11,2092,83680000,83680100,826,2065,83720000,72511
11,2093,83720000,83720100,826,2065,83760000,72545
11,2094,83760000,83760100,826,2065,83800000,72579
11,2095,83800000,83800100,826,2065,83840000,72613
11,2096,83840000,83840100,826,2065,83880000,72649
11,2097,83880000,83880100,826,2065,83920000,72682
11,2098,83920000,83920100,826,2065,83960000,72717
11,2099,83960000,83960100,826,2065,84000000,72753
11,21,840000,840100,826,2065,880000,757
11,210,8400000,8400100,826,2065,8440000,7306
11,2100,84000000,84000100,826,2065,84040000,72787
11,2101,84040000,84040100,826,2065,84080000,72821
11,2102,84080000,84080100,826,2065,84120000,72857
11,2103,84120000,84120100,826,2065,84160000,72891
11,2104,84160000,84160100,826,2065,84200000,72924
11,2105,84200000,84200100,826,2065,84240000,72959
11,2106,84240000,84240100,826,2065,84280000,72996
11,2107,84280000,84280100,826,2065,84320000,73030
11,2108,84320000,84320100,826,2065,84360000,73065
11,2109,84360000,84360100,826,2065,84400000,73098
11,211,8440000,8440100,826,2065,8480000,7340
11,2110,84400000,84400100,826,2065,84440000,73133
11,2111,84440000,84440100,826,2065,84480000,73167
11,2112,84480000,84480100,826,2065,84520000,73202
11,2113,84520000,84520100,826,2065,84560000,73238
11,2114,84560000,84560100,826,2065,84600000,73273
11,2115,84600000,84600100,826,2065,84640000,73306
11,2116,84640000,84640100,826,2065,84680000,73341
11,2117,84680000,84680100,826,2065,84720000,73376
11,2118,84720000,84720100,826,2065,84760000,73411
11,2119,84760000,84760100,826,2065,84800000,73443
11,212,8480000,8480100,826,2065,8520000,7375
11,2120,84800000,84800100,826,2065,84840000,73481
11,2121,84840000,84840100,826,2065,84880000,73515
11,2122,84880000,84880100,826,2065,84920000,73549
11,2123,84920000,84920100,826,2065,84960000,73584
11,2124,84960000,84960100,826,2065,85000000,73618
11,2125,85000000,85000100,826,2065,85040000,73652
11,2126,85040000,85040100,826,2065,85080000,73687
11,2127,85080000,85080100,826,2065,85120000,73723
11,2128,85120000,85120100,826,2065,85160000,73758
11,2129,85160000,85160100,826,2065,85200000,73792
11,213,8520000,8520100,826,2065,8560000,7409
11,2130,85200000,85200100,826,2065,85240000,73826
11,2131,85240000,85240100,826,2065,85280000,73860
11,2132,85280000,85280100,826,2065,85320000,73896
11,2133,85320000,85320100,826,2065,85360000,73929
11,2134,85360000,85360100,826,2065,85400000,73965
11,2135,85400000,85400100,826,2065,85440000,74000
11,2136,85440000,85440100,826,2065,85480000,74035
11,2137,85480000,85480100,826,2065,85520000,74068
11,2138,85520000,85520100,826,2065,85560000,74104
11,2139,85560000,85560100,826,2065,85600000,74137
11,214,8560000,8560100,826,2065,8600000,7443
11,2140,85600000,85600100,826,2065,85640000,74172
11,2141,85640000,85640100,826,2065,85680000,74208
11,2142,85680000,85680100,826,2065,85720000,74243
11,2143,85720000,85720100,826,2065,85760000,74277
11,2144,85760000,85760100,826,2065,85800000,74311
11,2145,85800000,85800100,826,2065,85840000,74345
11,2146,85840000,85840100,826,2065,85880000,74380
11,2147,85880000,85880100,826,2065,85920000,74415
11,2148,85920000,85920100,826,2065,85960000,74451
11,2149,85960000,85960100,826,2065,86000000,74484
11,215,8600000,8600100,826,2065,8640000,7478
11,2150,86000000,86000100,826,2065,86040000,74520
11,2151,86040000,86040100,826,2065,86080000,74554
11,2152,86080000,86080100,826,2065,86120000,74588
11,2153,86120000,86120100,826,2065,86160000,74623
11,2154,86160000,86160100,826,2065,86200000,74657
11,2155,86200000,86200100,826,2065,86240000,74692
11,2156,86240000,86240100,826,2065,86280000,74728
11,2157,86280000,86280100,826,2065,86320000,74762
11,2158,86320000,86320100,826,2065,86360000,74797
11,2159,86360000,86360100,826,2065,86400000,74830
11,216,8640000,8640100,826,2065,8680000,7514
11,2160,86400000,86400100,826,2065,86440000,74865
11,2161,86440000,86440100,826,2065,86480000,74899
11,2162,86480000,86480100,826,2065,86520000,74937
11,2163,86520000,86520100,826,2065,86560000,74970
11,2164,86560000,86560100,826,2065,86600000,75004
11,2165,86600000,86600100,826,2065,86640000,75039
11,2166,86640000,86640100,826,2065,86680000,75073
11,2167,86680000,86680100,826,2065,86720000,75107
11,2168,86720000,86720100,826,2065,86760000,75143
11,2169,86760000,86760100,826,2065,86800000,75178
11,217,8680000,8680100,826,2065,8720000,7548
11,2170,86800000,86800100,826,2065,86840000,75212
11,2171,86840000,86840100,826,2065,86880000,75247
11,2172,86880000,86880100,826,2065,86920000,75282
11,2173,86920000,86920100,826,2065,86960000,75316
11,2174,86960000,86960100,826,2065,87000000,75350
11,2175,87000000,87000100,826,2065,87040000,75384
11,2176,87040000,87040100,826,2065,87080000,75421
11,2177,87080000,87080100,826,2065,87120000,75455
11,2178,87120000,87120100,826,2065,87160000,75490
11,2179,87160000,87160100,826,2065,87200000,75523
11,218,8720000,8720100,826,2065,8760000,7584
11,2180,87200000,87200100,826,2065,87240000,75559
11,2181,87240000,87240100,826,2065,87280000,75592
11,2182,87280000,87280100,826,2065,87320000,75627
11,2183,87320000,87320100,826,2065,87360000,75664
11,2184,87360000,87360100,826,2065,87400000,75698
11,2185,87400000,87400100,826,2065,87440000,75731
11,2186,87440000,87440100,826,2065,87480000,75767
11,2187,87480000,87480100,826,2065,87520000,75801
11,2188,87520000,87520100,826,2065,87560000,75835
11,2189,87560000,87560100,826,2065,87600000,75869
11,219,8760000,8760100,826,2065,8800000,7616
11,2190,87600000,87600100,826,2065,87640000,75906
11,2191,87640000,87640100,826,2065,87680000,75940
11,2192,87680000,87680100,826,2065,87720000,75975
11,2193,87720000,87720100,826,2065,87760000,76009
11,2194,87760000,87760100,826,2065,87800000,76043
11,2195,87800000,87800100,826,2065,87840000,76078
11,2196,87840000,87840100,826,2065,87880000,76112
11,2197,87880000,87880100,826,2065,87920000,76148
11,2198,87920000,87920100,826,2065,87960000,76184
11,2199,87960000,87960100,826,2065,88000000,76216
11,22,880000,880100,826,2065,920000,792
11,220,8800000,8800100,826,2065,8840000,7651
11,2200,88000000,88000100,826,2065,88040000,76251
11,2201,88040000,88040100,826,2065,88080000,76286
11,2202,88080000,88080100,826,2065,88120000,76321
11,2203,88120000,88120100,826,2065,88160000,76354
11,2204,88160000,88160100,826,2065,88200000,76391
11,2205,88200000,88200100,826,2065,88240000,76425
11,2206,88240000,88240100,826,2065,88280000,76460
11,2207,88280000,88280100,826,2065,88320000,76494
11,2208,88320000,88320100,826,2065,88360000,76529
11,2209,88360000,88360100,826,2065,88400000,76562
11,221,8840000,8840100,826,2065,8880000,7686
11,2210,88400000,88400100,826,2065,88440000,76597
11,2211,88440000,88440100,826,2065,88480000,76633
11,2212,88480000,88480100,826,2065,88520000,76668
11,2213,88520000,88520100,826,2065,88560000,76703
11,2214,88560000,88560100,826,2065,88600000,76736
11,2215,88600000,88600100,826,2065,88640000,76770
11,2216,88640000,88640100,826,2065,88680000,76806
11,2217,88680000,88680100,826,2065,88720000,76840
11,2218,88720000,88720100,826,2065,88760000,76876
11,2219,88760000,88760100,826,2065,88800000,76910
11,222,8880000,8880100,826,2065,8920000,7721
11,2220,88800000,88800100,826,2065,88840000,76945
11,2221,88840000,88840100,826,2065,88880000,76978
11,2222,88880000,88880100,826,2065,88920000,77014
11,2223,88920000,88920100,826,2065,88960000,77048
11,2224,88960000,88960100,826,2065,89000000,77082
11,2225,89000000,89000100,826,2065,89040000,77118
11,2226,89040000,89040100,826,2065,89080000,77153
11,2227,89080000,89080100,826,2065,89120000,77187
11,2228,89120000,89120100,826,2065,89160000,77223
11,2229,89160000,89160100,826,2065,89200000,77255
11,223,8920000,8920100,826,2065,8960000,7756
11,2230,89200000,89200100,826,2065,89240000,77290
11,2231,89240000,89240100,826,2065,89280000,77325
11,2232,89280000,89280100,826,2065,89320000,77361
11,2233,89320000,89320100,826,2065,89360000,77395
11,2234,89360000,89360100,826,2065,89400000,77430
11,2235,89400000,89400100,826,2065,89440000,77464
11,2236,89440000,89440100,826,2065,89480000,77498
11,2237,89480000,89480100,826,2065,89520000,77533
11,2238,89520000,89520100,826,2065,89560000,77568
11,2239,89560000,89560100,826,2065,89600000,77603
11,224,8960000,8960100,826,2065,9000000,7791
11,2240,89600000,89600100,826,2065,89640000,77638
11,2241,89640000,89640100,826,2065,89680000,77672
11,2242,89680000,89680100,826,2065,89720000,77707
11,2243,89720000,89720100,826,2065,89760000,77741
11,2244,89760000,89760100,826,2065,89800000,77775
11,2245,89800000,89800100,826,2065,89840000,77809
11,2246,89840000,89840100,826,2065,89880000,77847
11,2247,89880000,89880100,826,2065,89920000,77880
11,2248,89920000,89920100,826,2065,89960000,77915
11,2249,89960000,89960100,826,2065,90000000,77949
11,225,9000000,9000100,826,2065,9040000,7825
11,2250,90000000,90000100,826,2065,90040000,77984
11,2251,90040000,90040100,826,2065,90080000,78017
11,2252,90080000,90080100,826,2065,90120000,78053
11,2253,90120000,90120100,826,2065,90160000,78089
11,2254,90160000,90160100,826,2065,90200000,78122
11,2255,90200000,90200100,826,2065,90240000,78157
11,2256,90240000,90240100,826,2065,90280000,78192
11,2257,90280000,90280100,826,2065,90320000,78226
11,2258,90320000,90320100,826,2065,90360000,78261
11,2259,90360000,90360100,826,2065,90400000,78294
11,226,9040000,9040100,826,2065,9080000,7860
11,2260,90400000,90400100,826,2065,90440000,78331
11,2261,90440000,90440100,826,2065,90480000,78366
11,2262,90480000,90480100,826,2065,90520000,78400
11,2263,90520000,90520100,826,2065,90560000,78434
11,2264,90560000,90560100,826,2065,90600000,78469
11,2265,90600000,90600100,826,2065,90640000,78502
11,2266,90640000,90640100,826,2065,90680000,78537
11,2267,90680000,90680100,826,2065,90720000,78574
11,2268,90720000,90720100,826,2065,90760000,78609
11,2269,90760000,90760100,826,2065,90800000,78641
11,227,9080000,9080100,826,2065,9120000,7894
11,2270,90800000,90800100,826,2065,90840000,78677
11,2271,90840000,90840100,826,2065,90880000,78711
11,2272,90880000,90880100,826,2065,90920000,78746
11,2273,90920000,90920100,826,2065,90960000,78780
11,2274,90960000,90960100,826,2065,91000000,78816
11,2275,91000000,91000100,826,2065,91040000,78850
11,2276,91040000,91040100,826,2065,91080000,78885
11,2277,91080000,91080100,826,2065,91120000,78919
11,2278,91120000,91120100,826,2065,91160000,78954
11,2279,91160000,91160100,826,2065,91200000,78988
11,228,9120000,9120100,826,2065,9160000,7929
11,2280,91200000,91200100,826,2065,91240000,79022
11,2281,91240000,91240100,826,2065,91280000,79058
11,2282,91280000,91280100,826,2065,91320000,79094
11,2283,91320000,91320100,826,2065,91360000,79128
11,2284,91360000,91360100,826,2065,91400000,79161
11,2285,91400000,91400100,826,2065,91440000,79196
11,2286,91440000,91440100,826,2065,91480000,79231
11,2287,91480000,91480100,826,2065,91520000,79264
11,2288,91520000,91520100,826,2065,91560000,79302
11,2289,91560000,91560100,826,2065,91600000,79335
11,229,9160000,9160100,826,2065,9200000,7962
11,2290,91600000,91600100,826,2065,91640000,79370
11,2291,91640000,91640100,826,2065,91680000,79404
11,2292,91680000,91680100,826,2065,91720000,79439
11,2293,91720000,91720100,826,2065,91760000,79473
11,2294,91760000,91760100,826,2065,91800000,79508
11,2295,91800000,91800100,826,2065,91840000,79543
11,2296,91840000,91840100,826,2065,91880000,79578
11,2297,91880000,91880100,826,2065,91920000,79613
11,2298,91920000,91920100,826,2065,91960000,79647
11,2299,91960000,91960100,826,2065,92000000,79680
11,23,920000,920100,826,2065,960000,827
11,230,9200000,9200100,826,2065,9240000,7999
11,2300,92000000,92000100,826,2065,92040000,79716
11,2301,92040000,92040100,826,2065,92080000,79750
11,2302,92080000,92080100,826,2065,92120000,79786
11,2303,92120000,92120100,826,2065,92160000,79821
11,2304,92160000,92160100,826,2065,92200000,79855
11,2305,92200000,92200100,826,2065,92240000,79889
11,2306,92240000,92240100,826,2065,92280000,79924
11,2307,92280000,92280100,826,2065,92320000,79958
11,2308,92320000,92320100,826,2065,92360000,79993
11,2309,92360000,92360100,826,2065,92400000,80028
11,231,9240000,9240100,826,2065,9280000,8033
11,232,9280000,9280100,826,2065,9320000,8068
11,233,9320000,9320100,826,2065,9360000,8103
11,234,9360000,9360100,826,2065,9400000,8136
11,235,9400000,9400100,826,2065,9440000,8170
11,236,9440000,9440100,826,2065,9480000,8206
11,237,9480000,9480100,826,2065,9520000,8242
11,238,9520000,9520100,826,2065,9560000,8276
11,239,9560000,9560100,826,2065,9600000,8310
11,24,960000,960100,826,2065,1000000,861
11,240,9600000,9600100,826,2065,9640000,8345
11,241,9640000,9640100,826,2065,9680000,8378
11,242,9680000,9680100,826,2065,9720000,8414
11,243,9720000,9720100,826,2065,9760000,8448
11,244,9760000,9760100,826,2065,9800000,8484
11,245,9800000,9800100,826,2065,9840000,8518
11,246,9840000,9840100,826,2065,9880000,8553
11,247,9880000,9880100,826,2065,9920000,8587
11,248,9920000,9920100,826,2065,9960000,8623
11,249,9960000,9960100,826,2065,10000000,8655
11,25,1000000,1000100,826,2065,1040000,894
11,250,10000000,10000100,826,2065,10040000,8690
11,251,10040000,10040100,826,2065,10080000,8727
11,252,10080000,10080100,826,2065,10120000,8761
11,253,10120000,10120100,826,2065,10160000,8795
11,254,10160000,10160100,826,2065,10200000,8830
11,255,10200000,10200100,826,2065,10240000,8864
11,256,10240000,10240100,826,2065,10280000,8898
11,257,10280000,10280100,826,2065,10320000,8933
11,258,10320000,10320100,826,2065,10360000,8970
11,259,10360000,10360100,826,2065,10400000,9003
11,26,1040000,1040100,826,2065,1080000,930
11,260,10400000,10400100,826,2065,10440000,9038
11,261,10440000,10440100,826,2065,10480000,9072
11,262,10480000,10480100,826,2065,10520000,9107
11,263,10520000,10520100,826,2065,10560000,9141
11,264,10560000,10560100,826,2065,10600000,9175
11,265,10600000,10600100,826,2065,10640000,9211
11,266,10640000,10640100,826,2065,10680000,9247
11,267,10680000,10680100,826,2065,10720000,9280
11,268,10720000,10720100,826,2065,10760000,9315
11,269,10760000,10760100,826,2065,10800000,9349
11,27,1080000,1080100,826,2065,1120000,966
11,270,10800000,10800100,826,2065,10840000,9384
11,271,10840000,10840100,826,2065,10880000,9417
11,272,10880000,10880100,826,2065,10920000,9455
11,273,10920000,10920100,826,2065,10960000,9489
11,274,10960000,10960100,826,2065,11000000,9522
11,275,11000000,11000100,826,2065,11040000,9557
11,276,11040000,11040100,826,2065,11080000,9592
11,277,11080000,11080100,826,2065,11120000,9626
11,278,11120000,11120100,826,2065,11160000,9661
11,279,11160000,11160100,826,2065,11200000,9696
11,28,1120000,1120100,826,2065,1160000,1001
11,280,11200000,11200100,826,2065,11240000,9731
11,281,11240000,11240100,826,2065,11280000,9766
11,282,11280000,11280100,826,2065,11320000,9800
11,283,11320000,11320100,826,2065,11360000,9834
11,284,11360000,11360100,826,2065,11400000,9869
11,285,11400000,11400100,826,2065,11440000,9902
11,286,11440000,11440100,826,2065,11480000,9939
11,287,11480000,11480100,826,2065,11520000,9974
11,288,11520000,11520100,826,2065,11560000,10009
11,289,11560000,11560100,826,2065,11600000,10041
11,29,1160000,1160100,826,2065,1200000,1034
11,290,11600000,11600100,826,2065,11640000,10077
11,291,11640000,11640100,826,2065,11680000,10111
11,292,11680000,11680100,826,2065,11720000,10146
11,293,11720000,11720100,826,2065,11760000,10182
11,294,11760000,11760100,826,2065,11800000,10216
11,295,11800000,11800100,826,2065,11840000,10250
11,296,11840000,11840100,826,2065,11880000,10285
11,297,11880000,11880100,826,2065,11920000,10319
11,298,11920000,11920100,826,2065,11960000,10354
11,299,11960000,11960100,826,2065,12000000,10388
11,3,120000,120100,826,2065,160000,133
11,30,1200000,1200100,826,2065,1240000,1069
11,300,12000000,12000100,826,2065,12040000,10424
11,301,12040000,12040100,826,2065,12080000,10458
11,302,12080000,12080100,826,2065,12120000,10494
11,303,12120000,12120100,826,2065,12160000,10528
11,304,12160000,12160100,826,2065,12200000,10561
11,305,12200000,12200100,826,2065,12240000,10596
11,306,12240000,12240100,826,2065,12280000,10631
11,307,12280000,12280100,826,2065,12320000,10666
11,308,12320000,12320100,826,2065,12360000,10702
11,309,12360000,12360100,826,2065,12400000,10735
11,31,1240000,1240100,826,2065,1280000,1103
11,310,12400000,12400100,826,2065,12440000,10770
11,311,12440000,12440100,826,2065,12480000,10804
11,312,12480000,12480100,826,2065,12520000,10839
11,313,12520000,12520100,826,2065,12560000,10873
11,314,12560000,12560100,826,2065,12600000,10910
11,315,12600000,12600100,826,2065,12640000,10943
11,316,12640000,12640100,826,2065,12680000,10978
11,317,12680000,12680100,826,2065,12720000,11013
11,318,12720000,12720100,826,2065,12760000,11047
11,319,12760000,12760100,826,2065,12800000,11080
11,32,1280000,1280100,826,2065,1320000,1138
11,320,12800000,12800100,826,2065,12840000,11116
11,321,12840000,12840100,826,2065,12880000,11152
11,322,12880000,12880100,826,2065,12920000,11186
11,323,12920000,12920100,826,2065,12960000,11221
11,324,12960000,12960100,826,2065,13000000,11255
11,325,13000000,13000100,826,2065,13040000,11289
11,326,13040000,13040100,826,2065,13080000,11324
11,327,13080000,13080100,826,2065,13120000,11358
11,328,13120000,13120100,826,2065,13160000,11395
11,329,13160000,13160100,826,2065,13200000,11428
11,33,1320000,1320100,826,2065,1360000,1172
11,330,13200000,13200100,826,2065,13240000,11463
11,331,13240000,13240100,826,2065,13280000,11497
11,332,13280000,13280100,826,2065,13320000,11533
11,333,13320000,13320100,826,2065,13360000,11566
11,334,13360000,13360100,826,2065,13400000,11600
11,335,13400000,13400100,826,2065,13440000,11637
11,336,13440000,13440100,826,2065,13480000,11672
11,337,13480000,13480100,826,2065,13520000,11705
11,338,13520000,13520100,826,2065,13560000,11741
11,339,13560000,13560100,826,2065,13600000,11774
11,34,1360000,1360100,826,2065,1400000,1208
11,340,13600000,13600100,826,2065,13640000,11808
11,341,13640000,13640100,826,2065,13680000,11843
11,342,13680000,13680100,826,2065,13720000,11880
11,343,13720000,13720100,826,2065,13760000,11914
11,344,13760000,13760100,826,2065,13800000,11948
11,345,13800000,13800100,826,2065,13840000,11982
11,346,13840000,13840100,826,2065,13880000,12017
11,347,13880000,13880100,826,2065,13920000,12052
11,348,13920000,13920100,826,2065,13960000,12086
11,349,13960000,13960100,826,2065,14000000,12121
11,35,1400000,1400100,826,2065,1440000,1243
11,350,14000000,14000100,826,2065,14040000,12157
11,351,14040000,14040100,826,2065,14080000,12190
11,352,14080000,14080100,826,2065,14120000,12225
11,353,14120000,14120100,826,2065,14160000,12260
11,354,14160000,14160100,826,2065,14200000,12294
11,355,14200000,14200100,826,2065,14240000,12327
11,356,14240000,14240100,826,2065,14280000,12365
11,357,14280000,14280100,826,2065,14320000,12399
11,358,14320000,14320100,826,2065,14360000,12434
11,359,14360000,14360100,826,2065,14400000,12467
11,36,1440000,1440100,826,2065,1480000,1277
11,360,14400000,14400100,826,2065,14440000,12502
11,361,14440000,14440100,826,2065,14480000,12536
11,362,14480000,14480100,826,2065,14520000,12571
11,363,14520000,14520100,826,2065,14560000,12607
11,364,14560000,14560100,826,2065,14600000,12641
11,365,14600000,14600100,826,2065,14640000,12676
11,366,14640000,14640100,826,2065,14680000,12710
11,367,14680000,14680100,826,2065,14720000,12744
11,368,14720000,14720100,826,2065,14760000,12780
11,369,14760000,14760100,826,2065,14800000,12813
11,37,1480000,1480100,826,2065,1520000,1311
11,370,14800000,14800100,826,2065,14840000,12849
11,371,14840000,14840100,826,2065,14880000,12884
11,372,14880000,14880100,826,2065,14920000,12919
11,373,14920000,14920100,826,2065,14960000,12952
11,374,14960000,14960100,826,2065,15000000,12987
11,375,15000000,15000100,826,2065,15040000,13021
11,376,15040000,15040100,826,2065,15080000,13056
11,377,15080000,15080100,826,2065,15120000,13092
11,378,15120000,15120100,826,2065,15160000,13127
11,379,15160000,15160100,826,2065,15200000,13160
11,38,1520000,1520100,826,2065,1560000,1347
11,380,15200000,15200100,826,2065,15240000,13196
11,381,15240000,15240100,826,2065,15280000,13229
11,382,15280000,15280100,826,2065,15320000,13264
11,383,15320000,15320100,826,2065,15360000,13299
11,384,15360000,15360100,826,2065,15400000,13334
11,385,15400000,15400100,826,2065,15440000,13368
11,386,15440000,15440100,826,2065,15480000,13404
11,387,15480000,15480100,826,2065,15520000,13438
11,388,15520000,15520100,826,2065,15560000,13472
11,389,15560000,15560100,826,2065,15600000,13506
11,39,1560000,1560100,826,2065,1600000,1380
11,390,15600000,15600100,826,2065,15640000,13541
11,391,15640000,15640100,826,2065,15680000,13577
11,392,15680000,15680100,826,2065,15720000,13612
11,393,15720000,15720100,826,2065,15760000,13646
11,394,15760000,15760100,826,2065,15800000,13680
11,395,15800000,15800100,826,2065,15840000,13714
11,396,15840000,15840100,826,2065,15880000,13749
11,397,15880000,15880100,826,2065,15920000,13783
11,398,15920000,15920100,826,2065,15960000,13821
11,399,15960000,15960100,826,2065,16000000,13853
11,4,160000,160100,826,2065,200000,167
11,40,1600000,1600100,826,2065,1640000,1414
11,400,16000000,16000100,826,2065,16040000,13888
11,401,16040000,16040100,826,2065,16080000,13923
11,402,16080000,16080100,826,2065,16120000,13958
11,403,16120000,16120100,826,2065,16160000,13991
11,404,16160000,16160100,826,2065,16200000,14026
11,405,16200000,16200100,826,2065,16240000,14062
11,406,16240000,16240100,826,2065,16280000,14096
11,407,16280000,16280100,826,2065,16320000,14131
11,408,16320000,16320100,826,2065,16360000,14166
11,409,16360000,16360100,826,2065,16400000,14199
11,41,1640000,1640100,826,2065,1680000,1451
11,410,16400000,16400100,826,2065,16440000,14234
11,411,16440000,16440100,826,2065,16480000,14268
11,412,16480000,16480100,826,2065,16520000,14305
11,413,16520000,16520100,826,2065,16560000,14340
11,414,16560000,16560100,826,2065,16600000,14373
11,415,16600000,16600100,826,2065,16640000,14407
11,416,16640000,16640100,826,2065,16680000,14443
11,417,16680000,16680100,826,2065,16720000,14476
11,418,16720000,16720100,826,2065,16760000,14511
11,419,16760000,16760100,826,2065,16800000,14547
11,42,1680000,1680100,826,2065,1720000,1486
11,420,16800000,16800100,826,2065,16840000,14582
11,421,16840000,16840100,826,2065,16880000,14615
11,422,16880000,16880100,826,2065,16920000,14651
11,423,16920000,16920100,826,2065,16960000,14685
11,424,16960000,16960100,826,2065,17000000,14719
11,425,17000000,17000100,826,2065,17040000,14753
11,426,17040000,17040100,826,2065,17080000,14790
11,427,17080000,17080100,826,2065,17120000,14824
11,428,17120000,17120100,826,2065,17160000,14859
11,429,17160000,17160100,826,2065,17200000,14892
11,43,1720000,1720100,826,2065,1760000,1519
11,430,17200000,17200100,826,2065,17240000,14927
11,431,17240000,17240100,826,2065,17280000,14962
11,432,17280000,17280100,826,2065,17320000,14996
11,433,17320000,17320100,826,2065,17360000,15032
11,434,17360000,17360100,826,2065,17400000,15067
11,435,17400000,17400100,826,2065,17440000,15101
11,436,17440000,17440100,826,2065,17480000,15135
11,437,17480000,17480100,826,2065,17520000,15170
11,438,17520000,17520100,826,2065,17560000,15205
11,439,17560000,17560100,826,2065,17600000,15237
11,44,1760000,1760100,826,2065,1800000,1554
11,440,17600000,17600100,826,2065,17640000,15275
11,441,17640000,17640100,826,2065,17680000,15309
11,442,17680000,17680100,826,2065,17720000,15344
11,443,17720000,17720100,826,2065,17760000,15378
11,444,17760000,17760100,826,2065,17800000,15412
11,445,17800000,17800100,826,2065,17840000,15446
11,446,17840000,17840100,826,2065,17880000,15482
11,447,17880000,17880100,826,2065,17920000,15517
11,448,17920000,17920100,826,2065,17960000,15552
11,449,17960000,17960100,826,2065,18000000,15586
11,45,1800000,1800100,826,2065,1840000,1588
11,450,18000000,18000100,826,2065,18040000,15620
11,451,18040000,18040100,826,2065,18080000,15654
11,452,18080000,18080100,826,2065,18120000,15690
11,453,18120000,18120100,826,2065,18160000,15724
11,454,18160000,18160100,826,2065,18200000,15759
11,455,18200000,18200100,826,2065,18240000,15794
11,456,18240000,18240100,826,2065,18280000,15829
11,457,18280000,18280100,826,2065,18320000,15863
11,458,18320000,18320100,826,2065,18360000,15898
11,459,18360000,18360100,826,2065,18400000,15931
11,46,1840000,1840100,826,2065,1880000,1623
11,460,18400000,18400100,826,2065,18440000,15966
11,461,18440000,18440100,826,2065,18480000,16002
11,462,18480000,18480100,826,2065,18520000,16037
11,463,18520000,18520100,826,2065,18560000,16071
11,464,18560000,18560100,826,2065,18600000,16106
11,465,18600000,18600100,826,2065,18640000,16139
11,466,18640000,18640100,826,2065,18680000,16174
11,467,18680000,18680100,826,2065,18720000,16209
11,468,18720000,18720100,826,2065,18760000,16246
11,469,18760000,18760100,826,2065,18800000,16278
11,47,1880000,1880100,826,2065,1920000,1657
11,470,18800000,18800100,826,2065,18840000,16314
11,471,18840000,18840100,826,2065,18880000,16348
11,472,18880000,18880100,826,2065,18920000,16382
11,473,18920000,18920100,826,2065,18960000,16417
11,474,18960000,18960100,826,2065,19000000,16451
11,475,19000000,19000100,826,2065,19040000,16487
11,476,19040000,19040100,826,2065,19080000,16522
11,477,19080000,19080100,826,2065,19120000,16556
11,478,19120000,19120100,826,2065,19160000,16591
11,479,19160000,19160100,826,2065,19200000,16625
11,48,1920000,1920100,826,2065,1960000,1694
11,480,19200000,19200100,826,2065,19240000,16659
11,481,19240000,19240100,826,2065,19280000,16693
11,482,19280000,19280100,826,2065,19320000,16731
11,483,19320000,19320100,826,2065,19360000,16764
11,484,19360000,19360100,826,2065,19400000,16798
11,485,19400000,19400100,826,2065,19440000,16833
11,486,19440000,19440100,826,2065,19480000,16868
11,487,19480000,19480100,826,2065,19520000,16901
11,488,19520000,19520100,826,2065,19560000,16937
11,489,19560000,19560100,826,2065,19600000,16972
11,49,1960000,1960100,826,2065,2000000,1727
11,490,19600000,19600100,826,2065,19640000,17007
11,491,19640000,19640100,826,2065,19680000,17041
11,492,19680000,19680100,826,2065,19720000,17076
11,493,19720000,19720100,826,2065,19760000,17110
11,494,19760000,19760100,826,2065,19800000,17144
11,495,19800000,19800100,826,2065,19840000,17178
11,496,19840000,19840100,826,2065,19880000,17215
11,497,19880000,19880100,826,2065,19920000,17250
11,498,19920000,19920100,826,2065,19960000,17284
11,499,19960000,19960100,826,2065,20000000,17317
11,5,200000,200100,826,2065,240000,202
11,50,2000000,2000100,826,2065,2040000,1763
11,500,20000000,20000100,826,2065,20040000,17353
11,501,20040000,20040100,826,2065,20080000,17387
11,502,20080000,20080100,826,2065,20120000,17421
11,503,20120000,20120100,826,2065,20160000,17458
11,504,20160000,20160100,826,2065,20200000,17492
11,505,20200000,20200100,826,2065,20240000,17525
11,506,20240000,20240100,826,2065,20280000,17561
11,507,20280000,20280100,826,2065,20320000,17595
11,508,20320000,20320100,826,2065,20360000,17630
11,509,20360000,20360100,826,2065,20400000,17663
11,51,2040000,2040100,826,2065,2080000,1796
11,510,20400000,20400100,826,2065,20440000,17700
11,511,20440000,20440100,826,2065,20480000,17734
11,512,20480000,20480100,826,2065,20520000,17770
11,513,20520000,20520100,826,2065,20560000,17803
11,514,20560000,20560100,826,2065,20600000,17837
11,515,20600000,20600100,826,2065,20640000,17872
11,516,20640000,20640100,826,2065,20680000,17906
11,517,20680000,20680100,826,2065,20720000,17942
11,518,20720000,20720100,826,2065,20760000,17978
11,519,20760000,20760100,826,2065,20800000,18011
11,52,2080000,2080100,826,2065,2120000,1831
11,520,20800000,20800100,826,2065,20840000,18045
11,521,20840000,20840100,826,2065,20880000,18080
11,522,20880000,20880100,826,2065,20920000,18115
11,523,20920000,20920100,826,2065,20960000,18149
11,524,20960000,20960100,826,2065,21000000,18185
11,525,21000000,21000100,826,2065,21040000,18219
11,526,21040000,21040100,826,2065,21080000,18254
11,527,21080000,21080100,826,2065,21120000,18288
11,528,21120000,21120100,826,2065,21160000,18323
11,529,21160000,21160100,826,2065,21200000,18356
11,53,2120000,2120100,826,2065,2160000,1866
11,530,21200000,21200100,826,2065,21240000,18392
11,531,21240000,21240100,826,2065,21280000,18427
11,532,21280000,21280100,826,2065,21320000,18462
11,533,21320000,21320100,826,2065,21360000,18497
11,534,21360000,21360100,826,2065,21400000,18531
11,535,21400000,21400100,826,2065,21440000,18564
11,536,21440000,21440100,826,2065,21480000,18600
11,537,21480000,21480100,826,2065,21520000,18634
11,538,21520000,21520100,826,2065,21560000,18670
11,539,21560000,21560100,826,2065,21600000,18704
11,54,2160000,2160100,826,2065,2200000,1899
11,540,21600000,21600100,826,2065,21640000,18739
11,541,21640000,21640100,826,2065,21680000,18773
11,542,21680000,21680100,826,2065,21720000,18808
11,543,21720000,21720100,826,2065,21760000,18842
11,544,21760000,21760100,826,2065,21800000,18876
11,545,21800000,21800100,826,2065,21840000,18913
11,546,21840000,21840100,826,2065,21880000,18947
11,547,21880000,21880100,826,2065,21920000,18981
11,548,21920000,21920100,826,2065,21960000,19017
11,549,21960000,21960100,826,2065,22000000,19049
11,55,2200000,2200100,826,2065,2240000,1935
11,550,22000000,22000100,826,2065,22040000,19084
11,551,22040000,22040100,826,2065,22080000,19119
11,552,22080000,22080100,826,2065,22120000,19156
11,553,22120000,22120100,826,2065,22160000,19189
11,554,22160000,22160100,826,2065,22200000,19224
11,555,22200000,22200100,826,2065,22240000,19258
11,556,22240000,22240100,826,2065,22280000,19293
11,557,22280000,22280100,826,2065,22320000,19327
11,558,22320000,22320100,826,2065,22360000,19362
11,559,22360000,22360100,826,2065,22400000,19397
11,56,2240000,2240100,826,2065,2280000,1971
11,560,22400000,22400100,826,2065,22440000,19432
11,561,22440000,22440100,826,2065,22480000,19466
11,562,22480000,22480100,826,2065,22520000,19501
11,563,22520000,22520100,826,2065,22560000,19536
11,564,22560000,22560100,826,2065,22600000,19569
11,565,22600000,22600100,826,2065,22640000,19603
11,566,22640000,22640100,826,2065,22680000,19641
11,567,22680000,22680100,826,2065,22720000,19675
11,568,22720000,22720100,826,2065,22760000,19709
11,569,22760000,22760100,826,2065,22800000,19743
11,57,2280000,2280100,826,2065,2320000,2005
11,570,22800000,22800100,826,2065,22840000,19778
11,571,22840000,22840100,826,2065,22880000,19811
11,572,22880000,22880100,826,2065,22920000,19847
11,573,22920000,22920100,826,2065,22960000,19883
11,574,22960000,22960100,826,2065,23000000,19917
11,575,23000000,23000100,826,2065,23040000,19951
11,576,23040000,23040100,826,2065,23080000,19986
11,577,23080000,23080100,826,2065,23120000,20020
11,578,23120000,23120100,826,2065,23160000,20056
11,579,23160000,23160100,826,2065,23200000,20088
11,58,2320000,2320100,826,2065,2360000,2039
11,580,23200000,23200100,826,2065,23240000,20125
11,581,23240000,23240100,826,2065,23280000,20160
11,582,23280000,23280100,826,2065,23320000,20194
11,583,23320000,23320100,826,2065,23360000,20228
11,584,23360000,23360100,826,2065,23400000,20263
11,585,23400000,23400100,826,2065,23440000,20297
11,586,23440000,23440100,826,2065,23480000,20331
11,587,23480000,23480100,826,2065,23520000,20368
11,588,23520000,23520100,826,2065,23560000,20403
11,589,23560000,23560100,826,2065,23600000,20436
11,59,2360000,2360100,826,2065,2400000,2073
11,590,23600000,23600100,826,2065,23640000,20471
11,591,23640000,23640100,826,2065,23680000,20505
11,592,23680000,23680100,826,2065,23720000,20540
11,593,23720000,23720100,826,2065,23760000,20574
11,594,23760000,23760100,826,2065,23800000,20610
11,595,23800000,23800100,826,2065,23840000,20644
11,596,23840000,23840100,826,2065,23880000,20680
11,597,23880000,23880100,826,2065,23920000,20713
11,598,23920000,23920100,826,2065,23960000,20748
11,599,23960000,23960100,826,2065,24000000,20782
11,6,240000,240100,826,2065,280000,239
11,60,2400000,2400100,826,2065,2440000,2108
11,600,24000000,24000100,826,2065,24040000,20817
11,601,24040000,24040100,826,2065,24080000,20852
11,602,24080000,24080100,826,2065,24120000,20888
11,603,24120000,24120100,826,2065,24160000,20922
11,604,24160000,24160100,826,2065,24200000,20955
11,605,24200000,24200100,826,2065,24240000,20990
11,606,24240000,24240100,826,2065,24280000,21025
11,607,24280000,24280100,826,2065,24320000,21059
11,608,24320000,24320100,826,2065,24360000,21096
11,609,24360000,24360100,826,2065,24400000,21129
11,61,2440000,2440100,826,2065,2480000,2142
11,610,24400000,24400100,826,2065,24440000,21164
11,611,24440000,24440100,826,2065,24480000,21199
11,612,24480000,24480100,826,2065,24520000,21233
11,613,24520000,24520100,826,2065,24560000,21267
11,614,24560000,24560100,826,2065,24600000,21302
11,615,24600000,24600100,826,2065,24640000,21337
11,616,24640000,24640100,826,2065,24680000,21372
11,617,24680000,24680100,826,2065,24720000,21407
11,618,24720000,24720100,826,2065,24760000,21442
11,619,24760000,24760100,826,2065,24800000,21474
11,62,2480000,2480100,826,2065,2520000,2179
11,620,24800000,24800100,826,2065,24840000,21510
11,621,24840000,24840100,826,2065,24880000,21544
11,622,24880000,24880100,826,2065,24920000,21581
11,623,24920000,24920100,826,2065,24960000,21615
11,624,24960000,24960100,826,2065,25000000,21649
11,625,25000000,25000100,826,2065,25040000,21683
11,626,25040000,25040100,826,2065,25080000,21718
11,627,25080000,25080100,826,2065,25120000,21752
11,628,25120000,25120100,826,2065,25160000,21787
11,629,25160000,25160100,826,2065,25200000,21823
11,63,2520000,2520100,826,2065,2560000,2213
11,630,25200000,25200100,826,2065,25240000,21857
11,631,25240000,25240100,826,2065,25280000,21891
11,632,25280000,25280100,826,2065,25320000,21927
11,633,25320000,25320100,826,2065,25360000,21961
11,634,25360000,25360100,826,2065,25400000,21994
11,635,25400000,25400100,826,2065,25440000,22029
11,636,25440000,25440100,826,2065,25480000,22066
11,637,25480000,25480100,826,2065,25520000,22099
11,638,25520000,25520100,826,2065,25560000,22135
11,639,25560000,25560100,826,2065,25600000,22168
11,64,2560000,2560100,826,2065,2600000,2247
11,640,25600000,25600100,826,2065,25640000,22203
11,641,25640000,25640100,826,2065,25680000,22237
11,642,25680000,25680100,826,2065,25720000,22272
11,643,25720000,25720100,826,2065,25760000,22308
11,644,25760000,25760100,826,2065,25800000,22343
11,645,25800000,25800100,826,2065,25840000,22376
11,646,25840000,25840100,826,2065,25880000,22411
11,647,25880000,25880100,826,2065,25920000,22446
11,648,25920000,25920100,826,2065,25960000,22480
11,649,25960000,25960100,826,2065,26000000,22513
11,65,2600000,2600100,826,2065,2640000,2281
11,650,26000000,26000100,826,2065,26040000,22551
11,651,26040000,26040100,826,2065,26080000,22585
11,652,26080000,26080100,826,2065,26120000,22619
11,653,26120000,26120100,826,2065,26160000,22654
11,654,26160000,26160100,826,2065,26200000,22688
11,655,26200000,26200100,826,2065,26240000,22722
11,656,26240000,26240100,826,2065,26280000,22757
11,657,26280000,26280100,826,2065,26320000,22793
11,658,26320000,26320100,826,2065,26360000,22828
11,659,26360000,26360100,826,2065,26400000,22861
11,66,2640000,2640100,826,2065,2680000,2316
11,660,26400000,26400100,826,2065,26440000,22896
11,661,26440000,26440100,826,2065,26480000,22930
11,662,26480000,26480100,826,2065,26520000,22966
11,663,26520000,26520100,826,2065,26560000,22999
11,664,26560000,26560100,826,2065,26600000,23035
11,665,26600000,26600100,826,2065,26640000,23070
11,666,26640000,26640100,826,2065,26680000,23105
11,667,26680000,26680100,826,2065,26720000,23138
11,668,26720000,26720100,826,2065,26760000,23174
11,669,26760000,26760100,826,2065,26800000,23207
11,67,2680000,2680100,826,2065,2720000,2350
11,670,26800000,26800100,826,2065,26840000,23241
11,671,26840000,26840100,826,2065,26880000,23278
11,672,26880000,26880100,826,2065,26920000,23313
11,673,26920000,26920100,826,2065,26960000,23347
11,674,26960000,26960100,826,2065,27000000,23381
11,675,27000000,27000100,826,2065,27040000,23415
11,676,27040000,27040100,826,2065,27080000,23450
11,677,27080000,27080100,826,2065,27120000,23485
11,678,27120000,27120100,826,2065,27160000,23521
11,679,27160000,27160100,826,2065,27200000,23554
11,68,2720000,2720100,826,2065,2760000,2386
11,680,27200000,27200100,826,2065,27240000,23590
11,681,27240000,27240100,826,2065,27280000,23623
11,682,27280000,27280100,826,2065,27320000,23658
11,683,27320000,27320100,826,2065,27360000,23693
11,684,27360000,27360100,826,2065,27400000,23727
11,685,27400000,27400100,826,2065,27440000,23762
11,686,27440000,27440100,826,2065,27480000,23798
11,687,27480000,27480100,826,2065,27520000,23832
11,688,27520000,27520100,826,2065,27560000,23867
11,689,27560000,27560100,826,2065,27600000,23900
11,69,2760000,2760100,826,2065,2800000,2420
11,690,27600000,27600100,826,2065,27640000,23935
11,691,27640000,27640100,826,2065,27680000,23969
11,692,27680000,27680100,826,2065,27720000,24006
11,693,27720000,27720100,826,2065,27760000,24040
11,694,27760000,27760100,826,2065,27800000,24074
11,695,27800000,27800100,826,2065,27840000,24109
11,696,27840000,27840100,826,2065,27880000,24143
11,697,27880000,27880100,826,2065,27920000,24177
11,698,27920000,27920100,826,2065,27960000,24213
11,699,27960000,27960100,826,2065,28000000,24248
11,7,280000,280100,826,2065,320000,272
11,70,2800000,2800100,826,2065,2840000,2455
11,700,28000000,28000100,826,2065,28040000,24282
11,701,28040000,28040100,826,2065,28080000,24317
11,702,28080000,28080100,826,2065,28120000,24352
11,703,28120000,28120100,826,2065,28160000,24385
11,704,28160000,28160100,826,2065,28200000,24420
11,705,28200000,28200100,826,2065,28240000,24454
11,706,28240000,28240100,826,2065,28280000,24491
11,707,28280000,28280100,826,2065,28320000,24525
11,708,28320000,28320100,826,2065,28360000,24560
11,709,28360000,28360100,826,2065,28400000,24593
11,71,2840000,2840100,826,2065,2880000,2490
11,710,28400000,28400100,826,2065,28440000,24629
11,711,28440000,28440100,826,2065,28480000,24662
11,712,28480000,28480100,826,2065,28520000,24697
11,713,28520000,28520100,826,2065,28560000,24734
11,714,28560000,28560100,826,2065,28600000,24767
11,715,28600000,28600100,826,2065,28640000,24801
11,716,28640000,28640100,826,2065,28680000,24837
11,717,28680000,28680100,826,2065,28720000,24871
11,718,28720000,28720100,826,2065,28760000,24905
11,719,28760000,28760100,826,2065,28800000,24939
11,72,2880000,2880100,826,2065,2920000,2525
11,720,28800000,28800100,826,2065,28840000,24976
11,721,28840000,28840100,826,2065,28880000,25010
11,722,28880000,28880100,826,2065,28920000,25045
11,723,28920000,28920100,826,2065,28960000,25079
11,724,28960000,28960100,826,2065,29000000,25113
11,725,29000000,29000100,826,2065,29040000,25147
11,726,29040000,29040100,826,2065,29080000,25182
11,727,29080000,29080100,826,2065,29120000,25218
11,728,29120000,29120100,826,2065,29160000,25254
11,729,29160000,29160100,826,2065,29200000,25286
11,73,2920000,2920100,826,2065,2960000,2558
11,730,29200000,29200100,826,2065,29240000,25321
11,731,29240000,29240100,826,2065,29280000,25356
11,732,29280000,29280100,826,2065,29320000,25391
11,733,29320000,29320100,826,2065,29360000,25424
11,734,29360000,29360100,826,2065,29400000,25461
11,735,29400000,29400100,826,2065,29440000,25495
11,736,29440000,29440100,826,2065,29480000,25529
11,737,29480000,29480100,826,2065,29520000,25564
11,738,29520000,29520100,826,2065,29560000,25599
11,739,29560000,29560100,826,2065,29600000,25632
11,74,2960000,2960100,826,2065,3000000,2593
11,740,29600000,29600100,826,2065,29640000,25667
11,741,29640000,29640100,826,2065,29680000,25703
11,742,29680000,29680100,826,2065,29720000,25738
11,743,29720000,29720100,826,2065,29760000,25773
11,744,29760000,29760100,826,2065,29800000,25806
11,745,29800000,29800100,826,2065,29840000,25840
11,746,29840000,29840100,826,2065,29880000,25876
11,747,29880000,29880100,826,2065,29920000,25909
11,748,29920000,29920100,826,2065,29960000,25946
11,749,29960000,29960100,826,2065,30000000,25980
11,75,3000000,3000100,826,2065,3040000,2627
11,750,30000000,30000100,826,2065,30040000,26015
11,751,30040000,30040100,826,2065,30080000,26048
11,752,30080000,30080100,826,2065,30120000,26084
11,753,30120000,30120100,826,2065,30160000,26118
11,754,30160000,30160100,826,2065,30200000,26152
11,755,30200000,30200100,826,2065,30240000,26188
11,756,30240000,30240100,826,2065,30280000,26223
11,757,30280000,30280100,826,2065,30320000,26257
11,758,30320000,30320100,826,2065,30360000,26292
11,759,30360000,30360100,826,2065,30400000,26325
11,76,3040000,3040100,826,2065,3080000,2663
11,760,30400000,30400100,826,2065,30440000,26360
11,761,30440000,30440100,826,2065,30480000,26395
11,762,30480000,30480100,826,2065,30520000,26431
11,763,30520000,30520100,826,2065,30560000,26465
11,764,30560000,30560100,826,2065,30600000,26500
11,765,30600000,30600100,826,2065,30640000,26534
11,766,30640000,30640100,826,2065,30680000,26568
11,767,30680000,30680100,826,2065,30720000,26603
11,768,30720000,30720100,826,2065,30760000,26638
11,769,30760000,30760100,826,2065,30800000,26672
11,77,3080000,3080100,826,2065,3120000,2698
11,770,30800000,30800100,826,2065,30840000,26708
11,771,30840000,30840100,826,2065,30880000,26742
11,772,30880000,30880100,826,2065,30920000,26777
11,773,30920000,30920100,826,2065,30960000,26811
11,774,30960000,30960100,826,2065,31000000,26845
11,775,31000000,31000100,826,2065,31040000,26879
11,776,31040000,31040100,826,2065,31080000,26917
11,777,31080000,31080100,826,2065,31120000,26950
11,778,31120000,31120100,826,2065,31160000,26985
11,779,31160000,31160100,826,2065,31200000,27019
11,78,3120000,3120100,826,2065,3160000,2733
11,780,31200000,31200100,826,2065,31240000,27053
11,781,31240000,31240100,826,2065,31280000,27087
11,782,31280000,31280100,826,2065,31320000,27123
11,783,31320000,31320100,826,2065,31360000,27159
11,784,31360000,31360100,826,2065,31400000,27192
11,785,31400000,31400100,826,2065,31440000,27227
11,786,31440000,31440100,826,2065,31480000,27262
11,787,31480000,31480100,826,2065,31520000,27296
11,788,31520000,31520100,826,2065,31560000,27331
11,789,31560000,31560100,826,2065,31600000,27364
11,79,3160000,3160100,826,2065,3200000,2766
11,790,31600000,31600100,826,2065,31640000,27401
11,791,31640000,31640100,826,2065,31680000,27435
11,792,31680000,31680100,826,2065,31720000,27470
11,793,31720000,31720100,826,2065,31760000,27504
11,794,31760000,31760100,826,2065,31800000,27539
11,795,31800000,31800100,826,2065,31840000,27572
11,796,31840000,31840100,826,2065,31880000,27607
11,797,31880000,31880100,826,2065,31920000,27644
11,798,31920000,31920100,826,2065,31960000,27679
11,799,31960000,31960100,826,2065,32000000,27711
11,8,320000,320100,826,2065,360000,308
11,80,3200000,3200100,826,2065,3240000,2801
11,800,32000000,32000100,826,2065,32040000,27747
11,801,32040000,32040100,826,2065,32080000,27781
11,802,32080000,32080100,826,2065,32120000,27815
11,803,32120000,32120100,826,2065,32160000,27850
11,804,32160000,32160100,826,2065,32200000,27886
11,805,32200000,32200100,826,2065,32240000,27920
11,806,32240000,32240100,826,2065,32280000,27955
11,807,32280000,32280100,826,2065,32320000,27989
11,808,32320000,32320100,826,2065,32360000,28024
11,809,32360000,32360100,826,2065,32400000,28058
11,81,3240000,3240100,826,2065,3280000,2835
11,810,32400000,32400100,826,2065,32440000,28092
11,811,32440000,32440100,826,2065,32480000,28128
11,812,32480000,32480100,826,2065,32520000,28164
11,813,32520000,32520100,826,2065,32560000,28197
11,814,32560000,32560100,826,2065,32600000,28231
11,815,32600000,32600100,826,2065,32640000,28266
11,816,32640000,32640100,826,2065,32680000,28301
11,817,32680000,32680100,826,2065,32720000,28334
11,818,32720000,32720100,826,2065,32760000,28372
11,819,32760000,32760100,826,2065,32800000,28405
11,82,3280000,3280100,826,2065,3320000,2870
11,820,32800000,32800100,826,2065,32840000,28440
11,821,32840000,32840100,826,2065,32880000,28474
11,822,32880000,32880100,826,2065,32920000,28509
11,823,32920000,32920100,826,2065,32960000,28543
11,824,32960000,32960100,826,2065,33000000,28577
11,825,33000000,33000100,826,2065,33040000,28613
11,826,33040000,33040100,826,2065,33080000,28648
11,827,33080000,33080100,826,2065,33120000,28683
11,828,33120000,33120100,826,2065,33160000,28717
11,829,33160000,33160100,826,2065,33200000,28750
11,83,3320000,3320100,826,2065,3360000,2907
11,830,33200000,33200100,826,2065,33240000,28786
11,831,33240000,33240100,826,2065,33280000,28820
11,832,33280000,33280100,826,2065,33320000,28856
11,833,33320000,33320100,826,2065,33360000,28891
11,834,33360000,33360100,826,2065,33400000,28925
11,835,33400000,33400100,826,2065,33440000,28958
11,836,33440000,33440100,826,2065,33480000,28994
11,837,33480000,33480100,826,2065,33520000,29028
11,838,33520000,33520100,826,2065,33560000,29063
11,839,33560000,33560100,826,2065,33600000,29098
11,84,3360000,3360100,826,2065,3400000,2940
11,840,33600000,33600100,826,2065,33640000,29133
11,841,33640000,33640100,826,2065,33680000,29167
11,842,33680000,33680100,826,2065,33720000,29203
11,843,33720000,33720100,826,2065,33760000,29236
11,844,33760000,33760100,826,2065,33800000,29270
11,845,33800000,33800100,826,2065,33840000,29305
11,846,33840000,33840100,826,2065,33880000,29341
11,847,33880000,33880100,826,2065,33920000,29375
11,848,33920000,33920100,826,2065,33960000,29411
11,849,33960000,33960100,826,2065,34000000,29444
11,85,3400000,3400100,826,2065,3440000,2974
11,850,34000000,34000100,826,2065,34040000,29478
11,851,34040000,34040100,826,2065,34080000,29513
11,852,34080000,34080100,826,2065,34120000,29548
11,853,34120000,34120100,826,2065,34160000,29584
11,854,34160000,34160100,826,2065,34200000,29618
11,855,34200000,34200100,826,2065,34240000,29652
11,856,34240000,34240100,826,2065,34280000,29687
11,857,34280000,34280100,826,2065,34320000,29721
11,858,34320000,34320100,826,2065,34360000,29756
11,859,34360000,34360100,826,2065,34400000,29789
11,86,3440000,3440100,826,2065,3480000,3010
11,860,34400000,34400100,826,2065,34440000,29827
11,861,34440000,34440100,826,2065,34480000,29860
11,862,34480000,34480100,826,2065,34520000,29895
11,863,34520000,34520100,826,2065,34560000,29930
11,864,34560000,34560100,826,2065,34600000,29964
11,865,34600000,34600100,826,2065,34640000,29997
11,866,34640000,34640100,826,2065,34680000,30033
11,867,34680000,34680100,826,2065,34720000,30069
11,868,34720000,34720100,826,2065,34760000,30103
11,869,34760000,34760100,826,2065,34800000,30137
11,87,3480000,3480100,826,2065,3520000,3043
11,870,34800000,34800100,826,2065,34840000,30172
11,871,34840000,34840100,826,2065,34880000,30206
11,872,34880000,34880100,826,2065,34920000,30241
11,873,34920000,34920100,826,2065,34960000,30275
11,874,34960000,34960100,826,2065,35000000,30311
11,875,35000000,35000100,826,2065,35040000,30346
11,876,35040000,35040100,826,2065,35080000,30380
11,877,35080000,35080100,826,2065,35120000,30414
11,878,35120000,35120100,826,2065,35160000,30450
11,879,35160000,35160100,826,2065,35200000,30482
11,88,3520000,3520100,826,2065,3560000,3078
11,880,35200000,35200100,826,2065,35240000,30517
11,881,35240000,35240100,826,2065,35280000,30554
11,882,35280000,35280100,826,2065,35320000,30589
11,883,35320000,35320100,826,2065,35360000,30622
11,884,35360000,35360100,826,2065,35400000,30657
11,885,35400000,35400100,826,2065,35440000,30691
11,886,35440000,35440100,826,2065,35480000,30726
11,887,35480000,35480100,826,2065,35520000,30760
11,888,35520000,35520100,826,2065,35560000,30797
11,889,35560000,35560100,826,2065,35600000,30830
11,89,3560000,3560100,826,2065,3600000,3112
11,890,35600000,35600100,826,2065,35640000,30865
11,891,35640000,35640100,826,2065,35680000,30899
11,892,35680000,35680100,826,2065,35720000,30934
11,893,35720000,35720100,826,2065,35760000,30969
11,894,35760000,35760100,826,2065,35800000,31002
11,895,35800000,35800100,826,2065,35840000,31038
11,896,35840000,35840100,826,2065,35880000,31074
11,897,35880000,35880100,826,2065,35920000,31108
11,898,35920000,35920100,826,2065,35960000,31142
11,899,35960000,35960100,826,2065,36000000,31176
11,9,360000,360100,826,2065,400000,341
11,90,3600000,3600100,826,2065,3640000,3149
11,900,36000000,36000100,826,2065,36040000,31211
11,901,36040000,36040100,826,2065,36080000,31244
11,902,36080000,36080100,826,2065,36120000,31282
11,903,36120000,36120100,826,2065,36160000,31316
11,904,36160000,36160100,826,2065,36200000,31350
11,905,36200000,36200100,826,2065,36240000,31384
11,906,36240000,36240100,826,2065,36280000,31419
11,907,36280000,36280100,826,2065,36320000,31453
11,908,36320000,36320100,826,2065,36360000,31489
11,909,36360000,36360100,826,2065,36400000,31523
11,91,3640000,3640100,826,2065,3680000,3182
11,910,36400000,36400100,826,2065,36440000,31558
11,911,36440000,36440100,826,2065,36480000,31593
11,912,36480000,36480100,826,2065,36520000,31627
11,913,36520000,36520100,826,2065,36560000,31661
11,914,36560000,36560100,826,2065,36600000,31696
11,915,36600000,36600100,826,2065,36640000,31730
11,916,36640000,36640100,826,2065,36680000,31766
11,917,36680000,36680100,826,2065,36720000,31801
11,918,36720000,36720100,826,2065,36760000,31836
11,919,36760000,36760100,826,2065,36800000,31869
11,92,3680000,3680100,826,2065,3720000,3218
11,920,36800000,36800100,826,2065,36840000,31904
11,921,36840000,36840100,826,2065,36880000,31938
11,922,36880000,36880100,826,2065,36920000,31973
11,923,36920000,36920100,826,2065,36960000,32009
11,924,36960000,36960100,826,2065,37000000,32043
11,925,37000000,37000100,826,2065,37040000,32077
11,926,37040000,37040100,826,2065,37080000,32113
11,927,37080000,37080100,826,2065,37120000,32146
11,928,37120000,37120100,826,2065,37160000,32181
11,929,37160000,37160100,826,2065,37200000,32215
11,93,3720000,3720100,826,2065,3760000,3252
11,930,37200000,37200100,826,2065,37240000,32252
11,931,37240000,37240100,826,2065,37280000,32285
11,932,37280000,37280100,826,2065,37320000,32321
11,933,37320000,37320100,826,2065,37360000,32355
11,934,37360000,37360100,826,2065,37400000,32388
11,935,37400000,37400100,826,2065,37440000,32423
11,936,37440000,37440100,826,2065,37480000,32458
11,937,37480000,37480100,826,2065,37520000,32494
11,938,37520000,37520100,826,2065,37560000,32529
11,939,37560000,37560100,826,2065,37600000,32562
11,94,3760000,3760100,826,2065,3800000,3286
11,940,37600000,37600100,826,2065,37640000,32597
11,941,37640000,37640100,826,2065,37680000,32632
11,942,37680000,37680100,826,2065,37720000,32666
11,943,37720000,37720100,826,2065,37760000,32700
11,944,37760000,37760100,826,2065,37800000,32737
11,945,37800000,37800100,826,2065,37840000,32770
11,946,37840000,37840100,826,2065,37880000,32805
11,947,37880000,37880100,826,2065,37920000,32840
11,948,37920000,37920100,826,2065,37960000,32875
11,949,37960000,37960100,826,2065,38000000,32907
11,95,3800000,3800100,826,2065,3840000,3320
11,950,38000000,38000100,826,2065,38040000,32943
11,951,38040000,38040100,826,2065,38080000,32979
11,952,38080000,38080100,826,2065,38120000,33014
11,953,38120000,38120100,826,2065,38160000,33048
11,954,38160000,38160100,826,2065,38200000,33082
11,955,38200000,38200100,826,2065,38240000,33116
11,956,38240000,38240100,826,2065,38280000,33151
11,957,38280000,38280100,826,2065,38320000,33185
11,958,38320000,38320100,826,2065,38360000,33222
11,959,38360000,38360100,826,2065,38400000,33256
11,96,3840000,3840100,826,2065,3880000,3355
11,960,38400000,38400100,826,2065,38440000,33290
11,961,38440000,38440100,826,2065,38480000,33324
11,962,38480000,38480100,826,2065,38520000,33360
11,963,38520000,38520100,826,2065,38560000,33394
11,964,38560000,38560100,826,2065,38600000,33427
11,965,38600000,38600100,826,2065,38640000,33464
11,966,38640000,38640100,826,2065,38680000,33499
11,967,38680000,38680100,826,2065,38720000,33532
11,968,38720000,38720100,826,2065,38760000,33568
11,969,38760000,38760100,826,2065,38800000,33601
11,97,3880000,3880100,826,2065,3920000,3391
11,970,38800000,38800100,826,2065,38840000,33636
11,971,38840000,38840100,826,2065,38880000,33670
11,972,38880000,38880100,826,2065,38920000,33707
11,973,38920000,38920100,826,2065,38960000,33741
11,974,38960000,38960100,826,2065,39000000,33776
11,975,39000000,39000100,826,2065,39040000,33809
11,976,39040000,39040100,826,2065,39080000,33844
11,977,39080000,39080100,826,2065,39120000,33879
11,978,39120000,39120100,826,2065,39160000,33913
11,979,39160000,39160100,826,2065,39200000,33948
11,98,3920000,3920100,826,2065,3960000,3426
11,980,39200000,39200100,826,2065,39240000,33984
11,981,39240000,39240100,826,2065,39280000,34018
11,982,39280000,39280100,826,2065,39320000,34052
11,983,39320000,39320100,826,2065,39360000,34087
11,984,39360000,39360100,826,2065,39400000,34121
11,985,39400000,39400100,826,2065,39440000,34155
11,986,39440000,39440100,826,2065,39480000,34192
11,987,39480000,39480100,826,2065,39520000,34226
11,988,39520000,39520100,826,2065,39560000,34261
11,989,39560000,39560100,826,2065,39600000,34294
11,99,3960000,3960100,826,2065,4000000,3459
11,990,39600000,39600100,826,2065,39640000,34329
11,991,39640000,39640100,826,2065,39680000,34363
11,992,39680000,39680100,826,2065,39720000,34399
11,993,39720000,39720100,826,2065,39760000,34434
11,994,39760000,39760100,826,2065,39800000,34468
11,995,39800000,39800100,826,2065,39840000,34503
11,996,39840000,39840100,826,2065,39880000,34538
11,997,39880000,39880100,826,2065,39920000,34571
11,998,39920000,39920100,826,2065,39960000,34607
11,999,39960000,39960100,826,2065,40000000,34640
12,0,0,100,4121,10301,50000,37
12,1,50000,50100,4121,10301,100000,81
12,10,500000,500100,4121,10301,550000,470
12,100,5000000,5000100,4121,10301,5050000,4370
12,1000,50000000,50000100,4121,10301,50050000,43347
12,1001,50050000,50050100,4121,10301,50100000,43390
12,1002,50100000,50100100,4121,10301,50150000,43430
12,1003,50150000,50150100,4121,10301,50200000,43477
12,1004,50200000,50200100,4121,10301,50250000,43520
12,1005,50250000,50250100,4121,10301,50300000,43563
12,1006,50300000,50300100,4121,10301,50350000,43606
12,1007,50350000,50350100,4121,10301,50400000,43651
12,1008,50400000,50400100,4121,10301,50450000,43692
12,1009,50450000,50450100,4121,10301,50500000,43736
12,101,5050000,5050100,4121,10301,5100000,4412
12,1010,50500000,50500100,4121,10301,50550000,43780
12,1011,50550000,50550100,4121,10301,50600000,43822
12,1012,50600000,50600100,4121,10301,50650000,43867
12,1013,50650000,50650100,4121,10301,50700000,43909
12,1014,50700000,50700100,4121,10301,50750000,43952
12,1015,50750000,50750100,4121,10301,50800000,43996
12,1016,50800000,50800100,4121,10301,50850000,44039
12,1017,50850000,50850100,4121,10301,50900000,44083
12,1018,50900000,50900100,4121,10301,50950000,44125
12,1019,50950000,50950100,4121,10301,51000000,44171
12,102,5100000,5100100,4121,10301,5150000,4455
12,1020,51000000,51000100,4121,10301,51050000,44212
12,1021,51050000,51050100,4121,10301,51100000,44257
12,1022,51100000,51100100,4121,10301,51150000,44299
12,1023,51150000,51150100,4121,10301,51200000,44341
12,1024,51200000,51200100,4121,10301,51250000,44386
12,1025,51250000,51250100,4121,10301,51300000,44429
12,1026,51300000,51300100,4121,10301,51350000,44471
12,1027,51350000,51350100,4121,10301,51400000,44516
12,1028,51400000,51400100,4121,10301,51450000,44561
12,1029,51450000,51450100,4121,10301,51500000,44602
12,103,5150000,5150100,4121,10301,5200000,4499
12,1030,51500000,51500100,4121,10301,51550000,44645
12,1031,51550000,51550100,4121,10301,51600000,44690
12,1032,51600000,51600100,4121,10301,51650000,44731
12,1033,51650000,51650100,4121,10301,51700000,44776
12,1034,51700000,51700100,4121,10301,51750000,44818
12,1035,51750000,51750100,4121,10301,51800000,44863
12,1036,51800000,51800100,4121,10301,51850000,44906
12,1037,51850000,51850100,4121,10301,51900000,44948
12,1038,51900000,51900100,4121,10301,51950000,44991
12,1039,51950000,51950100,4121,10301,52000000,45035
12,104,5200000,5200100,4121,10301,5250000,4544
12,1040,52000000,52000100,4121,10301,52050000,45080
12,1041,52050000,52050100,4121,10301,52100000,45122
12,1042,52100000,52100100,4121,10301,52150000,45166
12,1043,52150000,52150100,4121,10301,52200000,45210
12,1044,52200000,52200100,4121,10301,52250000,45250
12,1045,52250000,52250100,4121,10301,52300000,45295
12,1046,52300000,52300100,4121,10301,52350000,45338
12,1047,52350000,52350100,4121,10301,52400000,45382
12,1048,52400000,52400100,4121,10301,52450000,45425
12,1049,52450000,52450100,4121,10301,52500000,45470
12,105,5250000,5250100,4121,10301,5300000,4586
12,1050,52500000,52500100,4121,10301,52550000,45510
12,1051,52550000,52550100,4121,10301,52600000,45555
12,1052,52600000,52600100,4121,10301,52650000,45600
12,1053,52650000,52650100,4121,10301,52700000,45641
12,1054,52700000,52700100,4121,10301,52750000,45686
12,1055,52750000,52750100,4121,10301,52800000,45728
12,1056,52800000,52800100,4121,10301,52850000,45771
12,1057,52850000,52850100,4121,10301,52900000,45815
12,1058,52900000,52900100,4121,10301,52950000,45857
12,1059,52950000,52950100,4121,10301,53000000,45902
12,106,5300000,5300100,4121,10301,5350000,4628
12,1060,53000000,53000100,4121,10301,53050000,45945
12,1061,53050000,53050100,4121,10301,53100000,45989
12,1062,53100000,53100100,4121,10301,53150000,46030
12,1063,53150000,53150100,4121,10301,53200000,46076
12,1064,53200000,53200100,4121,10301,53250000,46119
12,1065,53250000,53250100,4121,10301,53300000,46161
12,1066,53300000,53300100,4121,10301,53350000,46204
12,1067,53350000,53350100,4121,10301,53400000,46248
12,1068,53400000,53400100,4121,10301,53450000,46291
12,1069,53450000,53450100,4121,10301,53500000,46334
12,107,5350000,5350100,4121,10301,5400000,4674
12,1070,53500000,53500100,4121,10301,53550000,46379
12,1071,53550000,53550100,4121,10301,53600000,46421
12,1072,53600000,53600100,4121,10301,53650000,46464
12,1073,53650000,53650100,4121,10301,53700000,46509
12,1074,53700000,53700100,4121,10301,53750000,46549
12,1075,53750000,53750100,4121,10301,53800000,46596
12,1076,53800000,53800100,4121,10301,53850000,46639
12,1077,53850000,53850100,4121,10301,53900000,46681
12,1078,53900000,53900100,4121,10301,53950000,46724
12,1079,53950000,53950100,4121,10301,54000000,46767
12,108,5400000,5400100,4121,10301,5450000,4715
12,1080,54000000,54000100,4121,10301,54050000,46810
12,1081,54050000,54050100,4121,10301,54100000,46854
12,1082,54100000,54100100,4121,10301,54150000,46898
12,1083,54150000,54150100,4121,10301,54200000,46941
12,1084,54200000,54200100,4121,10301,54250000,46986
12,1085,54250000,54250100,4121,10301,54300000,47028
12,1086,54300000,54300100,4121,10301,54350000,47069
12,1087,54350000,54350100,4121,10301,54400000,47115
12,1088,54400000,54400100,4121,10301,54450000,47157
12,1089,54450000,54450100,4121,10301,54500000,47201
12,109,5450000,5450100,4121,10301,5500000,4759
12,1090,54500000,54500100,4121,10301,54550000,47243
12,1091,54550000,54550100,4121,10301,54600000,47289
12,1092,54600000,54600100,4121,10301,54650000,47330
12,1093,54650000,54650100,4121,10301,54700000,47373
12,1094,54700000,54700100,4121,10301,54750000,47418
12,1095,54750000,54750100,4121,10301,54800000,47460
12,1096,54800000,54800100,4121,10301,54850000,47505
12,1097,54850000,54850100,4121,10301,54900000,47548
12,1098,54900000,54900100,4121,10301,54950000,47590
12,1099,54950000,54950100,4121,10301,55000000,47634
12,11,550000,550100,4121,10301,600000,516
12,110,5500000,5500100,4121,10301,5550000,4802
12,1100,55000000,55000100,4121,10301,55050000,47677
12,1101,55050000,55050100,4121,10301,55100000,47720
12,1102,55100000,55100100,4121,10301,55150000,47763
12,1103,55150000,55150100,4121,10301,55200000,47808
12,1104,55200000,55200100,4121,10301,55250000,47849
12,1105,55250000,55250100,4121,10301,55300000,47895
12,1106,55300000,55300100,4121,10301,55350000,47937
12,1107,55350000,55350100,4121,10301,55400000,47980
12,1108,55400000,55400100,4121,10301,55450000,48025
12,1109,55450000,55450100,4121,10301,55500000,48067
12,111,5550000,5550100,4121,10301,5600000,4846
12,1110,55500000,55500100,4121,10301,55550000,48109
12,1111,55550000,55550100,4121,10301,55600000,48153
12,1112,55600000,55600100,4121,10301,55650000,48198
12,1113,55650000,55650100,4121,10301,55700000,48240
12,1114,55700000,55700100,4121,10301,55750000,48282
12,1115,55750000,55750100,4121,10301,55800000,48328
12,1116,55800000,55800100,4121,10301,55850000,48369
12,1117,55850000,55850100,4121,10301,55900000,48414
12,1118,55900000,55900100,4121,10301,55950000,48457
12,1119,55950000,55950100,4121,10301,56000000,48501
12,112,5600000,5600100,4121,10301,5650000,4889
12,1120,56000000,56000100,4121,10301,56050000,48544
12,1121,56050000,56050100,4121,10301,56100000,48586
12,1122,56100000,56100100,4121,10301,56150000,48628
12,1123,56150000,56150100,4121,10301,56200000,48673
12,1124,56200000,56200100,4121,10301,56250000,48718
12,1125,56250000,56250100,4121,10301,56300000,48759
12,1126,56300000,56300100,4121,10301,56350000,48804
12,1127,56350000,56350100,4121,10301,56400000,48847
12,1128,56400000,56400100,4121,10301,56450000,48888
12,1129,56450000,56450100,4121,10301,56500000,48934
12,113,5650000,5650100,4121,10301,5700000,4932
12,1130,56500000,56500100,4121,10301,56550000,48976
12,1131,56550000,56550100,4121,10301,56600000,49021
12,1132,56600000,56600100,4121,10301,56650000,49063
12,1133,56650000,56650100,4121,10301,56700000,49107
12,1134,56700000,56700100,4121,10301,56750000,49148
12,1135,56750000,56750100,4121,10301,56800000,49192
12,1136,56800000,56800100,4121,10301,56850000,49237
12,1137,56850000,56850100,4121,10301,56900000,49279
12,1138,56900000,56900100,4121,10301,56950000,49323
12,1139,56950000,56950100,4121,10301,57000000,49367
12,114,5700000,5700100,4121,10301,5750000,4974
12,1140,57000000,57000100,4121,10301,57050000,49410
12,1141,57050000,57050100,4121,10301,57100000,49453
12,1142,57100000,57100100,4121,10301,57150000,49496
12,1143,57150000,57150100,4121,10301,57200000,49539
12,1144,57200000,57200100,4121,10301,57250000,49582
12,1145,57250000,57250100,4121,10301,57300000,49627
12,1146,57300000,57300100,4121,10301,57350000,49667
12,1147,57350000,57350100,4121,10301,57400000,49714
12,1148,57400000,57400100,4121,10301,57450000,49757
12,1149,57450000,57450100,4121,10301,57500000,49798
12,115,5750000,5750100,4121,10301,5800000,5019
12,1150,57500000,57500100,4121,10301,57550000,49843
12,1151,57550000,57550100,4121,10301,57600000,49886
12,1152,57600000,57600100,4121,10301,57650000,49929
12,1153,57650000,57650100,4121,10301,57700000,49973
12,1154,57700000,57700100,4121,10301,57750000,50016
12,1155,57750000,57750100,4121,10301,57800000,50059
12,1156,57800000,57800100,4121,10301,57850000,50102
12,1157,57850000,57850100,4121,10301,57900000,50146
12,1158,57900000,57900100,4121,10301,57950000,50187
12,1159,57950000,57950100,4121,10301,58000000,50233
12,116,5800000,5800100,4121,10301,5850000,5064
12,1160,58000000,58000100,4121,10301,58050000,50276
12,1161,58050000,58050100,4121,10301,58100000,50320
12,1162,58100000,58100100,4121,10301,58150000,50362
12,1163,58150000,58150100,4121,10301,58200000,50406
12,1164,58200000,58200100,4121,10301,58250000,50449
12,1165,58250000,58250100,4121,10301,58300000,50491
12,1166,58300000,58300100,4121,10301,58350000,50536
12,1167,58350000,58350100,4121,10301,58400000,50578
12,1168,58400000,58400100,4121,10301,58450000,50623
12,1169,58450000,58450100,4121,10301,58500000,50666
12,117,5850000,5850100,4121,10301,5900000,5105
12,1170,58500000,58500100,4121,10301,58550000,50706
12,1171,58550000,58550100,4121,10301,58600000,50753
12,1172,58600000,58600100,4121,10301,58650000,50796
12,1173,58650000,58650100,4121,10301,58700000,50839
12,1174,58700000,58700100,4121,10301,58750000,50882
12,1175,58750000,58750100,4121,10301,58800000,50927
12,1176,58800000,58800100,4121,10301,58850000,50967
12,1177,58850000,58850100,4121,10301,58900000,51011
12,1178,58900000,58900100,4121,10301,58950000,51055
12,1179,58950000,58950100,4121,10301,59000000,51098
12,118,5900000,5900100,4121,10301,5950000,5150
12,1180,59000000,59000100,4121,10301,59050000,51143
12,1181,59050000,59050100,4121,10301,59100000,51185
12,1182,59100000,59100100,4121,10301,59150000,51228
12,1183,59150000,59150100,4121,10301,59200000,51272
12,1184,59200000,59200100,4121,10301,59250000,51315
12,1185,59250000,59250100,4121,10301,59300000,51359
12,1186,59300000,59300100,4121,10301,59350000,51401
12,1187,59350000,59350100,4121,10301,59400000,51446
12,1188,59400000,59400100,4121,10301,59450000,51487
12,1189,59450000,59450100,4121,10301,59500000,51532
12,119,5950000,5950100,4121,10301,6000000,5193
12,1190,59500000,59500100,4121,10301,59550000,51575
12,1191,59550000,59550100,4121,10301,59600000,51617
12,1192,59600000,59600100,4121,10301,59650000,51662
12,1193,59650000,59650100,4121,10301,59700000,51705
12,1194,59700000,59700100,4121,10301,59750000,51747
12,1195,59750000,59750100,4121,10301,59800000,51792
12,1196,59800000,59800100,4121,10301,59850000,51837
12,1197,59850000,59850100,4121,10301,59900000,51878
12,1198,59900000,59900100,4121,10301,59950000,51920
12,1199,59950000,59950100,4121,10301,60000000,51965
12,12,600000,600100,4121,10301,650000,557
12,120,6000000,6000100,4121,10301,6050000,5233
12,1200,60000000,60000100,4121,10301,60050000,52006
12,1201,60050000,60050100,4121,10301,60100000,52052
12,1202,60100000,60100100,4121,10301,60150000,52094
12,1203,60150000,60150100,4121,10301,60200000,52139
12,1204,60200000,60200100,4121,10301,60250000,52182
12,1205,60250000,60250100,4121,10301,60300000,52224
12,1206,60300000,60300100,4121,10301,60350000,52267
12,1207,60350000,60350100,4121,10301,60400000,52311
12,1208,60400000,60400100,4121,10301,60450000,52356
12,1209,60450000,60450100,4121,10301,60500000,52397
12,121,6050000,6050100,4121,10301,6100000,5279
12,1210,60500000,60500100,4121,10301,60550000,52441
12,1211,60550000,60550100,4121,10301,60600000,52485
12,1212,60600000,60600100,4121,10301,60650000,52526
12,1213,60650000,60650100,4121,10301,60700000,52571
12,1214,60700000,60700100,4121,10301,60750000,52614
12,1215,60750000,60750100,4121,10301,60800000,52658
12,1216,60800000,60800100,4121,10301,60850000,52701
12,1217,60850000,60850100,4121,10301,60900000,52746
12,1218,60900000,60900100,4121,10301,60950000,52786
12,1219,60950000,60950100,4121,10301,61000000,52831
12,122,6100000,6100100,4121,10301,6150000,5321
12,1220,61000000,61000100,4121,10301,61050000,52875
12,1221,61050000,61050100,4121,10301,61100000,52916
12,1222,61100000,61100100,4121,10301,61150000,52961
12,1223,61150000,61150100,4121,10301,61200000,53004
12,1224,61200000,61200100,4121,10301,61250000,53047
12,1225,61250000,61250100,4121,10301,61300000,53091
12,1226,61300000,61300100,4121,10301,61350000,53133
12,1227,61350000,61350100,4121,10301,61400000,53178
12,1228,61400000,61400100,4121,10301,61450000,53221
12,1229,61450000,61450100,4121,10301,61500000,53265
12,123,6150000,6150100,4121,10301,6200000,5366
12,1230,61500000,61500100,4121,10301,61550000,53306
12,1231,61550000,61550100,4121,10301,61600000,53351
12,1232,61600000,61600100,4121,10301,61650000,53394
12,1233,61650000,61650100,4121,10301,61700000,53436
12,1234,61700000,61700100,4121,10301,61750000,53480
12,1235,61750000,61750100,4121,10301,61800000,53524
12,1236,61800000,61800100,4121,10301,61850000,53567
12,1237,61850000,61850100,4121,10301,61900000,53610
12,1238,61900000,61900100,4121,10301,61950000,53655
12,1239,61950000,61950100,4121,10301,62000000,53697
12,124,6200000,6200100,4121,10301,6250000,5409
12,1240,62000000,62000100,4121,10301,62050000,53740
12,1241,62050000,62050100,4121,10301,62100000,53785
12,1242,62100000,62100100,4121,10301,62150000,53824
12,1243,62150000,62150100,4121,10301,62200000,53871
12,1244,62200000,62200100,4121,10301,62250000,53914
12,1245,62250000,62250100,4121,10301,62300000,53957
12,1246,62300000,62300100,4121,10301,62350000,54000
12,1247,62350000,62350100,4121,10301,62400000,54043
12,1248,62400000,62400100,4121,10301,62450000,54086
12,1249,62450000,62450100,4121,10301,62500000,54130
12,125,6250000,6250100,4121,10301,6300000,5453
12,1250,62500000,62500100,4121,10301,62550000,54174
12,1251,62550000,62550100,4121,10301,62600000,54217
12,1252,62600000,62600100,4121,10301,62650000,54262
12,1253,62650000,62650100,4121,10301,62700000,54303
12,1254,62700000,62700100,4121,10301,62750000,54344
12,1255,62750000,62750100,4121,10301,62800000,54390
12,1256,62800000,62800100,4121,10301,62850000,54433
12,1257,62850000,62850100,4121,10301,62900000,54477
12,1258,62900000,62900100,4121,10301,62950000,54519
12,1259,62950000,62950100,4121,10301,63000000,54565
12,126,6300000,6300100,4121,10301,6350000,5494
12,1260,63000000,63000100,4121,10301,63050000,54606
12,1261,63050000,63050100,4121,10301,63100000,54649
12,1262,63100000,63100100,4121,10301,63150000,54694
12,1263,63150000,63150100,4121,10301,63200000,54736
12,1264,63200000,63200100,4121,10301,63250000,54780
12,1265,63250000,63250100,4121,10301,63300000,54823
12,1266,63300000,63300100,4121,10301,63350000,54865
12,1267,63350000,63350100,4121,10301,63400000,54910
12,1268,63400000,63400100,4121,10301,63450000,54953
12,1269,63450000,63450100,4121,10301,63500000,54996
12,127,6350000,6350100,4121,10301,6400000,5538
12,1270,63500000,63500100,4121,10301,63550000,55039
12,1271,63550000,63550100,4121,10301,63600000,55084
12,1272,63600000,63600100,4121,10301,63650000,55125
12,1273,63650000,63650100,4121,10301,63700000,55171
12,1274,63700000,63700100,4121,10301,63750000,55213
12,1275,63750000,63750100,4121,10301,63800000,55255
12,1276,63800000,63800100,4121,10301,63850000,55300
12,1277,63850000,63850100,4121,10301,63900000,55342
12,1278,63900000,63900100,4121,10301,63950000,55385
12,1279,63950000,63950100,4121,10301,64000000,55429
12,128,6400000,6400100,4121,10301,6450000,5583
12,1280,64000000,64000100,4121,10301,64050000,55474
12,1281,64050000,64050100,4121,10301,64100000,55516
12,1282,64100000,64100100,4121,10301,64150000,55558
12,1283,64150000,64150100,4121,10301,64200000,55604
12,1284,64200000,64200100,4121,10301,64250000,55645
12,1285,64250000,64250100,4121,10301,64300000,55690
12,1286,64300000,64300100,4121,10301,64350000,55732
12,1287,64350000,64350100,4121,10301,64400000,55776
12,1288,64400000,64400100,4121,10301,64450000,55819
12,1289,64450000,64450100,4121,10301,64500000,55862
12,129,6450000,6450100,4121,10301,6500000,5625
12,1290,64500000,64500100,4121,10301,64550000,55904
12,1291,64550000,64550100,4121,10301,64600000,55949
12,1292,64600000,64600100,4121,10301,64650000,55994
12,1293,64650000,64650100,4121,10301,64700000,56035
12,1294,64700000,64700100,4121,10301,64750000,56080
12,1295,64750000,64750100,4121,10301,64800000,56123
12,1296,64800000,64800100,4121,10301,64850000,56164
12,1297,64850000,64850100,4121,10301,64900000,56209
12,1298,64900000,64900100,4121,10301,64950000,56251
12,1299,64950000,64950100,4121,10301,65000000,56296
12,13,650000,650100,4121,10301,700000,602
12,130,6500000,6500100,4121,10301,6550000,5669
12,1300,65000000,65000100,4121,10301,65050000,56339
12,1301,65050000,65050100,4121,10301,65100000,56383
12,1302,65100000,65100100,4121,10301,65150000,56424
12,1303,65150000,65150100,4121,10301,65200000,56468
12,1304,65200000,65200100,4121,10301,65250000,56513
12,1305,65250000,65250100,4121,10301,65300000,56555
12,1306,65300000,65300100,4121,10301,65350000,56599
12,1307,65350000,65350100,4121,10301,65400000,56643
12,1308,65400000,65400100,4121,10301,65450000,56685
12,1309,65450000,65450100,4121,10301,65500000,56728
12,131,6550000,6550100,4121,10301,6600000,5712
12,1310,65500000,65500100,4121,10301,65550000,56771
12,1311,65550000,65550100,4121,10301,65600000,56815
12,1312,65600000,65600100,4121,10301,65650000,56858
12,1313,65650000,65650100,4121,10301,65700000,56903
12,1314,65700000,65700100,4121,10301,65750000,56943
12,1315,65750000,65750100,4121,10301,65800000,56990
12,1316,65800000,65800100,4121,10301,65850000,57033
12,1317,65850000,65850100,4121,10301,65900000,57074
12,1318,65900000,65900100,4121,10301,65950000,57119
12,1319,65950000,65950100,4121,10301,66000000,57161
12,132,6600000,6600100,4121,10301,6650000,5755
12,1320,66000000,66000100,4121,10301,66050000,57204
12,1321,66050000,66050100,4121,10301,66100000,57248
12,1322,66100000,66100100,4121,10301,66150000,57292
12,1323,66150000,66150100,4121,10301,66200000,57335
12,1324,66200000,66200100,4121,10301,66250000,57378
12,1325,66250000,66250100,4121,10301,66300000,57422
12,1326,66300000,66300100,4121,10301,66350000,57463
12,1327,66350000,66350100,4121,10301,66400000,57509
12,1328,66400000,66400100,4121,10301,66450000,57552
12,1329,66450000,66450100,4121,10301,66500000,57596
12,133,6650000,6650100,4121,10301,6700000,5798
12,1330,66500000,66500100,4121,10301,66550000,57637
12,1331,66550000,66550100,4121,10301,66600000,57681
12,1332,66600000,66600100,4121,10301,66650000,57724
12,1333,66650000,66650100,4121,10301,66700000,57767
12,1334,66700000,66700100,4121,10301,66750000,57812
12,1335,66750000,66750100,4121,10301,66800000,57854
12,1336,66800000,66800100,4121,10301,66850000,57899
12,1337,66850000,66850100,4121,10301,66900000,57942
12,1338,66900000,66900100,4121,10301,66950000,57982
12,1339,66950000,66950100,4121,10301,67000000,58029
12,134,6700000,6700100,4121,10301,6750000,5841
12,1340,67000000,67000100,4121,10301,67050000,58072
12,1341,67050000,67050100,4121,10301,67100000,58114
12,1342,67100000,67100100,4121,10301,67150000,58157
12,1343,67150000,67150100,4121,10301,67200000,58202
12,1344,67200000,67200100,4121,10301,67250000,58243
12,1345,67250000,67250100,4121,10301,67300000,58287
12,1346,67300000,67300100,4121,10301,67350000,58331
12,1347,67350000,67350100,4121,10301,67400000,58374
12,1348,67400000,67400100,4121,10301,67450000,58419
12,1349,67450000,67450100,4121,10301,67500000,58461
12,135,6750000,6750100,4121,10301,6800000,5885
12,1350,67500000,67500100,4121,10301,67550000,58504
12,1351,67550000,67550100,4121,10301,67600000,58548
12,1352,67600000,67600100,4121,10301,67650000,58590
12,1353,67650000,67650100,4121,10301,67700000,58634
12,1354,67700000,67700100,4121,10301,67750000,58676
12,1355,67750000,67750100,4121,10301,67800000,58722
12,1356,67800000,67800100,4121,10301,67850000,58763
12,1357,67850000,67850100,4121,10301,67900000,58808
12,1358,67900000,67900100,4121,10301,67950000,58851
12,1359,67950000,67950100,4121,10301,68000000,58893
12,136,6800000,6800100,4121,10301,6850000,5928
12,1360,68000000,68000100,4121,10301,68050000,58938
12,1361,68050000,68050100,4121,10301,68100000,58981
12,1362,68100000,68100100,4121,10301,68150000,59023
12,1363,68150000,68150100,4121,10301,68200000,59067
12,1364,68200000,68200100,4121,10301,68250000,59112
12,1365,68250000,68250100,4121,10301,68300000,59153
12,1366,68300000,68300100,4121,10301,68350000,59196
12,1367,68350000,68350100,4121,10301,68400000,59241
12,1368,68400000,68400100,4121,10301,68450000,59282
12,1369,68450000,68450100,4121,10301,68500000,59328
12,137,6850000,6850100,4121,10301,6900000,5973
12,1370,68500000,68500100,4121,10301,68550000,59370
12,1371,68550000,68550100,4121,10301,68600000,59415
12,1372,68600000,68600100,4121,10301,68650000,59458
12,1373,68650000,68650100,4121,10301,68700000,59500
12,1374,68700000,68700100,4121,10301,68750000,59542
12,1375,68750000,68750100,4121,10301,68800000,59586
12,1376,68800000,68800100,4121,10301,68850000,59631
12,1377,68850000,68850100,4121,10301,68900000,59673
12,1378,68900000,68900100,4121,10301,68950000,59717
12,1379,68950000,68950100,4121,10301,69000000,59761
12,138,6900000,6900100,4121,10301,6950000,6013
12,1380,69000000,69000100,4121,10301,69050000,59802
12,1381,69050000,69050100,4121,10301,69100000,59847
12,1382,69100000,69100100,4121,10301,69150000,59890
12,1383,69150000,69150100,4121,10301,69200000,59934
12,1384,69200000,69200100,4121,10301,69250000,59977
12,1385,69250000,69250100,4121,10301,69300000,60021
12,1386,69300000,69300100,4121,10301,69350000,60061
12,1387,69350000,69350100,4121,10301,69400000,60106
12,1388,69400000,69400100,4121,10301,69450000,60151
12,1389,69450000,69450100,4121,10301,69500000,60192
12,139,6950000,6950100,4121,10301,7000000,6060
12,1390,69500000,69500100,4121,10301,69550000,60237
12,1391,69550000,69550100,4121,10301,69600000,60280
12,1392,69600000,69600100,4121,10301,69650000,60323
12,1393,69650000,69650100,4121,10301,69700000,60367
12,1394,69700000,69700100,4121,10301,69750000,60409
12,1395,69750000,69750100,4121,10301,69800000,60454
12,1396,69800000,69800100,4121,10301,69850000,60496
12,1397,69850000,69850100,4121,10301,69900000,60540
12,1398,69900000,69900100,4121,10301,69950000,60581
12,1399,69950000,69950100,4121,10301,70000000,60627
12,14,700000,700100,4121,10301,750000,645
12,140,7000000,7000100,4121,10301,7050000,6103
12,1400,70000000,70000100,4121,10301,70050000,60670
12,1401,70050000,70050100,4121,10301,70100000,60712
12,1402,70100000,70100100,4121,10301,70150000,60756
12,1403,70150000,70150100,4121,10301,70200000,60800
12,1404,70200000,70200100,4121,10301,70250000,60843
12,1405,70250000,70250100,4121,10301,70300000,60886
12,1406,70300000,70300100,4121,10301,70350000,60931
12,1407,70350000,70350100,4121,10301,70400000,60972
12,1408,70400000,70400100,4121,10301,70450000,61015
12,1409,70450000,70450100,4121,10301,70500000,61060
12,141,7050000,7050100,4121,10301,7100000,6144
12,1410,70500000,70500100,4121,10301,70550000,61100
12,1411,70550000,70550100,4121,10301,70600000,61147
12,1412,70600000,70600100,4121,10301,70650000,61190
12,1413,70650000,70650100,4121,10301,70700000,61233
12,1414,70700000,70700100,4121,10301,70750000,61276
12,1415,70750000,70750100,4121,10301,70800000,61319
12,1416,70800000,70800100,4121,10301,70850000,61362
12,1417,70850000,70850100,4121,10301,70900000,61406
12,1418,70900000,70900100,4121,10301,70950000,61449
12,1419,70950000,70950100,4121,10301,71000000,61492
12,142,7100000,7100100,4121,10301,7150000,6188
12,1420,71000000,71000100,4121,10301,71050000,61537
12,1421,71050000,71050100,4121,10301,71100000,61579
12,1422,71100000,71100100,4121,10301,71150000,61620
12,1423,71150000,71150100,4121,10301,71200000,61666
12,1424,71200000,71200100,4121,10301,71250000,61709
12,1425,71250000,71250100,4121,10301,71300000,61753
12,1426,71300000,71300100,4121,10301,71350000,61795
12,1427,71350000,71350100,4121,10301,71400000,61841
12,1428,71400000,71400100,4121,10301,71450000,61882
12,1429,71450000,71450100,4121,10301,71500000,61924
12,143,7150000,7150100,4121,10301,7200000,6231
12,1430,71500000,71500100,4121,10301,71550000,61969
12,1431,71550000,71550100,4121,10301,71600000,62011
12,1432,71600000,71600100,4121,10301,71650000,62056
12,1433,71650000,71650100,4121,10301,71700000,62099
12,1434,71700000,71700100,4121,10301,71750000,62141
12,1435,71750000,71750100,4121,10301,71800000,62186
12,1436,71800000,71800100,4121,10301,71850000,62229
12,1437,71850000,71850100,4121,10301,71900000,62272
12,1438,71900000,71900100,4121,10301,71950000,62315
12,1439,71950000,71950100,4121,10301,72000000,62360
12,144,7200000,7200100,4121,10301,7250000,6274
12,1440,72000000,72000100,4121,10301,72050000,62400
12,1441,72050000,72050100,4121,10301,72100000,62446
12,1442,72100000,72100100,4121,10301,72150000,62488
12,1443,72150000,72150100,4121,10301,72200000,62531
12,1444,72200000,72200100,4121,10301,72250000,62576
12,1445,72250000,72250100,4121,10301,72300000,62618
12,1446,72300000,72300100,4121,10301,72350000,62661
12,1447,72350000,72350100,4121,10301,72400000,62705
12,1448,72400000,72400100,4121,10301,72450000,62750
12,1449,72450000,72450100,4121,10301,72500000,62792
12,145,7250000,7250100,4121,10301,7300000,6318
12,1450,72500000,72500100,4121,10301,72550000,62834
12,1451,72550000,72550100,4121,10301,72600000,62879
12,1452,72600000,72600100,4121,10301,72650000,62920
12,1453,72650000,72650100,4121,10301,72700000,62965
12,1454,72700000,72700100,4121,10301,72750000,63008
12,1455,72750000,72750100,4121,10301,72800000,63052
12,1456,72800000,72800100,4121,10301,72850000,63095
12,1457,72850000,72850100,4121,10301,72900000,63138
12,1458,72900000,72900100,4121,10301,72950000,63180
12,1459,72950000,72950100,4121,10301,73000000,63225
12,146,7300000,7300100,4121,10301,7350000,6362
12,1460,73000000,73000100,4121,10301,73050000,63270
12,1461,73050000,73050100,4121,10301,73100000,63311
12,1462,73100000,73100100,4121,10301,73150000,63355
12,1463,73150000,73150100,4121,10301,73200000,63398
12,1464,73200000,73200100,4121,10301,73250000,63439
12,1465,73250000,73250100,4121,10301,73300000,63485
12,1466,73300000,73300100,4121,10301,73350000,63527
12,1467,73350000,73350100,4121,10301,73400000,63572
12,1468,73400000,73400100,4121,10301,73450000,63615
12,1469,73450000,73450100,4121,10301,73500000,63659
12,147,7350000,7350100,4121,10301,7400000,6405
12,1470,73500000,73500100,4121,10301,73550000,63700
12,1471,73550000,73550100,4121,10301,73600000,63744
12,1472,73600000,73600100,4121,10301,73650000,63789
12,1473,73650000,73650100,4121,10301,73700000,63830
12,1474,73700000,73700100,4121,10301,73750000,63874
12,1475,73750000,73750100,4121,10301,73800000,63918
12,1476,73800000,73800100,4121,10301,73850000,63961
12,1477,73850000,73850100,4121,10301,73900000,64004
12,1478,73900000,73900100,4121,10301,73950000,64047
12,1479,73950000,73950100,4121,10301,74000000,64091
12,148,7400000,7400100,4121,10301,7450000,6448
12,1480,74000000,74000100,4121,10301,74050000,64134
12,1481,74050000,74050100,4121,10301,74100000,64179
12,1482,74100000,74100100,4121,10301,74150000,64219
12,1483,74150000,74150100,4121,10301,74200000,64266
12,1484,74200000,74200100,4121,10301,74250000,64308
12,1485,74250000,74250100,4121,10301,74300000,64349
12,1486,74300000,74300100,4121,10301,74350000,64394
12,1487,74350000,74350100,4121,10301,74400000,64437
12,1488,74400000,74400100,4121,10301,74450000,64480
12,1489,74450000,74450100,4121,10301,74500000,64524
12,149,7450000,7450100,4121,10301,7500000,6492
12,1490,74500000,74500100,4121,10301,74550000,64568
12,1491,74550000,74550100,4121,10301,74600000,64611
12,1492,74600000,74600100,4121,10301,74650000,64654
12,1493,74650000,74650100,4121,10301,74700000,64698
12,1494,74700000,74700100,4121,10301,74750000,64739
12,1495,74750000,74750100,4121,10301,74800000,64784
12,1496,74800000,74800100,4121,10301,74850000,64827
12,1497,74850000,74850100,4121,10301,74900000,64871
12,1498,74900000,74900100,4121,10301,74950000,64913
12,1499,74950000,74950100,4121,10301,75000000,64957
12,15,750000,750100,4121,10301,800000,687
12,150,7500000,7500100,4121,10301,7550000,6533
12,1500,75000000,75000100,4121,10301,75050000,65000
12,1501,75050000,75050100,4121,10301,75100000,65043
12,1502,75100000,75100100,4121,10301,75150000,65088
12,1503,75150000,75150100,4121,10301,75200000,65130
12,1504,75200000,75200100,4121,10301,75250000,65175
12,1505,75250000,75250100,4121,10301,75300000,65218
12,1506,75300000,75300100,4121,10301,75350000,65257
12,1507,75350000,75350100,4121,10301,75400000,65304
12,1508,75400000,75400100,4121,10301,75450000,65347
12,1509,75450000,75450100,4121,10301,75500000,65390
12,151,7550000,7550100,4121,10301,7600000,6579
12,1510,75500000,75500100,4121,10301,75550000,65433
12,1511,75550000,75550100,4121,10301,75600000,65478
12,1512,75600000,75600100,4121,10301,75650000,65519
12,1513,75650000,75650100,4121,10301,75700000,65563
12,1514,75700000,75700100,4121,10301,75750000,65607
12,1515,75750000,75750100,4121,10301,75800000,65650
12,1516,75800000,75800100,4121,10301,75850000,65695
12,1517,75850000,75850100,4121,10301,75900000,65736
12,1518,75900000,75900100,4121,10301,75950000,65779
12,1519,75950000,75950100,4121,10301,76000000,65823
12,152,7600000,7600100,4121,10301,7650000,6622
12,1520,76000000,76000100,4121,10301,76050000,65866
12,1521,76050000,76050100,4121,10301,76100000,65910
12,1522,76100000,76100100,4121,10301,76150000,65952
12,1523,76150000,76150100,4121,10301,76200000,65998
12,1524,76200000,76200100,4121,10301,76250000,66039
12,1525,76250000,76250100,4121,10301,76300000,66084
12,1526,76300000,76300100,4121,10301,76350000,66127
12,1527,76350000,76350100,4121,10301,76400000,66169
12,1528,76400000,76400100,4121,10301,76450000,66213
12,1529,76450000,76450100,4121,10301,76500000,66256
12,153,7650000,7650100,4121,10301,7700000,6665
12,1530,76500000,76500100,4121,10301,76550000,66298
12,1531,76550000,76550100,4121,10301,76600000,66343
12,1532,76600000,76600100,4121,10301,76650000,66388
12,1533,76650000,76650100,4121,10301,76700000,66429
12,1534,76700000,76700100,4121,10301,76750000,66472
12,1535,76750000,76750100,4121,10301,76800000,66517
12,1536,76800000,76800100,4121,10301,76850000,66558
12,1537,76850000,76850100,4121,10301,76900000,66604
12,1538,76900000,76900100,4121,10301,76950000,66646
12,1539,76950000,76950100,4121,10301,77000000,66690
12,154,7700000,7700100,4121,10301,7750000,6707
12,1540,77000000,77000100,4121,10301,77050000,66733
12,1541,77050000,77050100,4121,10301,77100000,66775
12,1542,77100000,77100100,4121,10301,77150000,66818
12,1543,77150000,77150100,4121,10301,77200000,66862
12,1544,77200000,77200100,4121,10301,77250000,66907
12,1545,77250000,77250100,4121,10301,77300000,66949
12,1546,77300000,77300100,4121,10301,77350000,66993
12,1547,77350000,77350100,4121,10301,77400000,67037
12,1548,77400000,77400100,4121,10301,77450000,67078
12,1549,77450000,77450100,4121,10301,77500000,67123
12,155,7750000,7750100,4121,10301,7800000,6751
12,1550,77500000,77500100,4121,10301,77550000,67165
12,1551,77550000,77550100,4121,10301,77600000,67209
12,1552,77600000,77600100,4121,10301,77650000,67252
12,1553,77650000,77650100,4121,10301,77700000,67297
12,1554,77700000,77700100,4121,10301,77750000,67337
12,1555,77750000,77750100,4121,10301,77800000,67382
12,1556,77800000,77800100,4121,10301,77850000,67427
12,1557,77850000,77850100,4121,10301,77900000,67468
12,1558,77900000,77900100,4121,10301,77950000,67513
12,1559,77950000,77950100,4121,10301,78000000,67556
12,156,7800000,7800100,4121,10301,7850000,6794
12,1560,78000000,78000100,4121,10301,78050000,67599
12,1561,78050000,78050100,4121,10301,78100000,67642
12,1562,78100000,78100100,4121,10301,78150000,67684
12,1563,78150000,78150100,4121,10301,78200000,67729
12,1564,78200000,78200100,4121,10301,78250000,67772
12,1565,78250000,78250100,4121,10301,78300000,67816
12,1566,78300000,78300100,4121,10301,78350000,67857
12,1567,78350000,78350100,4121,10301,78400000,67903
12,1568,78400000,78400100,4121,10301,78450000,67946
12,1569,78450000,78450100,4121,10301,78500000,67988
12,157,7850000,7850100,4121,10301,7900000,6837
12,1570,78500000,78500100,4121,10301,78550000,68032
12,1571,78550000,78550100,4121,10301,78600000,68076
12,1572,78600000,78600100,4121,10301,78650000,68118
12,1573,78650000,78650100,4121,10301,78700000,68161
12,1574,78700000,78700100,4121,10301,78750000,68206
12,1575,78750000,78750100,4121,10301,78800000,68248
12,1576,78800000,78800100,4121,10301,78850000,68291
12,1577,78850000,78850100,4121,10301,78900000,68336
12,1578,78900000,78900100,4121,10301,78950000,68376
12,1579,78950000,78950100,4121,10301,79000000,68423
12,158,7900000,7900100,4121,10301,7950000,6882
12,1580,79000000,79000100,4121,10301,79050000,68466
12,1581,79050000,79050100,4121,10301,79100000,68509
12,1582,79100000,79100100,4121,10301,79150000,68552
12,1583,79150000,79150100,4121,10301,79200000,68594
12,1584,79200000,79200100,4121,10301,79250000,68637
12,1585,79250000,79250100,4121,10301,79300000,68681
12,1586,79300000,79300100,4121,10301,79350000,68725
12,1587,79350000,79350100,4121,10301,79400000,68768
12,1588,79400000,79400100,4121,10301,79450000,68813
12,1589,79450000,79450100,4121,10301,79500000,68855
12,159,7950000,7950100,4121,10301,8000000,6924
12,1590,79500000,79500100,4121,10301,79550000,68896
12,1591,79550000,79550100,4121,10301,79600000,68942
12,1592,79600000,79600100,4121,10301,79650000,68985
12,1593,79650000,79650100,4121,10301,79700000,69029
12,1594,79700000,79700100,4121,10301,79750000,69070
12,1595,79750000,79750100,4121,10301,79800000,69116
12,1596,79800000,79800100,4121,10301,79850000,69157
12,1597,79850000,79850100,4121,10301,79900000,69200
12,1598,79900000,79900100,4121,10301,79950000,69245
12,1599,79950000,79950100,4121,10301,80000000,69287
12,16,800000,800100,4121,10301,850000,732
12,160,8000000,8000100,4121,10301,8050000,6969
12,1600,80000000,80000100,4121,10301,80050000,69332
12,1601,80050000,80050100,4121,10301,80100000,69375
12,1602,80100000,80100100,4121,10301,80150000,69417
12,1603,80150000,80150100,4121,10301,80200000,69462
12,1604,80200000,80200100,4121,10301,80250000,69505
12,1605,80250000,80250100,4121,10301,80300000,69547
12,1606,80300000,80300100,4121,10301,80350000,69590
12,1607,80350000,80350100,4121,10301,80400000,69635
12,1608,80400000,80400100,4121,10301,80450000,69676
12,1609,80450000,80450100,4121,10301,80500000,69722
12,161,8050000,8050100,4121,10301,8100000,7012
12,1610,80500000,80500100,4121,10301,80550000,69764
12,1611,80550000,80550100,4121,10301,80600000,69807
12,1612,80600000,80600100,4121,10301,80650000,69852
12,1613,80650000,80650100,4121,10301,80700000,69894
12,1614,80700000,80700100,4121,10301,80750000,69937
12,1615,80750000,80750100,4121,10301,80800000,69981
12,1616,80800000,80800100,4121,10301,80850000,70025
12,1617,80850000,80850100,4121,10301,80900000,70067
12,1618,80900000,80900100,4121,10301,80950000,70109
12,1619,80950000,80950100,4121,10301,81000000,70155
12,162,8100000,8100100,4121,10301,8150000,7052
12,1620,81000000,81000100,4121,10301,81050000,70196
12,1621,81050000,81050100,4121,10301,81100000,70241
12,1622,81100000,81100100,4121,10301,81150000,70284
12,1623,81150000,81150100,4121,10301,81200000,70328
12,1624,81200000,81200100,4121,10301,81250000,70371
12,1625,81250000,81250100,4121,10301,81300000,70414
12,1626,81300000,81300100,4121,10301,81350000,70456
12,1627,81350000,81350100,4121,10301,81400000,70500
12,1628,81400000,81400100,4121,10301,81450000,70545
12,1629,81450000,81450100,4121,10301,81500000,70586
12,163,8150000,8150100,4121,10301,8200000,7099
12,1630,81500000,81500100,4121,10301,81550000,70631
12,1631,81550000,81550100,4121,10301,81600000,70674
12,1632,81600000,81600100,4121,10301,81650000,70715
12,1633,81650000,81650100,4121,10301,81700000,70761
12,1634,81700000,81700100,4121,10301,81750000,70803
12,1635,81750000,81750100,4121,10301,81800000,70848
12,1636,81800000,81800100,4121,10301,81850000,70891
12,1637,81850000,81850100,4121,10301,81900000,70935
12,1638,81900000,81900100,4121,10301,81950000,70975
12,1639,81950000,81950100,4121,10301,82000000,71019
12,164,8200000,8200100,4121,10301,8250000,7141
12,1640,82000000,82000100,4121,10301,82050000,71064
12,1641,82050000,82050100,4121,10301,82100000,71106
12,1642,82100000,82100100,4121,10301,82150000,71150
12,1643,82150000,82150100,4121,10301,82200000,71194
12,1644,82200000,82200100,4121,10301,82250000,71237
12,1645,82250000,82250100,4121,10301,82300000,71280
12,1646,82300000,82300100,4121,10301,82350000,71323
12,1647,82350000,82350100,4121,10301,82400000,71367
12,1648,82400000,82400100,4121,10301,82450000,71410
12,1649,82450000,82450100,4121,10301,82500000,71454
12,165,8250000,8250100,4121,10301,8300000,7184
12,1650,82500000,82500100,4121,10301,82550000,71494
12,1651,82550000,82550100,4121,10301,82600000,71541
12,1652,82600000,82600100,4121,10301,82650000,71584
12,1653,82650000,82650100,4121,10301,82700000,71625
12,1654,82700000,82700100,4121,10301,82750000,71670
12,1655,82750000,82750100,4121,10301,82800000,71713
12,1656,82800000,82800100,4121,10301,82850000,71756
12,1657,82850000,82850100,4121,10301,82900000,71800
12,1658,82900000,82900100,4121,10301,82950000,71844
12,1659,82950000,82950100,4121,10301,83000000,71887
12,166,8300000,8300100,4121,10301,8350000,7227
12,1660,83000000,83000100,4121,10301,83050000,71929
12,1661,83050000,83050100,4121,10301,83100000,71973
12,1662,83100000,83100100,4121,10301,83150000,72014
12,1663,83150000,83150100,4121,10301,83200000,72060
12,1664,83200000,83200100,4121,10301,83250000,72103
12,1665,83250000,83250100,4121,10301,83300000,72147
12,1666,83300000,83300100,4121,10301,83350000,72189
12,1667,83350000,83350100,4121,10301,83400000,72233
12,1668,83400000,83400100,4121,10301,83450000,72276
12,1669,83450000,83450100,4121,10301,83500000,72319
12,167,8350000,8350100,4121,10301,8400000,7272
12,1670,83500000,83500100,4121,10301,83550000,72364
12,1671,83550000,83550100,4121,10301,83600000,72405
12,1672,83600000,83600100,4121,10301,83650000,72450
12,1673,83650000,83650100,4121,10301,83700000,72493
12,1674,83700000,83700100,4121,10301,83750000,72533
12,1675,83750000,83750100,4121,10301,83800000,72580
12,1676,83800000,83800100,4121,10301,83850000,72623
12,1677,83850000,83850100,4121,10301,83900000,72666
12,1678,83900000,83900100,4121,10301,83950000,72709
12,1679,83950000,83950100,4121,10301,84000000,72754
12,168,8400000,8400100,4121,10301,8450000,7313
12,1680,84000000,84000100,4121,10301,84050000,72795
12,1681,84050000,84050100,4121,10301,84100000,72839
12,1682,84100000,84100100,4121,10301,84150000,72882
12,1683,84150000,84150100,4121,10301,84200000,72925
12,1684,84200000,84200100,4121,10301,84250000,72970
12,1685,84250000,84250100,4121,10301,84300000,73012
12,1686,84300000,84300100,4121,10301,84350000,73055
12,1687,84350000,84350100,4121,10301,84400000,73099
12,1688,84400000,84400100,4121,10301,84450000,73142
12,1689,84450000,84450100,4121,10301,84500000,73186
12,169,8450000,8450100,4121,10301,8500000,7357
12,1690,84500000,84500100,4121,10301,84550000,73228
12,1691,84550000,84550100,4121,10301,84600000,73274
12,1692,84600000,84600100,4121,10301,84650000,73315
12,1693,84650000,84650100,4121,10301,84700000,73359
12,1694,84700000,84700100,4121,10301,84750000,73402
12,1695,84750000,84750100,4121,10301,84800000,73444
12,1696,84800000,84800100,4121,10301,84850000,73489
12,1697,84850000,84850100,4121,10301,84900000,73532
12,1698,84900000,84900100,4121,10301,84950000,73574
12,1699,84950000,84950100,4121,10301,85000000,73619
12,17,850000,850100,4121,10301,900000,775
12,170,8500000,8500100,4121,10301,8550000,7401
12,1700,85000000,85000100,4121,10301,85050000,73664
12,1701,85050000,85050100,4121,10301,85100000,73705
12,1702,85100000,85100100,4121,10301,85150000,73748
12,1703,85150000,85150100,4121,10301,85200000,73793
12,1704,85200000,85200100,4121,10301,85250000,73833
12,1705,85250000,85250100,4121,10301,85300000,73879
12,1706,85300000,85300100,4121,10301,85350000,73921
12,1707,85350000,85350100,4121,10301,85400000,73966
12,1708,85400000,85400100,4121,10301,85450000,74009
12,1709,85450000,85450100,4121,10301,85500000,74051
12,171,8550000,8550100,4121,10301,8600000,7444
12,1710,85500000,85500100,4121,10301,85550000,74094
12,1711,85550000,85550100,4121,10301,85600000,74138
12,1712,85600000,85600100,4121,10301,85650000,74183
12,1713,85650000,85650100,4121,10301,85700000,74225
12,1714,85700000,85700100,4121,10301,85750000,74269
12,1715,85750000,85750100,4121,10301,85800000,74312
12,1716,85800000,85800100,4121,10301,85850000,74353
12,1717,85850000,85850100,4121,10301,85900000,74398
12,1718,85900000,85900100,4121,10301,85950000,74441
12,1719,85950000,85950100,4121,10301,86000000,74485
12,172,8600000,8600100,4121,10301,8650000,7489
12,1720,86000000,86000100,4121,10301,86050000,74528
12,1721,86050000,86050100,4121,10301,86100000,74573
12,1722,86100000,86100100,4121,10301,86150000,74613
12,1723,86150000,86150100,4121,10301,86200000,74658
12,1724,86200000,86200100,4121,10301,86250000,74703
12,1725,86250000,86250100,4121,10301,86300000,74744
12,1726,86300000,86300100,4121,10301,86350000,74788
12,1727,86350000,86350100,4121,10301,86400000,74831
12,1728,86400000,86400100,4121,10301,86450000,74874
12,1729,86450000,86450100,4121,10301,86500000,74918
12,173,8650000,8650100,4121,10301,8700000,7531
12,1730,86500000,86500100,4121,10301,86550000,74960
12,1731,86550000,86550100,4121,10301,86600000,75005
12,1732,86600000,86600100,4121,10301,86650000,75048
12,1733,86650000,86650100,4121,10301,86700000,75092
12,1734,86700000,86700100,4121,10301,86750000,75133
12,1735,86750000,86750100,4121,10301,86800000,75179
12,1736,86800000,86800100,4121,10301,86850000,75222
12,1737,86850000,86850100,4121,10301,86900000,75263
12,1738,86900000,86900100,4121,10301,86950000,75307
12,1739,86950000,86950100,4121,10301,87000000,75351
12,174,8700000,8700100,4121,10301,8750000,7574
12,1740,87000000,87000100,4121,10301,87050000,75394
12,1741,87050000,87050100,4121,10301,87100000,75437
12,1742,87100000,87100100,4121,10301,87150000,75482
12,1743,87150000,87150100,4121,10301,87200000,75524
12,1744,87200000,87200100,4121,10301,87250000,75567
12,1745,87250000,87250100,4121,10301,87300000,75612
12,1746,87300000,87300100,4121,10301,87350000,75652
12,1747,87350000,87350100,4121,10301,87400000,75699
12,1748,87400000,87400100,4121,10301,87450000,75741
12,1749,87450000,87450100,4121,10301,87500000,75784
12,175,8750000,8750100,4121,10301,8800000,7617
12,1750,87500000,87500100,4121,10301,87550000,75827
12,1751,87550000,87550100,4121,10301,87600000,75870
12,1752,87600000,87600100,4121,10301,87650000,75913
12,1753,87650000,87650100,4121,10301,87700000,75957
12,1754,87700000,87700100,4121,10301,87750000,76001
12,1755,87750000,87750100,4121,10301,87800000,76044
12,1756,87800000,87800100,4121,10301,87850000,76089
12,1757,87850000,87850100,4121,10301,87900000,76131
12,1758,87900000,87900100,4121,10301,87950000,76172
12,1759,87950000,87950100,4121,10301,88000000,76217
12,176,8800000,8800100,4121,10301,8850000,7660
12,1760,88000000,88000100,4121,10301,88050000,76260
12,1761,88050000,88050100,4121,10301,88100000,76304
12,1762,88100000,88100100,4121,10301,88150000,76346
12,1763,88150000,88150100,4121,10301,88200000,76392
12,1764,88200000,88200100,4121,10301,88250000,76433
12,1765,88250000,88250100,4121,10301,88300000,76476
12,1766,88300000,88300100,4121,10301,88350000,76521
12,1767,88350000,88350100,4121,10301,88400000,76563
12,1768,88400000,88400100,4121,10301,88450000,76608
12,1769,88450000,88450100,4121,10301,88500000,76651
12,177,8850000,8850100,4121,10301,8900000,7704
12,1770,88500000,88500100,4121,10301,88550000,76692
12,1771,88550000,88550100,4121,10301,88600000,76737
12,1772,88600000,88600100,4121,10301,88650000,76780
12,1773,88650000,88650100,4121,10301,88700000,76823
12,1774,88700000,88700100,4121,10301,88750000,76866
12,1775,88750000,88750100,4121,10301,88800000,76911
12,1776,88800000,88800100,4121,10301,88850000,76952
12,1777,88850000,88850100,4121,10301,88900000,76998
12,1778,88900000,88900100,4121,10301,88950000,77040
12,1779,88950000,88950100,4121,10301,89000000,77083
12,178,8900000,8900100,4121,10301,8950000,7746
12,1780,89000000,89000100,4121,10301,89050000,77128
12,1781,89050000,89050100,4121,10301,89100000,77169
12,1782,89100000,89100100,4121,10301,89150000,77212
12,1783,89150000,89150100,4121,10301,89200000,77256
12,1784,89200000,89200100,4121,10301,89250000,77301
12,1785,89250000,89250100,4121,10301,89300000,77343
12,1786,89300000,89300100,4121,10301,89350000,77385
12,1787,89350000,89350100,4121,10301,89400000,77431
12,1788,89400000,89400100,4121,10301,89450000,77472
12,1789,89450000,89450100,4121,10301,89500000,77517
12,179,8950000,8950100,4121,10301,9000000,7792
12,1790,89500000,89500100,4121,10301,89550000,77560
12,1791,89550000,89550100,4121,10301,89600000,77604
12,1792,89600000,89600100,4121,10301,89650000,77646
12,1793,89650000,89650100,4121,10301,89700000,77689
12,1794,89700000,89700100,4121,10301,89750000,77731
12,1795,89750000,89750100,4121,10301,89800000,77776
12,1796,89800000,89800100,4121,10301,89850000,77821
12,1797,89850000,89850100,4121,10301,89900000,77862
12,1798,89900000,89900100,4121,10301,89950000,77907
12,1799,89950000,89950100,4121,10301,90000000,77950
12,18,900000,900100,4121,10301,950000,817
12,180,9000000,9000100,4121,10301,9050000,7833
12,1800,90000000,90000100,4121,10301,90050000,77991
12,1801,90050000,90050100,4121,10301,90100000,78037
12,1802,90100000,90100100,4121,10301,90150000,78079
12,1803,90150000,90150100,4121,10301,90200000,78123
12,1804,90200000,90200100,4121,10301,90250000,78166
12,1805,90250000,90250100,4121,10301,90300000,78210
12,1806,90300000,90300100,4121,10301,90350000,78251
12,1807,90350000,90350100,4121,10301,90400000,78295
12,1808,90400000,90400100,4121,10301,90450000,78340
12,1809,90450000,90450100,4121,10301,90500000,78382
12,181,9050000,9050100,4121,10301,9100000,7878
12,1810,90500000,90500100,4121,10301,90550000,78426
12,1811,90550000,90550100,4121,10301,90600000,78470
12,1812,90600000,90600100,4121,10301,90650000,78513
12,1813,90650000,90650100,4121,10301,90700000,78556
12,1814,90700000,90700100,4121,10301,90750000,78598
12,1815,90750000,90750100,4121,10301,90800000,78642
12,1816,90800000,90800100,4121,10301,90850000,78685
12,1817,90850000,90850100,4121,10301,90900000,78730
12,1818,90900000,90900100,4121,10301,90950000,78770
12,1819,90950000,90950100,4121,10301,91000000,78817
12,182,9100000,9100100,4121,10301,9150000,7921
12,1820,91000000,91000100,4121,10301,91050000,78860
12,1821,91050000,91050100,4121,10301,91100000,78901
12,1822,91100000,91100100,4121,10301,91150000,78946
12,1823,91150000,91150100,4121,10301,91200000,78989
12,1824,91200000,91200100,4121,10301,91250000,79032
12,1825,91250000,91250100,4121,10301,91300000,79075
12,1826,91300000,91300100,4121,10301,91350000,79119
12,1827,91350000,91350100,4121,10301,91400000,79162
12,1828,91400000,91400100,4121,10301,91450000,79205
12,1829,91450000,91450100,4121,10301,91500000,79249
12,183,9150000,9150100,4121,10301,9200000,7963
12,1830,91500000,91500100,4121,10301,91550000,79290
12,1831,91550000,91550100,4121,10301,91600000,79336
12,1832,91600000,91600100,4121,10301,91650000,79379
12,1833,91650000,91650100,4121,10301,91700000,79423
12,1834,91700000,91700100,4121,10301,91750000,79465
12,1835,91750000,91750100,4121,10301,91800000,79509
12,1836,91800000,91800100,4121,10301,91850000,79551
12,1837,91850000,91850100,4121,10301,91900000,79594
12,1838,91900000,91900100,4121,10301,91950000,79639
12,1839,91950000,91950100,4121,10301,92000000,79681
12,184,9200000,9200100,4121,10301,9250000,8008
12,1840,92000000,92000100,4121,10301,92050000,79726
12,1841,92050000,92050100,4121,10301,92100000,79769
12,1842,92100000,92100100,4121,10301,92150000,79809
12,1843,92150000,92150100,4121,10301,92200000,79856
12,1844,92200000,92200100,4121,10301,92250000,79899
12,1845,92250000,92250100,4121,10301,92300000,79942
12,1846,92300000,92300100,4121,10301,92350000,79985
12,1847,92350000,92350100,4121,10301,92400000,80029
12,185,9250000,9250100,4121,10301,9300000,8051
12,186,9300000,9300100,4121,10301,9350000,8092
12,187,9350000,9350100,4121,10301,9400000,8137
12,188,9400000,9400100,4121,10301,9450000,8182
12,189,9450000,9450100,4121,10301,9500000,8223
12,19,950000,950100,4121,10301,1000000,862
12,190,9500000,9500100,4121,10301,9550000,8266
12,191,9550000,9550100,4121,10301,9600000,8311
12,192,9600000,9600100,4121,10301,9650000,8352
12,193,9650000,9650100,4121,10301,9700000,8398
12,194,9700000,9700100,4121,10301,9750000,8440
12,195,9750000,9750100,4121,10301,9800000,8485
12,196,9800000,9800100,4121,10301,9850000,8528
12,197,9850000,9850100,4121,10301,9900000,8569
12,198,9900000,9900100,4121,10301,9950000,8612
12,199,9950000,9950100,4121,10301,10000000,8656
12,2,100000,100100,4121,10301,150000,125
12,20,1000000,1000100,4121,10301,1050000,907
12,200,10000000,10000100,4121,10301,10050000,8701
12,201,10050000,10050100,4121,10301,10100000,8743
12,202,10100000,10100100,4121,10301,10150000,8787
12,203,10150000,10150100,4121,10301,10200000,8831
12,204,10200000,10200100,4121,10301,10250000,8872
12,205,10250000,10250100,4121,10301,10300000,8917
12,206,10300000,10300100,4121,10301,10350000,8960
12,207,10350000,10350100,4121,10301,10400000,9004
12,208,10400000,10400100,4121,10301,10450000,9046
12,209,10450000,10450100,4121,10301,10500000,9091
12,21,1050000,1050100,4121,10301,1100000,947
12,210,10500000,10500100,4121,10301,10550000,9131
12,211,10550000,10550100,4121,10301,10600000,9176
12,212,10600000,10600100,4121,10301,10650000,9221
12,213,10650000,10650100,4121,10301,10700000,9262
12,214,10700000,10700100,4121,10301,10750000,9307
12,215,10750000,10750100,4121,10301,10800000,9350
12,216,10800000,10800100,4121,10301,10850000,9393
12,217,10850000,10850100,4121,10301,10900000,9437
12,218,10900000,10900100,4121,10301,10950000,9479
12,219,10950000,10950100,4121,10301,11000000,9523
12,22,1100000,1100100,4121,10301,1150000,990
12,220,11000000,11000100,4121,10301,11050000,9566
12,221,11050000,11050100,4121,10301,11100000,9610
12,222,11100000,11100100,4121,10301,11150000,9651
12,223,11150000,11150100,4121,10301,11200000,9697
12,224,11200000,11200100,4121,10301,11250000,9740
12,225,11250000,11250100,4121,10301,11300000,9782
12,226,11300000,11300100,4121,10301,11350000,9826
12,227,11350000,11350100,4121,10301,11400000,9870
12,228,11400000,11400100,4121,10301,11450000,9913
12,229,11450000,11450100,4121,10301,11500000,9956
12,23,1150000,1150100,4121,10301,1200000,1035
12,230,11500000,11500100,4121,10301,11550000,10000
12,231,11550000,11550100,4121,10301,11600000,10042
12,232,11600000,11600100,4121,10301,11650000,10085
12,233,11650000,11650100,4121,10301,11700000,10130
12,234,11700000,11700100,4121,10301,11750000,10170
12,235,11750000,11750100,4121,10301,11800000,10217
12,236,11800000,11800100,4121,10301,11850000,10260
12,237,11850000,11850100,4121,10301,11900000,10303
12,238,11900000,11900100,4121,10301,11950000,10346
12,239,11950000,11950100,4121,10301,12000000,10389
12,24,1200000,1200100,4121,10301,1250000,1076
12,240,12000000,12000100,4121,10301,12050000,10432
12,241,12050000,12050100,4121,10301,12100000,10475
12,242,12100000,12100100,4121,10301,12150000,10519
12,243,12150000,12150100,4121,10301,12200000,10562
12,244,12200000,12200100,4121,10301,12250000,10607
12,245,12250000,12250100,4121,10301,12300000,10649
12,246,12300000,12300100,4121,10301,12350000,10690
12,247,12350000,12350100,4121,10301,12400000,10736
12,248,12400000,12400100,4121,10301,12450000,10779
12,249,12450000,12450100,4121,10301,12500000,10823
12,25,1250000,1250100,4121,10301,1300000,1122
12,250,12500000,12500100,4121,10301,12550000,10865
12,251,12550000,12550100,4121,10301,12600000,10911
12,252,12600000,12600100,4121,10301,12650000,10951
12,253,12650000,12650100,4121,10301,12700000,10994
12,254,12700000,12700100,4121,10301,12750000,11039
12,255,12750000,12750100,4121,10301,12800000,11081
12,256,12800000,12800100,4121,10301,12850000,11126
12,257,12850000,12850100,4121,10301,12900000,11169
12,258,12900000,12900100,4121,10301,12950000,11211
12,259,12950000,12950100,4121,10301,13000000,11256
12,26,1300000,1300100,4121,10301,1350000,1164
12,260,13000000,13000100,4121,10301,13050000,11299
12,261,13050000,13050100,4121,10301,13100000,11342
12,262,13100000,13100100,4121,10301,13150000,11385
12,263,13150000,13150100,4121,10301,13200000,11429
12,264,13200000,13200100,4121,10301,13250000,11470
12,265,13250000,13250100,4121,10301,13300000,11516
12,266,13300000,13300100,4121,10301,13350000,11558
12,267,13350000,13350100,4121,10301,13400000,11601
12,268,13400000,13400100,4121,10301,13450000,11646
12,269,13450000,13450100,4121,10301,13500000,11688
12,27,1350000,1350100,4121,10301,1400000,1209
12,270,13500000,13500100,4121,10301,13550000,11731
12,271,13550000,13550100,4121,10301,13600000,11775
12,272,13600000,13600100,4121,10301,13650000,11820
12,273,13650000,13650100,4121,10301,13700000,11862
12,274,13700000,13700100,4121,10301,13750000,11903
12,275,13750000,13750100,4121,10301,13800000,11949
12,276,13800000,13800100,4121,10301,13850000,11990
12,277,13850000,13850100,4121,10301,13900000,12035
12,278,13900000,13900100,4121,10301,13950000,12078
12,279,13950000,13950100,4121,10301,14000000,12122
12,28,1400000,1400100,4121,10301,1450000,1252
12,280,14000000,14000100,4121,10301,14050000,12165
12,281,14050000,14050100,4121,10301,14100000,12208
12,282,14100000,14100100,4121,10301,14150000,12250
12,283,14150000,14150100,4121,10301,14200000,12295
12,284,14200000,14200100,4121,10301,14250000,12340
12,285,14250000,14250100,4121,10301,14300000,12380
12,286,14300000,14300100,4121,10301,14350000,12425
12,287,14350000,14350100,4121,10301,14400000,12468
12,288,14400000,14400100,4121,10301,14450000,12509
12,289,14450000,14450100,4121,10301,14500000,12555
12,29,1450000,1450100,4121,10301,1500000,1294
12,290,14500000,14500100,4121,10301,14550000,12597
12,291,14550000,14550100,4121,10301,14600000,12642
12,292,14600000,14600100,4121,10301,14650000,12685
12,293,14650000,14650100,4121,10301,14700000,12729
12,294,14700000,14700100,4121,10301,14750000,12770
12,295,14750000,14750100,4121,10301,14800000,12814
12,296,14800000,14800100,4121,10301,14850000,12858
12,297,14850000,14850100,4121,10301,14900000,12900
12,298,14900000,14900100,4121,10301,14950000,12944
12,299,14950000,14950100,4121,10301,15000000,12988
12,3,150000,150100,4121,10301,200000,168
12,30,1500000,1500100,4121,10301,1550000,1337
12,300,15000000,15000100,4121,10301,15050000,13031
12,301,15050000,15050100,4121,10301,15100000,13074
12,302,15100000,15100100,4121,10301,15150000,13117
12,303,15150000,15150100,4121,10301,15200000,13161
12,304,15200000,15200100,4121,10301,15250000,13204
12,305,15250000,15250100,4121,10301,15300000,13249
12,306,15300000,15300100,4121,10301,15350000,13289
12,307,15350000,15350100,4121,10301,15400000,13335
12,308,15400000,15400100,4121,10301,15450000,13378
12,309,15450000,15450100,4121,10301,15500000,13419
12,31,1550000,1550100,4121,10301,1600000,1381
12,310,15500000,15500100,4121,10301,15550000,13464
12,311,15550000,15550100,4121,10301,15600000,13507
12,312,15600000,15600100,4121,10301,15650000,13550
12,313,15650000,15650100,4121,10301,15700000,13594
12,314,15700000,15700100,4121,10301,15750000,13638
12,315,15750000,15750100,4121,10301,15800000,13681
12,316,15800000,15800100,4121,10301,15850000,13724
12,317,15850000,15850100,4121,10301,15900000,13768
12,318,15900000,15900100,4121,10301,15950000,13808
12,319,15950000,15950100,4121,10301,16000000,13854
12,32,1600000,1600100,4121,10301,1650000,1425
12,320,16000000,16000100,4121,10301,16050000,13897
12,321,16050000,16050100,4121,10301,16100000,13941
12,322,16100000,16100100,4121,10301,16150000,13983
12,323,16150000,16150100,4121,10301,16200000,14027
12,324,16200000,16200100,4121,10301,16250000,14070
12,325,16250000,16250100,4121,10301,16300000,14113
12,326,16300000,16300100,4121,10301,16350000,14158
12,327,16350000,16350100,4121,10301,16400000,14200
12,328,16400000,16400100,4121,10301,16450000,14245
12,329,16450000,16450100,4121,10301,16500000,14287
12,33,1650000,1650100,4121,10301,1700000,1467
12,330,16500000,16500100,4121,10301,16550000,14327
12,331,16550000,16550100,4121,10301,16600000,14374
12,332,16600000,16600100,4121,10301,16650000,14417
12,333,16650000,16650100,4121,10301,16700000,14460
12,334,16700000,16700100,4121,10301,16750000,14503
12,335,16750000,16750100,4121,10301,16800000,14548
12,336,16800000,16800100,4121,10301,16850000,14589
12,337,16850000,16850100,4121,10301,16900000,14633
12,338,16900000,16900100,4121,10301,16950000,14677
12,339,16950000,16950100,4121,10301,17000000,14720
12,34,1700000,1700100,4121,10301,1750000,1511
12,340,17000000,17000100,4121,10301,17050000,14764
12,341,17050000,17050100,4121,10301,17100000,14806
12,342,17100000,17100100,4121,10301,17150000,14849
12,343,17150000,17150100,4121,10301,17200000,14893
12,344,17200000,17200100,4121,10301,17250000,14936
12,345,17250000,17250100,4121,10301,17300000,14980
12,346,17300000,17300100,4121,10301,17350000,15022
12,347,17350000,17350100,4121,10301,17400000,15068
12,348,17400000,17400100,4121,10301,17450000,15109
12,349,17450000,17450100,4121,10301,17500000,15154
12,35,1750000,1750100,4121,10301,1800000,1555
12,350,17500000,17500100,4121,10301,17550000,15197
12,351,17550000,17550100,4121,10301,17600000,15238
12,352,17600000,17600100,4121,10301,17650000,15283
12,353,17650000,17650100,4121,10301,17700000,15326
12,354,17700000,17700100,4121,10301,17750000,15368
12,355,17750000,17750100,4121,10301,17800000,15413
12,356,17800000,17800100,4121,10301,17850000,15458
12,357,17850000,17850100,4121,10301,17900000,15499
12,358,17900000,17900100,4121,10301,17950000,15542
12,359,17950000,17950100,4121,10301,18000000,15587
12,36,1800000,1800100,4121,10301,1850000,1596
12,360,18000000,18000100,4121,10301,18050000,15628
12,361,18050000,18050100,4121,10301,18100000,15674
12,362,18100000,18100100,4121,10301,18150000,15715
12,363,18150000,18150100,4121,10301,18200000,15760
12,364,18200000,18200100,4121,10301,18250000,15803
12,365,18250000,18250100,4121,10301,18300000,15845
12,366,18300000,18300100,4121,10301,18350000,15888
12,367,18350000,18350100,4121,10301,18400000,15932
12,368,18400000,18400100,4121,10301,18450000,15977
12,369,18450000,18450100,4121,10301,18500000,16019
12,37,1850000,1850100,4121,10301,1900000,1641
12,370,18500000,18500100,4121,10301,18550000,16063
12,371,18550000,18550100,4121,10301,18600000,16107
12,372,18600000,18600100,4121,10301,18650000,16148
12,373,18650000,18650100,4121,10301,18700000,16192
12,374,18700000,18700100,4121,10301,18750000,16235
12,375,18750000,18750100,4121,10301,18800000,16279
12,376,18800000,18800100,4121,10301,18850000,16322
12,377,18850000,18850100,4121,10301,18900000,16367
12,378,18900000,18900100,4121,10301,18950000,16407
12,379,18950000,18950100,4121,10301,19000000,16452
12,38,1900000,1900100,4121,10301,1950000,1684
12,380,19000000,19000100,4121,10301,19050000,16497
12,381,19050000,19050100,4121,10301,19100000,16538
12,382,19100000,19100100,4121,10301,19150000,16583
12,383,19150000,19150100,4121,10301,19200000,16626
12,384,19200000,19200100,4121,10301,19250000,16668
12,385,19250000,19250100,4121,10301,19300000,16712
12,386,19300000,19300100,4121,10301,19350000,16754
12,387,19350000,19350100,4121,10301,19400000,16799
12,388,19400000,19400100,4121,10301,19450000,16842
12,389,19450000,19450100,4121,10301,19500000,16886
12,39,1950000,1950100,4121,10301,2000000,1728
12,390,19500000,19500100,4121,10301,19550000,16927
12,391,19550000,19550100,4121,10301,19600000,16973
12,392,19600000,19600100,4121,10301,19650000,17016
12,393,19650000,19650100,4121,10301,19700000,17058
12,394,19700000,19700100,4121,10301,19750000,17102
12,395,19750000,19750100,4121,10301,19800000,17145
12,396,19800000,19800100,4121,10301,19850000,17188
12,397,19850000,19850100,4121,10301,19900000,17231
12,398,19900000,19900100,4121,10301,19950000,17276
12,399,19950000,19950100,4121,10301,20000000,17318
12,4,200000,200100,4121,10301,250000,213
12,40,2000000,2000100,4121,10301,2050000,1771
12,400,20000000,20000100,4121,10301,20050000,17361
12,401,20050000,20050100,4121,10301,20100000,17406
12,402,20100000,20100100,4121,10301,20150000,17446
12,403,20150000,20150100,4121,10301,20200000,17493
12,404,20200000,20200100,4121,10301,20250000,17536
12,405,20250000,20250100,4121,10301,20300000,17579
12,406,20300000,20300100,4121,10301,20350000,17621
12,407,20350000,20350100,4121,10301,20400000,17664
12,408,20400000,20400100,4121,10301,20450000,17707
12,409,20450000,20450100,4121,10301,20500000,17751
12,41,2050000,2050100,4121,10301,2100000,1816
12,410,20500000,20500100,4121,10301,20550000,17795
12,411,20550000,20550100,4121,10301,20600000,17838
12,412,20600000,20600100,4121,10301,20650000,17883
12,413,20650000,20650100,4121,10301,20700000,17925
12,414,20700000,20700100,4121,10301,20750000,17966
12,415,20750000,20750100,4121,10301,20800000,18012
12,416,20800000,20800100,4121,10301,20850000,18055
12,417,20850000,20850100,4121,10301,20900000,18098
12,418,20900000,20900100,4121,10301,20950000,18140
12,419,20950000,20950100,4121,10301,21000000,18186
12,42,2100000,2100100,4121,10301,2150000,1856
12,420,21000000,21000100,4121,10301,21050000,18227
12,421,21050000,21050100,4121,10301,21100000,18270
12,422,21100000,21100100,4121,10301,21150000,18315
12,423,21150000,21150100,4121,10301,21200000,18357
12,424,21200000,21200100,4121,10301,21250000,18402
12,425,21250000,21250100,4121,10301,21300000,18445
12,426,21300000,21300100,4121,10301,21350000,18487
12,427,21350000,21350100,4121,10301,21400000,18532
12,428,21400000,21400100,4121,10301,21450000,18574
12,429,21450000,21450100,4121,10301,21500000,18617
12,43,2150000,2150100,4121,10301,2200000,1900
12,430,21500000,21500100,4121,10301,21550000,18660
12,431,21550000,21550100,4121,10301,21600000,18705
12,432,21600000,21600100,4121,10301,21650000,18746
12,433,21650000,21650100,4121,10301,21700000,18792
12,434,21700000,21700100,4121,10301,21750000,18834
12,435,21750000,21750100,4121,10301,21800000,18877
12,436,21800000,21800100,4121,10301,21850000,18922
12,437,21850000,21850100,4121,10301,21900000,18964
12,438,21900000,21900100,4121,10301,21950000,19007
12,439,21950000,21950100,4121,10301,22000000,19050
12,44,2200000,2200100,4121,10301,2250000,1945
12,440,22000000,22000100,4121,10301,22050000,19095
12,441,22050000,22050100,4121,10301,22100000,19137
12,442,22100000,22100100,4121,10301,22150000,19179
12,443,22150000,22150100,4121,10301,22200000,19225
12,444,22200000,22200100,4121,10301,22250000,19266
12,445,22250000,22250100,4121,10301,22300000,19311
12,446,22300000,22300100,4121,10301,22350000,19354
12,447,22350000,22350100,4121,10301,22400000,19398
12,448,22400000,22400100,4121,10301,22450000,19441
12,449,22450000,22450100,4121,10301,22500000,19484
12,45,2250000,2250100,4121,10301,2300000,1986
12,450,22500000,22500100,4121,10301,22550000,19525
12,451,22550000,22550100,4121,10301,22600000,19570
12,452,22600000,22600100,4121,10301,22650000,19615
12,453,22650000,22650100,4121,10301,22700000,19656
12,454,22700000,22700100,4121,10301,22750000,19701
12,455,22750000,22750100,4121,10301,22800000,19744
12,456,22800000,22800100,4121,10301,22850000,19785
12,457,22850000,22850100,4121,10301,22900000,19831
12,458,22900000,22900100,4121,10301,22950000,19873
12,459,22950000,22950100,4121,10301,23000000,19918
12,46,2300000,2300100,4121,10301,2350000,2031
12,460,23000000,23000100,4121,10301,23050000,19961
12,461,23050000,23050100,4121,10301,23100000,20004
12,462,23100000,23100100,4121,10301,23150000,20045
12,463,23150000,23150100,4121,10301,23200000,20089
12,464,23200000,23200100,4121,10301,23250000,20134
12,465,23250000,23250100,4121,10301,23300000,20176
12,466,23300000,23300100,4121,10301,23350000,20220
12,467,23350000,23350100,4121,10301,23400000,20264
12,468,23400000,23400100,4121,10301,23450000,20307
12,469,23450000,23450100,4121,10301,23500000,20350
12,47,2350000,2350100,4121,10301,2400000,2074
12,470,23500000,23500100,4121,10301,23550000,20393
12,471,23550000,23550100,4121,10301,23600000,20437
12,472,23600000,23600100,4121,10301,23650000,20479
12,473,23650000,23650100,4121,10301,23700000,20524
12,474,23700000,23700100,4121,10301,23750000,20564
12,475,23750000,23750100,4121,10301,23800000,20611
12,476,23800000,23800100,4121,10301,23850000,20654
12,477,23850000,23850100,4121,10301,23900000,20695
12,478,23900000,23900100,4121,10301,23950000,20740
12,479,23950000,23950100,4121,10301,24000000,20783
12,48,2400000,2400100,4121,10301,2450000,2117
12,480,24000000,24000100,4121,10301,24050000,20826
12,481,24050000,24050100,4121,10301,24100000,20870
12,482,24100000,24100100,4121,10301,24150000,20914
12,483,24150000,24150100,4121,10301,24200000,20956
12,484,24200000,24200100,4121,10301,24250000,20999
12,485,24250000,24250100,4121,10301,24300000,21043
12,486,24300000,24300100,4121,10301,24350000,21084
12,487,24350000,24350100,4121,10301,24400000,21130
12,488,24400000,24400100,4121,10301,24450000,21173
12,489,24450000,24450100,4121,10301,24500000,21217
12,49,2450000,2450100,4121,10301,2500000,2161
12,490,24500000,24500100,4121,10301,24550000,21259
12,491,24550000,24550100,4121,10301,24600000,21303
12,492,24600000,24600100,4121,10301,24650000,21346
12,493,24650000,24650100,4121,10301,24700000,21389
12,494,24700000,24700100,4121,10301,24750000,21433
12,495,24750000,24750100,4121,10301,24800000,21475
12,496,24800000,24800100,4121,10301,24850000,21520
12,497,24850000,24850100,4121,10301,24900000,21563
12,498,24900000,24900100,4121,10301,24950000,21603
12,499,24950000,24950100,4121,10301,25000000,21650
12,5,250000,250100,4121,10301,300000,255
12,50,2500000,2500100,4121,10301,2550000,2203
12,500,25000000,25000100,4121,10301,25050000,21693
12,501,25050000,25050100,4121,10301,25100000,21736
12,502,25100000,25100100,4121,10301,25150000,21779
12,503,25150000,25150100,4121,10301,25200000,21824
12,504,25200000,25200100,4121,10301,25250000,21865
12,505,25250000,25250100,4121,10301,25300000,21908
12,506,25300000,25300100,4121,10301,25350000,21952
12,507,25350000,25350100,4121,10301,25400000,21995
12,508,25400000,25400100,4121,10301,25450000,22040
12,509,25450000,25450100,4121,10301,25500000,22082
12,51,2550000,2550100,4121,10301,2600000,2248
12,510,25500000,25500100,4121,10301,25550000,22125
12,511,25550000,25550100,4121,10301,25600000,22169
12,512,25600000,25600100,4121,10301,25650000,22212
12,513,25650000,25650100,4121,10301,25700000,22256
12,514,25700000,25700100,4121,10301,25750000,22298
12,515,25750000,25750100,4121,10301,25800000,22344
12,516,25800000,25800100,4121,10301,25850000,22384
12,517,25850000,25850100,4121,10301,25900000,22429
12,518,25900000,25900100,4121,10301,25950000,22472
12,519,25950000,25950100,4121,10301,26000000,22514
12,52,2600000,2600100,4121,10301,2650000,2291
12,520,26000000,26000100,4121,10301,26050000,22559
12,521,26050000,26050100,4121,10301,26100000,22602
12,522,26100000,26100100,4121,10301,26150000,22644
12,523,26150000,26150100,4121,10301,26200000,22689
12,524,26200000,26200100,4121,10301,26250000,22734
12,525,26250000,26250100,4121,10301,26300000,22775
12,526,26300000,26300100,4121,10301,26350000,22818
12,527,26350000,26350100,4121,10301,26400000,22862
12,528,26400000,26400100,4121,10301,26450000,22903
12,529,26450000,26450100,4121,10301,26500000,22949
12,53,2650000,2650100,4121,10301,2700000,2335
12,530,26500000,26500100,4121,10301,26550000,22991
12,531,26550000,26550100,4121,10301,26600000,23036
12,532,26600000,26600100,4121,10301,26650000,23079
12,533,26650000,26650100,4121,10301,26700000,23121
12,534,26700000,26700100,4121,10301,26750000,23164
12,535,26750000,26750100,4121,10301,26800000,23208
12,536,26800000,26800100,4121,10301,26850000,23253
12,537,26850000,26850100,4121,10301,26900000,23295
12,538,26900000,26900100,4121,10301,26950000,23338
12,539,26950000,26950100,4121,10301,27000000,23382
12,54,2700000,2700100,4121,10301,2750000,2375
12,540,27000000,27000100,4121,10301,27050000,23423
12,541,27050000,27050100,4121,10301,27100000,23468
12,542,27100000,27100100,4121,10301,27150000,23511
12,543,27150000,27150100,4121,10301,27200000,23555
12,544,27200000,27200100,4121,10301,27250000,23598
12,545,27250000,27250100,4121,10301,27300000,23643
12,546,27300000,27300100,4121,10301,27350000,23683
12,547,27350000,27350100,4121,10301,27400000,23728
12,548,27400000,27400100,4121,10301,27450000,23773
12,549,27450000,27450100,4121,10301,27500000,23813
12,55,2750000,2750100,4121,10301,2800000,2421
12,550,27500000,27500100,4121,10301,27550000,23858
12,551,27550000,27550100,4121,10301,27600000,23901
12,552,27600000,27600100,4121,10301,27650000,23944
12,553,27650000,27650100,4121,10301,27700000,23988
12,554,27700000,27700100,4121,10301,27750000,24030
12,555,27750000,27750100,4121,10301,27800000,24075
12,556,27800000,27800100,4121,10301,27850000,24118
12,557,27850000,27850100,4121,10301,27900000,24162
12,558,27900000,27900100,4121,10301,27950000,24203
12,559,27950000,27950100,4121,10301,28000000,24249
12,56,2800000,2800100,4121,10301,2850000,2464
12,560,28000000,28000100,4121,10301,28050000,24291
12,561,28050000,28050100,4121,10301,28100000,24333
12,562,28100000,28100100,4121,10301,28150000,24377
12,563,28150000,28150100,4121,10301,28200000,24421
12,564,28200000,28200100,4121,10301,28250000,24464
12,565,28250000,28250100,4121,10301,28300000,24507
12,566,28300000,28300100,4121,10301,28350000,24552
12,567,28350000,28350100,4121,10301,28400000,24594
12,568,28400000,28400100,4121,10301,28450000,24637
12,569,28450000,28450100,4121,10301,28500000,24682
12,57,2850000,2850100,4121,10301,2900000,2506
12,570,28500000,28500100,4121,10301,28550000,24722
12,571,28550000,28550100,4121,10301,28600000,24768
12,572,28600000,28600100,4121,10301,28650000,24811
12,573,28650000,28650100,4121,10301,28700000,24854
12,574,28700000,28700100,4121,10301,28750000,24897
12,575,28750000,28750100,4121,10301,28800000,24940
12,576,28800000,28800100,4121,10301,28850000,24983
12,577,28850000,28850100,4121,10301,28900000,25027
12,578,28900000,28900100,4121,10301,28950000,25071
12,579,28950000,28950100,4121,10301,29000000,25114
12,58,2900000,2900100,4121,10301,2950000,2550
12,580,29000000,29000100,4121,10301,29050000,25159
12,581,29050000,29050100,4121,10301,29100000,25201
12,582,29100000,29100100,4121,10301,29150000,25241
12,583,29150000,29150100,4121,10301,29200000,25287
12,584,29200000,29200100,4121,10301,29250000,25330
12,585,29250000,29250100,4121,10301,29300000,25374
12,586,29300000,29300100,4121,10301,29350000,25416
12,587,29350000,29350100,4121,10301,29400000,25462
12,588,29400000,29400100,4121,10301,29450000,25503
12,589,29450000,29450100,4121,10301,29500000,25546
12,59,2950000,2950100,4121,10301,3000000,2594
12,590,29500000,29500100,4121,10301,29550000,25591
12,591,29550000,29550100,4121,10301,29600000,25633
12,592,29600000,29600100,4121,10301,29650000,25678
12,593,29650000,29650100,4121,10301,29700000,25720
12,594,29700000,29700100,4121,10301,29750000,25762
12,595,29750000,29750100,4121,10301,29800000,25807
12,596,29800000,29800100,4121,10301,29850000,25850
12,597,29850000,29850100,4121,10301,29900000,25893
12,598,29900000,29900100,4121,10301,29950000,25936
12,599,29950000,29950100,4121,10301,30000000,25981
12,6,300000,300100,4121,10301,350000,298
12,60,3000000,3000100,4121,10301,3050000,2637
12,600,30000000,30000100,4121,10301,30050000,26022
12,601,30050000,30050100,4121,10301,30100000,26068
12,602,30100000,30100100,4121,10301,30150000,26110
12,603,30150000,30150100,4121,10301,30200000,26153
12,604,30200000,30200100,4121,10301,30250000,26197
12,605,30250000,30250100,4121,10301,30300000,26239
12,606,30300000,30300100,4121,10301,30350000,26282
12,607,30350000,30350100,4121,10301,30400000,26326
12,608,30400000,30400100,4121,10301,30450000,26371
12,609,30450000,30450100,4121,10301,30500000,26413
12,61,3050000,3050100,4121,10301,3100000,2680
12,610,30500000,30500100,4121,10301,30550000,26455
12,611,30550000,30550100,4121,10301,30600000,26501
12,612,30600000,30600100,4121,10301,30650000,26542
12,613,30650000,30650100,4121,10301,30700000,26587
12,614,30700000,30700100,4121,10301,30750000,26630
12,615,30750000,30750100,4121,10301,30800000,26673
12,616,30800000,30800100,4121,10301,30850000,26716
12,617,30850000,30850100,4121,10301,30900000,26759
12,618,30900000,30900100,4121,10301,30950000,26801
12,619,30950000,30950100,4121,10301,31000000,26846
12,62,3100000,3100100,4121,10301,3150000,2725
12,620,31000000,31000100,4121,10301,31050000,26891
12,621,31050000,31050100,4121,10301,31100000,26932
12,622,31100000,31100100,4121,10301,31150000,26977
12,623,31150000,31150100,4121,10301,31200000,27020
12,624,31200000,31200100,4121,10301,31250000,27061
12,625,31250000,31250100,4121,10301,31300000,27107
12,626,31300000,31300100,4121,10301,31350000,27148
12,627,31350000,31350100,4121,10301,31400000,27193
12,628,31400000,31400100,4121,10301,31450000,27236
12,629,31450000,31450100,4121,10301,31500000,27280
12,63,3150000,3150100,4121,10301,3200000,2767
12,630,31500000,31500100,4121,10301,31550000,27321
12,631,31550000,31550100,4121,10301,31600000,27365
12,632,31600000,31600100,4121,10301,31650000,27410
12,633,31650000,31650100,4121,10301,31700000,27452
12,634,31700000,31700100,4121,10301,31750000,27496
12,635,31750000,31750100,4121,10301,31800000,27540
12,636,31800000,31800100,4121,10301,31850000,27583
12,637,31850000,31850100,4121,10301,31900000,27625
12,638,31900000,31900100,4121,10301,31950000,27668
12,639,31950000,31950100,4121,10301,32000000,27712
12,64,3200000,3200100,4121,10301,3250000,2810
12,640,32000000,32000100,4121,10301,32050000,27755
12,641,32050000,32050100,4121,10301,32100000,27800
12,642,32100000,32100100,4121,10301,32150000,27840
12,643,32150000,32150100,4121,10301,32200000,27887
12,644,32200000,32200100,4121,10301,32250000,27930
12,645,32250000,32250100,4121,10301,32300000,27971
12,646,32300000,32300100,4121,10301,32350000,28016
12,647,32350000,32350100,4121,10301,32400000,28059
12,648,32400000,32400100,4121,10301,32450000,28101
12,649,32450000,32450100,4121,10301,32500000,28145
12,65,3250000,3250100,4121,10301,3300000,2854
12,650,32500000,32500100,4121,10301,32550000,28189
12,651,32550000,32550100,4121,10301,32600000,28232
12,652,32600000,32600100,4121,10301,32650000,28275
12,653,32650000,32650100,4121,10301,32700000,28319
12,654,32700000,32700100,4121,10301,32750000,28360
12,655,32750000,32750100,4121,10301,32800000,28406
12,656,32800000,32800100,4121,10301,32850000,28449
12,657,32850000,32850100,4121,10301,32900000,28493
12,658,32900000,32900100,4121,10301,32950000,28535
12,659,32950000,32950100,4121,10301,33000000,28578
12,66,3300000,3300100,4121,10301,3350000,2894
12,660,33000000,33000100,4121,10301,33050000,28621
12,661,33050000,33050100,4121,10301,33100000,28664
12,662,33100000,33100100,4121,10301,33150000,28709
12,663,33150000,33150100,4121,10301,33200000,28751
12,664,33200000,33200100,4121,10301,33250000,28796
12,665,33250000,33250100,4121,10301,33300000,28839
12,666,33300000,33300100,4121,10301,33350000,28879
12,667,33350000,33350100,4121,10301,33400000,28926
12,668,33400000,33400100,4121,10301,33450000,28969
12,669,33450000,33450100,4121,10301,33500000,29012
12,67,3350000,3350100,4121,10301,3400000,2941
12,670,33500000,33500100,4121,10301,33550000,29054
12,671,33550000,33550100,4121,10301,33600000,29099
12,672,33600000,33600100,4121,10301,33650000,29140
12,673,33650000,33650100,4121,10301,33700000,29184
12,674,33700000,33700100,4121,10301,33750000,29228
12,675,33750000,33750100,4121,10301,33800000,29271
12,676,33800000,33800100,4121,10301,33850000,29316
12,677,33850000,33850100,4121,10301,33900000,29358
12,678,33900000,33900100,4121,10301,33950000,29401
12,679,33950000,33950100,4121,10301,34000000,29445
12,68,3400000,3400100,4121,10301,3450000,2984
12,680,34000000,34000100,4121,10301,34050000,29488
12,681,34050000,34050100,4121,10301,34100000,29531
12,682,34100000,34100100,4121,10301,34150000,29573
12,683,34150000,34150100,4121,10301,34200000,29619
12,684,34200000,34200100,4121,10301,34250000,29660
12,685,34250000,34250100,4121,10301,34300000,29705
12,686,34300000,34300100,4121,10301,34350000,29748
12,687,34350000,34350100,4121,10301,34400000,29790
12,688,34400000,34400100,4121,10301,34450000,29835
12,689,34450000,34450100,4121,10301,34500000,29878
12,69,3450000,3450100,4121,10301,3500000,3027
12,690,34500000,34500100,4121,10301,34550000,29920
12,691,34550000,34550100,4121,10301,34600000,29965
12,692,34600000,34600100,4121,10301,34650000,30009
12,693,34650000,34650100,4121,10301,34700000,30050
12,694,34700000,34700100,4121,10301,34750000,30093
12,695,34750000,34750100,4121,10301,34800000,30138
12,696,34800000,34800100,4121,10301,34850000,30179
12,697,34850000,34850100,4121,10301,34900000,30225
12,698,34900000,34900100,4121,10301,34950000,30267
12,699,34950000,34950100,4121,10301,35000000,30312
12,7,350000,350100,4121,10301,400000,342
12,70,3500000,3500100,4121,10301,3550000,3070
12,700,35000000,35000100,4121,10301,35050000,30355
12,701,35050000,35050100,4121,10301,35100000,30397
12,702,35100000,35100100,4121,10301,35150000,30440
12,703,35150000,35150100,4121,10301,35200000,30483
12,704,35200000,35200100,4121,10301,35250000,30528
12,705,35250000,35250100,4121,10301,35300000,30570
12,706,35300000,35300100,4121,10301,35350000,30614
12,707,35350000,35350100,4121,10301,35400000,30658
12,708,35400000,35400100,4121,10301,35450000,30699
12,709,35450000,35450100,4121,10301,35500000,30744
12,71,3550000,3550100,4121,10301,3600000,3113
12,710,35500000,35500100,4121,10301,35550000,30787
12,711,35550000,35550100,4121,10301,35600000,30831
12,712,35600000,35600100,4121,10301,35650000,30874
12,713,35650000,35650100,4121,10301,35700000,30919
12,714,35700000,35700100,4121,10301,35750000,30958
12,715,35750000,35750100,4121,10301,35800000,31003
12,716,35800000,35800100,4121,10301,35850000,31048
12,717,35850000,35850100,4121,10301,35900000,31089
12,718,35900000,35900100,4121,10301,35950000,31134
12,719,35950000,35950100,4121,10301,36000000,31177
12,72,3600000,3600100,4121,10301,3650000,3156
12,720,36000000,36000100,4121,10301,36050000,31220
12,721,36050000,36050100,4121,10301,36100000,31264
12,722,36100000,36100100,4121,10301,36150000,31306
12,723,36150000,36150100,4121,10301,36200000,31351
12,724,36200000,36200100,4121,10301,36250000,31394
12,725,36250000,36250100,4121,10301,36300000,31437
12,726,36300000,36300100,4121,10301,36350000,31478
12,727,36350000,36350100,4121,10301,36400000,31524
12,728,36400000,36400100,4121,10301,36450000,31567
12,729,36450000,36450100,4121,10301,36500000,31609
12,73,3650000,3650100,4121,10301,3700000,3200
12,730,36500000,36500100,4121,10301,36550000,31653
12,731,36550000,36550100,4121,10301,36600000,31697
12,732,36600000,36600100,4121,10301,36650000,31740
12,733,36650000,36650100,4121,10301,36700000,31783
12,734,36700000,36700100,4121,10301,36750000,31828
12,735,36750000,36750100,4121,10301,36800000,31870
12,736,36800000,36800100,4121,10301,36850000,31912
12,737,36850000,36850100,4121,10301,36900000,31957
12,738,36900000,36900100,4121,10301,36950000,31997
12,739,36950000,36950100,4121,10301,37000000,32044
12,74,3700000,3700100,4121,10301,3750000,3244
12,740,37000000,37000100,4121,10301,37050000,32087
12,741,37050000,37050100,4121,10301,37100000,32130
12,742,37100000,37100100,4121,10301,37150000,32173
12,743,37150000,37150100,4121,10301,37200000,32216
12,744,37200000,37200100,4121,10301,37250000,32259
12,745,37250000,37250100,4121,10301,37300000,32303
12,746,37300000,37300100,4121,10301,37350000,32347
12,747,37350000,37350100,4121,10301,37400000,32389
12,748,37400000,37400100,4121,10301,37450000,32434
12,749,37450000,37450100,4121,10301,37500000,32476
12,75,3750000,3750100,4121,10301,3800000,3287
12,750,37500000,37500100,4121,10301,37550000,32517
12,751,37550000,37550100,4121,10301,37600000,32563
12,752,37600000,37600100,4121,10301,37650000,32606
12,753,37650000,37650100,4121,10301,37700000,32650
12,754,37700000,37700100,4121,10301,37750000,32692
12,755,37750000,37750100,4121,10301,37800000,32738
12,756,37800000,37800100,4121,10301,37850000,32779
12,757,37850000,37850100,4121,10301,37900000,32822
12,758,37900000,37900100,4121,10301,37950000,32866
12,759,37950000,37950100,4121,10301,38000000,32908
12,76,3800000,3800100,4121,10301,3850000,3331
12,760,38000000,38000100,4121,10301,38050000,32953
12,761,38050000,38050100,4121,10301,38100000,32996
12,762,38100000,38100100,4121,10301,38150000,33038
12,763,38150000,38150100,4121,10301,38200000,33083
12,764,38200000,38200100,4121,10301,38250000,33126
12,765,38250000,38250100,4121,10301,38300000,33169
12,766,38300000,38300100,4121,10301,38350000,33212
12,767,38350000,38350100,4121,10301,38400000,33257
12,768,38400000,38400100,4121,10301,38450000,33298
12,769,38450000,38450100,4121,10301,38500000,33343
12,77,3850000,3850100,4121,10301,3900000,3373
12,770,38500000,38500100,4121,10301,38550000,33385
12,771,38550000,38550100,4121,10301,38600000,33428
12,772,38600000,38600100,4121,10301,38650000,33473
12,773,38650000,38650100,4121,10301,38700000,33515
12,774,38700000,38700100,4121,10301,38750000,33558
12,775,38750000,38750100,4121,10301,38800000,33602
12,776,38800000,38800100,4121,10301,38850000,33647
12,777,38850000,38850100,4121,10301,38900000,33689
12,778,38900000,38900100,4121,10301,38950000,33731
12,779,38950000,38950100,4121,10301,39000000,33777
12,78,3900000,3900100,4121,10301,3950000,3414
12,780,39000000,39000100,4121,10301,39050000,33817
12,781,39050000,39050100,4121,10301,39100000,33862
12,782,39100000,39100100,4121,10301,39150000,33905
12,783,39150000,39150100,4121,10301,39200000,33949
12,784,39200000,39200100,4121,10301,39250000,33992
12,785,39250000,39250100,4121,10301,39300000,34035
12,786,39300000,39300100,4121,10301,39350000,34077
12,787,39350000,39350100,4121,10301,39400000,34122
12,788,39400000,39400100,4121,10301,39450000,34167
12,789,39450000,39450100,4121,10301,39500000,34208
12,79,3950000,3950100,4121,10301,4000000,3460
12,790,39500000,39500100,4121,10301,39550000,34253
12,791,39550000,39550100,4121,10301,39600000,34295
12,792,39600000,39600100,4121,10301,39650000,34336
12,793,39650000,39650100,4121,10301,39700000,34382
12,794,39700000,39700100,4121,10301,39750000,34424
12,795,39750000,39750100,4121,10301,39800000,34469
12,796,39800000,39800100,4121,10301,39850000,34512
12,797,39850000,39850100,4121,10301,39900000,34556
12,798,39900000,39900100,4121,10301,39950000,34597
12,799,39950000,39950100,4121,10301,40000000,34641
12,8,400000,400100,4121,10301,450000,385
12,80,4000000,4000100,4121,10301,4050000,3503
12,800,40000000,40000100,4121,10301,40050000,34686
12,801,40050000,40050100,4121,10301,40100000,34728
12,802,40100000,40100100,4121,10301,40150000,34771
12,803,40150000,40150100,4121,10301,40200000,34815
12,804,40200000,40200100,4121,10301,40250000,34858
12,805,40250000,40250100,4121,10301,40300000,34901
12,806,40300000,40300100,4121,10301,40350000,34944
12,807,40350000,40350100,4121,10301,40400000,34988
12,808,40400000,40400100,4121,10301,40450000,35031
12,809,40450000,40450100,4121,10301,40500000,35076
12,81,4050000,4050100,4121,10301,4100000,3547
12,810,40500000,40500100,4121,10301,40550000,35116
12,811,40550000,40550100,4121,10301,40600000,35163
12,812,40600000,40600100,4121,10301,40650000,35206
12,813,40650000,40650100,4121,10301,40700000,35246
12,814,40700000,40700100,4121,10301,40750000,35291
12,815,40750000,40750100,4121,10301,40800000,35334
12,816,40800000,40800100,4121,10301,40850000,35377
12,817,40850000,40850100,4121,10301,40900000,35421
12,818,40900000,40900100,4121,10301,40950000,35465
12,819,40950000,40950100,4121,10301,41000000,35508
12,82,4100000,4100100,4121,10301,4150000,3589
12,820,41000000,41000100,4121,10301,41050000,35551
12,821,41050000,41050100,4121,10301,41100000,35595
12,822,41100000,41100100,4121,10301,41150000,35636
12,823,41150000,41150100,4121,10301,41200000,35682
12,824,41200000,41200100,4121,10301,41250000,35724
12,825,41250000,41250100,4121,10301,41300000,35768
12,826,41300000,41300100,4121,10301,41350000,35810
12,827,41350000,41350100,4121,10301,41400000,35854
12,828,41400000,41400100,4121,10301,41450000,35897
12,829,41450000,41450100,4121,10301,41500000,35940
12,83,4150000,4150100,4121,10301,4200000,3635
12,830,41500000,41500100,4121,10301,41550000,35985
12,831,41550000,41550100,4121,10301,41600000,36027
12,832,41600000,41600100,4121,10301,41650000,36072
12,833,41650000,41650100,4121,10301,41700000,36115
12,834,41700000,41700100,4121,10301,41750000,36155
12,835,41750000,41750100,4121,10301,41800000,36201
12,836,41800000,41800100,4121,10301,41850000,36244
12,837,41850000,41850100,4121,10301,41900000,36287
12,838,41900000,41900100,4121,10301,41950000,36330
12,839,41950000,41950100,4121,10301,42000000,36375
12,84,4200000,4200100,4121,10301,4250000,3676
12,840,42000000,42000100,4121,10301,42050000,36416
12,841,42050000,42050100,4121,10301,42100000,36460
12,842,42100000,42100100,4121,10301,42150000,36504
12,843,42150000,42150100,4121,10301,42200000,36547
12,844,42200000,42200100,4121,10301,42250000,36592
12,845,42250000,42250100,4121,10301,42300000,36634
12,846,42300000,42300100,4121,10301,42350000,36676
12,847,42350000,42350100,4121,10301,42400000,36720
12,848,42400000,42400100,4121,10301,42450000,36763
12,849,42450000,42450100,4121,10301,42500000,36807
12,85,4250000,4250100,4121,10301,4300000,3719
12,850,42500000,42500100,4121,10301,42550000,36849
12,851,42550000,42550100,4121,10301,42600000,36895
12,852,42600000,42600100,4121,10301,42650000,36936
12,853,42650000,42650100,4121,10301,42700000,36981
12,854,42700000,42700100,4121,10301,42750000,37024
12,855,42750000,42750100,4121,10301,42800000,37066
12,856,42800000,42800100,4121,10301,42850000,37111
12,857,42850000,42850100,4121,10301,42900000,37153
12,858,42900000,42900100,4121,10301,42950000,37195
12,859,42950000,42950100,4121,10301,43000000,37240
12,86,4300000,4300100,4121,10301,4350000,3764
12,860,43000000,43000100,4121,10301,43050000,37285
12,861,43050000,43050100,4121,10301,43100000,37326
12,862,43100000,43100100,4121,10301,43150000,37369
12,863,43150000,43150100,4121,10301,43200000,37414
12,864,43200000,43200100,4121,10301,43250000,37455
12,865,43250000,43250100,4121,10301,43300000,37501
12,866,43300000,43300100,4121,10301,43350000,37543
12,867,43350000,43350100,4121,10301,43400000,37588
12,868,43400000,43400100,4121,10301,43450000,37630
12,869,43450000,43450100,4121,10301,43500000,37672
12,87,4350000,4350100,4121,10301,4400000,3805
12,870,43500000,43500100,4121,10301,43550000,37715
12,871,43550000,43550100,4121,10301,43600000,37759
12,872,43600000,43600100,4121,10301,43650000,37804
12,873,43650000,43650100,4121,10301,43700000,37846
12,874,43700000,43700100,4121,10301,43750000,37890
12,875,43750000,43750100,4121,10301,43800000,37934
12,876,43800000,43800100,4121,10301,43850000,37975
12,877,43850000,43850100,4121,10301,43900000,38020
12,878,43900000,43900100,4121,10301,43950000,38063
12,879,43950000,43950100,4121,10301,44000000,38106
12,88,4400000,4400100,4121,10301,4450000,3850
12,880,44000000,44000100,4121,10301,44050000,38149
12,881,44050000,44050100,4121,10301,44100000,38194
12,882,44100000,44100100,4121,10301,44150000,38234
12,883,44150000,44150100,4121,10301,44200000,38279
12,884,44200000,44200100,4121,10301,44250000,38324
12,885,44250000,44250100,4121,10301,44300000,38365
12,886,44300000,44300100,4121,10301,44350000,38410
12,887,44350000,44350100,4121,10301,44400000,38453
12,888,44400000,44400100,4121,10301,44450000,38496
12,889,44450000,44450100,4121,10301,44500000,38540
12,89,4450000,4450100,4121,10301,4500000,3893
12,890,44500000,44500100,4121,10301,44550000,38581
12,891,44550000,44550100,4121,10301,44600000,38626
12,892,44600000,44600100,4121,10301,44650000,38669
12,893,44650000,44650100,4121,10301,44700000,38713
12,894,44700000,44700100,4121,10301,44750000,38754
12,895,44750000,44750100,4121,10301,44800000,38800
12,896,44800000,44800100,4121,10301,44850000,38843
12,897,44850000,44850100,4121,10301,44900000,38885
12,898,44900000,44900100,4121,10301,44950000,38929
12,899,44950000,44950100,4121,10301,45000000,38973
12,9,450000,450100,4121,10301,500000,429
12,90,4500000,4500100,4121,10301,4550000,3935
12,900,45000000,45000100,4121,10301,45050000,39016
12,901,45050000,45050100,4121,10301,45100000,39058
12,902,45100000,45100100,4121,10301,45150000,39103
12,903,45150000,45150100,4121,10301,45200000,39145
12,904,45200000,45200100,4121,10301,45250000,39188
12,905,45250000,45250100,4121,10301,45300000,39233
12,906,45300000,45300100,4121,10301,45350000,39273
12,907,45350000,45350100,4121,10301,45400000,39320
12,908,45400000,45400100,4121,10301,45450000,39363
12,909,45450000,45450100,4121,10301,45500000,39406
12,91,4550000,4550100,4121,10301,4600000,3980
12,910,45500000,45500100,4121,10301,45550000,39449
12,911,45550000,45550100,4121,10301,45600000,39492
12,912,45600000,45600100,4121,10301,45650000,39534
12,913,45650000,45650100,4121,10301,45700000,39578
12,914,45700000,45700100,4121,10301,45750000,39622
12,915,45750000,45750100,4121,10301,45800000,39665
12,916,45800000,45800100,4121,10301,45850000,39710
12,917,45850000,45850100,4121,10301,45900000,39752
12,918,45900000,45900100,4121,10301,45950000,39793
12,919,45950000,45950100,4121,10301,46000000,39839
12,92,4600000,4600100,4121,10301,4650000,4023
12,920,46000000,46000100,4121,10301,46050000,39882
12,921,46050000,46050100,4121,10301,46100000,39926
12,922,46100000,46100100,4121,10301,46150000,39968
12,923,46150000,46150100,4121,10301,46200000,40013
12,924,46200000,46200100,4121,10301,46250000,40054
12,925,46250000,46250100,4121,10301,46300000,40097
12,926,46300000,46300100,4121,10301,46350000,40142
12,927,46350000,46350100,4121,10301,46400000,40184
12,928,46400000,46400100,4121,10301,46450000,40229
12,929,46450000,46450100,4121,10301,46500000,40272
12,93,4650000,4650100,4121,10301,4700000,4066
12,930,46500000,46500100,4121,10301,46550000,40314
12,931,46550000,46550100,4121,10301,46600000,40359
12,932,46600000,46600100,4121,10301,46650000,40402
12,933,46650000,46650100,4121,10301,46700000,40445
12,934,46700000,46700100,4121,10301,46750000,40487
12,935,46750000,46750100,4121,10301,46800000,40532
12,936,46800000,46800100,4121,10301,46850000,40573
12,937,46850000,46850100,4121,10301,46900000,40619
12,938,46900000,46900100,4121,10301,46950000,40661
12,939,46950000,46950100,4121,10301,47000000,40704
12,94,4700000,4700100,4121,10301,4750000,4109
12,940,47000000,47000100,4121,10301,47050000,40749
12,941,47050000,47050100,4121,10301,47100000,40791
12,942,47100000,47100100,4121,10301,47150000,40834
12,943,47150000,47150100,4121,10301,47200000,40878
12,944,47200000,47200100,4121,10301,47250000,40923
12,945,47250000,47250100,4121,10301,47300000,40964
12,946,47300000,47300100,4121,10301,47350000,41006
12,947,47350000,47350100,4121,10301,47400000,41052
12,948,47400000,47400100,4121,10301,47450000,41093
12,949,47450000,47450100,4121,10301,47500000,41138
12,95,4750000,4750100,4121,10301,4800000,4154
12,950,47500000,47500100,4121,10301,47550000,41181
12,951,47550000,47550100,4121,10301,47600000,41225
12,952,47600000,47600100,4121,10301,47650000,41268
12,953,47650000,47650100,4121,10301,47700000,41311
12,954,47700000,47700100,4121,10301,47750000,41353
12,955,47750000,47750100,4121,10301,47800000,41398
12,956,47800000,47800100,4121,10301,47850000,41442
12,957,47850000,47850100,4121,10301,47900000,41483
12,958,47900000,47900100,4121,10301,47950000,41528
12,959,47950000,47950100,4121,10301,48000000,41571
12,96,4800000,4800100,4121,10301,4850000,4195
12,960,48000000,48000100,4121,10301,48050000,41612
12,961,48050000,48050100,4121,10301,48100000,41658
12,962,48100000,48100100,4121,10301,48150000,41700
12,963,48150000,48150100,4121,10301,48200000,41745
12,964,48200000,48200100,4121,10301,48250000,41788
12,965,48250000,48250100,4121,10301,48300000,41832
12,966,48300000,48300100,4121,10301,48350000,41873
12,967,48350000,48350100,4121,10301,48400000,41916
12,968,48400000,48400100,4121,10301,48450000,41961
12,969,48450000,48450100,4121,10301,48500000,42003
12,97,4850000,4850100,4121,10301,4900000,4241
12,970,48500000,48500100,4121,10301,48550000,42047
12,971,48550000,48550100,4121,10301,48600000,42091
12,972,48600000,48600100,4121,10301,48650000,42134
12,973,48650000,48650100,4121,10301,48700000,42177
12,974,48700000,48700100,4121,10301,48750000,42220
12,975,48750000,48750100,4121,10301,48800000,42264
12,976,48800000,48800100,4121,10301,48850000,42307
12,977,48850000,48850100,4121,10301,48900000,42352
12,978,48900000,48900100,4121,10301,48950000,42391
12,979,48950000,48950100,4121,10301,49000000,42438
12,98,4900000,4900100,4121,10301,4950000,4282
12,980,49000000,49000100,4121,10301,49050000,42481
12,981,49050000,49050100,4121,10301,49100000,42522
12,982,49100000,49100100,4121,10301,49150000,42567
12,983,49150000,49150100,4121,10301,49200000,42610
12,984,49200000,49200100,4121,10301,49250000,42653
12,985,49250000,49250100,4121,10301,49300000,42697
12,986,49300000,49300100,4121,10301,49350000,42741
12,987,49350000,49350100,4121,10301,49400000,42784
12,988,49400000,49400100,4121,10301,49450000,42827
12,989,49450000,49450100,4121,10301,49500000,42870
12,99,4950000,4950100,4121,10301,5000000,4325
12,990,49500000,49500100,4121,10301,49550000,42911
12,991,49550000,49550100,4121,10301,49600000,42957
12,992,49600000,49600100,4121,10301,49650000,43000
12,993,49650000,49650100,4121,10301,49700000,43044
12,994,49700000,49700100,4121,10301,49750000,43086
12,995,49750000,49750100,4121,10301,49800000,43130
12,996,49800000,49800100,4121,10301,49850000,43173
12,997,49850000,49850100,4121,10301,49900000,43216
12,998,49900000,49900100,4121,10301,49950000,43261
12,999,49950000,49950100,4121,10301,50000000,43303
13,0,0,100,2267,5667,55000,38
13,1,55000,55100,2267,5667,110000,90
13,10,550000,550100,2267,5667,605000,518
13,100,5500000,5500100,2267,5667,5555000,4803
13,1000,55000000,55000100,2267,5667,55055000,47680
13,1001,55055000,55055100,2267,5667,55110000,47729
13,1002,55110000,55110100,2267,5667,55165000,47774
13,1003,55165000,55165100,2267,5667,55220000,47824
13,1004,55220000,55220100,2267,5667,55275000,47868
13,1005,55275000,55275100,2267,5667,55330000,47919
13,1006,55330000,55330100,2267,5667,55385000,47965
13,1007,55385000,55385100,2267,5667,55440000,48016
13,1008,55440000,55440100,2267,5667,55495000,48057
13,1009,55495000,55495100,2267,5667,55550000,48110
13,101,5555000,5555100,2267,5667,5610000,4856
13,1010,55550000,55550100,2267,5667,55605000,48155
13,1011,55605000,55605100,2267,5667,55660000,48206
13,1012,55660000,55660100,2267,5667,55715000,48249
13,1013,55715000,55715100,2267,5667,55770000,48302
13,1014,55770000,55770100,2267,5667,55825000,48345
13,1015,55825000,55825100,2267,5667,55880000,48396
13,1016,55880000,55880100,2267,5667,55935000,48441
13,1017,55935000,55935100,2267,5667,55990000,48490
13,1018,55990000,55990100,2267,5667,56045000,48537
13,1019,56045000,56045100,2267,5667,56100000,48587
13,102,5610000,5610100,2267,5667,5665000,4897
13,1020,56100000,56100100,2267,5667,56155000,48629
13,1021,56155000,56155100,2267,5667,56210000,48682
13,1022,56210000,56210100,2267,5667,56265000,48726
13,1023,56265000,56265100,2267,5667,56320000,48778
13,1024,56320000,56320100,2267,5667,56375000,48821
13,1025,56375000,56375100,2267,5667,56430000,48873
13,1026,56430000,56430100,2267,5667,56485000,48916
13,1027,56485000,56485100,2267,5667,56540000,48967
13,1028,56540000,56540100,2267,5667,56595000,49012
13,1029,56595000,56595100,2267,5667,56650000,49064
13,103,5665000,5665100,2267,5667,5720000,4950
13,1030,56650000,56650100,2267,5667,56705000,49109
13,1031,56705000,56705100,2267,5667,56760000,49159
13,1032,56760000,56760100,2267,5667,56815000,49202
13,1033,56815000,56815100,2267,5667,56870000,49251
13,1034,56870000,56870100,2267,5667,56925000,49298
13,1035,56925000,56925100,2267,5667,56980000,49350
13,1036,56980000,56980100,2267,5667,57035000,49392
13,1037,57035000,57035100,2267,5667,57090000,49445
13,1038,57090000,57090100,2267,5667,57145000,49487
13,1039,57145000,57145100,2267,5667,57200000,49540
13,104,5720000,5720100,2267,5667,5775000,4995
13,1040,57200000,57200100,2267,5667,57255000,49583
13,1041,57255000,57255100,2267,5667,57310000,49635
13,1042,57310000,57310100,2267,5667,57365000,49682
13,1043,57365000,57365100,2267,5667,57420000,49730
13,1044,57420000,57420100,2267,5667,57475000,49773
13,1045,57475000,57475100,2267,5667,57530000,49824
13,1046,57530000,57530100,2267,5667,57585000,49869
13,1047,57585000,57585100,2267,5667,57640000,49920
13,1048,57640000,57640100,2267,5667,57695000,49965
13,1049,57695000,57695100,2267,5667,57750000,50017
13,105,5775000,5775100,2267,5667,5830000,5044
13,1050,57750000,57750100,2267,5667,57805000,50060
13,1051,57805000,57805100,2267,5667,57860000,50112
13,1052,57860000,57860100,2267,5667,57915000,50154
13,1053,57915000,57915100,2267,5667,57970000,50207
13,1054,57970000,57970100,2267,5667,58025000,50251
13,1055,58025000,58025100,2267,5667,58080000,50302
13,1056,58080000,58080100,2267,5667,58135000,50345
13,1057,58135000,58135100,2267,5667,58190000,50395
13,1058,58190000,58190100,2267,5667,58245000,50442
13,1059,58245000,58245100,2267,5667,58300000,50492
13,106,5830000,5830100,2267,5667,5885000,5091
13,1060,58300000,58300100,2267,5667,58355000,50537
13,1061,58355000,58355100,2267,5667,58410000,50588
13,1062,58410000,58410100,2267,5667,58465000,50631
13,1063,58465000,58465100,2267,5667,58520000,50684
13,1064,58520000,58520100,2267,5667,58575000,50727
13,1065,58575000,58575100,2267,5667,58630000,50778
13,1066,58630000,58630100,2267,5667,58685000,50823
13,1067,58685000,58685100,2267,5667,58740000,50874
13,1068,58740000,58740100,2267,5667,58795000,50914
13,1069,58795000,58795100,2267,5667,58850000,50968
13,107,5885000,5885100,2267,5667,5940000,5140
13,1070,58850000,58850100,2267,5667,58905000,51014
13,1071,58905000,58905100,2267,5667,58960000,51064
13,1072,58960000,58960100,2267,5667,59015000,51109
13,1073,59015000,59015100,2267,5667,59070000,51159
13,1074,59070000,59070100,2267,5667,59125000,51204
13,1075,59125000,59125100,2267,5667,59180000,51253
13,1076,59180000,59180100,2267,5667,59235000,51298
13,1077,59235000,59235100,2267,5667,59290000,51351
13,1078,59290000,59290100,2267,5667,59345000,51394
13,1079,59345000,59345100,2267,5667,59400000,51447
13,108,5940000,5940100,2267,5667,5995000,5182
13,1080,59400000,59400100,2267,5667,59455000,51488
13,1081,59455000,59455100,2267,5667,59510000,51539
13,1082,59510000,59510100,2267,5667,59565000,51584
13,1083,59565000,59565100,2267,5667,59620000,51636
13,1084,59620000,59620100,2267,5667,59675000,51680
13,1085,59675000,59675100,2267,5667,59730000,51731
13,1086,59730000,59730100,2267,5667,59785000,51775
13,1087,59785000,59785100,2267,5667,59840000,51825
13,1088,59840000,59840100,2267,5667,59895000,51870
13,1089,59895000,59895100,2267,5667,59950000,51921
13,109,5995000,5995100,2267,5667,6050000,5234
13,1090,59950000,59950100,2267,5667,60005000,51968
13,1091,60005000,60005100,2267,5667,60060000,52018
13,1092,60060000,60060100,2267,5667,60115000,52059
13,1093,60115000,60115100,2267,5667,60170000,52112
13,1094,60170000,60170100,2267,5667,60225000,52155
13,1095,60225000,60225100,2267,5667,60280000,52208
13,1096,60280000,60280100,2267,5667,60335000,52251
13,1097,60335000,60335100,2267,5667,60390000,52302
13,1098,60390000,60390100,2267,5667,60445000,52347
13,1099,60445000,60445100,2267,5667,60500000,52398
13,11,605000,605100,2267,5667,660000,567
13,110,6050000,6050100,2267,5667,6105000,5280
13,1100,60500000,60500100,2267,5667,60555000,52442
13,1101,60555000,60555100,2267,5667,60610000,52493
13,1102,60610000,60610100,2267,5667,60665000,52539
13,1103,60665000,60665100,2267,5667,60720000,52588
13,1104,60720000,60720100,2267,5667,60775000,52631
13,1105,60775000,60775100,2267,5667,60830000,52683
13,1106,60830000,60830100,2267,5667,60885000,52728
13,1107,60885000,60885100,2267,5667,60940000,52779
13,1108,60940000,60940100,2267,5667,60995000,52822
13,1109,60995000,60995100,2267,5667,61050000,52876
13,111,6105000,6105100,2267,5667,6160000,5332
13,1110,61050000,61050100,2267,5667,61105000,52917
13,1111,61105000,61105100,2267,5667,61160000,52970
13,1112,61160000,61160100,2267,5667,61215000,53015
13,1113,61215000,61215100,2267,5667,61270000,53064
13,1114,61270000,61270100,2267,5667,61325000,53111
13,1115,61325000,61325100,2267,5667,61380000,53160
13,1116,61380000,61380100,2267,5667,61435000,53202
13,1117,61435000,61435100,2267,5667,61490000,53253
13,1118,61490000,61490100,2267,5667,61545000,53299
13,1119,61545000,61545100,2267,5667,61600000,53352
13,112,6160000,6160100,2267,5667,6215000,5375
13,1120,61600000,61600100,2267,5667,61655000,53395
13,1121,61655000,61655100,2267,5667,61710000,53447
13,1122,61710000,61710100,2267,5667,61765000,53490
13,1123,61765000,61765100,2267,5667,61820000,53541
13,1124,61820000,61820100,2267,5667,61875000,53584
13,1125,61875000,61875100,2267,5667,61930000,53637
13,1126,61930000,61930100,2267,5667,61985000,53682
13,1127,61985000,61985100,2267,5667,62040000,53732
13,1128,62040000,62040100,2267,5667,62095000,53775
13,1129,62095000,62095100,2267,5667,62150000,53825
13,113,6215000,6215100,2267,5667,6270000,5427
13,1130,62150000,62150100,2267,5667,62205000,53872
13,1131,62205000,62205100,2267,5667,62260000,53922
13,1132,62260000,62260100,2267,5667,62315000,53966
13,1133,62315000,62315100,2267,5667,62370000,54019
13,1134,62370000,62370100,2267,5667,62425000,54061
13,1135,62425000,62425100,2267,5667,62480000,54113
13,1136,62480000,62480100,2267,5667,62535000,54156
13,1137,62535000,62535100,2267,5667,62590000,54208
13,1138,62590000,62590100,2267,5667,62645000,54253
13,1139,62645000,62645100,2267,5667,62700000,54304
13,114,6270000,6270100,2267,5667,6325000,5470
13,1140,62700000,62700100,2267,5667,62755000,54347
13,1141,62755000,62755100,2267,5667,62810000,54398
13,1142,62810000,62810100,2267,5667,62865000,54443
13,1143,62865000,62865100,2267,5667,62920000,54494
13,1144,62920000,62920100,2267,5667,62975000,54539
13,1145,62975000,62975100,2267,5667,63030000,54588
13,1146,63030000,63030100,2267,5667,63085000,54633
13,1147,63085000,63085100,2267,5667,63140000,54685
13,1148,63140000,63140100,2267,5667,63195000,54727
13,1149,63195000,63195100,2267,5667,63250000,54781
13,115,6325000,6325100,2267,5667,6380000,5521
13,1150,63250000,63250100,2267,5667,63305000,54825
13,1151,63305000,63305100,2267,5667,63360000,54876
13,1152,63360000,63360100,2267,5667,63415000,54917
13,1153,63415000,63415100,2267,5667,63470000,54969
13,1154,63470000,63470100,2267,5667,63525000,55016
13,1155,63525000,63525100,2267,5667,63580000,55065
13,1156,63580000,63580100,2267,5667,63635000,55110
13,1157,63635000,63635100,2267,5667,63690000,55161
13,1158,63690000,63690100,2267,5667,63745000,55204
13,1159,63745000,63745100,2267,5667,63800000,55256
13,116,6380000,6380100,2267,5667,6435000,5564
13,1160,63800000,63800100,2267,5667,63855000,55301
13,1161,63855000,63855100,2267,5667,63910000,55352
13,1162,63910000,63910100,2267,5667,63965000,55397
13,1163,63965000,63965100,2267,5667,64020000,55448
13,1164,64020000,64020100,2267,5667,64075000,55488
13,1165,64075000,64075100,2267,5667,64130000,55541
13,1166,64130000,64130100,2267,5667,64185000,55585
13,1167,64185000,64185100,2267,5667,64240000,55637
13,1168,64240000,64240100,2267,5667,64295000,55682
13,1169,64295000,64295100,2267,5667,64350000,55733
13,117,6435000,6435100,2267,5667,6490000,5617
13,1170,64350000,64350100,2267,5667,64405000,55778
13,1171,64405000,64405100,2267,5667,64460000,55827
13,1172,64460000,64460100,2267,5667,64515000,55872
13,1173,64515000,64515100,2267,5667,64570000,55923
13,1174,64570000,64570100,2267,5667,64625000,55968
13,1175,64625000,64625100,2267,5667,64680000,56020
13,1176,64680000,64680100,2267,5667,64735000,56061
13,1177,64735000,64735100,2267,5667,64790000,56112
13,1178,64790000,64790100,2267,5667,64845000,56157
13,1179,64845000,64845100,2267,5667,64900000,56210
13,118,6490000,6490100,2267,5667,6545000,5662
13,1180,64900000,64900100,2267,5667,64955000,56252
13,1181,64955000,64955100,2267,5667,65010000,56305
13,1182,65010000,65010100,2267,5667,65065000,56349
13,1183,65065000,65065100,2267,5667,65120000,56399
13,1184,65120000,65120100,2267,5667,65175000,56444
13,1185,65175000,65175100,2267,5667,65230000,56494
13,1186,65230000,65230100,2267,5667,65285000,56541
13,1187,65285000,65285100,2267,5667,65340000,56589
13,1188,65340000,65340100,2267,5667,65395000,56632
13,1189,65395000,65395100,2267,5667,65450000,56686
13,119,6545000,6545100,2267,5667,6600000,5713
13,1190,65450000,65450100,2267,5667,65505000,56729
13,1191,65505000,65505100,2267,5667,65560000,56782
13,1192,65560000,65560100,2267,5667,65615000,56825
13,1193,65615000,65615100,2267,5667,65670000,56876
13,1194,65670000,65670100,2267,5667,65725000,56919
13,1195,65725000,65725100,2267,5667,65780000,56971
13,1196,65780000,65780100,2267,5667,65835000,57015
13,1197,65835000,65835100,2267,5667,65890000,57066
13,1198,65890000,65890100,2267,5667,65945000,57112
13,1199,65945000,65945100,2267,5667,66000000,57162
13,12,660000,660100,2267,5667,715000,609
13,120,6600000,6600100,2267,5667,6655000,5756
13,1200,66000000,66000100,2267,5667,66055000,57205
13,1201,66055000,66055100,2267,5667,66110000,57255
13,1202,66110000,66110100,2267,5667,66165000,57302
13,1203,66165000,66165100,2267,5667,66220000,57353
13,1204,66220000,66220100,2267,5667,66275000,57396
13,1205,66275000,66275100,2267,5667,66330000,57449
13,1206,66330000,66330100,2267,5667,66385000,57490
13,1207,66385000,66385100,2267,5667,66440000,57543
13,1208,66440000,66440100,2267,5667,66495000,57586
13,1209,66495000,66495100,2267,5667,66550000,57638
13,121,6655000,6655100,2267,5667,6710000,5805
13,1210,66550000,66550100,2267,5667,66605000,57685
13,1211,66605000,66605100,2267,5667,66660000,57734
13,1212,66660000,66660100,2267,5667,66715000,57776
13,1213,66715000,66715100,2267,5667,66770000,57827
13,1214,66770000,66770100,2267,5667,66825000,57873
13,1215,66825000,66825100,2267,5667,66880000,57923
13,1216,66880000,66880100,2267,5667,66935000,57968
13,1217,66935000,66935100,2267,5667,66990000,58020
13,1218,66990000,66990100,2267,5667,67045000,58063
13,1219,67045000,67045100,2267,5667,67100000,58115
13,122,6710000,6710100,2267,5667,6765000,5852
13,1220,67100000,67100100,2267,5667,67155000,58158
13,1221,67155000,67155100,2267,5667,67210000,58211
13,1222,67210000,67210100,2267,5667,67265000,58254
13,1223,67265000,67265100,2267,5667,67320000,58306
13,1224,67320000,67320100,2267,5667,67375000,58349
13,1225,67375000,67375100,2267,5667,67430000,58398
13,1226,67430000,67430100,2267,5667,67485000,58445
13,1227,67485000,67485100,2267,5667,67540000,58495
13,1228,67540000,67540100,2267,5667,67595000,58539
13,1229,67595000,67595100,2267,5667,67650000,58591
13,123,6765000,6765100,2267,5667,6820000,5902
13,1230,67650000,67650100,2267,5667,67705000,58635
13,1231,67705000,67705100,2267,5667,67760000,58687
13,1232,67760000,67760100,2267,5667,67815000,58730
13,1233,67815000,67815100,2267,5667,67870000,58782
13,1234,67870000,67870100,2267,5667,67925000,58827
13,1235,67925000,67925100,2267,5667,67980000,58877
13,1236,67980000,67980100,2267,5667,68035000,58918
13,1237,68035000,68035100,2267,5667,68090000,58971
13,1238,68090000,68090100,2267,5667,68145000,59016
13,1239,68145000,68145100,2267,5667,68200000,59068
13,124,6820000,6820100,2267,5667,6875000,5946
13,1240,68200000,68200100,2267,5667,68255000,59113
13,1241,68255000,68255100,2267,5667,68310000,59162
13,1242,68310000,68310100,2267,5667,68365000,59207
13,1243,68365000,68365100,2267,5667,68420000,59257
13,1244,68420000,68420100,2267,5667,68475000,59301
13,1245,68475000,68475100,2267,5667,68530000,59354
13,1246,68530000,68530100,2267,5667,68585000,59398
13,1247,68585000,68585100,2267,5667,68640000,59449
13,1248,68640000,68640100,2267,5667,68695000,59490
13,1249,68695000,68695100,2267,5667,68750000,59543
13,125,6875000,6875100,2267,5667,6930000,5999
13,1250,68750000,68750100,2267,5667,68805000,59588
13,1251,68805000,68805100,2267,5667,68860000,59639
13,1252,68860000,68860100,2267,5667,68915000,59684
13,1253,68915000,68915100,2267,5667,68970000,59735
13,1254,68970000,68970100,2267,5667,69025000,59778
13,1255,69025000,69025100,2267,5667,69080000,59829
13,1256,69080000,69080100,2267,5667,69135000,59874
13,1257,69135000,69135100,2267,5667,69190000,59923
13,1258,69190000,69190100,2267,5667,69245000,59970
13,1259,69245000,69245100,2267,5667,69300000,60022
13,126,6930000,6930100,2267,5667,6985000,6041
13,1260,69300000,69300100,2267,5667,69355000,60062
13,1261,69355000,69355100,2267,5667,69410000,60115
13,1262,69410000,69410100,2267,5667,69465000,60159
13,1263,69465000,69465100,2267,5667,69520000,60211
13,1264,69520000,69520100,2267,5667,69575000,60254
13,1265,69575000,69575100,2267,5667,69630000,60306
13,1266,69630000,69630100,2267,5667,69685000,60351
13,1267,69685000,69685100,2267,5667,69740000,60400
13,1268,69740000,69740100,2267,5667,69795000,60445
13,1269,69795000,69795100,2267,5667,69850000,60497
13,127,6985000,6985100,2267,5667,7040000,6093
13,1270,69850000,69850100,2267,5667,69905000,60542
13,1271,69905000,69905100,2267,5667,69960000,60592
13,1272,69960000,69960100,2267,5667,70015000,60635
13,1273,70015000,70015100,2267,5667,70070000,60686
13,1274,70070000,70070100,2267,5667,70125000,60731
13,1275,70125000,70125100,2267,5667,70180000,60783
13,1276,70180000,70180100,2267,5667,70235000,60825
13,1277,70235000,70235100,2267,5667,70290000,60878
13,1278,70290000,70290100,2267,5667,70345000,60920
13,1279,70345000,70345100,2267,5667,70400000,60973
13,128,7040000,7040100,2267,5667,7095000,6136
13,1280,70400000,70400100,2267,5667,70455000,61018
13,1281,70455000,70455100,2267,5667,70510000,61068
13,1282,70510000,70510100,2267,5667,70565000,61115
13,1283,70565000,70565100,2267,5667,70620000,61163
13,1284,70620000,70620100,2267,5667,70675000,61206
13,1285,70675000,70675100,2267,5667,70730000,61257
13,1286,70730000,70730100,2267,5667,70785000,61302
13,1287,70785000,70785100,2267,5667,70840000,61355
13,1288,70840000,70840100,2267,5667,70895000,61398
13,1289,70895000,70895100,2267,5667,70950000,61450
13,129,7095000,7095100,2267,5667,7150000,6189
13,1290,70950000,70950100,2267,5667,71005000,61493
13,1291,71005000,71005100,2267,5667,71060000,61545
13,1292,71060000,71060100,2267,5667,71115000,61587
13,1293,71115000,71115100,2267,5667,71170000,61640
13,1294,71170000,71170100,2267,5667,71225000,61686
13,1295,71225000,71225100,2267,5667,71280000,61735
13,1296,71280000,71280100,2267,5667,71335000,61778
13,1297,71335000,71335100,2267,5667,71390000,61828
13,1298,71390000,71390100,2267,5667,71445000,61875
13,1299,71445000,71445100,2267,5667,71500000,61925
13,13,715000,715100,2267,5667,770000,662
13,130,7150000,7150100,2267,5667,7205000,6234
13,1300,71500000,71500100,2267,5667,71555000,61970
13,1301,71555000,71555100,2267,5667,71610000,62023
13,1302,71610000,71610100,2267,5667,71665000,62064
13,1303,71665000,71665100,2267,5667,71720000,62117
13,1304,71720000,71720100,2267,5667,71775000,62160
13,1305,71775000,71775100,2267,5667,71830000,62211
13,1306,71830000,71830100,2267,5667,71885000,62256
13,1307,71885000,71885100,2267,5667,71940000,62307
13,1308,71940000,71940100,2267,5667,71995000,62349
13,1309,71995000,71995100,2267,5667,72050000,62401
13,131,7205000,7205100,2267,5667,7260000,6284
13,1310,72050000,72050100,2267,5667,72105000,62447
13,1311,72105000,72105100,2267,5667,72160000,62497
13,1312,72160000,72160100,2267,5667,72215000,62542
13,1313,72215000,72215100,2267,5667,72270000,62592
13,1314,72270000,72270100,2267,5667,72325000,62637
13,1315,72325000,72325100,2267,5667,72380000,62688
13,1316,72380000,72380100,2267,5667,72435000,62731
13,1317,72435000,72435100,2267,5667,72490000,62784
13,1318,72490000,72490100,2267,5667,72545000,62827
13,1319,72545000,72545100,2267,5667,72600000,62880
13,132,7260000,7260100,2267,5667,7315000,6327
13,1320,72600000,72600100,2267,5667,72655000,62921
13,1321,72655000,72655100,2267,5667,72710000,62972
13,1322,72710000,72710100,2267,5667,72765000,63019
13,1323,72765000,72765100,2267,5667,72820000,63069
13,1324,72820000,72820100,2267,5667,72875000,63113
13,1325,72875000,72875100,2267,5667,72930000,63164
13,1326,72930000,72930100,2267,5667,72985000,63208
13,1327,72985000,72985100,2267,5667,73040000,63258
13,1328,73040000,73040100,2267,5667,73095000,63303
13,1329,73095000,73095100,2267,5667,73150000,63356
13,133,7315000,7315100,2267,5667,7370000,6378
13,1330,73150000,73150100,2267,5667,73205000,63401
13,1331,73205000,73205100,2267,5667,73260000,63451
13,1332,73260000,73260100,2267,5667,73315000,63492
13,1333,73315000,73315100,2267,5667,73370000,63545
13,1334,73370000,73370100,2267,5667,73425000,63588
13,1335,73425000,73425100,2267,5667,73480000,63641
13,1336,73480000,73480100,2267,5667,73535000,63686
13,1337,73535000,73535100,2267,5667,73590000,63735
13,1338,73590000,73590100,2267,5667,73645000,63780
13,1339,73645000,73645100,2267,5667,73700000,63831
13,134,7370000,7370100,2267,5667,7425000,6423
13,1340,73700000,73700100,2267,5667,73755000,63875
13,1341,73755000,73755100,2267,5667,73810000,63926
13,1342,73810000,73810100,2267,5667,73865000,63972
13,1343,73865000,73865100,2267,5667,73920000,64023
13,1344,73920000,73920100,2267,5667,73975000,64064
13,1345,73975000,73975100,2267,5667,74030000,64116
13,1346,74030000,74030100,2267,5667,74085000,64161
13,1347,74085000,74085100,2267,5667,74140000,64212
13,1348,74140000,74140100,2267,5667,74195000,64255
13,1349,74195000,74195100,2267,5667,74250000,64309
13,135,7425000,7425100,2267,5667,7480000,6474
13,1350,74250000,74250100,2267,5667,74305000,64352
13,1351,74305000,74305100,2267,5667,74360000,64403
13,1352,74360000,74360100,2267,5667,74415000,64448
13,1353,74415000,74415100,2267,5667,74470000,64497
13,1354,74470000,74470100,2267,5667,74525000,64544
13,1355,74525000,74525100,2267,5667,74580000,64593
13,1356,74580000,74580100,2267,5667,74635000,64635
13,1357,74635000,74635100,2267,5667,74690000,64688
13,1358,74690000,74690100,2267,5667,74745000,64732
13,1359,74745000,74745100,2267,5667,74800000,64785
13,136,7480000,7480100,2267,5667,7535000,6519
13,1360,74800000,74800100,2267,5667,74855000,64828
13,1361,74855000,74855100,2267,5667,74910000,64880
13,1362,74910000,74910100,2267,5667,74965000,64923
13,1363,74965000,74965100,2267,5667,75020000,64974
13,1364,75020000,75020100,2267,5667,75075000,65019
13,1365,75075000,75075100,2267,5667,75130000,65070
13,1366,75130000,75130100,2267,5667,75185000,65115
13,1367,75185000,75185100,2267,5667,75240000,65165
13,1368,75240000,75240100,2267,5667,75295000,65208
13,1369,75295000,75295100,2267,5667,75350000,65258
13,137,7535000,7535100,2267,5667,7590000,6568
13,1370,75350000,75350100,2267,5667,75405000,65305
13,1371,75405000,75405100,2267,5667,75460000,65357
13,1372,75460000,75460100,2267,5667,75515000,65399
13,1373,75515000,75515100,2267,5667,75570000,65452
13,1374,75570000,75570100,2267,5667,75625000,65494
13,1375,75625000,75625100,2267,5667,75680000,65546
13,1376,75680000,75680100,2267,5667,75735000,65589
13,1377,75735000,75735100,2267,5667,75790000,65641
13,1378,75790000,75790100,2267,5667,75845000,65688
13,1379,75845000,75845100,2267,5667,75900000,65737
13,138,7590000,7590100,2267,5667,7645000,6613
13,1380,75900000,75900100,2267,5667,75955000,65780
13,1381,75955000,75955100,2267,5667,76010000,65831
13,1382,76010000,76010100,2267,5667,76065000,65876
13,1383,76065000,76065100,2267,5667,76120000,65927
13,1384,76120000,76120100,2267,5667,76175000,65972
13,1385,76175000,76175100,2267,5667,76230000,66023
13,1386,76230000,76230100,2267,5667,76285000,66066
13,1387,76285000,76285100,2267,5667,76340000,66118
13,1388,76340000,76340100,2267,5667,76395000,66160
13,1389,76395000,76395100,2267,5667,76450000,66214
13,139,7645000,7645100,2267,5667,7700000,6666
13,1390,76450000,76450100,2267,5667,76505000,66258
13,1391,76505000,76505100,2267,5667,76560000,66309
13,1392,76560000,76560100,2267,5667,76615000,66352
13,1393,76615000,76615100,2267,5667,76670000,66402
13,1394,76670000,76670100,2267,5667,76725000,66449
13,1395,76725000,76725100,2267,5667,76780000,66498
13,1396,76780000,76780100,2267,5667,76835000,66543
13,1397,76835000,76835100,2267,5667,76890000,66594
13,1398,76890000,76890100,2267,5667,76945000,66637
13,1399,76945000,76945100,2267,5667,77000000,66691
13,14,770000,770100,2267,5667,825000,706
13,140,7700000,7700100,2267,5667,7755000,6708
13,1400,77000000,77000100,2267,5667,77055000,66734
13,1401,77055000,77055100,2267,5667,77110000,66785
13,1402,77110000,77110100,2267,5667,77165000,66830
13,1403,77165000,77165100,2267,5667,77220000,66881
13,1404,77220000,77220100,2267,5667,77275000,66921
13,1405,77275000,77275100,2267,5667,77330000,66974
13,1406,77330000,77330100,2267,5667,77385000,67020
13,1407,77385000,77385100,2267,5667,77440000,67070
13,1408,77440000,77440100,2267,5667,77495000,67115
13,1409,77495000,77495100,2267,5667,77550000,67166
13,141,7755000,7755100,2267,5667,7810000,6761
13,1410,77550000,77550100,2267,5667,77605000,67211
13,1411,77605000,77605100,2267,5667,77660000,67260
13,1412,77660000,77660100,2267,5667,77715000,67305
13,1413,77715000,77715100,2267,5667,77770000,67358
13,1414,77770000,77770100,2267,5667,77825000,67401
13,1415,77825000,77825100,2267,5667,77880000,67453
13,1416,77880000,77880100,2267,5667,77935000,67494
13,1417,77935000,77935100,2267,5667,77990000,67545
13,1418,77990000,77990100,2267,5667,78045000,67590
13,1419,78045000,78045100,2267,5667,78100000,67643
13,142,7810000,7810100,2267,5667,7865000,6805
13,1420,78100000,78100100,2267,5667,78155000,67687
13,1421,78155000,78155100,2267,5667,78210000,67738
13,1422,78210000,78210100,2267,5667,78265000,67782
13,1423,78265000,78265100,2267,5667,78320000,67832
13,1424,78320000,78320100,2267,5667,78375000,67877
13,1425,78375000,78375100,2267,5667,78430000,67927
13,1426,78430000,78430100,2267,5667,78485000,67974
13,1427,78485000,78485100,2267,5667,78540000,68024
13,1428,78540000,78540100,2267,5667,78595000,68065
13,1429,78595000,78595100,2267,5667,78650000,68119
13,143,7865000,7865100,2267,5667,7920000,6856
13,1430,78650000,78650100,2267,5667,78705000,68162
13,1431,78705000,78705100,2267,5667,78760000,68215
13,1432,78760000,78760100,2267,5667,78815000,68258
13,1433,78815000,78815100,2267,5667,78870000,68309
13,1434,78870000,78870100,2267,5667,78925000,68354
13,1435,78925000,78925100,2267,5667,78980000,68404
13,1436,78980000,78980100,2267,5667,79035000,68448
13,1437,79035000,79035100,2267,5667,79090000,68499
13,1438,79090000,79090100,2267,5667,79145000,68545
13,1439,79145000,79145100,2267,5667,79200000,68595
13,144,7920000,7920100,2267,5667,7975000,6897
13,1440,79200000,79200100,2267,5667,79255000,68638
13,1441,79255000,79255100,2267,5667,79310000,68690
13,1442,79310000,79310100,2267,5667,79365000,68735
13,1443,79365000,79365100,2267,5667,79420000,68786
13,1444,79420000,79420100,2267,5667,79475000,68829
13,1445,79475000,79475100,2267,5667,79530000,68882
13,1446,79530000,79530100,2267,5667,79585000,68923
13,1447,79585000,79585100,2267,5667,79640000,68976
13,1448,79640000,79640100,2267,5667,79695000,69021
13,1449,79695000,79695100,2267,5667,79750000,69071
13,145,7975000,7975100,2267,5667,8030000,6949
13,1450,79750000,79750100,2267,5667,79805000,69118
13,1451,79805000,79805100,2267,5667,79860000,69167
13,1452,79860000,79860100,2267,5667,79915000,69209
13,1453,79915000,79915100,2267,5667,79970000,69260
13,1454,79970000,79970100,2267,5667,80025000,69306
13,1455,80025000,80025100,2267,5667,80080000,69358
13,1456,80080000,80080100,2267,5667,80135000,69401
13,1457,80135000,80135100,2267,5667,80190000,69453
13,1458,80190000,80190100,2267,5667,80245000,69496
13,1459,80245000,80245100,2267,5667,80300000,69548
13,146,8030000,8030100,2267,5667,8085000,6996
13,1460,80300000,80300100,2267,5667,80355000,69591
13,1461,80355000,80355100,2267,5667,80410000,69644
13,1462,80410000,80410100,2267,5667,80465000,69689
13,1463,80465000,80465100,2267,5667,80520000,69739
13,1464,80520000,80520100,2267,5667,80575000,69782
13,1465,80575000,80575100,2267,5667,80630000,69831
13,1466,80630000,80630100,2267,5667,80685000,69878
13,1467,80685000,80685100,2267,5667,80740000,69928
13,1468,80740000,80740100,2267,5667,80795000,69972
13,1469,80795000,80795100,2267,5667,80850000,70026
13,147,8085000,8085100,2267,5667,8140000,7045
13,1470,80850000,80850100,2267,5667,80905000,70068
13,1471,80905000,80905100,2267,5667,80960000,70120
13,1472,80960000,80960100,2267,5667,81015000,70163
13,1473,81015000,81015100,2267,5667,81070000,70215
13,1474,81070000,81070100,2267,5667,81125000,70260
13,1475,81125000,81125100,2267,5667,81180000,70310
13,1476,81180000,81180100,2267,5667,81235000,70353
13,1477,81235000,81235100,2267,5667,81290000,70404
13,1478,81290000,81290100,2267,5667,81345000,70449
13,1479,81345000,81345100,2267,5667,81400000,70501
13,148,8140000,8140100,2267,5667,8195000,7090
13,1480,81400000,81400100,2267,5667,81455000,70546
13,1481,81455000,81455100,2267,5667,81510000,70595
13,1482,81510000,81510100,2267,5667,81565000,70640
13,1483,81565000,81565100,2267,5667,81620000,70692
13,1484,81620000,81620100,2267,5667,81675000,70734
13,1485,81675000,81675100,2267,5667,81730000,70787
13,1486,81730000,81730100,2267,5667,81785000,70831
13,1487,81785000,81785100,2267,5667,81840000,70882
13,1488,81840000,81840100,2267,5667,81895000,70923
13,1489,81895000,81895100,2267,5667,81950000,70976
13,149,8195000,8195100,2267,5667,8250000,7142
13,1490,81950000,81950100,2267,5667,82005000,71023
13,1491,82005000,82005100,2267,5667,82060000,71072
13,1492,82060000,82060100,2267,5667,82115000,71117
13,1493,82115000,82115100,2267,5667,82170000,71168
13,1494,82170000,82170100,2267,5667,82225000,71211
13,1495,82225000,82225100,2267,5667,82280000,71262
13,1496,82280000,82280100,2267,5667,82335000,71307
13,1497,82335000,82335100,2267,5667,82390000,71358
13,1498,82390000,82390100,2267,5667,82445000,71403
13,1499,82445000,82445100,2267,5667,82500000,71455
13,15,825000,825100,2267,5667,880000,758
13,150,8250000,8250100,2267,5667,8305000,7185
13,1500,82500000,82500100,2267,5667,82555000,71495
13,1501,82555000,82555100,2267,5667,82610000,71548
13,1502,82610000,82610100,2267,5667,82665000,71592
13,1503,82665000,82665100,2267,5667,82720000,71644
13,1504,82720000,82720100,2267,5667,82775000,71689
13,1505,82775000,82775100,2267,5667,82830000,71739
13,1506,82830000,82830100,2267,5667,82885000,71784
13,1507,82885000,82885100,2267,5667,82940000,71833
13,1508,82940000,82940100,2267,5667,82995000,71878
13,1509,82995000,82995100,2267,5667,83050000,71930
13,151,8305000,8305100,2267,5667,8360000,7236
13,1510,83050000,83050100,2267,5667,83105000,71975
13,1511,83105000,83105100,2267,5667,83160000,72027
13,1512,83160000,83160100,2267,5667,83215000,72068
13,1513,83215000,83215100,2267,5667,83270000,72119
13,1514,83270000,83270100,2267,5667,83325000,72164
13,1515,83325000,83325100,2267,5667,83380000,72216
13,1516,83380000,83380100,2267,5667,83435000,72258
13,1517,83435000,83435100,2267,5667,83490000,72311
13,1518,83490000,83490100,2267,5667,83545000,72355
13,1519,83545000,83545100,2267,5667,83600000,72406
13,152,8360000,8360100,2267,5667,8415000,7281
13,1520,83600000,83600100,2267,5667,83655000,72451
13,1521,83655000,83655100,2267,5667,83710000,72501
13,1522,83710000,83710100,2267,5667,83765000,72548
13,1523,83765000,83765100,2267,5667,83820000,72596
13,1524,83820000,83820100,2267,5667,83875000,72639
13,1525,83875000,83875100,2267,5667,83930000,72692
13,1526,83930000,83930100,2267,5667,83985000,72735
13,1527,83985000,83985100,2267,5667,84040000,72788
13,1528,84040000,84040100,2267,5667,84095000,72831
13,1529,84095000,84095100,2267,5667,84150000,72883
13,153,8415000,8415100,2267,5667,8470000,7332
13,1530,84150000,84150100,2267,5667,84205000,72926
13,1531,84205000,84205100,2267,5667,84260000,72978
13,1532,84260000,84260100,2267,5667,84315000,73022
13,1533,84315000,84315100,2267,5667,84370000,73073
13,1534,84370000,84370100,2267,5667,84425000,73119
13,1535,84425000,84425100,2267,5667,84480000,73168
13,1536,84480000,84480100,2267,5667,84535000,73211
13,1537,84535000,84535100,2267,5667,84590000,73261
13,1538,84590000,84590100,2267,5667,84645000,73308
13,1539,84645000,84645100,2267,5667,84700000,73360
13,154,8470000,8470100,2267,5667,8525000,7377
13,1540,84700000,84700100,2267,5667,84755000,73403
13,1541,84755000,84755100,2267,5667,84810000,73456
13,1542,84810000,84810100,2267,5667,84865000,73497
13,1543,84865000,84865100,2267,5667,84920000,73550
13,1544,84920000,84920100,2267,5667,84975000,73593
13,1545,84975000,84975100,2267,5667,85030000,73644
13,1546,85030000,85030100,2267,5667,85085000,73691
13,1547,85085000,85085100,2267,5667,85140000,73740
13,1548,85140000,85140100,2267,5667,85195000,73782
13,1549,85195000,85195100,2267,5667,85250000,73834
13,155,8525000,8525100,2267,5667,8580000,7428
13,1550,85250000,85250100,2267,5667,85305000,73880
13,1551,85305000,85305100,2267,5667,85360000,73930
13,1552,85360000,85360100,2267,5667,85415000,73975
13,1553,85415000,85415100,2267,5667,85470000,74027
13,1554,85470000,85470100,2267,5667,85525000,74070
13,1555,85525000,85525100,2267,5667,85580000,74121
13,1556,85580000,85580100,2267,5667,85635000,74164
13,1557,85635000,85635100,2267,5667,85690000,74217
13,1558,85690000,85690100,2267,5667,85745000,74260
13,1559,85745000,85745100,2267,5667,85800000,74313
13,156,8580000,8580100,2267,5667,8635000,7468
13,1560,85800000,85800100,2267,5667,85855000,74356
13,1561,85855000,85855100,2267,5667,85910000,74405
13,1562,85910000,85910100,2267,5667,85965000,74452
13,1563,85965000,85965100,2267,5667,86020000,74502
13,1564,86020000,86020100,2267,5667,86075000,74546
13,1565,86075000,86075100,2267,5667,86130000,74597
13,1566,86130000,86130100,2267,5667,86185000,74641
13,1567,86185000,86185100,2267,5667,86240000,74693
13,1568,86240000,86240100,2267,5667,86295000,74736
13,1569,86295000,86295100,2267,5667,86350000,74789
13,157,8635000,8635100,2267,5667,8690000,7521
13,1570,86350000,86350100,2267,5667,86405000,74834
13,1571,86405000,86405100,2267,5667,86460000,74884
13,1572,86460000,86460100,2267,5667,86515000,74925
13,1573,86515000,86515100,2267,5667,86570000,74978
13,1574,86570000,86570100,2267,5667,86625000,75023
13,1575,86625000,86625100,2267,5667,86680000,75074
13,1576,86680000,86680100,2267,5667,86735000,75119
13,1577,86735000,86735100,2267,5667,86790000,75168
13,1578,86790000,86790100,2267,5667,86845000,75213
13,1579,86845000,86845100,2267,5667,86900000,75264
13,158,8690000,8690100,2267,5667,8745000,7565
13,1580,86900000,86900100,2267,5667,86955000,75308
13,1581,86955000,86955100,2267,5667,87010000,75361
13,1582,87010000,87010100,2267,5667,87065000,75405
13,1583,87065000,87065100,2267,5667,87120000,75456
13,1584,87120000,87120100,2267,5667,87175000,75497
13,1585,87175000,87175100,2267,5667,87230000,75549
13,1586,87230000,87230100,2267,5667,87285000,75594
13,1587,87285000,87285100,2267,5667,87340000,75645
13,1588,87340000,87340100,2267,5667,87395000,75690
13,1589,87395000,87395100,2267,5667,87450000,75742
13,159,8745000,8745100,2267,5667,8800000,7618
13,1590,87450000,87450100,2267,5667,87505000,75785
13,1591,87505000,87505100,2267,5667,87560000,75836
13,1592,87560000,87560100,2267,5667,87615000,75881
13,1593,87615000,87615100,2267,5667,87670000,75930
13,1594,87670000,87670100,2267,5667,87725000,75977
13,1595,87725000,87725100,2267,5667,87780000,76028
13,1596,87780000,87780100,2267,5667,87835000,76068
13,1597,87835000,87835100,2267,5667,87890000,76121
13,1598,87890000,87890100,2267,5667,87945000,76165
13,1599,87945000,87945100,2267,5667,88000000,76218
13,16,880000,880100,2267,5667,935000,801
13,160,8800000,8800100,2267,5667,8855000,7663
13,1600,88000000,88000100,2267,5667,88055000,76261
13,1601,88055000,88055100,2267,5667,88110000,76313
13,1602,88110000,88110100,2267,5667,88165000,76358
13,1603,88165000,88165100,2267,5667,88220000,76407
13,1604,88220000,88220100,2267,5667,88275000,76452
13,1605,88275000,88275100,2267,5667,88330000,76503
13,1606,88330000,88330100,2267,5667,88385000,76548
13,1607,88385000,88385100,2267,5667,88440000,76598
13,1608,88440000,88440100,2267,5667,88495000,76641
13,1609,88495000,88495100,2267,5667,88550000,76693
13,161,8855000,8855100,2267,5667,8910000,7713
13,1610,88550000,88550100,2267,5667,88605000,76738
13,1611,88605000,88605100,2267,5667,88660000,76790
13,1612,88660000,88660100,2267,5667,88715000,76832
13,1613,88715000,88715100,2267,5667,88770000,76885
13,1614,88770000,88770100,2267,5667,88825000,76927
13,1615,88825000,88825100,2267,5667,88880000,76979
13,1616,88880000,88880100,2267,5667,88935000,77024
13,1617,88935000,88935100,2267,5667,88990000,77074
13,1618,88990000,88990100,2267,5667,89045000,77121
13,1619,89045000,89045100,2267,5667,89100000,77170
13,162,8910000,8910100,2267,5667,8965000,7758
13,1620,89100000,89100100,2267,5667,89155000,77213
13,1621,89155000,89155100,2267,5667,89210000,77264
13,1622,89210000,89210100,2267,5667,89265000,77309
13,1623,89265000,89265100,2267,5667,89320000,77362
13,1624,89320000,89320100,2267,5667,89375000,77405
13,1625,89375000,89375100,2267,5667,89430000,77456
13,1626,89430000,89430100,2267,5667,89485000,77499
13,1627,89485000,89485100,2267,5667,89540000,77551
13,1628,89540000,89540100,2267,5667,89595000,77593
13,1629,89595000,89595100,2267,5667,89650000,77647
13,163,8965000,8965100,2267,5667,9020000,7807
13,1630,89650000,89650100,2267,5667,89705000,77693
13,1631,89705000,89705100,2267,5667,89760000,77742
13,1632,89760000,89760100,2267,5667,89815000,77785
13,1633,89815000,89815100,2267,5667,89870000,77835
13,1634,89870000,89870100,2267,5667,89925000,77882
13,1635,89925000,89925100,2267,5667,89980000,77931
13,1636,89980000,89980100,2267,5667,90035000,77976
13,1637,90035000,90035100,2267,5667,90090000,78029
13,1638,90090000,90090100,2267,5667,90145000,78070
13,1639,90145000,90145100,2267,5667,90200000,78124
13,164,9020000,9020100,2267,5667,9075000,7852
13,1640,90200000,90200100,2267,5667,90255000,78167
13,1641,90255000,90255100,2267,5667,90310000,78218
13,1642,90310000,90310100,2267,5667,90365000,78263
13,1643,90365000,90365100,2267,5667,90420000,78314
13,1644,90420000,90420100,2267,5667,90475000,78356
13,1645,90475000,90475100,2267,5667,90530000,78407
13,1646,90530000,90530100,2267,5667,90585000,78453
13,1647,90585000,90585100,2267,5667,90640000,78503
13,1648,90640000,90640100,2267,5667,90695000,78548
13,1649,90695000,90695100,2267,5667,90750000,78599
13,165,9075000,9075100,2267,5667,9130000,7903
13,1650,90750000,90750100,2267,5667,90805000,78644
13,1651,90805000,90805100,2267,5667,90860000,78695
13,1652,90860000,90860100,2267,5667,90915000,78738
13,1653,90915000,90915100,2267,5667,90970000,78791
13,1654,90970000,90970100,2267,5667,91025000,78834
13,1655,91025000,91025100,2267,5667,91080000,78886
13,1656,91080000,91080100,2267,5667,91135000,78927
13,1657,91135000,91135100,2267,5667,91190000,78978
13,1658,91190000,91190100,2267,5667,91245000,79025
13,1659,91245000,91245100,2267,5667,91300000,79076
13,166,9130000,9130100,2267,5667,9185000,7948
13,1660,91300000,91300100,2267,5667,91355000,79120
13,1661,91355000,91355100,2267,5667,91410000,79171
13,1662,91410000,91410100,2267,5667,91465000,79215
13,1663,91465000,91465100,2267,5667,91520000,79265
13,1664,91520000,91520100,2267,5667,91575000,79310
13,1665,91575000,91575100,2267,5667,91630000,79362
13,1666,91630000,91630100,2267,5667,91685000,79407
13,1667,91685000,91685100,2267,5667,91740000,79457
13,1668,91740000,91740100,2267,5667,91795000,79498
13,1669,91795000,91795100,2267,5667,91850000,79552
13,167,9185000,9185100,2267,5667,9240000,8000
13,1670,91850000,91850100,2267,5667,91905000,79595
13,1671,91905000,91905100,2267,5667,91960000,79648
13,1672,91960000,91960100,2267,5667,92015000,79693
13,1673,92015000,92015100,2267,5667,92070000,79742
13,1674,92070000,92070100,2267,5667,92125000,79787
13,1675,92125000,92125100,2267,5667,92180000,79837
13,1676,92180000,92180100,2267,5667,92235000,79881
13,1677,92235000,92235100,2267,5667,92290000,79932
13,1678,92290000,92290100,2267,5667,92345000,79978
13,1679,92345000,92345100,2267,5667,92400000,80030
13,168,9240000,9240100,2267,5667,9295000,8041
13,169,9295000,9295100,2267,5667,9350000,8093
13,17,935000,935100,2267,5667,990000,853
13,170,9350000,9350100,2267,5667,9405000,8138
13,171,9405000,9405100,2267,5667,9460000,8190
13,172,9460000,9460100,2267,5667,9515000,8232
13,173,9515000,9515100,2267,5667,9570000,8285
13,174,9570000,9570100,2267,5667,9625000,8329
13,175,9625000,9625100,2267,5667,9680000,8379
13,176,9680000,9680100,2267,5667,9735000,8424
13,177,9735000,9735100,2267,5667,9790000,8474
13,178,9790000,9790100,2267,5667,9845000,8521
13,179,9845000,9845100,2267,5667,9900000,8570
13,18,990000,990100,2267,5667,1045000,896
13,180,9900000,9900100,2267,5667,9955000,8613
13,181,9955000,9955100,2267,5667,10010000,8666
13,182,10010000,10010100,2267,5667,10065000,8709
13,183,10065000,10065100,2267,5667,10120000,8762
13,184,10120000,10120100,2267,5667,10175000,8805
13,185,10175000,10175100,2267,5667,10230000,8856
13,186,10230000,10230100,2267,5667,10285000,8899
13,187,10285000,10285100,2267,5667,10340000,8951
13,188,10340000,10340100,2267,5667,10395000,8995
13,189,10395000,10395100,2267,5667,10450000,9047
13,19,1045000,1045100,2267,5667,1100000,948
13,190,10450000,10450100,2267,5667,10505000,9093
13,191,10505000,10505100,2267,5667,10560000,9142
13,192,10560000,10560100,2267,5667,10615000,9185
13,193,10615000,10615100,2267,5667,10670000,9235
13,194,10670000,10670100,2267,5667,10725000,9282
13,195,10725000,10725100,2267,5667,10780000,9333
13,196,10780000,10780100,2267,5667,10835000,9376
13,197,10835000,10835100,2267,5667,10890000,9429
13,198,10890000,10890100,2267,5667,10945000,9470
13,199,10945000,10945100,2267,5667,11000000,9524
13,2,110000,110100,2267,5667,165000,135
13,20,1100000,1100100,2267,5667,1155000,993
13,200,11000000,11000100,2267,5667,11055000,9567
13,201,11055000,11055100,2267,5667,11110000,9618
13,202,11110000,11110100,2267,5667,11165000,9665
13,203,11165000,11165100,2267,5667,11220000,9714
13,204,11220000,11220100,2267,5667,11275000,9756
13,205,11275000,11275100,2267,5667,11330000,9807
13,206,11330000,11330100,2267,5667,11385000,9853
13,207,11385000,11385100,2267,5667,11440000,9903
13,208,11440000,11440100,2267,5667,11495000,9948
13,209,11495000,11495100,2267,5667,11550000,10001
13,21,1155000,1155100,2267,5667,1210000,1044
13,210,11550000,11550100,2267,5667,11605000,10044
13,211,11605000,11605100,2267,5667,11660000,10095
13,212,11660000,11660100,2267,5667,11715000,10138
13,213,11715000,11715100,2267,5667,11770000,10191
13,214,11770000,11770100,2267,5667,11825000,10234
13,215,11825000,11825100,2267,5667,11880000,10286
13,216,11880000,11880100,2267,5667,11935000,10329
13,217,11935000,11935100,2267,5667,11990000,10378
13,218,11990000,11990100,2267,5667,12045000,10425
13,219,12045000,12045100,2267,5667,12100000,10476
13,22,1210000,1210100,2267,5667,1265000,1089
13,220,12100000,12100100,2267,5667,12155000,10520
13,221,12155000,12155100,2267,5667,12210000,10571
13,222,12210000,12210100,2267,5667,12265000,10615
13,223,12265000,12265100,2267,5667,12320000,10667
13,224,12320000,12320100,2267,5667,12375000,10710
13,225,12375000,12375100,2267,5667,12430000,10762
13,226,12430000,12430100,2267,5667,12485000,10807
13,227,12485000,12485100,2267,5667,12540000,10857
13,228,12540000,12540100,2267,5667,12595000,10898
13,229,12595000,12595100,2267,5667,12650000,10952
13,23,1265000,1265100,2267,5667,1320000,1139
13,230,12650000,12650100,2267,5667,12705000,10997
13,231,12705000,12705100,2267,5667,12760000,11048
13,232,12760000,12760100,2267,5667,12815000,11093
13,233,12815000,12815100,2267,5667,12870000,11142
13,234,12870000,12870100,2267,5667,12925000,11187
13,235,12925000,12925100,2267,5667,12980000,11237
13,236,12980000,12980100,2267,5667,13035000,11281
13,237,13035000,13035100,2267,5667,13090000,11334
13,238,13090000,13090100,2267,5667,13145000,11378
13,239,13145000,13145100,2267,5667,13200000,11430
13,24,1320000,1320100,2267,5667,1375000,1182
13,240,13200000,13200100,2267,5667,13255000,11471
13,241,13255000,13255100,2267,5667,13310000,11523
13,242,13310000,13310100,2267,5667,13365000,11568
13,243,13365000,13365100,2267,5667,13420000,11619
13,244,13420000,13420100,2267,5667,13475000,11664
13,245,13475000,13475100,2267,5667,13530000,11715
13,246,13530000,13530100,2267,5667,13585000,11758
13,247,13585000,13585100,2267,5667,13640000,11809
13,248,13640000,13640100,2267,5667,13695000,11854
13,249,13695000,13695100,2267,5667,13750000,11904
13,25,1375000,1375100,2267,5667,1430000,1231
13,250,13750000,13750100,2267,5667,13805000,11951
13,251,13805000,13805100,2267,5667,13860000,12002
13,252,13860000,13860100,2267,5667,13915000,12042
13,253,13915000,13915100,2267,5667,13970000,12095
13,254,13970000,13970100,2267,5667,14025000,12139
13,255,14025000,14025100,2267,5667,14080000,12191
13,256,14080000,14080100,2267,5667,14135000,12234
13,257,14135000,14135100,2267,5667,14190000,12286
13,258,14190000,14190100,2267,5667,14245000,12331
13,259,14245000,14245100,2267,5667,14300000,12381
13,26,1430000,1430100,2267,5667,1485000,1278
13,260,14300000,14300100,2267,5667,14355000,12426
13,261,14355000,14355100,2267,5667,14410000,12477
13,262,14410000,14410100,2267,5667,14465000,12522
13,263,14465000,14465100,2267,5667,14520000,12572
13,264,14520000,14520100,2267,5667,14575000,12615
13,265,14575000,14575100,2267,5667,14630000,12666
13,266,14630000,14630100,2267,5667,14685000,12711
13,267,14685000,14685100,2267,5667,14740000,12763
13,268,14740000,14740100,2267,5667,14795000,12805
13,269,14795000,14795100,2267,5667,14850000,12859
13,27,1485000,1485100,2267,5667,1540000,1330
13,270,14850000,14850100,2267,5667,14905000,12901
13,271,14905000,14905100,2267,5667,14960000,12953
13,272,14960000,14960100,2267,5667,15015000,12998
13,273,15015000,15015100,2267,5667,15070000,13048
13,274,15070000,15070100,2267,5667,15125000,13095
13,275,15125000,15125100,2267,5667,15180000,13143
13,276,15180000,15180100,2267,5667,15235000,13186
13,277,15235000,15235100,2267,5667,15290000,13237
13,278,15290000,15290100,2267,5667,15345000,13282
13,279,15345000,15345100,2267,5667,15400000,13336
13,28,1540000,1540100,2267,5667,1595000,1372
13,280,15400000,15400100,2267,5667,15455000,13379
13,281,15455000,15455100,2267,5667,15510000,13430
13,282,15510000,15510100,2267,5667,15565000,13473
13,283,15565000,15565100,2267,5667,15620000,13525
13,284,15620000,15620100,2267,5667,15675000,13567
13,285,15675000,15675100,2267,5667,15730000,13620
13,286,15730000,15730100,2267,5667,15785000,13666
13,287,15785000,15785100,2267,5667,15840000,13715
13,288,15840000,15840100,2267,5667,15895000,13758
13,289,15895000,15895100,2267,5667,15950000,13809
13,29,1595000,1595100,2267,5667,1650000,1426
13,290,15950000,15950100,2267,5667,16005000,13856
13,291,16005000,16005100,2267,5667,16060000,13905
13,292,16060000,16060100,2267,5667,16115000,13950
13,293,16115000,16115100,2267,5667,16170000,14003
13,294,16170000,16170100,2267,5667,16225000,14044
13,295,16225000,16225100,2267,5667,16280000,14097
13,296,16280000,16280100,2267,5667,16335000,14140
13,297,16335000,16335100,2267,5667,16390000,14191
13,298,16390000,16390100,2267,5667,16445000,14236
13,299,16445000,16445100,2267,5667,16500000,14288
13,3,165000,165100,2267,5667,220000,186
13,30,1650000,1650100,2267,5667,1705000,1468
13,300,16500000,16500100,2267,5667,16555000,14330
13,301,16555000,16555100,2267,5667,16610000,14381
13,302,16610000,16610100,2267,5667,16665000,14427
13,303,16665000,16665100,2267,5667,16720000,14477
13,304,16720000,16720100,2267,5667,16775000,14522
13,305,16775000,16775100,2267,5667,16830000,14572
13,306,16830000,16830100,2267,5667,16885000,14617
13,307,16885000,16885100,2267,5667,16940000,14668
13,308,16940000,16940100,2267,5667,16995000,14711
13,309,16995000,16995100,2267,5667,17050000,14765
13,31,1705000,1705100,2267,5667,1760000,1520
13,310,17050000,17050100,2267,5667,17105000,14808
13,311,17105000,17105100,2267,5667,17160000,14860
13,312,17160000,17160100,2267,5667,17215000,14901
13,313,17215000,17215100,2267,5667,17270000,14952
13,314,17270000,17270100,2267,5667,17325000,14999
13,315,17325000,17325100,2267,5667,17380000,15049
13,316,17380000,17380100,2267,5667,17435000,15093
13,317,17435000,17435100,2267,5667,17490000,15144
13,318,17490000,17490100,2267,5667,17545000,15188
13,319,17545000,17545100,2267,5667,17600000,15239
13,32,1760000,1760100,2267,5667,1815000,1563
13,320,17600000,17600100,2267,5667,17655000,15284
13,321,17655000,17655100,2267,5667,17710000,15336
13,322,17710000,17710100,2267,5667,17765000,15381
13,323,17765000,17765100,2267,5667,17820000,15431
13,324,17820000,17820100,2267,5667,17875000,15472
13,325,17875000,17875100,2267,5667,17930000,15525
13,326,17930000,17930100,2267,5667,17985000,15568
13,327,17985000,17985100,2267,5667,18040000,15621
13,328,18040000,18040100,2267,5667,18095000,15666
13,329,18095000,18095100,2267,5667,18150000,15716
13,33,1815000,1815100,2267,5667,1870000,1615
13,330,18150000,18150100,2267,5667,18205000,15761
13,331,18205000,18205100,2267,5667,18260000,15811
13,332,18260000,18260100,2267,5667,18315000,15855
13,333,18315000,18315100,2267,5667,18370000,15906
13,334,18370000,18370100,2267,5667,18425000,15952
13,335,18425000,18425100,2267,5667,18480000,16003
13,336,18480000,18480100,2267,5667,18535000,16044
13,337,18535000,18535100,2267,5667,18590000,16096
13,338,18590000,18590100,2267,5667,18645000,16141
13,339,18645000,18645100,2267,5667,18700000,16193
13,34,1870000,1870100,2267,5667,1925000,1662
13,340,18700000,18700100,2267,5667,18755000,16236
13,341,18755000,18755100,2267,5667,18810000,16289
13,342,18810000,18810100,2267,5667,18865000,16332
13,343,18865000,18865100,2267,5667,18920000,16383
13,344,18920000,18920100,2267,5667,18975000,16428
13,345,18975000,18975100,2267,5667,19030000,16477
13,346,19030000,19030100,2267,5667,19085000,16524
13,347,19085000,19085100,2267,5667,19140000,16573
13,348,19140000,19140100,2267,5667,19195000,16615
13,349,19195000,19195100,2267,5667,19250000,16669
13,35,1925000,1925100,2267,5667,1980000,1710
13,350,19250000,19250100,2267,5667,19305000,16713
13,351,19305000,19305100,2267,5667,19360000,16765
13,352,19360000,19360100,2267,5667,19415000,16808
13,353,19415000,19415100,2267,5667,19470000,16860
13,354,19470000,19470100,2267,5667,19525000,16903
13,355,19525000,19525100,2267,5667,19580000,16954
13,356,19580000,19580100,2267,5667,19635000,16999
13,357,19635000,19635100,2267,5667,19690000,17050
13,358,19690000,19690100,2267,5667,19745000,17095
13,359,19745000,19745100,2267,5667,19800000,17146
13,36,1980000,1980100,2267,5667,2035000,1753
13,360,19800000,19800100,2267,5667,19855000,17189
13,361,19855000,19855100,2267,5667,19910000,17238
13,362,19910000,19910100,2267,5667,19965000,17285
13,363,19965000,19965100,2267,5667,20020000,17337
13,364,20020000,20020100,2267,5667,20075000,17379
13,365,20075000,20075100,2267,5667,20130000,17432
13,366,20130000,20130100,2267,5667,20185000,17474
13,367,20185000,20185100,2267,5667,20240000,17526
13,368,20240000,20240100,2267,5667,20295000,17569
13,369,20295000,20295100,2267,5667,20350000,17622
13,37,2035000,2035100,2267,5667,2090000,1804
13,370,20350000,20350100,2267,5667,20405000,17669
13,371,20405000,20405100,2267,5667,20460000,17717
13,372,20460000,20460100,2267,5667,20515000,17760
13,373,20515000,20515100,2267,5667,20570000,17811
13,374,20570000,20570100,2267,5667,20625000,17856
13,375,20625000,20625100,2267,5667,20680000,17907
13,376,20680000,20680100,2267,5667,20735000,17952
13,377,20735000,20735100,2267,5667,20790000,18003
13,378,20790000,20790100,2267,5667,20845000,18046
13,379,20845000,20845100,2267,5667,20900000,18099
13,38,2090000,2090100,2267,5667,2145000,1849
13,380,20900000,20900100,2267,5667,20955000,18141
13,381,20955000,20955100,2267,5667,21010000,18194
13,382,21010000,21010100,2267,5667,21065000,18238
13,383,21065000,21065100,2267,5667,21120000,18289
13,384,21120000,21120100,2267,5667,21175000,18332
13,385,21175000,21175100,2267,5667,21230000,18382
13,386,21230000,21230100,2267,5667,21285000,18429
13,387,21285000,21285100,2267,5667,21340000,18478
13,388,21340000,21340100,2267,5667,21395000,18523
13,389,21395000,21395100,2267,5667,21450000,18575
13,39,2145000,2145100,2267,5667,2200000,1901
13,390,21450000,21450100,2267,5667,21505000,18618
13,391,21505000,21505100,2267,5667,21560000,18671
13,392,21560000,21560100,2267,5667,21615000,18714
13,393,21615000,21615100,2267,5667,21670000,18765
13,394,21670000,21670100,2267,5667,21725000,18810
13,395,21725000,21725100,2267,5667,21780000,18861
13,396,21780000,21780100,2267,5667,21835000,18901
13,397,21835000,21835100,2267,5667,21890000,18954
13,398,21890000,21890100,2267,5667,21945000,19000
13,399,21945000,21945100,2267,5667,22000000,19051
13,4,220000,220100,2267,5667,275000,229
13,40,2200000,2200100,2267,5667,2255000,1946
13,400,22000000,22000100,2267,5667,22055000,19096
13,401,22055000,22055100,2267,5667,22110000,19146
13,402,22110000,22110100,2267,5667,22165000,19191
13,403,22165000,22165100,2267,5667,22220000,19240
13,404,22220000,22220100,2267,5667,22275000,19285
13,405,22275000,22275100,2267,5667,22330000,19338
13,406,22330000,22330100,2267,5667,22385000,19381
13,407,22385000,22385100,2267,5667,22440000,19433
13,408,22440000,22440100,2267,5667,22495000,19474
13,409,22495000,22495100,2267,5667,22550000,19526
13,41,2255000,2255100,2267,5667,2310000,1997
13,410,22550000,22550100,2267,5667,22605000,19571
13,411,22605000,22605100,2267,5667,22660000,19623
13,412,22660000,22660100,2267,5667,22715000,19667
13,413,22715000,22715100,2267,5667,22770000,19718
13,414,22770000,22770100,2267,5667,22825000,19762
13,415,22825000,22825100,2267,5667,22880000,19812
13,416,22880000,22880100,2267,5667,22935000,19857
13,417,22935000,22935100,2267,5667,22990000,19907
13,418,22990000,22990100,2267,5667,23045000,19954
13,419,23045000,23045100,2267,5667,23100000,20005
13,42,2310000,2310100,2267,5667,2365000,2040
13,420,23100000,23100100,2267,5667,23155000,20046
13,421,23155000,23155100,2267,5667,23210000,20099
13,422,23210000,23210100,2267,5667,23265000,20142
13,423,23265000,23265100,2267,5667,23320000,20195
13,424,23320000,23320100,2267,5667,23375000,20238
13,425,23375000,23375100,2267,5667,23430000,20289
13,426,23430000,23430100,2267,5667,23485000,20334
13,427,23485000,23485100,2267,5667,23540000,20384
13,428,23540000,23540100,2267,5667,23595000,20428
13,429,23595000,23595100,2267,5667,23650000,20480
13,43,2365000,2365100,2267,5667,2420000,2092
13,430,23650000,23650100,2267,5667,23705000,20526
13,431,23705000,23705100,2267,5667,23760000,20575
13,432,23760000,23760100,2267,5667,23815000,20618
13,433,23815000,23815100,2267,5667,23870000,20670
13,434,23870000,23870100,2267,5667,23925000,20715
13,435,23925000,23925100,2267,5667,23980000,20766
13,436,23980000,23980100,2267,5667,24035000,20809
13,437,24035000,24035100,2267,5667,24090000,20862
13,438,24090000,24090100,2267,5667,24145000,20903
13,439,24145000,24145100,2267,5667,24200000,20957
13,44,2420000,2420100,2267,5667,2475000,2134
13,440,24200000,24200100,2267,5667,24255000,21002
13,441,24255000,24255100,2267,5667,24310000,21051
13,442,24310000,24310100,2267,5667,24365000,21098
13,443,24365000,24365100,2267,5667,24420000,21147
13,444,24420000,24420100,2267,5667,24475000,21189
13,445,24475000,24475100,2267,5667,24530000,21240
13,446,24530000,24530100,2267,5667,24585000,21286
13,447,24585000,24585100,2267,5667,24640000,21338
13,448,24640000,24640100,2267,5667,24695000,21381
13,449,24695000,24695100,2267,5667,24750000,21434
13,45,2475000,2475100,2267,5667,2530000,2187
13,450,24750000,24750100,2267,5667,24805000,21477
13,451,24805000,24805100,2267,5667,24860000,21528
13,452,24860000,24860100,2267,5667,24915000,21571
13,453,24915000,24915100,2267,5667,24970000,21624
13,454,24970000,24970100,2267,5667,25025000,21669
13,455,25025000,25025100,2267,5667,25080000,21719
13,456,25080000,25080100,2267,5667,25135000,21762
13,457,25135000,25135100,2267,5667,25190000,21811
13,458,25190000,25190100,2267,5667,25245000,21858
13,459,25245000,25245100,2267,5667,25300000,21909
13,46,2530000,2530100,2267,5667,2585000,2231
13,460,25300000,25300100,2267,5667,25355000,21953
13,461,25355000,25355100,2267,5667,25410000,22006
13,462,25410000,25410100,2267,5667,25465000,22048
13,463,25465000,25465100,2267,5667,25520000,22100
13,464,25520000,25520100,2267,5667,25575000,22143
13,465,25575000,25575100,2267,5667,25630000,22195
13,466,25630000,25630100,2267,5667,25685000,22240
13,467,25685000,25685100,2267,5667,25740000,22290
13,468,25740000,25740100,2267,5667,25795000,22333
13,469,25795000,25795100,2267,5667,25850000,22385
13,47,2585000,2585100,2267,5667,2640000,2282
13,470,25850000,25850100,2267,5667,25905000,22430
13,471,25905000,25905100,2267,5667,25960000,22481
13,472,25960000,25960100,2267,5667,26015000,22526
13,473,26015000,26015100,2267,5667,26070000,22575
13,474,26070000,26070100,2267,5667,26125000,22620
13,475,26125000,26125100,2267,5667,26180000,22672
13,476,26180000,26180100,2267,5667,26235000,22714
13,477,26235000,26235100,2267,5667,26290000,22767
13,478,26290000,26290100,2267,5667,26345000,22811
13,479,26345000,26345100,2267,5667,26400000,22863
13,48,2640000,2640100,2267,5667,2695000,2325
13,480,26400000,26400100,2267,5667,26455000,22904
13,481,26455000,26455100,2267,5667,26510000,22956
13,482,26510000,26510100,2267,5667,26565000,23003
13,483,26565000,26565100,2267,5667,26620000,23052
13,484,26620000,26620100,2267,5667,26675000,23097
13,485,26675000,26675100,2267,5667,26730000,23148
13,486,26730000,26730100,2267,5667,26785000,23191
13,487,26785000,26785100,2267,5667,26840000,23242
13,488,26840000,26840100,2267,5667,26895000,23287
13,489,26895000,26895100,2267,5667,26950000,23339
13,49,2695000,2695100,2267,5667,2750000,2376
13,490,26950000,26950100,2267,5667,27005000,23384
13,491,27005000,27005100,2267,5667,27060000,23435
13,492,27060000,27060100,2267,5667,27115000,23475
13,493,27115000,27115100,2267,5667,27170000,23528
13,494,27170000,27170100,2267,5667,27225000,23572
13,495,27225000,27225100,2267,5667,27280000,23624
13,496,27280000,27280100,2267,5667,27335000,23669
13,497,27335000,27335100,2267,5667,27390000,23719
13,498,27390000,27390100,2267,5667,27445000,23764
13,499,27445000,27445100,2267,5667,27500000,23814
13,5,275000,275100,2267,5667,330000,282
13,50,2750000,2750100,2267,5667,2805000,2423
13,500,27500000,27500100,2267,5667,27555000,23859
13,501,27555000,27555100,2267,5667,27610000,23910
13,502,27610000,27610100,2267,5667,27665000,23955
13,503,27665000,27665100,2267,5667,27720000,24007
13,504,27720000,27720100,2267,5667,27775000,24048
13,505,27775000,27775100,2267,5667,27830000,24099
13,506,27830000,27830100,2267,5667,27885000,24144
13,507,27885000,27885100,2267,5667,27940000,24196
13,508,27940000,27940100,2267,5667,27995000,24238
13,509,27995000,27995100,2267,5667,28050000,24292
13,51,2805000,2805100,2267,5667,2860000,2472
13,510,28050000,28050100,2267,5667,28105000,24336
13,511,28105000,28105100,2267,5667,28160000,24386
13,512,28160000,28160100,2267,5667,28215000,24431
13,513,28215000,28215100,2267,5667,28270000,24481
13,514,28270000,28270100,2267,5667,28325000,24528
13,515,28325000,28325100,2267,5667,28380000,24576
13,516,28380000,28380100,2267,5667,28435000,24619
13,517,28435000,28435100,2267,5667,28490000,24672
13,518,28490000,28490100,2267,5667,28545000,24715
13,519,28545000,28545100,2267,5667,28600000,24769
13,52,2860000,2860100,2267,5667,2915000,2517
13,520,28600000,28600100,2267,5667,28655000,24812
13,521,28655000,28655100,2267,5667,28710000,24863
13,522,28710000,28710100,2267,5667,28765000,24906
13,523,28765000,28765100,2267,5667,28820000,24958
13,524,28820000,28820100,2267,5667,28875000,25002
13,525,28875000,28875100,2267,5667,28930000,25053
13,526,28930000,28930100,2267,5667,28985000,25099
13,527,28985000,28985100,2267,5667,29040000,25148
13,528,29040000,29040100,2267,5667,29095000,25191
13,529,29095000,29095100,2267,5667,29150000,25242
13,53,2915000,2915100,2267,5667,2970000,2568
13,530,29150000,29150100,2267,5667,29205000,25289
13,531,29205000,29205100,2267,5667,29260000,25340
13,532,29260000,29260100,2267,5667,29315000,25383
13,533,29315000,29315100,2267,5667,29370000,25436
13,534,29370000,29370100,2267,5667,29425000,25477
13,535,29425000,29425100,2267,5667,29480000,25530
13,536,29480000,29480100,2267,5667,29535000,25573
13,537,29535000,29535100,2267,5667,29590000,25624
13,538,29590000,29590100,2267,5667,29645000,25671
13,539,29645000,29645100,2267,5667,29700000,25721
13,54,2970000,2970100,2267,5667,3025000,2611
13,540,29700000,29700100,2267,5667,29755000,25763
13,541,29755000,29755100,2267,5667,29810000,25814
13,542,29810000,29810100,2267,5667,29865000,25860
13,543,29865000,29865100,2267,5667,29920000,25910
13,544,29920000,29920100,2267,5667,29975000,25955
13,545,29975000,29975100,2267,5667,30030000,26007
13,546,30030000,30030100,2267,5667,30085000,26050
13,547,30085000,30085100,2267,5667,30140000,26101
13,548,30140000,30140100,2267,5667,30195000,26144
13,549,30195000,30195100,2267,5667,30250000,26198
13,55,3025000,3025100,2267,5667,3080000,2664
13,550,30250000,30250100,2267,5667,30305000,26241
13,551,30305000,30305100,2267,5667,30360000,26293
13,552,30360000,30360100,2267,5667,30415000,26336
13,553,30415000,30415100,2267,5667,30470000,26385
13,554,30470000,30470100,2267,5667,30525000,26432
13,555,30525000,30525100,2267,5667,30580000,26482
13,556,30580000,30580100,2267,5667,30635000,26526
13,557,30635000,30635100,2267,5667,30690000,26577
13,558,30690000,30690100,2267,5667,30745000,26621
13,559,30745000,30745100,2267,5667,30800000,26674
13,56,3080000,3080100,2267,5667,3135000,2707
13,560,30800000,30800100,2267,5667,30855000,26717
13,561,30855000,30855100,2267,5667,30910000,26769
13,562,30910000,30910100,2267,5667,30965000,26814
13,563,30965000,30965100,2267,5667,31020000,26864
13,564,31020000,31020100,2267,5667,31075000,26905
13,565,31075000,31075100,2267,5667,31130000,26958
13,566,31130000,31130100,2267,5667,31185000,27003
13,567,31185000,31185100,2267,5667,31240000,27054
13,568,31240000,31240100,2267,5667,31295000,27099
13,569,31295000,31295100,2267,5667,31350000,27149
13,57,3135000,3135100,2267,5667,3190000,2758
13,570,31350000,31350100,2267,5667,31405000,27194
13,571,31405000,31405100,2267,5667,31460000,27244
13,572,31460000,31460100,2267,5667,31515000,27288
13,573,31515000,31515100,2267,5667,31570000,27341
13,574,31570000,31570100,2267,5667,31625000,27385
13,575,31625000,31625100,2267,5667,31680000,27436
13,576,31680000,31680100,2267,5667,31735000,27477
13,577,31735000,31735100,2267,5667,31790000,27529
13,578,31790000,31790100,2267,5667,31845000,27574
13,579,31845000,31845100,2267,5667,31900000,27626
13,58,3190000,3190100,2267,5667,3245000,2803
13,580,31900000,31900100,2267,5667,31955000,27671
13,581,31955000,31955100,2267,5667,32010000,27722
13,582,32010000,32010100,2267,5667,32065000,27765
13,583,32065000,32065100,2267,5667,32120000,27816
13,584,32120000,32120100,2267,5667,32175000,27861
13,585,32175000,32175100,2267,5667,32230000,27910
13,586,32230000,32230100,2267,5667,32285000,27957
13,587,32285000,32285100,2267,5667,32340000,28008
13,588,32340000,32340100,2267,5667,32395000,28048
13,589,32395000,32395100,2267,5667,32450000,28102
13,59,3245000,3245100,2267,5667,3300000,2855
13,590,32450000,32450100,2267,5667,32505000,28146
13,591,32505000,32505100,2267,5667,32560000,28198
13,592,32560000,32560100,2267,5667,32615000,28241
13,593,32615000,32615100,2267,5667,32670000,28293
13,594,32670000,32670100,2267,5667,32725000,28338
13,595,32725000,32725100,2267,5667,32780000,28387
13,596,32780000,32780100,2267,5667,32835000,28432
13,597,32835000,32835100,2267,5667,32890000,28483
13,598,32890000,32890100,2267,5667,32945000,28528
13,599,32945000,32945100,2267,5667,33000000,28579
13,6,330000,330100,2267,5667,385000,325
13,60,3300000,3300100,2267,5667,3355000,2895
13,600,33000000,33000100,2267,5667,33055000,28622
13,601,33055000,33055100,2267,5667,33110000,28673
13,602,33110000,33110100,2267,5667,33165000,28718
13,603,33165000,33165100,2267,5667,33220000,28770
13,604,33220000,33220100,2267,5667,33275000,28812
13,605,33275000,33275100,2267,5667,33330000,28865
13,606,33330000,33330100,2267,5667,33385000,28907
13,607,33385000,33385100,2267,5667,33440000,28959
13,608,33440000,33440100,2267,5667,33495000,29004
13,609,33495000,33495100,2267,5667,33550000,29055
13,61,3355000,3355100,2267,5667,3410000,2948
13,610,33550000,33550100,2267,5667,33605000,29102
13,611,33605000,33605100,2267,5667,33660000,29150
13,612,33660000,33660100,2267,5667,33715000,29193
13,613,33715000,33715100,2267,5667,33770000,29244
13,614,33770000,33770100,2267,5667,33825000,29289
13,615,33825000,33825100,2267,5667,33880000,29342
13,616,33880000,33880100,2267,5667,33935000,29385
13,617,33935000,33935100,2267,5667,33990000,29436
13,618,33990000,33990100,2267,5667,34045000,29479
13,619,34045000,34045100,2267,5667,34100000,29532
13,62,3410000,3410100,2267,5667,3465000,2994
13,620,34100000,34100100,2267,5667,34155000,29574
13,621,34155000,34155100,2267,5667,34210000,29627
13,622,34210000,34210100,2267,5667,34265000,29673
13,623,34265000,34265100,2267,5667,34320000,29722
13,624,34320000,34320100,2267,5667,34375000,29765
13,625,34375000,34375100,2267,5667,34430000,29815
13,626,34430000,34430100,2267,5667,34485000,29862
13,627,34485000,34485100,2267,5667,34540000,29911
13,628,34540000,34540100,2267,5667,34595000,29956
13,629,34595000,34595100,2267,5667,34650000,30010
13,63,3465000,3465100,2267,5667,3520000,3044
13,630,34650000,34650100,2267,5667,34705000,30051
13,631,34705000,34705100,2267,5667,34760000,30104
13,632,34760000,34760100,2267,5667,34815000,30147
13,633,34815000,34815100,2267,5667,34870000,30198
13,634,34870000,34870100,2267,5667,34925000,30243
13,635,34925000,34925100,2267,5667,34980000,30294
13,636,34980000,34980100,2267,5667,35035000,30336
13,637,35035000,35035100,2267,5667,35090000,30387
13,638,35090000,35090100,2267,5667,35145000,30433
13,639,35145000,35145100,2267,5667,35200000,30484
13,64,3520000,3520100,2267,5667,3575000,3089
13,640,35200000,35200100,2267,5667,35255000,30529
13,641,35255000,35255100,2267,5667,35310000,30579
13,642,35310000,35310100,2267,5667,35365000,30624
13,643,35365000,35365100,2267,5667,35420000,30675
13,644,35420000,35420100,2267,5667,35475000,30718
13,645,35475000,35475100,2267,5667,35530000,30771
13,646,35530000,35530100,2267,5667,35585000,30814
13,647,35585000,35585100,2267,5667,35640000,30866
13,648,35640000,35640100,2267,5667,35695000,30907
13,649,35695000,35695100,2267,5667,35750000,30959
13,65,3575000,3575100,2267,5667,3630000,3139
13,650,35750000,35750100,2267,5667,35805000,31006
13,651,35805000,35805100,2267,5667,35860000,31056
13,652,35860000,35860100,2267,5667,35915000,31100
13,653,35915000,35915100,2267,5667,35970000,31151
13,654,35970000,35970100,2267,5667,36025000,31195
13,655,36025000,36025100,2267,5667,36080000,31245
13,656,36080000,36080100,2267,5667,36135000,31290
13,657,36135000,36135100,2267,5667,36190000,31342
13,658,36190000,36190100,2267,5667,36245000,31387
13,659,36245000,36245100,2267,5667,36300000,31438
13,66,3630000,3630100,2267,5667,3685000,3184
13,660,36300000,36300100,2267,5667,36355000,31479
13,661,36355000,36355100,2267,5667,36410000,31532
13,662,36410000,36410100,2267,5667,36465000,31575
13,663,36465000,36465100,2267,5667,36520000,31628
13,664,36520000,36520100,2267,5667,36575000,31673
13,665,36575000,36575100,2267,5667,36630000,31722
13,666,36630000,36630100,2267,5667,36685000,31767
13,667,36685000,36685100,2267,5667,36740000,31817
13,668,36740000,36740100,2267,5667,36795000,31861
13,669,36795000,36795100,2267,5667,36850000,31913
13,67,3685000,3685100,2267,5667,3740000,3233
13,670,36850000,36850100,2267,5667,36905000,31959
13,671,36905000,36905100,2267,5667,36960000,32010
13,672,36960000,36960100,2267,5667,37015000,32051
13,673,37015000,37015100,2267,5667,37070000,32103
13,674,37070000,37070100,2267,5667,37125000,32148
13,675,37125000,37125100,2267,5667,37180000,32199
13,676,37180000,37180100,2267,5667,37235000,32242
13,677,37235000,37235100,2267,5667,37290000,32295
13,678,37290000,37290100,2267,5667,37345000,32338
13,679,37345000,37345100,2267,5667,37400000,32390
13,68,3740000,3740100,2267,5667,3795000,3278
13,680,37400000,37400100,2267,5667,37455000,32435
13,681,37455000,37455100,2267,5667,37510000,32484
13,682,37510000,37510100,2267,5667,37565000,32531
13,683,37565000,37565100,2267,5667,37620000,32580
13,684,37620000,37620100,2267,5667,37675000,32622
13,685,37675000,37675100,2267,5667,37730000,32675
13,686,37730000,37730100,2267,5667,37785000,32719
13,687,37785000,37785100,2267,5667,37840000,32771
13,688,37840000,37840100,2267,5667,37895000,32814
13,689,37895000,37895100,2267,5667,37950000,32867
13,69,3795000,3795100,2267,5667,3850000,3332
13,690,37950000,37950100,2267,5667,38005000,32910
13,691,38005000,38005100,2267,5667,38060000,32961
13,692,38060000,38060100,2267,5667,38115000,33006
13,693,38115000,38115100,2267,5667,38170000,33057
13,694,38170000,38170100,2267,5667,38225000,33102
13,695,38225000,38225100,2267,5667,38280000,33152
13,696,38280000,38280100,2267,5667,38335000,33195
13,697,38335000,38335100,2267,5667,38390000,33244
13,698,38390000,38390100,2267,5667,38445000,33291
13,699,38445000,38445100,2267,5667,38500000,33344
13,7,385000,385100,2267,5667,440000,376
13,70,3850000,3850100,2267,5667,3905000,3375
13,700,38500000,38500100,2267,5667,38555000,33386
13,701,38555000,38555100,2267,5667,38610000,33439
13,702,38610000,38610100,2267,5667,38665000,33481
13,703,38665000,38665100,2267,5667,38720000,33533
13,704,38720000,38720100,2267,5667,38775000,33576
13,705,38775000,38775100,2267,5667,38830000,33628
13,706,38830000,38830100,2267,5667,38885000,33675
13,707,38885000,38885100,2267,5667,38940000,33723
13,708,38940000,38940100,2267,5667,38995000,33766
13,709,38995000,38995100,2267,5667,39050000,33818
13,71,3905000,3905100,2267,5667,3960000,3427
13,710,39050000,39050100,2267,5667,39105000,33863
13,711,39105000,39105100,2267,5667,39160000,33914
13,712,39160000,39160100,2267,5667,39215000,33959
13,713,39215000,39215100,2267,5667,39270000,34010
13,714,39270000,39270100,2267,5667,39325000,34053
13,715,39325000,39325100,2267,5667,39380000,34105
13,716,39380000,39380100,2267,5667,39435000,34147
13,717,39435000,39435100,2267,5667,39490000,34200
13,718,39490000,39490100,2267,5667,39545000,34244
13,719,39545000,39545100,2267,5667,39600000,34296
13,72,3960000,3960100,2267,5667,4015000,3468
13,720,39600000,39600100,2267,5667,39655000,34339
13,721,39655000,39655100,2267,5667,39710000,34389
13,722,39710000,39710100,2267,5667,39765000,34436
13,723,39765000,39765100,2267,5667,39820000,34485
13,724,39820000,39820100,2267,5667,39875000,34530
13,725,39875000,39875100,2267,5667,39930000,34581
13,726,39930000,39930100,2267,5667,39985000,34624
13,727,39985000,39985100,2267,5667,40040000,34677
13,728,40040000,40040100,2267,5667,40095000,34720
13,729,40095000,40095100,2267,5667,40150000,34772
13,73,4015000,4015100,2267,5667,4070000,3519
13,730,40150000,40150100,2267,5667,40205000,34817
13,731,40205000,40205100,2267,5667,40260000,34868
13,732,40260000,40260100,2267,5667,40315000,34908
13,733,40315000,40315100,2267,5667,40370000,34961
13,734,40370000,40370100,2267,5667,40425000,35007
13,735,40425000,40425100,2267,5667,40480000,35057
13,736,40480000,40480100,2267,5667,40535000,35102
13,737,40535000,40535100,2267,5667,40590000,35152
13,738,40590000,40590100,2267,5667,40645000,35197
13,739,40645000,40645100,2267,5667,40700000,35247
13,74,4070000,4070100,2267,5667,4125000,3564
13,740,40700000,40700100,2267,5667,40755000,35292
13,741,40755000,40755100,2267,5667,40810000,35345
13,742,40810000,40810100,2267,5667,40865000,35388
13,743,40865000,40865100,2267,5667,40920000,35440
13,744,40920000,40920100,2267,5667,40975000,35481
13,745,40975000,40975100,2267,5667,41030000,35532
13,746,41030000,41030100,2267,5667,41085000,35577
13,747,41085000,41085100,2267,5667,41140000,35629
13,748,41140000,41140100,2267,5667,41195000,35673
13,749,41195000,41195100,2267,5667,41250000,35725
13,75,4125000,4125100,2267,5667,4180000,3616
13,750,41250000,41250100,2267,5667,41305000,35769
13,751,41305000,41305100,2267,5667,41360000,35819
13,752,41360000,41360100,2267,5667,41415000,35864
13,753,41415000,41415100,2267,5667,41470000,35914
13,754,41470000,41470100,2267,5667,41525000,35961
13,755,41525000,41525100,2267,5667,41580000,36011
13,756,41580000,41580100,2267,5667,41635000,36052
13,757,41635000,41635100,2267,5667,41690000,36105
13,758,41690000,41690100,2267,5667,41745000,36148
13,759,41745000,41745100,2267,5667,41800000,36202
13,76,4180000,4180100,2267,5667,4235000,3660
13,760,41800000,41800100,2267,5667,41855000,36245
13,761,41855000,41855100,2267,5667,41910000,36296
13,762,41910000,41910100,2267,5667,41965000,36341
13,763,41965000,41965100,2267,5667,42020000,36391
13,764,42020000,42020100,2267,5667,42075000,36435
13,765,42075000,42075100,2267,5667,42130000,36486
13,766,42130000,42130100,2267,5667,42185000,36532
13,767,42185000,42185100,2267,5667,42240000,36581
13,768,42240000,42240100,2267,5667,42295000,36624
13,769,42295000,42295100,2267,5667,42350000,36677
13,77,4235000,4235100,2267,5667,4290000,3711
13,770,42350000,42350100,2267,5667,42405000,36722
13,771,42405000,42405100,2267,5667,42460000,36773
13,772,42460000,42460100,2267,5667,42515000,36816
13,773,42515000,42515100,2267,5667,42570000,36869
13,774,42570000,42570100,2267,5667,42625000,36910
13,775,42625000,42625100,2267,5667,42680000,36963
13,776,42680000,42680100,2267,5667,42735000,37008
13,777,42735000,42735100,2267,5667,42790000,37057
13,778,42790000,42790100,2267,5667,42845000,37104
13,779,42845000,42845100,2267,5667,42900000,37154
13,78,4290000,4290100,2267,5667,4345000,3755
13,780,42900000,42900100,2267,5667,42955000,37196
13,781,42955000,42955100,2267,5667,43010000,37247
13,782,43010000,43010100,2267,5667,43065000,37293
13,783,43065000,43065100,2267,5667,43120000,37345
13,784,43120000,43120100,2267,5667,43175000,37388
13,785,43175000,43175100,2267,5667,43230000,37440
13,786,43230000,43230100,2267,5667,43285000,37483
13,787,43285000,43285100,2267,5667,43340000,37534
13,788,43340000,43340100,2267,5667,43395000,37577
13,789,43395000,43395100,2267,5667,43450000,37631
13,79,4345000,4345100,2267,5667,4400000,3806
13,790,43450000,43450100,2267,5667,43505000,37676
13,791,43505000,43505100,2267,5667,43560000,37726
13,792,43560000,43560100,2267,5667,43615000,37769
13,793,43615000,43615100,2267,5667,43670000,37818
13,794,43670000,43670100,2267,5667,43725000,37865
13,795,43725000,43725100,2267,5667,43780000,37915
13,796,43780000,43780100,2267,5667,43835000,37959
13,797,43835000,43835100,2267,5667,43890000,38012
13,798,43890000,43890100,2267,5667,43945000,38054
13,799,43945000,43945100,2267,5667,44000000,38107
13,8,440000,440100,2267,5667,495000,421
13,80,4400000,4400100,2267,5667,4455000,3851
13,800,44000000,44000100,2267,5667,44055000,38150
13,801,44055000,44055100,2267,5667,44110000,38202
13,802,44110000,44110100,2267,5667,44165000,38247
13,803,44165000,44165100,2267,5667,44220000,38297
13,804,44220000,44220100,2267,5667,44275000,38340
13,805,44275000,44275100,2267,5667,44330000,38391
13,806,44330000,44330100,2267,5667,44385000,38436
13,807,44385000,44385100,2267,5667,44440000,38487
13,808,44440000,44440100,2267,5667,44495000,38532
13,809,44495000,44495100,2267,5667,44550000,38582
13,81,4455000,4455100,2267,5667,4510000,3901
13,810,44550000,44550100,2267,5667,44605000,38627
13,811,44605000,44605100,2267,5667,44660000,38679
13,812,44660000,44660100,2267,5667,44715000,38721
13,813,44715000,44715100,2267,5667,44770000,38774
13,814,44770000,44770100,2267,5667,44825000,38818
13,815,44825000,44825100,2267,5667,44880000,38869
13,816,44880000,44880100,2267,5667,44935000,38910
13,817,44935000,44935100,2267,5667,44990000,38962
13,818,44990000,44990100,2267,5667,45045000,39009
13,819,45045000,45045100,2267,5667,45100000,39059
13,82,4510000,4510100,2267,5667,4565000,3948
13,820,45100000,45100100,2267,5667,45155000,39104
13,821,45155000,45155100,2267,5667,45210000,39155
13,822,45210000,45210100,2267,5667,45265000,39198
13,823,45265000,45265100,2267,5667,45320000,39249
13,824,45320000,45320100,2267,5667,45375000,39294
13,825,45375000,45375100,2267,5667,45430000,39345
13,826,45430000,45430100,2267,5667,45485000,39390
13,827,45485000,45485100,2267,5667,45540000,39441
13,828,45540000,45540100,2267,5667,45595000,39481
13,829,45595000,45595100,2267,5667,45650000,39535
13,83,4565000,4565100,2267,5667,4620000,3998
13,830,45650000,45650100,2267,5667,45705000,39579
13,831,45705000,45705100,2267,5667,45760000,39631
13,832,45760000,45760100,2267,5667,45815000,39676
13,833,45815000,45815100,2267,5667,45870000,39726
13,834,45870000,45870100,2267,5667,45925000,39771
13,835,45925000,45925100,2267,5667,45980000,39820
13,836,45980000,45980100,2267,5667,46035000,39865
13,837,46035000,46035100,2267,5667,46090000,39916
13,838,46090000,46090100,2267,5667,46145000,39961
13,839,46145000,46145100,2267,5667,46200000,40014
13,84,4620000,4620100,2267,5667,4675000,4039
13,840,46200000,46200100,2267,5667,46255000,40055
13,841,46255000,46255100,2267,5667,46310000,40106
13,842,46310000,46310100,2267,5667,46365000,40151
13,843,46365000,46365100,2267,5667,46420000,40203
13,844,46420000,46420100,2267,5667,46475000,40245
13,845,46475000,46475100,2267,5667,46530000,40298
13,846,46530000,46530100,2267,5667,46585000,40342
13,847,46585000,46585100,2267,5667,46640000,40392
13,848,46640000,46640100,2267,5667,46695000,40437
13,849,46695000,46695100,2267,5667,46750000,40488
13,85,4675000,4675100,2267,5667,4730000,4092
13,850,46750000,46750100,2267,5667,46805000,40535
13,851,46805000,46805100,2267,5667,46860000,40583
13,852,46860000,46860100,2267,5667,46915000,40626
13,853,46915000,46915100,2267,5667,46970000,40679
13,854,46970000,46970100,2267,5667,47025000,40722
13,855,47025000,47025100,2267,5667,47080000,40775
13,856,47080000,47080100,2267,5667,47135000,40818
13,857,47135000,47135100,2267,5667,47190000,40869
13,858,47190000,47190100,2267,5667,47245000,40912
13,859,47245000,47245100,2267,5667,47300000,40965
13,86,4730000,4730100,2267,5667,4785000,4135
13,860,47300000,47300100,2267,5667,47355000,41009
13,861,47355000,47355100,2267,5667,47410000,41060
13,862,47410000,47410100,2267,5667,47465000,41106
13,863,47465000,47465100,2267,5667,47520000,41155
13,864,47520000,47520100,2267,5667,47575000,41198
13,865,47575000,47575100,2267,5667,47630000,41248
13,866,47630000,47630100,2267,5667,47685000,41295
13,867,47685000,47685100,2267,5667,47740000,41346
13,868,47740000,47740100,2267,5667,47795000,41389
13,869,47795000,47795100,2267,5667,47850000,41443
13,87,4785000,4785100,2267,5667,4840000,4188
13,870,47850000,47850100,2267,5667,47905000,41484
13,871,47905000,47905100,2267,5667,47960000,41537
13,872,47960000,47960100,2267,5667,48015000,41580
13,873,48015000,48015100,2267,5667,48070000,41631
13,874,48070000,48070100,2267,5667,48125000,41678
13,875,48125000,48125100,2267,5667,48180000,41727
13,876,48180000,48180100,2267,5667,48235000,41769
13,877,48235000,48235100,2267,5667,48290000,41820
13,878,48290000,48290100,2267,5667,48345000,41866
13,879,48345000,48345100,2267,5667,48400000,41917
13,88,4840000,4840100,2267,5667,4895000,4231
13,880,48400000,48400100,2267,5667,48455000,41962
13,881,48455000,48455100,2267,5667,48510000,42014
13,882,48510000,48510100,2267,5667,48565000,42057
13,883,48565000,48565100,2267,5667,48620000,42108
13,884,48620000,48620100,2267,5667,48675000,42151
13,885,48675000,48675100,2267,5667,48730000,42204
13,886,48730000,48730100,2267,5667,48785000,42247
13,887,48785000,48785100,2267,5667,48840000,42299
13,888,48840000,48840100,2267,5667,48895000,42342
13,889,48895000,48895100,2267,5667,48950000,42392
13,89,4895000,4895100,2267,5667,4950000,4283
13,890,48950000,48950100,2267,5667,49005000,42439
13,891,49005000,49005100,2267,5667,49060000,42489
13,892,49060000,49060100,2267,5667,49115000,42533
13,893,49115000,49115100,2267,5667,49170000,42584
13,894,49170000,49170100,2267,5667,49225000,42628
13,895,49225000,49225100,2267,5667,49280000,42680
13,896,49280000,49280100,2267,5667,49335000,42723
13,897,49335000,49335100,2267,5667,49390000,42775
13,898,49390000,49390100,2267,5667,49445000,42820
13,899,49445000,49445100,2267,5667,49500000,42871
13,9,495000,495100,2267,5667,550000,471
13,90,4950000,4950100,2267,5667,5005000,4328
13,900,49500000,49500100,2267,5667,49555000,42912
13,901,49555000,49555100,2267,5667,49610000,42965
13,902,49610000,49610100,2267,5667,49665000,43010
13,903,49665000,49665100,2267,5667,49720000,43061
13,904,49720000,49720100,2267,5667,49775000,43106
13,905,49775000,49775100,2267,5667,49830000,43155
13,906,49830000,49830100,2267,5667,49885000,43200
13,907,49885000,49885100,2267,5667,49940000,43250
13,908,49940000,49940100,2267,5667,49995000,43294
13,909,49995000,49995100,2267,5667,50050000,43348
13,91,5005000,5005100,2267,5667,5060000,4378
13,910,50050000,50050100,2267,5667,50105000,43392
13,911,50105000,50105100,2267,5667,50160000,43443
13,912,50160000,50160100,2267,5667,50215000,43484
13,913,50215000,50215100,2267,5667,50270000,43536
13,914,50270000,50270100,2267,5667,50325000,43581
13,915,50325000,50325100,2267,5667,50380000,43632
13,916,50380000,50380100,2267,5667,50435000,43677
13,917,50435000,50435100,2267,5667,50490000,43728
13,918,50490000,50490100,2267,5667,50545000,43771
13,919,50545000,50545100,2267,5667,50600000,43823
13,92,5060000,5060100,2267,5667,5115000,4422
13,920,50600000,50600100,2267,5667,50655000,43868
13,921,50655000,50655100,2267,5667,50710000,43917
13,922,50710000,50710100,2267,5667,50765000,43964
13,923,50765000,50765100,2267,5667,50820000,44015
13,924,50820000,50820100,2267,5667,50875000,44055
13,925,50875000,50875100,2267,5667,50930000,44108
13,926,50930000,50930100,2267,5667,50985000,44152
13,927,50985000,50985100,2267,5667,51040000,44204
13,928,51040000,51040100,2267,5667,51095000,44247
13,929,51095000,51095100,2267,5667,51150000,44300
13,93,5115000,5115100,2267,5667,5170000,4473
13,930,51150000,51150100,2267,5667,51205000,44345
13,931,51205000,51205100,2267,5667,51260000,44394
13,932,51260000,51260100,2267,5667,51315000,44439
13,933,51315000,51315100,2267,5667,51370000,44490
13,934,51370000,51370100,2267,5667,51425000,44535
13,935,51425000,51425100,2267,5667,51480000,44585
13,936,51480000,51480100,2267,5667,51535000,44628
13,937,51535000,51535100,2267,5667,51590000,44679
13,938,51590000,51590100,2267,5667,51645000,44724
13,939,51645000,51645100,2267,5667,51700000,44777
13,94,5170000,5170100,2267,5667,5225000,4519
13,940,51700000,51700100,2267,5667,51755000,44819
13,941,51755000,51755100,2267,5667,51810000,44872
13,942,51810000,51810100,2267,5667,51865000,44914
13,943,51865000,51865100,2267,5667,51920000,44966
13,944,51920000,51920100,2267,5667,51975000,45011
13,945,51975000,51975100,2267,5667,52030000,45061
13,946,52030000,52030100,2267,5667,52085000,45108
13,947,52085000,52085100,2267,5667,52140000,45156
13,948,52140000,52140100,2267,5667,52195000,45199
13,949,52195000,52195100,2267,5667,52250000,45251
13,95,5225000,5225100,2267,5667,5280000,4568
13,950,52250000,52250100,2267,5667,52305000,45296
13,951,52305000,52305100,2267,5667,52360000,45349
13,952,52360000,52360100,2267,5667,52415000,45392
13,953,52415000,52415100,2267,5667,52470000,45443
13,954,52470000,52470100,2267,5667,52525000,45486
13,955,52525000,52525100,2267,5667,52580000,45538
13,956,52580000,52580100,2267,5667,52635000,45580
13,957,52635000,52635100,2267,5667,52690000,45633
13,958,52690000,52690100,2267,5667,52745000,45679
13,959,52745000,52745100,2267,5667,52800000,45729
13,96,5280000,5280100,2267,5667,5335000,4611
13,960,52800000,52800100,2267,5667,52855000,45772
13,961,52855000,52855100,2267,5667,52910000,45822
13,962,52910000,52910100,2267,5667,52965000,45869
13,963,52965000,52965100,2267,5667,53020000,45918
13,964,53020000,53020100,2267,5667,53075000,45963
13,965,53075000,53075100,2267,5667,53130000,46016
13,966,53130000,53130100,2267,5667,53185000,46057
13,967,53185000,53185100,2267,5667,53240000,46110
13,968,53240000,53240100,2267,5667,53295000,46153
13,969,53295000,53295100,2267,5667,53350000,46205
13,97,5335000,5335100,2267,5667,5390000,4663
13,970,53350000,53350100,2267,5667,53405000,46250
13,971,53405000,53405100,2267,5667,53460000,46301
13,972,53460000,53460100,2267,5667,53515000,46343
13,973,53515000,53515100,2267,5667,53570000,46394
13,974,53570000,53570100,2267,5667,53625000,46440
13,975,53625000,53625100,2267,5667,53680000,46490
13,976,53680000,53680100,2267,5667,53735000,46535
13,977,53735000,53735100,2267,5667,53790000,46585
13,978,53790000,53790100,2267,5667,53845000,46630
13,979,53845000,53845100,2267,5667,53900000,46682
13,98,5390000,5390100,2267,5667,5445000,4708
13,980,53900000,53900100,2267,5667,53955000,46725
13,981,53955000,53955100,2267,5667,54010000,46778
13,982,54010000,54010100,2267,5667,54065000,46821
13,983,54065000,54065100,2267,5667,54120000,46873
13,984,54120000,54120100,2267,5667,54175000,46914
13,985,54175000,54175100,2267,5667,54230000,46965
13,986,54230000,54230100,2267,5667,54285000,47012
13,987,54285000,54285100,2267,5667,54340000,47062
13,988,54340000,54340100,2267,5667,54395000,47106
13,989,54395000,54395100,2267,5667,54450000,47158
13,99,5445000,5445100,2267,5667,5500000,4760
13,990,54450000,54450100,2267,5667,54505000,47202
13,991,54505000,54505100,2267,5667,54560000,47252
13,992,54560000,54560100,2267,5667,54615000,47297
13,993,54615000,54615100,2267,5667,54670000,47349
13,994,54670000,54670100,2267,5667,54725000,47394
13,995,54725000,54725100,2267,5667,54780000,47444
13,996,54780000,54780100,2267,5667,54835000,47485
13,997,54835000,54835100,2267,5667,54890000,47538
13,998,54890000,54890100,2267,5667,54945000,47581
13,999,54945000,54945100,2267,5667,55000000,47635
14,0,0,100,2112,5279,60000,48
14,1,60000,60100,2112,5279,120000,101
14,10,600000,600100,2112,5279,660000,568
14,100,6000000,6000100,2112,5279,6060000,5246
14,1000,60000000,60000100,2112,5279,60060000,52019
14,1001,60060000,60060100,2112,5279,60120000,52070
14,1002,60120000,60120100,2112,5279,60180000,52122
14,1003,60180000,60180100,2112,5279,60240000,52174
14,1004,60240000,60240100,2112,5279,60300000,52225
14,1005,60300000,60300100,2112,5279,60360000,52278
14,1006,60360000,60360100,2112,5279,60420000,52330
14,1007,60420000,60420100,2112,5279,60480000,52382
14,1008,60480000,60480100,2112,5279,60540000,52432
14,1009,60540000,60540100,2112,5279,60600000,52486
14,101,6060000,6060100,2112,5279,6120000,5297
14,1010,60600000,60600100,2112,5279,60660000,52538
14,1011,60660000,60660100,2112,5279,60720000,52589
14,1012,60720000,60720100,2112,5279,60780000,52641
14,1013,60780000,60780100,2112,5279,60840000,52694
14,1014,60840000,60840100,2112,5279,60900000,52747
14,1015,60900000,60900100,2112,5279,60960000,52797
14,1016,60960000,60960100,2112,5279,61020000,52849
14,1017,61020000,61020100,2112,5279,61080000,52902
14,1018,61080000,61080100,2112,5279,61140000,52952
14,1019,61140000,61140100,2112,5279,61200000,53005
14,102,6120000,6120100,2112,5279,6180000,5349
14,1020,61200000,61200100,2112,5279,61260000,53057
14,1021,61260000,61260100,2112,5279,61320000,53110
14,1022,61320000,61320100,2112,5279,61380000,53161
14,1023,61380000,61380100,2112,5279,61440000,53213
14,1024,61440000,61440100,2112,5279,61500000,53266
14,1025,61500000,61500100,2112,5279,61560000,53317
14,1026,61560000,61560100,2112,5279,61620000,53369
14,1027,61620000,61620100,2112,5279,61680000,53421
14,1028,61680000,61680100,2112,5279,61740000,53473
14,1029,61740000,61740100,2112,5279,61800000,53525
14,103,6180000,6180100,2112,5279,6240000,5401
14,1030,61800000,61800100,2112,5279,61860000,53577
14,1031,61860000,61860100,2112,5279,61920000,53629
14,1032,61920000,61920100,2112,5279,61980000,53679
14,1033,61980000,61980100,2112,5279,62040000,53733
14,1034,62040000,62040100,2112,5279,62100000,53786
14,1035,62100000,62100100,2112,5279,62160000,53838
14,1036,62160000,62160100,2112,5279,62220000,53888
14,1037,62220000,62220100,2112,5279,62280000,53941
14,1038,62280000,62280100,2112,5279,62340000,53993
14,1039,62340000,62340100,2112,5279,62400000,54044
14,104,6240000,6240100,2112,5279,6300000,5454
14,1040,62400000,62400100,2112,5279,62460000,54096
14,1041,62460000,62460100,2112,5279,62520000,54149
14,1042,62520000,62520100,2112,5279,62580000,54201
14,1043,62580000,62580100,2112,5279,62640000,54251
14,1044,62640000,62640100,2112,5279,62700000,54305
14,1045,62700000,62700100,2112,5279,62760000,54358
14,1046,62760000,62760100,2112,5279,62820000,54408
14,1047,62820000,62820100,2112,5279,62880000,54460
14,1048,62880000,62880100,2112,5279,62940000,54512
14,1049,62940000,62940100,2112,5279,63000000,54566
14,105,6300000,6300100,2112,5279,6360000,5505
14,1050,63000000,63000100,2112,5279,63060000,54616
14,1051,63060000,63060100,2112,5279,63120000,54668
14,1052,63120000,63120100,2112,5279,63180000,54720
14,1053,63180000,63180100,2112,5279,63240000,54771
14,1054,63240000,63240100,2112,5279,63300000,54824
14,1055,63300000,63300100,2112,5279,63360000,54877
14,1056,63360000,63360100,2112,5279,63420000,54929
14,1057,63420000,63420100,2112,5279,63480000,54980
14,1058,63480000,63480100,2112,5279,63540000,55032
14,1059,63540000,63540100,2112,5279,63600000,55085
14,106,6360000,6360100,2112,5279,6420000,5557
14,1060,63600000,63600100,2112,5279,63660000,55135
14,1061,63660000,63660100,2112,5279,63720000,55188
14,1062,63720000,63720100,2112,5279,63780000,55240
14,1063,63780000,63780100,2112,5279,63840000,55292
14,1064,63840000,63840100,2112,5279,63900000,55343
14,1065,63900000,63900100,2112,5279,63960000,55396
14,1066,63960000,63960100,2112,5279,64020000,55449
14,1067,64020000,64020100,2112,5279,64080000,55499
14,1068,64080000,64080100,2112,5279,64140000,55551
14,1069,64140000,64140100,2112,5279,64200000,55605
14,107,6420000,6420100,2112,5279,6480000,5609
14,1070,64200000,64200100,2112,5279,64260000,55657
14,1071,64260000,64260100,2112,5279,64320000,55707
14,1072,64320000,64320100,2112,5279,64380000,55759
14,1073,64380000,64380100,2112,5279,64440000,55812
14,1074,64440000,64440100,2112,5279,64500000,55863
14,1075,64500000,64500100,2112,5279,64560000,55915
14,1076,64560000,64560100,2112,5279,64620000,55967
14,1077,64620000,64620100,2112,5279,64680000,56021
14,1078,64680000,64680100,2112,5279,64740000,56071
14,1079,64740000,64740100,2112,5279,64800000,56124
14,108,6480000,6480100,2112,5279,6540000,5659
14,1080,64800000,64800100,2112,5279,64860000,56176
14,1081,64860000,64860100,2112,5279,64920000,56227
14,1082,64920000,64920100,2112,5279,64980000,56279
14,1083,64980000,64980100,2112,5279,65040000,56331
14,1084,65040000,65040100,2112,5279,65100000,56384
14,1085,65100000,65100100,2112,5279,65160000,56435
14,1086,65160000,65160100,2112,5279,65220000,56487
14,1087,65220000,65220100,2112,5279,65280000,56539
14,1088,65280000,65280100,2112,5279,65340000,56590
14,1089,65340000,65340100,2112,5279,65400000,56644
14,109,6540000,6540100,2112,5279,6600000,5714
14,1090,65400000,65400100,2112,5279,65460000,56696
14,1091,65460000,65460100,2112,5279,65520000,56748
14,1092,65520000,65520100,2112,5279,65580000,56798
14,1093,65580000,65580100,2112,5279,65640000,56851
14,1094,65640000,65640100,2112,5279,65700000,56904
14,1095,65700000,65700100,2112,5279,65760000,56954
14,1096,65760000,65760100,2112,5279,65820000,57006
14,1097,65820000,65820100,2112,5279,65880000,57059
14,1098,65880000,65880100,2112,5279,65940000,57111
14,1099,65940000,65940100,2112,5279,66000000,57163
14,11,660000,660100,2112,5279,720000,620
14,110,6600000,6600100,2112,5279,6660000,5766
14,1100,66000000,66000100,2112,5279,66060000,57215
14,1101,66060000,66060100,2112,5279,66120000,57268
14,1102,66120000,66120100,2112,5279,66180000,57318
14,1103,66180000,66180100,2112,5279,66240000,57370
14,1104,66240000,66240100,2112,5279,66300000,57423
14,1105,66300000,66300100,2112,5279,66360000,57476
14,1106,66360000,66360100,2112,5279,66420000,57526
14,1107,66420000,66420100,2112,5279,66480000,57578
14,1108,66480000,66480100,2112,5279,66540000,57630
14,1109,66540000,66540100,2112,5279,66600000,57682
14,111,6660000,6660100,2112,5279,6720000,5818
14,1110,66600000,66600100,2112,5279,66660000,57735
14,1111,66660000,66660100,2112,5279,66720000,57787
14,1112,66720000,66720100,2112,5279,66780000,57839
14,1113,66780000,66780100,2112,5279,66840000,57890
14,1114,66840000,66840100,2112,5279,66900000,57943
14,1115,66900000,66900100,2112,5279,66960000,57995
14,1116,66960000,66960100,2112,5279,67020000,58045
14,1117,67020000,67020100,2112,5279,67080000,58098
14,1118,67080000,67080100,2112,5279,67140000,58150
14,1119,67140000,67140100,2112,5279,67200000,58203
14,112,6720000,6720100,2112,5279,6780000,5868
14,1120,67200000,67200100,2112,5279,67260000,58253
14,1121,67260000,67260100,2112,5279,67320000,58307
14,1122,67320000,67320100,2112,5279,67380000,58359
14,1123,67380000,67380100,2112,5279,67440000,58409
14,1124,67440000,67440100,2112,5279,67500000,58462
14,1125,67500000,67500100,2112,5279,67560000,58515
14,1126,67560000,67560100,2112,5279,67620000,58567
14,1127,67620000,67620100,2112,5279,67680000,58617
14,1128,67680000,67680100,2112,5279,67740000,58669
14,1129,67740000,67740100,2112,5279,67800000,58723
14,113,6780000,6780100,2112,5279,6840000,5921
14,1130,67800000,67800100,2112,5279,67860000,58773
14,1131,67860000,67860100,2112,5279,67920000,58825
14,1132,67920000,67920100,2112,5279,67980000,58878
14,1133,67980000,67980100,2112,5279,68040000,58931
14,1134,68040000,68040100,2112,5279,68100000,58982
14,1135,68100000,68100100,2112,5279,68160000,59034
14,1136,68160000,68160100,2112,5279,68220000,59086
14,1137,68220000,68220100,2112,5279,68280000,59137
14,1138,68280000,68280100,2112,5279,68340000,59189
14,1139,68340000,68340100,2112,5279,68400000,59242
14,114,6840000,6840100,2112,5279,6900000,5974
14,1140,68400000,68400100,2112,5279,68460000,59294
14,1141,68460000,68460100,2112,5279,68520000,59345
14,1142,68520000,68520100,2112,5279,68580000,59397
14,1143,68580000,68580100,2112,5279,68640000,59450
14,1144,68640000,68640100,2112,5279,68700000,59501
14,1145,68700000,68700100,2112,5279,68760000,59554
14,1146,68760000,68760100,2112,5279,68820000,59606
14,1147,68820000,68820100,2112,5279,68880000,59658
14,1148,68880000,68880100,2112,5279,68940000,59708
14,1149,68940000,68940100,2112,5279,69000000,59762
14,115,6900000,6900100,2112,5279,6960000,6024
14,1150,69000000,69000100,2112,5279,69060000,59814
14,1151,69060000,69060100,2112,5279,69120000,59864
14,1152,69120000,69120100,2112,5279,69180000,59916
14,1153,69180000,69180100,2112,5279,69240000,59969
14,1154,69240000,69240100,2112,5279,69300000,60023
14,1155,69300000,69300100,2112,5279,69360000,60073
14,1156,69360000,69360100,2112,5279,69420000,60125
14,1157,69420000,69420100,2112,5279,69480000,60178
14,1158,69480000,69480100,2112,5279,69540000,60228
14,1159,69540000,69540100,2112,5279,69600000,60281
14,116,6960000,6960100,2112,5279,7020000,6076
14,1160,69600000,69600100,2112,5279,69660000,60333
14,1161,69660000,69660100,2112,5279,69720000,60386
14,1162,69720000,69720100,2112,5279,69780000,60436
14,1163,69780000,69780100,2112,5279,69840000,60488
14,1164,69840000,69840100,2112,5279,69900000,60541
14,1165,69900000,69900100,2112,5279,69960000,60593
14,1166,69960000,69960100,2112,5279,70020000,60645
14,1167,70020000,70020100,2112,5279,70080000,60697
14,1168,70080000,70080100,2112,5279,70140000,60749
14,1169,70140000,70140100,2112,5279,70200000,60801
14,117,7020000,7020100,2112,5279,7080000,6129
14,1170,70200000,70200100,2112,5279,70260000,60853
14,1171,70260000,70260100,2112,5279,70320000,60905
14,1172,70320000,70320100,2112,5279,70380000,60955
14,1173,70380000,70380100,2112,5279,70440000,61008
14,1174,70440000,70440100,2112,5279,70500000,61061
14,1175,70500000,70500100,2112,5279,70560000,61113
14,1176,70560000,70560100,2112,5279,70620000,61164
14,1177,70620000,70620100,2112,5279,70680000,61217
14,1178,70680000,70680100,2112,5279,70740000,61269
14,1179,70740000,70740100,2112,5279,70800000,61320
14,118,7080000,7080100,2112,5279,7140000,6181
14,1180,70800000,70800100,2112,5279,70860000,61372
14,1181,70860000,70860100,2112,5279,70920000,61425
14,1182,70920000,70920100,2112,5279,70980000,61477
14,1183,70980000,70980100,2112,5279,71040000,61527
14,1184,71040000,71040100,2112,5279,71100000,61580
14,1185,71100000,71100100,2112,5279,71160000,61633
14,1186,71160000,71160100,2112,5279,71220000,61683
14,1187,71220000,71220100,2112,5279,71280000,61736
14,1188,71280000,71280100,2112,5279,71340000,61788
14,1189,71340000,71340100,2112,5279,71400000,61842
14,119,7140000,7140100,2112,5279,7200000,6232
14,1190,71400000,71400100,2112,5279,71460000,61892
14,1191,71460000,71460100,2112,5279,71520000,61944
14,1192,71520000,71520100,2112,5279,71580000,61996
14,1193,71580000,71580100,2112,5279,71640000,62047
14,1194,71640000,71640100,2112,5279,71700000,62100
14,1195,71700000,71700100,2112,5279,71760000,62152
14,1196,71760000,71760100,2112,5279,71820000,62204
14,1197,71820000,71820100,2112,5279,71880000,62255
14,1198,71880000,71880100,2112,5279,71940000,62308
14,1199,71940000,71940100,2112,5279,72000000,62361
14,12,720000,720100,2112,5279,780000,672
14,120,7200000,7200100,2112,5279,7260000,6285
14,1200,72000000,72000100,2112,5279,72060000,62411
14,1201,72060000,72060100,2112,5279,72120000,62464
14,1202,72120000,72120100,2112,5279,72180000,62516
14,1203,72180000,72180100,2112,5279,72240000,62568
14,1204,72240000,72240100,2112,5279,72300000,62619
14,1205,72300000,72300100,2112,5279,72360000,62672
14,1206,72360000,72360100,2112,5279,72420000,62724
14,1207,72420000,72420100,2112,5279,72480000,62774
14,1208,72480000,72480100,2112,5279,72540000,62826
14,1209,72540000,72540100,2112,5279,72600000,62881
14,121,7260000,7260100,2112,5279,7320000,6338
14,1210,72600000,72600100,2112,5279,72660000,62933
14,1211,72660000,72660100,2112,5279,72720000,62983
14,1212,72720000,72720100,2112,5279,72780000,63035
14,1213,72780000,72780100,2112,5279,72840000,63088
14,1214,72840000,72840100,2112,5279,72900000,63139
14,1215,72900000,72900100,2112,5279,72960000,63191
14,1216,72960000,72960100,2112,5279,73020000,63243
14,1217,73020000,73020100,2112,5279,73080000,63296
14,1218,73080000,73080100,2112,5279,73140000,63346
14,1219,73140000,73140100,2112,5279,73200000,63399
14,122,7320000,7320100,2112,5279,7380000,6388
14,1220,73200000,73200100,2112,5279,73260000,63452
14,1221,73260000,73260100,2112,5279,73320000,63503
14,1222,73320000,73320100,2112,5279,73380000,63555
14,1223,73380000,73380100,2112,5279,73440000,63607
14,1224,73440000,73440100,2112,5279,73500000,63660
14,1225,73500000,73500100,2112,5279,73560000,63711
14,1226,73560000,73560100,2112,5279,73620000,63763
14,1227,73620000,73620100,2112,5279,73680000,63815
14,1228,73680000,73680100,2112,5279,73740000,63865
14,1229,73740000,73740100,2112,5279,73800000,63919
14,123,7380000,7380100,2112,5279,7440000,6440
14,1230,73800000,73800100,2112,5279,73860000,63971
14,1231,73860000,73860100,2112,5279,73920000,64024
14,1232,73920000,73920100,2112,5279,73980000,64074
14,1233,73980000,73980100,2112,5279,74040000,64127
14,1234,74040000,74040100,2112,5279,74100000,64180
14,1235,74100000,74100100,2112,5279,74160000,64230
14,1236,74160000,74160100,2112,5279,74220000,64282
14,1237,74220000,74220100,2112,5279,74280000,64335
14,1238,74280000,74280100,2112,5279,74340000,64387
14,1239,74340000,74340100,2112,5279,74400000,64438
14,124,7440000,7440100,2112,5279,7500000,6493
14,1240,74400000,74400100,2112,5279,74460000,64490
14,1241,74460000,74460100,2112,5279,74520000,64543
14,1242,74520000,74520100,2112,5279,74580000,64594
14,1243,74580000,74580100,2112,5279,74640000,64646
14,1244,74640000,74640100,2112,5279,74700000,64699
14,1245,74700000,74700100,2112,5279,74760000,64752
14,1246,74760000,74760100,2112,5279,74820000,64802
14,1247,74820000,74820100,2112,5279,74880000,64854
14,1248,74880000,74880100,2112,5279,74940000,64906
14,1249,74940000,74940100,2112,5279,75000000,64958
14,125,7500000,7500100,2112,5279,7560000,6546
14,1250,75000000,75000100,2112,5279,75060000,65010
14,1251,75060000,75060100,2112,5279,75120000,65062
14,1252,75120000,75120100,2112,5279,75180000,65114
14,1253,75180000,75180100,2112,5279,75240000,65166
14,1254,75240000,75240100,2112,5279,75300000,65219
14,1255,75300000,75300100,2112,5279,75360000,65271
14,1256,75360000,75360100,2112,5279,75420000,65321
14,1257,75420000,75420100,2112,5279,75480000,65374
14,1258,75480000,75480100,2112,5279,75540000,65426
14,1259,75540000,75540100,2112,5279,75600000,65479
14,126,7560000,7560100,2112,5279,7620000,6596
14,1260,75600000,75600100,2112,5279,75660000,65529
14,1261,75660000,75660100,2112,5279,75720000,65582
14,1262,75720000,75720100,2112,5279,75780000,65634
14,1263,75780000,75780100,2112,5279,75840000,65684
14,1264,75840000,75840100,2112,5279,75900000,65738
14,1265,75900000,75900100,2112,5279,75960000,65791
14,1266,75960000,75960100,2112,5279,76020000,65843
14,1267,76020000,76020100,2112,5279,76080000,65893
14,1268,76080000,76080100,2112,5279,76140000,65945
14,1269,76140000,76140100,2112,5279,76200000,65999
14,127,7620000,7620100,2112,5279,7680000,6648
14,1270,76200000,76200100,2112,5279,76260000,66049
14,1271,76260000,76260100,2112,5279,76320000,66101
14,1272,76320000,76320100,2112,5279,76380000,66153
14,1273,76380000,76380100,2112,5279,76440000,66206
14,1274,76440000,76440100,2112,5279,76500000,66257
14,1275,76500000,76500100,2112,5279,76560000,66310
14,1276,76560000,76560100,2112,5279,76620000,66362
14,1277,76620000,76620100,2112,5279,76680000,66413
14,1278,76680000,76680100,2112,5279,76740000,66465
14,1279,76740000,76740100,2112,5279,76800000,66518
14,128,7680000,7680100,2112,5279,7740000,6700
14,1280,76800000,76800100,2112,5279,76860000,66570
14,1281,76860000,76860100,2112,5279,76920000,66621
14,1282,76920000,76920100,2112,5279,76980000,66673
14,1283,76980000,76980100,2112,5279,77040000,66725
14,1284,77040000,77040100,2112,5279,77100000,66776
14,1285,77100000,77100100,2112,5279,77160000,66829
14,1286,77160000,77160100,2112,5279,77220000,66882
14,1287,77220000,77220100,2112,5279,77280000,66934
14,1288,77280000,77280100,2112,5279,77340000,66984
14,1289,77340000,77340100,2112,5279,77400000,67038
14,129,7740000,7740100,2112,5279,7800000,6752
14,1290,77400000,77400100,2112,5279,77460000,67090
14,1291,77460000,77460100,2112,5279,77520000,67140
14,1292,77520000,77520100,2112,5279,77580000,67192
14,1293,77580000,77580100,2112,5279,77640000,67245
14,1294,77640000,77640100,2112,5279,77700000,67298
14,1295,77700000,77700100,2112,5279,77760000,67348
14,1296,77760000,77760100,2112,5279,77820000,67400
14,1297,77820000,77820100,2112,5279,77880000,67454
14,1298,77880000,77880100,2112,5279,77940000,67504
14,1299,77940000,77940100,2112,5279,78000000,67557
14,13,780000,780100,2112,5279,840000,725
14,130,7800000,7800100,2112,5279,7860000,6804
14,1300,78000000,78000100,2112,5279,78060000,67609
14,1301,78060000,78060100,2112,5279,78120000,67662
14,1302,78120000,78120100,2112,5279,78180000,67712
14,1303,78180000,78180100,2112,5279,78240000,67764
14,1304,78240000,78240100,2112,5279,78300000,67817
14,1305,78300000,78300100,2112,5279,78360000,67868
14,1306,78360000,78360100,2112,5279,78420000,67920
14,1307,78420000,78420100,2112,5279,78480000,67972
14,1308,78480000,78480100,2112,5279,78540000,68025
14,1309,78540000,78540100,2112,5279,78600000,68077
14,131,7860000,7860100,2112,5279,7920000,6857
14,1310,78600000,78600100,2112,5279,78660000,68129
14,1311,78660000,78660100,2112,5279,78720000,68181
14,1312,78720000,78720100,2112,5279,78780000,68231
14,1313,78780000,78780100,2112,5279,78840000,68284
14,1314,78840000,78840100,2112,5279,78900000,68337
14,1315,78900000,78900100,2112,5279,78960000,68389
14,1316,78960000,78960100,2112,5279,79020000,68439
14,1317,79020000,79020100,2112,5279,79080000,68492
14,1318,79080000,79080100,2112,5279,79140000,68544
14,1319,79140000,79140100,2112,5279,79200000,68596
14,132,7920000,7920100,2112,5279,7980000,6909
14,1320,79200000,79200100,2112,5279,79260000,68648
14,1321,79260000,79260100,2112,5279,79320000,68701
14,1322,79320000,79320100,2112,5279,79380000,68753
14,1323,79380000,79380100,2112,5279,79440000,68803
14,1324,79440000,79440100,2112,5279,79500000,68856
14,1325,79500000,79500100,2112,5279,79560000,68909
14,1326,79560000,79560100,2112,5279,79620000,68959
14,1327,79620000,79620100,2112,5279,79680000,69011
14,1328,79680000,79680100,2112,5279,79740000,69063
14,1329,79740000,79740100,2112,5279,79800000,69117
14,133,7980000,7980100,2112,5279,8040000,6960
14,1330,79800000,79800100,2112,5279,79860000,69168
14,1331,79860000,79860100,2112,5279,79920000,69220
14,1332,79920000,79920100,2112,5279,79980000,69272
14,1333,79980000,79980100,2112,5279,80040000,69323
14,1334,80040000,80040100,2112,5279,80100000,69376
14,1335,80100000,80100100,2112,5279,80160000,69428
14,1336,80160000,80160100,2112,5279,80220000,69480
14,1337,80220000,80220100,2112,5279,80280000,69531
14,1338,80280000,80280100,2112,5279,80340000,69583
14,1339,80340000,80340100,2112,5279,80400000,69636
14,134,8040000,8040100,2112,5279,8100000,7013
14,1340,80400000,80400100,2112,5279,80460000,69686
14,1341,80460000,80460100,2112,5279,80520000,69740
14,1342,80520000,80520100,2112,5279,80580000,69792
14,1343,80580000,80580100,2112,5279,80640000,69844
14,1344,80640000,80640100,2112,5279,80700000,69895
14,1345,80700000,80700100,2112,5279,80760000,69948
14,1346,80760000,80760100,2112,5279,80820000,70000
14,1347,80820000,80820100,2112,5279,80880000,70050
14,1348,80880000,80880100,2112,5279,80940000,70102
14,1349,80940000,80940100,2112,5279,81000000,70156
14,135,8100000,8100100,2112,5279,8160000,7065
14,1350,81000000,81000100,2112,5279,81060000,70208
14,1351,81060000,81060100,2112,5279,81120000,70258
14,1352,81120000,81120100,2112,5279,81180000,70311
14,1353,81180000,81180100,2112,5279,81240000,70364
14,1354,81240000,81240100,2112,5279,81300000,70415
14,1355,81300000,81300100,2112,5279,81360000,70467
14,1356,81360000,81360100,2112,5279,81420000,70519
14,1357,81420000,81420100,2112,5279,81480000,70572
14,1358,81480000,81480100,2112,5279,81540000,70622
14,1359,81540000,81540100,2112,5279,81600000,70675
14,136,8160000,8160100,2112,5279,8220000,7115
14,1360,81600000,81600100,2112,5279,81660000,70727
14,1361,81660000,81660100,2112,5279,81720000,70778
14,1362,81720000,81720100,2112,5279,81780000,70830
14,1363,81780000,81780100,2112,5279,81840000,70883
14,1364,81840000,81840100,2112,5279,81900000,70936
14,1365,81900000,81900100,2112,5279,81960000,70987
14,1366,81960000,81960100,2112,5279,82020000,71039
14,1367,82020000,82020100,2112,5279,82080000,71091
14,1368,82080000,82080100,2112,5279,82140000,71141
14,1369,82140000,82140100,2112,5279,82200000,71195
14,137,8220000,8220100,2112,5279,8280000,7168
14,1370,82200000,82200100,2112,5279,82260000,71247
14,1371,82260000,82260100,2112,5279,82320000,71299
14,1372,82320000,82320100,2112,5279,82380000,71349
14,1373,82380000,82380100,2112,5279,82440000,71402
14,1374,82440000,82440100,2112,5279,82500000,71456
14,1375,82500000,82500100,2112,5279,82560000,71506
14,1376,82560000,82560100,2112,5279,82620000,71558
14,1377,82620000,82620100,2112,5279,82680000,71611
14,1378,82680000,82680100,2112,5279,82740000,71663
14,1379,82740000,82740100,2112,5279,82800000,71714
14,138,8280000,8280100,2112,5279,8340000,7220
14,1380,82800000,82800100,2112,5279,82860000,71766
14,1381,82860000,82860100,2112,5279,82920000,71819
14,1382,82920000,82920100,2112,5279,82980000,71869
14,1383,82980000,82980100,2112,5279,83040000,71921
14,1384,83040000,83040100,2112,5279,83100000,71974
14,1385,83100000,83100100,2112,5279,83160000,72028
14,1386,83160000,83160100,2112,5279,83220000,72078
14,1387,83220000,83220100,2112,5279,83280000,72130
14,1388,83280000,83280100,2112,5279,83340000,72182
14,1389,83340000,83340100,2112,5279,83400000,72234
14,139,8340000,8340100,2112,5279,8400000,7273
14,1390,83400000,83400100,2112,5279,83460000,72286
14,1391,83460000,83460100,2112,5279,83520000,72338
14,1392,83520000,83520100,2112,5279,83580000,72390
14,1393,83580000,83580100,2112,5279,83640000,72441
14,1394,83640000,83640100,2112,5279,83700000,72494
14,1395,83700000,83700100,2112,5279,83760000,72546
14,1396,83760000,83760100,2112,5279,83820000,72597
14,1397,83820000,83820100,2112,5279,83880000,72650
14,1398,83880000,83880100,2112,5279,83940000,72702
14,1399,83940000,83940100,2112,5279,84000000,72755
14,14,840000,840100,2112,5279,900000,776
14,140,8400000,8400100,2112,5279,8460000,7323
14,1400,84000000,84000100,2112,5279,84060000,72805
14,1401,84060000,84060100,2112,5279,84120000,72858
14,1402,84120000,84120100,2112,5279,84180000,72910
14,1403,84180000,84180100,2112,5279,84240000,72960
14,1404,84240000,84240100,2112,5279,84300000,73013
14,1405,84300000,84300100,2112,5279,84360000,73066
14,1406,84360000,84360100,2112,5279,84420000,73118
14,1407,84420000,84420100,2112,5279,84480000,73169
14,1408,84480000,84480100,2112,5279,84540000,73221
14,1409,84540000,84540100,2112,5279,84600000,73275
14,141,8460000,8460100,2112,5279,8520000,7376
14,1410,84600000,84600100,2112,5279,84660000,73325
14,1411,84660000,84660100,2112,5279,84720000,73377
14,1412,84720000,84720100,2112,5279,84780000,73429
14,1413,84780000,84780100,2112,5279,84840000,73482
14,1414,84840000,84840100,2112,5279,84900000,73533
14,1415,84900000,84900100,2112,5279,84960000,73585
14,1416,84960000,84960100,2112,5279,85020000,73637
14,1417,85020000,85020100,2112,5279,85080000,73688
14,1418,85080000,85080100,2112,5279,85140000,73741
14,1419,85140000,85140100,2112,5279,85200000,73794
14,142,8520000,8520100,2112,5279,8580000,7429
14,1420,85200000,85200100,2112,5279,85260000,73846
14,1421,85260000,85260100,2112,5279,85320000,73897
14,1422,85320000,85320100,2112,5279,85380000,73949
14,1423,85380000,85380100,2112,5279,85440000,74001
14,1424,85440000,85440100,2112,5279,85500000,74052
14,1425,85500000,85500100,2112,5279,85560000,74105
14,1426,85560000,85560100,2112,5279,85620000,74157
14,1427,85620000,85620100,2112,5279,85680000,74209
14,1428,85680000,85680100,2112,5279,85740000,74259
14,1429,85740000,85740100,2112,5279,85800000,74314
14,143,8580000,8580100,2112,5279,8640000,7479
14,1430,85800000,85800100,2112,5279,85860000,74366
14,1431,85860000,85860100,2112,5279,85920000,74416
14,1432,85920000,85920100,2112,5279,85980000,74468
14,1433,85980000,85980100,2112,5279,86040000,74521
14,1434,86040000,86040100,2112,5279,86100000,74574
14,1435,86100000,86100100,2112,5279,86160000,74624
14,1436,86160000,86160100,2112,5279,86220000,74676
14,1437,86220000,86220100,2112,5279,86280000,74729
14,1438,86280000,86280100,2112,5279,86340000,74779
14,1439,86340000,86340100,2112,5279,86400000,74832
14,144,8640000,8640100,2112,5279,8700000,7532
14,1440,86400000,86400100,2112,5279,86460000,74885
14,1441,86460000,86460100,2112,5279,86520000,74938
14,1442,86520000,86520100,2112,5279,86580000,74988
14,1443,86580000,86580100,2112,5279,86640000,75040
14,1444,86640000,86640100,2112,5279,86700000,75093
14,1445,86700000,86700100,2112,5279,86760000,75144
14,1446,86760000,86760100,2112,5279,86820000,75196
14,1447,86820000,86820100,2112,5279,86880000,75248
14,1448,86880000,86880100,2112,5279,86940000,75300
14,1449,86940000,86940100,2112,5279,87000000,75352
14,145,8700000,8700100,2112,5279,8760000,7585
14,1450,87000000,87000100,2112,5279,87060000,75404
14,1451,87060000,87060100,2112,5279,87120000,75457
14,1452,87120000,87120100,2112,5279,87180000,75507
14,1453,87180000,87180100,2112,5279,87240000,75560
14,1454,87240000,87240100,2112,5279,87300000,75613
14,1455,87300000,87300100,2112,5279,87360000,75665
14,1456,87360000,87360100,2112,5279,87420000,75715
14,1457,87420000,87420100,2112,5279,87480000,75768
14,1458,87480000,87480100,2112,5279,87540000,75820
14,1459,87540000,87540100,2112,5279,87600000,75871
14,146,8760000,8760100,2112,5279,8820000,7637
14,1460,87600000,87600100,2112,5279,87660000,75923
14,1461,87660000,87660100,2112,5279,87720000,75976
14,1462,87720000,87720100,2112,5279,87780000,76029
14,1463,87780000,87780100,2112,5279,87840000,76079
14,1464,87840000,87840100,2112,5279,87900000,76132
14,1465,87900000,87900100,2112,5279,87960000,76185
14,1466,87960000,87960100,2112,5279,88020000,76235
14,1467,88020000,88020100,2112,5279,88080000,76287
14,1468,88080000,88080100,2112,5279,88140000,76339
14,1469,88140000,88140100,2112,5279,88200000,76393
14,147,8820000,8820100,2112,5279,8880000,7687
14,1470,88200000,88200100,2112,5279,88260000,76443
14,1471,88260000,88260100,2112,5279,88320000,76495
14,1472,88320000,88320100,2112,5279,88380000,76547
14,1473,88380000,88380100,2112,5279,88440000,76599
14,1474,88440000,88440100,2112,5279,88500000,76652
14,1475,88500000,88500100,2112,5279,88560000,76704
14,1476,88560000,88560100,2112,5279,88620000,76756
14,1477,88620000,88620100,2112,5279,88680000,76807
14,1478,88680000,88680100,2112,5279,88740000,76859
14,1479,88740000,88740100,2112,5279,88800000,76912
14,148,8880000,8880100,2112,5279,8940000,7739
14,1480,88800000,88800100,2112,5279,88860000,76962
14,1481,88860000,88860100,2112,5279,88920000,77015
14,1482,88920000,88920100,2112,5279,88980000,77067
14,1483,88980000,88980100,2112,5279,89040000,77119
14,1484,89040000,89040100,2112,5279,89100000,77171
14,1485,89100000,89100100,2112,5279,89160000,77224
14,1486,89160000,89160100,2112,5279,89220000,77276
14,1487,89220000,89220100,2112,5279,89280000,77326
14,1488,89280000,89280100,2112,5279,89340000,77378
14,1489,89340000,89340100,2112,5279,89400000,77432
14,149,8940000,8940100,2112,5279,9000000,7793
14,1490,89400000,89400100,2112,5279,89460000,77484
14,1491,89460000,89460100,2112,5279,89520000,77534
14,1492,89520000,89520100,2112,5279,89580000,77586
14,1493,89580000,89580100,2112,5279,89640000,77639
14,1494,89640000,89640100,2112,5279,89700000,77690
14,1495,89700000,89700100,2112,5279,89760000,77743
14,1496,89760000,89760100,2112,5279,89820000,77795
14,1497,89820000,89820100,2112,5279,89880000,77848
14,1498,89880000,89880100,2112,5279,89940000,77898
14,1499,89940000,89940100,2112,5279,90000000,77951
14,15,900000,900100,2112,5279,960000,828
14,150,9000000,9000100,2112,5279,9060000,7843
14,1500,90000000,90000100,2112,5279,90060000,78003
14,1501,90060000,90060100,2112,5279,90120000,78054
14,1502,90120000,90120100,2112,5279,90180000,78106
14,1503,90180000,90180100,2112,5279,90240000,78158
14,1504,90240000,90240100,2112,5279,90300000,78211
14,1505,90300000,90300100,2112,5279,90360000,78262
14,1506,90360000,90360100,2112,5279,90420000,78315
14,1507,90420000,90420100,2112,5279,90480000,78367
14,1508,90480000,90480100,2112,5279,90540000,78417
14,1509,90540000,90540100,2112,5279,90600000,78471
14,151,9060000,9060100,2112,5279,9120000,7895
14,1510,90600000,90600100,2112,5279,90660000,78523
14,1511,90660000,90660100,2112,5279,90720000,78575
14,1512,90720000,90720100,2112,5279,90780000,78625
14,1513,90780000,90780100,2112,5279,90840000,78678
14,1514,90840000,90840100,2112,5279,90900000,78731
14,1515,90900000,90900100,2112,5279,90960000,78781
14,1516,90960000,90960100,2112,5279,91020000,78833
14,1517,91020000,91020100,2112,5279,91080000,78887
14,1518,91080000,91080100,2112,5279,91140000,78939
14,1519,91140000,91140100,2112,5279,91200000,78990
14,152,9120000,9120100,2112,5279,9180000,7947
14,1520,91200000,91200100,2112,5279,91260000,79042
14,1521,91260000,91260100,2112,5279,91320000,79095
14,1522,91320000,91320100,2112,5279,91380000,79145
14,1523,91380000,91380100,2112,5279,91440000,79197
14,1524,91440000,91440100,2112,5279,91500000,79250
14,1525,91500000,91500100,2112,5279,91560000,79303
14,1526,91560000,91560100,2112,5279,91620000,79353
14,1527,91620000,91620100,2112,5279,91680000,79405
14,1528,91680000,91680100,2112,5279,91740000,79458
14,1529,91740000,91740100,2112,5279,91800000,79510
14,153,9180000,9180100,2112,5279,9240000,8001
14,1530,91800000,91800100,2112,5279,91860000,79562
14,1531,91860000,91860100,2112,5279,91920000,79614
14,1532,91920000,91920100,2112,5279,91980000,79666
14,1533,91980000,91980100,2112,5279,92040000,79717
14,1534,92040000,92040100,2112,5279,92100000,79770
14,1535,92100000,92100100,2112,5279,92160000,79822
14,1536,92160000,92160100,2112,5279,92220000,79872
14,1537,92220000,92220100,2112,5279,92280000,79925
14,1538,92280000,92280100,2112,5279,92340000,79977
14,1539,92340000,92340100,2112,5279,92400000,80031
14,154,9240000,9240100,2112,5279,9300000,8052
14,155,9300000,9300100,2112,5279,9360000,8104
14,156,9360000,9360100,2112,5279,9420000,8156
14,157,9420000,9420100,2112,5279,9480000,8207
14,158,9480000,9480100,2112,5279,9540000,8259
14,159,9540000,9540100,2112,5279,9600000,8312
14,16,960000,960100,2112,5279,1020000,880
14,160,9600000,9600100,2112,5279,9660000,8364
14,161,9660000,9660100,2112,5279,9720000,8415
14,162,9720000,9720100,2112,5279,9780000,8467
14,163,9780000,9780100,2112,5279,9840000,8519
14,164,9840000,9840100,2112,5279,9900000,8571
14,165,9900000,9900100,2112,5279,9960000,8624
14,166,9960000,9960100,2112,5279,10020000,8676
14,167,10020000,10020100,2112,5279,10080000,8728
14,168,10080000,10080100,2112,5279,10140000,8778
14,169,10140000,10140100,2112,5279,10200000,8832
14,17,1020000,1020100,2112,5279,1080000,931
14,170,10200000,10200100,2112,5279,10260000,8884
14,171,10260000,10260100,2112,5279,10320000,8934
14,172,10320000,10320100,2112,5279,10380000,8986
14,173,10380000,10380100,2112,5279,10440000,9039
14,174,10440000,10440100,2112,5279,10500000,9092
14,175,10500000,10500100,2112,5279,10560000,9143
14,176,10560000,10560100,2112,5279,10620000,9195
14,177,10620000,10620100,2112,5279,10680000,9248
14,178,10680000,10680100,2112,5279,10740000,9298
14,179,10740000,10740100,2112,5279,10800000,9351
14,18,1080000,1080100,2112,5279,1140000,983
14,180,10800000,10800100,2112,5279,10860000,9403
14,181,10860000,10860100,2112,5279,10920000,9456
14,182,10920000,10920100,2112,5279,10980000,9506
14,183,10980000,10980100,2112,5279,11040000,9558
14,184,11040000,11040100,2112,5279,11100000,9611
14,185,11100000,11100100,2112,5279,11160000,9662
14,186,11160000,11160100,2112,5279,11220000,9715
14,187,11220000,11220100,2112,5279,11280000,9767
14,188,11280000,11280100,2112,5279,11340000,9819
14,189,11340000,11340100,2112,5279,11400000,9871
14,19,1140000,1140100,2112,5279,1200000,1036
14,190,11400000,11400100,2112,5279,11460000,9923
14,191,11460000,11460100,2112,5279,11520000,9975
14,192,11520000,11520100,2112,5279,11580000,10025
14,193,11580000,11580100,2112,5279,11640000,10078
14,194,11640000,11640100,2112,5279,11700000,10131
14,195,11700000,11700100,2112,5279,11760000,10183
14,196,11760000,11760100,2112,5279,11820000,10233
14,197,11820000,11820100,2112,5279,11880000,10287
14,198,11880000,11880100,2112,5279,11940000,10339
14,199,11940000,11940100,2112,5279,12000000,10390
14,2,120000,120100,2112,5279,180000,153
14,20,1200000,1200100,2112,5279,1260000,1088
14,200,12000000,12000100,2112,5279,12060000,10442
14,201,12060000,12060100,2112,5279,12120000,10495
14,202,12120000,12120100,2112,5279,12180000,10547
14,203,12180000,12180100,2112,5279,12240000,10597
14,204,12240000,12240100,2112,5279,12300000,10650
14,205,12300000,12300100,2112,5279,12360000,10703
14,206,12360000,12360100,2112,5279,12420000,10753
14,207,12420000,12420100,2112,5279,12480000,10805
14,208,12480000,12480100,2112,5279,12540000,10858
14,209,12540000,12540100,2112,5279,12600000,10912
14,21,1260000,1260100,2112,5279,1320000,1140
14,210,12600000,12600100,2112,5279,12660000,10962
14,211,12660000,12660100,2112,5279,12720000,11014
14,212,12720000,12720100,2112,5279,12780000,11066
14,213,12780000,12780100,2112,5279,12840000,11117
14,214,12840000,12840100,2112,5279,12900000,11170
14,215,12900000,12900100,2112,5279,12960000,11222
14,216,12960000,12960100,2112,5279,13020000,11274
14,217,13020000,13020100,2112,5279,13080000,11325
14,218,13080000,13080100,2112,5279,13140000,11377
14,219,13140000,13140100,2112,5279,13200000,11431
14,22,1320000,1320100,2112,5279,1380000,1192
14,220,13200000,13200100,2112,5279,13260000,11481
14,221,13260000,13260100,2112,5279,13320000,11534
14,222,13320000,13320100,2112,5279,13380000,11586
14,223,13380000,13380100,2112,5279,13440000,11638
14,224,13440000,13440100,2112,5279,13500000,11689
14,225,13500000,13500100,2112,5279,13560000,11742
14,226,13560000,13560100,2112,5279,13620000,11794
14,227,13620000,13620100,2112,5279,13680000,11844
14,228,13680000,13680100,2112,5279,13740000,11896
14,229,13740000,13740100,2112,5279,13800000,11950
14,23,1380000,1380100,2112,5279,1440000,1244
14,230,13800000,13800100,2112,5279,13860000,12003
14,231,13860000,13860100,2112,5279,13920000,12053
14,232,13920000,13920100,2112,5279,13980000,12105
14,233,13980000,13980100,2112,5279,14040000,12158
14,234,14040000,14040100,2112,5279,14100000,12209
14,235,14100000,14100100,2112,5279,14160000,12261
14,236,14160000,14160100,2112,5279,14220000,12313
14,237,14220000,14220100,2112,5279,14280000,12366
14,238,14280000,14280100,2112,5279,14340000,12416
14,239,14340000,14340100,2112,5279,14400000,12469
14,24,1440000,1440100,2112,5279,1500000,1295
14,240,14400000,14400100,2112,5279,14460000,12521
14,241,14460000,14460100,2112,5279,14520000,12573
14,242,14520000,14520100,2112,5279,14580000,12625
14,243,14580000,14580100,2112,5279,14640000,12677
14,244,14640000,14640100,2112,5279,14700000,12730
14,245,14700000,14700100,2112,5279,14760000,12781
14,246,14760000,14760100,2112,5279,14820000,12833
14,247,14820000,14820100,2112,5279,14880000,12885
14,248,14880000,14880100,2112,5279,14940000,12935
14,249,14940000,14940100,2112,5279,15000000,12989
14,25,1500000,1500100,2112,5279,1560000,1348
14,250,15000000,15000100,2112,5279,15060000,13041
14,251,15060000,15060100,2112,5279,15120000,13093
14,252,15120000,15120100,2112,5279,15180000,13144
14,253,15180000,15180100,2112,5279,15240000,13197
14,254,15240000,15240100,2112,5279,15300000,13250
14,255,15300000,15300100,2112,5279,15360000,13300
14,256,15360000,15360100,2112,5279,15420000,13352
14,257,15420000,15420100,2112,5279,15480000,13405
14,258,15480000,15480100,2112,5279,15540000,13457
14,259,15540000,15540100,2112,5279,15600000,13508
14,26,1560000,1560100,2112,5279,1620000,1400
14,260,15600000,15600100,2112,5279,15660000,13560
14,261,15660000,15660100,2112,5279,15720000,13613
14,262,15720000,15720100,2112,5279,15780000,13663
14,263,15780000,15780100,2112,5279,15840000,13716
14,264,15840000,15840100,2112,5279,15900000,13769
14,265,15900000,15900100,2112,5279,15960000,13822
14,266,15960000,15960100,2112,5279,16020000,13872
14,267,16020000,16020100,2112,5279,16080000,13924
14,268,16080000,16080100,2112,5279,16140000,13976
14,269,16140000,16140100,2112,5279,16200000,14028
14,27,1620000,1620100,2112,5279,1680000,1452
14,270,16200000,16200100,2112,5279,16260000,14080
14,271,16260000,16260100,2112,5279,16320000,14132
14,272,16320000,16320100,2112,5279,16380000,14184
14,273,16380000,16380100,2112,5279,16440000,14235
14,274,16440000,16440100,2112,5279,16500000,14289
14,275,16500000,16500100,2112,5279,16560000,14341
14,276,16560000,16560100,2112,5279,16620000,14391
14,277,16620000,16620100,2112,5279,16680000,14444
14,278,16680000,16680100,2112,5279,16740000,14496
14,279,16740000,16740100,2112,5279,16800000,14549
14,28,1680000,1680100,2112,5279,1740000,1502
14,280,16800000,16800100,2112,5279,16860000,14599
14,281,16860000,16860100,2112,5279,16920000,14652
14,282,16920000,16920100,2112,5279,16980000,14704
14,283,16980000,16980100,2112,5279,17040000,14754
14,284,17040000,17040100,2112,5279,17100000,14807
14,285,17100000,17100100,2112,5279,17160000,14861
14,286,17160000,17160100,2112,5279,17220000,14913
14,287,17220000,17220100,2112,5279,17280000,14963
14,288,17280000,17280100,2112,5279,17340000,15015
14,289,17340000,17340100,2112,5279,17400000,15069
14,29,1740000,1740100,2112,5279,1800000,1556
14,290,17400000,17400100,2112,5279,17460000,15119
14,291,17460000,17460100,2112,5279,17520000,15171
14,292,17520000,17520100,2112,5279,17580000,15223
14,293,17580000,17580100,2112,5279,17640000,15276
14,294,17640000,17640100,2112,5279,17700000,15327
14,295,17700000,17700100,2112,5279,17760000,15379
14,296,17760000,17760100,2112,5279,17820000,15432
14,297,17820000,17820100,2112,5279,17880000,15483
14,298,17880000,17880100,2112,5279,17940000,15535
14,299,17940000,17940100,2112,5279,18000000,15588
14,3,180000,180100,2112,5279,240000,203
14,30,1800000,1800100,2112,5279,1860000,1608
14,300,18000000,18000100,2112,5279,18060000,15640
14,301,18060000,18060100,2112,5279,18120000,15691
14,302,18120000,18120100,2112,5279,18180000,15743
14,303,18180000,18180100,2112,5279,18240000,15795
14,304,18240000,18240100,2112,5279,18300000,15846
14,305,18300000,18300100,2112,5279,18360000,15899
14,306,18360000,18360100,2112,5279,18420000,15951
14,307,18420000,18420100,2112,5279,18480000,16004
14,308,18480000,18480100,2112,5279,18540000,16054
14,309,18540000,18540100,2112,5279,18600000,16108
14,31,1860000,1860100,2112,5279,1920000,1658
14,310,18600000,18600100,2112,5279,18660000,16160
14,311,18660000,18660100,2112,5279,18720000,16210
14,312,18720000,18720100,2112,5279,18780000,16262
14,313,18780000,18780100,2112,5279,18840000,16315
14,314,18840000,18840100,2112,5279,18900000,16368
14,315,18900000,18900100,2112,5279,18960000,16418
14,316,18960000,18960100,2112,5279,19020000,16470
14,317,19020000,19020100,2112,5279,19080000,16523
14,318,19080000,19080100,2112,5279,19140000,16574
14,319,19140000,19140100,2112,5279,19200000,16627
14,32,1920000,1920100,2112,5279,1980000,1711
14,320,19200000,19200100,2112,5279,19260000,16679
14,321,19260000,19260100,2112,5279,19320000,16732
14,322,19320000,19320100,2112,5279,19380000,16782
14,323,19380000,19380100,2112,5279,19440000,16834
14,324,19440000,19440100,2112,5279,19500000,16887
14,325,19500000,19500100,2112,5279,19560000,16938
14,326,19560000,19560100,2112,5279,19620000,16990
14,327,19620000,19620100,2112,5279,19680000,17042
14,328,19680000,19680100,2112,5279,19740000,17094
14,329,19740000,19740100,2112,5279,19800000,17147
14,33,1980000,1980100,2112,5279,2040000,1764
14,330,19800000,19800100,2112,5279,19860000,17199
14,331,19860000,19860100,2112,5279,19920000,17251
14,332,19920000,19920100,2112,5279,19980000,17301
14,333,19980000,19980100,2112,5279,20040000,17354
14,334,20040000,20040100,2112,5279,20100000,17407
14,335,20100000,20100100,2112,5279,20160000,17459
14,336,20160000,20160100,2112,5279,20220000,17509
14,337,20220000,20220100,2112,5279,20280000,17562
14,338,20280000,20280100,2112,5279,20340000,17614
14,339,20340000,20340100,2112,5279,20400000,17665
14,34,2040000,2040100,2112,5279,2100000,1817
14,340,20400000,20400100,2112,5279,20460000,17718
14,341,20460000,20460100,2112,5279,20520000,17771
14,342,20520000,20520100,2112,5279,20580000,17823
14,343,20580000,20580100,2112,5279,20640000,17873
14,344,20640000,20640100,2112,5279,20700000,17926
14,345,20700000,20700100,2112,5279,20760000,17979
14,346,20760000,20760100,2112,5279,20820000,18029
14,347,20820000,20820100,2112,5279,20880000,18081
14,348,20880000,20880100,2112,5279,20940000,18133
14,349,20940000,20940100,2112,5279,21000000,18187
14,35,2100000,2100100,2112,5279,2160000,1867
14,350,21000000,21000100,2112,5279,21060000,18237
14,351,21060000,21060100,2112,5279,21120000,18290
14,352,21120000,21120100,2112,5279,21180000,18342
14,353,21180000,21180100,2112,5279,21240000,18393
14,354,21240000,21240100,2112,5279,21300000,18446
14,355,21300000,21300100,2112,5279,21360000,18498
14,356,21360000,21360100,2112,5279,21420000,18550
14,357,21420000,21420100,2112,5279,21480000,18601
14,358,21480000,21480100,2112,5279,21540000,18653
14,359,21540000,21540100,2112,5279,21600000,18706
14,36,2160000,2160100,2112,5279,2220000,1919
14,360,21600000,21600100,2112,5279,21660000,18756
14,361,21660000,21660100,2112,5279,21720000,18809
14,362,21720000,21720100,2112,5279,21780000,18862
14,363,21780000,21780100,2112,5279,21840000,18914
14,364,21840000,21840100,2112,5279,21900000,18965
14,365,21900000,21900100,2112,5279,21960000,19018
14,366,21960000,21960100,2112,5279,22020000,19070
14,367,22020000,22020100,2112,5279,22080000,19120
14,368,22080000,22080100,2112,5279,22140000,19172
14,369,22140000,22140100,2112,5279,22200000,19226
14,37,2220000,2220100,2112,5279,2280000,1972
14,370,22200000,22200100,2112,5279,22260000,19278
14,371,22260000,22260100,2112,5279,22320000,19328
14,372,22320000,22320100,2112,5279,22380000,19380
14,373,22380000,22380100,2112,5279,22440000,19434
14,374,22440000,22440100,2112,5279,22500000,19485
14,375,22500000,22500100,2112,5279,22560000,19537
14,376,22560000,22560100,2112,5279,22620000,19589
14,377,22620000,22620100,2112,5279,22680000,19642
14,378,22680000,22680100,2112,5279,22740000,19692
14,379,22740000,22740100,2112,5279,22800000,19745
14,38,2280000,2280100,2112,5279,2340000,2022
14,380,22800000,22800100,2112,5279,22860000,19797
14,381,22860000,22860100,2112,5279,22920000,19848
14,382,22920000,22920100,2112,5279,22980000,19900
14,383,22980000,22980100,2112,5279,23040000,19952
14,384,23040000,23040100,2112,5279,23100000,20006
14,385,23100000,23100100,2112,5279,23160000,20057
14,386,23160000,23160100,2112,5279,23220000,20109
14,387,23220000,23220100,2112,5279,23280000,20161
14,388,23280000,23280100,2112,5279,23340000,20211
14,389,23340000,23340100,2112,5279,23400000,20265
14,39,2340000,2340100,2112,5279,2400000,2075
14,390,23400000,23400100,2112,5279,23460000,20317
14,391,23460000,23460100,2112,5279,23520000,20369
14,392,23520000,23520100,2112,5279,23580000,20419
14,393,23580000,23580100,2112,5279,23640000,20472
14,394,23640000,23640100,2112,5279,23700000,20525
14,395,23700000,23700100,2112,5279,23760000,20576
14,396,23760000,23760100,2112,5279,23820000,20628
14,397,23820000,23820100,2112,5279,23880000,20681
14,398,23880000,23880100,2112,5279,23940000,20733
14,399,23940000,23940100,2112,5279,24000000,20784
14,4,240000,240100,2112,5279,300000,256
14,40,2400000,2400100,2112,5279,2460000,2127
14,400,24000000,24000100,2112,5279,24060000,20836
14,401,24060000,24060100,2112,5279,24120000,20889
14,402,24120000,24120100,2112,5279,24180000,20939
14,403,24180000,24180100,2112,5279,24240000,20991
14,404,24240000,24240100,2112,5279,24300000,21044
14,405,24300000,24300100,2112,5279,24360000,21097
14,406,24360000,24360100,2112,5279,24420000,21148
14,407,24420000,24420100,2112,5279,24480000,21200
14,408,24480000,24480100,2112,5279,24540000,21252
14,409,24540000,24540100,2112,5279,24600000,21304
14,41,2460000,2460100,2112,5279,2520000,2180
14,410,24600000,24600100,2112,5279,24660000,21356
14,411,24660000,24660100,2112,5279,24720000,21408
14,412,24720000,24720100,2112,5279,24780000,21460
14,413,24780000,24780100,2112,5279,24840000,21511
14,414,24840000,24840100,2112,5279,24900000,21564
14,415,24900000,24900100,2112,5279,24960000,21616
14,416,24960000,24960100,2112,5279,25020000,21666
14,417,25020000,25020100,2112,5279,25080000,21720
14,418,25080000,25080100,2112,5279,25140000,21772
14,419,25140000,25140100,2112,5279,25200000,21825
14,42,2520000,2520100,2112,5279,2580000,2230
14,420,25200000,25200100,2112,5279,25260000,21875
14,421,25260000,25260100,2112,5279,25320000,21928
14,422,25320000,25320100,2112,5279,25380000,21980
14,423,25380000,25380100,2112,5279,25440000,22030
14,424,25440000,25440100,2112,5279,25500000,22083
14,425,25500000,25500100,2112,5279,25560000,22136
14,426,25560000,25560100,2112,5279,25620000,22188
14,427,25620000,25620100,2112,5279,25680000,22238
14,428,25680000,25680100,2112,5279,25740000,22291
14,429,25740000,25740100,2112,5279,25800000,22345
14,43,2580000,2580100,2112,5279,2640000,2283
14,430,25800000,25800100,2112,5279,25860000,22395
14,431,25860000,25860100,2112,5279,25920000,22447
14,432,25920000,25920100,2112,5279,25980000,22499
14,433,25980000,25980100,2112,5279,26040000,22552
14,434,26040000,26040100,2112,5279,26100000,22603
14,435,26100000,26100100,2112,5279,26160000,22655
14,436,26160000,26160100,2112,5279,26220000,22707
14,437,26220000,26220100,2112,5279,26280000,22758
14,438,26280000,26280100,2112,5279,26340000,22810
14,439,26340000,26340100,2112,5279,26400000,22864
14,44,2640000,2640100,2112,5279,2700000,2336
14,440,26400000,26400100,2112,5279,26460000,22916
14,441,26460000,26460100,2112,5279,26520000,22967
14,442,26520000,26520100,2112,5279,26580000,23019
14,443,26580000,26580100,2112,5279,26640000,23071
14,444,26640000,26640100,2112,5279,26700000,23122
14,445,26700000,26700100,2112,5279,26760000,23175
14,446,26760000,26760100,2112,5279,26820000,23227
14,447,26820000,26820100,2112,5279,26880000,23279
14,448,26880000,26880100,2112,5279,26940000,23329
14,449,26940000,26940100,2112,5279,27000000,23383
14,45,2700000,2700100,2112,5279,2760000,2387
14,450,27000000,27000100,2112,5279,27060000,23436
14,451,27060000,27060100,2112,5279,27120000,23486
14,452,27120000,27120100,2112,5279,27180000,23538
14,453,27180000,27180100,2112,5279,27240000,23591
14,454,27240000,27240100,2112,5279,27300000,23644
14,455,27300000,27300100,2112,5279,27360000,23694
14,456,27360000,27360100,2112,5279,27420000,23746
14,457,27420000,27420100,2112,5279,27480000,23799
14,458,27480000,27480100,2112,5279,27540000,23849
14,459,27540000,27540100,2112,5279,27600000,23902
14,46,2760000,2760100,2112,5279,2820000,2439
14,460,27600000,27600100,2112,5279,27660000,23954
14,461,27660000,27660100,2112,5279,27720000,24008
14,462,27720000,27720100,2112,5279,27780000,24058
14,463,27780000,27780100,2112,5279,27840000,24110
14,464,27840000,27840100,2112,5279,27900000,24163
14,465,27900000,27900100,2112,5279,27960000,24214
14,466,27960000,27960100,2112,5279,28020000,24266
14,467,28020000,28020100,2112,5279,28080000,24318
14,468,28080000,28080100,2112,5279,28140000,24370
14,469,28140000,28140100,2112,5279,28200000,24422
14,47,2820000,2820100,2112,5279,2880000,2491
14,470,28200000,28200100,2112,5279,28260000,24474
14,471,28260000,28260100,2112,5279,28320000,24526
14,472,28320000,28320100,2112,5279,28380000,24577
14,473,28380000,28380100,2112,5279,28440000,24630
14,474,28440000,28440100,2112,5279,28500000,24683
14,475,28500000,28500100,2112,5279,28560000,24735
14,476,28560000,28560100,2112,5279,28620000,24785
14,477,28620000,28620100,2112,5279,28680000,24838
14,478,28680000,28680100,2112,5279,28740000,24890
14,479,28740000,28740100,2112,5279,28800000,24941
14,48,2880000,2880100,2112,5279,2940000,2543
14,480,28800000,28800100,2112,5279,28860000,24993
14,481,28860000,28860100,2112,5279,28920000,25046
14,482,28920000,28920100,2112,5279,28980000,25098
14,483,28980000,28980100,2112,5279,29040000,25149
14,484,29040000,29040100,2112,5279,29100000,25202
14,485,29100000,29100100,2112,5279,29160000,25255
14,486,29160000,29160100,2112,5279,29220000,25305
14,487,29220000,29220100,2112,5279,29280000,25357
14,488,29280000,29280100,2112,5279,29340000,25409
14,489,29340000,29340100,2112,5279,29400000,25463
14,49,2940000,2940100,2112,5279,3000000,2595
14,490,29400000,29400100,2112,5279,29460000,25513
14,491,29460000,29460100,2112,5279,29520000,25565
14,492,29520000,29520100,2112,5279,29580000,25617
14,493,29580000,29580100,2112,5279,29640000,25668
14,494,29640000,29640100,2112,5279,29700000,25722
14,495,29700000,29700100,2112,5279,29760000,25774
14,496,29760000,29760100,2112,5279,29820000,25826
14,497,29820000,29820100,2112,5279,29880000,25877
14,498,29880000,29880100,2112,5279,29940000,25929
14,499,29940000,29940100,2112,5279,30000000,25982
14,5,300000,300100,2112,5279,360000,309
14,50,3000000,3000100,2112,5279,3060000,2647
14,500,30000000,30000100,2112,5279,30060000,26032
14,501,30060000,30060100,2112,5279,30120000,26085
14,502,30120000,30120100,2112,5279,30180000,26137
14,503,30180000,30180100,2112,5279,30240000,26189
14,504,30240000,30240100,2112,5279,30300000,26240
14,505,30300000,30300100,2112,5279,30360000,26294
14,506,30360000,30360100,2112,5279,30420000,26346
14,507,30420000,30420100,2112,5279,30480000,26396
14,508,30480000,30480100,2112,5279,30540000,26448
14,509,30540000,30540100,2112,5279,30600000,26502
14,51,3060000,3060100,2112,5279,3120000,2699
14,510,30600000,30600100,2112,5279,30660000,26554
14,511,30660000,30660100,2112,5279,30720000,26604
14,512,30720000,30720100,2112,5279,30780000,26656
14,513,30780000,30780100,2112,5279,30840000,26709
14,514,30840000,30840100,2112,5279,30900000,26760
14,515,30900000,30900100,2112,5279,30960000,26812
14,516,30960000,30960100,2112,5279,31020000,26865
14,517,31020000,31020100,2112,5279,31080000,26918
14,518,31080000,31080100,2112,5279,31140000,26968
14,519,31140000,31140100,2112,5279,31200000,27021
14,52,3120000,3120100,2112,5279,3180000,2749
14,520,31200000,31200100,2112,5279,31260000,27073
14,521,31260000,31260100,2112,5279,31320000,27124
14,522,31320000,31320100,2112,5279,31380000,27176
14,523,31380000,31380100,2112,5279,31440000,27228
14,524,31440000,31440100,2112,5279,31500000,27281
14,525,31500000,31500100,2112,5279,31560000,27332
14,526,31560000,31560100,2112,5279,31620000,27384
14,527,31620000,31620100,2112,5279,31680000,27437
14,528,31680000,31680100,2112,5279,31740000,27487
14,529,31740000,31740100,2112,5279,31800000,27541
14,53,3180000,3180100,2112,5279,3240000,2802
14,530,31800000,31800100,2112,5279,31860000,27593
14,531,31860000,31860100,2112,5279,31920000,27645
14,532,31920000,31920100,2112,5279,31980000,27695
14,533,31980000,31980100,2112,5279,32040000,27748
14,534,32040000,32040100,2112,5279,32100000,27801
14,535,32100000,32100100,2112,5279,32160000,27851
14,536,32160000,32160100,2112,5279,32220000,27903
14,537,32220000,32220100,2112,5279,32280000,27956
14,538,32280000,32280100,2112,5279,32340000,28009
14,539,32340000,32340100,2112,5279,32400000,28060
14,54,3240000,3240100,2112,5279,3300000,2856
14,540,32400000,32400100,2112,5279,32460000,28112
14,541,32460000,32460100,2112,5279,32520000,28165
14,542,32520000,32520100,2112,5279,32580000,28215
14,543,32580000,32580100,2112,5279,32640000,28267
14,544,32640000,32640100,2112,5279,32700000,28320
14,545,32700000,32700100,2112,5279,32760000,28373
14,546,32760000,32760100,2112,5279,32820000,28423
14,547,32820000,32820100,2112,5279,32880000,28475
14,548,32880000,32880100,2112,5279,32940000,28527
14,549,32940000,32940100,2112,5279,33000000,28580
14,55,3300000,3300100,2112,5279,3360000,2908
14,550,33000000,33000100,2112,5279,33060000,28632
14,551,33060000,33060100,2112,5279,33120000,28684
14,552,33120000,33120100,2112,5279,33180000,28736
14,553,33180000,33180100,2112,5279,33240000,28787
14,554,33240000,33240100,2112,5279,33300000,28840
14,555,33300000,33300100,2112,5279,33360000,28892
14,556,33360000,33360100,2112,5279,33420000,28942
14,557,33420000,33420100,2112,5279,33480000,28995
14,558,33480000,33480100,2112,5279,33540000,29047
14,559,33540000,33540100,2112,5279,33600000,29100
14,56,3360000,3360100,2112,5279,3420000,2958
14,560,33600000,33600100,2112,5279,33660000,29151
14,561,33660000,33660100,2112,5279,33720000,29204
14,562,33720000,33720100,2112,5279,33780000,29256
14,563,33780000,33780100,2112,5279,33840000,29306
14,564,33840000,33840100,2112,5279,33900000,29359
14,565,33900000,33900100,2112,5279,33960000,29412
14,566,33960000,33960100,2112,5279,34020000,29464
14,567,34020000,34020100,2112,5279,34080000,29514
14,568,34080000,34080100,2112,5279,34140000,29566
14,569,34140000,34140100,2112,5279,34200000,29620
14,57,3420000,3420100,2112,5279,3480000,3011
14,570,34200000,34200100,2112,5279,34260000,29670
14,571,34260000,34260100,2112,5279,34320000,29723
14,572,34320000,34320100,2112,5279,34380000,29775
14,573,34380000,34380100,2112,5279,34440000,29828
14,574,34440000,34440100,2112,5279,34500000,29879
14,575,34500000,34500100,2112,5279,34560000,29931
14,576,34560000,34560100,2112,5279,34620000,29983
14,577,34620000,34620100,2112,5279,34680000,30034
14,578,34680000,34680100,2112,5279,34740000,30086
14,579,34740000,34740100,2112,5279,34800000,30139
14,58,3480000,3480100,2112,5279,3540000,3063
14,580,34800000,34800100,2112,5279,34860000,30191
14,581,34860000,34860100,2112,5279,34920000,30242
14,582,34920000,34920100,2112,5279,34980000,30295
14,583,34980000,34980100,2112,5279,35040000,30347
14,584,35040000,35040100,2112,5279,35100000,30398
14,585,35100000,35100100,2112,5279,35160000,30451
14,586,35160000,35160100,2112,5279,35220000,30503
14,587,35220000,35220100,2112,5279,35280000,30555
14,588,35280000,35280100,2112,5279,35340000,30605
14,589,35340000,35340100,2112,5279,35400000,30659
14,59,3540000,3540100,2112,5279,3600000,3114
14,590,35400000,35400100,2112,5279,35460000,30711
14,591,35460000,35460100,2112,5279,35520000,30761
14,592,35520000,35520100,2112,5279,35580000,30813
14,593,35580000,35580100,2112,5279,35640000,30867
14,594,35640000,35640100,2112,5279,35700000,30920
14,595,35700000,35700100,2112,5279,35760000,30970
14,596,35760000,35760100,2112,5279,35820000,31022
14,597,35820000,35820100,2112,5279,35880000,31075
14,598,35880000,35880100,2112,5279,35940000,31125
14,599,35940000,35940100,2112,5279,36000000,31178
14,6,360000,360100,2112,5279,420000,361
14,60,3600000,3600100,2112,5279,3660000,3166
14,600,36000000,36000100,2112,5279,36060000,31230
14,601,36060000,36060100,2112,5279,36120000,31283
14,602,36120000,36120100,2112,5279,36180000,31333
14,603,36180000,36180100,2112,5279,36240000,31385
14,604,36240000,36240100,2112,5279,36300000,31439
14,605,36300000,36300100,2112,5279,36360000,31490
14,606,36360000,36360100,2112,5279,36420000,31542
14,607,36420000,36420100,2112,5279,36480000,31594
14,608,36480000,36480100,2112,5279,36540000,31646
14,609,36540000,36540100,2112,5279,36600000,31698
14,61,3660000,3660100,2112,5279,3720000,3219
14,610,36600000,36600100,2112,5279,36660000,31750
14,611,36660000,36660100,2112,5279,36720000,31802
14,612,36720000,36720100,2112,5279,36780000,31852
14,613,36780000,36780100,2112,5279,36840000,31905
14,614,36840000,36840100,2112,5279,36900000,31958
14,615,36900000,36900100,2112,5279,36960000,32011
14,616,36960000,36960100,2112,5279,37020000,32061
14,617,37020000,37020100,2112,5279,37080000,32114
14,618,37080000,37080100,2112,5279,37140000,32166
14,619,37140000,37140100,2112,5279,37200000,32217
14,62,3720000,3720100,2112,5279,3780000,3271
14,620,37200000,37200100,2112,5279,37260000,32269
14,621,37260000,37260100,2112,5279,37320000,32322
14,622,37320000,37320100,2112,5279,37380000,32374
14,623,37380000,37380100,2112,5279,37440000,32424
14,624,37440000,37440100,2112,5279,37500000,32477
14,625,37500000,37500100,2112,5279,37560000,32530
14,626,37560000,37560100,2112,5279,37620000,32581
14,627,37620000,37620100,2112,5279,37680000,32633
14,628,37680000,37680100,2112,5279,37740000,32685
14,629,37740000,37740100,2112,5279,37800000,32739
14,63,3780000,3780100,2112,5279,3840000,3321
14,630,37800000,37800100,2112,5279,37860000,32789
14,631,37860000,37860100,2112,5279,37920000,32841
14,632,37920000,37920100,2112,5279,37980000,32893
14,633,37980000,37980100,2112,5279,38040000,32944
14,634,38040000,38040100,2112,5279,38100000,32997
14,635,38100000,38100100,2112,5279,38160000,33049
14,636,38160000,38160100,2112,5279,38220000,33101
14,637,38220000,38220100,2112,5279,38280000,33153
14,638,38280000,38280100,2112,5279,38340000,33205
14,639,38340000,38340100,2112,5279,38400000,33258
14,64,3840000,3840100,2112,5279,3900000,3374
14,640,38400000,38400100,2112,5279,38460000,33308
14,641,38460000,38460100,2112,5279,38520000,33361
14,642,38520000,38520100,2112,5279,38580000,33413
14,643,38580000,38580100,2112,5279,38640000,33465
14,644,38640000,38640100,2112,5279,38700000,33516
14,645,38700000,38700100,2112,5279,38760000,33569
14,646,38760000,38760100,2112,5279,38820000,33621
14,647,38820000,38820100,2112,5279,38880000,33671
14,648,38880000,38880100,2112,5279,38940000,33724
14,649,38940000,38940100,2112,5279,39000000,33778
14,65,3900000,3900100,2112,5279,3960000,3428
14,650,39000000,39000100,2112,5279,39060000,33830
14,651,39060000,39060100,2112,5279,39120000,33880
14,652,39120000,39120100,2112,5279,39180000,33932
14,653,39180000,39180100,2112,5279,39240000,33985
14,654,39240000,39240100,2112,5279,39300000,34036
14,655,39300000,39300100,2112,5279,39360000,34088
14,656,39360000,39360100,2112,5279,39420000,34140
14,657,39420000,39420100,2112,5279,39480000,34193
14,658,39480000,39480100,2112,5279,39540000,34243
14,659,39540000,39540100,2112,5279,39600000,34297
14,66,3960000,3960100,2112,5279,4020000,3478
14,660,39600000,39600100,2112,5279,39660000,34349
14,661,39660000,39660100,2112,5279,39720000,34400
14,662,39720000,39720100,2112,5279,39780000,34452
14,663,39780000,39780100,2112,5279,39840000,34504
14,664,39840000,39840100,2112,5279,39900000,34557
14,665,39900000,39900100,2112,5279,39960000,34608
14,666,39960000,39960100,2112,5279,40020000,34660
14,667,40020000,40020100,2112,5279,40080000,34712
14,668,40080000,40080100,2112,5279,40140000,34762
14,669,40140000,40140100,2112,5279,40200000,34816
14,67,4020000,4020100,2112,5279,4080000,3530
14,670,40200000,40200100,2112,5279,40260000,34869
14,671,40260000,40260100,2112,5279,40320000,34921
14,672,40320000,40320100,2112,5279,40380000,34971
14,673,40380000,40380100,2112,5279,40440000,35024
14,674,40440000,40440100,2112,5279,40500000,35077
14,675,40500000,40500100,2112,5279,40560000,35127
14,676,40560000,40560100,2112,5279,40620000,35179
14,677,40620000,40620100,2112,5279,40680000,35232
14,678,40680000,40680100,2112,5279,40740000,35284
14,679,40740000,40740100,2112,5279,40800000,35335
14,68,4080000,4080100,2112,5279,4140000,3582
14,680,40800000,40800100,2112,5279,40860000,35387
14,681,40860000,40860100,2112,5279,40920000,35441
14,682,40920000,40920100,2112,5279,40980000,35491
14,683,40980000,40980100,2112,5279,41040000,35543
14,684,41040000,41040100,2112,5279,41100000,35596
14,685,41100000,41100100,2112,5279,41160000,35649
14,686,41160000,41160100,2112,5279,41220000,35699
14,687,41220000,41220100,2112,5279,41280000,35751
14,688,41280000,41280100,2112,5279,41340000,35803
14,689,41340000,41340100,2112,5279,41400000,35855
14,69,4140000,4140100,2112,5279,4200000,3636
14,690,41400000,41400100,2112,5279,41460000,35907
14,691,41460000,41460100,2112,5279,41520000,35959
14,692,41520000,41520100,2112,5279,41580000,36012
14,693,41580000,41580100,2112,5279,41640000,36063
14,694,41640000,41640100,2112,5279,41700000,36116
14,695,41700000,41700100,2112,5279,41760000,36168
14,696,41760000,41760100,2112,5279,41820000,36218
14,697,41820000,41820100,2112,5279,41880000,36271
14,698,41880000,41880100,2112,5279,41940000,36323
14,699,41940000,41940100,2112,5279,42000000,36376
14,7,420000,420100,2112,5279,480000,411
14,70,4200000,4200100,2112,5279,4260000,3686
14,700,42000000,42000100,2112,5279,42060000,36426
14,701,42060000,42060100,2112,5279,42120000,36479
14,702,42120000,42120100,2112,5279,42180000,36531
14,703,42180000,42180100,2112,5279,42240000,36582
14,704,42240000,42240100,2112,5279,42300000,36635
14,705,42300000,42300100,2112,5279,42360000,36688
14,706,42360000,42360100,2112,5279,42420000,36740
14,707,42420000,42420100,2112,5279,42480000,36790
14,708,42480000,42480100,2112,5279,42540000,36842
14,709,42540000,42540100,2112,5279,42600000,36896
14,71,4260000,4260100,2112,5279,4320000,3738
14,710,42600000,42600100,2112,5279,42660000,36946
14,711,42660000,42660100,2112,5279,42720000,36998
14,712,42720000,42720100,2112,5279,42780000,37050
14,713,42780000,42780100,2112,5279,42840000,37103
14,714,42840000,42840100,2112,5279,42900000,37155
14,715,42900000,42900100,2112,5279,42960000,37207
14,716,42960000,42960100,2112,5279,43020000,37259
14,717,43020000,43020100,2112,5279,43080000,37310
14,718,43080000,43080100,2112,5279,43140000,37362
14,719,43140000,43140100,2112,5279,43200000,37415
14,72,4320000,4320100,2112,5279,4380000,3790
14,720,43200000,43200100,2112,5279,43260000,37467
14,721,43260000,43260100,2112,5279,43320000,37518
14,722,43320000,43320100,2112,5279,43380000,37570
14,723,43380000,43380100,2112,5279,43440000,37622
14,724,43440000,43440100,2112,5279,43500000,37673
14,725,43500000,43500100,2112,5279,43560000,37727
14,726,43560000,43560100,2112,5279,43620000,37779
14,727,43620000,43620100,2112,5279,43680000,37831
14,728,43680000,43680100,2112,5279,43740000,37881
14,729,43740000,43740100,2112,5279,43800000,37935
14,73,4380000,4380100,2112,5279,4440000,3841
14,730,43800000,43800100,2112,5279,43860000,37987
14,731,43860000,43860100,2112,5279,43920000,38037
14,732,43920000,43920100,2112,5279,43980000,38089
14,733,43980000,43980100,2112,5279,44040000,38142
14,734,44040000,44040100,2112,5279,44100000,38195
14,735,44100000,44100100,2112,5279,44160000,38245
14,736,44160000,44160100,2112,5279,44220000,38298
14,737,44220000,44220100,2112,5279,44280000,38351
14,738,44280000,44280100,2112,5279,44340000,38401
14,739,44340000,44340100,2112,5279,44400000,38454
14,74,4440000,4440100,2112,5279,4500000,3894
14,740,44400000,44400100,2112,5279,44460000,38506
14,741,44460000,44460100,2112,5279,44520000,38559
14,742,44520000,44520100,2112,5279,44580000,38609
14,743,44580000,44580100,2112,5279,44640000,38661
14,744,44640000,44640100,2112,5279,44700000,38714
14,745,44700000,44700100,2112,5279,44760000,38765
14,746,44760000,44760100,2112,5279,44820000,38817
14,747,44820000,44820100,2112,5279,44880000,38870
14,748,44880000,44880100,2112,5279,44940000,38922
14,749,44940000,44940100,2112,5279,45000000,38974
14,75,4500000,4500100,2112,5279,4560000,3946
14,750,45000000,45000100,2112,5279,45060000,39026
14,751,45060000,45060100,2112,5279,45120000,39078
14,752,45120000,45120100,2112,5279,45180000,39128
14,753,45180000,45180100,2112,5279,45240000,39181
14,754,45240000,45240100,2112,5279,45300000,39234
14,755,45300000,45300100,2112,5279,45360000,39286
14,756,45360000,45360100,2112,5279,45420000,39336
14,757,45420000,45420100,2112,5279,45480000,39389
14,758,45480000,45480100,2112,5279,45540000,39442
14,759,45540000,45540100,2112,5279,45600000,39493
14,76,4560000,4560100,2112,5279,4620000,3999
14,760,45600000,45600100,2112,5279,45660000,39545
14,761,45660000,45660100,2112,5279,45720000,39598
14,762,45720000,45720100,2112,5279,45780000,39650
14,763,45780000,45780100,2112,5279,45840000,39700
14,764,45840000,45840100,2112,5279,45900000,39753
14,765,45900000,45900100,2112,5279,45960000,39806
14,766,45960000,45960100,2112,5279,46020000,39856
14,767,46020000,46020100,2112,5279,46080000,39908
14,768,46080000,46080100,2112,5279,46140000,39960
14,769,46140000,46140100,2112,5279,46200000,40015
14,77,4620000,4620100,2112,5279,4680000,4050
14,770,46200000,46200100,2112,5279,46260000,40065
14,771,46260000,46260100,2112,5279,46320000,40117
14,772,46320000,46320100,2112,5279,46380000,40169
14,773,46380000,46380100,2112,5279,46440000,40220
14,774,46440000,46440100,2112,5279,46500000,40273
14,775,46500000,46500100,2112,5279,46560000,40325
14,776,46560000,46560100,2112,5279,46620000,40377
14,777,46620000,46620100,2112,5279,46680000,40428
14,778,46680000,46680100,2112,5279,46740000,40480
14,779,46740000,46740100,2112,5279,46800000,40533
14,78,4680000,4680100,2112,5279,4740000,4102
14,780,46800000,46800100,2112,5279,46860000,40584
14,781,46860000,46860100,2112,5279,46920000,40637
14,782,46920000,46920100,2112,5279,46980000,40689
14,783,46980000,46980100,2112,5279,47040000,40741
14,784,47040000,47040100,2112,5279,47100000,40792
14,785,47100000,47100100,2112,5279,47160000,40845
14,786,47160000,47160100,2112,5279,47220000,40897
14,787,47220000,47220100,2112,5279,47280000,40947
14,788,47280000,47280100,2112,5279,47340000,40999
14,789,47340000,47340100,2112,5279,47400000,41053
14,79,4740000,4740100,2112,5279,4800000,4155
14,790,47400000,47400100,2112,5279,47460000,41105
14,791,47460000,47460100,2112,5279,47520000,41156
14,792,47520000,47520100,2112,5279,47580000,41208
14,793,47580000,47580100,2112,5279,47640000,41261
14,794,47640000,47640100,2112,5279,47700000,41312
14,795,47700000,47700100,2112,5279,47760000,41364
14,796,47760000,47760100,2112,5279,47820000,41416
14,797,47820000,47820100,2112,5279,47880000,41469
14,798,47880000,47880100,2112,5279,47940000,41519
14,799,47940000,47940100,2112,5279,48000000,41572
14,8,480000,480100,2112,5279,540000,463
14,80,4800000,4800100,2112,5279,4860000,4205
14,800,48000000,48000100,2112,5279,48060000,41624
14,801,48060000,48060100,2112,5279,48120000,41675
14,802,48120000,48120100,2112,5279,48180000,41728
14,803,48180000,48180100,2112,5279,48240000,41780
14,804,48240000,48240100,2112,5279,48300000,41833
14,805,48300000,48300100,2112,5279,48360000,41884
14,806,48360000,48360100,2112,5279,48420000,41936
14,807,48420000,48420100,2112,5279,48480000,41988
14,808,48480000,48480100,2112,5279,48540000,42038
14,809,48540000,48540100,2112,5279,48600000,42092
14,81,4860000,4860100,2112,5279,4920000,4258
14,810,48600000,48600100,2112,5279,48660000,42144
14,811,48660000,48660100,2112,5279,48720000,42196
14,812,48720000,48720100,2112,5279,48780000,42246
14,813,48780000,48780100,2112,5279,48840000,42300
14,814,48840000,48840100,2112,5279,48900000,42353
14,815,48900000,48900100,2112,5279,48960000,42403
14,816,48960000,48960100,2112,5279,49020000,42455
14,817,49020000,49020100,2112,5279,49080000,42508
14,818,49080000,49080100,2112,5279,49140000,42560
14,819,49140000,49140100,2112,5279,49200000,42611
14,82,4920000,4920100,2112,5279,4980000,4310
14,820,49200000,49200100,2112,5279,49260000,42663
14,821,49260000,49260100,2112,5279,49320000,42716
14,822,49320000,49320100,2112,5279,49380000,42766
14,823,49380000,49380100,2112,5279,49440000,42818
14,824,49440000,49440100,2112,5279,49500000,42872
14,825,49500000,49500100,2112,5279,49560000,42925
14,826,49560000,49560100,2112,5279,49620000,42975
14,827,49620000,49620100,2112,5279,49680000,43027
14,828,49680000,49680100,2112,5279,49740000,43079
14,829,49740000,49740100,2112,5279,49800000,43131
14,83,4980000,4980100,2112,5279,5040000,4362
14,830,49800000,49800100,2112,5279,49860000,43183
14,831,49860000,49860100,2112,5279,49920000,43235
14,832,49920000,49920100,2112,5279,49980000,43287
14,833,49980000,49980100,2112,5279,50040000,43338
14,834,50040000,50040100,2112,5279,50100000,43391
14,835,50100000,50100100,2112,5279,50160000,43444
14,836,50160000,50160100,2112,5279,50220000,43494
14,837,50220000,50220100,2112,5279,50280000,43547
14,838,50280000,50280100,2112,5279,50340000,43599
14,839,50340000,50340100,2112,5279,50400000,43652
14,84,5040000,5040100,2112,5279,5100000,4413
14,840,50400000,50400100,2112,5279,50460000,43702
14,841,50460000,50460100,2112,5279,50520000,43755
14,842,50520000,50520100,2112,5279,50580000,43807
14,843,50580000,50580100,2112,5279,50640000,43857
14,844,50640000,50640100,2112,5279,50700000,43910
14,845,50700000,50700100,2112,5279,50760000,43963
14,846,50760000,50760100,2112,5279,50820000,44016
14,847,50820000,50820100,2112,5279,50880000,44066
14,848,50880000,50880100,2112,5279,50940000,44118
14,849,50940000,50940100,2112,5279,51000000,44172
14,85,5100000,5100100,2112,5279,5160000,4466
14,850,51000000,51000100,2112,5279,51060000,44222
14,851,51060000,51060100,2112,5279,51120000,44274
14,852,51120000,51120100,2112,5279,51180000,44326
14,853,51180000,51180100,2112,5279,51240000,44379
14,854,51240000,51240100,2112,5279,51300000,44430
14,855,51300000,51300100,2112,5279,51360000,44482
14,856,51360000,51360100,2112,5279,51420000,44534
14,857,51420000,51420100,2112,5279,51480000,44586
14,858,51480000,51480100,2112,5279,51540000,44638
14,859,51540000,51540100,2112,5279,51600000,44691
14,86,5160000,5160100,2112,5279,5220000,4518
14,860,51600000,51600100,2112,5279,51660000,44743
14,861,51660000,51660100,2112,5279,51720000,44794
14,862,51720000,51720100,2112,5279,51780000,44846
14,863,51780000,51780100,2112,5279,51840000,44898
14,864,51840000,51840100,2112,5279,51900000,44949
14,865,51900000,51900100,2112,5279,51960000,45002
14,866,51960000,51960100,2112,5279,52020000,45054
14,867,52020000,52020100,2112,5279,52080000,45106
14,868,52080000,52080100,2112,5279,52140000,45157
14,869,52140000,52140100,2112,5279,52200000,45211
14,87,5220000,5220100,2112,5279,5280000,4569
14,870,52200000,52200100,2112,5279,52260000,45263
14,871,52260000,52260100,2112,5279,52320000,45313
14,872,52320000,52320100,2112,5279,52380000,45365
14,873,52380000,52380100,2112,5279,52440000,45418
14,874,52440000,52440100,2112,5279,52500000,45471
14,875,52500000,52500100,2112,5279,52560000,45521
14,876,52560000,52560100,2112,5279,52620000,45573
14,877,52620000,52620100,2112,5279,52680000,45626
14,878,52680000,52680100,2112,5279,52740000,45676
14,879,52740000,52740100,2112,5279,52800000,45730
14,88,5280000,5280100,2112,5279,5340000,4621
14,880,52800000,52800100,2112,5279,52860000,45782
14,881,52860000,52860100,2112,5279,52920000,45835
14,882,52920000,52920100,2112,5279,52980000,45885
14,883,52980000,52980100,2112,5279,53040000,45937
14,884,53040000,53040100,2112,5279,53100000,45990
14,885,53100000,53100100,2112,5279,53160000,46041
14,886,53160000,53160100,2112,5279,53220000,46093
14,887,53220000,53220100,2112,5279,53280000,46145
14,888,53280000,53280100,2112,5279,53340000,46197
14,889,53340000,53340100,2112,5279,53400000,46249
14,89,5340000,5340100,2112,5279,5400000,4675
14,890,53400000,53400100,2112,5279,53460000,46302
14,891,53460000,53460100,2112,5279,53520000,46354
14,892,53520000,53520100,2112,5279,53580000,46404
14,893,53580000,53580100,2112,5279,53640000,46457
14,894,53640000,53640100,2112,5279,53700000,46510
14,895,53700000,53700100,2112,5279,53760000,46562
14,896,53760000,53760100,2112,5279,53820000,46612
14,897,53820000,53820100,2112,5279,53880000,46665
14,898,53880000,53880100,2112,5279,53940000,46717
14,899,53940000,53940100,2112,5279,54000000,46768
14,9,540000,540100,2112,5279,600000,517
14,90,5400000,5400100,2112,5279,5460000,4727
14,900,54000000,54000100,2112,5279,54060000,46820
14,901,54060000,54060100,2112,5279,54120000,46874
14,902,54120000,54120100,2112,5279,54180000,46926
14,903,54180000,54180100,2112,5279,54240000,46976
14,904,54240000,54240100,2112,5279,54300000,47029
14,905,54300000,54300100,2112,5279,54360000,47082
14,906,54360000,54360100,2112,5279,54420000,47132
14,907,54420000,54420100,2112,5279,54480000,47184
14,908,54480000,54480100,2112,5279,54540000,47236
14,909,54540000,54540100,2112,5279,54600000,47290
14,91,5460000,5460100,2112,5279,5520000,4777
14,910,54600000,54600100,2112,5279,54660000,47340
14,911,54660000,54660100,2112,5279,54720000,47392
14,912,54720000,54720100,2112,5279,54780000,47445
14,913,54780000,54780100,2112,5279,54840000,47496
14,914,54840000,54840100,2112,5279,54900000,47549
14,915,54900000,54900100,2112,5279,54960000,47601
14,916,54960000,54960100,2112,5279,55020000,47653
14,917,55020000,55020100,2112,5279,55080000,47704
14,918,55080000,55080100,2112,5279,55140000,47756
14,919,55140000,55140100,2112,5279,55200000,47809
14,92,5520000,5520100,2112,5279,5580000,4829
14,920,55200000,55200100,2112,5279,55260000,47859
14,921,55260000,55260100,2112,5279,55320000,47912
14,922,55320000,55320100,2112,5279,55380000,47964
14,923,55380000,55380100,2112,5279,55440000,48017
14,924,55440000,55440100,2112,5279,55500000,48068
14,925,55500000,55500100,2112,5279,55560000,48121
14,926,55560000,55560100,2112,5279,55620000,48173
14,927,55620000,55620100,2112,5279,55680000,48223
14,928,55680000,55680100,2112,5279,55740000,48275
14,929,55740000,55740100,2112,5279,55800000,48329
14,93,5580000,5580100,2112,5279,5640000,4882
14,930,55800000,55800100,2112,5279,55860000,48381
14,931,55860000,55860100,2112,5279,55920000,48431
14,932,55920000,55920100,2112,5279,55980000,48483
14,933,55980000,55980100,2112,5279,56040000,48536
14,934,56040000,56040100,2112,5279,56100000,48588
14,935,56100000,56100100,2112,5279,56160000,48640
14,936,56160000,56160100,2112,5279,56220000,48692
14,937,56220000,56220100,2112,5279,56280000,48745
14,938,56280000,56280100,2112,5279,56340000,48795
14,939,56340000,56340100,2112,5279,56400000,48848
14,94,5640000,5640100,2112,5279,5700000,4933
14,940,56400000,56400100,2112,5279,56460000,48900
14,941,56460000,56460100,2112,5279,56520000,48951
14,942,56520000,56520100,2112,5279,56580000,49003
14,943,56580000,56580100,2112,5279,56640000,49055
14,944,56640000,56640100,2112,5279,56700000,49108
14,945,56700000,56700100,2112,5279,56760000,49160
14,946,56760000,56760100,2112,5279,56820000,49212
14,947,56820000,56820100,2112,5279,56880000,49264
14,948,56880000,56880100,2112,5279,56940000,49314
14,949,56940000,56940100,2112,5279,57000000,49368
14,95,5700000,5700100,2112,5279,5760000,4985
14,950,57000000,57000100,2112,5279,57060000,49420
14,951,57060000,57060100,2112,5279,57120000,49472
14,952,57120000,57120100,2112,5279,57180000,49522
14,953,57180000,57180100,2112,5279,57240000,49575
14,954,57240000,57240100,2112,5279,57300000,49628
14,955,57300000,57300100,2112,5279,57360000,49678
14,956,57360000,57360100,2112,5279,57420000,49731
14,957,57420000,57420100,2112,5279,57480000,49784
14,958,57480000,57480100,2112,5279,57540000,49836
14,959,57540000,57540100,2112,5279,57600000,49887
14,96,5760000,5760100,2112,5279,5820000,5037
14,960,57600000,57600100,2112,5279,57660000,49939
14,961,57660000,57660100,2112,5279,57720000,49992
14,962,57720000,57720100,2112,5279,57780000,50042
14,963,57780000,57780100,2112,5279,57840000,50094
14,964,57840000,57840100,2112,5279,57900000,50147
14,965,57900000,57900100,2112,5279,57960000,50200
14,966,57960000,57960100,2112,5279,58020000,50250
14,967,58020000,58020100,2112,5279,58080000,50303
14,968,58080000,58080100,2112,5279,58140000,50355
14,969,58140000,58140100,2112,5279,58200000,50407
14,97,5820000,5820100,2112,5279,5880000,5090
14,970,58200000,58200100,2112,5279,58260000,50459
14,971,58260000,58260100,2112,5279,58320000,50511
14,972,58320000,58320100,2112,5279,58380000,50563
14,973,58380000,58380100,2112,5279,58440000,50614
14,974,58440000,58440100,2112,5279,58500000,50667
14,975,58500000,58500100,2112,5279,58560000,50719
14,976,58560000,58560100,2112,5279,58620000,50769
14,977,58620000,58620100,2112,5279,58680000,50822
14,978,58680000,58680100,2112,5279,58740000,50875
14,979,58740000,58740100,2112,5279,58800000,50928
14,98,5880000,5880100,2112,5279,5940000,5141
14,980,58800000,58800100,2112,5279,58860000,50978
14,981,58860000,58860100,2112,5279,58920000,51031
14,982,58920000,58920100,2112,5279,58980000,51083
14,983,58980000,58980100,2112,5279,59040000,51133
14,984,59040000,59040100,2112,5279,59100000,51186
14,985,59100000,59100100,2112,5279,59160000,51239
14,986,59160000,59160100,2112,5279,59220000,51291
14,987,59220000,59220100,2112,5279,59280000,51341
14,988,59280000,59280100,2112,5279,59340000,51393
14,989,59340000,59340100,2112,5279,59400000,51448
14,99,5940000,5940100,2112,5279,6000000,5194
14,990,59400000,59400100,2112,5279,59460000,51498
14,991,59460000,59460100,2112,5279,59520000,51550
14,992,59520000,59520100,2112,5279,59580000,51602
14,993,59580000,59580100,2112,5279,59640000,51655
14,994,59640000,59640100,2112,5279,59700000,51706
14,995,59700000,59700100,2112,5279,59760000,51758
14,996,59760000,59760100,2112,5279,59820000,51810
14,997,59820000,59820100,2112,5279,59880000,51861
14,998,59880000,59880100,2112,5279,59940000,51913
14,999,59940000,59940100,2112,5279,60000000,51966
15,0,0,100,195,487,80000,65
15,1,80000,80100,195,487,160000,134
15,10,800000,800100,195,487,880000,759
15,100,8000000,8000100,195,487,8080000,6993
15,1000,80000000,80000100,195,487,80080000,69359
15,1001,80080000,80080100,195,487,80160000,69429
15,1002,80160000,80160100,195,487,80240000,69495
15,1003,80240000,80240100,195,487,80320000,69565
15,1004,80320000,80320100,195,487,80400000,69637
15,1005,80400000,80400100,195,487,80480000,69704
15,1006,80480000,80480100,195,487,80560000,69773
15,1007,80560000,80560100,195,487,80640000,69845
15,1008,80640000,80640100,195,487,80720000,69912
15,1009,80720000,80720100,195,487,80800000,69982
15,101,8080000,8080100,195,487,8160000,7066
15,1010,80800000,80800100,195,487,80880000,70051
15,1011,80880000,80880100,195,487,80960000,70121
15,1012,80960000,80960100,195,487,81040000,70189
15,1013,81040000,81040100,195,487,81120000,70259
15,1014,81120000,81120100,195,487,81200000,70329
15,1015,81200000,81200100,195,487,81280000,70397
15,1016,81280000,81280100,195,487,81360000,70468
15,1017,81360000,81360100,195,487,81440000,70534
15,1018,81440000,81440100,195,487,81520000,70606
15,1019,81520000,81520100,195,487,81600000,70676
15,102,8160000,8160100,195,487,8240000,7132
15,1020,81600000,81600100,195,487,81680000,70743
15,1021,81680000,81680100,195,487,81760000,70814
15,1022,81760000,81760100,195,487,81840000,70884
15,1023,81840000,81840100,195,487,81920000,70951
15,1024,81920000,81920100,195,487,82000000,71020
15,1025,82000000,82000100,195,487,82080000,71092
15,1026,82080000,82080100,195,487,82160000,71159
15,1027,82160000,82160100,195,487,82240000,71228
15,1028,82240000,82240100,195,487,82320000,71300
15,1029,82320000,82320100,195,487,82400000,71368
15,103,8240000,8240100,195,487,8320000,7202
15,1030,82400000,82400100,195,487,82480000,71436
15,1031,82480000,82480100,195,487,82560000,71507
15,1032,82560000,82560100,195,487,82640000,71575
15,1033,82640000,82640100,195,487,82720000,71645
15,1034,82720000,82720100,195,487,82800000,71715
15,1035,82800000,82800100,195,487,82880000,71783
15,1036,82880000,82880100,195,487,82960000,71853
15,1037,82960000,82960100,195,487,83040000,71922
15,1038,83040000,83040100,195,487,83120000,71990
15,1039,83120000,83120100,195,487,83200000,72061
15,104,8320000,8320100,195,487,8400000,7274
15,1040,83200000,83200100,195,487,83280000,72131
15,1041,83280000,83280100,195,487,83360000,72198
15,1042,83360000,83360100,195,487,83440000,72269
15,1043,83440000,83440100,195,487,83520000,72339
15,1044,83520000,83520100,195,487,83600000,72407
15,1045,83600000,83600100,195,487,83680000,72475
15,1046,83680000,83680100,195,487,83760000,72547
15,1047,83760000,83760100,195,487,83840000,72614
15,1048,83840000,83840100,195,487,83920000,72683
15,1049,83920000,83920100,195,487,84000000,72756
15,105,8400000,8400100,195,487,8480000,7341
15,1050,84000000,84000100,195,487,84080000,72822
15,1051,84080000,84080100,195,487,84160000,72892
15,1052,84160000,84160100,195,487,84240000,72961
15,1053,84240000,84240100,195,487,84320000,73031
15,1054,84320000,84320100,195,487,84400000,73100
15,1055,84400000,84400100,195,487,84480000,73170
15,1056,84480000,84480100,195,487,84560000,73239
15,1057,84560000,84560100,195,487,84640000,73307
15,1058,84640000,84640100,195,487,84720000,73378
15,1059,84720000,84720100,195,487,84800000,73445
15,106,8480000,8480100,195,487,8560000,7410
15,1060,84800000,84800100,195,487,84880000,73516
15,1061,84880000,84880100,195,487,84960000,73586
15,1062,84960000,84960100,195,487,85040000,73653
15,1063,85040000,85040100,195,487,85120000,73724
15,1064,85120000,85120100,195,487,85200000,73795
15,1065,85200000,85200100,195,487,85280000,73861
15,1066,85280000,85280100,195,487,85360000,73931
15,1067,85360000,85360100,195,487,85440000,74002
15,1068,85440000,85440100,195,487,85520000,74069
15,1069,85520000,85520100,195,487,85600000,74139
15,107,8560000,8560100,195,487,8640000,7480
15,1070,85600000,85600100,195,487,85680000,74210
15,1071,85680000,85680100,195,487,85760000,74278
15,1072,85760000,85760100,195,487,85840000,74346
15,1073,85840000,85840100,195,487,85920000,74417
15,1074,85920000,85920100,195,487,86000000,74486
15,1075,86000000,86000100,195,487,86080000,74555
15,1076,86080000,86080100,195,487,86160000,74625
15,1077,86160000,86160100,195,487,86240000,74694
15,1078,86240000,86240100,195,487,86320000,74763
15,1079,86320000,86320100,195,487,86400000,74833
15,108,8640000,8640100,195,487,8720000,7549
15,1080,86400000,86400100,195,487,86480000,74900
15,1081,86480000,86480100,195,487,86560000,74971
15,1082,86560000,86560100,195,487,86640000,75041
15,1083,86640000,86640100,195,487,86720000,75108
15,1084,86720000,86720100,195,487,86800000,75180
15,1085,86800000,86800100,195,487,86880000,75249
15,1086,86880000,86880100,195,487,86960000,75317
15,1087,86960000,86960100,195,487,87040000,75385
15,1088,87040000,87040100,195,487,87120000,75458
15,1089,87120000,87120100,195,487,87200000,75525
15,109,8720000,8720100,195,487,8800000,7619
15,1090,87200000,87200100,195,487,87280000,75593
15,1091,87280000,87280100,195,487,87360000,75666
15,1092,87360000,87360100,195,487,87440000,75732
15,1093,87440000,87440100,195,487,87520000,75802
15,1094,87520000,87520100,195,487,87600000,75872
15,1095,87600000,87600100,195,487,87680000,75941
15,1096,87680000,87680100,195,487,87760000,76010
15,1097,87760000,87760100,195,487,87840000,76080
15,1098,87840000,87840100,195,487,87920000,76149
15,1099,87920000,87920100,195,487,88000000,76219
15,11,880000,880100,195,487,960000,829
15,110,8800000,8800100,195,487,8880000,7688
15,1100,88000000,88000100,195,487,88080000,76288
15,1101,88080000,88080100,195,487,88160000,76355
15,1102,88160000,88160100,195,487,88240000,76426
15,1103,88240000,88240100,195,487,88320000,76496
15,1104,88320000,88320100,195,487,88400000,76564
15,1105,88400000,88400100,195,487,88480000,76634
15,1106,88480000,88480100,195,487,88560000,76705
15,1107,88560000,88560100,195,487,88640000,76771
15,1108,88640000,88640100,195,487,88720000,76841
15,1109,88720000,88720100,195,487,88800000,76913
15,111,8880000,8880100,195,487,8960000,7757
15,1110,88800000,88800100,195,487,88880000,76980
15,1111,88880000,88880100,195,487,88960000,77049
15,1112,88960000,88960100,195,487,89040000,77120
15,1113,89040000,89040100,195,487,89120000,77188
15,1114,89120000,89120100,195,487,89200000,77257
15,1115,89200000,89200100,195,487,89280000,77327
15,1116,89280000,89280100,195,487,89360000,77396
15,1117,89360000,89360100,195,487,89440000,77465
15,1118,89440000,89440100,195,487,89520000,77535
15,1119,89520000,89520100,195,487,89600000,77605
15,112,8960000,8960100,195,487,9040000,7826
15,1120,89600000,89600100,195,487,89680000,77673
15,1121,89680000,89680100,195,487,89760000,77744
15,1122,89760000,89760100,195,487,89840000,77810
15,1123,89840000,89840100,195,487,89920000,77881
15,1124,89920000,89920100,195,487,90000000,77952
15,1125,90000000,90000100,195,487,90080000,78018
15,1126,90080000,90080100,195,487,90160000,78090
15,1127,90160000,90160100,195,487,90240000,78159
15,1128,90240000,90240100,195,487,90320000,78227
15,1129,90320000,90320100,195,487,90400000,78296
15,113,9040000,9040100,195,487,9120000,7896
15,1130,90400000,90400100,195,487,90480000,78368
15,1131,90480000,90480100,195,487,90560000,78435
15,1132,90560000,90560100,195,487,90640000,78504
15,1133,90640000,90640100,195,487,90720000,78576
15,1134,90720000,90720100,195,487,90800000,78643
15,1135,90800000,90800100,195,487,90880000,78712
15,1136,90880000,90880100,195,487,90960000,78782
15,1137,90960000,90960100,195,487,91040000,78851
15,1138,91040000,91040100,195,487,91120000,78920
15,1139,91120000,91120100,195,487,91200000,78991
15,114,9120000,9120100,195,487,9200000,7964
15,1140,91200000,91200100,195,487,91280000,79059
15,1141,91280000,91280100,195,487,91360000,79129
15,1142,91360000,91360100,195,487,91440000,79198
15,1143,91440000,91440100,195,487,91520000,79266
15,1144,91520000,91520100,195,487,91600000,79337
15,1145,91600000,91600100,195,487,91680000,79406
15,1146,91680000,91680100,195,487,91760000,79474
15,1147,91760000,91760100,195,487,91840000,79544
15,1148,91840000,91840100,195,487,91920000,79615
15,1149,91920000,91920100,195,487,92000000,79682
15,115,9200000,9200100,195,487,9280000,8034
15,1150,92000000,92000100,195,487,92080000,79751
15,1151,92080000,92080100,195,487,92160000,79823
15,1152,92160000,92160100,195,487,92240000,79890
15,1153,92240000,92240100,195,487,92320000,79959
15,1154,92320000,92320100,195,487,92400000,80032
15,116,9280000,9280100,195,487,9360000,8105
15,117,9360000,9360100,195,487,9440000,8171
15,118,9440000,9440100,195,487,9520000,8243
15,119,9520000,9520100,195,487,9600000,8313
15,12,960000,960100,195,487,1040000,895
15,120,9600000,9600100,195,487,9680000,8380
15,121,9680000,9680100,195,487,9760000,8449
15,122,9760000,9760100,195,487,9840000,8520
15,123,9840000,9840100,195,487,9920000,8588
15,124,9920000,9920100,195,487,10000000,8657
15,125,10000000,10000100,195,487,10080000,8729
15,126,10080000,10080100,195,487,10160000,8796
15,127,10160000,10160100,195,487,10240000,8865
15,128,10240000,10240100,195,487,10320000,8935
15,129,10320000,10320100,195,487,10400000,9005
15,13,1040000,1040100,195,487,1120000,967
15,130,10400000,10400100,195,487,10480000,9073
15,131,10480000,10480100,195,487,10560000,9144
15,132,10560000,10560100,195,487,10640000,9212
15,133,10640000,10640100,195,487,10720000,9281
15,134,10720000,10720100,195,487,10800000,9352
15,135,10800000,10800100,195,487,10880000,9418
15,136,10880000,10880100,195,487,10960000,9490
15,137,10960000,10960100,195,487,11040000,9559
15,138,11040000,11040100,195,487,11120000,9627
15,139,11120000,11120100,195,487,11200000,9698
15,14,1120000,1120100,195,487,1200000,1037
15,140,11200000,11200100,195,487,11280000,9768
15,141,11280000,11280100,195,487,11360000,9835
15,142,11360000,11360100,195,487,11440000,9904
15,143,11440000,11440100,195,487,11520000,9976
15,144,11520000,11520100,195,487,11600000,10043
15,145,11600000,11600100,195,487,11680000,10112
15,146,11680000,11680100,195,487,11760000,10184
15,147,11760000,11760100,195,487,11840000,10251
15,148,11840000,11840100,195,487,11920000,10320
15,149,11920000,11920100,195,487,12000000,10391
15,15,1200000,1200100,195,487,1280000,1104
15,150,12000000,12000100,195,487,12080000,10459
15,151,12080000,12080100,195,487,12160000,10529
15,152,12160000,12160100,195,487,12240000,10598
15,153,12240000,12240100,195,487,12320000,10668
15,154,12320000,12320100,195,487,12400000,10737
15,155,12400000,12400100,195,487,12480000,10806
15,156,12480000,12480100,195,487,12560000,10874
15,157,12560000,12560100,195,487,12640000,10944
15,158,12640000,12640100,195,487,12720000,11015
15,159,12720000,12720100,195,487,12800000,11082
15,16,1280000,1280100,195,487,1360000,1173
15,160,12800000,12800100,195,487,12880000,11153
15,161,12880000,12880100,195,487,12960000,11223
15,162,12960000,12960100,195,487,13040000,11290
15,163,13040000,13040100,195,487,13120000,11359
15,164,13120000,13120100,195,487,13200000,11432
15,165,13200000,13200100,195,487,13280000,11498
15,166,13280000,13280100,195,487,13360000,11567
15,167,13360000,13360100,195,487,13440000,11639
15,168,13440000,13440100,195,487,13520000,11706
15,169,13520000,13520100,195,487,13600000,11776
15,17,1360000,1360100,195,487,1440000,1245
15,170,13600000,13600100,195,487,13680000,11845
15,171,13680000,13680100,195,487,13760000,11915
15,172,13760000,13760100,195,487,13840000,11983
15,173,13840000,13840100,195,487,13920000,12054
15,174,13920000,13920100,195,487,14000000,12123
15,175,14000000,14000100,195,487,14080000,12192
15,176,14080000,14080100,195,487,14160000,12262
15,177,14160000,14160100,195,487,14240000,12328
15,178,14240000,14240100,195,487,14320000,12400
15,179,14320000,14320100,195,487,14400000,12470
15,18,1440000,1440100,195,487,1520000,1312
15,180,14400000,14400100,195,487,14480000,12537
15,181,14480000,14480100,195,487,14560000,12608
15,182,14560000,14560100,195,487,14640000,12678
15,183,14640000,14640100,195,487,14720000,12745
15,184,14720000,14720100,195,487,14800000,12815
15,185,14800000,14800100,195,487,14880000,12886
15,186,14880000,14880100,195,487,14960000,12954
15,187,14960000,14960100,195,487,15040000,13022
15,188,15040000,15040100,195,487,15120000,13094
15,189,15120000,15120100,195,487,15200000,13162
15,19,1520000,1520100,195,487,1600000,1382
15,190,15200000,15200100,195,487,15280000,13230
15,191,15280000,15280100,195,487,15360000,13301
15,192,15360000,15360100,195,487,15440000,13369
15,193,15440000,15440100,195,487,15520000,13439
15,194,15520000,15520100,195,487,15600000,13509
15,195,15600000,15600100,195,487,15680000,13578
15,196,15680000,15680100,195,487,15760000,13647
15,197,15760000,15760100,195,487,15840000,13717
15,198,15840000,15840100,195,487,15920000,13784
15,199,15920000,15920100,195,487,16000000,13855
15,2,160000,160100,195,487,240000,204
15,20,1600000,1600100,195,487,1680000,1453
15,200,16000000,16000100,195,487,16080000,13925
15,201,16080000,16080100,195,487,16160000,13992
15,202,16160000,16160100,195,487,16240000,14063
15,203,16240000,16240100,195,487,16320000,14133
15,204,16320000,16320100,195,487,16400000,14201
15,205,16400000,16400100,195,487,16480000,14269
15,206,16480000,16480100,195,487,16560000,14342
15,207,16560000,16560100,195,487,16640000,14408
15,208,16640000,16640100,195,487,16720000,14478
15,209,16720000,16720100,195,487,16800000,14550
15,21,1680000,1680100,195,487,1760000,1521
15,210,16800000,16800100,195,487,16880000,14616
15,211,16880000,16880100,195,487,16960000,14686
15,212,16960000,16960100,195,487,17040000,14755
15,213,17040000,17040100,195,487,17120000,14825
15,214,17120000,17120100,195,487,17200000,14894
15,215,17200000,17200100,195,487,17280000,14964
15,216,17280000,17280100,195,487,17360000,15033
15,217,17360000,17360100,195,487,17440000,15102
15,218,17440000,17440100,195,487,17520000,15172
15,219,17520000,17520100,195,487,17600000,15240
15,22,1760000,1760100,195,487,1840000,1589
15,220,17600000,17600100,195,487,17680000,15310
15,221,17680000,17680100,195,487,17760000,15380
15,222,17760000,17760100,195,487,17840000,15447
15,223,17840000,17840100,195,487,17920000,15518
15,224,17920000,17920100,195,487,18000000,15589
15,225,18000000,18000100,195,487,18080000,15655
15,226,18080000,18080100,195,487,18160000,15725
15,227,18160000,18160100,195,487,18240000,15796
15,228,18240000,18240100,195,487,18320000,15864
15,229,18320000,18320100,195,487,18400000,15933
15,23,1840000,1840100,195,487,1920000,1659
15,230,18400000,18400100,195,487,18480000,16005
15,231,18480000,18480100,195,487,18560000,16072
15,232,18560000,18560100,195,487,18640000,16140
15,233,18640000,18640100,195,487,18720000,16211
15,234,18720000,18720100,195,487,18800000,16280
15,235,18800000,18800100,195,487,18880000,16349
15,236,18880000,18880100,195,487,18960000,16419
15,237,18960000,18960100,195,487,19040000,16488
15,238,19040000,19040100,195,487,19120000,16557
15,239,19120000,19120100,195,487,19200000,16628
15,24,1920000,1920100,195,487,2000000,1729
15,240,19200000,19200100,195,487,19280000,16694
15,241,19280000,19280100,195,487,19360000,16766
15,242,19360000,19360100,195,487,19440000,16835
15,243,19440000,19440100,195,487,19520000,16902
15,244,19520000,19520100,195,487,19600000,16974
15,245,19600000,19600100,195,487,19680000,17043
15,246,19680000,19680100,195,487,19760000,17111
15,247,19760000,19760100,195,487,19840000,17179
15,248,19840000,19840100,195,487,19920000,17252
15,249,19920000,19920100,195,487,20000000,17319
15,25,2000000,2000100,195,487,2080000,1797
15,250,20000000,20000100,195,487,20080000,17388
15,251,20080000,20080100,195,487,20160000,17460
15,252,20160000,20160100,195,487,20240000,17527
15,253,20240000,20240100,195,487,20320000,17596
15,254,20320000,20320100,195,487,20400000,17666
15,255,20400000,20400100,195,487,20480000,17735
15,256,20480000,20480100,195,487,20560000,17804
15,257,20560000,20560100,195,487,20640000,17874
15,258,20640000,20640100,195,487,20720000,17943
15,259,20720000,20720100,195,487,20800000,18013
15,26,2080000,2080100,195,487,2160000,1868
15,260,20800000,20800100,195,487,20880000,18082
15,261,20880000,20880100,195,487,20960000,18150
15,262,20960000,20960100,195,487,21040000,18220
15,263,21040000,21040100,195,487,21120000,18291
15,264,21120000,21120100,195,487,21200000,18358
15,265,21200000,21200100,195,487,21280000,18428
15,266,21280000,21280100,195,487,21360000,18499
15,267,21360000,21360100,195,487,21440000,18565
15,268,21440000,21440100,195,487,21520000,18635
15,269,21520000,21520100,195,487,21600000,18707
15,27,2160000,2160100,195,487,2240000,1936
15,270,21600000,21600100,195,487,21680000,18774
15,271,21680000,21680100,195,487,21760000,18843
15,272,21760000,21760100,195,487,21840000,18915
15,273,21840000,21840100,195,487,21920000,18982
15,274,21920000,21920100,195,487,22000000,19052
15,275,22000000,22000100,195,487,22080000,19121
15,276,22080000,22080100,195,487,22160000,19190
15,277,22160000,22160100,195,487,22240000,19259
15,278,22240000,22240100,195,487,22320000,19329
15,279,22320000,22320100,195,487,22400000,19399
15,28,2240000,2240100,195,487,2320000,2006
15,280,22400000,22400100,195,487,22480000,19467
15,281,22480000,22480100,195,487,22560000,19538
15,282,22560000,22560100,195,487,22640000,19604
15,283,22640000,22640100,195,487,22720000,19676
15,284,22720000,22720100,195,487,22800000,19746
15,285,22800000,22800100,195,487,22880000,19813
15,286,22880000,22880100,195,487,22960000,19884
15,287,22960000,22960100,195,487,23040000,19953
15,288,23040000,23040100,195,487,23120000,20021
15,289,23120000,23120100,195,487,23200000,20090
15,29,2320000,2320100,195,487,2400000,2076
15,290,23200000,23200100,195,487,23280000,20162
15,291,23280000,23280100,195,487,23360000,20229
15,292,23360000,23360100,195,487,23440000,20298
15,293,23440000,23440100,195,487,23520000,20370
15,294,23520000,23520100,195,487,23600000,20438
15,295,23600000,23600100,195,487,23680000,20506
15,296,23680000,23680100,195,487,23760000,20577
15,297,23760000,23760100,195,487,23840000,20645
15,298,23840000,23840100,195,487,23920000,20714
15,299,23920000,23920100,195,487,24000000,20785
15,3,240000,240100,195,487,320000,273
15,30,2400000,2400100,195,487,2480000,2143
15,300,24000000,24000100,195,487,24080000,20853
15,301,24080000,24080100,195,487,24160000,20923
15,302,24160000,24160100,195,487,24240000,20992
15,303,24240000,24240100,195,487,24320000,21060
15,304,24320000,24320100,195,487,24400000,21131
15,305,24400000,24400100,195,487,24480000,21201
15,306,24480000,24480100,195,487,24560000,21268
15,307,24560000,24560100,195,487,24640000,21339
15,308,24640000,24640100,195,487,24720000,21409
15,309,24720000,24720100,195,487,24800000,21476
15,31,2480000,2480100,195,487,2560000,2214
15,310,24800000,24800100,195,487,24880000,21545
15,311,24880000,24880100,195,487,24960000,21617
15,312,24960000,24960100,195,487,25040000,21684
15,313,25040000,25040100,195,487,25120000,21753
15,314,25120000,25120100,195,487,25200000,21826
15,315,25200000,25200100,195,487,25280000,21892
15,316,25280000,25280100,195,487,25360000,21962
15,317,25360000,25360100,195,487,25440000,22031
15,318,25440000,25440100,195,487,25520000,22101
15,319,25520000,25520100,195,487,25600000,22170
15,32,2560000,2560100,195,487,2640000,2284
15,320,25600000,25600100,195,487,25680000,22239
15,321,25680000,25680100,195,487,25760000,22309
15,322,25760000,25760100,195,487,25840000,22377
15,323,25840000,25840100,195,487,25920000,22448
15,324,25920000,25920100,195,487,26000000,22515
15,325,26000000,26000100,195,487,26080000,22586
15,326,26080000,26080100,195,487,26160000,22656
15,327,26160000,26160100,195,487,26240000,22723
15,328,26240000,26240100,195,487,26320000,22794
15,329,26320000,26320100,195,487,26400000,22865
15,33,2640000,2640100,195,487,2720000,2351
15,330,26400000,26400100,195,487,26480000,22931
15,331,26480000,26480100,195,487,26560000,23000
15,332,26560000,26560100,195,487,26640000,23072
15,333,26640000,26640100,195,487,26720000,23139
15,334,26720000,26720100,195,487,26800000,23209
15,335,26800000,26800100,195,487,26880000,23280
15,336,26880000,26880100,195,487,26960000,23348
15,337,26960000,26960100,195,487,27040000,23416
15,338,27040000,27040100,195,487,27120000,23487
15,339,27120000,27120100,195,487,27200000,23556
15,34,2720000,2720100,195,487,2800000,2422
15,340,27200000,27200100,195,487,27280000,23625
15,341,27280000,27280100,195,487,27360000,23695
15,342,27360000,27360100,195,487,27440000,23763
15,343,27440000,27440100,195,487,27520000,23833
15,344,27520000,27520100,195,487,27600000,23903
15,345,27600000,27600100,195,487,27680000,23970
15,346,27680000,27680100,195,487,27760000,24041
15,347,27760000,27760100,195,487,27840000,24111
15,348,27840000,27840100,195,487,27920000,24178
15,349,27920000,27920100,195,487,28000000,24250
15,35,2800000,2800100,195,487,2880000,2492
15,350,28000000,28000100,195,487,28080000,24319
15,351,28080000,28080100,195,487,28160000,24387
15,352,28160000,28160100,195,487,28240000,24455
15,353,28240000,28240100,195,487,28320000,24527
15,354,28320000,28320100,195,487,28400000,24595
15,355,28400000,28400100,195,487,28480000,24663
15,356,28480000,28480100,195,487,28560000,24736
15,357,28560000,28560100,195,487,28640000,24802
15,358,28640000,28640100,195,487,28720000,24872
15,359,28720000,28720100,195,487,28800000,24942
15,36,2880000,2880100,195,487,2960000,2559
15,360,28800000,28800100,195,487,28880000,25011
15,361,28880000,28880100,195,487,28960000,25080
15,362,28960000,28960100,195,487,29040000,25150
15,363,29040000,29040100,195,487,29120000,25219
15,364,29120000,29120100,195,487,29200000,25288
15,365,29200000,29200100,195,487,29280000,25358
15,366,29280000,29280100,195,487,29360000,25425
15,367,29360000,29360100,195,487,29440000,25496
15,368,29440000,29440100,195,487,29520000,25566
15,369,29520000,29520100,195,487,29600000,25634
15,37,2960000,2960100,195,487,3040000,2628
15,370,29600000,29600100,195,487,29680000,25704
15,371,29680000,29680100,195,487,29760000,25775
15,372,29760000,29760100,195,487,29840000,25841
15,373,29840000,29840100,195,487,29920000,25911
15,374,29920000,29920100,195,487,30000000,25983
15,375,30000000,30000100,195,487,30080000,26049
15,376,30080000,30080100,195,487,30160000,26119
15,377,30160000,30160100,195,487,30240000,26190
15,378,30240000,30240100,195,487,30320000,26258
15,379,30320000,30320100,195,487,30400000,26327
15,38,3040000,3040100,195,487,3120000,2700
15,380,30400000,30400100,195,487,30480000,26397
15,381,30480000,30480100,195,487,30560000,26466
15,382,30560000,30560100,195,487,30640000,26535
15,383,30640000,30640100,195,487,30720000,26605
15,384,30720000,30720100,195,487,30800000,26675
15,385,30800000,30800100,195,487,30880000,26743
15,386,30880000,30880100,195,487,30960000,26813
15,387,30960000,30960100,195,487,31040000,26880
15,388,31040000,31040100,195,487,31120000,26951
15,389,31120000,31120100,195,487,31200000,27022
15,39,3120000,3120100,195,487,3200000,2768
15,390,31200000,31200100,195,487,31280000,27088
15,391,31280000,31280100,195,487,31360000,27160
15,392,31360000,31360100,195,487,31440000,27229
15,393,31440000,31440100,195,487,31520000,27297
15,394,31520000,31520100,195,487,31600000,27366
15,395,31600000,31600100,195,487,31680000,27438
15,396,31680000,31680100,195,487,31760000,27505
15,397,31760000,31760100,195,487,31840000,27573
15,398,31840000,31840100,195,487,31920000,27646
15,399,31920000,31920100,195,487,32000000,27713
15,4,320000,320100,195,487,400000,343
15,40,3200000,3200100,195,487,3280000,2836
15,400,32000000,32000100,195,487,32080000,27782
15,401,32080000,32080100,195,487,32160000,27852
15,402,32160000,32160100,195,487,32240000,27921
15,403,32240000,32240100,195,487,32320000,27990
15,404,32320000,32320100,195,487,32400000,28061
15,405,32400000,32400100,195,487,32480000,28129
15,406,32480000,32480100,195,487,32560000,28199
15,407,32560000,32560100,195,487,32640000,28268
15,408,32640000,32640100,195,487,32720000,28335
15,409,32720000,32720100,195,487,32800000,28407
15,41,3280000,3280100,195,487,3360000,2909
15,410,32800000,32800100,195,487,32880000,28476
15,411,32880000,32880100,195,487,32960000,28544
15,412,32960000,32960100,195,487,33040000,28614
15,413,33040000,33040100,195,487,33120000,28685
15,414,33120000,33120100,195,487,33200000,28752
15,415,33200000,33200100,195,487,33280000,28821
15,416,33280000,33280100,195,487,33360000,28893
15,417,33360000,33360100,195,487,33440000,28960
15,418,33440000,33440100,195,487,33520000,29029
15,419,33520000,33520100,195,487,33600000,29101
15,42,3360000,3360100,195,487,3440000,2975
15,420,33600000,33600100,195,487,33680000,29168
15,421,33680000,33680100,195,487,33760000,29237
15,422,33760000,33760100,195,487,33840000,29307
15,423,33840000,33840100,195,487,33920000,29376
15,424,33920000,33920100,195,487,34000000,29446
15,425,34000000,34000100,195,487,34080000,29515
15,426,34080000,34080100,195,487,34160000,29585
15,427,34160000,34160100,195,487,34240000,29653
15,428,34240000,34240100,195,487,34320000,29724
15,429,34320000,34320100,195,487,34400000,29791
15,43,3440000,3440100,195,487,3520000,3045
15,430,34400000,34400100,195,487,34480000,29861
15,431,34480000,34480100,195,487,34560000,29932
15,432,34560000,34560100,195,487,34640000,29998
15,433,34640000,34640100,195,487,34720000,30070
15,434,34720000,34720100,195,487,34800000,30140
15,435,34800000,34800100,195,487,34880000,30207
15,436,34880000,34880100,195,487,34960000,30276
15,437,34960000,34960100,195,487,35040000,30348
15,438,35040000,35040100,195,487,35120000,30415
15,439,35120000,35120100,195,487,35200000,30485
15,44,3520000,3520100,195,487,3600000,3115
15,440,35200000,35200100,195,487,35280000,30556
15,441,35280000,35280100,195,487,35360000,30623
15,442,35360000,35360100,195,487,35440000,30692
15,443,35440000,35440100,195,487,35520000,30762
15,444,35520000,35520100,195,487,35600000,30832
15,445,35600000,35600100,195,487,35680000,30900
15,446,35680000,35680100,195,487,35760000,30971
15,447,35760000,35760100,195,487,35840000,31039
15,448,35840000,35840100,195,487,35920000,31109
15,449,35920000,35920100,195,487,36000000,31179
15,45,3600000,3600100,195,487,3680000,3183
15,450,36000000,36000100,195,487,36080000,31246
15,451,36080000,36080100,195,487,36160000,31317
15,452,36160000,36160100,195,487,36240000,31386
15,453,36240000,36240100,195,487,36320000,31454
15,454,36320000,36320100,195,487,36400000,31525
15,455,36400000,36400100,195,487,36480000,31595
15,456,36480000,36480100,195,487,36560000,31662
15,457,36560000,36560100,195,487,36640000,31731
15,458,36640000,36640100,195,487,36720000,31803
15,459,36720000,36720100,195,487,36800000,31871
15,46,3680000,3680100,195,487,3760000,3253
15,460,36800000,36800100,195,487,36880000,31939
15,461,36880000,36880100,195,487,36960000,32012
15,462,36960000,36960100,195,487,37040000,32078
15,463,37040000,37040100,195,487,37120000,32147
15,464,37120000,37120100,195,487,37200000,32218
15,465,37200000,37200100,195,487,37280000,32286
15,466,37280000,37280100,195,487,37360000,32356
15,467,37360000,37360100,195,487,37440000,32425
15,468,37440000,37440100,195,487,37520000,32495
15,469,37520000,37520100,195,487,37600000,32564
15,47,3760000,3760100,195,487,3840000,3322
15,470,37600000,37600100,195,487,37680000,32634
15,471,37680000,37680100,195,487,37760000,32701
15,472,37760000,37760100,195,487,37840000,32772
15,473,37840000,37840100,195,487,37920000,32842
15,474,37920000,37920100,195,487,38000000,32909
15,475,38000000,38000100,195,487,38080000,32980
15,476,38080000,38080100,195,487,38160000,33050
15,477,38160000,38160100,195,487,38240000,33117
15,478,38240000,38240100,195,487,38320000,33186
15,479,38320000,38320100,195,487,38400000,33259
15,48,3840000,3840100,195,487,3920000,3392
15,480,38400000,38400100,195,487,38480000,33325
15,481,38480000,38480100,195,487,38560000,33395
15,482,38560000,38560100,195,487,38640000,33466
15,483,38640000,38640100,195,487,38720000,33534
15,484,38720000,38720100,195,487,38800000,33603
15,485,38800000,38800100,195,487,38880000,33672
15,486,38880000,38880100,195,487,38960000,33742
15,487,38960000,38960100,195,487,39040000,33810
15,488,39040000,39040100,195,487,39120000,33881
15,489,39120000,39120100,195,487,39200000,33950
15,49,3920000,3920100,195,487,4000000,3461
15,490,39200000,39200100,195,487,39280000,34019
15,491,39280000,39280100,195,487,39360000,34089
15,492,39360000,39360100,195,487,39440000,34156
15,493,39440000,39440100,195,487,39520000,34227
15,494,39520000,39520100,195,487,39600000,34298
15,495,39600000,39600100,195,487,39680000,34364
15,496,39680000,39680100,195,487,39760000,34435
15,497,39760000,39760100,195,487,39840000,34505
15,498,39840000,39840100,195,487,39920000,34572
15,499,39920000,39920100,195,487,40000000,34642
15,5,400000,400100,195,487,480000,412
15,50,4000000,4000100,195,487,4080000,3531
15,500,40000000,40000100,195,487,40080000,34713
15,501,40080000,40080100,195,487,40160000,34781
15,502,40160000,40160100,195,487,40240000,34849
15,503,40240000,40240100,195,487,40320000,34922
15,504,40320000,40320100,195,487,40400000,34989
15,505,40400000,40400100,195,487,40480000,35058
15,506,40480000,40480100,195,487,40560000,35128
15,507,40560000,40560100,195,487,40640000,35196
15,508,40640000,40640100,195,487,40720000,35266
15,509,40720000,40720100,195,487,40800000,35336
15,51,4080000,4080100,195,487,4160000,3598
15,510,40800000,40800100,195,487,40880000,35405
15,511,40880000,40880100,195,487,40960000,35474
15,512,40960000,40960100,195,487,41040000,35544
15,513,41040000,41040100,195,487,41120000,35611
15,514,41120000,41120100,195,487,41200000,35683
15,515,41200000,41200100,195,487,41280000,35752
15,516,41280000,41280100,195,487,41360000,35820
15,517,41360000,41360100,195,487,41440000,35890
15,518,41440000,41440100,195,487,41520000,35960
15,519,41520000,41520100,195,487,41600000,36028
15,52,4160000,4160100,195,487,4240000,3669
15,520,41600000,41600100,195,487,41680000,36096
15,521,41680000,41680100,195,487,41760000,36169
15,522,41760000,41760100,195,487,41840000,36235
15,523,41840000,41840100,195,487,41920000,36305
15,524,41920000,41920100,195,487,42000000,36377
15,525,42000000,42000100,195,487,42080000,36444
15,526,42080000,42080100,195,487,42160000,36513
15,527,42160000,42160100,195,487,42240000,36583
15,528,42240000,42240100,195,487,42320000,36652
15,529,42320000,42320100,195,487,42400000,36721
15,53,4240000,4240100,195,487,4320000,3739
15,530,42400000,42400100,195,487,42480000,36791
15,531,42480000,42480100,195,487,42560000,36860
15,532,42560000,42560100,195,487,42640000,36929
15,533,42640000,42640100,195,487,42720000,36999
15,534,42720000,42720100,195,487,42800000,37067
15,535,42800000,42800100,195,487,42880000,37137
15,536,42880000,42880100,195,487,42960000,37208
15,537,42960000,42960100,195,487,43040000,37274
15,538,43040000,43040100,195,487,43120000,37346
15,539,43120000,43120100,195,487,43200000,37416
15,54,4320000,4320100,195,487,4400000,3807
15,540,43200000,43200100,195,487,43280000,37482
15,541,43280000,43280100,195,487,43360000,37552
15,542,43360000,43360100,195,487,43440000,37623
15,543,43440000,43440100,195,487,43520000,37691
15,544,43520000,43520100,195,487,43600000,37760
15,545,43600000,43600100,195,487,43680000,37832
15,546,43680000,43680100,195,487,43760000,37899
15,547,43760000,43760100,195,487,43840000,37968
15,548,43840000,43840100,195,487,43920000,38038
15,549,43920000,43920100,195,487,44000000,38108
15,55,4400000,4400100,195,487,4480000,3877
15,550,44000000,44000100,195,487,44080000,38176
15,551,44080000,44080100,195,487,44160000,38246
15,552,44160000,44160100,195,487,44240000,38315
15,553,44240000,44240100,195,487,44320000,38384
15,554,44320000,44320100,195,487,44400000,38455
15,555,44400000,44400100,195,487,44480000,38521
15,556,44480000,44480100,195,487,44560000,38593
15,557,44560000,44560100,195,487,44640000,38662
15,558,44640000,44640100,195,487,44720000,38730
15,559,44720000,44720100,195,487,44800000,38801
15,56,4480000,4480100,195,487,4560000,3947
15,560,44800000,44800100,195,487,44880000,38871
15,561,44880000,44880100,195,487,44960000,38938
15,562,44960000,44960100,195,487,45040000,39006
15,563,45040000,45040100,195,487,45120000,39079
15,564,45120000,45120100,195,487,45200000,39146
15,565,45200000,45200100,195,487,45280000,39215
15,566,45280000,45280100,195,487,45360000,39287
15,567,45360000,45360100,195,487,45440000,39354
15,568,45440000,45440100,195,487,45520000,39423
15,569,45520000,45520100,195,487,45600000,39494
15,57,4560000,4560100,195,487,4640000,4014
15,570,45600000,45600100,195,487,45680000,39562
15,571,45680000,45680100,195,487,45760000,39632
15,572,45760000,45760100,195,487,45840000,39701
15,573,45840000,45840100,195,487,45920000,39770
15,574,45920000,45920100,195,487,46000000,39840
15,575,46000000,46000100,195,487,46080000,39909
15,576,46080000,46080100,195,487,46160000,39977
15,577,46160000,46160100,195,487,46240000,40047
15,578,46240000,46240100,195,487,46320000,40118
15,579,46320000,46320100,195,487,46400000,40185
15,58,4640000,4640100,195,487,4720000,4083
15,580,46400000,46400100,195,487,46480000,40256
15,581,46480000,46480100,195,487,46560000,40326
15,582,46560000,46560100,195,487,46640000,40393
15,583,46640000,46640100,195,487,46720000,40462
15,584,46720000,46720100,195,487,46800000,40534
15,585,46800000,46800100,195,487,46880000,40601
15,586,46880000,46880100,195,487,46960000,40670
15,587,46960000,46960100,195,487,47040000,40742
15,588,47040000,47040100,195,487,47120000,40809
15,589,47120000,47120100,195,487,47200000,40879
15,59,4720000,4720100,195,487,4800000,4156
15,590,47200000,47200100,195,487,47280000,40948
15,591,47280000,47280100,195,487,47360000,41018
15,592,47360000,47360100,195,487,47440000,41086
15,593,47440000,47440100,195,487,47520000,41157
15,594,47520000,47520100,195,487,47600000,41226
15,595,47600000,47600100,195,487,47680000,41294
15,596,47680000,47680100,195,487,47760000,41365
15,597,47760000,47760100,195,487,47840000,41431
15,598,47840000,47840100,195,487,47920000,41503
15,599,47920000,47920100,195,487,48000000,41573
15,6,480000,480100,195,487,560000,482
15,60,4800000,4800100,195,487,4880000,4222
15,600,48000000,48000100,195,487,48080000,41640
15,601,48080000,48080100,195,487,48160000,41711
15,602,48160000,48160100,195,487,48240000,41781
15,603,48240000,48240100,195,487,48320000,41848
15,604,48320000,48320100,195,487,48400000,41918
15,605,48400000,48400100,195,487,48480000,41989
15,606,48480000,48480100,195,487,48560000,42056
15,607,48560000,48560100,195,487,48640000,42125
15,608,48640000,48640100,195,487,48720000,42197
15,609,48720000,48720100,195,487,48800000,42265
15,61,4880000,4880100,195,487,4960000,4292
15,610,48800000,48800100,195,487,48880000,42333
15,611,48880000,48880100,195,487,48960000,42404
15,612,48960000,48960100,195,487,49040000,42472
15,613,49040000,49040100,195,487,49120000,42542
15,614,49120000,49120100,195,487,49200000,42612
15,615,49200000,49200100,195,487,49280000,42681
15,616,49280000,49280100,195,487,49360000,42750
15,617,49360000,49360100,195,487,49440000,42819
15,618,49440000,49440100,195,487,49520000,42887
15,619,49520000,49520100,195,487,49600000,42958
15,62,4960000,4960100,195,487,5040000,4363
15,620,49600000,49600100,195,487,49680000,43028
15,621,49680000,49680100,195,487,49760000,43095
15,622,49760000,49760100,195,487,49840000,43166
15,623,49840000,49840100,195,487,49920000,43236
15,624,49920000,49920100,195,487,50000000,43304
15,625,50000000,50000100,195,487,50080000,43372
15,626,50080000,50080100,195,487,50160000,43445
15,627,50160000,50160100,195,487,50240000,43511
15,628,50240000,50240100,195,487,50320000,43580
15,629,50320000,50320100,195,487,50400000,43653
15,63,5040000,5040100,195,487,5120000,4431
15,630,50400000,50400100,195,487,50480000,43719
15,631,50480000,50480100,195,487,50560000,43789
15,632,50560000,50560100,195,487,50640000,43858
15,633,50640000,50640100,195,487,50720000,43928
15,634,50720000,50720100,195,487,50800000,43997
15,635,50800000,50800100,195,487,50880000,44067
15,636,50880000,50880100,195,487,50960000,44136
15,637,50960000,50960100,195,487,51040000,44205
15,638,51040000,51040100,195,487,51120000,44275
15,639,51120000,51120100,195,487,51200000,44342
15,64,5120000,5120100,195,487,5200000,4500
15,640,51200000,51200100,195,487,51280000,44413
15,641,51280000,51280100,195,487,51360000,44483
15,642,51360000,51360100,195,487,51440000,44550
15,643,51440000,51440100,195,487,51520000,44621
15,644,51520000,51520100,195,487,51600000,44692
15,645,51600000,51600100,195,487,51680000,44758
15,646,51680000,51680100,195,487,51760000,44828
15,647,51760000,51760100,195,487,51840000,44899
15,648,51840000,51840100,195,487,51920000,44967
15,649,51920000,51920100,195,487,52000000,45036
15,65,5200000,5200100,195,487,5280000,4570
15,650,52000000,52000100,195,487,52080000,45107
15,651,52080000,52080100,195,487,52160000,45175
15,652,52160000,52160100,195,487,52240000,45243
15,653,52240000,52240100,195,487,52320000,45314
15,654,52320000,52320100,195,487,52400000,45383
15,655,52400000,52400100,195,487,52480000,45452
15,656,52480000,52480100,195,487,52560000,45522
15,657,52560000,52560100,195,487,52640000,45591
15,658,52640000,52640100,195,487,52720000,45660
15,659,52720000,52720100,195,487,52800000,45731
15,66,5280000,5280100,195,487,5360000,4639
15,660,52800000,52800100,195,487,52880000,45797
15,661,52880000,52880100,195,487,52960000,45868
15,662,52960000,52960100,195,487,53040000,45938
15,663,53040000,53040100,195,487,53120000,46005
15,664,53120000,53120100,195,487,53200000,46077
15,665,53200000,53200100,195,487,53280000,46146
15,666,53280000,53280100,195,487,53360000,46214
15,667,53360000,53360100,195,487,53440000,46282
15,668,53440000,53440100,195,487,53520000,46355
15,669,53520000,53520100,195,487,53600000,46422
15,67,5360000,5360100,195,487,5440000,4707
15,670,53600000,53600100,195,487,53680000,46491
15,671,53680000,53680100,195,487,53760000,46563
15,672,53760000,53760100,195,487,53840000,46629
15,673,53840000,53840100,195,487,53920000,46699
15,674,53920000,53920100,195,487,54000000,46769
15,675,54000000,54000100,195,487,54080000,46838
15,676,54080000,54080100,195,487,54160000,46907
15,677,54160000,54160100,195,487,54240000,46977
15,678,54240000,54240100,195,487,54320000,47046
15,679,54320000,54320100,195,487,54400000,47116
15,68,5440000,5440100,195,487,5520000,4778
15,680,54400000,54400100,195,487,54480000,47185
15,681,54480000,54480100,195,487,54560000,47253
15,682,54560000,54560100,195,487,54640000,47323
15,683,54640000,54640100,195,487,54720000,47393
15,684,54720000,54720100,195,487,54800000,47461
15,685,54800000,54800100,195,487,54880000,47531
15,686,54880000,54880100,195,487,54960000,47602
15,687,54960000,54960100,195,487,55040000,47668
15,688,55040000,55040100,195,487,55120000,47738
15,689,55120000,55120100,195,487,55200000,47810
15,69,5520000,5520100,195,487,5600000,4847
15,690,55200000,55200100,195,487,55280000,47877
15,691,55280000,55280100,195,487,55360000,47946
15,692,55360000,55360100,195,487,55440000,48018
15,693,55440000,55440100,195,487,55520000,48085
15,694,55520000,55520100,195,487,55600000,48154
15,695,55600000,55600100,195,487,55680000,48224
15,696,55680000,55680100,195,487,55760000,48293
15,697,55760000,55760100,195,487,55840000,48362
15,698,55840000,55840100,195,487,55920000,48432
15,699,55920000,55920100,195,487,56000000,48502
15,7,560000,560100,195,487,640000,550
15,70,5600000,5600100,195,487,5680000,4916
15,700,56000000,56000100,195,487,56080000,48570
15,701,56080000,56080100,195,487,56160000,48641
15,702,56160000,56160100,195,487,56240000,48707
15,703,56240000,56240100,195,487,56320000,48779
15,704,56320000,56320100,195,487,56400000,48849
15,705,56400000,56400100,195,487,56480000,48915
15,706,56480000,56480100,195,487,56560000,48987
15,707,56560000,56560100,195,487,56640000,49056
15,708,56640000,56640100,195,487,56720000,49124
15,709,56720000,56720100,195,487,56800000,49193
15,71,5680000,5680100,195,487,5760000,4986
15,710,56800000,56800100,195,487,56880000,49265
15,711,56880000,56880100,195,487,56960000,49332
15,712,56960000,56960100,195,487,57040000,49401
15,713,57040000,57040100,195,487,57120000,49473
15,714,57120000,57120100,195,487,57200000,49541
15,715,57200000,57200100,195,487,57280000,49609
15,716,57280000,57280100,195,487,57360000,49679
15,717,57360000,57360100,195,487,57440000,49748
15,718,57440000,57440100,195,487,57520000,49817
15,719,57520000,57520100,195,487,57600000,49888
15,72,5760000,5760100,195,487,5840000,5053
15,720,57600000,57600100,195,487,57680000,49956
15,721,57680000,57680100,195,487,57760000,50026
15,722,57760000,57760100,195,487,57840000,50095
15,723,57840000,57840100,195,487,57920000,50163
15,724,57920000,57920100,195,487,58000000,50234
15,725,58000000,58000100,195,487,58080000,50304
15,726,58080000,58080100,195,487,58160000,50371
15,727,58160000,58160100,195,487,58240000,50441
15,728,58240000,58240100,195,487,58320000,50512
15,729,58320000,58320100,195,487,58400000,50579
15,73,5840000,5840100,195,487,5920000,5124
15,730,58400000,58400100,195,487,58480000,50648
15,731,58480000,58480100,195,487,58560000,50720
15,732,58560000,58560100,195,487,58640000,50787
15,733,58640000,58640100,195,487,58720000,50856
15,734,58720000,58720100,195,487,58800000,50929
15,735,58800000,58800100,195,487,58880000,50995
15,736,58880000,58880100,195,487,58960000,51065
15,737,58960000,58960100,195,487,59040000,51134
15,738,59040000,59040100,195,487,59120000,51203
15,739,59120000,59120100,195,487,59200000,51273
15,74,5920000,5920100,195,487,6000000,5195
15,740,59200000,59200100,195,487,59280000,51342
15,741,59280000,59280100,195,487,59360000,51412
15,742,59360000,59360100,195,487,59440000,51480
15,743,59440000,59440100,195,487,59520000,51551
15,744,59520000,59520100,195,487,59600000,51618
15,745,59600000,59600100,195,487,59680000,51689
15,746,59680000,59680100,195,487,59760000,51759
15,747,59760000,59760100,195,487,59840000,51826
15,748,59840000,59840100,195,487,59920000,51897
15,749,59920000,59920100,195,487,60000000,51967
15,75,6000000,6000100,195,487,6080000,5261
15,750,60000000,60000100,195,487,60080000,52034
15,751,60080000,60080100,195,487,60160000,52103
15,752,60160000,60160100,195,487,60240000,52175
15,753,60240000,60240100,195,487,60320000,52242
15,754,60320000,60320100,195,487,60400000,52312
15,755,60400000,60400100,195,487,60480000,52383
15,756,60480000,60480100,195,487,60560000,52451
15,757,60560000,60560100,195,487,60640000,52519
15,758,60640000,60640100,195,487,60720000,52590
15,759,60720000,60720100,195,487,60800000,52659
15,76,6080000,6080100,195,487,6160000,5333
15,760,60800000,60800100,195,487,60880000,52727
15,761,60880000,60880100,195,487,60960000,52798
15,762,60960000,60960100,195,487,61040000,52866
15,763,61040000,61040100,195,487,61120000,52936
15,764,61120000,61120100,195,487,61200000,53006
15,765,61200000,61200100,195,487,61280000,53073
15,766,61280000,61280100,195,487,61360000,53144
15,767,61360000,61360100,195,487,61440000,53214
15,768,61440000,61440100,195,487,61520000,53281
15,769,61520000,61520100,195,487,61600000,53353
15,77,6160000,6160100,195,487,6240000,5402
15,770,61600000,61600100,195,487,61680000,53422
15,771,61680000,61680100,195,487,61760000,53489
15,772,61760000,61760100,195,487,61840000,53558
15,773,61840000,61840100,195,487,61920000,53630
15,774,61920000,61920100,195,487,62000000,53698
15,775,62000000,62000100,195,487,62080000,53766
15,776,62080000,62080100,195,487,62160000,53839
15,777,62160000,62160100,195,487,62240000,53905
15,778,62240000,62240100,195,487,62320000,53975
15,779,62320000,62320100,195,487,62400000,54045
15,78,6240000,6240100,195,487,6320000,5469
15,780,62400000,62400100,195,487,62480000,54114
15,781,62480000,62480100,195,487,62560000,54183
15,782,62560000,62560100,195,487,62640000,54252
15,783,62640000,62640100,195,487,62720000,54322
15,784,62720000,62720100,195,487,62800000,54391
15,785,62800000,62800100,195,487,62880000,54461
15,786,62880000,62880100,195,487,62960000,54528
15,787,62960000,62960100,195,487,63040000,54599
15,788,63040000,63040100,195,487,63120000,54669
15,789,63120000,63120100,195,487,63200000,54737
15,79,6320000,6320100,195,487,6400000,5539
15,790,63200000,63200100,195,487,63280000,54807
15,791,63280000,63280100,195,487,63360000,54878
15,792,63360000,63360100,195,487,63440000,54944
15,793,63440000,63440100,195,487,63520000,55013
15,794,63520000,63520100,195,487,63600000,55086
15,795,63600000,63600100,195,487,63680000,55152
15,796,63680000,63680100,195,487,63760000,55222
15,797,63760000,63760100,195,487,63840000,55293
15,798,63840000,63840100,195,487,63920000,55361
15,799,63920000,63920100,195,487,64000000,55430
15,8,640000,640100,195,487,720000,621
15,80,6400000,6400100,195,487,6480000,5610
15,800,64000000,64000100,195,487,64080000,55500
15,801,64080000,64080100,195,487,64160000,55569
15,802,64160000,64160100,195,487,64240000,55638
15,803,64240000,64240100,195,487,64320000,55708
15,804,64320000,64320100,195,487,64400000,55777
15,805,64400000,64400100,195,487,64480000,55846
15,806,64480000,64480100,195,487,64560000,55916
15,807,64560000,64560100,195,487,64640000,55983
15,808,64640000,64640100,195,487,64720000,56054
15,809,64720000,64720100,195,487,64800000,56125
15,81,6480000,6480100,195,487,6560000,5678
15,810,64800000,64800100,195,487,64880000,56191
15,811,64880000,64880100,195,487,64960000,56263
15,812,64960000,64960100,195,487,65040000,56332
15,813,65040000,65040100,195,487,65120000,56400
15,814,65120000,65120100,195,487,65200000,56469
15,815,65200000,65200100,195,487,65280000,56540
15,816,65280000,65280100,195,487,65360000,56608
15,817,65360000,65360100,195,487,65440000,56676
15,818,65440000,65440100,195,487,65520000,56749
15,819,65520000,65520100,195,487,65600000,56816
15,82,6560000,6560100,195,487,6640000,5746
15,820,65600000,65600100,195,487,65680000,56885
15,821,65680000,65680100,195,487,65760000,56955
15,822,65760000,65760100,195,487,65840000,57024
15,823,65840000,65840100,195,487,65920000,57093
15,824,65920000,65920100,195,487,66000000,57164
15,825,66000000,66000100,195,487,66080000,57232
15,826,66080000,66080100,195,487,66160000,57301
15,827,66160000,66160100,195,487,66240000,57371
15,828,66240000,66240100,195,487,66320000,57438
15,829,66320000,66320100,195,487,66400000,57510
15,83,6640000,6640100,195,487,6720000,5819
15,830,66400000,66400100,195,487,66480000,57579
15,831,66480000,66480100,195,487,66560000,57647
15,832,66560000,66560100,195,487,66640000,57717
15,833,66640000,66640100,195,487,66720000,57788
15,834,66720000,66720100,195,487,66800000,57855
15,835,66800000,66800100,195,487,66880000,57924
15,836,66880000,66880100,195,487,66960000,57996
15,837,66960000,66960100,195,487,67040000,58062
15,838,67040000,67040100,195,487,67120000,58132
15,839,67120000,67120100,195,487,67200000,58204
15,84,6720000,6720100,195,487,6800000,5886
15,840,67200000,67200100,195,487,67280000,58271
15,841,67280000,67280100,195,487,67360000,58340
15,842,67360000,67360100,195,487,67440000,58410
15,843,67440000,67440100,195,487,67520000,58479
15,844,67520000,67520100,195,487,67600000,58549
15,845,67600000,67600100,195,487,67680000,58618
15,846,67680000,67680100,195,487,67760000,58688
15,847,67760000,67760100,195,487,67840000,58756
15,848,67840000,67840100,195,487,67920000,58826
15,849,67920000,67920100,195,487,68000000,58894
15,85,6800000,6800100,195,487,6880000,5955
15,850,68000000,68000100,195,487,68080000,58964
15,851,68080000,68080100,195,487,68160000,59035
15,852,68160000,68160100,195,487,68240000,59101
15,853,68240000,68240100,195,487,68320000,59173
15,854,68320000,68320100,195,487,68400000,59243
15,855,68400000,68400100,195,487,68480000,59310
15,856,68480000,68480100,195,487,68560000,59379
15,857,68560000,68560100,195,487,68640000,59451
15,858,68640000,68640100,195,487,68720000,59518
15,859,68720000,68720100,195,487,68800000,59587
15,86,6880000,6880100,195,487,6960000,6025
15,860,68800000,68800100,195,487,68880000,59659
15,861,68880000,68880100,195,487,68960000,59726
15,862,68960000,68960100,195,487,69040000,59795
15,863,69040000,69040100,195,487,69120000,59865
15,864,69120000,69120100,195,487,69200000,59935
15,865,69200000,69200100,195,487,69280000,60003
15,866,69280000,69280100,195,487,69360000,60074
15,867,69360000,69360100,195,487,69440000,60142
15,868,69440000,69440100,195,487,69520000,60212
15,869,69520000,69520100,195,487,69600000,60282
15,87,6960000,6960100,195,487,7040000,6094
15,870,69600000,69600100,195,487,69680000,60348
15,871,69680000,69680100,195,487,69760000,60420
15,872,69760000,69760100,195,487,69840000,60489
15,873,69840000,69840100,195,487,69920000,60557
15,874,69920000,69920100,195,487,70000000,60628
15,875,70000000,70000100,195,487,70080000,60698
15,876,70080000,70080100,195,487,70160000,60765
15,877,70160000,70160100,195,487,70240000,60834
15,878,70240000,70240100,195,487,70320000,60906
15,879,70320000,70320100,195,487,70400000,60974
15,88,7040000,7040100,195,487,7120000,6163
15,880,70400000,70400100,195,487,70480000,61042
15,881,70480000,70480100,195,487,70560000,61114
15,882,70560000,70560100,195,487,70640000,61181
15,883,70640000,70640100,195,487,70720000,61250
15,884,70720000,70720100,195,487,70800000,61321
15,885,70800000,70800100,195,487,70880000,61389
15,886,70880000,70880100,195,487,70960000,61459
15,887,70960000,70960100,195,487,71040000,61528
15,888,71040000,71040100,195,487,71120000,61598
15,889,71120000,71120100,195,487,71200000,61667
15,89,7120000,7120100,195,487,7200000,6233
15,890,71200000,71200100,195,487,71280000,61737
15,891,71280000,71280100,195,487,71360000,61804
15,892,71360000,71360100,195,487,71440000,61874
15,893,71440000,71440100,195,487,71520000,61945
15,894,71520000,71520100,195,487,71600000,62012
15,895,71600000,71600100,195,487,71680000,62083
15,896,71680000,71680100,195,487,71760000,62153
15,897,71760000,71760100,195,487,71840000,62220
15,898,71840000,71840100,195,487,71920000,62289
15,899,71920000,71920100,195,487,72000000,62362
15,9,720000,720100,195,487,800000,688
15,90,7200000,7200100,195,487,7280000,6302
15,900,72000000,72000100,195,487,72080000,62428
15,901,72080000,72080100,195,487,72160000,62498
15,902,72160000,72160100,195,487,72240000,62569
15,903,72240000,72240100,195,487,72320000,62636
15,904,72320000,72320100,195,487,72400000,62706
15,905,72400000,72400100,195,487,72480000,62775
15,906,72480000,72480100,195,487,72560000,62845
15,907,72560000,72560100,195,487,72640000,62913
15,908,72640000,72640100,195,487,72720000,62984
15,909,72720000,72720100,195,487,72800000,63053
15,91,7280000,7280100,195,487,7360000,6371
15,910,72800000,72800100,195,487,72880000,63122
15,911,72880000,72880100,195,487,72960000,63192
15,912,72960000,72960100,195,487,73040000,63259
15,913,73040000,73040100,195,487,73120000,63330
15,914,73120000,73120100,195,487,73200000,63400
15,915,73200000,73200100,195,487,73280000,63467
15,916,73280000,73280100,195,487,73360000,63538
15,917,73360000,73360100,195,487,73440000,63608
15,918,73440000,73440100,195,487,73520000,63675
15,919,73520000,73520100,195,487,73600000,63745
15,92,7360000,7360100,195,487,7440000,6441
15,920,73600000,73600100,195,487,73680000,63816
15,921,73680000,73680100,195,487,73760000,63884
15,922,73760000,73760100,195,487,73840000,63952
15,923,73840000,73840100,195,487,73920000,64025
15,924,73920000,73920100,195,487,74000000,64092
15,925,74000000,74000100,195,487,74080000,64160
15,926,74080000,74080100,195,487,74160000,64231
15,927,74160000,74160100,195,487,74240000,64299
15,928,74240000,74240100,195,487,74320000,64369
15,929,74320000,74320100,195,487,74400000,64439
15,93,7440000,7440100,195,487,7520000,6508
15,930,74400000,74400100,195,487,74480000,64508
15,931,74480000,74480100,195,487,74560000,64577
15,932,74560000,74560100,195,487,74640000,64647
15,933,74640000,74640100,195,487,74720000,64714
15,934,74720000,74720100,195,487,74800000,64786
15,935,74800000,74800100,195,487,74880000,64855
15,936,74880000,74880100,195,487,74960000,64922
15,937,74960000,74960100,195,487,75040000,64993
15,938,75040000,75040100,195,487,75120000,65063
15,939,75120000,75120100,195,487,75200000,65131
15,94,7520000,7520100,195,487,7600000,6580
15,940,75200000,75200100,195,487,75280000,65199
15,941,75280000,75280100,195,487,75360000,65272
15,942,75360000,75360100,195,487,75440000,65338
15,943,75440000,75440100,195,487,75520000,65408
15,944,75520000,75520100,195,487,75600000,65480
15,945,75600000,75600100,195,487,75680000,65547
15,946,75680000,75680100,195,487,75760000,65616
15,947,75760000,75760100,195,487,75840000,65685
15,948,75840000,75840100,195,487,75920000,65755
15,949,75920000,75920100,195,487,76000000,65824
15,95,7600000,7600100,195,487,7680000,6649
15,950,76000000,76000100,195,487,76080000,65894
15,951,76080000,76080100,195,487,76160000,65963
15,952,76160000,76160100,195,487,76240000,66032
15,953,76240000,76240100,195,487,76320000,66102
15,954,76320000,76320100,195,487,76400000,66170
15,955,76400000,76400100,195,487,76480000,66240
15,956,76480000,76480100,195,487,76560000,66311
15,957,76560000,76560100,195,487,76640000,66377
15,958,76640000,76640100,195,487,76720000,66448
15,959,76720000,76720100,195,487,76800000,66519
15,96,7680000,7680100,195,487,7760000,6717
15,960,76800000,76800100,195,487,76880000,66585
15,961,76880000,76880100,195,487,76960000,66655
15,962,76960000,76960100,195,487,77040000,66726
15,963,77040000,77040100,195,487,77120000,66794
15,964,77120000,77120100,195,487,77200000,66863
15,965,77200000,77200100,195,487,77280000,66935
15,966,77280000,77280100,195,487,77360000,67002
15,967,77360000,77360100,195,487,77440000,67071
15,968,77440000,77440100,195,487,77520000,67141
15,969,77520000,77520100,195,487,77600000,67210
15,97,7760000,7760100,195,487,7840000,6787
15,970,77600000,77600100,195,487,77680000,67279
15,971,77680000,77680100,195,487,77760000,67349
15,972,77760000,77760100,195,487,77840000,67418
15,973,77840000,77840100,195,487,77920000,67487
15,974,77920000,77920100,195,487,78000000,67558
15,975,78000000,78000100,195,487,78080000,67624
15,976,78080000,78080100,195,487,78160000,67696
15,977,78160000,78160100,195,487,78240000,67765
15,978,78240000,78240100,195,487,78320000,67833
15,979,78320000,78320100,195,487,78400000,67904
15,98,7840000,7840100,195,487,7920000,6858
15,980,78400000,78400100,195,487,78480000,67973
15,981,78480000,78480100,195,487,78560000,68041
15,982,78560000,78560100,195,487,78640000,68109
15,983,78640000,78640100,195,487,78720000,68182
15,984,78720000,78720100,195,487,78800000,68249
15,985,78800000,78800100,195,487,78880000,68318
15,986,78880000,78880100,195,487,78960000,68390
15,987,78960000,78960100,195,487,79040000,68457
15,988,79040000,79040100,195,487,79120000,68526
15,989,79120000,79120100,195,487,79200000,68597
15,99,7920000,7920100,195,487,8000000,6925
15,990,79200000,79200100,195,487,79280000,68665
15,991,79280000,79280100,195,487,79360000,68734
15,992,79360000,79360100,195,487,79440000,68804
15,993,79440000,79440100,195,487,79520000,68873
15,994,79520000,79520100,195,487,79600000,68943
15,995,79600000,79600100,195,487,79680000,69012
15,996,79680000,79680100,195,487,79760000,69080
15,997,79760000,79760100,195,487,79840000,69150
15,998,79840000,79840100,195,487,79920000,69221
15,999,79920000,79920100,195,487,80000000,69288
2,0,0,100,162,405,10000,2
2,1,10000,10100,162,405,20000,8
2,10,100000,100100,162,405,110000,86
2,100,1000000,1000100,162,405,1010000,865
2,1000,10000000,10000100,162,405,10010000,8660
2,1001,10010000,10010100,162,405,10020000,8669
2,1002,10020000,10020100,162,405,10030000,8679
2,1003,10030000,10030100,162,405,10040000,8685
2,1004,10040000,10040100,162,405,10050000,8695
2,1005,10050000,10050100,162,405,10060000,8704
2,1006,10060000,10060100,162,405,10070000,8712
2,1007,10070000,10070100,162,405,10080000,8718
2,1008,10080000,10080100,162,405,10090000,8732
2,1009,10090000,10090100,162,405,10100000,8738
2,101,1010000,1010100,162,405,1020000,873
2,1010,10100000,10100100,162,405,10110000,8746
2,1011,10110000,10110100,162,405,10120000,8756
2,1012,10120000,10120100,162,405,10130000,8765
2,1013,10130000,10130100,162,405,10140000,8771
2,1014,10140000,10140100,162,405,10150000,8781
2,1015,10150000,10150100,162,405,10160000,8790
2,1016,10160000,10160100,162,405,10170000,8799
2,1017,10170000,10170100,162,405,10180000,8808
2,1018,10180000,10180100,162,405,10190000,8817
2,1019,10190000,10190100,162,405,10200000,8823
2,102,1020000,1020100,162,405,1030000,883
2,1020,10200000,10200100,162,405,10210000,8835
2,1021,10210000,10210100,162,405,10220000,8841
2,1022,10220000,10220100,162,405,10230000,8850
2,1023,10230000,10230100,162,405,10240000,8859
2,1024,10240000,10240100,162,405,10250000,8868
2,1025,10250000,10250100,162,405,10260000,8877
2,1026,10260000,10260100,162,405,10270000,8887
2,1027,10270000,10270100,162,405,10280000,8893
2,1028,10280000,10280100,162,405,10290000,8902
2,1029,10290000,10290100,162,405,10300000,8912
2,103,1030000,1030100,162,405,1040000,889
2,1030,10300000,10300100,162,405,10310000,8920
2,1031,10310000,10310100,162,405,10320000,8926
2,1032,10320000,10320100,162,405,10330000,8940
2,1033,10330000,10330100,162,405,10340000,8946
2,1034,10340000,10340100,162,405,10350000,8954
2,1035,10350000,10350100,162,405,10360000,8963
2,1036,10360000,10360100,162,405,10370000,8973
2,1037,10370000,10370100,162,405,10380000,8979
2,1038,10380000,10380100,162,405,10390000,8989
2,1039,10390000,10390100,162,405,10400000,8998
2,104,1040000,1040100,162,405,1050000,899
2,1040,10400000,10400100,162,405,10410000,9008
2,1041,10410000,10410100,162,405,10420000,9016
2,1042,10420000,10420100,162,405,10430000,9023
2,1043,10430000,10430100,162,405,10440000,9031
2,1044,10440000,10440100,162,405,10450000,9042
2,1045,10450000,10450100,162,405,10460000,9050
2,1046,10460000,10460100,162,405,10470000,9059
2,1047,10470000,10470100,162,405,10480000,9067
2,1048,10480000,10480100,162,405,10490000,9076
2,1049,10490000,10490100,162,405,10500000,9082
2,105,1050000,1050100,162,405,1060000,910
2,1050,10500000,10500100,162,405,10510000,9096
2,1051,10510000,10510100,162,405,10520000,9102
2,1052,10520000,10520100,162,405,10530000,9110
2,1053,10530000,10530100,162,405,10540000,9120
2,1054,10540000,10540100,162,405,10550000,9127
2,1055,10550000,10550100,162,405,10560000,9134
2,1056,10560000,10560100,162,405,10570000,9147
2,1057,10570000,10570100,162,405,10580000,9155
2,1058,10580000,10580100,162,405,10590000,9162
2,1059,10590000,10590100,162,405,10600000,9170
2,106,1060000,1060100,162,405,1070000,917
2,1060,10600000,10600100,162,405,10610000,9181
2,1061,10610000,10610100,162,405,10620000,9188
2,1062,10620000,10620100,162,405,10630000,9198
2,1063,10630000,10630100,162,405,10640000,9204
2,1064,10640000,10640100,162,405,10650000,9215
2,1065,10650000,10650100,162,405,10660000,9224
2,1066,10660000,10660100,162,405,10670000,9231
2,1067,10670000,10670100,162,405,10680000,9240
2,1068,10680000,10680100,162,405,10690000,9251
2,1069,10690000,10690100,162,405,10700000,9257
2,107,1070000,1070100,162,405,1080000,923
2,1070,10700000,10700100,162,405,10710000,9265
2,1071,10710000,10710100,162,405,10720000,9275
2,1072,10720000,10720100,162,405,10730000,9285
2,1073,10730000,10730100,162,405,10740000,9291
2,1074,10740000,10740100,162,405,10750000,9303
2,1075,10750000,10750100,162,405,10760000,9310
2,1076,10760000,10760100,162,405,10770000,9318
2,1077,10770000,10770100,162,405,10780000,9326
2,1078,10780000,10780100,162,405,10790000,9336
2,1079,10790000,10790100,162,405,10800000,9342
2,108,1080000,1080100,162,405,1090000,936
2,1080,10800000,10800100,162,405,10810000,9355
2,1081,10810000,10810100,162,405,10820000,9363
2,1082,10820000,10820100,162,405,10830000,9370
2,1083,10830000,10830100,162,405,10840000,9379
2,1084,10840000,10840100,162,405,10850000,9387
2,1085,10850000,10850100,162,405,10860000,9396
2,1086,10860000,10860100,162,405,10870000,9406
2,1087,10870000,10870100,162,405,10880000,9412
2,1088,10880000,10880100,162,405,10890000,9423
2,1089,10890000,10890100,162,405,10900000,9432
2,109,1090000,1090100,162,405,1100000,942
2,1090,10900000,10900100,162,405,10910000,9440
2,1091,10910000,10910100,162,405,10920000,9446
2,1092,10920000,10920100,162,405,10930000,9459
2,1093,10930000,10930100,162,405,10940000,9465
2,1094,10940000,10940100,162,405,10950000,9473
2,1095,10950000,10950100,162,405,10960000,9484
2,1096,10960000,10960100,162,405,10970000,9493
2,1097,10970000,10970100,162,405,10980000,9499
2,1098,10980000,10980100,162,405,10990000,9509
2,1099,10990000,10990100,162,405,11000000,9517
2,11,110000,110100,162,405,120000,93
2,110,1100000,1100100,162,405,1110000,951
2,1100,11000000,11000100,162,405,11010000,9527
2,1101,11010000,11010100,162,405,11020000,9535
2,1102,11020000,11020100,162,405,11030000,9544
2,1103,11030000,11030100,162,405,11040000,9550
2,1104,11040000,11040100,162,405,11050000,9562
2,1105,11050000,11050100,162,405,11060000,9570
2,1106,11060000,11060100,162,405,11070000,9579
2,1107,11070000,11070100,162,405,11080000,9587
2,1108,11080000,11080100,162,405,11090000,9595
2,1109,11090000,11090100,162,405,11100000,9603
2,111,1110000,1110100,162,405,1120000,959
2,1110,11100000,11100100,162,405,11110000,9614
2,1111,11110000,11110100,162,405,11120000,9621
2,1112,11120000,11120100,162,405,11130000,9630
2,1113,11130000,11130100,162,405,11140000,9640
2,1114,11140000,11140100,162,405,11150000,9647
2,1115,11150000,11150100,162,405,11160000,9654
2,1116,11160000,11160100,162,405,11170000,9668
2,1117,11170000,11170100,162,405,11180000,9674
2,1118,11180000,11180100,162,405,11190000,9681
2,1119,11190000,11190100,162,405,11200000,9689
2,112,1120000,1120100,162,405,1130000,970
2,1120,11200000,11200100,162,405,11210000,9701
2,1121,11210000,11210100,162,405,11220000,9707
2,1122,11220000,11220100,162,405,11230000,9718
2,1123,11230000,11230100,162,405,11240000,9726
2,1124,11240000,11240100,162,405,11250000,9734
2,1125,11250000,11250100,162,405,11260000,9743
2,1126,11260000,11260100,162,405,11270000,9750
2,1127,11270000,11270100,162,405,11280000,9759
2,1128,11280000,11280100,162,405,11290000,9771
2,1129,11290000,11290100,162,405,11300000,9777
2,113,1130000,1130100,162,405,1140000,976
2,1130,11300000,11300100,162,405,11310000,9787
2,1131,11310000,11310100,162,405,11320000,9795
2,1132,11320000,11320100,162,405,11330000,9803
2,1133,11330000,11330100,162,405,11340000,9810
2,1134,11340000,11340100,162,405,11350000,9822
2,1135,11350000,11350100,162,405,11360000,9829
2,1136,11360000,11360100,162,405,11370000,9838
2,1137,11370000,11370100,162,405,11380000,9848
2,1138,11380000,11380100,162,405,11390000,9856
2,1139,11390000,11390100,162,405,11400000,9862
2,114,1140000,1140100,162,405,1150000,986
2,1140,11400000,11400100,162,405,11410000,9874
2,1141,11410000,11410100,162,405,11420000,9882
2,1142,11420000,11420100,162,405,11430000,9889
2,1143,11430000,11430100,162,405,11440000,9897
2,1144,11440000,11440100,162,405,11450000,9909
2,1145,11450000,11450100,162,405,11460000,9916
2,1146,11460000,11460100,162,405,11470000,9926
2,1147,11470000,11470100,162,405,11480000,9932
2,1148,11480000,11480100,162,405,11490000,9942
2,1149,11490000,11490100,162,405,11500000,9951
2,115,1150000,1150100,162,405,1160000,996
2,1150,11500000,11500100,162,405,11510000,9959
2,1151,11510000,11510100,162,405,11520000,9967
2,1152,11520000,11520100,162,405,11530000,9979
2,1153,11530000,11530100,162,405,11540000,9985
2,1154,11540000,11540100,162,405,11550000,9992
2,1155,11550000,11550100,162,405,11560000,10004
2,1156,11560000,11560100,162,405,11570000,10012
2,1157,11570000,11570100,162,405,11580000,10018
2,1158,11580000,11580100,162,405,11590000,10030
2,1159,11590000,11590100,162,405,11600000,10036
2,116,1160000,1160100,162,405,1170000,1004
2,1160,11600000,11600100,162,405,11610000,10047
2,1161,11610000,11610100,162,405,11620000,10055
2,1162,11620000,11620100,162,405,11630000,10064
2,1163,11630000,11630100,162,405,11640000,10070
2,1164,11640000,11640100,162,405,11650000,10081
2,1165,11650000,11650100,162,405,11660000,10090
2,1166,11660000,11660100,162,405,11670000,10098
2,1167,11670000,11670100,162,405,11680000,10106
2,1168,11680000,11680100,162,405,11690000,10115
2,1169,11690000,11690100,162,405,11700000,10123
2,117,1170000,1170100,162,405,1180000,1012
2,1170,11700000,11700100,162,405,11710000,10134
2,1171,11710000,11710100,162,405,11720000,10141
2,1172,11720000,11720100,162,405,11730000,10151
2,1173,11730000,11730100,162,405,11740000,10159
2,1174,11740000,11740100,162,405,11750000,10166
2,1175,11750000,11750100,162,405,11760000,10173
2,1176,11760000,11760100,162,405,11770000,10187
2,1177,11770000,11770100,162,405,11780000,10194
2,1178,11780000,11780100,162,405,11790000,10201
2,1179,11790000,11790100,162,405,11800000,10211
2,118,1180000,1180100,162,405,1190000,1019
2,1180,11800000,11800100,162,405,11810000,10220
2,1181,11810000,11810100,162,405,11820000,10226
2,1182,11820000,11820100,162,405,11830000,10237
2,1183,11830000,11830100,162,405,11840000,10245
2,1184,11840000,11840100,162,405,11850000,10254
2,1185,11850000,11850100,162,405,11860000,10263
2,1186,11860000,11860100,162,405,11870000,10272
2,1187,11870000,11870100,162,405,11880000,10278
2,1188,11880000,11880100,162,405,11890000,10290
2,1189,11890000,11890100,162,405,11900000,10296
2,119,1190000,1190100,162,405,1200000,1027
2,1190,11900000,11900100,162,405,11910000,10306
2,1191,11910000,11910100,162,405,11920000,10314
2,1192,11920000,11920100,162,405,11930000,10323
2,1193,11930000,11930100,162,405,11940000,10332
2,1194,11940000,11940100,162,405,11950000,10342
2,1195,11950000,11950100,162,405,11960000,10349
2,1196,11960000,11960100,162,405,11970000,10357
2,1197,11970000,11970100,162,405,11980000,10367
2,1198,11980000,11980100,162,405,11990000,10374
2,1199,11990000,11990100,162,405,12000000,10381
2,12,120000,120100,162,405,130000,104
2,120,1200000,1200100,162,405,1210000,1040
2,1200,12000000,12000100,162,405,12010000,10396
2,1201,12010000,12010100,162,405,12020000,10402
2,1202,12020000,12020100,162,405,12030000,10409
2,1203,12030000,12030100,162,405,12040000,10417
2,1204,12040000,12040100,162,405,12050000,10428
2,1205,12050000,12050100,162,405,12060000,10435
2,1206,12060000,12060100,162,405,12070000,10445
2,1207,12070000,12070100,162,405,12080000,10453
2,1208,12080000,12080100,162,405,12090000,10462
2,1209,12090000,12090100,162,405,12100000,10470
2,121,1210000,1210100,162,405,1220000,1047
2,1210,12100000,12100100,162,405,12110000,10479
2,1211,12110000,12110100,162,405,12120000,10487
2,1212,12120000,12120100,162,405,12130000,10498
2,1213,12130000,12130100,162,405,12140000,10504
2,1214,12140000,12140100,162,405,12150000,10513
2,1215,12150000,12150100,162,405,12160000,10523
2,1216,12160000,12160100,162,405,12170000,10532
2,1217,12170000,12170100,162,405,12180000,10538
2,1218,12180000,12180100,162,405,12190000,10550
2,1219,12190000,12190100,162,405,12200000,10556
2,122,1220000,1220100,162,405,1230000,1056
2,1220,12200000,12200100,162,405,12210000,10565
2,1221,12210000,12210100,162,405,12220000,10576
2,1222,12220000,12220100,162,405,12230000,10583
2,1223,12230000,12230100,162,405,12240000,10589
2,1224,12240000,12240100,162,405,12250000,10601
2,1225,12250000,12250100,162,405,12260000,10610
2,1226,12260000,12260100,162,405,12270000,10618
2,1227,12270000,12270100,162,405,12280000,10626
2,1228,12280000,12280100,162,405,12290000,10636
2,1229,12290000,12290100,162,405,12300000,10642
2,123,1230000,1230100,162,405,1240000,1064
2,1230,12300000,12300100,162,405,12310000,10653
2,1231,12310000,12310100,162,405,12320000,10659
2,1232,12320000,12320100,162,405,12330000,10671
2,1233,12330000,12330100,162,405,12340000,10679
2,1234,12340000,12340100,162,405,12350000,10686
2,1235,12350000,12350100,162,405,12360000,10695
2,1236,12360000,12360100,162,405,12370000,10706
2,1237,12370000,12370100,162,405,12380000,10713
2,1238,12380000,12380100,162,405,12390000,10720
2,1239,12390000,12390100,162,405,12400000,10730
2,124,1240000,1240100,162,405,1250000,1072
2,1240,12400000,12400100,162,405,12410000,10740
2,1241,12410000,12410100,162,405,12420000,10746
2,1242,12420000,12420100,162,405,12430000,10758
2,1243,12430000,12430100,162,405,12440000,10765
2,1244,12440000,12440100,162,405,12450000,10773
2,1245,12450000,12450100,162,405,12460000,10782
2,1246,12460000,12460100,162,405,12470000,10791
2,1247,12470000,12470100,162,405,12480000,10797
2,1248,12480000,12480100,162,405,12490000,10810
2,1249,12490000,12490100,162,405,12500000,10818
2,125,1250000,1250100,162,405,1260000,1079
2,1250,12500000,12500100,162,405,12510000,10826
2,1251,12510000,12510100,162,405,12520000,10834
2,1252,12520000,12520100,162,405,12530000,10842
2,1253,12530000,12530100,162,405,12540000,10850
2,1254,12540000,12540100,162,405,12550000,10861
2,1255,12550000,12550100,162,405,12560000,10868
2,1256,12560000,12560100,162,405,12570000,10879
2,1257,12570000,12570100,162,405,12580000,10887
2,1258,12580000,12580100,162,405,12590000,10894
2,1259,12590000,12590100,162,405,12600000,10901
2,126,1260000,1260100,162,405,1270000,1092
2,1260,12600000,12600100,162,405,12610000,10915
2,1261,12610000,12610100,162,405,12620000,10921
2,1262,12620000,12620100,162,405,12630000,10928
2,1263,12630000,12630100,162,405,12640000,10938
2,1264,12640000,12640100,162,405,12650000,10947
2,1265,12650000,12650100,162,405,12660000,10955
2,1266,12660000,12660100,162,405,12670000,10965
2,1267,12670000,12670100,162,405,12680000,10973
2,1268,12680000,12680100,162,405,12690000,10981
2,1269,12690000,12690100,162,405,12700000,10989
2,127,1270000,1270100,162,405,1280000,1098
2,1270,12700000,12700100,162,405,12710000,11000
2,1271,12710000,12710100,162,405,12720000,11006
2,1272,12720000,12720100,162,405,12730000,11018
2,1273,12730000,12730100,162,405,12740000,11024
2,1274,12740000,12740100,162,405,12750000,11033
2,1275,12750000,12750100,162,405,12760000,11042
2,1276,12760000,12760100,162,405,12770000,11051
2,1277,12770000,12770100,162,405,12780000,11059
2,1278,12780000,12780100,162,405,12790000,11069
2,1279,12790000,12790100,162,405,12800000,11075
2,128,1280000,1280100,162,405,1290000,1107
2,1280,12800000,12800100,162,405,12810000,11085
2,1281,12810000,12810100,162,405,12820000,11096
2,1282,12820000,12820100,162,405,12830000,11103
2,1283,12830000,12830100,162,405,12840000,11109
2,1284,12840000,12840100,162,405,12850000,11122
2,1285,12850000,12850100,162,405,12860000,11129
2,1286,12860000,12860100,162,405,12870000,11136
2,1287,12870000,12870100,162,405,12880000,11145
2,1288,12880000,12880100,162,405,12890000,11156
2,1289,12890000,12890100,162,405,12900000,11162
2,129,1290000,1290100,162,405,1300000,1117
2,1290,12900000,12900100,162,405,12910000,11173
2,1291,12910000,12910100,162,405,12920000,11181
2,1292,12920000,12920100,162,405,12930000,11190
2,1293,12930000,12930100,162,405,12940000,11198
2,1294,12940000,12940100,162,405,12950000,11205
2,1295,12950000,12950100,162,405,12960000,11214
2,1296,12960000,12960100,162,405,12970000,11226
2,1297,12970000,12970100,162,405,12980000,11232
2,1298,12980000,12980100,162,405,12990000,11242
2,1299,12990000,12990100,162,405,13000000,11250
2,13,130000,130100,162,405,140000,110
2,130,1300000,1300100,162,405,1310000,1125
2,1300,13000000,13000100,162,405,13010000,11259
2,1301,13010000,13010100,162,405,13020000,11265
2,1302,13020000,13020100,162,405,13030000,11277
2,1303,13030000,13030100,162,405,13040000,11284
2,1304,13040000,13040100,162,405,13050000,11293
2,1305,13050000,13050100,162,405,13060000,11304
2,1306,13060000,13060100,162,405,13070000,11311
2,1307,13070000,13070100,162,405,13080000,11317
2,1308,13080000,13080100,162,405,13090000,11328
2,1309,13090000,13090100,162,405,13100000,11337
2,131,1310000,1310100,162,405,1320000,1131
2,1310,13100000,13100100,162,405,13110000,11345
2,1311,13110000,13110100,162,405,13120000,11353
2,1312,13120000,13120100,162,405,13130000,11364
2,1313,13130000,13130100,162,405,13140000,11370
2,1314,13140000,13140100,162,405,13150000,11381
2,1315,13150000,13150100,162,405,13160000,11388
2,1316,13160000,13160100,162,405,13170000,11398
2,1317,13170000,13170100,162,405,13180000,11406
2,1318,13180000,13180100,162,405,13190000,11413
2,1319,13190000,13190100,162,405,13200000,11421
2,132,1320000,1320100,162,405,1330000,1143
2,1320,13200000,13200100,162,405,13210000,11435
2,1321,13210000,13210100,162,405,13220000,11441
2,1322,13220000,13220100,162,405,13230000,11448
2,1323,13230000,13230100,162,405,13240000,11458
2,1324,13240000,13240100,162,405,13250000,11466
2,1325,13250000,13250100,162,405,13260000,11474
2,1326,13260000,13260100,162,405,13270000,11486
2,1327,13270000,13270100,162,405,13280000,11492
2,1328,13280000,13280100,162,405,13290000,11501
2,1329,13290000,13290100,162,405,13300000,11509
2,133,1330000,1330100,162,405,1340000,1151
2,1330,13300000,13300100,162,405,13310000,11519
2,1331,13310000,13310100,162,405,13320000,11526
2,1332,13320000,13320100,162,405,13330000,11537
2,1333,13330000,13330100,162,405,13340000,11545
2,1334,13340000,13340100,162,405,13350000,11552
2,1335,13350000,13350100,162,405,13360000,11561
2,1336,13360000,13360100,162,405,13370000,11571
2,1337,13370000,13370100,162,405,13380000,11579
2,1338,13380000,13380100,162,405,13390000,11589
2,1339,13390000,13390100,162,405,13400000,11595
2,134,1340000,1340100,162,405,1350000,1158
2,1340,13400000,13400100,162,405,13410000,11606
2,1341,13410000,13410100,162,405,13420000,11614
2,1342,13420000,13420100,162,405,13430000,11622
2,1343,13430000,13430100,162,405,13440000,11628
2,1344,13440000,13440100,162,405,13450000,11642
2,1345,13450000,13450100,162,405,13460000,11649
2,1346,13460000,13460100,162,405,13470000,11656
2,1347,13470000,13470100,162,405,13480000,11667
2,1348,13480000,13480100,162,405,13490000,11675
2,1349,13490000,13490100,162,405,13500000,11681
2,135,1350000,1350100,162,405,1360000,1167
2,1350,13500000,13500100,162,405,13510000,11692
2,1351,13510000,13510100,162,405,13520000,11700
2,1352,13520000,13520100,162,405,13530000,11709
2,1353,13530000,13530100,162,405,13540000,11718
2,1354,13540000,13540100,162,405,13550000,11727
2,1355,13550000,13550100,162,405,13560000,11734
2,1356,13560000,13560100,162,405,13570000,11745
2,1357,13570000,13570100,162,405,13580000,11751
2,1358,13580000,13580100,162,405,13590000,11761
2,1359,13590000,13590100,162,405,13600000,11769
2,136,1360000,1360100,162,405,1370000,1178
2,1360,13600000,13600100,162,405,13610000,11779
2,1361,13610000,13610100,162,405,13620000,11787
2,1362,13620000,13620100,162,405,13630000,11797
2,1363,13630000,13630100,162,405,13640000,11803
2,1364,13640000,13640100,162,405,13650000,11812
2,1365,13650000,13650100,162,405,13660000,11823
2,1366,13660000,13660100,162,405,13670000,11830
2,1367,13670000,13670100,162,405,13680000,11836
2,1368,13680000,13680100,162,405,13690000,11850
2,1369,13690000,13690100,162,405,13700000,11857
2,137,1370000,1370100,162,405,1380000,1185
2,1370,13700000,13700100,162,405,13710000,11865
2,1371,13710000,13710100,162,405,13720000,11873
2,1372,13720000,13720100,162,405,13730000,11883
2,1373,13730000,13730100,162,405,13740000,11889
2,1374,13740000,13740100,162,405,13750000,11899
2,1375,13750000,13750100,162,405,13760000,11909
2,1376,13760000,13760100,162,405,13770000,11918
2,1377,13770000,13770100,162,405,13780000,11926
2,1378,13780000,13780100,162,405,13790000,11933
2,1379,13790000,13790100,162,405,13800000,11941
2,138,1380000,1380100,162,405,1390000,1195
2,1380,13800000,13800100,162,405,13810000,11954
2,1381,13810000,13810100,162,405,13820000,11960
2,1382,13820000,13820100,162,405,13830000,11969
2,1383,13830000,13830100,162,405,13840000,11977
2,1384,13840000,13840100,162,405,13850000,11986
2,1385,13850000,13850100,162,405,13860000,11993
2,1386,13860000,13860100,162,405,13870000,12006
2,1387,13870000,13870100,162,405,13880000,12012
2,1388,13880000,13880100,162,405,13890000,12020
2,1389,13890000,13890100,162,405,13900000,12030
2,139,1390000,1390100,162,405,1400000,1201
2,1390,13900000,13900100,162,405,13910000,12038
2,1391,13910000,13910100,162,405,13920000,12045
2,1392,13920000,13920100,162,405,13930000,12057
2,1393,13930000,13930100,162,405,13940000,12065
2,1394,13940000,13940100,162,405,13950000,12072
2,1395,13950000,13950100,162,405,13960000,12081
2,1396,13960000,13960100,162,405,13970000,12091
2,1397,13970000,13970100,162,405,13980000,12098
2,1398,13980000,13980100,162,405,13990000,12108
2,1399,13990000,13990100,162,405,14000000,12114
2,14,140000,140100,162,405,150000,119
2,140,1400000,1400100,162,405,1410000,1212
2,1400,14000000,14000100,162,405,14010000,12126
2,1401,14010000,14010100,162,405,14020000,12134
2,1402,14020000,14020100,162,405,14030000,12142
2,1403,14030000,14030100,162,405,14040000,12150
2,1404,14040000,14040100,162,405,14050000,12161
2,1405,14050000,14050100,162,405,14060000,12168
2,1406,14060000,14060100,162,405,14070000,12175
2,1407,14070000,14070100,162,405,14080000,12185
2,1408,14080000,14080100,162,405,14090000,12195
2,1409,14090000,14090100,162,405,14100000,12201
2,141,1410000,1410100,162,405,1420000,1220
2,1410,14100000,14100100,162,405,14110000,12214
2,1411,14110000,14110100,162,405,14120000,12220
2,1412,14120000,14120100,162,405,14130000,12228
2,1413,14130000,14130100,162,405,14140000,12237
2,1414,14140000,14140100,162,405,14150000,12246
2,1415,14150000,14150100,162,405,14160000,12253
2,1416,14160000,14160100,162,405,14170000,12265
2,1417,14170000,14170100,162,405,14180000,12273
2,1418,14180000,14180100,162,405,14190000,12280
2,1419,14190000,14190100,162,405,14200000,12289
2,142,1420000,1420100,162,405,1430000,1227
2,1420,14200000,14200100,162,405,14210000,12298
2,1421,14210000,14210100,162,405,14220000,12306
2,1422,14220000,14220100,162,405,14230000,12316
2,1423,14230000,14230100,162,405,14240000,12322
2,1424,14240000,14240100,162,405,14250000,12334
2,1425,14250000,14250100,162,405,14260000,12343
2,1426,14260000,14260100,162,405,14270000,12350
2,1427,14270000,14270100,162,405,14280000,12356
2,1428,14280000,14280100,162,405,14290000,12369
2,1429,14290000,14290100,162,405,14300000,12375
2,143,1430000,1430100,162,405,1440000,1236
2,1430,14300000,14300100,162,405,14310000,12384
2,1431,14310000,14310100,162,405,14320000,12394
2,1432,14320000,14320100,162,405,14330000,12403
2,1433,14330000,14330100,162,405,14340000,12409
2,1434,14340000,14340100,162,405,14350000,12419
2,1435,14350000,14350100,162,405,14360000,12429
2,1436,14360000,14360100,162,405,14370000,12437
2,1437,14370000,14370100,162,405,14380000,12445
2,1438,14380000,14380100,162,405,14390000,12454
2,1439,14390000,14390100,162,405,14400000,12460
2,144,1440000,1440100,162,405,1450000,1248
2,1440,14400000,14400100,162,405,14410000,12473
2,1441,14410000,14410100,162,405,14420000,12480
2,1442,14420000,14420100,162,405,14430000,12489
2,1443,14430000,14430100,162,405,14440000,12497
2,1444,14440000,14440100,162,405,14450000,12505
2,1445,14450000,14450100,162,405,14460000,12514
2,1446,14460000,14460100,162,405,14470000,12525
2,1447,14470000,14470100,162,405,14480000,12531
2,1448,14480000,14480100,162,405,14490000,12540
2,1449,14490000,14490100,162,405,14500000,12550
2,145,1450000,1450100,162,405,1460000,1255
2,1450,14500000,14500100,162,405,14510000,12558
2,1451,14510000,14510100,162,405,14520000,12564
2,1452,14520000,14520100,162,405,14530000,12578
2,1453,14530000,14530100,162,405,14540000,12584
2,1454,14540000,14540100,162,405,14550000,12591
2,1455,14550000,14550100,162,405,14560000,12600
2,1456,14560000,14560100,162,405,14570000,12611
2,1457,14570000,14570100,162,405,14580000,12618
2,1458,14580000,14580100,162,405,14590000,12628
2,1459,14590000,14590100,162,405,14600000,12636
2,146,1460000,1460100,162,405,1470000,1262
2,1460,14600000,14600100,162,405,14610000,12645
2,1461,14610000,14610100,162,405,14620000,12653
2,1462,14620000,14620100,162,405,14630000,12660
2,1463,14630000,14630100,162,405,14640000,12669
2,1464,14640000,14640100,162,405,14650000,12681
2,1465,14650000,14650100,162,405,14660000,12688
2,1466,14660000,14660100,162,405,14670000,12697
2,1467,14670000,14670100,162,405,14680000,12705
2,1468,14680000,14680100,162,405,14690000,12714
2,1469,14690000,14690100,162,405,14700000,12720
2,147,1470000,1470100,162,405,1480000,1272
2,1470,14700000,14700100,162,405,14710000,12733
2,1471,14710000,14710100,162,405,14720000,12739
2,1472,14720000,14720100,162,405,14730000,12748
2,1473,14730000,14730100,162,405,14740000,12758
2,1474,14740000,14740100,162,405,14750000,12766
2,1475,14750000,14750100,162,405,14760000,12773
2,1476,14760000,14760100,162,405,14770000,12784
2,1477,14770000,14770100,162,405,14780000,12792
2,1478,14780000,14780100,162,405,14790000,12799
2,1479,14790000,14790100,162,405,14800000,12808
2,148,1480000,1480100,162,405,1490000,1281
2,1480,14800000,14800100,162,405,14810000,12820
2,1481,14810000,14810100,162,405,14820000,12826
2,1482,14820000,14820100,162,405,14830000,12836
2,1483,14830000,14830100,162,405,14840000,12842
2,1484,14840000,14840100,162,405,14850000,12852
2,1485,14850000,14850100,162,405,14860000,12862
2,1486,14860000,14860100,162,405,14870000,12869
2,1487,14870000,14870100,162,405,14880000,12877
2,1488,14880000,14880100,162,405,14890000,12889
2,1489,14890000,14890100,162,405,14900000,12895
2,149,1490000,1490100,162,405,1500000,1287
2,1490,14900000,14900100,162,405,14910000,12904
2,1491,14910000,14910100,162,405,14920000,12914
2,1492,14920000,14920100,162,405,14930000,12922
2,1493,14930000,14930100,162,405,14940000,12928
2,1494,14940000,14940100,162,405,14950000,12940
2,1495,14950000,14950100,162,405,14960000,12947
2,1496,14960000,14960100,162,405,14970000,12957
2,1497,14970000,14970100,162,405,14980000,12965
2,1498,14980000,14980100,162,405,14990000,12974
2,1499,14990000,14990100,162,405,15000000,12980
2,15,150000,150100,162,405,160000,128
2,150,1500000,1500100,162,405,1510000,1300
2,1500,15000000,15000100,162,405,15010000,12992
2,1501,15010000,15010100,162,405,15020000,13001
2,1502,15020000,15020100,162,405,15030000,13008
2,1503,15030000,15030100,162,405,15040000,13016
2,1504,15040000,15040100,162,405,15050000,13025
2,1505,15050000,15050100,162,405,15060000,13034
2,1506,15060000,15060100,162,405,15070000,13044
2,1507,15070000,15070100,162,405,15080000,13051
2,1508,15080000,15080100,162,405,15090000,13061
2,1509,15090000,15090100,162,405,15100000,13069
2,151,1510000,1510100,162,405,1520000,1306
2,1510,15100000,15100100,162,405,15110000,13077
2,1511,15110000,15110100,162,405,15120000,13083
2,1512,15120000,15120100,162,405,15130000,13098
2,1513,15130000,15130100,162,405,15140000,13104
2,1514,15140000,15140100,162,405,15150000,13111
2,1515,15150000,15150100,162,405,15160000,13122
2,1516,15160000,15160100,162,405,15170000,13130
2,1517,15170000,15170100,162,405,15180000,13136
2,1518,15180000,15180100,162,405,15190000,13147
2,1519,15190000,15190100,162,405,15200000,13155
2,152,1520000,1520100,162,405,1530000,1315
2,1520,15200000,15200100,162,405,15210000,13165
2,1521,15210000,15210100,162,405,15220000,13173
2,1522,15220000,15220100,162,405,15230000,13182
2,1523,15230000,15230100,162,405,15240000,13189
2,1524,15240000,15240100,162,405,15250000,13200
2,1525,15250000,15250100,162,405,15260000,13207
2,1526,15260000,15260100,162,405,15270000,13216
2,1527,15270000,15270100,162,405,15280000,13224
2,1528,15280000,15280100,162,405,15290000,13233
2,1529,15290000,15290100,162,405,15300000,13242
2,153,1530000,1530100,162,405,1540000,1323
2,1530,15300000,15300100,162,405,15310000,13253
2,1531,15310000,15310100,162,405,15320000,13259
2,1532,15320000,15320100,162,405,15330000,13267
2,1533,15330000,15330100,162,405,15340000,13277
2,1534,15340000,15340100,162,405,15350000,13285
2,1535,15350000,15350100,162,405,15360000,13292
2,1536,15360000,15360100,162,405,15370000,13306
2,1537,15370000,15370100,162,405,15380000,13312
2,1538,15380000,15380100,162,405,15390000,13319
2,1539,15390000,15390100,162,405,15400000,13327
2,154,1540000,1540100,162,405,1550000,1333
2,1540,15400000,15400100,162,405,15410000,13339
2,1541,15410000,15410100,162,405,15420000,13345
2,1542,15420000,15420100,162,405,15430000,13355
2,1543,15430000,15430100,162,405,15440000,13363
2,1544,15440000,15440100,162,405,15450000,13372
2,1545,15450000,15450100,162,405,15460000,13382
2,1546,15460000,15460100,162,405,15470000,13389
2,1547,15470000,15470100,162,405,15480000,13397
2,1548,15480000,15480100,162,405,15490000,13408
2,1549,15490000,15490100,162,405,15500000,13414
2,155,1550000,1550100,162,405,1560000,1340
2,1550,15500000,15500100,162,405,15510000,13424
2,1551,15510000,15510100,162,405,15520000,13433
2,1552,15520000,15520100,162,405,15530000,13442
2,1553,15530000,15530100,162,405,15540000,13448
2,1554,15540000,15540100,162,405,15550000,13460
2,1555,15550000,15550100,162,405,15560000,13467
2,1556,15560000,15560100,162,405,15570000,13476
2,1557,15570000,15570100,162,405,15580000,13486
2,1558,15580000,15580100,162,405,15590000,13493
2,1559,15590000,15590100,162,405,15600000,13499
2,156,1560000,1560100,162,405,1570000,1351
2,1560,15600000,15600100,162,405,15610000,13512
2,1561,15610000,15610100,162,405,15620000,13520
2,1562,15620000,15620100,162,405,15630000,13528
2,1563,15630000,15630100,162,405,15640000,13536
2,1564,15640000,15640100,162,405,15650000,13546
2,1565,15650000,15650100,162,405,15660000,13553
2,1566,15660000,15660100,162,405,15670000,13563
2,1567,15670000,15670100,162,405,15680000,13570
2,1568,15680000,15680100,162,405,15690000,13581
2,1569,15690000,15690100,162,405,15700000,13589
2,157,1570000,1570100,162,405,1580000,1359
2,1570,15700000,15700100,162,405,15710000,13597
2,1571,15710000,15710100,162,405,15720000,13605
2,1572,15720000,15720100,162,405,15730000,13616
2,1573,15730000,15730100,162,405,15740000,13623
2,1574,15740000,15740100,162,405,15750000,13630
2,1575,15750000,15750100,162,405,15760000,13641
2,1576,15760000,15760100,162,405,15770000,13650
2,1577,15770000,15770100,162,405,15780000,13656
2,1578,15780000,15780100,162,405,15790000,13669
2,1579,15790000,15790100,162,405,15800000,13675
2,158,1580000,1580100,162,405,1590000,1366
2,1580,15800000,15800100,162,405,15810000,13684
2,1581,15810000,15810100,162,405,15820000,13692
2,1582,15820000,15820100,162,405,15830000,13701
2,1583,15830000,15830100,162,405,15840000,13707
2,1584,15840000,15840100,162,405,15850000,13720
2,1585,15850000,15850100,162,405,15860000,13729
2,1586,15860000,15860100,162,405,15870000,13736
2,1587,15870000,15870100,162,405,15880000,13744
2,1588,15880000,15880100,162,405,15890000,13752
2,1589,15890000,15890100,162,405,15900000,13761
2,159,1590000,1590100,162,405,1600000,1375
2,1590,15900000,15900100,162,405,15910000,13772
2,1591,15910000,15910100,162,405,15920000,13778
2,1592,15920000,15920100,162,405,15930000,13789
2,1593,15930000,15930100,162,405,15940000,13797
2,1594,15940000,15940100,162,405,15950000,13804
2,1595,15950000,15950100,162,405,15960000,13812
2,1596,15960000,15960100,162,405,15970000,13825
2,1597,15970000,15970100,162,405,15980000,13831
2,1598,15980000,15980100,162,405,15990000,13838
2,1599,15990000,15990100,162,405,16000000,13848
2,16,160000,160100,162,405,170000,138
2,160,1600000,1600100,162,405,1610000,1385
2,1600,16000000,16000100,162,405,16010000,13859
2,1601,16010000,16010100,162,405,16020000,13865
2,1602,16020000,16020100,162,405,16030000,13875
2,1603,16030000,16030100,162,405,16040000,13883
2,1604,16040000,16040100,162,405,16050000,13891
2,1605,16050000,16050100,162,405,16060000,13900
2,1606,16060000,16060100,162,405,16070000,13910
2,1607,16070000,16070100,162,405,16080000,13916
2,1608,16080000,16080100,162,405,16090000,13928
2,1609,16090000,16090100,162,405,16100000,13934
2,161,1610000,1610100,162,405,1620000,1393
2,1610,16100000,16100100,162,405,16110000,13944
2,1611,16110000,16110100,162,405,16120000,13953
2,1612,16120000,16120100,162,405,16130000,13961
2,1613,16130000,16130100,162,405,16140000,13969
2,1614,16140000,16140100,162,405,16150000,13979
2,1615,16150000,16150100,162,405,16160000,13986
2,1616,16160000,16160100,162,405,16170000,13995
2,1617,16170000,16170100,162,405,16180000,14006
2,1618,16180000,16180100,162,405,16190000,14013
2,1619,16190000,16190100,162,405,16200000,14019
2,162,1620000,1620100,162,405,1630000,1403
2,1620,16200000,16200100,162,405,16210000,14033
2,1621,16210000,16210100,162,405,16220000,14039
2,1622,16220000,16220100,162,405,16230000,14047
2,1623,16230000,16230100,162,405,16240000,14055
2,1624,16240000,16240100,162,405,16250000,14066
2,1625,16250000,16250100,162,405,16260000,14073
2,1626,16260000,16260100,162,405,16270000,14083
2,1627,16270000,16270100,162,405,16280000,14091
2,1628,16280000,16280100,162,405,16290000,14100
2,1629,16290000,16290100,162,405,16300000,14108
2,163,1630000,1630100,162,405,1640000,1409
2,1630,16300000,16300100,162,405,16310000,14116
2,1631,16310000,16310100,162,405,16320000,14124
2,1632,16320000,16320100,162,405,16330000,14136
2,1633,16330000,16330100,162,405,16340000,14143
2,1634,16340000,16340100,162,405,16350000,14152
2,1635,16350000,16350100,162,405,16360000,14161
2,1636,16360000,16360100,162,405,16370000,14169
2,1637,16370000,16370100,162,405,16380000,14175
2,1638,16380000,16380100,162,405,16390000,14187
2,1639,16390000,16390100,162,405,16400000,14194
2,164,1640000,1640100,162,405,1650000,1419
2,1640,16400000,16400100,162,405,16410000,14204
2,1641,16410000,16410100,162,405,16420000,14214
2,1642,16420000,16420100,162,405,16430000,14221
2,1643,16430000,16430100,162,405,16440000,14227
2,1644,16440000,16440100,162,405,16450000,14239
2,1645,16450000,16450100,162,405,16460000,14248
2,1646,16460000,16460100,162,405,16470000,14255
2,1647,16470000,16470100,162,405,16480000,14263
2,1648,16480000,16480100,162,405,16490000,14274
2,1649,16490000,16490100,162,405,16500000,14280
2,165,1650000,1650100,162,405,1660000,1429
2,1650,16500000,16500100,162,405,16510000,14292
2,1651,16510000,16510100,162,405,16520000,14298
2,1652,16520000,16520100,162,405,16530000,14308
2,1653,16530000,16530100,162,405,16540000,14316
2,1654,16540000,16540100,162,405,16550000,14323
2,1655,16550000,16550100,162,405,16560000,14333
2,1656,16560000,16560100,162,405,16570000,14345
2,1657,16570000,16570100,162,405,16580000,14351
2,1658,16580000,16580100,162,405,16590000,14358
2,1659,16590000,16590100,162,405,16600000,14368
2,166,1660000,1660100,162,405,1670000,1436
2,1660,16600000,16600100,162,405,16610000,14377
2,1661,16610000,16610100,162,405,16620000,14384
2,1662,16620000,16620100,162,405,16630000,14396
2,1663,16630000,16630100,162,405,16640000,14402
2,1664,16640000,16640100,162,405,16650000,14411
2,1665,16650000,16650100,162,405,16660000,14420
2,1666,16660000,16660100,162,405,16670000,14430
2,1667,16670000,16670100,162,405,16680000,14436
2,1668,16680000,16680100,162,405,16690000,14447
2,1669,16690000,16690100,162,405,16700000,14455
2,167,1670000,1670100,162,405,1680000,1442
2,1670,16700000,16700100,162,405,16710000,14463
2,1671,16710000,16710100,162,405,16720000,14471
2,1672,16720000,16720100,162,405,16730000,14481
2,1673,16730000,16730100,162,405,16740000,14489
2,1674,16740000,16740100,162,405,16750000,14499
2,1675,16750000,16750100,162,405,16760000,14506
2,1676,16760000,16760100,162,405,16770000,14516
2,1677,16770000,16770100,162,405,16780000,14525
2,1678,16780000,16780100,162,405,16790000,14532
2,1679,16790000,16790100,162,405,16800000,14538
2,168,1680000,1680100,162,405,1690000,1456
2,1680,16800000,16800100,162,405,16810000,14553
2,1681,16810000,16810100,162,405,16820000,14559
2,1682,16820000,16820100,162,405,16830000,14566
2,1683,16830000,16830100,162,405,16840000,14577
2,1684,16840000,16840100,162,405,16850000,14585
2,1685,16850000,16850100,162,405,16860000,14592
2,1686,16860000,16860100,162,405,16870000,14602
2,1687,16870000,16870100,162,405,16880000,14610
2,1688,16880000,16880100,162,405,16890000,14620
2,1689,16890000,16890100,162,405,16900000,14628
2,169,1690000,1690100,162,405,1700000,1462
2,1690,16900000,16900100,162,405,16910000,14638
2,1691,16910000,16910100,162,405,16920000,14644
2,1692,16920000,16920100,162,405,16930000,14655
2,1693,16930000,16930100,162,405,16940000,14661
2,1694,16940000,16940100,162,405,16950000,14671
2,1695,16950000,16950100,162,405,16960000,14680
2,1696,16960000,16960100,162,405,16970000,14689
2,1697,16970000,16970100,162,405,16980000,14697
2,1698,16980000,16980100,162,405,16990000,14707
2,1699,16990000,16990100,162,405,17000000,14714
2,17,170000,170100,162,405,180000,146
2,170,1700000,1700100,162,405,1710000,1471
2,1700,17000000,17000100,162,405,17010000,14723
2,1701,17010000,17010100,162,405,17020000,14733
2,1702,17020000,17020100,162,405,17030000,14740
2,1703,17030000,17030100,162,405,17040000,14746
2,1704,17040000,17040100,162,405,17050000,14760
2,1705,17050000,17050100,162,405,17060000,14768
2,1706,17060000,17060100,162,405,17070000,14775
2,1707,17070000,17070100,162,405,17080000,14783
2,1708,17080000,17080100,162,405,17090000,14793
2,1709,17090000,17090100,162,405,17100000,14799
2,171,1710000,1710100,162,405,1720000,1481
2,1710,17100000,17100100,162,405,17110000,14811
2,1711,17110000,17110100,162,405,17120000,14819
2,1712,17120000,17120100,162,405,17130000,14828
2,1713,17130000,17130100,162,405,17140000,14836
2,1714,17140000,17140100,162,405,17150000,14843
2,1715,17150000,17150100,162,405,17160000,14852
2,1716,17160000,17160100,162,405,17170000,14864
2,1717,17170000,17170100,162,405,17180000,14870
2,1718,17180000,17180100,162,405,17190000,14879
2,1719,17190000,17190100,162,405,17200000,14887
2,172,1720000,1720100,162,405,1730000,1489
2,1720,17200000,17200100,162,405,17210000,14897
2,1721,17210000,17210100,162,405,17220000,14904
2,1722,17220000,17220100,162,405,17230000,14916
2,1723,17230000,17230100,162,405,17240000,14922
2,1724,17240000,17240100,162,405,17250000,14930
2,1725,17250000,17250100,162,405,17260000,14941
2,1726,17260000,17260100,162,405,17270000,14948
2,1727,17270000,17270100,162,405,17280000,14955
2,1728,17280000,17280100,162,405,17290000,14967
2,1729,17290000,17290100,162,405,17300000,14975
2,173,1730000,1730100,162,405,1740000,1495
2,1730,17300000,17300100,162,405,17310000,14983
2,1731,17310000,17310100,162,405,17320000,14991
2,1732,17320000,17320100,162,405,17330000,15002
2,1733,17330000,17330100,162,405,17340000,15008
2,1734,17340000,17340100,162,405,17350000,15018
2,1735,17350000,17350100,162,405,17360000,15025
2,1736,17360000,17360100,162,405,17370000,15036
2,1737,17370000,17370100,162,405,17380000,15044
2,1738,17380000,17380100,162,405,17390000,15052
2,1739,17390000,17390100,162,405,17400000,15060
2,174,1740000,1740100,162,405,1750000,1505
2,1740,17400000,17400100,162,405,17410000,15072
2,1741,17410000,17410100,162,405,17420000,15078
2,1742,17420000,17420100,162,405,17430000,15085
2,1743,17430000,17430100,162,405,17440000,15096
2,1744,17440000,17440100,162,405,17450000,15105
2,1745,17450000,17450100,162,405,17460000,15112
2,1746,17460000,17460100,162,405,17470000,15124
2,1747,17470000,17470100,162,405,17480000,15130
2,1748,17480000,17480100,162,405,17490000,15138
2,1749,17490000,17490100,162,405,17500000,15147
2,175,1750000,1750100,162,405,1760000,1514
2,1750,17500000,17500100,162,405,17510000,15157
2,1751,17510000,17510100,162,405,17520000,15163
2,1752,17520000,17520100,162,405,17530000,15175
2,1753,17530000,17530100,162,405,17540000,15183
2,1754,17540000,17540100,162,405,17550000,15191
2,1755,17550000,17550100,162,405,17560000,15200
2,1756,17560000,17560100,162,405,17570000,15208
2,1757,17570000,17570100,162,405,17580000,15216
2,1758,17580000,17580100,162,405,17590000,15226
2,1759,17590000,17590100,162,405,17600000,15232
2,176,1760000,1760100,162,405,1770000,1524
2,1760,17600000,17600100,162,405,17610000,15245
2,1761,17610000,17610100,162,405,17620000,15253
2,1762,17620000,17620100,162,405,17630000,15260
2,1763,17630000,17630100,162,405,17640000,15266
2,1764,17640000,17640100,162,405,17650000,15279
2,1765,17650000,17650100,162,405,17660000,15287
2,1766,17660000,17660100,162,405,17670000,15294
2,1767,17670000,17670100,162,405,17680000,15304
2,1768,17680000,17680100,162,405,17690000,15313
2,1769,17690000,17690100,162,405,17700000,15319
2,177,1770000,1770100,162,405,1780000,1532
2,1770,17700000,17700100,162,405,17710000,15330
2,1771,17710000,17710100,162,405,17720000,15339
2,1772,17720000,17720100,162,405,17730000,15347
2,1773,17730000,17730100,162,405,17740000,15355
2,1774,17740000,17740100,162,405,17750000,15364
2,1775,17750000,17750100,162,405,17760000,15371
2,1776,17760000,17760100,162,405,17770000,15384
2,1777,17770000,17770100,162,405,17780000,15390
2,1778,17780000,17780100,162,405,17790000,15399
2,1779,17790000,17790100,162,405,17800000,15407
2,178,1780000,1780100,162,405,1790000,1541
2,1780,17800000,17800100,162,405,17810000,15416
2,1781,17810000,17810100,162,405,17820000,15424
2,1782,17820000,17820100,162,405,17830000,15435
2,1783,17830000,17830100,162,405,17840000,15441
2,1784,17840000,17840100,162,405,17850000,15450
2,1785,17850000,17850100,162,405,17860000,15461
2,1786,17860000,17860100,162,405,17870000,15468
2,1787,17870000,17870100,162,405,17880000,15475
2,1788,17880000,17880100,162,405,17890000,15488
2,1789,17890000,17890100,162,405,17900000,15494
2,179,1790000,1790100,162,405,1800000,1547
2,1790,17900000,17900100,162,405,17910000,15502
2,1791,17910000,17910100,162,405,17920000,15510
2,1792,17920000,17920100,162,405,17930000,15521
2,1793,17930000,17930100,162,405,17940000,15528
2,1794,17940000,17940100,162,405,17950000,15538
2,1795,17950000,17950100,162,405,17960000,15547
2,1796,17960000,17960100,162,405,17970000,15555
2,1797,17970000,17970100,162,405,17980000,15563
2,1798,17980000,17980100,162,405,17990000,15571
2,1799,17990000,17990100,162,405,18000000,15579
2,18,180000,180100,162,405,190000,156
2,180,1800000,1800100,162,405,1810000,1559
2,1800,18000000,18000100,162,405,18010000,15592
2,1801,18010000,18010100,162,405,18020000,15598
2,1802,18020000,18020100,162,405,18030000,15607
2,1803,18030000,18030100,162,405,18040000,15615
2,1804,18040000,18040100,162,405,18050000,15624
2,1805,18050000,18050100,162,405,18060000,15631
2,1806,18060000,18060100,162,405,18070000,15643
2,1807,18070000,18070100,162,405,18080000,15649
2,1808,18080000,18080100,162,405,18090000,15658
2,1809,18090000,18090100,162,405,18100000,15669
2,181,1810000,1810100,162,405,1820000,1566
2,1810,18100000,18100100,162,405,18110000,15677
2,1811,18110000,18110100,162,405,18120000,15683
2,1812,18120000,18120100,162,405,18130000,15694
2,1813,18130000,18130100,162,405,18140000,15702
2,1814,18140000,18140100,162,405,18150000,15709
2,1815,18150000,18150100,162,405,18160000,15719
2,1816,18160000,18160100,162,405,18170000,15730
2,1817,18170000,18170100,162,405,18180000,15736
2,1818,18180000,18180100,162,405,18190000,15746
2,1819,18190000,18190100,162,405,18200000,15752
2,182,1820000,1820100,162,405,1830000,1575
2,1820,18200000,18200100,162,405,18210000,15764
2,1821,18210000,18210100,162,405,18220000,15772
2,1822,18220000,18220100,162,405,18230000,15779
2,1823,18230000,18230100,162,405,18240000,15787
2,1824,18240000,18240100,162,405,18250000,15799
2,1825,18250000,18250100,162,405,18260000,15806
2,1826,18260000,18260100,162,405,18270000,15814
2,1827,18270000,18270100,162,405,18280000,15824
2,1828,18280000,18280100,162,405,18290000,15832
2,1829,18290000,18290100,162,405,18300000,15838
2,183,1830000,1830100,162,405,1840000,1583
2,1830,18300000,18300100,162,405,18310000,15851
2,1831,18310000,18310100,162,405,18320000,15858
2,1832,18320000,18320100,162,405,18330000,15867
2,1833,18330000,18330100,162,405,18340000,15875
2,1834,18340000,18340100,162,405,18350000,15884
2,1835,18350000,18350100,162,405,18360000,15891
2,1836,18360000,18360100,162,405,18370000,15902
2,1837,18370000,18370100,162,405,18380000,15911
2,1838,18380000,18380100,162,405,18390000,15918
2,1839,18390000,18390100,162,405,18400000,15926
2,184,1840000,1840100,162,405,1850000,1592
2,1840,18400000,18400100,162,405,18410000,15936
2,1841,18410000,18410100,162,405,18420000,15944
2,1842,18420000,18420100,162,405,18430000,15955
2,1843,18430000,18430100,162,405,18440000,15961
2,1844,18440000,18440100,162,405,18450000,15971
2,1845,18450000,18450100,162,405,18460000,15980
2,1846,18460000,18460100,162,405,18470000,15987
2,1847,18470000,18470100,162,405,18480000,15993
2,1848,18480000,18480100,162,405,18490000,16008
2,1849,18490000,18490100,162,405,18500000,16014
2,185,1850000,1850100,162,405,1860000,1601
2,1850,18500000,18500100,162,405,18510000,16022
2,1851,18510000,18510100,162,405,18520000,16032
2,1852,18520000,18520100,162,405,18530000,16040
2,1853,18530000,18530100,162,405,18540000,16047
2,1854,18540000,18540100,162,405,18550000,16057
2,1855,18550000,18550100,162,405,18560000,16066
2,1856,18560000,18560100,162,405,18570000,16075
2,1857,18570000,18570100,162,405,18580000,16083
2,1858,18580000,18580100,162,405,18590000,16092
2,1859,18590000,18590100,162,405,18600000,16099
2,186,1860000,1860100,162,405,1870000,1611
2,1860,18600000,18600100,162,405,18610000,16111
2,1861,18610000,18610100,162,405,18620000,16117
2,1862,18620000,18620100,162,405,18630000,16126
2,1863,18630000,18630100,162,405,18640000,16134
2,1864,18640000,18640100,162,405,18650000,16144
2,1865,18650000,18650100,162,405,18660000,16153
2,1866,18660000,18660100,162,405,18670000,16163
2,1867,18670000,18670100,162,405,18680000,16169
2,1868,18680000,18680100,162,405,18690000,16177
2,1869,18690000,18690100,162,405,18700000,16187
2,187,1870000,1870100,162,405,1880000,1618
2,1870,18700000,18700100,162,405,18710000,16196
2,1871,18710000,18710100,162,405,18720000,16202
2,1872,18720000,18720100,162,405,18730000,16216
2,1873,18730000,18730100,162,405,18740000,16222
2,1874,18740000,18740100,162,405,18750000,16229
2,1875,18750000,18750100,162,405,18760000,16239
2,1876,18760000,18760100,162,405,18770000,16249
2,1877,18770000,18770100,162,405,18780000,16255
2,1878,18780000,18780100,162,405,18790000,16265
2,1879,18790000,18790100,162,405,18800000,16273
2,188,1880000,1880100,162,405,1890000,1626
2,1880,18800000,18800100,162,405,18810000,16283
2,1881,18810000,18810100,162,405,18820000,16292
2,1882,18820000,18820100,162,405,18830000,16299
2,1883,18830000,18830100,162,405,18840000,16307
2,1884,18840000,18840100,162,405,18850000,16318
2,1885,18850000,18850100,162,405,18860000,16325
2,1886,18860000,18860100,162,405,18870000,16335
2,1887,18870000,18870100,162,405,18880000,16343
2,1888,18880000,18880100,162,405,18890000,16352
2,1889,18890000,18890100,162,405,18900000,16358
2,189,1890000,1890100,162,405,1900000,1636
2,1890,18900000,18900100,162,405,18910000,16371
2,1891,18910000,18910100,162,405,18920000,16377
2,1892,18920000,18920100,162,405,18930000,16386
2,1893,18930000,18930100,162,405,18940000,16396
2,1894,18940000,18940100,162,405,18950000,16403
2,1895,18950000,18950100,162,405,18960000,16410
2,1896,18960000,18960100,162,405,18970000,16422
2,1897,18970000,18970100,162,405,18980000,16431
2,1898,18980000,18980100,162,405,18990000,16438
2,1899,18990000,18990100,162,405,19000000,16446
2,19,190000,190100,162,405,200000,162
2,190,1900000,1900100,162,405,1910000,1644
2,1900,19000000,19000100,162,405,19010000,16457
2,1901,19010000,19010100,162,405,19020000,16463
2,1902,19020000,19020100,162,405,19030000,16473
2,1903,19030000,19030100,162,405,19040000,16480
2,1904,19040000,19040100,162,405,19050000,16491
2,1905,19050000,19050100,162,405,19060000,16500
2,1906,19060000,19060100,162,405,19070000,16507
2,1907,19070000,19070100,162,405,19080000,16515
2,1908,19080000,19080100,162,405,19090000,16527
2,1909,19090000,19090100,162,405,19100000,16533
2,191,1910000,1910100,162,405,1920000,1650
2,1910,19100000,19100100,162,405,19110000,16541
2,1911,19110000,19110100,162,405,19120000,16551
2,1912,19120000,19120100,162,405,19130000,16560
2,1913,19130000,19130100,162,405,19140000,16566
2,1914,19140000,19140100,162,405,19150000,16579
2,1915,19150000,19150100,162,405,19160000,16586
2,1916,19160000,19160100,162,405,19170000,16594
2,1917,19170000,19170100,162,405,19180000,16602
2,1918,19180000,19180100,162,405,19190000,16611
2,1919,19190000,19190100,162,405,19200000,16618
2,192,1920000,1920100,162,405,1930000,1665
2,1920,19200000,19200100,162,405,19210000,16631
2,1921,19210000,19210100,162,405,19220000,16639
2,1922,19220000,19220100,162,405,19230000,16646
2,1923,19230000,19230100,162,405,19240000,16654
2,1924,19240000,19240100,162,405,19250000,16662
2,1925,19250000,19250100,162,405,19260000,16672
2,1926,19260000,19260100,162,405,19270000,16682
2,1927,19270000,19270100,162,405,19280000,16688
2,1928,19280000,19280100,162,405,19290000,16699
2,1929,19290000,19290100,162,405,19300000,16707
2,193,1930000,1930100,162,405,1940000,1671
2,1930,19300000,19300100,162,405,19310000,16716
2,1931,19310000,19310100,162,405,19320000,16722
2,1932,19320000,19320100,162,405,19330000,16735
2,1933,19330000,19330100,162,405,19340000,16741
2,1934,19340000,19340100,162,405,19350000,16748
2,1935,19350000,19350100,162,405,19360000,16759
2,1936,19360000,19360100,162,405,19370000,16769
2,1937,19370000,19370100,162,405,19380000,16775
2,1938,19380000,19380100,162,405,19390000,16785
2,1939,19390000,19390100,162,405,19400000,16793
2,194,1940000,1940100,162,405,1950000,1678
2,1940,19400000,19400100,162,405,19410000,16802
2,1941,19410000,19410100,162,405,19420000,16811
2,1942,19420000,19420100,162,405,19430000,16820
2,1943,19430000,19430100,162,405,19440000,16826
2,1944,19440000,19440100,162,405,19450000,16838
2,1945,19450000,19450100,162,405,19460000,16845
2,1946,19460000,19460100,162,405,19470000,16854
2,1947,19470000,19470100,162,405,19480000,16863
2,1948,19480000,19480100,162,405,19490000,16871
2,1949,19490000,19490100,162,405,19500000,16879
2,195,1950000,1950100,162,405,1960000,1687
2,1950,19500000,19500100,162,405,19510000,16890
2,1951,19510000,19510100,162,405,19520000,16896
2,1952,19520000,19520100,162,405,19530000,16906
2,1953,19530000,19530100,162,405,19540000,16916
2,1954,19540000,19540100,162,405,19550000,16923
2,1955,19550000,19550100,162,405,19560000,16930
2,1956,19560000,19560100,162,405,19570000,16943
2,1957,19570000,19570100,162,405,19580000,16949
2,1958,19580000,19580100,162,405,19590000,16957
2,1959,19590000,19590100,162,405,19600000,16965
2,196,1960000,1960100,162,405,1970000,1697
2,1960,19600000,19600100,162,405,19610000,16977
2,1961,19610000,19610100,162,405,19620000,16983
2,1962,19620000,19620100,162,405,19630000,16993
2,1963,19630000,19630100,162,405,19640000,17002
2,1964,19640000,19640100,162,405,19650000,17010
2,1965,19650000,19650100,162,405,19660000,17019
2,1966,19660000,19660100,162,405,19670000,17026
2,1967,19670000,19670100,162,405,19680000,17034
2,1968,19680000,19680100,162,405,19690000,17046
2,1969,19690000,19690100,162,405,19700000,17053
2,197,1970000,1970100,162,405,1980000,1703
2,1970,19700000,19700100,162,405,19710000,17063
2,1971,19710000,19710100,162,405,19720000,17071
2,1972,19720000,19720100,162,405,19730000,17079
2,1973,19730000,19730100,162,405,19740000,17085
2,1974,19740000,19740100,162,405,19750000,17098
2,1975,19750000,19750100,162,405,19760000,17105
2,1976,19760000,19760100,162,405,19770000,17114
2,1977,19770000,19770100,162,405,19780000,17124
2,1978,19780000,19780100,162,405,19790000,17131
2,1979,19790000,19790100,162,405,19800000,17137
2,198,1980000,1980100,162,405,1990000,1714
2,1980,19800000,19800100,162,405,19810000,17150
2,1981,19810000,19810100,162,405,19820000,17158
2,1982,19820000,19820100,162,405,19830000,17165
2,1983,19830000,19830100,162,405,19840000,17173
2,1984,19840000,19840100,162,405,19850000,17184
2,1985,19850000,19850100,162,405,19860000,17192
2,1986,19860000,19860100,162,405,19870000,17202
2,1987,19870000,19870100,162,405,19880000,17208
2,1988,19880000,19880100,162,405,19890000,17218
2,1989,19890000,19890100,162,405,19900000,17226
2,199,1990000,1990100,162,405,2000000,1722
2,1990,19900000,19900100,162,405,19910000,17234
2,1991,19910000,19910100,162,405,19920000,17243
2,1992,19920000,19920100,162,405,19930000,17255
2,1993,19930000,19930100,162,405,19940000,17261
2,1994,19940000,19940100,162,405,19950000,17268
2,1995,19950000,19950100,162,405,19960000,17279
2,1996,19960000,19960100,162,405,19970000,17288
2,1997,19970000,19970100,162,405,19980000,17294
2,1998,19980000,19980100,162,405,19990000,17306
2,1999,19990000,19990100,162,405,20000000,17312
2,2,20000,20100,162,405,30000,15
2,20,200000,200100,162,405,210000,171
2,200,2000000,2000100,162,405,2010000,1732
2,2000,20000000,20000100,162,405,20010000,17322
2,2001,20010000,20010100,162,405,20020000,17330
2,2002,20020000,20020100,162,405,20030000,17340
2,2003,20030000,20030100,162,405,20040000,17346
2,2004,20040000,20040100,162,405,20050000,17357
2,2005,20050000,20050100,162,405,20060000,17366
2,2006,20060000,20060100,162,405,20070000,17373
2,2007,20070000,20070100,162,405,20080000,17382
2,2008,20080000,20080100,162,405,20090000,17391
2,2009,20090000,20090100,162,405,20100000,17399
2,201,2010000,2010100,162,405,2020000,1740
2,2010,20100000,20100100,162,405,20110000,17410
2,2011,20110000,20110100,162,405,20120000,17416
2,2012,20120000,20120100,162,405,20130000,17426
2,2013,20130000,20130100,162,405,20140000,17435
2,2014,20140000,20140100,162,405,20150000,17442
2,2015,20150000,20150100,162,405,20160000,17449
2,2016,20160000,20160100,162,405,20170000,17463
2,2017,20170000,20170100,162,405,20180000,17469
2,2018,20180000,20180100,162,405,20190000,17477
2,2019,20190000,20190100,162,405,20200000,17487
2,202,2020000,2020100,162,405,2030000,1747
2,2020,20200000,20200100,162,405,20210000,17496
2,2021,20210000,20210100,162,405,20220000,17502
2,2022,20220000,20220100,162,405,20230000,17512
2,2023,20230000,20230100,162,405,20240000,17520
2,2024,20240000,20240100,162,405,20250000,17530
2,2025,20250000,20250100,162,405,20260000,17539
2,2026,20260000,20260100,162,405,20270000,17548
2,2027,20270000,20270100,162,405,20280000,17554
2,2028,20280000,20280100,162,405,20290000,17565
2,2029,20290000,20290100,162,405,20300000,17572
2,203,2030000,2030100,162,405,2040000,1756
2,2030,20300000,20300100,162,405,20310000,17582
2,2031,20310000,20310100,162,405,20320000,17590
2,2032,20320000,20320100,162,405,20330000,17599
2,2033,20330000,20330100,162,405,20340000,17607
2,2034,20340000,20340100,162,405,20350000,17617
2,2035,20350000,20350100,162,405,20360000,17625
2,2036,20360000,20360100,162,405,20370000,17633
2,2037,20370000,20370100,162,405,20380000,17643
2,2038,20380000,20380100,162,405,20390000,17650
2,2039,20390000,20390100,162,405,20400000,17656
2,204,2040000,2040100,162,405,2050000,1767
2,2040,20400000,20400100,162,405,20410000,17672
2,2041,20410000,20410100,162,405,20420000,17678
2,2042,20420000,20420100,162,405,20430000,17685
2,2043,20430000,20430100,162,405,20440000,17693
2,2044,20440000,20440100,162,405,20450000,17703
2,2045,20450000,20450100,162,405,20460000,17710
2,2046,20460000,20460100,162,405,20470000,17721
2,2047,20470000,20470100,162,405,20480000,17729
2,2048,20480000,20480100,162,405,20490000,17738
2,2049,20490000,20490100,162,405,20500000,17746
2,205,2050000,2050100,162,405,2060000,1774
2,2050,20500000,20500100,162,405,20510000,17754
2,2051,20510000,20510100,162,405,20520000,17763
2,2052,20520000,20520100,162,405,20530000,17774
2,2053,20530000,20530100,162,405,20540000,17780
2,2054,20540000,20540100,162,405,20550000,17789
2,2055,20550000,20550100,162,405,20560000,17798
2,2056,20560000,20560100,162,405,20570000,17807
2,2057,20570000,20570100,162,405,20580000,17814
2,2058,20580000,20580100,162,405,20590000,17826
2,2059,20590000,20590100,162,405,20600000,17832
2,206,2060000,2060100,162,405,2070000,1783
2,2060,20600000,20600100,162,405,20610000,17841
2,2061,20610000,20610100,162,405,20620000,17851
2,2062,20620000,20620100,162,405,20630000,17859
2,2063,20630000,20630100,162,405,20640000,17865
2,2064,20640000,20640100,162,405,20650000,17877
2,2065,20650000,20650100,162,405,20660000,17886
2,2066,20660000,20660100,162,405,20670000,17893
2,2067,20670000,20670100,162,405,20680000,17901
2,2068,20680000,20680100,162,405,20690000,17912
2,2069,20690000,20690100,162,405,20700000,17918
2,207,2070000,2070100,162,405,2080000,1791
2,2070,20700000,20700100,162,405,20710000,17929
2,2071,20710000,20710100,162,405,20720000,17935
2,2072,20720000,20720100,162,405,20730000,17946
2,2073,20730000,20730100,162,405,20740000,17955
2,2074,20740000,20740100,162,405,20750000,17962
2,2075,20750000,20750100,162,405,20760000,17971
2,2076,20760000,20760100,162,405,20770000,17982
2,2077,20770000,20770100,162,405,20780000,17988
2,2078,20780000,20780100,162,405,20790000,17995
2,2079,20790000,20790100,162,405,20800000,18006
2,208,2080000,2080100,162,405,2090000,1800
2,2080,20800000,20800100,162,405,20810000,18016
2,2081,20810000,20810100,162,405,20820000,18022
2,2082,20820000,20820100,162,405,20830000,18034
2,2083,20830000,20830100,162,405,20840000,18040
2,2084,20840000,20840100,162,405,20850000,18049
2,2085,20850000,20850100,162,405,20860000,18058
2,2086,20860000,20860100,162,405,20870000,18067
2,2087,20870000,20870100,162,405,20880000,18073
2,2088,20880000,20880100,162,405,20890000,18085
2,2089,20890000,20890100,162,405,20900000,18093
2,209,2090000,2090100,162,405,2100000,1807
2,2090,20900000,20900100,162,405,20910000,18102
2,2091,20910000,20910100,162,405,20920000,18110
2,2092,20920000,20920100,162,405,20930000,18118
2,2093,20930000,20930100,162,405,20940000,18126
2,2094,20940000,20940100,162,405,20950000,18136
2,2095,20950000,20950100,162,405,20960000,18144
2,2096,20960000,20960100,162,405,20970000,18155
2,2097,20970000,20970100,162,405,20980000,18163
2,2098,20980000,20980100,162,405,20990000,18170
2,2099,20990000,20990100,162,405,21000000,18176
2,21,210000,210100,162,405,220000,181
2,210,2100000,2100100,162,405,2110000,1820
2,2100,21000000,21000100,162,405,21010000,18190
2,2101,21010000,21010100,162,405,21020000,18197
2,2102,21020000,21020100,162,405,21030000,18204
2,2103,21030000,21030100,162,405,21040000,18214
2,2104,21040000,21040100,162,405,21050000,18223
2,2105,21050000,21050100,162,405,21060000,18230
2,2106,21060000,21060100,162,405,21070000,18241
2,2107,21070000,21070100,162,405,21080000,18249
2,2108,21080000,21080100,162,405,21090000,18257
2,2109,21090000,21090100,162,405,21100000,18265
2,211,2110000,2110100,162,405,2120000,1826
2,2110,21100000,21100100,162,405,21110000,18275
2,2111,21110000,21110100,162,405,21120000,18281
2,2112,21120000,21120100,162,405,21130000,18294
2,2113,21130000,21130100,162,405,21140000,18300
2,2114,21140000,21140100,162,405,21150000,18309
2,2115,21150000,21150100,162,405,21160000,18318
2,2116,21160000,21160100,162,405,21170000,18326
2,2117,21170000,21170100,162,405,21180000,18335
2,2118,21180000,21180100,162,405,21190000,18345
2,2119,21190000,21190100,162,405,21200000,18351
2,212,2120000,2120100,162,405,2130000,1834
2,2120,21200000,21200100,162,405,21210000,18361
2,2121,21210000,21210100,162,405,21220000,18371
2,2122,21220000,21220100,162,405,21230000,18378
2,2123,21230000,21230100,162,405,21240000,18385
2,2124,21240000,21240100,162,405,21250000,18398
2,2125,21250000,21250100,162,405,21260000,18405
2,2126,21260000,21260100,162,405,21270000,18412
2,2127,21270000,21270100,162,405,21280000,18420
2,2128,21280000,21280100,162,405,21290000,18432
2,2129,21290000,21290100,162,405,21300000,18438
2,213,2130000,2130100,162,405,2140000,1844
2,2130,21300000,21300100,162,405,21310000,18449
2,2131,21310000,21310100,162,405,21320000,18457
2,2132,21320000,21320100,162,405,21330000,18465
2,2133,21330000,21330100,162,405,21340000,18473
2,2134,21340000,21340100,162,405,21350000,18481
2,2135,21350000,21350100,162,405,21360000,18490
2,2136,21360000,21360100,162,405,21370000,18502
2,2137,21370000,21370100,162,405,21380000,18508
2,2138,21380000,21380100,162,405,21390000,18517
2,2139,21390000,21390100,162,405,21400000,18526
2,214,2140000,2140100,162,405,2150000,1852
2,2140,21400000,21400100,162,405,21410000,18535
2,2141,21410000,21410100,162,405,21420000,18541
2,2142,21420000,21420100,162,405,21430000,18553
2,2143,21430000,21430100,162,405,21440000,18559
2,2144,21440000,21440100,162,405,21450000,18568
2,2145,21450000,21450100,162,405,21460000,18580
2,2146,21460000,21460100,162,405,21470000,18587
2,2147,21470000,21470100,162,405,21480000,18593
2,2148,21480000,21480100,162,405,21490000,18604
2,2149,21490000,21490100,162,405,21500000,18612
2,215,2150000,2150100,162,405,2160000,1859
2,2150,21500000,21500100,162,405,21510000,18621
2,2151,21510000,21510100,162,405,21520000,18629
2,2152,21520000,21520100,162,405,21530000,18640
2,2153,21530000,21530100,162,405,21540000,18646
2,2154,21540000,21540100,162,405,21550000,18656
2,2155,21550000,21550100,162,405,21560000,18663
2,2156,21560000,21560100,162,405,21570000,18674
2,2157,21570000,21570100,162,405,21580000,18682
2,2158,21580000,21580100,162,405,21590000,18689
2,2159,21590000,21590100,162,405,21600000,18697
2,216,2160000,2160100,162,405,2170000,1871
2,2160,21600000,21600100,162,405,21610000,18710
2,2161,21610000,21610100,162,405,21620000,18717
2,2162,21620000,21620100,162,405,21630000,18724
2,2163,21630000,21630100,162,405,21640000,18734
2,2164,21640000,21640100,162,405,21650000,18742
2,2165,21650000,21650100,162,405,21660000,18749
2,2166,21660000,21660100,162,405,21670000,18761
2,2167,21670000,21670100,162,405,21680000,18768
2,2168,21680000,21680100,162,405,21690000,18777
2,2169,21690000,21690100,162,405,21700000,18785
2,217,2170000,2170100,162,405,2180000,1879
2,2170,21700000,21700100,162,405,21710000,18795
2,2171,21710000,21710100,162,405,21720000,18801
2,2172,21720000,21720100,162,405,21730000,18813
2,2173,21730000,21730100,162,405,21740000,18821
2,2174,21740000,21740100,162,405,21750000,18828
2,2175,21750000,21750100,162,405,21760000,18837
2,2176,21760000,21760100,162,405,21770000,18846
2,2177,21770000,21770100,162,405,21780000,18854
2,2178,21780000,21780100,162,405,21790000,18865
2,2179,21790000,21790100,162,405,21800000,18871
2,218,2180000,2180100,162,405,2190000,1886
2,2180,21800000,21800100,162,405,21810000,18882
2,2181,21810000,21810100,162,405,21820000,18890
2,2182,21820000,21820100,162,405,21830000,18897
2,2183,21830000,21830100,162,405,21840000,18904
2,2184,21840000,21840100,162,405,21850000,18918
2,2185,21850000,21850100,162,405,21860000,18925
2,2186,21860000,21860100,162,405,21870000,18932
2,2187,21870000,21870100,162,405,21880000,18942
2,2188,21880000,21880100,162,405,21890000,18950
2,2189,21890000,21890100,162,405,21900000,18957
2,219,2190000,2190100,162,405,2200000,1894
2,2190,21900000,21900100,162,405,21910000,18968
2,2191,21910000,21910100,162,405,21920000,18976
2,2192,21920000,21920100,162,405,21930000,18985
2,2193,21930000,21930100,162,405,21940000,18993
2,2194,21940000,21940100,162,405,21950000,19003
2,2195,21950000,21950100,162,405,21960000,19010
2,2196,21960000,21960100,162,405,21970000,19021
2,2197,21970000,21970100,162,405,21980000,19027
2,2198,21980000,21980100,162,405,21990000,19036
2,2199,21990000,21990100,162,405,22000000,19044
2,22,220000,220100,162,405,230000,189
2,220,2200000,2200100,162,405,2210000,1906
2,2200,22000000,22000100,162,405,22010000,19055
2,2201,22010000,22010100,162,405,22020000,19063
2,2202,22020000,22020100,162,405,22030000,19073
2,2203,22030000,22030100,162,405,22040000,19079
2,2204,22040000,22040100,162,405,22050000,19087
2,2205,22050000,22050100,162,405,22060000,19099
2,2206,22060000,22060100,162,405,22070000,19106
2,2207,22070000,22070100,162,405,22080000,19112
2,2208,22080000,22080100,162,405,22090000,19126
2,2209,22090000,22090100,162,405,22100000,19132
2,221,2210000,2210100,162,405,2220000,1912
2,2210,22100000,22100100,162,405,22110000,19140
2,2211,22110000,22110100,162,405,22120000,19149
2,2212,22120000,22120100,162,405,22130000,19159
2,2213,22130000,22130100,162,405,22140000,19165
2,2214,22140000,22140100,162,405,22150000,19175
2,2215,22150000,22150100,162,405,22160000,19184
2,2216,22160000,22160100,162,405,22170000,19194
2,2217,22170000,22170100,162,405,22180000,19202
2,2218,22180000,22180100,162,405,22190000,19209
2,2219,22190000,22190100,162,405,22200000,19217
2,222,2220000,2220100,162,405,2230000,1922
2,2220,22200000,22200100,162,405,22210000,19229
2,2221,22210000,22210100,162,405,22220000,19235
2,2222,22220000,22220100,162,405,22230000,19245
2,2223,22230000,22230100,162,405,22240000,19253
2,2224,22240000,22240100,162,405,22250000,19262
2,2225,22250000,22250100,162,405,22260000,19269
2,2226,22260000,22260100,162,405,22270000,19281
2,2227,22270000,22270100,162,405,22280000,19288
2,2228,22280000,22280100,162,405,22290000,19296
2,2229,22290000,22290100,162,405,22300000,19306
2,223,2230000,2230100,162,405,2240000,1928
2,2230,22300000,22300100,162,405,22310000,19314
2,2231,22310000,22310100,162,405,22320000,19320
2,2232,22320000,22320100,162,405,22330000,19332
2,2233,22330000,22330100,162,405,22340000,19341
2,2234,22340000,22340100,162,405,22350000,19348
2,2235,22350000,22350100,162,405,22360000,19357
2,2236,22360000,22360100,162,405,22370000,19367
2,2237,22370000,22370100,162,405,22380000,19373
2,2238,22380000,22380100,162,405,22390000,19384
2,2239,22390000,22390100,162,405,22400000,19390
2,224,2240000,2240100,162,405,2250000,1939
2,2240,22400000,22400100,162,405,22410000,19402
2,2241,22410000,22410100,162,405,22420000,19410
2,2242,22420000,22420100,162,405,22430000,19417
2,2243,22430000,22430100,162,405,22440000,19425
2,2244,22440000,22440100,162,405,22450000,19437
2,2245,22450000,22450100,162,405,22460000,19444
2,2246,22460000,22460100,162,405,22470000,19451
2,2247,22470000,22470100,162,405,22480000,19461
2,2248,22480000,22480100,162,405,22490000,19470
2,2249,22490000,22490100,162,405,22500000,19477
2,225,2250000,2250100,162,405,2260000,1949
2,2250,22500000,22500100,162,405,22510000,19490
2,2251,22510000,22510100,162,405,22520000,19496
2,2252,22520000,22520100,162,405,22530000,19504
2,2253,22530000,22530100,162,405,22540000,19512
2,2254,22540000,22540100,162,405,22550000,19521
2,2255,22550000,22550100,162,405,22560000,19529
2,2256,22560000,22560100,162,405,22570000,19541
2,2257,22570000,22570100,162,405,22580000,19549
2,2258,22580000,22580100,162,405,22590000,19556
2,2259,22590000,22590100,162,405,22600000,19564
2,226,2260000,2260100,162,405,2270000,1956
2,2260,22600000,22600100,162,405,22610000,19574
2,2261,22610000,22610100,162,405,22620000,19582
2,2262,22620000,22620100,162,405,22630000,19592
2,2263,22630000,22630100,162,405,22640000,19598
2,2264,22640000,22640100,162,405,22650000,19609
2,2265,22650000,22650100,162,405,22660000,19618
2,2266,22660000,22660100,162,405,22670000,19626
2,2267,22670000,22670100,162,405,22680000,19632
2,2268,22680000,22680100,162,405,22690000,19645
2,2269,22690000,22690100,162,405,22700000,19651
2,227,2270000,2270100,162,405,2280000,1964
2,2270,22700000,22700100,162,405,22710000,19659
2,2271,22710000,22710100,162,405,22720000,19670
2,2272,22720000,22720100,162,405,22730000,19679
2,2273,22730000,22730100,162,405,22740000,19685
2,2274,22740000,22740100,162,405,22750000,19695
2,2275,22750000,22750100,162,405,22760000,19704
2,2276,22760000,22760100,162,405,22770000,19712
2,2277,22770000,22770100,162,405,22780000,19721
2,2278,22780000,22780100,162,405,22790000,19730
2,2279,22790000,22790100,162,405,22800000,19736
2,228,2280000,2280100,162,405,2290000,1975
2,2280,22800000,22800100,162,405,22810000,19749
2,2281,22810000,22810100,162,405,22820000,19755
2,2282,22820000,22820100,162,405,22830000,19765
2,2283,22830000,22830100,162,405,22840000,19773
2,2284,22840000,22840100,162,405,22850000,19781
2,2285,22850000,22850100,162,405,22860000,19790
2,2286,22860000,22860100,162,405,22870000,19800
2,2287,22870000,22870100,162,405,22880000,19806
2,2288,22880000,22880100,162,405,22890000,19816
2,2289,22890000,22890100,162,405,22900000,19826
2,229,2290000,2290100,162,405,2300000,1981
2,2290,22900000,22900100,162,405,22910000,19834
2,2291,22910000,22910100,162,405,22920000,19840
2,2292,22920000,22920100,162,405,22930000,19853
2,2293,22930000,22930100,162,405,22940000,19860
2,2294,22940000,22940100,162,405,22950000,19867
2,2295,22950000,22950100,162,405,22960000,19876
2,2296,22960000,22960100,162,405,22970000,19887
2,2297,22970000,22970100,162,405,22980000,19893
2,2298,22980000,22980100,162,405,22990000,19903
2,2299,22990000,22990100,162,405,23000000,19912
2,23,230000,230100,162,405,240000,195
2,230,2300000,2300100,162,405,2310000,1989
2,2300,23000000,23000100,162,405,23010000,19921
2,2301,23010000,23010100,162,405,23020000,19929
2,2302,23020000,23020100,162,405,23030000,19936
2,2303,23030000,23030100,162,405,23040000,19944
2,2304,23040000,23040100,162,405,23050000,19957
2,2305,23050000,23050100,162,405,23060000,19964
2,2306,23060000,23060100,162,405,23070000,19973
2,2307,23070000,23070100,162,405,23080000,19981
2,2308,23080000,23080100,162,405,23090000,19989
2,2309,23090000,23090100,162,405,23100000,19995
2,231,2310000,2310100,162,405,2320000,2000
2,2310,23100000,23100100,162,405,23110000,20009
2,2311,23110000,23110100,162,405,23120000,20015
2,2312,23120000,23120100,162,405,23130000,20024
2,2313,23130000,23130100,162,405,23140000,20034
2,2314,23140000,23140100,162,405,23150000,20041
2,2315,23150000,23150100,162,405,23160000,20049
2,2316,23160000,23160100,162,405,23170000,20060
2,2317,23170000,23170100,162,405,23180000,20068
2,2318,23180000,23180100,162,405,23190000,20075
2,2319,23190000,23190100,162,405,23200000,20083
2,232,2320000,2320100,162,405,2330000,2009
2,2320,23200000,23200100,162,405,23210000,20095
2,2321,23210000,23210100,162,405,23220000,20102
2,2322,23220000,23220100,162,405,23230000,20112
2,2323,23230000,23230100,162,405,23240000,20118
2,2324,23240000,23240100,162,405,23250000,20128
2,2325,23250000,23250100,162,405,23260000,20137
2,2326,23260000,23260100,162,405,23270000,20145
2,2327,23270000,23270100,162,405,23280000,20153
2,2328,23280000,23280100,162,405,23290000,20165
2,2329,23290000,23290100,162,405,23300000,20171
2,233,2330000,2330100,162,405,2340000,2015
2,2330,23300000,23300100,162,405,23310000,20179
2,2331,23310000,23310100,162,405,23320000,20189
2,2332,23320000,23320100,162,405,23330000,20198
2,2333,23330000,23330100,162,405,23340000,20204
2,2334,23340000,23340100,162,405,23350000,20216
2,2335,23350000,23350100,162,405,23360000,20223
2,2336,23360000,23360100,162,405,23370000,20232
2,2337,23370000,23370100,162,405,23380000,20241
2,2338,23380000,23380100,162,405,23390000,20250
2,2339,23390000,23390100,162,405,23400000,20256
2,234,2340000,2340100,162,405,2350000,2027
2,2340,23400000,23400100,162,405,23410000,20268
2,2341,23410000,23410100,162,405,23420000,20276
2,2342,23420000,23420100,162,405,23430000,20283
2,2343,23430000,23430100,162,405,23440000,20292
2,2344,23440000,23440100,162,405,23450000,20301
2,2345,23450000,23450100,162,405,23460000,20310
2,2346,23460000,23460100,162,405,23470000,20320
2,2347,23470000,23470100,162,405,23480000,20326
2,2348,23480000,23480100,162,405,23490000,20337
2,2349,23490000,23490100,162,405,23500000,20345
2,235,2350000,2350100,162,405,2360000,2034
2,2350,23500000,23500100,162,405,23510000,20353
2,2351,23510000,23510100,162,405,23520000,20359
2,2352,23520000,23520100,162,405,23530000,20373
2,2353,23530000,23530100,162,405,23540000,20379
2,2354,23540000,23540100,162,405,23550000,20387
2,2355,23550000,23550100,162,405,23560000,20398
2,2356,23560000,23560100,162,405,23570000,20406
2,2357,23570000,23570100,162,405,23580000,20412
2,2358,23580000,23580100,162,405,23590000,20422
2,2359,23590000,23590100,162,405,23600000,20431
2,236,2360000,2360100,162,405,2370000,2043
2,2360,23600000,23600100,162,405,23610000,20441
2,2361,23610000,23610100,162,405,23620000,20449
2,2362,23620000,23620100,162,405,23630000,20458
2,2363,23630000,23630100,162,405,23640000,20464
2,2364,23640000,23640100,162,405,23650000,20475
2,2365,23650000,23650100,162,405,23660000,20483
2,2366,23660000,23660100,162,405,23670000,20492
2,2367,23670000,23670100,162,405,23680000,20500
2,2368,23680000,23680100,162,405,23690000,20509
2,2369,23690000,23690100,162,405,23700000,20517
2,237,2370000,2370100,162,405,2380000,2051
2,2370,23700000,23700100,162,405,23710000,20529
2,2371,23710000,23710100,162,405,23720000,20535
2,2372,23720000,23720100,162,405,23730000,20543
2,2373,23730000,23730100,162,405,23740000,20553
2,2374,23740000,23740100,162,405,23750000,20560
2,2375,23750000,23750100,162,405,23760000,20567
2,2376,23760000,23760100,162,405,23770000,20582
2,2377,23770000,23770100,162,405,23780000,20588
2,2378,23780000,23780100,162,405,23790000,20595
2,2379,23790000,23790100,162,405,23800000,20603
2,238,2380000,2380100,162,405,2390000,2060
2,2380,23800000,23800100,162,405,23810000,20614
2,2381,23810000,23810100,162,405,23820000,20621
2,2382,23820000,23820100,162,405,23830000,20631
2,2383,23830000,23830100,162,405,23840000,20639
2,2384,23840000,23840100,162,405,23850000,20648
2,2385,23850000,23850100,162,405,23860000,20657
2,2386,23860000,23860100,162,405,23870000,20664
2,2387,23870000,23870100,162,405,23880000,20673
2,2388,23880000,23880100,162,405,23890000,20684
2,2389,23890000,23890100,162,405,23900000,20690
2,239,2390000,2390100,162,405,2400000,2066
2,2390,23900000,23900100,162,405,23910000,20700
2,2391,23910000,23910100,162,405,23920000,20708
2,2392,23920000,23920100,162,405,23930000,20718
2,2393,23930000,23930100,162,405,23940000,20724
2,2394,23940000,23940100,162,405,23950000,20736
2,2395,23950000,23950100,162,405,23960000,20743
2,2396,23960000,23960100,162,405,23970000,20751
2,2397,23970000,23970100,162,405,23980000,20761
2,2398,23980000,23980100,162,405,23990000,20769
2,2399,23990000,23990100,162,405,24000000,20775
2,24,240000,240100,162,405,250000,209
2,240,2400000,2400100,162,405,2410000,2079
2,2400,24000000,24000100,162,405,24010000,20788
2,2401,24010000,24010100,162,405,24020000,20796
2,2402,24020000,24020100,162,405,24030000,20803
2,2403,24030000,24030100,162,405,24040000,20812
2,2404,24040000,24040100,162,405,24050000,20822
2,2405,24050000,24050100,162,405,24060000,20829
2,2406,24060000,24060100,162,405,24070000,20839
2,2407,24070000,24070100,162,405,24080000,20845
2,2408,24080000,24080100,162,405,24090000,20856
2,2409,24090000,24090100,162,405,24100000,20865
2,241,2410000,2410100,162,405,2420000,2087
2,2410,24100000,24100100,162,405,24110000,20873
2,2411,24110000,24110100,162,405,24120000,20881
2,2412,24120000,24120100,162,405,24130000,20892
2,2413,24130000,24130100,162,405,24140000,20898
2,2414,24140000,24140100,162,405,24150000,20906
2,2415,24150000,24150100,162,405,24160000,20917
2,2416,24160000,24160100,162,405,24170000,20926
2,2417,24170000,24170100,162,405,24180000,20932
2,2418,24180000,24180100,162,405,24190000,20944
2,2419,24190000,24190100,162,405,24200000,20950
2,242,2420000,2420100,162,405,2430000,2095
2,2420,24200000,24200100,162,405,24210000,20960
2,2421,24210000,24210100,162,405,24220000,20968
2,2422,24220000,24220100,162,405,24230000,20977
2,2423,24230000,24230100,162,405,24240000,20983
2,2424,24240000,24240100,162,405,24250000,20995
2,2425,24250000,24250100,162,405,24260000,21005
2,2426,24260000,24260100,162,405,24270000,21012
2,2427,24270000,24270100,162,405,24280000,21020
2,2428,24280000,24280100,162,405,24290000,21028
2,2429,24290000,24290100,162,405,24300000,21036
2,243,2430000,2430100,162,405,2440000,2103
2,2430,24300000,24300100,162,405,24310000,21047
2,2431,24310000,24310100,162,405,24320000,21054
2,2432,24320000,24320100,162,405,24330000,21065
2,2433,24330000,24330100,162,405,24340000,21073
2,2434,24340000,24340100,162,405,24350000,21080
2,2435,24350000,24350100,162,405,24360000,21087
2,2436,24360000,24360100,162,405,24370000,21101
2,2437,24370000,24370100,162,405,24380000,21107
2,2438,24380000,24380100,162,405,24390000,21114
2,2439,24390000,24390100,162,405,24400000,21124
2,244,2440000,2440100,162,405,2450000,2111
2,2440,24400000,24400100,162,405,24410000,21134
2,2441,24410000,24410100,162,405,24420000,21140
2,2442,24420000,24420100,162,405,24430000,21151
2,2443,24430000,24430100,162,405,24440000,21159
2,2444,24440000,24440100,162,405,24450000,21167
2,2445,24450000,24450100,162,405,24460000,21176
2,2446,24460000,24460100,162,405,24470000,21185
2,2447,24470000,24470100,162,405,24480000,21192
2,2448,24480000,24480100,162,405,24490000,21204
2,2449,24490000,24490100,162,405,24500000,21210
2,245,2450000,2450100,162,405,2460000,2120
2,2450,24500000,24500100,162,405,24510000,21220
2,2451,24510000,24510100,162,405,24520000,21228
2,2452,24520000,24520100,162,405,24530000,21236
2,2453,24530000,24530100,162,405,24540000,21245
2,2454,24540000,24540100,162,405,24550000,21255
2,2455,24550000,24550100,162,405,24560000,21262
2,2456,24560000,24560100,162,405,24570000,21271
2,2457,24570000,24570100,162,405,24580000,21281
2,2458,24580000,24580100,162,405,24590000,21289
2,2459,24590000,24590100,162,405,24600000,21295
2,246,2460000,2460100,162,405,2470000,2130
2,2460,24600000,24600100,162,405,24610000,21309
2,2461,24610000,24610100,162,405,24620000,21315
2,2462,24620000,24620100,162,405,24630000,21322
2,2463,24630000,24630100,162,405,24640000,21330
2,2464,24640000,24640100,162,405,24650000,21342
2,2465,24650000,24650100,162,405,24660000,21349
2,2466,24660000,24660100,162,405,24670000,21359
2,2467,24670000,24670100,162,405,24680000,21367
2,2468,24680000,24680100,162,405,24690000,21375
2,2469,24690000,24690100,162,405,24700000,21384
2,247,2470000,2470100,162,405,2480000,2137
2,2470,24700000,24700100,162,405,24710000,21392
2,2471,24710000,24710100,162,405,24720000,21400
2,2472,24720000,24720100,162,405,24730000,21412
2,2473,24730000,24730100,162,405,24740000,21418
2,2474,24740000,24740100,162,405,24750000,21427
2,2475,24750000,24750100,162,405,24760000,21437
2,2476,24760000,24760100,162,405,24770000,21445
2,2477,24770000,24770100,162,405,24780000,21451
2,2478,24780000,24780100,162,405,24790000,21463
2,2479,24790000,24790100,162,405,24800000,21469
2,248,2480000,2480100,162,405,2490000,2148
2,2480,24800000,24800100,162,405,24810000,21480
2,2481,24810000,24810100,162,405,24820000,21490
2,2482,24820000,24820100,162,405,24830000,21497
2,2483,24830000,24830100,162,405,24840000,21503
2,2484,24840000,24840100,162,405,24850000,21514
2,2485,24850000,24850100,162,405,24860000,21523
2,2486,24860000,24860100,162,405,24870000,21531
2,2487,24870000,24870100,162,405,24880000,21539
2,2488,24880000,24880100,162,405,24890000,21550
2,2489,24890000,24890100,162,405,24900000,21556
2,249,2490000,2490100,162,405,2500000,2156
2,2490,24900000,24900100,162,405,24910000,21567
2,2491,24910000,24910100,162,405,24920000,21574
2,2492,24920000,24920100,162,405,24930000,21584
2,2493,24930000,24930100,162,405,24940000,21592
2,2494,24940000,24940100,162,405,24950000,21599
2,2495,24950000,24950100,162,405,24960000,21608
2,2496,24960000,24960100,162,405,24970000,21620
2,2497,24970000,24970100,162,405,24980000,21627
2,2498,24980000,24980100,162,405,24990000,21634
2,2499,24990000,24990100,162,405,25000000,21644
2,25,250000,250100,162,405,260000,216
2,250,2500000,2500100,162,405,2510000,2164
2,2500,25000000,25000100,162,405,25010000,21653
2,2501,25010000,25010100,162,405,25020000,21659
2,2502,25020000,25020100,162,405,25030000,21672
2,2503,25030000,25030100,162,405,25040000,21678
2,2504,25040000,25040100,162,405,25050000,21687
2,2505,25050000,25050100,162,405,25060000,21696
2,2506,25060000,25060100,162,405,25070000,21705
2,2507,25070000,25070100,162,405,25080000,21711
2,2508,25080000,25080100,162,405,25090000,21723
2,2509,25090000,25090100,162,405,25100000,21731
2,251,2510000,2510100,162,405,2520000,2170
2,2510,25100000,25100100,162,405,25110000,21739
2,2511,25110000,25110100,162,405,25120000,21747
2,2512,25120000,25120100,162,405,25130000,21756
2,2513,25130000,25130100,162,405,25140000,21765
2,2514,25140000,25140100,162,405,25150000,21775
2,2515,25150000,25150100,162,405,25160000,21782
2,2516,25160000,25160100,162,405,25170000,21792
2,2517,25170000,25170100,162,405,25180000,21800
2,2518,25180000,25180100,162,405,25190000,21807
2,2519,25190000,25190100,162,405,25200000,21814
2,252,2520000,2520100,162,405,2530000,2183
2,2520,25200000,25200100,162,405,25210000,21829
2,2521,25210000,25210100,162,405,25220000,21835
2,2522,25220000,25220100,162,405,25230000,21842
2,2523,25230000,25230100,162,405,25240000,21852
2,2524,25240000,25240100,162,405,25250000,21861
2,2525,25250000,25250100,162,405,25260000,21868
2,2526,25260000,25260100,162,405,25270000,21878
2,2527,25270000,25270100,162,405,25280000,21886
2,2528,25280000,25280100,162,405,25290000,21895
2,2529,25290000,25290100,162,405,25300000,21903
2,253,2530000,2530100,162,405,2540000,2190
2,2530,25300000,25300100,162,405,25310000,21914
2,2531,25310000,25310100,162,405,25320000,21920
2,2532,25320000,25320100,162,405,25330000,21931
2,2533,25330000,25330100,162,405,25340000,21937
2,2534,25340000,25340100,162,405,25350000,21946
2,2535,25350000,25350100,162,405,25360000,21956
2,2536,25360000,25360100,162,405,25370000,21965
2,2537,25370000,25370100,162,405,25380000,21973
2,2538,25380000,25380100,162,405,25390000,21983
2,2539,25390000,25390100,162,405,25400000,21989
2,254,2540000,2540100,162,405,2550000,2197
2,2540,25400000,25400100,162,405,25410000,21998
2,2541,25410000,25410100,162,405,25420000,22009
2,2542,25420000,25420100,162,405,25430000,22016
2,2543,25430000,25430100,162,405,25440000,22022
2,2544,25440000,25440100,162,405,25450000,22036
2,2545,25450000,25450100,162,405,25460000,22043
2,2546,25460000,25460100,162,405,25470000,22051
2,2547,25470000,25470100,162,405,25480000,22059
2,2548,25480000,25480100,162,405,25490000,22069
2,2549,25490000,25490100,162,405,25500000,22075
2,255,2550000,2550100,162,405,2560000,2208
2,2550,25500000,25500100,162,405,25510000,22086
2,2551,25510000,25510100,162,405,25520000,22094
2,2552,25520000,25520100,162,405,25530000,22104
2,2553,25530000,25530100,162,405,25540000,22112
2,2554,25540000,25540100,162,405,25550000,22119
2,2555,25550000,25550100,162,405,25560000,22128
2,2556,25560000,25560100,162,405,25570000,22139
2,2557,25570000,25570100,162,405,25580000,22146
2,2558,25580000,25580100,162,405,25590000,22155
2,2559,25590000,25590100,162,405,25600000,22163
2,256,2560000,2560100,162,405,2570000,2217
2,2560,25600000,25600100,162,405,25610000,22173
2,2561,25610000,25610100,162,405,25620000,22179
2,2562,25620000,25620100,162,405,25630000,22191
2,2563,25630000,25630100,162,405,25640000,22198
2,2564,25640000,25640100,162,405,25650000,22206
2,2565,25650000,25650100,162,405,25660000,22217
2,2566,25660000,25660100,162,405,25670000,22224
2,2567,25670000,25670100,162,405,25680000,22230
2,2568,25680000,25680100,162,405,25690000,22243
2,2569,25690000,25690100,162,405,25700000,22251
2,257,2570000,2570100,162,405,2580000,2223
2,2570,25700000,25700100,162,405,25710000,22259
2,2571,25710000,25710100,162,405,25720000,22267
2,2572,25720000,25720100,162,405,25730000,22277
2,2573,25730000,25730100,162,405,25740000,22283
2,2574,25740000,25740100,162,405,25750000,22294
2,2575,25750000,25750100,162,405,25760000,22301
2,2576,25760000,25760100,162,405,25770000,22312
2,2577,25770000,25770100,162,405,25780000,22320
2,2578,25780000,25780100,162,405,25790000,22327
2,2579,25790000,25790100,162,405,25800000,22336
2,258,2580000,2580100,162,405,2590000,2234
2,2580,25800000,25800100,162,405,25810000,22348
2,2581,25810000,25810100,162,405,25820000,22354
2,2582,25820000,25820100,162,405,25830000,22361
2,2583,25830000,25830100,162,405,25840000,22371
2,2584,25840000,25840100,162,405,25850000,22380
2,2585,25850000,25850100,162,405,25860000,22388
2,2586,25860000,25860100,162,405,25870000,22400
2,2587,25870000,25870100,162,405,25880000,22406
2,2588,25880000,25880100,162,405,25890000,22414
2,2589,25890000,25890100,162,405,25900000,22422
2,259,2590000,2590100,162,405,2600000,2242
2,2590,25900000,25900100,162,405,25910000,22433
2,2591,25910000,25910100,162,405,25920000,22439
2,2592,25920000,25920100,162,405,25930000,22451
2,2593,25930000,25930100,162,405,25940000,22459
2,2594,25940000,25940100,162,405,25950000,22466
2,2595,25950000,25950100,162,405,25960000,22475
2,2596,25960000,25960100,162,405,25970000,22484
2,2597,25970000,25970100,162,405,25980000,22492
2,2598,25980000,25980100,162,405,25990000,22502
2,2599,25990000,25990100,162,405,26000000,22508
2,26,260000,260100,162,405,270000,223
2,260,2600000,2600100,162,405,2610000,2251
2,2600,26000000,26000100,162,405,26010000,22520
2,2601,26010000,26010100,162,405,26020000,22529
2,2602,26020000,26020100,162,405,26030000,22536
2,2603,26030000,26030100,162,405,26040000,22542
2,2604,26040000,26040100,162,405,26050000,22555
2,2605,26050000,26050100,162,405,26060000,22562
2,2606,26060000,26060100,162,405,26070000,22569
2,2607,26070000,26070100,162,405,26080000,22580
2,2608,26080000,26080100,162,405,26090000,22589
2,2609,26090000,26090100,162,405,26100000,22595
2,261,2610000,2610100,162,405,2620000,2259
2,2610,26100000,26100100,162,405,26110000,22606
2,2611,26110000,26110100,162,405,26120000,22614
2,2612,26120000,26120100,162,405,26130000,22623
2,2613,26130000,26130100,162,405,26140000,22631
2,2614,26140000,26140100,162,405,26150000,22640
2,2615,26150000,26150100,162,405,26160000,22647
2,2616,26160000,26160100,162,405,26170000,22659
2,2617,26170000,26170100,162,405,26180000,22665
2,2618,26180000,26180100,162,405,26190000,22675
2,2619,26190000,26190100,162,405,26200000,22683
2,262,2620000,2620100,162,405,2630000,2268
2,2620,26200000,26200100,162,405,26210000,22692
2,2621,26210000,26210100,162,405,26220000,22700
2,2622,26220000,26220100,162,405,26230000,22710
2,2623,26230000,26230100,162,405,26240000,22717
2,2624,26240000,26240100,162,405,26250000,22726
2,2625,26250000,26250100,162,405,26260000,22737
2,2626,26260000,26260100,162,405,26270000,22744
2,2627,26270000,26270100,162,405,26280000,22750
2,2628,26280000,26280100,162,405,26290000,22763
2,2629,26290000,26290100,162,405,26300000,22770
2,263,2630000,2630100,162,405,2640000,2274
2,2630,26300000,26300100,162,405,26310000,22778
2,2631,26310000,26310100,162,405,26320000,22786
2,2632,26320000,26320100,162,405,26330000,22797
2,2633,26330000,26330100,162,405,26340000,22803
2,2634,26340000,26340100,162,405,26350000,22814
2,2635,26350000,26350100,162,405,26360000,22823
2,2636,26360000,26360100,162,405,26370000,22831
2,2637,26370000,26370100,162,405,26380000,22839
2,2638,26380000,26380100,162,405,26390000,22846
2,2639,26390000,26390100,162,405,26400000,22854
2,264,2640000,2640100,162,405,2650000,2287
2,2640,26400000,26400100,162,405,26410000,22868
2,2641,26410000,26410100,162,405,26420000,22874
2,2642,26420000,26420100,162,405,26430000,22883
2,2643,26430000,26430100,162,405,26440000,22891
2,2644,26440000,26440100,162,405,26450000,22899
2,2645,26450000,26450100,162,405,26460000,22907
2,2646,26460000,26460100,162,405,26470000,22919
2,2647,26470000,26470100,162,405,26480000,22925
2,2648,26480000,26480100,162,405,26490000,22934
2,2649,26490000,26490100,162,405,26500000,22944
2,265,2650000,2650100,162,405,2660000,2294
2,2650,26500000,26500100,162,405,26510000,22952
2,2651,26510000,26510100,162,405,26520000,22959
2,2652,26520000,26520100,162,405,26530000,22970
2,2653,26530000,26530100,162,405,26540000,22978
2,2654,26540000,26540100,162,405,26550000,22985
2,2655,26550000,26550100,162,405,26560000,22994
2,2656,26560000,26560100,162,405,26570000,23006
2,2657,26570000,26570100,162,405,26580000,23012
2,2658,26580000,26580100,162,405,26590000,23022
2,2659,26590000,26590100,162,405,26600000,23028
2,266,2660000,2660100,162,405,2670000,2303
2,2660,26600000,26600100,162,405,26610000,23039
2,2661,26610000,26610100,162,405,26620000,23047
2,2662,26620000,26620100,162,405,26630000,23055
2,2663,26630000,26630100,162,405,26640000,23063
2,2664,26640000,26640100,162,405,26650000,23075
2,2665,26650000,26650100,162,405,26660000,23082
2,2666,26660000,26660100,162,405,26670000,23089
2,2667,26670000,26670100,162,405,26680000,23100
2,2668,26680000,26680100,162,405,26690000,23108
2,2669,26690000,26690100,162,405,26700000,23114
2,267,2670000,2670100,162,405,2680000,2311
2,2670,26700000,26700100,162,405,26710000,23127
2,2671,26710000,26710100,162,405,26720000,23133
2,2672,26720000,26720100,162,405,26730000,23142
2,2673,26730000,26730100,162,405,26740000,23151
2,2674,26740000,26740100,162,405,26750000,23160
2,2675,26750000,26750100,162,405,26760000,23167
2,2676,26760000,26760100,162,405,26770000,23178
2,2677,26770000,26770100,162,405,26780000,23186
2,2678,26780000,26780100,162,405,26790000,23194
2,2679,26790000,26790100,162,405,26800000,23202
2,268,2680000,2680100,162,405,2690000,2319
2,2680,26800000,26800100,162,405,26810000,23212
2,2681,26810000,26810100,162,405,26820000,23220
2,2682,26820000,26820100,162,405,26830000,23230
2,2683,26830000,26830100,162,405,26840000,23236
2,2684,26840000,26840100,162,405,26850000,23247
2,2685,26850000,26850100,162,405,26860000,23256
2,2686,26860000,26860100,162,405,26870000,23263
2,2687,26870000,26870100,162,405,26880000,23269
2,2688,26880000,26880100,162,405,26890000,23283
2,2689,26890000,26890100,162,405,26900000,23290
2,269,2690000,2690100,162,405,2700000,2328
2,2690,26900000,26900100,162,405,26910000,23298
2,2691,26910000,26910100,162,405,26920000,23308
2,2692,26920000,26920100,162,405,26930000,23316
2,2693,26930000,26930100,162,405,26940000,23322
2,2694,26940000,26940100,162,405,26950000,23332
2,2695,26950000,26950100,162,405,26960000,23342
2,2696,26960000,26960100,162,405,26970000,23351
2,2697,26970000,26970100,162,405,26980000,23359
2,2698,26980000,26980100,162,405,26990000,23368
2,2699,26990000,26990100,162,405,27000000,23374
2,27,270000,270100,162,405,280000,232
2,270,2700000,2700100,162,405,2710000,2339
2,2700,27000000,27000100,162,405,27010000,23387
2,2701,27010000,27010100,162,405,27020000,23393
2,2702,27020000,27020100,162,405,27030000,23402
2,2703,27030000,27030100,162,405,27040000,23410
2,2704,27040000,27040100,162,405,27050000,23419
2,2705,27050000,27050100,162,405,27060000,23428
2,2706,27060000,27060100,162,405,27070000,23439
2,2707,27070000,27070100,162,405,27080000,23445
2,2708,27080000,27080100,162,405,27090000,23453
2,2709,27090000,27090100,162,405,27100000,23463
2,271,2710000,2710100,162,405,2720000,2345
2,2710,27100000,27100100,162,405,27110000,23471
2,2711,27110000,27110100,162,405,27120000,23478
2,2712,27120000,27120100,162,405,27130000,23492
2,2713,27130000,27130100,162,405,27140000,23498
2,2714,27140000,27140100,162,405,27150000,23505
2,2715,27150000,27150100,162,405,27160000,23514
2,2716,27160000,27160100,162,405,27170000,23524
2,2717,27170000,27170100,162,405,27180000,23531
2,2718,27180000,27180100,162,405,27190000,23541
2,2719,27190000,27190100,162,405,27200000,23549
2,272,2720000,2720100,162,405,2730000,2354
2,2720,27200000,27200100,162,405,27210000,23559
2,2721,27210000,27210100,162,405,27220000,23567
2,2722,27220000,27220100,162,405,27230000,23575
2,2723,27230000,27230100,162,405,27240000,23583
2,2724,27240000,27240100,162,405,27250000,23594
2,2725,27250000,27250100,162,405,27260000,23601
2,2726,27260000,27260100,162,405,27270000,23610
2,2727,27270000,27270100,162,405,27280000,23618
2,2728,27280000,27280100,162,405,27290000,23628
2,2729,27290000,27290100,162,405,27300000,23634
2,273,2730000,2730100,162,405,2740000,2364
2,2730,27300000,27300100,162,405,27310000,23647
2,2731,27310000,27310100,162,405,27320000,23653
2,2732,27320000,27320100,162,405,27330000,23661
2,2733,27330000,27330100,162,405,27340000,23672
2,2734,27340000,27340100,162,405,27350000,23679
2,2735,27350000,27350100,162,405,27360000,23686
2,2736,27360000,27360100,162,405,27370000,23698
2,2737,27370000,27370100,162,405,27380000,23706
2,2738,27380000,27380100,162,405,27390000,23713
2,2739,27390000,27390100,162,405,27400000,23722
2,274,2740000,2740100,162,405,2750000,2371
2,2740,27400000,27400100,162,405,27410000,23733
2,2741,27410000,27410100,162,405,27420000,23739
2,2742,27420000,27420100,162,405,27430000,23749
2,2743,27430000,27430100,162,405,27440000,23755
2,2744,27440000,27440100,162,405,27450000,23767
2,2745,27450000,27450100,162,405,27460000,23776
2,2746,27460000,27460100,162,405,27470000,23783
2,2747,27470000,27470100,162,405,27480000,23791
2,2748,27480000,27480100,162,405,27490000,23802
2,2749,27490000,27490100,162,405,27500000,23808
2,275,2750000,2750100,162,405,2760000,2379
2,2750,27500000,27500100,162,405,27510000,23817
2,2751,27510000,27510100,162,405,27520000,23827
2,2752,27520000,27520100,162,405,27530000,23836
2,2753,27530000,27530100,162,405,27540000,23842
2,2754,27540000,27540100,162,405,27550000,23854
2,2755,27550000,27550100,162,405,27560000,23862
2,2756,27560000,27560100,162,405,27570000,23870
2,2757,27570000,27570100,162,405,27580000,23878
2,2758,27580000,27580100,162,405,27590000,23887
2,2759,27590000,27590100,162,405,27600000,23893
2,276,2760000,2760100,162,405,2770000,2392
2,2760,27600000,27600100,162,405,27610000,23906
2,2761,27610000,27610100,162,405,27620000,23915
2,2762,27620000,27620100,162,405,27630000,23922
2,2763,27630000,27630100,162,405,27640000,23930
2,2764,27640000,27640100,162,405,27650000,23938
2,2765,27650000,27650100,162,405,27660000,23947
2,2766,27660000,27660100,162,405,27670000,23958
2,2767,27670000,27670100,162,405,27680000,23964
2,2768,27680000,27680100,162,405,27690000,23975
2,2769,27690000,27690100,162,405,27700000,23983
2,277,2770000,2770100,162,405,2780000,2398
2,2770,27700000,27700100,162,405,27710000,23991
2,2771,27710000,27710100,162,405,27720000,23997
2,2772,27720000,27720100,162,405,27730000,24011
2,2773,27730000,27730100,162,405,27740000,24017
2,2774,27740000,27740100,162,405,27750000,24024
2,2775,27750000,27750100,162,405,27760000,24035
2,2776,27760000,27760100,162,405,27770000,24044
2,2777,27770000,27770100,162,405,27780000,24051
2,2778,27780000,27780100,162,405,27790000,24061
2,2779,27790000,27790100,162,405,27800000,24069
2,278,2780000,2780100,162,405,2790000,2405
2,2780,27800000,27800100,162,405,27810000,24078
2,2781,27810000,27810100,162,405,27820000,24086
2,2782,27820000,27820100,162,405,27830000,24095
2,2783,27830000,27830100,162,405,27840000,24102
2,2784,27840000,27840100,162,405,27850000,24114
2,2785,27850000,27850100,162,405,27860000,24121
2,2786,27860000,27860100,162,405,27870000,24130
2,2787,27870000,27870100,162,405,27880000,24138
2,2788,27880000,27880100,162,405,27890000,24147
2,2789,27890000,27890100,162,405,27900000,24155
2,279,2790000,2790100,162,405,2800000,2413
2,2790,27900000,27900100,162,405,27910000,24166
2,2791,27910000,27910100,162,405,27920000,24172
2,2792,27920000,27920100,162,405,27930000,24181
2,2793,27930000,27930100,162,405,27940000,24191
2,2794,27940000,27940100,162,405,27950000,24199
2,2795,27950000,27950100,162,405,27960000,24206
2,2796,27960000,27960100,162,405,27970000,24219
2,2797,27970000,27970100,162,405,27980000,24225
2,2798,27980000,27980100,162,405,27990000,24232
2,2799,27990000,27990100,162,405,28000000,24241
2,28,280000,280100,162,405,290000,242
2,280,2800000,2800100,162,405,2810000,2426
2,2800,28000000,28000100,162,405,28010000,24253
2,2801,28010000,28010100,162,405,28020000,24259
2,2802,28020000,28020100,162,405,28030000,24269
2,2803,28030000,28030100,162,405,28040000,24277
2,2804,28040000,28040100,162,405,28050000,24285
2,2805,28050000,28050100,162,405,28060000,24295
2,2806,28060000,28060100,162,405,28070000,24302
2,2807,28070000,28070100,162,405,28080000,24310
2,2808,28080000,28080100,162,405,28090000,24322
2,2809,28090000,28090100,162,405,28100000,24328
2,281,2810000,2810100,162,405,2820000,2432
2,2810,28100000,28100100,162,405,28110000,24339
2,2811,28110000,28110100,162,405,28120000,24347
2,2812,28120000,28120100,162,405,28130000,24355
2,2813,28130000,28130100,162,405,28140000,24361
2,2814,28140000,28140100,162,405,28150000,24373
2,2815,28150000,28150100,162,405,28160000,24380
2,2816,28160000,28160100,162,405,28170000,24390
2,2817,28170000,28170100,162,405,28180000,24400
2,2818,28180000,28180100,162,405,28190000,24407
2,2819,28190000,28190100,162,405,28200000,24413
2,282,2820000,2820100,162,405,2830000,2442
2,2820,28200000,28200100,162,405,28210000,24425
2,2821,28210000,28210100,162,405,28220000,24434
2,2822,28220000,28220100,162,405,28230000,24441
2,2823,28230000,28230100,162,405,28240000,24449
2,2824,28240000,28240100,162,405,28250000,24460
2,2825,28250000,28250100,162,405,28260000,24467
2,2826,28260000,28260100,162,405,28270000,24477
2,2827,28270000,28270100,162,405,28280000,24484
2,2828,28280000,28280100,162,405,28290000,24494
2,2829,28290000,28290100,162,405,28300000,24502
2,283,2830000,2830100,162,405,2840000,2450
2,2830,28300000,28300100,162,405,28310000,24510
2,2831,28310000,28310100,162,405,28320000,24518
2,2832,28320000,28320100,162,405,28330000,24531
2,2833,28330000,28330100,162,405,28340000,24537
2,2834,28340000,28340100,162,405,28350000,24544
2,2835,28350000,28350100,162,405,28360000,24555
2,2836,28360000,28360100,162,405,28370000,24563
2,2837,28370000,28370100,162,405,28380000,24569
2,2838,28380000,28380100,162,405,28390000,24582
2,2839,28390000,28390100,162,405,28400000,24588
2,284,2840000,2840100,162,405,2850000,2458
2,2840,28400000,28400100,162,405,28410000,24598
2,2841,28410000,28410100,162,405,28420000,24606
2,2842,28420000,28420100,162,405,28430000,24615
2,2843,28430000,28430100,162,405,28440000,24622
2,2844,28440000,28440100,162,405,28450000,24633
2,2845,28450000,28450100,162,405,28460000,24642
2,2846,28460000,28460100,162,405,28470000,24649
2,2847,28470000,28470100,162,405,28480000,24657
2,2848,28480000,28480100,162,405,28490000,24666
2,2849,28490000,28490100,162,405,28500000,24675
2,285,2850000,2850100,162,405,2860000,2467
2,2850,28500000,28500100,162,405,28510000,24686
2,2851,28510000,28510100,162,405,28520000,24692
2,2852,28520000,28520100,162,405,28530000,24702
2,2853,28530000,28530100,162,405,28540000,24710
2,2854,28540000,28540100,162,405,28550000,24718
2,2855,28550000,28550100,162,405,28560000,24725
2,2856,28560000,28560100,162,405,28570000,24739
2,2857,28570000,28570100,162,405,28580000,24745
2,2858,28580000,28580100,162,405,28590000,24752
2,2859,28590000,28590100,162,405,28600000,24762
2,286,2860000,2860100,162,405,2870000,2475
2,2860,28600000,28600100,162,405,28610000,24772
2,2861,28610000,28610100,162,405,28620000,24778
2,2862,28620000,28620100,162,405,28630000,24788
2,2863,28630000,28630100,162,405,28640000,24796
2,2864,28640000,28640100,162,405,28650000,24805
2,2865,28650000,28650100,162,405,28660000,24815
2,2866,28660000,28660100,162,405,28670000,24824
2,2867,28670000,28670100,162,405,28680000,24830
2,2868,28680000,28680100,162,405,28690000,24841
2,2869,28690000,28690100,162,405,28700000,24847
2,287,2870000,2870100,162,405,2880000,2483
2,2870,28700000,28700100,162,405,28710000,24857
2,2871,28710000,28710100,162,405,28720000,24866
2,2872,28720000,28720100,162,405,28730000,24875
2,2873,28730000,28730100,162,405,28740000,24883
2,2874,28740000,28740100,162,405,28750000,24893
2,2875,28750000,28750100,162,405,28760000,24900
2,2876,28760000,28760100,162,405,28770000,24909
2,2877,28770000,28770100,162,405,28780000,24919
2,2878,28780000,28780100,162,405,28790000,24926
2,2879,28790000,28790100,162,405,28800000,24932
2,288,2880000,2880100,162,405,2890000,2495
2,2880,28800000,28800100,162,405,28810000,24947
2,2881,28810000,28810100,162,405,28820000,24953
2,2882,28820000,28820100,162,405,28830000,24961
2,2883,28830000,28830100,162,405,28840000,24969
2,2884,28840000,28840100,162,405,28850000,24979
2,2885,28850000,28850100,162,405,28860000,24986
2,2886,28860000,28860100,162,405,28870000,24996
2,2887,28870000,28870100,162,405,28880000,25005
2,2888,28880000,28880100,162,405,28890000,25014
2,2889,28890000,28890100,162,405,28900000,25022
2,289,2890000,2890100,162,405,2900000,2501
2,2890,28900000,28900100,162,405,28910000,25030
2,2891,28910000,28910100,162,405,28920000,25038
2,2892,28920000,28920100,162,405,28930000,25049
2,2893,28930000,28930100,162,405,28940000,25056
2,2894,28940000,28940100,162,405,28950000,25065
2,2895,28950000,28950100,162,405,28960000,25074
2,2896,28960000,28960100,162,405,28970000,25083
2,2897,28970000,28970100,162,405,28980000,25089
2,2898,28980000,28980100,162,405,28990000,25102
2,2899,28990000,28990100,162,405,29000000,25108
2,29,290000,290100,162,405,300000,248
2,290,2900000,2900100,162,405,2910000,2511
2,2900,29000000,29000100,162,405,29010000,25117
2,2901,29010000,29010100,162,405,29020000,25127
2,2902,29020000,29020100,162,405,29030000,25134
2,2903,29030000,29030100,162,405,29040000,25140
2,2904,29040000,29040100,162,405,29050000,25153
2,2905,29050000,29050100,162,405,29060000,25162
2,2906,29060000,29060100,162,405,29070000,25169
2,2907,29070000,29070100,162,405,29080000,25177
2,2908,29080000,29080100,162,405,29090000,25187
2,2909,29090000,29090100,162,405,29100000,25194
2,291,2910000,2910100,162,405,2920000,2520
2,2910,29100000,29100100,162,405,29110000,25205
2,2911,29110000,29110100,162,405,29120000,25211
2,2912,29120000,29120100,162,405,29130000,25222
2,2913,29130000,29130100,162,405,29140000,25230
2,2914,29140000,29140100,162,405,29150000,25237
2,2915,29150000,29150100,162,405,29160000,25247
2,2916,29160000,29160100,162,405,29170000,25258
2,2917,29170000,29170100,162,405,29180000,25264
2,2918,29180000,29180100,162,405,29190000,25271
2,2919,29190000,29190100,162,405,29200000,25281
2,292,2920000,2920100,162,405,2930000,2528
2,2920,29200000,29200100,162,405,29210000,25292
2,2921,29210000,29210100,162,405,29220000,25298
2,2922,29220000,29220100,162,405,29230000,25310
2,2923,29230000,29230100,162,405,29240000,25316
2,2924,29240000,29240100,162,405,29250000,25324
2,2925,29250000,29250100,162,405,29260000,25333
2,2926,29260000,29260100,162,405,29270000,25343
2,2927,29270000,29270100,162,405,29280000,25349
2,2928,29280000,29280100,162,405,29290000,25361
2,2929,29290000,29290100,162,405,29300000,25369
2,293,2930000,2930100,162,405,2940000,2534
2,2930,29300000,29300100,162,405,29310000,25377
2,2931,29310000,29310100,162,405,29320000,25386
2,2932,29320000,29320100,162,405,29330000,25394
2,2933,29330000,29330100,162,405,29340000,25402
2,2934,29340000,29340100,162,405,29350000,25412
2,2935,29350000,29350100,162,405,29360000,25419
2,2936,29360000,29360100,162,405,29370000,25430
2,2937,29370000,29370100,162,405,29380000,25439
2,2938,29380000,29380100,162,405,29390000,25446
2,2939,29390000,29390100,162,405,29400000,25452
2,294,2940000,2940100,162,405,2950000,2546
2,2940,29400000,29400100,162,405,29410000,25466
2,2941,29410000,29410100,162,405,29420000,25472
2,2942,29420000,29420100,162,405,29430000,25480
2,2943,29430000,29430100,162,405,29440000,25490
2,2944,29440000,29440100,162,405,29450000,25499
2,2945,29450000,29450100,162,405,29460000,25506
2,2946,29460000,29460100,162,405,29470000,25516
2,2947,29470000,29470100,162,405,29480000,25524
2,2948,29480000,29480100,162,405,29490000,25533
2,2949,29490000,29490100,162,405,29500000,25541
2,295,2950000,2950100,162,405,2960000,2553
2,2950,29500000,29500100,162,405,29510000,25551
2,2951,29510000,29510100,162,405,29520000,25557
2,2952,29520000,29520100,162,405,29530000,25569
2,2953,29530000,29530100,162,405,29540000,25576
2,2954,29540000,29540100,162,405,29550000,25585
2,2955,29550000,29550100,162,405,29560000,25594
2,2956,29560000,29560100,162,405,29570000,25602
2,2957,29570000,29570100,162,405,29580000,25610
2,2958,29580000,29580100,162,405,29590000,25620
2,2959,29590000,29590100,162,405,29600000,25627
2,296,2960000,2960100,162,405,2970000,2562
2,2960,29600000,29600100,162,405,29610000,25637
2,2961,29610000,29610100,162,405,29620000,25647
2,2962,29620000,29620100,162,405,29630000,25654
2,2963,29630000,29630100,162,405,29640000,25660
2,2964,29640000,29640100,162,405,29650000,25674
2,2965,29650000,29650100,162,405,29660000,25681
2,2966,29660000,29660100,162,405,29670000,25688
2,2967,29670000,29670100,162,405,29680000,25696
2,2968,29680000,29680100,162,405,29690000,25707
2,2969,29690000,29690100,162,405,29700000,25713
2,297,2970000,2970100,162,405,2980000,2573
2,2970,29700000,29700100,162,405,29710000,25725
2,2971,29710000,29710100,162,405,29720000,25733
2,2972,29720000,29720100,162,405,29730000,25741
2,2973,29730000,29730100,162,405,29740000,25749
2,2974,29740000,29740100,162,405,29750000,25756
2,2975,29750000,29750100,162,405,29760000,25766
2,2976,29760000,29760100,162,405,29770000,25778
2,2977,29770000,29770100,162,405,29780000,25784
2,2978,29780000,29780100,162,405,29790000,25793
2,2979,29790000,29790100,162,405,29800000,25801
2,298,2980000,2980100,162,405,2990000,2580
2,2980,29800000,29800100,162,405,29810000,25810
2,2981,29810000,29810100,162,405,29820000,25817
2,2982,29820000,29820100,162,405,29830000,25829
2,2983,29830000,29830100,162,405,29840000,25835
2,2984,29840000,29840100,162,405,29850000,25844
2,2985,29850000,29850100,162,405,29860000,25855
2,2986,29860000,29860100,162,405,29870000,25863
2,2987,29870000,29870100,162,405,29880000,25869
2,2988,29880000,29880100,162,405,29890000,25880
2,2989,29890000,29890100,162,405,29900000,25888
2,299,2990000,2990100,162,405,3000000,2586
2,2990,29900000,29900100,162,405,29910000,25896
2,2991,29910000,29910100,162,405,29920000,25904
2,2992,29920000,29920100,162,405,29930000,25916
2,2993,29930000,29930100,162,405,29940000,25922
2,2994,29940000,29940100,162,405,29950000,25932
2,2995,29950000,29950100,162,405,29960000,25939
2,2996,29960000,29960100,162,405,29970000,25949
2,2997,29970000,29970100,162,405,29980000,25958
2,2998,29980000,29980100,162,405,29990000,25965
2,2999,29990000,29990100,162,405,30000000,25973
2,3,30000,30100,162,405,40000,25
2,30,300000,300100,162,405,310000,259
2,300,3000000,3000100,162,405,3010000,2598
2,3000,30000000,30000100,162,405,30010000,25986
2,3001,30010000,30010100,162,405,30020000,25992
2,3002,30020000,30020100,162,405,30030000,25999
2,3003,30030000,30030100,162,405,30040000,26010
2,3004,30040000,30040100,162,405,30050000,26018
2,3005,30050000,30050100,162,405,30060000,26025
2,3006,30060000,30060100,162,405,30070000,26037
2,3007,30070000,30070100,162,405,30080000,26043
2,3008,30080000,30080100,162,405,30090000,26053
2,3009,30090000,30090100,162,405,30100000,26061
2,301,3010000,3010100,162,405,3020000,2606
2,3010,30100000,30100100,162,405,30110000,26071
2,3011,30110000,30110100,162,405,30120000,26077
2,3012,30120000,30120100,162,405,30130000,26088
2,3013,30130000,30130100,162,405,30140000,26096
2,3014,30140000,30140100,162,405,30150000,26104
2,3015,30150000,30150100,162,405,30160000,26113
2,3016,30160000,30160100,162,405,30170000,26122
2,3017,30170000,30170100,162,405,30180000,26130
2,3018,30180000,30180100,162,405,30190000,26140
2,3019,30190000,30190100,162,405,30200000,26147
2,302,3020000,3020100,162,405,3030000,2614
2,3020,30200000,30200100,162,405,30210000,26158
2,3021,30210000,30210100,162,405,30220000,26166
2,3022,30220000,30220100,162,405,30230000,26173
2,3023,30230000,30230100,162,405,30240000,26179
2,3024,30240000,30240100,162,405,30250000,26193
2,3025,30250000,30250100,162,405,30260000,26201
2,3026,30260000,30260100,162,405,30270000,26208
2,3027,30270000,30270100,162,405,30280000,26218
2,3028,30280000,30280100,162,405,30290000,26226
2,3029,30290000,30290100,162,405,30300000,26232
2,303,3030000,3030100,162,405,3040000,2622
2,3030,30300000,30300100,162,405,30310000,26244
2,3031,30310000,30310100,162,405,30320000,26252
2,3032,30320000,30320100,162,405,30330000,26261
2,3033,30330000,30330100,162,405,30340000,26269
2,3034,30340000,30340100,162,405,30350000,26278
2,3035,30350000,30350100,162,405,30360000,26285
2,3036,30360000,30360100,162,405,30370000,26297
2,3037,30370000,30370100,162,405,30380000,26303
2,3038,30380000,30380100,162,405,30390000,26312
2,3039,30390000,30390100,162,405,30400000,26320
2,304,3040000,3040100,162,405,3050000,2633
2,3040,30400000,30400100,162,405,30410000,26330
2,3041,30410000,30410100,162,405,30420000,26339
2,3042,30420000,30420100,162,405,30430000,26349
2,3043,30430000,30430100,162,405,30440000,26355
2,3044,30440000,30440100,162,405,30450000,26363
2,3045,30450000,30450100,162,405,30460000,26374
2,3046,30460000,30460100,162,405,30470000,26381
2,3047,30470000,30470100,162,405,30480000,26388
2,3048,30480000,30480100,162,405,30490000,26402
2,3049,30490000,30490100,162,405,30500000,26408
2,305,3050000,3050100,162,405,3060000,2640
2,3050,30500000,30500100,162,405,30510000,26416
2,3051,30510000,30510100,162,405,30520000,26424
2,3052,30520000,30520100,162,405,30530000,26435
2,3053,30530000,30530100,162,405,30540000,26441
2,3054,30540000,30540100,162,405,30550000,26451
2,3055,30550000,30550100,162,405,30560000,26460
2,3056,30560000,30560100,162,405,30570000,26469
2,3057,30570000,30570100,162,405,30580000,26477
2,3058,30580000,30580100,162,405,30590000,26485
2,3059,30590000,30590100,162,405,30600000,26493
2,306,3060000,3060100,162,405,3070000,2650
2,3060,30600000,30600100,162,405,30610000,26505
2,3061,30610000,30610100,162,405,30620000,26511
2,3062,30620000,30620100,162,405,30630000,26520
2,3063,30630000,30630100,162,405,30640000,26529
2,3064,30640000,30640100,162,405,30650000,26538
2,3065,30650000,30650100,162,405,30660000,26545
2,3066,30660000,30660100,162,405,30670000,26557
2,3067,30670000,30670100,162,405,30680000,26563
2,3068,30680000,30680100,162,405,30690000,26571
2,3069,30690000,30690100,162,405,30700000,26582
2,307,3070000,3070100,162,405,3080000,2656
2,3070,30700000,30700100,162,405,30710000,26590
2,3071,30710000,30710100,162,405,30720000,26596
2,3072,30720000,30720100,162,405,30730000,26608
2,3073,30730000,30730100,162,405,30740000,26616
2,3074,30740000,30740100,162,405,30750000,26624
2,3075,30750000,30750100,162,405,30760000,26633
2,3076,30760000,30760100,162,405,30770000,26643
2,3077,30770000,30770100,162,405,30780000,26649
2,3078,30780000,30780100,162,405,30790000,26659
2,3079,30790000,30790100,162,405,30800000,26665
2,308,3080000,3080100,162,405,3090000,2667
2,3080,30800000,30800100,162,405,30810000,26678
2,3081,30810000,30810100,162,405,30820000,26686
2,3082,30820000,30820100,162,405,30830000,26693
2,3083,30830000,30830100,162,405,30840000,26701
2,3084,30840000,30840100,162,405,30850000,26712
2,3085,30850000,30850100,162,405,30860000,26720
2,3086,30860000,30860100,162,405,30870000,26727
2,3087,30870000,30870100,162,405,30880000,26737
2,3088,30880000,30880100,162,405,30890000,26746
2,3089,30890000,30890100,162,405,30900000,26752
2,309,3090000,3090100,162,405,3100000,2675
2,3090,30900000,30900100,162,405,30910000,26765
2,3091,30910000,30910100,162,405,30920000,26772
2,3092,30920000,30920100,162,405,30930000,26780
2,3093,30930000,30930100,162,405,30940000,26788
2,3094,30940000,30940100,162,405,30950000,26797
2,3095,30950000,30950100,162,405,30960000,26804
2,3096,30960000,30960100,162,405,30970000,26817
2,3097,30970000,30970100,162,405,30980000,26825
2,3098,30980000,30980100,162,405,30990000,26832
2,3099,30990000,30990100,162,405,31000000,26840
2,31,310000,310100,162,405,320000,267
2,310,3100000,3100100,162,405,3110000,2683
2,3100,31000000,31000100,162,405,31010000,26849
2,3101,31010000,31010100,162,405,31020000,26857
2,3102,31020000,31020100,162,405,31030000,26868
2,3103,31030000,31030100,162,405,31040000,26874
2,3104,31040000,31040100,162,405,31050000,26885
2,3105,31050000,31050100,162,405,31060000,26894
2,3106,31060000,31060100,162,405,31070000,26901
2,3107,31070000,31070100,162,405,31080000,26908
2,3108,31080000,31080100,162,405,31090000,26921
2,3109,31090000,31090100,162,405,31100000,26927
2,311,3110000,3110100,162,405,3120000,2691
2,3110,31100000,31100100,162,405,31110000,26935
2,3111,31110000,31110100,162,405,31120000,26945
2,3112,31120000,31120100,162,405,31130000,26954
2,3113,31130000,31130100,162,405,31140000,26961
2,3114,31140000,31140100,162,405,31150000,26971
2,3115,31150000,31150100,162,405,31160000,26980
2,3116,31160000,31160100,162,405,31170000,26988
2,3117,31170000,31170100,162,405,31180000,26996
2,3118,31180000,31180100,162,405,31190000,27006
2,3119,31190000,31190100,162,405,31200000,27012
2,312,3120000,3120100,162,405,3130000,2703
2,3120,31200000,31200100,162,405,31210000,27025
2,3121,31210000,31210100,162,405,31220000,27031
2,3122,31220000,31220100,162,405,31230000,27040
2,3123,31230000,31230100,162,405,31240000,27048
2,3124,31240000,31240100,162,405,31250000,27057
2,3125,31250000,31250100,162,405,31260000,27066
2,3126,31260000,31260100,162,405,31270000,27076
2,3127,31270000,31270100,162,405,31280000,27082
2,3128,31280000,31280100,162,405,31290000,27091
2,3129,31290000,31290100,162,405,31300000,27102
2,313,3130000,3130100,162,405,3140000,2710
2,3130,31300000,31300100,162,405,31310000,27110
2,3131,31310000,31310100,162,405,31320000,27116
2,3132,31320000,31320100,162,405,31330000,27129
2,3133,31330000,31330100,162,405,31340000,27135
2,3134,31340000,31340100,162,405,31350000,27142
2,3135,31350000,31350100,162,405,31360000,27152
2,3136,31360000,31360100,162,405,31370000,27163
2,3137,31370000,31370100,162,405,31380000,27169
2,3138,31380000,31380100,162,405,31390000,27179
2,3139,31390000,31390100,162,405,31400000,27187
2,314,3140000,3140100,162,405,3150000,2717
2,3140,31400000,31400100,162,405,31410000,27197
2,3141,31410000,31410100,162,405,31420000,27205
2,3142,31420000,31420100,162,405,31430000,27212
2,3143,31430000,31430100,162,405,31440000,27220
2,3144,31440000,31440100,162,405,31450000,27232
2,3145,31450000,31450100,162,405,31460000,27239
2,3146,31460000,31460100,162,405,31470000,27249
2,3147,31470000,31470100,162,405,31480000,27257
2,3148,31480000,31480100,162,405,31490000,27265
2,3149,31490000,31490100,162,405,31500000,27271
2,315,3150000,3150100,162,405,3160000,2728
2,3150,31500000,31500100,162,405,31510000,27284
2,3151,31510000,31510100,162,405,31520000,27291
2,3152,31520000,31520100,162,405,31530000,27300
2,3153,31530000,31530100,162,405,31540000,27310
2,3154,31540000,31540100,162,405,31550000,27317
2,3155,31550000,31550100,162,405,31560000,27324
2,3156,31560000,31560100,162,405,31570000,27335
2,3157,31570000,31570100,162,405,31580000,27344
2,3158,31580000,31580100,162,405,31590000,27351
2,3159,31590000,31590100,162,405,31600000,27359
2,316,3160000,3160100,162,405,3170000,2736
2,3160,31600000,31600100,162,405,31610000,27371
2,3161,31610000,31610100,162,405,31620000,27377
2,3162,31620000,31620100,162,405,31630000,27388
2,3163,31630000,31630100,162,405,31640000,27394
2,3164,31640000,31640100,162,405,31650000,27404
2,3165,31650000,31650100,162,405,31660000,27413
2,3166,31660000,31660100,162,405,31670000,27420
2,3167,31670000,31670100,162,405,31680000,27428
2,3168,31680000,31680100,162,405,31690000,27441
2,3169,31690000,31690100,162,405,31700000,27447
2,317,3170000,3170100,162,405,3180000,2742
2,3170,31700000,31700100,162,405,31710000,27455
2,3171,31710000,31710100,162,405,31720000,27465
2,3172,31720000,31720100,162,405,31730000,27473
2,3173,31730000,31730100,162,405,31740000,27480
2,3174,31740000,31740100,162,405,31750000,27492
2,3175,31750000,31750100,162,405,31760000,27499
2,3176,31760000,31760100,162,405,31770000,27508
2,3177,31770000,31770100,162,405,31780000,27516
2,3178,31780000,31780100,162,405,31790000,27525
2,3179,31790000,31790100,162,405,31800000,27532
2,318,3180000,3180100,162,405,3190000,2754
2,3180,31800000,31800100,162,405,31810000,27544
2,3181,31810000,31810100,162,405,31820000,27552
2,3182,31820000,31820100,162,405,31830000,27559
2,3183,31830000,31830100,162,405,31840000,27567
2,3184,31840000,31840100,162,405,31850000,27577
2,3185,31850000,31850100,162,405,31860000,27586
2,3186,31860000,31860100,162,405,31870000,27596
2,3187,31870000,31870100,162,405,31880000,27602
2,3188,31880000,31880100,162,405,31890000,27612
2,3189,31890000,31890100,162,405,31900000,27620
2,319,3190000,3190100,162,405,3200000,2761
2,3190,31900000,31900100,162,405,31910000,27629
2,3191,31910000,31910100,162,405,31920000,27635
2,3192,31920000,31920100,162,405,31930000,27649
2,3193,31930000,31930100,162,405,31940000,27655
2,3194,31940000,31940100,162,405,31950000,27662
2,3195,31950000,31950100,162,405,31960000,27674
2,3196,31960000,31960100,162,405,31970000,27682
2,3197,31970000,31970100,162,405,31980000,27688
2,3198,31980000,31980100,162,405,31990000,27698
2,3199,31990000,31990100,162,405,32000000,27706
2,32,320000,320100,162,405,330000,276
2,320,3200000,3200100,162,405,3210000,2771
2,3200,32000000,32000100,162,405,32010000,27716
2,3201,32010000,32010100,162,405,32020000,27725
2,3202,32020000,32020100,162,405,32030000,27734
2,3203,32030000,32030100,162,405,32040000,27740
2,3204,32040000,32040100,162,405,32050000,27751
2,3205,32050000,32050100,162,405,32060000,27758
2,3206,32060000,32060100,162,405,32070000,27768
2,3207,32070000,32070100,162,405,32080000,27776
2,3208,32080000,32080100,162,405,32090000,27785
2,3209,32090000,32090100,162,405,32100000,27793
2,321,3210000,3210100,162,405,3220000,2779
2,3210,32100000,32100100,162,405,32110000,27804
2,3211,32110000,32110100,162,405,32120000,27810
2,3212,32120000,32120100,162,405,32130000,27819
2,3213,32130000,32130100,162,405,32140000,27829
2,3214,32140000,32140100,162,405,32150000,27836
2,3215,32150000,32150100,162,405,32160000,27843
2,3216,32160000,32160100,162,405,32170000,27857
2,3217,32170000,32170100,162,405,32180000,27864
2,3218,32180000,32180100,162,405,32190000,27871
2,3219,32190000,32190100,162,405,32200000,27879
2,322,3220000,3220100,162,405,3230000,2788
2,3220,32200000,32200100,162,405,32210000,27890
2,3221,32210000,32210100,162,405,32220000,27896
2,3222,32220000,32220100,162,405,32230000,27906
2,3223,32230000,32230100,162,405,32240000,27915
2,3224,32240000,32240100,162,405,32250000,27924
2,3225,32250000,32250100,162,405,32260000,27933
2,3226,32260000,32260100,162,405,32270000,27940
2,3227,32270000,32270100,162,405,32280000,27948
2,3228,32280000,32280100,162,405,32290000,27960
2,3229,32290000,32290100,162,405,32300000,27966
2,323,3230000,3230100,162,405,3240000,2794
2,3230,32300000,32300100,162,405,32310000,27976
2,3231,32310000,32310100,162,405,32320000,27984
2,3232,32320000,32320100,162,405,32330000,27993
2,3233,32330000,32330100,162,405,32340000,27999
2,3234,32340000,32340100,162,405,32350000,28012
2,3235,32350000,32350100,162,405,32360000,28019
2,3236,32360000,32360100,162,405,32370000,28027
2,3237,32370000,32370100,162,405,32380000,28037
2,3238,32380000,32380100,162,405,32390000,28044
2,3239,32390000,32390100,162,405,32400000,28051
2,324,3240000,3240100,162,405,3250000,2806
2,3240,32400000,32400100,162,405,32410000,28064
2,3241,32410000,32410100,162,405,32420000,28072
2,3242,32420000,32420100,162,405,32430000,28079
2,3243,32430000,32430100,162,405,32440000,28087
2,3244,32440000,32440100,162,405,32450000,28097
2,3245,32450000,32450100,162,405,32460000,28105
2,3246,32460000,32460100,162,405,32470000,28115
2,3247,32470000,32470100,162,405,32480000,28121
2,3248,32480000,32480100,162,405,32490000,28132
2,3249,32490000,32490100,162,405,32500000,28140
2,325,3250000,3250100,162,405,3260000,2815
2,3250,32500000,32500100,162,405,32510000,28149
2,3251,32510000,32510100,162,405,32520000,28157
2,3252,32520000,32520100,162,405,32530000,28168
2,3253,32530000,32530100,162,405,32540000,28174
2,3254,32540000,32540100,162,405,32550000,28181
2,3255,32550000,32550100,162,405,32560000,28192
2,3256,32560000,32560100,162,405,32570000,28202
2,3257,32570000,32570100,162,405,32580000,28208
2,3258,32580000,32580100,162,405,32590000,28220
2,3259,32590000,32590100,162,405,32600000,28226
2,326,3260000,3260100,162,405,3270000,2822
2,3260,32600000,32600100,162,405,32610000,28235
2,3261,32610000,32610100,162,405,32620000,28244
2,3262,32620000,32620100,162,405,32630000,28253
2,3263,32630000,32630100,162,405,32640000,28259
2,3264,32640000,32640100,162,405,32650000,28271
2,3265,32650000,32650100,162,405,32660000,28280
2,3266,32660000,32660100,162,405,32670000,28287
2,3267,32670000,32670100,162,405,32680000,28296
2,3268,32680000,32680100,162,405,32690000,28304
2,3269,32690000,32690100,162,405,32700000,28312
2,327,3270000,3270100,162,405,3280000,2830
2,3270,32700000,32700100,162,405,32710000,28323
2,3271,32710000,32710100,162,405,32720000,28329
2,3272,32720000,32720100,162,405,32730000,28341
2,3273,32730000,32730100,162,405,32740000,28349
2,3274,32740000,32740100,162,405,32750000,28356
2,3275,32750000,32750100,162,405,32760000,28363
2,3276,32760000,32760100,162,405,32770000,28376
2,3277,32770000,32770100,162,405,32780000,28382
2,3278,32780000,32780100,162,405,32790000,28390
2,3279,32790000,32790100,162,405,32800000,28400
2,328,3280000,3280100,162,405,3290000,2839
2,3280,32800000,32800100,162,405,32810000,28410
2,3281,32810000,32810100,162,405,32820000,28416
2,3282,32820000,32820100,162,405,32830000,28426
2,3283,32830000,32830100,162,405,32840000,28435
2,3284,32840000,32840100,162,405,32850000,28443
2,3285,32850000,32850100,162,405,32860000,28452
2,3286,32860000,32860100,162,405,32870000,28461
2,3287,32870000,32870100,162,405,32880000,28467
2,3288,32880000,32880100,162,405,32890000,28479
2,3289,32890000,32890100,162,405,32900000,28486
2,329,3290000,3290100,162,405,3300000,2847
2,3290,32900000,32900100,162,405,32910000,28496
2,3291,32910000,32910100,162,405,32920000,28504
2,3292,32920000,32920100,162,405,32930000,28512
2,3293,32930000,32930100,162,405,32940000,28520
2,3294,32940000,32940100,162,405,32950000,28531
2,3295,32950000,32950100,162,405,32960000,28538
2,3296,32960000,32960100,162,405,32970000,28547
2,3297,32970000,32970100,162,405,32980000,28557
2,3298,32980000,32980100,162,405,32990000,28564
2,3299,32990000,32990100,162,405,33000000,28570
2,33,330000,330100,162,405,340000,285
2,330,3300000,3300100,162,405,3310000,2859
2,3300,33000000,33000100,162,405,33010000,28585
2,3301,33010000,33010100,162,405,33020000,28591
2,3302,33020000,33020100,162,405,33030000,28598
2,3303,33030000,33030100,162,405,33040000,28606
2,3304,33040000,33040100,162,405,33050000,28617
2,3305,33050000,33050100,162,405,33060000,28625
2,3306,33060000,33060100,162,405,33070000,28635
2,3307,33070000,33070100,162,405,33080000,28643
2,3308,33080000,33080100,162,405,33090000,28651
2,3309,33090000,33090100,162,405,33100000,28659
2,331,3310000,3310100,162,405,3320000,2865
2,3310,33100000,33100100,162,405,33110000,28667
2,3311,33110000,33110100,162,405,33120000,28676
2,3312,33120000,33120100,162,405,33130000,28688
2,3313,33130000,33130100,162,405,33140000,28694
2,3314,33140000,33140100,162,405,33150000,28703
2,3315,33150000,33150100,162,405,33160000,28712
2,3316,33160000,33160100,162,405,33170000,28721
2,3317,33170000,33170100,162,405,33180000,28727
2,3318,33180000,33180100,162,405,33190000,28739
2,3319,33190000,33190100,162,405,33200000,28745
2,332,3320000,3320100,162,405,3330000,2875
2,3320,33200000,33200100,162,405,33210000,28755
2,3321,33210000,33210100,162,405,33220000,28765
2,3322,33220000,33220100,162,405,33230000,28773
2,3323,33230000,33230100,162,405,33240000,28779
2,3324,33240000,33240100,162,405,33250000,28790
2,3325,33250000,33250100,162,405,33260000,28799
2,3326,33260000,33260100,162,405,33270000,28806
2,3327,33270000,33270100,162,405,33280000,28815
2,3328,33280000,33280100,162,405,33290000,28826
2,3329,33290000,33290100,162,405,33300000,28832
2,333,3330000,3330100,162,405,3340000,2883
2,3330,33300000,33300100,162,405,33310000,28843
2,3331,33310000,33310100,162,405,33320000,28849
2,3332,33320000,33320100,162,405,33330000,28859
2,3333,33330000,33330100,162,405,33340000,28868
2,3334,33340000,33340100,162,405,33350000,28875
2,3335,33350000,33350100,162,405,33360000,28884
2,3336,33360000,33360100,162,405,33370000,28896
2,3337,33370000,33370100,162,405,33380000,28902
2,3338,33380000,33380100,162,405,33390000,28910
2,3339,33390000,33390100,162,405,33400000,28920
2,334,3340000,3340100,162,405,3350000,2890
2,3340,33400000,33400100,162,405,33410000,28929
2,3341,33410000,33410100,162,405,33420000,28935
2,3342,33420000,33420100,162,405,33430000,28947
2,3343,33430000,33430100,162,405,33440000,28953
2,3344,33440000,33440100,162,405,33450000,28963
2,3345,33450000,33450100,162,405,33460000,28972
2,3346,33460000,33460100,162,405,33470000,28981
2,3347,33470000,33470100,162,405,33480000,28987
2,3348,33480000,33480100,162,405,33490000,28998
2,3349,33490000,33490100,162,405,33500000,29007
2,335,3350000,3350100,162,405,3360000,2898
2,3350,33500000,33500100,162,405,33510000,29015
2,3351,33510000,33510100,162,405,33520000,29023
2,3352,33520000,33520100,162,405,33530000,29032
2,3353,33530000,33530100,162,405,33540000,29040
2,3354,33540000,33540100,162,405,33550000,29050
2,3355,33550000,33550100,162,405,33560000,29058
2,3356,33560000,33560100,162,405,33570000,29068
2,3357,33570000,33570100,162,405,33580000,29076
2,3358,33580000,33580100,162,405,33590000,29083
2,3359,33590000,33590100,162,405,33600000,29089
2,336,3360000,3360100,162,405,3370000,2912
2,3360,33600000,33600100,162,405,33610000,29105
2,3361,33610000,33610100,162,405,33620000,29111
2,3362,33620000,33620100,162,405,33630000,29118
2,3363,33630000,33630100,162,405,33640000,29128
2,3364,33640000,33640100,162,405,33650000,29136
2,3365,33650000,33650100,162,405,33660000,29143
2,3366,33660000,33660100,162,405,33670000,29154
2,3367,33670000,33670100,162,405,33680000,29162
2,3368,33680000,33680100,162,405,33690000,29171
2,3369,33690000,33690100,162,405,33700000,29179
2,337,3370000,3370100,162,405,3380000,2918
2,3370,33700000,33700100,162,405,33710000,29189
2,3371,33710000,33710100,162,405,33720000,29196
2,3372,33720000,33720100,162,405,33730000,29207
2,3373,33730000,33730100,162,405,33740000,29213
2,3374,33740000,33740100,162,405,33750000,29222
2,3375,33750000,33750100,162,405,33760000,29231
2,3376,33760000,33760100,162,405,33770000,29240
2,3377,33770000,33770100,162,405,33780000,29249
2,3378,33780000,33780100,162,405,33790000,29259
2,3379,33790000,33790100,162,405,33800000,29265
2,338,3380000,3380100,162,405,3390000,2925
2,3380,33800000,33800100,162,405,33810000,29274
2,3381,33810000,33810100,162,405,33820000,29284
2,3382,33820000,33820100,162,405,33830000,29292
2,3383,33830000,33830100,162,405,33840000,29298
2,3384,33840000,33840100,162,405,33850000,29312
2,3385,33850000,33850100,162,405,33860000,29319
2,3386,33860000,33860100,162,405,33870000,29326
2,3387,33870000,33870100,162,405,33880000,29334
2,3388,33880000,33880100,162,405,33890000,29345
2,3389,33890000,33890100,162,405,33900000,29351
2,339,3390000,3390100,162,405,3400000,2935
2,3390,33900000,33900100,162,405,33910000,29362
2,3391,33910000,33910100,162,405,33920000,29370
2,3392,33920000,33920100,162,405,33930000,29379
2,3393,33930000,33930100,162,405,33940000,29388
2,3394,33940000,33940100,162,405,33950000,29395
2,3395,33950000,33950100,162,405,33960000,29404
2,3396,33960000,33960100,162,405,33970000,29415
2,3397,33970000,33970100,162,405,33980000,29421
2,3398,33980000,33980100,162,405,33990000,29430
2,3399,33990000,33990100,162,405,34000000,29439
2,34,340000,340100,162,405,350000,292
2,340,3400000,3400100,162,405,3410000,2944
2,3400,34000000,34000100,162,405,34010000,29449
2,3401,34010000,34010100,162,405,34020000,29455
2,3402,34020000,34020100,162,405,34030000,29467
2,3403,34030000,34030100,162,405,34040000,29473
2,3404,34040000,34040100,162,405,34050000,29482
2,3405,34050000,34050100,162,405,34060000,29493
2,3406,34060000,34060100,162,405,34070000,29500
2,3407,34070000,34070100,162,405,34080000,29506
2,3408,34080000,34080100,162,405,34090000,29518
2,3409,34090000,34090100,162,405,34100000,29526
2,341,3410000,3410100,162,405,3420000,2951
2,3410,34100000,34100100,162,405,34110000,29535
2,3411,34110000,34110100,162,405,34120000,29543
2,3412,34120000,34120100,162,405,34130000,29553
2,3413,34130000,34130100,162,405,34140000,29559
2,3414,34140000,34140100,162,405,34150000,29569
2,3415,34150000,34150100,162,405,34160000,29577
2,3416,34160000,34160100,162,405,34170000,29588
2,3417,34170000,34170100,162,405,34180000,29596
2,3418,34180000,34180100,162,405,34190000,29603
2,3419,34190000,34190100,162,405,34200000,29611
2,342,3420000,3420100,162,405,3430000,2961
2,3420,34200000,34200100,162,405,34210000,29623
2,3421,34210000,34210100,162,405,34220000,29630
2,3422,34220000,34220100,162,405,34230000,29637
2,3423,34230000,34230100,162,405,34240000,29647
2,3424,34240000,34240100,162,405,34250000,29656
2,3425,34250000,34250100,162,405,34260000,29663
2,3426,34260000,34260100,162,405,34270000,29676
2,3427,34270000,34270100,162,405,34280000,29682
2,3428,34280000,34280100,162,405,34290000,29690
2,3429,34290000,34290100,162,405,34300000,29698
2,343,3430000,3430100,162,405,3440000,2969
2,3430,34300000,34300100,162,405,34310000,29708
2,3431,34310000,34310100,162,405,34320000,29714
2,3432,34320000,34320100,162,405,34330000,29727
2,3433,34330000,34330100,162,405,34340000,29735
2,3434,34340000,34340100,162,405,34350000,29742
2,3435,34350000,34350100,162,405,34360000,29751
2,3436,34360000,34360100,162,405,34370000,29759
2,3437,34370000,34370100,162,405,34380000,29768
2,3438,34380000,34380100,162,405,34390000,29778
2,3439,34390000,34390100,162,405,34400000,29784
2,344,3440000,3440100,162,405,3450000,2978
2,3440,34400000,34400100,162,405,34410000,29796
2,3441,34410000,34410100,162,405,34420000,29804
2,3442,34420000,34420100,162,405,34430000,29811
2,3443,34430000,34430100,162,405,34440000,29818
2,3444,34440000,34440100,162,405,34450000,29831
2,3445,34450000,34450100,162,405,34460000,29838
2,3446,34460000,34460100,162,405,34470000,29845
2,3447,34470000,34470100,162,405,34480000,29855
2,3448,34480000,34480100,162,405,34490000,29865
2,3449,34490000,34490100,162,405,34500000,29871
2,345,3450000,3450100,162,405,3460000,2987
2,3450,34500000,34500100,162,405,34510000,29882
2,3451,34510000,34510100,162,405,34520000,29890
2,3452,34520000,34520100,162,405,34530000,29898
2,3453,34530000,34530100,162,405,34540000,29906
2,3454,34540000,34540100,162,405,34550000,29916
2,3455,34550000,34550100,162,405,34560000,29923
2,3456,34560000,34560100,162,405,34570000,29935
2,3457,34570000,34570100,162,405,34580000,29941
2,3458,34580000,34580100,162,405,34590000,29950
2,3459,34590000,34590100,162,405,34600000,29959
2,346,3460000,3460100,162,405,3470000,2997
2,3460,34600000,34600100,162,405,34610000,29968
2,3461,34610000,34610100,162,405,34620000,29976
2,3462,34620000,34620100,162,405,34630000,29986
2,3463,34630000,34630100,162,405,34640000,29992
2,3464,34640000,34640100,162,405,34650000,30001
2,3465,34650000,34650100,162,405,34660000,30013
2,3466,34660000,34660100,162,405,34670000,30020
2,3467,34670000,34670100,162,405,34680000,30026
2,3468,34680000,34680100,162,405,34690000,30039
2,3469,34690000,34690100,162,405,34700000,30045
2,347,3470000,3470100,162,405,3480000,3003
2,3470,34700000,34700100,162,405,34710000,30054
2,3471,34710000,34710100,162,405,34720000,30062
2,3472,34720000,34720100,162,405,34730000,30073
2,3473,34730000,34730100,162,405,34740000,30079
2,3474,34740000,34740100,162,405,34750000,30089
2,3475,34750000,34750100,162,405,34760000,30098
2,3476,34760000,34760100,162,405,34770000,30107
2,3477,34770000,34770100,162,405,34780000,30115
2,3478,34780000,34780100,162,405,34790000,30122
2,3479,34790000,34790100,162,405,34800000,30130
2,348,3480000,3480100,162,405,3490000,3014
2,3480,34800000,34800100,162,405,34810000,30143
2,3481,34810000,34810100,162,405,34820000,30150
2,3482,34820000,34820100,162,405,34830000,30159
2,3483,34830000,34830100,162,405,34840000,30167
2,3484,34840000,34840100,162,405,34850000,30175
2,3485,34850000,34850100,162,405,34860000,30182
2,3486,34860000,34860100,162,405,34870000,30194
2,3487,34870000,34870100,162,405,34880000,30201
2,3488,34880000,34880100,162,405,34890000,30210
2,3489,34890000,34890100,162,405,34900000,30220
2,349,3490000,3490100,162,405,3500000,3020
2,3490,34900000,34900100,162,405,34910000,30228
2,3491,34910000,34910100,162,405,34920000,30234
2,3492,34920000,34920100,162,405,34930000,30246
2,3493,34930000,34930100,162,405,34940000,30254
2,3494,34940000,34940100,162,405,34950000,30261
2,3495,34950000,34950100,162,405,34960000,30270
2,3496,34960000,34960100,162,405,34970000,30281
2,3497,34970000,34970100,162,405,34980000,30287
2,3498,34980000,34980100,162,405,34990000,30298
2,3499,34990000,34990100,162,405,35000000,30304
2,35,350000,350100,162,405,360000,301
2,350,3500000,3500100,162,405,3510000,3030
2,3500,35000000,35000100,162,405,35010000,30315
2,3501,35010000,35010100,162,405,35020000,30323
2,3502,35020000,35020100,162,405,35030000,30330
2,3503,35030000,35030100,162,405,35040000,30339
2,3504,35040000,35040100,162,405,35050000,30351
2,3505,35050000,35050100,162,405,35060000,30358
2,3506,35060000,35060100,162,405,35070000,30365
2,3507,35070000,35070100,162,405,35080000,30375
2,3508,35080000,35080100,162,405,35090000,30383
2,3509,35090000,35090100,162,405,35100000,30390
2,351,3510000,3510100,162,405,3520000,3038
2,3510,35100000,35100100,162,405,35110000,30403
2,3511,35110000,35110100,162,405,35120000,30409
2,3512,35120000,35120100,162,405,35130000,30418
2,3513,35130000,35130100,162,405,35140000,30426
2,3514,35140000,35140100,162,405,35150000,30436
2,3515,35150000,35150100,162,405,35160000,30443
2,3516,35160000,35160100,162,405,35170000,30454
2,3517,35170000,35170100,162,405,35180000,30462
2,3518,35180000,35180100,162,405,35190000,30469
2,3519,35190000,35190100,162,405,35200000,30477
2,352,3520000,3520100,162,405,3530000,3048
2,3520,35200000,35200100,162,405,35210000,30488
2,3521,35210000,35210100,162,405,35220000,30496
2,3522,35220000,35220100,162,405,35230000,30506
2,3523,35230000,35230100,162,405,35240000,30512
2,3524,35240000,35240100,162,405,35250000,30522
2,3525,35250000,35250100,162,405,35260000,30532
2,3526,35260000,35260100,162,405,35270000,30539
2,3527,35270000,35270100,162,405,35280000,30545
2,3528,35280000,35280100,162,405,35290000,30559
2,3529,35290000,35290100,162,405,35300000,30565
2,353,3530000,3530100,162,405,3540000,3056
2,3530,35300000,35300100,162,405,35310000,30573
2,3531,35310000,35310100,162,405,35320000,30584
2,3532,35320000,35320100,162,405,35330000,30592
2,3533,35330000,35330100,162,405,35340000,30598
2,3534,35340000,35340100,162,405,35350000,30608
2,3535,35350000,35350100,162,405,35360000,30617
2,3536,35360000,35360100,162,405,35370000,30627
2,3537,35370000,35370100,162,405,35380000,30635
2,3538,35380000,35380100,162,405,35390000,30644
2,3539,35390000,35390100,162,405,35400000,30650
2,354,3540000,3540100,162,405,3550000,3066
2,3540,35400000,35400100,162,405,35410000,30662
2,3541,35410000,35410100,162,405,35420000,30668
2,3542,35420000,35420100,162,405,35430000,30678
2,3543,35430000,35430100,162,405,35440000,30686
2,3544,35440000,35440100,162,405,35450000,30695
2,3545,35450000,35450100,162,405,35460000,30704
2,3546,35460000,35460100,162,405,35470000,30714
2,3547,35470000,35470100,162,405,35480000,30721
2,3548,35480000,35480100,162,405,35490000,30729
2,3549,35490000,35490100,162,405,35500000,30739
2,355,3550000,3550100,162,405,3560000,3073
2,3550,35500000,35500100,162,405,35510000,30747
2,3551,35510000,35510100,162,405,35520000,30753
2,3552,35520000,35520100,162,405,35530000,30767
2,3553,35530000,35530100,162,405,35540000,30774
2,3554,35540000,35540100,162,405,35550000,30781
2,3555,35550000,35550100,162,405,35560000,30790
2,3556,35560000,35560100,162,405,35570000,30800
2,3557,35570000,35570100,162,405,35580000,30806
2,3558,35580000,35580100,162,405,35590000,30817
2,3559,35590000,35590100,162,405,35600000,30825
2,356,3560000,3560100,162,405,3570000,3081
2,3560,35600000,35600100,162,405,35610000,30835
2,3561,35610000,35610100,162,405,35620000,30843
2,3562,35620000,35620100,162,405,35630000,30850
2,3563,35630000,35630100,162,405,35640000,30858
2,3564,35640000,35640100,162,405,35650000,30870
2,3565,35650000,35650100,162,405,35660000,30877
2,3566,35660000,35660100,162,405,35670000,30886
2,3567,35670000,35670100,162,405,35680000,30894
2,3568,35680000,35680100,162,405,35690000,30903
2,3569,35690000,35690100,162,405,35700000,30910
2,357,3570000,3570100,162,405,3580000,3092
2,3570,35700000,35700100,162,405,35710000,30923
2,3571,35710000,35710100,162,405,35720000,30929
2,3572,35720000,35720100,162,405,35730000,30937
2,3573,35730000,35730100,162,405,35740000,30947
2,3574,35740000,35740100,162,405,35750000,30954
2,3575,35750000,35750100,162,405,35760000,30962
2,3576,35760000,35760100,162,405,35770000,30974
2,3577,35770000,35770100,162,405,35780000,30982
2,3578,35780000,35780100,162,405,35790000,30989
2,3579,35790000,35790100,162,405,35800000,30997
2,358,3580000,3580100,162,405,3590000,3099
2,3580,35800000,35800100,162,405,35810000,31009
2,3581,35810000,35810100,162,405,35820000,31015
2,3582,35820000,35820100,162,405,35830000,31025
2,3583,35830000,35830100,162,405,35840000,31031
2,3584,35840000,35840100,162,405,35850000,31042
2,3585,35850000,35850100,162,405,35860000,31051
2,3586,35860000,35860100,162,405,35870000,31059
2,3587,35870000,35870100,162,405,35880000,31067
2,3588,35880000,35880100,162,405,35890000,31078
2,3589,35890000,35890100,162,405,35900000,31084
2,359,3590000,3590100,162,405,3600000,3105
2,3590,35900000,35900100,162,405,35910000,31092
2,3591,35910000,35910100,162,405,35920000,31103
2,3592,35920000,35920100,162,405,35930000,31112
2,3593,35930000,35930100,162,405,35940000,31118
2,3594,35940000,35940100,162,405,35950000,31130
2,3595,35950000,35950100,162,405,35960000,31137
2,3596,35960000,35960100,162,405,35970000,31145
2,3597,35970000,35970100,162,405,35980000,31154
2,3598,35980000,35980100,162,405,35990000,31163
2,3599,35990000,35990100,162,405,36000000,31169
2,36,360000,360100,162,405,370000,312
2,360,3600000,3600100,162,405,3610000,3120
2,3600,36000000,36000100,162,405,36010000,31182
2,3601,36010000,36010100,162,405,36020000,31190
2,3602,36020000,36020100,162,405,36030000,31198
2,3603,36030000,36030100,162,405,36040000,31206
2,3604,36040000,36040100,162,405,36050000,31214
2,3605,36050000,36050100,162,405,36060000,31223
2,3606,36060000,36060100,162,405,36070000,31233
2,3607,36070000,36070100,162,405,36080000,31239
2,3608,36080000,36080100,162,405,36090000,31251
2,3609,36090000,36090100,162,405,36100000,31259
2,361,3610000,3610100,162,405,3620000,3126
2,3610,36100000,36100100,162,405,36110000,31267
2,3611,36110000,36110100,162,405,36120000,31273
2,3612,36120000,36120100,162,405,36130000,31286
2,3613,36130000,36130100,162,405,36140000,31293
2,3614,36140000,36140100,162,405,36150000,31300
2,3615,36150000,36150100,162,405,36160000,31311
2,3616,36160000,36160100,162,405,36170000,31320
2,3617,36170000,36170100,162,405,36180000,31326
2,3618,36180000,36180100,162,405,36190000,31336
2,3619,36190000,36190100,162,405,36200000,31345
2,362,3620000,3620100,162,405,3630000,3133
2,3620,36200000,36200100,162,405,36210000,31354
2,3621,36210000,36210100,162,405,36220000,31362
2,3622,36220000,36220100,162,405,36230000,31371
2,3623,36230000,36230100,162,405,36240000,31377
2,3624,36240000,36240100,162,405,36250000,31390
2,3625,36250000,36250100,162,405,36260000,31397
2,3626,36260000,36260100,162,405,36270000,31406
2,3627,36270000,36270100,162,405,36280000,31414
2,3628,36280000,36280100,162,405,36290000,31422
2,3629,36290000,36290100,162,405,36300000,31430
2,363,3630000,3630100,162,405,3640000,3142
2,3630,36300000,36300100,162,405,36310000,31442
2,3631,36310000,36310100,162,405,36320000,31448
2,3632,36320000,36320100,162,405,36330000,31457
2,3633,36330000,36330100,162,405,36340000,31467
2,3634,36340000,36340100,162,405,36350000,31474
2,3635,36350000,36350100,162,405,36360000,31482
2,3636,36360000,36360100,162,405,36370000,31495
2,3637,36370000,36370100,162,405,36380000,31501
2,3638,36380000,36380100,162,405,36390000,31508
2,3639,36390000,36390100,162,405,36400000,31516
2,364,3640000,3640100,162,405,3650000,3152
2,3640,36400000,36400100,162,405,36410000,31528
2,3641,36410000,36410100,162,405,36420000,31535
2,3642,36420000,36420100,162,405,36430000,31545
2,3643,36430000,36430100,162,405,36440000,31553
2,3644,36440000,36440100,162,405,36450000,31561
2,3645,36450000,36450100,162,405,36460000,31570
2,3646,36460000,36460100,162,405,36470000,31578
2,3647,36470000,36470100,162,405,36480000,31586
2,3648,36480000,36480100,162,405,36490000,31598
2,3649,36490000,36490100,162,405,36500000,31604
2,365,3650000,3650100,162,405,3660000,3159
2,3650,36500000,36500100,162,405,36510000,31614
2,3651,36510000,36510100,162,405,36520000,31622
2,3652,36520000,36520100,162,405,36530000,31631
2,3653,36530000,36530100,162,405,36540000,31637
2,3654,36540000,36540100,162,405,36550000,31649
2,3655,36550000,36550100,162,405,36560000,31656
2,3656,36560000,36560100,162,405,36570000,31665
2,3657,36570000,36570100,162,405,36580000,31676
2,3658,36580000,36580100,162,405,36590000,31683
2,3659,36590000,36590100,162,405,36600000,31689
2,366,3660000,3660100,162,405,3670000,3169
2,3660,36600000,36600100,162,405,36610000,31701
2,3661,36610000,36610100,162,405,36620000,31709
2,3662,36620000,36620100,162,405,36630000,31716
2,3663,36630000,36630100,162,405,36640000,31725
2,3664,36640000,36640100,162,405,36650000,31736
2,3665,36650000,36650100,162,405,36660000,31743
2,3666,36660000,36660100,162,405,36670000,31753
2,3667,36670000,36670100,162,405,36680000,31759
2,3668,36680000,36680100,162,405,36690000,31770
2,3669,36690000,36690100,162,405,36700000,31778
2,367,3670000,3670100,162,405,3680000,3177
2,3670,36700000,36700100,162,405,36710000,31786
2,3671,36710000,36710100,162,405,36720000,31794
2,3672,36720000,36720100,162,405,36730000,31806
2,3673,36730000,36730100,162,405,36740000,31812
2,3674,36740000,36740100,162,405,36750000,31820
2,3675,36750000,36750100,162,405,36760000,31831
2,3676,36760000,36760100,162,405,36770000,31839
2,3677,36770000,36770100,162,405,36780000,31845
2,3678,36780000,36780100,162,405,36790000,31857
2,3679,36790000,36790100,162,405,36800000,31864
2,368,3680000,3680100,162,405,3690000,3187
2,3680,36800000,36800100,162,405,36810000,31874
2,3681,36810000,36810100,162,405,36820000,31882
2,3682,36820000,36820100,162,405,36830000,31891
2,3683,36830000,36830100,162,405,36840000,31897
2,3684,36840000,36840100,162,405,36850000,31908
2,3685,36850000,36850100,162,405,36860000,31918
2,3686,36860000,36860100,162,405,36870000,31925
2,3687,36870000,36870100,162,405,36880000,31933
2,3688,36880000,36880100,162,405,36890000,31942
2,3689,36890000,36890100,162,405,36900000,31950
2,369,3690000,3690100,162,405,3700000,3195
2,3690,36900000,36900100,162,405,36910000,31962
2,3691,36910000,36910100,162,405,36920000,31968
2,3692,36920000,36920100,162,405,36930000,31978
2,3693,36930000,36930100,162,405,36940000,31986
2,3694,36940000,36940100,162,405,36950000,31993
2,3695,36950000,36950100,162,405,36960000,32000
2,3696,36960000,36960100,162,405,36970000,32015
2,3697,36970000,36970100,162,405,36980000,32021
2,3698,36980000,36980100,162,405,36990000,32028
2,3699,36990000,36990100,162,405,37000000,32038
2,37,370000,370100,162,405,380000,318
2,370,3700000,3700100,162,405,3710000,3203
2,3700,37000000,37000100,162,405,37010000,32047
2,3701,37010000,37010100,162,405,37020000,32054
2,3702,37020000,37020100,162,405,37030000,32064
2,3703,37030000,37030100,162,405,37040000,32072
2,3704,37040000,37040100,162,405,37050000,32081
2,3705,37050000,37050100,162,405,37060000,32090
2,3706,37060000,37060100,162,405,37070000,32099
2,3707,37070000,37070100,162,405,37080000,32106
2,3708,37080000,37080100,162,405,37090000,32117
2,3709,37090000,37090100,162,405,37100000,32123
2,371,3710000,3710100,162,405,3720000,3211
2,3710,37100000,37100100,162,405,37110000,32133
2,3711,37110000,37110100,162,405,37120000,32141
2,3712,37120000,37120100,162,405,37130000,32151
2,3713,37130000,37130100,162,405,37140000,32159
2,3714,37140000,37140100,162,405,37150000,32169
2,3715,37150000,37150100,162,405,37160000,32176
2,3716,37160000,37160100,162,405,37170000,32184
2,3717,37170000,37170100,162,405,37180000,32194
2,3718,37180000,37180100,162,405,37190000,32202
2,3719,37190000,37190100,162,405,37200000,32208
2,372,3720000,3720100,162,405,3730000,3222
2,3720,37200000,37200100,162,405,37210000,32223
2,3721,37210000,37210100,162,405,37220000,32229
2,3722,37220000,37220100,162,405,37230000,32236
2,3723,37230000,37230100,162,405,37240000,32245
2,3724,37240000,37240100,162,405,37250000,32255
2,3725,37250000,37250100,162,405,37260000,32262
2,3726,37260000,37260100,162,405,37270000,32272
2,3727,37270000,37270100,162,405,37280000,32280
2,3728,37280000,37280100,162,405,37290000,32289
2,3729,37290000,37290100,162,405,37300000,32298
2,373,3730000,3730100,162,405,3740000,3228
2,3730,37300000,37300100,162,405,37310000,32306
2,3731,37310000,37310100,162,405,37320000,32314
2,3732,37320000,37320100,162,405,37330000,32325
2,3733,37330000,37330100,162,405,37340000,32331
2,3734,37340000,37340100,162,405,37350000,32341
2,3735,37350000,37350100,162,405,37360000,32350
2,3736,37360000,37360100,162,405,37370000,32359
2,3737,37370000,37370100,162,405,37380000,32365
2,3738,37380000,37380100,162,405,37390000,32377
2,3739,37390000,37390100,162,405,37400000,32383
2,374,3740000,3740100,162,405,3750000,3238
2,3740,37400000,37400100,162,405,37410000,32393
2,3741,37410000,37410100,162,405,37420000,32403
2,3742,37420000,37420100,162,405,37430000,32410
2,3743,37430000,37430100,162,405,37440000,32416
2,3744,37440000,37440100,162,405,37450000,32428
2,3745,37450000,37450100,162,405,37460000,32438
2,3746,37460000,37460100,162,405,37470000,32445
2,3747,37470000,37470100,162,405,37480000,32453
2,3748,37480000,37480100,162,405,37490000,32463
2,3749,37490000,37490100,162,405,37500000,32469
2,375,3750000,3750100,162,405,3760000,3247
2,3750,37500000,37500100,162,405,37510000,32480
2,3751,37510000,37510100,162,405,37520000,32487
2,3752,37520000,37520100,162,405,37530000,32498
2,3753,37530000,37530100,162,405,37540000,32506
2,3754,37540000,37540100,162,405,37550000,32513
2,3755,37550000,37550100,162,405,37560000,32522
2,3756,37560000,37560100,162,405,37570000,32534
2,3757,37570000,37570100,162,405,37580000,32540
2,3758,37580000,37580100,162,405,37590000,32547
2,3759,37590000,37590100,162,405,37600000,32557
2,376,3760000,3760100,162,405,3770000,3256
2,3760,37600000,37600100,162,405,37610000,32567
2,3761,37610000,37610100,162,405,37620000,32573
2,3762,37620000,37620100,162,405,37630000,32586
2,3763,37630000,37630100,162,405,37640000,32592
2,3764,37640000,37640100,162,405,37650000,32600
2,3765,37650000,37650100,162,405,37660000,32609
2,3766,37660000,37660100,162,405,37670000,32618
2,3767,37670000,37670100,162,405,37680000,32625
2,3768,37680000,37680100,162,405,37690000,32637
2,3769,37690000,37690100,162,405,37700000,32645
2,377,3770000,3770100,162,405,3780000,3262
2,3770,37700000,37700100,162,405,37710000,32653
2,3771,37710000,37710100,162,405,37720000,32661
2,3772,37720000,37720100,162,405,37730000,32669
2,3773,37730000,37730100,162,405,37740000,32678
2,3774,37740000,37740100,162,405,37750000,32688
2,3775,37750000,37750100,162,405,37760000,32695
2,3776,37760000,37760100,162,405,37770000,32706
2,3777,37770000,37770100,162,405,37780000,32714
2,3778,37780000,37780100,162,405,37790000,32722
2,3779,37790000,37790100,162,405,37800000,32728
2,378,3780000,3780100,162,405,3790000,3274
2,3780,37800000,37800100,162,405,37810000,32742
2,3781,37810000,37810100,162,405,37820000,32748
2,3782,37820000,37820100,162,405,37830000,32755
2,3783,37830000,37830100,162,405,37840000,32765
2,3784,37840000,37840100,162,405,37850000,32775
2,3785,37850000,37850100,162,405,37860000,32782
2,3786,37860000,37860100,162,405,37870000,32792
2,3787,37870000,37870100,162,405,37880000,32800
2,3788,37880000,37880100,162,405,37890000,32808
2,3789,37890000,37890100,162,405,37900000,32817
2,379,3790000,3790100,162,405,3800000,3281
2,3790,37900000,37900100,162,405,37910000,32827
2,3791,37910000,37910100,162,405,37920000,32833
2,3792,37920000,37920100,162,405,37930000,32845
2,3793,37930000,37930100,162,405,37940000,32851
2,3794,37940000,37940100,162,405,37950000,32860
2,3795,37950000,37950100,162,405,37960000,32870
2,3796,37960000,37960100,162,405,37970000,32878
2,3797,37970000,37970100,162,405,37980000,32886
2,3798,37980000,37980100,162,405,37990000,32896
2,3799,37990000,37990100,162,405,38000000,32902
2,38,380000,380100,162,405,390000,328
2,380,3800000,3800100,162,405,3810000,3290
2,3800,38000000,38000100,162,405,38010000,32913
2,3801,38010000,38010100,162,405,38020000,32923
2,3802,38020000,38020100,162,405,38030000,32930
2,3803,38030000,38030100,162,405,38040000,32936
2,3804,38040000,38040100,162,405,38050000,32949
2,3805,38050000,38050100,162,405,38060000,32956
2,3806,38060000,38060100,162,405,38070000,32964
2,3807,38070000,38070100,162,405,38080000,32972
2,3808,38080000,38080100,162,405,38090000,32983
2,3809,38090000,38090100,162,405,38100000,32989
2,381,3810000,3810100,162,405,3820000,3300
2,3810,38100000,38100100,162,405,38110000,33000
2,3811,38110000,38110100,162,405,38120000,33009
2,3812,38120000,38120100,162,405,38130000,33017
2,3813,38130000,38130100,162,405,38140000,33025
2,3814,38140000,38140100,162,405,38150000,33032
2,3815,38150000,38150100,162,405,38160000,33041
2,3816,38160000,38160100,162,405,38170000,33053
2,3817,38170000,38170100,162,405,38180000,33060
2,3818,38180000,38180100,162,405,38190000,33069
2,3819,38190000,38190100,162,405,38200000,33077
2,382,3820000,3820100,162,405,3830000,3307
2,3820,38200000,38200100,162,405,38210000,33086
2,3821,38210000,38210100,162,405,38220000,33092
2,3822,38220000,38220100,162,405,38230000,33105
2,3823,38230000,38230100,162,405,38240000,33111
2,3824,38240000,38240100,162,405,38250000,33120
2,3825,38250000,38250100,162,405,38260000,33131
2,3826,38260000,38260100,162,405,38270000,33138
2,3827,38270000,38270100,162,405,38280000,33144
2,3828,38280000,38280100,162,405,38290000,33156
2,3829,38290000,38290100,162,405,38300000,33164
2,383,3830000,3830100,162,405,3840000,3313
2,3830,38300000,38300100,162,405,38310000,33172
2,3831,38310000,38310100,162,405,38320000,33180
2,3832,38320000,38320100,162,405,38330000,33191
2,3833,38330000,38330100,162,405,38340000,33198
2,3834,38340000,38340100,162,405,38350000,33208
2,3835,38350000,38350100,162,405,38360000,33215
2,3836,38360000,38360100,162,405,38370000,33225
2,3837,38370000,38370100,162,405,38380000,33233
2,3838,38380000,38380100,162,405,38390000,33240
2,3839,38390000,38390100,162,405,38400000,33249
2,384,3840000,3840100,162,405,3850000,3325
2,3840,38400000,38400100,162,405,38410000,33262
2,3841,38410000,38410100,162,405,38420000,33268
2,3842,38420000,38420100,162,405,38430000,33275
2,3843,38430000,38430100,162,405,38440000,33285
2,3844,38440000,38440100,162,405,38450000,33294
2,3845,38450000,38450100,162,405,38460000,33301
2,3846,38460000,38460100,162,405,38470000,33313
2,3847,38470000,38470100,162,405,38480000,33319
2,3848,38480000,38480100,162,405,38490000,33328
2,3849,38490000,38490100,162,405,38500000,33336
2,385,3850000,3850100,162,405,3860000,3335
2,3850,38500000,38500100,162,405,38510000,33347
2,3851,38510000,38510100,162,405,38520000,33353
2,3852,38520000,38520100,162,405,38530000,33364
2,3853,38530000,38530100,162,405,38540000,33372
2,3854,38540000,38540100,162,405,38550000,33379
2,3855,38550000,38550100,162,405,38560000,33389
2,3856,38560000,38560100,162,405,38570000,33398
2,3857,38570000,38570100,162,405,38580000,33406
2,3858,38580000,38580100,162,405,38590000,33416
2,3859,38590000,38590100,162,405,38600000,33422
2,386,3860000,3860100,162,405,3870000,3342
2,3860,38600000,38600100,162,405,38610000,33433
2,3861,38610000,38610100,162,405,38620000,33442
2,3862,38620000,38620100,162,405,38630000,33449
2,3863,38630000,38630100,162,405,38640000,33455
2,3864,38640000,38640100,162,405,38650000,33469
2,3865,38650000,38650100,162,405,38660000,33476
2,3866,38660000,38660100,162,405,38670000,33484
2,3867,38670000,38670100,162,405,38680000,33494
2,3868,38680000,38680100,162,405,38690000,33502
2,3869,38690000,38690100,162,405,38700000,33508
2,387,3870000,3870100,162,405,3880000,3350
2,3870,38700000,38700100,162,405,38710000,33519
2,3871,38710000,38710100,162,405,38720000,33527
2,3872,38720000,38720100,162,405,38730000,33537
2,3873,38730000,38730100,162,405,38740000,33545
2,3874,38740000,38740100,162,405,38750000,33554
2,3875,38750000,38750100,162,405,38760000,33561
2,3876,38760000,38760100,162,405,38770000,33572
2,3877,38770000,38770100,162,405,38780000,33579
2,3878,38780000,38780100,162,405,38790000,33588
2,3879,38790000,38790100,162,405,38800000,33596
2,388,3880000,3880100,162,405,3890000,3360
2,3880,38800000,38800100,162,405,38810000,33606
2,3881,38810000,38810100,162,405,38820000,33614
2,3882,38820000,38820100,162,405,38830000,33624
2,3883,38830000,38830100,162,405,38840000,33631
2,3884,38840000,38840100,162,405,38850000,33639
2,3885,38850000,38850100,162,405,38860000,33650
2,3886,38860000,38860100,162,405,38870000,33657
2,3887,38870000,38870100,162,405,38880000,33663
2,3888,38880000,38880100,162,405,38890000,33678
2,3889,38890000,38890100,162,405,38900000,33684
2,389,3890000,3890100,162,405,3900000,3366
2,3890,38900000,38900100,162,405,38910000,33692
2,3891,38910000,38910100,162,405,38920000,33700
2,3892,38920000,38920100,162,405,38930000,33710
2,3893,38930000,38930100,162,405,38940000,33716
2,3894,38940000,38940100,162,405,38950000,33727
2,3895,38950000,38950100,162,405,38960000,33736
2,3896,38960000,38960100,162,405,38970000,33745
2,3897,38970000,38970100,162,405,38980000,33753
2,3898,38980000,38980100,162,405,38990000,33760
2,3899,38990000,38990100,162,405,39000000,33769
2,39,390000,390100,162,405,400000,336
2,390,3900000,3900100,162,405,3910000,3378
2,3900,39000000,39000100,162,405,39010000,33781
2,3901,39010000,39010100,162,405,39020000,33787
2,3902,39020000,39020100,162,405,39030000,33796
2,3903,39030000,39030100,162,405,39040000,33804
2,3904,39040000,39040100,162,405,39050000,33813
2,3905,39050000,39050100,162,405,39060000,33821
2,3906,39060000,39060100,162,405,39070000,33833
2,3907,39070000,39070100,162,405,39080000,33839
2,3908,39080000,39080100,162,405,39090000,33847
2,3909,39090000,39090100,162,405,39100000,33857
2,391,3910000,3910100,162,405,3920000,3384
2,3910,39100000,39100100,162,405,39110000,33866
2,3911,39110000,39110100,162,405,39120000,33872
2,3912,39120000,39120100,162,405,39130000,33884
2,3913,39130000,39130100,162,405,39140000,33892
2,3914,39140000,39140100,162,405,39150000,33899
2,3915,39150000,39150100,162,405,39160000,33908
2,3916,39160000,39160100,162,405,39170000,33919
2,3917,39170000,39170100,162,405,39180000,33925
2,3918,39180000,39180100,162,405,39190000,33935
2,3919,39190000,39190100,162,405,39200000,33941
2,392,3920000,3920100,162,405,3930000,3395
2,3920,39200000,39200100,162,405,39210000,33953
2,3921,39210000,39210100,162,405,39220000,33962
2,3922,39220000,39220100,162,405,39230000,33969
2,3923,39230000,39230100,162,405,39240000,33977
2,3924,39240000,39240100,162,405,39250000,33988
2,3925,39250000,39250100,162,405,39260000,33995
2,3926,39260000,39260100,162,405,39270000,34002
2,3927,39270000,39270100,162,405,39280000,34013
2,3928,39280000,39280100,162,405,39290000,34022
2,3929,39290000,39290100,162,405,39300000,34028
2,393,3930000,3930100,162,405,3940000,3403
2,3930,39300000,39300100,162,405,39310000,34041
2,3931,39310000,39310100,162,405,39320000,34047
2,3932,39320000,39320100,162,405,39330000,34056
2,3933,39330000,39330100,162,405,39340000,34064
2,3934,39340000,39340100,162,405,39350000,34073
2,3935,39350000,39350100,162,405,39360000,34080
2,3936,39360000,39360100,162,405,39370000,34092
2,3937,39370000,39370100,162,405,39380000,34100
2,3938,39380000,39380100,162,405,39390000,34108
2,3939,39390000,39390100,162,405,39400000,34116
2,394,3940000,3940100,162,405,3950000,3410
2,3940,39400000,39400100,162,405,39410000,34125
2,3941,39410000,39410100,162,405,39420000,34133
2,3942,39420000,39420100,162,405,39430000,34143
2,3943,39430000,39430100,162,405,39440000,34150
2,3944,39440000,39440100,162,405,39450000,34161
2,3945,39450000,39450100,162,405,39460000,34170
2,3946,39460000,39460100,162,405,39470000,34177
2,3947,39470000,39470100,162,405,39480000,34183
2,3948,39480000,39480100,162,405,39490000,34196
2,3949,39490000,39490100,162,405,39500000,34203
2,395,3950000,3950100,162,405,3960000,3419
2,3950,39500000,39500100,162,405,39510000,34211
2,3951,39510000,39510100,162,405,39520000,34221
2,3952,39520000,39520100,162,405,39530000,34230
2,3953,39530000,39530100,162,405,39540000,34236
2,3954,39540000,39540100,162,405,39550000,34247
2,3955,39550000,39550100,162,405,39560000,34256
2,3956,39560000,39560100,162,405,39570000,34264
2,3957,39570000,39570100,162,405,39580000,34272
2,3958,39580000,39580100,162,405,39590000,34281
2,3959,39590000,39590100,162,405,39600000,34287
2,396,3960000,3960100,162,405,3970000,3431
2,3960,39600000,39600100,162,405,39610000,34301
2,3961,39610000,39610100,162,405,39620000,34307
2,3962,39620000,39620100,162,405,39630000,34316
2,3963,39630000,39630100,162,405,39640000,34324
2,3964,39640000,39640100,162,405,39650000,34332
2,3965,39650000,39650100,162,405,39660000,34342
2,3966,39660000,39660100,162,405,39670000,34352
2,3967,39670000,39670100,162,405,39680000,34358
2,3968,39680000,39680100,162,405,39690000,34367
2,3969,39690000,39690100,162,405,39700000,34377
2,397,3970000,3970100,162,405,3980000,3437
2,3970,39700000,39700100,162,405,39710000,34385
2,3971,39710000,39710100,162,405,39720000,34392
2,3972,39720000,39720100,162,405,39730000,34405
2,3973,39730000,39730100,162,405,39740000,34411
2,3974,39740000,39740100,162,405,39750000,34418
2,3975,39750000,39750100,162,405,39760000,34427
2,3976,39760000,39760100,162,405,39770000,34439
2,3977,39770000,39770100,162,405,39780000,34445
2,3978,39780000,39780100,162,405,39790000,34455
2,3979,39790000,39790100,162,405,39800000,34463
2,398,3980000,3980100,162,405,3990000,3444
2,3980,39800000,39800100,162,405,39810000,34472
2,3981,39810000,39810100,162,405,39820000,34480
2,3982,39820000,39820100,162,405,39830000,34488
2,3983,39830000,39830100,162,405,39840000,34496
2,3984,39840000,39840100,162,405,39850000,34508
2,3985,39850000,39850100,162,405,39860000,34515
2,3986,39860000,39860100,162,405,39870000,34524
2,3987,39870000,39870100,162,405,39880000,34533
2,3988,39880000,39880100,162,405,39890000,34541
2,3989,39890000,39890100,162,405,39900000,34547
2,399,3990000,3990100,162,405,4000000,3454
2,3990,39900000,39900100,162,405,39910000,34560
2,3991,39910000,39910100,162,405,39920000,34566
2,3992,39920000,39920100,162,405,39930000,34575
2,3993,39930000,39930100,162,405,39940000,34586
2,3994,39940000,39940100,162,405,39950000,34593
2,3995,39950000,39950100,162,405,39960000,34600
2,3996,39960000,39960100,162,405,39970000,34611
2,3997,39970000,39970100,162,405,39980000,34619
2,3998,39980000,39980100,162,405,39990000,34627
2,3999,39990000,39990100,162,405,40000000,34635
2,4,40000,40100,162,405,50000,33
2,40,400000,400100,162,405,410000,346
2,400,4000000,4000100,162,405,4010000,3464
2,4000,40000000,40000100,162,405,40010000,34647
2,4001,40010000,40010100,162,405,40020000,34653
2,4002,40020000,40020100,162,405,40030000,34663
2,4003,40030000,40030100,162,405,40040000,34669
2,4004,40040000,40040100,162,405,40050000,34680
2,4005,40050000,40050100,162,405,40060000,34689
2,4006,40060000,40060100,162,405,40070000,34696
2,4007,40070000,40070100,162,405,40080000,34704
2,4008,40080000,40080100,162,405,40090000,34716
2,4009,40090000,40090100,162,405,40100000,34723
2,401,4010000,4010100,162,405,4020000,3471
2,4010,40100000,40100100,162,405,40110000,34731
2,4011,40110000,40110100,162,405,40120000,34741
2,4012,40120000,40120100,162,405,40130000,34749
2,4013,40130000,40130100,162,405,40140000,34755
2,4014,40140000,40140100,162,405,40150000,34767
2,4015,40150000,40150100,162,405,40160000,34775
2,4016,40160000,40160100,162,405,40170000,34784
2,4017,40170000,40170100,162,405,40180000,34792
2,4018,40180000,40180100,162,405,40190000,34801
2,4019,40190000,40190100,162,405,40200000,34807
2,402,4020000,4020100,162,405,4030000,3483
2,4020,40200000,40200100,162,405,40210000,34820
2,4021,40210000,40210100,162,405,40220000,34828
2,4022,40220000,40220100,162,405,40230000,34835
2,4023,40230000,40230100,162,405,40240000,34843
2,4024,40240000,40240100,162,405,40250000,34852
2,4025,40250000,40250100,162,405,40260000,34861
2,4026,40260000,40260100,162,405,40270000,34872
2,4027,40270000,40270100,162,405,40280000,34878
2,4028,40280000,40280100,162,405,40290000,34888
2,4029,40290000,40290100,162,405,40300000,34896
2,403,4030000,4030100,162,405,4040000,3489
2,4030,40300000,40300100,162,405,40310000,34904
2,4031,40310000,40310100,162,405,40320000,34911
2,4032,40320000,40320100,162,405,40330000,34925
2,4033,40330000,40330100,162,405,40340000,34931
2,4034,40340000,40340100,162,405,40350000,34938
2,4035,40350000,40350100,162,405,40360000,34949
2,4036,40360000,40360100,162,405,40370000,34957
2,4037,40370000,40370100,162,405,40380000,34964
2,4038,40380000,40380100,162,405,40390000,34974
2,4039,40390000,40390100,162,405,40400000,34982
2,404,4040000,4040100,162,405,4050000,3497
2,4040,40400000,40400100,162,405,40410000,34992
2,4041,40410000,40410100,162,405,40420000,35000
2,4042,40420000,40420100,162,405,40430000,35010
2,4043,40430000,40430100,162,405,40440000,35016
2,4044,40440000,40440100,162,405,40450000,35027
2,4045,40450000,40450100,162,405,40460000,35034
2,4046,40460000,40460100,162,405,40470000,35043
2,4047,40470000,40470100,162,405,40480000,35051
2,4048,40480000,40480100,162,405,40490000,35061
2,4049,40490000,40490100,162,405,40500000,35069
2,405,4050000,4050100,162,405,4060000,3506
2,4050,40500000,40500100,162,405,40510000,35080
2,4051,40510000,40510100,162,405,40520000,35086
2,4052,40520000,40520100,162,405,40530000,35094
2,4053,40530000,40530100,162,405,40540000,35105
2,4054,40540000,40540100,162,405,40550000,35112
2,4055,40550000,40550100,162,405,40560000,35119
2,4056,40560000,40560100,162,405,40570000,35133
2,4057,40570000,40570100,162,405,40580000,35139
2,4058,40580000,40580100,162,405,40590000,35146
2,4059,40590000,40590100,162,405,40600000,35155
2,406,4060000,4060100,162,405,4070000,3515
2,4060,40600000,40600100,162,405,40610000,35166
2,4061,40610000,40610100,162,405,40620000,35172
2,4062,40620000,40620100,162,405,40630000,35182
2,4063,40630000,40630100,162,405,40640000,35190
2,4064,40640000,40640100,162,405,40650000,35200
2,4065,40650000,40650100,162,405,40660000,35209
2,4066,40660000,40660100,162,405,40670000,35216
2,4067,40670000,40670100,162,405,40680000,35224
2,4068,40680000,40680100,162,405,40690000,35235
2,4069,40690000,40690100,162,405,40700000,35241
2,407,4070000,4070100,162,405,4080000,3522
2,4070,40700000,40700100,162,405,40710000,35252
2,4071,40710000,40710100,162,405,40720000,35260
2,4072,40720000,40720100,162,405,40730000,35269
2,4073,40730000,40730100,162,405,40740000,35275
2,4074,40740000,40740100,162,405,40750000,35287
2,4075,40750000,40750100,162,405,40760000,35295
2,4076,40760000,40760100,162,405,40770000,35303
2,4077,40770000,40770100,162,405,40780000,35313
2,4078,40780000,40780100,162,405,40790000,35320
2,4079,40790000,40790100,162,405,40800000,35326
2,408,4080000,4080100,162,405,4090000,3534
2,4080,40800000,40800100,162,405,40810000,35339
2,4081,40810000,40810100,162,405,40820000,35348
2,4082,40820000,40820100,162,405,40830000,35355
2,4083,40830000,40830100,162,405,40840000,35363
2,4084,40840000,40840100,162,405,40850000,35373
2,4085,40850000,40850100,162,405,40860000,35380
2,4086,40860000,40860100,162,405,40870000,35391
2,4087,40870000,40870100,162,405,40880000,35397
2,4088,40880000,40880100,162,405,40890000,35408
2,4089,40890000,40890100,162,405,40900000,35416
2,409,4090000,4090100,162,405,4100000,3542
2,4090,40900000,40900100,162,405,40910000,35424
2,4091,40910000,40910100,162,405,40920000,35432
2,4092,40920000,40920100,162,405,40930000,35444
2,4093,40930000,40930100,162,405,40940000,35450
2,4094,40940000,40940100,162,405,40950000,35457
2,4095,40950000,40950100,162,405,40960000,35468
2,4096,40960000,40960100,162,405,40970000,35477
2,4097,40970000,40970100,162,405,40980000,35484
2,4098,40980000,40980100,162,405,40990000,35496
2,4099,40990000,40990100,162,405,41000000,35502
2,41,410000,410100,162,405,420000,352
2,410,4100000,4100100,162,405,4110000,3550
2,4100,41000000,41000100,162,405,41010000,35511
2,4101,41010000,41010100,162,405,41020000,35519
2,4102,41020000,41020100,162,405,41030000,35528
2,4103,41030000,41030100,162,405,41040000,35535
2,4104,41040000,41040100,162,405,41050000,35547
2,4105,41050000,41050100,162,405,41060000,35556
2,4106,41060000,41060100,162,405,41070000,35563
2,4107,41070000,41070100,162,405,41080000,35571
2,4108,41080000,41080100,162,405,41090000,35580
2,4109,41090000,41090100,162,405,41100000,35588
2,411,4110000,4110100,162,405,4120000,3558
2,4110,41100000,41100100,162,405,41110000,35599
2,4111,41110000,41110100,162,405,41120000,35605
2,4112,41120000,41120100,162,405,41130000,35616
2,4113,41130000,41130100,162,405,41140000,35624
2,4114,41140000,41140100,162,405,41150000,35632
2,4115,41150000,41150100,162,405,41160000,35639
2,4116,41160000,41160100,162,405,41170000,35652
2,4117,41170000,41170100,162,405,41180000,35658
2,4118,41180000,41180100,162,405,41190000,35665
2,4119,41190000,41190100,162,405,41200000,35676
2,412,4120000,4120100,162,405,4130000,3567
2,4120,41200000,41200100,162,405,41210000,35686
2,4121,41210000,41210100,162,405,41220000,35692
2,4122,41220000,41220100,162,405,41230000,35702
2,4123,41230000,41230100,162,405,41240000,35710
2,4124,41240000,41240100,162,405,41250000,35718
2,4125,41250000,41250100,162,405,41260000,35728
2,4126,41260000,41260100,162,405,41270000,35737
2,4127,41270000,41270100,162,405,41280000,35743
2,4128,41280000,41280100,162,405,41290000,35755
2,4129,41290000,41290100,162,405,41300000,35761
2,413,4130000,4130100,162,405,4140000,3575
2,4130,41300000,41300100,162,405,41310000,35772
2,4131,41310000,41310100,162,405,41320000,35780
2,4132,41320000,41320100,162,405,41330000,35788
2,4133,41330000,41330100,162,405,41340000,35796
2,4134,41340000,41340100,162,405,41350000,35806
2,4135,41350000,41350100,162,405,41360000,35813
2,4136,41360000,41360100,162,405,41370000,35823
2,4137,41370000,41370100,162,405,41380000,35833
2,4138,41380000,41380100,162,405,41390000,35840
2,4139,41390000,41390100,162,405,41400000,35846
2,414,4140000,4140100,162,405,4150000,3585
2,4140,41400000,41400100,162,405,41410000,35860
2,4141,41410000,41410100,162,405,41420000,35867
2,4142,41420000,41420100,162,405,41430000,35874
2,4143,41430000,41430100,162,405,41440000,35882
2,4144,41440000,41440100,162,405,41450000,35893
2,4145,41450000,41450100,162,405,41460000,35900
2,4146,41460000,41460100,162,405,41470000,35910
2,4147,41470000,41470100,162,405,41480000,35919
2,4148,41480000,41480100,162,405,41490000,35927
2,4149,41490000,41490100,162,405,41500000,35935
2,415,4150000,4150100,162,405,4160000,3592
2,4150,41500000,41500100,162,405,41510000,35943
2,4151,41510000,41510100,162,405,41520000,35951
2,4152,41520000,41520100,162,405,41530000,35964
2,4153,41530000,41530100,162,405,41540000,35970
2,4154,41540000,41540100,162,405,41550000,35979
2,4155,41550000,41550100,162,405,41560000,35988
2,4156,41560000,41560100,162,405,41570000,35996
2,4157,41570000,41570100,162,405,41580000,36002
2,4158,41580000,41580100,162,405,41590000,36015
2,4159,41590000,41590100,162,405,41600000,36021
2,416,4160000,4160100,162,405,4170000,3603
2,4160,41600000,41600100,162,405,41610000,36031
2,4161,41610000,41610100,162,405,41620000,36041
2,4162,41620000,41620100,162,405,41630000,36048
2,4163,41630000,41630100,162,405,41640000,36055
2,4164,41640000,41640100,162,405,41650000,36066
2,4165,41650000,41650100,162,405,41660000,36075
2,4166,41660000,41660100,162,405,41670000,36082
2,4167,41670000,41670100,162,405,41680000,36090
2,4168,41680000,41680100,162,405,41690000,36101
2,4169,41690000,41690100,162,405,41700000,36108
2,417,4170000,4170100,162,405,4180000,3611
2,4170,41700000,41700100,162,405,41710000,36119
2,4171,41710000,41710100,162,405,41720000,36125
2,4172,41720000,41720100,162,405,41730000,36135
2,4173,41730000,41730100,162,405,41740000,36143
2,4174,41740000,41740100,162,405,41750000,36151
2,4175,41750000,41750100,162,405,41760000,36160
2,4176,41760000,41760100,162,405,41770000,36172
2,4177,41770000,41770100,162,405,41780000,36178
2,4178,41780000,41780100,162,405,41790000,36185
2,4179,41790000,41790100,162,405,41800000,36195
2,418,4180000,4180100,162,405,4190000,3619
2,4180,41800000,41800100,162,405,41810000,36205
2,4181,41810000,41810100,162,405,41820000,36211
2,4182,41820000,41820100,162,405,41830000,36223
2,4183,41830000,41830100,162,405,41840000,36229
2,4184,41840000,41840100,162,405,41850000,36238
2,4185,41850000,41850100,162,405,41860000,36248
2,4186,41860000,41860100,162,405,41870000,36257
2,4187,41870000,41870100,162,405,41880000,36263
2,4188,41880000,41880100,162,405,41890000,36274
2,4189,41890000,41890100,162,405,41900000,36282
2,419,4190000,4190100,162,405,4200000,3625
2,4190,41900000,41900100,162,405,41910000,36290
2,4191,41910000,41910100,162,405,41920000,36299
2,4192,41920000,41920100,162,405,41930000,36308
2,4193,41930000,41930100,162,405,41940000,36316
2,4194,41940000,41940100,162,405,41950000,36326
2,4195,41950000,41950100,162,405,41960000,36333
2,4196,41960000,41960100,162,405,41970000,36344
2,4197,41970000,41970100,162,405,41980000,36352
2,4198,41980000,41980100,162,405,41990000,36359
2,4199,41990000,41990100,162,405,42000000,36365
2,42,420000,420100,162,405,430000,364
2,420,4200000,4200100,162,405,4210000,3639
2,4200,42000000,42000100,162,405,42010000,36380
2,4201,42010000,42010100,162,405,42020000,36386
2,4202,42020000,42020100,162,405,42030000,36394
2,4203,42030000,42030100,162,405,42040000,36404
2,4204,42040000,42040100,162,405,42050000,36412
2,4205,42050000,42050100,162,405,42060000,36419
2,4206,42060000,42060100,162,405,42070000,36429
2,4207,42070000,42070100,162,405,42080000,36438
2,4208,42080000,42080100,162,405,42090000,36447
2,4209,42090000,42090100,162,405,42100000,36455
2,421,4210000,4210100,162,405,4220000,3645
2,4210,42100000,42100100,162,405,42110000,36465
2,4211,42110000,42110100,162,405,42120000,36471
2,4212,42120000,42120100,162,405,42130000,36482
2,4213,42130000,42130100,162,405,42140000,36489
2,4214,42140000,42140100,162,405,42150000,36498
2,4215,42150000,42150100,162,405,42160000,36507
2,4216,42160000,42160100,162,405,42170000,36516
2,4217,42170000,42170100,162,405,42180000,36524
2,4218,42180000,42180100,162,405,42190000,36535
2,4219,42190000,42190100,162,405,42200000,36541
2,422,4220000,4220100,162,405,4230000,3652
2,4220,42200000,42200100,162,405,42210000,36550
2,4221,42210000,42210100,162,405,42220000,36560
2,4222,42220000,42220100,162,405,42230000,36567
2,4223,42230000,42230100,162,405,42240000,36573
2,4224,42240000,42240100,162,405,42250000,36588
2,4225,42250000,42250100,162,405,42260000,36595
2,4226,42260000,42260100,162,405,42270000,36602
2,4227,42270000,42270100,162,405,42280000,36610
2,4228,42280000,42280100,162,405,42290000,36620
2,4229,42290000,42290100,162,405,42300000,36627
2,423,4230000,4230100,162,405,4240000,3663
2,4230,42300000,42300100,162,405,42310000,36638
2,4231,42310000,42310100,162,405,42320000,36646
2,4232,42320000,42320100,162,405,42330000,36655
2,4233,42330000,42330100,162,405,42340000,36663
2,4234,42340000,42340100,162,405,42350000,36670
2,4235,42350000,42350100,162,405,42360000,36680
2,4236,42360000,42360100,162,405,42370000,36691
2,4237,42370000,42370100,162,405,42380000,36697
2,4238,42380000,42380100,162,405,42390000,36706
2,4239,42390000,42390100,162,405,42400000,36714
2,424,4240000,4240100,162,405,4250000,3672
2,4240,42400000,42400100,162,405,42410000,36725
2,4241,42410000,42410100,162,405,42420000,36731
2,4242,42420000,42420100,162,405,42430000,36743
2,4243,42430000,42430100,162,405,42440000,36749
2,4244,42440000,42440100,162,405,42450000,36757
2,4245,42450000,42450100,162,405,42460000,36768
2,4246,42460000,42460100,162,405,42470000,36776
2,4247,42470000,42470100,162,405,42480000,36782
2,4248,42480000,42480100,162,405,42490000,36794
2,4249,42490000,42490100,162,405,42500000,36802
2,425,4250000,4250100,162,405,4260000,3679
2,4250,42500000,42500100,162,405,42510000,36810
2,4251,42510000,42510100,162,405,42520000,36819
2,4252,42520000,42520100,162,405,42530000,36829
2,4253,42530000,42530100,162,405,42540000,36835
2,4254,42540000,42540100,162,405,42550000,36845
2,4255,42550000,42550100,162,405,42560000,36852
2,4256,42560000,42560100,162,405,42570000,36863
2,4257,42570000,42570100,162,405,42580000,36872
2,4258,42580000,42580100,162,405,42590000,36879
2,4259,42590000,42590100,162,405,42600000,36887
2,426,4260000,4260100,162,405,4270000,3689
2,4260,42600000,42600100,162,405,42610000,36899
2,4261,42610000,42610100,162,405,42620000,36905
2,4262,42620000,42620100,162,405,42630000,36913
2,4263,42630000,42630100,162,405,42640000,36923
2,4264,42640000,42640100,162,405,42650000,36932
2,4265,42650000,42650100,162,405,42660000,36939
2,4266,42660000,42660100,162,405,42670000,36951
2,4267,42670000,42670100,162,405,42680000,36957
2,4268,42680000,42680100,162,405,42690000,36966
2,4269,42690000,42690100,162,405,42700000,36974
2,427,4270000,4270100,162,405,4280000,3697
2,4270,42700000,42700100,162,405,42710000,36984
2,4271,42710000,42710100,162,405,42720000,36990
2,4272,42720000,42720100,162,405,42730000,37002
2,4273,42730000,42730100,162,405,42740000,37011
2,4274,42740000,42740100,162,405,42750000,37018
2,4275,42750000,42750100,162,405,42760000,37027
2,4276,42760000,42760100,162,405,42770000,37035
2,4277,42770000,42770100,162,405,42780000,37043
2,4278,42780000,42780100,162,405,42790000,37053
2,4279,42790000,42790100,162,405,42800000,37060
2,428,4280000,4280100,162,405,4290000,3705
2,4280,42800000,42800100,162,405,42810000,37072
2,4281,42810000,42810100,162,405,42820000,37080
2,4282,42820000,42820100,162,405,42830000,37087
2,4283,42830000,42830100,162,405,42840000,37093
2,4284,42840000,42840100,162,405,42850000,37107
2,4285,42850000,42850100,162,405,42860000,37114
2,4286,42860000,42860100,162,405,42870000,37121
2,4287,42870000,42870100,162,405,42880000,37131
2,4288,42880000,42880100,162,405,42890000,37140
2,4289,42890000,42890100,162,405,42900000,37146
2,429,4290000,4290100,162,405,4300000,3714
2,4290,42900000,42900100,162,405,42910000,37158
2,4291,42910000,42910100,162,405,42920000,37166
2,4292,42920000,42920100,162,405,42930000,37174
2,4293,42930000,42930100,162,405,42940000,37182
2,4294,42940000,42940100,162,405,42950000,37191
2,4295,42950000,42950100,162,405,42960000,37199
2,4296,42960000,42960100,162,405,42970000,37211
2,4297,42970000,42970100,162,405,42980000,37217
2,4298,42980000,42980100,162,405,42990000,37226
2,4299,42990000,42990100,162,405,43000000,37234
2,43,430000,430100,162,405,440000,370
2,430,4300000,4300100,162,405,4310000,3724
2,4300,43000000,43000100,162,405,43010000,37243
2,4301,43010000,43010100,162,405,43020000,37252
2,4302,43020000,43020100,162,405,43030000,37262
2,4303,43030000,43030100,162,405,43040000,37268
2,4304,43040000,43040100,162,405,43050000,37277
2,4305,43050000,43050100,162,405,43060000,37288
2,4306,43060000,43060100,162,405,43070000,37296
2,4307,43070000,43070100,162,405,43080000,37302
2,4308,43080000,43080100,162,405,43090000,37315
2,4309,43090000,43090100,162,405,43100000,37321
2,431,4310000,4310100,162,405,4320000,3730
2,4310,43100000,43100100,162,405,43110000,37329
2,4311,43110000,43110100,162,405,43120000,37337
2,4312,43120000,43120100,162,405,43130000,37349
2,4313,43130000,43130100,162,405,43140000,37355
2,4314,43140000,43140100,162,405,43150000,37365
2,4315,43150000,43150100,162,405,43160000,37374
2,4316,43160000,43160100,162,405,43170000,37382
2,4317,43170000,43170100,162,405,43180000,37391
2,4318,43180000,43180100,162,405,43190000,37398
2,4319,43190000,43190100,162,405,43200000,37406
2,432,4320000,4320100,162,405,4330000,3742
2,4320,43200000,43200100,162,405,43210000,37419
2,4321,43210000,43210100,162,405,43220000,37425
2,4322,43220000,43220100,162,405,43230000,37434
2,4323,43230000,43230100,162,405,43240000,37443
2,4324,43240000,43240100,162,405,43250000,37451
2,4325,43250000,43250100,162,405,43260000,37458
2,4326,43260000,43260100,162,405,43270000,37470
2,4327,43270000,43270100,162,405,43280000,37476
2,4328,43280000,43280100,162,405,43290000,37486
2,4329,43290000,43290100,162,405,43300000,37496
2,433,4330000,4330100,162,405,4340000,3748
2,4330,43300000,43300100,162,405,43310000,37504
2,4331,43310000,43310100,162,405,43320000,37510
2,4332,43320000,43320100,162,405,43330000,37521
2,4333,43330000,43330100,162,405,43340000,37529
2,4334,43340000,43340100,162,405,43350000,37537
2,4335,43350000,43350100,162,405,43360000,37546
2,4336,43360000,43360100,162,405,43370000,37557
2,4337,43370000,43370100,162,405,43380000,37563
2,4338,43380000,43380100,162,405,43390000,37573
2,4339,43390000,43390100,162,405,43400000,37580
2,434,4340000,4340100,162,405,4350000,3758
2,4340,43400000,43400100,162,405,43410000,37591
2,4341,43410000,43410100,162,405,43420000,37599
2,4342,43420000,43420100,162,405,43430000,37606
2,4343,43430000,43430100,162,405,43440000,37614
2,4344,43440000,43440100,162,405,43450000,37626
2,4345,43450000,43450100,162,405,43460000,37634
2,4346,43460000,43460100,162,405,43470000,37641
2,4347,43470000,43470100,162,405,43480000,37651
2,4348,43480000,43480100,162,405,43490000,37659
2,4349,43490000,43490100,162,405,43500000,37665
2,435,4350000,4350100,162,405,4360000,3767
2,4350,43500000,43500100,162,405,43510000,37679
2,4351,43510000,43510100,162,405,43520000,37685
2,4352,43520000,43520100,162,405,43530000,37694
2,4353,43530000,43530100,162,405,43540000,37702
2,4354,43540000,43540100,162,405,43550000,37711
2,4355,43550000,43550100,162,405,43560000,37718
2,4356,43560000,43560100,162,405,43570000,37730
2,4357,43570000,43570100,162,405,43580000,37738
2,4358,43580000,43580100,162,405,43590000,37745
2,4359,43590000,43590100,162,405,43600000,37753
2,436,4360000,4360100,162,405,4370000,3775
2,4360,43600000,43600100,162,405,43610000,37763
2,4361,43610000,43610100,162,405,43620000,37772
2,4362,43620000,43620100,162,405,43630000,37782
2,4363,43630000,43630100,162,405,43640000,37788
2,4364,43640000,43640100,162,405,43650000,37798
2,4365,43650000,43650100,162,405,43660000,37807
2,4366,43660000,43660100,162,405,43670000,37814
2,4367,43670000,43670100,162,405,43680000,37821
2,4368,43680000,43680100,162,405,43690000,37835
2,4369,43690000,43690100,162,405,43700000,37841
2,437,4370000,4370100,162,405,4380000,3783
2,4370,43700000,43700100,162,405,43710000,37849
2,4371,43710000,43710100,162,405,43720000,37859
2,4372,43720000,43720100,162,405,43730000,37868
2,4373,43730000,43730100,162,405,43740000,37874
2,4374,43740000,43740100,162,405,43750000,37884
2,4375,43750000,43750100,162,405,43760000,37893
2,4376,43760000,43760100,162,405,43770000,37902
2,4377,43770000,43770100,162,405,43780000,37910
2,4378,43780000,43780100,162,405,43790000,37920
2,4379,43790000,43790100,162,405,43800000,37926
2,438,4380000,4380100,162,405,4390000,3793
2,4380,43800000,43800100,162,405,43810000,37938
2,4381,43810000,43810100,162,405,43820000,37944
2,4382,43820000,43820100,162,405,43830000,37953
2,4383,43830000,43830100,162,405,43840000,37962
2,4384,43840000,43840100,162,405,43850000,37971
2,4385,43850000,43850100,162,405,43860000,37980
2,4386,43860000,43860100,162,405,43870000,37990
2,4387,43870000,43870100,162,405,43880000,37996
2,4388,43880000,43880100,162,405,43890000,38004
2,4389,43890000,43890100,162,405,43900000,38015
2,439,4390000,4390100,162,405,4400000,3799
2,4390,43900000,43900100,162,405,43910000,38023
2,4391,43910000,43910100,162,405,43920000,38029
2,4392,43920000,43920100,162,405,43930000,38043
2,4393,43930000,43930100,162,405,43940000,38049
2,4394,43940000,43940100,162,405,43950000,38057
2,4395,43950000,43950100,162,405,43960000,38066
2,4396,43960000,43960100,162,405,43970000,38076
2,4397,43970000,43970100,162,405,43980000,38082
2,4398,43980000,43980100,162,405,43990000,38092
2,4399,43990000,43990100,162,405,44000000,38100
2,44,440000,440100,162,405,450000,379
2,440,4400000,4400100,162,405,4410000,3810
2,4400,44000000,44000100,162,405,44010000,38111
2,4401,44010000,44010100,162,405,44020000,38119
2,4402,44020000,44020100,162,405,44030000,38126
2,4403,44030000,44030100,162,405,44040000,38134
2,4404,44040000,44040100,162,405,44050000,38145
2,4405,44050000,44050100,162,405,44060000,38153
2,4406,44060000,44060100,162,405,44070000,38162
2,4407,44070000,44070100,162,405,44080000,38170
2,4408,44080000,44080100,162,405,44090000,38179
2,4409,44090000,44090100,162,405,44100000,38185
2,441,4410000,4410100,162,405,4420000,3820
2,4410,44100000,44100100,162,405,44110000,38198
2,4411,44110000,44110100,162,405,44120000,38205
2,4412,44120000,44120100,162,405,44130000,38213
2,4413,44130000,44130100,162,405,44140000,38223
2,4414,44140000,44140100,162,405,44150000,38230
2,4415,44150000,44150100,162,405,44160000,38237
2,4416,44160000,44160100,162,405,44170000,38250
2,4417,44170000,44170100,162,405,44180000,38258
2,4418,44180000,44180100,162,405,44190000,38265
2,4419,44190000,44190100,162,405,44200000,38273
2,442,4420000,4420100,162,405,4430000,3827
2,4420,44200000,44200100,162,405,44210000,38284
2,4421,44210000,44210100,162,405,44220000,38290
2,4422,44220000,44220100,162,405,44230000,38301
2,4423,44230000,44230100,162,405,44240000,38307
2,4424,44240000,44240100,162,405,44250000,38318
2,4425,44250000,44250100,162,405,44260000,38327
2,4426,44260000,44260100,162,405,44270000,38334
2,4427,44270000,44270100,162,405,44280000,38343
2,4428,44280000,44280100,162,405,44290000,38354
2,4429,44290000,44290100,162,405,44300000,38360
2,443,4430000,4430100,162,405,4440000,3833
2,4430,44300000,44300100,162,405,44310000,38368
2,4431,44310000,44310100,162,405,44320000,38378
2,4432,44320000,44320100,162,405,44330000,38387
2,4433,44330000,44330100,162,405,44340000,38394
2,4434,44340000,44340100,162,405,44350000,38406
2,4435,44350000,44350100,162,405,44360000,38413
2,4436,44360000,44360100,162,405,44370000,38421
2,4437,44370000,44370100,162,405,44380000,38429
2,4438,44380000,44380100,162,405,44390000,38439
2,4439,44390000,44390100,162,405,44400000,38445
2,444,4440000,4440100,162,405,4450000,3846
2,4440,44400000,44400100,162,405,44410000,38458
2,4441,44410000,44410100,162,405,44420000,38466
2,4442,44420000,44420100,162,405,44430000,38473
2,4443,44430000,44430100,162,405,44440000,38481
2,4444,44440000,44440100,162,405,44450000,38490
2,4445,44450000,44450100,162,405,44460000,38499
2,4446,44460000,44460100,162,405,44470000,38509
2,4447,44470000,44470100,162,405,44480000,38515
2,4448,44480000,44480100,162,405,44490000,38526
2,4449,44490000,44490100,162,405,44500000,38535
2,445,4450000,4450100,162,405,4460000,3854
2,4450,44500000,44500100,162,405,44510000,38543
2,4451,44510000,44510100,162,405,44520000,38549
2,4452,44520000,44520100,162,405,44530000,38562
2,4453,44530000,44530100,162,405,44540000,38568
2,4454,44540000,44540100,162,405,44550000,38575
2,4455,44550000,44550100,162,405,44560000,38587
2,4456,44560000,44560100,162,405,44570000,38596
2,4457,44570000,44570100,162,405,44580000,38602
2,4458,44580000,44580100,162,405,44590000,38612
2,4459,44590000,44590100,162,405,44600000,38620
2,446,4460000,4460100,162,405,4470000,3861
2,4460,44600000,44600100,162,405,44610000,38630
2,4461,44610000,44610100,162,405,44620000,38638
2,4462,44620000,44620100,162,405,44630000,38647
2,4463,44630000,44630100,162,405,44640000,38653
2,4464,44640000,44640100,162,405,44650000,38665
2,4465,44650000,44650100,162,405,44660000,38672
2,4466,44660000,44660100,162,405,44670000,38682
2,4467,44670000,44670100,162,405,44680000,38690
2,4468,44680000,44680100,162,405,44690000,38698
2,4469,44690000,44690100,162,405,44700000,38706
2,447,4470000,4470100,162,405,4480000,3869
2,4470,44700000,44700100,162,405,44710000,38717
2,4471,44710000,44710100,162,405,44720000,38724
2,4472,44720000,44720100,162,405,44730000,38733
2,4473,44730000,44730100,162,405,44740000,38743
2,4474,44740000,44740100,162,405,44750000,38750
2,4475,44750000,44750100,162,405,44760000,38757
2,4476,44760000,44760100,162,405,44770000,38770
2,4477,44770000,44770100,162,405,44780000,38777
2,4478,44780000,44780100,162,405,44790000,38784
2,4479,44790000,44790100,162,405,44800000,38792
2,448,4480000,4480100,162,405,4490000,3880
2,4480,44800000,44800100,162,405,44810000,38804
2,4481,44810000,44810100,162,405,44820000,38810
2,4482,44820000,44820100,162,405,44830000,38821
2,4483,44830000,44830100,162,405,44840000,38829
2,4484,44840000,44840100,162,405,44850000,38837
2,4485,44850000,44850100,162,405,44860000,38846
2,4486,44860000,44860100,162,405,44870000,38853
2,4487,44870000,44870100,162,405,44880000,38861
2,4488,44880000,44880100,162,405,44890000,38874
2,4489,44890000,44890100,162,405,44900000,38880
2,449,4490000,4490100,162,405,4500000,3886
2,4490,44900000,44900100,162,405,44910000,38890
2,4491,44910000,44910100,162,405,44920000,38898
2,4492,44920000,44920100,162,405,44930000,38906
2,4493,44930000,44930100,162,405,44940000,38913
2,4494,44940000,44940100,162,405,44950000,38925
2,4495,44950000,44950100,162,405,44960000,38932
2,4496,44960000,44960100,162,405,44970000,38941
2,4497,44970000,44970100,162,405,44980000,38951
2,4498,44980000,44980100,162,405,44990000,38958
2,4499,44990000,44990100,162,405,45000000,38965
2,45,450000,450100,162,405,460000,390
2,450,4500000,4500100,162,405,4510000,3897
2,4500,45000000,45000100,162,405,45010000,38977
2,4501,45010000,45010100,162,405,45020000,38985
2,4502,45020000,45020100,162,405,45030000,38992
2,4503,45030000,45030100,162,405,45040000,39000
2,4504,45040000,45040100,162,405,45050000,39012
2,4505,45050000,45050100,162,405,45060000,39019
2,4506,45060000,45060100,162,405,45070000,39029
2,4507,45070000,45070100,162,405,45080000,39035
2,4508,45080000,45080100,162,405,45090000,39045
2,4509,45090000,45090100,162,405,45100000,39053
2,451,4510000,4510100,162,405,4520000,3906
2,4510,45100000,45100100,162,405,45110000,39062
2,4511,45110000,45110100,162,405,45120000,39070
2,4512,45120000,45120100,162,405,45130000,39082
2,4513,45130000,45130100,162,405,45140000,39088
2,4514,45140000,45140100,162,405,45150000,39095
2,4515,45150000,45150100,162,405,45160000,39107
2,4516,45160000,45160100,162,405,45170000,39115
2,4517,45170000,45170100,162,405,45180000,39121
2,4518,45180000,45180100,162,405,45190000,39133
2,4519,45190000,45190100,162,405,45200000,39139
2,452,4520000,4520100,162,405,4530000,3914
2,4520,45200000,45200100,162,405,45210000,39149
2,4521,45210000,45210100,162,405,45220000,39158
2,4522,45220000,45220100,162,405,45230000,39167
2,4523,45230000,45230100,162,405,45240000,39173
2,4524,45240000,45240100,162,405,45250000,39184
2,4525,45250000,45250100,162,405,45260000,39193
2,4526,45260000,45260100,162,405,45270000,39201
2,4527,45270000,45270100,162,405,45280000,39209
2,4528,45280000,45280100,162,405,45290000,39218
2,4529,45290000,45290100,162,405,45300000,39226
2,453,4530000,4530100,162,405,4540000,3922
2,4530,45300000,45300100,162,405,45310000,39237
2,4531,45310000,45310100,162,405,45320000,39243
2,4532,45320000,45320100,162,405,45330000,39254
2,4533,45330000,45330100,162,405,45340000,39262
2,4534,45340000,45340100,162,405,45350000,39269
2,4535,45350000,45350100,162,405,45360000,39276
2,4536,45360000,45360100,162,405,45370000,39290
2,4537,45370000,45370100,162,405,45380000,39297
2,4538,45380000,45380100,162,405,45390000,39304
2,4539,45390000,45390100,162,405,45400000,39314
2,454,4540000,4540100,162,405,4550000,3929
2,4540,45400000,45400100,162,405,45410000,39323
2,4541,45410000,45410100,162,405,45420000,39329
2,4542,45420000,45420100,162,405,45430000,39339
2,4543,45430000,45430100,162,405,45440000,39348
2,4544,45440000,45440100,162,405,45450000,39357
2,4545,45450000,45450100,162,405,45460000,39366
2,4546,45460000,45460100,162,405,45470000,39375
2,4547,45470000,45470100,162,405,45480000,39381
2,4548,45480000,45480100,162,405,45490000,39393
2,4549,45490000,45490100,162,405,45500000,39399
2,455,4550000,4550100,162,405,4560000,3938
2,4550,45500000,45500100,162,405,45510000,39409
2,4551,45510000,45510100,162,405,45520000,39417
2,4552,45520000,45520100,162,405,45530000,39426
2,4553,45530000,45530100,162,405,45540000,39434
2,4554,45540000,45540100,162,405,45550000,39445
2,4555,45550000,45550100,162,405,45560000,39452
2,4556,45560000,45560100,162,405,45570000,39460
2,4557,45570000,45570100,162,405,45580000,39470
2,4558,45580000,45580100,162,405,45590000,39477
2,4559,45590000,45590100,162,405,45600000,39484
2,456,4560000,4560100,162,405,4570000,3951
2,4560,45600000,45600100,162,405,45610000,39499
2,4561,45610000,45610100,162,405,45620000,39505
2,4562,45620000,45620100,162,405,45630000,39512
2,4563,45630000,45630100,162,405,45640000,39520
2,4564,45640000,45640100,162,405,45650000,39530
2,4565,45650000,45650100,162,405,45660000,39538
2,4566,45660000,45660100,162,405,45670000,39548
2,4567,45670000,45670100,162,405,45680000,39556
2,4568,45680000,45680100,162,405,45690000,39565
2,4569,45690000,45690100,162,405,45700000,39573
2,457,4570000,4570100,162,405,4580000,3957
2,4570,45700000,45700100,162,405,45710000,39582
2,4571,45710000,45710100,162,405,45720000,39590
2,4572,45720000,45720100,162,405,45730000,39601
2,4573,45730000,45730100,162,405,45740000,39607
2,4574,45740000,45740100,162,405,45750000,39616
2,4575,45750000,45750100,162,405,45760000,39625
2,4576,45760000,45760100,162,405,45770000,39635
2,4577,45770000,45770100,162,405,45780000,39641
2,4578,45780000,45780100,162,405,45790000,39653
2,4579,45790000,45790100,162,405,45800000,39659
2,458,4580000,4580100,162,405,4590000,3966
2,4580,45800000,45800100,162,405,45810000,39668
2,4581,45810000,45810100,162,405,45820000,39679
2,4582,45820000,45820100,162,405,45830000,39686
2,4583,45830000,45830100,162,405,45840000,39692
2,4584,45840000,45840100,162,405,45850000,39704
2,4585,45850000,45850100,162,405,45860000,39713
2,4586,45860000,45860100,162,405,45870000,39720
2,4587,45870000,45870100,162,405,45880000,39729
2,4588,45880000,45880100,162,405,45890000,39739
2,4589,45890000,45890100,162,405,45900000,39745
2,459,4590000,4590100,162,405,4600000,3974
2,4590,45900000,45900100,162,405,45910000,39756
2,4591,45910000,45910100,162,405,45920000,39762
2,4592,45920000,45920100,162,405,45930000,39774
2,4593,45930000,45930100,162,405,45940000,39782
2,4594,45940000,45940100,162,405,45950000,39789
2,4595,45950000,45950100,162,405,45960000,39798
2,4596,45960000,45960100,162,405,45970000,39809
2,4597,45970000,45970100,162,405,45980000,39815
2,4598,45980000,45980100,162,405,45990000,39823
2,4599,45990000,45990100,162,405,46000000,39833
2,46,460000,460100,162,405,470000,397
2,460,4600000,4600100,162,405,4610000,3983
2,4600,46000000,46000100,162,405,46010000,39843
2,4601,46010000,46010100,162,405,46020000,39849
2,4602,46020000,46020100,162,405,46030000,39861
2,4603,46030000,46030100,162,405,46040000,39868
2,4604,46040000,46040100,162,405,46050000,39876
2,4605,46050000,46050100,162,405,46060000,39885
2,4606,46060000,46060100,162,405,46070000,39894
2,4607,46070000,46070100,162,405,46080000,39900
2,4608,46080000,46080100,162,405,46090000,39912
2,4609,46090000,46090100,162,405,46100000,39921
2,461,4610000,4610100,162,405,4620000,3989
2,4610,46100000,46100100,162,405,46110000,39929
2,4611,46110000,46110100,162,405,46120000,39937
2,4612,46120000,46120100,162,405,46130000,39945
2,4613,46130000,46130100,162,405,46140000,39953
2,4614,46140000,46140100,162,405,46150000,39964
2,4615,46150000,46150100,162,405,46160000,39971
2,4616,46160000,46160100,162,405,46170000,39982
2,4617,46170000,46170100,162,405,46180000,39990
2,4618,46180000,46180100,162,405,46190000,39997
2,4619,46190000,46190100,162,405,46200000,40003
2,462,4620000,4620100,162,405,4630000,4002
2,4620,46200000,46200100,162,405,46210000,40018
2,4621,46210000,46210100,162,405,46220000,40024
2,4622,46220000,46220100,162,405,46230000,40031
2,4623,46230000,46230100,162,405,46240000,40041
2,4624,46240000,46240100,162,405,46250000,40050
2,4625,46250000,46250100,162,405,46260000,40058
2,4626,46260000,46260100,162,405,46270000,40068
2,4627,46270000,46270100,162,405,46280000,40076
2,4628,46280000,46280100,162,405,46290000,40084
2,4629,46290000,46290100,162,405,46300000,40092
2,463,4630000,4630100,162,405,4640000,4008
2,4630,46300000,46300100,162,405,46310000,40102
2,4631,46310000,46310100,162,405,46320000,40109
2,4632,46320000,46320100,162,405,46330000,40121
2,4633,46330000,46330100,162,405,46340000,40127
2,4634,46340000,46340100,162,405,46350000,40136
2,4635,46350000,46350100,162,405,46360000,40145
2,4636,46360000,46360100,162,405,46370000,40154
2,4637,46370000,46370100,162,405,46380000,40162
2,4638,46380000,46380100,162,405,46390000,40172
2,4639,46390000,46390100,162,405,46400000,40178
2,464,4640000,4640100,162,405,4650000,4017
2,4640,46400000,46400100,162,405,46410000,40188
2,4641,46410000,46410100,162,405,46420000,40198
2,4642,46420000,46420100,162,405,46430000,40206
2,4643,46430000,46430100,162,405,46440000,40212
2,4644,46440000,46440100,162,405,46450000,40225
2,4645,46450000,46450100,162,405,46460000,40232
2,4646,46460000,46460100,162,405,46470000,40239
2,4647,46470000,46470100,162,405,46480000,40248
2,4648,46480000,46480100,162,405,46490000,40259
2,4649,46490000,46490100,162,405,46500000,40265
2,465,4650000,4650100,162,405,4660000,4028
2,4650,46500000,46500100,162,405,46510000,40276
2,4651,46510000,46510100,162,405,46520000,40284
2,4652,46520000,46520100,162,405,46530000,40292
2,4653,46530000,46530100,162,405,46540000,40301
2,4654,46540000,46540100,162,405,46550000,40308
2,4655,46550000,46550100,162,405,46560000,40317
2,4656,46560000,46560100,162,405,46570000,40329
2,4657,46570000,46570100,162,405,46580000,40335
2,4658,46580000,46580100,162,405,46590000,40345
2,4659,46590000,46590100,162,405,46600000,40353
2,466,4660000,4660100,162,405,4670000,4035
2,4660,46600000,46600100,162,405,46610000,40362
2,4661,46610000,46610100,162,405,46620000,40368
2,4662,46620000,46620100,162,405,46630000,40380
2,4663,46630000,46630100,162,405,46640000,40386
2,4664,46640000,46640100,162,405,46650000,40396
2,4665,46650000,46650100,162,405,46660000,40407
2,4666,46660000,46660100,162,405,46670000,40414
2,4667,46670000,46670100,162,405,46680000,40420
2,4668,46680000,46680100,162,405,46690000,40431
2,4669,46690000,46690100,162,405,46700000,40440
2,467,4670000,4670100,162,405,4680000,4042
2,4670,46700000,46700100,162,405,46710000,40448
2,4671,46710000,46710100,162,405,46720000,40456
2,4672,46720000,46720100,162,405,46730000,40467
2,4673,46730000,46730100,162,405,46740000,40473
2,4674,46740000,46740100,162,405,46750000,40483
2,4675,46750000,46750100,162,405,46760000,40491
2,4676,46760000,46760100,162,405,46770000,40501
2,4677,46770000,46770100,162,405,46780000,40509
2,4678,46780000,46780100,162,405,46790000,40516
2,4679,46790000,46790100,162,405,46800000,40524
2,468,4680000,4680100,162,405,4690000,4053
2,4680,46800000,46800100,162,405,46810000,40538
2,4681,46810000,46810100,162,405,46820000,40544
2,4682,46820000,46820100,162,405,46830000,40551
2,4683,46830000,46830100,162,405,46840000,40561
2,4684,46840000,46840100,162,405,46850000,40569
2,4685,46850000,46850100,162,405,46860000,40576
2,4686,46860000,46860100,162,405,46870000,40589
2,4687,46870000,46870100,162,405,46880000,40595
2,4688,46880000,46880100,162,405,46890000,40604
2,4689,46890000,46890100,162,405,46900000,40612
2,469,4690000,4690100,162,405,4700000,4061
2,4690,46900000,46900100,162,405,46910000,40622
2,4691,46910000,46910100,162,405,46920000,40629
2,4692,46920000,46920100,162,405,46930000,40640
2,4693,46930000,46930100,162,405,46940000,40648
2,4694,46940000,46940100,162,405,46950000,40655
2,4695,46950000,46950100,162,405,46960000,40664
2,4696,46960000,46960100,162,405,46970000,40673
2,4697,46970000,46970100,162,405,46980000,40682
2,4698,46980000,46980100,162,405,46990000,40692
2,4699,46990000,46990100,162,405,47000000,40698
2,47,470000,470100,162,405,480000,403
2,470,4700000,4700100,162,405,4710000,4069
2,4700,47000000,47000100,162,405,47010000,40709
2,4701,47010000,47010100,162,405,47020000,40717
2,4702,47020000,47020100,162,405,47030000,40725
2,4703,47030000,47030100,162,405,47040000,40731
2,4704,47040000,47040100,162,405,47050000,40745
2,4705,47050000,47050100,162,405,47060000,40752
2,4706,47060000,47060100,162,405,47070000,40759
2,4707,47070000,47070100,162,405,47080000,40769
2,4708,47080000,47080100,162,405,47090000,40778
2,4709,47090000,47090100,162,405,47100000,40784
2,471,4710000,4710100,162,405,4720000,4077
2,4710,47100000,47100100,162,405,47110000,40795
2,4711,47110000,47110100,162,405,47120000,40803
2,4712,47120000,47120100,162,405,47130000,40812
2,4713,47130000,47130100,162,405,47140000,40821
2,4714,47140000,47140100,162,405,47150000,40830
2,4715,47150000,47150100,162,405,47160000,40837
2,4716,47160000,47160100,162,405,47170000,40848
2,4717,47170000,47170100,162,405,47180000,40854
2,4718,47180000,47180100,162,405,47190000,40863
2,4719,47190000,47190100,162,405,47200000,40872
2,472,4720000,4720100,162,405,4730000,4088
2,4720,47200000,47200100,162,405,47210000,40882
2,4721,47210000,47210100,162,405,47220000,40890
2,4722,47220000,47220100,162,405,47230000,40900
2,4723,47230000,47230100,162,405,47240000,40906
2,4724,47240000,47240100,162,405,47250000,40915
2,4725,47250000,47250100,162,405,47260000,40926
2,4726,47260000,47260100,162,405,47270000,40933
2,4727,47270000,47270100,162,405,47280000,40939
2,4728,47280000,47280100,162,405,47290000,40953
2,4729,47290000,47290100,162,405,47300000,40959
2,473,4730000,4730100,162,405,4740000,4095
2,4730,47300000,47300100,162,405,47310000,40968
2,4731,47310000,47310100,162,405,47320000,40976
2,4732,47320000,47320100,162,405,47330000,40986
2,4733,47330000,47330100,162,405,47340000,40992
2,4734,47340000,47340100,162,405,47350000,41002
2,4735,47350000,47350100,162,405,47360000,41012
2,4736,47360000,47360100,162,405,47370000,41021
2,4737,47370000,47370100,162,405,47380000,41029
2,4738,47380000,47380100,162,405,47390000,41036
2,4739,47390000,47390100,162,405,47400000,41044
2,474,4740000,4740100,162,405,4750000,4105
2,4740,47400000,47400100,162,405,47410000,41056
2,4741,47410000,47410100,162,405,47420000,41063
2,4742,47420000,47420100,162,405,47430000,41072
2,4743,47430000,47430100,162,405,47440000,41080
2,4744,47440000,47440100,162,405,47450000,41089
2,4745,47450000,47450100,162,405,47460000,41096
2,4746,47460000,47460100,162,405,47470000,41109
2,4747,47470000,47470100,162,405,47480000,41115
2,4748,47480000,47480100,162,405,47490000,41123
2,4749,47490000,47490100,162,405,47500000,41133
2,475,4750000,4750100,162,405,4760000,4112
2,4750,47500000,47500100,162,405,47510000,41141
2,4751,47510000,47510100,162,405,47520000,41147
2,4752,47520000,47520100,162,405,47530000,41160
2,4753,47530000,47530100,162,405,47540000,41168
2,4754,47540000,47540100,162,405,47550000,41175
2,4755,47550000,47550100,162,405,47560000,41184
2,4756,47560000,47560100,162,405,47570000,41194
2,4757,47570000,47570100,162,405,47580000,41201
2,4758,47580000,47580100,162,405,47590000,41211
2,4759,47590000,47590100,162,405,47600000,41217
2,476,4760000,4760100,162,405,4770000,4122
2,4760,47600000,47600100,162,405,47610000,41229
2,4761,47610000,47610100,162,405,47620000,41237
2,4762,47620000,47620100,162,405,47630000,41244
2,4763,47630000,47630100,162,405,47640000,41253
2,4764,47640000,47640100,162,405,47650000,41264
2,4765,47650000,47650100,162,405,47660000,41271
2,4766,47660000,47660100,162,405,47670000,41278
2,4767,47670000,47670100,162,405,47680000,41288
2,4768,47680000,47680100,162,405,47690000,41298
2,4769,47690000,47690100,162,405,47700000,41304
2,477,4770000,4770100,162,405,4780000,4130
2,4770,47700000,47700100,162,405,47710000,41317
2,4771,47710000,47710100,162,405,47720000,41323
2,4772,47720000,47720100,162,405,47730000,41331
2,4773,47730000,47730100,162,405,47740000,41339
2,4774,47740000,47740100,162,405,47750000,41349
2,4775,47750000,47750100,162,405,47760000,41356
2,4776,47760000,47760100,162,405,47770000,41368
2,4777,47770000,47770100,162,405,47780000,41376
2,4778,47780000,47780100,162,405,47790000,41383
2,4779,47790000,47790100,162,405,47800000,41392
2,478,4780000,4780100,162,405,4790000,4138
2,4780,47800000,47800100,162,405,47810000,41401
2,4781,47810000,47810100,162,405,47820000,41409
2,4782,47820000,47820100,162,405,47830000,41419
2,4783,47830000,47830100,162,405,47840000,41425
2,4784,47840000,47840100,162,405,47850000,41436
2,4785,47850000,47850100,162,405,47860000,41446
2,4786,47860000,47860100,162,405,47870000,41453
2,4787,47870000,47870100,162,405,47880000,41459
2,4788,47880000,47880100,162,405,47890000,41472
2,4789,47890000,47890100,162,405,47900000,41478
2,479,4790000,4790100,162,405,4800000,4146
2,4790,47900000,47900100,162,405,47910000,41487
2,4791,47910000,47910100,162,405,47920000,41497
2,4792,47920000,47920100,162,405,47930000,41506
2,4793,47930000,47930100,162,405,47940000,41512
2,4794,47940000,47940100,162,405,47950000,41522
2,4795,47950000,47950100,162,405,47960000,41531
2,4796,47960000,47960100,162,405,47970000,41540
2,4797,47970000,47970100,162,405,47980000,41548
2,4798,47980000,47980100,162,405,47990000,41557
2,4799,47990000,47990100,162,405,48000000,41563
2,48,480000,480100,162,405,490000,415
2,480,4800000,4800100,162,405,4810000,4159
2,4800,48000000,48000100,162,405,48010000,41576
2,4801,48010000,48010100,162,405,48020000,41583
2,4802,48020000,48020100,162,405,48030000,41592
2,4803,48030000,48030100,162,405,48040000,41600
2,4804,48040000,48040100,162,405,48050000,41608
2,4805,48050000,48050100,162,405,48060000,41617
2,4806,48060000,48060100,162,405,48070000,41627
2,4807,48070000,48070100,162,405,48080000,41634
2,4808,48080000,48080100,162,405,48090000,41643
2,4809,48090000,48090100,162,405,48100000,41653
2,481,4810000,4810100,162,405,4820000,4165
2,4810,48100000,48100100,162,405,48110000,41661
2,4811,48110000,48110100,162,405,48120000,41667
2,4812,48120000,48120100,162,405,48130000,41681
2,4813,48130000,48130100,162,405,48140000,41687
2,4814,48140000,48140100,162,405,48150000,41694
2,4815,48150000,48150100,162,405,48160000,41703
2,4816,48160000,48160100,162,405,48170000,41714
2,4817,48170000,48170100,162,405,48180000,41720
2,4818,48180000,48180100,162,405,48190000,41731
2,4819,48190000,48190100,162,405,48200000,41739
2,482,4820000,4820100,162,405,4830000,4172
2,4820,48200000,48200100,162,405,48210000,41748
2,4821,48210000,48210100,162,405,48220000,41756
2,4822,48220000,48220100,162,405,48230000,41763
2,4823,48230000,48230100,162,405,48240000,41772
2,4824,48240000,48240100,162,405,48250000,41784
2,4825,48250000,48250100,162,405,48260000,41791
2,4826,48260000,48260100,162,405,48270000,41800
2,4827,48270000,48270100,162,405,48280000,41808
2,4828,48280000,48280100,162,405,48290000,41816
2,4829,48290000,48290100,162,405,48300000,41823
2,483,4830000,4830100,162,405,4840000,4182
2,4830,48300000,48300100,162,405,48310000,41836
2,4831,48310000,48310100,162,405,48320000,41842
2,4832,48320000,48320100,162,405,48330000,41851
2,4833,48330000,48330100,162,405,48340000,41861
2,4834,48340000,48340100,162,405,48350000,41869
2,4835,48350000,48350100,162,405,48360000,41876
2,4836,48360000,48360100,162,405,48370000,41887
2,4837,48370000,48370100,162,405,48380000,41895
2,4838,48380000,48380100,162,405,48390000,41902
2,4839,48390000,48390100,162,405,48400000,41910
2,484,4840000,4840100,162,405,4850000,4191
2,4840,48400000,48400100,162,405,48410000,41923
2,4841,48410000,48410100,162,405,48420000,41929
2,4842,48420000,48420100,162,405,48430000,41939
2,4843,48430000,48430100,162,405,48440000,41945
2,4844,48440000,48440100,162,405,48450000,41955
2,4845,48450000,48450100,162,405,48460000,41965
2,4846,48460000,48460100,162,405,48470000,41972
2,4847,48470000,48470100,162,405,48480000,41980
2,4848,48480000,48480100,162,405,48490000,41992
2,4849,48490000,48490100,162,405,48500000,41998
2,485,4850000,4850100,162,405,4860000,4198
2,4850,48500000,48500100,162,405,48510000,42006
2,4851,48510000,48510100,162,405,48520000,42017
2,4852,48520000,48520100,162,405,48530000,42025
2,4853,48530000,48530100,162,405,48540000,42031
2,4854,48540000,48540100,162,405,48550000,42043
2,4855,48550000,48550100,162,405,48560000,42050
2,4856,48560000,48560100,162,405,48570000,42060
2,4857,48570000,48570100,162,405,48580000,42068
2,4858,48580000,48580100,162,405,48590000,42077
2,4859,48590000,48590100,162,405,48600000,42083
2,486,4860000,4860100,162,405,4870000,4210
2,4860,48600000,48600100,162,405,48610000,42095
2,4861,48610000,48610100,162,405,48620000,42103
2,4862,48620000,48620100,162,405,48630000,42111
2,4863,48630000,48630100,162,405,48640000,42119
2,4864,48640000,48640100,162,405,48650000,42128
2,4865,48650000,48650100,162,405,48660000,42137
2,4866,48660000,48660100,162,405,48670000,42147
2,4867,48670000,48670100,162,405,48680000,42154
2,4868,48680000,48680100,162,405,48690000,42164
2,4869,48690000,48690100,162,405,48700000,42172
2,487,4870000,4870100,162,405,4880000,4216
2,4870,48700000,48700100,162,405,48710000,42180
2,4871,48710000,48710100,162,405,48720000,42186
2,4872,48720000,48720100,162,405,48730000,42200
2,4873,48730000,48730100,162,405,48740000,42207
2,4874,48740000,48740100,162,405,48750000,42214
2,4875,48750000,48750100,162,405,48760000,42225
2,4876,48760000,48760100,162,405,48770000,42233
2,4877,48770000,48770100,162,405,48780000,42239
2,4878,48780000,48780100,162,405,48790000,42250
2,4879,48790000,48790100,162,405,48800000,42258
2,488,4880000,4880100,162,405,4890000,4225
2,4880,48800000,48800100,162,405,48810000,42268
2,4881,48810000,48810100,162,405,48820000,42276
2,4882,48820000,48820100,162,405,48830000,42285
2,4883,48830000,48830100,162,405,48840000,42291
2,4884,48840000,48840100,162,405,48850000,42303
2,4885,48850000,48850100,162,405,48860000,42310
2,4886,48860000,48860100,162,405,48870000,42319
2,4887,48870000,48870100,162,405,48880000,42327
2,4888,48880000,48880100,162,405,48890000,42336
2,4889,48890000,48890100,162,405,48900000,42345
2,489,4890000,4890100,162,405,4900000,4234
2,4890,48900000,48900100,162,405,48910000,42356
2,4891,48910000,48910100,162,405,48920000,42362
2,4892,48920000,48920100,162,405,48930000,42370
2,4893,48930000,48930100,162,405,48940000,42380
2,4894,48940000,48940100,162,405,48950000,42387
2,4895,48950000,48950100,162,405,48960000,42395
2,4896,48960000,48960100,162,405,48970000,42409
2,4897,48970000,48970100,162,405,48980000,42415
2,4898,48980000,48980100,162,405,48990000,42422
2,4899,48990000,48990100,162,405,49000000,42430
2,49,490000,490100,162,405,500000,424
2,490,4900000,4900100,162,405,4910000,4244
2,4900,49000000,49000100,162,405,49010000,42442
2,4901,49010000,49010100,162,405,49020000,42448
2,4902,49020000,49020100,162,405,49030000,42458
2,4903,49030000,49030100,162,405,49040000,42466
2,4904,49040000,49040100,162,405,49050000,42475
2,4905,49050000,49050100,162,405,49060000,42484
2,4906,49060000,49060100,162,405,49070000,42492
2,4907,49070000,49070100,162,405,49080000,42500
2,4908,49080000,49080100,162,405,49090000,42511
2,4909,49090000,49090100,162,405,49100000,42517
2,491,4910000,4910100,162,405,4920000,4250
2,4910,49100000,49100100,162,405,49110000,42527
2,4911,49110000,49110100,162,405,49120000,42536
2,4912,49120000,49120100,162,405,49130000,42545
2,4913,49130000,49130100,162,405,49140000,42551
2,4914,49140000,49140100,162,405,49150000,42563
2,4915,49150000,49150100,162,405,49160000,42570
2,4916,49160000,49160100,162,405,49170000,42578
2,4917,49170000,49170100,162,405,49180000,42589
2,4918,49180000,49180100,162,405,49190000,42596
2,4919,49190000,49190100,162,405,49200000,42602
2,492,4920000,4920100,162,405,4930000,4261
2,4920,49200000,49200100,162,405,49210000,42615
2,4921,49210000,49210100,162,405,49220000,42623
2,4922,49220000,49220100,162,405,49230000,42631
2,4923,49230000,49230100,162,405,49240000,42639
2,4924,49240000,49240100,162,405,49250000,42649
2,4925,49250000,49250100,162,405,49260000,42656
2,4926,49260000,49260100,162,405,49270000,42666
2,4927,49270000,49270100,162,405,49280000,42672
2,4928,49280000,49280100,162,405,49290000,42684
2,4929,49290000,49290100,162,405,49300000,42692
2,493,4930000,4930100,162,405,4940000,4269
2,4930,49300000,49300100,162,405,49310000,42700
2,4931,49310000,49310100,162,405,49320000,42708
2,4932,49320000,49320100,162,405,49330000,42719
2,4933,49330000,49330100,162,405,49340000,42726
2,4934,49340000,49340100,162,405,49350000,42733
2,4935,49350000,49350100,162,405,49360000,42744
2,4936,49360000,49360100,162,405,49370000,42753
2,4937,49370000,49370100,162,405,49380000,42759
2,4938,49380000,49380100,162,405,49390000,42771
2,4939,49390000,49390100,162,405,49400000,42778
2,494,4940000,4940100,162,405,4950000,4276
2,4940,49400000,49400100,162,405,49410000,42787
2,4941,49410000,49410100,162,405,49420000,42795
2,4942,49420000,49420100,162,405,49430000,42804
2,4943,49430000,49430100,162,405,49440000,42810
2,4944,49440000,49440100,162,405,49450000,42823
2,4945,49450000,49450100,162,405,49460000,42832
2,4946,49460000,49460100,162,405,49470000,42839
2,4947,49470000,49470100,162,405,49480000,42847
2,4948,49480000,49480100,162,405,49490000,42855
2,4949,49490000,49490100,162,405,49500000,42863
2,495,4950000,4950100,162,405,4960000,4286
2,4950,49500000,49500100,162,405,49510000,42875
2,4951,49510000,49510100,162,405,49520000,42881
2,4952,49520000,49520100,162,405,49530000,42892
2,4953,49530000,49530100,162,405,49540000,42900
2,4954,49540000,49540100,162,405,49550000,42907
2,4955,49550000,49550100,162,405,49560000,42915
2,4956,49560000,49560100,162,405,49570000,42928
2,4957,49570000,49570100,162,405,49580000,42934
2,4958,49580000,49580100,162,405,49590000,42941
2,4959,49590000,49590100,162,405,49600000,42951
2,496,4960000,4960100,162,405,4970000,4295
2,4960,49600000,49600100,162,405,49610000,42961
2,4961,49610000,49610100,162,405,49620000,42968
2,4962,49620000,49620100,162,405,49630000,42978
2,4963,49630000,49630100,162,405,49640000,42986
2,4964,49640000,49640100,162,405,49650000,42994
2,4965,49650000,49650100,162,405,49660000,43003
2,4966,49660000,49660100,162,405,49670000,43013
2,4967,49670000,49670100,162,405,49680000,43019
2,4968,49680000,49680100,162,405,49690000,43031
2,4969,49690000,49690100,162,405,49700000,43037
2,497,4970000,4970100,162,405,4980000,4303
2,4970,49700000,49700100,162,405,49710000,43047
2,4971,49710000,49710100,162,405,49720000,43055
2,4972,49720000,49720100,162,405,49730000,43064
2,4973,49730000,49730100,162,405,49740000,43072
2,4974,49740000,49740100,162,405,49750000,43082
2,4975,49750000,49750100,162,405,49760000,43089
2,4976,49760000,49760100,162,405,49770000,43098
2,4977,49770000,49770100,162,405,49780000,43109
2,4978,49780000,49780100,162,405,49790000,43116
2,4979,49790000,49790100,162,405,49800000,43122
2,498,4980000,4980100,162,405,4990000,4313
2,4980,49800000,49800100,162,405,49810000,43136
2,4981,49810000,49810100,162,405,49820000,43142
2,4982,49820000,49820100,162,405,49830000,43149
2,4983,49830000,49830100,162,405,49840000,43158
2,4984,49840000,49840100,162,405,49850000,43169
2,4985,49850000,49850100,162,405,49860000,43176
2,4986,49860000,49860100,162,405,49870000,43186
2,4987,49870000,49870100,162,405,49880000,43194
2,4988,49880000,49880100,162,405,49890000,43203
2,4989,49890000,49890100,162,405,49900000,43211
2,499,4990000,4990100,162,405,5000000,4319
2,4990,49900000,49900100,162,405,49910000,43219
2,4991,49910000,49910100,162,405,49920000,43227
2,4992,49920000,49920100,162,405,49930000,43239
2,4993,49930000,49930100,162,405,49940000,43245
2,4994,49940000,49940100,162,405,49950000,43255
2,4995,49950000,49950100,162,405,49960000,43264
2,4996,49960000,49960100,162,405,49970000,43272
2,4997,49970000,49970100,162,405,49980000,43278
2,4998,49980000,49980100,162,405,49990000,43290
2,4999,49990000,49990100,162,405,50000000,43297
2,5,50000,50100,162,405,60000,41
2,50,500000,500100,162,405,510000,432
2,500,5000000,5000100,162,405,5010000,4331
2,5000,50000000,50000100,162,405,50010000,43307
2,5001,50010000,50010100,162,405,50020000,43317
2,5002,50020000,50020100,162,405,50030000,43324
2,5003,50030000,50030100,162,405,50040000,43330
2,5004,50040000,50040100,162,405,50050000,43341
2,5005,50050000,50050100,162,405,50060000,43351
2,5006,50060000,50060100,162,405,50070000,43358
2,5007,50070000,50070100,162,405,50080000,43366
2,5008,50080000,50080100,162,405,50090000,43377
2,5009,50090000,50090100,162,405,50100000,43383
2,501,5010000,5010100,162,405,5020000,4339
2,5010,50100000,50100100,162,405,50110000,43395
2,5011,50110000,50110100,162,405,50120000,43401
2,5012,50120000,50120100,162,405,50130000,43411
2,5013,50130000,50130100,162,405,50140000,43419
2,5014,50140000,50140100,162,405,50150000,43426
2,5015,50150000,50150100,162,405,50160000,43435
2,5016,50160000,50160100,162,405,50170000,43448
2,5017,50170000,50170100,162,405,50180000,43454
2,5018,50180000,50180100,162,405,50190000,43461
2,5019,50190000,50190100,162,405,50200000,43471
2,502,5020000,5020100,162,405,5030000,4346
2,5020,50200000,50200100,162,405,50210000,43480
2,5021,50210000,50210100,162,405,50220000,43487
2,5022,50220000,50220100,162,405,50230000,43499
2,5023,50230000,50230100,162,405,50240000,43505
2,5024,50240000,50240100,162,405,50250000,43514
2,5025,50250000,50250100,162,405,50260000,43523
2,5026,50260000,50260100,162,405,50270000,43532
2,5027,50270000,50270100,162,405,50280000,43539
2,5028,50280000,50280100,162,405,50290000,43550
2,5029,50290000,50290100,162,405,50300000,43558
2,503,5030000,5030100,162,405,5040000,4352
2,5030,50300000,50300100,162,405,50310000,43566
2,5031,50310000,50310100,162,405,50320000,43574
2,5032,50320000,50320100,162,405,50330000,43584
2,5033,50330000,50330100,162,405,50340000,43592
2,5034,50340000,50340100,162,405,50350000,43602
2,5035,50350000,50350100,162,405,50360000,43609
2,5036,50360000,50360100,162,405,50370000,43619
2,5037,50370000,50370100,162,405,50380000,43627
2,5038,50380000,50380100,162,405,50390000,43635
2,5039,50390000,50390100,162,405,50400000,43641
2,504,5040000,5040100,162,405,5050000,4366
2,5040,50400000,50400100,162,405,50410000,43656
2,5041,50410000,50410100,162,405,50420000,43662
2,5042,50420000,50420100,162,405,50430000,43669
2,5043,50430000,50430100,162,405,50440000,43680
2,5044,50440000,50440100,162,405,50450000,43688
2,5045,50450000,50450100,162,405,50460000,43695
2,5046,50460000,50460100,162,405,50470000,43705
2,5047,50470000,50470100,162,405,50480000,43713
2,5048,50480000,50480100,162,405,50490000,43722
2,5049,50490000,50490100,162,405,50500000,43731
2,505,5050000,5050100,162,405,5060000,4373
2,5050,50500000,50500100,162,405,50510000,43741
2,5051,50510000,50510100,162,405,50520000,43747
2,5052,50520000,50520100,162,405,50530000,43758
2,5053,50530000,50530100,162,405,50540000,43764
2,5054,50540000,50540100,162,405,50550000,43774
2,5055,50550000,50550100,162,405,50560000,43783
2,5056,50560000,50560100,162,405,50570000,43792
2,5057,50570000,50570100,162,405,50580000,43800
2,5058,50580000,50580100,162,405,50590000,43810
2,5059,50590000,50590100,162,405,50600000,43816
2,506,5060000,5060100,162,405,5070000,4381
2,5060,50600000,50600100,162,405,50610000,43826
2,5061,50610000,50610100,162,405,50620000,43836
2,5062,50620000,50620100,162,405,50630000,43843
2,5063,50630000,50630100,162,405,50640000,43849
2,5064,50640000,50640100,162,405,50650000,43863
2,5065,50650000,50650100,162,405,50660000,43871
2,5066,50660000,50660100,162,405,50670000,43878
2,5067,50670000,50670100,162,405,50680000,43886
2,5068,50680000,50680100,162,405,50690000,43896
2,5069,50690000,50690100,162,405,50700000,43902
2,507,5070000,5070100,162,405,5080000,4391
2,5070,50700000,50700100,162,405,50710000,43913
2,5071,50710000,50710100,162,405,50720000,43922
2,5072,50720000,50720100,162,405,50730000,43931
2,5073,50730000,50730100,162,405,50740000,43939
2,5074,50740000,50740100,162,405,50750000,43946
2,5075,50750000,50750100,162,405,50760000,43955
2,5076,50760000,50760100,162,405,50770000,43967
2,5077,50770000,50770100,162,405,50780000,43973
2,5078,50780000,50780100,162,405,50790000,43982
2,5079,50790000,50790100,162,405,50800000,43990
2,508,5080000,5080100,162,405,5090000,4399
2,5080,50800000,50800100,162,405,50810000,44000
2,5081,50810000,50810100,162,405,50820000,44006
2,5082,50820000,50820100,162,405,50830000,44019
2,5083,50830000,50830100,162,405,50840000,44025
2,5084,50840000,50840100,162,405,50850000,44033
2,5085,50850000,50850100,162,405,50860000,44044
2,5086,50860000,50860100,162,405,50870000,44051
2,5087,50870000,50870100,162,405,50880000,44058
2,5088,50880000,50880100,162,405,50890000,44070
2,5089,50890000,50890100,162,405,50900000,44078
2,509,5090000,5090100,162,405,5100000,4405
2,5090,50900000,50900100,162,405,50910000,44086
2,5091,50910000,50910100,162,405,50920000,44094
2,5092,50920000,50920100,162,405,50930000,44104
2,5093,50930000,50930100,162,405,50940000,44111
2,5094,50940000,50940100,162,405,50950000,44121
2,5095,50950000,50950100,162,405,50960000,44128
2,5096,50960000,50960100,162,405,50970000,44139
2,5097,50970000,50970100,162,405,50980000,44147
2,5098,50980000,50980100,162,405,50990000,44155
2,5099,50990000,50990100,162,405,51000000,44163
2,51,510000,510100,162,405,520000,440
2,510,5100000,5100100,162,405,5110000,4416
2,5100,51000000,51000100,162,405,51010000,44175
2,5101,51010000,51010100,162,405,51020000,44181
2,5102,51020000,51020100,162,405,51030000,44188
2,5103,51030000,51030100,162,405,51040000,44198
2,5104,51040000,51040100,162,405,51050000,44208
2,5105,51050000,51050100,162,405,51060000,44215
2,5106,51060000,51060100,162,405,51070000,44227
2,5107,51070000,51070100,162,405,51080000,44233
2,5108,51080000,51080100,162,405,51090000,44241
2,5109,51090000,51090100,162,405,51100000,44250
2,511,5110000,5110100,162,405,5120000,4425
2,5110,51100000,51100100,162,405,51110000,44260
2,5111,51110000,51110100,162,405,51120000,44266
2,5112,51120000,51120100,162,405,51130000,44278
2,5113,51130000,51130100,162,405,51140000,44286
2,5114,51140000,51140100,162,405,51150000,44293
2,5115,51150000,51150100,162,405,51160000,44303
2,5116,51160000,51160100,162,405,51170000,44311
2,5117,51170000,51170100,162,405,51180000,44319
2,5118,51180000,51180100,162,405,51190000,44329
2,5119,51190000,51190100,162,405,51200000,44335
2,512,5120000,5120100,162,405,5130000,4434
2,5120,51200000,51200100,162,405,51210000,44348
2,5121,51210000,51210100,162,405,51220000,44356
2,5122,51220000,51220100,162,405,51230000,44363
2,5123,51230000,51230100,162,405,51240000,44369
2,5124,51240000,51240100,162,405,51250000,44382
2,5125,51250000,51250100,162,405,51260000,44389
2,5126,51260000,51260100,162,405,51270000,44397
2,5127,51270000,51270100,162,405,51280000,44407
2,5128,51280000,51280100,162,405,51290000,44416
2,5129,51290000,51290100,162,405,51300000,44422
2,513,5130000,5130100,162,405,5140000,4442
2,5130,51300000,51300100,162,405,51310000,44433
2,5131,51310000,51310100,162,405,51320000,44442
2,5132,51320000,51320100,162,405,51330000,44450
2,5133,51330000,51330100,162,405,51340000,44458
2,5134,51340000,51340100,162,405,51350000,44467
2,5135,51350000,51350100,162,405,51360000,44474
2,5136,51360000,51360100,162,405,51370000,44486
2,5137,51370000,51370100,162,405,51380000,44493
2,5138,51380000,51380100,162,405,51390000,44502
2,5139,51390000,51390100,162,405,51400000,44510
2,514,5140000,5140100,162,405,5150000,4451
2,5140,51400000,51400100,162,405,51410000,44519
2,5141,51410000,51410100,162,405,51420000,44527
2,5142,51420000,51420100,162,405,51430000,44538
2,5143,51430000,51430100,162,405,51440000,44544
2,5144,51440000,51440100,162,405,51450000,44553
2,5145,51450000,51450100,162,405,51460000,44564
2,5146,51460000,51460100,162,405,51470000,44571
2,5147,51470000,51470100,162,405,51480000,44577
2,5148,51480000,51480100,162,405,51490000,44591
2,5149,51490000,51490100,162,405,51500000,44597
2,515,5150000,5150100,162,405,5160000,4458
2,5150,51500000,51500100,162,405,51510000,44605
2,5151,51510000,51510100,162,405,51520000,44613
2,5152,51520000,51520100,162,405,51530000,44624
2,5153,51530000,51530100,162,405,51540000,44631
2,5154,51540000,51540100,162,405,51550000,44641
2,5155,51550000,51550100,162,405,51560000,44650
2,5156,51560000,51560100,162,405,51570000,44658
2,5157,51570000,51570100,162,405,51580000,44666
2,5158,51580000,51580100,162,405,51590000,44673
2,5159,51590000,51590100,162,405,51600000,44682
2,516,5160000,5160100,162,405,5170000,4469
2,5160,51600000,51600100,162,405,51610000,44695
2,5161,51610000,51610100,162,405,51620000,44701
2,5162,51620000,51620100,162,405,51630000,44710
2,5163,51630000,51630100,162,405,51640000,44718
2,5164,51640000,51640100,162,405,51650000,44727
2,5165,51650000,51650100,162,405,51660000,44734
2,5166,51660000,51660100,162,405,51670000,44746
2,5167,51670000,51670100,162,405,51680000,44752
2,5168,51680000,51680100,162,405,51690000,44761
2,5169,51690000,51690100,162,405,51700000,44771
2,517,5170000,5170100,162,405,5180000,4476
2,5170,51700000,51700100,162,405,51710000,44780
2,5171,51710000,51710100,162,405,51720000,44786
2,5172,51720000,51720100,162,405,51730000,44797
2,5173,51730000,51730100,162,405,51740000,44805
2,5174,51740000,51740100,162,405,51750000,44812
2,5175,51750000,51750100,162,405,51760000,44822
2,5176,51760000,51760100,162,405,51770000,44833
2,5177,51770000,51770100,162,405,51780000,44839
2,5178,51780000,51780100,162,405,51790000,44849
2,5179,51790000,51790100,162,405,51800000,44855
2,518,5180000,5180100,162,405,5190000,4485
2,5180,51800000,51800100,162,405,51810000,44866
2,5181,51810000,51810100,162,405,51820000,44875
2,5182,51820000,51820100,162,405,51830000,44882
2,5183,51830000,51830100,162,405,51840000,44890
2,5184,51840000,51840100,162,405,51850000,44902
2,5185,51850000,51850100,162,405,51860000,44909
2,5186,51860000,51860100,162,405,51870000,44917
2,5187,51870000,51870100,162,405,51880000,44927
2,5188,51880000,51880100,162,405,51890000,44935
2,5189,51890000,51890100,162,405,51900000,44941
2,519,5190000,5190100,162,405,5200000,4493
2,5190,51900000,51900100,162,405,51910000,44954
2,5191,51910000,51910100,162,405,51920000,44960
2,5192,51920000,51920100,162,405,51930000,44970
2,5193,51930000,51930100,162,405,51940000,44978
2,5194,51940000,51940100,162,405,51950000,44987
2,5195,51950000,51950100,162,405,51960000,44994
2,5196,51960000,51960100,162,405,51970000,45005
2,5197,51970000,51970100,162,405,51980000,45014
2,5198,51980000,51980100,162,405,51990000,45021
2,5199,51990000,51990100,162,405,52000000,45029
2,52,520000,520100,162,405,530000,450
2,520,5200000,5200100,162,405,5210000,4503
2,5200,52000000,52000100,162,405,52010000,45039
2,5201,52010000,52010100,162,405,52020000,45047
2,5202,52020000,52020100,162,405,52030000,45057
2,5203,52030000,52030100,162,405,52040000,45064
2,5204,52040000,52040100,162,405,52050000,45074
2,5205,52050000,52050100,162,405,52060000,45083
2,5206,52060000,52060100,162,405,52070000,45090
2,5207,52070000,52070100,162,405,52080000,45096
2,5208,52080000,52080100,162,405,52090000,45111
2,5209,52090000,52090100,162,405,52100000,45117
2,521,5210000,5210100,162,405,5220000,4511
2,5210,52100000,52100100,162,405,52110000,45125
2,5211,52110000,52110100,162,405,52120000,45135
2,5212,52120000,52120100,162,405,52130000,45143
2,5213,52130000,52130100,162,405,52140000,45149
2,5214,52140000,52140100,162,405,52150000,45160
2,5215,52150000,52150100,162,405,52160000,45169
2,5216,52160000,52160100,162,405,52170000,45178
2,5217,52170000,52170100,162,405,52180000,45186
2,5218,52180000,52180100,162,405,52190000,45195
2,5219,52190000,52190100,162,405,52200000,45202
2,522,5220000,5220100,162,405,5230000,4522
2,5220,52200000,52200100,162,405,52210000,45214
2,5221,52210000,52210100,162,405,52220000,45220
2,5222,52220000,52220100,162,405,52230000,45229
2,5223,52230000,52230100,162,405,52240000,45237
2,5224,52240000,52240100,162,405,52250000,45246
2,5225,52250000,52250100,162,405,52260000,45256
2,5226,52260000,52260100,162,405,52270000,45266
2,5227,52270000,52270100,162,405,52280000,45272
2,5228,52280000,52280100,162,405,52290000,45280
2,5229,52290000,52290100,162,405,52300000,45290
2,523,5230000,5230100,162,405,5240000,4528
2,5230,52300000,52300100,162,405,52310000,45299
2,5231,52310000,52310100,162,405,52320000,45305
2,5232,52320000,52320100,162,405,52330000,45319
2,5233,52330000,52330100,162,405,52340000,45325
2,5234,52340000,52340100,162,405,52350000,45332
2,5235,52350000,52350100,162,405,52360000,45341
2,5236,52360000,52360100,162,405,52370000,45352
2,5237,52370000,52370100,162,405,52380000,45358
2,5238,52380000,52380100,162,405,52390000,45368
2,5239,52390000,52390100,162,405,52400000,45376
2,524,5240000,5240100,162,405,5250000,4536
2,5240,52400000,52400100,162,405,52410000,45386
2,5241,52410000,52410100,162,405,52420000,45395
2,5242,52420000,52420100,162,405,52430000,45402
2,5243,52430000,52430100,162,405,52440000,45410
2,5244,52440000,52440100,162,405,52450000,45421
2,5245,52450000,52450100,162,405,52460000,45428
2,5246,52460000,52460100,162,405,52470000,45437
2,5247,52470000,52470100,162,405,52480000,45446
2,5248,52480000,52480100,162,405,52490000,45455
2,5249,52490000,52490100,162,405,52500000,45461
2,525,5250000,5250100,162,405,5260000,4547
2,5250,52500000,52500100,162,405,52510000,45474
2,5251,52510000,52510100,162,405,52520000,45480
2,5252,52520000,52520100,162,405,52530000,45489
2,5253,52530000,52530100,162,405,52540000,45499
2,5254,52540000,52540100,162,405,52550000,45506
2,5255,52550000,52550100,162,405,52560000,45513
2,5256,52560000,52560100,162,405,52570000,45525
2,5257,52570000,52570100,162,405,52580000,45533
2,5258,52580000,52580100,162,405,52590000,45541
2,5259,52590000,52590100,162,405,52600000,45549
2,526,5260000,5260100,162,405,5270000,4554
2,5260,52600000,52600100,162,405,52610000,45560
2,5261,52610000,52610100,162,405,52620000,45566
2,5262,52620000,52620100,162,405,52630000,45576
2,5263,52630000,52630100,162,405,52640000,45583
2,5264,52640000,52640100,162,405,52650000,45594
2,5265,52650000,52650100,162,405,52660000,45603
2,5266,52660000,52660100,162,405,52670000,45610
2,5267,52670000,52670100,162,405,52680000,45618
2,5268,52680000,52680100,162,405,52690000,45629
2,5269,52690000,52690100,162,405,52700000,45636
2,527,5270000,5270100,162,405,5280000,4560
2,5270,52700000,52700100,162,405,52710000,45644
2,5271,52710000,52710100,162,405,52720000,45654
2,5272,52720000,52720100,162,405,52730000,45663
2,5273,52730000,52730100,162,405,52740000,45669
2,5274,52740000,52740100,162,405,52750000,45682
2,5275,52750000,52750100,162,405,52760000,45689
2,5276,52760000,52760100,162,405,52770000,45697
2,5277,52770000,52770100,162,405,52780000,45705
2,5278,52780000,52780100,162,405,52790000,45714
2,5279,52790000,52790100,162,405,52800000,45720
2,528,5280000,5280100,162,405,5290000,4575
2,5280,52800000,52800100,162,405,52810000,45734
2,5281,52810000,52810100,162,405,52820000,45742
2,5282,52820000,52820100,162,405,52830000,45749
2,5283,52830000,52830100,162,405,52840000,45757
2,5284,52840000,52840100,162,405,52850000,45765
2,5285,52850000,52850100,162,405,52860000,45775
2,5286,52860000,52860100,162,405,52870000,45785
2,5287,52870000,52870100,162,405,52880000,45791
2,5288,52880000,52880100,162,405,52890000,45802
2,5289,52890000,52890100,162,405,52900000,45810
2,529,5290000,5290100,162,405,5300000,4581
2,5290,52900000,52900100,162,405,52910000,45818
2,5291,52910000,52910100,162,405,52920000,45825
2,5292,52920000,52920100,162,405,52930000,45838
2,5293,52930000,52930100,162,405,52940000,45844
2,5294,52940000,52940100,162,405,52950000,45851
2,5295,52950000,52950100,162,405,52960000,45862
2,5296,52960000,52960100,162,405,52970000,45872
2,5297,52970000,52970100,162,405,52980000,45878
2,5298,52980000,52980100,162,405,52990000,45888
2,5299,52990000,52990100,162,405,53000000,45896
2,53,530000,530100,162,405,540000,456
2,530,5300000,5300100,162,405,5310000,4589
2,5300,53000000,53000100,162,405,53010000,45905
2,5301,53010000,53010100,162,405,53020000,45913
2,5302,53020000,53020100,162,405,53030000,45923
2,5303,53030000,53030100,162,405,53040000,45929
2,5304,53040000,53040100,162,405,53050000,45941
2,5305,53050000,53050100,162,405,53060000,45948
2,5306,53060000,53060100,162,405,53070000,45957
2,5307,53070000,53070100,162,405,53080000,45966
2,5308,53080000,53080100,162,405,53090000,45974
2,5309,53090000,53090100,162,405,53100000,45982
2,531,5310000,5310100,162,405,5320000,4597
2,5310,53100000,53100100,162,405,53110000,45993
2,5311,53110000,53110100,162,405,53120000,45999
2,5312,53120000,53120100,162,405,53130000,46008
2,5313,53130000,53130100,162,405,53140000,46019
2,5314,53140000,53140100,162,405,53150000,46026
2,5315,53150000,53150100,162,405,53160000,46033
2,5316,53160000,53160100,162,405,53170000,46046
2,5317,53170000,53170100,162,405,53180000,46052
2,5318,53180000,53180100,162,405,53190000,46060
2,5319,53190000,53190100,162,405,53200000,46068
2,532,5320000,5320100,162,405,5330000,4607
2,5320,53200000,53200100,162,405,53210000,46080
2,5321,53210000,53210100,162,405,53220000,46086
2,5322,53220000,53220100,162,405,53230000,46096
2,5323,53230000,53230100,162,405,53240000,46104
2,5324,53240000,53240100,162,405,53250000,46113
2,5325,53250000,53250100,162,405,53260000,46122
2,5326,53260000,53260100,162,405,53270000,46129
2,5327,53270000,53270100,162,405,53280000,46137
2,5328,53280000,53280100,162,405,53290000,46149
2,5329,53290000,53290100,162,405,53300000,46156
2,533,5330000,5330100,162,405,5340000,4614
2,5330,53300000,53300100,162,405,53310000,46166
2,5331,53310000,53310100,162,405,53320000,46174
2,5332,53320000,53320100,162,405,53330000,46182
2,5333,53330000,53330100,162,405,53340000,46188
2,5334,53340000,53340100,162,405,53350000,46200
2,5335,53350000,53350100,162,405,53360000,46208
2,5336,53360000,53360100,162,405,53370000,46217
2,5337,53370000,53370100,162,405,53380000,46227
2,5338,53380000,53380100,162,405,53390000,46234
2,5339,53390000,53390100,162,405,53400000,46240
2,534,5340000,5340100,162,405,5350000,4624
2,5340,53400000,53400100,162,405,53410000,46253
2,5341,53410000,53410100,162,405,53420000,46261
2,5342,53420000,53420100,162,405,53430000,46268
2,5343,53430000,53430100,162,405,53440000,46276
2,5344,53440000,53440100,162,405,53450000,46287
2,5345,53450000,53450100,162,405,53460000,46294
2,5346,53460000,53460100,162,405,53470000,46305
2,5347,53470000,53470100,162,405,53480000,46311
2,5348,53480000,53480100,162,405,53490000,46321
2,5349,53490000,53490100,162,405,53500000,46329
2,535,5350000,5350100,162,405,5360000,4633
2,5350,53500000,53500100,162,405,53510000,46337
2,5351,53510000,53510100,162,405,53520000,46346
2,5352,53520000,53520100,162,405,53530000,46358
2,5353,53530000,53530100,162,405,53540000,46364
2,5354,53540000,53540100,162,405,53550000,46371
2,5355,53550000,53550100,162,405,53560000,46382
2,5356,53560000,53560100,162,405,53570000,46390
2,5357,53570000,53570100,162,405,53580000,46397
2,5358,53580000,53580100,162,405,53590000,46409
2,5359,53590000,53590100,162,405,53600000,46415
2,536,5360000,5360100,162,405,5370000,4642
2,5360,53600000,53600100,162,405,53610000,46425
2,5361,53610000,53610100,162,405,53620000,46433
2,5362,53620000,53620100,162,405,53630000,46443
2,5363,53630000,53630100,162,405,53640000,46449
2,5364,53640000,53640100,162,405,53650000,46460
2,5365,53650000,53650100,162,405,53660000,46469
2,5366,53660000,53660100,162,405,53670000,46476
2,5367,53670000,53670100,162,405,53680000,46484
2,5368,53680000,53680100,162,405,53690000,46494
2,5369,53690000,53690100,162,405,53700000,46502
2,537,5370000,5370100,162,405,5380000,4650
2,5370,53700000,53700100,162,405,53710000,46513
2,5371,53710000,53710100,162,405,53720000,46519
2,5372,53720000,53720100,162,405,53730000,46529
2,5373,53730000,53730100,162,405,53740000,46538
2,5374,53740000,53740100,162,405,53750000,46545
2,5375,53750000,53750100,162,405,53760000,46552
2,5376,53760000,53760100,162,405,53770000,46566
2,5377,53770000,53770100,162,405,53780000,46572
2,5378,53780000,53780100,162,405,53790000,46579
2,5379,53790000,53790100,162,405,53800000,46590
2,538,5380000,5380100,162,405,5390000,4657
2,5380,53800000,53800100,162,405,53810000,46599
2,5381,53810000,53810100,162,405,53820000,46605
2,5382,53820000,53820100,162,405,53830000,46615
2,5383,53830000,53830100,162,405,53840000,46623
2,5384,53840000,53840100,162,405,53850000,46633
2,5385,53850000,53850100,162,405,53860000,46642
2,5386,53860000,53860100,162,405,53870000,46651
2,5387,53870000,53870100,162,405,53880000,46657
2,5388,53880000,53880100,162,405,53890000,46668
2,5389,53890000,53890100,162,405,53900000,46674
2,539,5390000,5390100,162,405,5400000,4666
2,5390,53900000,53900100,162,405,53910000,46685
2,5391,53910000,53910100,162,405,53920000,46693
2,5392,53920000,53920100,162,405,53930000,46702
2,5393,53930000,53930100,162,405,53940000,46710
2,5394,53940000,53940100,162,405,53950000,46720
2,5395,53950000,53950100,162,405,53960000,46728
2,5396,53960000,53960100,162,405,53970000,46736
2,5397,53970000,53970100,162,405,53980000,46746
2,5398,53980000,53980100,162,405,53990000,46753
2,5399,53990000,53990100,162,405,54000000,46759
2,54,540000,540100,162,405,550000,466
2,540,5400000,5400100,162,405,5410000,4678
2,5400,54000000,54000100,162,405,54010000,46774
2,5401,54010000,54010100,162,405,54020000,46781
2,5402,54020000,54020100,162,405,54030000,46788
2,5403,54030000,54030100,162,405,54040000,46796
2,5404,54040000,54040100,162,405,54050000,46806
2,5405,54050000,54050100,162,405,54060000,46813
2,5406,54060000,54060100,162,405,54070000,46824
2,5407,54070000,54070100,162,405,54080000,46832
2,5408,54080000,54080100,162,405,54090000,46841
2,5409,54090000,54090100,162,405,54100000,46849
2,541,5410000,5410100,162,405,5420000,4684
2,5410,54100000,54100100,162,405,54110000,46857
2,5411,54110000,54110100,162,405,54120000,46865
2,5412,54120000,54120100,162,405,54130000,46877
2,5413,54130000,54130100,162,405,54140000,46883
2,5414,54140000,54140100,162,405,54150000,46892
2,5415,54150000,54150100,162,405,54160000,46901
2,5416,54160000,54160100,162,405,54170000,46910
2,5417,54170000,54170100,162,405,54180000,46917
2,5418,54180000,54180100,162,405,54190000,46929
2,5419,54190000,54190100,162,405,54200000,46935
2,542,5420000,5420100,162,405,5430000,4693
2,5420,54200000,54200100,162,405,54210000,46944
2,5421,54210000,54210100,162,405,54220000,46954
2,5422,54220000,54220100,162,405,54230000,46961
2,5423,54230000,54230100,162,405,54240000,46968
2,5424,54240000,54240100,162,405,54250000,46980
2,5425,54250000,54250100,162,405,54260000,46989
2,5426,54260000,54260100,162,405,54270000,46996
2,5427,54270000,54270100,162,405,54280000,47004
2,5428,54280000,54280100,162,405,54290000,47015
2,5429,54290000,54290100,162,405,54300000,47021
2,543,5430000,5430100,162,405,5440000,4701
2,5430,54300000,54300100,162,405,54310000,47032
2,5431,54310000,54310100,162,405,54320000,47038
2,5432,54320000,54320100,162,405,54330000,47049
2,5433,54330000,54330100,162,405,54340000,47057
2,5434,54340000,54340100,162,405,54350000,47065
2,5435,54350000,54350100,162,405,54360000,47074
2,5436,54360000,54360100,162,405,54370000,47085
2,5437,54370000,54370100,162,405,54380000,47091
2,5438,54380000,54380100,162,405,54390000,47098
2,5439,54390000,54390100,162,405,54400000,47109
2,544,5440000,5440100,162,405,5450000,4711
2,5440,54400000,54400100,162,405,54410000,47119
2,5441,54410000,54410100,162,405,54420000,47125
2,5442,54420000,54420100,162,405,54430000,47137
2,5443,54430000,54430100,162,405,54440000,47143
2,5444,54440000,54440100,162,405,54450000,47151
2,5445,54450000,54450100,162,405,54460000,47161
2,5446,54460000,54460100,162,405,54470000,47170
2,5447,54470000,54470100,162,405,54480000,47176
2,5448,54480000,54480100,162,405,54490000,47188
2,5449,54490000,54490100,162,405,54500000,47196
2,545,5450000,5450100,162,405,5460000,4718
2,5450,54500000,54500100,162,405,54510000,47205
2,5451,54510000,54510100,162,405,54520000,47213
2,5452,54520000,54520100,162,405,54530000,47221
2,5453,54530000,54530100,162,405,54540000,47229
2,5454,54540000,54540100,162,405,54550000,47239
2,5455,54550000,54550100,162,405,54560000,47246
2,5456,54560000,54560100,162,405,54570000,47258
2,5457,54570000,54570100,162,405,54580000,47266
2,5458,54580000,54580100,162,405,54590000,47273
2,5459,54590000,54590100,162,405,54600000,47279
2,546,5460000,5460100,162,405,5470000,4730
2,5460,54600000,54600100,162,405,54610000,47293
2,5461,54610000,54610100,162,405,54620000,47300
2,5462,54620000,54620100,162,405,54630000,47307
2,5463,54630000,54630100,162,405,54640000,47317
2,5464,54640000,54640100,162,405,54650000,47326
2,5465,54650000,54650100,162,405,54660000,47333
2,5466,54660000,54660100,162,405,54670000,47343
2,5467,54670000,54670100,162,405,54680000,47352
2,5468,54680000,54680100,162,405,54690000,47360
2,5469,54690000,54690100,162,405,54700000,47368
2,547,5470000,5470100,162,405,5480000,4736
2,5470,54700000,54700100,162,405,54710000,47378
2,5471,54710000,54710100,162,405,54720000,47384
2,5472,54720000,54720100,162,405,54730000,47397
2,5473,54730000,54730100,162,405,54740000,47403
2,5474,54740000,54740100,162,405,54750000,47412
2,5475,54750000,54750100,162,405,54760000,47421
2,5476,54760000,54760100,162,405,54770000,47429
2,5477,54770000,54770100,162,405,54780000,47437
2,5478,54780000,54780100,162,405,54790000,47448
2,5479,54790000,54790100,162,405,54800000,47454
2,548,5480000,5480100,162,405,5490000,4744
2,5480,54800000,54800100,162,405,54810000,47464
2,5481,54810000,54810100,162,405,54820000,47474
2,5482,54820000,54820100,162,405,54830000,47481
2,5483,54830000,54830100,162,405,54840000,47488
2,5484,54840000,54840100,162,405,54850000,47501
2,5485,54850000,54850100,162,405,54860000,47508
2,5486,54860000,54860100,162,405,54870000,47515
2,5487,54870000,54870100,162,405,54880000,47523
2,5488,54880000,54880100,162,405,54890000,47534
2,5489,54890000,54890100,162,405,54900000,47541
2,549,5490000,5490100,162,405,5500000,4754
2,5490,54900000,54900100,162,405,54910000,47552
2,5491,54910000,54910100,162,405,54920000,47560
2,5492,54920000,54920100,162,405,54930000,47568
2,5493,54930000,54930100,162,405,54940000,47576
2,5494,54940000,54940100,162,405,54950000,47584
2,5495,54950000,54950100,162,405,54960000,47593
2,5496,54960000,54960100,162,405,54970000,47605
2,5497,54970000,54970100,162,405,54980000,47611
2,5498,54980000,54980100,162,405,54990000,47620
2,5499,54990000,54990100,162,405,55000000,47628
2,55,550000,550100,162,405,560000,474
2,550,5500000,5500100,162,405,5510000,4763
2,5500,55000000,55000100,162,405,55010000,47638
2,5501,55010000,55010100,162,405,55020000,47644
2,5502,55020000,55020100,162,405,55030000,47656
2,5503,55030000,55030100,162,405,55040000,47662
2,5504,55040000,55040100,162,405,55050000,47671
2,5505,55050000,55050100,162,405,55060000,47683
2,5506,55060000,55060100,162,405,55070000,47690
2,5507,55070000,55070100,162,405,55080000,47696
2,5508,55080000,55080100,162,405,55090000,47707
2,5509,55090000,55090100,162,405,55100000,47715
2,551,5510000,5510100,162,405,5520000,4769
2,5510,55100000,55100100,162,405,55110000,47723
2,5511,55110000,55110100,162,405,55120000,47732
2,5512,55120000,55120100,162,405,55130000,47743
2,5513,55130000,55130100,162,405,55140000,47749
2,5514,55140000,55140100,162,405,55150000,47759
2,5515,55150000,55150100,162,405,55160000,47766
2,5516,55160000,55160100,162,405,55170000,47777
2,5517,55170000,55170100,162,405,55180000,47785
2,5518,55180000,55180100,162,405,55190000,47792
2,5519,55190000,55190100,162,405,55200000,47800
2,552,5520000,5520100,162,405,5530000,4781
2,5520,55200000,55200100,162,405,55210000,47813
2,5521,55210000,55210100,162,405,55220000,47819
2,5522,55220000,55220100,162,405,55230000,47827
2,5523,55230000,55230100,162,405,55240000,47837
2,5524,55240000,55240100,162,405,55250000,47845
2,5525,55250000,55250100,162,405,55260000,47852
2,5526,55260000,55260100,162,405,55270000,47864
2,5527,55270000,55270100,162,405,55280000,47871
2,5528,55280000,55280100,162,405,55290000,47880
2,5529,55290000,55290100,162,405,55300000,47888
2,553,5530000,5530100,162,405,5540000,4789
2,5530,55300000,55300100,162,405,55310000,47898
2,5531,55310000,55310100,162,405,55320000,47904
2,5532,55320000,55320100,162,405,55330000,47915
2,5533,55330000,55330100,162,405,55340000,47924
2,5534,55340000,55340100,162,405,55350000,47931
2,5535,55350000,55350100,162,405,55360000,47940
2,5536,55360000,55360100,162,405,55370000,47949
2,5537,55370000,55370100,162,405,55380000,47957
2,5538,55380000,55380100,162,405,55390000,47968
2,5539,55390000,55390100,162,405,55400000,47974
2,554,5540000,5540100,162,405,5550000,4796
2,5540,55400000,55400100,162,405,55410000,47985
2,5541,55410000,55410100,162,405,55420000,47993
2,5542,55420000,55420100,162,405,55430000,48000
2,5543,55430000,55430100,162,405,55440000,48006
2,5544,55440000,55440100,162,405,55450000,48021
2,5545,55450000,55450100,162,405,55460000,48028
2,5546,55460000,55460100,162,405,55470000,48035
2,5547,55470000,55470100,162,405,55480000,48045
2,5548,55480000,55480100,162,405,55490000,48053
2,5549,55490000,55490100,162,405,55500000,48060
2,555,5550000,5550100,162,405,5560000,4806
2,5550,55500000,55500100,162,405,55510000,48071
2,5551,55510000,55510100,162,405,55520000,48079
2,5552,55520000,55520100,162,405,55530000,48088
2,5553,55530000,55530100,162,405,55540000,48096
2,5554,55540000,55540100,162,405,55550000,48105
2,5555,55550000,55550100,162,405,55560000,48113
2,5556,55560000,55560100,162,405,55570000,48124
2,5557,55570000,55570100,162,405,55580000,48130
2,5558,55580000,55580100,162,405,55590000,48139
2,5559,55590000,55590100,162,405,55600000,48147
2,556,5560000,5560100,162,405,5570000,4816
2,5560,55600000,55600100,162,405,55610000,48158
2,5561,55610000,55610100,162,405,55620000,48166
2,5562,55620000,55620100,162,405,55630000,48176
2,5563,55630000,55630100,162,405,55640000,48182
2,5564,55640000,55640100,162,405,55650000,48190
2,5565,55650000,55650100,162,405,55660000,48201
2,5566,55660000,55660100,162,405,55670000,48209
2,5567,55670000,55670100,162,405,55680000,48215
2,5568,55680000,55680100,162,405,55690000,48229
2,5569,55690000,55690100,162,405,55700000,48235
2,557,5570000,5570100,162,405,5580000,4822
2,5570,55700000,55700100,162,405,55710000,48243
2,5571,55710000,55710100,162,405,55720000,48252
2,5572,55720000,55720100,162,405,55730000,48262
2,5573,55730000,55730100,162,405,55740000,48268
2,5574,55740000,55740100,162,405,55750000,48278
2,5575,55750000,55750100,162,405,55760000,48287
2,5576,55760000,55760100,162,405,55770000,48296
2,5577,55770000,55770100,162,405,55780000,48305
2,5578,55780000,55780100,162,405,55790000,48312
2,5579,55790000,55790100,162,405,55800000,48320
2,558,5580000,5580100,162,405,5590000,4832
2,5580,55800000,55800100,162,405,55810000,48332
2,5581,55810000,55810100,162,405,55820000,48338
2,5582,55820000,55820100,162,405,55830000,48348
2,5583,55830000,55830100,162,405,55840000,48356
2,5584,55840000,55840100,162,405,55850000,48365
2,5585,55850000,55850100,162,405,55860000,48372
2,5586,55860000,55860100,162,405,55870000,48384
2,5587,55870000,55870100,162,405,55880000,48390
2,5588,55880000,55880100,162,405,55890000,48399
2,5589,55890000,55890100,162,405,55900000,48409
2,559,5590000,5590100,162,405,5600000,4838
2,5590,55900000,55900100,162,405,55910000,48417
2,5591,55910000,55910100,162,405,55920000,48423
2,5592,55920000,55920100,162,405,55930000,48435
2,5593,55930000,55930100,162,405,55940000,48444
2,5594,55940000,55940100,162,405,55950000,48451
2,5595,55950000,55950100,162,405,55960000,48460
2,5596,55960000,55960100,162,405,55970000,48470
2,5597,55970000,55970100,162,405,55980000,48476
2,5598,55980000,55980100,162,405,55990000,48486
2,5599,55990000,55990100,162,405,56000000,48493
2,56,560000,560100,162,405,570000,485
2,560,5600000,5600100,162,405,5610000,4850
2,5600,56000000,56000100,162,405,56010000,48505
2,5601,56010000,56010100,162,405,56020000,48513
2,5602,56020000,56020100,162,405,56030000,48520
2,5603,56030000,56030100,162,405,56040000,48528
2,5604,56040000,56040100,162,405,56050000,48540
2,5605,56050000,56050100,162,405,56060000,48547
2,5606,56060000,56060100,162,405,56070000,48554
2,5607,56070000,56070100,162,405,56080000,48564
2,5608,56080000,56080100,162,405,56090000,48573
2,5609,56090000,56090100,162,405,56100000,48579
2,561,5610000,5610100,162,405,5620000,4859
2,5610,56100000,56100100,162,405,56110000,48593
2,5611,56110000,56110100,162,405,56120000,48599
2,5612,56120000,56120100,162,405,56130000,48607
2,5613,56130000,56130100,162,405,56140000,48615
2,5614,56140000,56140100,162,405,56150000,48624
2,5615,56150000,56150100,162,405,56160000,48632
2,5616,56160000,56160100,162,405,56170000,48644
2,5617,56170000,56170100,162,405,56180000,48652
2,5618,56180000,56180100,162,405,56190000,48659
2,5619,56190000,56190100,162,405,56200000,48667
2,562,5620000,5620100,162,405,5630000,4866
2,5620,56200000,56200100,162,405,56210000,48676
2,5621,56210000,56210100,162,405,56220000,48685
2,5622,56220000,56220100,162,405,56230000,48695
2,5623,56230000,56230100,162,405,56240000,48701
2,5624,56240000,56240100,162,405,56250000,48712
2,5625,56250000,56250100,162,405,56260000,48721
2,5626,56260000,56260100,162,405,56270000,48729
2,5627,56270000,56270100,162,405,56280000,48735
2,5628,56280000,56280100,162,405,56290000,48748
2,5629,56290000,56290100,162,405,56300000,48754
2,563,5630000,5630100,162,405,5640000,4874
2,5630,56300000,56300100,162,405,56310000,48762
2,5631,56310000,56310100,162,405,56320000,48772
2,5632,56320000,56320100,162,405,56330000,48782
2,5633,56330000,56330100,162,405,56340000,48788
2,5634,56340000,56340100,162,405,56350000,48798
2,5635,56350000,56350100,162,405,56360000,48807
2,5636,56360000,56360100,162,405,56370000,48815
2,5637,56370000,56370100,162,405,56380000,48824
2,5638,56380000,56380100,162,405,56390000,48833
2,5639,56390000,56390100,162,405,56400000,48839
2,564,5640000,5640100,162,405,5650000,4885
2,5640,56400000,56400100,162,405,56410000,48852
2,5641,56410000,56410100,162,405,56420000,48858
2,5642,56420000,56420100,162,405,56430000,48867
2,5643,56430000,56430100,162,405,56440000,48876
2,5644,56440000,56440100,162,405,56450000,48884
2,5645,56450000,56450100,162,405,56460000,48893
2,5646,56460000,56460100,162,405,56470000,48903
2,5647,56470000,56470100,162,405,56480000,48909
2,5648,56480000,56480100,162,405,56490000,48919
2,5649,56490000,56490100,162,405,56500000,48929
2,565,5650000,5650100,162,405,5660000,4892
2,5650,56500000,56500100,162,405,56510000,48937
2,5651,56510000,56510100,162,405,56520000,48943
2,5652,56520000,56520100,162,405,56530000,48956
2,5653,56530000,56530100,162,405,56540000,48962
2,5654,56540000,56540100,162,405,56550000,48970
2,5655,56550000,56550100,162,405,56560000,48979
2,5656,56560000,56560100,162,405,56570000,48990
2,5657,56570000,56570100,162,405,56580000,48996
2,5658,56580000,56580100,162,405,56590000,49006
2,5659,56590000,56590100,162,405,56600000,49015
2,566,5660000,5660100,162,405,5670000,4900
2,5660,56600000,56600100,162,405,56610000,49024
2,5661,56610000,56610100,162,405,56620000,49032
2,5662,56620000,56620100,162,405,56630000,49039
2,5663,56630000,56630100,162,405,56640000,49047
2,5664,56640000,56640100,162,405,56650000,49059
2,5665,56650000,56650100,162,405,56660000,49067
2,5666,56660000,56660100,162,405,56670000,49076
2,5667,56670000,56670100,162,405,56680000,49084
2,5668,56680000,56680100,162,405,56690000,49092
2,5669,56690000,56690100,162,405,56700000,49098
2,567,5670000,5670100,162,405,5680000,4910
2,5670,56700000,56700100,162,405,56710000,49112
2,5671,56710000,56710100,162,405,56720000,49118
2,5672,56720000,56720100,162,405,56730000,49127
2,5673,56730000,56730100,162,405,56740000,49137
2,5674,56740000,56740100,162,405,56750000,49144
2,5675,56750000,56750100,162,405,56760000,49151
2,5676,56760000,56760100,162,405,56770000,49163
2,5677,56770000,56770100,162,405,56780000,49171
2,5678,56780000,56780100,162,405,56790000,49178
2,5679,56790000,56790100,162,405,56800000,49186
2,568,5680000,5680100,162,405,5690000,4919
2,5680,56800000,56800100,162,405,56810000,49198
2,5681,56810000,56810100,162,405,56820000,49205
2,5682,56820000,56820100,162,405,56830000,49215
2,5683,56830000,56830100,162,405,56840000,49221
2,5684,56840000,56840100,162,405,56850000,49231
2,5685,56850000,56850100,162,405,56860000,49240
2,5686,56860000,56860100,162,405,56870000,49247
2,5687,56870000,56870100,162,405,56880000,49256
2,5688,56880000,56880100,162,405,56890000,49268
2,5689,56890000,56890100,162,405,56900000,49274
2,569,5690000,5690100,162,405,5700000,4925
2,5690,56900000,56900100,162,405,56910000,49282
2,5691,56910000,56910100,162,405,56920000,49292
2,5692,56920000,56920100,162,405,56930000,49301
2,5693,56930000,56930100,162,405,56940000,49307
2,5694,56940000,56940100,162,405,56950000,49319
2,5695,56950000,56950100,162,405,56960000,49326
2,5696,56960000,56960100,162,405,56970000,49335
2,5697,56970000,56970100,162,405,56980000,49343
2,5698,56980000,56980100,162,405,56990000,49353
2,5699,56990000,56990100,162,405,57000000,49359
2,57,570000,570100,162,405,580000,493
2,570,5700000,5700100,162,405,5710000,4938
2,5700,57000000,57000100,162,405,57010000,49371
2,5701,57010000,57010100,162,405,57020000,49379
2,5702,57020000,57020100,162,405,57030000,49386
2,5703,57030000,57030100,162,405,57040000,49395
2,5704,57040000,57040100,162,405,57050000,49404
2,5705,57050000,57050100,162,405,57060000,49413
2,5706,57060000,57060100,162,405,57070000,49423
2,5707,57070000,57070100,162,405,57080000,49429
2,5708,57080000,57080100,162,405,57090000,49439
2,5709,57090000,57090100,162,405,57100000,49448
2,571,5710000,5710100,162,405,5720000,4944
2,5710,57100000,57100100,162,405,57110000,49456
2,5711,57110000,57110100,162,405,57120000,49462
2,5712,57120000,57120100,162,405,57130000,49476
2,5713,57130000,57130100,162,405,57140000,49482
2,5714,57140000,57140100,162,405,57150000,49490
2,5715,57150000,57150100,162,405,57160000,49501
2,5716,57160000,57160100,162,405,57170000,49509
2,5717,57170000,57170100,162,405,57180000,49515
2,5718,57180000,57180100,162,405,57190000,49525
2,5719,57190000,57190100,162,405,57200000,49533
2,572,5720000,5720100,162,405,5730000,4953
2,5720,57200000,57200100,162,405,57210000,49544
2,5721,57210000,57210100,162,405,57220000,49552
2,5722,57220000,57220100,162,405,57230000,49561
2,5723,57230000,57230100,162,405,57240000,49567
2,5724,57240000,57240100,162,405,57250000,49578
2,5725,57250000,57250100,162,405,57260000,49586
2,5726,57260000,57260100,162,405,57270000,49595
2,5727,57270000,57270100,162,405,57280000,49603
2,5728,57280000,57280100,162,405,57290000,49612
2,5729,57290000,57290100,162,405,57300000,49620
2,573,5730000,5730100,162,405,5740000,4961
2,5730,57300000,57300100,162,405,57310000,49631
2,5731,57310000,57310100,162,405,57320000,49638
2,5732,57320000,57320100,162,405,57330000,49646
2,5733,57330000,57330100,162,405,57340000,49656
2,5734,57340000,57340100,162,405,57350000,49663
2,5735,57350000,57350100,162,405,57360000,49670
2,5736,57360000,57360100,162,405,57370000,49685
2,5737,57370000,57370100,162,405,57380000,49691
2,5738,57380000,57380100,162,405,57390000,49698
2,5739,57390000,57390100,162,405,57400000,49706
2,574,5740000,5740100,162,405,5750000,4970
2,5740,57400000,57400100,162,405,57410000,49717
2,5741,57410000,57410100,162,405,57420000,49723
2,5742,57420000,57420100,162,405,57430000,49734
2,5743,57430000,57430100,162,405,57440000,49742
2,5744,57440000,57440100,162,405,57450000,49751
2,5745,57450000,57450100,162,405,57460000,49760
2,5746,57460000,57460100,162,405,57470000,49767
2,5747,57470000,57470100,162,405,57480000,49776
2,5748,57480000,57480100,162,405,57490000,49787
2,5749,57490000,57490100,162,405,57500000,49793
2,575,5750000,5750100,162,405,5760000,4977
2,5750,57500000,57500100,162,405,57510000,49803
2,5751,57510000,57510100,162,405,57520000,49811
2,5752,57520000,57520100,162,405,57530000,49820
2,5753,57530000,57530100,162,405,57540000,49827
2,5754,57540000,57540100,162,405,57550000,49839
2,5755,57550000,57550100,162,405,57560000,49846
2,5756,57560000,57560100,162,405,57570000,49854
2,5757,57570000,57570100,162,405,57580000,49864
2,5758,57580000,57580100,162,405,57590000,49872
2,5759,57590000,57590100,162,405,57600000,49878
2,576,5760000,5760100,162,405,5770000,4989
2,5760,57600000,57600100,162,405,57610000,49891
2,5761,57610000,57610100,162,405,57620000,49899
2,5762,57620000,57620100,162,405,57630000,49906
2,5763,57630000,57630100,162,405,57640000,49914
2,5764,57640000,57640100,162,405,57650000,49925
2,5765,57650000,57650100,162,405,57660000,49932
2,5766,57660000,57660100,162,405,57670000,49942
2,5767,57670000,57670100,162,405,57680000,49948
2,5768,57680000,57680100,162,405,57690000,49959
2,5769,57690000,57690100,162,405,57700000,49968
2,577,5770000,5770100,162,405,5780000,4998
2,5770,57700000,57700100,162,405,57710000,49976
2,5771,57710000,57710100,162,405,57720000,49984
2,5772,57720000,57720100,162,405,57730000,49995
2,5773,57730000,57730100,162,405,57740000,50001
2,5774,57740000,57740100,162,405,57750000,50008
2,5775,57750000,57750100,162,405,57760000,50020
2,5776,57760000,57760100,162,405,57770000,50029
2,5777,57770000,57770100,162,405,57780000,50035
2,5778,57780000,57780100,162,405,57790000,50047
2,5779,57790000,57790100,162,405,57800000,50053
2,578,5780000,5780100,162,405,5790000,5005
2,5780,57800000,57800100,162,405,57810000,50063
2,5781,57810000,57810100,162,405,57820000,50071
2,5782,57820000,57820100,162,405,57830000,50080
2,5783,57830000,57830100,162,405,57840000,50086
2,5784,57840000,57840100,162,405,57850000,50098
2,5785,57850000,57850100,162,405,57860000,50107
2,5786,57860000,57860100,162,405,57870000,50115
2,5787,57870000,57870100,162,405,57880000,50123
2,5788,57880000,57880100,162,405,57890000,50131
2,5789,57890000,57890100,162,405,57900000,50139
2,579,5790000,5790100,162,405,5800000,5013
2,5790,57900000,57900100,162,405,57910000,50150
2,5791,57910000,57910100,162,405,57920000,50157
2,5792,57920000,57920100,162,405,57930000,50168
2,5793,57930000,57930100,162,405,57940000,50176
2,5794,57940000,57940100,162,405,57950000,50183
2,5795,57950000,57950100,162,405,57960000,50190
2,5796,57960000,57960100,162,405,57970000,50203
2,5797,57970000,57970100,162,405,57980000,50210
2,5798,57980000,57980100,162,405,57990000,50217
2,5799,57990000,57990100,162,405,58000000,50227
2,58,580000,580100,162,405,590000,500
2,580,5800000,5800100,162,405,5810000,5022
2,5800,58000000,58000100,162,405,58010000,50237
2,5801,58010000,58010100,162,405,58020000,50243
2,5802,58020000,58020100,162,405,58030000,50254
2,5803,58030000,58030100,162,405,58040000,50262
2,5804,58040000,58040100,162,405,58050000,50270
2,5805,58050000,58050100,162,405,58060000,50279
2,5806,58060000,58060100,162,405,58070000,50288
2,5807,58070000,58070100,162,405,58080000,50294
2,5808,58080000,58080100,162,405,58090000,50307
2,5809,58090000,58090100,162,405,58100000,50313
2,581,5810000,5810100,162,405,5820000,5030
2,5810,58100000,58100100,162,405,58110000,50323
2,5811,58110000,58110100,162,405,58120000,50331
2,5812,58120000,58120100,162,405,58130000,50339
2,5813,58130000,58130100,162,405,58140000,50348
2,5814,58140000,58140100,162,405,58150000,50358
2,5815,58150000,58150100,162,405,58160000,50365
2,5816,58160000,58160100,162,405,58170000,50374
2,5817,58170000,58170100,162,405,58180000,50384
2,5818,58180000,58180100,162,405,58190000,50391
2,5819,58190000,58190100,162,405,58200000,50398
2,582,5820000,5820100,162,405,5830000,5040
2,5820,58200000,58200100,162,405,58210000,50412
2,5821,58210000,58210100,162,405,58220000,50418
2,5822,58220000,58220100,162,405,58230000,50425
2,5823,58230000,58230100,162,405,58240000,50433
2,5824,58240000,58240100,162,405,58250000,50445
2,5825,58250000,58250100,162,405,58260000,50452
2,5826,58260000,58260100,162,405,58270000,50462
2,5827,58270000,58270100,162,405,58280000,50470
2,5828,58280000,58280100,162,405,58290000,50478
2,5829,58290000,58290100,162,405,58300000,50486
2,583,5830000,5830100,162,405,5840000,5047
2,5830,58300000,58300100,162,405,58310000,50495
2,5831,58310000,58310100,162,405,58320000,50503
2,5832,58320000,58320100,162,405,58330000,50515
2,5833,58330000,58330100,162,405,58340000,50521
2,5834,58340000,58340100,162,405,58350000,50530
2,5835,58350000,58350100,162,405,58360000,50540
2,5836,58360000,58360100,162,405,58370000,50548
2,5837,58370000,58370100,162,405,58380000,50554
2,5838,58380000,58380100,162,405,58390000,50566
2,5839,58390000,58390100,162,405,58400000,50572
2,584,5840000,5840100,162,405,5850000,5058
2,5840,58400000,58400100,162,405,58410000,50582
2,5841,58410000,58410100,162,405,58420000,50593
2,5842,58420000,58420100,162,405,58430000,50600
2,5843,58430000,58430100,162,405,58440000,50606
2,5844,58440000,58440100,162,405,58450000,50617
2,5845,58450000,58450100,162,405,58460000,50626
2,5846,58460000,58460100,162,405,58470000,50634
2,5847,58470000,58470100,162,405,58480000,50642
2,5848,58480000,58480100,162,405,58490000,50653
2,5849,58490000,58490100,162,405,58500000,50659
2,585,5850000,5850100,162,405,5860000,5067
2,5850,58500000,58500100,162,405,58510000,50670
2,5851,58510000,58510100,162,405,58520000,50676
2,5852,58520000,58520100,162,405,58530000,50687
2,5853,58530000,58530100,162,405,58540000,50695
2,5854,58540000,58540100,162,405,58550000,50702
2,5855,58550000,58550100,162,405,58560000,50711
2,5856,58560000,58560100,162,405,58570000,50723
2,5857,58570000,58570100,162,405,58580000,50730
2,5858,58580000,58580100,162,405,58590000,50737
2,5859,58590000,58590100,162,405,58600000,50747
2,586,5860000,5860100,162,405,5870000,5074
2,5860,58600000,58600100,162,405,58610000,50756
2,5861,58610000,58610100,162,405,58620000,50762
2,5862,58620000,58620100,162,405,58630000,50774
2,5863,58630000,58630100,162,405,58640000,50781
2,5864,58640000,58640100,162,405,58650000,50790
2,5865,58650000,58650100,162,405,58660000,50799
2,5866,58660000,58660100,162,405,58670000,50808
2,5867,58670000,58670100,162,405,58680000,50814
2,5868,58680000,58680100,162,405,58690000,50826
2,5869,58690000,58690100,162,405,58700000,50834
2,587,5870000,5870100,162,405,5880000,5080
2,5870,58700000,58700100,162,405,58710000,50842
2,5871,58710000,58710100,162,405,58720000,50850
2,5872,58720000,58720100,162,405,58730000,50859
2,5873,58730000,58730100,162,405,58740000,50867
2,5874,58740000,58740100,162,405,58750000,50878
2,5875,58750000,58750100,162,405,58760000,50885
2,5876,58760000,58760100,162,405,58770000,50895
2,5877,58770000,58770100,162,405,58780000,50903
2,5878,58780000,58780100,162,405,58790000,50910
2,5879,58790000,58790100,162,405,58800000,50917
2,588,5880000,5880100,162,405,5890000,5094
2,5880,58800000,58800100,162,405,58810000,50932
2,5881,58810000,58810100,162,405,58820000,50938
2,5882,58820000,58820100,162,405,58830000,50945
2,5883,58830000,58830100,162,405,58840000,50955
2,5884,58840000,58840100,162,405,58850000,50963
2,5885,58850000,58850100,162,405,58860000,50971
2,5886,58860000,58860100,162,405,58870000,50981
2,5887,58870000,58870100,162,405,58880000,50989
2,5888,58880000,58880100,162,405,58890000,50998
2,5889,58890000,58890100,162,405,58900000,51006
2,589,5890000,5890100,162,405,5900000,5100
2,5890,58900000,58900100,162,405,58910000,51017
2,5891,58910000,58910100,162,405,58920000,51023
2,5892,58920000,58920100,162,405,58930000,51034
2,5893,58930000,58930100,162,405,58940000,51040
2,5894,58940000,58940100,162,405,58950000,51049
2,5895,58950000,58950100,162,405,58960000,51058
2,5896,58960000,58960100,162,405,58970000,51068
2,5897,58970000,58970100,162,405,58980000,51076
2,5898,58980000,58980100,162,405,58990000,51086
2,5899,58990000,58990100,162,405,59000000,51092
2,59,590000,590100,162,405,600000,508
2,590,5900000,5900100,162,405,5910000,5108
2,5900,59000000,59000100,162,405,59010000,51101
2,5901,59010000,59010100,162,405,59020000,51112
2,5902,59020000,59020100,162,405,59030000,51119
2,5903,59030000,59030100,162,405,59040000,51125
2,5904,59040000,59040100,162,405,59050000,51139
2,5905,59050000,59050100,162,405,59060000,51146
2,5906,59060000,59060100,162,405,59070000,51153
2,5907,59070000,59070100,162,405,59080000,51162
2,5908,59080000,59080100,162,405,59090000,51172
2,5909,59090000,59090100,162,405,59100000,51178
2,591,5910000,5910100,162,405,5920000,5118
2,5910,59100000,59100100,162,405,59110000,51189
2,5911,59110000,59110100,162,405,59120000,51197
2,5912,59120000,59120100,162,405,59130000,51207
2,5913,59130000,59130100,162,405,59140000,51215
2,5914,59140000,59140100,162,405,59150000,51222
2,5915,59150000,59150100,162,405,59160000,51231
2,5916,59160000,59160100,162,405,59170000,51242
2,5917,59170000,59170100,162,405,59180000,51248
2,5918,59180000,59180100,162,405,59190000,51258
2,5919,59190000,59190100,162,405,59200000,51266
2,592,5920000,5920100,162,405,5930000,5127
2,5920,59200000,59200100,162,405,59210000,51276
2,5921,59210000,59210100,162,405,59220000,51282
2,5922,59220000,59220100,162,405,59230000,51294
2,5923,59230000,59230100,162,405,59240000,51301
2,5924,59240000,59240100,162,405,59250000,51309
2,5925,59250000,59250100,162,405,59260000,51320
2,5926,59260000,59260100,162,405,59270000,51327
2,5927,59270000,59270100,162,405,59280000,51333
2,5928,59280000,59280100,162,405,59290000,51345
2,5929,59290000,59290100,162,405,59300000,51354
2,593,5930000,5930100,162,405,5940000,5133
2,5930,59300000,59300100,162,405,59310000,51362
2,5931,59310000,59310100,162,405,59320000,51370
2,5932,59320000,59320100,162,405,59330000,51380
2,5933,59330000,59330100,162,405,59340000,51386
2,5934,59340000,59340100,162,405,59350000,51397
2,5935,59350000,59350100,162,405,59360000,51404
2,5936,59360000,59360100,162,405,59370000,51415
2,5937,59370000,59370100,162,405,59380000,51423
2,5938,59380000,59380100,162,405,59390000,51430
2,5939,59390000,59390100,162,405,59400000,51438
2,594,5940000,5940100,162,405,5950000,5144
2,5940,59400000,59400100,162,405,59410000,51451
2,5941,59410000,59410100,162,405,59420000,51457
2,5942,59420000,59420100,162,405,59430000,51464
2,5943,59430000,59430100,162,405,59440000,51474
2,5944,59440000,59440100,162,405,59450000,51483
2,5945,59450000,59450100,162,405,59460000,51491
2,5946,59460000,59460100,162,405,59470000,51503
2,5947,59470000,59470100,162,405,59480000,51509
2,5948,59480000,59480100,162,405,59490000,51517
2,5949,59490000,59490100,162,405,59500000,51525
2,595,5950000,5950100,162,405,5960000,5153
2,5950,59500000,59500100,162,405,59510000,51535
2,5951,59510000,59510100,162,405,59520000,51542
2,5952,59520000,59520100,162,405,59530000,51554
2,5953,59530000,59530100,162,405,59540000,51562
2,5954,59540000,59540100,162,405,59550000,51569
2,5955,59550000,59550100,162,405,59560000,51578
2,5956,59560000,59560100,162,405,59570000,51587
2,5957,59570000,59570100,162,405,59580000,51595
2,5958,59580000,59580100,162,405,59590000,51605
2,5959,59590000,59590100,162,405,59600000,51611
2,596,5960000,5960100,162,405,5970000,5161
2,5960,59600000,59600100,162,405,59610000,51623
2,5961,59610000,59610100,162,405,59620000,51631
2,5962,59620000,59620100,162,405,59630000,51639
2,5963,59630000,59630100,162,405,59640000,51645
2,5964,59640000,59640100,162,405,59650000,51658
2,5965,59650000,59650100,162,405,59660000,51665
2,5966,59660000,59660100,162,405,59670000,51672
2,5967,59670000,59670100,162,405,59680000,51683
2,5968,59680000,59680100,162,405,59690000,51692
2,5969,59690000,59690100,162,405,59700000,51698
2,597,5970000,5970100,162,405,5980000,5169
2,5970,59700000,59700100,162,405,59710000,51709
2,5971,59710000,59710100,162,405,59720000,51717
2,5972,59720000,59720100,162,405,59730000,51725
2,5973,59730000,59730100,162,405,59740000,51734
2,5974,59740000,59740100,162,405,59750000,51743
2,5975,59750000,59750100,162,405,59760000,51750
2,5976,59760000,59760100,162,405,59770000,51762
2,5977,59770000,59770100,162,405,59780000,51768
2,5978,59780000,59780100,162,405,59790000,51778
2,5979,59790000,59790100,162,405,59800000,51786
2,598,5980000,5980100,162,405,5990000,5178
2,5980,59800000,59800100,162,405,59810000,51795
2,5981,59810000,59810100,162,405,59820000,51803
2,5982,59820000,59820100,162,405,59830000,51813
2,5983,59830000,59830100,162,405,59840000,51819
2,5984,59840000,59840100,162,405,59850000,51829
2,5985,59850000,59850100,162,405,59860000,51840
2,5986,59860000,59860100,162,405,59870000,51847
2,5987,59870000,59870100,162,405,59880000,51853
2,5988,59880000,59880100,162,405,59890000,51866
2,5989,59890000,59890100,162,405,59900000,51873
2,599,5990000,5990100,162,405,6000000,5185
2,5990,59900000,59900100,162,405,59910000,51881
2,5991,59910000,59910100,162,405,59920000,51889
2,5992,59920000,59920100,162,405,59930000,51900
2,5993,59930000,59930100,162,405,59940000,51906
2,5994,59940000,59940100,162,405,59950000,51916
2,5995,59950000,59950100,162,405,59960000,51926
2,5996,59960000,59960100,162,405,59970000,51934
2,5997,59970000,59970100,162,405,59980000,51942
2,5998,59980000,59980100,162,405,59990000,51949
2,5999,59990000,59990100,162,405,60000000,51957
2,6,60000,60100,162,405,70000,51
2,60,600000,600100,162,405,610000,521
2,600,6000000,6000100,162,405,6010000,5198
2,6000,60000000,60000100,162,405,60010000,51971
2,6001,60010000,60010100,162,405,60020000,51977
2,6002,60020000,60020100,162,405,60030000,51986
2,6003,60030000,60030100,162,405,60040000,51994
2,6004,60040000,60040100,162,405,60050000,52002
2,6005,60050000,60050100,162,405,60060000,52009
2,6006,60060000,60060100,162,405,60070000,52022
2,6007,60070000,60070100,162,405,60080000,52028
2,6008,60080000,60080100,162,405,60090000,52037
2,6009,60090000,60090100,162,405,60100000,52047
2,601,6010000,6010100,162,405,6020000,5204
2,6010,60100000,60100100,162,405,60110000,52055
2,6011,60110000,60110100,162,405,60120000,52062
2,6012,60120000,60120100,162,405,60130000,52073
2,6013,60130000,60130100,162,405,60140000,52081
2,6014,60140000,60140100,162,405,60150000,52088
2,6015,60150000,60150100,162,405,60160000,52097
2,6016,60160000,60160100,162,405,60170000,52108
2,6017,60170000,60170100,162,405,60180000,52115
2,6018,60180000,60180100,162,405,60190000,52125
2,6019,60190000,60190100,162,405,60200000,52131
2,602,6020000,6020100,162,405,6030000,5213
2,6020,60200000,60200100,162,405,60210000,52142
2,6021,60210000,60210100,162,405,60220000,52150
2,6022,60220000,60220100,162,405,60230000,52158
2,6023,60230000,60230100,162,405,60240000,52166
2,6024,60240000,60240100,162,405,60250000,52178
2,6025,60250000,60250100,162,405,60260000,52185
2,6026,60260000,60260100,162,405,60270000,52192
2,6027,60270000,60270100,162,405,60280000,52202
2,6028,60280000,60280100,162,405,60290000,52211
2,6029,60290000,60290100,162,405,60300000,52217
2,603,6030000,6030100,162,405,6040000,5221
2,6030,60300000,60300100,162,405,60310000,52230
2,6031,60310000,60310100,162,405,60320000,52236
2,6032,60320000,60320100,162,405,60330000,52245
2,6033,60330000,60330100,162,405,60340000,52254
2,6034,60340000,60340100,162,405,60350000,52263
2,6035,60350000,60350100,162,405,60360000,52270
2,6036,60360000,60360100,162,405,60370000,52281
2,6037,60370000,60370100,162,405,60380000,52289
2,6038,60380000,60380100,162,405,60390000,52296
2,6039,60390000,60390100,162,405,60400000,52305
2,604,6040000,6040100,162,405,6050000,5229
2,6040,60400000,60400100,162,405,60410000,52315
2,6041,60410000,60410100,162,405,60420000,52323
2,6042,60420000,60420100,162,405,60430000,52333
2,6043,60430000,60430100,162,405,60440000,52339
2,6044,60440000,60440100,162,405,60450000,52350
2,6045,60450000,60450100,162,405,60460000,52359
2,6046,60460000,60460100,162,405,60470000,52366
2,6047,60470000,60470100,162,405,60480000,52372
2,6048,60480000,60480100,162,405,60490000,52386
2,6049,60490000,60490100,162,405,60500000,52392
2,605,6050000,6050100,162,405,6060000,5239
2,6050,60500000,60500100,162,405,60510000,52401
2,6051,60510000,60510100,162,405,60520000,52411
2,6052,60520000,60520100,162,405,60530000,52419
2,6053,60530000,60530100,162,405,60540000,52425
2,6054,60540000,60540100,162,405,60550000,52435
2,6055,60550000,60550100,162,405,60560000,52445
2,6056,60560000,60560100,162,405,60570000,52454
2,6057,60570000,60570100,162,405,60580000,52462
2,6058,60580000,60580100,162,405,60590000,52471
2,6059,60590000,60590100,162,405,60600000,52477
2,606,6060000,6060100,162,405,6070000,5249
2,6060,60600000,60600100,162,405,60610000,52489
2,6061,60610000,60610100,162,405,60620000,52496
2,6062,60620000,60620100,162,405,60630000,52505
2,6063,60630000,60630100,162,405,60640000,52513
2,6064,60640000,60640100,162,405,60650000,52522
2,6065,60650000,60650100,162,405,60660000,52531
2,6066,60660000,60660100,162,405,60670000,52542
2,6067,60670000,60670100,162,405,60680000,52548
2,6068,60680000,60680100,162,405,60690000,52556
2,6069,60690000,60690100,162,405,60700000,52566
2,607,6070000,6070100,162,405,6080000,5255
2,6070,60700000,60700100,162,405,60710000,52574
2,6071,60710000,60710100,162,405,60720000,52580
2,6072,60720000,60720100,162,405,60730000,52595
2,6073,60730000,60730100,162,405,60740000,52601
2,6074,60740000,60740100,162,405,60750000,52608
2,6075,60750000,60750100,162,405,60760000,52617
2,6076,60760000,60760100,162,405,60770000,52627
2,6077,60770000,60770100,162,405,60780000,52634
2,6078,60780000,60780100,162,405,60790000,52644
2,6079,60790000,60790100,162,405,60800000,52652
2,608,6080000,6080100,162,405,6090000,5264
2,6080,60800000,60800100,162,405,60810000,52662
2,6081,60810000,60810100,162,405,60820000,52670
2,6082,60820000,60820100,162,405,60830000,52677
2,6083,60830000,60830100,162,405,60840000,52686
2,6084,60840000,60840100,162,405,60850000,52697
2,6085,60850000,60850100,162,405,60860000,52704
2,6086,60860000,60860100,162,405,60870000,52713
2,6087,60870000,60870100,162,405,60880000,52721
2,6088,60880000,60880100,162,405,60890000,52731
2,6089,60890000,60890100,162,405,60900000,52737
2,609,6090000,6090100,162,405,6100000,5274
2,6090,60900000,60900100,162,405,60910000,52750
2,6091,60910000,60910100,162,405,60920000,52756
2,6092,60920000,60920100,162,405,60930000,52764
2,6093,60930000,60930100,162,405,60940000,52774
2,6094,60940000,60940100,162,405,60950000,52782
2,6095,60950000,60950100,162,405,60960000,52789
2,6096,60960000,60960100,162,405,60970000,52801
2,6097,60970000,60970100,162,405,60980000,52809
2,6098,60980000,60980100,162,405,60990000,52816
2,6099,60990000,60990100,162,405,61000000,52825
2,61,610000,610100,162,405,620000,527
2,610,6100000,6100100,162,405,6110000,5283
2,6100,61000000,61000100,162,405,61010000,52836
2,6101,61010000,61010100,162,405,61020000,52842
2,6102,61020000,61020100,162,405,61030000,52852
2,6103,61030000,61030100,162,405,61040000,52858
2,6104,61040000,61040100,162,405,61050000,52869
2,6105,61050000,61050100,162,405,61060000,52879
2,6106,61060000,61060100,162,405,61070000,52886
2,6107,61070000,61070100,162,405,61080000,52894
2,6108,61080000,61080100,162,405,61090000,52905
2,6109,61090000,61090100,162,405,61100000,52911
2,611,6110000,6110100,162,405,6120000,5289
2,6110,61100000,61100100,162,405,61110000,52920
2,6111,61110000,61110100,162,405,61120000,52930
2,6112,61120000,61120100,162,405,61130000,52939
2,6113,61130000,61130100,162,405,61140000,52945
2,6114,61140000,61140100,162,405,61150000,52957
2,6115,61150000,61150100,162,405,61160000,52964
2,6116,61160000,61160100,162,405,61170000,52973
2,6117,61170000,61170100,162,405,61180000,52981
2,6118,61180000,61180100,162,405,61190000,52990
2,6119,61190000,61190100,162,405,61200000,52996
2,612,6120000,6120100,162,405,6130000,5302
2,6120,61200000,61200100,162,405,61210000,53009
2,6121,61210000,61210100,162,405,61220000,53018
2,6122,61220000,61220100,162,405,61230000,53025
2,6123,61230000,61230100,162,405,61240000,53033
2,6124,61240000,61240100,162,405,61250000,53041
2,6125,61250000,61250100,162,405,61260000,53050
2,6126,61260000,61260100,162,405,61270000,53060
2,6127,61270000,61270100,162,405,61280000,53067
2,6128,61280000,61280100,162,405,61290000,53078
2,6129,61290000,61290100,162,405,61300000,53086
2,613,6130000,6130100,162,405,6140000,5308
2,6130,61300000,61300100,162,405,61310000,53094
2,6131,61310000,61310100,162,405,61320000,53100
2,6132,61320000,61320100,162,405,61330000,53114
2,6133,61330000,61330100,162,405,61340000,53120
2,6134,61340000,61340100,162,405,61350000,53127
2,6135,61350000,61350100,162,405,61360000,53138
2,6136,61360000,61360100,162,405,61370000,53147
2,6137,61370000,61370100,162,405,61380000,53153
2,6138,61380000,61380100,162,405,61390000,53164
2,6139,61390000,61390100,162,405,61400000,53172
2,614,6140000,6140100,162,405,6150000,5315
2,6140,61400000,61400100,162,405,61410000,53181
2,6141,61410000,61410100,162,405,61420000,53189
2,6142,61420000,61420100,162,405,61430000,53198
2,6143,61430000,61430100,162,405,61440000,53205
2,6144,61440000,61440100,162,405,61450000,53217
2,6145,61450000,61450100,162,405,61460000,53224
2,6146,61460000,61460100,162,405,61470000,53233
2,6147,61470000,61470100,162,405,61480000,53241
2,6148,61480000,61480100,162,405,61490000,53249
2,6149,61490000,61490100,162,405,61500000,53258
2,615,6150000,6150100,162,405,6160000,5324
2,6150,61500000,61500100,162,405,61510000,53269
2,6151,61510000,61510100,162,405,61520000,53275
2,6152,61520000,61520100,162,405,61530000,53284
2,6153,61530000,61530100,162,405,61540000,53294
2,6154,61540000,61540100,162,405,61550000,53302
2,6155,61550000,61550100,162,405,61560000,53309
2,6156,61560000,61560100,162,405,61570000,53322
2,6157,61570000,61570100,162,405,61580000,53328
2,6158,61580000,61580100,162,405,61590000,53335
2,6159,61590000,61590100,162,405,61600000,53343
2,616,6160000,6160100,162,405,6170000,5336
2,6160,61600000,61600100,162,405,61610000,53356
2,6161,61610000,61610100,162,405,61620000,53362
2,6162,61620000,61620100,162,405,61630000,53372
2,6163,61630000,61630100,162,405,61640000,53380
2,6164,61640000,61640100,162,405,61650000,53388
2,6165,61650000,61650100,162,405,61660000,53398
2,6166,61660000,61660100,162,405,61670000,53405
2,6167,61670000,61670100,162,405,61680000,53413
2,6168,61680000,61680100,162,405,61690000,53425
2,6169,61690000,61690100,162,405,61700000,53431
2,617,6170000,6170100,162,405,6180000,5342
2,6170,61700000,61700100,162,405,61710000,53441
2,6171,61710000,61710100,162,405,61720000,53450
2,6172,61720000,61720100,162,405,61730000,53458
2,6173,61730000,61730100,162,405,61740000,53464
2,6174,61740000,61740100,162,405,61750000,53476
2,6175,61750000,61750100,162,405,61760000,53483
2,6176,61760000,61760100,162,405,61770000,53493
2,6177,61770000,61770100,162,405,61780000,53503
2,6178,61780000,61780100,162,405,61790000,53510
2,6179,61790000,61790100,162,405,61800000,53516
2,618,6180000,6180100,162,405,6190000,5352
2,6180,61800000,61800100,162,405,61810000,53528
2,6181,61810000,61810100,162,405,61820000,53536
2,6182,61820000,61820100,162,405,61830000,53544
2,6183,61830000,61830100,162,405,61840000,53552
2,6184,61840000,61840100,162,405,61850000,53563
2,6185,61850000,61850100,162,405,61860000,53570
2,6186,61860000,61860100,162,405,61870000,53580
2,6187,61870000,61870100,162,405,61880000,53587
2,6188,61880000,61880100,162,405,61890000,53597
2,6189,61890000,61890100,162,405,61900000,53605
2,619,6190000,6190100,162,405,6200000,5360
2,6190,61900000,61900100,162,405,61910000,53613
2,6191,61910000,61910100,162,405,61920000,53621
2,6192,61920000,61920100,162,405,61930000,53633
2,6193,61930000,61930100,162,405,61940000,53640
2,6194,61940000,61940100,162,405,61950000,53647
2,6195,61950000,61950100,162,405,61960000,53658
2,6196,61960000,61960100,162,405,61970000,53666
2,6197,61970000,61970100,162,405,61980000,53672
2,6198,61980000,61980100,162,405,61990000,53685
2,6199,61990000,61990100,162,405,62000000,53691
2,62,620000,620100,162,405,630000,534
2,620,6200000,6200100,162,405,6210000,5369
2,6200,62000000,62000100,162,405,62010000,53701
2,6201,62010000,62010100,162,405,62020000,53709
2,6202,62020000,62020100,162,405,62030000,53718
2,6203,62030000,62030100,162,405,62040000,53724
2,6204,62040000,62040100,162,405,62050000,53736
2,6205,62050000,62050100,162,405,62060000,53745
2,6206,62060000,62060100,162,405,62070000,53752
2,6207,62070000,62070100,162,405,62080000,53760
2,6208,62080000,62080100,162,405,62090000,53769
2,6209,62090000,62090100,162,405,62100000,53778
2,621,6210000,6210100,162,405,6220000,5378
2,6210,62100000,62100100,162,405,62110000,53789
2,6211,62110000,62110100,162,405,62120000,53795
2,6212,62120000,62120100,162,405,62130000,53805
2,6213,62130000,62130100,162,405,62140000,53813
2,6214,62140000,62140100,162,405,62150000,53820
2,6215,62150000,62150100,162,405,62160000,53828
2,6216,62160000,62160100,162,405,62170000,53842
2,6217,62170000,62170100,162,405,62180000,53848
2,6218,62180000,62180100,162,405,62190000,53855
2,6219,62190000,62190100,162,405,62200000,53865
2,622,6220000,6220100,162,405,6230000,5385
2,6220,62200000,62200100,162,405,62210000,53875
2,6221,62210000,62210100,162,405,62220000,53881
2,6222,62220000,62220100,162,405,62230000,53891
2,6223,62230000,62230100,162,405,62240000,53899
2,6224,62240000,62240100,162,405,62250000,53908
2,6225,62250000,62250100,162,405,62260000,53917
2,6226,62260000,62260100,162,405,62270000,53927
2,6227,62270000,62270100,162,405,62280000,53933
2,6228,62280000,62280100,162,405,62290000,53944
2,6229,62290000,62290100,162,405,62300000,53950
2,623,6230000,6230100,162,405,6240000,5393
2,6230,62300000,62300100,162,405,62310000,53960
2,6231,62310000,62310100,162,405,62320000,53969
2,6232,62320000,62320100,162,405,62330000,53978
2,6233,62330000,62330100,162,405,62340000,53986
2,6234,62340000,62340100,162,405,62350000,53996
2,6235,62350000,62350100,162,405,62360000,54003
2,6236,62360000,62360100,162,405,62370000,54011
2,6237,62370000,62370100,162,405,62380000,54022
2,6238,62380000,62380100,162,405,62390000,54029
2,6239,62390000,62390100,162,405,62400000,54035
2,624,6240000,6240100,162,405,6250000,5405
2,6240,62400000,62400100,162,405,62410000,54050
2,6241,62410000,62410100,162,405,62420000,54056
2,6242,62420000,62420100,162,405,62430000,54064
2,6243,62430000,62430100,162,405,62440000,54072
2,6244,62440000,62440100,162,405,62450000,54082
2,6245,62450000,62450100,162,405,62460000,54089
2,6246,62460000,62460100,162,405,62470000,54099
2,6247,62470000,62470100,162,405,62480000,54107
2,6248,62480000,62480100,162,405,62490000,54117
2,6249,62490000,62490100,162,405,62500000,54125
2,625,6250000,6250100,162,405,6260000,5412
2,6250,62500000,62500100,162,405,62510000,54133
2,6251,62510000,62510100,162,405,62520000,54141
2,6252,62520000,62520100,162,405,62530000,54152
2,6253,62530000,62530100,162,405,62540000,54159
2,6254,62540000,62540100,162,405,62550000,54168
2,6255,62550000,62550100,162,405,62560000,54177
2,6256,62560000,62560100,162,405,62570000,54186
2,6257,62570000,62570100,162,405,62580000,54192
2,6258,62580000,62580100,162,405,62590000,54204
2,6259,62590000,62590100,162,405,62600000,54211
2,626,6260000,6260100,162,405,6270000,5421
2,6260,62600000,62600100,162,405,62610000,54220
2,6261,62610000,62610100,162,405,62620000,54230
2,6262,62620000,62620100,162,405,62630000,54237
2,6263,62630000,62630100,162,405,62640000,54243
2,6264,62640000,62640100,162,405,62650000,54256
2,6265,62650000,62650100,162,405,62660000,54265
2,6266,62660000,62660100,162,405,62670000,54272
2,6267,62670000,62670100,162,405,62680000,54280
2,6268,62680000,62680100,162,405,62690000,54290
2,6269,62690000,62690100,162,405,62700000,54296
2,627,6270000,6270100,162,405,6280000,5430
2,6270,62700000,62700100,162,405,62710000,54308
2,6271,62710000,62710100,162,405,62720000,54314
2,6272,62720000,62720100,162,405,62730000,54325
2,6273,62730000,62730100,162,405,62740000,54333
2,6274,62740000,62740100,162,405,62750000,54340
2,6275,62750000,62750100,162,405,62760000,54350
2,6276,62760000,62760100,162,405,62770000,54361
2,6277,62770000,62770100,162,405,62780000,54367
2,6278,62780000,62780100,162,405,62790000,54374
2,6279,62790000,62790100,162,405,62800000,54384
2,628,6280000,6280100,162,405,6290000,5438
2,6280,62800000,62800100,162,405,62810000,54394
2,6281,62810000,62810100,162,405,62820000,54401
2,6282,62820000,62820100,162,405,62830000,54413
2,6283,62830000,62830100,162,405,62840000,54419
2,6284,62840000,62840100,162,405,62850000,54427
2,6285,62850000,62850100,162,405,62860000,54436
2,6286,62860000,62860100,162,405,62870000,54446
2,6287,62870000,62870100,162,405,62880000,54452
2,6288,62880000,62880100,162,405,62890000,54464
2,6289,62890000,62890100,162,405,62900000,54472
2,629,6290000,6290100,162,405,6300000,5444
2,6290,62900000,62900100,162,405,62910000,54480
2,6291,62910000,62910100,162,405,62920000,54488
2,6292,62920000,62920100,162,405,62930000,54497
2,6293,62930000,62930100,162,405,62940000,54505
2,6294,62940000,62940100,162,405,62950000,54515
2,6295,62950000,62950100,162,405,62960000,54522
2,6296,62960000,62960100,162,405,62970000,54533
2,6297,62970000,62970100,162,405,62980000,54542
2,6298,62980000,62980100,162,405,62990000,54549
2,6299,62990000,62990100,162,405,63000000,54555
2,63,630000,630100,162,405,640000,544
2,630,6300000,6300100,162,405,6310000,5457
2,6300,63000000,63000100,162,405,63010000,54569
2,6301,63010000,63010100,162,405,63020000,54575
2,6302,63020000,63020100,162,405,63030000,54582
2,6303,63030000,63030100,162,405,63040000,54593
2,6304,63040000,63040100,162,405,63050000,54602
2,6305,63050000,63050100,162,405,63060000,54609
2,6306,63060000,63060100,162,405,63070000,54619
2,6307,63070000,63070100,162,405,63080000,54627
2,6308,63080000,63080100,162,405,63090000,54636
2,6309,63090000,63090100,162,405,63100000,54644
2,631,6310000,6310100,162,405,6320000,5463
2,6310,63100000,63100100,162,405,63110000,54654
2,6311,63110000,63110100,162,405,63120000,54660
2,6312,63120000,63120100,162,405,63130000,54672
2,6313,63130000,63130100,162,405,63140000,54678
2,6314,63140000,63140100,162,405,63150000,54688
2,6315,63150000,63150100,162,405,63160000,54697
2,6316,63160000,63160100,162,405,63170000,54705
2,6317,63170000,63170100,162,405,63180000,54713
2,6318,63180000,63180100,162,405,63190000,54723
2,6319,63190000,63190100,162,405,63200000,54730
2,632,6320000,6320100,162,405,6330000,5473
2,6320,63200000,63200100,162,405,63210000,54740
2,6321,63210000,63210100,162,405,63220000,54750
2,6322,63220000,63220100,162,405,63230000,54757
2,6323,63230000,63230100,162,405,63240000,54763
2,6324,63240000,63240100,162,405,63250000,54776
2,6325,63250000,63250100,162,405,63260000,54784
2,6326,63260000,63260100,162,405,63270000,54791
2,6327,63270000,63270100,162,405,63280000,54799
2,6328,63280000,63280100,162,405,63290000,54810
2,6329,63290000,63290100,162,405,63300000,54816
2,633,6330000,6330100,162,405,6340000,5483
2,6330,63300000,63300100,162,405,63310000,54828
2,6331,63310000,63310100,162,405,63320000,54836
2,6332,63320000,63320100,162,405,63330000,54844
2,6333,63330000,63330100,162,405,63340000,54852
2,6334,63340000,63340100,162,405,63350000,54859
2,6335,63350000,63350100,162,405,63360000,54868
2,6336,63360000,63360100,162,405,63370000,54881
2,6337,63370000,63370100,162,405,63380000,54887
2,6338,63380000,63380100,162,405,63390000,54896
2,6339,63390000,63390100,162,405,63400000,54904
2,634,6340000,6340100,162,405,6350000,5490
2,6340,63400000,63400100,162,405,63410000,54913
2,6341,63410000,63410100,162,405,63420000,54920
2,6342,63420000,63420100,162,405,63430000,54932
2,6343,63430000,63430100,162,405,63440000,54938
2,6344,63440000,63440100,162,405,63450000,54947
2,6345,63450000,63450100,162,405,63460000,54958
2,6346,63460000,63460100,162,405,63470000,54965
2,6347,63470000,63470100,162,405,63480000,54972
2,6348,63480000,63480100,162,405,63490000,54983
2,6349,63490000,63490100,162,405,63500000,54991
2,635,6350000,6350100,162,405,6360000,5497
2,6350,63500000,63500100,162,405,63510000,54999
2,6351,63510000,63510100,162,405,63520000,55007
2,6352,63520000,63520100,162,405,63530000,55019
2,6353,63530000,63530100,162,405,63540000,55025
2,6354,63540000,63540100,162,405,63550000,55035
2,6355,63550000,63550100,162,405,63560000,55042
2,6356,63560000,63560100,162,405,63570000,55052
2,6357,63570000,63570100,162,405,63580000,55060
2,6358,63580000,63580100,162,405,63590000,55068
2,6359,63590000,63590100,162,405,63600000,55076
2,636,6360000,6360100,162,405,6370000,5508
2,6360,63600000,63600100,162,405,63610000,55089
2,6361,63610000,63610100,162,405,63620000,55095
2,6362,63620000,63620100,162,405,63630000,55102
2,6363,63630000,63630100,162,405,63640000,55113
2,6364,63640000,63640100,162,405,63650000,55121
2,6365,63650000,63650100,162,405,63660000,55128
2,6366,63660000,63660100,162,405,63670000,55140
2,6367,63670000,63670100,162,405,63680000,55146
2,6368,63680000,63680100,162,405,63690000,55155
2,6369,63690000,63690100,162,405,63700000,55164
2,637,6370000,6370100,162,405,6380000,5516
2,6370,63700000,63700100,162,405,63710000,55174
2,6371,63710000,63710100,162,405,63720000,55180
2,6372,63720000,63720100,162,405,63730000,55191
2,6373,63730000,63730100,162,405,63740000,55199
2,6374,63740000,63740100,162,405,63750000,55207
2,6375,63750000,63750100,162,405,63760000,55216
2,6376,63760000,63760100,162,405,63770000,55225
2,6377,63770000,63770100,162,405,63780000,55233
2,6378,63780000,63780100,162,405,63790000,55243
2,6379,63790000,63790100,162,405,63800000,55249
2,638,6380000,6380100,162,405,6390000,5524
2,6380,63800000,63800100,162,405,63810000,55261
2,6381,63810000,63810100,162,405,63820000,55269
2,6382,63820000,63820100,162,405,63830000,55276
2,6383,63830000,63830100,162,405,63840000,55282
2,6384,63840000,63840100,162,405,63850000,55296
2,6385,63850000,63850100,162,405,63860000,55304
2,6386,63860000,63860100,162,405,63870000,55311
2,6387,63870000,63870100,162,405,63880000,55321
2,6388,63880000,63880100,162,405,63890000,55329
2,6389,63890000,63890100,162,405,63900000,55335
2,639,6390000,6390100,162,405,6400000,5532
2,6390,63900000,63900100,162,405,63910000,55346
2,6391,63910000,63910100,162,405,63920000,55355
2,6392,63920000,63920100,162,405,63930000,55364
2,6393,63930000,63930100,162,405,63940000,55372
2,6394,63940000,63940100,162,405,63950000,55381
2,6395,63950000,63950100,162,405,63960000,55388
2,6396,63960000,63960100,162,405,63970000,55400
2,6397,63970000,63970100,162,405,63980000,55406
2,6398,63980000,63980100,162,405,63990000,55415
2,6399,63990000,63990100,162,405,64000000,55423
2,64,640000,640100,162,405,650000,553
2,640,6400000,6400100,162,405,6410000,5544
2,6400,64000000,64000100,162,405,64010000,55433
2,6401,64010000,64010100,162,405,64020000,55441
2,6402,64020000,64020100,162,405,64030000,55452
2,6403,64030000,64030100,162,405,64040000,55458
2,6404,64040000,64040100,162,405,64050000,55466
2,6405,64050000,64050100,162,405,64060000,55477
2,6406,64060000,64060100,162,405,64070000,55484
2,6407,64070000,64070100,162,405,64080000,55491
2,6408,64080000,64080100,162,405,64090000,55505
2,6409,64090000,64090100,162,405,64100000,55511
2,641,6410000,6410100,162,405,6420000,5550
2,6410,64100000,64100100,162,405,64110000,55519
2,6411,64110000,64110100,162,405,64120000,55527
2,6412,64120000,64120100,162,405,64130000,55537
2,6413,64130000,64130100,162,405,64140000,55544
2,6414,64140000,64140100,162,405,64150000,55554
2,6415,64150000,64150100,162,405,64160000,55563
2,6416,64160000,64160100,162,405,64170000,55572
2,6417,64170000,64170100,162,405,64180000,55580
2,6418,64180000,64180100,162,405,64190000,55588
2,6419,64190000,64190100,162,405,64200000,55596
2,642,6420000,6420100,162,405,6430000,5560
2,6420,64200000,64200100,162,405,64210000,55608
2,6421,64210000,64210100,162,405,64220000,55614
2,6422,64220000,64220100,162,405,64230000,55623
2,6423,64230000,64230100,162,405,64240000,55631
2,6424,64240000,64240100,162,405,64250000,55641
2,6425,64250000,64250100,162,405,64260000,55648
2,6426,64260000,64260100,162,405,64270000,55660
2,6427,64270000,64270100,162,405,64280000,55666
2,6428,64280000,64280100,162,405,64290000,55674
2,6429,64290000,64290100,162,405,64300000,55685
2,643,6430000,6430100,162,405,6440000,5567
2,6430,64300000,64300100,162,405,64310000,55693
2,6431,64310000,64310100,162,405,64320000,55699
2,6432,64320000,64320100,162,405,64330000,55711
2,6433,64330000,64330100,162,405,64340000,55719
2,6434,64340000,64340100,162,405,64350000,55726
2,6435,64350000,64350100,162,405,64360000,55736
2,6436,64360000,64360100,162,405,64370000,55746
2,6437,64370000,64370100,162,405,64380000,55752
2,6438,64380000,64380100,162,405,64390000,55762
2,6439,64390000,64390100,162,405,64400000,55768
2,644,6440000,6440100,162,405,6450000,5577
2,6440,64400000,64400100,162,405,64410000,55781
2,6441,64410000,64410100,162,405,64420000,55789
2,6442,64420000,64420100,162,405,64430000,55796
2,6443,64430000,64430100,162,405,64440000,55804
2,6444,64440000,64440100,162,405,64450000,55815
2,6445,64450000,64450100,162,405,64460000,55822
2,6446,64460000,64460100,162,405,64470000,55830
2,6447,64470000,64470100,162,405,64480000,55840
2,6448,64480000,64480100,162,405,64490000,55849
2,6449,64490000,64490100,162,405,64500000,55855
2,645,6450000,6450100,162,405,6460000,5586
2,6450,64500000,64500100,162,405,64510000,55868
2,6451,64510000,64510100,162,405,64520000,55875
2,6452,64520000,64520100,162,405,64530000,55883
2,6453,64530000,64530100,162,405,64540000,55891
2,6454,64540000,64540100,162,405,64550000,55900
2,6455,64550000,64550100,162,405,64560000,55907
2,6456,64560000,64560100,162,405,64570000,55919
2,6457,64570000,64570100,162,405,64580000,55928
2,6458,64580000,64580100,162,405,64590000,55935
2,6459,64590000,64590100,162,405,64600000,55943
2,646,6460000,6460100,162,405,6470000,5593
2,6460,64600000,64600100,162,405,64610000,55952
2,6461,64610000,64610100,162,405,64620000,55960
2,6462,64620000,64620100,162,405,64630000,55971
2,6463,64630000,64630100,162,405,64640000,55977
2,6464,64640000,64640100,162,405,64650000,55988
2,6465,64650000,64650100,162,405,64660000,55997
2,6466,64660000,64660100,162,405,64670000,56004
2,6467,64670000,64670100,162,405,64680000,56010
2,6468,64680000,64680100,162,405,64690000,56024
2,6469,64690000,64690100,162,405,64700000,56030
2,647,6470000,6470100,162,405,6480000,5601
2,6470,64700000,64700100,162,405,64710000,56038
2,6471,64710000,64710100,162,405,64720000,56048
2,6472,64720000,64720100,162,405,64730000,56057
2,6473,64730000,64730100,162,405,64740000,56064
2,6474,64740000,64740100,162,405,64750000,56074
2,6475,64750000,64750100,162,405,64760000,56083
2,6476,64760000,64760100,162,405,64770000,56091
2,6477,64770000,64770100,162,405,64780000,56099
2,6478,64780000,64780100,162,405,64790000,56108
2,6479,64790000,64790100,162,405,64800000,56115
2,648,6480000,6480100,162,405,6490000,5613
2,6480,64800000,64800100,162,405,64810000,56128
2,6481,64810000,64810100,162,405,64820000,56134
2,6482,64820000,64820100,162,405,64830000,56143
2,6483,64830000,64830100,162,405,64840000,56151
2,6484,64840000,64840100,162,405,64850000,56160
2,6485,64850000,64850100,162,405,64860000,56169
2,6486,64860000,64860100,162,405,64870000,56179
2,6487,64870000,64870100,162,405,64880000,56185
2,6488,64880000,64880100,162,405,64890000,56194
2,6489,64890000,64890100,162,405,64900000,56204
2,649,6490000,6490100,162,405,6500000,5620
2,6490,64900000,64900100,162,405,64910000,56213
2,6491,64910000,64910100,162,405,64920000,56219
2,6492,64920000,64920100,162,405,64930000,56232
2,6493,64930000,64930100,162,405,64940000,56238
2,6494,64940000,64940100,162,405,64950000,56245
2,6495,64950000,64950100,162,405,64960000,56255
2,6496,64960000,64960100,162,405,64970000,56266
2,6497,64970000,64970100,162,405,64980000,56272
2,6498,64980000,64980100,162,405,64990000,56282
2,6499,64990000,64990100,162,405,65000000,56290
2,65,650000,650100,162,405,660000,560
2,650,6500000,6500100,162,405,6510000,5628
2,6500,65000000,65000100,162,405,65010000,56299
2,6501,65010000,65010100,162,405,65020000,56308
2,6502,65020000,65020100,162,405,65030000,56315
2,6503,65030000,65030100,162,405,65040000,56323
2,6504,65040000,65040100,162,405,65050000,56335
2,6505,65050000,65050100,162,405,65060000,56342
2,6506,65060000,65060100,162,405,65070000,56352
2,6507,65070000,65070100,162,405,65080000,56360
2,6508,65080000,65080100,162,405,65090000,56368
2,6509,65090000,65090100,162,405,65100000,56374
2,651,6510000,6510100,162,405,6520000,5638
2,6510,65100000,65100100,162,405,65110000,56387
2,6511,65110000,65110100,162,405,65120000,56393
2,6512,65120000,65120100,162,405,65130000,56403
2,6513,65130000,65130100,162,405,65140000,56413
2,6514,65140000,65140100,162,405,65150000,56420
2,6515,65150000,65150100,162,405,65160000,56427
2,6516,65160000,65160100,162,405,65170000,56438
2,6517,65170000,65170100,162,405,65180000,56447
2,6518,65180000,65180100,162,405,65190000,56454
2,6519,65190000,65190100,162,405,65200000,56462
2,652,6520000,6520100,162,405,6530000,5646
2,6520,65200000,65200100,162,405,65210000,56474
2,6521,65210000,65210100,162,405,65220000,56480
2,6522,65220000,65220100,162,405,65230000,56490
2,6523,65230000,65230100,162,405,65240000,56497
2,6524,65240000,65240100,162,405,65250000,56507
2,6525,65250000,65250100,162,405,65260000,56516
2,6526,65260000,65260100,162,405,65270000,56523
2,6527,65270000,65270100,162,405,65280000,56531
2,6528,65280000,65280100,162,405,65290000,56544
2,6529,65290000,65290100,162,405,65300000,56550
2,653,6530000,6530100,162,405,6540000,5652
2,6530,65300000,65300100,162,405,65310000,56558
2,6531,65310000,65310100,162,405,65320000,56568
2,6532,65320000,65320100,162,405,65330000,56576
2,6533,65330000,65330100,162,405,65340000,56582
2,6534,65340000,65340100,162,405,65350000,56595
2,6535,65350000,65350100,162,405,65360000,56602
2,6536,65360000,65360100,162,405,65370000,56611
2,6537,65370000,65370100,162,405,65380000,56619
2,6538,65380000,65380100,162,405,65390000,56628
2,6539,65390000,65390100,162,405,65400000,56635
2,654,6540000,6540100,162,405,6550000,5665
2,6540,65400000,65400100,162,405,65410000,56647
2,6541,65410000,65410100,162,405,65420000,56655
2,6542,65420000,65420100,162,405,65430000,56662
2,6543,65430000,65430100,162,405,65440000,56670
2,6544,65440000,65440100,162,405,65450000,56679
2,6545,65450000,65450100,162,405,65460000,56689
2,6546,65460000,65460100,162,405,65470000,56699
2,6547,65470000,65470100,162,405,65480000,56705
2,6548,65480000,65480100,162,405,65490000,56715
2,6549,65490000,65490100,162,405,65500000,56723
2,655,6550000,6550100,162,405,6560000,5672
2,6550,65500000,65500100,162,405,65510000,56732
2,6551,65510000,65510100,162,405,65520000,56738
2,6552,65520000,65520100,162,405,65530000,56752
2,6553,65530000,65530100,162,405,65540000,56758
2,6554,65540000,65540100,162,405,65550000,56765
2,6555,65550000,65550100,162,405,65560000,56776
2,6556,65560000,65560100,162,405,65570000,56785
2,6557,65570000,65570100,162,405,65580000,56791
2,6558,65580000,65580100,162,405,65590000,56801
2,6559,65590000,65590100,162,405,65600000,56809
2,656,6560000,6560100,162,405,6570000,5681
2,6560,65600000,65600100,162,405,65610000,56819
2,6561,65610000,65610100,162,405,65620000,56828
2,6562,65620000,65620100,162,405,65630000,56837
2,6563,65630000,65630100,162,405,65640000,56843
2,6564,65640000,65640100,162,405,65650000,56854
2,6565,65650000,65650100,162,405,65660000,56861
2,6566,65660000,65660100,162,405,65670000,56870
2,6567,65670000,65670100,162,405,65680000,56879
2,6568,65680000,65680100,162,405,65690000,56888
2,6569,65690000,65690100,162,405,65700000,56896
2,657,6570000,6570100,162,405,6580000,5689
2,6570,65700000,65700100,162,405,65710000,56907
2,6571,65710000,65710100,162,405,65720000,56913
2,6572,65720000,65720100,162,405,65730000,56922
2,6573,65730000,65730100,162,405,65740000,56932
2,6574,65740000,65740100,162,405,65750000,56939
2,6575,65750000,65750100,162,405,65760000,56946
2,6576,65760000,65760100,162,405,65770000,56960
2,6577,65770000,65770100,162,405,65780000,56966
2,6578,65780000,65780100,162,405,65790000,56974
2,6579,65790000,65790100,162,405,65800000,56982
2,658,6580000,6580100,162,405,6590000,5698
2,6580,65800000,65800100,162,405,65810000,56993
2,6581,65810000,65810100,162,405,65820000,56999
2,6582,65820000,65820100,162,405,65830000,57009
2,6583,65830000,65830100,162,405,65840000,57018
2,6584,65840000,65840100,162,405,65850000,57027
2,6585,65850000,65850100,162,405,65860000,57036
2,6586,65860000,65860100,162,405,65870000,57043
2,6587,65870000,65870100,162,405,65880000,57051
2,6588,65880000,65880100,162,405,65890000,57062
2,6589,65890000,65890100,162,405,65900000,57069
2,659,6590000,6590100,162,405,6600000,5704
2,6590,65900000,65900100,162,405,65910000,57079
2,6591,65910000,65910100,162,405,65920000,57087
2,6592,65920000,65920100,162,405,65930000,57096
2,6593,65930000,65930100,162,405,65940000,57102
2,6594,65940000,65940100,162,405,65950000,57115
2,6595,65950000,65950100,162,405,65960000,57122
2,6596,65960000,65960100,162,405,65970000,57130
2,6597,65970000,65970100,162,405,65980000,57140
2,6598,65980000,65980100,162,405,65990000,57147
2,6599,65990000,65990100,162,405,66000000,57153
2,66,660000,660100,162,405,670000,573
2,660,6600000,6600100,162,405,6610000,5717
2,6600,66000000,66000100,162,405,66010000,57167
2,6601,66010000,66010100,162,405,66020000,57175
2,6602,66020000,66020100,162,405,66030000,57182
2,6603,66030000,66030100,162,405,66040000,57190
2,6604,66040000,66040100,162,405,66050000,57200
2,6605,66050000,66050100,162,405,66060000,57208
2,6606,66060000,66060100,162,405,66070000,57218
2,6607,66070000,66070100,162,405,66080000,57224
2,6608,66080000,66080100,162,405,66090000,57235
2,6609,66090000,66090100,162,405,66100000,57243
2,661,6610000,6610100,162,405,6620000,5725
2,6610,66100000,66100100,162,405,66110000,57251
2,6611,66110000,66110100,162,405,66120000,57260
2,6612,66120000,66120100,162,405,66130000,57271
2,6613,66130000,66130100,162,405,66140000,57277
2,6614,66140000,66140100,162,405,66150000,57284
2,6615,66150000,66150100,162,405,66160000,57295
2,6616,66160000,66160100,162,405,66170000,57305
2,6617,66170000,66170100,162,405,66180000,57311
2,6618,66180000,66180100,162,405,66190000,57323
2,6619,66190000,66190100,162,405,66200000,57329
2,662,6620000,6620100,162,405,6630000,5732
2,6620,66200000,66200100,162,405,66210000,57338
2,6621,66210000,66210100,162,405,66220000,57346
2,6622,66220000,66220100,162,405,66230000,57356
2,6623,66230000,66230100,162,405,66240000,57362
2,6624,66240000,66240100,162,405,66250000,57374
2,6625,66250000,66250100,162,405,66260000,57383
2,6626,66260000,66260100,162,405,66270000,57390
2,6627,66270000,66270100,162,405,66280000,57399
2,6628,66280000,66280100,162,405,66290000,57407
2,6629,66290000,66290100,162,405,66300000,57415
2,663,6630000,6630100,162,405,6640000,5740
2,6630,66300000,66300100,162,405,66310000,57426
2,6631,66310000,66310100,162,405,66320000,57432
2,6632,66320000,66320100,162,405,66330000,57443
2,6633,66330000,66330100,162,405,66340000,57452
2,6634,66340000,66340100,162,405,66350000,57459
2,6635,66350000,66350100,162,405,66360000,57466
2,6636,66360000,66360100,162,405,66370000,57479
2,6637,66370000,66370100,162,405,66380000,57485
2,6638,66380000,66380100,162,405,66390000,57493
2,6639,66390000,66390100,162,405,66400000,57503
2,664,6640000,6640100,162,405,6650000,5749
2,6640,66400000,66400100,162,405,66410000,57513
2,6641,66410000,66410100,162,405,66420000,57519
2,6642,66420000,66420100,162,405,66430000,57529
2,6643,66430000,66430100,162,405,66440000,57537
2,6644,66440000,66440100,162,405,66450000,57546
2,6645,66450000,66450100,162,405,66460000,57555
2,6646,66460000,66460100,162,405,66470000,57564
2,6647,66470000,66470100,162,405,66480000,57570
2,6648,66480000,66480100,162,405,66490000,57582
2,6649,66490000,66490100,162,405,66500000,57589
2,665,6650000,6650100,162,405,6660000,5759
2,6650,66500000,66500100,162,405,66510000,57599
2,6651,66510000,66510100,162,405,66520000,57607
2,6652,66520000,66520100,162,405,66530000,57615
2,6653,66530000,66530100,162,405,66540000,57623
2,6654,66540000,66540100,162,405,66550000,57633
2,6655,66550000,66550100,162,405,66560000,57641
2,6656,66560000,66560100,162,405,66570000,57650
2,6657,66570000,66570100,162,405,66580000,57660
2,6658,66580000,66580100,162,405,66590000,57667
2,6659,66590000,66590100,162,405,66600000,57673
2,666,6660000,6660100,162,405,6670000,5769
2,6660,66600000,66600100,162,405,66610000,57688
2,6661,66610000,66610100,162,405,66620000,57694
2,6662,66620000,66620100,162,405,66630000,57701
2,6663,66630000,66630100,162,405,66640000,57709
2,6664,66640000,66640100,162,405,66650000,57720
2,6665,66650000,66650100,162,405,66660000,57727
2,6666,66660000,66660100,162,405,66670000,57738
2,6667,66670000,66670100,162,405,66680000,57746
2,6668,66680000,66680100,162,405,66690000,57754
2,6669,66690000,66690100,162,405,66700000,57762
2,667,6670000,6670100,162,405,6680000,5775
2,6670,66700000,66700100,162,405,66710000,57770
2,6671,66710000,66710100,162,405,66720000,57779
2,6672,66720000,66720100,162,405,66730000,57791
2,6673,66730000,66730100,162,405,66740000,57797
2,6674,66740000,66740100,162,405,66750000,57806
2,6675,66750000,66750100,162,405,66760000,57815
2,6676,66760000,66760100,162,405,66770000,57823
2,6677,66770000,66770100,162,405,66780000,57830
2,6678,66780000,66780100,162,405,66790000,57842
2,6679,66790000,66790100,162,405,66800000,57848
2,668,6680000,6680100,162,405,6690000,5785
2,6680,66800000,66800100,162,405,66810000,57858
2,6681,66810000,66810100,162,405,66820000,57868
2,6682,66820000,66820100,162,405,66830000,57876
2,6683,66830000,66830100,162,405,66840000,57882
2,6684,66840000,66840100,162,405,66850000,57893
2,6685,66850000,66850100,162,405,66860000,57902
2,6686,66860000,66860100,162,405,66870000,57909
2,6687,66870000,66870100,162,405,66880000,57917
2,6688,66880000,66880100,162,405,66890000,57929
2,6689,66890000,66890100,162,405,66900000,57935
2,669,6690000,6690100,162,405,6700000,5793
2,6690,66900000,66900100,162,405,66910000,57946
2,6691,66910000,66910100,162,405,66920000,57952
2,6692,66920000,66920100,162,405,66930000,57962
2,6693,66930000,66930100,162,405,66940000,57971
2,6694,66940000,66940100,162,405,66950000,57978
2,6695,66950000,66950100,162,405,66960000,57987
2,6696,66960000,66960100,162,405,66970000,57999
2,6697,66970000,66970100,162,405,66980000,58005
2,6698,66980000,66980100,162,405,66990000,58012
2,6699,66990000,66990100,162,405,67000000,58023
2,67,670000,670100,162,405,680000,579
2,670,6700000,6700100,162,405,6710000,5801
2,6700,67000000,67000100,162,405,67010000,58032
2,6701,67010000,67010100,162,405,67020000,58038
2,6702,67020000,67020100,162,405,67030000,58050
2,6703,67030000,67030100,162,405,67040000,58056
2,6704,67040000,67040100,162,405,67050000,58066
2,6705,67050000,67050100,162,405,67060000,58075
2,6706,67060000,67060100,162,405,67070000,58084
2,6707,67070000,67070100,162,405,67080000,58090
2,6708,67080000,67080100,162,405,67090000,58101
2,6709,67090000,67090100,162,405,67100000,58109
2,671,6710000,6710100,162,405,6720000,5808
2,6710,67100000,67100100,162,405,67110000,58118
2,6711,67110000,67110100,162,405,67120000,58126
2,6712,67120000,67120100,162,405,67130000,58135
2,6713,67130000,67130100,162,405,67140000,58143
2,6714,67140000,67140100,162,405,67150000,58153
2,6715,67150000,67150100,162,405,67160000,58161
2,6716,67160000,67160100,162,405,67170000,58171
2,6717,67170000,67170100,162,405,67180000,58179
2,6718,67180000,67180100,162,405,67190000,58186
2,6719,67190000,67190100,162,405,67200000,58192
2,672,6720000,6720100,162,405,6730000,5822
2,6720,67200000,67200100,162,405,67210000,58207
2,6721,67210000,67210100,162,405,67220000,58214
2,6722,67220000,67220100,162,405,67230000,58221
2,6723,67230000,67230100,162,405,67240000,58231
2,6724,67240000,67240100,162,405,67250000,58239
2,6725,67250000,67250100,162,405,67260000,58246
2,6726,67260000,67260100,162,405,67270000,58257
2,6727,67270000,67270100,162,405,67280000,58265
2,6728,67280000,67280100,162,405,67290000,58274
2,6729,67290000,67290100,162,405,67300000,58282
2,673,6730000,6730100,162,405,6740000,5828
2,6730,67300000,67300100,162,405,67310000,58292
2,6731,67310000,67310100,162,405,67320000,58298
2,6732,67320000,67320100,162,405,67330000,58310
2,6733,67330000,67330100,162,405,67340000,58316
2,6734,67340000,67340100,162,405,67350000,58325
2,6735,67350000,67350100,162,405,67360000,58334
2,6736,67360000,67360100,162,405,67370000,58343
2,6737,67370000,67370100,162,405,67380000,58352
2,6738,67380000,67380100,162,405,67390000,58362
2,6739,67390000,67390100,162,405,67400000,58368
2,674,6740000,6740100,162,405,6750000,5835
2,6740,67400000,67400100,162,405,67410000,58377
2,6741,67410000,67410100,162,405,67420000,58387
2,6742,67420000,67420100,162,405,67430000,58394
2,6743,67430000,67430100,162,405,67440000,58401
2,6744,67440000,67440100,162,405,67450000,58415
2,6745,67450000,67450100,162,405,67460000,58422
2,6746,67460000,67460100,162,405,67470000,58429
2,6747,67470000,67470100,162,405,67480000,58437
2,6748,67480000,67480100,162,405,67490000,58448
2,6749,67490000,67490100,162,405,67500000,58454
2,675,6750000,6750100,162,405,6760000,5846
2,6750,67500000,67500100,162,405,67510000,58465
2,6751,67510000,67510100,162,405,67520000,58473
2,6752,67520000,67520100,162,405,67530000,58482
2,6753,67530000,67530100,162,405,67540000,58490
2,6754,67540000,67540100,162,405,67550000,58498
2,6755,67550000,67550100,162,405,67560000,58507
2,6756,67560000,67560100,162,405,67570000,58518
2,6757,67570000,67570100,162,405,67580000,58524
2,6758,67580000,67580100,162,405,67590000,58533
2,6759,67590000,67590100,162,405,67600000,58542
2,676,6760000,6760100,162,405,6770000,5855
2,6760,67600000,67600100,162,405,67610000,58552
2,6761,67610000,67610100,162,405,67620000,58558
2,6762,67620000,67620100,162,405,67630000,58570
2,6763,67630000,67630100,162,405,67640000,58576
2,6764,67640000,67640100,162,405,67650000,58584
2,6765,67650000,67650100,162,405,67660000,58596
2,6766,67660000,67660100,162,405,67670000,58603
2,6767,67670000,67670100,162,405,67680000,58609
2,6768,67680000,67680100,162,405,67690000,58621
2,6769,67690000,67690100,162,405,67700000,58629
2,677,6770000,6770100,162,405,6780000,5861
2,6770,67700000,67700100,162,405,67710000,58638
2,6771,67710000,67710100,162,405,67720000,58646
2,6772,67720000,67720100,162,405,67730000,58656
2,6773,67730000,67730100,162,405,67740000,58662
2,6774,67740000,67740100,162,405,67750000,58672
2,6775,67750000,67750100,162,405,67760000,58679
2,6776,67760000,67760100,162,405,67770000,58691
2,6777,67770000,67770100,162,405,67780000,58699
2,6778,67780000,67780100,162,405,67790000,58706
2,6779,67790000,67790100,162,405,67800000,58714
2,678,6780000,6780100,162,405,6790000,5871
2,6780,67800000,67800100,162,405,67810000,58726
2,6781,67810000,67810100,162,405,67820000,58733
2,6782,67820000,67820100,162,405,67830000,58740
2,6783,67830000,67830100,162,405,67840000,58750
2,6784,67840000,67840100,162,405,67850000,58759
2,6785,67850000,67850100,162,405,67860000,58766
2,6786,67860000,67860100,162,405,67870000,58778
2,6787,67870000,67870100,162,405,67880000,58785
2,6788,67880000,67880100,162,405,67890000,58793
2,6789,67890000,67890100,162,405,67900000,58801
2,679,6790000,6790100,162,405,6800000,5879
2,6790,67900000,67900100,162,405,67910000,58811
2,6791,67910000,67910100,162,405,67920000,58817
2,6792,67920000,67920100,162,405,67930000,58830
2,6793,67930000,67930100,162,405,67940000,58838
2,6794,67940000,67940100,162,405,67950000,58845
2,6795,67950000,67950100,162,405,67960000,58854
2,6796,67960000,67960100,162,405,67970000,58862
2,6797,67970000,67970100,162,405,67980000,58870
2,6798,67980000,67980100,162,405,67990000,58881
2,6799,67990000,67990100,162,405,68000000,58887
2,68,680000,680100,162,405,690000,587
2,680,6800000,6800100,162,405,6810000,5889
2,6800,68000000,68000100,162,405,68010000,58899
2,6801,68010000,68010100,162,405,68020000,58907
2,6802,68020000,68020100,162,405,68030000,58914
2,6803,68030000,68030100,162,405,68040000,58921
2,6804,68040000,68040100,162,405,68050000,58934
2,6805,68050000,68050100,162,405,68060000,58941
2,6806,68060000,68060100,162,405,68070000,58948
2,6807,68070000,68070100,162,405,68080000,58958
2,6808,68080000,68080100,162,405,68090000,58967
2,6809,68090000,68090100,162,405,68100000,58974
2,681,6810000,6810100,162,405,6820000,5897
2,6810,68100000,68100100,162,405,68110000,58985
2,6811,68110000,68110100,162,405,68120000,58993
2,6812,68120000,68120100,162,405,68130000,59001
2,6813,68130000,68130100,162,405,68140000,59009
2,6814,68140000,68140100,162,405,68150000,59019
2,6815,68150000,68150100,162,405,68160000,59026
2,6816,68160000,68160100,162,405,68170000,59038
2,6817,68170000,68170100,162,405,68180000,59044
2,6818,68180000,68180100,162,405,68190000,59053
2,6819,68190000,68190100,162,405,68200000,59061
2,682,6820000,6820100,162,405,6830000,5907
2,6820,68200000,68200100,162,405,68210000,59071
2,6821,68210000,68210100,162,405,68220000,59079
2,6822,68220000,68220100,162,405,68230000,59089
2,6823,68230000,68230100,162,405,68240000,59095
2,6824,68240000,68240100,162,405,68250000,59104
2,6825,68250000,68250100,162,405,68260000,59116
2,6826,68260000,68260100,162,405,68270000,59123
2,6827,68270000,68270100,162,405,68280000,59129
2,6828,68280000,68280100,162,405,68290000,59142
2,6829,68290000,68290100,162,405,68300000,59148
2,683,6830000,6830100,162,405,6840000,5913
2,6830,68300000,68300100,162,405,68310000,59156
2,6831,68310000,68310100,162,405,68320000,59165
2,6832,68320000,68320100,162,405,68330000,59176
2,6833,68330000,68330100,162,405,68340000,59182
2,6834,68340000,68340100,162,405,68350000,59192
2,6835,68350000,68350100,162,405,68360000,59201
2,6836,68360000,68360100,162,405,68370000,59210
2,6837,68370000,68370100,162,405,68380000,59218
2,6838,68380000,68380100,162,405,68390000,59225
2,6839,68390000,68390100,162,405,68400000,59233
2,684,6840000,6840100,162,405,6850000,5924
2,6840,68400000,68400100,162,405,68410000,59246
2,6841,68410000,68410100,162,405,68420000,59252
2,6842,68420000,68420100,162,405,68430000,59262
2,6843,68430000,68430100,162,405,68440000,59270
2,6844,68440000,68440100,162,405,68450000,59278
2,6845,68450000,68450100,162,405,68460000,59285
2,6846,68460000,68460100,162,405,68470000,59297
2,6847,68470000,68470100,162,405,68480000,59304
2,6848,68480000,68480100,162,405,68490000,59313
2,6849,68490000,68490100,162,405,68500000,59323
2,685,6850000,6850100,162,405,6860000,5931
2,6850,68500000,68500100,162,405,68510000,59331
2,6851,68510000,68510100,162,405,68520000,59337
2,6852,68520000,68520100,162,405,68530000,59348
2,6853,68530000,68530100,162,405,68540000,59357
2,6854,68540000,68540100,162,405,68550000,59364
2,6855,68550000,68550100,162,405,68560000,59373
2,6856,68560000,68560100,162,405,68570000,59384
2,6857,68570000,68570100,162,405,68580000,59390
2,6858,68580000,68580100,162,405,68590000,59401
2,6859,68590000,68590100,162,405,68600000,59407
2,686,6860000,6860100,162,405,6870000,5940
2,6860,68600000,68600100,162,405,68610000,59418
2,6861,68610000,68610100,162,405,68620000,59426
2,6862,68620000,68620100,162,405,68630000,59433
2,6863,68630000,68630100,162,405,68640000,59441
2,6864,68640000,68640100,162,405,68650000,59454
2,6865,68650000,68650100,162,405,68660000,59461
2,6866,68660000,68660100,162,405,68670000,59468
2,6867,68670000,68670100,162,405,68680000,59478
2,6868,68680000,68680100,162,405,68690000,59486
2,6869,68690000,68690100,162,405,68700000,59493
2,687,6870000,6870100,162,405,6880000,5949
2,6870,68700000,68700100,162,405,68710000,59506
2,6871,68710000,68710100,162,405,68720000,59512
2,6872,68720000,68720100,162,405,68730000,59521
2,6873,68730000,68730100,162,405,68740000,59529
2,6874,68740000,68740100,162,405,68750000,59538
2,6875,68750000,68750100,162,405,68760000,59546
2,6876,68760000,68760100,162,405,68770000,59557
2,6877,68770000,68770100,162,405,68780000,59565
2,6878,68780000,68780100,162,405,68790000,59572
2,6879,68790000,68790100,162,405,68800000,59580
2,688,6880000,6880100,162,405,6890000,5958
2,6880,68800000,68800100,162,405,68810000,59591
2,6881,68810000,68810100,162,405,68820000,59599
2,6882,68820000,68820100,162,405,68830000,59609
2,6883,68830000,68830100,162,405,68840000,59615
2,6884,68840000,68840100,162,405,68850000,59625
2,6885,68850000,68850100,162,405,68860000,59634
2,6886,68860000,68860100,162,405,68870000,59642
2,6887,68870000,68870100,162,405,68880000,59648
2,6888,68880000,68880100,162,405,68890000,59662
2,6889,68890000,68890100,162,405,68900000,59668
2,689,6890000,6890100,162,405,6900000,5966
2,6890,68900000,68900100,162,405,68910000,59676
2,6891,68910000,68910100,162,405,68920000,59687
2,6892,68920000,68920100,162,405,68930000,59695
2,6893,68930000,68930100,162,405,68940000,59701
2,6894,68940000,68940100,162,405,68950000,59711
2,6895,68950000,68950100,162,405,68960000,59720
2,6896,68960000,68960100,162,405,68970000,59729
2,6897,68970000,68970100,162,405,68980000,59738
2,6898,68980000,68980100,162,405,68990000,59747
2,6899,68990000,68990100,162,405,69000000,59753
2,69,690000,690100,162,405,700000,595
2,690,6900000,6900100,162,405,6910000,5977
2,6900,69000000,69000100,162,405,69010000,59765
2,6901,69010000,69010100,162,405,69020000,59771
2,6902,69020000,69020100,162,405,69030000,59781
2,6903,69030000,69030100,162,405,69040000,59789
2,6904,69040000,69040100,162,405,69050000,59798
2,6905,69050000,69050100,162,405,69060000,59807
2,6906,69060000,69060100,162,405,69070000,59817
2,6907,69070000,69070100,162,405,69080000,59823
2,6908,69080000,69080100,162,405,69090000,59832
2,6909,69090000,69090100,162,405,69100000,59842
2,691,6910000,6910100,162,405,6920000,5983
2,6910,69100000,69100100,162,405,69110000,59850
2,6911,69110000,69110100,162,405,69120000,59856
2,6912,69120000,69120100,162,405,69130000,59870
2,6913,69130000,69130100,162,405,69140000,59877
2,6914,69140000,69140100,162,405,69150000,59884
2,6915,69150000,69150100,162,405,69160000,59893
2,6916,69160000,69160100,162,405,69170000,59903
2,6917,69170000,69170100,162,405,69180000,59909
2,6918,69180000,69180100,162,405,69190000,59919
2,6919,69190000,69190100,162,405,69200000,59928
2,692,6920000,6920100,162,405,6930000,5991
2,6920,69200000,69200100,162,405,69210000,59938
2,6921,69210000,69210100,162,405,69220000,59946
2,6922,69220000,69220100,162,405,69230000,59953
2,6923,69230000,69230100,162,405,69240000,59961
2,6924,69240000,69240100,162,405,69250000,59973
2,6925,69250000,69250100,162,405,69260000,59980
2,6926,69260000,69260100,162,405,69270000,59989
2,6927,69270000,69270100,162,405,69280000,59997
2,6928,69280000,69280100,162,405,69290000,60006
2,6929,69290000,69290100,162,405,69300000,60012
2,693,6930000,6930100,162,405,6940000,6002
2,6930,69300000,69300100,162,405,69310000,60026
2,6931,69310000,69310100,162,405,69320000,60032
2,6932,69320000,69320100,162,405,69330000,60040
2,6933,69330000,69330100,162,405,69340000,60050
2,6934,69340000,69340100,162,405,69350000,60057
2,6935,69350000,69350100,162,405,69360000,60065
2,6936,69360000,69360100,162,405,69370000,60077
2,6937,69370000,69370100,162,405,69380000,60085
2,6938,69380000,69380100,162,405,69390000,60092
2,6939,69390000,69390100,162,405,69400000,60100
2,694,6940000,6940100,162,405,6950000,6009
2,6940,69400000,69400100,162,405,69410000,60111
2,6941,69410000,69410100,162,405,69420000,60118
2,6942,69420000,69420100,162,405,69430000,60128
2,6943,69430000,69430100,162,405,69440000,60134
2,6944,69440000,69440100,162,405,69450000,60145
2,6945,69450000,69450100,162,405,69460000,60154
2,6946,69460000,69460100,162,405,69470000,60162
2,6947,69470000,69470100,162,405,69480000,60170
2,6948,69480000,69480100,162,405,69490000,60181
2,6949,69490000,69490100,162,405,69500000,60187
2,695,6950000,6950100,162,405,6960000,6016
2,6950,69500000,69500100,162,405,69510000,60195
2,6951,69510000,69510100,162,405,69520000,60205
2,6952,69520000,69520100,162,405,69530000,60215
2,6953,69530000,69530100,162,405,69540000,60221
2,6954,69540000,69540100,162,405,69550000,60233
2,6955,69550000,69550100,162,405,69560000,60240
2,6956,69560000,69560100,162,405,69570000,60248
2,6957,69570000,69570100,162,405,69580000,60257
2,6958,69580000,69580100,162,405,69590000,60266
2,6959,69590000,69590100,162,405,69600000,60272
2,696,6960000,6960100,162,405,6970000,6030
2,6960,69600000,69600100,162,405,69610000,60285
2,6961,69610000,69610100,162,405,69620000,60293
2,6962,69620000,69620100,162,405,69630000,60300
2,6963,69630000,69630100,162,405,69640000,60309
2,6964,69640000,69640100,162,405,69650000,60317
2,6965,69650000,69650100,162,405,69660000,60326
2,6966,69660000,69660100,162,405,69670000,60336
2,6967,69670000,69670100,162,405,69680000,60342
2,6968,69680000,69680100,162,405,69690000,60354
2,6969,69690000,69690100,162,405,69700000,60362
2,697,6970000,6970100,162,405,6980000,6036
2,6970,69700000,69700100,162,405,69710000,60370
2,6971,69710000,69710100,162,405,69720000,60376
2,6972,69720000,69720100,162,405,69730000,60389
2,6973,69730000,69730100,162,405,69740000,60395
2,6974,69740000,69740100,162,405,69750000,60403
2,6975,69750000,69750100,162,405,69760000,60414
2,6976,69760000,69760100,162,405,69770000,60423
2,6977,69770000,69770100,162,405,69780000,60429
2,6978,69780000,69780100,162,405,69790000,60439
2,6979,69790000,69790100,162,405,69800000,60448
2,698,6980000,6980100,162,405,6990000,6044
2,6980,69800000,69800100,162,405,69810000,60457
2,6981,69810000,69810100,162,405,69820000,60465
2,6982,69820000,69820100,162,405,69830000,60474
2,6983,69830000,69830100,162,405,69840000,60480
2,6984,69840000,69840100,162,405,69850000,60492
2,6985,69850000,69850100,162,405,69860000,60500
2,6986,69860000,69860100,162,405,69870000,60509
2,6987,69870000,69870100,162,405,69880000,60517
2,6988,69880000,69880100,162,405,69890000,60525
2,6989,69890000,69890100,162,405,69900000,60533
2,699,6990000,6990100,162,405,7000000,6052
2,6990,69900000,69900100,162,405,69910000,60545
2,6991,69910000,69910100,162,405,69920000,60551
2,6992,69920000,69920100,162,405,69930000,60560
2,6993,69930000,69930100,162,405,69940000,60570
2,6994,69940000,69940100,162,405,69950000,60577
2,6995,69950000,69950100,162,405,69960000,60584
2,6996,69960000,69960100,162,405,69970000,60598
2,6997,69970000,69970100,162,405,69980000,60604
2,6998,69980000,69980100,162,405,69990000,60611
2,6999,69990000,69990100,162,405,70000000,60619
2,7,70000,70100,162,405,80000,59
2,70,700000,700100,162,405,710000,605
2,700,7000000,7000100,162,405,7010000,6063
2,7000,70000000,70000100,162,405,70010000,60631
2,7001,70010000,70010100,162,405,70020000,60638
2,7002,70020000,70020100,162,405,70030000,60648
2,7003,70030000,70030100,162,405,70040000,60656
2,7004,70040000,70040100,162,405,70050000,60664
2,7005,70050000,70050100,162,405,70060000,60673
2,7006,70060000,70060100,162,405,70070000,60680
2,7007,70070000,70070100,162,405,70080000,60689
2,7008,70080000,70080100,162,405,70090000,60701
2,7009,70090000,70090100,162,405,70100000,60707
2,701,7010000,7010100,162,405,7020000,6069
2,7010,70100000,70100100,162,405,70110000,60717
2,7011,70110000,70110100,162,405,70120000,60725
2,7012,70120000,70120100,162,405,70130000,60734
2,7013,70130000,70130100,162,405,70140000,60740
2,7014,70140000,70140100,162,405,70150000,60752
2,7015,70150000,70150100,162,405,70160000,60759
2,7016,70160000,70160100,162,405,70170000,60768
2,7017,70170000,70170100,162,405,70180000,60778
2,7018,70180000,70180100,162,405,70190000,60786
2,7019,70190000,70190100,162,405,70200000,60792
2,702,7020000,7020100,162,405,7030000,6079
2,7020,70200000,70200100,162,405,70210000,60804
2,7021,70210000,70210100,162,405,70220000,60812
2,7022,70220000,70220100,162,405,70230000,60819
2,7023,70230000,70230100,162,405,70240000,60828
2,7024,70240000,70240100,162,405,70250000,60839
2,7025,70250000,70250100,162,405,70260000,60846
2,7026,70260000,70260100,162,405,70270000,60856
2,7027,70270000,70270100,162,405,70280000,60862
2,7028,70280000,70280100,162,405,70290000,60872
2,7029,70290000,70290100,162,405,70300000,60881
2,703,7030000,7030100,162,405,7040000,6087
2,7030,70300000,70300100,162,405,70310000,60889
2,7031,70310000,70310100,162,405,70320000,60897
2,7032,70320000,70320100,162,405,70330000,60909
2,7033,70330000,70330100,162,405,70340000,60915
2,7034,70340000,70340100,162,405,70350000,60923
2,7035,70350000,70350100,162,405,70360000,60934
2,7036,70360000,70360100,162,405,70370000,60942
2,7037,70370000,70370100,162,405,70380000,60948
2,7038,70380000,70380100,162,405,70390000,60960
2,7039,70390000,70390100,162,405,70400000,60966
2,704,7040000,7040100,162,405,7050000,6097
2,7040,70400000,70400100,162,405,70410000,60977
2,7041,70410000,70410100,162,405,70420000,60985
2,7042,70420000,70420100,162,405,70430000,60994
2,7043,70430000,70430100,162,405,70440000,61000
2,7044,70440000,70440100,162,405,70450000,61011
2,7045,70450000,70450100,162,405,70460000,61021
2,7046,70460000,70460100,162,405,70470000,61028
2,7047,70470000,70470100,162,405,70480000,61036
2,7048,70480000,70480100,162,405,70490000,61045
2,7049,70490000,70490100,162,405,70500000,61053
2,705,7050000,7050100,162,405,7060000,6106
2,7050,70500000,70500100,162,405,70510000,61064
2,7051,70510000,70510100,162,405,70520000,61071
2,7052,70520000,70520100,162,405,70530000,61081
2,7053,70530000,70530100,162,405,70540000,61089
2,7054,70540000,70540100,162,405,70550000,61096
2,7055,70550000,70550100,162,405,70560000,61103
2,7056,70560000,70560100,162,405,70570000,61118
2,7057,70570000,70570100,162,405,70580000,61124
2,7058,70580000,70580100,162,405,70590000,61131
2,7059,70590000,70590100,162,405,70600000,61141
2,706,7060000,7060100,162,405,7070000,6113
2,7060,70600000,70600100,162,405,70610000,61150
2,7061,70610000,70610100,162,405,70620000,61156
2,7062,70620000,70620100,162,405,70630000,61167
2,7063,70630000,70630100,162,405,70640000,61175
2,7064,70640000,70640100,162,405,70650000,61184
2,7065,70650000,70650100,162,405,70660000,61193
2,7066,70660000,70660100,162,405,70670000,61202
2,7067,70670000,70670100,162,405,70680000,61209
2,7068,70680000,70680100,162,405,70690000,61220
2,7069,70690000,70690100,162,405,70700000,61226
2,707,7070000,7070100,162,405,7080000,6121
2,7070,70700000,70700100,162,405,70710000,61236
2,7071,70710000,70710100,162,405,70720000,61244
2,7072,70720000,70720100,162,405,70730000,61253
2,7073,70730000,70730100,162,405,70740000,61262
2,7074,70740000,70740100,162,405,70750000,61272
2,7075,70750000,70750100,162,405,70760000,61279
2,7076,70760000,70760100,162,405,70770000,61287
2,7077,70770000,70770100,162,405,70780000,61297
2,7078,70780000,70780100,162,405,70790000,61305
2,7079,70790000,70790100,162,405,70800000,61311
2,708,7080000,7080100,162,405,7090000,6132
2,7080,70800000,70800100,162,405,70810000,61326
2,7081,70810000,70810100,162,405,70820000,61332
2,7082,70820000,70820100,162,405,70830000,61339
2,7083,70830000,70830100,162,405,70840000,61347
2,7084,70840000,70840100,162,405,70850000,61358
2,7085,70850000,70850100,162,405,70860000,61365
2,7086,70860000,70860100,162,405,70870000,61375
2,7087,70870000,70870100,162,405,70880000,61383
2,7088,70880000,70880100,162,405,70890000,61392
2,7089,70890000,70890100,162,405,70900000,61401
2,709,7090000,7090100,162,405,7100000,6139
2,7090,70900000,70900100,162,405,70910000,61409
2,7091,70910000,70910100,162,405,70920000,61417
2,7092,70920000,70920100,162,405,70930000,61428
2,7093,70930000,70930100,162,405,70940000,61434
2,7094,70940000,70940100,162,405,70950000,61443
2,7095,70950000,70950100,162,405,70960000,61453
2,7096,70960000,70960100,162,405,70970000,61462
2,7097,70970000,70970100,162,405,70980000,61468
2,7098,70980000,70980100,162,405,70990000,61480
2,7099,70990000,70990100,162,405,71000000,61486
2,71,710000,710100,162,405,720000,612
2,710,7100000,7100100,162,405,7110000,6149
2,7100,71000000,71000100,162,405,71010000,61496
2,7101,71010000,71010100,162,405,71020000,61506
2,7102,71020000,71020100,162,405,71030000,61513
2,7103,71030000,71030100,162,405,71040000,61519
2,7104,71040000,71040100,162,405,71050000,61531
2,7105,71050000,71050100,162,405,71060000,61540
2,7106,71060000,71060100,162,405,71070000,61548
2,7107,71070000,71070100,162,405,71080000,61556
2,7108,71080000,71080100,162,405,71090000,61566
2,7109,71090000,71090100,162,405,71100000,61572
2,711,7110000,7110100,162,405,7120000,6157
2,7110,71100000,71100100,162,405,71110000,61583
2,7111,71110000,71110100,162,405,71120000,61590
2,7112,71120000,71120100,162,405,71130000,61601
2,7113,71130000,71130100,162,405,71140000,61609
2,7114,71140000,71140100,162,405,71150000,61616
2,7115,71150000,71150100,162,405,71160000,61625
2,7116,71160000,71160100,162,405,71170000,61636
2,7117,71170000,71170100,162,405,71180000,61643
2,7118,71180000,71180100,162,405,71190000,61650
2,7119,71190000,71190100,162,405,71200000,61660
2,712,7120000,7120100,162,405,7130000,6166
2,7120,71200000,71200100,162,405,71210000,61670
2,7121,71210000,71210100,162,405,71220000,61676
2,7122,71220000,71220100,162,405,71230000,61689
2,7123,71230000,71230100,162,405,71240000,61695
2,7124,71240000,71240100,162,405,71250000,61703
2,7125,71250000,71250100,162,405,71260000,61712
2,7126,71260000,71260100,162,405,71270000,61721
2,7127,71270000,71270100,162,405,71280000,61727
2,7128,71280000,71280100,162,405,71290000,61740
2,7129,71290000,71290100,162,405,71300000,61748
2,713,7130000,7130100,162,405,7140000,6172
2,7130,71300000,71300100,162,405,71310000,61756
2,7131,71310000,71310100,162,405,71320000,61764
2,7132,71320000,71320100,162,405,71330000,61772
2,7133,71330000,71330100,162,405,71340000,61781
2,7134,71340000,71340100,162,405,71350000,61791
2,7135,71350000,71350100,162,405,71360000,61798
2,7136,71360000,71360100,162,405,71370000,61809
2,7137,71370000,71370100,162,405,71380000,61817
2,7138,71380000,71380100,162,405,71390000,61824
2,7139,71390000,71390100,162,405,71400000,61831
2,714,7140000,7140100,162,405,7150000,6184
2,7140,71400000,71400100,162,405,71410000,61845
2,7141,71410000,71410100,162,405,71420000,61851
2,7142,71420000,71420100,162,405,71430000,61858
2,7143,71430000,71430100,162,405,71440000,61868
2,7144,71440000,71440100,162,405,71450000,61878
2,7145,71450000,71450100,162,405,71460000,61885
2,7146,71460000,71460100,162,405,71470000,61895
2,7147,71470000,71470100,162,405,71480000,61903
2,7148,71480000,71480100,162,405,71490000,61911
2,7149,71490000,71490100,162,405,71500000,61919
2,715,7150000,7150100,162,405,7160000,6192
2,7150,71500000,71500100,162,405,71510000,61930
2,7151,71510000,71510100,162,405,71520000,61936
2,7152,71520000,71520100,162,405,71530000,61948
2,7153,71530000,71530100,162,405,71540000,61954
2,7154,71540000,71540100,162,405,71550000,61963
2,7155,71550000,71550100,162,405,71560000,61973
2,7156,71560000,71560100,162,405,71570000,61981
2,7157,71570000,71570100,162,405,71580000,61989
2,7158,71580000,71580100,162,405,71590000,61999
2,7159,71590000,71590100,162,405,71600000,62005
2,716,7160000,7160100,162,405,7170000,6200
2,7160,71600000,71600100,162,405,71610000,62015
2,7161,71610000,71610100,162,405,71620000,62026
2,7162,71620000,71620100,162,405,71630000,62033
2,7163,71630000,71630100,162,405,71640000,62039
2,7164,71640000,71640100,162,405,71650000,62052
2,7165,71650000,71650100,162,405,71660000,62059
2,7166,71660000,71660100,162,405,71670000,62067
2,7167,71670000,71670100,162,405,71680000,62075
2,7168,71680000,71680100,162,405,71690000,62086
2,7169,71690000,71690100,162,405,71700000,62092
2,717,7170000,7170100,162,405,7180000,6210
2,7170,71700000,71700100,162,405,71710000,62103
2,7171,71710000,71710100,162,405,71720000,62111
2,7172,71720000,71720100,162,405,71730000,62120
2,7173,71730000,71730100,162,405,71740000,62128
2,7174,71740000,71740100,162,405,71750000,62135
2,7175,71750000,71750100,162,405,71760000,62144
2,7176,71760000,71760100,162,405,71770000,62156
2,7177,71770000,71770100,162,405,71780000,62163
2,7178,71780000,71780100,162,405,71790000,62172
2,7179,71790000,71790100,162,405,71800000,62180
2,718,7180000,7180100,162,405,7190000,6217
2,7180,71800000,71800100,162,405,71810000,62189
2,7181,71810000,71810100,162,405,71820000,62195
2,7182,71820000,71820100,162,405,71830000,62207
2,7183,71830000,71830100,162,405,71840000,62214
2,7184,71840000,71840100,162,405,71850000,62223
2,7185,71850000,71850100,162,405,71860000,62234
2,7186,71860000,71860100,162,405,71870000,62241
2,7187,71870000,71870100,162,405,71880000,62247
2,7188,71880000,71880100,162,405,71890000,62259
2,7189,71890000,71890100,162,405,71900000,62267
2,719,7190000,7190100,162,405,7200000,6223
2,7190,71900000,71900100,162,405,71910000,62275
2,7191,71910000,71910100,162,405,71920000,62283
2,7192,71920000,71920100,162,405,71930000,62294
2,7193,71930000,71930100,162,405,71940000,62300
2,7194,71940000,71940100,162,405,71950000,62311
2,7195,71950000,71950100,162,405,71960000,62318
2,7196,71960000,71960100,162,405,71970000,62328
2,7197,71970000,71970100,162,405,71980000,62336
2,7198,71980000,71980100,162,405,71990000,62343
2,7199,71990000,71990100,162,405,72000000,62352
2,72,720000,720100,162,405,730000,624
2,720,7200000,7200100,162,405,7210000,6237
2,7200,72000000,72000100,162,405,72010000,62365
2,7201,72010000,72010100,162,405,72020000,62371
2,7202,72020000,72020100,162,405,72030000,62378
2,7203,72030000,72030100,162,405,72040000,62388
2,7204,72040000,72040100,162,405,72050000,62396
2,7205,72050000,72050100,162,405,72060000,62404
2,7206,72060000,72060100,162,405,72070000,62416
2,7207,72070000,72070100,162,405,72080000,62422
2,7208,72080000,72080100,162,405,72090000,62431
2,7209,72090000,72090100,162,405,72100000,62439
2,721,7210000,7210100,162,405,7220000,6245
2,7210,72100000,72100100,162,405,72110000,62450
2,7211,72110000,72110100,162,405,72120000,62456
2,7212,72120000,72120100,162,405,72130000,62467
2,7213,72130000,72130100,162,405,72140000,62475
2,7214,72140000,72140100,162,405,72150000,62482
2,7215,72150000,72150100,162,405,72160000,62491
2,7216,72160000,72160100,162,405,72170000,62501
2,7217,72170000,72170100,162,405,72180000,62509
2,7218,72180000,72180100,162,405,72190000,62519
2,7219,72190000,72190100,162,405,72200000,62525
2,722,7220000,7220100,162,405,7230000,6252
2,7220,72200000,72200100,162,405,72210000,62536
2,7221,72210000,72210100,162,405,72220000,62545
2,7222,72220000,72220100,162,405,72230000,62552
2,7223,72230000,72230100,162,405,72240000,62558
2,7224,72240000,72240100,162,405,72250000,62572
2,7225,72250000,72250100,162,405,72260000,62579
2,7226,72260000,72260100,162,405,72270000,62586
2,7227,72270000,72270100,162,405,72280000,62597
2,7228,72280000,72280100,162,405,72290000,62605
2,7229,72290000,72290100,162,405,72300000,62611
2,723,7230000,7230100,162,405,7240000,6260
2,7230,72300000,72300100,162,405,72310000,62622
2,7231,72310000,72310100,162,405,72320000,62630
2,7232,72320000,72320100,162,405,72330000,62640
2,7233,72330000,72330100,162,405,72340000,62648
2,7234,72340000,72340100,162,405,72350000,62657
2,7235,72350000,72350100,162,405,72360000,62664
2,7236,72360000,72360100,162,405,72370000,62675
2,7237,72370000,72370100,162,405,72380000,62681
2,7238,72380000,72380100,162,405,72390000,62691
2,7239,72390000,72390100,162,405,72400000,62699
2,724,7240000,7240100,162,405,7250000,6270
2,7240,72400000,72400100,162,405,72410000,62709
2,7241,72410000,72410100,162,405,72420000,62717
2,7242,72420000,72420100,162,405,72430000,62727
2,7243,72430000,72430100,162,405,72440000,62734
2,7244,72440000,72440100,162,405,72450000,62742
2,7245,72450000,72450100,162,405,72460000,62753
2,7246,72460000,72460100,162,405,72470000,62760
2,7247,72470000,72470100,162,405,72480000,62766
2,7248,72480000,72480100,162,405,72490000,62780
2,7249,72490000,72490100,162,405,72500000,62787
2,725,7250000,7250100,162,405,7260000,6277
2,7250,72500000,72500100,162,405,72510000,62795
2,7251,72510000,72510100,162,405,72520000,62803
2,7252,72520000,72520100,162,405,72530000,62813
2,7253,72530000,72530100,162,405,72540000,62819
2,7254,72540000,72540100,162,405,72550000,62830
2,7255,72550000,72550100,162,405,72560000,62839
2,7256,72560000,72560100,162,405,72570000,62848
2,7257,72570000,72570100,162,405,72580000,62856
2,7258,72580000,72580100,162,405,72590000,62863
2,7259,72590000,72590100,162,405,72600000,62871
2,726,7260000,7260100,162,405,7270000,6288
2,7260,72600000,72600100,162,405,72610000,62884
2,7261,72610000,72610100,162,405,72620000,62890
2,7262,72620000,72620100,162,405,72630000,62899
2,7263,72630000,72630100,162,405,72640000,62907
2,7264,72640000,72640100,162,405,72650000,62916
2,7265,72650000,72650100,162,405,72660000,62924
2,7266,72660000,72660100,162,405,72670000,62936
2,7267,72670000,72670100,162,405,72680000,62942
2,7268,72680000,72680100,162,405,72690000,62950
2,7269,72690000,72690100,162,405,72700000,62960
2,727,7270000,7270100,162,405,7280000,6294
2,7270,72700000,72700100,162,405,72710000,62968
2,7271,72710000,72710100,162,405,72720000,62975
2,7272,72720000,72720100,162,405,72730000,62987
2,7273,72730000,72730100,162,405,72740000,62995
2,7274,72740000,72740100,162,405,72750000,63002
2,7275,72750000,72750100,162,405,72760000,63011
2,7276,72760000,72760100,162,405,72770000,63022
2,7277,72770000,72770100,162,405,72780000,63028
2,7278,72780000,72780100,162,405,72790000,63038
2,7279,72790000,72790100,162,405,72800000,63044
2,728,7280000,7280100,162,405,7290000,6305
2,7280,72800000,72800100,162,405,72810000,63056
2,7281,72810000,72810100,162,405,72820000,63064
2,7282,72820000,72820100,162,405,72830000,63072
2,7283,72830000,72830100,162,405,72840000,63080
2,7284,72840000,72840100,162,405,72850000,63091
2,7285,72850000,72850100,162,405,72860000,63098
2,7286,72860000,72860100,162,405,72870000,63105
2,7287,72870000,72870100,162,405,72880000,63116
2,7288,72880000,72880100,162,405,72890000,63125
2,7289,72890000,72890100,162,405,72900000,63131
2,729,7290000,7290100,162,405,7300000,6313
2,7290,72900000,72900100,162,405,72910000,63144
2,7291,72910000,72910100,162,405,72920000,63150
2,7292,72920000,72920100,162,405,72930000,63158
2,7293,72930000,72930100,162,405,72940000,63167
2,7294,72940000,72940100,162,405,72950000,63176
2,7295,72950000,72950100,162,405,72960000,63183
2,7296,72960000,72960100,162,405,72970000,63195
2,7297,72970000,72970100,162,405,72980000,63203
2,7298,72980000,72980100,162,405,72990000,63211
2,7299,72990000,72990100,162,405,73000000,63219
2,73,730000,730100,162,405,740000,632
2,730,7300000,7300100,162,405,7310000,6321
2,7300,73000000,73000100,162,405,73010000,63228
2,7301,73010000,73010100,162,405,73020000,63236
2,7302,73020000,73020100,162,405,73030000,63246
2,7303,73030000,73030100,162,405,73040000,63252
2,7304,73040000,73040100,162,405,73050000,63264
2,7305,73050000,73050100,162,405,73060000,63273
2,7306,73060000,73060100,162,405,73070000,63280
2,7307,73070000,73070100,162,405,73080000,63286
2,7308,73080000,73080100,162,405,73090000,63299
2,7309,73090000,73090100,162,405,73100000,63306
2,731,7310000,7310100,162,405,7320000,6330
2,7310,73100000,73100100,162,405,73110000,63314
2,7311,73110000,73110100,162,405,73120000,63324
2,7312,73120000,73120100,162,405,73130000,63333
2,7313,73130000,73130100,162,405,73140000,63339
2,7314,73140000,73140100,162,405,73150000,63349
2,7315,73150000,73150100,162,405,73160000,63359
2,7316,73160000,73160100,162,405,73170000,63367
2,7317,73170000,73170100,162,405,73180000,63375
2,7318,73180000,73180100,162,405,73190000,63384
2,7319,73190000,73190100,162,405,73200000,63390
2,732,7320000,7320100,162,405,7330000,6341
2,7320,73200000,73200100,162,405,73210000,63404
2,7321,73210000,73210100,162,405,73220000,63410
2,7322,73220000,73220100,162,405,73230000,63419
2,7323,73230000,73230100,162,405,73240000,63427
2,7324,73240000,73240100,162,405,73250000,63435
2,7325,73250000,73250100,162,405,73260000,63444
2,7326,73260000,73260100,162,405,73270000,63455
2,7327,73270000,73270100,162,405,73280000,63461
2,7328,73280000,73280100,162,405,73290000,63470
2,7329,73290000,73290100,162,405,73300000,63480
2,733,7330000,7330100,162,405,7340000,6347
2,7330,73300000,73300100,162,405,73310000,63488
2,7331,73310000,73310100,162,405,73320000,63495
2,7332,73320000,73320100,162,405,73330000,63508
2,7333,73330000,73330100,162,405,73340000,63514
2,7334,73340000,73340100,162,405,73350000,63521
2,7335,73350000,73350100,162,405,73360000,63530
2,7336,73360000,73360100,162,405,73370000,63541
2,7337,73370000,73370100,162,405,73380000,63548
2,7338,73380000,73380100,162,405,73390000,63558
2,7339,73390000,73390100,162,405,73400000,63566
2,734,7340000,7340100,162,405,7350000,6354
2,7340,73400000,73400100,162,405,73410000,63575
2,7341,73410000,73410100,162,405,73420000,63583
2,7342,73420000,73420100,162,405,73430000,63591
2,7343,73430000,73430100,162,405,73440000,63599
2,7344,73440000,73440100,162,405,73450000,63611
2,7345,73450000,73450100,162,405,73460000,63618
2,7346,73460000,73460100,162,405,73470000,63627
2,7347,73470000,73470100,162,405,73480000,63635
2,7348,73480000,73480100,162,405,73490000,63644
2,7349,73490000,73490100,162,405,73500000,63650
2,735,7350000,7350100,162,405,7360000,6365
2,7350,73500000,73500100,162,405,73510000,63663
2,7351,73510000,73510100,162,405,73520000,63669
2,7352,73520000,73520100,162,405,73530000,63678
2,7353,73530000,73530100,162,405,73540000,63689
2,7354,73540000,73540100,162,405,73550000,63696
2,7355,73550000,73550100,162,405,73560000,63703
2,7356,73560000,73560100,162,405,73570000,63714
2,7357,73570000,73570100,162,405,73580000,63722
2,7358,73580000,73580100,162,405,73590000,63729
2,7359,73590000,73590100,162,405,73600000,63738
2,736,7360000,7360100,162,405,7370000,6374
2,7360,73600000,73600100,162,405,73610000,63750
2,7361,73610000,73610100,162,405,73620000,63756
2,7362,73620000,73620100,162,405,73630000,63766
2,7363,73630000,73630100,162,405,73640000,63772
2,7364,73640000,73640100,162,405,73650000,63783
2,7365,73650000,73650100,162,405,73660000,63792
2,7366,73660000,73660100,162,405,73670000,63799
2,7367,73670000,73670100,162,405,73680000,63807
2,7368,73680000,73680100,162,405,73690000,63819
2,7369,73690000,73690100,162,405,73700000,63825
2,737,7370000,7370100,162,405,7380000,6381
2,7370,73700000,73700100,162,405,73710000,63834
2,7371,73710000,73710100,162,405,73720000,63844
2,7372,73720000,73720100,162,405,73730000,63852
2,7373,73730000,73730100,162,405,73740000,63858
2,7374,73740000,73740100,162,405,73750000,63870
2,7375,73750000,73750100,162,405,73760000,63878
2,7376,73760000,73760100,162,405,73770000,63887
2,7377,73770000,73770100,162,405,73780000,63895
2,7378,73780000,73780100,162,405,73790000,63904
2,7379,73790000,73790100,162,405,73800000,63910
2,738,7380000,7380100,162,405,7390000,6393
2,7380,73800000,73800100,162,405,73810000,63922
2,7381,73810000,73810100,162,405,73820000,63931
2,7382,73820000,73820100,162,405,73830000,63938
2,7383,73830000,73830100,162,405,73840000,63946
2,7384,73840000,73840100,162,405,73850000,63955
2,7385,73850000,73850100,162,405,73860000,63964
2,7386,73860000,73860100,162,405,73870000,63975
2,7387,73870000,73870100,162,405,73880000,63981
2,7388,73880000,73880100,162,405,73890000,63991
2,7389,73890000,73890100,162,405,73900000,63999
2,739,7390000,7390100,162,405,7400000,6399
2,7390,73900000,73900100,162,405,73910000,64007
2,7391,73910000,73910100,162,405,73920000,64013
2,7392,73920000,73920100,162,405,73930000,64028
2,7393,73930000,73930100,162,405,73940000,64034
2,7394,73940000,73940100,162,405,73950000,64041
2,7395,73950000,73950100,162,405,73960000,64052
2,7396,73960000,73960100,162,405,73970000,64060
2,7397,73970000,73970100,162,405,73980000,64067
2,7398,73980000,73980100,162,405,73990000,64077
2,7399,73990000,73990100,162,405,74000000,64085
2,74,740000,740100,162,405,750000,639
2,740,7400000,7400100,162,405,7410000,6408
2,7400,74000000,74000100,162,405,74010000,64095
2,7401,74010000,74010100,162,405,74020000,64103
2,7402,74020000,74020100,162,405,74030000,64112
2,7403,74030000,74030100,162,405,74040000,64119
2,7404,74040000,74040100,162,405,74050000,64130
2,7405,74050000,74050100,162,405,74060000,64137
2,7406,74060000,74060100,162,405,74070000,64146
2,7407,74070000,74070100,162,405,74080000,64154
2,7408,74080000,74080100,162,405,74090000,64164
2,7409,74090000,74090100,162,405,74100000,64172
2,741,7410000,7410100,162,405,7420000,6416
2,7410,74100000,74100100,162,405,74110000,64183
2,7411,74110000,74110100,162,405,74120000,64189
2,7412,74120000,74120100,162,405,74130000,64197
2,7413,74130000,74130100,162,405,74140000,64207
2,7414,74140000,74140100,162,405,74150000,64215
2,7415,74150000,74150100,162,405,74160000,64222
2,7416,74160000,74160100,162,405,74170000,64236
2,7417,74170000,74170100,162,405,74180000,64242
2,7418,74180000,74180100,162,405,74190000,64249
2,7419,74190000,74190100,162,405,74200000,64258
2,742,7420000,7420100,162,405,7430000,6426
2,7420,74200000,74200100,162,405,74210000,64269
2,7421,74210000,74210100,162,405,74220000,64275
2,7422,74220000,74220100,162,405,74230000,64285
2,7423,74230000,74230100,162,405,74240000,64293
2,7424,74240000,74240100,162,405,74250000,64302
2,7425,74250000,74250100,162,405,74260000,64312
2,7426,74260000,74260100,162,405,74270000,64319
2,7427,74270000,74270100,162,405,74280000,64327
2,7428,74280000,74280100,162,405,74290000,64338
2,7429,74290000,74290100,162,405,74300000,64344
2,743,7430000,7430100,162,405,7440000,6432
2,7430,74300000,74300100,162,405,74310000,64355
2,7431,74310000,74310100,162,405,74320000,64363
2,7432,74320000,74320100,162,405,74330000,64372
2,7433,74330000,74330100,162,405,74340000,64378
2,7434,74340000,74340100,162,405,74350000,64390
2,7435,74350000,74350100,162,405,74360000,64397
2,7436,74360000,74360100,162,405,74370000,64406
2,7437,74370000,74370100,162,405,74380000,64416
2,7438,74380000,74380100,162,405,74390000,64423
2,7439,74390000,74390100,162,405,74400000,64429
2,744,7440000,7440100,162,405,7450000,6444
2,7440,74400000,74400100,162,405,74410000,64442
2,7441,74410000,74410100,162,405,74420000,64451
2,7442,74420000,74420100,162,405,74430000,64458
2,7443,74430000,74430100,162,405,74440000,64466
2,7444,74440000,74440100,162,405,74450000,64476
2,7445,74450000,74450100,162,405,74460000,64483
2,7446,74460000,74460100,162,405,74470000,64493
2,7447,74470000,74470100,162,405,74480000,64500
2,7448,74480000,74480100,162,405,74490000,64511
2,7449,74490000,74490100,162,405,74500000,64519
2,745,7450000,7450100,162,405,7460000,6453
2,7450,74500000,74500100,162,405,74510000,64527
2,7451,74510000,74510100,162,405,74520000,64535
2,7452,74520000,74520100,162,405,74530000,64547
2,7453,74530000,74530100,162,405,74540000,64553
2,7454,74540000,74540100,162,405,74550000,64560
2,7455,74550000,74550100,162,405,74560000,64571
2,7456,74560000,74560100,162,405,74570000,64580
2,7457,74570000,74570100,162,405,74580000,64586
2,7458,74580000,74580100,162,405,74590000,64599
2,7459,74590000,74590100,162,405,74600000,64605
2,746,7460000,7460100,162,405,7470000,6460
2,7460,74600000,74600100,162,405,74610000,64614
2,7461,74610000,74610100,162,405,74620000,64622
2,7462,74620000,74620100,162,405,74630000,64631
2,7463,74630000,74630100,162,405,74640000,64638
2,7464,74640000,74640100,162,405,74650000,64650
2,7465,74650000,74650100,162,405,74660000,64659
2,7466,74660000,74660100,162,405,74670000,64666
2,7467,74670000,74670100,162,405,74680000,64674
2,7468,74680000,74680100,162,405,74690000,64682
2,7469,74690000,74690100,162,405,74700000,64691
2,747,7470000,7470100,162,405,7480000,6468
2,7470,74700000,74700100,162,405,74710000,64702
2,7471,74710000,74710100,162,405,74720000,64708
2,7472,74720000,74720100,162,405,74730000,64719
2,7473,74730000,74730100,162,405,74740000,64727
2,7474,74740000,74740100,162,405,74750000,64735
2,7475,74750000,74750100,162,405,74760000,64742
2,7476,74760000,74760100,162,405,74770000,64755
2,7477,74770000,74770100,162,405,74780000,64761
2,7478,74780000,74780100,162,405,74790000,64768
2,7479,74790000,74790100,162,405,74800000,64778
2,748,7480000,7480100,162,405,7490000,6477
2,7480,74800000,74800100,162,405,74810000,64789
2,7481,74810000,74810100,162,405,74820000,64795
2,7482,74820000,74820100,162,405,74830000,64805
2,7483,74830000,74830100,162,405,74840000,64813
2,7484,74840000,74840100,162,405,74850000,64821
2,7485,74850000,74850100,162,405,74860000,64831
2,7486,74860000,74860100,162,405,74870000,64840
2,7487,74870000,74870100,162,405,74880000,64846
2,7488,74880000,74880100,162,405,74890000,64858
2,7489,74890000,74890100,162,405,74900000,64864
2,749,7490000,7490100,162,405,7500000,6485
2,7490,74900000,74900100,162,405,74910000,64874
2,7491,74910000,74910100,162,405,74920000,64883
2,7492,74920000,74920100,162,405,74930000,64891
2,7493,74930000,74930100,162,405,74940000,64899
2,7494,74940000,74940100,162,405,74950000,64909
2,7495,74950000,74950100,162,405,74960000,64916
2,7496,74960000,74960100,162,405,74970000,64926
2,7497,74970000,74970100,162,405,74980000,64936
2,7498,74980000,74980100,162,405,74990000,64943
2,7499,74990000,74990100,162,405,75000000,64949
2,75,750000,750100,162,405,760000,648
2,750,7500000,7500100,162,405,7510000,6496
2,7500,75000000,75000100,162,405,75010000,64963
2,7501,75010000,75010100,162,405,75020000,64969
2,7502,75020000,75020100,162,405,75030000,64977
2,7503,75030000,75030100,162,405,75040000,64985
2,7504,75040000,75040100,162,405,75050000,64996
2,7505,75050000,75050100,162,405,75060000,65003
2,7506,75060000,75060100,162,405,75070000,65013
2,7507,75070000,75070100,162,405,75080000,65022
2,7508,75080000,75080100,162,405,75090000,65030
2,7509,75090000,75090100,162,405,75100000,65038
2,751,7510000,7510100,162,405,7520000,6502
2,7510,75100000,75100100,162,405,75110000,65046
2,7511,75110000,75110100,162,405,75120000,65054
2,7512,75120000,75120100,162,405,75130000,65066
2,7513,75130000,75130100,162,405,75140000,65073
2,7514,75140000,75140100,162,405,75150000,65082
2,7515,75150000,75150100,162,405,75160000,65091
2,7516,75160000,75160100,162,405,75170000,65099
2,7517,75170000,75170100,162,405,75180000,65105
2,7518,75180000,75180100,162,405,75190000,65118
2,7519,75190000,75190100,162,405,75200000,65124
2,752,7520000,7520100,162,405,7530000,6513
2,7520,75200000,75200100,162,405,75210000,65134
2,7521,75210000,75210100,162,405,75220000,65144
2,7522,75220000,75220100,162,405,75230000,65151
2,7523,75230000,75230100,162,405,75240000,65157
2,7524,75240000,75240100,162,405,75250000,65169
2,7525,75250000,75250100,162,405,75260000,65178
2,7526,75260000,75260100,162,405,75270000,65185
2,7527,75270000,75270100,162,405,75280000,65193
2,7528,75280000,75280100,162,405,75290000,65204
2,7529,75290000,75290100,162,405,75300000,65211
2,753,7530000,7530100,162,405,7540000,6522
2,7530,75300000,75300100,162,405,75310000,65222
2,7531,75310000,75310100,162,405,75320000,65228
2,7532,75320000,75320100,162,405,75330000,65238
2,7533,75330000,75330100,162,405,75340000,65246
2,7534,75340000,75340100,162,405,75350000,65253
2,7535,75350000,75350100,162,405,75360000,65263
2,7536,75360000,75360100,162,405,75370000,65275
2,7537,75370000,75370100,162,405,75380000,65281
2,7538,75380000,75380100,162,405,75390000,65288
2,7539,75390000,75390100,162,405,75400000,65298
2,754,7540000,7540100,162,405,7550000,6529
2,7540,75400000,75400100,162,405,75410000,65308
2,7541,75410000,75410100,162,405,75420000,65314
2,7542,75420000,75420100,162,405,75430000,65326
2,7543,75430000,75430100,162,405,75440000,65332
2,7544,75440000,75440100,162,405,75450000,65341
2,7545,75450000,75450100,162,405,75460000,65350
2,7546,75460000,75460100,162,405,75470000,65360
2,7547,75470000,75470100,162,405,75480000,65366
2,7548,75480000,75480100,162,405,75490000,65377
2,7549,75490000,75490100,162,405,75500000,65385
2,755,7550000,7550100,162,405,7560000,6536
2,7550,75500000,75500100,162,405,75510000,65393
2,7551,75510000,75510100,162,405,75520000,65402
2,7552,75520000,75520100,162,405,75530000,65411
2,7553,75530000,75530100,162,405,75540000,65419
2,7554,75540000,75540100,162,405,75550000,65429
2,7555,75550000,75550100,162,405,75560000,65436
2,7556,75560000,75560100,162,405,75570000,65446
2,7557,75570000,75570100,162,405,75580000,65455
2,7558,75580000,75580100,162,405,75590000,65462
2,7559,75590000,75590100,162,405,75600000,65468
2,756,7560000,7560100,162,405,7570000,6549
2,7560,75600000,75600100,162,405,75610000,65483
2,7561,75610000,75610100,162,405,75620000,65489
2,7562,75620000,75620100,162,405,75630000,65497
2,7563,75630000,75630100,162,405,75640000,65507
2,7564,75640000,75640100,162,405,75650000,65515
2,7565,75650000,75650100,162,405,75660000,65522
2,7566,75660000,75660100,162,405,75670000,65532
2,7567,75670000,75670100,162,405,75680000,65540
2,7568,75680000,75680100,162,405,75690000,65550
2,7569,75690000,75690100,162,405,75700000,65558
2,757,7570000,7570100,162,405,7580000,6555
2,7570,75700000,75700100,162,405,75710000,65568
2,7571,75710000,75710100,162,405,75720000,65574
2,7572,75720000,75720100,162,405,75730000,65585
2,7573,75730000,75730100,162,405,75740000,65592
2,7574,75740000,75740100,162,405,75750000,65601
2,7575,75750000,75750100,162,405,75760000,65610
2,7576,75760000,75760100,162,405,75770000,65619
2,7577,75770000,75770100,162,405,75780000,65627
2,7578,75780000,75780100,162,405,75790000,65637
2,7579,75790000,75790100,162,405,75800000,65644
2,758,7580000,7580100,162,405,7590000,6562
2,7580,75800000,75800100,162,405,75810000,65653
2,7581,75810000,75810100,162,405,75820000,65663
2,7582,75820000,75820100,162,405,75830000,65670
2,7583,75830000,75830100,162,405,75840000,65676
2,7584,75840000,75840100,162,405,75850000,65691
2,7585,75850000,75850100,162,405,75860000,65698
2,7586,75860000,75860100,162,405,75870000,65705
2,7587,75870000,75870100,162,405,75880000,65713
2,7588,75880000,75880100,162,405,75890000,65723
2,7589,75890000,75890100,162,405,75900000,65729
2,759,7590000,7590100,162,405,7600000,6573
2,7590,75900000,75900100,162,405,75910000,65741
2,7591,75910000,75910100,162,405,75920000,65749
2,7592,75920000,75920100,162,405,75930000,65758
2,7593,75930000,75930100,162,405,75940000,65766
2,7594,75940000,75940100,162,405,75950000,65773
2,7595,75950000,75950100,162,405,75960000,65783
2,7596,75960000,75960100,162,405,75970000,65794
2,7597,75970000,75970100,162,405,75980000,65800
2,7598,75980000,75980100,162,405,75990000,65809
2,7599,75990000,75990100,162,405,76000000,65817
2,76,760000,760100,162,405,770000,656
2,760,7600000,7600100,162,405,7610000,6583
2,7600,76000000,76000100,162,405,76010000,65827
2,7601,76010000,76010100,162,405,76020000,65834
2,7602,76020000,76020100,162,405,76030000,65846
2,7603,76030000,76030100,162,405,76040000,65852
2,7604,76040000,76040100,162,405,76050000,65860
2,7605,76050000,76050100,162,405,76060000,65871
2,7606,76060000,76060100,162,405,76070000,65879
2,7607,76070000,76070100,162,405,76080000,65885
2,7608,76080000,76080100,162,405,76090000,65897
2,7609,76090000,76090100,162,405,76100000,65905
2,761,7610000,7610100,162,405,7620000,6589
2,7610,76100000,76100100,162,405,76110000,65913
2,7611,76110000,76110100,162,405,76120000,65921
2,7612,76120000,76120100,162,405,76130000,65932
2,7613,76130000,76130100,162,405,76140000,65938
2,7614,76140000,76140100,162,405,76150000,65948
2,7615,76150000,76150100,162,405,76160000,65955
2,7616,76160000,76160100,162,405,76170000,65966
2,7617,76170000,76170100,162,405,76180000,65975
2,7618,76180000,76180100,162,405,76190000,65982
2,7619,76190000,76190100,162,405,76200000,65990
2,762,7620000,7620100,162,405,7630000,6599
2,7620,76200000,76200100,162,405,76210000,66002
2,7621,76210000,76210100,162,405,76220000,66008
2,7622,76220000,76220100,162,405,76230000,66015
2,7623,76230000,76230100,162,405,76240000,66026
2,7624,76240000,76240100,162,405,76250000,66035
2,7625,76250000,76250100,162,405,76260000,66042
2,7626,76260000,76260100,162,405,76270000,66054
2,7627,76270000,76270100,162,405,76280000,66060
2,7628,76280000,76280100,162,405,76290000,66069
2,7629,76290000,76290100,162,405,76300000,66077
2,763,7630000,7630100,162,405,7640000,6607
2,7630,76300000,76300100,162,405,76310000,66087
2,7631,76310000,76310100,162,405,76320000,66093
2,7632,76320000,76320100,162,405,76330000,66105
2,7633,76330000,76330100,162,405,76340000,66113
2,7634,76340000,76340100,162,405,76350000,66121
2,7635,76350000,76350100,162,405,76360000,66130
2,7636,76360000,76360100,162,405,76370000,66138
2,7637,76370000,76370100,162,405,76380000,66146
2,7638,76380000,76380100,162,405,76390000,66156
2,7639,76390000,76390100,162,405,76400000,66163
2,764,7640000,7640100,162,405,7650000,6616
2,7640,76400000,76400100,162,405,76410000,66175
2,7641,76410000,76410100,162,405,76420000,66183
2,7642,76420000,76420100,162,405,76430000,66190
2,7643,76430000,76430100,162,405,76440000,66196
2,7644,76440000,76440100,162,405,76450000,66209
2,7645,76450000,76450100,162,405,76460000,66217
2,7646,76460000,76460100,162,405,76470000,66224
2,7647,76470000,76470100,162,405,76480000,66234
2,7648,76480000,76480100,162,405,76490000,66243
2,7649,76490000,76490100,162,405,76500000,66249
2,765,7650000,7650100,162,405,7660000,6625
2,7650,76500000,76500100,162,405,76510000,66261
2,7651,76510000,76510100,162,405,76520000,66269
2,7652,76520000,76520100,162,405,76530000,66277
2,7653,76530000,76530100,162,405,76540000,66285
2,7654,76540000,76540100,162,405,76550000,66294
2,7655,76550000,76550100,162,405,76560000,66301
2,7656,76560000,76560100,162,405,76570000,66314
2,7657,76570000,76570100,162,405,76580000,66320
2,7658,76580000,76580100,162,405,76590000,66329
2,7659,76590000,76590100,162,405,76600000,66337
2,766,7660000,7660100,162,405,7670000,6634
2,7660,76600000,76600100,162,405,76610000,66346
2,7661,76610000,76610100,162,405,76620000,66355
2,7662,76620000,76620100,162,405,76630000,66365
2,7663,76630000,76630100,162,405,76640000,66371
2,7664,76640000,76640100,162,405,76650000,66380
2,7665,76650000,76650100,162,405,76660000,66391
2,7666,76660000,76660100,162,405,76670000,66398
2,7667,76670000,76670100,162,405,76680000,66405
2,7668,76680000,76680100,162,405,76690000,66418
2,7669,76690000,76690100,162,405,76700000,66424
2,767,7670000,7670100,162,405,7680000,6640
2,7670,76700000,76700100,162,405,76710000,66432
2,7671,76710000,76710100,162,405,76720000,66440
2,7672,76720000,76720100,162,405,76730000,66452
2,7673,76730000,76730100,162,405,76740000,66458
2,7674,76740000,76740100,162,405,76750000,66468
2,7675,76750000,76750100,162,405,76760000,66477
2,7676,76760000,76760100,162,405,76770000,66485
2,7677,76770000,76770100,162,405,76780000,66493
2,7678,76780000,76780100,162,405,76790000,66501
2,7679,76790000,76790100,162,405,76800000,66509
2,768,7680000,7680100,162,405,7690000,6652
2,7680,76800000,76800100,162,405,76810000,66522
2,7681,76810000,76810100,162,405,76820000,66528
2,7682,76820000,76820100,162,405,76830000,66537
2,7683,76830000,76830100,162,405,76840000,66546
2,7684,76840000,76840100,162,405,76850000,66554
2,7685,76850000,76850100,162,405,76860000,66561
2,7686,76860000,76860100,162,405,76870000,66573
2,7687,76870000,76870100,162,405,76880000,66579
2,7688,76880000,76880100,162,405,76890000,66588
2,7689,76890000,76890100,162,405,76900000,66599
2,769,7690000,7690100,162,405,7700000,6658
2,7690,76900000,76900100,162,405,76910000,66607
2,7691,76910000,76910100,162,405,76920000,66613
2,7692,76920000,76920100,162,405,76930000,66624
2,7693,76930000,76930100,162,405,76940000,66632
2,7694,76940000,76940100,162,405,76950000,66640
2,7695,76950000,76950100,162,405,76960000,66649
2,7696,76960000,76960100,162,405,76970000,66660
2,7697,76970000,76970100,162,405,76980000,66666
2,7698,76980000,76980100,162,405,76990000,66676
2,7699,76990000,76990100,162,405,77000000,66682
2,77,770000,770100,162,405,780000,665
2,770,7700000,7700100,162,405,7710000,6669
2,7700,77000000,77000100,162,405,77010000,66694
2,7701,77010000,77010100,162,405,77020000,66702
2,7702,77020000,77020100,162,405,77030000,66709
2,7703,77030000,77030100,162,405,77040000,66717
2,7704,77040000,77040100,162,405,77050000,66729
2,7705,77050000,77050100,162,405,77060000,66737
2,7706,77060000,77060100,162,405,77070000,66744
2,7707,77070000,77070100,162,405,77080000,66754
2,7708,77080000,77080100,162,405,77090000,66762
2,7709,77090000,77090100,162,405,77100000,66768
2,771,7710000,7710100,162,405,7720000,6677
2,7710,77100000,77100100,162,405,77110000,66781
2,7711,77110000,77110100,162,405,77120000,66788
2,7712,77120000,77120100,162,405,77130000,66797
2,7713,77130000,77130100,162,405,77140000,66805
2,7714,77140000,77140100,162,405,77150000,66814
2,7715,77150000,77150100,162,405,77160000,66821
2,7716,77160000,77160100,162,405,77170000,66833
2,7717,77170000,77170100,162,405,77180000,66841
2,7718,77180000,77180100,162,405,77190000,66848
2,7719,77190000,77190100,162,405,77200000,66856
2,772,7720000,7720100,162,405,7730000,6685
2,7720,77200000,77200100,162,405,77210000,66866
2,7721,77210000,77210100,162,405,77220000,66874
2,7722,77220000,77220100,162,405,77230000,66885
2,7723,77230000,77230100,162,405,77240000,66891
2,7724,77240000,77240100,162,405,77250000,66901
2,7725,77250000,77250100,162,405,77260000,66910
2,7726,77260000,77260100,162,405,77270000,66917
2,7727,77270000,77270100,162,405,77280000,66924
2,7728,77280000,77280100,162,405,77290000,66938
2,7729,77290000,77290100,162,405,77300000,66944
2,773,7730000,7730100,162,405,7740000,6693
2,7730,77300000,77300100,162,405,77310000,66952
2,7731,77310000,77310100,162,405,77320000,66962
2,7732,77320000,77320100,162,405,77330000,66970
2,7733,77330000,77330100,162,405,77340000,66977
2,7734,77340000,77340100,162,405,77350000,66987
2,7735,77350000,77350100,162,405,77360000,66996
2,7736,77360000,77360100,162,405,77370000,67005
2,7737,77370000,77370100,162,405,77380000,67013
2,7738,77380000,77380100,162,405,77390000,67023
2,7739,77390000,77390100,162,405,77400000,67029
2,774,7740000,7740100,162,405,7750000,6703
2,7740,77400000,77400100,162,405,77410000,67041
2,7741,77410000,77410100,162,405,77420000,67047
2,7742,77420000,77420100,162,405,77430000,67056
2,7743,77430000,77430100,162,405,77440000,67064
2,7744,77440000,77440100,162,405,77450000,67074
2,7745,77450000,77450100,162,405,77460000,67083
2,7746,77460000,77460100,162,405,77470000,67093
2,7747,77470000,77470100,162,405,77480000,67099
2,7748,77480000,77480100,162,405,77490000,67107
2,7749,77490000,77490100,162,405,77500000,67118
2,775,7750000,7750100,162,405,7760000,6711
2,7750,77500000,77500100,162,405,77510000,67126
2,7751,77510000,77510100,162,405,77520000,67132
2,7752,77520000,77520100,162,405,77530000,67146
2,7753,77530000,77530100,162,405,77540000,67152
2,7754,77540000,77540100,162,405,77550000,67159
2,7755,77550000,77550100,162,405,77560000,67169
2,7756,77560000,77560100,162,405,77570000,67179
2,7757,77570000,77570100,162,405,77580000,67185
2,7758,77580000,77580100,162,405,77590000,67195
2,7759,77590000,77590100,162,405,77600000,67203
2,776,7760000,7760100,162,405,7770000,6720
2,7760,77600000,77600100,162,405,77610000,67214
2,7761,77610000,77610100,162,405,77620000,67222
2,7762,77620000,77620100,162,405,77630000,67229
2,7763,77630000,77630100,162,405,77640000,67237
2,7764,77640000,77640100,162,405,77650000,67248
2,7765,77650000,77650100,162,405,77660000,67255
2,7766,77660000,77660100,162,405,77670000,67265
2,7767,77670000,77670100,162,405,77680000,67273
2,7768,77680000,77680100,162,405,77690000,67282
2,7769,77690000,77690100,162,405,77700000,67288
2,777,7770000,7770100,162,405,7780000,6730
2,7770,77700000,77700100,162,405,77710000,67301
2,7771,77710000,77710100,162,405,77720000,67308
2,7772,77720000,77720100,162,405,77730000,67316
2,7773,77730000,77730100,162,405,77740000,67326
2,7774,77740000,77740100,162,405,77750000,67333
2,7775,77750000,77750100,162,405,77760000,67340
2,7776,77760000,77760100,162,405,77770000,67352
2,7777,77770000,77770100,162,405,77780000,67361
2,7778,77780000,77780100,162,405,77790000,67368
2,7779,77790000,77790100,162,405,77800000,67376
2,778,7780000,7780100,162,405,7790000,6737
2,7780,77800000,77800100,162,405,77810000,67387
2,7781,77810000,77810100,162,405,77820000,67393
2,7782,77820000,77820100,162,405,77830000,67404
2,7783,77830000,77830100,162,405,77840000,67410
2,7784,77840000,77840100,162,405,77850000,67421
2,7785,77850000,77850100,162,405,77860000,67430
2,7786,77860000,77860100,162,405,77870000,67437
2,7787,77870000,77870100,162,405,77880000,67445
2,7788,77880000,77880100,162,405,77890000,67457
2,7789,77890000,77890100,162,405,77900000,67463
2,779,7790000,7790100,162,405,7800000,6743
2,7790,77900000,77900100,162,405,77910000,67471
2,7791,77910000,77910100,162,405,77920000,67481
2,7792,77920000,77920100,162,405,77930000,67490
2,7793,77930000,77930100,162,405,77940000,67497
2,7794,77940000,77940100,162,405,77950000,67509
2,7795,77950000,77950100,162,405,77960000,67516
2,7796,77960000,77960100,162,405,77970000,67524
2,7797,77970000,77970100,162,405,77980000,67532
2,7798,77980000,77980100,162,405,77990000,67541
2,7799,77990000,77990100,162,405,78000000,67548
2,78,780000,780100,162,405,790000,675
2,780,7800000,7800100,162,405,7810000,6757
2,7800,78000000,78000100,162,405,78010000,67561
2,7801,78010000,78010100,162,405,78020000,67569
2,7802,78020000,78020100,162,405,78030000,67576
2,7803,78030000,78030100,162,405,78040000,67584
2,7804,78040000,78040100,162,405,78050000,67593
2,7805,78050000,78050100,162,405,78060000,67602
2,7806,78060000,78060100,162,405,78070000,67612
2,7807,78070000,78070100,162,405,78080000,67618
2,7808,78080000,78080100,162,405,78090000,67629
2,7809,78090000,78090100,162,405,78100000,67637
2,781,7810000,7810100,162,405,7820000,6764
2,7810,78100000,78100100,162,405,78110000,67646
2,7811,78110000,78110100,162,405,78120000,67652
2,7812,78120000,78120100,162,405,78130000,67665
2,7813,78130000,78130100,162,405,78140000,67671
2,7814,78140000,78140100,162,405,78150000,67678
2,7815,78150000,78150100,162,405,78160000,67690
2,7816,78160000,78160100,162,405,78170000,67699
2,7817,78170000,78170100,162,405,78180000,67705
2,7818,78180000,78180100,162,405,78190000,67715
2,7819,78190000,78190100,162,405,78200000,67723
2,782,7820000,7820100,162,405,7830000,6771
2,7820,78200000,78200100,162,405,78210000,67732
2,7821,78210000,78210100,162,405,78220000,67741
2,7822,78220000,78220100,162,405,78230000,67750
2,7823,78230000,78230100,162,405,78240000,67756
2,7824,78240000,78240100,162,405,78250000,67768
2,7825,78250000,78250100,162,405,78260000,67775
2,7826,78260000,78260100,162,405,78270000,67785
2,7827,78270000,78270100,162,405,78280000,67793
2,7828,78280000,78280100,162,405,78290000,67801
2,7829,78290000,78290100,162,405,78300000,67809
2,783,7830000,7830100,162,405,7840000,6779
2,7830,78300000,78300100,162,405,78310000,67820
2,7831,78310000,78310100,162,405,78320000,67826
2,7832,78320000,78320100,162,405,78330000,67836
2,7833,78330000,78330100,162,405,78340000,67846
2,7834,78340000,78340100,162,405,78350000,67853
2,7835,78350000,78350100,162,405,78360000,67860
2,7836,78360000,78360100,162,405,78370000,67873
2,7837,78370000,78370100,162,405,78380000,67880
2,7838,78380000,78380100,162,405,78390000,67887
2,7839,78390000,78390100,162,405,78400000,67895
2,784,7840000,7840100,162,405,7850000,6790
2,7840,78400000,78400100,162,405,78410000,67907
2,7841,78410000,78410100,162,405,78420000,67913
2,7842,78420000,78420100,162,405,78430000,67923
2,7843,78430000,78430100,162,405,78440000,67932
2,7844,78440000,78440100,162,405,78450000,67940
2,7845,78450000,78450100,162,405,78460000,67949
2,7846,78460000,78460100,162,405,78470000,67956
2,7847,78470000,78470100,162,405,78480000,67964
2,7848,78480000,78480100,162,405,78490000,67977
2,7849,78490000,78490100,162,405,78500000,67983
2,785,7850000,7850100,162,405,7860000,6797
2,7850,78500000,78500100,162,405,78510000,67993
2,7851,78510000,78510100,162,405,78520000,68001
2,7852,78520000,78520100,162,405,78530000,68009
2,7853,78530000,78530100,162,405,78540000,68015
2,7854,78540000,78540100,162,405,78550000,68028
2,7855,78550000,78550100,162,405,78560000,68035
2,7856,78560000,78560100,162,405,78570000,68044
2,7857,78570000,78570100,162,405,78580000,68054
2,7858,78580000,78580100,162,405,78590000,68061
2,7859,78590000,78590100,162,405,78600000,68068
2,786,7860000,7860100,162,405,7870000,6808
2,7860,78600000,78600100,162,405,78610000,68080
2,7861,78610000,78610100,162,405,78620000,68088
2,7862,78620000,78620100,162,405,78630000,68095
2,7863,78630000,78630100,162,405,78640000,68103
2,7864,78640000,78640100,162,405,78650000,68114
2,7865,78650000,78650100,162,405,78660000,68122
2,7866,78660000,78660100,162,405,78670000,68132
2,7867,78670000,78670100,162,405,78680000,68138
2,7868,78680000,78680100,162,405,78690000,68148
2,7869,78690000,78690100,162,405,78700000,68156
2,787,7870000,7870100,162,405,7880000,6816
2,7870,78700000,78700100,162,405,78710000,68165
2,7871,78710000,78710100,162,405,78720000,68173
2,7872,78720000,78720100,162,405,78730000,68185
2,7873,78730000,78730100,162,405,78740000,68191
2,7874,78740000,78740100,162,405,78750000,68198
2,7875,78750000,78750100,162,405,78760000,68209
2,7876,78760000,78760100,162,405,78770000,68218
2,7877,78770000,78770100,162,405,78780000,68224
2,7878,78780000,78780100,162,405,78790000,68236
2,7879,78790000,78790100,162,405,78800000,68242
2,788,7880000,7880100,162,405,7890000,6824
2,7880,78800000,78800100,162,405,78810000,68252
2,7881,78810000,78810100,162,405,78820000,68261
2,7882,78820000,78820100,162,405,78830000,68270
2,7883,78830000,78830100,162,405,78840000,68276
2,7884,78840000,78840100,162,405,78850000,68287
2,7885,78850000,78850100,162,405,78860000,68296
2,7886,78860000,78860100,162,405,78870000,68303
2,7887,78870000,78870100,162,405,78880000,68312
2,7888,78880000,78880100,162,405,78890000,68321
2,7889,78890000,78890100,162,405,78900000,68329
2,789,7890000,7890100,162,405,7900000,6832
2,7890,78900000,78900100,162,405,78910000,68340
2,7891,78910000,78910100,162,405,78920000,68346
2,7892,78920000,78920100,162,405,78930000,68357
2,7893,78930000,78930100,162,405,78940000,68365
2,7894,78940000,78940100,162,405,78950000,68372
2,7895,78950000,78950100,162,405,78960000,68379
2,7896,78960000,78960100,162,405,78970000,68393
2,7897,78970000,78970100,162,405,78980000,68399
2,7898,78980000,78980100,162,405,78990000,68407
2,7899,78990000,78990100,162,405,79000000,68417
2,79,790000,790100,162,405,800000,681
2,790,7900000,7900100,162,405,7910000,6840
2,7900,79000000,79000100,162,405,79010000,68426
2,7901,79010000,79010100,162,405,79020000,68432
2,7902,79020000,79020100,162,405,79030000,68442
2,7903,79030000,79030100,162,405,79040000,68451
2,7904,79040000,79040100,162,405,79050000,68460
2,7905,79050000,79050100,162,405,79060000,68469
2,7906,79060000,79060100,162,405,79070000,68478
2,7907,79070000,79070100,162,405,79080000,68484
2,7908,79080000,79080100,162,405,79090000,68495
2,7909,79090000,79090100,162,405,79100000,68502
2,791,7910000,7910100,162,405,7920000,6848
2,7910,79100000,79100100,162,405,79110000,68512
2,7911,79110000,79110100,162,405,79120000,68520
2,7912,79120000,79120100,162,405,79130000,68529
2,7913,79130000,79130100,162,405,79140000,68537
2,7914,79140000,79140100,162,405,79150000,68548
2,7915,79150000,79150100,162,405,79160000,68555
2,7916,79160000,79160100,162,405,79170000,68563
2,7917,79170000,79170100,162,405,79180000,68573
2,7918,79180000,79180100,162,405,79190000,68580
2,7919,79190000,79190100,162,405,79200000,68586
2,792,7920000,7920100,162,405,7930000,6861
2,7920,79200000,79200100,162,405,79210000,68602
2,7921,79210000,79210100,162,405,79220000,68608
2,7922,79220000,79220100,162,405,79230000,68615
2,7923,79230000,79230100,162,405,79240000,68623
2,7924,79240000,79240100,162,405,79250000,68633
2,7925,79250000,79250100,162,405,79260000,68641
2,7926,79260000,79260100,162,405,79270000,68651
2,7927,79270000,79270100,162,405,79280000,68659
2,7928,79280000,79280100,162,405,79290000,68668
2,7929,79290000,79290100,162,405,79300000,68676
2,793,7930000,7930100,162,405,7940000,6867
2,7930,79300000,79300100,162,405,79310000,68684
2,7931,79310000,79310100,162,405,79320000,68693
2,7932,79320000,79320100,162,405,79330000,68704
2,7933,79330000,79330100,162,405,79340000,68710
2,7934,79340000,79340100,162,405,79350000,68719
2,7935,79350000,79350100,162,405,79360000,68728
2,7936,79360000,79360100,162,405,79370000,68738
2,7937,79370000,79370100,162,405,79380000,68744
2,7938,79380000,79380100,162,405,79390000,68756
2,7939,79390000,79390100,162,405,79400000,68762
2,794,7940000,7940100,162,405,7950000,6876
2,7940,79400000,79400100,162,405,79410000,68771
2,7941,79410000,79410100,162,405,79420000,68781
2,7942,79420000,79420100,162,405,79430000,68789
2,7943,79430000,79430100,162,405,79440000,68795
2,7944,79440000,79440100,162,405,79450000,68807
2,7945,79450000,79450100,162,405,79460000,68816
2,7946,79460000,79460100,162,405,79470000,68823
2,7947,79470000,79470100,162,405,79480000,68832
2,7948,79480000,79480100,162,405,79490000,68842
2,7949,79490000,79490100,162,405,79500000,68848
2,795,7950000,7950100,162,405,7960000,6885
2,7950,79500000,79500100,162,405,79510000,68859
2,7951,79510000,79510100,162,405,79520000,68865
2,7952,79520000,79520100,162,405,79530000,68876
2,7953,79530000,79530100,162,405,79540000,68885
2,7954,79540000,79540100,162,405,79550000,68892
2,7955,79550000,79550100,162,405,79560000,68901
2,7956,79560000,79560100,162,405,79570000,68912
2,7957,79570000,79570100,162,405,79580000,68918
2,7958,79580000,79580100,162,405,79590000,68926
2,7959,79590000,79590100,162,405,79600000,68936
2,796,7960000,7960100,162,405,7970000,6893
2,7960,79600000,79600100,162,405,79610000,68946
2,7961,79610000,79610100,162,405,79620000,68952
2,7962,79620000,79620100,162,405,79630000,68964
2,7963,79630000,79630100,162,405,79640000,68970
2,7964,79640000,79640100,162,405,79650000,68979
2,7965,79650000,79650100,162,405,79660000,68988
2,7966,79660000,79660100,162,405,79670000,68997
2,7967,79670000,79670100,162,405,79680000,69003
2,7968,79680000,79680100,162,405,79690000,69015
2,7969,79690000,79690100,162,405,79700000,69024
2,797,7970000,7970100,162,405,7980000,6900
2,7970,79700000,79700100,162,405,79710000,69032
2,7971,79710000,79710100,162,405,79720000,69040
2,7972,79720000,79720100,162,405,79730000,69048
2,7973,79730000,79730100,162,405,79740000,69056
2,7974,79740000,79740100,162,405,79750000,69066
2,7975,79750000,79750100,162,405,79760000,69074
2,7976,79760000,79760100,162,405,79770000,69085
2,7977,79770000,79770100,162,405,79780000,69093
2,7978,79780000,79780100,162,405,79790000,69100
2,7979,79790000,79790100,162,405,79800000,69106
2,798,7980000,7980100,162,405,7990000,6912
2,7980,79800000,79800100,162,405,79810000,69121
2,7981,79810000,79810100,162,405,79820000,69127
2,7982,79820000,79820100,162,405,79830000,69134
2,7983,79830000,79830100,162,405,79840000,69144
2,7984,79840000,79840100,162,405,79850000,69153
2,7985,79850000,79850100,162,405,79860000,69160
2,7986,79860000,79860100,162,405,79870000,69171
2,7987,79870000,79870100,162,405,79880000,69179
2,7988,79880000,79880100,162,405,79890000,69187
2,7989,79890000,79890100,162,405,79900000,69195
2,799,7990000,7990100,162,405,8000000,6918
2,7990,79900000,79900100,162,405,79910000,69205
2,7991,79910000,79910100,162,405,79920000,69212
2,7992,79920000,79920100,162,405,79930000,69224
2,7993,79930000,79930100,162,405,79940000,69230
2,7994,79940000,79940100,162,405,79950000,69239
2,7995,79950000,79950100,162,405,79960000,69248
2,7996,79960000,79960100,162,405,79970000,69256
2,7997,79970000,79970100,162,405,79980000,69265
2,7998,79980000,79980100,162,405,79990000,69275
2,7999,79990000,79990100,162,405,80000000,69281
2,8,80000,80100,162,405,90000,68
2,80,800000,800100,162,405,810000,693
2,800,8000000,8000100,162,405,8010000,6928
2,8000,80000000,80000100,162,405,80010000,69291
2,8001,80010000,80010100,162,405,80020000,69301
2,8002,80020000,80020100,162,405,80030000,69309
2,8003,80030000,80030100,162,405,80040000,69315
2,8004,80040000,80040100,162,405,80050000,69328
2,8005,80050000,80050100,162,405,80060000,69335
2,8006,80060000,80060100,162,405,80070000,69342
2,8007,80070000,80070100,162,405,80080000,69350
2,8008,80080000,80080100,162,405,80090000,69362
2,8009,80090000,80090100,162,405,80100000,69368
2,801,8010000,8010100,162,405,8020000,6938
2,8010,80100000,80100100,162,405,80110000,69379
2,8011,80110000,80110100,162,405,80120000,69387
2,8012,80120000,80120100,162,405,80130000,69395
2,8013,80130000,80130100,162,405,80140000,69404
2,8014,80140000,80140100,162,405,80150000,69411
2,8015,80150000,80150100,162,405,80160000,69420
2,8016,80160000,80160100,162,405,80170000,69432
2,8017,80170000,80170100,162,405,80180000,69438
2,8018,80180000,80180100,162,405,80190000,69447
2,8019,80190000,80190100,162,405,80200000,69456
2,802,8020000,8020100,162,405,8030000,6945
2,8020,80200000,80200100,162,405,80210000,69465
2,8021,80210000,80210100,162,405,80220000,69471
2,8022,80220000,80220100,162,405,80230000,69483
2,8023,80230000,80230100,162,405,80240000,69489
2,8024,80240000,80240100,162,405,80250000,69499
2,8025,80250000,80250100,162,405,80260000,69510
2,8026,80260000,80260100,162,405,80270000,69517
2,8027,80270000,80270100,162,405,80280000,69523
2,8028,80280000,80280100,162,405,80290000,69534
2,8029,80290000,80290100,162,405,80300000,69542
2,803,8030000,8030100,162,405,8040000,6952
2,8030,80300000,80300100,162,405,80310000,69551
2,8031,80310000,80310100,162,405,80320000,69559
2,8032,80320000,80320100,162,405,80330000,69570
2,8033,80330000,80330100,162,405,80340000,69576
2,8034,80340000,80340100,162,405,80350000,69586
2,8035,80350000,80350100,162,405,80360000,69594
2,8036,80360000,80360100,162,405,80370000,69604
2,8037,80370000,80370100,162,405,80380000,69612
2,8038,80380000,80380100,162,405,80390000,69619
2,8039,80390000,80390100,162,405,80400000,69627
2,804,8040000,8040100,162,405,8050000,6963
2,8040,80400000,80400100,162,405,80410000,69640
2,8041,80410000,80410100,162,405,80420000,69647
2,8042,80420000,80420100,162,405,80430000,69654
2,8043,80430000,80430100,162,405,80440000,69664
2,8044,80440000,80440100,162,405,80450000,69672
2,8045,80450000,80450100,162,405,80460000,69679
2,8046,80460000,80460100,162,405,80470000,69692
2,8047,80470000,80470100,162,405,80480000,69698
2,8048,80480000,80480100,162,405,80490000,69707
2,8049,80490000,80490100,162,405,80500000,69715
2,805,8050000,8050100,162,405,8060000,6972
2,8050,80500000,80500100,162,405,80510000,69725
2,8051,80510000,80510100,162,405,80520000,69731
2,8052,80520000,80520100,162,405,80530000,69743
2,8053,80530000,80530100,162,405,80540000,69751
2,8054,80540000,80540100,162,405,80550000,69758
2,8055,80550000,80550100,162,405,80560000,69767
2,8056,80560000,80560100,162,405,80570000,69776
2,8057,80570000,80570100,162,405,80580000,69785
2,8058,80580000,80580100,162,405,80590000,69795
2,8059,80590000,80590100,162,405,80600000,69801
2,806,8060000,8060100,162,405,8070000,6979
2,8060,80600000,80600100,162,405,80610000,69812
2,8061,80610000,80610100,162,405,80620000,69820
2,8062,80620000,80620100,162,405,80630000,69827
2,8063,80630000,80630100,162,405,80640000,69834
2,8064,80640000,80640100,162,405,80650000,69848
2,8065,80650000,80650100,162,405,80660000,69855
2,8066,80660000,80660100,162,405,80670000,69862
2,8067,80670000,80670100,162,405,80680000,69872
2,8068,80680000,80680100,162,405,80690000,69881
2,8069,80690000,80690100,162,405,80700000,69887
2,807,8070000,8070100,162,405,8080000,6987
2,8070,80700000,80700100,162,405,80710000,69898
2,8071,80710000,80710100,162,405,80720000,69906
2,8072,80720000,80720100,162,405,80730000,69915
2,8073,80730000,80730100,162,405,80740000,69923
2,8074,80740000,80740100,162,405,80750000,69933
2,8075,80750000,80750100,162,405,80760000,69940
2,8076,80760000,80760100,162,405,80770000,69951
2,8077,80770000,80770100,162,405,80780000,69957
2,8078,80780000,80780100,162,405,80790000,69966
2,8079,80790000,80790100,162,405,80800000,69975
2,808,8080000,8080100,162,405,8090000,6999
2,8080,80800000,80800100,162,405,80810000,69985
2,8081,80810000,80810100,162,405,80820000,69993
2,8082,80820000,80820100,162,405,80830000,70003
2,8083,80830000,80830100,162,405,80840000,70009
2,8084,80840000,80840100,162,405,80850000,70017
2,8085,80850000,80850100,162,405,80860000,70029
2,8086,80860000,80860100,162,405,80870000,70036
2,8087,80870000,80870100,162,405,80880000,70042
2,8088,80880000,80880100,162,405,80890000,70056
2,8089,80890000,80890100,162,405,80900000,70062
2,809,8090000,8090100,162,405,8100000,7005
2,8090,80900000,80900100,162,405,80910000,70071
2,8091,80910000,80910100,162,405,80920000,70079
2,8092,80920000,80920100,162,405,80930000,70089
2,8093,80930000,80930100,162,405,80940000,70095
2,8094,80940000,80940100,162,405,80950000,70105
2,8095,80950000,80950100,162,405,80960000,70114
2,8096,80960000,80960100,162,405,80970000,70124
2,8097,80970000,80970100,162,405,80980000,70132
2,8098,80980000,80980100,162,405,80990000,70139
2,8099,80990000,80990100,162,405,81000000,70147
2,81,810000,810100,162,405,820000,701
2,810,8100000,8100100,162,405,8110000,7016
2,8100,81000000,81000100,162,405,81010000,70159
2,8101,81010000,81010100,162,405,81020000,70166
2,8102,81020000,81020100,162,405,81030000,70175
2,8103,81030000,81030100,162,405,81040000,70183
2,8104,81040000,81040100,162,405,81050000,70192
2,8105,81050000,81050100,162,405,81060000,70199
2,8106,81060000,81060100,162,405,81070000,70211
2,8107,81070000,81070100,162,405,81080000,70218
2,8108,81080000,81080100,162,405,81090000,70226
2,8109,81090000,81090100,162,405,81100000,70236
2,811,8110000,8110100,162,405,8120000,7022
2,8110,81100000,81100100,162,405,81110000,70244
2,8111,81110000,81110100,162,405,81120000,70250
2,8112,81120000,81120100,162,405,81130000,70263
2,8113,81130000,81130100,162,405,81140000,70271
2,8114,81140000,81140100,162,405,81150000,70278
2,8115,81150000,81150100,162,405,81160000,70287
2,8116,81160000,81160100,162,405,81170000,70297
2,8117,81170000,81170100,162,405,81180000,70303
2,8118,81180000,81180100,162,405,81190000,70314
2,8119,81190000,81190100,162,405,81200000,70320
2,812,8120000,8120100,162,405,8130000,7032
2,8120,81200000,81200100,162,405,81210000,70332
2,8121,81210000,81210100,162,405,81220000,70340
2,8122,81220000,81220100,162,405,81230000,70347
2,8123,81230000,81230100,162,405,81240000,70356
2,8124,81240000,81240100,162,405,81250000,70367
2,8125,81250000,81250100,162,405,81260000,70374
2,8126,81260000,81260100,162,405,81270000,70381
2,8127,81270000,81270100,162,405,81280000,70391
2,8128,81280000,81280100,162,405,81290000,70400
2,8129,81290000,81290100,162,405,81300000,70407
2,813,8130000,8130100,162,405,8140000,7040
2,8130,81300000,81300100,162,405,81310000,70420
2,8131,81310000,81310100,162,405,81320000,70426
2,8132,81320000,81320100,162,405,81330000,70434
2,8133,81330000,81330100,162,405,81340000,70442
2,8134,81340000,81340100,162,405,81350000,70452
2,8135,81350000,81350100,162,405,81360000,70459
2,8136,81360000,81360100,162,405,81370000,70471
2,8137,81370000,81370100,162,405,81380000,70479
2,8138,81380000,81380100,162,405,81390000,70486
2,8139,81390000,81390100,162,405,81400000,70494
2,814,8140000,8140100,162,405,8150000,7048
2,8140,81400000,81400100,162,405,81410000,70504
2,8141,81410000,81410100,162,405,81420000,70512
2,8142,81420000,81420100,162,405,81430000,70522
2,8143,81430000,81430100,162,405,81440000,70528
2,8144,81440000,81440100,162,405,81450000,70539
2,8145,81450000,81450100,162,405,81460000,70549
2,8146,81460000,81460100,162,405,81470000,70556
2,8147,81470000,81470100,162,405,81480000,70562
2,8148,81480000,81480100,162,405,81490000,70575
2,8149,81490000,81490100,162,405,81500000,70581
2,815,8150000,8150100,162,405,8160000,7057
2,8150,81500000,81500100,162,405,81510000,70589
2,8151,81510000,81510100,162,405,81520000,70600
2,8152,81520000,81520100,162,405,81530000,70609
2,8153,81530000,81530100,162,405,81540000,70615
2,8154,81540000,81540100,162,405,81550000,70625
2,8155,81550000,81550100,162,405,81560000,70634
2,8156,81560000,81560100,162,405,81570000,70643
2,8157,81570000,81570100,162,405,81580000,70651
2,8158,81580000,81580100,162,405,81590000,70660
2,8159,81590000,81590100,162,405,81600000,70666
2,816,8160000,8160100,162,405,8170000,7069
2,8160,81600000,81600100,162,405,81610000,70679
2,8161,81610000,81610100,162,405,81620000,70685
2,8162,81620000,81620100,162,405,81630000,70695
2,8163,81630000,81630100,162,405,81640000,70703
2,8164,81640000,81640100,162,405,81650000,70711
2,8165,81650000,81650100,162,405,81660000,70720
2,8166,81660000,81660100,162,405,81670000,70730
2,8167,81670000,81670100,162,405,81680000,70737
2,8168,81680000,81680100,162,405,81690000,70746
2,8169,81690000,81690100,162,405,81700000,70756
2,817,8170000,8170100,162,405,8180000,7075
2,8170,81700000,81700100,162,405,81710000,70764
2,8171,81710000,81710100,162,405,81720000,70770
2,8172,81720000,81720100,162,405,81730000,70783
2,8173,81730000,81730100,162,405,81740000,70790
2,8174,81740000,81740100,162,405,81750000,70797
2,8175,81750000,81750100,162,405,81760000,70806
2,8176,81760000,81760100,162,405,81770000,70817
2,8177,81770000,81770100,162,405,81780000,70823
2,8178,81780000,81780100,162,405,81790000,70834
2,8179,81790000,81790100,162,405,81800000,70842
2,818,8180000,8180100,162,405,8190000,7082
2,8180,81800000,81800100,162,405,81810000,70851
2,8181,81810000,81810100,162,405,81820000,70859
2,8182,81820000,81820100,162,405,81830000,70866
2,8183,81830000,81830100,162,405,81840000,70874
2,8184,81840000,81840100,162,405,81850000,70887
2,8185,81850000,81850100,162,405,81860000,70894
2,8186,81860000,81860100,162,405,81870000,70903
2,8187,81870000,81870100,162,405,81880000,70911
2,8188,81880000,81880100,162,405,81890000,70919
2,8189,81890000,81890100,162,405,81900000,70926
2,819,8190000,8190100,162,405,8200000,7093
2,8190,81900000,81900100,162,405,81910000,70939
2,8191,81910000,81910100,162,405,81920000,70945
2,8192,81920000,81920100,162,405,81930000,70954
2,8193,81930000,81930100,162,405,81940000,70964
2,8194,81940000,81940100,162,405,81950000,70971
2,8195,81950000,81950100,162,405,81960000,70979
2,8196,81960000,81960100,162,405,81970000,70990
2,8197,81970000,81970100,162,405,81980000,70998
2,8198,81980000,81980100,162,405,81990000,71005
2,8199,81990000,81990100,162,405,82000000,71013
2,82,820000,820100,162,405,830000,709
2,820,8200000,8200100,162,405,8210000,7102
2,8200,82000000,82000100,162,405,82010000,71026
2,8201,82010000,82010100,162,405,82020000,71032
2,8202,82020000,82020100,162,405,82030000,71042
2,8203,82030000,82030100,162,405,82040000,71048
2,8204,82040000,82040100,162,405,82050000,71058
2,8205,82050000,82050100,162,405,82060000,71067
2,8206,82060000,82060100,162,405,82070000,71075
2,8207,82070000,82070100,162,405,82080000,71083
2,8208,82080000,82080100,162,405,82090000,71095
2,8209,82090000,82090100,162,405,82100000,71101
2,821,8210000,8210100,162,405,8220000,7108
2,8210,82100000,82100100,162,405,82110000,71109
2,8211,82110000,82110100,162,405,82120000,71120
2,8212,82120000,82120100,162,405,82130000,71128
2,8213,82130000,82130100,162,405,82140000,71134
2,8214,82140000,82140100,162,405,82150000,71146
2,8215,82150000,82150100,162,405,82160000,71153
2,8216,82160000,82160100,162,405,82170000,71162
2,8217,82170000,82170100,162,405,82180000,71171
2,8218,82180000,82180100,162,405,82190000,71180
2,8219,82190000,82190100,162,405,82200000,71186
2,822,8220000,8220100,162,405,8230000,7120
2,8220,82200000,82200100,162,405,82210000,71198
2,8221,82210000,82210100,162,405,82220000,71206
2,8222,82220000,82220100,162,405,82230000,71214
2,8223,82230000,82230100,162,405,82240000,71222
2,8224,82240000,82240100,162,405,82250000,71231
2,8225,82250000,82250100,162,405,82260000,71240
2,8226,82260000,82260100,162,405,82270000,71250
2,8227,82270000,82270100,162,405,82280000,71256
2,8228,82280000,82280100,162,405,82290000,71267
2,8229,82290000,82290100,162,405,82300000,71275
2,823,8230000,8230100,162,405,8240000,7126
2,8230,82300000,82300100,162,405,82310000,71283
2,8231,82310000,82310100,162,405,82320000,71289
2,8232,82320000,82320100,162,405,82330000,71303
2,8233,82330000,82330100,162,405,82340000,71310
2,8234,82340000,82340100,162,405,82350000,71317
2,8235,82350000,82350100,162,405,82360000,71328
2,8236,82360000,82360100,162,405,82370000,71336
2,8237,82370000,82370100,162,405,82380000,71342
2,8238,82380000,82380100,162,405,82390000,71352
2,8239,82390000,82390100,162,405,82400000,71361
2,824,8240000,8240100,162,405,8250000,7135
2,8240,82400000,82400100,162,405,82410000,71371
2,8241,82410000,82410100,162,405,82420000,71379
2,8242,82420000,82420100,162,405,82430000,71388
2,8243,82430000,82430100,162,405,82440000,71394
2,8244,82440000,82440100,162,405,82450000,71406
2,8245,82450000,82450100,162,405,82460000,71413
2,8246,82460000,82460100,162,405,82470000,71422
2,8247,82470000,82470100,162,405,82480000,71430
2,8248,82480000,82480100,162,405,82490000,71439
2,8249,82490000,82490100,162,405,82500000,71447
2,825,8250000,8250100,162,405,8260000,7145
2,8250,82500000,82500100,162,405,82510000,71459
2,8251,82510000,82510100,162,405,82520000,71465
2,8252,82520000,82520100,162,405,82530000,71473
2,8253,82530000,82530100,162,405,82540000,71483
2,8254,82540000,82540100,162,405,82550000,71490
2,8255,82550000,82550100,162,405,82560000,71498
2,8256,82560000,82560100,162,405,82570000,71512
2,8257,82570000,82570100,162,405,82580000,71518
2,8258,82580000,82580100,162,405,82590000,71525
2,8259,82590000,82590100,162,405,82600000,71533
2,826,8260000,8260100,162,405,8270000,7154
2,8260,82600000,82600100,162,405,82610000,71544
2,8261,82610000,82610100,162,405,82620000,71551
2,8262,82620000,82620100,162,405,82630000,71561
2,8263,82630000,82630100,162,405,82640000,71569
2,8264,82640000,82640100,162,405,82650000,71578
2,8265,82650000,82650100,162,405,82660000,71587
2,8266,82660000,82660100,162,405,82670000,71595
2,8267,82670000,82670100,162,405,82680000,71603
2,8268,82680000,82680100,162,405,82690000,71614
2,8269,82690000,82690100,162,405,82700000,71620
2,827,8270000,8270100,162,405,8280000,7160
2,8270,82700000,82700100,162,405,82710000,71630
2,8271,82710000,82710100,162,405,82720000,71638
2,8272,82720000,82720100,162,405,82730000,71648
2,8273,82730000,82730100,162,405,82740000,71654
2,8274,82740000,82740100,162,405,82750000,71666
2,8275,82750000,82750100,162,405,82760000,71673
2,8276,82760000,82760100,162,405,82770000,71681
2,8277,82770000,82770100,162,405,82780000,71692
2,8278,82780000,82780100,162,405,82790000,71699
2,8279,82790000,82790100,162,405,82800000,71705
2,828,8280000,8280100,162,405,8290000,7171
2,8280,82800000,82800100,162,405,82810000,71718
2,8281,82810000,82810100,162,405,82820000,71726
2,8282,82820000,82820100,162,405,82830000,71733
2,8283,82830000,82830100,162,405,82840000,71742
2,8284,82840000,82840100,162,405,82850000,71752
2,8285,82850000,82850100,162,405,82860000,71759
2,8286,82860000,82860100,162,405,82870000,71769
2,8287,82870000,82870100,162,405,82880000,71775
2,8288,82880000,82880100,162,405,82890000,71787
2,8289,82890000,82890100,162,405,82900000,71795
2,829,8290000,8290100,162,405,8300000,7179
2,8290,82900000,82900100,162,405,82910000,71803
2,8291,82910000,82910100,162,405,82920000,71811
2,8292,82920000,82920100,162,405,82930000,71822
2,8293,82930000,82930100,162,405,82940000,71828
2,8294,82940000,82940100,162,405,82950000,71836
2,8295,82950000,82950100,162,405,82960000,71847
2,8296,82960000,82960100,162,405,82970000,71856
2,8297,82970000,82970100,162,405,82980000,71862
2,8298,82980000,82980100,162,405,82990000,71874
2,8299,82990000,82990100,162,405,83000000,71881
2,83,830000,830100,162,405,840000,715
2,830,8300000,8300100,162,405,8310000,7188
2,8300,83000000,83000100,162,405,83010000,71890
2,8301,83010000,83010100,162,405,83020000,71898
2,8302,83020000,83020100,162,405,83030000,71907
2,8303,83030000,83030100,162,405,83040000,71913
2,8304,83040000,83040100,162,405,83050000,71925
2,8305,83050000,83050100,162,405,83060000,71935
2,8306,83060000,83060100,162,405,83070000,71942
2,8307,83070000,83070100,162,405,83080000,71950
2,8308,83080000,83080100,162,405,83090000,71958
2,8309,83090000,83090100,162,405,83100000,71966
2,831,8310000,8310100,162,405,8320000,7196
2,8310,83100000,83100100,162,405,83110000,71978
2,8311,83110000,83110100,162,405,83120000,71984
2,8312,83120000,83120100,162,405,83130000,71995
2,8313,83130000,83130100,162,405,83140000,72003
2,8314,83140000,83140100,162,405,83150000,72010
2,8315,83150000,83150100,162,405,83160000,72017
2,8316,83160000,83160100,162,405,83170000,72031
2,8317,83170000,83170100,162,405,83180000,72037
2,8318,83180000,83180100,162,405,83190000,72044
2,8319,83190000,83190100,162,405,83200000,72054
2,832,8320000,8320100,162,405,8330000,7205
2,8320,83200000,83200100,162,405,83210000,72064
2,8321,83210000,83210100,162,405,83220000,72071
2,8322,83220000,83220100,162,405,83230000,72081
2,8323,83230000,83230100,162,405,83240000,72089
2,8324,83240000,83240100,162,405,83250000,72097
2,8325,83250000,83250100,162,405,83260000,72106
2,8326,83260000,83260100,162,405,83270000,72115
2,8327,83270000,83270100,162,405,83280000,72122
2,8328,83280000,83280100,162,405,83290000,72134
2,8329,83290000,83290100,162,405,83300000,72140
2,833,8330000,8330100,162,405,8340000,7213
2,8330,83300000,83300100,162,405,83310000,72150
2,8331,83310000,83310100,162,405,83320000,72158
2,8332,83320000,83320100,162,405,83330000,72167
2,8333,83330000,83330100,162,405,83340000,72175
2,8334,83340000,83340100,162,405,83350000,72185
2,8335,83350000,83350100,162,405,83360000,72192
2,8336,83360000,83360100,162,405,83370000,72201
2,8337,83370000,83370100,162,405,83380000,72211
2,8338,83380000,83380100,162,405,83390000,72219
2,8339,83390000,83390100,162,405,83400000,72225
2,834,8340000,8340100,162,405,8350000,7223
2,8340,83400000,83400100,162,405,83410000,72239
2,8341,83410000,83410100,162,405,83420000,72245
2,8342,83420000,83420100,162,405,83430000,72252
2,8343,83430000,83430100,162,405,83440000,72261
2,8344,83440000,83440100,162,405,83450000,72272
2,8345,83450000,83450100,162,405,83460000,72279
2,8346,83460000,83460100,162,405,83470000,72289
2,8347,83470000,83470100,162,405,83480000,72297
2,8348,83480000,83480100,162,405,83490000,72305
2,8349,83490000,83490100,162,405,83500000,72314
2,835,8350000,8350100,162,405,8360000,7230
2,8350,83500000,83500100,162,405,83510000,72322
2,8351,83510000,83510100,162,405,83520000,72330
2,8352,83520000,83520100,162,405,83530000,72342
2,8353,83530000,83530100,162,405,83540000,72348
2,8354,83540000,83540100,162,405,83550000,72358
2,8355,83550000,83550100,162,405,83560000,72367
2,8356,83560000,83560100,162,405,83570000,72375
2,8357,83570000,83570100,162,405,83580000,72381
2,8358,83580000,83580100,162,405,83590000,72393
2,8359,83590000,83590100,162,405,83600000,72399
2,836,8360000,8360100,162,405,8370000,7241
2,8360,83600000,83600100,162,405,83610000,72410
2,8361,83610000,83610100,162,405,83620000,72420
2,8362,83620000,83620100,162,405,83630000,72427
2,8363,83630000,83630100,162,405,83640000,72433
2,8364,83640000,83640100,162,405,83650000,72444
2,8365,83650000,83650100,162,405,83660000,72454
2,8366,83660000,83660100,162,405,83670000,72461
2,8367,83670000,83670100,162,405,83680000,72469
2,8368,83680000,83680100,162,405,83690000,72480
2,8369,83690000,83690100,162,405,83700000,72486
2,837,8370000,8370100,162,405,8380000,7249
2,8370,83700000,83700100,162,405,83710000,72497
2,8371,83710000,83710100,162,405,83720000,72504
2,8372,83720000,83720100,162,405,83730000,72514
2,8373,83730000,83730100,162,405,83740000,72522
2,8374,83740000,83740100,162,405,83750000,72529
2,8375,83750000,83750100,162,405,83760000,72538
2,8376,83760000,83760100,162,405,83770000,72551
2,8377,83770000,83770100,162,405,83780000,72557
2,8378,83780000,83780100,162,405,83790000,72564
2,8379,83790000,83790100,162,405,83800000,72574
2,838,8380000,8380100,162,405,8390000,7256
2,8380,83800000,83800100,162,405,83810000,72583
2,8381,83810000,83810100,162,405,83820000,72589
2,8382,83820000,83820100,162,405,83830000,72602
2,8383,83830000,83830100,162,405,83840000,72608
2,8384,83840000,83840100,162,405,83850000,72617
2,8385,83850000,83850100,162,405,83860000,72626
2,8386,83860000,83860100,162,405,83870000,72635
2,8387,83870000,83870100,162,405,83880000,72642
2,8388,83880000,83880100,162,405,83890000,72653
2,8389,83890000,83890100,162,405,83900000,72661
2,839,8390000,8390100,162,405,8400000,7262
2,8390,83900000,83900100,162,405,83910000,72669
2,8391,83910000,83910100,162,405,83920000,72677
2,8392,83920000,83920100,162,405,83930000,72686
2,8393,83930000,83930100,162,405,83940000,72695
2,8394,83940000,83940100,162,405,83950000,72705
2,8395,83950000,83950100,162,405,83960000,72712
2,8396,83960000,83960100,162,405,83970000,72722
2,8397,83970000,83970100,162,405,83980000,72730
2,8398,83980000,83980100,162,405,83990000,72738
2,8399,83990000,83990100,162,405,84000000,72744
2,84,840000,840100,162,405,850000,728
2,840,8400000,8400100,162,405,8410000,7277
2,8400,84000000,84000100,162,405,84010000,72759
2,8401,84010000,84010100,162,405,84020000,72765
2,8402,84020000,84020100,162,405,84030000,72772
2,8403,84030000,84030100,162,405,84040000,72782
2,8404,84040000,84040100,162,405,84050000,72791
2,8405,84050000,84050100,162,405,84060000,72798
2,8406,84060000,84060100,162,405,84070000,72808
2,8407,84070000,84070100,162,405,84080000,72816
2,8408,84080000,84080100,162,405,84090000,72825
2,8409,84090000,84090100,162,405,84100000,72834
2,841,8410000,8410100,162,405,8420000,7284
2,8410,84100000,84100100,162,405,84110000,72844
2,8411,84110000,84110100,162,405,84120000,72850
2,8412,84120000,84120100,162,405,84130000,72861
2,8413,84130000,84130100,162,405,84140000,72867
2,8414,84140000,84140100,162,405,84150000,72876
2,8415,84150000,84150100,162,405,84160000,72886
2,8416,84160000,84160100,162,405,84170000,72895
2,8417,84170000,84170100,162,405,84180000,72903
2,8418,84180000,84180100,162,405,84190000,72913
2,8419,84190000,84190100,162,405,84200000,72919
2,842,8420000,8420100,162,405,8430000,7291
2,8420,84200000,84200100,162,405,84210000,72929
2,8421,84210000,84210100,162,405,84220000,72939
2,8422,84220000,84220100,162,405,84230000,72946
2,8423,84230000,84230100,162,405,84240000,72952
2,8424,84240000,84240100,162,405,84250000,72966
2,8425,84250000,84250100,162,405,84260000,72973
2,8426,84260000,84260100,162,405,84270000,72981
2,8427,84270000,84270100,162,405,84280000,72989
2,8428,84280000,84280100,162,405,84290000,72999
2,8429,84290000,84290100,162,405,84300000,73005
2,843,8430000,8430100,162,405,8440000,7301
2,8430,84300000,84300100,162,405,84310000,73016
2,8431,84310000,84310100,162,405,84320000,73025
2,8432,84320000,84320100,162,405,84330000,73034
2,8433,84330000,84330100,162,405,84340000,73042
2,8434,84340000,84340100,162,405,84350000,73049
2,8435,84350000,84350100,162,405,84360000,73058
2,8436,84360000,84360100,162,405,84370000,73069
2,8437,84370000,84370100,162,405,84380000,73076
2,8438,84380000,84380100,162,405,84390000,73085
2,8439,84390000,84390100,162,405,84400000,73093
2,844,8440000,8440100,162,405,8450000,7309
2,8440,84400000,84400100,162,405,84410000,73103
2,8441,84410000,84410100,162,405,84420000,73109
2,8442,84420000,84420100,162,405,84430000,73122
2,8443,84430000,84430100,162,405,84440000,73128
2,8444,84440000,84440100,162,405,84450000,73136
2,8445,84450000,84450100,162,405,84460000,73147
2,8446,84460000,84460100,162,405,84470000,73154
2,8447,84470000,84470100,162,405,84480000,73160
2,8448,84480000,84480100,162,405,84490000,73173
2,8449,84490000,84490100,162,405,84500000,73181
2,845,8450000,8450100,162,405,8460000,7316
2,8450,84500000,84500100,162,405,84510000,73189
2,8451,84510000,84510100,162,405,84520000,73197
2,8452,84520000,84520100,162,405,84530000,73207
2,8453,84530000,84530100,162,405,84540000,73214
2,8454,84540000,84540100,162,405,84550000,73224
2,8455,84550000,84550100,162,405,84560000,73231
2,8456,84560000,84560100,162,405,84570000,73242
2,8457,84570000,84570100,162,405,84580000,73250
2,8458,84580000,84580100,162,405,84590000,73257
2,8459,84590000,84590100,162,405,84600000,73266
2,846,8460000,8460100,162,405,8470000,7326
2,8460,84600000,84600100,162,405,84610000,73278
2,8461,84610000,84610100,162,405,84620000,73284
2,8462,84620000,84620100,162,405,84630000,73291
2,8463,84630000,84630100,162,405,84640000,73301
2,8464,84640000,84640100,162,405,84650000,73311
2,8465,84650000,84650100,162,405,84660000,73318
2,8466,84660000,84660100,162,405,84670000,73330
2,8467,84670000,84670100,162,405,84680000,73336
2,8468,84680000,84680100,162,405,84690000,73344
2,8469,84690000,84690100,162,405,84700000,73352
2,847,8470000,8470100,162,405,8480000,7335
2,8470,84700000,84700100,162,405,84710000,73363
2,8471,84710000,84710100,162,405,84720000,73369
2,8472,84720000,84720100,162,405,84730000,73381
2,8473,84730000,84730100,162,405,84740000,73389
2,8474,84740000,84740100,162,405,84750000,73396
2,8475,84750000,84750100,162,405,84760000,73406
2,8476,84760000,84760100,162,405,84770000,73414
2,8477,84770000,84770100,162,405,84780000,73422
2,8478,84780000,84780100,162,405,84790000,73432
2,8479,84790000,84790100,162,405,84800000,73438
2,848,8480000,8480100,162,405,8490000,7344
2,8480,84800000,84800100,162,405,84810000,73450
2,8481,84810000,84810100,162,405,84820000,73459
2,8482,84820000,84820100,162,405,84830000,73466
2,8483,84830000,84830100,162,405,84840000,73472
2,8484,84840000,84840100,162,405,84850000,73485
2,8485,84850000,84850100,162,405,84860000,73492
2,8486,84860000,84860100,162,405,84870000,73500
2,8487,84870000,84870100,162,405,84880000,73510
2,8488,84880000,84880100,162,405,84890000,73519
2,8489,84890000,84890100,162,405,84900000,73525
2,849,8490000,8490100,162,405,8500000,7352
2,8490,84900000,84900100,162,405,84910000,73536
2,8491,84910000,84910100,162,405,84920000,73544
2,8492,84920000,84920100,162,405,84930000,73553
2,8493,84930000,84930100,162,405,84940000,73561
2,8494,84940000,84940100,162,405,84950000,73570
2,8495,84950000,84950100,162,405,84960000,73577
2,8496,84960000,84960100,162,405,84970000,73589
2,8497,84970000,84970100,162,405,84980000,73596
2,8498,84980000,84980100,162,405,84990000,73605
2,8499,84990000,84990100,162,405,85000000,73613
2,85,850000,850100,162,405,860000,735
2,850,8500000,8500100,162,405,8510000,7362
2,8500,85000000,85000100,162,405,85010000,73622
2,8501,85010000,85010100,162,405,85020000,73630
2,8502,85020000,85020100,162,405,85030000,73640
2,8503,85030000,85030100,162,405,85040000,73647
2,8504,85040000,85040100,162,405,85050000,73656
2,8505,85050000,85050100,162,405,85060000,73667
2,8506,85060000,85060100,162,405,85070000,73674
2,8507,85070000,85070100,162,405,85080000,73680
2,8508,85080000,85080100,162,405,85090000,73694
2,8509,85090000,85090100,162,405,85100000,73700
2,851,8510000,8510100,162,405,8520000,7368
2,8510,85100000,85100100,162,405,85110000,73708
2,8511,85110000,85110100,162,405,85120000,73716
2,8512,85120000,85120100,162,405,85130000,73727
2,8513,85130000,85130100,162,405,85140000,73733
2,8514,85140000,85140100,162,405,85150000,73744
2,8515,85150000,85150100,162,405,85160000,73753
2,8516,85160000,85160100,162,405,85170000,73761
2,8517,85170000,85170100,162,405,85180000,73769
2,8518,85180000,85180100,162,405,85190000,73776
2,8519,85190000,85190100,162,405,85200000,73785
2,852,8520000,8520100,162,405,8530000,7380
2,8520,85200000,85200100,162,405,85210000,73798
2,8521,85210000,85210100,162,405,85220000,73804
2,8522,85220000,85220100,162,405,85230000,73813
2,8523,85230000,85230100,162,405,85240000,73821
2,8524,85240000,85240100,162,405,85250000,73829
2,8525,85250000,85250100,162,405,85260000,73837
2,8526,85260000,85260100,162,405,85270000,73849
2,8527,85270000,85270100,162,405,85280000,73855
2,8528,85280000,85280100,162,405,85290000,73864
2,8529,85290000,85290100,162,405,85300000,73874
2,853,8530000,8530100,162,405,8540000,7386
2,8530,85300000,85300100,162,405,85310000,73883
2,8531,85310000,85310100,162,405,85320000,73889
2,8532,85320000,85320100,162,405,85330000,73900
2,8533,85330000,85330100,162,405,85340000,73908
2,8534,85340000,85340100,162,405,85350000,73915
2,8535,85350000,85350100,162,405,85360000,73924
2,8536,85360000,85360100,162,405,85370000,73936
2,8537,85370000,85370100,162,405,85380000,73942
2,8538,85380000,85380100,162,405,85390000,73952
2,8539,85390000,85390100,162,405,85400000,73958
2,854,8540000,8540100,162,405,8550000,7395
2,8540,85400000,85400100,162,405,85410000,73969
2,8541,85410000,85410100,162,405,85420000,73978
2,8542,85420000,85420100,162,405,85430000,73985
2,8543,85430000,85430100,162,405,85440000,73993
2,8544,85440000,85440100,162,405,85450000,74005
2,8545,85450000,85450100,162,405,85460000,74012
2,8546,85460000,85460100,162,405,85470000,74019
2,8547,85470000,85470100,162,405,85480000,74030
2,8548,85480000,85480100,162,405,85490000,74038
2,8549,85490000,85490100,162,405,85500000,74044
2,855,8550000,8550100,162,405,8560000,7404
2,8550,85500000,85500100,162,405,85510000,74057
2,8551,85510000,85510100,162,405,85520000,74063
2,8552,85520000,85520100,162,405,85530000,74073
2,8553,85530000,85530100,162,405,85540000,74081
2,8554,85540000,85540100,162,405,85550000,74090
2,8555,85550000,85550100,162,405,85560000,74097
2,8556,85560000,85560100,162,405,85570000,74108
2,8557,85570000,85570100,162,405,85580000,74116
2,8558,85580000,85580100,162,405,85590000,74124
2,8559,85590000,85590100,162,405,85600000,74132
2,856,8560000,8560100,162,405,8570000,7413
2,8560,85600000,85600100,162,405,85610000,74142
2,8561,85610000,85610100,162,405,85620000,74150
2,8562,85620000,85620100,162,405,85630000,74160
2,8563,85630000,85630100,162,405,85640000,74167
2,8564,85640000,85640100,162,405,85650000,74177
2,8565,85650000,85650100,162,405,85660000,74186
2,8566,85660000,85660100,162,405,85670000,74193
2,8567,85670000,85670100,162,405,85680000,74199
2,8568,85680000,85680100,162,405,85690000,74213
2,8569,85690000,85690100,162,405,85700000,74220
2,857,8570000,8570100,162,405,8580000,7421
2,8570,85700000,85700100,162,405,85710000,74228
2,8571,85710000,85710100,162,405,85720000,74238
2,8572,85720000,85720100,162,405,85730000,74246
2,8573,85730000,85730100,162,405,85740000,74252
2,8574,85740000,85740100,162,405,85750000,74263
2,8575,85750000,85750100,162,405,85760000,74272
2,8576,85760000,85760100,162,405,85770000,74281
2,8577,85770000,85770100,162,405,85780000,74289
2,8578,85780000,85780100,162,405,85790000,74298
2,8579,85790000,85790100,162,405,85800000,74304
2,858,8580000,8580100,162,405,8590000,7432
2,8580,85800000,85800100,162,405,85810000,74317
2,8581,85810000,85810100,162,405,85820000,74323
2,8582,85820000,85820100,162,405,85830000,74332
2,8583,85830000,85830100,162,405,85840000,74340
2,8584,85840000,85840100,162,405,85850000,74349
2,8585,85850000,85850100,162,405,85860000,74359
2,8586,85860000,85860100,162,405,85870000,74369
2,8587,85870000,85870100,162,405,85880000,74375
2,8588,85880000,85880100,162,405,85890000,74383
2,8589,85890000,85890100,162,405,85900000,74393
2,859,8590000,8590100,162,405,8600000,7438
2,8590,85900000,85900100,162,405,85910000,74401
2,8591,85910000,85910100,162,405,85920000,74408
2,8592,85920000,85920100,162,405,85930000,74422
2,8593,85930000,85930100,162,405,85940000,74428
2,8594,85940000,85940100,162,405,85950000,74435
2,8595,85950000,85950100,162,405,85960000,74444
2,8596,85960000,85960100,162,405,85970000,74455
2,8597,85970000,85970100,162,405,85980000,74461
2,8598,85980000,85980100,162,405,85990000,74471
2,8599,85990000,85990100,162,405,86000000,74479
2,86,860000,860100,162,405,870000,742
2,860,8600000,8600100,162,405,8610000,7447
2,8600,86000000,86000100,162,405,86010000,74489
2,8601,86010000,86010100,162,405,86020000,74497
2,8602,86020000,86020100,162,405,86030000,74505
2,8603,86030000,86030100,162,405,86040000,74513
2,8604,86040000,86040100,162,405,86050000,74524
2,8605,86050000,86050100,162,405,86060000,74531
2,8606,86060000,86060100,162,405,86070000,74540
2,8607,86070000,86070100,162,405,86080000,74549
2,8608,86080000,86080100,162,405,86090000,74558
2,8609,86090000,86090100,162,405,86100000,74564
2,861,8610000,8610100,162,405,8620000,7457
2,8610,86100000,86100100,162,405,86110000,74577
2,8611,86110000,86110100,162,405,86120000,74583
2,8612,86120000,86120100,162,405,86130000,74591
2,8613,86130000,86130100,162,405,86140000,74602
2,8614,86140000,86140100,162,405,86150000,74609
2,8615,86150000,86150100,162,405,86160000,74616
2,8616,86160000,86160100,162,405,86170000,74628
2,8617,86170000,86170100,162,405,86180000,74636
2,8618,86180000,86180100,162,405,86190000,74644
2,8619,86190000,86190100,162,405,86200000,74652
2,862,8620000,8620100,162,405,8630000,7464
2,8620,86200000,86200100,162,405,86210000,74663
2,8621,86210000,86210100,162,405,86220000,74669
2,8622,86220000,86220100,162,405,86230000,74679
2,8623,86230000,86230100,162,405,86240000,74685
2,8624,86240000,86240100,162,405,86250000,74697
2,8625,86250000,86250100,162,405,86260000,74706
2,8626,86260000,86260100,162,405,86270000,74713
2,8627,86270000,86270100,162,405,86280000,74721
2,8628,86280000,86280100,162,405,86290000,74732
2,8629,86290000,86290100,162,405,86300000,74739
2,863,8630000,8630100,162,405,8640000,7471
2,8630,86300000,86300100,162,405,86310000,74747
2,8631,86310000,86310100,162,405,86320000,74757
2,8632,86320000,86320100,162,405,86330000,74766
2,8633,86330000,86330100,162,405,86340000,74772
2,8634,86340000,86340100,162,405,86350000,74784
2,8635,86350000,86350100,162,405,86360000,74792
2,8636,86360000,86360100,162,405,86370000,74800
2,8637,86370000,86370100,162,405,86380000,74808
2,8638,86380000,86380100,162,405,86390000,74817
2,8639,86390000,86390100,162,405,86400000,74823
2,864,8640000,8640100,162,405,8650000,7485
2,8640,86400000,86400100,162,405,86410000,74837
2,8641,86410000,86410100,162,405,86420000,74845
2,8642,86420000,86420100,162,405,86430000,74852
2,8643,86430000,86430100,162,405,86440000,74860
2,8644,86440000,86440100,162,405,86450000,74868
2,8645,86450000,86450100,162,405,86460000,74877
2,8646,86460000,86460100,162,405,86470000,74888
2,8647,86470000,86470100,162,405,86480000,74894
2,8648,86480000,86480100,162,405,86490000,74905
2,8649,86490000,86490100,162,405,86500000,74913
2,865,8650000,8650100,162,405,8660000,7492
2,8650,86500000,86500100,162,405,86510000,74921
2,8651,86510000,86510100,162,405,86520000,74928
2,8652,86520000,86520100,162,405,86530000,74941
2,8653,86530000,86530100,162,405,86540000,74947
2,8654,86540000,86540100,162,405,86550000,74954
2,8655,86550000,86550100,162,405,86560000,74965
2,8656,86560000,86560100,162,405,86570000,74974
2,8657,86570000,86570100,162,405,86580000,74981
2,8658,86580000,86580100,162,405,86590000,74991
2,8659,86590000,86590100,162,405,86600000,74999
2,866,8660000,8660100,162,405,8670000,7499
2,8660,86600000,86600100,162,405,86610000,75008
2,8661,86610000,86610100,162,405,86620000,75016
2,8662,86620000,86620100,162,405,86630000,75026
2,8663,86630000,86630100,162,405,86640000,75032
2,8664,86640000,86640100,162,405,86650000,75044
2,8665,86650000,86650100,162,405,86660000,75051
2,8666,86660000,86660100,162,405,86670000,75060
2,8667,86670000,86670100,162,405,86680000,75068
2,8668,86680000,86680100,162,405,86690000,75077
2,8669,86690000,86690100,162,405,86700000,75085
2,867,8670000,8670100,162,405,8680000,7507
2,8670,86700000,86700100,162,405,86710000,75096
2,8671,86710000,86710100,162,405,86720000,75102
2,8672,86720000,86720100,162,405,86730000,75111
2,8673,86730000,86730100,162,405,86740000,75122
2,8674,86740000,86740100,162,405,86750000,75129
2,8675,86750000,86750100,162,405,86760000,75136
2,8676,86760000,86760100,162,405,86770000,75149
2,8677,86770000,86770100,162,405,86780000,75155
2,8678,86780000,86780100,162,405,86790000,75162
2,8679,86790000,86790100,162,405,86800000,75171
2,868,8680000,8680100,162,405,8690000,7517
2,8680,86800000,86800100,162,405,86810000,75183
2,8681,86810000,86810100,162,405,86820000,75189
2,8682,86820000,86820100,162,405,86830000,75199
2,8683,86830000,86830100,162,405,86840000,75207
2,8684,86840000,86840100,162,405,86850000,75216
2,8685,86850000,86850100,162,405,86860000,75225
2,8686,86860000,86860100,162,405,86870000,75232
2,8687,86870000,86870100,162,405,86880000,75240
2,8688,86880000,86880100,162,405,86890000,75252
2,8689,86890000,86890100,162,405,86900000,75258
2,869,8690000,8690100,162,405,8700000,7524
2,8690,86900000,86900100,162,405,86910000,75269
2,8691,86910000,86910100,162,405,86920000,75277
2,8692,86920000,86920100,162,405,86930000,75285
2,8693,86930000,86930100,162,405,86940000,75291
2,8694,86940000,86940100,162,405,86950000,75303
2,8695,86950000,86950100,162,405,86960000,75311
2,8696,86960000,86960100,162,405,86970000,75320
2,8697,86970000,86970100,162,405,86980000,75330
2,8698,86980000,86980100,162,405,86990000,75337
2,8699,86990000,86990100,162,405,87000000,75343
2,87,870000,870100,162,405,880000,752
2,870,8700000,8700100,162,405,8710000,7535
2,8700,87000000,87000100,162,405,87010000,75355
2,8701,87010000,87010100,162,405,87020000,75364
2,8702,87020000,87020100,162,405,87030000,75371
2,8703,87030000,87030100,162,405,87040000,75379
2,8704,87040000,87040100,162,405,87050000,75390
2,8705,87050000,87050100,162,405,87060000,75397
2,8706,87060000,87060100,162,405,87070000,75408
2,8707,87070000,87070100,162,405,87080000,75414
2,8708,87080000,87080100,162,405,87090000,75424
2,8709,87090000,87090100,162,405,87100000,75432
2,871,8710000,8710100,162,405,8720000,7543
2,8710,87100000,87100100,162,405,87110000,75440
2,8711,87110000,87110100,162,405,87120000,75448
2,8712,87120000,87120100,162,405,87130000,75461
2,8713,87130000,87130100,162,405,87140000,75467
2,8714,87140000,87140100,162,405,87150000,75474
2,8715,87150000,87150100,162,405,87160000,75485
2,8716,87160000,87160100,162,405,87170000,75493
2,8717,87170000,87170100,162,405,87180000,75500
2,8718,87180000,87180100,162,405,87190000,75512
2,8719,87190000,87190100,162,405,87200000,75518
2,872,8720000,8720100,162,405,8730000,7552
2,8720,87200000,87200100,162,405,87210000,75528
2,8721,87210000,87210100,162,405,87220000,75536
2,8722,87220000,87220100,162,405,87230000,75545
2,8723,87230000,87230100,162,405,87240000,75552
2,8724,87240000,87240100,162,405,87250000,75563
2,8725,87250000,87250100,162,405,87260000,75572
2,8726,87260000,87260100,162,405,87270000,75579
2,8727,87270000,87270100,162,405,87280000,75587
2,8728,87280000,87280100,162,405,87290000,75597
2,8729,87290000,87290100,162,405,87300000,75605
2,873,8730000,8730100,162,405,8740000,7560
2,8730,87300000,87300100,162,405,87310000,75616
2,8731,87310000,87310100,162,405,87320000,75622
2,8732,87320000,87320100,162,405,87330000,75632
2,8733,87330000,87330100,162,405,87340000,75640
2,8734,87340000,87340100,162,405,87350000,75648
2,8735,87350000,87350100,162,405,87360000,75655
2,8736,87360000,87360100,162,405,87370000,75669
2,8737,87370000,87370100,162,405,87380000,75675
2,8738,87380000,87380100,162,405,87390000,75682
2,8739,87390000,87390100,162,405,87400000,75693
2,874,8740000,8740100,162,405,8750000,7568
2,8740,87400000,87400100,162,405,87410000,75702
2,8741,87410000,87410100,162,405,87420000,75708
2,8742,87420000,87420100,162,405,87430000,75718
2,8743,87430000,87430100,162,405,87440000,75726
2,8744,87440000,87440100,162,405,87450000,75735
2,8745,87450000,87450100,162,405,87460000,75745
2,8746,87460000,87460100,162,405,87470000,75754
2,8747,87470000,87470100,162,405,87480000,75760
2,8748,87480000,87480100,162,405,87490000,75771
2,8749,87490000,87490100,162,405,87500000,75777
2,875,8750000,8750100,162,405,8760000,7577
2,8750,87500000,87500100,162,405,87510000,75788
2,8751,87510000,87510100,162,405,87520000,75796
2,8752,87520000,87520100,162,405,87530000,75805
2,8753,87530000,87530100,162,405,87540000,75813
2,8754,87540000,87540100,162,405,87550000,75823
2,8755,87550000,87550100,162,405,87560000,75830
2,8756,87560000,87560100,162,405,87570000,75839
2,8757,87570000,87570100,162,405,87580000,75849
2,8758,87580000,87580100,162,405,87590000,75856
2,8759,87590000,87590100,162,405,87600000,75862
2,876,8760000,8760100,162,405,8770000,7588
2,8760,87600000,87600100,162,405,87610000,75877
2,8761,87610000,87610100,162,405,87620000,75884
2,8762,87620000,87620100,162,405,87630000,75891
2,8763,87630000,87630100,162,405,87640000,75899
2,8764,87640000,87640100,162,405,87650000,75909
2,8765,87650000,87650100,162,405,87660000,75916
2,8766,87660000,87660100,162,405,87670000,75926
2,8767,87670000,87670100,162,405,87680000,75935
2,8768,87680000,87680100,162,405,87690000,75944
2,8769,87690000,87690100,162,405,87700000,75952
2,877,8770000,8770100,162,405,8780000,7594
2,8770,87700000,87700100,162,405,87710000,75960
2,8771,87710000,87710100,162,405,87720000,75968
2,8772,87720000,87720100,162,405,87730000,75980
2,8773,87730000,87730100,162,405,87740000,75986
2,8774,87740000,87740100,162,405,87750000,75995
2,8775,87750000,87750100,162,405,87760000,76004
2,8776,87760000,87760100,162,405,87770000,76013
2,8777,87770000,87770100,162,405,87780000,76019
2,8778,87780000,87780100,162,405,87790000,76032
2,8779,87790000,87790100,162,405,87800000,76038
2,878,8780000,8780100,162,405,8790000,7603
2,8780,87800000,87800100,162,405,87810000,76047
2,8781,87810000,87810100,162,405,87820000,76057
2,8782,87820000,87820100,162,405,87830000,76064
2,8783,87830000,87830100,162,405,87840000,76071
2,8784,87840000,87840100,162,405,87850000,76083
2,8785,87850000,87850100,162,405,87860000,76092
2,8786,87860000,87860100,162,405,87870000,76099
2,8787,87870000,87870100,162,405,87880000,76107
2,8788,87880000,87880100,162,405,87890000,76117
2,8789,87890000,87890100,162,405,87900000,76124
2,879,8790000,8790100,162,405,8800000,7611
2,8790,87900000,87900100,162,405,87910000,76135
2,8791,87910000,87910100,162,405,87920000,76141
2,8792,87920000,87920100,162,405,87930000,76152
2,8793,87930000,87930100,162,405,87940000,76160
2,8794,87940000,87940100,162,405,87950000,76168
2,8795,87950000,87950100,162,405,87960000,76177
2,8796,87960000,87960100,162,405,87970000,76188
2,8797,87970000,87970100,162,405,87980000,76194
2,8798,87980000,87980100,162,405,87990000,76201
2,8799,87990000,87990100,162,405,88000000,76211
2,88,880000,880100,162,405,890000,762
2,880,8800000,8800100,162,405,8810000,7622
2,8800,88000000,88000100,162,405,88010000,76222
2,8801,88010000,88010100,162,405,88020000,76228
2,8802,88020000,88020100,162,405,88030000,76240
2,8803,88030000,88030100,162,405,88040000,76246
2,8804,88040000,88040100,162,405,88050000,76254
2,8805,88050000,88050100,162,405,88060000,76264
2,8806,88060000,88060100,162,405,88070000,76273
2,8807,88070000,88070100,162,405,88080000,76279
2,8808,88080000,88080100,162,405,88090000,76291
2,8809,88090000,88090100,162,405,88100000,76299
2,881,8810000,8810100,162,405,8820000,7628
2,8810,88100000,88100100,162,405,88110000,76307
2,8811,88110000,88110100,162,405,88120000,76316
2,8812,88120000,88120100,162,405,88130000,76324
2,8813,88130000,88130100,162,405,88140000,76332
2,8814,88140000,88140100,162,405,88150000,76342
2,8815,88150000,88150100,162,405,88160000,76349
2,8816,88160000,88160100,162,405,88170000,76361
2,8817,88170000,88170100,162,405,88180000,76369
2,8818,88180000,88180100,162,405,88190000,76376
2,8819,88190000,88190100,162,405,88200000,76382
2,882,8820000,8820100,162,405,8830000,7640
2,8820,88200000,88200100,162,405,88210000,76396
2,8821,88210000,88210100,162,405,88220000,76402
2,8822,88220000,88220100,162,405,88230000,76410
2,8823,88230000,88230100,162,405,88240000,76420
2,8824,88240000,88240100,162,405,88250000,76429
2,8825,88250000,88250100,162,405,88260000,76436
2,8826,88260000,88260100,162,405,88270000,76446
2,8827,88270000,88270100,162,405,88280000,76455
2,8828,88280000,88280100,162,405,88290000,76463
2,8829,88290000,88290100,162,405,88300000,76471
2,883,8830000,8830100,162,405,8840000,7646
2,8830,88300000,88300100,162,405,88310000,76481
2,8831,88310000,88310100,162,405,88320000,76487
2,8832,88320000,88320100,162,405,88330000,76499
2,8833,88330000,88330100,162,405,88340000,76506
2,8834,88340000,88340100,162,405,88350000,76515
2,8835,88350000,88350100,162,405,88360000,76524
2,8836,88360000,88360100,162,405,88370000,76532
2,8837,88370000,88370100,162,405,88380000,76540
2,8838,88380000,88380100,162,405,88390000,76551
2,8839,88390000,88390100,162,405,88400000,76557
2,884,8840000,8840100,162,405,8850000,7654
2,8840,88400000,88400100,162,405,88410000,76567
2,8841,88410000,88410100,162,405,88420000,76577
2,8842,88420000,88420100,162,405,88430000,76584
2,8843,88430000,88430100,162,405,88440000,76590
2,8844,88440000,88440100,162,405,88450000,76604
2,8845,88450000,88450100,162,405,88460000,76611
2,8846,88460000,88460100,162,405,88470000,76618
2,8847,88470000,88470100,162,405,88480000,76626
2,8848,88480000,88480100,162,405,88490000,76637
2,8849,88490000,88490100,162,405,88500000,76644
2,885,8850000,8850100,162,405,8860000,7666
2,8850,88500000,88500100,162,405,88510000,76655
2,8851,88510000,88510100,162,405,88520000,76663
2,8852,88520000,88520100,162,405,88530000,76671
2,8853,88530000,88530100,162,405,88540000,76679
2,8854,88540000,88540100,162,405,88550000,76686
2,8855,88550000,88550100,162,405,88560000,76696
2,8856,88560000,88560100,162,405,88570000,76708
2,8857,88570000,88570100,162,405,88580000,76714
2,8858,88580000,88580100,162,405,88590000,76723
2,8859,88590000,88590100,162,405,88600000,76731
2,886,8860000,8860100,162,405,8870000,7673
2,8860,88600000,88600100,162,405,88610000,76741
2,8861,88610000,88610100,162,405,88620000,76747
2,8862,88620000,88620100,162,405,88630000,76759
2,8863,88630000,88630100,162,405,88640000,76765
2,8864,88640000,88640100,162,405,88650000,76774
2,8865,88650000,88650100,162,405,88660000,76785
2,8866,88660000,88660100,162,405,88670000,76793
2,8867,88670000,88670100,162,405,88680000,76799
2,8868,88680000,88680100,162,405,88690000,76810
2,8869,88690000,88690100,162,405,88700000,76818
2,887,8870000,8870100,162,405,8880000,7679
2,8870,88700000,88700100,162,405,88710000,76826
2,8871,88710000,88710100,162,405,88720000,76835
2,8872,88720000,88720100,162,405,88730000,76846
2,8873,88730000,88730100,162,405,88740000,76852
2,8874,88740000,88740100,162,405,88750000,76862
2,8875,88750000,88750100,162,405,88760000,76869
2,8876,88760000,88760100,162,405,88770000,76879
2,8877,88770000,88770100,162,405,88780000,76888
2,8878,88780000,88780100,162,405,88790000,76895
2,8879,88790000,88790100,162,405,88800000,76903
2,888,8880000,8880100,162,405,8890000,7691
2,8880,88800000,88800100,162,405,88810000,76916
2,8881,88810000,88810100,162,405,88820000,76922
2,8882,88820000,88820100,162,405,88830000,76930
2,8883,88830000,88830100,162,405,88840000,76940
2,8884,88840000,88840100,162,405,88850000,76948
2,8885,88850000,88850100,162,405,88860000,76955
2,8886,88860000,88860100,162,405,88870000,76967
2,8887,88870000,88870100,162,405,88880000,76973
2,8888,88880000,88880100,162,405,88890000,76983
2,8889,88890000,88890100,162,405,88900000,76991
2,889,8890000,8890100,162,405,8900000,7699
2,8890,88900000,88900100,162,405,88910000,77001
2,8891,88910000,88910100,162,405,88920000,77007
2,8892,88920000,88920100,162,405,88930000,77018
2,8893,88930000,88930100,162,405,88940000,77027
2,8894,88940000,88940100,162,405,88950000,77034
2,8895,88950000,88950100,162,405,88960000,77043
2,8896,88960000,88960100,162,405,88970000,77052
2,8897,88970000,88970100,162,405,88980000,77060
2,8898,88980000,88980100,162,405,88990000,77070
2,8899,88990000,88990100,162,405,89000000,77077
2,89,890000,890100,162,405,900000,768
2,890,8900000,8900100,162,405,8910000,7707
2,8900,89000000,89000100,162,405,89010000,77088
2,8901,89010000,89010100,162,405,89020000,77096
2,8902,89020000,89020100,162,405,89030000,77103
2,8903,89030000,89030100,162,405,89040000,77109
2,8904,89040000,89040100,162,405,89050000,77124
2,8905,89050000,89050100,162,405,89060000,77131
2,8906,89060000,89060100,162,405,89070000,77138
2,8907,89070000,89070100,162,405,89080000,77148
2,8908,89080000,89080100,162,405,89090000,77156
2,8909,89090000,89090100,162,405,89100000,77162
2,891,8910000,8910100,162,405,8920000,7716
2,8910,89100000,89100100,162,405,89110000,77174
2,8911,89110000,89110100,162,405,89120000,77182
2,8912,89120000,89120100,162,405,89130000,77191
2,8913,89130000,89130100,162,405,89140000,77199
2,8914,89140000,89140100,162,405,89150000,77208
2,8915,89150000,89150100,162,405,89160000,77216
2,8916,89160000,89160100,162,405,89170000,77227
2,8917,89170000,89170100,162,405,89180000,77233
2,8918,89180000,89180100,162,405,89190000,77242
2,8919,89190000,89190100,162,405,89200000,77250
2,892,8920000,8920100,162,405,8930000,7726
2,8920,89200000,89200100,162,405,89210000,77260
2,8921,89210000,89210100,162,405,89220000,77269
2,8922,89220000,89220100,162,405,89230000,77279
2,8923,89230000,89230100,162,405,89240000,77285
2,8924,89240000,89240100,162,405,89250000,77293
2,8925,89250000,89250100,162,405,89260000,77304
2,8926,89260000,89260100,162,405,89270000,77312
2,8927,89270000,89270100,162,405,89280000,77318
2,8928,89280000,89280100,162,405,89290000,77332
2,8929,89290000,89290100,162,405,89300000,77338
2,893,8930000,8930100,162,405,8940000,7732
2,8930,89300000,89300100,162,405,89310000,77346
2,8931,89310000,89310100,162,405,89320000,77354
2,8932,89320000,89320100,162,405,89330000,77365
2,8933,89330000,89330100,162,405,89340000,77371
2,8934,89340000,89340100,162,405,89350000,77381
2,8935,89350000,89350100,162,405,89360000,77390
2,8936,89360000,89360100,162,405,89370000,77399
2,8937,89370000,89370100,162,405,89380000,77408
2,8938,89380000,89380100,162,405,89390000,77415
2,8939,89390000,89390100,162,405,89400000,77423
2,894,8940000,8940100,162,405,8950000,7742
2,8940,89400000,89400100,162,405,89410000,77435
2,8941,89410000,89410100,162,405,89420000,77441
2,8942,89420000,89420100,162,405,89430000,77450
2,8943,89430000,89430100,162,405,89440000,77459
2,8944,89440000,89440100,162,405,89450000,77468
2,8945,89450000,89450100,162,405,89460000,77475
2,8946,89460000,89460100,162,405,89470000,77487
2,8947,89470000,89470100,162,405,89480000,77493
2,8948,89480000,89480100,162,405,89490000,77502
2,8949,89490000,89490100,162,405,89500000,77512
2,895,8950000,8950100,162,405,8960000,7749
2,8950,89500000,89500100,162,405,89510000,77520
2,8951,89510000,89510100,162,405,89520000,77526
2,8952,89520000,89520100,162,405,89530000,77538
2,8953,89530000,89530100,162,405,89540000,77546
2,8954,89540000,89540100,162,405,89550000,77554
2,8955,89550000,89550100,162,405,89560000,77563
2,8956,89560000,89560100,162,405,89570000,77573
2,8957,89570000,89570100,162,405,89580000,77579
2,8958,89580000,89580100,162,405,89590000,77589
2,8959,89590000,89590100,162,405,89600000,77596
2,896,8960000,8960100,162,405,8970000,7761
2,8960,89600000,89600100,162,405,89610000,77608
2,8961,89610000,89610100,162,405,89620000,77616
2,8962,89620000,89620100,162,405,89630000,77623
2,8963,89630000,89630100,162,405,89640000,77631
2,8964,89640000,89640100,162,405,89650000,77642
2,8965,89650000,89650100,162,405,89660000,77650
2,8966,89660000,89660100,162,405,89670000,77657
2,8967,89670000,89670100,162,405,89680000,77667
2,8968,89680000,89680100,162,405,89690000,77676
2,8969,89690000,89690100,162,405,89700000,77682
2,897,8970000,8970100,162,405,8980000,7769
2,8970,89700000,89700100,162,405,89710000,77696
2,8971,89710000,89710100,162,405,89720000,77702
2,8972,89720000,89720100,162,405,89730000,77710
2,8973,89730000,89730100,162,405,89740000,77718
2,8974,89740000,89740100,162,405,89750000,77727
2,8975,89750000,89750100,162,405,89760000,77734
2,8976,89760000,89760100,162,405,89770000,77747
2,8977,89770000,89770100,162,405,89780000,77755
2,8978,89780000,89780100,162,405,89790000,77762
2,8979,89790000,89790100,162,405,89800000,77770
2,898,8980000,8980100,162,405,8990000,7776
2,8980,89800000,89800100,162,405,89810000,77779
2,8981,89810000,89810100,162,405,89820000,77788
2,8982,89820000,89820100,162,405,89830000,77798
2,8983,89830000,89830100,162,405,89840000,77804
2,8984,89840000,89840100,162,405,89850000,77815
2,8985,89850000,89850100,162,405,89860000,77824
2,8986,89860000,89860100,162,405,89870000,77831
2,8987,89870000,89870100,162,405,89880000,77838
2,8988,89880000,89880100,162,405,89890000,77851
2,8989,89890000,89890100,162,405,89900000,77857
2,899,8990000,8990100,162,405,9000000,7784
2,8990,89900000,89900100,162,405,89910000,77865
2,8991,89910000,89910100,162,405,89920000,77875
2,8992,89920000,89920100,162,405,89930000,77885
2,8993,89930000,89930100,162,405,89940000,77891
2,8994,89940000,89940100,162,405,89950000,77901
2,8995,89950000,89950100,162,405,89960000,77910
2,8996,89960000,89960100,162,405,89970000,77918
2,8997,89970000,89970100,162,405,89980000,77926
2,8998,89980000,89980100,162,405,89990000,77936
2,8999,89990000,89990100,162,405,90000000,77942
2,9,90000,90100,162,405,100000,76
2,90,900000,900100,162,405,910000,779
2,900,9000000,9000100,162,405,9010000,7796
2,9000,90000000,90000100,162,405,90010000,77955
2,9001,90010000,90010100,162,405,90020000,77961
2,9002,90020000,90020100,162,405,90030000,77970
2,9003,90030000,90030100,162,405,90040000,77979
2,9004,90040000,90040100,162,405,90050000,77987
2,9005,90050000,90050100,162,405,90060000,77996
2,9006,90060000,90060100,162,405,90070000,78006
2,9007,90070000,90070100,162,405,90080000,78012
2,9008,90080000,90080100,162,405,90090000,78021
2,9009,90090000,90090100,162,405,90100000,78032
2,901,9010000,9010100,162,405,9020000,7802
2,9010,90100000,90100100,162,405,90110000,78040
2,9011,90110000,90110100,162,405,90120000,78046
2,9012,90120000,90120100,162,405,90130000,78059
2,9013,90130000,90130100,162,405,90140000,78065
2,9014,90140000,90140100,162,405,90150000,78073
2,9015,90150000,90150100,162,405,90160000,78082
2,9016,90160000,90160100,162,405,90170000,78093
2,9017,90170000,90170100,162,405,90180000,78099
2,9018,90180000,90180100,162,405,90190000,78109
2,9019,90190000,90190100,162,405,90200000,78117
2,902,9020000,9020100,162,405,9030000,7810
2,9020,90200000,90200100,162,405,90210000,78127
2,9021,90210000,90210100,162,405,90220000,78135
2,9022,90220000,90220100,162,405,90230000,78142
2,9023,90230000,90230100,162,405,90240000,78150
2,9024,90240000,90240100,162,405,90250000,78162
2,9025,90250000,90250100,162,405,90260000,78170
2,9026,90260000,90260100,162,405,90270000,78179
2,9027,90270000,90270100,162,405,90280000,78187
2,9028,90280000,90280100,162,405,90290000,78195
2,9029,90290000,90290100,162,405,90300000,78201
2,903,9030000,9030100,162,405,9040000,7820
2,9030,90300000,90300100,162,405,90310000,78214
2,9031,90310000,90310100,162,405,90320000,78221
2,9032,90320000,90320100,162,405,90330000,78230
2,9033,90330000,90330100,162,405,90340000,78240
2,9034,90340000,90340100,162,405,90350000,78247
2,9035,90350000,90350100,162,405,90360000,78254
2,9036,90360000,90360100,162,405,90370000,78266
2,9037,90370000,90370100,162,405,90380000,78274
2,9038,90380000,90380100,162,405,90390000,78281
2,9039,90390000,90390100,162,405,90400000,78289
2,904,9040000,9040100,162,405,9050000,7829
2,9040,90400000,90400100,162,405,90410000,78301
2,9041,90410000,90410100,162,405,90420000,78307
2,9042,90420000,90420100,162,405,90430000,78318
2,9043,90430000,90430100,162,405,90440000,78324
2,9044,90440000,90440100,162,405,90450000,78334
2,9045,90450000,90450100,162,405,90460000,78343
2,9046,90460000,90460100,162,405,90470000,78350
2,9047,90470000,90470100,162,405,90480000,78359
2,9048,90480000,90480100,162,405,90490000,78371
2,9049,90490000,90490100,162,405,90500000,78377
2,905,9050000,9050100,162,405,9060000,7836
2,9050,90500000,90500100,162,405,90510000,78385
2,9051,90510000,90510100,162,405,90520000,78395
2,9052,90520000,90520100,162,405,90530000,78403
2,9053,90530000,90530100,162,405,90540000,78410
2,9054,90540000,90540100,162,405,90550000,78422
2,9055,90550000,90550100,162,405,90560000,78429
2,9056,90560000,90560100,162,405,90570000,78438
2,9057,90570000,90570100,162,405,90580000,78446
2,9058,90580000,90580100,162,405,90590000,78456
2,9059,90590000,90590100,162,405,90600000,78462
2,906,9060000,9060100,162,405,9070000,7848
2,9060,90600000,90600100,162,405,90610000,78474
2,9061,90610000,90610100,162,405,90620000,78482
2,9062,90620000,90620100,162,405,90630000,78489
2,9063,90630000,90630100,162,405,90640000,78497
2,9064,90640000,90640100,162,405,90650000,78507
2,9065,90650000,90650100,162,405,90660000,78516
2,9066,90660000,90660100,162,405,90670000,78526
2,9067,90670000,90670100,162,405,90680000,78532
2,9068,90680000,90680100,162,405,90690000,78542
2,9069,90690000,90690100,162,405,90700000,78551
2,907,9070000,9070100,162,405,9080000,7855
2,9070,90700000,90700100,162,405,90710000,78559
2,9071,90710000,90710100,162,405,90720000,78565
2,9072,90720000,90720100,162,405,90730000,78579
2,9073,90730000,90730100,162,405,90740000,78585
2,9074,90740000,90740100,162,405,90750000,78592
2,9075,90750000,90750100,162,405,90760000,78604
2,9076,90760000,90760100,162,405,90770000,78612
2,9077,90770000,90770100,162,405,90780000,78618
2,9078,90780000,90780100,162,405,90790000,78628
2,9079,90790000,90790100,162,405,90800000,78636
2,908,9080000,9080100,162,405,9090000,7863
2,9080,90800000,90800100,162,405,90810000,78647
2,9081,90810000,90810100,162,405,90820000,78655
2,9082,90820000,90820100,162,405,90830000,78664
2,9083,90830000,90830100,162,405,90840000,78670
2,9084,90840000,90840100,162,405,90850000,78681
2,9085,90850000,90850100,162,405,90860000,78688
2,9086,90860000,90860100,162,405,90870000,78698
2,9087,90870000,90870100,162,405,90880000,78706
2,9088,90880000,90880100,162,405,90890000,78715
2,9089,90890000,90890100,162,405,90900000,78723
2,909,9090000,9090100,162,405,9100000,7871
2,9090,90900000,90900100,162,405,90910000,78734
2,9091,90910000,90910100,162,405,90920000,78741
2,9092,90920000,90920100,162,405,90930000,78749
2,9093,90930000,90930100,162,405,90940000,78759
2,9094,90940000,90940100,162,405,90950000,78766
2,9095,90950000,90950100,162,405,90960000,78773
2,9096,90960000,90960100,162,405,90970000,78787
2,9097,90970000,90970100,162,405,90980000,78794
2,9098,90980000,90980100,162,405,90990000,78801
2,9099,90990000,90990100,162,405,91000000,78809
2,91,910000,910100,162,405,920000,787
2,910,9100000,9100100,162,405,9110000,7881
2,9100,91000000,91000100,162,405,91010000,78820
2,9101,91010000,91010100,162,405,91020000,78826
2,9102,91020000,91020100,162,405,91030000,78837
2,9103,91030000,91030100,162,405,91040000,78845
2,9104,91040000,91040100,162,405,91050000,78854
2,9105,91050000,91050100,162,405,91060000,78863
2,9106,91060000,91060100,162,405,91070000,78870
2,9107,91070000,91070100,162,405,91080000,78878
2,9108,91080000,91080100,162,405,91090000,78890
2,9109,91090000,91090100,162,405,91100000,78896
2,911,9110000,9110100,162,405,9120000,7887
2,9110,91100000,91100100,162,405,91110000,78906
2,9111,91110000,91110100,162,405,91120000,78914
2,9112,91120000,91120100,162,405,91130000,78923
2,9113,91130000,91130100,162,405,91140000,78930
2,9114,91140000,91140100,162,405,91150000,78942
2,9115,91150000,91150100,162,405,91160000,78949
2,9116,91160000,91160100,162,405,91170000,78957
2,9117,91170000,91170100,162,405,91180000,78967
2,9118,91180000,91180100,162,405,91190000,78974
2,9119,91190000,91190100,162,405,91200000,78981
2,912,9120000,9120100,162,405,9130000,7899
2,9120,91200000,91200100,162,405,91210000,78994
2,9121,91210000,91210100,162,405,91220000,79002
2,9122,91220000,91220100,162,405,91230000,79009
2,9123,91230000,91230100,162,405,91240000,79017
2,9124,91240000,91240100,162,405,91250000,79028
2,9125,91250000,91250100,162,405,91260000,79035
2,9126,91260000,91260100,162,405,91270000,79045
2,9127,91270000,91270100,162,405,91280000,79051
2,9128,91280000,91280100,162,405,91290000,79062
2,9129,91290000,91290100,162,405,91300000,79070
2,913,9130000,9130100,162,405,9140000,7908
2,9130,91300000,91300100,162,405,91310000,79079
2,9131,91310000,91310100,162,405,91320000,79087
2,9132,91320000,91320100,162,405,91330000,79098
2,9133,91330000,91330100,162,405,91340000,79104
2,9134,91340000,91340100,162,405,91350000,79111
2,9135,91350000,91350100,162,405,91360000,79123
2,9136,91360000,91360100,162,405,91370000,79132
2,9137,91370000,91370100,162,405,91380000,79138
2,9138,91380000,91380100,162,405,91390000,79150
2,9139,91390000,91390100,162,405,91400000,79156
2,914,9140000,9140100,162,405,9150000,7915
2,9140,91400000,91400100,162,405,91410000,79165
2,9141,91410000,91410100,162,405,91420000,79174
2,9142,91420000,91420100,162,405,91430000,79183
2,9143,91430000,91430100,162,405,91440000,79189
2,9144,91440000,91440100,162,405,91450000,79201
2,9145,91450000,91450100,162,405,91460000,79210
2,9146,91460000,91460100,162,405,91470000,79218
2,9147,91470000,91470100,162,405,91480000,79226
2,9148,91480000,91480100,162,405,91490000,79234
2,9149,91490000,91490100,162,405,91500000,79242
2,915,9150000,9150100,162,405,9160000,7924
2,9150,91500000,91500100,162,405,91510000,79253
2,9151,91510000,91510100,162,405,91520000,79259
2,9152,91520000,91520100,162,405,91530000,79271
2,9153,91530000,91530100,162,405,91540000,79279
2,9154,91540000,91540100,162,405,91550000,79286
2,9155,91550000,91550100,162,405,91560000,79293
2,9156,91560000,91560100,162,405,91570000,79306
2,9157,91570000,91570100,162,405,91580000,79313
2,9158,91580000,91580100,162,405,91590000,79320
2,9159,91590000,91590100,162,405,91600000,79330
2,916,9160000,9160100,162,405,9170000,7932
2,9160,91600000,91600100,162,405,91610000,79340
2,9161,91610000,91610100,162,405,91620000,79346
2,9162,91620000,91620100,162,405,91630000,79356
2,9163,91630000,91630100,162,405,91640000,79365
2,9164,91640000,91640100,162,405,91650000,79373
2,9165,91650000,91650100,162,405,91660000,79382
2,9166,91660000,91660100,162,405,91670000,79391
2,9167,91670000,91670100,162,405,91680000,79397
2,9168,91680000,91680100,162,405,91690000,79410
2,9169,91690000,91690100,162,405,91700000,79416
2,917,9170000,9170100,162,405,9180000,7940
2,9170,91700000,91700100,162,405,91710000,79426
2,9171,91710000,91710100,162,405,91720000,79434
2,9172,91720000,91720100,162,405,91730000,79442
2,9173,91730000,91730100,162,405,91740000,79450
2,9174,91740000,91740100,162,405,91750000,79461
2,9175,91750000,91750100,162,405,91760000,79468
2,9176,91760000,91760100,162,405,91770000,79477
2,9177,91770000,91770100,162,405,91780000,79487
2,9178,91780000,91780100,162,405,91790000,79494
2,9179,91790000,91790100,162,405,91800000,79501
2,918,9180000,9180100,162,405,9190000,7951
2,9180,91800000,91800100,162,405,91810000,79515
2,9181,91810000,91810100,162,405,91820000,79521
2,9182,91820000,91820100,162,405,91830000,79528
2,9183,91830000,91830100,162,405,91840000,79536
2,9184,91840000,91840100,162,405,91850000,79547
2,9185,91850000,91850100,162,405,91860000,79555
2,9186,91860000,91860100,162,405,91870000,79565
2,9187,91870000,91870100,162,405,91880000,79573
2,9188,91880000,91880100,162,405,91890000,79581
2,9189,91890000,91890100,162,405,91900000,79589
2,919,9190000,9190100,162,405,9200000,7957
2,9190,91900000,91900100,162,405,91910000,79598
2,9191,91910000,91910100,162,405,91920000,79606
2,9192,91920000,91920100,162,405,91930000,79618
2,9193,91930000,91930100,162,405,91940000,79624
2,9194,91940000,91940100,162,405,91950000,79633
2,9195,91950000,91950100,162,405,91960000,79642
2,9196,91960000,91960100,162,405,91970000,79651
2,9197,91970000,91970100,162,405,91980000,79657
2,9198,91980000,91980100,162,405,91990000,79669
2,9199,91990000,91990100,162,405,92000000,79675
2,92,920000,920100,162,405,930000,795
2,920,9200000,9200100,162,405,9210000,7969
2,9200,92000000,92000100,162,405,92010000,79685
2,9201,92010000,92010100,162,405,92020000,79696
2,9202,92020000,92020100,162,405,92030000,79703
2,9203,92030000,92030100,162,405,92040000,79709
2,9204,92040000,92040100,162,405,92050000,79720
2,9205,92050000,92050100,162,405,92060000,79729
2,9206,92060000,92060100,162,405,92070000,79736
2,9207,92070000,92070100,162,405,92080000,79745
2,9208,92080000,92080100,162,405,92090000,79756
2,9209,92090000,92090100,162,405,92100000,79762
2,921,9210000,9210100,162,405,9220000,7977
2,9210,92100000,92100100,162,405,92110000,79773
2,9211,92110000,92110100,162,405,92120000,79779
2,9212,92120000,92120100,162,405,92130000,79790
2,9213,92130000,92130100,162,405,92140000,79798
2,9214,92140000,92140100,162,405,92150000,79805
2,9215,92150000,92150100,162,405,92160000,79814
2,9216,92160000,92160100,162,405,92170000,79826
2,9217,92170000,92170100,162,405,92180000,79832
2,9218,92180000,92180100,162,405,92190000,79840
2,9219,92190000,92190100,162,405,92200000,79850
2,922,9220000,9220100,162,405,9230000,7984
2,9220,92200000,92200100,162,405,92210000,79859
2,9221,92210000,92210100,162,405,92220000,79865
2,9222,92220000,92220100,162,405,92230000,79877
2,9223,92230000,92230100,162,405,92240000,79884
2,9224,92240000,92240100,162,405,92250000,79893
2,9225,92250000,92250100,162,405,92260000,79902
2,9226,92260000,92260100,162,405,92270000,79911
2,9227,92270000,92270100,162,405,92280000,79917
2,9228,92280000,92280100,162,405,92290000,79928
2,9229,92290000,92290100,162,405,92300000,79937
2,923,9230000,9230100,162,405,9240000,7990
2,9230,92300000,92300100,162,405,92310000,79945
2,9231,92310000,92310100,162,405,92320000,79953
2,9232,92320000,92320100,162,405,92330000,79962
2,9233,92330000,92330100,162,405,92340000,79970
2,9234,92340000,92340100,162,405,92350000,79981
2,9235,92350000,92350100,162,405,92360000,79988
2,9236,92360000,92360100,162,405,92370000,79998
2,9237,92370000,92370100,162,405,92380000,80006
2,9238,92380000,92380100,162,405,92390000,80013
2,9239,92390000,92390100,162,405,92400000,80019
2,924,9240000,9240100,162,405,9250000,8004
2,925,9250000,9250100,162,405,9260000,8011
2,926,9260000,9260100,162,405,9270000,8018
2,927,9270000,9270100,162,405,9280000,8028
2,928,9280000,9280100,162,405,9290000,8037
2,929,9290000,9290100,162,405,9300000,8044
2,93,930000,930100,162,405,940000,804
2,930,9300000,9300100,162,405,9310000,8055
2,931,9310000,9310100,162,405,9320000,8063
2,932,9320000,9320100,162,405,9330000,8071
2,933,9330000,9330100,162,405,9340000,8079
2,934,9340000,9340100,162,405,9350000,8088
2,935,9350000,9350100,162,405,9360000,8096
2,936,9360000,9360100,162,405,9370000,8108
2,937,9370000,9370100,162,405,9380000,8114
2,938,9380000,9380100,162,405,9390000,8123
2,939,9390000,9390100,162,405,9400000,8131
2,94,940000,940100,162,405,950000,813
2,940,9400000,9400100,162,405,9410000,8141
2,941,9410000,9410100,162,405,9420000,8149
2,942,9420000,9420100,162,405,9430000,8159
2,943,9430000,9430100,162,405,9440000,8165
2,944,9440000,9440100,162,405,9450000,8174
2,945,9450000,9450100,162,405,9460000,8185
2,946,9460000,9460100,162,405,9470000,8193
2,947,9470000,9470100,162,405,9480000,8199
2,948,9480000,9480100,162,405,9490000,8212
2,949,9490000,9490100,162,405,9500000,8218
2,95,950000,950100,162,405,960000,820
2,950,9500000,9500100,162,405,9510000,8226
2,951,9510000,9510100,162,405,9520000,8235
2,952,9520000,9520100,162,405,9530000,8246
2,953,9530000,9530100,162,405,9540000,8252
2,954,9540000,9540100,162,405,9550000,8262
2,955,9550000,9550100,162,405,9560000,8271
2,956,9560000,9560100,162,405,9570000,8279
2,957,9570000,9570100,162,405,9580000,8288
2,958,9580000,9580100,162,405,9590000,8295
2,959,9590000,9590100,162,405,9600000,8303
2,96,960000,960100,162,405,970000,832
2,960,9600000,9600100,162,405,9610000,8316
2,961,9610000,9610100,162,405,9620000,8322
2,962,9620000,9620100,162,405,9630000,8332
2,963,9630000,9630100,162,405,9640000,8340
2,964,9640000,9640100,162,405,9650000,8348
2,965,9650000,9650100,162,405,9660000,8355
2,966,9660000,9660100,162,405,9670000,8367
2,967,9670000,9670100,162,405,9680000,8373
2,968,9680000,9680100,162,405,9690000,8383
2,969,9690000,9690100,162,405,9700000,8393
2,97,970000,970100,162,405,980000,838
2,970,9700000,9700100,162,405,9710000,8401
2,971,9710000,9710100,162,405,9720000,8407
2,972,9720000,9720100,162,405,9730000,8418
2,973,9730000,9730100,162,405,9740000,8427
2,974,9740000,9740100,162,405,9750000,8434
2,975,9750000,9750100,162,405,9760000,8443
2,976,9760000,9760100,162,405,9770000,8454
2,977,9770000,9770100,162,405,9780000,8460
2,978,9780000,9780100,162,405,9790000,8470
2,979,9790000,9790100,162,405,9800000,8477
2,98,980000,980100,162,405,990000,847
2,980,9800000,9800100,162,405,9810000,8488
2,981,9810000,9810100,162,405,9820000,8496
2,982,9820000,9820100,162,405,9830000,8503
2,983,9830000,9830100,162,405,9840000,8511
2,984,9840000,9840100,162,405,9850000,8524
2,985,9850000,9850100,162,405,9860000,8531
2,986,9860000,9860100,162,405,9870000,8538
2,987,9870000,9870100,162,405,9880000,8548
2,988,9880000,9880100,162,405,9890000,8556
2,989,9890000,9890100,162,405,9900000,8562
2,99,990000,990100,162,405,1000000,856
2,990,9900000,9900100,162,405,9910000,8576
2,991,9910000,9910100,162,405,9920000,8582
2,992,9920000,9920100,162,405,9930000,8591
2,993,9930000,9930100,162,405,9940000,8599
2,994,9940000,9940100,162,405,9950000,8608
2,995,9950000,9950100,162,405,9960000,8616
2,996,9960000,9960100,162,405,9970000,8627
2,997,9970000,9970100,162,405,9980000,8635
2,998,9980000,9980100,162,405,9990000,8642
2,999,9990000,9990100,162,405,10000000,8650
3,0,0,100,142,355,10000,3
3,1,10000,10100,142,355,20000,9
3,10,100000,100100,142,355,110000,87
3,100,1000000,1000100,142,355,1010000,866
3,1000,10000000,10000100,142,355,10010000,8661
3,1001,10010000,10010100,142,355,10020000,8670
3,1002,10020000,10020100,142,355,10030000,8680
3,1003,10030000,10030100,142,355,10040000,8686
3,1004,10040000,10040100,142,355,10050000,8696
3,1005,10050000,10050100,142,355,10060000,8705
3,1006,10060000,10060100,142,355,10070000,8713
3,1007,10070000,10070100,142,355,10080000,8719
3,1008,10080000,10080100,142,355,10090000,8733
3,1009,10090000,10090100,142,355,10100000,8739
3,101,1010000,1010100,142,355,1020000,874
3,1010,10100000,10100100,142,355,10110000,8747
3,1011,10110000,10110100,142,355,10120000,8757
3,1012,10120000,10120100,142,355,10130000,8766
3,1013,10130000,10130100,142,355,10140000,8772
3,1014,10140000,10140100,142,355,10150000,8782
3,1015,10150000,10150100,142,355,10160000,8791
3,1016,10160000,10160100,142,355,10170000,8800
3,1017,10170000,10170100,142,355,10180000,8809
3,1018,10180000,10180100,142,355,10190000,8818
3,1019,10190000,10190100,142,355,10200000,8824
3,102,1020000,1020100,142,355,1030000,884
3,1020,10200000,10200100,142,355,10210000,8836
3,1021,10210000,10210100,142,355,10220000,8842
3,1022,10220000,10220100,142,355,10230000,8851
3,1023,10230000,10230100,142,355,10240000,8860
3,1024,10240000,10240100,142,355,10250000,8869
3,1025,10250000,10250100,142,355,10260000,8878
3,1026,10260000,10260100,142,355,10270000,8888
3,1027,10270000,10270100,142,355,10280000,8894
3,1028,10280000,10280100,142,355,10290000,8903
3,1029,10290000,10290100,142,355,10300000,8913
3,103,1030000,1030100,142,355,1040000,890
3,1030,10300000,10300100,142,355,10310000,8921
3,1031,10310000,10310100,142,355,10320000,8927
3,1032,10320000,10320100,142,355,10330000,8941
3,1033,10330000,10330100,142,355,10340000,8947
3,1034,10340000,10340100,142,355,10350000,8955
3,1035,10350000,10350100,142,355,10360000,8964
3,1036,10360000,10360100,142,355,10370000,8974
3,1037,10370000,10370100,142,355,10380000,8980
3,1038,10380000,10380100,142,355,10390000,8990
3,1039,10390000,10390100,142,355,10400000,8999
3,104,1040000,1040100,142,355,1050000,900
3,1040,10400000,10400100,142,355,10410000,9009
3,1041,10410000,10410100,142,355,10420000,9017
3,1042,10420000,10420100,142,355,10430000,9024
3,1043,10430000,10430100,142,355,10440000,9032
3,1044,10440000,10440100,142,355,10450000,9043
3,1045,10450000,10450100,142,355,10460000,9051
3,1046,10460000,10460100,142,355,10470000,9060
3,1047,10470000,10470100,142,355,10480000,9068
3,1048,10480000,10480100,142,355,10490000,9077
3,1049,10490000,10490100,142,355,10500000,9083
3,105,1050000,1050100,142,355,1060000,911
3,1050,10500000,10500100,142,355,10510000,9097
3,1051,10510000,10510100,142,355,10520000,9103
3,1052,10520000,10520100,142,355,10530000,9111
3,1053,10530000,10530100,142,355,10540000,9121
3,1054,10540000,10540100,142,355,10550000,9128
3,1055,10550000,10550100,142,355,10560000,9135
3,1056,10560000,10560100,142,355,10570000,9148
3,1057,10570000,10570100,142,355,10580000,9156
3,1058,10580000,10580100,142,355,10590000,9163
3,1059,10590000,10590100,142,355,10600000,9171
3,106,1060000,1060100,142,355,1070000,918
3,1060,10600000,10600100,142,355,10610000,9182
3,1061,10610000,10610100,142,355,10620000,9189
3,1062,10620000,10620100,142,355,10630000,9199
3,1063,10630000,10630100,142,355,10640000,9205
3,1064,10640000,10640100,142,355,10650000,9216
3,1065,10650000,10650100,142,355,10660000,9225
3,1066,10660000,10660100,142,355,10670000,9232
3,1067,10670000,10670100,142,355,10680000,9241
3,1068,10680000,10680100,142,355,10690000,9252
3,1069,10690000,10690100,142,355,10700000,9258
3,107,1070000,1070100,142,355,1080000,924
3,1070,10700000,10700100,142,355,10710000,9266
3,1071,10710000,10710100,142,355,10720000,9276
3,1072,10720000,10720100,142,355,10730000,9286
3,1073,10730000,10730100,142,355,10740000,9292
3,1074,10740000,10740100,142,355,10750000,9304
3,1075,10750000,10750100,142,355,10760000,9311
3,1076,10760000,10760100,142,355,10770000,9319
3,1077,10770000,10770100,142,355,10780000,9327
3,1078,10780000,10780100,142,355,10790000,9337
3,1079,10790000,10790100,142,355,10800000,9343
3,108,1080000,1080100,142,355,1090000,937
3,1080,10800000,10800100,142,355,10810000,9356
3,1081,10810000,10810100,142,355,10820000,9364
3,1082,10820000,10820100,142,355,10830000,9371
3,1083,10830000,10830100,142,355,10840000,9380
3,1084,10840000,10840100,142,355,10850000,9388
3,1085,10850000,10850100,142,355,10860000,9397
3,1086,10860000,10860100,142,355,10870000,9407
3,1087,10870000,10870100,142,355,10880000,9413
3,1088,10880000,10880100,142,355,10890000,9424
3,1089,10890000,10890100,142,355,10900000,9433
3,109,1090000,1090100,142,355,1100000,943
3,1090,10900000,10900100,142,355,10910000,9441
3,1091,10910000,10910100,142,355,10920000,9447
3,1092,10920000,10920100,142,355,10930000,9460
3,1093,10930000,10930100,142,355,10940000,9466
3,1094,10940000,10940100,142,355,10950000,9474
3,1095,10950000,10950100,142,355,10960000,9485
3,1096,10960000,10960100,142,355,10970000,9494
3,1097,10970000,10970100,142,355,10980000,9500
3,1098,10980000,10980100,142,355,10990000,9510
3,1099,10990000,10990100,142,355,11000000,9518
3,11,110000,110100,142,355,120000,94
3,110,1100000,1100100,142,355,1110000,952
3,1100,11000000,11000100,142,355,11010000,9528
3,1101,11010000,11010100,142,355,11020000,9536
3,1102,11020000,11020100,142,355,11030000,9545
3,1103,11030000,11030100,142,355,11040000,9551
3,1104,11040000,11040100,142,355,11050000,9563
3,1105,11050000,11050100,142,355,11060000,9571
3,1106,11060000,11060100,142,355,11070000,9580
3,1107,11070000,11070100,142,355,11080000,9588
3,1108,11080000,11080100,142,355,11090000,9596
3,1109,11090000,11090100,142,355,11100000,9604
3,111,1110000,1110100,142,355,1120000,960
3,1110,11100000,11100100,142,355,11110000,9615
3,1111,11110000,11110100,142,355,11120000,9622
3,1112,11120000,11120100,142,355,11130000,9631
3,1113,11130000,11130100,142,355,11140000,9641
3,1114,11140000,11140100,142,355,11150000,9648
3,1115,11150000,11150100,142,355,11160000,9655
3,1116,11160000,11160100,142,355,11170000,9669
3,1117,11170000,11170100,142,355,11180000,9675
3,1118,11180000,11180100,142,355,11190000,9682
3,1119,11190000,11190100,142,355,11200000,9690
3,112,1120000,1120100,142,355,1130000,971
3,1120,11200000,11200100,142,355,11210000,9702
3,1121,11210000,11210100,142,355,11220000,9708
3,1122,11220000,11220100,142,355,11230000,9719
3,1123,11230000,11230100,142,355,11240000,9727
3,1124,11240000,11240100,142,355,11250000,9735
3,1125,11250000,11250100,142,355,11260000,9744
3,1126,11260000,11260100,142,355,11270000,9751
3,1127,11270000,11270100,142,355,11280000,9760
3,1128,11280000,11280100,142,355,11290000,9772
3,1129,11290000,11290100,142,355,11300000,9778
3,113,1130000,1130100,142,355,1140000,977
3,1130,11300000,11300100,142,355,11310000,9788
3,1131,11310000,11310100,142,355,11320000,9796
3,1132,11320000,11320100,142,355,11330000,9804
3,1133,11330000,11330100,142,355,11340000,9811
3,1134,11340000,11340100,142,355,11350000,9823
3,1135,11350000,11350100,142,355,11360000,9830
3,1136,11360000,11360100,142,355,11370000,9839
3,1137,11370000,11370100,142,355,11380000,9849
3,1138,11380000,11380100,142,355,11390000,9857
3,1139,11390000,11390100,142,355,11400000,9863
3,114,1140000,1140100,142,355,1150000,987
3,1140,11400000,11400100,142,355,11410000,9875
3,1141,11410000,11410100,142,355,11420000,9883
3,1142,11420000,11420100,142,355,11430000,9890
3,1143,11430000,11430100,142,355,11440000,9898
3,1144,11440000,11440100,142,355,11450000,9910
3,1145,11450000,11450100,142,355,11460000,9917
3,1146,11460000,11460100,142,355,11470000,9927
3,1147,11470000,11470100,142,355,11480000,9933
3,1148,11480000,11480100,142,355,11490000,9943
3,1149,11490000,11490100,142,355,11500000,9952
3,115,1150000,1150100,142,355,1160000,997
3,1150,11500000,11500100,142,355,11510000,9960
3,1151,11510000,11510100,142,355,11520000,9968
3,1152,11520000,11520100,142,355,11530000,9980
3,1153,11530000,11530100,142,355,11540000,9986
3,1154,11540000,11540100,142,355,11550000,9993
3,1155,11550000,11550100,142,355,11560000,10005
3,1156,11560000,11560100,142,355,11570000,10013
3,1157,11570000,11570100,142,355,11580000,10019
3,1158,11580000,11580100,142,355,11590000,10031
3,1159,11590000,11590100,142,355,11600000,10037
3,116,1160000,1160100,142,355,1170000,1005
3,1160,11600000,11600100,142,355,11610000,10048
3,1161,11610000,11610100,142,355,11620000,10056
3,1162,11620000,11620100,142,355,11630000,10065
3,1163,11630000,11630100,142,355,11640000,10071
3,1164,11640000,11640100,142,355,11650000,10082
3,1165,11650000,11650100,142,355,11660000,10091
3,1166,11660000,11660100,142,355,11670000,10099
3,1167,11670000,11670100,142,355,11680000,10107
3,1168,11680000,11680100,142,355,11690000,10116
3,1169,11690000,11690100,142,355,11700000,10124
3,117,1170000,1170100,142,355,1180000,1013
3,1170,11700000,11700100,142,355,11710000,10135
3,1171,11710000,11710100,142,355,11720000,10142
3,1172,11720000,11720100,142,355,11730000,10152
3,1173,11730000,11730100,142,355,11740000,10160
3,1174,11740000,11740100,142,355,11750000,10167
3,1175,11750000,11750100,142,355,11760000,10174
3,1176,11760000,11760100,142,355,11770000,10188
3,1177,11770000,11770100,142,355,11780000,10195
3,1178,11780000,11780100,142,355,11790000,10202
3,1179,11790000,11790100,142,355,11800000,10212
3,118,1180000,1180100,142,355,1190000,1020
3,1180,11800000,11800100,142,355,11810000,10221
3,1181,11810000,11810100,142,355,11820000,10227
3,1182,11820000,11820100,142,355,11830000,10238
3,1183,11830000,11830100,142,355,11840000,10246
3,1184,11840000,11840100,142,355,11850000,10255
3,1185,11850000,11850100,142,355,11860000,10264
3,1186,11860000,11860100,142,355,11870000,10273
3,1187,11870000,11870100,142,355,11880000,10279
3,1188,11880000,11880100,142,355,11890000,10291
3,1189,11890000,11890100,142,355,11900000,10297
3,119,1190000,1190100,142,355,1200000,1028
3,1190,11900000,11900100,142,355,11910000,10307
3,1191,11910000,11910100,142,355,11920000,10315
3,1192,11920000,11920100,142,355,11930000,10324
3,1193,11930000,11930100,142,355,11940000,10333
3,1194,11940000,11940100,142,355,11950000,10343
3,1195,11950000,11950100,142,355,11960000,10350
3,1196,11960000,11960100,142,355,11970000,10358
3,1197,11970000,11970100,142,355,11980000,10368
3,1198,11980000,11980100,142,355,11990000,10375
3,1199,11990000,11990100,142,355,12000000,10382
3,12,120000,120100,142,355,130000,105
3,120,1200000,1200100,142,355,1210000,1041
3,1200,12000000,12000100,142,355,12010000,10397
3,1201,12010000,12010100,142,355,12020000,10403
3,1202,12020000,12020100,142,355,12030000,10410
3,1203,12030000,12030100,142,355,12040000,10418
3,1204,12040000,12040100,142,355,12050000,10429
3,1205,12050000,12050100,142,355,12060000,10436
3,1206,12060000,12060100,142,355,12070000,10446
3,1207,12070000,12070100,142,355,12080000,10454
3,1208,12080000,12080100,142,355,12090000,10463
3,1209,12090000,12090100,142,355,12100000,10471
3,121,1210000,1210100,142,355,1220000,1048
3,1210,12100000,12100100,142,355,12110000,10480
3,1211,12110000,12110100,142,355,12120000,10488
3,1212,12120000,12120100,142,355,12130000,10499
3,1213,12130000,12130100,142,355,12140000,10505
3,1214,12140000,12140100,142,355,12150000,10514
3,1215,12150000,12150100,142,355,12160000,10524
3,1216,12160000,12160100,142,355,12170000,10533
3,1217,12170000,12170100,142,355,12180000,10539
3,1218,12180000,12180100,142,355,12190000,10551
3,1219,12190000,12190100,142,355,12200000,10557
3,122,1220000,1220100,142,355,1230000,1057
3,1220,12200000,12200100,142,355,12210000,10566
3,1221,12210000,12210100,142,355,12220000,10577
3,1222,12220000,12220100,142,355,12230000,10584
3,1223,12230000,12230100,142,355,12240000,10590
3,1224,12240000,12240100,142,355,12250000,10602
3,1225,12250000,12250100,142,355,12260000,10611
3,1226,12260000,12260100,142,355,12270000,10619
3,1227,12270000,12270100,142,355,12280000,10627
3,1228,12280000,12280100,142,355,12290000,10637
3,1229,12290000,12290100,142,355,12300000,10643
3,123,1230000,1230100,142,355,1240000,1065
3,1230,12300000,12300100,142,355,12310000,10654
3,1231,12310000,12310100,142,355,12320000,10660
3,1232,12320000,12320100,142,355,12330000,10672
3,1233,12330000,12330100,142,355,12340000,10680
3,1234,12340000,12340100,142,355,12350000,10687
3,1235,12350000,12350100,142,355,12360000,10696
3,1236,12360000,12360100,142,355,12370000,10707
3,1237,12370000,12370100,142,355,12380000,10714
3,1238,12380000,12380100,142,355,12390000,10721
3,1239,12390000,12390100,142,355,12400000,10731
3,124,1240000,1240100,142,355,1250000,1073
3,1240,12400000,12400100,142,355,12410000,10741
3,1241,12410000,12410100,142,355,12420000,10747
3,1242,12420000,12420100,142,355,12430000,10759
3,1243,12430000,12430100,142,355,12440000,10766
3,1244,12440000,12440100,142,355,12450000,10774
3,1245,12450000,12450100,142,355,12460000,10783
3,1246,12460000,12460100,142,355,12470000,10792
3,1247,12470000,12470100,142,355,12480000,10798
3,1248,12480000,12480100,142,355,12490000,10811
3,1249,12490000,12490100,142,355,12500000,10819
3,125,1250000,1250100,142,355,1260000,1080
3,1250,12500000,12500100,142,355,12510000,10827
3,1251,12510000,12510100,142,355,12520000,10835
3,1252,12520000,12520100,142,355,12530000,10843
3,1253,12530000,12530100,142,355,12540000,10851
3,1254,12540000,12540100,142,355,12550000,10862
3,1255,12550000,12550100,142,355,12560000,10869
3,1256,12560000,12560100,142,355,12570000,10880
3,1257,12570000,12570100,142,355,12580000,10888
3,1258,12580000,12580100,142,355,12590000,10895
3,1259,12590000,12590100,142,355,12600000,10902
3,126,1260000,1260100,142,355,1270000,1093
3,1260,12600000,12600100,142,355,12610000,10916
3,1261,12610000,12610100,142,355,12620000,10922
3,1262,12620000,12620100,142,355,12630000,10929
3,1263,12630000,12630100,142,355,12640000,10939
3,1264,12640000,12640100,142,355,12650000,10948
3,1265,12650000,12650100,142,355,12660000,10956
3,1266,12660000,12660100,142,355,12670000,10966
3,1267,12670000,12670100,142,355,12680000,10974
3,1268,12680000,12680100,142,355,12690000,10982
3,1269,12690000,12690100,142,355,12700000,10990
3,127,1270000,1270100,142,355,1280000,1099
3,1270,12700000,12700100,142,355,12710000,11001
3,1271,12710000,12710100,142,355,12720000,11007
3,1272,12720000,12720100,142,355,12730000,11019
3,1273,12730000,12730100,142,355,12740000,11025
3,1274,12740000,12740100,142,355,12750000,11034
3,1275,12750000,12750100,142,355,12760000,11043
3,1276,12760000,12760100,142,355,12770000,11052
3,1277,12770000,12770100,142,355,12780000,11060
3,1278,12780000,12780100,142,355,12790000,11070
3,1279,12790000,12790100,142,355,12800000,11076
3,128,1280000,1280100,142,355,1290000,1108
3,1280,12800000,12800100,142,355,12810000,11086
3,1281,12810000,12810100,142,355,12820000,11097
3,1282,12820000,12820100,142,355,12830000,11104
3,1283,12830000,12830100,142,355,12840000,11110
3,1284,12840000,12840100,142,355,12850000,11123
3,1285,12850000,12850100,142,355,12860000,11130
3,1286,12860000,12860100,142,355,12870000,11137
3,1287,12870000,12870100,142,355,12880000,11146
3,1288,12880000,12880100,142,355,12890000,11157
3,1289,12890000,12890100,142,355,12900000,11163
3,129,1290000,1290100,142,355,1300000,1118
3,1290,12900000,12900100,142,355,12910000,11174
3,1291,12910000,12910100,142,355,12920000,11182
3,1292,12920000,12920100,142,355,12930000,11191
3,1293,12930000,12930100,142,355,12940000,11199
3,1294,12940000,12940100,142,355,12950000,11206
3,1295,12950000,12950100,142,355,12960000,11215
3,1296,12960000,12960100,142,355,12970000,11227
3,1297,12970000,12970100,142,355,12980000,11233
3,1298,12980000,12980100,142,355,12990000,11243
3,1299,12990000,12990100,142,355,13000000,11251
3,13,130000,130100,142,355,140000,111
3,130,1300000,1300100,142,355,1310000,1126
3,1300,13000000,13000100,142,355,13010000,11260
3,1301,13010000,13010100,142,355,13020000,11266
3,1302,13020000,13020100,142,355,13030000,11278
3,1303,13030000,13030100,142,355,13040000,11285
3,1304,13040000,13040100,142,355,13050000,11294
3,1305,13050000,13050100,142,355,13060000,11305
3,1306,13060000,13060100,142,355,13070000,11312
3,1307,13070000,13070100,142,355,13080000,11318
3,1308,13080000,13080100,142,355,13090000,11329
3,1309,13090000,13090100,142,355,13100000,11338
3,131,1310000,1310100,142,355,1320000,1132
3,1310,13100000,13100100,142,355,13110000,11346
3,1311,13110000,13110100,142,355,13120000,11354
3,1312,13120000,13120100,142,355,13130000,11365
3,1313,13130000,13130100,142,355,13140000,11371
3,1314,13140000,13140100,142,355,13150000,11382
3,1315,13150000,13150100,142,355,13160000,11389
3,1316,13160000,13160100,142,355,13170000,11399
3,1317,13170000,13170100,142,355,13180000,11407
3,1318,13180000,13180100,142,355,13190000,11414
3,1319,13190000,13190100,142,355,13200000,11422
3,132,1320000,1320100,142,355,1330000,1144
3,1320,13200000,13200100,142,355,13210000,11436
3,1321,13210000,13210100,142,355,13220000,11442
3,1322,13220000,13220100,142,355,13230000,11449
3,1323,13230000,13230100,142,355,13240000,11459
3,1324,13240000,13240100,142,355,13250000,11467
3,1325,13250000,13250100,142,355,13260000,11475
3,1326,13260000,13260100,142,355,13270000,11487
3,1327,13270000,13270100,142,355,13280000,11493
3,1328,13280000,13280100,142,355,13290000,11502
3,1329,13290000,13290100,142,355,13300000,11510
3,133,1330000,1330100,142,355,1340000,1152
3,1330,13300000,13300100,142,355,13310000,11520
3,1331,13310000,13310100,142,355,13320000,11527
3,1332,13320000,13320100,142,355,13330000,11538
3,1333,13330000,13330100,142,355,13340000,11546
3,1334,13340000,13340100,142,355,13350000,11553
3,1335,13350000,13350100,142,355,13360000,11562
3,1336,13360000,13360100,142,355,13370000,11572
3,1337,13370000,13370100,142,355,13380000,11580
3,1338,13380000,13380100,142,355,13390000,11590
3,1339,13390000,13390100,142,355,13400000,11596
3,134,1340000,1340100,142,355,1350000,1159
3,1340,13400000,13400100,142,355,13410000,11607
3,1341,13410000,13410100,142,355,13420000,11615
3,1342,13420000,13420100,142,355,13430000,11623
3,1343,13430000,13430100,142,355,13440000,11629
3,1344,13440000,13440100,142,355,13450000,11643
3,1345,13450000,13450100,142,355,13460000,11650
3,1346,13460000,13460100,142,355,13470000,11657
3,1347,13470000,13470100,142,355,13480000,11668
3,1348,13480000,13480100,142,355,13490000,11676
3,1349,13490000,13490100,142,355,13500000,11682
3,135,1350000,1350100,142,355,1360000,1168
3,1350,13500000,13500100,142,355,13510000,11693
3,1351,13510000,13510100,142,355,13520000,11701
3,1352,13520000,13520100,142,355,13530000,11710
3,1353,13530000,13530100,142,355,13540000,11719
3,1354,13540000,13540100,142,355,13550000,11728
3,1355,13550000,13550100,142,355,13560000,11735
3,1356,13560000,13560100,142,355,13570000,11746
3,1357,13570000,13570100,142,355,13580000,11752
3,1358,13580000,13580100,142,355,13590000,11762
3,1359,13590000,13590100,142,355,13600000,11770
3,136,1360000,1360100,142,355,1370000,1179
3,1360,13600000,13600100,142,355,13610000,11780
3,1361,13610000,13610100,142,355,13620000,11788
3,1362,13620000,13620100,142,355,13630000,11798
3,1363,13630000,13630100,142,355,13640000,11804
3,1364,13640000,13640100,142,355,13650000,11813
3,1365,13650000,13650100,142,355,13660000,11824
3,1366,13660000,13660100,142,355,13670000,11831
3,1367,13670000,13670100,142,355,13680000,11837
3,1368,13680000,13680100,142,355,13690000,11851
3,1369,13690000,13690100,142,355,13700000,11858
3,137,1370000,1370100,142,355,1380000,1186
3,1370,13700000,13700100,142,355,13710000,11866
3,1371,13710000,13710100,142,355,13720000,11874
3,1372,13720000,13720100,142,355,13730000,11884
3,1373,13730000,13730100,142,355,13740000,11890
3,1374,13740000,13740100,142,355,13750000,11900
3,1375,13750000,13750100,142,355,13760000,11910
3,1376,13760000,13760100,142,355,13770000,11919
3,1377,13770000,13770100,142,355,13780000,11927
3,1378,13780000,13780100,142,355,13790000,11934
3,1379,13790000,13790100,142,355,13800000,11942
3,138,1380000,1380100,142,355,1390000,1196
3,1380,13800000,13800100,142,355,13810000,11955
3,1381,13810000,13810100,142,355,13820000,11961
3,1382,13820000,13820100,142,355,13830000,11970
3,1383,13830000,13830100,142,355,13840000,11978
3,1384,13840000,13840100,142,355,13850000,11987
3,1385,13850000,13850100,142,355,13860000,11994
3,1386,13860000,13860100,142,355,13870000,12007
3,1387,13870000,13870100,142,355,13880000,12013
3,1388,13880000,13880100,142,355,13890000,12021
3,1389,13890000,13890100,142,355,13900000,12031
3,139,1390000,1390100,142,355,1400000,1202
3,1390,13900000,13900100,142,355,13910000,12039
3,1391,13910000,13910100,142,355,13920000,12046
3,1392,13920000,13920100,142,355,13930000,12058
3,1393,13930000,13930100,142,355,13940000,12066
3,1394,13940000,13940100,142,355,13950000,12073
3,1395,13950000,13950100,142,355,13960000,12082
3,1396,13960000,13960100,142,355,13970000,12092
3,1397,13970000,13970100,142,355,13980000,12099
3,1398,13980000,13980100,142,355,13990000,12109
3,1399,13990000,13990100,142,355,14000000,12115
3,14,140000,140100,142,355,150000,120
3,140,1400000,1400100,142,355,1410000,1213
3,1400,14000000,14000100,142,355,14010000,12127
3,1401,14010000,14010100,142,355,14020000,12135
3,1402,14020000,14020100,142,355,14030000,12143
3,1403,14030000,14030100,142,355,14040000,12151
3,1404,14040000,14040100,142,355,14050000,12162
3,1405,14050000,14050100,142,355,14060000,12169
3,1406,14060000,14060100,142,355,14070000,12176
3,1407,14070000,14070100,142,355,14080000,12186
3,1408,14080000,14080100,142,355,14090000,12196
3,1409,14090000,14090100,142,355,14100000,12202
3,141,1410000,1410100,142,355,1420000,1221
3,1410,14100000,14100100,142,355,14110000,12215
3,1411,14110000,14110100,142,355,14120000,12221
3,1412,14120000,14120100,142,355,14130000,12229
3,1413,14130000,14130100,142,355,14140000,12238
3,1414,14140000,14140100,142,355,14150000,12247
3,1415,14150000,14150100,142,355,14160000,12254
3,1416,14160000,14160100,142,355,14170000,12266
3,1417,14170000,14170100,142,355,14180000,12274
3,1418,14180000,14180100,142,355,14190000,12281
3,1419,14190000,14190100,142,355,14200000,12290
3,142,1420000,1420100,142,355,1430000,1228
3,1420,14200000,14200100,142,355,14210000,12299
3,1421,14210000,14210100,142,355,14220000,12307
3,1422,14220000,14220100,142,355,14230000,12317
3,1423,14230000,14230100,142,355,14240000,12323
3,1424,14240000,14240100,142,355,14250000,12335
3,1425,14250000,14250100,142,355,14260000,12344
3,1426,14260000,14260100,142,355,14270000,12351
3,1427,14270000,14270100,142,355,14280000,12357
3,1428,14280000,14280100,142,355,14290000,12370
3,1429,14290000,14290100,142,355,14300000,12376
3,143,1430000,1430100,142,355,1440000,1237
3,1430,14300000,14300100,142,355,14310000,12385
3,1431,14310000,14310100,142,355,14320000,12395
3,1432,14320000,14320100,142,355,14330000,12404
3,1433,14330000,14330100,142,355,14340000,12410
3,1434,14340000,14340100,142,355,14350000,12420
3,1435,14350000,14350100,142,355,14360000,12430
3,1436,14360000,14360100,142,355,14370000,12438
3,1437,14370000,14370100,142,355,14380000,12446
3,1438,14380000,14380100,142,355,14390000,12455
3,1439,14390000,14390100,142,355,14400000,12461
3,144,1440000,1440100,142,355,1450000,1249
3,1440,14400000,14400100,142,355,14410000,12474
3,1441,14410000,14410100,142,355,14420000,12481
3,1442,14420000,14420100,142,355,14430000,12490
3,1443,14430000,14430100,142,355,14440000,12498
3,1444,14440000,14440100,142,355,14450000,12506
3,1445,14450000,14450100,142,355,14460000,12515
3,1446,14460000,14460100,142,355,14470000,12526
3,1447,14470000,14470100,142,355,14480000,12532
3,1448,14480000,14480100,142,355,14490000,12541
3,1449,14490000,14490100,142,355,14500000,12551
3,145,1450000,1450100,142,355,1460000,1256
3,1450,14500000,14500100,142,355,14510000,12559
3,1451,14510000,14510100,142,355,14520000,12565
3,1452,14520000,14520100,142,355,14530000,12579
3,1453,14530000,14530100,142,355,14540000,12585
3,1454,14540000,14540100,142,355,14550000,12592
3,1455,14550000,14550100,142,355,14560000,12601
3,1456,14560000,14560100,142,355,14570000,12612
3,1457,14570000,14570100,142,355,14580000,12619
3,1458,14580000,14580100,142,355,14590000,12629
3,1459,14590000,14590100,142,355,14600000,12637
3,146,1460000,1460100,142,355,1470000,1263
3,1460,14600000,14600100,142,355,14610000,12646
3,1461,14610000,14610100,142,355,14620000,12654
3,1462,14620000,14620100,142,355,14630000,12661
3,1463,14630000,14630100,142,355,14640000,12670
3,1464,14640000,14640100,142,355,14650000,12682
3,1465,14650000,14650100,142,355,14660000,12689
3,1466,14660000,14660100,142,355,14670000,12698
3,1467,14670000,14670100,142,355,14680000,12706
3,1468,14680000,14680100,142,355,14690000,12715
3,1469,14690000,14690100,142,355,14700000,12721
3,147,1470000,1470100,142,355,1480000,1273
3,1470,14700000,14700100,142,355,14710000,12734
3,1471,14710000,14710100,142,355,14720000,12740
3,1472,14720000,14720100,142,355,14730000,12749
3,1473,14730000,14730100,142,355,14740000,12759
3,1474,14740000,14740100,142,355,14750000,12767
3,1475,14750000,14750100,142,355,14760000,12774
3,1476,14760000,14760100,142,355,14770000,12785
3,1477,14770000,14770100,142,355,14780000,12793
3,1478,14780000,14780100,142,355,14790000,12800
3,1479,14790000,14790100,142,355,14800000,12809
3,148,1480000,1480100,142,355,1490000,1282
3,1480,14800000,14800100,142,355,14810000,12821
3,1481,14810000,14810100,142,355,14820000,12827
3,1482,14820000,14820100,142,355,14830000,12837
3,1483,14830000,14830100,142,355,14840000,12843
3,1484,14840000,14840100,142,355,14850000,12853
3,1485,14850000,14850100,142,355,14860000,12863
3,1486,14860000,14860100,142,355,14870000,12870
3,1487,14870000,14870100,142,355,14880000,12878
3,1488,14880000,14880100,142,355,14890000,12890
3,1489,14890000,14890100,142,355,14900000,12896
3,149,1490000,1490100,142,355,1500000,1288
3,1490,14900000,14900100,142,355,14910000,12905
3,1491,14910000,14910100,142,355,14920000,12915
3,1492,14920000,14920100,142,355,14930000,12923
3,1493,14930000,14930100,142,355,14940000,12929
3,1494,14940000,14940100,142,355,14950000,12941
3,1495,14950000,14950100,142,355,14960000,12948
3,1496,14960000,14960100,142,355,14970000,12958
3,1497,14970000,14970100,142,355,14980000,12966
3,1498,14980000,14980100,142,355,14990000,12975
3,1499,14990000,14990100,142,355,15000000,12981
3,15,150000,150100,142,355,160000,129
3,150,1500000,1500100,142,355,1510000,1301
3,1500,15000000,15000100,142,355,15010000,12993
3,1501,15010000,15010100,142,355,15020000,13002
3,1502,15020000,15020100,142,355,15030000,13009
3,1503,15030000,15030100,142,355,15040000,13017
3,1504,15040000,15040100,142,355,15050000,13026
3,1505,15050000,15050100,142,355,15060000,13035
3,1506,15060000,15060100,142,355,15070000,13045
3,1507,15070000,15070100,142,355,15080000,13052
3,1508,15080000,15080100,142,355,15090000,13062
3,1509,15090000,15090100,142,355,15100000,13070
3,151,1510000,1510100,142,355,1520000,1307
3,1510,15100000,15100100,142,355,15110000,13078
3,1511,15110000,15110100,142,355,15120000,13084
3,1512,15120000,15120100,142,355,15130000,13099
3,1513,15130000,15130100,142,355,15140000,13105
3,1514,15140000,15140100,142,355,15150000,13112
3,1515,15150000,15150100,142,355,15160000,13123
3,1516,15160000,15160100,142,355,15170000,13131
3,1517,15170000,15170100,142,355,15180000,13137
3,1518,15180000,15180100,142,355,15190000,13148
3,1519,15190000,15190100,142,355,15200000,13156
3,152,1520000,1520100,142,355,1530000,1316
3,1520,15200000,15200100,142,355,15210000,13166
3,1521,15210000,15210100,142,355,15220000,13174
3,1522,15220000,15220100,142,355,15230000,13183
3,1523,15230000,15230100,142,355,15240000,13190
3,1524,15240000,15240100,142,355,15250000,13201
3,1525,15250000,15250100,142,355,15260000,13208
3,1526,15260000,15260100,142,355,15270000,13217
3,1527,15270000,15270100,142,355,15280000,13225
3,1528,15280000,15280100,142,355,15290000,13234
3,1529,15290000,15290100,142,355,15300000,13243
3,153,1530000,1530100,142,355,1540000,1324
3,1530,15300000,15300100,142,355,15310000,13254
3,1531,15310000,15310100,142,355,15320000,13260
3,1532,15320000,15320100,142,355,15330000,13268
3,1533,15330000,15330100,142,355,15340000,13278
3,1534,15340000,15340100,142,355,15350000,13286
3,1535,15350000,15350100,142,355,15360000,13293
3,1536,15360000,15360100,142,355,15370000,13307
3,1537,15370000,15370100,142,355,15380000,13313
3,1538,15380000,15380100,142,355,15390000,13320
3,1539,15390000,15390100,142,355,15400000,13328
3,154,1540000,1540100,142,355,1550000,1334
3,1540,15400000,15400100,142,355,15410000,13340
3,1541,15410000,15410100,142,355,15420000,13346
3,1542,15420000,15420100,142,355,15430000,13356
3,1543,15430000,15430100,142,355,15440000,13364
3,1544,15440000,15440100,142,355,15450000,13373
3,1545,15450000,15450100,142,355,15460000,13383
3,1546,15460000,15460100,142,355,15470000,13390
3,1547,15470000,15470100,142,355,15480000,13398
3,1548,15480000,15480100,142,355,15490000,13409
3,1549,15490000,15490100,142,355,15500000,13415
3,155,1550000,1550100,142,355,1560000,1341
3,1550,15500000,15500100,142,355,15510000,13425
3,1551,15510000,15510100,142,355,15520000,13434
3,1552,15520000,15520100,142,355,15530000,13443
3,1553,15530000,15530100,142,355,15540000,13449
3,1554,15540000,15540100,142,355,15550000,13461
3,1555,15550000,15550100,142,355,15560000,13468
3,1556,15560000,15560100,142,355,15570000,13477
3,1557,15570000,15570100,142,355,15580000,13487
3,1558,15580000,15580100,142,355,15590000,13494
3,1559,15590000,15590100,142,355,15600000,13500
3,156,1560000,1560100,142,355,1570000,1352
3,1560,15600000,15600100,142,355,15610000,13513
3,1561,15610000,15610100,142,355,15620000,13521
3,1562,15620000,15620100,142,355,15630000,13529
3,1563,15630000,15630100,142,355,15640000,13537
3,1564,15640000,15640100,142,355,15650000,13547
3,1565,15650000,15650100,142,355,15660000,13554
3,1566,15660000,15660100,142,355,15670000,13564
3,1567,15670000,15670100,142,355,15680000,13571
3,1568,15680000,15680100,142,355,15690000,13582
3,1569,15690000,15690100,142,355,15700000,13590
3,157,1570000,1570100,142,355,1580000,1360
3,1570,15700000,15700100,142,355,15710000,13598
3,1571,15710000,15710100,142,355,15720000,13606
3,1572,15720000,15720100,142,355,15730000,13617
3,1573,15730000,15730100,142,355,15740000,13624
3,1574,15740000,15740100,142,355,15750000,13631
3,1575,15750000,15750100,142,355,15760000,13642
3,1576,15760000,15760100,142,355,15770000,13651
3,1577,15770000,15770100,142,355,15780000,13657
3,1578,15780000,15780100,142,355,15790000,13670
3,1579,15790000,15790100,142,355,15800000,13676
3,158,1580000,1580100,142,355,1590000,1367
3,1580,15800000,15800100,142,355,15810000,13685
3,1581,15810000,15810100,142,355,15820000,13693
3,1582,15820000,15820100,142,355,15830000,13702
3,1583,15830000,15830100,142,355,15840000,13708
3,1584,15840000,15840100,142,355,15850000,13721
3,1585,15850000,15850100,142,355,15860000,13730
3,1586,15860000,15860100,142,355,15870000,13737
3,1587,15870000,15870100,142,355,15880000,13745
3,1588,15880000,15880100,142,355,15890000,13753
3,1589,15890000,15890100,142,355,15900000,13762
3,159,1590000,1590100,142,355,1600000,1376
3,1590,15900000,15900100,142,355,15910000,13773
3,1591,15910000,15910100,142,355,15920000,13779
3,1592,15920000,15920100,142,355,15930000,13790
3,1593,15930000,15930100,142,355,15940000,13798
3,1594,15940000,15940100,142,355,15950000,13805
3,1595,15950000,15950100,142,355,15960000,13813
3,1596,15960000,15960100,142,355,15970000,13826
3,1597,15970000,15970100,142,355,15980000,13832
3,1598,15980000,15980100,142,355,15990000,13839
3,1599,15990000,15990100,142,355,16000000,13849
3,16,160000,160100,142,355,170000,139
3,160,1600000,1600100,142,355,1610000,1386
3,1600,16000000,16000100,142,355,16010000,13860
3,1601,16010000,16010100,142,355,16020000,13866
3,1602,16020000,16020100,142,355,16030000,13876
3,1603,16030000,16030100,142,355,16040000,13884
3,1604,16040000,16040100,142,355,16050000,13892
3,1605,16050000,16050100,142,355,16060000,13901
3,1606,16060000,16060100,142,355,16070000,13911
3,1607,16070000,16070100,142,355,16080000,13917
3,1608,16080000,16080100,142,355,16090000,13929
3,1609,16090000,16090100,142,355,16100000,13935
3,161,1610000,1610100,142,355,1620000,1394
3,1610,16100000,16100100,142,355,16110000,13945
3,1611,16110000,16110100,142,355,16120000,13954
3,1612,16120000,16120100,142,355,16130000,13962
3,1613,16130000,16130100,142,355,16140000,13970
3,1614,16140000,16140100,142,355,16150000,13980
3,1615,16150000,16150100,142,355,16160000,13987
3,1616,16160000,16160100,142,355,16170000,13996
3,1617,16170000,16170100,142,355,16180000,14007
3,1618,16180000,16180100,142,355,16190000,14014
3,1619,16190000,16190100,142,355,16200000,14020
3,162,1620000,1620100,142,355,1630000,1404
3,1620,16200000,16200100,142,355,16210000,14034
3,1621,16210000,16210100,142,355,16220000,14040
3,1622,16220000,16220100,142,355,16230000,14048
3,1623,16230000,16230100,142,355,16240000,14056
3,1624,16240000,16240100,142,355,16250000,14067
3,1625,16250000,16250100,142,355,16260000,14074
3,1626,16260000,16260100,142,355,16270000,14084
3,1627,16270000,16270100,142,355,16280000,14092
3,1628,16280000,16280100,142,355,16290000,14101
3,1629,16290000,16290100,142,355,16300000,14109
3,163,1630000,1630100,142,355,1640000,1410
3,1630,16300000,16300100,142,355,16310000,14117
3,1631,16310000,16310100,142,355,16320000,14125
3,1632,16320000,16320100,142,355,16330000,14137
3,1633,16330000,16330100,142,355,16340000,14144
3,1634,16340000,16340100,142,355,16350000,14153
3,1635,16350000,16350100,142,355,16360000,14162
3,1636,16360000,16360100,142,355,16370000,14170
3,1637,16370000,16370100,142,355,16380000,14176
3,1638,16380000,16380100,142,355,16390000,14188
3,1639,16390000,16390100,142,355,16400000,14195
3,164,1640000,1640100,142,355,1650000,1420
3,1640,16400000,16400100,142,355,16410000,14205
3,1641,16410000,16410100,142,355,16420000,14215
3,1642,16420000,16420100,142,355,16430000,14222
3,1643,16430000,16430100,142,355,16440000,14228
3,1644,16440000,16440100,142,355,16450000,14240
3,1645,16450000,16450100,142,355,16460000,14249
3,1646,16460000,16460100,142,355,16470000,14256
3,1647,16470000,16470100,142,355,16480000,14264
3,1648,16480000,16480100,142,355,16490000,14275
3,1649,16490000,16490100,142,355,16500000,14281
3,165,1650000,1650100,142,355,1660000,1430
3,1650,16500000,16500100,142,355,16510000,14293
3,1651,16510000,16510100,142,355,16520000,14299
3,1652,16520000,16520100,142,355,16530000,14309
3,1653,16530000,16530100,142,355,16540000,14317
3,1654,16540000,16540100,142,355,16550000,14324
3,1655,16550000,16550100,142,355,16560000,14334
3,1656,16560000,16560100,142,355,16570000,14346
3,1657,16570000,16570100,142,355,16580000,14352
3,1658,16580000,16580100,142,355,16590000,14359
3,1659,16590000,16590100,142,355,16600000,14369
3,166,1660000,1660100,142,355,1670000,1437
3,1660,16600000,16600100,142,355,16610000,14378
3,1661,16610000,16610100,142,355,16620000,14385
3,1662,16620000,16620100,142,355,16630000,14397
3,1663,16630000,16630100,142,355,16640000,14403
3,1664,16640000,16640100,142,355,16650000,14412
3,1665,16650000,16650100,142,355,16660000,14421
3,1666,16660000,16660100,142,355,16670000,14431
3,1667,16670000,16670100,142,355,16680000,14437
3,1668,16680000,16680100,142,355,16690000,14448
3,1669,16690000,16690100,142,355,16700000,14456
3,167,1670000,1670100,142,355,1680000,1443
3,1670,16700000,16700100,142,355,16710000,14464
3,1671,16710000,16710100,142,355,16720000,14472
3,1672,16720000,16720100,142,355,16730000,14482
3,1673,16730000,16730100,142,355,16740000,14490
3,1674,16740000,16740100,142,355,16750000,14500
3,1675,16750000,16750100,142,355,16760000,14507
3,1676,16760000,16760100,142,355,16770000,14517
3,1677,16770000,16770100,142,355,16780000,14526
3,1678,16780000,16780100,142,355,16790000,14533
3,1679,16790000,16790100,142,355,16800000,14539
3,168,1680000,1680100,142,355,1690000,1457
3,1680,16800000,16800100,142,355,16810000,14554
3,1681,16810000,16810100,142,355,16820000,14560
3,1682,16820000,16820100,142,355,16830000,14567
3,1683,16830000,16830100,142,355,16840000,14578
3,1684,16840000,16840100,142,355,16850000,14586
3,1685,16850000,16850100,142,355,16860000,14593
3,1686,16860000,16860100,142,355,16870000,14603
3,1687,16870000,16870100,142,355,16880000,14611
3,1688,16880000,16880100,142,355,16890000,14621
3,1689,16890000,16890100,142,355,16900000,14629
3,169,1690000,1690100,142,355,1700000,1463
3,1690,16900000,16900100,142,355,16910000,14639
3,1691,16910000,16910100,142,355,16920000,14645
3,1692,16920000,16920100,142,355,16930000,14656
3,1693,16930000,16930100,142,355,16940000,14662
3,1694,16940000,16940100,142,355,16950000,14672
3,1695,16950000,16950100,142,355,16960000,14681
3,1696,16960000,16960100,142,355,16970000,14690
3,1697,16970000,16970100,142,355,16980000,14698
3,1698,16980000,16980100,142,355,16990000,14708
3,1699,16990000,16990100,142,355,17000000,14715
3,17,170000,170100,142,355,180000,147
3,170,1700000,1700100,142,355,1710000,1472
3,1700,17000000,17000100,142,355,17010000,14724
3,1701,17010000,17010100,142,355,17020000,14734
3,1702,17020000,17020100,142,355,17030000,14741
3,1703,17030000,17030100,142,355,17040000,14747
3,1704,17040000,17040100,142,355,17050000,14761
3,1705,17050000,17050100,142,355,17060000,14769
3,1706,17060000,17060100,142,355,17070000,14776
3,1707,17070000,17070100,142,355,17080000,14784
3,1708,17080000,17080100,142,355,17090000,14794
3,1709,17090000,17090100,142,355,17100000,14800
3,171,1710000,1710100,142,355,1720000,1482
3,1710,17100000,17100100,142,355,17110000,14812
3,1711,17110000,17110100,142,355,17120000,14820
3,1712,17120000,17120100,142,355,17130000,14829
3,1713,17130000,17130100,142,355,17140000,14837
3,1714,17140000,17140100,142,355,17150000,14844
3,1715,17150000,17150100,142,355,17160000,14853
3,1716,17160000,17160100,142,355,17170000,14865
3,1717,17170000,17170100,142,355,17180000,14871
3,1718,17180000,17180100,142,355,17190000,14880
3,1719,17190000,17190100,142,355,17200000,14888
3,172,1720000,1720100,142,355,1730000,1490
3,1720,17200000,17200100,142,355,17210000,14898
3,1721,17210000,17210100,142,355,17220000,14905
3,1722,17220000,17220100,142,355,17230000,14917
3,1723,17230000,17230100,142,355,17240000,14923
3,1724,17240000,17240100,142,355,17250000,14931
3,1725,17250000,17250100,142,355,17260000,14942
3,1726,17260000,17260100,142,355,17270000,14949
3,1727,17270000,17270100,142,355,17280000,14956
3,1728,17280000,17280100,142,355,17290000,14968
3,1729,17290000,17290100,142,355,17300000,14976
3,173,1730000,1730100,142,355,1740000,1496
3,1730,17300000,17300100,142,355,17310000,14984
3,1731,17310000,17310100,142,355,17320000,14992
3,1732,17320000,17320100,142,355,17330000,15003
3,1733,17330000,17330100,142,355,17340000,15009
3,1734,17340000,17340100,142,355,17350000,15019
3,1735,17350000,17350100,142,355,17360000,15026
3,1736,17360000,17360100,142,355,17370000,15037
3,1737,17370000,17370100,142,355,17380000,15045
3,1738,17380000,17380100,142,355,17390000,15053
3,1739,17390000,17390100,142,355,17400000,15061
3,174,1740000,1740100,142,355,1750000,1506
3,1740,17400000,17400100,142,355,17410000,15073
3,1741,17410000,17410100,142,355,17420000,15079
3,1742,17420000,17420100,142,355,17430000,15086
3,1743,17430000,17430100,142,355,17440000,15097
3,1744,17440000,17440100,142,355,17450000,15106
3,1745,17450000,17450100,142,355,17460000,15113
3,1746,17460000,17460100,142,355,17470000,15125
3,1747,17470000,17470100,142,355,17480000,15131
3,1748,17480000,17480100,142,355,17490000,15139
3,1749,17490000,17490100,142,355,17500000,15148
3,175,1750000,1750100,142,355,1760000,1515
3,1750,17500000,17500100,142,355,17510000,15158
3,1751,17510000,17510100,142,355,17520000,15164
3,1752,17520000,17520100,142,355,17530000,15176
3,1753,17530000,17530100,142,355,17540000,15184
3,1754,17540000,17540100,142,355,17550000,15192
3,1755,17550000,17550100,142,355,17560000,15201
3,1756,17560000,17560100,142,355,17570000,15209
3,1757,17570000,17570100,142,355,17580000,15217
3,1758,17580000,17580100,142,355,17590000,15227
3,1759,17590000,17590100,142,355,17600000,15233
3,176,1760000,1760100,142,355,1770000,1525
3,1760,17600000,17600100,142,355,17610000,15246
3,1761,17610000,17610100,142,355,17620000,15254
3,1762,17620000,17620100,142,355,17630000,15261
3,1763,17630000,17630100,142,355,17640000,15267
3,1764,17640000,17640100,142,355,17650000,15280
3,1765,17650000,17650100,142,355,17660000,15288
3,1766,17660000,17660100,142,355,17670000,15295
3,1767,17670000,17670100,142,355,17680000,15305
3,1768,17680000,17680100,142,355,17690000,15314
3,1769,17690000,17690100,142,355,17700000,15320
3,177,1770000,1770100,142,355,1780000,1533
3,1770,17700000,17700100,142,355,17710000,15331
3,1771,17710000,17710100,142,355,17720000,15340
3,1772,17720000,17720100,142,355,17730000,15348
3,1773,17730000,17730100,142,355,17740000,15356
3,1774,17740000,17740100,142,355,17750000,15365
3,1775,17750000,17750100,142,355,17760000,15372
3,1776,17760000,17760100,142,355,17770000,15385
3,1777,17770000,17770100,142,355,17780000,15391
3,1778,17780000,17780100,142,355,17790000,15400
3,1779,17790000,17790100,142,355,17800000,15408
3,178,1780000,1780100,142,355,1790000,1542
3,1780,17800000,17800100,142,355,17810000,15417
3,1781,17810000,17810100,142,355,17820000,15425
3,1782,17820000,17820100,142,355,17830000,15436
3,1783,17830000,17830100,142,355,17840000,15442
3,1784,17840000,17840100,142,355,17850000,15451
3,1785,17850000,17850100,142,355,17860000,15462
3,1786,17860000,17860100,142,355,17870000,15469
3,1787,17870000,17870100,142,355,17880000,15476
3,1788,17880000,17880100,142,355,17890000,15489
3,1789,17890000,17890100,142,355,17900000,15495
3,179,1790000,1790100,142,355,1800000,1548
3,1790,17900000,17900100,142,355,17910000,15503
3,1791,17910000,17910100,142,355,17920000,15511
3,1792,17920000,17920100,142,355,17930000,15522
3,1793,17930000,17930100,142,355,17940000,15529
3,1794,17940000,17940100,142,355,17950000,15539
3,1795,17950000,17950100,142,355,17960000,15548
3,1796,17960000,17960100,142,355,17970000,15556
3,1797,17970000,17970100,142,355,17980000,15564
3,1798,17980000,17980100,142,355,17990000,15572
3,1799,17990000,17990100,142,355,18000000,15580
3,18,180000,180100,142,355,190000,157
3,180,1800000,1800100,142,355,1810000,1560
3,1800,18000000,18000100,142,355,18010000,15593
3,1801,18010000,18010100,142,355,18020000,15599
3,1802,18020000,18020100,142,355,18030000,15608
3,1803,18030000,18030100,142,355,18040000,15616
3,1804,18040000,18040100,142,355,18050000,15625
3,1805,18050000,18050100,142,355,18060000,15632
3,1806,18060000,18060100,142,355,18070000,15644
3,1807,18070000,18070100,142,355,18080000,15650
3,1808,18080000,18080100,142,355,18090000,15659
3,1809,18090000,18090100,142,355,18100000,15670
3,181,1810000,1810100,142,355,1820000,1567
3,1810,18100000,18100100,142,355,18110000,15678
3,1811,18110000,18110100,142,355,18120000,15684
3,1812,18120000,18120100,142,355,18130000,15695
3,1813,18130000,18130100,142,355,18140000,15703
3,1814,18140000,18140100,142,355,18150000,15710
3,1815,18150000,18150100,142,355,18160000,15720
3,1816,18160000,18160100,142,355,18170000,15731
3,1817,18170000,18170100,142,355,18180000,15737
3,1818,18180000,18180100,142,355,18190000,15747
3,1819,18190000,18190100,142,355,18200000,15753
3,182,1820000,1820100,142,355,1830000,1576
3,1820,18200000,18200100,142,355,18210000,15765
3,1821,18210000,18210100,142,355,18220000,15773
3,1822,18220000,18220100,142,355,18230000,15780
3,1823,18230000,18230100,142,355,18240000,15788
3,1824,18240000,18240100,142,355,18250000,15800
3,1825,18250000,18250100,142,355,18260000,15807
3,1826,18260000,18260100,142,355,18270000,15815
3,1827,18270000,18270100,142,355,18280000,15825
3,1828,18280000,18280100,142,355,18290000,15833
3,1829,18290000,18290100,142,355,18300000,15839
3,183,1830000,1830100,142,355,1840000,1584
3,1830,18300000,18300100,142,355,18310000,15852
3,1831,18310000,18310100,142,355,18320000,15859
3,1832,18320000,18320100,142,355,18330000,15868
3,1833,18330000,18330100,142,355,18340000,15876
3,1834,18340000,18340100,142,355,18350000,15885
3,1835,18350000,18350100,142,355,18360000,15892
3,1836,18360000,18360100,142,355,18370000,15903
3,1837,18370000,18370100,142,355,18380000,15912
3,1838,18380000,18380100,142,355,18390000,15919
3,1839,18390000,18390100,142,355,18400000,15927
3,184,1840000,1840100,142,355,1850000,1593
3,1840,18400000,18400100,142,355,18410000,15937
3,1841,18410000,18410100,142,355,18420000,15945
3,1842,18420000,18420100,142,355,18430000,15956
3,1843,18430000,18430100,142,355,18440000,15962
3,1844,18440000,18440100,142,355,18450000,15972
3,1845,18450000,18450100,142,355,18460000,15981
3,1846,18460000,18460100,142,355,18470000,15988
3,1847,18470000,18470100,142,355,18480000,15994
3,1848,18480000,18480100,142,355,18490000,16009
3,1849,18490000,18490100,142,355,18500000,16015
3,185,1850000,1850100,142,355,1860000,1602
3,1850,18500000,18500100,142,355,18510000,16023
3,1851,18510000,18510100,142,355,18520000,16033
3,1852,18520000,18520100,142,355,18530000,16041
3,1853,18530000,18530100,142,355,18540000,16048
3,1854,18540000,18540100,142,355,18550000,16058
3,1855,18550000,18550100,142,355,18560000,16067
3,1856,18560000,18560100,142,355,18570000,16076
3,1857,18570000,18570100,142,355,18580000,16084
3,1858,18580000,18580100,142,355,18590000,16093
3,1859,18590000,18590100,142,355,18600000,16100
3,186,1860000,1860100,142,355,1870000,1612
3,1860,18600000,18600100,142,355,18610000,16112
3,1861,18610000,18610100,142,355,18620000,16118
3,1862,18620000,18620100,142,355,18630000,16127
3,1863,18630000,18630100,142,355,18640000,16135
3,1864,18640000,18640100,142,355,18650000,16145
3,1865,18650000,18650100,142,355,18660000,16154
3,1866,18660000,18660100,142,355,18670000,16164
3,1867,18670000,18670100,142,355,18680000,16170
3,1868,18680000,18680100,142,355,18690000,16178
3,1869,18690000,18690100,142,355,18700000,16188
3,187,1870000,1870100,142,355,1880000,1619
3,1870,18700000,18700100,142,355,18710000,16197
3,1871,18710000,18710100,142,355,18720000,16203
3,1872,18720000,18720100,142,355,18730000,16217
3,1873,18730000,18730100,142,355,18740000,16223
3,1874,18740000,18740100,142,355,18750000,16230
3,1875,18750000,18750100,142,355,18760000,16240
3,1876,18760000,18760100,142,355,18770000,16250
3,1877,18770000,18770100,142,355,18780000,16256
3,1878,18780000,18780100,142,355,18790000,16266
3,1879,18790000,18790100,142,355,18800000,16274
3,188,1880000,1880100,142,355,1890000,1627
3,1880,18800000,18800100,142,355,18810000,16284
3,1881,18810000,18810100,142,355,18820000,16293
3,1882,18820000,18820100,142,355,18830000,16300
3,1883,18830000,18830100,142,355,18840000,16308
3,1884,18840000,18840100,142,355,18850000,16319
3,1885,18850000,18850100,142,355,18860000,16326
3,1886,18860000,18860100,142,355,18870000,16336
3,1887,18870000,18870100,142,355,18880000,16344
3,1888,18880000,18880100,142,355,18890000,16353
3,1889,18890000,18890100,142,355,18900000,16359
3,189,1890000,1890100,142,355,1900000,1637
3,1890,18900000,18900100,142,355,18910000,16372
3,1891,18910000,18910100,142,355,18920000,16378
3,1892,18920000,18920100,142,355,18930000,16387
3,1893,18930000,18930100,142,355,18940000,16397
3,1894,18940000,18940100,142,355,18950000,16404
3,1895,18950000,18950100,142,355,18960000,16411
3,1896,18960000,18960100,142,355,18970000,16423
3,1897,18970000,18970100,142,355,18980000,16432
3,1898,18980000,18980100,142,355,18990000,16439
3,1899,18990000,18990100,142,355,19000000,16447
3,19,190000,190100,142,355,200000,163
3,190,1900000,1900100,142,355,1910000,1645
3,1900,19000000,19000100,142,355,19010000,16458
3,1901,19010000,19010100,142,355,19020000,16464
3,1902,19020000,19020100,142,355,19030000,16474
3,1903,19030000,19030100,142,355,19040000,16481
3,1904,19040000,19040100,142,355,19050000,16492
3,1905,19050000,19050100,142,355,19060000,16501
3,1906,19060000,19060100,142,355,19070000,16508
3,1907,19070000,19070100,142,355,19080000,16516
3,1908,19080000,19080100,142,355,19090000,16528
3,1909,19090000,19090100,142,355,19100000,16534
3,191,1910000,1910100,142,355,1920000,1651
3,1910,19100000,19100100,142,355,19110000,16542
3,1911,19110000,19110100,142,355,19120000,16552
3,1912,19120000,19120100,142,355,19130000,16561
3,1913,19130000,19130100,142,355,19140000,16567
3,1914,19140000,19140100,142,355,19150000,16580
3,1915,19150000,19150100,142,355,19160000,16587
3,1916,19160000,19160100,142,355,19170000,16595
3,1917,19170000,19170100,142,355,19180000,16603
3,1918,19180000,19180100,142,355,19190000,16612
3,1919,19190000,19190100,142,355,19200000,16619
3,192,1920000,1920100,142,355,1930000,1666
3,1920,19200000,19200100,142,355,19210000,16632
3,1921,19210000,19210100,142,355,19220000,16640
3,1922,19220000,19220100,142,355,19230000,16647
3,1923,19230000,19230100,142,355,19240000,16655
3,1924,19240000,19240100,142,355,19250000,16663
3,1925,19250000,19250100,142,355,19260000,16673
3,1926,19260000,19260100,142,355,19270000,16683
3,1927,19270000,19270100,142,355,19280000,16689
3,1928,19280000,19280100,142,355,19290000,16700
3,1929,19290000,19290100,142,355,19300000,16708
3,193,1930000,1930100,142,355,1940000,1672
3,1930,19300000,19300100,142,355,19310000,16717
3,1931,19310000,19310100,142,355,19320000,16723
3,1932,19320000,19320100,142,355,19330000,16736
3,1933,19330000,19330100,142,355,19340000,16742
3,1934,19340000,19340100,142,355,19350000,16749
3,1935,19350000,19350100,142,355,19360000,16760
3,1936,19360000,19360100,142,355,19370000,16770
3,1937,19370000,19370100,142,355,19380000,16776
3,1938,19380000,19380100,142,355,19390000,16786
3,1939,19390000,19390100,142,355,19400000,16794
3,194,1940000,1940100,142,355,1950000,1679
3,1940,19400000,19400100,142,355,19410000,16803
3,1941,19410000,19410100,142,355,19420000,16812
3,1942,19420000,19420100,142,355,19430000,16821
3,1943,19430000,19430100,142,355,19440000,16827
3,1944,19440000,19440100,142,355,19450000,16839
3,1945,19450000,19450100,142,355,19460000,16846
3,1946,19460000,19460100,142,355,19470000,16855
3,1947,19470000,19470100,142,355,19480000,16864
3,1948,19480000,19480100,142,355,19490000,16872
3,1949,19490000,19490100,142,355,19500000,16880
3,195,1950000,1950100,142,355,1960000,1688
3,1950,19500000,19500100,142,355,19510000,16891
3,1951,19510000,19510100,142,355,19520000,16897
3,1952,19520000,19520100,142,355,19530000,16907
3,1953,19530000,19530100,142,355,19540000,16917
3,1954,19540000,19540100,142,355,19550000,16924
3,1955,19550000,19550100,142,355,19560000,16931
3,1956,19560000,19560100,142,355,19570000,16944
3,1957,19570000,19570100,142,355,19580000,16950
3,1958,19580000,19580100,142,355,19590000,16958
3,1959,19590000,19590100,142,355,19600000,16966
3,196,1960000,1960100,142,355,1970000,1698
3,1960,19600000,19600100,142,355,19610000,16978
3,1961,19610000,19610100,142,355,19620000,16984
3,1962,19620000,19620100,142,355,19630000,16994
3,1963,19630000,19630100,142,355,19640000,17003
3,1964,19640000,19640100,142,355,19650000,17011
3,1965,19650000,19650100,142,355,19660000,17020
3,1966,19660000,19660100,142,355,19670000,17027
3,1967,19670000,19670100,142,355,19680000,17035
3,1968,19680000,19680100,142,355,19690000,17047
3,1969,19690000,19690100,142,355,19700000,17054
3,197,1970000,1970100,142,355,1980000,1704
3,1970,19700000,19700100,142,355,19710000,17064
3,1971,19710000,19710100,142,355,19720000,17072
3,1972,19720000,19720100,142,355,19730000,17080
3,1973,19730000,19730100,142,355,19740000,17086
3,1974,19740000,19740100,142,355,19750000,17099
3,1975,19750000,19750100,142,355,19760000,17106
3,1976,19760000,19760100,142,355,19770000,17115
3,1977,19770000,19770100,142,355,19780000,17125
3,1978,19780000,19780100,142,355,19790000,17132
3,1979,19790000,19790100,142,355,19800000,17138
3,198,1980000,1980100,142,355,1990000,1715
3,1980,19800000,19800100,142,355,19810000,17151
3,1981,19810000,19810100,142,355,19820000,17159
3,1982,19820000,19820100,142,355,19830000,17166
3,1983,19830000,19830100,142,355,19840000,17174
3,1984,19840000,19840100,142,355,19850000,17185
3,1985,19850000,19850100,142,355,19860000,17193
3,1986,19860000,19860100,142,355,19870000,17203
3,1987,19870000,19870100,142,355,19880000,17209
3,1988,19880000,19880100,142,355,19890000,17219
3,1989,19890000,19890100,142,355,19900000,17227
3,199,1990000,1990100,142,355,2000000,1723
3,1990,19900000,19900100,142,355,19910000,17235
3,1991,19910000,19910100,142,355,19920000,17244
3,1992,19920000,19920100,142,355,19930000,17256
3,1993,19930000,19930100,142,355,19940000,17262
3,1994,19940000,19940100,142,355,19950000,17269
3,1995,19950000,19950100,142,355,19960000,17280
3,1996,19960000,19960100,142,355,19970000,17289
3,1997,19970000,19970100,142,355,19980000,17295
3,1998,19980000,19980100,142,355,19990000,17307
3,1999,19990000,19990100,142,355,20000000,17313
3,2,20000,20100,142,355,30000,16
3,20,200000,200100,142,355,210000,172
3,200,2000000,2000100,142,355,2010000,1733
3,2000,20000000,20000100,142,355,20010000,17323
3,2001,20010000,20010100,142,355,20020000,17331
3,2002,20020000,20020100,142,355,20030000,17341
3,2003,20030000,20030100,142,355,20040000,17347
3,2004,20040000,20040100,142,355,20050000,17358
3,2005,20050000,20050100,142,355,20060000,17367
3,2006,20060000,20060100,142,355,20070000,17374
3,2007,20070000,20070100,142,355,20080000,17383
3,2008,20080000,20080100,142,355,20090000,17392
3,2009,20090000,20090100,142,355,20100000,17400
3,201,2010000,2010100,142,355,2020000,1741
3,2010,20100000,20100100,142,355,20110000,17411
3,2011,20110000,20110100,142,355,20120000,17417
3,2012,20120000,20120100,142,355,20130000,17427
3,2013,20130000,20130100,142,355,20140000,17436
3,2014,20140000,20140100,142,355,20150000,17443
3,2015,20150000,20150100,142,355,20160000,17450
3,2016,20160000,20160100,142,355,20170000,17464
3,2017,20170000,20170100,142,355,20180000,17470
3,2018,20180000,20180100,142,355,20190000,17478
3,2019,20190000,20190100,142,355,20200000,17488
3,202,2020000,2020100,142,355,2030000,1748
3,2020,20200000,20200100,142,355,20210000,17497
3,2021,20210000,20210100,142,355,20220000,17503
3,2022,20220000,20220100,142,355,20230000,17513
3,2023,20230000,20230100,142,355,20240000,17521
3,2024,20240000,20240100,142,355,20250000,17531
3,2025,20250000,20250100,142,355,20260000,17540
3,2026,20260000,20260100,142,355,20270000,17549
3,2027,20270000,20270100,142,355,20280000,17555
3,2028,20280000,20280100,142,355,20290000,17566
3,2029,20290000,20290100,142,355,20300000,17573
3,203,2030000,2030100,142,355,2040000,1757
3,2030,20300000,20300100,142,355,20310000,17583
3,2031,20310000,20310100,142,355,20320000,17591
3,2032,20320000,20320100,142,355,20330000,17600
3,2033,20330000,20330100,142,355,20340000,17608
3,2034,20340000,20340100,142,355,20350000,17618
3,2035,20350000,20350100,142,355,20360000,17626
3,2036,20360000,20360100,142,355,20370000,17634
3,2037,20370000,20370100,142,355,20380000,17644
3,2038,20380000,20380100,142,355,20390000,17651
3,2039,20390000,20390100,142,355,20400000,17657
3,204,2040000,2040100,142,355,2050000,1768
3,2040,20400000,20400100,142,355,20410000,17673
3,2041,20410000,20410100,142,355,20420000,17679
3,2042,20420000,20420100,142,355,20430000,17686
3,2043,20430000,20430100,142,355,20440000,17694
3,2044,20440000,20440100,142,355,20450000,17704
3,2045,20450000,20450100,142,355,20460000,17711
3,2046,20460000,20460100,142,355,20470000,17722
3,2047,20470000,20470100,142,355,20480000,17730
3,2048,20480000,20480100,142,355,20490000,17739
3,2049,20490000,20490100,142,355,20500000,17747
3,205,2050000,2050100,142,355,2060000,1775
3,2050,20500000,20500100,142,355,20510000,17755
3,2051,20510000,20510100,142,355,20520000,17764
3,2052,20520000,20520100,142,355,20530000,17775
3,2053,20530000,20530100,142,355,20540000,17781
3,2054,20540000,20540100,142,355,20550000,17790
3,2055,20550000,20550100,142,355,20560000,17799
3,2056,20560000,20560100,142,355,20570000,17808
3,2057,20570000,20570100,142,355,20580000,17815
3,2058,20580000,20580100,142,355,20590000,17827
3,2059,20590000,20590100,142,355,20600000,17833
3,206,2060000,2060100,142,355,2070000,1784
3,2060,20600000,20600100,142,355,20610000,17842
3,2061,20610000,20610100,142,355,20620000,17852
3,2062,20620000,20620100,142,355,20630000,17860
3,2063,20630000,20630100,142,355,20640000,17866
3,2064,20640000,20640100,142,355,20650000,17878
3,2065,20650000,20650100,142,355,20660000,17887
3,2066,20660000,20660100,142,355,20670000,17894
3,2067,20670000,20670100,142,355,20680000,17902
3,2068,20680000,20680100,142,355,20690000,17913
3,2069,20690000,20690100,142,355,20700000,17919
3,207,2070000,2070100,142,355,2080000,1792
3,2070,20700000,20700100,142,355,20710000,17930
3,2071,20710000,20710100,142,355,20720000,17936
3,2072,20720000,20720100,142,355,20730000,17947
3,2073,20730000,20730100,142,355,20740000,17956
3,2074,20740000,20740100,142,355,20750000,17963
3,2075,20750000,20750100,142,355,20760000,17972
3,2076,20760000,20760100,142,355,20770000,17983
3,2077,20770000,20770100,142,355,20780000,17989
3,2078,20780000,20780100,142,355,20790000,17996
3,2079,20790000,20790100,142,355,20800000,18007
3,208,2080000,2080100,142,355,2090000,1801
3,2080,20800000,20800100,142,355,20810000,18017
3,2081,20810000,20810100,142,355,20820000,18023
3,2082,20820000,20820100,142,355,20830000,18035
3,2083,20830000,20830100,142,355,20840000,18041
3,2084,20840000,20840100,142,355,20850000,18050
3,2085,20850000,20850100,142,355,20860000,18059
3,2086,20860000,20860100,142,355,20870000,18068
3,2087,20870000,20870100,142,355,20880000,18074
3,2088,20880000,20880100,142,355,20890000,18086
3,2089,20890000,20890100,142,355,20900000,18094
3,209,2090000,2090100,142,355,2100000,1808
3,2090,20900000,20900100,142,355,20910000,18103
3,2091,20910000,20910100,142,355,20920000,18111
3,2092,20920000,20920100,142,355,20930000,18119
3,2093,20930000,20930100,142,355,20940000,18127
3,2094,20940000,20940100,142,355,20950000,18137
3,2095,20950000,20950100,142,355,20960000,18145
3,2096,20960000,20960100,142,355,20970000,18156
3,2097,20970000,20970100,142,355,20980000,18164
3,2098,20980000,20980100,142,355,20990000,18171
3,2099,20990000,20990100,142,355,21000000,18177
3,21,210000,210100,142,355,220000,182
3,210,2100000,2100100,142,355,2110000,1821
3,2100,21000000,21000100,142,355,21010000,18191
3,2101,21010000,21010100,142,355,21020000,18198
3,2102,21020000,21020100,142,355,21030000,18205
3,2103,21030000,21030100,142,355,21040000,18215
3,2104,21040000,21040100,142,355,21050000,18224
3,2105,21050000,21050100,142,355,21060000,18231
3,2106,21060000,21060100,142,355,21070000,18242
3,2107,21070000,21070100,142,355,21080000,18250
3,2108,21080000,21080100,142,355,21090000,18258
3,2109,21090000,21090100,142,355,21100000,18266
3,211,2110000,2110100,142,355,2120000,1827
3,2110,21100000,21100100,142,355,21110000,18276
3,2111,21110000,21110100,142,355,21120000,18282
3,2112,21120000,21120100,142,355,21130000,18295
3,2113,21130000,21130100,142,355,21140000,18301
3,2114,21140000,21140100,142,355,21150000,18310
3,2115,21150000,21150100,142,355,21160000,18319
3,2116,21160000,21160100,142,355,21170000,18327
3,2117,21170000,21170100,142,355,21180000,18336
3,2118,21180000,21180100,142,355,21190000,18346
3,2119,21190000,21190100,142,355,21200000,18352
3,212,2120000,2120100,142,355,2130000,1835
3,2120,21200000,21200100,142,355,21210000,18362
3,2121,21210000,21210100,142,355,21220000,18372
3,2122,21220000,21220100,142,355,21230000,18379
3,2123,21230000,21230100,142,355,21240000,18386
3,2124,21240000,21240100,142,355,21250000,18399
3,2125,21250000,21250100,142,355,21260000,18406
3,2126,21260000,21260100,142,355,21270000,18413
3,2127,21270000,21270100,142,355,21280000,18421
3,2128,21280000,21280100,142,355,21290000,18433
3,2129,21290000,21290100,142,355,21300000,18439
3,213,2130000,2130100,142,355,2140000,1845
3,2130,21300000,21300100,142,355,21310000,18450
3,2131,21310000,21310100,142,355,21320000,18458
3,2132,21320000,21320100,142,355,21330000,18466
3,2133,21330000,21330100,142,355,21340000,18474
3,2134,21340000,21340100,142,355,21350000,18482
3,2135,21350000,21350100,142,355,21360000,18491
3,2136,21360000,21360100,142,355,21370000,18503
3,2137,21370000,21370100,142,355,21380000,18509
3,2138,21380000,21380100,142,355,21390000,18518
3,2139,21390000,21390100,142,355,21400000,18527
3,214,2140000,2140100,142,355,2150000,1853
3,2140,21400000,21400100,142,355,21410000,18536
3,2141,21410000,21410100,142,355,21420000,18542
3,2142,21420000,21420100,142,355,21430000,18554
3,2143,21430000,21430100,142,355,21440000,18560
3,2144,21440000,21440100,142,355,21450000,18569
3,2145,21450000,21450100,142,355,21460000,18581
3,2146,21460000,21460100,142,355,21470000,18588
3,2147,21470000,21470100,142,355,21480000,18594
3,2148,21480000,21480100,142,355,21490000,18605
3,2149,21490000,21490100,142,355,21500000,18613
3,215,2150000,2150100,142,355,2160000,1860
3,2150,21500000,21500100,142,355,21510000,18622
3,2151,21510000,21510100,142,355,21520000,18630
3,2152,21520000,21520100,142,355,21530000,18641
3,2153,21530000,21530100,142,355,21540000,18647
3,2154,21540000,21540100,142,355,21550000,18657
3,2155,21550000,21550100,142,355,21560000,18664
3,2156,21560000,21560100,142,355,21570000,18675
3,2157,21570000,21570100,142,355,21580000,18683
3,2158,21580000,21580100,142,355,21590000,18690
3,2159,21590000,21590100,142,355,21600000,18698
3,216,2160000,2160100,142,355,2170000,1872
3,2160,21600000,21600100,142,355,21610000,18711
3,2161,21610000,21610100,142,355,21620000,18718
3,2162,21620000,21620100,142,355,21630000,18725
3,2163,21630000,21630100,142,355,21640000,18735
3,2164,21640000,21640100,142,355,21650000,18743
3,2165,21650000,21650100,142,355,21660000,18750
3,2166,21660000,21660100,142,355,21670000,18762
3,2167,21670000,21670100,142,355,21680000,18769
3,2168,21680000,21680100,142,355,21690000,18778
3,2169,21690000,21690100,142,355,21700000,18786
3,217,2170000,2170100,142,355,2180000,1880
3,2170,21700000,21700100,142,355,21710000,18796
3,2171,21710000,21710100,142,355,21720000,18802
3,2172,21720000,21720100,142,355,21730000,18814
3,2173,21730000,21730100,142,355,21740000,18822
3,2174,21740000,21740100,142,355,21750000,18829
3,2175,21750000,21750100,142,355,21760000,18838
3,2176,21760000,21760100,142,355,21770000,18847
3,2177,21770000,21770100,142,355,21780000,18855
3,2178,21780000,21780100,142,355,21790000,18866
3,2179,21790000,21790100,142,355,21800000,18872
3,218,2180000,2180100,142,355,2190000,1887
3,2180,21800000,21800100,142,355,21810000,18883
3,2181,21810000,21810100,142,355,21820000,18891
3,2182,21820000,21820100,142,355,21830000,18898
3,2183,21830000,21830100,142,355,21840000,18905
3,2184,21840000,21840100,142,355,21850000,18919
3,2185,21850000,21850100,142,355,21860000,18926
3,2186,21860000,21860100,142,355,21870000,18933
3,2187,21870000,21870100,142,355,21880000,18943
3,2188,21880000,21880100,142,355,21890000,18951
3,2189,21890000,21890100,142,355,21900000,18958
3,219,2190000,2190100,142,355,2200000,1895
3,2190,21900000,21900100,142,355,21910000,18969
3,2191,21910000,21910100,142,355,21920000,18977
3,2192,21920000,21920100,142,355,21930000,18986
3,2193,21930000,21930100,142,355,21940000,18994
3,2194,21940000,21940100,142,355,21950000,19004
3,2195,21950000,21950100,142,355,21960000,19011
3,2196,21960000,21960100,142,355,21970000,19022
3,2197,21970000,21970100,142,355,21980000,19028
3,2198,21980000,21980100,142,355,21990000,19037
3,2199,21990000,21990100,142,355,22000000,19045
3,22,220000,220100,142,355,230000,190
3,220,2200000,2200100,142,355,2210000,1907
3,2200,22000000,22000100,142,355,22010000,19056
3,2201,22010000,22010100,142,355,22020000,19064
3,2202,22020000,22020100,142,355,22030000,19074
3,2203,22030000,22030100,142,355,22040000,19080
3,2204,22040000,22040100,142,355,22050000,19088
3,2205,22050000,22050100,142,355,22060000,19100
3,2206,22060000,22060100,142,355,22070000,19107
3,2207,22070000,22070100,142,355,22080000,19113
3,2208,22080000,22080100,142,355,22090000,19127
3,2209,22090000,22090100,142,355,22100000,19133
3,221,2210000,2210100,142,355,2220000,1913
3,2210,22100000,22100100,142,355,22110000,19141
3,2211,22110000,22110100,142,355,22120000,19150
3,2212,22120000,22120100,142,355,22130000,19160
3,2213,22130000,22130100,142,355,22140000,19166
3,2214,22140000,22140100,142,355,22150000,19176
3,2215,22150000,22150100,142,355,22160000,19185
3,2216,22160000,22160100,142,355,22170000,19195
3,2217,22170000,22170100,142,355,22180000,19203
3,2218,22180000,22180100,142,355,22190000,19210
3,2219,22190000,22190100,142,355,22200000,19218
3,222,2220000,2220100,142,355,2230000,1923
3,2220,22200000,22200100,142,355,22210000,19230
3,2221,22210000,22210100,142,355,22220000,19236
3,2222,22220000,22220100,142,355,22230000,19246
3,2223,22230000,22230100,142,355,22240000,19254
3,2224,22240000,22240100,142,355,22250000,19263
3,2225,22250000,22250100,142,355,22260000,19270
3,2226,22260000,22260100,142,355,22270000,19282
3,2227,22270000,22270100,142,355,22280000,19289
3,2228,22280000,22280100,142,355,22290000,19297
3,2229,22290000,22290100,142,355,22300000,19307
3,223,2230000,2230100,142,355,2240000,1929
3,2230,22300000,22300100,142,355,22310000,19315
3,2231,22310000,22310100,142,355,22320000,19321
3,2232,22320000,22320100,142,355,22330000,19333
3,2233,22330000,22330100,142,355,22340000,19342
3,2234,22340000,22340100,142,355,22350000,19349
3,2235,22350000,22350100,142,355,22360000,19358
3,2236,22360000,22360100,142,355,22370000,19368
3,2237,22370000,22370100,142,355,22380000,19374
3,2238,22380000,22380100,142,355,22390000,19385
3,2239,22390000,22390100,142,355,22400000,19391
3,224,2240000,2240100,142,355,2250000,1940
3,2240,22400000,22400100,142,355,22410000,19403
3,2241,22410000,22410100,142,355,22420000,19411
3,2242,22420000,22420100,142,355,22430000,19418
3,2243,22430000,22430100,142,355,22440000,19426
3,2244,22440000,22440100,142,355,22450000,19438
3,2245,22450000,22450100,142,355,22460000,19445
3,2246,22460000,22460100,142,355,22470000,19452
3,2247,22470000,22470100,142,355,22480000,19462
3,2248,22480000,22480100,142,355,22490000,19471
3,2249,22490000,22490100,142,355,22500000,19478
3,225,2250000,2250100,142,355,2260000,1950
3,2250,22500000,22500100,142,355,22510000,19491
3,2251,22510000,22510100,142,355,22520000,19497
3,2252,22520000,22520100,142,355,22530000,19505
3,2253,22530000,22530100,142,355,22540000,19513
3,2254,22540000,22540100,142,355,22550000,19522
3,2255,22550000,22550100,142,355,22560000,19530
3,2256,22560000,22560100,142,355,22570000,19542
3,2257,22570000,22570100,142,355,22580000,19550
3,2258,22580000,22580100,142,355,22590000,19557
3,2259,22590000,22590100,142,355,22600000,19565
3,226,2260000,2260100,142,355,2270000,1957
3,2260,22600000,22600100,142,355,22610000,19575
3,2261,22610000,22610100,142,355,22620000,19583
3,2262,22620000,22620100,142,355,22630000,19593
3,2263,22630000,22630100,142,355,22640000,19599
3,2264,22640000,22640100,142,355,22650000,19610
3,2265,22650000,22650100,142,355,22660000,19619
3,2266,22660000,22660100,142,355,22670000,19627
3,2267,22670000,22670100,142,355,22680000,19633
3,2268,22680000,22680100,142,355,22690000,19646
3,2269,22690000,22690100,142,355,22700000,19652
3,227,2270000,2270100,142,355,2280000,1965
3,2270,22700000,22700100,142,355,22710000,19660
3,2271,22710000,22710100,142,355,22720000,19671
3,2272,22720000,22720100,142,355,22730000,19680
3,2273,22730000,22730100,142,355,22740000,19686
3,2274,22740000,22740100,142,355,22750000,19696
3,2275,22750000,22750100,142,355,22760000,19705
3,2276,22760000,22760100,142,355,22770000,19713
3,2277,22770000,22770100,142,355,22780000,19722
3,2278,22780000,22780100,142,355,22790000,19731
3,2279,22790000,22790100,142,355,22800000,19737
3,228,2280000,2280100,142,355,2290000,1976
3,2280,22800000,22800100,142,355,22810000,19750
3,2281,22810000,22810100,142,355,22820000,19756
3,2282,22820000,22820100,142,355,22830000,19766
3,2283,22830000,22830100,142,355,22840000,19774
3,2284,22840000,22840100,142,355,22850000,19782
3,2285,22850000,22850100,142,355,22860000,19791
3,2286,22860000,22860100,142,355,22870000,19801
3,2287,22870000,22870100,142,355,22880000,19807
3,2288,22880000,22880100,142,355,22890000,19817
3,2289,22890000,22890100,142,355,22900000,19827
3,229,2290000,2290100,142,355,2300000,1982
3,2290,22900000,22900100,142,355,22910000,19835
3,2291,22910000,22910100,142,355,22920000,19841
3,2292,22920000,22920100,142,355,22930000,19854
3,2293,22930000,22930100,142,355,22940000,19861
3,2294,22940000,22940100,142,355,22950000,19868
3,2295,22950000,22950100,142,355,22960000,19877
3,2296,22960000,22960100,142,355,22970000,19888
3,2297,22970000,22970100,142,355,22980000,19894
3,2298,22980000,22980100,142,355,22990000,19904
3,2299,22990000,22990100,142,355,23000000,19913
3,23,230000,230100,142,355,240000,196
3,230,2300000,2300100,142,355,2310000,1990
3,2300,23000000,23000100,142,355,23010000,19922
3,2301,23010000,23010100,142,355,23020000,19930
3,2302,23020000,23020100,142,355,23030000,19937
3,2303,23030000,23030100,142,355,23040000,19945
3,2304,23040000,23040100,142,355,23050000,19958
3,2305,23050000,23050100,142,355,23060000,19965
3,2306,23060000,23060100,142,355,23070000,19974
3,2307,23070000,23070100,142,355,23080000,19982
3,2308,23080000,23080100,142,355,23090000,19990
3,2309,23090000,23090100,142,355,23100000,19996
3,231,2310000,2310100,142,355,2320000,2001
3,2310,23100000,23100100,142,355,23110000,20010
3,2311,23110000,23110100,142,355,23120000,20016
3,2312,23120000,23120100,142,355,23130000,20025
3,2313,23130000,23130100,142,355,23140000,20035
3,2314,23140000,23140100,142,355,23150000,20042
3,2315,23150000,23150100,142,355,23160000,20050
3,2316,23160000,23160100,142,355,23170000,20061
3,2317,23170000,23170100,142,355,23180000,20069
3,2318,23180000,23180100,142,355,23190000,20076
3,2319,23190000,23190100,142,355,23200000,20084
3,232,2320000,2320100,142,355,2330000,2010
3,2320,23200000,23200100,142,355,23210000,20096
3,2321,23210000,23210100,142,355,23220000,20103
3,2322,23220000,23220100,142,355,23230000,20113
3,2323,23230000,23230100,142,355,23240000,20119
3,2324,23240000,23240100,142,355,23250000,20129
3,2325,23250000,23250100,142,355,23260000,20138
3,2326,23260000,23260100,142,355,23270000,20146
3,2327,23270000,23270100,142,355,23280000,20154
3,2328,23280000,23280100,142,355,23290000,20166
3,2329,23290000,23290100,142,355,23300000,20172
3,233,2330000,2330100,142,355,2340000,2016
3,2330,23300000,23300100,142,355,23310000,20180
3,2331,23310000,23310100,142,355,23320000,20190
3,2332,23320000,23320100,142,355,23330000,20199
3,2333,23330000,23330100,142,355,23340000,20205
3,2334,23340000,23340100,142,355,23350000,20217
3,2335,23350000,23350100,142,355,23360000,20224
3,2336,23360000,23360100,142,355,23370000,20233
3,2337,23370000,23370100,142,355,23380000,20242
3,2338,23380000,23380100,142,355,23390000,20251
3,2339,23390000,23390100,142,355,23400000,20257
3,234,2340000,2340100,142,355,2350000,2028
3,2340,23400000,23400100,142,355,23410000,20269
3,2341,23410000,23410100,142,355,23420000,20277
3,2342,23420000,23420100,142,355,23430000,20284
3,2343,23430000,23430100,142,355,23440000,20293
3,2344,23440000,23440100,142,355,23450000,20302
3,2345,23450000,23450100,142,355,23460000,20311
3,2346,23460000,23460100,142,355,23470000,20321
3,2347,23470000,23470100,142,355,23480000,20327
3,2348,23480000,23480100,142,355,23490000,20338
3,2349,23490000,23490100,142,355,23500000,20346
3,235,2350000,2350100,142,355,2360000,2035
3,2350,23500000,23500100,142,355,23510000,20354
3,2351,23510000,23510100,142,355,23520000,20360
3,2352,23520000,23520100,142,355,23530000,20374
3,2353,23530000,23530100,142,355,23540000,20380
3,2354,23540000,23540100,142,355,23550000,20388
3,2355,23550000,23550100,142,355,23560000,20399
3,2356,23560000,23560100,142,355,23570000,20407
3,2357,23570000,23570100,142,355,23580000,20413
3,2358,23580000,23580100,142,355,23590000,20423
3,2359,23590000,23590100,142,355,23600000,20432
3,236,2360000,2360100,142,355,2370000,2044
3,2360,23600000,23600100,142,355,23610000,20442
3,2361,23610000,23610100,142,355,23620000,20450
3,2362,23620000,23620100,142,355,23630000,20459
3,2363,23630000,23630100,142,355,23640000,20465
3,2364,23640000,23640100,142,355,23650000,20476
3,2365,23650000,23650100,142,355,23660000,20484
3,2366,23660000,23660100,142,355,23670000,20493
3,2367,23670000,23670100,142,355,23680000,20501
3,2368,23680000,23680100,142,355,23690000,20510
3,2369,23690000,23690100,142,355,23700000,20518
3,237,2370000,2370100,142,355,2380000,2052
3,2370,23700000,23700100,142,355,23710000,20530
3,2371,23710000,23710100,142,355,23720000,20536
3,2372,23720000,23720100,142,355,23730000,20544
3,2373,23730000,23730100,142,355,23740000,20554
3,2374,23740000,23740100,142,355,23750000,20561
3,2375,23750000,23750100,142,355,23760000,20568
3,2376,23760000,23760100,142,355,23770000,20583
3,2377,23770000,23770100,142,355,23780000,20589
3,2378,23780000,23780100,142,355,23790000,20596
3,2379,23790000,23790100,142,355,23800000,20604
3,238,2380000,2380100,142,355,2390000,2061
3,2380,23800000,23800100,142,355,23810000,20615
3,2381,23810000,23810100,142,355,23820000,20622
3,2382,23820000,23820100,142,355,23830000,20632
3,2383,23830000,23830100,142,355,23840000,20640
3,2384,23840000,23840100,142,355,23850000,20649
3,2385,23850000,23850100,142,355,23860000,20658
3,2386,23860000,23860100,142,355,23870000,20665
3,2387,23870000,23870100,142,355,23880000,20674
3,2388,23880000,23880100,142,355,23890000,20685
3,2389,23890000,23890100,142,355,23900000,20691
3,239,2390000,2390100,142,355,2400000,2067
3,2390,23900000,23900100,142,355,23910000,20701
3,2391,23910000,23910100,142,355,23920000,20709
3,2392,23920000,23920100,142,355,23930000,20719
3,2393,23930000,23930100,142,355,23940000,20725
3,2394,23940000,23940100,142,355,23950000,20737
3,2395,23950000,23950100,142,355,23960000,20744
3,2396,23960000,23960100,142,355,23970000,20752
3,2397,23970000,23970100,142,355,23980000,20762
3,2398,23980000,23980100,142,355,23990000,20770
3,2399,23990000,23990100,142,355,24000000,20776
3,24,240000,240100,142,355,250000,210
3,240,2400000,2400100,142,355,2410000,2080
3,2400,24000000,24000100,142,355,24010000,20789
3,2401,24010000,24010100,142,355,24020000,20797
3,2402,24020000,24020100,142,355,24030000,20804
3,2403,24030000,24030100,142,355,24040000,20813
3,2404,24040000,24040100,142,355,24050000,20823
3,2405,24050000,24050100,142,355,24060000,20830
3,2406,24060000,24060100,142,355,24070000,20840
3,2407,24070000,24070100,142,355,24080000,20846
3,2408,24080000,24080100,142,355,24090000,20857
3,2409,24090000,24090100,142,355,24100000,20866
3,241,2410000,2410100,142,355,2420000,2088
3,2410,24100000,24100100,142,355,24110000,20874
3,2411,24110000,24110100,142,355,24120000,20882
3,2412,24120000,24120100,142,355,24130000,20893
3,2413,24130000,24130100,142,355,24140000,20899
3,2414,24140000,24140100,142,355,24150000,20907
3,2415,24150000,24150100,142,355,24160000,20918
3,2416,24160000,24160100,142,355,24170000,20927
3,2417,24170000,24170100,142,355,24180000,20933
3,2418,24180000,24180100,142,355,24190000,20945
3,2419,24190000,24190100,142,355,24200000,20951
3,242,2420000,2420100,142,355,2430000,2096
3,2420,24200000,24200100,142,355,24210000,20961
3,2421,24210000,24210100,142,355,24220000,20969
3,2422,24220000,24220100,142,355,24230000,20978
3,2423,24230000,24230100,142,355,24240000,20984
3,2424,24240000,24240100,142,355,24250000,20996
3,2425,24250000,24250100,142,355,24260000,21006
3,2426,24260000,24260100,142,355,24270000,21013
3,2427,24270000,24270100,142,355,24280000,21021
3,2428,24280000,24280100,142,355,24290000,21029
3,2429,24290000,24290100,142,355,24300000,21037
3,243,2430000,2430100,142,355,2440000,2104
3,2430,24300000,24300100,142,355,24310000,21048
3,2431,24310000,24310100,142,355,24320000,21055
3,2432,24320000,24320100,142,355,24330000,21066
3,2433,24330000,24330100,142,355,24340000,21074
3,2434,24340000,24340100,142,355,24350000,21081
3,2435,24350000,24350100,142,355,24360000,21088
3,2436,24360000,24360100,142,355,24370000,21102
3,2437,24370000,24370100,142,355,24380000,21108
3,2438,24380000,24380100,142,355,24390000,21115
3,2439,24390000,24390100,142,355,24400000,21125
3,244,2440000,2440100,142,355,2450000,2112
3,2440,24400000,24400100,142,355,24410000,21135
3,2441,24410000,24410100,142,355,24420000,21141
3,2442,24420000,24420100,142,355,24430000,21152
3,2443,24430000,24430100,142,355,24440000,21160
3,2444,24440000,24440100,142,355,24450000,21168
3,2445,24450000,24450100,142,355,24460000,21177
3,2446,24460000,24460100,142,355,24470000,21186
3,2447,24470000,24470100,142,355,24480000,21193
3,2448,24480000,24480100,142,355,24490000,21205
3,2449,24490000,24490100,142,355,24500000,21211
3,245,2450000,2450100,142,355,2460000,2121
3,2450,24500000,24500100,142,355,24510000,21221
3,2451,24510000,24510100,142,355,24520000,21229
3,2452,24520000,24520100,142,355,24530000,21237
3,2453,24530000,24530100,142,355,24540000,21246
3,2454,24540000,24540100,142,355,24550000,21256
3,2455,24550000,24550100,142,355,24560000,21263
3,2456,24560000,24560100,142,355,24570000,21272
3,2457,24570000,24570100,142,355,24580000,21282
3,2458,24580000,24580100,142,355,24590000,21290
3,2459,24590000,24590100,142,355,24600000,21296
3,246,2460000,2460100,142,355,2470000,2131
3,2460,24600000,24600100,142,355,24610000,21310
3,2461,24610000,24610100,142,355,24620000,21316
3,2462,24620000,24620100,142,355,24630000,21323
3,2463,24630000,24630100,142,355,24640000,21331
3,2464,24640000,24640100,142,355,24650000,21343
3,2465,24650000,24650100,142,355,24660000,21350
3,2466,24660000,24660100,142,355,24670000,21360
3,2467,24670000,24670100,142,355,24680000,21368
3,2468,24680000,24680100,142,355,24690000,21376
3,2469,24690000,24690100,142,355,24700000,21385
3,247,2470000,2470100,142,355,2480000,2138
3,2470,24700000,24700100,142,355,24710000,21393
3,2471,24710000,24710100,142,355,24720000,21401
3,2472,24720000,24720100,142,355,24730000,21413
3,2473,24730000,24730100,142,355,24740000,21419
3,2474,24740000,24740100,142,355,24750000,21428
3,2475,24750000,24750100,142,355,24760000,21438
3,2476,24760000,24760100,142,355,24770000,21446
3,2477,24770000,24770100,142,355,24780000,21452
3,2478,24780000,24780100,142,355,24790000,21464
3,2479,24790000,24790100,142,355,24800000,21470
3,248,2480000,2480100,142,355,2490000,2149
3,2480,24800000,24800100,142,355,24810000,21481
3,2481,24810000,24810100,142,355,24820000,21491
3,2482,24820000,24820100,142,355,24830000,21498
3,2483,24830000,24830100,142,355,24840000,21504
3,2484,24840000,24840100,142,355,24850000,21515
3,2485,24850000,24850100,142,355,24860000,21524
3,2486,24860000,24860100,142,355,24870000,21532
3,2487,24870000,24870100,142,355,24880000,21540
3,2488,24880000,24880100,142,355,24890000,21551
3,2489,24890000,24890100,142,355,24900000,21557
3,249,2490000,2490100,142,355,2500000,2157
3,2490,24900000,24900100,142,355,24910000,21568
3,2491,24910000,24910100,142,355,24920000,21575
3,2492,24920000,24920100,142,355,24930000,21585
3,2493,24930000,24930100,142,355,24940000,21593
3,2494,24940000,24940100,142,355,24950000,21600
3,2495,24950000,24950100,142,355,24960000,21609
3,2496,24960000,24960100,142,355,24970000,21621
3,2497,24970000,24970100,142,355,24980000,21628
3,2498,24980000,24980100,142,355,24990000,21635
3,2499,24990000,24990100,142,355,25000000,21645
3,25,250000,250100,142,355,260000,217
3,250,2500000,2500100,142,355,2510000,2165
3,2500,25000000,25000100,142,355,25010000,21654
3,2501,25010000,25010100,142,355,25020000,21660
3,2502,25020000,25020100,142,355,25030000,21673
3,2503,25030000,25030100,142,355,25040000,21679
3,2504,25040000,25040100,142,355,25050000,21688
3,2505,25050000,25050100,142,355,25060000,21697
3,2506,25060000,25060100,142,355,25070000,21706
3,2507,25070000,25070100,142,355,25080000,21712
3,2508,25080000,25080100,142,355,25090000,21724
3,2509,25090000,25090100,142,355,25100000,21732
3,251,2510000,2510100,142,355,2520000,2171
3,2510,25100000,25100100,142,355,25110000,21740
3,2511,25110000,25110100,142,355,25120000,21748
3,2512,25120000,25120100,142,355,25130000,21757
3,2513,25130000,25130100,142,355,25140000,21766
3,2514,25140000,25140100,142,355,25150000,21776
3,2515,25150000,25150100,142,355,25160000,21783
3,2516,25160000,25160100,142,355,25170000,21793
3,2517,25170000,25170100,142,355,25180000,21801
3,2518,25180000,25180100,142,355,25190000,21808
3,2519,25190000,25190100,142,355,25200000,21815
3,252,2520000,2520100,142,355,2530000,2184
3,2520,25200000,25200100,142,355,25210000,21830
3,2521,25210000,25210100,142,355,25220000,21836
3,2522,25220000,25220100,142,355,25230000,21843
3,2523,25230000,25230100,142,355,25240000,21853
3,2524,25240000,25240100,142,355,25250000,21862
3,2525,25250000,25250100,142,355,25260000,21869
3,2526,25260000,25260100,142,355,25270000,21879
3,2527,25270000,25270100,142,355,25280000,21887
3,2528,25280000,25280100,142,355,25290000,21896
3,2529,25290000,25290100,142,355,25300000,21904
3,253,2530000,2530100,142,355,2540000,2191
3,2530,25300000,25300100,142,355,25310000,21915
3,2531,25310000,25310100,142,355,25320000,21921
3,2532,25320000,25320100,142,355,25330000,21932
3,2533,25330000,25330100,142,355,25340000,21938
3,2534,25340000,25340100,142,355,25350000,21947
3,2535,25350000,25350100,142,355,25360000,21957
3,2536,25360000,25360100,142,355,25370000,21966
3,2537,25370000,25370100,142,355,25380000,21974
3,2538,25380000,25380100,142,355,25390000,21984
3,2539,25390000,25390100,142,355,25400000,21990
3,254,2540000,2540100,142,355,2550000,2198
3,2540,25400000,25400100,142,355,25410000,21999
3,2541,25410000,25410100,142,355,25420000,22010
3,2542,25420000,25420100,142,355,25430000,22017
3,2543,25430000,25430100,142,355,25440000,22023
3,2544,25440000,25440100,142,355,25450000,22037
3,2545,25450000,25450100,142,355,25460000,22044
3,2546,25460000,25460100,142,355,25470000,22052
3,2547,25470000,25470100,142,355,25480000,22060
3,2548,25480000,25480100,142,355,25490000,22070
3,2549,25490000,25490100,142,355,25500000,22076
3,255,2550000,2550100,142,355,2560000,2209
3,2550,25500000,25500100,142,355,25510000,22087
3,2551,25510000,25510100,142,355,25520000,22095
3,2552,25520000,25520100,142,355,25530000,22105
3,2553,25530000,25530100,142,355,25540000,22113
3,2554,25540000,25540100,142,355,25550000,22120
3,2555,25550000,25550100,142,355,25560000,22129
3,2556,25560000,25560100,142,355,25570000,22140
3,2557,25570000,25570100,142,355,25580000,22147
3,2558,25580000,25580100,142,355,25590000,22156
3,2559,25590000,25590100,142,355,25600000,22164
3,256,2560000,2560100,142,355,2570000,2218
3,2560,25600000,25600100,142,355,25610000,22174
3,2561,25610000,25610100,142,355,25620000,22180
3,2562,25620000,25620100,142,355,25630000,22192
3,2563,25630000,25630100,142,355,25640000,22199
3,2564,25640000,25640100,142,355,25650000,22207
3,2565,25650000,25650100,142,355,25660000,22218
3,2566,25660000,25660100,142,355,25670000,22225
3,2567,25670000,25670100,142,355,25680000,22231
3,2568,25680000,25680100,142,355,25690000,22244
3,2569,25690000,25690100,142,355,25700000,22252
3,257,2570000,2570100,142,355,2580000,2224
3,2570,25700000,25700100,142,355,25710000,22260
3,2571,25710000,25710100,142,355,25720000,22268
3,2572,25720000,25720100,142,355,25730000,22278
3,2573,25730000,25730100,142,355,25740000,22284
3,2574,25740000,25740100,142,355,25750000,22295
3,2575,25750000,25750100,142,355,25760000,22302
3,2576,25760000,25760100,142,355,25770000,22313
3,2577,25770000,25770100,142,355,25780000,22321
3,2578,25780000,25780100,142,355,25790000,22328
3,2579,25790000,25790100,142,355,25800000,22337
3,258,2580000,2580100,142,355,2590000,2235
3,2580,25800000,25800100,142,355,25810000,22349
3,2581,25810000,25810100,142,355,25820000,22355
3,2582,25820000,25820100,142,355,25830000,22362
3,2583,25830000,25830100,142,355,25840000,22372
3,2584,25840000,25840100,142,355,25850000,22381
3,2585,25850000,25850100,142,355,25860000,22389
3,2586,25860000,25860100,142,355,25870000,22401
3,2587,25870000,25870100,142,355,25880000,22407
3,2588,25880000,25880100,142,355,25890000,22415
3,2589,25890000,25890100,142,355,25900000,22423
3,259,2590000,2590100,142,355,2600000,2243
3,2590,25900000,25900100,142,355,25910000,22434
3,2591,25910000,25910100,142,355,25920000,22440
3,2592,25920000,25920100,142,355,25930000,22452
3,2593,25930000,25930100,142,355,25940000,22460
3,2594,25940000,25940100,142,355,25950000,22467
3,2595,25950000,25950100,142,355,25960000,22476
3,2596,25960000,25960100,142,355,25970000,22485
3,2597,25970000,25970100,142,355,25980000,22493
3,2598,25980000,25980100,142,355,25990000,22503
3,2599,25990000,25990100,142,355,26000000,22509
3,26,260000,260100,142,355,270000,224
3,260,2600000,2600100,142,355,2610000,2252
3,2600,26000000,26000100,142,355,26010000,22521
3,2601,26010000,26010100,142,355,26020000,22530
3,2602,26020000,26020100,142,355,26030000,22537
3,2603,26030000,26030100,142,355,26040000,22543
3,2604,26040000,26040100,142,355,26050000,22556
3,2605,26050000,26050100,142,355,26060000,22563
3,2606,26060000,26060100,142,355,26070000,22570
3,2607,26070000,26070100,142,355,26080000,22581
3,2608,26080000,26080100,142,355,26090000,22590
3,2609,26090000,26090100,142,355,26100000,22596
3,261,2610000,2610100,142,355,2620000,2260
3,2610,26100000,26100100,142,355,26110000,22607
3,2611,26110000,26110100,142,355,26120000,22615
3,2612,26120000,26120100,142,355,26130000,22624
3,2613,26130000,26130100,142,355,26140000,22632
3,2614,26140000,26140100,142,355,26150000,22641
3,2615,26150000,26150100,142,355,26160000,22648
3,2616,26160000,26160100,142,355,26170000,22660
3,2617,26170000,26170100,142,355,26180000,22666
3,2618,26180000,26180100,142,355,26190000,22676
3,2619,26190000,26190100,142,355,26200000,22684
3,262,2620000,2620100,142,355,2630000,2269
3,2620,26200000,26200100,142,355,26210000,22693
3,2621,26210000,26210100,142,355,26220000,22701
3,2622,26220000,26220100,142,355,26230000,22711
3,2623,26230000,26230100,142,355,26240000,22718
3,2624,26240000,26240100,142,355,26250000,22727
3,2625,26250000,26250100,142,355,26260000,22738
3,2626,26260000,26260100,142,355,26270000,22745
3,2627,26270000,26270100,142,355,26280000,22751
3,2628,26280000,26280100,142,355,26290000,22764
3,2629,26290000,26290100,142,355,26300000,22771
3,263,2630000,2630100,142,355,2640000,2275
3,2630,26300000,26300100,142,355,26310000,22779
3,2631,26310000,26310100,142,355,26320000,22787
3,2632,26320000,26320100,142,355,26330000,22798
3,2633,26330000,26330100,142,355,26340000,22804
3,2634,26340000,26340100,142,355,26350000,22815
3,2635,26350000,26350100,142,355,26360000,22824
3,2636,26360000,26360100,142,355,26370000,22832
3,2637,26370000,26370100,142,355,26380000,22840
3,2638,26380000,26380100,142,355,26390000,22847
3,2639,26390000,26390100,142,355,26400000,22855
3,264,2640000,2640100,142,355,2650000,2288
3,2640,26400000,26400100,142,355,26410000,22869
3,2641,26410000,26410100,142,355,26420000,22875
3,2642,26420000,26420100,142,355,26430000,22884
3,2643,26430000,26430100,142,355,26440000,22892
3,2644,26440000,26440100,142,355,26450000,22900
3,2645,26450000,26450100,142,355,26460000,22908
3,2646,26460000,26460100,142,355,26470000,22920
3,2647,26470000,26470100,142,355,26480000,22926
3,2648,26480000,26480100,142,355,26490000,22935
3,2649,26490000,26490100,142,355,26500000,22945
3,265,2650000,2650100,142,355,2660000,2295
3,2650,26500000,26500100,142,355,26510000,22953
3,2651,26510000,26510100,142,355,26520000,22960
3,2652,26520000,26520100,142,355,26530000,22971
3,2653,26530000,26530100,142,355,26540000,22979
3,2654,26540000,26540100,142,355,26550000,22986
3,2655,26550000,26550100,142,355,26560000,22995
3,2656,26560000,26560100,142,355,26570000,23007
3,2657,26570000,26570100,142,355,26580000,23013
3,2658,26580000,26580100,142,355,26590000,23023
3,2659,26590000,26590100,142,355,26600000,23029
3,266,2660000,2660100,142,355,2670000,2304
3,2660,26600000,26600100,142,355,26610000,23040
3,2661,26610000,26610100,142,355,26620000,23048
3,2662,26620000,26620100,142,355,26630000,23056
3,2663,26630000,26630100,142,355,26640000,23064
3,2664,26640000,26640100,142,355,26650000,23076
3,2665,26650000,26650100,142,355,26660000,23083
3,2666,26660000,26660100,142,355,26670000,23090
3,2667,26670000,26670100,142,355,26680000,23101
3,2668,26680000,26680100,142,355,26690000,23109
3,2669,26690000,26690100,142,355,26700000,23115
3,267,2670000,2670100,142,355,2680000,2312
3,2670,26700000,26700100,142,355,26710000,23128
3,2671,26710000,26710100,142,355,26720000,23134
3,2672,26720000,26720100,142,355,26730000,23143
3,2673,26730000,26730100,142,355,26740000,23152
3,2674,26740000,26740100,142,355,26750000,23161
3,2675,26750000,26750100,142,355,26760000,23168
3,2676,26760000,26760100,142,355,26770000,23179
3,2677,26770000,26770100,142,355,26780000,23187
3,2678,26780000,26780100,142,355,26790000,23195
3,2679,26790000,26790100,142,355,26800000,23203
3,268,2680000,2680100,142,355,2690000,2320
3,2680,26800000,26800100,142,355,26810000,23213
3,2681,26810000,26810100,142,355,26820000,23221
3,2682,26820000,26820100,142,355,26830000,23231
3,2683,26830000,26830100,142,355,26840000,23237
3,2684,26840000,26840100,142,355,26850000,23248
3,2685,26850000,26850100,142,355,26860000,23257
3,2686,26860000,26860100,142,355,26870000,23264
3,2687,26870000,26870100,142,355,26880000,23270
3,2688,26880000,26880100,142,355,26890000,23284
3,2689,26890000,26890100,142,355,26900000,23291
3,269,2690000,2690100,142,355,2700000,2329
3,2690,26900000,26900100,142,355,26910000,23299
3,2691,26910000,26910100,142,355,26920000,23309
3,2692,26920000,26920100,142,355,26930000,23317
3,2693,26930000,26930100,142,355,26940000,23323
3,2694,26940000,26940100,142,355,26950000,23333
3,2695,26950000,26950100,142,355,26960000,23343
3,2696,26960000,26960100,142,355,26970000,23352
3,2697,26970000,26970100,142,355,26980000,23360
3,2698,26980000,26980100,142,355,26990000,23369
3,2699,26990000,26990100,142,355,27000000,23375
3,27,270000,270100,142,355,280000,233
3,270,2700000,2700100,142,355,2710000,2340
3,2700,27000000,27000100,142,355,27010000,23388
3,2701,27010000,27010100,142,355,27020000,23394
3,2702,27020000,27020100,142,355,27030000,23403
3,2703,27030000,27030100,142,355,27040000,23411
3,2704,27040000,27040100,142,355,27050000,23420
3,2705,27050000,27050100,142,355,27060000,23429
3,2706,27060000,27060100,142,355,27070000,23440
3,2707,27070000,27070100,142,355,27080000,23446
3,2708,27080000,27080100,142,355,27090000,23454
3,2709,27090000,27090100,142,355,27100000,23464
3,271,2710000,2710100,142,355,2720000,2346
3,2710,27100000,27100100,142,355,27110000,23472
3,2711,27110000,27110100,142,355,27120000,23479
3,2712,27120000,27120100,142,355,27130000,23493
3,2713,27130000,27130100,142,355,27140000,23499
3,2714,27140000,27140100,142,355,27150000,23506
3,2715,27150000,27150100,142,355,27160000,23515
3,2716,27160000,27160100,142,355,27170000,23525
3,2717,27170000,27170100,142,355,27180000,23532
3,2718,27180000,27180100,142,355,27190000,23542
3,2719,27190000,27190100,142,355,27200000,23550
3,272,2720000,2720100,142,355,2730000,2355
3,2720,27200000,27200100,142,355,27210000,23560
3,2721,27210000,27210100,142,355,27220000,23568
3,2722,27220000,27220100,142,355,27230000,23576
3,2723,27230000,27230100,142,355,27240000,23584
3,2724,27240000,27240100,142,355,27250000,23595
3,2725,27250000,27250100,142,355,27260000,23602
3,2726,27260000,27260100,142,355,27270000,23611
3,2727,27270000,27270100,142,355,27280000,23619
3,2728,27280000,27280100,142,355,27290000,23629
3,2729,27290000,27290100,142,355,27300000,23635
3,273,2730000,2730100,142,355,2740000,2365
3,2730,27300000,27300100,142,355,27310000,23648
3,2731,27310000,27310100,142,355,27320000,23654
3,2732,27320000,27320100,142,355,27330000,23662
3,2733,27330000,27330100,142,355,27340000,23673
3,2734,27340000,27340100,142,355,27350000,23680
3,2735,27350000,27350100,142,355,27360000,23687
3,2736,27360000,27360100,142,355,27370000,23699
3,2737,27370000,27370100,142,355,27380000,23707
3,2738,27380000,27380100,142,355,27390000,23714
3,2739,27390000,27390100,142,355,27400000,23723
3,274,2740000,2740100,142,355,2750000,2372
3,2740,27400000,27400100,142,355,27410000,23734
3,2741,27410000,27410100,142,355,27420000,23740
3,2742,27420000,27420100,142,355,27430000,23750
3,2743,27430000,27430100,142,355,27440000,23756
3,2744,27440000,27440100,142,355,27450000,23768
3,2745,27450000,27450100,142,355,27460000,23777
3,2746,27460000,27460100,142,355,27470000,23784
3,2747,27470000,27470100,142,355,27480000,23792
3,2748,27480000,27480100,142,355,27490000,23803
3,2749,27490000,27490100,142,355,27500000,23809
3,275,2750000,2750100,142,355,2760000,2380
3,2750,27500000,27500100,142,355,27510000,23818
3,2751,27510000,27510100,142,355,27520000,23828
3,2752,27520000,27520100,142,355,27530000,23837
3,2753,27530000,27530100,142,355,27540000,23843
3,2754,27540000,27540100,142,355,27550000,23855
3,2755,27550000,27550100,142,355,27560000,23863
3,2756,27560000,27560100,142,355,27570000,23871
3,2757,27570000,27570100,142,355,27580000,23879
3,2758,27580000,27580100,142,355,27590000,23888
3,2759,27590000,27590100,142,355,27600000,23894
3,276,2760000,2760100,142,355,2770000,2393
3,2760,27600000,27600100,142,355,27610000,23907
3,2761,27610000,27610100,142,355,27620000,23916
3,2762,27620000,27620100,142,355,27630000,23923
3,2763,27630000,27630100,142,355,27640000,23931
3,2764,27640000,27640100,142,355,27650000,23939
3,2765,27650000,27650100,142,355,27660000,23948
3,2766,27660000,27660100,142,355,27670000,23959
3,2767,27670000,27670100,142,355,27680000,23965
3,2768,27680000,27680100,142,355,27690000,23976
3,2769,27690000,27690100,142,355,27700000,23984
3,277,2770000,2770100,142,355,2780000,2399
3,2770,27700000,27700100,142,355,27710000,23992
3,2771,27710000,27710100,142,355,27720000,23998
3,2772,27720000,27720100,142,355,27730000,24012
3,2773,27730000,27730100,142,355,27740000,24018
3,2774,27740000,27740100,142,355,27750000,24025
3,2775,27750000,27750100,142,355,27760000,24036
3,2776,27760000,27760100,142,355,27770000,24045
3,2777,27770000,27770100,142,355,27780000,24052
3,2778,27780000,27780100,142,355,27790000,24062
3,2779,27790000,27790100,142,355,27800000,24070
3,278,2780000,2780100,142,355,2790000,2406
3,2780,27800000,27800100,142,355,27810000,24079
3,2781,27810000,27810100,142,355,27820000,24087
3,2782,27820000,27820100,142,355,27830000,24096
3,2783,27830000,27830100,142,355,27840000,24103
3,2784,27840000,27840100,142,355,27850000,24115
3,2785,27850000,27850100,142,355,27860000,24122
3,2786,27860000,27860100,142,355,27870000,24131
3,2787,27870000,27870100,142,355,27880000,24139
3,2788,27880000,27880100,142,355,27890000,24148
3,2789,27890000,27890100,142,355,27900000,24156
3,279,2790000,2790100,142,355,2800000,2414
3,2790,27900000,27900100,142,355,27910000,24167
3,2791,27910000,27910100,142,355,27920000,24173
3,2792,27920000,27920100,142,355,27930000,24182
3,2793,27930000,27930100,142,355,27940000,24192
3,2794,27940000,27940100,142,355,27950000,24200
3,2795,27950000,27950100,142,355,27960000,24207
3,2796,27960000,27960100,142,355,27970000,24220
3,2797,27970000,27970100,142,355,27980000,24226
3,2798,27980000,27980100,142,355,27990000,24233
3,2799,27990000,27990100,142,355,28000000,24242
3,28,280000,280100,142,355,290000,243
3,280,2800000,2800100,142,355,2810000,2427
3,2800,28000000,28000100,142,355,28010000,24254
3,2801,28010000,28010100,142,355,28020000,24260
3,2802,28020000,28020100,142,355,28030000,24270
3,2803,28030000,28030100,142,355,28040000,24278
3,2804,28040000,28040100,142,355,28050000,24286
3,2805,28050000,28050100,142,355,28060000,24296
3,2806,28060000,28060100,142,355,28070000,24303
3,2807,28070000,28070100,142,355,28080000,24311
3,2808,28080000,28080100,142,355,28090000,24323
3,2809,28090000,28090100,142,355,28100000,24329
3,281,2810000,2810100,142,355,2820000,2433
3,2810,28100000,28100100,142,355,28110000,24340
3,2811,28110000,28110100,142,355,28120000,24348
3,2812,28120000,28120100,142,355,28130000,24356
3,2813,28130000,28130100,142,355,28140000,24362
3,2814,28140000,28140100,142,355,28150000,24374
3,2815,28150000,28150100,142,355,28160000,24381
3,2816,28160000,28160100,142,355,28170000,24391
3,2817,28170000,28170100,142,355,28180000,24401
3,2818,28180000,28180100,142,355,28190000,24408
3,2819,28190000,28190100,142,355,28200000,24414
3,282,2820000,2820100,142,355,2830000,2443
3,2820,28200000,28200100,142,355,28210000,24426
3,2821,28210000,28210100,142,355,28220000,24435
3,2822,28220000,28220100,142,355,28230000,24442
3,2823,28230000,28230100,142,355,28240000,24450
3,2824,28240000,28240100,142,355,28250000,24461
3,2825,28250000,28250100,142,355,28260000,24468
3,2826,28260000,28260100,142,355,28270000,24478
3,2827,28270000,28270100,142,355,28280000,24485
3,2828,28280000,28280100,142,355,28290000,24495
3,2829,28290000,28290100,142,355,28300000,24503
3,283,2830000,2830100,142,355,2840000,2451
3,2830,28300000,28300100,142,355,28310000,24511
3,2831,28310000,28310100,142,355,28320000,24519
3,2832,28320000,28320100,142,355,28330000,24532
3,2833,28330000,28330100,142,355,28340000,24538
3,2834,28340000,28340100,142,355,28350000,24545
3,2835,28350000,28350100,142,355,28360000,24556
3,2836,28360000,28360100,142,355,28370000,24564
3,2837,28370000,28370100,142,355,28380000,24570
3,2838,28380000,28380100,142,355,28390000,24583
3,2839,28390000,28390100,142,355,28400000,24589
3,284,2840000,2840100,142,355,2850000,2459
3,2840,28400000,28400100,142,355,28410000,24599
3,2841,28410000,28410100,142,355,28420000,24607
3,2842,28420000,28420100,142,355,28430000,24616
3,2843,28430000,28430100,142,355,28440000,24623
3,2844,28440000,28440100,142,355,28450000,24634
3,2845,28450000,28450100,142,355,28460000,24643
3,2846,28460000,28460100,142,355,28470000,24650
3,2847,28470000,28470100,142,355,28480000,24658
3,2848,28480000,28480100,142,355,28490000,24667
3,2849,28490000,28490100,142,355,28500000,24676
3,285,2850000,2850100,142,355,2860000,2468
3,2850,28500000,28500100,142,355,28510000,24687
3,2851,28510000,28510100,142,355,28520000,24693
3,2852,28520000,28520100,142,355,28530000,24703
3,2853,28530000,28530100,142,355,28540000,24711
3,2854,28540000,28540100,142,355,28550000,24719
3,2855,28550000,28550100,142,355,28560000,24726
3,2856,28560000,28560100,142,355,28570000,24740
3,2857,28570000,28570100,142,355,28580000,24746
3,2858,28580000,28580100,142,355,28590000,24753
3,2859,28590000,28590100,142,355,28600000,24763
3,286,2860000,2860100,142,355,2870000,2476
3,2860,28600000,28600100,142,355,28610000,24773
3,2861,28610000,28610100,142,355,28620000,24779
3,2862,28620000,28620100,142,355,28630000,24789
3,2863,28630000,28630100,142,355,28640000,24797
3,2864,28640000,28640100,142,355,28650000,24806
3,2865,28650000,28650100,142,355,28660000,24816
3,2866,28660000,28660100,142,355,28670000,24825
3,2867,28670000,28670100,142,355,28680000,24831
3,2868,28680000,28680100,142,355,28690000,24842
3,2869,28690000,28690100,142,355,28700000,24848
3,287,2870000,2870100,142,355,2880000,2484
3,2870,28700000,28700100,142,355,28710000,24858
3,2871,28710000,28710100,142,355,28720000,24867
3,2872,28720000,28720100,142,355,28730000,24876
3,2873,28730000,28730100,142,355,28740000,24884
3,2874,28740000,28740100,142,355,28750000,24894
3,2875,28750000,28750100,142,355,28760000,24901
3,2876,28760000,28760100,142,355,28770000,24910
3,2877,28770000,28770100,142,355,28780000,24920
3,2878,28780000,28780100,142,355,28790000,24927
3,2879,28790000,28790100,142,355,28800000,24933
3,288,2880000,2880100,142,355,2890000,2496
3,2880,28800000,28800100,142,355,28810000,24948
3,2881,28810000,28810100,142,355,28820000,24954
3,2882,28820000,28820100,142,355,28830000,24962
3,2883,28830000,28830100,142,355,28840000,24970
3,2884,28840000,28840100,142,355,28850000,24980
3,2885,28850000,28850100,142,355,28860000,24987
3,2886,28860000,28860100,142,355,28870000,24997
3,2887,28870000,28870100,142,355,28880000,25006
3,2888,28880000,28880100,142,355,28890000,25015
3,2889,28890000,28890100,142,355,28900000,25023
3,289,2890000,2890100,142,355,2900000,2502
3,2890,28900000,28900100,142,355,28910000,25031
3,2891,28910000,28910100,142,355,28920000,25039
3,2892,28920000,28920100,142,355,28930000,25050
3,2893,28930000,28930100,142,355,28940000,25057
3,2894,28940000,28940100,142,355,28950000,25066
3,2895,28950000,28950100,142,355,28960000,25075
3,2896,28960000,28960100,142,355,28970000,25084
3,2897,28970000,28970100,142,355,28980000,25090
3,2898,28980000,28980100,142,355,28990000,25103
3,2899,28990000,28990100,142,355,29000000,25109
3,29,290000,290100,142,355,300000,249
3,290,2900000,2900100,142,355,2910000,2512
3,2900,29000000,29000100,142,355,29010000,25118
3,2901,29010000,29010100,142,355,29020000,25128
3,2902,29020000,29020100,142,355,29030000,25135
3,2903,29030000,29030100,142,355,29040000,25141
3,2904,29040000,29040100,142,355,29050000,25154
3,2905,29050000,29050100,142,355,29060000,25163
3,2906,29060000,29060100,142,355,29070000,25170
3,2907,29070000,29070100,142,355,29080000,25178
3,2908,29080000,29080100,142,355,29090000,25188
3,2909,29090000,29090100,142,355,29100000,25195
3,291,2910000,2910100,142,355,2920000,2521
3,2910,29100000,29100100,142,355,29110000,25206
3,2911,29110000,29110100,142,355,29120000,25212
3,2912,29120000,29120100,142,355,29130000,25223
3,2913,29130000,29130100,142,355,29140000,25231
3,2914,29140000,29140100,142,355,29150000,25238
3,2915,29150000,29150100,142,355,29160000,25248
3,2916,29160000,29160100,142,355,29170000,25259
3,2917,29170000,29170100,142,355,29180000,25265
3,2918,29180000,29180100,142,355,29190000,25272
3,2919,29190000,29190100,142,355,29200000,25282
3,292,2920000,2920100,142,355,2930000,2529
3,2920,29200000,29200100,142,355,29210000,25293
3,2921,29210000,29210100,142,355,29220000,25299
3,2922,29220000,29220100,142,355,29230000,25311
3,2923,29230000,29230100,142,355,29240000,25317
3,2924,29240000,29240100,142,355,29250000,25325
3,2925,29250000,29250100,142,355,29260000,25334
3,2926,29260000,29260100,142,355,29270000,25344
3,2927,29270000,29270100,142,355,29280000,25350
3,2928,29280000,29280100,142,355,29290000,25362
3,2929,29290000,29290100,142,355,29300000,25370
3,293,2930000,2930100,142,355,2940000,2535
3,2930,29300000,29300100,142,355,29310000,25378
3,2931,29310000,29310100,142,355,29320000,25387
3,2932,29320000,29320100,142,355,29330000,25395
3,2933,29330000,29330100,142,355,29340000,25403
3,2934,29340000,29340100,142,355,29350000,25413
3,2935,29350000,29350100,142,355,29360000,25420
3,2936,29360000,29360100,142,355,29370000,25431
3,2937,29370000,29370100,142,355,29380000,25440
3,2938,29380000,29380100,142,355,29390000,25447
3,2939,29390000,29390100,142,355,29400000,25453
3,294,2940000,2940100,142,355,2950000,2547
3,2940,29400000,29400100,142,355,29410000,25467
3,2941,29410000,29410100,142,355,29420000,25473
3,2942,29420000,29420100,142,355,29430000,25481
3,2943,29430000,29430100,142,355,29440000,25491
3,2944,29440000,29440100,142,355,29450000,25500
3,2945,29450000,29450100,142,355,29460000,25507
3,2946,29460000,29460100,142,355,29470000,25517
3,2947,29470000,29470100,142,355,29480000,25525
3,2948,29480000,29480100,142,355,29490000,25534
3,2949,29490000,29490100,142,355,29500000,25542
3,295,2950000,2950100,142,355,2960000,2554
3,2950,29500000,29500100,142,355,29510000,25552
3,2951,29510000,29510100,142,355,29520000,25558
3,2952,29520000,29520100,142,355,29530000,25570
3,2953,29530000,29530100,142,355,29540000,25577
3,2954,29540000,29540100,142,355,29550000,25586
3,2955,29550000,29550100,142,355,29560000,25595
3,2956,29560000,29560100,142,355,29570000,25603
3,2957,29570000,29570100,142,355,29580000,25611
3,2958,29580000,29580100,142,355,29590000,25621
3,2959,29590000,29590100,142,355,29600000,25628
3,296,2960000,2960100,142,355,2970000,2563
3,2960,29600000,29600100,142,355,29610000,25638
3,2961,29610000,29610100,142,355,29620000,25648
3,2962,29620000,29620100,142,355,29630000,25655
3,2963,29630000,29630100,142,355,29640000,25661
3,2964,29640000,29640100,142,355,29650000,25675
3,2965,29650000,29650100,142,355,29660000,25682
3,2966,29660000,29660100,142,355,29670000,25689
3,2967,29670000,29670100,142,355,29680000,25697
3,2968,29680000,29680100,142,355,29690000,25708
3,2969,29690000,29690100,142,355,29700000,25714
3,297,2970000,2970100,142,355,2980000,2574
3,2970,29700000,29700100,142,355,29710000,25726
3,2971,29710000,29710100,142,355,29720000,25734
3,2972,29720000,29720100,142,355,29730000,25742
3,2973,29730000,29730100,142,355,29740000,25750
3,2974,29740000,29740100,142,355,29750000,25757
3,2975,29750000,29750100,142,355,29760000,25767
3,2976,29760000,29760100,142,355,29770000,25779
3,2977,29770000,29770100,142,355,29780000,25785
3,2978,29780000,29780100,142,355,29790000,25794
3,2979,29790000,29790100,142,355,29800000,25802
3,298,2980000,2980100,142,355,2990000,2581
3,2980,29800000,29800100,142,355,29810000,25811
3,2981,29810000,29810100,142,355,29820000,25818
3,2982,29820000,29820100,142,355,29830000,25830
3,2983,29830000,29830100,142,355,29840000,25836
3,2984,29840000,29840100,142,355,29850000,25845
3,2985,29850000,29850100,142,355,29860000,25856
3,2986,29860000,29860100,142,355,29870000,25864
3,2987,29870000,29870100,142,355,29880000,25870
3,2988,29880000,29880100,142,355,29890000,25881
3,2989,29890000,29890100,142,355,29900000,25889
3,299,2990000,2990100,142,355,3000000,2587
3,2990,29900000,29900100,142,355,29910000,25897
3,2991,29910000,29910100,142,355,29920000,25905
3,2992,29920000,29920100,142,355,29930000,25917
3,2993,29930000,29930100,142,355,29940000,25923
3,2994,29940000,29940100,142,355,29950000,25933
3,2995,29950000,29950100,142,355,29960000,25940
3,2996,29960000,29960100,142,355,29970000,25950
3,2997,29970000,29970100,142,355,29980000,25959
3,2998,29980000,29980100,142,355,29990000,25966
3,2999,29990000,29990100,142,355,30000000,25974
3,3,30000,30100,142,355,40000,26
3,30,300000,300100,142,355,310000,260
3,300,3000000,3000100,142,355,3010000,2599
3,3000,30000000,30000100,142,355,30010000,25987
3,3001,30010000,30010100,142,355,30020000,25993
3,3002,30020000,30020100,142,355,30030000,26000
3,3003,30030000,30030100,142,355,30040000,26011
3,3004,30040000,30040100,142,355,30050000,26019
3,3005,30050000,30050100,142,355,30060000,26026
3,3006,30060000,30060100,142,355,30070000,26038
3,3007,30070000,30070100,142,355,30080000,26044
3,3008,30080000,30080100,142,355,30090000,26054
3,3009,30090000,30090100,142,355,30100000,26062
3,301,3010000,3010100,142,355,3020000,2607
3,3010,30100000,30100100,142,355,30110000,26072
3,3011,30110000,30110100,142,355,30120000,26078
3,3012,30120000,30120100,142,355,30130000,26089
3,3013,30130000,30130100,142,355,30140000,26097
3,3014,30140000,30140100,142,355,30150000,26105
3,3015,30150000,30150100,142,355,30160000,26114
3,3016,30160000,30160100,142,355,30170000,26123
3,3017,30170000,30170100,142,355,30180000,26131
3,3018,30180000,30180100,142,355,30190000,26141
3,3019,30190000,30190100,142,355,30200000,26148
3,302,3020000,3020100,142,355,3030000,2615
3,3020,30200000,30200100,142,355,30210000,26159
3,3021,30210000,30210100,142,355,30220000,26167
3,3022,30220000,30220100,142,355,30230000,26174
3,3023,30230000,30230100,142,355,30240000,26180
3,3024,30240000,30240100,142,355,30250000,26194
3,3025,30250000,30250100,142,355,30260000,26202
3,3026,30260000,30260100,142,355,30270000,26209
3,3027,30270000,30270100,142,355,30280000,26219
3,3028,30280000,30280100,142,355,30290000,26227
3,3029,30290000,30290100,142,355,30300000,26233
3,303,3030000,3030100,142,355,3040000,2623
3,3030,30300000,30300100,142,355,30310000,26245
3,3031,30310000,30310100,142,355,30320000,26253
3,3032,30320000,30320100,142,355,30330000,26262
3,3033,30330000,30330100,142,355,30340000,26270
3,3034,30340000,30340100,142,355,30350000,26279
3,3035,30350000,30350100,142,355,30360000,26286
3,3036,30360000,30360100,142,355,30370000,26298
3,3037,30370000,30370100,142,355,30380000,26304
3,3038,30380000,30380100,142,355,30390000,26313
3,3039,30390000,30390100,142,355,30400000,26321
3,304,3040000,3040100,142,355,3050000,2634
3,3040,30400000,30400100,142,355,30410000,26331
3,3041,30410000,30410100,142,355,30420000,26340
3,3042,30420000,30420100,142,355,30430000,26350
3,3043,30430000,30430100,142,355,30440000,26356
3,3044,30440000,30440100,142,355,30450000,26364
3,3045,30450000,30450100,142,355,30460000,26375
3,3046,30460000,30460100,142,355,30470000,26382
3,3047,30470000,30470100,142,355,30480000,26389
3,3048,30480000,30480100,142,355,30490000,26403
3,3049,30490000,30490100,142,355,30500000,26409
3,305,3050000,3050100,142,355,3060000,2641
3,3050,30500000,30500100,142,355,30510000,26417
3,3051,30510000,30510100,142,355,30520000,26425
3,3052,30520000,30520100,142,355,30530000,26436
3,3053,30530000,30530100,142,355,30540000,26442
3,3054,30540000,30540100,142,355,30550000,26452
3,3055,30550000,30550100,142,355,30560000,26461
3,3056,30560000,30560100,142,355,30570000,26470
3,3057,30570000,30570100,142,355,30580000,26478
3,3058,30580000,30580100,142,355,30590000,26486
3,3059,30590000,30590100,142,355,30600000,26494
3,306,3060000,3060100,142,355,3070000,2651
3,3060,30600000,30600100,142,355,30610000,26506
3,3061,30610000,30610100,142,355,30620000,26512
3,3062,30620000,30620100,142,355,30630000,26521
3,3063,30630000,30630100,142,355,30640000,26530
3,3064,30640000,30640100,142,355,30650000,26539
3,3065,30650000,30650100,142,355,30660000,26546
3,3066,30660000,30660100,142,355,30670000,26558
3,3067,30670000,30670100,142,355,30680000,26564
3,3068,30680000,30680100,142,355,30690000,26572
3,3069,30690000,30690100,142,355,30700000,26583
3,307,3070000,3070100,142,355,3080000,2657
3,3070,30700000,30700100,142,355,30710000,26591
3,3071,30710000,30710100,142,355,30720000,26597
3,3072,30720000,30720100,142,355,30730000,26609
3,3073,30730000,30730100,142,355,30740000,26617
3,3074,30740000,30740100,142,355,30750000,26625
3,3075,30750000,30750100,142,355,30760000,26634
3,3076,30760000,30760100,142,355,30770000,26644
3,3077,30770000,30770100,142,355,30780000,26650
3,3078,30780000,30780100,142,355,30790000,26660
3,3079,30790000,30790100,142,355,30800000,26666
3,308,3080000,3080100,142,355,3090000,2668
3,3080,30800000,30800100,142,355,30810000,26679
3,3081,30810000,30810100,142,355,30820000,26687
3,3082,30820000,30820100,142,355,30830000,26694
3,3083,30830000,30830100,142,355,30840000,26702
3,3084,30840000,30840100,142,355,30850000,26713
3,3085,30850000,30850100,142,355,30860000,26721
3,3086,30860000,30860100,142,355,30870000,26728
3,3087,30870000,30870100,142,355,30880000,26738
3,3088,30880000,30880100,142,355,30890000,26747
3,3089,30890000,30890100,142,355,30900000,26753
3,309,3090000,3090100,142,355,3100000,2676
3,3090,30900000,30900100,142,355,30910000,26766
3,3091,30910000,30910100,142,355,30920000,26773
3,3092,30920000,30920100,142,355,30930000,26781
3,3093,30930000,30930100,142,355,30940000,26789
3,3094,30940000,30940100,142,355,30950000,26798
3,3095,30950000,30950100,142,355,30960000,26805
3,3096,30960000,30960100,142,355,30970000,26818
3,3097,30970000,30970100,142,355,30980000,26826
3,3098,30980000,30980100,142,355,30990000,26833
3,3099,30990000,30990100,142,355,31000000,26841
3,31,310000,310100,142,355,320000,268
3,310,3100000,3100100,142,355,3110000,2684
3,3100,31000000,31000100,142,355,31010000,26850
3,3101,31010000,31010100,142,355,31020000,26858
3,3102,31020000,31020100,142,355,31030000,26869
3,3103,31030000,31030100,142,355,31040000,26875
3,3104,31040000,31040100,142,355,31050000,26886
3,3105,31050000,31050100,142,355,31060000,26895
3,3106,31060000,31060100,142,355,31070000,26902
3,3107,31070000,31070100,142,355,31080000,26909
3,3108,31080000,31080100,142,355,31090000,26922
3,3109,31090000,31090100,142,355,31100000,26928
3,311,3110000,3110100,142,355,3120000,2692
3,3110,31100000,31100100,142,355,31110000,26936
3,3111,31110000,31110100,142,355,31120000,26946
3,3112,31120000,31120100,142,355,31130000,26955
3,3113,31130000,31130100,142,355,31140000,26962
3,3114,31140000,31140100,142,355,31150000,26972
3,3115,31150000,31150100,142,355,31160000,26981
3,3116,31160000,31160100,142,355,31170000,26989
3,3117,31170000,31170100,142,355,31180000,26997
3,3118,31180000,31180100,142,355,31190000,27007
3,3119,31190000,31190100,142,355,31200000,27013
3,312,3120000,3120100,142,355,3130000,2704
3,3120,31200000,31200100,142,355,31210000,27026
3,3121,31210000,31210100,142,355,31220000,27032
3,3122,31220000,31220100,142,355,31230000,27041
3,3123,31230000,31230100,142,355,31240000,27049
3,3124,31240000,31240100,142,355,31250000,27058
3,3125,31250000,31250100,142,355,31260000,27067
3,3126,31260000,31260100,142,355,31270000,27077
3,3127,31270000,31270100,142,355,31280000,27083
3,3128,31280000,31280100,142,355,31290000,27092
3,3129,31290000,31290100,142,355,31300000,27103
3,313,3130000,3130100,142,355,3140000,2711
3,3130,31300000,31300100,142,355,31310000,27111
3,3131,31310000,31310100,142,355,31320000,27117
3,3132,31320000,31320100,142,355,31330000,27130
3,3133,31330000,31330100,142,355,31340000,27136
3,3134,31340000,31340100,142,355,31350000,27143
3,3135,31350000,31350100,142,355,31360000,27153
3,3136,31360000,31360100,142,355,31370000,27164
3,3137,31370000,31370100,142,355,31380000,27170
3,3138,31380000,31380100,142,355,31390000,27180
3,3139,31390000,31390100,142,355,31400000,27188
3,314,3140000,3140100,142,355,3150000,2718
3,3140,31400000,31400100,142,355,31410000,27198
3,3141,31410000,31410100,142,355,31420000,27206
3,3142,31420000,31420100,142,355,31430000,27213
3,3143,31430000,31430100,142,355,31440000,27221
3,3144,31440000,31440100,142,355,31450000,27233
3,3145,31450000,31450100,142,355,31460000,27240
3,3146,31460000,31460100,142,355,31470000,27250
3,3147,31470000,31470100,142,355,31480000,27258
3,3148,31480000,31480100,142,355,31490000,27266
3,3149,31490000,31490100,142,355,31500000,27272
3,315,3150000,3150100,142,355,3160000,2729
3,3150,31500000,31500100,142,355,31510000,27285
3,3151,31510000,31510100,142,355,31520000,27292
3,3152,31520000,31520100,142,355,31530000,27301
3,3153,31530000,31530100,142,355,31540000,27311
3,3154,31540000,31540100,142,355,31550000,27318
3,3155,31550000,31550100,142,355,31560000,27325
3,3156,31560000,31560100,142,355,31570000,27336
3,3157,31570000,31570100,142,355,31580000,27345
3,3158,31580000,31580100,142,355,31590000,27352
3,3159,31590000,31590100,142,355,31600000,27360
3,316,3160000,3160100,142,355,3170000,2737
3,3160,31600000,31600100,142,355,31610000,27372
3,3161,31610000,31610100,142,355,31620000,27378
3,3162,31620000,31620100,142,355,31630000,27389
3,3163,31630000,31630100,142,355,31640000,27395
3,3164,31640000,31640100,142,355,31650000,27405
3,3165,31650000,31650100,142,355,31660000,27414
3,3166,31660000,31660100,142,355,31670000,27421
3,3167,31670000,31670100,142,355,31680000,27429
3,3168,31680000,31680100,142,355,31690000,27442
3,3169,31690000,31690100,142,355,31700000,27448
3,317,3170000,3170100,142,355,3180000,2743
3,3170,31700000,31700100,142,355,31710000,27456
3,3171,31710000,31710100,142,355,31720000,27466
3,3172,31720000,31720100,142,355,31730000,27474
3,3173,31730000,31730100,142,355,31740000,27481
3,3174,31740000,31740100,142,355,31750000,27493
3,3175,31750000,31750100,142,355,31760000,27500
3,3176,31760000,31760100,142,355,31770000,27509
3,3177,31770000,31770100,142,355,31780000,27517
3,3178,31780000,31780100,142,355,31790000,27526
3,3179,31790000,31790100,142,355,31800000,27533
3,318,3180000,3180100,142,355,3190000,2755
3,3180,31800000,31800100,142,355,31810000,27545
3,3181,31810000,31810100,142,355,31820000,27553
3,3182,31820000,31820100,142,355,31830000,27560
3,3183,31830000,31830100,142,355,31840000,27568
3,3184,31840000,31840100,142,355,31850000,27578
3,3185,31850000,31850100,142,355,31860000,27587
3,3186,31860000,31860100,142,355,31870000,27597
3,3187,31870000,31870100,142,355,31880000,27603
3,3188,31880000,31880100,142,355,31890000,27613
3,3189,31890000,31890100,142,355,31900000,27621
3,319,3190000,3190100,142,355,3200000,2762
3,3190,31900000,31900100,142,355,31910000,27630
3,3191,31910000,31910100,142,355,31920000,27636
3,3192,31920000,31920100,142,355,31930000,27650
3,3193,31930000,31930100,142,355,31940000,27656
3,3194,31940000,31940100,142,355,31950000,27663
3,3195,31950000,31950100,142,355,31960000,27675
3,3196,31960000,31960100,142,355,31970000,27683
3,3197,31970000,31970100,142,355,31980000,27689
3,3198,31980000,31980100,142,355,31990000,27699
3,3199,31990000,31990100,142,355,32000000,27707
3,32,320000,320100,142,355,330000,277
3,320,3200000,3200100,142,355,3210000,2772
3,3200,32000000,32000100,142,355,32010000,27717
3,3201,32010000,32010100,142,355,32020000,27726
3,3202,32020000,32020100,142,355,32030000,27735
3,3203,32030000,32030100,142,355,32040000,27741
3,3204,32040000,32040100,142,355,32050000,27752
3,3205,32050000,32050100,142,355,32060000,27759
3,3206,32060000,32060100,142,355,32070000,27769
3,3207,32070000,32070100,142,355,32080000,27777
3,3208,32080000,32080100,142,355,32090000,27786
3,3209,32090000,32090100,142,355,32100000,27794
3,321,3210000,3210100,142,355,3220000,2780
3,3210,32100000,32100100,142,355,32110000,27805
3,3211,32110000,32110100,142,355,32120000,27811
3,3212,32120000,32120100,142,355,32130000,27820
3,3213,32130000,32130100,142,355,32140000,27830
3,3214,32140000,32140100,142,355,32150000,27837
3,3215,32150000,32150100,142,355,32160000,27844
3,3216,32160000,32160100,142,355,32170000,27858
3,3217,32170000,32170100,142,355,32180000,27865
3,3218,32180000,32180100,142,355,32190000,27872
3,3219,32190000,32190100,142,355,32200000,27880
3,322,3220000,3220100,142,355,3230000,2789
3,3220,32200000,32200100,142,355,32210000,27891
3,3221,32210000,32210100,142,355,32220000,27897
3,3222,32220000,32220100,142,355,32230000,27907
3,3223,32230000,32230100,142,355,32240000,27916
3,3224,32240000,32240100,142,355,32250000,27925
3,3225,32250000,32250100,142,355,32260000,27934
3,3226,32260000,32260100,142,355,32270000,27941
3,3227,32270000,32270100,142,355,32280000,27949
3,3228,32280000,32280100,142,355,32290000,27961
3,3229,32290000,32290100,142,355,32300000,27967
3,323,3230000,3230100,142,355,3240000,2795
3,3230,32300000,32300100,142,355,32310000,27977
3,3231,32310000,32310100,142,355,32320000,27985
3,3232,32320000,32320100,142,355,32330000,27994
3,3233,32330000,32330100,142,355,32340000,28000
3,3234,32340000,32340100,142,355,32350000,28013
3,3235,32350000,32350100,142,355,32360000,28020
3,3236,32360000,32360100,142,355,32370000,28028
3,3237,32370000,32370100,142,355,32380000,28038
3,3238,32380000,32380100,142,355,32390000,28045
3,3239,32390000,32390100,142,355,32400000,28052
3,324,3240000,3240100,142,355,3250000,2807
3,3240,32400000,32400100,142,355,32410000,28065
3,3241,32410000,32410100,142,355,32420000,28073
3,3242,32420000,32420100,142,355,32430000,28080
3,3243,32430000,32430100,142,355,32440000,28088
3,3244,32440000,32440100,142,355,32450000,28098
3,3245,32450000,32450100,142,355,32460000,28106
3,3246,32460000,32460100,142,355,32470000,28116
3,3247,32470000,32470100,142,355,32480000,28122
3,3248,32480000,32480100,142,355,32490000,28133
3,3249,32490000,32490100,142,355,32500000,28141
3,325,3250000,3250100,142,355,3260000,2816
3,3250,32500000,32500100,142,355,32510000,28150
3,3251,32510000,32510100,142,355,32520000,28158
3,3252,32520000,32520100,142,355,32530000,28169
3,3253,32530000,32530100,142,355,32540000,28175
3,3254,32540000,32540100,142,355,32550000,28182
3,3255,32550000,32550100,142,355,32560000,28193
3,3256,32560000,32560100,142,355,32570000,28203
3,3257,32570000,32570100,142,355,32580000,28209
3,3258,32580000,32580100,142,355,32590000,28221
3,3259,32590000,32590100,142,355,32600000,28227
3,326,3260000,3260100,142,355,3270000,2823
3,3260,32600000,32600100,142,355,32610000,28236
3,3261,32610000,32610100,142,355,32620000,28245
3,3262,32620000,32620100,142,355,32630000,28254
3,3263,32630000,32630100,142,355,32640000,28260
3,3264,32640000,32640100,142,355,32650000,28272
3,3265,32650000,32650100,142,355,32660000,28281
3,3266,32660000,32660100,142,355,32670000,28288
3,3267,32670000,32670100,142,355,32680000,28297
3,3268,32680000,32680100,142,355,32690000,28305
3,3269,32690000,32690100,142,355,32700000,28313
3,327,3270000,3270100,142,355,3280000,2831
3,3270,32700000,32700100,142,355,32710000,28324
3,3271,32710000,32710100,142,355,32720000,28330
3,3272,32720000,32720100,142,355,32730000,28342
3,3273,32730000,32730100,142,355,32740000,28350
3,3274,32740000,32740100,142,355,32750000,28357
3,3275,32750000,32750100,142,355,32760000,28364
3,3276,32760000,32760100,142,355,32770000,28377
3,3277,32770000,32770100,142,355,32780000,28383
3,3278,32780000,32780100,142,355,32790000,28391
3,3279,32790000,32790100,142,355,32800000,28401
3,328,3280000,3280100,142,355,3290000,2840
3,3280,32800000,32800100,142,355,32810000,28411
3,3281,32810000,32810100,142,355,32820000,28417
3,3282,32820000,32820100,142,355,32830000,28427
3,3283,32830000,32830100,142,355,32840000,28436
3,3284,32840000,32840100,142,355,32850000,28444
3,3285,32850000,32850100,142,355,32860000,28453
3,3286,32860000,32860100,142,355,32870000,28462
3,3287,32870000,32870100,142,355,32880000,28468
3,3288,32880000,32880100,142,355,32890000,28480
3,3289,32890000,32890100,142,355,32900000,28487
3,329,3290000,3290100,142,355,3300000,2848
3,3290,32900000,32900100,142,355,32910000,28497
3,3291,32910000,32910100,142,355,32920000,28505
3,3292,32920000,32920100,142,355,32930000,28513
3,3293,32930000,32930100,142,355,32940000,28521
3,3294,32940000,32940100,142,355,32950000,28532
3,3295,32950000,32950100,142,355,32960000,28539
3,3296,32960000,32960100,142,355,32970000,28548
3,3297,32970000,32970100,142,355,32980000,28558
3,3298,32980000,32980100,142,355,32990000,28565
3,3299,32990000,32990100,142,355,33000000,28571
3,33,330000,330100,142,355,340000,286
3,330,3300000,3300100,142,355,3310000,2860
3,3300,33000000,33000100,142,355,33010000,28586
3,3301,33010000,33010100,142,355,33020000,28592
3,3302,33020000,33020100,142,355,33030000,28599
3,3303,33030000,33030100,142,355,33040000,28607
3,3304,33040000,33040100,142,355,33050000,28618
3,3305,33050000,33050100,142,355,33060000,28626
3,3306,33060000,33060100,142,355,33070000,28636
3,3307,33070000,33070100,142,355,33080000,28644
3,3308,33080000,33080100,142,355,33090000,28652
3,3309,33090000,33090100,142,355,33100000,28660
3,331,3310000,3310100,142,355,3320000,2866
3,3310,33100000,33100100,142,355,33110000,28668
3,3311,33110000,33110100,142,355,33120000,28677
3,3312,33120000,33120100,142,355,33130000,28689
3,3313,33130000,33130100,142,355,33140000,28695
3,3314,33140000,33140100,142,355,33150000,28704
3,3315,33150000,33150100,142,355,33160000,28713
3,3316,33160000,33160100,142,355,33170000,28722
3,3317,33170000,33170100,142,355,33180000,28728
3,3318,33180000,33180100,142,355,33190000,28740
3,3319,33190000,33190100,142,355,33200000,28746
3,332,3320000,3320100,142,355,3330000,2876
3,3320,33200000,33200100,142,355,33210000,28756
3,3321,33210000,33210100,142,355,33220000,28766
3,3322,33220000,33220100,142,355,33230000,28774
3,3323,33230000,33230100,142,355,33240000,28780
3,3324,33240000,33240100,142,355,33250000,28791
3,3325,33250000,33250100,142,355,33260000,28800
3,3326,33260000,33260100,142,355,33270000,28807
3,3327,33270000,33270100,142,355,33280000,28816
3,3328,33280000,33280100,142,355,33290000,28827
3,3329,33290000,33290100,142,355,33300000,28833
3,333,3330000,3330100,142,355,3340000,2884
3,3330,33300000,33300100,142,355,33310000,28844
3,3331,33310000,33310100,142,355,33320000,28850
3,3332,33320000,33320100,142,355,33330000,28860
3,3333,33330000,33330100,142,355,33340000,28869
3,3334,33340000,33340100,142,355,33350000,28876
3,3335,33350000,33350100,142,355,33360000,28885
3,3336,33360000,33360100,142,355,33370000,28897
3,3337,33370000,33370100,142,355,33380000,28903
3,3338,33380000,33380100,142,355,33390000,28911
3,3339,33390000,33390100,142,355,33400000,28921
3,334,3340000,3340100,142,355,3350000,2891
3,3340,33400000,33400100,142,355,33410000,28930
3,3341,33410000,33410100,142,355,33420000,28936
3,3342,33420000,33420100,142,355,33430000,28948
3,3343,33430000,33430100,142,355,33440000,28954
3,3344,33440000,33440100,142,355,33450000,28964
3,3345,33450000,33450100,142,355,33460000,28973
3,3346,33460000,33460100,142,355,33470000,28982
3,3347,33470000,33470100,142,355,33480000,28988
3,3348,33480000,33480100,142,355,33490000,28999
3,3349,33490000,33490100,142,355,33500000,29008
3,335,3350000,3350100,142,355,3360000,2899
3,3350,33500000,33500100,142,355,33510000,29016
3,3351,33510000,33510100,142,355,33520000,29024
3,3352,33520000,33520100,142,355,33530000,29033
3,3353,33530000,33530100,142,355,33540000,29041
3,3354,33540000,33540100,142,355,33550000,29051
3,3355,33550000,33550100,142,355,33560000,29059
3,3356,33560000,33560100,142,355,33570000,29069
3,3357,33570000,33570100,142,355,33580000,29077
3,3358,33580000,33580100,142,355,33590000,29084
3,3359,33590000,33590100,142,355,33600000,29090
3,336,3360000,3360100,142,355,3370000,2913
3,3360,33600000,33600100,142,355,33610000,29106
3,3361,33610000,33610100,142,355,33620000,29112
3,3362,33620000,33620100,142,355,33630000,29119
3,3363,33630000,33630100,142,355,33640000,29129
3,3364,33640000,33640100,142,355,33650000,29137
3,3365,33650000,33650100,142,355,33660000,29144
3,3366,33660000,33660100,142,355,33670000,29155
3,3367,33670000,33670100,142,355,33680000,29163
3,3368,33680000,33680100,142,355,33690000,29172
3,3369,33690000,33690100,142,355,33700000,29180
3,337,3370000,3370100,142,355,3380000,2919
3,3370,33700000,33700100,142,355,33710000,29190
3,3371,33710000,33710100,142,355,33720000,29197
3,3372,33720000,33720100,142,355,33730000,29208
3,3373,33730000,33730100,142,355,33740000,29214
3,3374,33740000,33740100,142,355,33750000,29223
3,3375,33750000,33750100,142,355,33760000,29232
3,3376,33760000,33760100,142,355,33770000,29241
3,3377,33770000,33770100,142,355,33780000,29250
3,3378,33780000,33780100,142,355,33790000,29260
3,3379,33790000,33790100,142,355,33800000,29266
3,338,3380000,3380100,142,355,3390000,2926
3,3380,33800000,33800100,142,355,33810000,29275
3,3381,33810000,33810100,142,355,33820000,29285
3,3382,33820000,33820100,142,355,33830000,29293
3,3383,33830000,33830100,142,355,33840000,29299
3,3384,33840000,33840100,142,355,33850000,29313
3,3385,33850000,33850100,142,355,33860000,29320
3,3386,33860000,33860100,142,355,33870000,29327
3,3387,33870000,33870100,142,355,33880000,29335
3,3388,33880000,33880100,142,355,33890000,29346
3,3389,33890000,33890100,142,355,33900000,29352
3,339,3390000,3390100,142,355,3400000,2936
3,3390,33900000,33900100,142,355,33910000,29363
3,3391,33910000,33910100,142,355,33920000,29371
3,3392,33920000,33920100,142,355,33930000,29380
3,3393,33930000,33930100,142,355,33940000,29389
3,3394,33940000,33940100,142,355,33950000,29396
3,3395,33950000,33950100,142,355,33960000,29405
3,3396,33960000,33960100,142,355,33970000,29416
3,3397,33970000,33970100,142,355,33980000,29422
3,3398,33980000,33980100,142,355,33990000,29431
3,3399,33990000,33990100,142,355,34000000,29440
3,34,340000,340100,142,355,350000,293
3,340,3400000,3400100,142,355,3410000,2945
3,3400,34000000,34000100,142,355,34010000,29450
3,3401,34010000,34010100,142,355,34020000,29456
3,3402,34020000,34020100,142,355,34030000,29468
3,3403,34030000,34030100,142,355,34040000,29474
3,3404,34040000,34040100,142,355,34050000,29483
3,3405,34050000,34050100,142,355,34060000,29494
3,3406,34060000,34060100,142,355,34070000,29501
3,3407,34070000,34070100,142,355,34080000,29507
3,3408,34080000,34080100,142,355,34090000,29519
3,3409,34090000,34090100,142,355,34100000,29527
3,341,3410000,3410100,142,355,3420000,2952
3,3410,34100000,34100100,142,355,34110000,29536
3,3411,34110000,34110100,142,355,34120000,29544
3,3412,34120000,34120100,142,355,34130000,29554
3,3413,34130000,34130100,142,355,34140000,29560
3,3414,34140000,34140100,142,355,34150000,29570
3,3415,34150000,34150100,142,355,34160000,29578
3,3416,34160000,34160100,142,355,34170000,29589
3,3417,34170000,34170100,142,355,34180000,29597
3,3418,34180000,34180100,142,355,34190000,29604
3,3419,34190000,34190100,142,355,34200000,29612
3,342,3420000,3420100,142,355,3430000,2962
3,3420,34200000,34200100,142,355,34210000,29624
3,3421,34210000,34210100,142,355,34220000,29631
3,3422,34220000,34220100,142,355,34230000,29638
3,3423,34230000,34230100,142,355,34240000,29648
3,3424,34240000,34240100,142,355,34250000,29657
3,3425,34250000,34250100,142,355,34260000,29664
3,3426,34260000,34260100,142,355,34270000,29677
3,3427,34270000,34270100,142,355,34280000,29683
3,3428,34280000,34280100,142,355,34290000,29691
3,3429,34290000,34290100,142,355,34300000,29699
3,343,3430000,3430100,142,355,3440000,2970
3,3430,34300000,34300100,142,355,34310000,29709
3,3431,34310000,34310100,142,355,34320000,29715
3,3432,34320000,34320100,142,355,34330000,29728
3,3433,34330000,34330100,142,355,34340000,29736
3,3434,34340000,34340100,142,355,34350000,29743
3,3435,34350000,34350100,142,355,34360000,29752
3,3436,34360000,34360100,142,355,34370000,29760
3,3437,34370000,34370100,142,355,34380000,29769
3,3438,34380000,34380100,142,355,34390000,29779
3,3439,34390000,34390100,142,355,34400000,29785
3,344,3440000,3440100,142,355,3450000,2979
3,3440,34400000,34400100,142,355,34410000,29797
3,3441,34410000,34410100,142,355,34420000,29805
3,3442,34420000,34420100,142,355,34430000,29812
3,3443,34430000,34430100,142,355,34440000,29819
3,3444,34440000,34440100,142,355,34450000,29832
3,3445,34450000,34450100,142,355,34460000,29839
3,3446,34460000,34460100,142,355,34470000,29846
3,3447,34470000,34470100,142,355,34480000,29856
3,3448,34480000,34480100,142,355,34490000,29866
3,3449,34490000,34490100,142,355,34500000,29872
3,345,3450000,3450100,142,355,3460000,2988
3,3450,34500000,34500100,142,355,34510000,29883
3,3451,34510000,34510100,142,355,34520000,29891
3,3452,34520000,34520100,142,355,34530000,29899
3,3453,34530000,34530100,142,355,34540000,29907
3,3454,34540000,34540100,142,355,34550000,29917
3,3455,34550000,34550100,142,355,34560000,29924
3,3456,34560000,34560100,142,355,34570000,29936
3,3457,34570000,34570100,142,355,34580000,29942
3,3458,34580000,34580100,142,355,34590000,29951
3,3459,34590000,34590100,142,355,34600000,29960
3,346,3460000,3460100,142,355,3470000,2998
3,3460,34600000,34600100,142,355,34610000,29969
3,3461,34610000,34610100,142,355,34620000,29977
3,3462,34620000,34620100,142,355,34630000,29987
3,3463,34630000,34630100,142,355,34640000,29993
3,3464,34640000,34640100,142,355,34650000,30002
3,3465,34650000,34650100,142,355,34660000,30014
3,3466,34660000,34660100,142,355,34670000,30021
3,3467,34670000,34670100,142,355,34680000,30027
3,3468,34680000,34680100,142,355,34690000,30040
3,3469,34690000,34690100,142,355,34700000,30046
3,347,3470000,3470100,142,355,3480000,3004
3,3470,34700000,34700100,142,355,34710000,30055
3,3471,34710000,34710100,142,355,34720000,30063
3,3472,34720000,34720100,142,355,34730000,30074
3,3473,34730000,34730100,142,355,34740000,30080
3,3474,34740000,34740100,142,355,34750000,30090
3,3475,34750000,34750100,142,355,34760000,30099
3,3476,34760000,34760100,142,355,34770000,30108
3,3477,34770000,34770100,142,355,34780000,30116
3,3478,34780000,34780100,142,355,34790000,30123
3,3479,34790000,34790100,142,355,34800000,30131
3,348,3480000,3480100,142,355,3490000,3015
3,3480,34800000,34800100,142,355,34810000,30144
3,3481,34810000,34810100,142,355,34820000,30151
3,3482,34820000,34820100,142,355,34830000,30160
3,3483,34830000,34830100,142,355,34840000,30168
3,3484,34840000,34840100,142,355,34850000,30176
3,3485,34850000,34850100,142,355,34860000,30183
3,3486,34860000,34860100,142,355,34870000,30195
3,3487,34870000,34870100,142,355,34880000,30202
3,3488,34880000,34880100,142,355,34890000,30211
3,3489,34890000,34890100,142,355,34900000,30221
3,349,3490000,3490100,142,355,3500000,3021
3,3490,34900000,34900100,142,355,34910000,30229
3,3491,34910000,34910100,142,355,34920000,30235
3,3492,34920000,34920100,142,355,34930000,30247
3,3493,34930000,34930100,142,355,34940000,30255
3,3494,34940000,34940100,142,355,34950000,30262
3,3495,34950000,34950100,142,355,34960000,30271
3,3496,34960000,34960100,142,355,34970000,30282
3,3497,34970000,34970100,142,355,34980000,30288
3,3498,34980000,34980100,142,355,34990000,30299
3,3499,34990000,34990100,142,355,35000000,30305
3,35,350000,350100,142,355,360000,302
3,350,3500000,3500100,142,355,3510000,3031
3,3500,35000000,35000100,142,355,35010000,30316
3,3501,35010000,35010100,142,355,35020000,30324
3,3502,35020000,35020100,142,355,35030000,30331
3,3503,35030000,35030100,142,355,35040000,30340
3,3504,35040000,35040100,142,355,35050000,30352
3,3505,35050000,35050100,142,355,35060000,30359
3,3506,35060000,35060100,142,355,35070000,30366
3,3507,35070000,35070100,142,355,35080000,30376
3,3508,35080000,35080100,142,355,35090000,30384
3,3509,35090000,35090100,142,355,35100000,30391
3,351,3510000,3510100,142,355,3520000,3039
3,3510,35100000,35100100,142,355,35110000,30404
3,3511,35110000,35110100,142,355,35120000,30410
3,3512,35120000,35120100,142,355,35130000,30419
3,3513,35130000,35130100,142,355,35140000,30427
3,3514,35140000,35140100,142,355,35150000,30437
3,3515,35150000,35150100,142,355,35160000,30444
3,3516,35160000,35160100,142,355,35170000,30455
3,3517,35170000,35170100,142,355,35180000,30463
3,3518,35180000,35180100,142,355,35190000,30470
3,3519,35190000,35190100,142,355,35200000,30478
3,352,3520000,3520100,142,355,3530000,3049
3,3520,35200000,35200100,142,355,35210000,30489
3,3521,35210000,35210100,142,355,35220000,30497
3,3522,35220000,35220100,142,355,35230000,30507
3,3523,35230000,35230100,142,355,35240000,30513
3,3524,35240000,35240100,142,355,35250000,30523
3,3525,35250000,35250100,142,355,35260000,30533
3,3526,35260000,35260100,142,355,35270000,30540
3,3527,35270000,35270100,142,355,35280000,30546
3,3528,35280000,35280100,142,355,35290000,30560
3,3529,35290000,35290100,142,355,35300000,30566
3,353,3530000,3530100,142,355,3540000,3057
3,3530,35300000,35300100,142,355,35310000,30574
3,3531,35310000,35310100,142,355,35320000,30585
3,3532,35320000,35320100,142,355,35330000,30593
3,3533,35330000,35330100,142,355,35340000,30599
3,3534,35340000,35340100,142,355,35350000,30609
3,3535,35350000,35350100,142,355,35360000,30618
3,3536,35360000,35360100,142,355,35370000,30628
3,3537,35370000,35370100,142,355,35380000,30636
3,3538,35380000,35380100,142,355,35390000,30645
3,3539,35390000,35390100,142,355,35400000,30651
3,354,3540000,3540100,142,355,3550000,3067
3,3540,35400000,35400100,142,355,35410000,30663
3,3541,35410000,35410100,142,355,35420000,30669
3,3542,35420000,35420100,142,355,35430000,30679
3,3543,35430000,35430100,142,355,35440000,30687
3,3544,35440000,35440100,142,355,35450000,30696
3,3545,35450000,35450100,142,355,35460000,30705
3,3546,35460000,35460100,142,355,35470000,30715
3,3547,35470000,35470100,142,355,35480000,30722
3,3548,35480000,35480100,142,355,35490000,30730
3,3549,35490000,35490100,142,355,35500000,30740
3,355,3550000,3550100,142,355,3560000,3074
3,3550,35500000,35500100,142,355,35510000,30748
3,3551,35510000,35510100,142,355,35520000,30754
3,3552,35520000,35520100,142,355,35530000,30768
3,3553,35530000,35530100,142,355,35540000,30775
3,3554,35540000,35540100,142,355,35550000,30782
3,3555,35550000,35550100,142,355,35560000,30791
3,3556,35560000,35560100,142,355,35570000,30801
3,3557,35570000,35570100,142,355,35580000,30807
3,3558,35580000,35580100,142,355,35590000,30818
3,3559,35590000,35590100,142,355,35600000,30826
3,356,3560000,3560100,142,355,3570000,3082
3,3560,35600000,35600100,142,355,35610000,30836
3,3561,35610000,35610100,142,355,35620000,30844
3,3562,35620000,35620100,142,355,35630000,30851
3,3563,35630000,35630100,142,355,35640000,30859
3,3564,35640000,35640100,142,355,35650000,30871
3,3565,35650000,35650100,142,355,35660000,30878
3,3566,35660000,35660100,142,355,35670000,30887
3,3567,35670000,35670100,142,355,35680000,30895
3,3568,35680000,35680100,142,355,35690000,30904
3,3569,35690000,35690100,142,355,35700000,30911
3,357,3570000,3570100,142,355,3580000,3093
3,3570,35700000,35700100,142,355,35710000,30924
3,3571,35710000,35710100,142,355,35720000,30930
3,3572,35720000,35720100,142,355,35730000,30938
3,3573,35730000,35730100,142,355,35740000,30948
3,3574,35740000,35740100,142,355,35750000,30955
3,3575,35750000,35750100,142,355,35760000,30963
3,3576,35760000,35760100,142,355,35770000,30975
3,3577,35770000,35770100,142,355,35780000,30983
3,3578,35780000,35780100,142,355,35790000,30990
3,3579,35790000,35790100,142,355,35800000,30998
3,358,3580000,3580100,142,355,3590000,3100
3,3580,35800000,35800100,142,355,35810000,31010
3,3581,35810000,35810100,142,355,35820000,31016
3,3582,35820000,35820100,142,355,35830000,31026
3,3583,35830000,35830100,142,355,35840000,31032
3,3584,35840000,35840100,142,355,35850000,31043
3,3585,35850000,35850100,142,355,35860000,31052
3,3586,35860000,35860100,142,355,35870000,31060
3,3587,35870000,35870100,142,355,35880000,31068
3,3588,35880000,35880100,142,355,35890000,31079
3,3589,35890000,35890100,142,355,35900000,31085
3,359,3590000,3590100,142,355,3600000,3106
3,3590,35900000,35900100,142,355,35910000,31093
3,3591,35910000,35910100,142,355,35920000,31104
3,3592,35920000,35920100,142,355,35930000,31113
3,3593,35930000,35930100,142,355,35940000,31119
3,3594,35940000,35940100,142,355,35950000,31131
3,3595,35950000,35950100,142,355,35960000,31138
3,3596,35960000,35960100,142,355,35970000,31146
3,3597,35970000,35970100,142,355,35980000,31155
3,3598,35980000,35980100,142,355,35990000,31164
3,3599,35990000,35990100,142,355,36000000,31170
3,36,360000,360100,142,355,370000,313
3,360,3600000,3600100,142,355,3610000,3121
3,3600,36000000,36000100,142,355,36010000,31183
3,3601,36010000,36010100,142,355,36020000,31191
3,3602,36020000,36020100,142,355,36030000,31199
3,3603,36030000,36030100,142,355,36040000,31207
3,3604,36040000,36040100,142,355,36050000,31215
3,3605,36050000,36050100,142,355,36060000,31224
3,3606,36060000,36060100,142,355,36070000,31234
3,3607,36070000,36070100,142,355,36080000,31240
3,3608,36080000,36080100,142,355,36090000,31252
3,3609,36090000,36090100,142,355,36100000,31260
3,361,3610000,3610100,142,355,3620000,3127
3,3610,36100000,36100100,142,355,36110000,31268
3,3611,36110000,36110100,142,355,36120000,31274
3,3612,36120000,36120100,142,355,36130000,31287
3,3613,36130000,36130100,142,355,36140000,31294
3,3614,36140000,36140100,142,355,36150000,31301
3,3615,36150000,36150100,142,355,36160000,31312
3,3616,36160000,36160100,142,355,36170000,31321
3,3617,36170000,36170100,142,355,36180000,31327
3,3618,36180000,36180100,142,355,36190000,31337
3,3619,36190000,36190100,142,355,36200000,31346
3,362,3620000,3620100,142,355,3630000,3134
3,3620,36200000,36200100,142,355,36210000,31355
3,3621,36210000,36210100,142,355,36220000,31363
3,3622,36220000,36220100,142,355,36230000,31372
3,3623,36230000,36230100,142,355,36240000,31378
3,3624,36240000,36240100,142,355,36250000,31391
3,3625,36250000,36250100,142,355,36260000,31398
3,3626,36260000,36260100,142,355,36270000,31407
3,3627,36270000,36270100,142,355,36280000,31415
3,3628,36280000,36280100,142,355,36290000,31423
3,3629,36290000,36290100,142,355,36300000,31431
3,363,3630000,3630100,142,355,3640000,3143
3,3630,36300000,36300100,142,355,36310000,31443
3,3631,36310000,36310100,142,355,36320000,31449
3,3632,36320000,36320100,142,355,36330000,31458
3,3633,36330000,36330100,142,355,36340000,31468
3,3634,36340000,36340100,142,355,36350000,31475
3,3635,36350000,36350100,142,355,36360000,31483
3,3636,36360000,36360100,142,355,36370000,31496
3,3637,36370000,36370100,142,355,36380000,31502
3,3638,36380000,36380100,142,355,36390000,31509
3,3639,36390000,36390100,142,355,36400000,31517
3,364,3640000,3640100,142,355,3650000,3153
3,3640,36400000,36400100,142,355,36410000,31529
3,3641,36410000,36410100,142,355,36420000,31536
3,3642,36420000,36420100,142,355,36430000,31546
3,3643,36430000,36430100,142,355,36440000,31554
3,3644,36440000,36440100,142,355,36450000,31562
3,3645,36450000,36450100,142,355,36460000,31571
3,3646,36460000,36460100,142,355,36470000,31579
3,3647,36470000,36470100,142,355,36480000,31587
3,3648,36480000,36480100,142,355,36490000,31599
3,3649,36490000,36490100,142,355,36500000,31605
3,365,3650000,3650100,142,355,3660000,3160
3,3650,36500000,36500100,142,355,36510000,31615
3,3651,36510000,36510100,142,355,36520000,31623
3,3652,36520000,36520100,142,355,36530000,31632
3,3653,36530000,36530100,142,355,36540000,31638
3,3654,36540000,36540100,142,355,36550000,31650
3,3655,36550000,36550100,142,355,36560000,31657
3,3656,36560000,36560100,142,355,36570000,31666
3,3657,36570000,36570100,142,355,36580000,31677
3,3658,36580000,36580100,142,355,36590000,31684
3,3659,36590000,36590100,142,355,36600000,31690
3,366,3660000,3660100,142,355,3670000,3170
3,3660,36600000,36600100,142,355,36610000,31702
3,3661,36610000,36610100,142,355,36620000,31710
3,3662,36620000,36620100,142,355,36630000,31717
3,3663,36630000,36630100,142,355,36640000,31726
3,3664,36640000,36640100,142,355,36650000,31737
3,3665,36650000,36650100,142,355,36660000,31744
3,3666,36660000,36660100,142,355,36670000,31754
3,3667,36670000,36670100,142,355,36680000,31760
3,3668,36680000,36680100,142,355,36690000,31771
3,3669,36690000,36690100,142,355,36700000,31779
3,367,3670000,3670100,142,355,3680000,3178
3,3670,36700000,36700100,142,355,36710000,31787
3,3671,36710000,36710100,142,355,36720000,31795
3,3672,36720000,36720100,142,355,36730000,31807
3,3673,36730000,36730100,142,355,36740000,31813
3,3674,36740000,36740100,142,355,36750000,31821
3,3675,36750000,36750100,142,355,36760000,31832
3,3676,36760000,36760100,142,355,36770000,31840
3,3677,36770000,36770100,142,355,36780000,31846
3,3678,36780000,36780100,142,355,36790000,31858
3,3679,36790000,36790100,142,355,36800000,31865
3,368,3680000,3680100,142,355,3690000,3188
3,3680,36800000,36800100,142,355,36810000,31875
3,3681,36810000,36810100,142,355,36820000,31883
3,3682,36820000,36820100,142,355,36830000,31892
3,3683,36830000,36830100,142,355,36840000,31898
3,3684,36840000,36840100,142,355,36850000,31909
3,3685,36850000,36850100,142,355,36860000,31919
3,3686,36860000,36860100,142,355,36870000,31926
3,3687,36870000,36870100,142,355,36880000,31934
3,3688,36880000,36880100,142,355,36890000,31943
3,3689,36890000,36890100,142,355,36900000,31951
3,369,3690000,3690100,142,355,3700000,3196
3,3690,36900000,36900100,142,355,36910000,31963
3,3691,36910000,36910100,142,355,36920000,31969
3,3692,36920000,36920100,142,355,36930000,31979
3,3693,36930000,36930100,142,355,36940000,31987
3,3694,36940000,36940100,142,355,36950000,31994
3,3695,36950000,36950100,142,355,36960000,32001
3,3696,36960000,36960100,142,355,36970000,32016
3,3697,36970000,36970100,142,355,36980000,32022
3,3698,36980000,36980100,142,355,36990000,32029
3,3699,36990000,36990100,142,355,37000000,32039
3,37,370000,370100,142,355,380000,319
3,370,3700000,3700100,142,355,3710000,3204
3,3700,37000000,37000100,142,355,37010000,32048
3,3701,37010000,37010100,142,355,37020000,32055
3,3702,37020000,37020100,142,355,37030000,32065
3,3703,37030000,37030100,142,355,37040000,32073
3,3704,37040000,37040100,142,355,37050000,32082
3,3705,37050000,37050100,142,355,37060000,32091
3,3706,37060000,37060100,142,355,37070000,32100
3,3707,37070000,37070100,142,355,37080000,32107
3,3708,37080000,37080100,142,355,37090000,32118
3,3709,37090000,37090100,142,355,37100000,32124
3,371,3710000,3710100,142,355,3720000,3212
3,3710,37100000,37100100,142,355,37110000,32134
3,3711,37110000,37110100,142,355,37120000,32142
3,3712,37120000,37120100,142,355,37130000,32152
3,3713,37130000,37130100,142,355,37140000,32160
3,3714,37140000,37140100,142,355,37150000,32170
3,3715,37150000,37150100,142,355,37160000,32177
3,3716,37160000,37160100,142,355,37170000,32185
3,3717,37170000,37170100,142,355,37180000,32195
3,3718,37180000,37180100,142,355,37190000,32203
3,3719,37190000,37190100,142,355,37200000,32209
3,372,3720000,3720100,142,355,3730000,3223
3,3720,37200000,37200100,142,355,37210000,32224
3,3721,37210000,37210100,142,355,37220000,32230
3,3722,37220000,37220100,142,355,37230000,32237
3,3723,37230000,37230100,142,355,37240000,32246
3,3724,37240000,37240100,142,355,37250000,32256
3,3725,37250000,37250100,142,355,37260000,32263
3,3726,37260000,37260100,142,355,37270000,32273
3,3727,37270000,37270100,142,355,37280000,32281
3,3728,37280000,37280100,142,355,37290000,32290
3,3729,37290000,37290100,142,355,37300000,32299
3,373,3730000,3730100,142,355,3740000,3229
3,3730,37300000,37300100,142,355,37310000,32307
3,3731,37310000,37310100,142,355,37320000,32315
3,3732,37320000,37320100,142,355,37330000,32326
3,3733,37330000,37330100,142,355,37340000,32332
3,3734,37340000,37340100,142,355,37350000,32342
3,3735,37350000,37350100,142,355,37360000,32351
3,3736,37360000,37360100,142,355,37370000,32360
3,3737,37370000,37370100,142,355,37380000,32366
3,3738,37380000,37380100,142,355,37390000,32378
3,3739,37390000,37390100,142,355,37400000,32384
3,374,3740000,3740100,142,355,3750000,3239
3,3740,37400000,37400100,142,355,37410000,32394
3,3741,37410000,37410100,142,355,37420000,32404
3,3742,37420000,37420100,142,355,37430000,32411
3,3743,37430000,37430100,142,355,37440000,32417
3,3744,37440000,37440100,142,355,37450000,32429
3,3745,37450000,37450100,142,355,37460000,32439
3,3746,37460000,37460100,142,355,37470000,32446
3,3747,37470000,37470100,142,355,37480000,32454
3,3748,37480000,37480100,142,355,37490000,32464
3,3749,37490000,37490100,142,355,37500000,32470
3,375,3750000,3750100,142,355,3760000,3248
3,3750,37500000,37500100,142,355,37510000,32481
3,3751,37510000,37510100,142,355,37520000,32488
3,3752,37520000,37520100,142,355,37530000,32499
3,3753,37530000,37530100,142,355,37540000,32507
3,3754,37540000,37540100,142,355,37550000,32514
3,3755,37550000,37550100,142,355,37560000,32523
3,3756,37560000,37560100,142,355,37570000,32535
3,3757,37570000,37570100,142,355,37580000,32541
3,3758,37580000,37580100,142,355,37590000,32548
3,3759,37590000,37590100,142,355,37600000,32558
3,376,3760000,3760100,142,355,3770000,3257
3,3760,37600000,37600100,142,355,37610000,32568
3,3761,37610000,37610100,142,355,37620000,32574
3,3762,37620000,37620100,142,355,37630000,32587
3,3763,37630000,37630100,142,355,37640000,32593
3,3764,37640000,37640100,142,355,37650000,32601
3,3765,37650000,37650100,142,355,37660000,32610
3,3766,37660000,37660100,142,355,37670000,32619
3,3767,37670000,37670100,142,355,37680000,32626
3,3768,37680000,37680100,142,355,37690000,32638
3,3769,37690000,37690100,142,355,37700000,32646
3,377,3770000,3770100,142,355,3780000,3263
3,3770,37700000,37700100,142,355,37710000,32654
3,3771,37710000,37710100,142,355,37720000,32662
3,3772,37720000,37720100,142,355,37730000,32670
3,3773,37730000,37730100,142,355,37740000,32679
3,3774,37740000,37740100,142,355,37750000,32689
3,3775,37750000,37750100,142,355,37760000,32696
3,3776,37760000,37760100,142,355,37770000,32707
3,3777,37770000,37770100,142,355,37780000,32715
3,3778,37780000,37780100,142,355,37790000,32723
3,3779,37790000,37790100,142,355,37800000,32729
3,378,3780000,3780100,142,355,3790000,3275
3,3780,37800000,37800100,142,355,37810000,32743
3,3781,37810000,37810100,142,355,37820000,32749
3,3782,37820000,37820100,142,355,37830000,32756
3,3783,37830000,37830100,142,355,37840000,32766
3,3784,37840000,37840100,142,355,37850000,32776
3,3785,37850000,37850100,142,355,37860000,32783
3,3786,37860000,37860100,142,355,37870000,32793
3,3787,37870000,37870100,142,355,37880000,32801
3,3788,37880000,37880100,142,355,37890000,32809
3,3789,37890000,37890100,142,355,37900000,32818
3,379,3790000,3790100,142,355,3800000,3282
3,3790,37900000,37900100,142,355,37910000,32828
3,3791,37910000,37910100,142,355,37920000,32834
3,3792,37920000,37920100,142,355,37930000,32846
3,3793,37930000,37930100,142,355,37940000,32852
3,3794,37940000,37940100,142,355,37950000,32861
3,3795,37950000,37950100,142,355,37960000,32871
3,3796,37960000,37960100,142,355,37970000,32879
3,3797,37970000,37970100,142,355,37980000,32887
3,3798,37980000,37980100,142,355,37990000,32897
3,3799,37990000,37990100,142,355,38000000,32903
3,38,380000,380100,142,355,390000,329
3,380,3800000,3800100,142,355,3810000,3291
3,3800,38000000,38000100,142,355,38010000,32914
3,3801,38010000,38010100,142,355,38020000,32924
3,3802,38020000,38020100,142,355,38030000,32931
3,3803,38030000,38030100,142,355,38040000,32937
3,3804,38040000,38040100,142,355,38050000,32950
3,3805,38050000,38050100,142,355,38060000,32957
3,3806,38060000,38060100,142,355,38070000,32965
3,3807,38070000,38070100,142,355,38080000,32973
3,3808,38080000,38080100,142,355,38090000,32984
3,3809,38090000,38090100,142,355,38100000,32990
3,381,3810000,3810100,142,355,3820000,3301
3,3810,38100000,38100100,142,355,38110000,33001
3,3811,38110000,38110100,142,355,38120000,33010
3,3812,38120000,38120100,142,355,38130000,33018
3,3813,38130000,38130100,142,355,38140000,33026
3,3814,38140000,38140100,142,355,38150000,33033
3,3815,38150000,38150100,142,355,38160000,33042
3,3816,38160000,38160100,142,355,38170000,33054
3,3817,38170000,38170100,142,355,38180000,33061
3,3818,38180000,38180100,142,355,38190000,33070
3,3819,38190000,38190100,142,355,38200000,33078
3,382,3820000,3820100,142,355,3830000,3308
3,3820,38200000,38200100,142,355,38210000,33087
3,3821,38210000,38210100,142,355,38220000,33093
3,3822,38220000,38220100,142,355,38230000,33106
3,3823,38230000,38230100,142,355,38240000,33112
3,3824,38240000,38240100,142,355,38250000,33121
3,3825,38250000,38250100,142,355,38260000,33132
3,3826,38260000,38260100,142,355,38270000,33139
3,3827,38270000,38270100,142,355,38280000,33145
3,3828,38280000,38280100,142,355,38290000,33157
3,3829,38290000,38290100,142,355,38300000,33165
3,383,3830000,3830100,142,355,3840000,3314
3,3830,38300000,38300100,142,355,38310000,33173
3,3831,38310000,38310100,142,355,38320000,33181
3,3832,38320000,38320100,142,355,38330000,33192
3,3833,38330000,38330100,142,355,38340000,33199
3,3834,38340000,38340100,142,355,38350000,33209
3,3835,38350000,38350100,142,355,38360000,33216
3,3836,38360000,38360100,142,355,38370000,33226
3,3837,38370000,38370100,142,355,38380000,33234
3,3838,38380000,38380100,142,355,38390000,33241
3,3839,38390000,38390100,142,355,38400000,33250
3,384,3840000,3840100,142,355,3850000,3326
3,3840,38400000,38400100,142,355,38410000,33263
3,3841,38410000,38410100,142,355,38420000,33269
3,3842,38420000,38420100,142,355,38430000,33276
3,3843,38430000,38430100,142,355,38440000,33286
3,3844,38440000,38440100,142,355,38450000,33295
3,3845,38450000,38450100,142,355,38460000,33302
3,3846,38460000,38460100,142,355,38470000,33314
3,3847,38470000,38470100,142,355,38480000,33320
3,3848,38480000,38480100,142,355,38490000,33329
3,3849,38490000,38490100,142,355,38500000,33337
3,385,3850000,3850100,142,355,3860000,3336
3,3850,38500000,38500100,142,355,38510000,33348
3,3851,38510000,38510100,142,355,38520000,33354
3,3852,38520000,38520100,142,355,38530000,33365
3,3853,38530000,38530100,142,355,38540000,33373
3,3854,38540000,38540100,142,355,38550000,33380
3,3855,38550000,38550100,142,355,38560000,33390
3,3856,38560000,38560100,142,355,38570000,33399
3,3857,38570000,38570100,142,355,38580000,33407
3,3858,38580000,38580100,142,355,38590000,33417
3,3859,38590000,38590100,142,355,38600000,33423
3,386,3860000,3860100,142,355,3870000,3343
3,3860,38600000,38600100,142,355,38610000,33434
3,3861,38610000,38610100,142,355,38620000,33443
3,3862,38620000,38620100,142,355,38630000,33450
3,3863,38630000,38630100,142,355,38640000,33456
3,3864,38640000,38640100,142,355,38650000,33470
3,3865,38650000,38650100,142,355,38660000,33477
3,3866,38660000,38660100,142,355,38670000,33485
3,3867,38670000,38670100,142,355,38680000,33495
3,3868,38680000,38680100,142,355,38690000,33503
3,3869,38690000,38690100,142,355,38700000,33509
3,387,3870000,3870100,142,355,3880000,3351
3,3870,38700000,38700100,142,355,38710000,33520
3,3871,38710000,38710100,142,355,38720000,33528
3,3872,38720000,38720100,142,355,38730000,33538
3,3873,38730000,38730100,142,355,38740000,33546
3,3874,38740000,38740100,142,355,38750000,33555
3,3875,38750000,38750100,142,355,38760000,33562
3,3876,38760000,38760100,142,355,38770000,33573
3,3877,38770000,38770100,142,355,38780000,33580
3,3878,38780000,38780100,142,355,38790000,33589
3,3879,38790000,38790100,142,355,38800000,33597
3,388,3880000,3880100,142,355,3890000,3361
3,3880,38800000,38800100,142,355,38810000,33607
3,3881,38810000,38810100,142,355,38820000,33615
3,3882,38820000,38820100,142,355,38830000,33625
3,3883,38830000,38830100,142,355,38840000,33632
3,3884,38840000,38840100,142,355,38850000,33640
3,3885,38850000,38850100,142,355,38860000,33651
3,3886,38860000,38860100,142,355,38870000,33658
3,3887,38870000,38870100,142,355,38880000,33664
3,3888,38880000,38880100,142,355,38890000,33679
3,3889,38890000,38890100,142,355,38900000,33685
3,389,3890000,3890100,142,355,3900000,3367
3,3890,38900000,38900100,142,355,38910000,33693
3,3891,38910000,38910100,142,355,38920000,33701
3,3892,38920000,38920100,142,355,38930000,33711
3,3893,38930000,38930100,142,355,38940000,33717
3,3894,38940000,38940100,142,355,38950000,33728
3,3895,38950000,38950100,142,355,38960000,33737
3,3896,38960000,38960100,142,355,38970000,33746
3,3897,38970000,38970100,142,355,38980000,33754
3,3898,38980000,38980100,142,355,38990000,33761
3,3899,38990000,38990100,142,355,39000000,33770
3,39,390000,390100,142,355,400000,337
3,390,3900000,3900100,142,355,3910000,3379
3,3900,39000000,39000100,142,355,39010000,33782
3,3901,39010000,39010100,142,355,39020000,33788
3,3902,39020000,39020100,142,355,39030000,33797
3,3903,39030000,39030100,142,355,39040000,33805
3,3904,39040000,39040100,142,355,39050000,33814
3,3905,39050000,39050100,142,355,39060000,33822
3,3906,39060000,39060100,142,355,39070000,33834
3,3907,39070000,39070100,142,355,39080000,33840
3,3908,39080000,39080100,142,355,39090000,33848
3,3909,39090000,39090100,142,355,39100000,33858
3,391,3910000,3910100,142,355,3920000,3385
3,3910,39100000,39100100,142,355,39110000,33867
3,3911,39110000,39110100,142,355,39120000,33873
3,3912,39120000,39120100,142,355,39130000,33885
3,3913,39130000,39130100,142,355,39140000,33893
3,3914,39140000,39140100,142,355,39150000,33900
3,3915,39150000,39150100,142,355,39160000,33909
3,3916,39160000,39160100,142,355,39170000,33920
3,3917,39170000,39170100,142,355,39180000,33926
3,3918,39180000,39180100,142,355,39190000,33936
3,3919,39190000,39190100,142,355,39200000,33942
3,392,3920000,3920100,142,355,3930000,3396
3,3920,39200000,39200100,142,355,39210000,33954
3,3921,39210000,39210100,142,355,39220000,33963
3,3922,39220000,39220100,142,355,39230000,33970
3,3923,39230000,39230100,142,355,39240000,33978
3,3924,39240000,39240100,142,355,39250000,33989
3,3925,39250000,39250100,142,355,39260000,33996
3,3926,39260000,39260100,142,355,39270000,34003
3,3927,39270000,39270100,142,355,39280000,34014
3,3928,39280000,39280100,142,355,39290000,34023
3,3929,39290000,39290100,142,355,39300000,34029
3,393,3930000,3930100,142,355,3940000,3404
3,3930,39300000,39300100,142,355,39310000,34042
3,3931,39310000,39310100,142,355,39320000,34048
3,3932,39320000,39320100,142,355,39330000,34057
3,3933,39330000,39330100,142,355,39340000,34065
3,3934,39340000,39340100,142,355,39350000,34074
3,3935,39350000,39350100,142,355,39360000,34081
3,3936,39360000,39360100,142,355,39370000,34093
3,3937,39370000,39370100,142,355,39380000,34101
3,3938,39380000,39380100,142,355,39390000,34109
3,3939,39390000,39390100,142,355,39400000,34117
3,394,3940000,3940100,142,355,3950000,3411
3,3940,39400000,39400100,142,355,39410000,34126
3,3941,39410000,39410100,142,355,39420000,34134
3,3942,39420000,39420100,142,355,39430000,34144
3,3943,39430000,39430100,142,355,39440000,34151
3,3944,39440000,39440100,142,355,39450000,34162
3,3945,39450000,39450100,142,355,39460000,34171
3,3946,39460000,39460100,142,355,39470000,34178
3,3947,39470000,39470100,142,355,39480000,34184
3,3948,39480000,39480100,142,355,39490000,34197
3,3949,39490000,39490100,142,355,39500000,34204
3,395,3950000,3950100,142,355,3960000,3420
3,3950,39500000,39500100,142,355,39510000,34212
3,3951,39510000,39510100,142,355,39520000,34222
3,3952,39520000,39520100,142,355,39530000,34231
3,3953,39530000,39530100,142,355,39540000,34237
3,3954,39540000,39540100,142,355,39550000,34248
3,3955,39550000,39550100,142,355,39560000,34257
3,3956,39560000,39560100,142,355,39570000,34265
3,3957,39570000,39570100,142,355,39580000,34273
3,3958,39580000,39580100,142,355,39590000,34282
3,3959,39590000,39590100,142,355,39600000,34288
3,396,3960000,3960100,142,355,3970000,3432
3,3960,39600000,39600100,142,355,39610000,34302
3,3961,39610000,39610100,142,355,39620000,34308
3,3962,39620000,39620100,142,355,39630000,34317
3,3963,39630000,39630100,142,355,39640000,34325
3,3964,39640000,39640100,142,355,39650000,34333
3,3965,39650000,39650100,142,355,39660000,34343
3,3966,39660000,39660100,142,355,39670000,34353
3,3967,39670000,39670100,142,355,39680000,34359
3,3968,39680000,39680100,142,355,39690000,34368
3,3969,39690000,39690100,142,355,39700000,34378
3,397,3970000,3970100,142,355,3980000,3438
3,3970,39700000,39700100,142,355,39710000,34386
3,3971,39710000,39710100,142,355,39720000,34393
3,3972,39720000,39720100,142,355,39730000,34406
3,3973,39730000,39730100,142,355,39740000,34412
3,3974,39740000,39740100,142,355,39750000,34419
3,3975,39750000,39750100,142,355,39760000,34428
3,3976,39760000,39760100,142,355,39770000,34440
3,3977,39770000,39770100,142,355,39780000,34446
3,3978,39780000,39780100,142,355,39790000,34456
3,3979,39790000,39790100,142,355,39800000,34464
3,398,3980000,3980100,142,355,3990000,3445
3,3980,39800000,39800100,142,355,39810000,34473
3,3981,39810000,39810100,142,355,39820000,34481
3,3982,39820000,39820100,142,355,39830000,34489
3,3983,39830000,39830100,142,355,39840000,34497
3,3984,39840000,39840100,142,355,39850000,34509
3,3985,39850000,39850100,142,355,39860000,34516
3,3986,39860000,39860100,142,355,39870000,34525
3,3987,39870000,39870100,142,355,39880000,34534
3,3988,39880000,39880100,142,355,39890000,34542
3,3989,39890000,39890100,142,355,39900000,34548
3,399,3990000,3990100,142,355,4000000,3455
3,3990,39900000,39900100,142,355,39910000,34561
3,3991,39910000,39910100,142,355,39920000,34567
3,3992,39920000,39920100,142,355,39930000,34576
3,3993,39930000,39930100,142,355,39940000,34587
3,3994,39940000,39940100,142,355,39950000,34594
3,3995,39950000,39950100,142,355,39960000,34601
3,3996,39960000,39960100,142,355,39970000,34612
3,3997,39970000,39970100,142,355,39980000,34620
3,3998,39980000,39980100,142,355,39990000,34628
3,3999,39990000,39990100,142,355,40000000,34636
3,4,40000,40100,142,355,50000,34
3,40,400000,400100,142,355,410000,347
3,400,4000000,4000100,142,355,4010000,3465
3,4000,40000000,40000100,142,355,40010000,34648
3,4001,40010000,40010100,142,355,40020000,34654
3,4002,40020000,40020100,142,355,40030000,34664
3,4003,40030000,40030100,142,355,40040000,34670
3,4004,40040000,40040100,142,355,40050000,34681
3,4005,40050000,40050100,142,355,40060000,34690
3,4006,40060000,40060100,142,355,40070000,34697
3,4007,40070000,40070100,142,355,40080000,34705
3,4008,40080000,40080100,142,355,40090000,34717
3,4009,40090000,40090100,142,355,40100000,34724
3,401,4010000,4010100,142,355,4020000,3472
3,4010,40100000,40100100,142,355,40110000,34732
3,4011,40110000,40110100,142,355,40120000,34742
3,4012,40120000,40120100,142,355,40130000,34750
3,4013,40130000,40130100,142,355,40140000,34756
3,4014,40140000,40140100,142,355,40150000,34768
3,4015,40150000,40150100,142,355,40160000,34776
3,4016,40160000,40160100,142,355,40170000,34785
3,4017,40170000,40170100,142,355,40180000,34793
3,4018,40180000,40180100,142,355,40190000,34802
3,4019,40190000,40190100,142,355,40200000,34808
3,402,4020000,4020100,142,355,4030000,3484
3,4020,40200000,40200100,142,355,40210000,34821
3,4021,40210000,40210100,142,355,40220000,34829
3,4022,40220000,40220100,142,355,40230000,34836
3,4023,40230000,40230100,142,355,40240000,34844
3,4024,40240000,40240100,142,355,40250000,34853
3,4025,40250000,40250100,142,355,40260000,34862
3,4026,40260000,40260100,142,355,40270000,34873
3,4027,40270000,40270100,142,355,40280000,34879
3,4028,40280000,40280100,142,355,40290000,34889
3,4029,40290000,40290100,142,355,40300000,34897
3,403,4030000,4030100,142,355,4040000,3490
3,4030,40300000,40300100,142,355,40310000,34905
3,4031,40310000,40310100,142,355,40320000,34912
3,4032,40320000,40320100,142,355,40330000,34926
3,4033,40330000,40330100,142,355,40340000,34932
3,4034,40340000,40340100,142,355,40350000,34939
3,4035,40350000,40350100,142,355,40360000,34950
3,4036,40360000,40360100,142,355,40370000,34958
3,4037,40370000,40370100,142,355,40380000,34965
3,4038,40380000,40380100,142,355,40390000,34975
3,4039,40390000,40390100,142,355,40400000,34983
3,404,4040000,4040100,142,355,4050000,3498
3,4040,40400000,40400100,142,355,40410000,34993
3,4041,40410000,40410100,142,355,40420000,35001
3,4042,40420000,40420100,142,355,40430000,35011
3,4043,40430000,40430100,142,355,40440000,35017
3,4044,40440000,40440100,142,355,40450000,35028
3,4045,40450000,40450100,142,355,40460000,35035
3,4046,40460000,40460100,142,355,40470000,35044
3,4047,40470000,40470100,142,355,40480000,35052
3,4048,40480000,40480100,142,355,40490000,35062
3,4049,40490000,40490100,142,355,40500000,35070
3,405,4050000,4050100,142,355,4060000,3507
3,4050,40500000,40500100,142,355,40510000,35081
3,4051,40510000,40510100,142,355,40520000,35087
3,4052,40520000,40520100,142,355,40530000,35095
3,4053,40530000,40530100,142,355,40540000,35106
3,4054,40540000,40540100,142,355,40550000,35113
3,4055,40550000,40550100,142,355,40560000,35120
3,4056,40560000,40560100,142,355,40570000,35134
3,4057,40570000,40570100,142,355,40580000,35140
3,4058,40580000,40580100,142,355,40590000,35147
3,4059,40590000,40590100,142,355,40600000,35156
3,406,4060000,4060100,142,355,4070000,3516
3,4060,40600000,40600100,142,355,40610000,35167
3,4061,40610000,40610100,142,355,40620000,35173
3,4062,40620000,40620100,142,355,40630000,35183
3,4063,40630000,40630100,142,355,40640000,35191
3,4064,40640000,40640100,142,355,40650000,35201
3,4065,40650000,40650100,142,355,40660000,35210
3,4066,40660000,40660100,142,355,40670000,35217
3,4067,40670000,40670100,142,355,40680000,35225
3,4068,40680000,40680100,142,355,40690000,35236
3,4069,40690000,40690100,142,355,40700000,35242
3,407,4070000,4070100,142,355,4080000,3523
3,4070,40700000,40700100,142,355,40710000,35253
3,4071,40710000,40710100,142,355,40720000,35261
3,4072,40720000,40720100,142,355,40730000,35270
3,4073,40730000,40730100,142,355,40740000,35276
3,4074,40740000,40740100,142,355,40750000,35288
3,4075,40750000,40750100,142,355,40760000,35296
3,4076,40760000,40760100,142,355,40770000,35304
3,4077,40770000,40770100,142,355,40780000,35314
3,4078,40780000,40780100,142,355,40790000,35321
3,4079,40790000,40790100,142,355,40800000,35327
3,408,4080000,4080100,142,355,4090000,3535
3,4080,40800000,40800100,142,355,40810000,35340
3,4081,40810000,40810100,142,355,40820000,35349
3,4082,40820000,40820100,142,355,40830000,35356
3,4083,40830000,40830100,142,355,40840000,35364
3,4084,40840000,40840100,142,355,40850000,35374
3,4085,40850000,40850100,142,355,40860000,35381
3,4086,40860000,40860100,142,355,40870000,35392
3,4087,40870000,40870100,142,355,40880000,35398
3,4088,40880000,40880100,142,355,40890000,35409
3,4089,40890000,40890100,142,355,40900000,35417
3,409,4090000,4090100,142,355,4100000,3543
3,4090,40900000,40900100,142,355,40910000,35425
3,4091,40910000,40910100,142,355,40920000,35433
3,4092,40920000,40920100,142,355,40930000,35445
3,4093,40930000,40930100,142,355,40940000,35451
3,4094,40940000,40940100,142,355,40950000,35458
3,4095,40950000,40950100,142,355,40960000,35469
3,4096,40960000,40960100,142,355,40970000,35478
3,4097,40970000,40970100,142,355,40980000,35485
3,4098,40980000,40980100,142,355,40990000,35497
3,4099,40990000,40990100,142,355,41000000,35503
3,41,410000,410100,142,355,420000,353
3,410,4100000,4100100,142,355,4110000,3551
3,4100,41000000,41000100,142,355,41010000,35512
3,4101,41010000,41010100,142,355,41020000,35520
3,4102,41020000,41020100,142,355,41030000,35529
3,4103,41030000,41030100,142,355,41040000,35536
3,4104,41040000,41040100,142,355,41050000,35548
3,4105,41050000,41050100,142,355,41060000,35557
3,4106,41060000,41060100,142,355,41070000,35564
3,4107,41070000,41070100,142,355,41080000,35572
3,4108,41080000,41080100,142,355,41090000,35581
3,4109,41090000,41090100,142,355,41100000,35589
3,411,4110000,4110100,142,355,4120000,3559
3,4110,41100000,41100100,142,355,41110000,35600
3,4111,41110000,41110100,142,355,41120000,35606
3,4112,41120000,41120100,142,355,41130000,35617
3,4113,41130000,41130100,142,355,41140000,35625
3,4114,41140000,41140100,142,355,41150000,35633
3,4115,41150000,41150100,142,355,41160000,35640
3,4116,41160000,41160100,142,355,41170000,35653
3,4117,41170000,41170100,142,355,41180000,35659
3,4118,41180000,41180100,142,355,41190000,35666
3,4119,41190000,41190100,142,355,41200000,35677
3,412,4120000,4120100,142,355,4130000,3568
3,4120,41200000,41200100,142,355,41210000,35687
3,4121,41210000,41210100,142,355,41220000,35693
3,4122,41220000,41220100,142,355,41230000,35703
3,4123,41230000,41230100,142,355,41240000,35711
3,4124,41240000,41240100,142,355,41250000,35719
3,4125,41250000,41250100,142,355,41260000,35729
3,4126,41260000,41260100,142,355,41270000,35738
3,4127,41270000,41270100,142,355,41280000,35744
3,4128,41280000,41280100,142,355,41290000,35756
3,4129,41290000,41290100,142,355,41300000,35762
3,413,4130000,4130100,142,355,4140000,3576
3,4130,41300000,41300100,142,355,41310000,35773
3,4131,41310000,41310100,142,355,41320000,35781
3,4132,41320000,41320100,142,355,41330000,35789
3,4133,41330000,41330100,142,355,41340000,35797
3,4134,41340000,41340100,142,355,41350000,35807
3,4135,41350000,41350100,142,355,41360000,35814
3,4136,41360000,41360100,142,355,41370000,35824
3,4137,41370000,41370100,142,355,41380000,35834
3,4138,41380000,41380100,142,355,41390000,35841
3,4139,41390000,41390100,142,355,41400000,35847
3,414,4140000,4140100,142,355,4150000,3586
3,4140,41400000,41400100,142,355,41410000,35861
3,4141,41410000,41410100,142,355,41420000,35868
3,4142,41420000,41420100,142,355,41430000,35875
3,4143,41430000,41430100,142,355,41440000,35883
3,4144,41440000,41440100,142,355,41450000,35894
3,4145,41450000,41450100,142,355,41460000,35901
3,4146,41460000,41460100,142,355,41470000,35911
3,4147,41470000,41470100,142,355,41480000,35920
3,4148,41480000,41480100,142,355,41490000,35928
3,4149,41490000,41490100,142,355,41500000,35936
3,415,4150000,4150100,142,355,4160000,3593
3,4150,41500000,41500100,142,355,41510000,35944
3,4151,41510000,41510100,142,355,41520000,35952
3,4152,41520000,41520100,142,355,41530000,35965
3,4153,41530000,41530100,142,355,41540000,35971
3,4154,41540000,41540100,142,355,41550000,35980
3,4155,41550000,41550100,142,355,41560000,35989
3,4156,41560000,41560100,142,355,41570000,35997
3,4157,41570000,41570100,142,355,41580000,36003
3,4158,41580000,41580100,142,355,41590000,36016
3,4159,41590000,41590100,142,355,41600000,36022
3,416,4160000,4160100,142,355,4170000,3604
3,4160,41600000,41600100,142,355,41610000,36032
3,4161,41610000,41610100,142,355,41620000,36042
3,4162,41620000,41620100,142,355,41630000,36049
3,4163,41630000,41630100,142,355,41640000,36056
3,4164,41640000,41640100,142,355,41650000,36067
3,4165,41650000,41650100,142,355,41660000,36076
3,4166,41660000,41660100,142,355,41670000,36083
3,4167,41670000,41670100,142,355,41680000,36091
3,4168,41680000,41680100,142,355,41690000,36102
3,4169,41690000,41690100,142,355,41700000,36109
3,417,4170000,4170100,142,355,4180000,3612
3,4170,41700000,41700100,142,355,41710000,36120
3,4171,41710000,41710100,142,355,41720000,36126
3,4172,41720000,41720100,142,355,41730000,36136
3,4173,41730000,41730100,142,355,41740000,36144
3,4174,41740000,41740100,142,355,41750000,36152
3,4175,41750000,41750100,142,355,41760000,36161
3,4176,41760000,41760100,142,355,41770000,36173
3,4177,41770000,41770100,142,355,41780000,36179
3,4178,41780000,41780100,142,355,41790000,36186
3,4179,41790000,41790100,142,355,41800000,36196
3,418,4180000,4180100,142,355,4190000,3620
3,4180,41800000,41800100,142,355,41810000,36206
3,4181,41810000,41810100,142,355,41820000,36212
3,4182,41820000,41820100,142,355,41830000,36224
3,4183,41830000,41830100,142,355,41840000,36230
3,4184,41840000,41840100,142,355,41850000,36239
3,4185,41850000,41850100,142,355,41860000,36249
3,4186,41860000,41860100,142,355,41870000,36258
3,4187,41870000,41870100,142,355,41880000,36264
3,4188,41880000,41880100,142,355,41890000,36275
3,4189,41890000,41890100,142,355,41900000,36283
3,419,4190000,4190100,142,355,4200000,3626
3,4190,41900000,41900100,142,355,41910000,36291
3,4191,41910000,41910100,142,355,41920000,36300
3,4192,41920000,41920100,142,355,41930000,36309
3,4193,41930000,41930100,142,355,41940000,36317
3,4194,41940000,41940100,142,355,41950000,36327
3,4195,41950000,41950100,142,355,41960000,36334
3,4196,41960000,41960100,142,355,41970000,36345
3,4197,41970000,41970100,142,355,41980000,36353
3,4198,41980000,41980100,142,355,41990000,36360
3,4199,41990000,41990100,142,355,42000000,36366
3,42,420000,420100,142,355,430000,365
3,420,4200000,4200100,142,355,4210000,3640
3,4200,42000000,42000100,142,355,42010000,36381
3,4201,42010000,42010100,142,355,42020000,36387
3,4202,42020000,42020100,142,355,42030000,36395
3,4203,42030000,42030100,142,355,42040000,36405
3,4204,42040000,42040100,142,355,42050000,36413
3,4205,42050000,42050100,142,355,42060000,36420
3,4206,42060000,42060100,142,355,42070000,36430
3,4207,42070000,42070100,142,355,42080000,36439
3,4208,42080000,42080100,142,355,42090000,36448
3,4209,42090000,42090100,142,355,42100000,36456
3,421,4210000,4210100,142,355,4220000,3646
3,4210,42100000,42100100,142,355,42110000,36466
3,4211,42110000,42110100,142,355,42120000,36472
3,4212,42120000,42120100,142,355,42130000,36483
3,4213,42130000,42130100,142,355,42140000,36490
3,4214,42140000,42140100,142,355,42150000,36499
3,4215,42150000,42150100,142,355,42160000,36508
3,4216,42160000,42160100,142,355,42170000,36517
3,4217,42170000,42170100,142,355,42180000,36525
3,4218,42180000,42180100,142,355,42190000,36536
3,4219,42190000,42190100,142,355,42200000,36542
3,422,4220000,4220100,142,355,4230000,3653
3,4220,42200000,42200100,142,355,42210000,36551
3,4221,42210000,42210100,142,355,42220000,36561
3,4222,42220000,42220100,142,355,42230000,36568
3,4223,42230000,42230100,142,355,42240000,36574
3,4224,42240000,42240100,142,355,42250000,36589
3,4225,42250000,42250100,142,355,42260000,36596
3,4226,42260000,42260100,142,355,42270000,36603
3,4227,42270000,42270100,142,355,42280000,36611
3,4228,42280000,42280100,142,355,42290000,36621
3,4229,42290000,42290100,142,355,42300000,36628
3,423,4230000,4230100,142,355,4240000,3664
3,4230,42300000,42300100,142,355,42310000,36639
3,4231,42310000,42310100,142,355,42320000,36647
3,4232,42320000,42320100,142,355,42330000,36656
3,4233,42330000,42330100,142,355,42340000,36664
3,4234,42340000,42340100,142,355,42350000,36671
3,4235,42350000,42350100,142,355,42360000,36681
3,4236,42360000,42360100,142,355,42370000,36692
3,4237,42370000,42370100,142,355,42380000,36698
3,4238,42380000,42380100,142,355,42390000,36707
3,4239,42390000,42390100,142,355,42400000,36715
3,424,4240000,4240100,142,355,4250000,3673
3,4240,42400000,42400100,142,355,42410000,36726
3,4241,42410000,42410100,142,355,42420000,36732
3,4242,42420000,42420100,142,355,42430000,36744
3,4243,42430000,42430100,142,355,42440000,36750
3,4244,42440000,42440100,142,355,42450000,36758
3,4245,42450000,42450100,142,355,42460000,36769
3,4246,42460000,42460100,142,355,42470000,36777
3,4247,42470000,42470100,142,355,42480000,36783
3,4248,42480000,42480100,142,355,42490000,36795
3,4249,42490000,42490100,142,355,42500000,36803
3,425,4250000,4250100,142,355,4260000,3680
3,4250,42500000,42500100,142,355,42510000,36811
3,4251,42510000,42510100,142,355,42520000,36820
3,4252,42520000,42520100,142,355,42530000,36830
3,4253,42530000,42530100,142,355,42540000,36836
3,4254,42540000,42540100,142,355,42550000,36846
3,4255,42550000,42550100,142,355,42560000,36853
3,4256,42560000,42560100,142,355,42570000,36864
3,4257,42570000,42570100,142,355,42580000,36873
3,4258,42580000,42580100,142,355,42590000,36880
3,4259,42590000,42590100,142,355,42600000,36888
3,426,4260000,4260100,142,355,4270000,3690
3,4260,42600000,42600100,142,355,42610000,36900
3,4261,42610000,42610100,142,355,42620000,36906
3,4262,42620000,42620100,142,355,42630000,36914
3,4263,42630000,42630100,142,355,42640000,36924
3,4264,42640000,42640100,142,355,42650000,36933
3,4265,42650000,42650100,142,355,42660000,36940
3,4266,42660000,42660100,142,355,42670000,36952
3,4267,42670000,42670100,142,355,42680000,36958
3,4268,42680000,42680100,142,355,42690000,36967
3,4269,42690000,42690100,142,355,42700000,36975
3,427,4270000,4270100,142,355,4280000,3698
3,4270,42700000,42700100,142,355,42710000,36985
3,4271,42710000,42710100,142,355,42720000,36991
3,4272,42720000,42720100,142,355,42730000,37003
3,4273,42730000,42730100,142,355,42740000,37012
3,4274,42740000,42740100,142,355,42750000,37019
3,4275,42750000,42750100,142,355,42760000,37028
3,4276,42760000,42760100,142,355,42770000,37036
3,4277,42770000,42770100,142,355,42780000,37044
3,4278,42780000,42780100,142,355,42790000,37054
3,4279,42790000,42790100,142,355,42800000,37061
3,428,4280000,4280100,142,355,4290000,3706
3,4280,42800000,42800100,142,355,42810000,37073
3,4281,42810000,42810100,142,355,42820000,37081
3,4282,42820000,42820100,142,355,42830000,37088
3,4283,42830000,42830100,142,355,42840000,37094
3,4284,42840000,42840100,142,355,42850000,37108
3,4285,42850000,42850100,142,355,42860000,37115
3,4286,42860000,42860100,142,355,42870000,37122
3,4287,42870000,42870100,142,355,42880000,37132
3,4288,42880000,42880100,142,355,42890000,37141
3,4289,42890000,42890100,142,355,42900000,37147
3,429,4290000,4290100,142,355,4300000,3715
3,4290,42900000,42900100,142,355,42910000,37159
3,4291,42910000,42910100,142,355,42920000,37167
3,4292,42920000,42920100,142,355,42930000,37175
3,4293,42930000,42930100,142,355,42940000,37183
3,4294,42940000,42940100,142,355,42950000,37192
3,4295,42950000,42950100,142,355,42960000,37200
3,4296,42960000,42960100,142,355,42970000,37212
3,4297,42970000,42970100,142,355,42980000,37218
3,4298,42980000,42980100,142,355,42990000,37227
3,4299,42990000,42990100,142,355,43000000,37235
3,43,430000,430100,142,355,440000,371
3,430,4300000,4300100,142,355,4310000,3725
3,4300,43000000,43000100,142,355,43010000,37244
3,4301,43010000,43010100,142,355,43020000,37253
3,4302,43020000,43020100,142,355,43030000,37263
3,4303,43030000,43030100,142,355,43040000,37269
3,4304,43040000,43040100,142,355,43050000,37278
3,4305,43050000,43050100,142,355,43060000,37289
3,4306,43060000,43060100,142,355,43070000,37297
3,4307,43070000,43070100,142,355,43080000,37303
3,4308,43080000,43080100,142,355,43090000,37316
3,4309,43090000,43090100,142,355,43100000,37322
3,431,4310000,4310100,142,355,4320000,3731
3,4310,43100000,43100100,142,355,43110000,37330
3,4311,43110000,43110100,142,355,43120000,37338
3,4312,43120000,43120100,142,355,43130000,37350
3,4313,43130000,43130100,142,355,43140000,37356
3,4314,43140000,43140100,142,355,43150000,37366
3,4315,43150000,43150100,142,355,43160000,37375
3,4316,43160000,43160100,142,355,43170000,37383
3,4317,43170000,43170100,142,355,43180000,37392
3,4318,43180000,43180100,142,355,43190000,37399
3,4319,43190000,43190100,142,355,43200000,37407
3,432,4320000,4320100,142,355,4330000,3743
3,4320,43200000,43200100,142,355,43210000,37420
3,4321,43210000,43210100,142,355,43220000,37426
3,4322,43220000,43220100,142,355,43230000,37435
3,4323,43230000,43230100,142,355,43240000,37444
3,4324,43240000,43240100,142,355,43250000,37452
3,4325,43250000,43250100,142,355,43260000,37459
3,4326,43260000,43260100,142,355,43270000,37471
3,4327,43270000,43270100,142,355,43280000,37477
3,4328,43280000,43280100,142,355,43290000,37487
3,4329,43290000,43290100,142,355,43300000,37497
3,433,4330000,4330100,142,355,4340000,3749
3,4330,43300000,43300100,142,355,43310000,37505
3,4331,43310000,43310100,142,355,43320000,37511
3,4332,43320000,43320100,142,355,43330000,37522
3,4333,43330000,43330100,142,355,43340000,37530
3,4334,43340000,43340100,142,355,43350000,37538
3,4335,43350000,43350100,142,355,43360000,37547
3,4336,43360000,43360100,142,355,43370000,37558
3,4337,43370000,43370100,142,355,43380000,37564
3,4338,43380000,43380100,142,355,43390000,37574
3,4339,43390000,43390100,142,355,43400000,37581
3,434,4340000,4340100,142,355,4350000,3759
3,4340,43400000,43400100,142,355,43410000,37592
3,4341,43410000,43410100,142,355,43420000,37600
3,4342,43420000,43420100,142,355,43430000,37607
3,4343,43430000,43430100,142,355,43440000,37615
3,4344,43440000,43440100,142,355,43450000,37627
3,4345,43450000,43450100,142,355,43460000,37635
3,4346,43460000,43460100,142,355,43470000,37642
3,4347,43470000,43470100,142,355,43480000,37652
3,4348,43480000,43480100,142,355,43490000,37660
3,4349,43490000,43490100,142,355,43500000,37666
3,435,4350000,4350100,142,355,4360000,3768
3,4350,43500000,43500100,142,355,43510000,37680
3,4351,43510000,43510100,142,355,43520000,37686
3,4352,43520000,43520100,142,355,43530000,37695
3,4353,43530000,43530100,142,355,43540000,37703
3,4354,43540000,43540100,142,355,43550000,37712
3,4355,43550000,43550100,142,355,43560000,37719
3,4356,43560000,43560100,142,355,43570000,37731
3,4357,43570000,43570100,142,355,43580000,37739
3,4358,43580000,43580100,142,355,43590000,37746
3,4359,43590000,43590100,142,355,43600000,37754
3,436,4360000,4360100,142,355,4370000,3776
3,4360,43600000,43600100,142,355,43610000,37764
3,4361,43610000,43610100,142,355,43620000,37773
3,4362,43620000,43620100,142,355,43630000,37783
3,4363,43630000,43630100,142,355,43640000,37789
3,4364,43640000,43640100,142,355,43650000,37799
3,4365,43650000,43650100,142,355,43660000,37808
3,4366,43660000,43660100,142,355,43670000,37815
3,4367,43670000,43670100,142,355,43680000,37822
3,4368,43680000,43680100,142,355,43690000,37836
3,4369,43690000,43690100,142,355,43700000,37842
3,437,4370000,4370100,142,355,4380000,3784
3,4370,43700000,43700100,142,355,43710000,37850
3,4371,43710000,43710100,142,355,43720000,37860
3,4372,43720000,43720100,142,355,43730000,37869
3,4373,43730000,43730100,142,355,43740000,37875
3,4374,43740000,43740100,142,355,43750000,37885
3,4375,43750000,43750100,142,355,43760000,37894
3,4376,43760000,43760100,142,355,43770000,37903
3,4377,43770000,43770100,142,355,43780000,37911
3,4378,43780000,43780100,142,355,43790000,37921
3,4379,43790000,43790100,142,355,43800000,37927
3,438,4380000,4380100,142,355,4390000,3794
3,4380,43800000,43800100,142,355,43810000,37939
3,4381,43810000,43810100,142,355,43820000,37945
3,4382,43820000,43820100,142,355,43830000,37954
3,4383,43830000,43830100,142,355,43840000,37963
3,4384,43840000,43840100,142,355,43850000,37972
3,4385,43850000,43850100,142,355,43860000,37981
3,4386,43860000,43860100,142,355,43870000,37991
3,4387,43870000,43870100,142,355,43880000,37997
3,4388,43880000,43880100,142,355,43890000,38005
3,4389,43890000,43890100,142,355,43900000,38016
3,439,4390000,4390100,142,355,4400000,3800
3,4390,43900000,43900100,142,355,43910000,38024
3,4391,43910000,43910100,142,355,43920000,38030
3,4392,43920000,43920100,142,355,43930000,38044
3,4393,43930000,43930100,142,355,43940000,38050
3,4394,43940000,43940100,142,355,43950000,38058
3,4395,43950000,43950100,142,355,43960000,38067
3,4396,43960000,43960100,142,355,43970000,38077
3,4397,43970000,43970100,142,355,43980000,38083
3,4398,43980000,43980100,142,355,43990000,38093
3,4399,43990000,43990100,142,355,44000000,38101
3,44,440000,440100,142,355,450000,380
3,440,4400000,4400100,142,355,4410000,3811
3,4400,44000000,44000100,142,355,44010000,38112
3,4401,44010000,44010100,142,355,44020000,38120
3,4402,44020000,44020100,142,355,44030000,38127
3,4403,44030000,44030100,142,355,44040000,38135
3,4404,44040000,44040100,142,355,44050000,38146
3,4405,44050000,44050100,142,355,44060000,38154
3,4406,44060000,44060100,142,355,44070000,38163
3,4407,44070000,44070100,142,355,44080000,38171
3,4408,44080000,44080100,142,355,44090000,38180
3,4409,44090000,44090100,142,355,44100000,38186
3,441,4410000,4410100,142,355,4420000,3821
3,4410,44100000,44100100,142,355,44110000,38199
3,4411,44110000,44110100,142,355,44120000,38206
3,4412,44120000,44120100,142,355,44130000,38214
3,4413,44130000,44130100,142,355,44140000,38224
3,4414,44140000,44140100,142,355,44150000,38231
3,4415,44150000,44150100,142,355,44160000,38238
3,4416,44160000,44160100,142,355,44170000,38251
3,4417,44170000,44170100,142,355,44180000,38259
3,4418,44180000,44180100,142,355,44190000,38266
3,4419,44190000,44190100,142,355,44200000,38274
3,442,4420000,4420100,142,355,4430000,3828
3,4420,44200000,44200100,142,355,44210000,38285
3,4421,44210000,44210100,142,355,44220000,38291
3,4422,44220000,44220100,142,355,44230000,38302
3,4423,44230000,44230100,142,355,44240000,38308
3,4424,44240000,44240100,142,355,44250000,38319
3,4425,44250000,44250100,142,355,44260000,38328
3,4426,44260000,44260100,142,355,44270000,38335
3,4427,44270000,44270100,142,355,44280000,38344
3,4428,44280000,44280100,142,355,44290000,38355
3,4429,44290000,44290100,142,355,44300000,38361
3,443,4430000,4430100,142,355,4440000,3834
3,4430,44300000,44300100,142,355,44310000,38369
3,4431,44310000,44310100,142,355,44320000,38379
3,4432,44320000,44320100,142,355,44330000,38388
3,4433,44330000,44330100,142,355,44340000,38395
3,4434,44340000,44340100,142,355,44350000,38407
3,4435,44350000,44350100,142,355,44360000,38414
3,4436,44360000,44360100,142,355,44370000,38422
3,4437,44370000,44370100,142,355,44380000,38430
3,4438,44380000,44380100,142,355,44390000,38440
3,4439,44390000,44390100,142,355,44400000,38446
3,444,4440000,4440100,142,355,4450000,3847
3,4440,44400000,44400100,142,355,44410000,38459
3,4441,44410000,44410100,142,355,44420000,38467
3,4442,44420000,44420100,142,355,44430000,38474
3,4443,44430000,44430100,142,355,44440000,38482
3,4444,44440000,44440100,142,355,44450000,38491
3,4445,44450000,44450100,142,355,44460000,38500
3,4446,44460000,44460100,142,355,44470000,38510
3,4447,44470000,44470100,142,355,44480000,38516
3,4448,44480000,44480100,142,355,44490000,38527
3,4449,44490000,44490100,142,355,44500000,38536
3,445,4450000,4450100,142,355,4460000,3855
3,4450,44500000,44500100,142,355,44510000,38544
3,4451,44510000,44510100,142,355,44520000,38550
3,4452,44520000,44520100,142,355,44530000,38563
3,4453,44530000,44530100,142,355,44540000,38569
3,4454,44540000,44540100,142,355,44550000,38576
3,4455,44550000,44550100,142,355,44560000,38588
3,4456,44560000,44560100,142,355,44570000,38597
3,4457,44570000,44570100,142,355,44580000,38603
3,4458,44580000,44580100,142,355,44590000,38613
3,4459,44590000,44590100,142,355,44600000,38621
3,446,4460000,4460100,142,355,4470000,3862
3,4460,44600000,44600100,142,355,44610000,38631
3,4461,44610000,44610100,142,355,44620000,38639
3,4462,44620000,44620100,142,355,44630000,38648
3,4463,44630000,44630100,142,355,44640000,38654
3,4464,44640000,44640100,142,355,44650000,38666
3,4465,44650000,44650100,142,355,44660000,38673
3,4466,44660000,44660100,142,355,44670000,38683
3,4467,44670000,44670100,142,355,44680000,38691
3,4468,44680000,44680100,142,355,44690000,38699
3,4469,44690000,44690100,142,355,44700000,38707
3,447,4470000,4470100,142,355,4480000,3870
3,4470,44700000,44700100,142,355,44710000,38718
3,4471,44710000,44710100,142,355,44720000,38725
3,4472,44720000,44720100,142,355,44730000,38734
3,4473,44730000,44730100,142,355,44740000,38744
3,4474,44740000,44740100,142,355,44750000,38751
3,4475,44750000,44750100,142,355,44760000,38758
3,4476,44760000,44760100,142,355,44770000,38771
3,4477,44770000,44770100,142,355,44780000,38778
3,4478,44780000,44780100,142,355,44790000,38785
3,4479,44790000,44790100,142,355,44800000,38793
3,448,4480000,4480100,142,355,4490000,3881
3,4480,44800000,44800100,142,355,44810000,38805
3,4481,44810000,44810100,142,355,44820000,38811
3,4482,44820000,44820100,142,355,44830000,38822
3,4483,44830000,44830100,142,355,44840000,38830
3,4484,44840000,44840100,142,355,44850000,38838
3,4485,44850000,44850100,142,355,44860000,38847
3,4486,44860000,44860100,142,355,44870000,38854
3,4487,44870000,44870100,142,355,44880000,38862
3,4488,44880000,44880100,142,355,44890000,38875
3,4489,44890000,44890100,142,355,44900000,38881
3,449,4490000,4490100,142,355,4500000,3887
3,4490,44900000,44900100,142,355,44910000,38891
3,4491,44910000,44910100,142,355,44920000,38899
3,4492,44920000,44920100,142,355,44930000,38907
3,4493,44930000,44930100,142,355,44940000,38914
3,4494,44940000,44940100,142,355,44950000,38926
3,4495,44950000,44950100,142,355,44960000,38933
3,4496,44960000,44960100,142,355,44970000,38942
3,4497,44970000,44970100,142,355,44980000,38952
3,4498,44980000,44980100,142,355,44990000,38959
3,4499,44990000,44990100,142,355,45000000,38966
3,45,450000,450100,142,355,460000,391
3,450,4500000,4500100,142,355,4510000,3898
3,4500,45000000,45000100,142,355,45010000,38978
3,4501,45010000,45010100,142,355,45020000,38986
3,4502,45020000,45020100,142,355,45030000,38993
3,4503,45030000,45030100,142,355,45040000,39001
3,4504,45040000,45040100,142,355,45050000,39013
3,4505,45050000,45050100,142,355,45060000,39020
3,4506,45060000,45060100,142,355,45070000,39030
3,4507,45070000,45070100,142,355,45080000,39036
3,4508,45080000,45080100,142,355,45090000,39046
3,4509,45090000,45090100,142,355,45100000,39054
3,451,4510000,4510100,142,355,4520000,3907
3,4510,45100000,45100100,142,355,45110000,39063
3,4511,45110000,45110100,142,355,45120000,39071
3,4512,45120000,45120100,142,355,45130000,39083
3,4513,45130000,45130100,142,355,45140000,39089
3,4514,45140000,45140100,142,355,45150000,39096
3,4515,45150000,45150100,142,355,45160000,39108
3,4516,45160000,45160100,142,355,45170000,39116
3,4517,45170000,45170100,142,355,45180000,39122
3,4518,45180000,45180100,142,355,45190000,39134
3,4519,45190000,45190100,142,355,45200000,39140
3,452,4520000,4520100,142,355,4530000,3915
3,4520,45200000,45200100,142,355,45210000,39150
3,4521,45210000,45210100,142,355,45220000,39159
3,4522,45220000,45220100,142,355,45230000,39168
3,4523,45230000,45230100,142,355,45240000,39174
3,4524,45240000,45240100,142,355,45250000,39185
3,4525,45250000,45250100,142,355,45260000,39194
3,4526,45260000,45260100,142,355,45270000,39202
3,4527,45270000,45270100,142,355,45280000,39210
3,4528,45280000,45280100,142,355,45290000,39219
3,4529,45290000,45290100,142,355,45300000,39227
3,453,4530000,4530100,142,355,4540000,3923
3,4530,45300000,45300100,142,355,45310000,39238
3,4531,45310000,45310100,142,355,45320000,39244
3,4532,45320000,45320100,142,355,45330000,39255
3,4533,45330000,45330100,142,355,45340000,39263
3,4534,45340000,45340100,142,355,45350000,39270
3,4535,45350000,45350100,142,355,45360000,39277
3,4536,45360000,45360100,142,355,45370000,39291
3,4537,45370000,45370100,142,355,45380000,39298
3,4538,45380000,45380100,142,355,45390000,39305
3,4539,45390000,45390100,142,355,45400000,39315
3,454,4540000,4540100,142,355,4550000,3930
3,4540,45400000,45400100,142,355,45410000,39324
3,4541,45410000,45410100,142,355,45420000,39330
3,4542,45420000,45420100,142,355,45430000,39340
3,4543,45430000,45430100,142,355,45440000,39349
3,4544,45440000,45440100,142,355,45450000,39358
3,4545,45450000,45450100,142,355,45460000,39367
3,4546,45460000,45460100,142,355,45470000,39376
3,4547,45470000,45470100,142,355,45480000,39382
3,4548,45480000,45480100,142,355,45490000,39394
3,4549,45490000,45490100,142,355,45500000,39400
3,455,4550000,4550100,142,355,4560000,3939
3,4550,45500000,45500100,142,355,45510000,39410
3,4551,45510000,45510100,142,355,45520000,39418
3,4552,45520000,45520100,142,355,45530000,39427
3,4553,45530000,45530100,142,355,45540000,39435
3,4554,45540000,45540100,142,355,45550000,39446
3,4555,45550000,45550100,142,355,45560000,39453
3,4556,45560000,45560100,142,355,45570000,39461
3,4557,45570000,45570100,142,355,45580000,39471
3,4558,45580000,45580100,142,355,45590000,39478
3,4559,45590000,45590100,142,355,45600000,39485
3,456,4560000,4560100,142,355,4570000,3952
3,4560,45600000,45600100,142,355,45610000,39500
3,4561,45610000,45610100,142,355,45620000,39506
3,4562,45620000,45620100,142,355,45630000,39513
3,4563,45630000,45630100,142,355,45640000,39521
3,4564,45640000,45640100,142,355,45650000,39531
3,4565,45650000,45650100,142,355,45660000,39539
3,4566,45660000,45660100,142,355,45670000,39549
3,4567,45670000,45670100,142,355,45680000,39557
3,4568,45680000,45680100,142,355,45690000,39566
3,4569,45690000,45690100,142,355,45700000,39574
3,457,4570000,4570100,142,355,4580000,3958
3,4570,45700000,45700100,142,355,45710000,39583
3,4571,45710000,45710100,142,355,45720000,39591
3,4572,45720000,45720100,142,355,45730000,39602
3,4573,45730000,45730100,142,355,45740000,39608
3,4574,45740000,45740100,142,355,45750000,39617
3,4575,45750000,45750100,142,355,45760000,39626
3,4576,45760000,45760100,142,355,45770000,39636
3,4577,45770000,45770100,142,355,45780000,39642
3,4578,45780000,45780100,142,355,45790000,39654
3,4579,45790000,45790100,142,355,45800000,39660
3,458,4580000,4580100,142,355,4590000,3967
3,4580,45800000,45800100,142,355,45810000,39669
3,4581,45810000,45810100,142,355,45820000,39680
3,4582,45820000,45820100,142,355,45830000,39687
3,4583,45830000,45830100,142,355,45840000,39693
3,4584,45840000,45840100,142,355,45850000,39705
3,4585,45850000,45850100,142,355,45860000,39714
3,4586,45860000,45860100,142,355,45870000,39721
3,4587,45870000,45870100,142,355,45880000,39730
3,4588,45880000,45880100,142,355,45890000,39740
3,4589,45890000,45890100,142,355,45900000,39746
3,459,4590000,4590100,142,355,4600000,3975
3,4590,45900000,45900100,142,355,45910000,39757
3,4591,45910000,45910100,142,355,45920000,39763
3,4592,45920000,45920100,142,355,45930000,39775
3,4593,45930000,45930100,142,355,45940000,39783
3,4594,45940000,45940100,142,355,45950000,39790
3,4595,45950000,45950100,142,355,45960000,39799
3,4596,45960000,45960100,142,355,45970000,39810
3,4597,45970000,45970100,142,355,45980000,39816
3,4598,45980000,45980100,142,355,45990000,39824
3,4599,45990000,45990100,142,355,46000000,39834
3,46,460000,460100,142,355,470000,398
3,460,4600000,4600100,142,355,4610000,3984
3,4600,46000000,46000100,142,355,46010000,39844
3,4601,46010000,46010100,142,355,46020000,39850
3,4602,46020000,46020100,142,355,46030000,39862
3,4603,46030000,46030100,142,355,46040000,39869
3,4604,46040000,46040100,142,355,46050000,39877
3,4605,46050000,46050100,142,355,46060000,39886
3,4606,46060000,46060100,142,355,46070000,39895
3,4607,46070000,46070100,142,355,46080000,39901
3,4608,46080000,46080100,142,355,46090000,39913
3,4609,46090000,46090100,142,355,46100000,39922
3,461,4610000,4610100,142,355,4620000,3990
3,4610,46100000,46100100,142,355,46110000,39930
3,4611,46110000,46110100,142,355,46120000,39938
3,4612,46120000,46120100,142,355,46130000,39946
3,4613,46130000,46130100,142,355,46140000,39954
3,4614,46140000,46140100,142,355,46150000,39965
3,4615,46150000,46150100,142,355,46160000,39972
3,4616,46160000,46160100,142,355,46170000,39983
3,4617,46170000,46170100,142,355,46180000,39991
3,4618,46180000,46180100,142,355,46190000,39998
3,4619,46190000,46190100,142,355,46200000,40004
3,462,4620000,4620100,142,355,4630000,4003
3,4620,46200000,46200100,142,355,46210000,40019
3,4621,46210000,46210100,142,355,46220000,40025
3,4622,46220000,46220100,142,355,46230000,40032
3,4623,46230000,46230100,142,355,46240000,40042
3,4624,46240000,46240100,142,355,46250000,40051
3,4625,46250000,46250100,142,355,46260000,40059
3,4626,46260000,46260100,142,355,46270000,40069
3,4627,46270000,46270100,142,355,46280000,40077
3,4628,46280000,46280100,142,355,46290000,40085
3,4629,46290000,46290100,142,355,46300000,40093
3,463,4630000,4630100,142,355,4640000,4009
3,4630,46300000,46300100,142,355,46310000,40103
3,4631,46310000,46310100,142,355,46320000,40110
3,4632,46320000,46320100,142,355,46330000,40122
3,4633,46330000,46330100,142,355,46340000,40128
3,4634,46340000,46340100,142,355,46350000,40137
3,4635,46350000,46350100,142,355,46360000,40146
3,4636,46360000,46360100,142,355,46370000,40155
3,4637,46370000,46370100,142,355,46380000,40163
3,4638,46380000,46380100,142,355,46390000,40173
3,4639,46390000,46390100,142,355,46400000,40179
3,464,4640000,4640100,142,355,4650000,4018
3,4640,46400000,46400100,142,355,46410000,40189
3,4641,46410000,46410100,142,355,46420000,40199
3,4642,46420000,46420100,142,355,46430000,40207
3,4643,46430000,46430100,142,355,46440000,40213
3,4644,46440000,46440100,142,355,46450000,40226
3,4645,46450000,46450100,142,355,46460000,40233
3,4646,46460000,46460100,142,355,46470000,40240
3,4647,46470000,46470100,142,355,46480000,40249
3,4648,46480000,46480100,142,355,46490000,40260
3,4649,46490000,46490100,142,355,46500000,40266
3,465,4650000,4650100,142,355,4660000,4029
3,4650,46500000,46500100,142,355,46510000,40277
3,4651,46510000,46510100,142,355,46520000,40285
3,4652,46520000,46520100,142,355,46530000,40293
3,4653,46530000,46530100,142,355,46540000,40302
3,4654,46540000,46540100,142,355,46550000,40309
3,4655,46550000,46550100,142,355,46560000,40318
3,4656,46560000,46560100,142,355,46570000,40330
3,4657,46570000,46570100,142,355,46580000,40336
3,4658,46580000,46580100,142,355,46590000,40346
3,4659,46590000,46590100,142,355,46600000,40354
3,466,4660000,4660100,142,355,4670000,4036
3,4660,46600000,46600100,142,355,46610000,40363
3,4661,46610000,46610100,142,355,46620000,40369
3,4662,46620000,46620100,142,355,46630000,40381
3,4663,46630000,46630100,142,355,46640000,40387
3,4664,46640000,46640100,142,355,46650000,40397
3,4665,46650000,46650100,142,355,46660000,40408
3,4666,46660000,46660100,142,355,46670000,40415
3,4667,46670000,46670100,142,355,46680000,40421
3,4668,46680000,46680100,142,355,46690000,40432
3,4669,46690000,46690100,142,355,46700000,40441
3,467,4670000,4670100,142,355,4680000,4043
3,4670,46700000,46700100,142,355,46710000,40449
3,4671,46710000,46710100,142,355,46720000,40457
3,4672,46720000,46720100,142,355,46730000,40468
3,4673,46730000,46730100,142,355,46740000,40474
3,4674,46740000,46740100,142,355,46750000,40484
3,4675,46750000,46750100,142,355,46760000,40492
3,4676,46760000,46760100,142,355,46770000,40502
3,4677,46770000,46770100,142,355,46780000,40510
3,4678,46780000,46780100,142,355,46790000,40517
3,4679,46790000,46790100,142,355,46800000,40525
3,468,4680000,4680100,142,355,4690000,4054
3,4680,46800000,46800100,142,355,46810000,40539
3,4681,46810000,46810100,142,355,46820000,40545
3,4682,46820000,46820100,142,355,46830000,40552
3,4683,46830000,46830100,142,355,46840000,40562
3,4684,46840000,46840100,142,355,46850000,40570
3,4685,46850000,46850100,142,355,46860000,40577
3,4686,46860000,46860100,142,355,46870000,40590
3,4687,46870000,46870100,142,355,46880000,40596
3,4688,46880000,46880100,142,355,46890000,40605
3,4689,46890000,46890100,142,355,46900000,40613
3,469,4690000,4690100,142,355,4700000,4062
3,4690,46900000,46900100,142,355,46910000,40623
3,4691,46910000,46910100,142,355,46920000,40630
3,4692,46920000,46920100,142,355,46930000,40641
3,4693,46930000,46930100,142,355,46940000,40649
3,4694,46940000,46940100,142,355,46950000,40656
3,4695,46950000,46950100,142,355,46960000,40665
3,4696,46960000,46960100,142,355,46970000,40674
3,4697,46970000,46970100,142,355,46980000,40683
3,4698,46980000,46980100,142,355,46990000,40693
3,4699,46990000,46990100,142,355,47000000,40699
3,47,470000,470100,142,355,480000,404
3,470,4700000,4700100,142,355,4710000,4070
3,4700,47000000,47000100,142,355,47010000,40710
3,4701,47010000,47010100,142,355,47020000,40718
3,4702,47020000,47020100,142,355,47030000,40726
3,4703,47030000,47030100,142,355,47040000,40732
3,4704,47040000,47040100,142,355,47050000,40746
3,4705,47050000,47050100,142,355,47060000,40753
3,4706,47060000,47060100,142,355,47070000,40760
3,4707,47070000,47070100,142,355,47080000,40770
3,4708,47080000,47080100,142,355,47090000,40779
3,4709,47090000,47090100,142,355,47100000,40785
3,471,4710000,4710100,142,355,4720000,4078
3,4710,47100000,47100100,142,355,47110000,40796
3,4711,47110000,47110100,142,355,47120000,40804
3,4712,47120000,47120100,142,355,47130000,40813
3,4713,47130000,47130100,142,355,47140000,40822
3,4714,47140000,47140100,142,355,47150000,40831
3,4715,47150000,47150100,142,355,47160000,40838
3,4716,47160000,47160100,142,355,47170000,40849
3,4717,47170000,47170100,142,355,47180000,40855
3,4718,47180000,47180100,142,355,47190000,40864
3,4719,47190000,47190100,142,355,47200000,40873
3,472,4720000,4720100,142,355,4730000,4089
3,4720,47200000,47200100,142,355,47210000,40883
3,4721,47210000,47210100,142,355,47220000,40891
3,4722,47220000,47220100,142,355,47230000,40901
3,4723,47230000,47230100,142,355,47240000,40907
3,4724,47240000,47240100,142,355,47250000,40916
3,4725,47250000,47250100,142,355,47260000,40927
3,4726,47260000,47260100,142,355,47270000,40934
3,4727,47270000,47270100,142,355,47280000,40940
3,4728,47280000,47280100,142,355,47290000,40954
3,4729,47290000,47290100,142,355,47300000,40960
3,473,4730000,4730100,142,355,4740000,4096
3,4730,47300000,47300100,142,355,47310000,40969
3,4731,47310000,47310100,142,355,47320000,40977
3,4732,47320000,47320100,142,355,47330000,40987
3,4733,47330000,47330100,142,355,47340000,40993
3,4734,47340000,47340100,142,355,47350000,41003
3,4735,47350000,47350100,142,355,47360000,41013
3,4736,47360000,47360100,142,355,47370000,41022
3,4737,47370000,47370100,142,355,47380000,41030
3,4738,47380000,47380100,142,355,47390000,41037
3,4739,47390000,47390100,142,355,47400000,41045
3,474,4740000,4740100,142,355,4750000,4106
3,4740,47400000,47400100,142,355,47410000,41057
3,4741,47410000,47410100,142,355,47420000,41064
3,4742,47420000,47420100,142,355,47430000,41073
3,4743,47430000,47430100,142,355,47440000,41081
3,4744,47440000,47440100,142,355,47450000,41090
3,4745,47450000,47450100,142,355,47460000,41097
3,4746,47460000,47460100,142,355,47470000,41110
3,4747,47470000,47470100,142,355,47480000,41116
3,4748,47480000,47480100,142,355,47490000,41124
3,4749,47490000,47490100,142,355,47500000,41134
3,475,4750000,4750100,142,355,4760000,4113
3,4750,47500000,47500100,142,355,47510000,41142
3,4751,47510000,47510100,142,355,47520000,41148
3,4752,47520000,47520100,142,355,47530000,41161
3,4753,47530000,47530100,142,355,47540000,41169
3,4754,47540000,47540100,142,355,47550000,41176
3,4755,47550000,47550100,142,355,47560000,41185
3,4756,47560000,47560100,142,355,47570000,41195
3,4757,47570000,47570100,142,355,47580000,41202
3,4758,47580000,47580100,142,355,47590000,41212
3,4759,47590000,47590100,142,355,47600000,41218
3,476,4760000,4760100,142,355,4770000,4123
3,4760,47600000,47600100,142,355,47610000,41230
3,4761,47610000,47610100,142,355,47620000,41238
3,4762,47620000,47620100,142,355,47630000,41245
3,4763,47630000,47630100,142,355,47640000,41254
3,4764,47640000,47640100,142,355,47650000,41265
3,4765,47650000,47650100,142,355,47660000,41272
3,4766,47660000,47660100,142,355,47670000,41279
3,4767,47670000,47670100,142,355,47680000,41289
3,4768,47680000,47680100,142,355,47690000,41299
3,4769,47690000,47690100,142,355,47700000,41305
3,477,4770000,4770100,142,355,4780000,4131
3,4770,47700000,47700100,142,355,47710000,41318
3,4771,47710000,47710100,142,355,47720000,41324
3,4772,47720000,47720100,142,355,47730000,41332
3,4773,47730000,47730100,142,355,47740000,41340
3,4774,47740000,47740100,142,355,47750000,41350
3,4775,47750000,47750100,142,355,47760000,41357
3,4776,47760000,47760100,142,355,47770000,41369
3,4777,47770000,47770100,142,355,47780000,41377
3,4778,47780000,47780100,142,355,47790000,41384
3,4779,47790000,47790100,142,355,47800000,41393
3,478,4780000,4780100,142,355,4790000,4139
3,4780,47800000,47800100,142,355,47810000,41402
3,4781,47810000,47810100,142,355,47820000,41410
3,4782,47820000,47820100,142,355,47830000,41420
3,4783,47830000,47830100,142,355,47840000,41426
3,4784,47840000,47840100,142,355,47850000,41437
3,4785,47850000,47850100,142,355,47860000,41447
3,4786,47860000,47860100,142,355,47870000,41454
3,4787,47870000,47870100,142,355,47880000,41460
3,4788,47880000,47880100,142,355,47890000,41473
3,4789,47890000,47890100,142,355,47900000,41479
3,479,4790000,4790100,142,355,4800000,4147
3,4790,47900000,47900100,142,355,47910000,41488
3,4791,47910000,47910100,142,355,47920000,41498
3,4792,47920000,47920100,142,355,47930000,41507
3,4793,47930000,47930100,142,355,47940000,41513
3,4794,47940000,47940100,142,355,47950000,41523
3,4795,47950000,47950100,142,355,47960000,41532
3,4796,47960000,47960100,142,355,47970000,41541
3,4797,47970000,47970100,142,355,47980000,41549
3,4798,47980000,47980100,142,355,47990000,41558
3,4799,47990000,47990100,142,355,48000000,41564
3,48,480000,480100,142,355,490000,416
3,480,4800000,4800100,142,355,4810000,4160
3,4800,48000000,48000100,142,355,48010000,41577
3,4801,48010000,48010100,142,355,48020000,41584
3,4802,48020000,48020100,142,355,48030000,41593
3,4803,48030000,48030100,142,355,48040000,41601
3,4804,48040000,48040100,142,355,48050000,41609
3,4805,48050000,48050100,142,355,48060000,41618
3,4806,48060000,48060100,142,355,48070000,41628
3,4807,48070000,48070100,142,355,48080000,41635
3,4808,48080000,48080100,142,355,48090000,41644
3,4809,48090000,48090100,142,355,48100000,41654
3,481,4810000,4810100,142,355,4820000,4166
3,4810,48100000,48100100,142,355,48110000,41662
3,4811,48110000,48110100,142,355,48120000,41668
3,4812,48120000,48120100,142,355,48130000,41682
3,4813,48130000,48130100,142,355,48140000,41688
3,4814,48140000,48140100,142,355,48150000,41695
3,4815,48150000,48150100,142,355,48160000,41704
3,4816,48160000,48160100,142,355,48170000,41715
3,4817,48170000,48170100,142,355,48180000,41721
3,4818,48180000,48180100,142,355,48190000,41732
3,4819,48190000,48190100,142,355,48200000,41740
3,482,4820000,4820100,142,355,4830000,4173
3,4820,48200000,48200100,142,355,48210000,41749
3,4821,48210000,48210100,142,355,48220000,41757
3,4822,48220000,48220100,142,355,48230000,41764
3,4823,48230000,48230100,142,355,48240000,41773
3,4824,48240000,48240100,142,355,48250000,41785
3,4825,48250000,48250100,142,355,48260000,41792
3,4826,48260000,48260100,142,355,48270000,41801
3,4827,48270000,48270100,142,355,48280000,41809
3,4828,48280000,48280100,142,355,48290000,41817
3,4829,48290000,48290100,142,355,48300000,41824
3,483,4830000,4830100,142,355,4840000,4183
3,4830,48300000,48300100,142,355,48310000,41837
3,4831,48310000,48310100,142,355,48320000,41843
3,4832,48320000,48320100,142,355,48330000,41852
3,4833,48330000,48330100,142,355,48340000,41862
3,4834,48340000,48340100,142,355,48350000,41870
3,4835,48350000,48350100,142,355,48360000,41877
3,4836,48360000,48360100,142,355,48370000,41888
3,4837,48370000,48370100,142,355,48380000,41896
3,4838,48380000,48380100,142,355,48390000,41903
3,4839,48390000,48390100,142,355,48400000,41911
3,484,4840000,4840100,142,355,4850000,4192
3,4840,48400000,48400100,142,355,48410000,41924
3,4841,48410000,48410100,142,355,48420000,41930
3,4842,48420000,48420100,142,355,48430000,41940
3,4843,48430000,48430100,142,355,48440000,41946
3,4844,48440000,48440100,142,355,48450000,41956
3,4845,48450000,48450100,142,355,48460000,41966
3,4846,48460000,48460100,142,355,48470000,41973
3,4847,48470000,48470100,142,355,48480000,41981
3,4848,48480000,48480100,142,355,48490000,41993
3,4849,48490000,48490100,142,355,48500000,41999
3,485,4850000,4850100,142,355,4860000,4199
3,4850,48500000,48500100,142,355,48510000,42007
3,4851,48510000,48510100,142,355,48520000,42018
3,4852,48520000,48520100,142,355,48530000,42026
3,4853,48530000,48530100,142,355,48540000,42032
3,4854,48540000,48540100,142,355,48550000,42044
3,4855,48550000,48550100,142,355,48560000,42051
3,4856,48560000,48560100,142,355,48570000,42061
3,4857,48570000,48570100,142,355,48580000,42069
3,4858,48580000,48580100,142,355,48590000,42078
3,4859,48590000,48590100,142,355,48600000,42084
3,486,4860000,4860100,142,355,4870000,4211
3,4860,48600000,48600100,142,355,48610000,42096
3,4861,48610000,48610100,142,355,48620000,42104
3,4862,48620000,48620100,142,355,48630000,42112
3,4863,48630000,48630100,142,355,48640000,42120
3,4864,48640000,48640100,142,355,48650000,42129
3,4865,48650000,48650100,142,355,48660000,42138
3,4866,48660000,48660100,142,355,48670000,42148
3,4867,48670000,48670100,142,355,48680000,42155
3,4868,48680000,48680100,142,355,48690000,42165
3,4869,48690000,48690100,142,355,48700000,42173
3,487,4870000,4870100,142,355,4880000,4217
3,4870,48700000,48700100,142,355,48710000,42181
3,4871,48710000,48710100,142,355,48720000,42187
3,4872,48720000,48720100,142,355,48730000,42201
3,4873,48730000,48730100,142,355,48740000,42208
3,4874,48740000,48740100,142,355,48750000,42215
3,4875,48750000,48750100,142,355,48760000,42226
3,4876,48760000,48760100,142,355,48770000,42234
3,4877,48770000,48770100,142,355,48780000,42240
3,4878,48780000,48780100,142,355,48790000,42251
3,4879,48790000,48790100,142,355,48800000,42259
3,488,4880000,4880100,142,355,4890000,4226
3,4880,48800000,48800100,142,355,48810000,42269
3,4881,48810000,48810100,142,355,48820000,42277
3,4882,48820000,48820100,142,355,48830000,42286
3,4883,48830000,48830100,142,355,48840000,42292
3,4884,48840000,48840100,142,355,48850000,42304
3,4885,48850000,48850100,142,355,48860000,42311
3,4886,48860000,48860100,142,355,48870000,42320
3,4887,48870000,48870100,142,355,48880000,42328
3,4888,48880000,48880100,142,355,48890000,42337
3,4889,48890000,48890100,142,355,48900000,42346
3,489,4890000,4890100,142,355,4900000,4235
3,4890,48900000,48900100,142,355,48910000,42357
3,4891,48910000,48910100,142,355,48920000,42363
3,4892,48920000,48920100,142,355,48930000,42371
3,4893,48930000,48930100,142,355,48940000,42381
3,4894,48940000,48940100,142,355,48950000,42388
3,4895,48950000,48950100,142,355,48960000,42396
3,4896,48960000,48960100,142,355,48970000,42410
3,4897,48970000,48970100,142,355,48980000,42416
3,4898,48980000,48980100,142,355,48990000,42423
3,4899,48990000,48990100,142,355,49000000,42431
3,49,490000,490100,142,355,500000,425
3,490,4900000,4900100,142,355,4910000,4245
3,4900,49000000,49000100,142,355,49010000,42443
3,4901,49010000,49010100,142,355,49020000,42449
3,4902,49020000,49020100,142,355,49030000,42459
3,4903,49030000,49030100,142,355,49040000,42467
3,4904,49040000,49040100,142,355,49050000,42476
3,4905,49050000,49050100,142,355,49060000,42485
3,4906,49060000,49060100,142,355,49070000,42493
3,4907,49070000,49070100,142,355,49080000,42501
3,4908,49080000,49080100,142,355,49090000,42512
3,4909,49090000,49090100,142,355,49100000,42518
3,491,4910000,4910100,142,355,4920000,4251
3,4910,49100000,49100100,142,355,49110000,42528
3,4911,49110000,49110100,142,355,49120000,42537
3,4912,49120000,49120100,142,355,49130000,42546
3,4913,49130000,49130100,142,355,49140000,42552
3,4914,49140000,49140100,142,355,49150000,42564
3,4915,49150000,49150100,142,355,49160000,42571
3,4916,49160000,49160100,142,355,49170000,42579
3,4917,49170000,49170100,142,355,49180000,42590
3,4918,49180000,49180100,142,355,49190000,42597
3,4919,49190000,49190100,142,355,49200000,42603
3,492,4920000,4920100,142,355,4930000,4262
3,4920,49200000,49200100,142,355,49210000,42616
3,4921,49210000,49210100,142,355,49220000,42624
3,4922,49220000,49220100,142,355,49230000,42632
3,4923,49230000,49230100,142,355,49240000,42640
3,4924,49240000,49240100,142,355,49250000,42650
3,4925,49250000,49250100,142,355,49260000,42657
3,4926,49260000,49260100,142,355,49270000,42667
3,4927,49270000,49270100,142,355,49280000,42673
3,4928,49280000,49280100,142,355,49290000,42685
3,4929,49290000,49290100,142,355,49300000,42693
3,493,4930000,4930100,142,355,4940000,4270
3,4930,49300000,49300100,142,355,49310000,42701
3,4931,49310000,49310100,142,355,49320000,42709
3,4932,49320000,49320100,142,355,49330000,42720
3,4933,49330000,49330100,142,355,49340000,42727
3,4934,49340000,49340100,142,355,49350000,42734
3,4935,49350000,49350100,142,355,49360000,42745
3,4936,49360000,49360100,142,355,49370000,42754
3,4937,49370000,49370100,142,355,49380000,42760
3,4938,49380000,49380100,142,355,49390000,42772
3,4939,49390000,49390100,142,355,49400000,42779
3,494,4940000,4940100,142,355,4950000,4277
3,4940,49400000,49400100,142,355,49410000,42788
3,4941,49410000,49410100,142,355,49420000,42796
3,4942,49420000,49420100,142,355,49430000,42805
3,4943,49430000,49430100,142,355,49440000,42811
3,4944,49440000,49440100,142,355,49450000,42824
3,4945,49450000,49450100,142,355,49460000,42833
3,4946,49460000,49460100,142,355,49470000,42840
3,4947,49470000,49470100,142,355,49480000,42848
3,4948,49480000,49480100,142,355,49490000,42856
3,4949,49490000,49490100,142,355,49500000,42864
3,495,4950000,4950100,142,355,4960000,4287
3,4950,49500000,49500100,142,355,49510000,42876
3,4951,49510000,49510100,142,355,49520000,42882
3,4952,49520000,49520100,142,355,49530000,42893
3,4953,49530000,49530100,142,355,49540000,42901
3,4954,49540000,49540100,142,355,49550000,42908
3,4955,49550000,49550100,142,355,49560000,42916
3,4956,49560000,49560100,142,355,49570000,42929
3,4957,49570000,49570100,142,355,49580000,42935
3,4958,49580000,49580100,142,355,49590000,42942
3,4959,49590000,49590100,142,355,49600000,42952
3,496,4960000,4960100,142,355,4970000,4296
3,4960,49600000,49600100,142,355,49610000,42962
3,4961,49610000,49610100,142,355,49620000,42969
3,4962,49620000,49620100,142,355,49630000,42979
3,4963,49630000,49630100,142,355,49640000,42987
3,4964,49640000,49640100,142,355,49650000,42995
3,4965,49650000,49650100,142,355,49660000,43004
3,4966,49660000,49660100,142,355,49670000,43014
3,4967,49670000,49670100,142,355,49680000,43020
3,4968,49680000,49680100,142,355,49690000,43032
3,4969,49690000,49690100,142,355,49700000,43038
3,497,4970000,4970100,142,355,4980000,4304
3,4970,49700000,49700100,142,355,49710000,43048
3,4971,49710000,49710100,142,355,49720000,43056
3,4972,49720000,49720100,142,355,49730000,43065
3,4973,49730000,49730100,142,355,49740000,43073
3,4974,49740000,49740100,142,355,49750000,43083
3,4975,49750000,49750100,142,355,49760000,43090
3,4976,49760000,49760100,142,355,49770000,43099
3,4977,49770000,49770100,142,355,49780000,43110
3,4978,49780000,49780100,142,355,49790000,43117
3,4979,49790000,49790100,142,355,49800000,43123
3,498,4980000,4980100,142,355,4990000,4314
3,4980,49800000,49800100,142,355,49810000,43137
3,4981,49810000,49810100,142,355,49820000,43143
3,4982,49820000,49820100,142,355,49830000,43150
3,4983,49830000,49830100,142,355,49840000,43159
3,4984,49840000,49840100,142,355,49850000,43170
3,4985,49850000,49850100,142,355,49860000,43177
3,4986,49860000,49860100,142,355,49870000,43187
3,4987,49870000,49870100,142,355,49880000,43195
3,4988,49880000,49880100,142,355,49890000,43204
3,4989,49890000,49890100,142,355,49900000,43212
3,499,4990000,4990100,142,355,5000000,4320
3,4990,49900000,49900100,142,355,49910000,43220
3,4991,49910000,49910100,142,355,49920000,43228
3,4992,49920000,49920100,142,355,49930000,43240
3,4993,49930000,49930100,142,355,49940000,43246
3,4994,49940000,49940100,142,355,49950000,43256
3,4995,49950000,49950100,142,355,49960000,43265
3,4996,49960000,49960100,142,355,49970000,43273
3,4997,49970000,49970100,142,355,49980000,43279
3,4998,49980000,49980100,142,355,49990000,43291
3,4999,49990000,49990100,142,355,50000000,43298
3,5,50000,50100,142,355,60000,42
3,50,500000,500100,142,355,510000,433
3,500,5000000,5000100,142,355,5010000,4332
3,5000,50000000,50000100,142,355,50010000,43308
3,5001,50010000,50010100,142,355,50020000,43318
3,5002,50020000,50020100,142,355,50030000,43325
3,5003,50030000,50030100,142,355,50040000,43331
3,5004,50040000,50040100,142,355,50050000,43342
3,5005,50050000,50050100,142,355,50060000,43352
3,5006,50060000,50060100,142,355,50070000,43359
3,5007,50070000,50070100,142,355,50080000,43367
3,5008,50080000,50080100,142,355,50090000,43378
3,5009,50090000,50090100,142,355,50100000,43384
3,501,5010000,5010100,142,355,5020000,4340
3,5010,50100000,50100100,142,355,50110000,43396
3,5011,50110000,50110100,142,355,50120000,43402
3,5012,50120000,50120100,142,355,50130000,43412
3,5013,50130000,50130100,142,355,50140000,43420
3,5014,50140000,50140100,142,355,50150000,43427
3,5015,50150000,50150100,142,355,50160000,43436
3,5016,50160000,50160100,142,355,50170000,43449
3,5017,50170000,50170100,142,355,50180000,43455
3,5018,50180000,50180100,142,355,50190000,43462
3,5019,50190000,50190100,142,355,50200000,43472
3,502,5020000,5020100,142,355,5030000,4347
3,5020,50200000,50200100,142,355,50210000,43481
3,5021,50210000,50210100,142,355,50220000,43488
3,5022,50220000,50220100,142,355,50230000,43500
3,5023,50230000,50230100,142,355,50240000,43506
3,5024,50240000,50240100,142,355,50250000,43515
3,5025,50250000,50250100,142,355,50260000,43524
3,5026,50260000,50260100,142,355,50270000,43533
3,5027,50270000,50270100,142,355,50280000,43540
3,5028,50280000,50280100,142,355,50290000,43551
3,5029,50290000,50290100,142,355,50300000,43559
3,503,5030000,5030100,142,355,5040000,4353
3,5030,50300000,50300100,142,355,50310000,43567
3,5031,50310000,50310100,142,355,50320000,43575
3,5032,50320000,50320100,142,355,50330000,43585
3,5033,50330000,50330100,142,355,50340000,43593
3,5034,50340000,50340100,142,355,50350000,43603
3,5035,50350000,50350100,142,355,50360000,43610
3,5036,50360000,50360100,142,355,50370000,43620
3,5037,50370000,50370100,142,355,50380000,43628
3,5038,50380000,50380100,142,355,50390000,43636
3,5039,50390000,50390100,142,355,50400000,43642
3,504,5040000,5040100,142,355,5050000,4367
3,5040,50400000,50400100,142,355,50410000,43657
3,5041,50410000,50410100,142,355,50420000,43663
3,5042,50420000,50420100,142,355,50430000,43670
3,5043,50430000,50430100,142,355,50440000,43681
3,5044,50440000,50440100,142,355,50450000,43689
3,5045,50450000,50450100,142,355,50460000,43696
3,5046,50460000,50460100,142,355,50470000,43706
3,5047,50470000,50470100,142,355,50480000,43714
3,5048,50480000,50480100,142,355,50490000,43723
3,5049,50490000,50490100,142,355,50500000,43732
3,505,5050000,5050100,142,355,5060000,4374
3,5050,50500000,50500100,142,355,50510000,43742
3,5051,50510000,50510100,142,355,50520000,43748
3,5052,50520000,50520100,142,355,50530000,43759
3,5053,50530000,50530100,142,355,50540000,43765
3,5054,50540000,50540100,142,355,50550000,43775
3,5055,50550000,50550100,142,355,50560000,43784
3,5056,50560000,50560100,142,355,50570000,43793
3,5057,50570000,50570100,142,355,50580000,43801
3,5058,50580000,50580100,142,355,50590000,43811
3,5059,50590000,50590100,142,355,50600000,43817
3,506,5060000,5060100,142,355,5070000,4382
3,5060,50600000,50600100,142,355,50610000,43827
3,5061,50610000,50610100,142,355,50620000,43837
3,5062,50620000,50620100,142,355,50630000,43844
3,5063,50630000,50630100,142,355,50640000,43850
3,5064,50640000,50640100,142,355,50650000,43864
3,5065,50650000,50650100,142,355,50660000,43872
3,5066,50660000,50660100,142,355,50670000,43879
3,5067,50670000,50670100,142,355,50680000,43887
3,5068,50680000,50680100,142,355,50690000,43897
3,5069,50690000,50690100,142,355,50700000,43903
3,507,5070000,5070100,142,355,5080000,4392
3,5070,50700000,50700100,142,355,50710000,43914
3,5071,50710000,50710100,142,355,50720000,43923
3,5072,50720000,50720100,142,355,50730000,43932
3,5073,50730000,50730100,142,355,50740000,43940
3,5074,50740000,50740100,142,355,50750000,43947
3,5075,50750000,50750100,142,355,50760000,43956
3,5076,50760000,50760100,142,355,50770000,43968
3,5077,50770000,50770100,142,355,50780000,43974
3,5078,50780000,50780100,142,355,50790000,43983
3,5079,50790000,50790100,142,355,50800000,43991
3,508,5080000,5080100,142,355,5090000,4400
3,5080,50800000,50800100,142,355,50810000,44001
3,5081,50810000,50810100,142,355,50820000,44007
3,5082,50820000,50820100,142,355,50830000,44020
3,5083,50830000,50830100,142,355,50840000,44026
3,5084,50840000,50840100,142,355,50850000,44034
3,5085,50850000,50850100,142,355,50860000,44045
3,5086,50860000,50860100,142,355,50870000,44052
3,5087,50870000,50870100,142,355,50880000,44059
3,5088,50880000,50880100,142,355,50890000,44071
3,5089,50890000,50890100,142,355,50900000,44079
3,509,5090000,5090100,142,355,5100000,4406
3,5090,50900000,50900100,142,355,50910000,44087
3,5091,50910000,50910100,142,355,50920000,44095
3,5092,50920000,50920100,142,355,50930000,44105
3,5093,50930000,50930100,142,355,50940000,44112
3,5094,50940000,50940100,142,355,50950000,44122
3,5095,50950000,50950100,142,355,50960000,44129
3,5096,50960000,50960100,142,355,50970000,44140
3,5097,50970000,50970100,142,355,50980000,44148
3,5098,50980000,50980100,142,355,50990000,44156
3,5099,50990000,50990100,142,355,51000000,44164
3,51,510000,510100,142,355,520000,441
3,510,5100000,5100100,142,355,5110000,4417
3,5100,51000000,51000100,142,355,51010000,44176
3,5101,51010000,51010100,142,355,51020000,44182
3,5102,51020000,51020100,142,355,51030000,44189
3,5103,51030000,51030100,142,355,51040000,44199
3,5104,51040000,51040100,142,355,51050000,44209
3,5105,51050000,51050100,142,355,51060000,44216
3,5106,51060000,51060100,142,355,51070000,44228
3,5107,51070000,51070100,142,355,51080000,44234
3,5108,51080000,51080100,142,355,51090000,44242
3,5109,51090000,51090100,142,355,51100000,44251
3,511,5110000,5110100,142,355,5120000,4426
3,5110,51100000,51100100,142,355,51110000,44261
3,5111,51110000,51110100,142,355,51120000,44267
3,5112,51120000,51120100,142,355,51130000,44279
3,5113,51130000,51130100,142,355,51140000,44287
3,5114,51140000,51140100,142,355,51150000,44294
3,5115,51150000,51150100,142,355,51160000,44304
3,5116,51160000,51160100,142,355,51170000,44312
3,5117,51170000,51170100,142,355,51180000,44320
3,5118,51180000,51180100,142,355,51190000,44330
3,5119,51190000,51190100,142,355,51200000,44336
3,512,5120000,5120100,142,355,5130000,4435
3,5120,51200000,51200100,142,355,51210000,44349
3,5121,51210000,51210100,142,355,51220000,44357
3,5122,51220000,51220100,142,355,51230000,44364
3,5123,51230000,51230100,142,355,51240000,44370
3,5124,51240000,51240100,142,355,51250000,44383
3,5125,51250000,51250100,142,355,51260000,44390
3,5126,51260000,51260100,142,355,51270000,44398
3,5127,51270000,51270100,142,355,51280000,44408
3,5128,51280000,51280100,142,355,51290000,44417
3,5129,51290000,51290100,142,355,51300000,44423
3,513,5130000,5130100,142,355,5140000,4443
3,5130,51300000,51300100,142,355,51310000,44434
3,5131,51310000,51310100,142,355,51320000,44443
3,5132,51320000,51320100,142,355,51330000,44451
3,5133,51330000,51330100,142,355,51340000,44459
3,5134,51340000,51340100,142,355,51350000,44468
3,5135,51350000,51350100,142,355,51360000,44475
3,5136,51360000,51360100,142,355,51370000,44487
3,5137,51370000,51370100,142,355,51380000,44494
3,5138,51380000,51380100,142,355,51390000,44503
3,5139,51390000,51390100,142,355,51400000,44511
3,514,5140000,5140100,142,355,5150000,4452
3,5140,51400000,51400100,142,355,51410000,44520
3,5141,51410000,51410100,142,355,51420000,44528
3,5142,51420000,51420100,142,355,51430000,44539
3,5143,51430000,51430100,142,355,51440000,44545
3,5144,51440000,51440100,142,355,51450000,44554
3,5145,51450000,51450100,142,355,51460000,44565
3,5146,51460000,51460100,142,355,51470000,44572
3,5147,51470000,51470100,142,355,51480000,44578
3,5148,51480000,51480100,142,355,51490000,44592
3,5149,51490000,51490100,142,355,51500000,44598
3,515,5150000,5150100,142,355,5160000,4459
3,5150,51500000,51500100,142,355,51510000,44606
3,5151,51510000,51510100,142,355,51520000,44614
3,5152,51520000,51520100,142,355,51530000,44625
3,5153,51530000,51530100,142,355,51540000,44632
3,5154,51540000,51540100,142,355,51550000,44642
3,5155,51550000,51550100,142,355,51560000,44651
3,5156,51560000,51560100,142,355,51570000,44659
3,5157,51570000,51570100,142,355,51580000,44667
3,5158,51580000,51580100,142,355,51590000,44674
3,5159,51590000,51590100,142,355,51600000,44683
3,516,5160000,5160100,142,355,5170000,4470
3,5160,51600000,51600100,142,355,51610000,44696
3,5161,51610000,51610100,142,355,51620000,44702
3,5162,51620000,51620100,142,355,51630000,44711
3,5163,51630000,51630100,142,355,51640000,44719
3,5164,51640000,51640100,142,355,51650000,44728
3,5165,51650000,51650100,142,355,51660000,44735
3,5166,51660000,51660100,142,355,51670000,44747
3,5167,51670000,51670100,142,355,51680000,44753
3,5168,51680000,51680100,142,355,51690000,44762
3,5169,51690000,51690100,142,355,51700000,44772
3,517,5170000,5170100,142,355,5180000,4477
3,5170,51700000,51700100,142,355,51710000,44781
3,5171,51710000,51710100,142,355,51720000,44787
3,5172,51720000,51720100,142,355,51730000,44798
3,5173,51730000,51730100,142,355,51740000,44806
3,5174,51740000,51740100,142,355,51750000,44813
3,5175,51750000,51750100,142,355,51760000,44823
3,5176,51760000,51760100,142,355,51770000,44834
3,5177,51770000,51770100,142,355,51780000,44840
3,5178,51780000,51780100,142,355,51790000,44850
3,5179,51790000,51790100,142,355,51800000,44856
3,518,5180000,5180100,142,355,5190000,4486
3,5180,51800000,51800100,142,355,51810000,44867
3,5181,51810000,51810100,142,355,51820000,44876
3,5182,51820000,51820100,142,355,51830000,44883
3,5183,51830000,51830100,142,355,51840000,44891
3,5184,51840000,51840100,142,355,51850000,44903
3,5185,51850000,51850100,142,355,51860000,44910
3,5186,51860000,51860100,142,355,51870000,44918
3,5187,51870000,51870100,142,355,51880000,44928
3,5188,51880000,51880100,142,355,51890000,44936
3,5189,51890000,51890100,142,355,51900000,44942
3,519,5190000,5190100,142,355,5200000,4494
3,5190,51900000,51900100,142,355,51910000,44955
3,5191,51910000,51910100,142,355,51920000,44961
3,5192,51920000,51920100,142,355,51930000,44971
3,5193,51930000,51930100,142,355,51940000,44979
3,5194,51940000,51940100,142,355,51950000,44988
3,5195,51950000,51950100,142,355,51960000,44995
3,5196,51960000,51960100,142,355,51970000,45006
3,5197,51970000,51970100,142,355,51980000,45015
3,5198,51980000,51980100,142,355,51990000,45022
3,5199,51990000,51990100,142,355,52000000,45030
3,52,520000,520100,142,355,530000,451
3,520,5200000,5200100,142,355,5210000,4504
3,5200,52000000,52000100,142,355,52010000,45040
3,5201,52010000,52010100,142,355,52020000,45048
3,5202,52020000,52020100,142,355,52030000,45058
3,5203,52030000,52030100,142,355,52040000,45065
3,5204,52040000,52040100,142,355,52050000,45075
3,5205,52050000,52050100,142,355,52060000,45084
3,5206,52060000,52060100,142,355,52070000,45091
3,5207,52070000,52070100,142,355,52080000,45097
3,5208,52080000,52080100,142,355,52090000,45112
3,5209,52090000,52090100,142,355,52100000,45118
3,521,5210000,5210100,142,355,5220000,4512
3,5210,52100000,52100100,142,355,52110000,45126
3,5211,52110000,52110100,142,355,52120000,45136
3,5212,52120000,52120100,142,355,52130000,45144
3,5213,52130000,52130100,142,355,52140000,45150
3,5214,52140000,52140100,142,355,52150000,45161
3,5215,52150000,52150100,142,355,52160000,45170
3,5216,52160000,52160100,142,355,52170000,45179
3,5217,52170000,52170100,142,355,52180000,45187
3,5218,52180000,52180100,142,355,52190000,45196
3,5219,52190000,52190100,142,355,52200000,45203
3,522,5220000,5220100,142,355,5230000,4523
3,5220,52200000,52200100,142,355,52210000,45215
3,5221,52210000,52210100,142,355,52220000,45221
3,5222,52220000,52220100,142,355,52230000,45230
3,5223,52230000,52230100,142,355,52240000,45238
3,5224,52240000,52240100,142,355,52250000,45247
3,5225,52250000,52250100,142,355,52260000,45257
3,5226,52260000,52260100,142,355,52270000,45267
3,5227,52270000,52270100,142,355,52280000,45273
3,5228,52280000,52280100,142,355,52290000,45281
3,5229,52290000,52290100,142,355,52300000,45291
3,523,5230000,5230100,142,355,5240000,4529
3,5230,52300000,52300100,142,355,52310000,45300
3,5231,52310000,52310100,142,355,52320000,45306
3,5232,52320000,52320100,142,355,52330000,45320
3,5233,52330000,52330100,142,355,52340000,45326
3,5234,52340000,52340100,142,355,52350000,45333
3,5235,52350000,52350100,142,355,52360000,45342
3,5236,52360000,52360100,142,355,52370000,45353
3,5237,52370000,52370100,142,355,52380000,45359
3,5238,52380000,52380100,142,355,52390000,45369
3,5239,52390000,52390100,142,355,52400000,45377
3,524,5240000,5240100,142,355,5250000,4537
3,5240,52400000,52400100,142,355,52410000,45387
3,5241,52410000,52410100,142,355,52420000,45396
3,5242,52420000,52420100,142,355,52430000,45403
3,5243,52430000,52430100,142,355,52440000,45411
3,5244,52440000,52440100,142,355,52450000,45422
3,5245,52450000,52450100,142,355,52460000,45429
3,5246,52460000,52460100,142,355,52470000,45438
3,5247,52470000,52470100,142,355,52480000,45447
3,5248,52480000,52480100,142,355,52490000,45456
3,5249,52490000,52490100,142,355,52500000,45462
3,525,5250000,5250100,142,355,5260000,4548
3,5250,52500000,52500100,142,355,52510000,45475
3,5251,52510000,52510100,142,355,52520000,45481
3,5252,52520000,52520100,142,355,52530000,45490
3,5253,52530000,52530100,142,355,52540000,45500
3,5254,52540000,52540100,142,355,52550000,45507
3,5255,52550000,52550100,142,355,52560000,45514
3,5256,52560000,52560100,142,355,52570000,45526
3,5257,52570000,52570100,142,355,52580000,45534
3,5258,52580000,52580100,142,355,52590000,45542
3,5259,52590000,52590100,142,355,52600000,45550
3,526,5260000,5260100,142,355,5270000,4555
3,5260,52600000,52600100,142,355,52610000,45561
3,5261,52610000,52610100,142,355,52620000,45567
3,5262,52620000,52620100,142,355,52630000,45577
3,5263,52630000,52630100,142,355,52640000,45584
3,5264,52640000,52640100,142,355,52650000,45595
3,5265,52650000,52650100,142,355,52660000,45604
3,5266,52660000,52660100,142,355,52670000,45611
3,5267,52670000,52670100,142,355,52680000,45619
3,5268,52680000,52680100,142,355,52690000,45630
3,5269,52690000,52690100,142,355,52700000,45637
3,527,5270000,5270100,142,355,5280000,4561
3,5270,52700000,52700100,142,355,52710000,45645
3,5271,52710000,52710100,142,355,52720000,45655
3,5272,52720000,52720100,142,355,52730000,45664
3,5273,52730000,52730100,142,355,52740000,45670
3,5274,52740000,52740100,142,355,52750000,45683
3,5275,52750000,52750100,142,355,52760000,45690
3,5276,52760000,52760100,142,355,52770000,45698
3,5277,52770000,52770100,142,355,52780000,45706
3,5278,52780000,52780100,142,355,52790000,45715
3,5279,52790000,52790100,142,355,52800000,45721
3,528,5280000,5280100,142,355,5290000,4576
3,5280,52800000,52800100,142,355,52810000,45735
3,5281,52810000,52810100,142,355,52820000,45743
3,5282,52820000,52820100,142,355,52830000,45750
3,5283,52830000,52830100,142,355,52840000,45758
3,5284,52840000,52840100,142,355,52850000,45766
3,5285,52850000,52850100,142,355,52860000,45776
3,5286,52860000,52860100,142,355,52870000,45786
3,5287,52870000,52870100,142,355,52880000,45792
3,5288,52880000,52880100,142,355,52890000,45803
3,5289,52890000,52890100,142,355,52900000,45811
3,529,5290000,5290100,142,355,5300000,4582
3,5290,52900000,52900100,142,355,52910000,45819
3,5291,52910000,52910100,142,355,52920000,45826
3,5292,52920000,52920100,142,355,52930000,45839
3,5293,52930000,52930100,142,355,52940000,45845
3,5294,52940000,52940100,142,355,52950000,45852
3,5295,52950000,52950100,142,355,52960000,45863
3,5296,52960000,52960100,142,355,52970000,45873
3,5297,52970000,52970100,142,355,52980000,45879
3,5298,52980000,52980100,142,355,52990000,45889
3,5299,52990000,52990100,142,355,53000000,45897
3,53,530000,530100,142,355,540000,457
3,530,5300000,5300100,142,355,5310000,4590
3,5300,53000000,53000100,142,355,53010000,45906
3,5301,53010000,53010100,142,355,53020000,45914
3,5302,53020000,53020100,142,355,53030000,45924
3,5303,53030000,53030100,142,355,53040000,45930
3,5304,53040000,53040100,142,355,53050000,45942
3,5305,53050000,53050100,142,355,53060000,45949
3,5306,53060000,53060100,142,355,53070000,45958
3,5307,53070000,53070100,142,355,53080000,45967
3,5308,53080000,53080100,142,355,53090000,45975
3,5309,53090000,53090100,142,355,53100000,45983
3,531,5310000,5310100,142,355,5320000,4598
3,5310,53100000,53100100,142,355,53110000,45994
3,5311,53110000,53110100,142,355,53120000,46000
3,5312,53120000,53120100,142,355,53130000,46009
3,5313,53130000,53130100,142,355,53140000,46020
3,5314,53140000,53140100,142,355,53150000,46027
3,5315,53150000,53150100,142,355,53160000,46034
3,5316,53160000,53160100,142,355,53170000,46047
3,5317,53170000,53170100,142,355,53180000,46053
3,5318,53180000,53180100,142,355,53190000,46061
3,5319,53190000,53190100,142,355,53200000,46069
3,532,5320000,5320100,142,355,5330000,4608
3,5320,53200000,53200100,142,355,53210000,46081
3,5321,53210000,53210100,142,355,53220000,46087
3,5322,53220000,53220100,142,355,53230000,46097
3,5323,53230000,53230100,142,355,53240000,46105
3,5324,53240000,53240100,142,355,53250000,46114
3,5325,53250000,53250100,142,355,53260000,46123
3,5326,53260000,53260100,142,355,53270000,46130
3,5327,53270000,53270100,142,355,53280000,46138
3,5328,53280000,53280100,142,355,53290000,46150
3,5329,53290000,53290100,142,355,53300000,46157
3,533,5330000,5330100,142,355,5340000,4615
3,5330,53300000,53300100,142,355,53310000,46167
3,5331,53310000,53310100,142,355,53320000,46175
3,5332,53320000,53320100,142,355,53330000,46183
3,5333,53330000,53330100,142,355,53340000,46189
3,5334,53340000,53340100,142,355,53350000,46201
3,5335,53350000,53350100,142,355,53360000,46209
3,5336,53360000,53360100,142,355,53370000,46218
3,5337,53370000,53370100,142,355,53380000,46228
3,5338,53380000,53380100,142,355,53390000,46235
3,5339,53390000,53390100,142,355,53400000,46241
3,534,5340000,5340100,142,355,5350000,4625
3,5340,53400000,53400100,142,355,53410000,46254
3,5341,53410000,53410100,142,355,53420000,46262
3,5342,53420000,53420100,142,355,53430000,46269
3,5343,53430000,53430100,142,355,53440000,46277
3,5344,53440000,53440100,142,355,53450000,46288
3,5345,53450000,53450100,142,355,53460000,46295
3,5346,53460000,53460100,142,355,53470000,46306
3,5347,53470000,53470100,142,355,53480000,46312
3,5348,53480000,53480100,142,355,53490000,46322
3,5349,53490000,53490100,142,355,53500000,46330
3,535,5350000,5350100,142,355,5360000,4634
3,5350,53500000,53500100,142,355,53510000,46338
3,5351,53510000,53510100,142,355,53520000,46347
3,5352,53520000,53520100,142,355,53530000,46359
3,5353,53530000,53530100,142,355,53540000,46365
3,5354,53540000,53540100,142,355,53550000,46372
3,5355,53550000,53550100,142,355,53560000,46383
3,5356,53560000,53560100,142,355,53570000,46391
3,5357,53570000,53570100,142,355,53580000,46398
3,5358,53580000,53580100,142,355,53590000,46410
3,5359,53590000,53590100,142,355,53600000,46416
3,536,5360000,5360100,142,355,5370000,4643
3,5360,53600000,53600100,142,355,53610000,46426
3,5361,53610000,53610100,142,355,53620000,46434
3,5362,53620000,53620100,142,355,53630000,46444
3,5363,53630000,53630100,142,355,53640000,46450
3,5364,53640000,53640100,142,355,53650000,46461
3,5365,53650000,53650100,142,355,53660000,46470
3,5366,53660000,53660100,142,355,53670000,46477
3,5367,53670000,53670100,142,355,53680000,46485
3,5368,53680000,53680100,142,355,53690000,46495
3,5369,53690000,53690100,142,355,53700000,46503
3,537,5370000,5370100,142,355,5380000,4651
3,5370,53700000,53700100,142,355,53710000,46514
3,5371,53710000,53710100,142,355,53720000,46520
3,5372,53720000,53720100,142,355,53730000,46530
3,5373,53730000,53730100,142,355,53740000,46539
3,5374,53740000,53740100,142,355,53750000,46546
3,5375,53750000,53750100,142,355,53760000,46553
3,5376,53760000,53760100,142,355,53770000,46567
3,5377,53770000,53770100,142,355,53780000,46573
3,5378,53780000,53780100,142,355,53790000,46580
3,5379,53790000,53790100,142,355,53800000,46591
3,538,5380000,5380100,142,355,5390000,4658
3,5380,53800000,53800100,142,355,53810000,46600
3,5381,53810000,53810100,142,355,53820000,46606
3,5382,53820000,53820100,142,355,53830000,46616
3,5383,53830000,53830100,142,355,53840000,46624
3,5384,53840000,53840100,142,355,53850000,46634
3,5385,53850000,53850100,142,355,53860000,46643
3,5386,53860000,53860100,142,355,53870000,46652
3,5387,53870000,53870100,142,355,53880000,46658
3,5388,53880000,53880100,142,355,53890000,46669
3,5389,53890000,53890100,142,355,53900000,46675
3,539,5390000,5390100,142,355,5400000,4667
3,5390,53900000,53900100,142,355,53910000,46686
3,5391,53910000,53910100,142,355,53920000,46694
3,5392,53920000,53920100,142,355,53930000,46703
3,5393,53930000,53930100,142,355,53940000,46711
3,5394,53940000,53940100,142,355,53950000,46721
3,5395,53950000,53950100,142,355,53960000,46729
3,5396,53960000,53960100,142,355,53970000,46737
3,5397,53970000,53970100,142,355,53980000,46747
3,5398,53980000,53980100,142,355,53990000,46754
3,5399,53990000,53990100,142,355,54000000,46760
3,54,540000,540100,142,355,550000,467
3,540,5400000,5400100,142,355,5410000,4679
3,5400,54000000,54000100,142,355,54010000,46775
3,5401,54010000,54010100,142,355,54020000,46782
3,5402,54020000,54020100,142,355,54030000,46789
3,5403,54030000,54030100,142,355,54040000,46797
3,5404,54040000,54040100,142,355,54050000,46807
3,5405,54050000,54050100,142,355,54060000,46814
3,5406,54060000,54060100,142,355,54070000,46825
3,5407,54070000,54070100,142,355,54080000,46833
3,5408,54080000,54080100,142,355,54090000,46842
3,5409,54090000,54090100,142,355,54100000,46850
3,541,5410000,5410100,142,355,5420000,4685
3,5410,54100000,54100100,142,355,54110000,46858
3,5411,54110000,54110100,142,355,54120000,46866
3,5412,54120000,54120100,142,355,54130000,46878
3,5413,54130000,54130100,142,355,54140000,46884
3,5414,54140000,54140100,142,355,54150000,46893
3,5415,54150000,54150100,142,355,54160000,46902
3,5416,54160000,54160100,142,355,54170000,46911
3,5417,54170000,54170100,142,355,54180000,46918
3,5418,54180000,54180100,142,355,54190000,46930
3,5419,54190000,54190100,142,355,54200000,46936
3,542,5420000,5420100,142,355,5430000,4694
3,5420,54200000,54200100,142,355,54210000,46945
3,5421,54210000,54210100,142,355,54220000,46955
3,5422,54220000,54220100,142,355,54230000,46962
3,5423,54230000,54230100,142,355,54240000,46969
3,5424,54240000,54240100,142,355,54250000,46981
3,5425,54250000,54250100,142,355,54260000,46990
3,5426,54260000,54260100,142,355,54270000,46997
3,5427,54270000,54270100,142,355,54280000,47005
3,5428,54280000,54280100,142,355,54290000,47016
3,5429,54290000,54290100,142,355,54300000,47022
3,543,5430000,5430100,142,355,5440000,4702
3,5430,54300000,54300100,142,355,54310000,47033
3,5431,54310000,54310100,142,355,54320000,47039
3,5432,54320000,54320100,142,355,54330000,47050
3,5433,54330000,54330100,142,355,54340000,47058
3,5434,54340000,54340100,142,355,54350000,47066
3,5435,54350000,54350100,142,355,54360000,47075
3,5436,54360000,54360100,142,355,54370000,47086
3,5437,54370000,54370100,142,355,54380000,47092
3,5438,54380000,54380100,142,355,54390000,47099
3,5439,54390000,54390100,142,355,54400000,47110
3,544,5440000,5440100,142,355,5450000,4712
3,5440,54400000,54400100,142,355,54410000,47120
3,5441,54410000,54410100,142,355,54420000,47126
3,5442,54420000,54420100,142,355,54430000,47138
3,5443,54430000,54430100,142,355,54440000,47144
3,5444,54440000,54440100,142,355,54450000,47152
3,5445,54450000,54450100,142,355,54460000,47162
3,5446,54460000,54460100,142,355,54470000,47171
3,5447,54470000,54470100,142,355,54480000,47177
3,5448,54480000,54480100,142,355,54490000,47189
3,5449,54490000,54490100,142,355,54500000,47197
3,545,5450000,5450100,142,355,5460000,4719
3,5450,54500000,54500100,142,355,54510000,47206
3,5451,54510000,54510100,142,355,54520000,47214
3,5452,54520000,54520100,142,355,54530000,47222
3,5453,54530000,54530100,142,355,54540000,47230
3,5454,54540000,54540100,142,355,54550000,47240
3,5455,54550000,54550100,142,355,54560000,47247
3,5456,54560000,54560100,142,355,54570000,47259
3,5457,54570000,54570100,142,355,54580000,47267
3,5458,54580000,54580100,142,355,54590000,47274
3,5459,54590000,54590100,142,355,54600000,47280
3,546,5460000,5460100,142,355,5470000,4731
3,5460,54600000,54600100,142,355,54610000,47294
3,5461,54610000,54610100,142,355,54620000,47301
3,5462,54620000,54620100,142,355,54630000,47308
3,5463,54630000,54630100,142,355,54640000,47318
3,5464,54640000,54640100,142,355,54650000,47327
3,5465,54650000,54650100,142,355,54660000,47334
3,5466,54660000,54660100,142,355,54670000,47344
3,5467,54670000,54670100,142,355,54680000,47353
3,5468,54680000,54680100,142,355,54690000,47361
3,5469,54690000,54690100,142,355,54700000,47369
3,547,5470000,5470100,142,355,5480000,4737
3,5470,54700000,54700100,142,355,54710000,47379
3,5471,54710000,54710100,142,355,54720000,47385
3,5472,54720000,54720100,142,355,54730000,47398
3,5473,54730000,54730100,142,355,54740000,47404
3,5474,54740000,54740100,142,355,54750000,47413
3,5475,54750000,54750100,142,355,54760000,47422
3,5476,54760000,54760100,142,355,54770000,47430
3,5477,54770000,54770100,142,355,54780000,47438
3,5478,54780000,54780100,142,355,54790000,47449
3,5479,54790000,54790100,142,355,54800000,47455
3,548,5480000,5480100,142,355,5490000,4745
3,5480,54800000,54800100,142,355,54810000,47465
3,5481,54810000,54810100,142,355,54820000,47475
3,5482,54820000,54820100,142,355,54830000,47482
3,5483,54830000,54830100,142,355,54840000,47489
3,5484,54840000,54840100,142,355,54850000,47502
3,5485,54850000,54850100,142,355,54860000,47509
3,5486,54860000,54860100,142,355,54870000,47516
3,5487,54870000,54870100,142,355,54880000,47524
3,5488,54880000,54880100,142,355,54890000,47535
3,5489,54890000,54890100,142,355,54900000,47542
3,549,5490000,5490100,142,355,5500000,4755
3,5490,54900000,54900100,142,355,54910000,47553
3,5491,54910000,54910100,142,355,54920000,47561
3,5492,54920000,54920100,142,355,54930000,47569
3,5493,54930000,54930100,142,355,54940000,47577
3,5494,54940000,54940100,142,355,54950000,47585
3,5495,54950000,54950100,142,355,54960000,47594
3,5496,54960000,54960100,142,355,54970000,47606
3,5497,54970000,54970100,142,355,54980000,47612
3,5498,54980000,54980100,142,355,54990000,47621
3,5499,54990000,54990100,142,355,55000000,47629
3,55,550000,550100,142,355,560000,475
3,550,5500000,5500100,142,355,5510000,4764
3,5500,55000000,55000100,142,355,55010000,47639
3,5501,55010000,55010100,142,355,55020000,47645
3,5502,55020000,55020100,142,355,55030000,47657
3,5503,55030000,55030100,142,355,55040000,47663
3,5504,55040000,55040100,142,355,55050000,47672
3,5505,55050000,55050100,142,355,55060000,47684
3,5506,55060000,55060100,142,355,55070000,47691
3,5507,55070000,55070100,142,355,55080000,47697
3,5508,55080000,55080100,142,355,55090000,47708
3,5509,55090000,55090100,142,355,55100000,47716
3,551,5510000,5510100,142,355,5520000,4770
3,5510,55100000,55100100,142,355,55110000,47724
3,5511,55110000,55110100,142,355,55120000,47733
3,5512,55120000,55120100,142,355,55130000,47744
3,5513,55130000,55130100,142,355,55140000,47750
3,5514,55140000,55140100,142,355,55150000,47760
3,5515,55150000,55150100,142,355,55160000,47767
3,5516,55160000,55160100,142,355,55170000,47778
3,5517,55170000,55170100,142,355,55180000,47786
3,5518,55180000,55180100,142,355,55190000,47793
3,5519,55190000,55190100,142,355,55200000,47801
3,552,5520000,5520100,142,355,5530000,4782
3,5520,55200000,55200100,142,355,55210000,47814
3,5521,55210000,55210100,142,355,55220000,47820
3,5522,55220000,55220100,142,355,55230000,47828
3,5523,55230000,55230100,142,355,55240000,47838
3,5524,55240000,55240100,142,355,55250000,47846
3,5525,55250000,55250100,142,355,55260000,47853
3,5526,55260000,55260100,142,355,55270000,47865
3,5527,55270000,55270100,142,355,55280000,47872
3,5528,55280000,55280100,142,355,55290000,47881
3,5529,55290000,55290100,142,355,55300000,47889
3,553,5530000,5530100,142,355,5540000,4790
3,5530,55300000,55300100,142,355,55310000,47899
3,5531,55310000,55310100,142,355,55320000,47905
3,5532,55320000,55320100,142,355,55330000,47916
3,5533,55330000,55330100,142,355,55340000,47925
3,5534,55340000,55340100,142,355,55350000,47932
3,5535,55350000,55350100,142,355,55360000,47941
3,5536,55360000,55360100,142,355,55370000,47950
3,5537,55370000,55370100,142,355,55380000,47958
3,5538,55380000,55380100,142,355,55390000,47969
3,5539,55390000,55390100,142,355,55400000,47975
3,554,5540000,5540100,142,355,5550000,4797
3,5540,55400000,55400100,142,355,55410000,47986
3,5541,55410000,55410100,142,355,55420000,47994
3,5542,55420000,55420100,142,355,55430000,48001
3,5543,55430000,55430100,142,355,55440000,48007
3,5544,55440000,55440100,142,355,55450000,48022
3,5545,55450000,55450100,142,355,55460000,48029
3,5546,55460000,55460100,142,355,55470000,48036
3,5547,55470000,55470100,142,355,55480000,48046
3,5548,55480000,55480100,142,355,55490000,48054
3,5549,55490000,55490100,142,355,55500000,48061
3,555,5550000,5550100,142,355,5560000,4807
3,5550,55500000,55500100,142,355,55510000,48072
3,5551,55510000,55510100,142,355,55520000,48080
3,5552,55520000,55520100,142,355,55530000,48089
3,5553,55530000,55530100,142,355,55540000,48097
3,5554,55540000,55540100,142,355,55550000,48106
3,5555,55550000,55550100,142,355,55560000,48114
3,5556,55560000,55560100,142,355,55570000,48125
3,5557,55570000,55570100,142,355,55580000,48131
3,5558,55580000,55580100,142,355,55590000,48140
3,5559,55590000,55590100,142,355,55600000,48148
3,556,5560000,5560100,142,355,5570000,4817
3,5560,55600000,55600100,142,355,55610000,48159
3,5561,55610000,55610100,142,355,55620000,48167
3,5562,55620000,55620100,142,355,55630000,48177
3,5563,55630000,55630100,142,355,55640000,48183
3,5564,55640000,55640100,142,355,55650000,48191
3,5565,55650000,55650100,142,355,55660000,48202
3,5566,55660000,55660100,142,355,55670000,48210
3,5567,55670000,55670100,142,355,55680000,48216
3,5568,55680000,55680100,142,355,55690000,48230
3,5569,55690000,55690100,142,355,55700000,48236
3,557,5570000,5570100,142,355,5580000,4823
3,5570,55700000,55700100,142,355,55710000,48244
3,5571,55710000,55710100,142,355,55720000,48253
3,5572,55720000,55720100,142,355,55730000,48263
3,5573,55730000,55730100,142,355,55740000,48269
3,5574,55740000,55740100,142,355,55750000,48279
3,5575,55750000,55750100,142,355,55760000,48288
3,5576,55760000,55760100,142,355,55770000,48297
3,5577,55770000,55770100,142,355,55780000,48306
3,5578,55780000,55780100,142,355,55790000,48313
3,5579,55790000,55790100,142,355,55800000,48321
3,558,5580000,5580100,142,355,5590000,4833
3,5580,55800000,55800100,142,355,55810000,48333
3,5581,55810000,55810100,142,355,55820000,48339
3,5582,55820000,55820100,142,355,55830000,48349
3,5583,55830000,55830100,142,355,55840000,48357
3,5584,55840000,55840100,142,355,55850000,48366
3,5585,55850000,55850100,142,355,55860000,48373
3,5586,55860000,55860100,142,355,55870000,48385
3,5587,55870000,55870100,142,355,55880000,48391
3,5588,55880000,55880100,142,355,55890000,48400
3,5589,55890000,55890100,142,355,55900000,48410
3,559,5590000,5590100,142,355,5600000,4839
3,5590,55900000,55900100,142,355,55910000,48418
3,5591,55910000,55910100,142,355,55920000,48424
3,5592,55920000,55920100,142,355,55930000,48436
3,5593,55930000,55930100,142,355,55940000,48445
3,5594,55940000,55940100,142,355,55950000,48452
3,5595,55950000,55950100,142,355,55960000,48461
3,5596,55960000,55960100,142,355,55970000,48471
3,5597,55970000,55970100,142,355,55980000,48477
3,5598,55980000,55980100,142,355,55990000,48487
3,5599,55990000,55990100,142,355,56000000,48494
3,56,560000,560100,142,355,570000,486
3,560,5600000,5600100,142,355,5610000,4851
3,5600,56000000,56000100,142,355,56010000,48506
3,5601,56010000,56010100,142,355,56020000,48514
3,5602,56020000,56020100,142,355,56030000,48521
3,5603,56030000,56030100,142,355,56040000,48529
3,5604,56040000,56040100,142,355,56050000,48541
3,5605,56050000,56050100,142,355,56060000,48548
3,5606,56060000,56060100,142,355,56070000,48555
3,5607,56070000,56070100,142,355,56080000,48565
3,5608,56080000,56080100,142,355,56090000,48574
3,5609,56090000,56090100,142,355,56100000,48580
3,561,5610000,5610100,142,355,5620000,4860
3,5610,56100000,56100100,142,355,56110000,48594
3,5611,56110000,56110100,142,355,56120000,48600
3,5612,56120000,56120100,142,355,56130000,48608
3,5613,56130000,56130100,142,355,56140000,48616
3,5614,56140000,56140100,142,355,56150000,48625
3,5615,56150000,56150100,142,355,56160000,48633
3,5616,56160000,56160100,142,355,56170000,48645
3,5617,56170000,56170100,142,355,56180000,48653
3,5618,56180000,56180100,142,355,56190000,48660
3,5619,56190000,56190100,142,355,56200000,48668
3,562,5620000,5620100,142,355,5630000,4867
3,5620,56200000,56200100,142,355,56210000,48677
3,5621,56210000,56210100,142,355,56220000,48686
3,5622,56220000,56220100,142,355,56230000,48696
3,5623,56230000,56230100,142,355,56240000,48702
3,5624,56240000,56240100,142,355,56250000,48713
3,5625,56250000,56250100,142,355,56260000,48722
3,5626,56260000,56260100,142,355,56270000,48730
3,5627,56270000,56270100,142,355,56280000,48736
3,5628,56280000,56280100,142,355,56290000,48749
3,5629,56290000,56290100,142,355,56300000,48755
3,563,5630000,5630100,142,355,5640000,4875
3,5630,56300000,56300100,142,355,56310000,48763
3,5631,56310000,56310100,142,355,56320000,48773
3,5632,56320000,56320100,142,355,56330000,48783
3,5633,56330000,56330100,142,355,56340000,48789
3,5634,56340000,56340100,142,355,56350000,48799
3,5635,56350000,56350100,142,355,56360000,48808
3,5636,56360000,56360100,142,355,56370000,48816
3,5637,56370000,56370100,142,355,56380000,48825
3,5638,56380000,56380100,142,355,56390000,48834
3,5639,56390000,56390100,142,355,56400000,48840
3,564,5640000,5640100,142,355,5650000,4886
3,5640,56400000,56400100,142,355,56410000,48853
3,5641,56410000,56410100,142,355,56420000,48859
3,5642,56420000,56420100,142,355,56430000,48868
3,5643,56430000,56430100,142,355,56440000,48877
3,5644,56440000,56440100,142,355,56450000,48885
3,5645,56450000,56450100,142,355,56460000,48894
3,5646,56460000,56460100,142,355,56470000,48904
3,5647,56470000,56470100,142,355,56480000,48910
3,5648,56480000,56480100,142,355,56490000,48920
3,5649,56490000,56490100,142,355,56500000,48930
3,565,5650000,5650100,142,355,5660000,4893
3,5650,56500000,56500100,142,355,56510000,48938
3,5651,56510000,56510100,142,355,56520000,48944
3,5652,56520000,56520100,142,355,56530000,48957
3,5653,56530000,56530100,142,355,56540000,48963
3,5654,56540000,56540100,142,355,56550000,48971
3,5655,56550000,56550100,142,355,56560000,48980
3,5656,56560000,56560100,142,355,56570000,48991
3,5657,56570000,56570100,142,355,56580000,48997
3,5658,56580000,56580100,142,355,56590000,49007
3,5659,56590000,56590100,142,355,56600000,49016
3,566,5660000,5660100,142,355,5670000,4901
3,5660,56600000,56600100,142,355,56610000,49025
3,5661,56610000,56610100,142,355,56620000,49033
3,5662,56620000,56620100,142,355,56630000,49040
3,5663,56630000,56630100,142,355,56640000,49048
3,5664,56640000,56640100,142,355,56650000,49060
3,5665,56650000,56650100,142,355,56660000,49068
3,5666,56660000,56660100,142,355,56670000,49077
3,5667,56670000,56670100,142,355,56680000,49085
3,5668,56680000,56680100,142,355,56690000,49093
3,5669,56690000,56690100,142,355,56700000,49099
3,567,5670000,5670100,142,355,5680000,4911
3,5670,56700000,56700100,142,355,56710000,49113
3,5671,56710000,56710100,142,355,56720000,49119
3,5672,56720000,56720100,142,355,56730000,49128
3,5673,56730000,56730100,142,355,56740000,49138
3,5674,56740000,56740100,142,355,56750000,49145
3,5675,56750000,56750100,142,355,56760000,49152
3,5676,56760000,56760100,142,355,56770000,49164
3,5677,56770000,56770100,142,355,56780000,49172
3,5678,56780000,56780100,142,355,56790000,49179
3,5679,56790000,56790100,142,355,56800000,49187
3,568,5680000,5680100,142,355,5690000,4920
3,5680,56800000,56800100,142,355,56810000,49199
3,5681,56810000,56810100,142,355,56820000,49206
3,5682,56820000,56820100,142,355,56830000,49216
3,5683,56830000,56830100,142,355,56840000,49222
3,5684,56840000,56840100,142,355,56850000,49232
3,5685,56850000,56850100,142,355,56860000,49241
3,5686,56860000,56860100,142,355,56870000,49248
3,5687,56870000,56870100,142,355,56880000,49257
3,5688,56880000,56880100,142,355,56890000,49269
3,5689,56890000,56890100,142,355,56900000,49275
3,569,5690000,5690100,142,355,5700000,4926
3,5690,56900000,56900100,142,355,56910000,49283
3,5691,56910000,56910100,142,355,56920000,49293
3,5692,56920000,56920100,142,355,56930000,49302
3,5693,56930000,56930100,142,355,56940000,49308
3,5694,56940000,56940100,142,355,56950000,49320
3,5695,56950000,56950100,142,355,56960000,49327
3,5696,56960000,56960100,142,355,56970000,49336
3,5697,56970000,56970100,142,355,56980000,49344
3,5698,56980000,56980100,142,355,56990000,49354
3,5699,56990000,56990100,142,355,57000000,49360
3,57,570000,570100,142,355,580000,494
3,570,5700000,5700100,142,355,5710000,4939
3,5700,57000000,57000100,142,355,57010000,49372
3,5701,57010000,57010100,142,355,57020000,49380
3,5702,57020000,57020100,142,355,57030000,49387
3,5703,57030000,57030100,142,355,57040000,49396
3,5704,57040000,57040100,142,355,57050000,49405
3,5705,57050000,57050100,142,355,57060000,49414
3,5706,57060000,57060100,142,355,57070000,49424
3,5707,57070000,57070100,142,355,57080000,49430
3,5708,57080000,57080100,142,355,57090000,49440
3,5709,57090000,57090100,142,355,57100000,49449
3,571,5710000,5710100,142,355,5720000,4945
3,5710,57100000,57100100,142,355,57110000,49457
3,5711,57110000,57110100,142,355,57120000,49463
3,5712,57120000,57120100,142,355,57130000,49477
3,5713,57130000,57130100,142,355,57140000,49483
3,5714,57140000,57140100,142,355,57150000,49491
3,5715,57150000,57150100,142,355,57160000,49502
3,5716,57160000,57160100,142,355,57170000,49510
3,5717,57170000,57170100,142,355,57180000,49516
3,5718,57180000,57180100,142,355,57190000,49526
3,5719,57190000,57190100,142,355,57200000,49534
3,572,5720000,5720100,142,355,5730000,4954
3,5720,57200000,57200100,142,355,57210000,49545
3,5721,57210000,57210100,142,355,57220000,49553
3,5722,57220000,57220100,142,355,57230000,49562
3,5723,57230000,57230100,142,355,57240000,49568
3,5724,57240000,57240100,142,355,57250000,49579
3,5725,57250000,57250100,142,355,57260000,49587
3,5726,57260000,57260100,142,355,57270000,49596
3,5727,57270000,57270100,142,355,57280000,49604
3,5728,57280000,57280100,142,355,57290000,49613
3,5729,57290000,57290100,142,355,57300000,49621
3,573,5730000,5730100,142,355,5740000,4962
3,5730,57300000,57300100,142,355,57310000,49632
3,5731,57310000,57310100,142,355,57320000,49639
3,5732,57320000,57320100,142,355,57330000,49647
3,5733,57330000,57330100,142,355,57340000,49657
3,5734,57340000,57340100,142,355,57350000,49664
3,5735,57350000,57350100,142,355,57360000,49671
3,5736,57360000,57360100,142,355,57370000,49686
3,5737,57370000,57370100,142,355,57380000,49692
3,5738,57380000,57380100,142,355,57390000,49699
3,5739,57390000,57390100,142,355,57400000,49707
3,574,5740000,5740100,142,355,5750000,4971
3,5740,57400000,57400100,142,355,57410000,49718
3,5741,57410000,57410100,142,355,57420000,49724
3,5742,57420000,57420100,142,355,57430000,49735
3,5743,57430000,57430100,142,355,57440000,49743
3,5744,57440000,57440100,142,355,57450000,49752
3,5745,57450000,57450100,142,355,57460000,49761
3,5746,57460000,57460100,142,355,57470000,49768
3,5747,57470000,57470100,142,355,57480000,49777
3,5748,57480000,57480100,142,355,57490000,49788
3,5749,57490000,57490100,142,355,57500000,49794
3,575,5750000,5750100,142,355,5760000,4978
3,5750,57500000,57500100,142,355,57510000,49804
3,5751,57510000,57510100,142,355,57520000,49812
3,5752,57520000,57520100,142,355,57530000,49821
3,5753,57530000,57530100,142,355,57540000,49828
3,5754,57540000,57540100,142,355,57550000,49840
3,5755,57550000,57550100,142,355,57560000,49847
3,5756,57560000,57560100,142,355,57570000,49855
3,5757,57570000,57570100,142,355,57580000,49865
3,5758,57580000,57580100,142,355,57590000,49873
3,5759,57590000,57590100,142,355,57600000,49879
3,576,5760000,5760100,142,355,5770000,4990
3,5760,57600000,57600100,142,355,57610000,49892
3,5761,57610000,57610100,142,355,57620000,49900
3,5762,57620000,57620100,142,355,57630000,49907
3,5763,57630000,57630100,142,355,57640000,49915
3,5764,57640000,57640100,142,355,57650000,49926
3,5765,57650000,57650100,142,355,57660000,49933
3,5766,57660000,57660100,142,355,57670000,49943
3,5767,57670000,57670100,142,355,57680000,49949
3,5768,57680000,57680100,142,355,57690000,49960
3,5769,57690000,57690100,142,355,57700000,49969
3,577,5770000,5770100,142,355,5780000,4999
3,5770,57700000,57700100,142,355,57710000,49977
3,5771,57710000,57710100,142,355,57720000,49985
3,5772,57720000,57720100,142,355,57730000,49996
3,5773,57730000,57730100,142,355,57740000,50002
3,5774,57740000,57740100,142,355,57750000,50009
3,5775,57750000,57750100,142,355,57760000,50021
3,5776,57760000,57760100,142,355,57770000,50030
3,5777,57770000,57770100,142,355,57780000,50036
3,5778,57780000,57780100,142,355,57790000,50048
3,5779,57790000,57790100,142,355,57800000,50054
3,578,5780000,5780100,142,355,5790000,5006
3,5780,57800000,57800100,142,355,57810000,50064
3,5781,57810000,57810100,142,355,57820000,50072
3,5782,57820000,57820100,142,355,57830000,50081
3,5783,57830000,57830100,142,355,57840000,50087
3,5784,57840000,57840100,142,355,57850000,50099
3,5785,57850000,57850100,142,355,57860000,50108
3,5786,57860000,57860100,142,355,57870000,50116
3,5787,57870000,57870100,142,355,57880000,50124
3,5788,57880000,57880100,142,355,57890000,50132
3,5789,57890000,57890100,142,355,57900000,50140
3,579,5790000,5790100,142,355,5800000,5014
3,5790,57900000,57900100,142,355,57910000,50151
3,5791,57910000,57910100,142,355,57920000,50158
3,5792,57920000,57920100,142,355,57930000,50169
3,5793,57930000,57930100,142,355,57940000,50177
3,5794,57940000,57940100,142,355,57950000,50184
3,5795,57950000,57950100,142,355,57960000,50191
3,5796,57960000,57960100,142,355,57970000,50204
3,5797,57970000,57970100,142,355,57980000,50211
3,5798,57980000,57980100,142,355,57990000,50218
3,5799,57990000,57990100,142,355,58000000,50228
3,58,580000,580100,142,355,590000,501
3,580,5800000,5800100,142,355,5810000,5023
3,5800,58000000,58000100,142,355,58010000,50238
3,5801,58010000,58010100,142,355,58020000,50244
3,5802,58020000,58020100,142,355,58030000,50255
3,5803,58030000,58030100,142,355,58040000,50263
3,5804,58040000,58040100,142,355,58050000,50271
3,5805,58050000,58050100,142,355,58060000,50280
3,5806,58060000,58060100,142,355,58070000,50289
3,5807,58070000,58070100,142,355,58080000,50295
3,5808,58080000,58080100,142,355,58090000,50308
3,5809,58090000,58090100,142,355,58100000,50314
3,581,5810000,5810100,142,355,5820000,5031
3,5810,58100000,58100100,142,355,58110000,50324
3,5811,58110000,58110100,142,355,58120000,50332
3,5812,58120000,58120100,142,355,58130000,50340
3,5813,58130000,58130100,142,355,58140000,50349
3,5814,58140000,58140100,142,355,58150000,50359
3,5815,58150000,58150100,142,355,58160000,50366
3,5816,58160000,58160100,142,355,58170000,50375
3,5817,58170000,58170100,142,355,58180000,50385
3,5818,58180000,58180100,142,355,58190000,50392
3,5819,58190000,58190100,142,355,58200000,50399
3,582,5820000,5820100,142,355,5830000,5041
3,5820,58200000,58200100,142,355,58210000,50413
3,5821,58210000,58210100,142,355,58220000,50419
3,5822,58220000,58220100,142,355,58230000,50426
3,5823,58230000,58230100,142,355,58240000,50434
3,5824,58240000,58240100,142,355,58250000,50446
3,5825,58250000,58250100,142,355,58260000,50453
3,5826,58260000,58260100,142,355,58270000,50463
3,5827,58270000,58270100,142,355,58280000,50471
3,5828,58280000,58280100,142,355,58290000,50479
3,5829,58290000,58290100,142,355,58300000,50487
3,583,5830000,5830100,142,355,5840000,5048
3,5830,58300000,58300100,142,355,58310000,50496
3,5831,58310000,58310100,142,355,58320000,50504
3,5832,58320000,58320100,142,355,58330000,50516
3,5833,58330000,58330100,142,355,58340000,50522
3,5834,58340000,58340100,142,355,58350000,50531
3,5835,58350000,58350100,142,355,58360000,50541
3,5836,58360000,58360100,142,355,58370000,50549
3,5837,58370000,58370100,142,355,58380000,50555
3,5838,58380000,58380100,142,355,58390000,50567
3,5839,58390000,58390100,142,355,58400000,50573
3,584,5840000,5840100,142,355,5850000,5059
3,5840,58400000,58400100,142,355,58410000,50583
3,5841,58410000,58410100,142,355,58420000,50594
3,5842,58420000,58420100,142,355,58430000,50601
3,5843,58430000,58430100,142,355,58440000,50607
3,5844,58440000,58440100,142,355,58450000,50618
3,5845,58450000,58450100,142,355,58460000,50627
3,5846,58460000,58460100,142,355,58470000,50635
3,5847,58470000,58470100,142,355,58480000,50643
3,5848,58480000,58480100,142,355,58490000,50654
3,5849,58490000,58490100,142,355,58500000,50660
3,585,5850000,5850100,142,355,5860000,5068
3,5850,58500000,58500100,142,355,58510000,50671
3,5851,58510000,58510100,142,355,58520000,50677
3,5852,58520000,58520100,142,355,58530000,50688
3,5853,58530000,58530100,142,355,58540000,50696
3,5854,58540000,58540100,142,355,58550000,50703
3,5855,58550000,58550100,142,355,58560000,50712
3,5856,58560000,58560100,142,355,58570000,50724
3,5857,58570000,58570100,142,355,58580000,50731
3,5858,58580000,58580100,142,355,58590000,50738
3,5859,58590000,58590100,142,355,58600000,50748
3,586,5860000,5860100,142,355,5870000,5075
3,5860,58600000,58600100,142,355,58610000,50757
3,5861,58610000,58610100,142,355,58620000,50763
3,5862,58620000,58620100,142,355,58630000,50775
3,5863,58630000,58630100,142,355,58640000,50782
3,5864,58640000,58640100,142,355,58650000,50791
3,5865,58650000,58650100,142,355,58660000,50800
3,5866,58660000,58660100,142,355,58670000,50809
3,5867,58670000,58670100,142,355,58680000,50815
3,5868,58680000,58680100,142,355,58690000,50827
3,5869,58690000,58690100,142,355,58700000,50835
3,587,5870000,5870100,142,355,5880000,5081
3,5870,58700000,58700100,142,355,58710000,50843
3,5871,58710000,58710100,142,355,58720000,50851
3,5872,58720000,58720100,142,355,58730000,50860
3,5873,58730000,58730100,142,355,58740000,50868
3,5874,58740000,58740100,142,355,58750000,50879
3,5875,58750000,58750100,142,355,58760000,50886
3,5876,58760000,58760100,142,355,58770000,50896
3,5877,58770000,58770100,142,355,58780000,50904
3,5878,58780000,58780100,142,355,58790000,50911
3,5879,58790000,58790100,142,355,58800000,50918
3,588,5880000,5880100,142,355,5890000,5095
3,5880,58800000,58800100,142,355,58810000,50933
3,5881,58810000,58810100,142,355,58820000,50939
3,5882,58820000,58820100,142,355,58830000,50946
3,5883,58830000,58830100,142,355,58840000,50956
3,5884,58840000,58840100,142,355,58850000,50964
3,5885,58850000,58850100,142,355,58860000,50972
3,5886,58860000,58860100,142,355,58870000,50982
3,5887,58870000,58870100,142,355,58880000,50990
3,5888,58880000,58880100,142,355,58890000,50999
3,5889,58890000,58890100,142,355,58900000,51007
3,589,5890000,5890100,142,355,5900000,5101
3,5890,58900000,58900100,142,355,58910000,51018
3,5891,58910000,58910100,142,355,58920000,51024
3,5892,58920000,58920100,142,355,58930000,51035
3,5893,58930000,58930100,142,355,58940000,51041
3,5894,58940000,58940100,142,355,58950000,51050
3,5895,58950000,58950100,142,355,58960000,51059
3,5896,58960000,58960100,142,355,58970000,51069
3,5897,58970000,58970100,142,355,58980000,51077
3,5898,58980000,58980100,142,355,58990000,51087
3,5899,58990000,58990100,142,355,59000000,51093
3,59,590000,590100,142,355,600000,509
3,590,5900000,5900100,142,355,5910000,5109
3,5900,59000000,59000100,142,355,59010000,51102
3,5901,59010000,59010100,142,355,59020000,51113
3,5902,59020000,59020100,142,355,59030000,51120
3,5903,59030000,59030100,142,355,59040000,51126
3,5904,59040000,59040100,142,355,59050000,51140
3,5905,59050000,59050100,142,355,59060000,51147
3,5906,59060000,59060100,142,355,59070000,51154
3,5907,59070000,59070100,142,355,59080000,51163
3,5908,59080000,59080100,142,355,59090000,51173
3,5909,59090000,59090100,142,355,59100000,51179
3,591,5910000,5910100,142,355,5920000,5119
3,5910,59100000,59100100,142,355,59110000,51190
3,5911,59110000,59110100,142,355,59120000,51198
3,5912,59120000,59120100,142,355,59130000,51208
3,5913,59130000,59130100,142,355,59140000,51216
3,5914,59140000,59140100,142,355,59150000,51223
3,5915,59150000,59150100,142,355,59160000,51232
3,5916,59160000,59160100,142,355,59170000,51243
3,5917,59170000,59170100,142,355,59180000,51249
3,5918,59180000,59180100,142,355,59190000,51259
3,5919,59190000,59190100,142,355,59200000,51267
3,592,5920000,5920100,142,355,5930000,5128
3,5920,59200000,59200100,142,355,59210000,51277
3,5921,59210000,59210100,142,355,59220000,51283
3,5922,59220000,59220100,142,355,59230000,51295
3,5923,59230000,59230100,142,355,59240000,51302
3,5924,59240000,59240100,142,355,59250000,51310
3,5925,59250000,59250100,142,355,59260000,51321
3,5926,59260000,59260100,142,355,59270000,51328
3,5927,59270000,59270100,142,355,59280000,51334
3,5928,59280000,59280100,142,355,59290000,51346
3,5929,59290000,59290100,142,355,59300000,51355
3,593,5930000,5930100,142,355,5940000,5134
3,5930,59300000,59300100,142,355,59310000,51363
3,5931,59310000,59310100,142,355,59320000,51371
3,5932,59320000,59320100,142,355,59330000,51381
3,5933,59330000,59330100,142,355,59340000,51387
3,5934,59340000,59340100,142,355,59350000,51398
3,5935,59350000,59350100,142,355,59360000,51405
3,5936,59360000,59360100,142,355,59370000,51416
3,5937,59370000,59370100,142,355,59380000,51424
3,5938,59380000,59380100,142,355,59390000,51431
3,5939,59390000,59390100,142,355,59400000,51439
3,594,5940000,5940100,142,355,5950000,5145
3,5940,59400000,59400100,142,355,59410000,51452
3,5941,59410000,59410100,142,355,59420000,51458
3,5942,59420000,59420100,142,355,59430000,51465
3,5943,59430000,59430100,142,355,59440000,51475
3,5944,59440000,59440100,142,355,59450000,51484
3,5945,59450000,59450100,142,355,59460000,51492
3,5946,59460000,59460100,142,355,59470000,51504
3,5947,59470000,59470100,142,355,59480000,51510
3,5948,59480000,59480100,142,355,59490000,51518
3,5949,59490000,59490100,142,355,59500000,51526
3,595,5950000,5950100,142,355,5960000,5154
3,5950,59500000,59500100,142,355,59510000,51536
3,5951,59510000,59510100,142,355,59520000,51543
3,5952,59520000,59520100,142,355,59530000,51555
3,5953,59530000,59530100,142,355,59540000,51563
3,5954,59540000,59540100,142,355,59550000,51570
3,5955,59550000,59550100,142,355,59560000,51579
3,5956,59560000,59560100,142,355,59570000,51588
3,5957,59570000,59570100,142,355,59580000,51596
3,5958,59580000,59580100,142,355,59590000,51606
3,5959,59590000,59590100,142,355,59600000,51612
3,596,5960000,5960100,142,355,5970000,5162
3,5960,59600000,59600100,142,355,59610000,51624
3,5961,59610000,59610100,142,355,59620000,51632
3,5962,59620000,59620100,142,355,59630000,51640
3,5963,59630000,59630100,142,355,59640000,51646
3,5964,59640000,59640100,142,355,59650000,51659
3,5965,59650000,59650100,142,355,59660000,51666
3,5966,59660000,59660100,142,355,59670000,51673
3,5967,59670000,59670100,142,355,59680000,51684
3,5968,59680000,59680100,142,355,59690000,51693
3,5969,59690000,59690100,142,355,59700000,51699
3,597,5970000,5970100,142,355,5980000,5170
3,5970,59700000,59700100,142,355,59710000,51710
3,5971,59710000,59710100,142,355,59720000,51718
3,5972,59720000,59720100,142,355,59730000,51726
3,5973,59730000,59730100,142,355,59740000,51735
3,5974,59740000,59740100,142,355,59750000,51744
3,5975,59750000,59750100,142,355,59760000,51751
3,5976,59760000,59760100,142,355,59770000,51763
3,5977,59770000,59770100,142,355,59780000,51769
3,5978,59780000,59780100,142,355,59790000,51779
3,5979,59790000,59790100,142,355,59800000,51787
3,598,5980000,5980100,142,355,5990000,5179
3,5980,59800000,59800100,142,355,59810000,51796
3,5981,59810000,59810100,142,355,59820000,51804
3,5982,59820000,59820100,142,355,59830000,51814
3,5983,59830000,59830100,142,355,59840000,51820
3,5984,59840000,59840100,142,355,59850000,51830
3,5985,59850000,59850100,142,355,59860000,51841
3,5986,59860000,59860100,142,355,59870000,51848
3,5987,59870000,59870100,142,355,59880000,51854
3,5988,59880000,59880100,142,355,59890000,51867
3,5989,59890000,59890100,142,355,59900000,51874
3,599,5990000,5990100,142,355,6000000,5186
3,5990,59900000,59900100,142,355,59910000,51882
3,5991,59910000,59910100,142,355,59920000,51890
3,5992,59920000,59920100,142,355,59930000,51901
3,5993,59930000,59930100,142,355,59940000,51907
3,5994,59940000,59940100,142,355,59950000,51917
3,5995,59950000,59950100,142,355,59960000,51927
3,5996,59960000,59960100,142,355,59970000,51935
3,5997,59970000,59970100,142,355,59980000,51943
3,5998,59980000,59980100,142,355,59990000,51950
3,5999,59990000,59990100,142,355,60000000,51958
3,6,60000,60100,142,355,70000,52
3,60,600000,600100,142,355,610000,522
3,600,6000000,6000100,142,355,6010000,5199
3,6000,60000000,60000100,142,355,60010000,51972
3,6001,60010000,60010100,142,355,60020000,51978
3,6002,60020000,60020100,142,355,60030000,51987
3,6003,60030000,60030100,142,355,60040000,51995
3,6004,60040000,60040100,142,355,60050000,52003
3,6005,60050000,60050100,142,355,60060000,52010
3,6006,60060000,60060100,142,355,60070000,52023
3,6007,60070000,60070100,142,355,60080000,52029
3,6008,60080000,60080100,142,355,60090000,52038
3,6009,60090000,60090100,142,355,60100000,52048
3,601,6010000,6010100,142,355,6020000,5205
3,6010,60100000,60100100,142,355,60110000,52056
3,6011,60110000,60110100,142,355,60120000,52063
3,6012,60120000,60120100,142,355,60130000,52074
3,6013,60130000,60130100,142,355,60140000,52082
3,6014,60140000,60140100,142,355,60150000,52089
3,6015,60150000,60150100,142,355,60160000,52098
3,6016,60160000,60160100,142,355,60170000,52109
3,6017,60170000,60170100,142,355,60180000,52116
3,6018,60180000,60180100,142,355,60190000,52126
3,6019,60190000,60190100,142,355,60200000,52132
3,602,6020000,6020100,142,355,6030000,5214
3,6020,60200000,60200100,142,355,60210000,52143
3,6021,60210000,60210100,142,355,60220000,52151
3,6022,60220000,60220100,142,355,60230000,52159
3,6023,60230000,60230100,142,355,60240000,52167
3,6024,60240000,60240100,142,355,60250000,52179
3,6025,60250000,60250100,142,355,60260000,52186
3,6026,60260000,60260100,142,355,60270000,52193
3,6027,60270000,60270100,142,355,60280000,52203
3,6028,60280000,60280100,142,355,60290000,52212
3,6029,60290000,60290100,142,355,60300000,52218
3,603,6030000,6030100,142,355,6040000,5222
3,6030,60300000,60300100,142,355,60310000,52231
3,6031,60310000,60310100,142,355,60320000,52237
3,6032,60320000,60320100,142,355,60330000,52246
3,6033,60330000,60330100,142,355,60340000,52255
3,6034,60340000,60340100,142,355,60350000,52264
3,6035,60350000,60350100,142,355,60360000,52271
3,6036,60360000,60360100,142,355,60370000,52282
3,6037,60370000,60370100,142,355,60380000,52290
3,6038,60380000,60380100,142,355,60390000,52297
3,6039,60390000,60390100,142,355,60400000,52306
3,604,6040000,6040100,142,355,6050000,5230
3,6040,60400000,60400100,142,355,60410000,52316
3,6041,60410000,60410100,142,355,60420000,52324
3,6042,60420000,60420100,142,355,60430000,52334
3,6043,60430000,60430100,142,355,60440000,52340
3,6044,60440000,60440100,142,355,60450000,52351
3,6045,60450000,60450100,142,355,60460000,52360
3,6046,60460000,60460100,142,355,60470000,52367
3,6047,60470000,60470100,142,355,60480000,52373
3,6048,60480000,60480100,142,355,60490000,52387
3,6049,60490000,60490100,142,355,60500000,52393
3,605,6050000,6050100,142,355,6060000,5240
3,6050,60500000,60500100,142,355,60510000,52402
3,6051,60510000,60510100,142,355,60520000,52412
3,6052,60520000,60520100,142,355,60530000,52420
3,6053,60530000,60530100,142,355,60540000,52426
3,6054,60540000,60540100,142,355,60550000,52436
3,6055,60550000,60550100,142,355,60560000,52446
3,6056,60560000,60560100,142,355,60570000,52455
3,6057,60570000,60570100,142,355,60580000,52463
3,6058,60580000,60580100,142,355,60590000,52472
3,6059,60590000,60590100,142,355,60600000,52478
3,606,6060000,6060100,142,355,6070000,5250
3,6060,60600000,60600100,142,355,60610000,52490
3,6061,60610000,60610100,142,355,60620000,52497
3,6062,60620000,60620100,142,355,60630000,52506
3,6063,60630000,60630100,142,355,60640000,52514
3,6064,60640000,60640100,142,355,60650000,52523
3,6065,60650000,60650100,142,355,60660000,52532
3,6066,60660000,60660100,142,355,60670000,52543
3,6067,60670000,60670100,142,355,60680000,52549
3,6068,60680000,60680100,142,355,60690000,52557
3,6069,60690000,60690100,142,355,60700000,52567
3,607,6070000,6070100,142,355,6080000,5256
3,6070,60700000,60700100,142,355,60710000,52575
3,6071,60710000,60710100,142,355,60720000,52581
3,6072,60720000,60720100,142,355,60730000,52596
3,6073,60730000,60730100,142,355,60740000,52602
3,6074,60740000,60740100,142,355,60750000,52609
3,6075,60750000,60750100,142,355,60760000,52618
3,6076,60760000,60760100,142,355,60770000,52628
3,6077,60770000,60770100,142,355,60780000,52635
3,6078,60780000,60780100,142,355,60790000,52645
3,6079,60790000,60790100,142,355,60800000,52653
3,608,6080000,6080100,142,355,6090000,5265
3,6080,60800000,60800100,142,355,60810000,52663
3,6081,60810000,60810100,142,355,60820000,52671
3,6082,60820000,60820100,142,355,60830000,52678
3,6083,60830000,60830100,142,355,60840000,52687
3,6084,60840000,60840100,142,355,60850000,52698
3,6085,60850000,60850100,142,355,60860000,52705
3,6086,60860000,60860100,142,355,60870000,52714
3,6087,60870000,60870100,142,355,60880000,52722
3,6088,60880000,60880100,142,355,60890000,52732
3,6089,60890000,60890100,142,355,60900000,52738
3,609,6090000,6090100,142,355,6100000,5275
3,6090,60900000,60900100,142,355,60910000,52751
3,6091,60910000,60910100,142,355,60920000,52757
3,6092,60920000,60920100,142,355,60930000,52765
3,6093,60930000,60930100,142,355,60940000,52775
3,6094,60940000,60940100,142,355,60950000,52783
3,6095,60950000,60950100,142,355,60960000,52790
3,6096,60960000,60960100,142,355,60970000,52802
3,6097,60970000,60970100,142,355,60980000,52810
3,6098,60980000,60980100,142,355,60990000,52817
3,6099,60990000,60990100,142,355,61000000,52826
3,61,610000,610100,142,355,620000,528
3,610,6100000,6100100,142,355,6110000,5284
3,6100,61000000,61000100,142,355,61010000,52837
3,6101,61010000,61010100,142,355,61020000,52843
3,6102,61020000,61020100,142,355,61030000,52853
3,6103,61030000,61030100,142,355,61040000,52859
3,6104,61040000,61040100,142,355,61050000,52870
3,6105,61050000,61050100,142,355,61060000,52880
3,6106,61060000,61060100,142,355,61070000,52887
3,6107,61070000,61070100,142,355,61080000,52895
3,6108,61080000,61080100,142,355,61090000,52906
3,6109,61090000,61090100,142,355,61100000,52912
3,611,6110000,6110100,142,355,6120000,5290
3,6110,61100000,61100100,142,355,61110000,52921
3,6111,61110000,61110100,142,355,61120000,52931
3,6112,61120000,61120100,142,355,61130000,52940
3,6113,61130000,61130100,142,355,61140000,52946
3,6114,61140000,61140100,142,355,61150000,52958
3,6115,61150000,61150100,142,355,61160000,52965
3,6116,61160000,61160100,142,355,61170000,52974
3,6117,61170000,61170100,142,355,61180000,52982
3,6118,61180000,61180100,142,355,61190000,52991
3,6119,61190000,61190100,142,355,61200000,52997
3,612,6120000,6120100,142,355,6130000,5303
3,6120,61200000,61200100,142,355,61210000,53010
3,6121,61210000,61210100,142,355,61220000,53019
3,6122,61220000,61220100,142,355,61230000,53026
3,6123,61230000,61230100,142,355,61240000,53034
3,6124,61240000,61240100,142,355,61250000,53042
3,6125,61250000,61250100,142,355,61260000,53051
3,6126,61260000,61260100,142,355,61270000,53061
3,6127,61270000,61270100,142,355,61280000,53068
3,6128,61280000,61280100,142,355,61290000,53079
3,6129,61290000,61290100,142,355,61300000,53087
3,613,6130000,6130100,142,355,6140000,5309
3,6130,61300000,61300100,142,355,61310000,53095
3,6131,61310000,61310100,142,355,61320000,53101
3,6132,61320000,61320100,142,355,61330000,53115
3,6133,61330000,61330100,142,355,61340000,53121
3,6134,61340000,61340100,142,355,61350000,53128
3,6135,61350000,61350100,142,355,61360000,53139
3,6136,61360000,61360100,142,355,61370000,53148
3,6137,61370000,61370100,142,355,61380000,53154
3,6138,61380000,61380100,142,355,61390000,53165
3,6139,61390000,61390100,142,355,61400000,53173
3,614,6140000,6140100,142,355,6150000,5316
3,6140,61400000,61400100,142,355,61410000,53182
3,6141,61410000,61410100,142,355,61420000,53190
3,6142,61420000,61420100,142,355,61430000,53199
3,6143,61430000,61430100,142,355,61440000,53206
3,6144,61440000,61440100,142,355,61450000,53218
3,6145,61450000,61450100,142,355,61460000,53225
3,6146,61460000,61460100,142,355,61470000,53234
3,6147,61470000,61470100,142,355,61480000,53242
3,6148,61480000,61480100,142,355,61490000,53250
3,6149,61490000,61490100,142,355,61500000,53259
3,615,6150000,6150100,142,355,6160000,5325
3,6150,61500000,61500100,142,355,61510000,53270
3,6151,61510000,61510100,142,355,61520000,53276
3,6152,61520000,61520100,142,355,61530000,53285
3,6153,61530000,61530100,142,355,61540000,53295
3,6154,61540000,61540100,142,355,61550000,53303
3,6155,61550000,61550100,142,355,61560000,53310
3,6156,61560000,61560100,142,355,61570000,53323
3,6157,61570000,61570100,142,355,61580000,53329
3,6158,61580000,61580100,142,355,61590000,53336
3,6159,61590000,61590100,142,355,61600000,53344
3,616,6160000,6160100,142,355,6170000,5337
3,6160,61600000,61600100,142,355,61610000,53357
3,6161,61610000,61610100,142,355,61620000,53363
3,6162,61620000,61620100,142,355,61630000,53373
3,6163,61630000,61630100,142,355,61640000,53381
3,6164,61640000,61640100,142,355,61650000,53389
3,6165,61650000,61650100,142,355,61660000,53399
3,6166,61660000,61660100,142,355,61670000,53406
3,6167,61670000,61670100,142,355,61680000,53414
3,6168,61680000,61680100,142,355,61690000,53426
3,6169,61690000,61690100,142,355,61700000,53432
3,617,6170000,6170100,142,355,6180000,5343
3,6170,61700000,61700100,142,355,61710000,53442
3,6171,61710000,61710100,142,355,61720000,53451
3,6172,61720000,61720100,142,355,61730000,53459
3,6173,61730000,61730100,142,355,61740000,53465
3,6174,61740000,61740100,142,355,61750000,53477
3,6175,61750000,61750100,142,355,61760000,53484
3,6176,61760000,61760100,142,355,61770000,53494
3,6177,61770000,61770100,142,355,61780000,53504
3,6178,61780000,61780100,142,355,61790000,53511
3,6179,61790000,61790100,142,355,61800000,53517
3,618,6180000,6180100,142,355,6190000,5353
3,6180,61800000,61800100,142,355,61810000,53529
3,6181,61810000,61810100,142,355,61820000,53537
3,6182,61820000,61820100,142,355,61830000,53545
3,6183,61830000,61830100,142,355,61840000,53553
3,6184,61840000,61840100,142,355,61850000,53564
3,6185,61850000,61850100,142,355,61860000,53571
3,6186,61860000,61860100,142,355,61870000,53581
3,6187,61870000,61870100,142,355,61880000,53588
3,6188,61880000,61880100,142,355,61890000,53598
3,6189,61890000,61890100,142,355,61900000,53606
3,619,6190000,6190100,142,355,6200000,5361
3,6190,61900000,61900100,142,355,61910000,53614
3,6191,61910000,61910100,142,355,61920000,53622
3,6192,61920000,61920100,142,355,61930000,53634
3,6193,61930000,61930100,142,355,61940000,53641
3,6194,61940000,61940100,142,355,61950000,53648
3,6195,61950000,61950100,142,355,61960000,53659
3,6196,61960000,61960100,142,355,61970000,53667
3,6197,61970000,61970100,142,355,61980000,53673
3,6198,61980000,61980100,142,355,61990000,53686
3,6199,61990000,61990100,142,355,62000000,53692
3,62,620000,620100,142,355,630000,535
3,620,6200000,6200100,142,355,6210000,5370
3,6200,62000000,62000100,142,355,62010000,53702
3,6201,62010000,62010100,142,355,62020000,53710
3,6202,62020000,62020100,142,355,62030000,53719
3,6203,62030000,62030100,142,355,62040000,53725
3,6204,62040000,62040100,142,355,62050000,53737
3,6205,62050000,62050100,142,355,62060000,53746
3,6206,62060000,62060100,142,355,62070000,53753
3,6207,62070000,62070100,142,355,62080000,53761
3,6208,62080000,62080100,142,355,62090000,53770
3,6209,62090000,62090100,142,355,62100000,53779
3,621,6210000,6210100,142,355,6220000,5379
3,6210,62100000,62100100,142,355,62110000,53790
3,6211,62110000,62110100,142,355,62120000,53796
3,6212,62120000,62120100,142,355,62130000,53806
3,6213,62130000,62130100,142,355,62140000,53814
3,6214,62140000,62140100,142,355,62150000,53821
3,6215,62150000,62150100,142,355,62160000,53829
3,6216,62160000,62160100,142,355,62170000,53843
3,6217,62170000,62170100,142,355,62180000,53849
3,6218,62180000,62180100,142,355,62190000,53856
3,6219,62190000,62190100,142,355,62200000,53866
3,622,6220000,6220100,142,355,6230000,5386
3,6220,62200000,62200100,142,355,62210000,53876
3,6221,62210000,62210100,142,355,62220000,53882
3,6222,62220000,62220100,142,355,62230000,53892
3,6223,62230000,62230100,142,355,62240000,53900
3,6224,62240000,62240100,142,355,62250000,53909
3,6225,62250000,62250100,142,355,62260000,53918
3,6226,62260000,62260100,142,355,62270000,53928
3,6227,62270000,62270100,142,355,62280000,53934
3,6228,62280000,62280100,142,355,62290000,53945
3,6229,62290000,62290100,142,355,62300000,53951
3,623,6230000,6230100,142,355,6240000,5394
3,6230,62300000,62300100,142,355,62310000,53961
3,6231,62310000,62310100,142,355,62320000,53970
3,6232,62320000,62320100,142,355,62330000,53979
3,6233,62330000,62330100,142,355,62340000,53987
3,6234,62340000,62340100,142,355,62350000,53997
3,6235,62350000,62350100,142,355,62360000,54004
3,6236,62360000,62360100,142,355,62370000,54012
3,6237,62370000,62370100,142,355,62380000,54023
3,6238,62380000,62380100,142,355,62390000,54030
3,6239,62390000,62390100,142,355,62400000,54036
3,624,6240000,6240100,142,355,6250000,5406
3,6240,62400000,62400100,142,355,62410000,54051
3,6241,62410000,62410100,142,355,62420000,54057
3,6242,62420000,62420100,142,355,62430000,54065
3,6243,62430000,62430100,142,355,62440000,54073
3,6244,62440000,62440100,142,355,62450000,54083
3,6245,62450000,62450100,142,355,62460000,54090
3,6246,62460000,62460100,142,355,62470000,54100
3,6247,62470000,62470100,142,355,62480000,54108
3,6248,62480000,62480100,142,355,62490000,54118
3,6249,62490000,62490100,142,355,62500000,54126
3,625,6250000,6250100,142,355,6260000,5413
3,6250,62500000,62500100,142,355,62510000,54134
3,6251,62510000,62510100,142,355,62520000,54142
3,6252,62520000,62520100,142,355,62530000,54153
3,6253,62530000,62530100,142,355,62540000,54160
3,6254,62540000,62540100,142,355,62550000,54169
3,6255,62550000,62550100,142,355,62560000,54178
3,6256,62560000,62560100,142,355,62570000,54187
3,6257,62570000,62570100,142,355,62580000,54193
3,6258,62580000,62580100,142,355,62590000,54205
3,6259,62590000,62590100,142,355,62600000,54212
3,626,6260000,6260100,142,355,6270000,5422
3,6260,62600000,62600100,142,355,62610000,54221
3,6261,62610000,62610100,142,355,62620000,54231
3,6262,62620000,62620100,142,355,62630000,54238
3,6263,62630000,62630100,142,355,62640000,54244
3,6264,62640000,62640100,142,355,62650000,54257
3,6265,62650000,62650100,142,355,62660000,54266
3,6266,62660000,62660100,142,355,62670000,54273
3,6267,62670000,62670100,142,355,62680000,54281
3,6268,62680000,62680100,142,355,62690000,54291
3,6269,62690000,62690100,142,355,62700000,54297
3,627,6270000,6270100,142,355,6280000,5431
3,6270,62700000,62700100,142,355,62710000,54309
3,6271,62710000,62710100,142,355,62720000,54315
3,6272,62720000,62720100,142,355,62730000,54326
3,6273,62730000,62730100,142,355,62740000,54334
3,6274,62740000,62740100,142,355,62750000,54341
3,6275,62750000,62750100,142,355,62760000,54351
3,6276,62760000,62760100,142,355,62770000,54362
3,6277,62770000,62770100,142,355,62780000,54368
3,6278,62780000,62780100,142,355,62790000,54375
3,6279,62790000,62790100,142,355,62800000,54385
3,628,6280000,6280100,142,355,6290000,5439
3,6280,62800000,62800100,142,355,62810000,54395
3,6281,62810000,62810100,142,355,62820000,54402
3,6282,62820000,62820100,142,355,62830000,54414
3,6283,62830000,62830100,142,355,62840000,54420
3,6284,62840000,62840100,142,355,62850000,54428
3,6285,62850000,62850100,142,355,62860000,54437
3,6286,62860000,62860100,142,355,62870000,54447
3,6287,62870000,62870100,142,355,62880000,54453
3,6288,62880000,62880100,142,355,62890000,54465
3,6289,62890000,62890100,142,355,62900000,54473
3,629,6290000,6290100,142,355,6300000,5445
3,6290,62900000,62900100,142,355,62910000,54481
3,6291,62910000,62910100,142,355,62920000,54489
3,6292,62920000,62920100,142,355,62930000,54498
3,6293,62930000,62930100,142,355,62940000,54506
3,6294,62940000,62940100,142,355,62950000,54516
3,6295,62950000,62950100,142,355,62960000,54523
3,6296,62960000,62960100,142,355,62970000,54534
3,6297,62970000,62970100,142,355,62980000,54543
3,6298,62980000,62980100,142,355,62990000,54550
3,6299,62990000,62990100,142,355,63000000,54556
3,63,630000,630100,142,355,640000,545
3,630,6300000,6300100,142,355,6310000,5458
3,6300,63000000,63000100,142,355,63010000,54570
3,6301,63010000,63010100,142,355,63020000,54576
3,6302,63020000,63020100,142,355,63030000,54583
3,6303,63030000,63030100,142,355,63040000,54594
3,6304,63040000,63040100,142,355,63050000,54603
3,6305,63050000,63050100,142,355,63060000,54610
3,6306,63060000,63060100,142,355,63070000,54620
3,6307,63070000,63070100,142,355,63080000,54628
3,6308,63080000,63080100,142,355,63090000,54637
3,6309,63090000,63090100,142,355,63100000,54645
3,631,6310000,6310100,142,355,6320000,5464
3,6310,63100000,63100100,142,355,63110000,54655
3,6311,63110000,63110100,142,355,63120000,54661
3,6312,63120000,63120100,142,355,63130000,54673
3,6313,63130000,63130100,142,355,63140000,54679
3,6314,63140000,63140100,142,355,63150000,54689
3,6315,63150000,63150100,142,355,63160000,54698
3,6316,63160000,63160100,142,355,63170000,54706
3,6317,63170000,63170100,142,355,63180000,54714
3,6318,63180000,63180100,142,355,63190000,54724
3,6319,63190000,63190100,142,355,63200000,54731
3,632,6320000,6320100,142,355,6330000,5474
3,6320,63200000,63200100,142,355,63210000,54741
3,6321,63210000,63210100,142,355,63220000,54751
3,6322,63220000,63220100,142,355,63230000,54758
3,6323,63230000,63230100,142,355,63240000,54764
3,6324,63240000,63240100,142,355,63250000,54777
3,6325,63250000,63250100,142,355,63260000,54785
3,6326,63260000,63260100,142,355,63270000,54792
3,6327,63270000,63270100,142,355,63280000,54800
3,6328,63280000,63280100,142,355,63290000,54811
3,6329,63290000,63290100,142,355,63300000,54817
3,633,6330000,6330100,142,355,6340000,5484
3,6330,63300000,63300100,142,355,63310000,54829
3,6331,63310000,63310100,142,355,63320000,54837
3,6332,63320000,63320100,142,355,63330000,54845
3,6333,63330000,63330100,142,355,63340000,54853
3,6334,63340000,63340100,142,355,63350000,54860
3,6335,63350000,63350100,142,355,63360000,54869
3,6336,63360000,63360100,142,355,63370000,54882
3,6337,63370000,63370100,142,355,63380000,54888
3,6338,63380000,63380100,142,355,63390000,54897
3,6339,63390000,63390100,142,355,63400000,54905
3,634,6340000,6340100,142,355,6350000,5491
3,6340,63400000,63400100,142,355,63410000,54914
3,6341,63410000,63410100,142,355,63420000,54921
3,6342,63420000,63420100,142,355,63430000,54933
3,6343,63430000,63430100,142,355,63440000,54939
3,6344,63440000,63440100,142,355,63450000,54948
3,6345,63450000,63450100,142,355,63460000,54959
3,6346,63460000,63460100,142,355,63470000,54966
3,6347,63470000,63470100,142,355,63480000,54973
3,6348,63480000,63480100,142,355,63490000,54984
3,6349,63490000,63490100,142,355,63500000,54992
3,635,6350000,6350100,142,355,6360000,5498
3,6350,63500000,63500100,142,355,63510000,55000
3,6351,63510000,63510100,142,355,63520000,55008
3,6352,63520000,63520100,142,355,63530000,55020
3,6353,63530000,63530100,142,355,63540000,55026
3,6354,63540000,63540100,142,355,63550000,55036
3,6355,63550000,63550100,142,355,63560000,55043
3,6356,63560000,63560100,142,355,63570000,55053
3,6357,63570000,63570100,142,355,63580000,55061
3,6358,63580000,63580100,142,355,63590000,55069
3,6359,63590000,63590100,142,355,63600000,55077
3,636,6360000,6360100,142,355,6370000,5509
3,6360,63600000,63600100,142,355,63610000,55090
3,6361,63610000,63610100,142,355,63620000,55096
3,6362,63620000,63620100,142,355,63630000,55103
3,6363,63630000,63630100,142,355,63640000,55114
3,6364,63640000,63640100,142,355,63650000,55122
3,6365,63650000,63650100,142,355,63660000,55129
3,6366,63660000,63660100,142,355,63670000,55141
3,6367,63670000,63670100,142,355,63680000,55147
3,6368,63680000,63680100,142,355,63690000,55156
3,6369,63690000,63690100,142,355,63700000,55165
3,637,6370000,6370100,142,355,6380000,5517
3,6370,63700000,63700100,142,355,63710000,55175
3,6371,63710000,63710100,142,355,63720000,55181
3,6372,63720000,63720100,142,355,63730000,55192
3,6373,63730000,63730100,142,355,63740000,55200
3,6374,63740000,63740100,142,355,63750000,55208
3,6375,63750000,63750100,142,355,63760000,55217
3,6376,63760000,63760100,142,355,63770000,55226
3,6377,63770000,63770100,142,355,63780000,55234
3,6378,63780000,63780100,142,355,63790000,55244
3,6379,63790000,63790100,142,355,63800000,55250
3,638,6380000,6380100,142,355,6390000,5525
3,6380,63800000,63800100,142,355,63810000,55262
3,6381,63810000,63810100,142,355,63820000,55270
3,6382,63820000,63820100,142,355,63830000,55277
3,6383,63830000,63830100,142,355,63840000,55283
3,6384,63840000,63840100,142,355,63850000,55297
3,6385,63850000,63850100,142,355,63860000,55305
3,6386,63860000,63860100,142,355,63870000,55312
3,6387,63870000,63870100,142,355,63880000,55322
3,6388,63880000,63880100,142,355,63890000,55330
3,6389,63890000,63890100,142,355,63900000,55336
3,639,6390000,6390100,142,355,6400000,5533
3,6390,63900000,63900100,142,355,63910000,55347
3,6391,63910000,63910100,142,355,63920000,55356
3,6392,63920000,63920100,142,355,63930000,55365
3,6393,63930000,63930100,142,355,63940000,55373
3,6394,63940000,63940100,142,355,63950000,55382
3,6395,63950000,63950100,142,355,63960000,55389
3,6396,63960000,63960100,142,355,63970000,55401
3,6397,63970000,63970100,142,355,63980000,55407
3,6398,63980000,63980100,142,355,63990000,55416
3,6399,63990000,63990100,142,355,64000000,55424
3,64,640000,640100,142,355,650000,554
3,640,6400000,6400100,142,355,6410000,5545
3,6400,64000000,64000100,142,355,64010000,55434
3,6401,64010000,64010100,142,355,64020000,55442
3,6402,64020000,64020100,142,355,64030000,55453
3,6403,64030000,64030100,142,355,64040000,55459
3,6404,64040000,64040100,142,355,64050000,55467
3,6405,64050000,64050100,142,355,64060000,55478
3,6406,64060000,64060100,142,355,64070000,55485
3,6407,64070000,64070100,142,355,64080000,55492
3,6408,64080000,64080100,142,355,64090000,55506
3,6409,64090000,64090100,142,355,64100000,55512
3,641,6410000,6410100,142,355,6420000,5551
3,6410,64100000,64100100,142,355,64110000,55520
3,6411,64110000,64110100,142,355,64120000,55528
3,6412,64120000,64120100,142,355,64130000,55538
3,6413,64130000,64130100,142,355,64140000,55545
3,6414,64140000,64140100,142,355,64150000,55555
3,6415,64150000,64150100,142,355,64160000,55564
3,6416,64160000,64160100,142,355,64170000,55573
3,6417,64170000,64170100,142,355,64180000,55581
3,6418,64180000,64180100,142,355,64190000,55589
3,6419,64190000,64190100,142,355,64200000,55597
3,642,6420000,6420100,142,355,6430000,5561
3,6420,64200000,64200100,142,355,64210000,55609
3,6421,64210000,64210100,142,355,64220000,55615
3,6422,64220000,64220100,142,355,64230000,55624
3,6423,64230000,64230100,142,355,64240000,55632
3,6424,64240000,64240100,142,355,64250000,55642
3,6425,64250000,64250100,142,355,64260000,55649
3,6426,64260000,64260100,142,355,64270000,55661
3,6427,64270000,64270100,142,355,64280000,55667
3,6428,64280000,64280100,142,355,64290000,55675
3,6429,64290000,64290100,142,355,64300000,55686
3,643,6430000,6430100,142,355,6440000,5568
3,6430,64300000,64300100,142,355,64310000,55694
3,6431,64310000,64310100,142,355,64320000,55700
3,6432,64320000,64320100,142,355,64330000,55712
3,6433,64330000,64330100,142,355,64340000,55720
3,6434,64340000,64340100,142,355,64350000,55727
3,6435,64350000,64350100,142,355,64360000,55737
3,6436,64360000,64360100,142,355,64370000,55747
3,6437,64370000,64370100,142,355,64380000,55753
3,6438,64380000,64380100,142,355,64390000,55763
3,6439,64390000,64390100,142,355,64400000,55769
3,644,6440000,6440100,142,355,6450000,5578
3,6440,64400000,64400100,142,355,64410000,55782
3,6441,64410000,64410100,142,355,64420000,55790
3,6442,64420000,64420100,142,355,64430000,55797
3,6443,64430000,64430100,142,355,64440000,55805
3,6444,64440000,64440100,142,355,64450000,55816
3,6445,64450000,64450100,142,355,64460000,55823
3,6446,64460000,64460100,142,355,64470000,55831
3,6447,64470000,64470100,142,355,64480000,55841
3,6448,64480000,64480100,142,355,64490000,55850
3,6449,64490000,64490100,142,355,64500000,55856
3,645,6450000,6450100,142,355,6460000,5587
3,6450,64500000,64500100,142,355,64510000,55869
3,6451,64510000,64510100,142,355,64520000,55876
3,6452,64520000,64520100,142,355,64530000,55884
3,6453,64530000,64530100,142,355,64540000,55892
3,6454,64540000,64540100,142,355,64550000,55901
3,6455,64550000,64550100,142,355,64560000,55908
3,6456,64560000,64560100,142,355,64570000,55920
3,6457,64570000,64570100,142,355,64580000,55929
3,6458,64580000,64580100,142,355,64590000,55936
3,6459,64590000,64590100,142,355,64600000,55944
3,646,6460000,6460100,142,355,6470000,5594
3,6460,64600000,64600100,142,355,64610000,55953
3,6461,64610000,64610100,142,355,64620000,55961
3,6462,64620000,64620100,142,355,64630000,55972
3,6463,64630000,64630100,142,355,64640000,55978
3,6464,64640000,64640100,142,355,64650000,55989
3,6465,64650000,64650100,142,355,64660000,55998
3,6466,64660000,64660100,142,355,64670000,56005
3,6467,64670000,64670100,142,355,64680000,56011
3,6468,64680000,64680100,142,355,64690000,56025
3,6469,64690000,64690100,142,355,64700000,56031
3,647,6470000,6470100,142,355,6480000,5602
3,6470,64700000,64700100,142,355,64710000,56039
3,6471,64710000,64710100,142,355,64720000,56049
3,6472,64720000,64720100,142,355,64730000,56058
3,6473,64730000,64730100,142,355,64740000,56065
3,6474,64740000,64740100,142,355,64750000,56075
3,6475,64750000,64750100,142,355,64760000,56084
3,6476,64760000,64760100,142,355,64770000,56092
3,6477,64770000,64770100,142,355,64780000,56100
3,6478,64780000,64780100,142,355,64790000,56109
3,6479,64790000,64790100,142,355,64800000,56116
3,648,6480000,6480100,142,355,6490000,5614
3,6480,64800000,64800100,142,355,64810000,56129
3,6481,64810000,64810100,142,355,64820000,56135
3,6482,64820000,64820100,142,355,64830000,56144
3,6483,64830000,64830100,142,355,64840000,56152
3,6484,64840000,64840100,142,355,64850000,56161
3,6485,64850000,64850100,142,355,64860000,56170
3,6486,64860000,64860100,142,355,64870000,56180
3,6487,64870000,64870100,142,355,64880000,56186
3,6488,64880000,64880100,142,355,64890000,56195
3,6489,64890000,64890100,142,355,64900000,56205
3,649,6490000,6490100,142,355,6500000,5621
3,6490,64900000,64900100,142,355,64910000,56214
3,6491,64910000,64910100,142,355,64920000,56220
3,6492,64920000,64920100,142,355,64930000,56233
3,6493,64930000,64930100,142,355,64940000,56239
3,6494,64940000,64940100,142,355,64950000,56246
3,6495,64950000,64950100,142,355,64960000,56256
3,6496,64960000,64960100,142,355,64970000,56267
3,6497,64970000,64970100,142,355,64980000,56273
3,6498,64980000,64980100,142,355,64990000,56283
3,6499,64990000,64990100,142,355,65000000,56291
3,65,650000,650100,142,355,660000,561
3,650,6500000,6500100,142,355,6510000,5629
3,6500,65000000,65000100,142,355,65010000,56300
3,6501,65010000,65010100,142,355,65020000,56309
3,6502,65020000,65020100,142,355,65030000,56316
3,6503,65030000,65030100,142,355,65040000,56324
3,6504,65040000,65040100,142,355,65050000,56336
3,6505,65050000,65050100,142,355,65060000,56343
3,6506,65060000,65060100,142,355,65070000,56353
3,6507,65070000,65070100,142,355,65080000,56361
3,6508,65080000,65080100,142,355,65090000,56369
3,6509,65090000,65090100,142,355,65100000,56375
3,651,6510000,6510100,142,355,6520000,5639
3,6510,65100000,65100100,142,355,65110000,56388
3,6511,65110000,65110100,142,355,65120000,56394
3,6512,65120000,65120100,142,355,65130000,56404
3,6513,65130000,65130100,142,355,65140000,56414
3,6514,65140000,65140100,142,355,65150000,56421
3,6515,65150000,65150100,142,355,65160000,56428
3,6516,65160000,65160100,142,355,65170000,56439
3,6517,65170000,65170100,142,355,65180000,56448
3,6518,65180000,65180100,142,355,65190000,56455
3,6519,65190000,65190100,142,355,65200000,56463
3,652,6520000,6520100,142,355,6530000,5647
3,6520,65200000,65200100,142,355,65210000,56475
3,6521,65210000,65210100,142,355,65220000,56481
3,6522,65220000,65220100,142,355,65230000,56491
3,6523,65230000,65230100,142,355,65240000,56498
3,6524,65240000,65240100,142,355,65250000,56508
3,6525,65250000,65250100,142,355,65260000,56517
3,6526,65260000,65260100,142,355,65270000,56524
3,6527,65270000,65270100,142,355,65280000,56532
3,6528,65280000,65280100,142,355,65290000,56545
3,6529,65290000,65290100,142,355,65300000,56551
3,653,6530000,6530100,142,355,6540000,5653
3,6530,65300000,65300100,142,355,65310000,56559
3,6531,65310000,65310100,142,355,65320000,56569
3,6532,65320000,65320100,142,355,65330000,56577
3,6533,65330000,65330100,142,355,65340000,56583
3,6534,65340000,65340100,142,355,65350000,56596
3,6535,65350000,65350100,142,355,65360000,56603
3,6536,65360000,65360100,142,355,65370000,56612
3,6537,65370000,65370100,142,355,65380000,56620
3,6538,65380000,65380100,142,355,65390000,56629
3,6539,65390000,65390100,142,355,65400000,56636
3,654,6540000,6540100,142,355,6550000,5666
3,6540,65400000,65400100,142,355,65410000,56648
3,6541,65410000,65410100,142,355,65420000,56656
3,6542,65420000,65420100,142,355,65430000,56663
3,6543,65430000,65430100,142,355,65440000,56671
3,6544,65440000,65440100,142,355,65450000,56680
3,6545,65450000,65450100,142,355,65460000,56690
3,6546,65460000,65460100,142,355,65470000,56700
3,6547,65470000,65470100,142,355,65480000,56706
3,6548,65480000,65480100,142,355,65490000,56716
3,6549,65490000,65490100,142,355,65500000,56724
3,655,6550000,6550100,142,355,6560000,5673
3,6550,65500000,65500100,142,355,65510000,56733
3,6551,65510000,65510100,142,355,65520000,56739
3,6552,65520000,65520100,142,355,65530000,56753
3,6553,65530000,65530100,142,355,65540000,56759
3,6554,65540000,65540100,142,355,65550000,56766
3,6555,65550000,65550100,142,355,65560000,56777
3,6556,65560000,65560100,142,355,65570000,56786
3,6557,65570000,65570100,142,355,65580000,56792
3,6558,65580000,65580100,142,355,65590000,56802
3,6559,65590000,65590100,142,355,65600000,56810
3,656,6560000,6560100,142,355,6570000,5682
3,6560,65600000,65600100,142,355,65610000,56820
3,6561,65610000,65610100,142,355,65620000,56829
3,6562,65620000,65620100,142,355,65630000,56838
3,6563,65630000,65630100,142,355,65640000,56844
3,6564,65640000,65640100,142,355,65650000,56855
3,6565,65650000,65650100,142,355,65660000,56862
3,6566,65660000,65660100,142,355,65670000,56871
3,6567,65670000,65670100,142,355,65680000,56880
3,6568,65680000,65680100,142,355,65690000,56889
3,6569,65690000,65690100,142,355,65700000,56897
3,657,6570000,6570100,142,355,6580000,5690
3,6570,65700000,65700100,142,355,65710000,56908
3,6571,65710000,65710100,142,355,65720000,56914
3,6572,65720000,65720100,142,355,65730000,56923
3,6573,65730000,65730100,142,355,65740000,56933
3,6574,65740000,65740100,142,355,65750000,56940
3,6575,65750000,65750100,142,355,65760000,56947
3,6576,65760000,65760100,142,355,65770000,56961
3,6577,65770000,65770100,142,355,65780000,56967
3,6578,65780000,65780100,142,355,65790000,56975
3,6579,65790000,65790100,142,355,65800000,56983
3,658,6580000,6580100,142,355,6590000,5699
3,6580,65800000,65800100,142,355,65810000,56994
3,6581,65810000,65810100,142,355,65820000,57000
3,6582,65820000,65820100,142,355,65830000,57010
3,6583,65830000,65830100,142,355,65840000,57019
3,6584,65840000,65840100,142,355,65850000,57028
3,6585,65850000,65850100,142,355,65860000,57037
3,6586,65860000,65860100,142,355,65870000,57044
3,6587,65870000,65870100,142,355,65880000,57052
3,6588,65880000,65880100,142,355,65890000,57063
3,6589,65890000,65890100,142,355,65900000,57070
3,659,6590000,6590100,142,355,6600000,5705
3,6590,65900000,65900100,142,355,65910000,57080
3,6591,65910000,65910100,142,355,65920000,57088
3,6592,65920000,65920100,142,355,65930000,57097
3,6593,65930000,65930100,142,355,65940000,57103
3,6594,65940000,65940100,142,355,65950000,57116
3,6595,65950000,65950100,142,355,65960000,57123
3,6596,65960000,65960100,142,355,65970000,57131
3,6597,65970000,65970100,142,355,65980000,57141
3,6598,65980000,65980100,142,355,65990000,57148
3,6599,65990000,65990100,142,355,66000000,57154
3,66,660000,660100,142,355,670000,574
3,660,6600000,6600100,142,355,6610000,5718
3,6600,66000000,66000100,142,355,66010000,57168
3,6601,66010000,66010100,142,355,66020000,57176
3,6602,66020000,66020100,142,355,66030000,57183
3,6603,66030000,66030100,142,355,66040000,57191
3,6604,66040000,66040100,142,355,66050000,57201
3,6605,66050000,66050100,142,355,66060000,57209
3,6606,66060000,66060100,142,355,66070000,57219
3,6607,66070000,66070100,142,355,66080000,57225
3,6608,66080000,66080100,142,355,66090000,57236
3,6609,66090000,66090100,142,355,66100000,57244
3,661,6610000,6610100,142,355,6620000,5726
3,6610,66100000,66100100,142,355,66110000,57252
3,6611,66110000,66110100,142,355,66120000,57261
3,6612,66120000,66120100,142,355,66130000,57272
3,6613,66130000,66130100,142,355,66140000,57278
3,6614,66140000,66140100,142,355,66150000,57285
3,6615,66150000,66150100,142,355,66160000,57296
3,6616,66160000,66160100,142,355,66170000,57306
3,6617,66170000,66170100,142,355,66180000,57312
3,6618,66180000,66180100,142,355,66190000,57324
3,6619,66190000,66190100,142,355,66200000,57330
3,662,6620000,6620100,142,355,6630000,5733
3,6620,66200000,66200100,142,355,66210000,57339
3,6621,66210000,66210100,142,355,66220000,57347
3,6622,66220000,66220100,142,355,66230000,57357
3,6623,66230000,66230100,142,355,66240000,57363
3,6624,66240000,66240100,142,355,66250000,57375
3,6625,66250000,66250100,142,355,66260000,57384
3,6626,66260000,66260100,142,355,66270000,57391
3,6627,66270000,66270100,142,355,66280000,57400
3,6628,66280000,66280100,142,355,66290000,57408
3,6629,66290000,66290100,142,355,66300000,57416
3,663,6630000,6630100,142,355,6640000,5741
3,6630,66300000,66300100,142,355,66310000,57427
3,6631,66310000,66310100,142,355,66320000,57433
3,6632,66320000,66320100,142,355,66330000,57444
3,6633,66330000,66330100,142,355,66340000,57453
3,6634,66340000,66340100,142,355,66350000,57460
3,6635,66350000,66350100,142,355,66360000,57467
3,6636,66360000,66360100,142,355,66370000,57480
3,6637,66370000,66370100,142,355,66380000,57486
3,6638,66380000,66380100,142,355,66390000,57494
3,6639,66390000,66390100,142,355,66400000,57504
3,664,6640000,6640100,142,355,6650000,5750
3,6640,66400000,66400100,142,355,66410000,57514
3,6641,66410000,66410100,142,355,66420000,57520
3,6642,66420000,66420100,142,355,66430000,57530
3,6643,66430000,66430100,142,355,66440000,57538
3,6644,66440000,66440100,142,355,66450000,57547
3,6645,66450000,66450100,142,355,66460000,57556
3,6646,66460000,66460100,142,355,66470000,57565
3,6647,66470000,66470100,142,355,66480000,57571
3,6648,66480000,66480100,142,355,66490000,57583
3,6649,66490000,66490100,142,355,66500000,57590
3,665,6650000,6650100,142,355,6660000,5760
3,6650,66500000,66500100,142,355,66510000,57600
3,6651,66510000,66510100,142,355,66520000,57608
3,6652,66520000,66520100,142,355,66530000,57616
3,6653,66530000,66530100,142,355,66540000,57624
3,6654,66540000,66540100,142,355,66550000,57634
3,6655,66550000,66550100,142,355,66560000,57642
3,6656,66560000,66560100,142,355,66570000,57651
3,6657,66570000,66570100,142,355,66580000,57661
3,6658,66580000,66580100,142,355,66590000,57668
3,6659,66590000,66590100,142,355,66600000,57674
3,666,6660000,6660100,142,355,6670000,5770
3,6660,66600000,66600100,142,355,66610000,57689
3,6661,66610000,66610100,142,355,66620000,57695
3,6662,66620000,66620100,142,355,66630000,57702
3,6663,66630000,66630100,142,355,66640000,57710
3,6664,66640000,66640100,142,355,66650000,57721
3,6665,66650000,66650100,142,355,66660000,57728
3,6666,66660000,66660100,142,355,66670000,57739
3,6667,66670000,66670100,142,355,66680000,57747
3,6668,66680000,66680100,142,355,66690000,57755
3,6669,66690000,66690100,142,355,66700000,57763
3,667,6670000,6670100,142,355,6680000,5776
3,6670,66700000,66700100,142,355,66710000,57771
3,6671,66710000,66710100,142,355,66720000,57780
3,6672,66720000,66720100,142,355,66730000,57792
3,6673,66730000,66730100,142,355,66740000,57798
3,6674,66740000,66740100,142,355,66750000,57807
3,6675,66750000,66750100,142,355,66760000,57816
3,6676,66760000,66760100,142,355,66770000,57824
3,6677,66770000,66770100,142,355,66780000,57831
3,6678,66780000,66780100,142,355,66790000,57843
3,6679,66790000,66790100,142,355,66800000,57849
3,668,6680000,6680100,142,355,6690000,5786
3,6680,66800000,66800100,142,355,66810000,57859
3,6681,66810000,66810100,142,355,66820000,57869
3,6682,66820000,66820100,142,355,66830000,57877
3,6683,66830000,66830100,142,355,66840000,57883
3,6684,66840000,66840100,142,355,66850000,57894
3,6685,66850000,66850100,142,355,66860000,57903
3,6686,66860000,66860100,142,355,66870000,57910
3,6687,66870000,66870100,142,355,66880000,57918
3,6688,66880000,66880100,142,355,66890000,57930
3,6689,66890000,66890100,142,355,66900000,57936
3,669,6690000,6690100,142,355,6700000,5794
3,6690,66900000,66900100,142,355,66910000,57947
3,6691,66910000,66910100,142,355,66920000,57953
3,6692,66920000,66920100,142,355,66930000,57963
3,6693,66930000,66930100,142,355,66940000,57972
3,6694,66940000,66940100,142,355,66950000,57979
3,6695,66950000,66950100,142,355,66960000,57988
3,6696,66960000,66960100,142,355,66970000,58000
3,6697,66970000,66970100,142,355,66980000,58006
3,6698,66980000,66980100,142,355,66990000,58013
3,6699,66990000,66990100,142,355,67000000,58024
3,67,670000,670100,142,355,680000,580
3,670,6700000,6700100,142,355,6710000,5802
3,6700,67000000,67000100,142,355,67010000,58033
3,6701,67010000,67010100,142,355,67020000,58039
3,6702,67020000,67020100,142,355,67030000,58051
3,6703,67030000,67030100,142,355,67040000,58057
3,6704,67040000,67040100,142,355,67050000,58067
3,6705,67050000,67050100,142,355,67060000,58076
3,6706,67060000,67060100,142,355,67070000,58085
3,6707,67070000,67070100,142,355,67080000,58091
3,6708,67080000,67080100,142,355,67090000,58102
3,6709,67090000,67090100,142,355,67100000,58110
3,671,6710000,6710100,142,355,6720000,5809
3,6710,67100000,67100100,142,355,67110000,58119
3,6711,67110000,67110100,142,355,67120000,58127
3,6712,67120000,67120100,142,355,67130000,58136
3,6713,67130000,67130100,142,355,67140000,58144
3,6714,67140000,67140100,142,355,67150000,58154
3,6715,67150000,67150100,142,355,67160000,58162
3,6716,67160000,67160100,142,355,67170000,58172
3,6717,67170000,67170100,142,355,67180000,58180
3,6718,67180000,67180100,142,355,67190000,58187
3,6719,67190000,67190100,142,355,67200000,58193
3,672,6720000,6720100,142,355,6730000,5823
3,6720,67200000,67200100,142,355,67210000,58208
3,6721,67210000,67210100,142,355,67220000,58215
3,6722,67220000,67220100,142,355,67230000,58222
3,6723,67230000,67230100,142,355,67240000,58232
3,6724,67240000,67240100,142,355,67250000,58240
3,6725,67250000,67250100,142,355,67260000,58247
3,6726,67260000,67260100,142,355,67270000,58258
3,6727,67270000,67270100,142,355,67280000,58266
3,6728,67280000,67280100,142,355,67290000,58275
3,6729,67290000,67290100,142,355,67300000,58283
3,673,6730000,6730100,142,355,6740000,5829
3,6730,67300000,67300100,142,355,67310000,58293
3,6731,67310000,67310100,142,355,67320000,58299
3,6732,67320000,67320100,142,355,67330000,58311
3,6733,67330000,67330100,142,355,67340000,58317
3,6734,67340000,67340100,142,355,67350000,58326
3,6735,67350000,67350100,142,355,67360000,58335
3,6736,67360000,67360100,142,355,67370000,58344
3,6737,67370000,67370100,142,355,67380000,58353
3,6738,67380000,67380100,142,355,67390000,58363
3,6739,67390000,67390100,142,355,67400000,58369
3,674,6740000,6740100,142,355,6750000,5836
3,6740,67400000,67400100,142,355,67410000,58378
3,6741,67410000,67410100,142,355,67420000,58388
3,6742,67420000,67420100,142,355,67430000,58395
3,6743,67430000,67430100,142,355,67440000,58402
3,6744,67440000,67440100,142,355,67450000,58416
3,6745,67450000,67450100,142,355,67460000,58423
3,6746,67460000,67460100,142,355,67470000,58430
3,6747,67470000,67470100,142,355,67480000,58438
3,6748,67480000,67480100,142,355,67490000,58449
3,6749,67490000,67490100,142,355,67500000,58455
3,675,6750000,6750100,142,355,6760000,5847
3,6750,67500000,67500100,142,355,67510000,58466
3,6751,67510000,67510100,142,355,67520000,58474
3,6752,67520000,67520100,142,355,67530000,58483
3,6753,67530000,67530100,142,355,67540000,58491
3,6754,67540000,67540100,142,355,67550000,58499
3,6755,67550000,67550100,142,355,67560000,58508
3,6756,67560000,67560100,142,355,67570000,58519
3,6757,67570000,67570100,142,355,67580000,58525
3,6758,67580000,67580100,142,355,67590000,58534
3,6759,67590000,67590100,142,355,67600000,58543
3,676,6760000,6760100,142,355,6770000,5856
3,6760,67600000,67600100,142,355,67610000,58553
3,6761,67610000,67610100,142,355,67620000,58559
3,6762,67620000,67620100,142,355,67630000,58571
3,6763,67630000,67630100,142,355,67640000,58577
3,6764,67640000,67640100,142,355,67650000,58585
3,6765,67650000,67650100,142,355,67660000,58597
3,6766,67660000,67660100,142,355,67670000,58604
3,6767,67670000,67670100,142,355,67680000,58610
3,6768,67680000,67680100,142,355,67690000,58622
3,6769,67690000,67690100,142,355,67700000,58630
3,677,6770000,6770100,142,355,6780000,5862
3,6770,67700000,67700100,142,355,67710000,58639
3,6771,67710000,67710100,142,355,67720000,58647
3,6772,67720000,67720100,142,355,67730000,58657
3,6773,67730000,67730100,142,355,67740000,58663
3,6774,67740000,67740100,142,355,67750000,58673
3,6775,67750000,67750100,142,355,67760000,58680
3,6776,67760000,67760100,142,355,67770000,58692
3,6777,67770000,67770100,142,355,67780000,58700
3,6778,67780000,67780100,142,355,67790000,58707
3,6779,67790000,67790100,142,355,67800000,58715
3,678,6780000,6780100,142,355,6790000,5872
3,6780,67800000,67800100,142,355,67810000,58727
3,6781,67810000,67810100,142,355,67820000,58734
3,6782,67820000,67820100,142,355,67830000,58741
3,6783,67830000,67830100,142,355,67840000,58751
3,6784,67840000,67840100,142,355,67850000,58760
3,6785,67850000,67850100,142,355,67860000,58767
3,6786,67860000,67860100,142,355,67870000,58779
3,6787,67870000,67870100,142,355,67880000,58786
3,6788,67880000,67880100,142,355,67890000,58794
3,6789,67890000,67890100,142,355,67900000,58802
3,679,6790000,6790100,142,355,6800000,5880
3,6790,67900000,67900100,142,355,67910000,58812
3,6791,67910000,67910100,142,355,67920000,58818
3,6792,67920000,67920100,142,355,67930000,58831
3,6793,67930000,67930100,142,355,67940000,58839
3,6794,67940000,67940100,142,355,67950000,58846
3,6795,67950000,67950100,142,355,67960000,58855
3,6796,67960000,67960100,142,355,67970000,58863
3,6797,67970000,67970100,142,355,67980000,58871
3,6798,67980000,67980100,142,355,67990000,58882
3,6799,67990000,67990100,142,355,68000000,58888
3,68,680000,680100,142,355,690000,588
3,680,6800000,6800100,142,355,6810000,5890
3,6800,68000000,68000100,142,355,68010000,58900
3,6801,68010000,68010100,142,355,68020000,58908
3,6802,68020000,68020100,142,355,68030000,58915
3,6803,68030000,68030100,142,355,68040000,58922
3,6804,68040000,68040100,142,355,68050000,58935
3,6805,68050000,68050100,142,355,68060000,58942
3,6806,68060000,68060100,142,355,68070000,58949
3,6807,68070000,68070100,142,355,68080000,58959
3,6808,68080000,68080100,142,355,68090000,58968
3,6809,68090000,68090100,142,355,68100000,58975
3,681,6810000,6810100,142,355,6820000,5898
3,6810,68100000,68100100,142,355,68110000,58986
3,6811,68110000,68110100,142,355,68120000,58994
3,6812,68120000,68120100,142,355,68130000,59002
3,6813,68130000,68130100,142,355,68140000,59010
3,6814,68140000,68140100,142,355,68150000,59020
3,6815,68150000,68150100,142,355,68160000,59027
3,6816,68160000,68160100,142,355,68170000,59039
3,6817,68170000,68170100,142,355,68180000,59045
3,6818,68180000,68180100,142,355,68190000,59054
3,6819,68190000,68190100,142,355,68200000,59062
3,682,6820000,6820100,142,355,6830000,5908
3,6820,68200000,68200100,142,355,68210000,59072
3,6821,68210000,68210100,142,355,68220000,59080
3,6822,68220000,68220100,142,355,68230000,59090
3,6823,68230000,68230100,142,355,68240000,59096
3,6824,68240000,68240100,142,355,68250000,59105
3,6825,68250000,68250100,142,355,68260000,59117
3,6826,68260000,68260100,142,355,68270000,59124
3,6827,68270000,68270100,142,355,68280000,59130
3,6828,68280000,68280100,142,355,68290000,59143
3,6829,68290000,68290100,142,355,68300000,59149
3,683,6830000,6830100,142,355,6840000,5914
3,6830,68300000,68300100,142,355,68310000,59157
3,6831,68310000,68310100,142,355,68320000,59166
3,6832,68320000,68320100,142,355,68330000,59177
3,6833,68330000,68330100,142,355,68340000,59183
3,6834,68340000,68340100,142,355,68350000,59193
3,6835,68350000,68350100,142,355,68360000,59202
3,6836,68360000,68360100,142,355,68370000,59211
3,6837,68370000,68370100,142,355,68380000,59219
3,6838,68380000,68380100,142,355,68390000,59226
3,6839,68390000,68390100,142,355,68400000,59234
3,684,6840000,6840100,142,355,6850000,5925
3,6840,68400000,68400100,142,355,68410000,59247
3,6841,68410000,68410100,142,355,68420000,59253
3,6842,68420000,68420100,142,355,68430000,59263
3,6843,68430000,68430100,142,355,68440000,59271
3,6844,68440000,68440100,142,355,68450000,59279
3,6845,68450000,68450100,142,355,68460000,59286
3,6846,68460000,68460100,142,355,68470000,59298
3,6847,68470000,68470100,142,355,68480000,59305
3,6848,68480000,68480100,142,355,68490000,59314
3,6849,68490000,68490100,142,355,68500000,59324
3,685,6850000,6850100,142,355,6860000,5932
3,6850,68500000,68500100,142,355,68510000,59332
3,6851,68510000,68510100,142,355,68520000,59338
3,6852,68520000,68520100,142,355,68530000,59349
3,6853,68530000,68530100,142,355,68540000,59358
3,6854,68540000,68540100,142,355,68550000,59365
3,6855,68550000,68550100,142,355,68560000,59374
3,6856,68560000,68560100,142,355,68570000,59385
3,6857,68570000,68570100,142,355,68580000,59391
3,6858,68580000,68580100,142,355,68590000,59402
3,6859,68590000,68590100,142,355,68600000,59408
3,686,6860000,6860100,142,355,6870000,5941
3,6860,68600000,68600100,142,355,68610000,59419
3,6861,68610000,68610100,142,355,68620000,59427
3,6862,68620000,68620100,142,355,68630000,59434
3,6863,68630000,68630100,142,355,68640000,59442
3,6864,68640000,68640100,142,355,68650000,59455
3,6865,68650000,68650100,142,355,68660000,59462
3,6866,68660000,68660100,142,355,68670000,59469
3,6867,68670000,68670100,142,355,68680000,59479
3,6868,68680000,68680100,142,355,68690000,59487
3,6869,68690000,68690100,142,355,68700000,59494
3,687,6870000,6870100,142,355,6880000,5950
3,6870,68700000,68700100,142,355,68710000,59507
3,6871,68710000,68710100,142,355,68720000,59513
3,6872,68720000,68720100,142,355,68730000,59522
3,6873,68730000,68730100,142,355,68740000,59530
3,6874,68740000,68740100,142,355,68750000,59539
3,6875,68750000,68750100,142,355,68760000,59547
3,6876,68760000,68760100,142,355,68770000,59558
3,6877,68770000,68770100,142,355,68780000,59566
3,6878,68780000,68780100,142,355,68790000,59573
3,6879,68790000,68790100,142,355,68800000,59581
3,688,6880000,6880100,142,355,6890000,5959
3,6880,68800000,68800100,142,355,68810000,59592
3,6881,68810000,68810100,142,355,68820000,59600
3,6882,68820000,68820100,142,355,68830000,59610
3,6883,68830000,68830100,142,355,68840000,59616
3,6884,68840000,68840100,142,355,68850000,59626
3,6885,68850000,68850100,142,355,68860000,59635
3,6886,68860000,68860100,142,355,68870000,59643
3,6887,68870000,68870100,142,355,68880000,59649
3,6888,68880000,68880100,142,355,68890000,59663
3,6889,68890000,68890100,142,355,68900000,59669
3,689,6890000,6890100,142,355,6900000,5967
3,6890,68900000,68900100,142,355,68910000,59677
3,6891,68910000,68910100,142,355,68920000,59688
3,6892,68920000,68920100,142,355,68930000,59696
3,6893,68930000,68930100,142,355,68940000,59702
3,6894,68940000,68940100,142,355,68950000,59712
3,6895,68950000,68950100,142,355,68960000,59721
3,6896,68960000,68960100,142,355,68970000,59730
3,6897,68970000,68970100,142,355,68980000,59739
3,6898,68980000,68980100,142,355,68990000,59748
3,6899,68990000,68990100,142,355,69000000,59754
3,69,690000,690100,142,355,700000,596
3,690,6900000,6900100,142,355,6910000,5978
3,6900,69000000,69000100,142,355,69010000,59766
3,6901,69010000,69010100,142,355,69020000,59772
3,6902,69020000,69020100,142,355,69030000,59782
3,6903,69030000,69030100,142,355,69040000,59790
3,6904,69040000,69040100,142,355,69050000,59799
3,6905,69050000,69050100,142,355,69060000,59808
3,6906,69060000,69060100,142,355,69070000,59818
3,6907,69070000,69070100,142,355,69080000,59824
3,6908,69080000,69080100,142,355,69090000,59833
3,6909,69090000,69090100,142,355,69100000,59843
3,691,6910000,6910100,142,355,6920000,5984
3,6910,69100000,69100100,142,355,69110000,59851
3,6911,69110000,69110100,142,355,69120000,59857
3,6912,69120000,69120100,142,355,69130000,59871
3,6913,69130000,69130100,142,355,69140000,59878
3,6914,69140000,69140100,142,355,69150000,59885
3,6915,69150000,69150100,142,355,69160000,59894
3,6916,69160000,69160100,142,355,69170000,59904
3,6917,69170000,69170100,142,355,69180000,59910
3,6918,69180000,69180100,142,355,69190000,59920
3,6919,69190000,69190100,142,355,69200000,59929
3,692,6920000,6920100,142,355,6930000,5992
3,6920,69200000,69200100,142,355,69210000,59939
3,6921,69210000,69210100,142,355,69220000,59947
3,6922,69220000,69220100,142,355,69230000,59954
3,6923,69230000,69230100,142,355,69240000,59962
3,6924,69240000,69240100,142,355,69250000,59974
3,6925,69250000,69250100,142,355,69260000,59981
3,6926,69260000,69260100,142,355,69270000,59990
3,6927,69270000,69270100,142,355,69280000,59998
3,6928,69280000,69280100,142,355,69290000,60007
3,6929,69290000,69290100,142,355,69300000,60013
3,693,6930000,6930100,142,355,6940000,6003
3,6930,69300000,69300100,142,355,69310000,60027
3,6931,69310000,69310100,142,355,69320000,60033
3,6932,69320000,69320100,142,355,69330000,60041
3,6933,69330000,69330100,142,355,69340000,60051
3,6934,69340000,69340100,142,355,69350000,60058
3,6935,69350000,69350100,142,355,69360000,60066
3,6936,69360000,69360100,142,355,69370000,60078
3,6937,69370000,69370100,142,355,69380000,60086
3,6938,69380000,69380100,142,355,69390000,60093
3,6939,69390000,69390100,142,355,69400000,60101
3,694,6940000,6940100,142,355,6950000,6010
3,6940,69400000,69400100,142,355,69410000,60112
3,6941,69410000,69410100,142,355,69420000,60119
3,6942,69420000,69420100,142,355,69430000,60129
3,6943,69430000,69430100,142,355,69440000,60135
3,6944,69440000,69440100,142,355,69450000,60146
3,6945,69450000,69450100,142,355,69460000,60155
3,6946,69460000,69460100,142,355,69470000,60163
3,6947,69470000,69470100,142,355,69480000,60171
3,6948,69480000,69480100,142,355,69490000,60182
3,6949,69490000,69490100,142,355,69500000,60188
3,695,6950000,6950100,142,355,6960000,6017
3,6950,69500000,69500100,142,355,69510000,60196
3,6951,69510000,69510100,142,355,69520000,60206
3,6952,69520000,69520100,142,355,69530000,60216
3,6953,69530000,69530100,142,355,69540000,60222
3,6954,69540000,69540100,142,355,69550000,60234
3,6955,69550000,69550100,142,355,69560000,60241
3,6956,69560000,69560100,142,355,69570000,60249
3,6957,69570000,69570100,142,355,69580000,60258
3,6958,69580000,69580100,142,355,69590000,60267
3,6959,69590000,69590100,142,355,69600000,60273
3,696,6960000,6960100,142,355,6970000,6031
3,6960,69600000,69600100,142,355,69610000,60286
3,6961,69610000,69610100,142,355,69620000,60294
3,6962,69620000,69620100,142,355,69630000,60301
3,6963,69630000,69630100,142,355,69640000,60310
3,6964,69640000,69640100,142,355,69650000,60318
3,6965,69650000,69650100,142,355,69660000,60327
3,6966,69660000,69660100,142,355,69670000,60337
3,6967,69670000,69670100,142,355,69680000,60343
3,6968,69680000,69680100,142,355,69690000,60355
3,6969,69690000,69690100,142,355,69700000,60363
3,697,6970000,6970100,142,355,6980000,6037
3,6970,69700000,69700100,142,355,69710000,60371
3,6971,69710000,69710100,142,355,69720000,60377
3,6972,69720000,69720100,142,355,69730000,60390
3,6973,69730000,69730100,142,355,69740000,60396
3,6974,69740000,69740100,142,355,69750000,60404
3,6975,69750000,69750100,142,355,69760000,60415
3,6976,69760000,69760100,142,355,69770000,60424
3,6977,69770000,69770100,142,355,69780000,60430
3,6978,69780000,69780100,142,355,69790000,60440
3,6979,69790000,69790100,142,355,69800000,60449
3,698,6980000,6980100,142,355,6990000,6045
3,6980,69800000,69800100,142,355,69810000,60458
3,6981,69810000,69810100,142,355,69820000,60466
3,6982,69820000,69820100,142,355,69830000,60475
3,6983,69830000,69830100,142,355,69840000,60481
3,6984,69840000,69840100,142,355,69850000,60493
3,6985,69850000,69850100,142,355,69860000,60501
3,6986,69860000,69860100,142,355,69870000,60510
3,6987,69870000,69870100,142,355,69880000,60518
3,6988,69880000,69880100,142,355,69890000,60526
3,6989,69890000,69890100,142,355,69900000,60534
3,699,6990000,6990100,142,355,7000000,6053
3,6990,69900000,69900100,142,355,69910000,60546
3,6991,69910000,69910100,142,355,69920000,60552
3,6992,69920000,69920100,142,355,69930000,60561
3,6993,69930000,69930100,142,355,69940000,60571
3,6994,69940000,69940100,142,355,69950000,60578
3,6995,69950000,69950100,142,355,69960000,60585
3,6996,69960000,69960100,142,355,69970000,60599
3,6997,69970000,69970100,142,355,69980000,60605
3,6998,69980000,69980100,142,355,69990000,60612
3,6999,69990000,69990100,142,355,70000000,60620
3,7,70000,70100,142,355,80000,60
3,70,700000,700100,142,355,710000,606
3,700,7000000,7000100,142,355,7010000,6064
3,7000,70000000,70000100,142,355,70010000,60632
3,7001,70010000,70010100,142,355,70020000,60639
3,7002,70020000,70020100,142,355,70030000,60649
3,7003,70030000,70030100,142,355,70040000,60657
3,7004,70040000,70040100,142,355,70050000,60665
3,7005,70050000,70050100,142,355,70060000,60674
3,7006,70060000,70060100,142,355,70070000,60681
3,7007,70070000,70070100,142,355,70080000,60690
3,7008,70080000,70080100,142,355,70090000,60702
3,7009,70090000,70090100,142,355,70100000,60708
3,701,7010000,7010100,142,355,7020000,6070
3,7010,70100000,70100100,142,355,70110000,60718
3,7011,70110000,70110100,142,355,70120000,60726
3,7012,70120000,70120100,142,355,70130000,60735
3,7013,70130000,70130100,142,355,70140000,60741
3,7014,70140000,70140100,142,355,70150000,60753
3,7015,70150000,70150100,142,355,70160000,60760
3,7016,70160000,70160100,142,355,70170000,60769
3,7017,70170000,70170100,142,355,70180000,60779
3,7018,70180000,70180100,142,355,70190000,60787
3,7019,70190000,70190100,142,355,70200000,60793
3,702,7020000,7020100,142,355,7030000,6080
3,7020,70200000,70200100,142,355,70210000,60805
3,7021,70210000,70210100,142,355,70220000,60813
3,7022,70220000,70220100,142,355,70230000,60820
3,7023,70230000,70230100,142,355,70240000,60829
3,7024,70240000,70240100,142,355,70250000,60840
3,7025,70250000,70250100,142,355,70260000,60847
3,7026,70260000,70260100,142,355,70270000,60857
3,7027,70270000,70270100,142,355,70280000,60863
3,7028,70280000,70280100,142,355,70290000,60873
3,7029,70290000,70290100,142,355,70300000,60882
3,703,7030000,7030100,142,355,7040000,6088
3,7030,70300000,70300100,142,355,70310000,60890
3,7031,70310000,70310100,142,355,70320000,60898
3,7032,70320000,70320100,142,355,70330000,60910
3,7033,70330000,70330100,142,355,70340000,60916
3,7034,70340000,70340100,142,355,70350000,60924
3,7035,70350000,70350100,142,355,70360000,60935
3,7036,70360000,70360100,142,355,70370000,60943
3,7037,70370000,70370100,142,355,70380000,60949
3,7038,70380000,70380100,142,355,70390000,60961
3,7039,70390000,70390100,142,355,70400000,60967
3,704,7040000,7040100,142,355,7050000,6098
3,7040,70400000,70400100,142,355,70410000,60978
3,7041,70410000,70410100,142,355,70420000,60986
3,7042,70420000,70420100,142,355,70430000,60995
3,7043,70430000,70430100,142,355,70440000,61001
3,7044,70440000,70440100,142,355,70450000,61012
3,7045,70450000,70450100,142,355,70460000,61022
3,7046,70460000,70460100,142,355,70470000,61029
3,7047,70470000,70470100,142,355,70480000,61037
3,7048,70480000,70480100,142,355,70490000,61046
3,7049,70490000,70490100,142,355,70500000,61054
3,705,7050000,7050100,142,355,7060000,6107
3,7050,70500000,70500100,142,355,70510000,61065
3,7051,70510000,70510100,142,355,70520000,61072
3,7052,70520000,70520100,142,355,70530000,61082
3,7053,70530000,70530100,142,355,70540000,61090
3,7054,70540000,70540100,142,355,70550000,61097
3,7055,70550000,70550100,142,355,70560000,61104
3,7056,70560000,70560100,142,355,70570000,61119
3,7057,70570000,70570100,142,355,70580000,61125
3,7058,70580000,70580100,142,355,70590000,61132
3,7059,70590000,70590100,142,355,70600000,61142
3,706,7060000,7060100,142,355,7070000,6114
3,7060,70600000,70600100,142,355,70610000,61151
3,7061,70610000,70610100,142,355,70620000,61157
3,7062,70620000,70620100,142,355,70630000,61168
3,7063,70630000,70630100,142,355,70640000,61176
3,7064,70640000,70640100,142,355,70650000,61185
3,7065,70650000,70650100,142,355,70660000,61194
3,7066,70660000,70660100,142,355,70670000,61203
3,7067,70670000,70670100,142,355,70680000,61210
3,7068,70680000,70680100,142,355,70690000,61221
3,7069,70690000,70690100,142,355,70700000,61227
3,707,7070000,7070100,142,355,7080000,6122
3,7070,70700000,70700100,142,355,70710000,61237
3,7071,70710000,70710100,142,355,70720000,61245
3,7072,70720000,70720100,142,355,70730000,61254
3,7073,70730000,70730100,142,355,70740000,61263
3,7074,70740000,70740100,142,355,70750000,61273
3,7075,70750000,70750100,142,355,70760000,61280
3,7076,70760000,70760100,142,355,70770000,61288
3,7077,70770000,70770100,142,355,70780000,61298
3,7078,70780000,70780100,142,355,70790000,61306
3,7079,70790000,70790100,142,355,70800000,61312
3,708,7080000,7080100,142,355,7090000,6133
3,7080,70800000,70800100,142,355,70810000,61327
3,7081,70810000,70810100,142,355,70820000,61333
3,7082,70820000,70820100,142,355,70830000,61340
3,7083,70830000,70830100,142,355,70840000,61348
3,7084,70840000,70840100,142,355,70850000,61359
3,7085,70850000,70850100,142,355,70860000,61366
3,7086,70860000,70860100,142,355,70870000,61376
3,7087,70870000,70870100,142,355,70880000,61384
3,7088,70880000,70880100,142,355,70890000,61393
3,7089,70890000,70890100,142,355,70900000,61402
3,709,7090000,7090100,142,355,7100000,6140
3,7090,70900000,70900100,142,355,70910000,61410
3,7091,70910000,70910100,142,355,70920000,61418
3,7092,70920000,70920100,142,355,70930000,61429
3,7093,70930000,70930100,142,355,70940000,61435
3,7094,70940000,70940100,142,355,70950000,61444
3,7095,70950000,70950100,142,355,70960000,61454
3,7096,70960000,70960100,142,355,70970000,61463
3,7097,70970000,70970100,142,355,70980000,61469
3,7098,70980000,70980100,142,355,70990000,61481
3,7099,70990000,70990100,142,355,71000000,61487
3,71,710000,710100,142,355,720000,613
3,710,7100000,7100100,142,355,7110000,6150
3,7100,71000000,71000100,142,355,71010000,61497
3,7101,71010000,71010100,142,355,71020000,61507
3,7102,71020000,71020100,142,355,71030000,61514
3,7103,71030000,71030100,142,355,71040000,61520
3,7104,71040000,71040100,142,355,71050000,61532
3,7105,71050000,71050100,142,355,71060000,61541
3,7106,71060000,71060100,142,355,71070000,61549
3,7107,71070000,71070100,142,355,71080000,61557
3,7108,71080000,71080100,142,355,71090000,61567
3,7109,71090000,71090100,142,355,71100000,61573
3,711,7110000,7110100,142,355,7120000,6158
3,7110,71100000,71100100,142,355,71110000,61584
3,7111,71110000,71110100,142,355,71120000,61591
3,7112,71120000,71120100,142,355,71130000,61602
3,7113,71130000,71130100,142,355,71140000,61610
3,7114,71140000,71140100,142,355,71150000,61617
3,7115,71150000,71150100,142,355,71160000,61626
3,7116,71160000,71160100,142,355,71170000,61637
3,7117,71170000,71170100,142,355,71180000,61644
3,7118,71180000,71180100,142,355,71190000,61651
3,7119,71190000,71190100,142,355,71200000,61661
3,712,7120000,7120100,142,355,7130000,6167
3,7120,71200000,71200100,142,355,71210000,61671
3,7121,71210000,71210100,142,355,71220000,61677
3,7122,71220000,71220100,142,355,71230000,61690
3,7123,71230000,71230100,142,355,71240000,61696
3,7124,71240000,71240100,142,355,71250000,61704
3,7125,71250000,71250100,142,355,71260000,61713
3,7126,71260000,71260100,142,355,71270000,61722
3,7127,71270000,71270100,142,355,71280000,61728
3,7128,71280000,71280100,142,355,71290000,61741
3,7129,71290000,71290100,142,355,71300000,61749
3,713,7130000,7130100,142,355,7140000,6173
3,7130,71300000,71300100,142,355,71310000,61757
3,7131,71310000,71310100,142,355,71320000,61765
3,7132,71320000,71320100,142,355,71330000,61773
3,7133,71330000,71330100,142,355,71340000,61782
3,7134,71340000,71340100,142,355,71350000,61792
3,7135,71350000,71350100,142,355,71360000,61799
3,7136,71360000,71360100,142,355,71370000,61810
3,7137,71370000,71370100,142,355,71380000,61818
3,7138,71380000,71380100,142,355,71390000,61825
3,7139,71390000,71390100,142,355,71400000,61832
3,714,7140000,7140100,142,355,7150000,6185
3,7140,71400000,71400100,142,355,71410000,61846
3,7141,71410000,71410100,142,355,71420000,61852
3,7142,71420000,71420100,142,355,71430000,61859
3,7143,71430000,71430100,142,355,71440000,61869
3,7144,71440000,71440100,142,355,71450000,61879
3,7145,71450000,71450100,142,355,71460000,61886
3,7146,71460000,71460100,142,355,71470000,61896
3,7147,71470000,71470100,142,355,71480000,61904
3,7148,71480000,71480100,142,355,71490000,61912
3,7149,71490000,71490100,142,355,71500000,61920
3,715,7150000,7150100,142,355,7160000,6193
3,7150,71500000,71500100,142,355,71510000,61931
3,7151,71510000,71510100,142,355,71520000,61937
3,7152,71520000,71520100,142,355,71530000,61949
3,7153,71530000,71530100,142,355,71540000,61955
3,7154,71540000,71540100,142,355,71550000,61964
3,7155,71550000,71550100,142,355,71560000,61974
3,7156,71560000,71560100,142,355,71570000,61982
3,7157,71570000,71570100,142,355,71580000,61990
3,7158,71580000,71580100,142,355,71590000,62000
3,7159,71590000,71590100,142,355,71600000,62006
3,716,7160000,7160100,142,355,7170000,6201
3,7160,71600000,71600100,142,355,71610000,62016
3,7161,71610000,71610100,142,355,71620000,62027
3,7162,71620000,71620100,142,355,71630000,62034
3,7163,71630000,71630100,142,355,71640000,62040
3,7164,71640000,71640100,142,355,71650000,62053
3,7165,71650000,71650100,142,355,71660000,62060
3,7166,71660000,71660100,142,355,71670000,62068
3,7167,71670000,71670100,142,355,71680000,62076
3,7168,71680000,71680100,142,355,71690000,62087
3,7169,71690000,71690100,142,355,71700000,62093
3,717,7170000,7170100,142,355,7180000,6211
3,7170,71700000,71700100,142,355,71710000,62104
3,7171,71710000,71710100,142,355,71720000,62112
3,7172,71720000,71720100,142,355,71730000,62121
3,7173,71730000,71730100,142,355,71740000,62129
3,7174,71740000,71740100,142,355,71750000,62136
3,7175,71750000,71750100,142,355,71760000,62145
3,7176,71760000,71760100,142,355,71770000,62157
3,7177,71770000,71770100,142,355,71780000,62164
3,7178,71780000,71780100,142,355,71790000,62173
3,7179,71790000,71790100,142,355,71800000,62181
3,718,7180000,7180100,142,355,7190000,6218
3,7180,71800000,71800100,142,355,71810000,62190
3,7181,71810000,71810100,142,355,71820000,62196
3,7182,71820000,71820100,142,355,71830000,62208
3,7183,71830000,71830100,142,355,71840000,62215
3,7184,71840000,71840100,142,355,71850000,62224
3,7185,71850000,71850100,142,355,71860000,62235
3,7186,71860000,71860100,142,355,71870000,62242
3,7187,71870000,71870100,142,355,71880000,62248
3,7188,71880000,71880100,142,355,71890000,62260
3,7189,71890000,71890100,142,355,71900000,62268
3,719,7190000,7190100,142,355,7200000,6224
3,7190,71900000,71900100,142,355,71910000,62276
3,7191,71910000,71910100,142,355,71920000,62284
3,7192,71920000,71920100,142,355,71930000,62295
3,7193,71930000,71930100,142,355,71940000,62301
3,7194,71940000,71940100,142,355,71950000,62312
3,7195,71950000,71950100,142,355,71960000,62319
3,7196,71960000,71960100,142,355,71970000,62329
3,7197,71970000,71970100,142,355,71980000,62337
3,7198,71980000,71980100,142,355,71990000,62344
3,7199,71990000,71990100,142,355,72000000,62353
3,72,720000,720100,142,355,730000,625
3,720,7200000,7200100,142,355,7210000,6238
3,7200,72000000,72000100,142,355,72010000,62366
3,7201,72010000,72010100,142,355,72020000,62372
3,7202,72020000,72020100,142,355,72030000,62379
3,7203,72030000,72030100,142,355,72040000,62389
3,7204,72040000,72040100,142,355,72050000,62397
3,7205,72050000,72050100,142,355,72060000,62405
3,7206,72060000,72060100,142,355,72070000,62417
3,7207,72070000,72070100,142,355,72080000,62423
3,7208,72080000,72080100,142,355,72090000,62432
3,7209,72090000,72090100,142,355,72100000,62440
3,721,7210000,7210100,142,355,7220000,6246
3,7210,72100000,72100100,142,355,72110000,62451
3,7211,72110000,72110100,142,355,72120000,62457
3,7212,72120000,72120100,142,355,72130000,62468
3,7213,72130000,72130100,142,355,72140000,62476
3,7214,72140000,72140100,142,355,72150000,62483
3,7215,72150000,72150100,142,355,72160000,62492
3,7216,72160000,72160100,142,355,72170000,62502
3,7217,72170000,72170100,142,355,72180000,62510
3,7218,72180000,72180100,142,355,72190000,62520
3,7219,72190000,72190100,142,355,72200000,62526
3,722,7220000,7220100,142,355,7230000,6253
3,7220,72200000,72200100,142,355,72210000,62537
3,7221,72210000,72210100,142,355,72220000,62546
3,7222,72220000,72220100,142,355,72230000,62553
3,7223,72230000,72230100,142,355,72240000,62559
3,7224,72240000,72240100,142,355,72250000,62573
3,7225,72250000,72250100,142,355,72260000,62580
3,7226,72260000,72260100,142,355,72270000,62587
3,7227,72270000,72270100,142,355,72280000,62598
3,7228,72280000,72280100,142,355,72290000,62606
3,7229,72290000,72290100,142,355,72300000,62612
3,723,7230000,7230100,142,355,7240000,6261
3,7230,72300000,72300100,142,355,72310000,62623
3,7231,72310000,72310100,142,355,72320000,62631
3,7232,72320000,72320100,142,355,72330000,62641
3,7233,72330000,72330100,142,355,72340000,62649
3,7234,72340000,72340100,142,355,72350000,62658
3,7235,72350000,72350100,142,355,72360000,62665
3,7236,72360000,72360100,142,355,72370000,62676
3,7237,72370000,72370100,142,355,72380000,62682
3,7238,72380000,72380100,142,355,72390000,62692
3,7239,72390000,72390100,142,355,72400000,62700
3,724,7240000,7240100,142,355,7250000,6271
3,7240,72400000,72400100,142,355,72410000,62710
3,7241,72410000,72410100,142,355,72420000,62718
3,7242,72420000,72420100,142,355,72430000,62728
3,7243,72430000,72430100,142,355,72440000,62735
3,7244,72440000,72440100,142,355,72450000,62743
3,7245,72450000,72450100,142,355,72460000,62754
3,7246,72460000,72460100,142,355,72470000,62761
3,7247,72470000,72470100,142,355,72480000,62767
3,7248,72480000,72480100,142,355,72490000,62781
3,7249,72490000,72490100,142,355,72500000,62788
3,725,7250000,7250100,142,355,7260000,6278
3,7250,72500000,72500100,142,355,72510000,62796
3,7251,72510000,72510100,142,355,72520000,62804
3,7252,72520000,72520100,142,355,72530000,62814
3,7253,72530000,72530100,142,355,72540000,62820
3,7254,72540000,72540100,142,355,72550000,62831
3,7255,72550000,72550100,142,355,72560000,62840
3,7256,72560000,72560100,142,355,72570000,62849
3,7257,72570000,72570100,142,355,72580000,62857
3,7258,72580000,72580100,142,355,72590000,62864
3,7259,72590000,72590100,142,355,72600000,62872
3,726,7260000,7260100,142,355,7270000,6289
3,7260,72600000,72600100,142,355,72610000,62885
3,7261,72610000,72610100,142,355,72620000,62891
3,7262,72620000,72620100,142,355,72630000,62900
3,7263,72630000,72630100,142,355,72640000,62908
3,7264,72640000,72640100,142,355,72650000,62917
3,7265,72650000,72650100,142,355,72660000,62925
3,7266,72660000,72660100,142,355,72670000,62937
3,7267,72670000,72670100,142,355,72680000,62943
3,7268,72680000,72680100,142,355,72690000,62951
3,7269,72690000,72690100,142,355,72700000,62961
3,727,7270000,7270100,142,355,7280000,6295
3,7270,72700000,72700100,142,355,72710000,62969
3,7271,72710000,72710100,142,355,72720000,62976
3,7272,72720000,72720100,142,355,72730000,62988
3,7273,72730000,72730100,142,355,72740000,62996
3,7274,72740000,72740100,142,355,72750000,63003
3,7275,72750000,72750100,142,355,72760000,63012
3,7276,72760000,72760100,142,355,72770000,63023
3,7277,72770000,72770100,142,355,72780000,63029
3,7278,72780000,72780100,142,355,72790000,63039
3,7279,72790000,72790100,142,355,72800000,63045
3,728,7280000,7280100,142,355,7290000,6306
3,7280,72800000,72800100,142,355,72810000,63057
3,7281,72810000,72810100,142,355,72820000,63065
3,7282,72820000,72820100,142,355,72830000,63073
3,7283,72830000,72830100,142,355,72840000,63081
3,7284,72840000,72840100,142,355,72850000,63092
3,7285,72850000,72850100,142,355,72860000,63099
3,7286,72860000,72860100,142,355,72870000,63106
3,7287,72870000,72870100,142,355,72880000,63117
3,7288,72880000,72880100,142,355,72890000,63126
3,7289,72890000,72890100,142,355,72900000,63132
3,729,7290000,7290100,142,355,7300000,6314
3,7290,72900000,72900100,142,355,72910000,63145
3,7291,72910000,72910100,142,355,72920000,63151
3,7292,72920000,72920100,142,355,72930000,63159
3,7293,72930000,72930100,142,355,72940000,63168
3,7294,72940000,72940100,142,355,72950000,63177
3,7295,72950000,72950100,142,355,72960000,63184
3,7296,72960000,72960100,142,355,72970000,63196
3,7297,72970000,72970100,142,355,72980000,63204
3,7298,72980000,72980100,142,355,72990000,63212
3,7299,72990000,72990100,142,355,73000000,63220
3,73,730000,730100,142,355,740000,633
3,730,7300000,7300100,142,355,7310000,6322
3,7300,73000000,73000100,142,355,73010000,63229
3,7301,73010000,73010100,142,355,73020000,63237
3,7302,73020000,73020100,142,355,73030000,63247
3,7303,73030000,73030100,142,355,73040000,63253
3,7304,73040000,73040100,142,355,73050000,63265
3,7305,73050000,73050100,142,355,73060000,63274
3,7306,73060000,73060100,142,355,73070000,63281
3,7307,73070000,73070100,142,355,73080000,63287
3,7308,73080000,73080100,142,355,73090000,63300
3,7309,73090000,73090100,142,355,73100000,63307
3,731,7310000,7310100,142,355,7320000,6331
3,7310,73100000,73100100,142,355,73110000,63315
3,7311,73110000,73110100,142,355,73120000,63325
3,7312,73120000,73120100,142,355,73130000,63334
3,7313,73130000,73130100,142,355,73140000,63340
3,7314,73140000,73140100,142,355,73150000,63350
3,7315,73150000,73150100,142,355,73160000,63360
3,7316,73160000,73160100,142,355,73170000,63368
3,7317,73170000,73170100,142,355,73180000,63376
3,7318,73180000,73180100,142,355,73190000,63385
3,7319,73190000,73190100,142,355,73200000,63391
3,732,7320000,7320100,142,355,7330000,6342
3,7320,73200000,73200100,142,355,73210000,63405
3,7321,73210000,73210100,142,355,73220000,63411
3,7322,73220000,73220100,142,355,73230000,63420
3,7323,73230000,73230100,142,355,73240000,63428
3,7324,73240000,73240100,142,355,73250000,63436
3,7325,73250000,73250100,142,355,73260000,63445
3,7326,73260000,73260100,142,355,73270000,63456
3,7327,73270000,73270100,142,355,73280000,63462
3,7328,73280000,73280100,142,355,73290000,63471
3,7329,73290000,73290100,142,355,73300000,63481
3,733,7330000,7330100,142,355,7340000,6348
3,7330,73300000,73300100,142,355,73310000,63489
3,7331,73310000,73310100,142,355,73320000,63496
3,7332,73320000,73320100,142,355,73330000,63509
3,7333,73330000,73330100,142,355,73340000,63515
3,7334,73340000,73340100,142,355,73350000,63522
3,7335,73350000,73350100,142,355,73360000,63531
3,7336,73360000,73360100,142,355,73370000,63542
3,7337,73370000,73370100,142,355,73380000,63549
3,7338,73380000,73380100,142,355,73390000,63559
3,7339,73390000,73390100,142,355,73400000,63567
3,734,7340000,7340100,142,355,7350000,6355
3,7340,73400000,73400100,142,355,73410000,63576
3,7341,73410000,73410100,142,355,73420000,63584
3,7342,73420000,73420100,142,355,73430000,63592
3,7343,73430000,73430100,142,355,73440000,63600
3,7344,73440000,73440100,142,355,73450000,63612
3,7345,73450000,73450100,142,355,73460000,63619
3,7346,73460000,73460100,142,355,73470000,63628
3,7347,73470000,73470100,142,355,73480000,63636
3,7348,73480000,73480100,142,355,73490000,63645
3,7349,73490000,73490100,142,355,73500000,63651
3,735,7350000,7350100,142,355,7360000,6366
3,7350,73500000,73500100,142,355,73510000,63664
3,7351,73510000,73510100,142,355,73520000,63670
3,7352,73520000,73520100,142,355,73530000,63679
3,7353,73530000,73530100,142,355,73540000,63690
3,7354,73540000,73540100,142,355,73550000,63697
3,7355,73550000,73550100,142,355,73560000,63704
3,7356,73560000,73560100,142,355,73570000,63715
3,7357,73570000,73570100,142,355,73580000,63723
3,7358,73580000,73580100,142,355,73590000,63730
3,7359,73590000,73590100,142,355,73600000,63739
3,736,7360000,7360100,142,355,7370000,6375
3,7360,73600000,73600100,142,355,73610000,63751
3,7361,73610000,73610100,142,355,73620000,63757
3,7362,73620000,73620100,142,355,73630000,63767
3,7363,73630000,73630100,142,355,73640000,63773
3,7364,73640000,73640100,142,355,73650000,63784
3,7365,73650000,73650100,142,355,73660000,63793
3,7366,73660000,73660100,142,355,73670000,63800
3,7367,73670000,73670100,142,355,73680000,63808
3,7368,73680000,73680100,142,355,73690000,63820
3,7369,73690000,73690100,142,355,73700000,63826
3,737,7370000,7370100,142,355,7380000,6382
3,7370,73700000,73700100,142,355,73710000,63835
3,7371,73710000,73710100,142,355,73720000,63845
3,7372,73720000,73720100,142,355,73730000,63853
3,7373,73730000,73730100,142,355,73740000,63859
3,7374,73740000,73740100,142,355,73750000,63871
3,7375,73750000,73750100,142,355,73760000,63879
3,7376,73760000,73760100,142,355,73770000,63888
3,7377,73770000,73770100,142,355,73780000,63896
3,7378,73780000,73780100,142,355,73790000,63905
3,7379,73790000,73790100,142,355,73800000,63911
3,738,7380000,7380100,142,355,7390000,6394
3,7380,73800000,73800100,142,355,73810000,63923
3,7381,73810000,73810100,142,355,73820000,63932
3,7382,73820000,73820100,142,355,73830000,63939
3,7383,73830000,73830100,142,355,73840000,63947
3,7384,73840000,73840100,142,355,73850000,63956
3,7385,73850000,73850100,142,355,73860000,63965
3,7386,73860000,73860100,142,355,73870000,63976
3,7387,73870000,73870100,142,355,73880000,63982
3,7388,73880000,73880100,142,355,73890000,63992
3,7389,73890000,73890100,142,355,73900000,64000
3,739,7390000,7390100,142,355,7400000,6400
3,7390,73900000,73900100,142,355,73910000,64008
3,7391,73910000,73910100,142,355,73920000,64014
3,7392,73920000,73920100,142,355,73930000,64029
3,7393,73930000,73930100,142,355,73940000,64035
3,7394,73940000,73940100,142,355,73950000,64042
3,7395,73950000,73950100,142,355,73960000,64053
3,7396,73960000,73960100,142,355,73970000,64061
3,7397,73970000,73970100,142,355,73980000,64068
3,7398,73980000,73980100,142,355,73990000,64078
3,7399,73990000,73990100,142,355,74000000,64086
3,74,740000,740100,142,355,750000,640
3,740,7400000,7400100,142,355,7410000,6409
3,7400,74000000,74000100,142,355,74010000,64096
3,7401,74010000,74010100,142,355,74020000,64104
3,7402,74020000,74020100,142,355,74030000,64113
3,7403,74030000,74030100,142,355,74040000,64120
3,7404,74040000,74040100,142,355,74050000,64131
3,7405,74050000,74050100,142,355,74060000,64138
3,7406,74060000,74060100,142,355,74070000,64147
3,7407,74070000,74070100,142,355,74080000,64155
3,7408,74080000,74080100,142,355,74090000,64165
3,7409,74090000,74090100,142,355,74100000,64173
3,741,7410000,7410100,142,355,7420000,6417
3,7410,74100000,74100100,142,355,74110000,64184
3,7411,74110000,74110100,142,355,74120000,64190
3,7412,74120000,74120100,142,355,74130000,64198
3,7413,74130000,74130100,142,355,74140000,64208
3,7414,74140000,74140100,142,355,74150000,64216
3,7415,74150000,74150100,142,355,74160000,64223
3,7416,74160000,74160100,142,355,74170000,64237
3,7417,74170000,74170100,142,355,74180000,64243
3,7418,74180000,74180100,142,355,74190000,64250
3,7419,74190000,74190100,142,355,74200000,64259
3,742,7420000,7420100,142,355,7430000,6427
3,7420,74200000,74200100,142,355,74210000,64270
3,7421,74210000,74210100,142,355,74220000,64276
3,7422,74220000,74220100,142,355,74230000,64286
3,7423,74230000,74230100,142,355,74240000,64294
3,7424,74240000,74240100,142,355,74250000,64303
3,7425,74250000,74250100,142,355,74260000,64313
3,7426,74260000,74260100,142,355,74270000,64320
3,7427,74270000,74270100,142,355,74280000,64328
3,7428,74280000,74280100,142,355,74290000,64339
3,7429,74290000,74290100,142,355,74300000,64345
3,743,7430000,7430100,142,355,7440000,6433
3,7430,74300000,74300100,142,355,74310000,64356
3,7431,74310000,74310100,142,355,74320000,64364
3,7432,74320000,74320100,142,355,74330000,64373
3,7433,74330000,74330100,142,355,74340000,64379
3,7434,74340000,74340100,142,355,74350000,64391
3,7435,74350000,74350100,142,355,74360000,64398
3,7436,74360000,74360100,142,355,74370000,64407
3,7437,74370000,74370100,142,355,74380000,64417
3,7438,74380000,74380100,142,355,74390000,64424
3,7439,74390000,74390100,142,355,74400000,64430
3,744,7440000,7440100,142,355,7450000,6445
3,7440,74400000,74400100,142,355,74410000,64443
3,7441,74410000,74410100,142,355,74420000,64452
3,7442,74420000,74420100,142,355,74430000,64459
3,7443,74430000,74430100,142,355,74440000,64467
3,7444,74440000,74440100,142,355,74450000,64477
3,7445,74450000,74450100,142,355,74460000,64484
3,7446,74460000,74460100,142,355,74470000,64494
3,7447,74470000,74470100,142,355,74480000,64501
3,7448,74480000,74480100,142,355,74490000,64512
3,7449,74490000,74490100,142,355,74500000,64520
3,745,7450000,7450100,142,355,7460000,6454
3,7450,74500000,74500100,142,355,74510000,64528
3,7451,74510000,74510100,142,355,74520000,64536
3,7452,74520000,74520100,142,355,74530000,64548
3,7453,74530000,74530100,142,355,74540000,64554
3,7454,74540000,74540100,142,355,74550000,64561
3,7455,74550000,74550100,142,355,74560000,64572
3,7456,74560000,74560100,142,355,74570000,64581
3,7457,74570000,74570100,142,355,74580000,64587
3,7458,74580000,74580100,142,355,74590000,64600
3,7459,74590000,74590100,142,355,74600000,64606
3,746,7460000,7460100,142,355,7470000,6461
3,7460,74600000,74600100,142,355,74610000,64615
3,7461,74610000,74610100,142,355,74620000,64623
3,7462,74620000,74620100,142,355,74630000,64632
3,7463,74630000,74630100,142,355,74640000,64639
3,7464,74640000,74640100,142,355,74650000,64651
3,7465,74650000,74650100,142,355,74660000,64660
3,7466,74660000,74660100,142,355,74670000,64667
3,7467,74670000,74670100,142,355,74680000,64675
3,7468,74680000,74680100,142,355,74690000,64683
3,7469,74690000,74690100,142,355,74700000,64692
3,747,7470000,7470100,142,355,7480000,6469
3,7470,74700000,74700100,142,355,74710000,64703
3,7471,74710000,74710100,142,355,74720000,64709
3,7472,74720000,74720100,142,355,74730000,64720
3,7473,74730000,74730100,142,355,74740000,64728
3,7474,74740000,74740100,142,355,74750000,64736
3,7475,74750000,74750100,142,355,74760000,64743
3,7476,74760000,74760100,142,355,74770000,64756
3,7477,74770000,74770100,142,355,74780000,64762
3,7478,74780000,74780100,142,355,74790000,64769
3,7479,74790000,74790100,142,355,74800000,64779
3,748,7480000,7480100,142,355,7490000,6478
3,7480,74800000,74800100,142,355,74810000,64790
3,7481,74810000,74810100,142,355,74820000,64796
3,7482,74820000,74820100,142,355,74830000,64806
3,7483,74830000,74830100,142,355,74840000,64814
3,7484,74840000,74840100,142,355,74850000,64822
3,7485,74850000,74850100,142,355,74860000,64832
3,7486,74860000,74860100,142,355,74870000,64841
3,7487,74870000,74870100,142,355,74880000,64847
3,7488,74880000,74880100,142,355,74890000,64859
3,7489,74890000,74890100,142,355,74900000,64865
3,749,7490000,7490100,142,355,7500000,6486
3,7490,74900000,74900100,142,355,74910000,64875
3,7491,74910000,74910100,142,355,74920000,64884
3,7492,74920000,74920100,142,355,74930000,64892
3,7493,74930000,74930100,142,355,74940000,64900
3,7494,74940000,74940100,142,355,74950000,64910
3,7495,74950000,74950100,142,355,74960000,64917
3,7496,74960000,74960100,142,355,74970000,64927
3,7497,74970000,74970100,142,355,74980000,64937
3,7498,74980000,74980100,142,355,74990000,64944
3,7499,74990000,74990100,142,355,75000000,64950
3,75,750000,750100,142,355,760000,649
3,750,7500000,7500100,142,355,7510000,6497
3,7500,75000000,75000100,142,355,75010000,64964
3,7501,75010000,75010100,142,355,75020000,64970
3,7502,75020000,75020100,142,355,75030000,64978
3,7503,75030000,75030100,142,355,75040000,64986
3,7504,75040000,75040100,142,355,75050000,64997
3,7505,75050000,75050100,142,355,75060000,65004
3,7506,75060000,75060100,142,355,75070000,65014
3,7507,75070000,75070100,142,355,75080000,65023
3,7508,75080000,75080100,142,355,75090000,65031
3,7509,75090000,75090100,142,355,75100000,65039
3,751,7510000,7510100,142,355,7520000,6503
3,7510,75100000,75100100,142,355,75110000,65047
3,7511,75110000,75110100,142,355,75120000,65055
3,7512,75120000,75120100,142,355,75130000,65067
3,7513,75130000,75130100,142,355,75140000,65074
3,7514,75140000,75140100,142,355,75150000,65083
3,7515,75150000,75150100,142,355,75160000,65092
3,7516,75160000,75160100,142,355,75170000,65100
3,7517,75170000,75170100,142,355,75180000,65106
3,7518,75180000,75180100,142,355,75190000,65119
3,7519,75190000,75190100,142,355,75200000,65125
3,752,7520000,7520100,142,355,7530000,6514
3,7520,75200000,75200100,142,355,75210000,65135
3,7521,75210000,75210100,142,355,75220000,65145
3,7522,75220000,75220100,142,355,75230000,65152
3,7523,75230000,75230100,142,355,75240000,65158
3,7524,75240000,75240100,142,355,75250000,65170
3,7525,75250000,75250100,142,355,75260000,65179
3,7526,75260000,75260100,142,355,75270000,65186
3,7527,75270000,75270100,142,355,75280000,65194
3,7528,75280000,75280100,142,355,75290000,65205
3,7529,75290000,75290100,142,355,75300000,65212
3,753,7530000,7530100,142,355,7540000,6523
3,7530,75300000,75300100,142,355,75310000,65223
3,7531,75310000,75310100,142,355,75320000,65229
3,7532,75320000,75320100,142,355,75330000,65239
3,7533,75330000,75330100,142,355,75340000,65247
3,7534,75340000,75340100,142,355,75350000,65254
3,7535,75350000,75350100,142,355,75360000,65264
3,7536,75360000,75360100,142,355,75370000,65276
3,7537,75370000,75370100,142,355,75380000,65282
3,7538,75380000,75380100,142,355,75390000,65289
3,7539,75390000,75390100,142,355,75400000,65299
3,754,7540000,7540100,142,355,7550000,6530
3,7540,75400000,75400100,142,355,75410000,65309
3,7541,75410000,75410100,142,355,75420000,65315
3,7542,75420000,75420100,142,355,75430000,65327
3,7543,75430000,75430100,142,355,75440000,65333
3,7544,75440000,75440100,142,355,75450000,65342
3,7545,75450000,75450100,142,355,75460000,65351
3,7546,75460000,75460100,142,355,75470000,65361
3,7547,75470000,75470100,142,355,75480000,65367
3,7548,75480000,75480100,142,355,75490000,65378
3,7549,75490000,75490100,142,355,75500000,65386
3,755,7550000,7550100,142,355,7560000,6537
3,7550,75500000,75500100,142,355,75510000,65394
3,7551,75510000,75510100,142,355,75520000,65403
3,7552,75520000,75520100,142,355,75530000,65412
3,7553,75530000,75530100,142,355,75540000,65420
3,7554,75540000,75540100,142,355,75550000,65430
3,7555,75550000,75550100,142,355,75560000,65437
3,7556,75560000,75560100,142,355,75570000,65447
3,7557,75570000,75570100,142,355,75580000,65456
3,7558,75580000,75580100,142,355,75590000,65463
3,7559,75590000,75590100,142,355,75600000,65469
3,756,7560000,7560100,142,355,7570000,6550
3,7560,75600000,75600100,142,355,75610000,65484
3,7561,75610000,75610100,142,355,75620000,65490
3,7562,75620000,75620100,142,355,75630000,65498
3,7563,75630000,75630100,142,355,75640000,65508
3,7564,75640000,75640100,142,355,75650000,65516
3,7565,75650000,75650100,142,355,75660000,65523
3,7566,75660000,75660100,142,355,75670000,65533
3,7567,75670000,75670100,142,355,75680000,65541
3,7568,75680000,75680100,142,355,75690000,65551
3,7569,75690000,75690100,142,355,75700000,65559
3,757,7570000,7570100,142,355,7580000,6556
3,7570,75700000,75700100,142,355,75710000,65569
3,7571,75710000,75710100,142,355,75720000,65575
3,7572,75720000,75720100,142,355,75730000,65586
3,7573,75730000,75730100,142,355,75740000,65593
3,7574,75740000,75740100,142,355,75750000,65602
3,7575,75750000,75750100,142,355,75760000,65611
3,7576,75760000,75760100,142,355,75770000,65620
3,7577,75770000,75770100,142,355,75780000,65628
3,7578,75780000,75780100,142,355,75790000,65638
3,7579,75790000,75790100,142,355,75800000,65645
3,758,7580000,7580100,142,355,7590000,6563
3,7580,75800000,75800100,142,355,75810000,65654
3,7581,75810000,75810100,142,355,75820000,65664
3,7582,75820000,75820100,142,355,75830000,65671
3,7583,75830000,75830100,142,355,75840000,65677
3,7584,75840000,75840100,142,355,75850000,65692
3,7585,75850000,75850100,142,355,75860000,65699
3,7586,75860000,75860100,142,355,75870000,65706
3,7587,75870000,75870100,142,355,75880000,65714
3,7588,75880000,75880100,142,355,75890000,65724
3,7589,75890000,75890100,142,355,75900000,65730
3,759,7590000,7590100,142,355,7600000,6574
3,7590,75900000,75900100,142,355,75910000,65742
3,7591,75910000,75910100,142,355,75920000,65750
3,7592,75920000,75920100,142,355,75930000,65759
3,7593,75930000,75930100,142,355,75940000,65767
3,7594,75940000,75940100,142,355,75950000,65774
3,7595,75950000,75950100,142,355,75960000,65784
3,7596,75960000,75960100,142,355,75970000,65795
3,7597,75970000,75970100,142,355,75980000,65801
3,7598,75980000,75980100,142,355,75990000,65810
3,7599,75990000,75990100,142,355,76000000,65818
3,76,760000,760100,142,355,770000,657
3,760,7600000,7600100,142,355,7610000,6584
3,7600,76000000,76000100,142,355,76010000,65828
3,7601,76010000,76010100,142,355,76020000,65835
3,7602,76020000,76020100,142,355,76030000,65847
3,7603,76030000,76030100,142,355,76040000,65853
3,7604,76040000,76040100,142,355,76050000,65861
3,7605,76050000,76050100,142,355,76060000,65872
3,7606,76060000,76060100,142,355,76070000,65880
3,7607,76070000,76070100,142,355,76080000,65886
3,7608,76080000,76080100,142,355,76090000,65898
3,7609,76090000,76090100,142,355,76100000,65906
3,761,7610000,7610100,142,355,7620000,6590
3,7610,76100000,76100100,142,355,76110000,65914
3,7611,76110000,76110100,142,355,76120000,65922
3,7612,76120000,76120100,142,355,76130000,65933
3,7613,76130000,76130100,142,355,76140000,65939
3,7614,76140000,76140100,142,355,76150000,65949
3,7615,76150000,76150100,142,355,76160000,65956
3,7616,76160000,76160100,142,355,76170000,65967
3,7617,76170000,76170100,142,355,76180000,65976
3,7618,76180000,76180100,142,355,76190000,65983
3,7619,76190000,76190100,142,355,76200000,65991
3,762,7620000,7620100,142,355,7630000,6600
3,7620,76200000,76200100,142,355,76210000,66003
3,7621,76210000,76210100,142,355,76220000,66009
3,7622,76220000,76220100,142,355,76230000,66016
3,7623,76230000,76230100,142,355,76240000,66027
3,7624,76240000,76240100,142,355,76250000,66036
3,7625,76250000,76250100,142,355,76260000,66043
3,7626,76260000,76260100,142,355,76270000,66055
3,7627,76270000,76270100,142,355,76280000,66061
3,7628,76280000,76280100,142,355,76290000,66070
3,7629,76290000,76290100,142,355,76300000,66078
3,763,7630000,7630100,142,355,7640000,6608
3,7630,76300000,76300100,142,355,76310000,66088
3,7631,76310000,76310100,142,355,76320000,66094
3,7632,76320000,76320100,142,355,76330000,66106
3,7633,76330000,76330100,142,355,76340000,66114
3,7634,76340000,76340100,142,355,76350000,66122
3,7635,76350000,76350100,142,355,76360000,66131
3,7636,76360000,76360100,142,355,76370000,66139
3,7637,76370000,76370100,142,355,76380000,66147
3,7638,76380000,76380100,142,355,76390000,66157
3,7639,76390000,76390100,142,355,76400000,66164
3,764,7640000,7640100,142,355,7650000,6617
3,7640,76400000,76400100,142,355,76410000,66176
3,7641,76410000,76410100,142,355,76420000,66184
3,7642,76420000,76420100,142,355,76430000,66191
3,7643,76430000,76430100,142,355,76440000,66197
3,7644,76440000,76440100,142,355,76450000,66210
3,7645,76450000,76450100,142,355,76460000,66218
3,7646,76460000,76460100,142,355,76470000,66225
3,7647,76470000,76470100,142,355,76480000,66235
3,7648,76480000,76480100,142,355,76490000,66244
3,7649,76490000,76490100,142,355,76500000,66250
3,765,7650000,7650100,142,355,7660000,6626
3,7650,76500000,76500100,142,355,76510000,66262
3,7651,76510000,76510100,142,355,76520000,66270
3,7652,76520000,76520100,142,355,76530000,66278
3,7653,76530000,76530100,142,355,76540000,66286
3,7654,76540000,76540100,142,355,76550000,66295
3,7655,76550000,76550100,142,355,76560000,66302
3,7656,76560000,76560100,142,355,76570000,66315
3,7657,76570000,76570100,142,355,76580000,66321
3,7658,76580000,76580100,142,355,76590000,66330
3,7659,76590000,76590100,142,355,76600000,66338
3,766,7660000,7660100,142,355,7670000,6635
3,7660,76600000,76600100,142,355,76610000,66347
3,7661,76610000,76610100,142,355,76620000,66356
3,7662,76620000,76620100,142,355,76630000,66366
3,7663,76630000,76630100,142,355,76640000,66372
3,7664,76640000,76640100,142,355,76650000,66381
3,7665,76650000,76650100,142,355,76660000,66392
3,7666,76660000,76660100,142,355,76670000,66399
3,7667,76670000,76670100,142,355,76680000,66406
3,7668,76680000,76680100,142,355,76690000,66419
3,7669,76690000,76690100,142,355,76700000,66425
3,767,7670000,7670100,142,355,7680000,6641
3,7670,76700000,76700100,142,355,76710000,66433
3,7671,76710000,76710100,142,355,76720000,66441
3,7672,76720000,76720100,142,355,76730000,66453
3,7673,76730000,76730100,142,355,76740000,66459
3,7674,76740000,76740100,142,355,76750000,66469
3,7675,76750000,76750100,142,355,76760000,66478
3,7676,76760000,76760100,142,355,76770000,66486
3,7677,76770000,76770100,142,355,76780000,66494
3,7678,76780000,76780100,142,355,76790000,66502
3,7679,76790000,76790100,142,355,76800000,66510
3,768,7680000,7680100,142,355,7690000,6653
3,7680,76800000,76800100,142,355,76810000,66523
3,7681,76810000,76810100,142,355,76820000,66529
3,7682,76820000,76820100,142,355,76830000,66538
3,7683,76830000,76830100,142,355,76840000,66547
3,7684,76840000,76840100,142,355,76850000,66555
3,7685,76850000,76850100,142,355,76860000,66562
3,7686,76860000,76860100,142,355,76870000,66574
3,7687,76870000,76870100,142,355,76880000,66580
3,7688,76880000,76880100,142,355,76890000,66589
3,7689,76890000,76890100,142,355,76900000,66600
3,769,7690000,7690100,142,355,7700000,6659
3,7690,76900000,76900100,142,355,76910000,66608
3,7691,76910000,76910100,142,355,76920000,66614
3,7692,76920000,76920100,142,355,76930000,66625
3,7693,76930000,76930100,142,355,76940000,66633
3,7694,76940000,76940100,142,355,76950000,66641
3,7695,76950000,76950100,142,355,76960000,66650
3,7696,76960000,76960100,142,355,76970000,66661
3,7697,76970000,76970100,142,355,76980000,66667
3,7698,76980000,76980100,142,355,76990000,66677
3,7699,76990000,76990100,142,355,77000000,66683
3,77,770000,770100,142,355,780000,666
3,770,7700000,7700100,142,355,7710000,6670
3,7700,77000000,77000100,142,355,77010000,66695
3,7701,77010000,77010100,142,355,77020000,66703
3,7702,77020000,77020100,142,355,77030000,66710
3,7703,77030000,77030100,142,355,77040000,66718
3,7704,77040000,77040100,142,355,77050000,66730
3,7705,77050000,77050100,142,355,77060000,66738
3,7706,77060000,77060100,142,355,77070000,66745
3,7707,77070000,77070100,142,355,77080000,66755
3,7708,77080000,77080100,142,355,77090000,66763
3,7709,77090000,77090100,142,355,77100000,66769
3,771,7710000,7710100,142,355,7720000,6678
3,7710,77100000,77100100,142,355,77110000,66782
3,7711,77110000,77110100,142,355,77120000,66789
3,7712,77120000,77120100,142,355,77130000,66798
3,7713,77130000,77130100,142,355,77140000,66806
3,7714,77140000,77140100,142,355,77150000,66815
3,7715,77150000,77150100,142,355,77160000,66822
3,7716,77160000,77160100,142,355,77170000,66834
3,7717,77170000,77170100,142,355,77180000,66842
3,7718,77180000,77180100,142,355,77190000,66849
3,7719,77190000,77190100,142,355,77200000,66857
3,772,7720000,7720100,142,355,7730000,6686
3,7720,77200000,77200100,142,355,77210000,66867
3,7721,77210000,77210100,142,355,77220000,66875
3,7722,77220000,77220100,142,355,77230000,66886
3,7723,77230000,77230100,142,355,77240000,66892
3,7724,77240000,77240100,142,355,77250000,66902
3,7725,77250000,77250100,142,355,77260000,66911
3,7726,77260000,77260100,142,355,77270000,66918
3,7727,77270000,77270100,142,355,77280000,66925
3,7728,77280000,77280100,142,355,77290000,66939
3,7729,77290000,77290100,142,355,77300000,66945
3,773,7730000,7730100,142,355,7740000,6694
3,7730,77300000,77300100,142,355,77310000,66953
3,7731,77310000,77310100,142,355,77320000,66963
3,7732,77320000,77320100,142,355,77330000,66971
3,7733,77330000,77330100,142,355,77340000,66978
3,7734,77340000,77340100,142,355,77350000,66988
3,7735,77350000,77350100,142,355,77360000,66997
3,7736,77360000,77360100,142,355,77370000,67006
3,7737,77370000,77370100,142,355,77380000,67014
3,7738,77380000,77380100,142,355,77390000,67024
3,7739,77390000,77390100,142,355,77400000,67030
3,774,7740000,7740100,142,355,7750000,6704
3,7740,77400000,77400100,142,355,77410000,67042
3,7741,77410000,77410100,142,355,77420000,67048
3,7742,77420000,77420100,142,355,77430000,67057
3,7743,77430000,77430100,142,355,77440000,67065
3,7744,77440000,77440100,142,355,77450000,67075
3,7745,77450000,77450100,142,355,77460000,67084
3,7746,77460000,77460100,142,355,77470000,67094
3,7747,77470000,77470100,142,355,77480000,67100
3,7748,77480000,77480100,142,355,77490000,67108
3,7749,77490000,77490100,142,355,77500000,67119
3,775,7750000,7750100,142,355,7760000,6712
3,7750,77500000,77500100,142,355,77510000,67127
3,7751,77510000,77510100,142,355,77520000,67133
3,7752,77520000,77520100,142,355,77530000,67147
3,7753,77530000,77530100,142,355,77540000,67153
3,7754,77540000,77540100,142,355,77550000,67160
3,7755,77550000,77550100,142,355,77560000,67170
3,7756,77560000,77560100,142,355,77570000,67180
3,7757,77570000,77570100,142,355,77580000,67186
3,7758,77580000,77580100,142,355,77590000,67196
3,7759,77590000,77590100,142,355,77600000,67204
3,776,7760000,7760100,142,355,7770000,6721
3,7760,77600000,77600100,142,355,77610000,67215
3,7761,77610000,77610100,142,355,77620000,67223
3,7762,77620000,77620100,142,355,77630000,67230
3,7763,77630000,77630100,142,355,77640000,67238
3,7764,77640000,77640100,142,355,77650000,67249
3,7765,77650000,77650100,142,355,77660000,67256
3,7766,77660000,77660100,142,355,77670000,67266
3,7767,77670000,77670100,142,355,77680000,67274
3,7768,77680000,77680100,142,355,77690000,67283
3,7769,77690000,77690100,142,355,77700000,67289
3,777,7770000,7770100,142,355,7780000,6731
3,7770,77700000,77700100,142,355,77710000,67302
3,7771,77710000,77710100,142,355,77720000,67309
3,7772,77720000,77720100,142,355,77730000,67317
3,7773,77730000,77730100,142,355,77740000,67327
3,7774,77740000,77740100,142,355,77750000,67334
3,7775,77750000,77750100,142,355,77760000,67341
3,7776,77760000,77760100,142,355,77770000,67353
3,7777,77770000,77770100,142,355,77780000,67362
3,7778,77780000,77780100,142,355,77790000,67369
3,7779,77790000,77790100,142,355,77800000,67377
3,778,7780000,7780100,142,355,7790000,6738
3,7780,77800000,77800100,142,355,77810000,67388
3,7781,77810000,77810100,142,355,77820000,67394
3,7782,77820000,77820100,142,355,77830000,67405
3,7783,77830000,77830100,142,355,77840000,67411
3,7784,77840000,77840100,142,355,77850000,67422
3,7785,77850000,77850100,142,355,77860000,67431
3,7786,77860000,77860100,142,355,77870000,67438
3,7787,77870000,77870100,142,355,77880000,67446
3,7788,77880000,77880100,142,355,77890000,67458
3,7789,77890000,77890100,142,355,77900000,67464
3,779,7790000,7790100,142,355,7800000,6744
3,7790,77900000,77900100,142,355,77910000,67472
3,7791,77910000,77910100,142,355,77920000,67482
3,7792,77920000,77920100,142,355,77930000,67491
3,7793,77930000,77930100,142,355,77940000,67498
3,7794,77940000,77940100,142,355,77950000,67510
3,7795,77950000,77950100,142,355,77960000,67517
3,7796,77960000,77960100,142,355,77970000,67525
3,7797,77970000,77970100,142,355,77980000,67533
3,7798,77980000,77980100,142,355,77990000,67542
3,7799,77990000,77990100,142,355,78000000,67549
3,78,780000,780100,142,355,790000,676
3,780,7800000,7800100,142,355,7810000,6758
3,7800,78000000,78000100,142,355,78010000,67562
3,7801,78010000,78010100,142,355,78020000,67570
3,7802,78020000,78020100,142,355,78030000,67577
3,7803,78030000,78030100,142,355,78040000,67585
3,7804,78040000,78040100,142,355,78050000,67594
3,7805,78050000,78050100,142,355,78060000,67603
3,7806,78060000,78060100,142,355,78070000,67613
3,7807,78070000,78070100,142,355,78080000,67619
3,7808,78080000,78080100,142,355,78090000,67630
3,7809,78090000,78090100,142,355,78100000,67638
3,781,7810000,7810100,142,355,7820000,6765
3,7810,78100000,78100100,142,355,78110000,67647
3,7811,78110000,78110100,142,355,78120000,67653
3,7812,78120000,78120100,142,355,78130000,67666
3,7813,78130000,78130100,142,355,78140000,67672
3,7814,78140000,78140100,142,355,78150000,67679
3,7815,78150000,78150100,142,355,78160000,67691
3,7816,78160000,78160100,142,355,78170000,67700
3,7817,78170000,78170100,142,355,78180000,67706
3,7818,78180000,78180100,142,355,78190000,67716
3,7819,78190000,78190100,142,355,78200000,67724
3,782,7820000,7820100,142,355,7830000,6772
3,7820,78200000,78200100,142,355,78210000,67733
3,7821,78210000,78210100,142,355,78220000,67742
3,7822,78220000,78220100,142,355,78230000,67751
3,7823,78230000,78230100,142,355,78240000,67757
3,7824,78240000,78240100,142,355,78250000,67769
3,7825,78250000,78250100,142,355,78260000,67776
3,7826,78260000,78260100,142,355,78270000,67786
3,7827,78270000,78270100,142,355,78280000,67794
3,7828,78280000,78280100,142,355,78290000,67802
3,7829,78290000,78290100,142,355,78300000,67810
3,783,7830000,7830100,142,355,7840000,6780
3,7830,78300000,78300100,142,355,78310000,67821
3,7831,78310000,78310100,142,355,78320000,67827
3,7832,78320000,78320100,142,355,78330000,67837
3,7833,78330000,78330100,142,355,78340000,67847
3,7834,78340000,78340100,142,355,78350000,67854
3,7835,78350000,78350100,142,355,78360000,67861
3,7836,78360000,78360100,142,355,78370000,67874
3,7837,78370000,78370100,142,355,78380000,67881
3,7838,78380000,78380100,142,355,78390000,67888
3,7839,78390000,78390100,142,355,78400000,67896
3,784,7840000,7840100,142,355,7850000,6791
3,7840,78400000,78400100,142,355,78410000,67908
3,7841,78410000,78410100,142,355,78420000,67914
3,7842,78420000,78420100,142,355,78430000,67924
3,7843,78430000,78430100,142,355,78440000,67933
3,7844,78440000,78440100,142,355,78450000,67941
3,7845,78450000,78450100,142,355,78460000,67950
3,7846,78460000,78460100,142,355,78470000,67957
3,7847,78470000,78470100,142,355,78480000,67965
3,7848,78480000,78480100,142,355,78490000,67978
3,7849,78490000,78490100,142,355,78500000,67984
3,785,7850000,7850100,142,355,7860000,6798
3,7850,78500000,78500100,142,355,78510000,67994
3,7851,78510000,78510100,142,355,78520000,68002
3,7852,78520000,78520100,142,355,78530000,68010
3,7853,78530000,78530100,142,355,78540000,68016
3,7854,78540000,78540100,142,355,78550000,68029
3,7855,78550000,78550100,142,355,78560000,68036
3,7856,78560000,78560100,142,355,78570000,68045
3,7857,78570000,78570100,142,355,78580000,68055
3,7858,78580000,78580100,142,355,78590000,68062
3,7859,78590000,78590100,142,355,78600000,68069
3,786,7860000,7860100,142,355,7870000,6809
3,7860,78600000,78600100,142,355,78610000,68081
3,7861,78610000,78610100,142,355,78620000,68089
3,7862,78620000,78620100,142,355,78630000,68096
3,7863,78630000,78630100,142,355,78640000,68104
3,7864,78640000,78640100,142,355,78650000,68115
3,7865,78650000,78650100,142,355,78660000,68123
3,7866,78660000,78660100,142,355,78670000,68133
3,7867,78670000,78670100,142,355,78680000,68139
3,7868,78680000,78680100,142,355,78690000,68149
3,7869,78690000,78690100,142,355,78700000,68157
3,787,7870000,7870100,142,355,7880000,6817
3,7870,78700000,78700100,142,355,78710000,68166
3,7871,78710000,78710100,142,355,78720000,68174
3,7872,78720000,78720100,142,355,78730000,68186
3,7873,78730000,78730100,142,355,78740000,68192
3,7874,78740000,78740100,142,355,78750000,68199
3,7875,78750000,78750100,142,355,78760000,68210
3,7876,78760000,78760100,142,355,78770000,68219
3,7877,78770000,78770100,142,355,78780000,68225
3,7878,78780000,78780100,142,355,78790000,68237
3,7879,78790000,78790100,142,355,78800000,68243
3,788,7880000,7880100,142,355,7890000,6825
3,7880,78800000,78800100,142,355,78810000,68253
3,7881,78810000,78810100,142,355,78820000,68262
3,7882,78820000,78820100,142,355,78830000,68271
3,7883,78830000,78830100,142,355,78840000,68277
3,7884,78840000,78840100,142,355,78850000,68288
3,7885,78850000,78850100,142,355,78860000,68297
3,7886,78860000,78860100,142,355,78870000,68304
3,7887,78870000,78870100,142,355,78880000,68313
3,7888,78880000,78880100,142,355,78890000,68322
3,7889,78890000,78890100,142,355,78900000,68330
3,789,7890000,7890100,142,355,7900000,6833
3,7890,78900000,78900100,142,355,78910000,68341
3,7891,78910000,78910100,142,355,78920000,68347
3,7892,78920000,78920100,142,355,78930000,68358
3,7893,78930000,78930100,142,355,78940000,68366
3,7894,78940000,78940100,142,355,78950000,68373
3,7895,78950000,78950100,142,355,78960000,68380
3,7896,78960000,78960100,142,355,78970000,68394
3,7897,78970000,78970100,142,355,78980000,68400
3,7898,78980000,78980100,142,355,78990000,68408
3,7899,78990000,78990100,142,355,79000000,68418
3,79,790000,790100,142,355,800000,682
3,790,7900000,7900100,142,355,7910000,6841
3,7900,79000000,79000100,142,355,79010000,68427
3,7901,79010000,79010100,142,355,79020000,68433
3,7902,79020000,79020100,142,355,79030000,68443
3,7903,79030000,79030100,142,355,79040000,68452
3,7904,79040000,79040100,142,355,79050000,68461
3,7905,79050000,79050100,142,355,79060000,68470
3,7906,79060000,79060100,142,355,79070000,68479
3,7907,79070000,79070100,142,355,79080000,68485
3,7908,79080000,79080100,142,355,79090000,68496
3,7909,79090000,79090100,142,355,79100000,68503
3,791,7910000,7910100,142,355,7920000,6849
3,7910,79100000,79100100,142,355,79110000,68513
3,7911,79110000,79110100,142,355,79120000,68521
3,7912,79120000,79120100,142,355,79130000,68530
3,7913,79130000,79130100,142,355,79140000,68538
3,7914,79140000,79140100,142,355,79150000,68549
3,7915,79150000,79150100,142,355,79160000,68556
3,7916,79160000,79160100,142,355,79170000,68564
3,7917,79170000,79170100,142,355,79180000,68574
3,7918,79180000,79180100,142,355,79190000,68581
3,7919,79190000,79190100,142,355,79200000,68587
3,792,7920000,7920100,142,355,7930000,6862
3,7920,79200000,79200100,142,355,79210000,68603
3,7921,79210000,79210100,142,355,79220000,68609
3,7922,79220000,79220100,142,355,79230000,68616
3,7923,79230000,79230100,142,355,79240000,68624
3,7924,79240000,79240100,142,355,79250000,68634
3,7925,79250000,79250100,142,355,79260000,68642
3,7926,79260000,79260100,142,355,79270000,68652
3,7927,79270000,79270100,142,355,79280000,68660
3,7928,79280000,79280100,142,355,79290000,68669
3,7929,79290000,79290100,142,355,79300000,68677
3,793,7930000,7930100,142,355,7940000,6868
3,7930,79300000,79300100,142,355,79310000,68685
3,7931,79310000,79310100,142,355,79320000,68694
3,7932,79320000,79320100,142,355,79330000,68705
3,7933,79330000,79330100,142,355,79340000,68711
3,7934,79340000,79340100,142,355,79350000,68720
3,7935,79350000,79350100,142,355,79360000,68729
3,7936,79360000,79360100,142,355,79370000,68739
3,7937,79370000,79370100,142,355,79380000,68745
3,7938,79380000,79380100,142,355,79390000,68757
3,7939,79390000,79390100,142,355,79400000,68763
3,794,7940000,7940100,142,355,7950000,6877
3,7940,79400000,79400100,142,355,79410000,68772
3,7941,79410000,79410100,142,355,79420000,68782
3,7942,79420000,79420100,142,355,79430000,68790
3,7943,79430000,79430100,142,355,79440000,68796
3,7944,79440000,79440100,142,355,79450000,68808
3,7945,79450000,79450100,142,355,79460000,68817
3,7946,79460000,79460100,142,355,79470000,68824
3,7947,79470000,79470100,142,355,79480000,68833
3,7948,79480000,79480100,142,355,79490000,68843
3,7949,79490000,79490100,142,355,79500000,68849
3,795,7950000,7950100,142,355,7960000,6886
3,7950,79500000,79500100,142,355,79510000,68860
3,7951,79510000,79510100,142,355,79520000,68866
3,7952,79520000,79520100,142,355,79530000,68877
3,7953,79530000,79530100,142,355,79540000,68886
3,7954,79540000,79540100,142,355,79550000,68893
3,7955,79550000,79550100,142,355,79560000,68902
3,7956,79560000,79560100,142,355,79570000,68913
3,7957,79570000,79570100,142,355,79580000,68919
3,7958,79580000,79580100,142,355,79590000,68927
3,7959,79590000,79590100,142,355,79600000,68937
3,796,7960000,7960100,142,355,7970000,6894
3,7960,79600000,79600100,142,355,79610000,68947
3,7961,79610000,79610100,142,355,79620000,68953
3,7962,79620000,79620100,142,355,79630000,68965
3,7963,79630000,79630100,142,355,79640000,68971
3,7964,79640000,79640100,142,355,79650000,68980
3,7965,79650000,79650100,142,355,79660000,68989
3,7966,79660000,79660100,142,355,79670000,68998
3,7967,79670000,79670100,142,355,79680000,69004
3,7968,79680000,79680100,142,355,79690000,69016
3,7969,79690000,79690100,142,355,79700000,69025
3,797,7970000,7970100,142,355,7980000,6901
3,7970,79700000,79700100,142,355,79710000,69033
3,7971,79710000,79710100,142,355,79720000,69041
3,7972,79720000,79720100,142,355,79730000,69049
3,7973,79730000,79730100,142,355,79740000,69057
3,7974,79740000,79740100,142,355,79750000,69067
3,7975,79750000,79750100,142,355,79760000,69075
3,7976,79760000,79760100,142,355,79770000,69086
3,7977,79770000,79770100,142,355,79780000,69094
3,7978,79780000,79780100,142,355,79790000,69101
3,7979,79790000,79790100,142,355,79800000,69107
3,798,7980000,7980100,142,355,7990000,6913
3,7980,79800000,79800100,142,355,79810000,69122
3,7981,79810000,79810100,142,355,79820000,69128
3,7982,79820000,79820100,142,355,79830000,69135
3,7983,79830000,79830100,142,355,79840000,69145
3,7984,79840000,79840100,142,355,79850000,69154
3,7985,79850000,79850100,142,355,79860000,69161
3,7986,79860000,79860100,142,355,79870000,69172
3,7987,79870000,79870100,142,355,79880000,69180
3,7988,79880000,79880100,142,355,79890000,69188
3,7989,79890000,79890100,142,355,79900000,69196
3,799,7990000,7990100,142,355,8000000,6919
3,7990,79900000,79900100,142,355,79910000,69206
3,7991,79910000,79910100,142,355,79920000,69213
3,7992,79920000,79920100,142,355,79930000,69225
3,7993,79930000,79930100,142,355,79940000,69231
3,7994,79940000,79940100,142,355,79950000,69240
3,7995,79950000,79950100,142,355,79960000,69249
3,7996,79960000,79960100,142,355,79970000,69257
3,7997,79970000,79970100,142,355,79980000,69266
3,7998,79980000,79980100,142,355,79990000,69276
3,7999,79990000,79990100,142,355,80000000,69282
3,8,80000,80100,142,355,90000,69
3,80,800000,800100,142,355,810000,694
3,800,8000000,8000100,142,355,8010000,6929
3,8000,80000000,80000100,142,355,80010000,69292
3,8001,80010000,80010100,142,355,80020000,69302
3,8002,80020000,80020100,142,355,80030000,69310
3,8003,80030000,80030100,142,355,80040000,69316
3,8004,80040000,80040100,142,355,80050000,69329
3,8005,80050000,80050100,142,355,80060000,69336
3,8006,80060000,80060100,142,355,80070000,69343
3,8007,80070000,80070100,142,355,80080000,69351
3,8008,80080000,80080100,142,355,80090000,69363
3,8009,80090000,80090100,142,355,80100000,69369
3,801,8010000,8010100,142,355,8020000,6939
3,8010,80100000,80100100,142,355,80110000,69380
3,8011,80110000,80110100,142,355,80120000,69388
3,8012,80120000,80120100,142,355,80130000,69396
3,8013,80130000,80130100,142,355,80140000,69405
3,8014,80140000,80140100,142,355,80150000,69412
3,8015,80150000,80150100,142,355,80160000,69421
3,8016,80160000,80160100,142,355,80170000,69433
3,8017,80170000,80170100,142,355,80180000,69439
3,8018,80180000,80180100,142,355,80190000,69448
3,8019,80190000,80190100,142,355,80200000,69457
3,802,8020000,8020100,142,355,8030000,6946
3,8020,80200000,80200100,142,355,80210000,69466
3,8021,80210000,80210100,142,355,80220000,69472
3,8022,80220000,80220100,142,355,80230000,69484
3,8023,80230000,80230100,142,355,80240000,69490
3,8024,80240000,80240100,142,355,80250000,69500
3,8025,80250000,80250100,142,355,80260000,69511
3,8026,80260000,80260100,142,355,80270000,69518
3,8027,80270000,80270100,142,355,80280000,69524
3,8028,80280000,80280100,142,355,80290000,69535
3,8029,80290000,80290100,142,355,80300000,69543
3,803,8030000,8030100,142,355,8040000,6953
3,8030,80300000,80300100,142,355,80310000,69552
3,8031,80310000,80310100,142,355,80320000,69560
3,8032,80320000,80320100,142,355,80330000,69571
3,8033,80330000,80330100,142,355,80340000,69577
3,8034,80340000,80340100,142,355,80350000,69587
3,8035,80350000,80350100,142,355,80360000,69595
3,8036,80360000,80360100,142,355,80370000,69605
3,8037,80370000,80370100,142,355,80380000,69613
3,8038,80380000,80380100,142,355,80390000,69620
3,8039,80390000,80390100,142,355,80400000,69628
3,804,8040000,8040100,142,355,8050000,6964
3,8040,80400000,80400100,142,355,80410000,69641
3,8041,80410000,80410100,142,355,80420000,69648
3,8042,80420000,80420100,142,355,80430000,69655
3,8043,80430000,80430100,142,355,80440000,69665
3,8044,80440000,80440100,142,355,80450000,69673
3,8045,80450000,80450100,142,355,80460000,69680
3,8046,80460000,80460100,142,355,80470000,69693
3,8047,80470000,80470100,142,355,80480000,69699
3,8048,80480000,80480100,142,355,80490000,69708
3,8049,80490000,80490100,142,355,80500000,69716
3,805,8050000,8050100,142,355,8060000,6973
3,8050,80500000,80500100,142,355,80510000,69726
3,8051,80510000,80510100,142,355,80520000,69732
3,8052,80520000,80520100,142,355,80530000,69744
3,8053,80530000,80530100,142,355,80540000,69752
3,8054,80540000,80540100,142,355,80550000,69759
3,8055,80550000,80550100,142,355,80560000,69768
3,8056,80560000,80560100,142,355,80570000,69777
3,8057,80570000,80570100,142,355,80580000,69786
3,8058,80580000,80580100,142,355,80590000,69796
3,8059,80590000,80590100,142,355,80600000,69802
3,806,8060000,8060100,142,355,8070000,6980
3,8060,80600000,80600100,142,355,80610000,69813
3,8061,80610000,80610100,142,355,80620000,69821
3,8062,80620000,80620100,142,355,80630000,69828
3,8063,80630000,80630100,142,355,80640000,69835
3,8064,80640000,80640100,142,355,80650000,69849
3,8065,80650000,80650100,142,355,80660000,69856
3,8066,80660000,80660100,142,355,80670000,69863
3,8067,80670000,80670100,142,355,80680000,69873
3,8068,80680000,80680100,142,355,80690000,69882
3,8069,80690000,80690100,142,355,80700000,69888
3,807,8070000,8070100,142,355,8080000,6988
3,8070,80700000,80700100,142,355,80710000,69899
3,8071,80710000,80710100,142,355,80720000,69907
3,8072,80720000,80720100,142,355,80730000,69916
3,8073,80730000,80730100,142,355,80740000,69924
3,8074,80740000,80740100,142,355,80750000,69934
3,8075,80750000,80750100,142,355,80760000,69941
3,8076,80760000,80760100,142,355,80770000,69952
3,8077,80770000,80770100,142,355,80780000,69958
3,8078,80780000,80780100,142,355,80790000,69967
3,8079,80790000,80790100,142,355,80800000,69976
3,808,8080000,8080100,142,355,8090000,7000
3,8080,80800000,80800100,142,355,80810000,69986
3,8081,80810000,80810100,142,355,80820000,69994
3,8082,80820000,80820100,142,355,80830000,70004
3,8083,80830000,80830100,142,355,80840000,70010
3,8084,80840000,80840100,142,355,80850000,70018
3,8085,80850000,80850100,142,355,80860000,70030
3,8086,80860000,80860100,142,355,80870000,70037
3,8087,80870000,80870100,142,355,80880000,70043
3,8088,80880000,80880100,142,355,80890000,70057
3,8089,80890000,80890100,142,355,80900000,70063
3,809,8090000,8090100,142,355,8100000,7006
3,8090,80900000,80900100,142,355,80910000,70072
3,8091,80910000,80910100,142,355,80920000,70080
3,8092,80920000,80920100,142,355,80930000,70090
3,8093,80930000,80930100,142,355,80940000,70096
3,8094,80940000,80940100,142,355,80950000,70106
3,8095,80950000,80950100,142,355,80960000,70115
3,8096,80960000,80960100,142,355,80970000,70125
3,8097,80970000,80970100,142,355,80980000,70133
3,8098,80980000,80980100,142,355,80990000,70140
3,8099,80990000,80990100,142,355,81000000,70148
3,81,810000,810100,142,355,820000,702
3,810,8100000,8100100,142,355,8110000,7017
3,8100,81000000,81000100,142,355,81010000,70160
3,8101,81010000,81010100,142,355,81020000,70167
3,8102,81020000,81020100,142,355,81030000,70176
3,8103,81030000,81030100,142,355,81040000,70184
3,8104,81040000,81040100,142,355,81050000,70193
3,8105,81050000,81050100,142,355,81060000,70200
3,8106,81060000,81060100,142,355,81070000,70212
3,8107,81070000,81070100,142,355,81080000,70219
3,8108,81080000,81080100,142,355,81090000,70227
3,8109,81090000,81090100,142,355,81100000,70237
3,811,8110000,8110100,142,355,8120000,7023
3,8110,81100000,81100100,142,355,81110000,70245
3,8111,81110000,81110100,142,355,81120000,70251
3,8112,81120000,81120100,142,355,81130000,70264
3,8113,81130000,81130100,142,355,81140000,70272
3,8114,81140000,81140100,142,355,81150000,70279
3,8115,81150000,81150100,142,355,81160000,70288
3,8116,81160000,81160100,142,355,81170000,70298
3,8117,81170000,81170100,142,355,81180000,70304
3,8118,81180000,81180100,142,355,81190000,70315
3,8119,81190000,81190100,142,355,81200000,70321
3,812,8120000,8120100,142,355,8130000,7033
3,8120,81200000,81200100,142,355,81210000,70333
3,8121,81210000,81210100,142,355,81220000,70341
3,8122,81220000,81220100,142,355,81230000,70348
3,8123,81230000,81230100,142,355,81240000,70357
3,8124,81240000,81240100,142,355,81250000,70368
3,8125,81250000,81250100,142,355,81260000,70375
3,8126,81260000,81260100,142,355,81270000,70382
3,8127,81270000,81270100,142,355,81280000,70392
3,8128,81280000,81280100,142,355,81290000,70401
3,8129,81290000,81290100,142,355,81300000,70408
3,813,8130000,8130100,142,355,8140000,7041
3,8130,81300000,81300100,142,355,81310000,70421
3,8131,81310000,81310100,142,355,81320000,70427
3,8132,81320000,81320100,142,355,81330000,70435
3,8133,81330000,81330100,142,355,81340000,70443
3,8134,81340000,81340100,142,355,81350000,70453
3,8135,81350000,81350100,142,355,81360000,70460
3,8136,81360000,81360100,142,355,81370000,70472
3,8137,81370000,81370100,142,355,81380000,70480
3,8138,81380000,81380100,142,355,81390000,70487
3,8139,81390000,81390100,142,355,81400000,70495
3,814,8140000,8140100,142,355,8150000,7049
3,8140,81400000,81400100,142,355,81410000,70505
3,8141,81410000,81410100,142,355,81420000,70513
3,8142,81420000,81420100,142,355,81430000,70523
3,8143,81430000,81430100,142,355,81440000,70529
3,8144,81440000,81440100,142,355,81450000,70540
3,8145,81450000,81450100,142,355,81460000,70550
3,8146,81460000,81460100,142,355,81470000,70557
3,8147,81470000,81470100,142,355,81480000,70563
3,8148,81480000,81480100,142,355,81490000,70576
3,8149,81490000,81490100,142,355,81500000,70582
3,815,8150000,8150100,142,355,8160000,7058
3,8150,81500000,81500100,142,355,81510000,70590
3,8151,81510000,81510100,142,355,81520000,70601
3,8152,81520000,81520100,142,355,81530000,70610
3,8153,81530000,81530100,142,355,81540000,70616
3,8154,81540000,81540100,142,355,81550000,70626
3,8155,81550000,81550100,142,355,81560000,70635
3,8156,81560000,81560100,142,355,81570000,70644
3,8157,81570000,81570100,142,355,81580000,70652
3,8158,81580000,81580100,142,355,81590000,70661
3,8159,81590000,81590100,142,355,81600000,70667
3,816,8160000,8160100,142,355,8170000,7070
3,8160,81600000,81600100,142,355,81610000,70680
3,8161,81610000,81610100,142,355,81620000,70686
3,8162,81620000,81620100,142,355,81630000,70696
3,8163,81630000,81630100,142,355,81640000,70704
3,8164,81640000,81640100,142,355,81650000,70712
3,8165,81650000,81650100,142,355,81660000,70721
3,8166,81660000,81660100,142,355,81670000,70731
3,8167,81670000,81670100,142,355,81680000,70738
3,8168,81680000,81680100,142,355,81690000,70747
3,8169,81690000,81690100,142,355,81700000,70757
3,817,8170000,8170100,142,355,8180000,7076
3,8170,81700000,81700100,142,355,81710000,70765
3,8171,81710000,81710100,142,355,81720000,70771
3,8172,81720000,81720100,142,355,81730000,70784
3,8173,81730000,81730100,142,355,81740000,70791
3,8174,81740000,81740100,142,355,81750000,70798
3,8175,81750000,81750100,142,355,81760000,70807
3,8176,81760000,81760100,142,355,81770000,70818
3,8177,81770000,81770100,142,355,81780000,70824
3,8178,81780000,81780100,142,355,81790000,70835
3,8179,81790000,81790100,142,355,81800000,70843
3,818,8180000,8180100,142,355,8190000,7083
3,8180,81800000,81800100,142,355,81810000,70852
3,8181,81810000,81810100,142,355,81820000,70860
3,8182,81820000,81820100,142,355,81830000,70867
3,8183,81830000,81830100,142,355,81840000,70875
3,8184,81840000,81840100,142,355,81850000,70888
3,8185,81850000,81850100,142,355,81860000,70895
3,8186,81860000,81860100,142,355,81870000,70904
3,8187,81870000,81870100,142,355,81880000,70912
3,8188,81880000,81880100,142,355,81890000,70920
3,8189,81890000,81890100,142,355,81900000,70927
3,819,8190000,8190100,142,355,8200000,7094
3,8190,81900000,81900100,142,355,81910000,70940
3,8191,81910000,81910100,142,355,81920000,70946
3,8192,81920000,81920100,142,355,81930000,70955
3,8193,81930000,81930100,142,355,81940000,70965
3,8194,81940000,81940100,142,355,81950000,70972
3,8195,81950000,81950100,142,355,81960000,70980
3,8196,81960000,81960100,142,355,81970000,70991
3,8197,81970000,81970100,142,355,81980000,70999
3,8198,81980000,81980100,142,355,81990000,71006
3,8199,81990000,81990100,142,355,82000000,71014
3,82,820000,820100,142,355,830000,710
3,820,8200000,8200100,142,355,8210000,7103
3,8200,82000000,82000100,142,355,82010000,71027
3,8201,82010000,82010100,142,355,82020000,71033
3,8202,82020000,82020100,142,355,82030000,71043
3,8203,82030000,82030100,142,355,82040000,71049
3,8204,82040000,82040100,142,355,82050000,71059
3,8205,82050000,82050100,142,355,82060000,71068
3,8206,82060000,82060100,142,355,82070000,71076
3,8207,82070000,82070100,142,355,82080000,71084
3,8208,82080000,82080100,142,355,82090000,71096
3,8209,82090000,82090100,142,355,82100000,71102
3,821,8210000,8210100,142,355,8220000,7109
3,8210,82100000,82100100,142,355,82110000,71110
3,8211,82110000,82110100,142,355,82120000,71121
3,8212,82120000,82120100,142,355,82130000,71129
3,8213,82130000,82130100,142,355,82140000,71135
3,8214,82140000,82140100,142,355,82150000,71147
3,8215,82150000,82150100,142,355,82160000,71154
3,8216,82160000,82160100,142,355,82170000,71163
3,8217,82170000,82170100,142,355,82180000,71172
3,8218,82180000,82180100,142,355,82190000,71181
3,8219,82190000,82190100,142,355,82200000,71187
3,822,8220000,8220100,142,355,8230000,7121
3,8220,82200000,82200100,142,355,82210000,71199
3,8221,82210000,82210100,142,355,82220000,71207
3,8222,82220000,82220100,142,355,82230000,71215
3,8223,82230000,82230100,142,355,82240000,71223
3,8224,82240000,82240100,142,355,82250000,71232
3,8225,82250000,82250100,142,355,82260000,71241
3,8226,82260000,82260100,142,355,82270000,71251
3,8227,82270000,82270100,142,355,82280000,71257
3,8228,82280000,82280100,142,355,82290000,71268
3,8229,82290000,82290100,142,355,82300000,71276
3,823,8230000,8230100,142,355,8240000,7127
3,8230,82300000,82300100,142,355,82310000,71284
3,8231,82310000,82310100,142,355,82320000,71290
3,8232,82320000,82320100,142,355,82330000,71304
3,8233,82330000,82330100,142,355,82340000,71311
3,8234,82340000,82340100,142,355,82350000,71318
3,8235,82350000,82350100,142,355,82360000,71329
3,8236,82360000,82360100,142,355,82370000,71337
3,8237,82370000,82370100,142,355,82380000,71343
3,8238,82380000,82380100,142,355,82390000,71353
3,8239,82390000,82390100,142,355,82400000,71362
3,824,8240000,8240100,142,355,8250000,7136
3,8240,82400000,82400100,142,355,82410000,71372
3,8241,82410000,82410100,142,355,82420000,71380
3,8242,82420000,82420100,142,355,82430000,71389
3,8243,82430000,82430100,142,355,82440000,71395
3,8244,82440000,82440100,142,355,82450000,71407
3,8245,82450000,82450100,142,355,82460000,71414
3,8246,82460000,82460100,142,355,82470000,71423
3,8247,82470000,82470100,142,355,82480000,71431
3,8248,82480000,82480100,142,355,82490000,71440
3,8249,82490000,82490100,142,355,82500000,71448
3,825,8250000,8250100,142,355,8260000,7146
3,8250,82500000,82500100,142,355,82510000,71460
3,8251,82510000,82510100,142,355,82520000,71466
3,8252,82520000,82520100,142,355,82530000,71474
3,8253,82530000,82530100,142,355,82540000,71484
3,8254,82540000,82540100,142,355,82550000,71491
3,8255,82550000,82550100,142,355,82560000,71499
3,8256,82560000,82560100,142,355,82570000,71513
3,8257,82570000,82570100,142,355,82580000,71519
3,8258,82580000,82580100,142,355,82590000,71526
3,8259,82590000,82590100,142,355,82600000,71534
3,826,8260000,8260100,142,355,8270000,7155
3,8260,82600000,82600100,142,355,82610000,71545
3,8261,82610000,82610100,142,355,82620000,71552
3,8262,82620000,82620100,142,355,82630000,71562
3,8263,82630000,82630100,142,355,82640000,71570
3,8264,82640000,82640100,142,355,82650000,71579
3,8265,82650000,82650100,142,355,82660000,71588
3,8266,82660000,82660100,142,355,82670000,71596
3,8267,82670000,82670100,142,355,82680000,71604
3,8268,82680000,82680100,142,355,82690000,71615
3,8269,82690000,82690100,142,355,82700000,71621
3,827,8270000,8270100,142,355,8280000,7161
3,8270,82700000,82700100,142,355,82710000,71631
3,8271,82710000,82710100,142,355,82720000,71639
3,8272,82720000,82720100,142,355,82730000,71649
3,8273,82730000,82730100,142,355,82740000,71655
3,8274,82740000,82740100,142,355,82750000,71667
3,8275,82750000,82750100,142,355,82760000,71674
3,8276,82760000,82760100,142,355,82770000,71682
3,8277,82770000,82770100,142,355,82780000,71693
3,8278,82780000,82780100,142,355,82790000,71700
3,8279,82790000,82790100,142,355,82800000,71706
3,828,8280000,8280100,142,355,8290000,7172
3,8280,82800000,82800100,142,355,82810000,71719
3,8281,82810000,82810100,142,355,82820000,71727
3,8282,82820000,82820100,142,355,82830000,71734
3,8283,82830000,82830100,142,355,82840000,71743
3,8284,82840000,82840100,142,355,82850000,71753
3,8285,82850000,82850100,142,355,82860000,71760
3,8286,82860000,82860100,142,355,82870000,71770
3,8287,82870000,82870100,142,355,82880000,71776
3,8288,82880000,82880100,142,355,82890000,71788
3,8289,82890000,82890100,142,355,82900000,71796
3,829,8290000,8290100,142,355,8300000,7180
3,8290,82900000,82900100,142,355,82910000,71804
3,8291,82910000,82910100,142,355,82920000,71812
3,8292,82920000,82920100,142,355,82930000,71823
3,8293,82930000,82930100,142,355,82940000,71829
3,8294,82940000,82940100,142,355,82950000,71837
3,8295,82950000,82950100,142,355,82960000,71848
3,8296,82960000,82960100,142,355,82970000,71857
3,8297,82970000,82970100,142,355,82980000,71863
3,8298,82980000,82980100,142,355,82990000,71875
3,8299,82990000,82990100,142,355,83000000,71882
3,83,830000,830100,142,355,840000,716
3,830,8300000,8300100,142,355,8310000,7189
3,8300,83000000,83000100,142,355,83010000,71891
3,8301,83010000,83010100,142,355,83020000,71899
3,8302,83020000,83020100,142,355,83030000,71908
3,8303,83030000,83030100,142,355,83040000,71914
3,8304,83040000,83040100,142,355,83050000,71926
3,8305,83050000,83050100,142,355,83060000,71936
3,8306,83060000,83060100,142,355,83070000,71943
3,8307,83070000,83070100,142,355,83080000,71951
3,8308,83080000,83080100,142,355,83090000,71959
3,8309,83090000,83090100,142,355,83100000,71967
3,831,8310000,8310100,142,355,8320000,7197
3,8310,83100000,83100100,142,355,83110000,71979
3,8311,83110000,83110100,142,355,83120000,71985
3,8312,83120000,83120100,142,355,83130000,71996
3,8313,83130000,83130100,142,355,83140000,72004
3,8314,83140000,83140100,142,355,83150000,72011
3,8315,83150000,83150100,142,355,83160000,72018
3,8316,83160000,83160100,142,355,83170000,72032
3,8317,83170000,83170100,142,355,83180000,72038
3,8318,83180000,83180100,142,355,83190000,72045
3,8319,83190000,83190100,142,355,83200000,72055
3,832,8320000,8320100,142,355,8330000,7206
3,8320,83200000,83200100,142,355,83210000,72065
3,8321,83210000,83210100,142,355,83220000,72072
3,8322,83220000,83220100,142,355,83230000,72082
3,8323,83230000,83230100,142,355,83240000,72090
3,8324,83240000,83240100,142,355,83250000,72098
3,8325,83250000,83250100,142,355,83260000,72107
3,8326,83260000,83260100,142,355,83270000,72116
3,8327,83270000,83270100,142,355,83280000,72123
3,8328,83280000,83280100,142,355,83290000,72135
3,8329,83290000,83290100,142,355,83300000,72141
3,833,8330000,8330100,142,355,8340000,7214
3,8330,83300000,83300100,142,355,83310000,72151
3,8331,83310000,83310100,142,355,83320000,72159
3,8332,83320000,83320100,142,355,83330000,72168
3,8333,83330000,83330100,142,355,83340000,72176
3,8334,83340000,83340100,142,355,83350000,72186
3,8335,83350000,83350100,142,355,83360000,72193
3,8336,83360000,83360100,142,355,83370000,72202
3,8337,83370000,83370100,142,355,83380000,72212
3,8338,83380000,83380100,142,355,83390000,72220
3,8339,83390000,83390100,142,355,83400000,72226
3,834,8340000,8340100,142,355,8350000,7224
3,8340,83400000,83400100,142,355,83410000,72240
3,8341,83410000,83410100,142,355,83420000,72246
3,8342,83420000,83420100,142,355,83430000,72253
3,8343,83430000,83430100,142,355,83440000,72262
3,8344,83440000,83440100,142,355,83450000,72273
3,8345,83450000,83450100,142,355,83460000,72280
3,8346,83460000,83460100,142,355,83470000,72290
3,8347,83470000,83470100,142,355,83480000,72298
3,8348,83480000,83480100,142,355,83490000,72306
3,8349,83490000,83490100,142,355,83500000,72315
3,835,8350000,8350100,142,355,8360000,7231
3,8350,83500000,83500100,142,355,83510000,72323
3,8351,83510000,83510100,142,355,83520000,72331
3,8352,83520000,83520100,142,355,83530000,72343
3,8353,83530000,83530100,142,355,83540000,72349
3,8354,83540000,83540100,142,355,83550000,72359
3,8355,83550000,83550100,142,355,83560000,72368
3,8356,83560000,83560100,142,355,83570000,72376
3,8357,83570000,83570100,142,355,83580000,72382
3,8358,83580000,83580100,142,355,83590000,72394
3,8359,83590000,83590100,142,355,83600000,72400
3,836,8360000,8360100,142,355,8370000,7242
3,8360,83600000,83600100,142,355,83610000,72411
3,8361,83610000,83610100,142,355,83620000,72421
3,8362,83620000,83620100,142,355,83630000,72428
3,8363,83630000,83630100,142,355,83640000,72434
3,8364,83640000,83640100,142,355,83650000,72445
3,8365,83650000,83650100,142,355,83660000,72455
3,8366,83660000,83660100,142,355,83670000,72462
3,8367,83670000,83670100,142,355,83680000,72470
3,8368,83680000,83680100,142,355,83690000,72481
3,8369,83690000,83690100,142,355,83700000,72487
3,837,8370000,8370100,142,355,8380000,7250
3,8370,83700000,83700100,142,355,83710000,72498
3,8371,83710000,83710100,142,355,83720000,72505
3,8372,83720000,83720100,142,355,83730000,72515
3,8373,83730000,83730100,142,355,83740000,72523
3,8374,83740000,83740100,142,355,83750000,72530
3,8375,83750000,83750100,142,355,83760000,72539
3,8376,83760000,83760100,142,355,83770000,72552
3,8377,83770000,83770100,142,355,83780000,72558
3,8378,83780000,83780100,142,355,83790000,72565
3,8379,83790000,83790100,142,355,83800000,72575
3,838,8380000,8380100,142,355,8390000,7257
3,8380,83800000,83800100,142,355,83810000,72584
3,8381,83810000,83810100,142,355,83820000,72590
3,8382,83820000,83820100,142,355,83830000,72603
3,8383,83830000,83830100,142,355,83840000,72609
3,8384,83840000,83840100,142,355,83850000,72618
3,8385,83850000,83850100,142,355,83860000,72627
3,8386,83860000,83860100,142,355,83870000,72636
3,8387,83870000,83870100,142,355,83880000,72643
3,8388,83880000,83880100,142,355,83890000,72654
3,8389,83890000,83890100,142,355,83900000,72662
3,839,8390000,8390100,142,355,8400000,7263
3,8390,83900000,83900100,142,355,83910000,72670
3,8391,83910000,83910100,142,355,83920000,72678
3,8392,83920000,83920100,142,355,83930000,72687
3,8393,83930000,83930100,142,355,83940000,72696
3,8394,83940000,83940100,142,355,83950000,72706
3,8395,83950000,83950100,142,355,83960000,72713
3,8396,83960000,83960100,142,355,83970000,72723
3,8397,83970000,83970100,142,355,83980000,72731
3,8398,83980000,83980100,142,355,83990000,72739
3,8399,83990000,83990100,142,355,84000000,72745
3,84,840000,840100,142,355,850000,729
3,840,8400000,8400100,142,355,8410000,7278
3,8400,84000000,84000100,142,355,84010000,72760
3,8401,84010000,84010100,142,355,84020000,72766
3,8402,84020000,84020100,142,355,84030000,72773
3,8403,84030000,84030100,142,355,84040000,72783
3,8404,84040000,84040100,142,355,84050000,72792
3,8405,84050000,84050100,142,355,84060000,72799
3,8406,84060000,84060100,142,355,84070000,72809
3,8407,84070000,84070100,142,355,84080000,72817
3,8408,84080000,84080100,142,355,84090000,72826
3,8409,84090000,84090100,142,355,84100000,72835
3,841,8410000,8410100,142,355,8420000,7285
3,8410,84100000,84100100,142,355,84110000,72845
3,8411,84110000,84110100,142,355,84120000,72851
3,8412,84120000,84120100,142,355,84130000,72862
3,8413,84130000,84130100,142,355,84140000,72868
3,8414,84140000,84140100,142,355,84150000,72877
3,8415,84150000,84150100,142,355,84160000,72887
3,8416,84160000,84160100,142,355,84170000,72896
3,8417,84170000,84170100,142,355,84180000,72904
3,8418,84180000,84180100,142,355,84190000,72914
3,8419,84190000,84190100,142,355,84200000,72920
3,842,8420000,8420100,142,355,8430000,7292
3,8420,84200000,84200100,142,355,84210000,72930
3,8421,84210000,84210100,142,355,84220000,72940
3,8422,84220000,84220100,142,355,84230000,72947
3,8423,84230000,84230100,142,355,84240000,72953
3,8424,84240000,84240100,142,355,84250000,72967
3,8425,84250000,84250100,142,355,84260000,72974
3,8426,84260000,84260100,142,355,84270000,72982
3,8427,84270000,84270100,142,355,84280000,72990
3,8428,84280000,84280100,142,355,84290000,73000
3,8429,84290000,84290100,142,355,84300000,73006
3,843,8430000,8430100,142,355,8440000,7302
3,8430,84300000,84300100,142,355,84310000,73017
3,8431,84310000,84310100,142,355,84320000,73026
3,8432,84320000,84320100,142,355,84330000,73035
3,8433,84330000,84330100,142,355,84340000,73043
3,8434,84340000,84340100,142,355,84350000,73050
3,8435,84350000,84350100,142,355,84360000,73059
3,8436,84360000,84360100,142,355,84370000,73070
3,8437,84370000,84370100,142,355,84380000,73077
3,8438,84380000,84380100,142,355,84390000,73086
3,8439,84390000,84390100,142,355,84400000,73094
3,844,8440000,8440100,142,355,8450000,7310
3,8440,84400000,84400100,142,355,84410000,73104
3,8441,84410000,84410100,142,355,84420000,73110
3,8442,84420000,84420100,142,355,84430000,73123
3,8443,84430000,84430100,142,355,84440000,73129
3,8444,84440000,84440100,142,355,84450000,73137
3,8445,84450000,84450100,142,355,84460000,73148
3,8446,84460000,84460100,142,355,84470000,73155
3,8447,84470000,84470100,142,355,84480000,73161
3,8448,84480000,84480100,142,355,84490000,73174
3,8449,84490000,84490100,142,355,84500000,73182
3,845,8450000,8450100,142,355,8460000,7317
3,8450,84500000,84500100,142,355,84510000,73190
3,8451,84510000,84510100,142,355,84520000,73198
3,8452,84520000,84520100,142,355,84530000,73208
3,8453,84530000,84530100,142,355,84540000,73215
3,8454,84540000,84540100,142,355,84550000,73225
3,8455,84550000,84550100,142,355,84560000,73232
3,8456,84560000,84560100,142,355,84570000,73243
3,8457,84570000,84570100,142,355,84580000,73251
3,8458,84580000,84580100,142,355,84590000,73258
3,8459,84590000,84590100,142,355,84600000,73267
3,846,8460000,8460100,142,355,8470000,7327
3,8460,84600000,84600100,142,355,84610000,73279
3,8461,84610000,84610100,142,355,84620000,73285
3,8462,84620000,84620100,142,355,84630000,73292
3,8463,84630000,84630100,142,355,84640000,73302
3,8464,84640000,84640100,142,355,84650000,73312
3,8465,84650000,84650100,142,355,84660000,73319
3,8466,84660000,84660100,142,355,84670000,73331
3,8467,84670000,84670100,142,355,84680000,73337
3,8468,84680000,84680100,142,355,84690000,73345
3,8469,84690000,84690100,142,355,84700000,73353
3,847,8470000,8470100,142,355,8480000,7336
3,8470,84700000,84700100,142,355,84710000,73364
3,8471,84710000,84710100,142,355,84720000,73370
3,8472,84720000,84720100,142,355,84730000,73382
3,8473,84730000,84730100,142,355,84740000,73390
3,8474,84740000,84740100,142,355,84750000,73397
3,8475,84750000,84750100,142,355,84760000,73407
3,8476,84760000,84760100,142,355,84770000,73415
3,8477,84770000,84770100,142,355,84780000,73423
3,8478,84780000,84780100,142,355,84790000,73433
3,8479,84790000,84790100,142,355,84800000,73439
3,848,8480000,8480100,142,355,8490000,7345
3,8480,84800000,84800100,142,355,84810000,73451
3,8481,84810000,84810100,142,355,84820000,73460
3,8482,84820000,84820100,142,355,84830000,73467
3,8483,84830000,84830100,142,355,84840000,73473
3,8484,84840000,84840100,142,355,84850000,73486
3,8485,84850000,84850100,142,355,84860000,73493
3,8486,84860000,84860100,142,355,84870000,73501
3,8487,84870000,84870100,142,355,84880000,73511
3,8488,84880000,84880100,142,355,84890000,73520
3,8489,84890000,84890100,142,355,84900000,73526
3,849,8490000,8490100,142,355,8500000,7353
3,8490,84900000,84900100,142,355,84910000,73537
3,8491,84910000,84910100,142,355,84920000,73545
3,8492,84920000,84920100,142,355,84930000,73554
3,8493,84930000,84930100,142,355,84940000,73562
3,8494,84940000,84940100,142,355,84950000,73571
3,8495,84950000,84950100,142,355,84960000,73578
3,8496,84960000,84960100,142,355,84970000,73590
3,8497,84970000,84970100,142,355,84980000,73597
3,8498,84980000,84980100,142,355,84990000,73606
3,8499,84990000,84990100,142,355,85000000,73614
3,85,850000,850100,142,355,860000,736
3,850,8500000,8500100,142,355,8510000,7363
3,8500,85000000,85000100,142,355,85010000,73623
3,8501,85010000,85010100,142,355,85020000,73631
3,8502,85020000,85020100,142,355,85030000,73641
3,8503,85030000,85030100,142,355,85040000,73648
3,8504,85040000,85040100,142,355,85050000,73657
3,8505,85050000,85050100,142,355,85060000,73668
3,8506,85060000,85060100,142,355,85070000,73675
3,8507,85070000,85070100,142,355,85080000,73681
3,8508,85080000,85080100,142,355,85090000,73695
3,8509,85090000,85090100,142,355,85100000,73701
3,851,8510000,8510100,142,355,8520000,7369
3,8510,85100000,85100100,142,355,85110000,73709
3,8511,85110000,85110100,142,355,85120000,73717
3,8512,85120000,85120100,142,355,85130000,73728
3,8513,85130000,85130100,142,355,85140000,73734
3,8514,85140000,85140100,142,355,85150000,73745
3,8515,85150000,85150100,142,355,85160000,73754
3,8516,85160000,85160100,142,355,85170000,73762
3,8517,85170000,85170100,142,355,85180000,73770
3,8518,85180000,85180100,142,355,85190000,73777
3,8519,85190000,85190100,142,355,85200000,73786
3,852,8520000,8520100,142,355,8530000,7381
3,8520,85200000,85200100,142,355,85210000,73799
3,8521,85210000,85210100,142,355,85220000,73805
3,8522,85220000,85220100,142,355,85230000,73814
3,8523,85230000,85230100,142,355,85240000,73822
3,8524,85240000,85240100,142,355,85250000,73830
3,8525,85250000,85250100,142,355,85260000,73838
3,8526,85260000,85260100,142,355,85270000,73850
3,8527,85270000,85270100,142,355,85280000,73856
3,8528,85280000,85280100,142,355,85290000,73865
3,8529,85290000,85290100,142,355,85300000,73875
3,853,8530000,8530100,142,355,8540000,7387
3,8530,85300000,85300100,142,355,85310000,73884
3,8531,85310000,85310100,142,355,85320000,73890
3,8532,85320000,85320100,142,355,85330000,73901
3,8533,85330000,85330100,142,355,85340000,73909
3,8534,85340000,85340100,142,355,85350000,73916
3,8535,85350000,85350100,142,355,85360000,73925
3,8536,85360000,85360100,142,355,85370000,73937
3,8537,85370000,85370100,142,355,85380000,73943
3,8538,85380000,85380100,142,355,85390000,73953
3,8539,85390000,85390100,142,355,85400000,73959
3,854,8540000,8540100,142,355,8550000,7396
3,8540,85400000,85400100,142,355,85410000,73970
3,8541,85410000,85410100,142,355,85420000,73979
3,8542,85420000,85420100,142,355,85430000,73986
3,8543,85430000,85430100,142,355,85440000,73994
3,8544,85440000,85440100,142,355,85450000,74006
3,8545,85450000,85450100,142,355,85460000,74013
3,8546,85460000,85460100,142,355,85470000,74020
3,8547,85470000,85470100,142,355,85480000,74031
3,8548,85480000,85480100,142,355,85490000,74039
3,8549,85490000,85490100,142,355,85500000,74045
3,855,8550000,8550100,142,355,8560000,7405
3,8550,85500000,85500100,142,355,85510000,74058
3,8551,85510000,85510100,142,355,85520000,74064
3,8552,85520000,85520100,142,355,85530000,74074
3,8553,85530000,85530100,142,355,85540000,74082
3,8554,85540000,85540100,142,355,85550000,74091
3,8555,85550000,85550100,142,355,85560000,74098
3,8556,85560000,85560100,142,355,85570000,74109
3,8557,85570000,85570100,142,355,85580000,74117
3,8558,85580000,85580100,142,355,85590000,74125
3,8559,85590000,85590100,142,355,85600000,74133
3,856,8560000,8560100,142,355,8570000,7414
3,8560,85600000,85600100,142,355,85610000,74143
3,8561,85610000,85610100,142,355,85620000,74151
3,8562,85620000,85620100,142,355,85630000,74161
3,8563,85630000,85630100,142,355,85640000,74168
3,8564,85640000,85640100,142,355,85650000,74178
3,8565,85650000,85650100,142,355,85660000,74187
3,8566,85660000,85660100,142,355,85670000,74194
3,8567,85670000,85670100,142,355,85680000,74200
3,8568,85680000,85680100,142,355,85690000,74214
3,8569,85690000,85690100,142,355,85700000,74221
3,857,8570000,8570100,142,355,8580000,7422
3,8570,85700000,85700100,142,355,85710000,74229
3,8571,85710000,85710100,142,355,85720000,74239
3,8572,85720000,85720100,142,355,85730000,74247
3,8573,85730000,85730100,142,355,85740000,74253
3,8574,85740000,85740100,142,355,85750000,74264
3,8575,85750000,85750100,142,355,85760000,74273
3,8576,85760000,85760100,142,355,85770000,74282
3,8577,85770000,85770100,142,355,85780000,74290
3,8578,85780000,85780100,142,355,85790000,74299
3,8579,85790000,85790100,142,355,85800000,74305
3,858,8580000,8580100,142,355,8590000,7433
3,8580,85800000,85800100,142,355,85810000,74318
3,8581,85810000,85810100,142,355,85820000,74324
3,8582,85820000,85820100,142,355,85830000,74333
3,8583,85830000,85830100,142,355,85840000,74341
3,8584,85840000,85840100,142,355,85850000,74350
3,8585,85850000,85850100,142,355,85860000,74360
3,8586,85860000,85860100,142,355,85870000,74370
3,8587,85870000,85870100,142,355,85880000,74376
3,8588,85880000,85880100,142,355,85890000,74384
3,8589,85890000,85890100,142,355,85900000,74394
3,859,8590000,8590100,142,355,8600000,7439
3,8590,85900000,85900100,142,355,85910000,74402
3,8591,85910000,85910100,142,355,85920000,74409
3,8592,85920000,85920100,142,355,85930000,74423
3,8593,85930000,85930100,142,355,85940000,74429
3,8594,85940000,85940100,142,355,85950000,74436
3,8595,85950000,85950100,142,355,85960000,74445
3,8596,85960000,85960100,142,355,85970000,74456
3,8597,85970000,85970100,142,355,85980000,74462
3,8598,85980000,85980100,142,355,85990000,74472
3,8599,85990000,85990100,142,355,86000000,74480
3,86,860000,860100,142,355,870000,743
3,860,8600000,8600100,142,355,8610000,7448
3,8600,86000000,86000100,142,355,86010000,74490
3,8601,86010000,86010100,142,355,86020000,74498
3,8602,86020000,86020100,142,355,86030000,74506
3,8603,86030000,86030100,142,355,86040000,74514
3,8604,86040000,86040100,142,355,86050000,74525
3,8605,86050000,86050100,142,355,86060000,74532
3,8606,86060000,86060100,142,355,86070000,74541
3,8607,86070000,86070100,142,355,86080000,74550
3,8608,86080000,86080100,142,355,86090000,74559
3,8609,86090000,86090100,142,355,86100000,74565
3,861,8610000,8610100,142,355,8620000,7458
3,8610,86100000,86100100,142,355,86110000,74578
3,8611,86110000,86110100,142,355,86120000,74584
3,8612,86120000,86120100,142,355,86130000,74592
3,8613,86130000,86130100,142,355,86140000,74603
3,8614,86140000,86140100,142,355,86150000,74610
3,8615,86150000,86150100,142,355,86160000,74617
3,8616,86160000,86160100,142,355,86170000,74629
3,8617,86170000,86170100,142,355,86180000,74637
3,8618,86180000,86180100,142,355,86190000,74645
3,8619,86190000,86190100,142,355,86200000,74653
3,862,8620000,8620100,142,355,8630000,7465
3,8620,86200000,86200100,142,355,86210000,74664
3,8621,86210000,86210100,142,355,86220000,74670
3,8622,86220000,86220100,142,355,86230000,74680
3,8623,86230000,86230100,142,355,86240000,74686
3,8624,86240000,86240100,142,355,86250000,74698
3,8625,86250000,86250100,142,355,86260000,74707
3,8626,86260000,86260100,142,355,86270000,74714
3,8627,86270000,86270100,142,355,86280000,74722
3,8628,86280000,86280100,142,355,86290000,74733
3,8629,86290000,86290100,142,355,86300000,74740
3,863,8630000,8630100,142,355,8640000,7472
3,8630,86300000,86300100,142,355,86310000,74748
3,8631,86310000,86310100,142,355,86320000,74758
3,8632,86320000,86320100,142,355,86330000,74767
3,8633,86330000,86330100,142,355,86340000,74773
3,8634,86340000,86340100,142,355,86350000,74785
3,8635,86350000,86350100,142,355,86360000,74793
3,8636,86360000,86360100,142,355,86370000,74801
3,8637,86370000,86370100,142,355,86380000,74809
3,8638,86380000,86380100,142,355,86390000,74818
3,8639,86390000,86390100,142,355,86400000,74824
3,864,8640000,8640100,142,355,8650000,7486
3,8640,86400000,86400100,142,355,86410000,74838
3,8641,86410000,86410100,142,355,86420000,74846
3,8642,86420000,86420100,142,355,86430000,74853
3,8643,86430000,86430100,142,355,86440000,74861
3,8644,86440000,86440100,142,355,86450000,74869
3,8645,86450000,86450100,142,355,86460000,74878
3,8646,86460000,86460100,142,355,86470000,74889
3,8647,86470000,86470100,142,355,86480000,74895
3,8648,86480000,86480100,142,355,86490000,74906
3,8649,86490000,86490100,142,355,86500000,74914
3,865,8650000,8650100,142,355,8660000,7493
3,8650,86500000,86500100,142,355,86510000,74922
3,8651,86510000,86510100,142,355,86520000,74929
3,8652,86520000,86520100,142,355,86530000,74942
3,8653,86530000,86530100,142,355,86540000,74948
3,8654,86540000,86540100,142,355,86550000,74955
3,8655,86550000,86550100,142,355,86560000,74966
3,8656,86560000,86560100,142,355,86570000,74975
3,8657,86570000,86570100,142,355,86580000,74982
3,8658,86580000,86580100,142,355,86590000,74992
3,8659,86590000,86590100,142,355,86600000,75000
3,866,8660000,8660100,142,355,8670000,7500
3,8660,86600000,86600100,142,355,86610000,75009
3,8661,86610000,86610100,142,355,86620000,75017
3,8662,86620000,86620100,142,355,86630000,75027
3,8663,86630000,86630100,142,355,86640000,75033
3,8664,86640000,86640100,142,355,86650000,75045
3,8665,86650000,86650100,142,355,86660000,75052
3,8666,86660000,86660100,142,355,86670000,75061
3,8667,86670000,86670100,142,355,86680000,75069
3,8668,86680000,86680100,142,355,86690000,75078
3,8669,86690000,86690100,142,355,86700000,75086
3,867,8670000,8670100,142,355,8680000,7508
3,8670,86700000,86700100,142,355,86710000,75097
3,8671,86710000,86710100,142,355,86720000,75103
3,8672,86720000,86720100,142,355,86730000,75112
3,8673,86730000,86730100,142,355,86740000,75123
3,8674,86740000,86740100,142,355,86750000,75130
3,8675,86750000,86750100,142,355,86760000,75137
3,8676,86760000,86760100,142,355,86770000,75150
3,8677,86770000,86770100,142,355,86780000,75156
3,8678,86780000,86780100,142,355,86790000,75163
3,8679,86790000,86790100,142,355,86800000,75172
3,868,8680000,8680100,142,355,8690000,7518
3,8680,86800000,86800100,142,355,86810000,75184
3,8681,86810000,86810100,142,355,86820000,75190
3,8682,86820000,86820100,142,355,86830000,75200
3,8683,86830000,86830100,142,355,86840000,75208
3,8684,86840000,86840100,142,355,86850000,75217
3,8685,86850000,86850100,142,355,86860000,75226
3,8686,86860000,86860100,142,355,86870000,75233
3,8687,86870000,86870100,142,355,86880000,75241
3,8688,86880000,86880100,142,355,86890000,75253
3,8689,86890000,86890100,142,355,86900000,75259
3,869,8690000,8690100,142,355,8700000,7525
3,8690,86900000,86900100,142,355,86910000,75270
3,8691,86910000,86910100,142,355,86920000,75278
3,8692,86920000,86920100,142,355,86930000,75286
3,8693,86930000,86930100,142,355,86940000,75292
3,8694,86940000,86940100,142,355,86950000,75304
3,8695,86950000,86950100,142,355,86960000,75312
3,8696,86960000,86960100,142,355,86970000,75321
3,8697,86970000,86970100,142,355,86980000,75331
3,8698,86980000,86980100,142,355,86990000,75338
3,8699,86990000,86990100,142,355,87000000,75344
3,87,870000,870100,142,355,880000,753
3,870,8700000,8700100,142,355,8710000,7536
3,8700,87000000,87000100,142,355,87010000,75356
3,8701,87010000,87010100,142,355,87020000,75365
3,8702,87020000,87020100,142,355,87030000,75372
3,8703,87030000,87030100,142,355,87040000,75380
3,8704,87040000,87040100,142,355,87050000,75391
3,8705,87050000,87050100,142,355,87060000,75398
3,8706,87060000,87060100,142,355,87070000,75409
3,8707,87070000,87070100,142,355,87080000,75415
3,8708,87080000,87080100,142,355,87090000,75425
3,8709,87090000,87090100,142,355,87100000,75433
3,871,8710000,8710100,142,355,8720000,7544
3,8710,87100000,87100100,142,355,87110000,75441
3,8711,87110000,87110100,142,355,87120000,75449
3,8712,87120000,87120100,142,355,87130000,75462
3,8713,87130000,87130100,142,355,87140000,75468
3,8714,87140000,87140100,142,355,87150000,75475
3,8715,87150000,87150100,142,355,87160000,75486
3,8716,87160000,87160100,142,355,87170000,75494
3,8717,87170000,87170100,142,355,87180000,75501
3,8718,87180000,87180100,142,355,87190000,75513
3,8719,87190000,87190100,142,355,87200000,75519
3,872,8720000,8720100,142,355,8730000,7553
3,8720,87200000,87200100,142,355,87210000,75529
3,8721,87210000,87210100,142,355,87220000,75537
3,8722,87220000,87220100,142,355,87230000,75546
3,8723,87230000,87230100,142,355,87240000,75553
3,8724,87240000,87240100,142,355,87250000,75564
3,8725,87250000,87250100,142,355,87260000,75573
3,8726,87260000,87260100,142,355,87270000,75580
3,8727,87270000,87270100,142,355,87280000,75588
3,8728,87280000,87280100,142,355,87290000,75598
3,8729,87290000,87290100,142,355,87300000,75606
3,873,8730000,8730100,142,355,8740000,7561
3,8730,87300000,87300100,142,355,87310000,75617
3,8731,87310000,87310100,142,355,87320000,75623
3,8732,87320000,87320100,142,355,87330000,75633
3,8733,87330000,87330100,142,355,87340000,75641
3,8734,87340000,87340100,142,355,87350000,75649
3,8735,87350000,87350100,142,355,87360000,75656
3,8736,87360000,87360100,142,355,87370000,75670
3,8737,87370000,87370100,142,355,87380000,75676
3,8738,87380000,87380100,142,355,87390000,75683
3,8739,87390000,87390100,142,355,87400000,75694
3,874,8740000,8740100,142,355,8750000,7569
3,8740,87400000,87400100,142,355,87410000,75703
3,8741,87410000,87410100,142,355,87420000,75709
3,8742,87420000,87420100,142,355,87430000,75719
3,8743,87430000,87430100,142,355,87440000,75727
3,8744,87440000,87440100,142,355,87450000,75736
3,8745,87450000,87450100,142,355,87460000,75746
3,8746,87460000,87460100,142,355,87470000,75755
3,8747,87470000,87470100,142,355,87480000,75761
3,8748,87480000,87480100,142,355,87490000,75772
3,8749,87490000,87490100,142,355,87500000,75778
3,875,8750000,8750100,142,355,8760000,7578
3,8750,87500000,87500100,142,355,87510000,75789
3,8751,87510000,87510100,142,355,87520000,75797
3,8752,87520000,87520100,142,355,87530000,75806
3,8753,87530000,87530100,142,355,87540000,75814
3,8754,87540000,87540100,142,355,87550000,75824
3,8755,87550000,87550100,142,355,87560000,75831
3,8756,87560000,87560100,142,355,87570000,75840
3,8757,87570000,87570100,142,355,87580000,75850
3,8758,87580000,87580100,142,355,87590000,75857
3,8759,87590000,87590100,142,355,87600000,75863
3,876,8760000,8760100,142,355,8770000,7589
3,8760,87600000,87600100,142,355,87610000,75878
3,8761,87610000,87610100,142,355,87620000,75885
3,8762,87620000,87620100,142,355,87630000,75892
3,8763,87630000,87630100,142,355,87640000,75900
3,8764,87640000,87640100,142,355,87650000,75910
3,8765,87650000,87650100,142,355,87660000,75917
3,8766,87660000,87660100,142,355,87670000,75927
3,8767,87670000,87670100,142,355,87680000,75936
3,8768,87680000,87680100,142,355,87690000,75945
3,8769,87690000,87690100,142,355,87700000,75953
3,877,8770000,8770100,142,355,8780000,7595
3,8770,87700000,87700100,142,355,87710000,75961
3,8771,87710000,87710100,142,355,87720000,75969
3,8772,87720000,87720100,142,355,87730000,75981
3,8773,87730000,87730100,142,355,87740000,75987
3,8774,87740000,87740100,142,355,87750000,75996
3,8775,87750000,87750100,142,355,87760000,76005
3,8776,87760000,87760100,142,355,87770000,76014
3,8777,87770000,87770100,142,355,87780000,76020
3,8778,87780000,87780100,142,355,87790000,76033
3,8779,87790000,87790100,142,355,87800000,76039
3,878,8780000,8780100,142,355,8790000,7604
3,8780,87800000,87800100,142,355,87810000,76048
3,8781,87810000,87810100,142,355,87820000,76058
3,8782,87820000,87820100,142,355,87830000,76065
3,8783,87830000,87830100,142,355,87840000,76072
3,8784,87840000,87840100,142,355,87850000,76084
3,8785,87850000,87850100,142,355,87860000,76093
3,8786,87860000,87860100,142,355,87870000,76100
3,8787,87870000,87870100,142,355,87880000,76108
3,8788,87880000,87880100,142,355,87890000,76118
3,8789,87890000,87890100,142,355,87900000,76125
3,879,8790000,8790100,142,355,8800000,7612
3,8790,87900000,87900100,142,355,87910000,76136
3,8791,87910000,87910100,142,355,87920000,76142
3,8792,87920000,87920100,142,355,87930000,76153
3,8793,87930000,87930100,142,355,87940000,76161
3,8794,87940000,87940100,142,355,87950000,76169
3,8795,87950000,87950100,142,355,87960000,76178
3,8796,87960000,87960100,142,355,87970000,76189
3,8797,87970000,87970100,142,355,87980000,76195
3,8798,87980000,87980100,142,355,87990000,76202
3,8799,87990000,87990100,142,355,88000000,76212
3,88,880000,880100,142,355,890000,763
3,880,8800000,8800100,142,355,8810000,7623
3,8800,88000000,88000100,142,355,88010000,76223
3,8801,88010000,88010100,142,355,88020000,76229
3,8802,88020000,88020100,142,355,88030000,76241
3,8803,88030000,88030100,142,355,88040000,76247
3,8804,88040000,88040100,142,355,88050000,76255
3,8805,88050000,88050100,142,355,88060000,76265
3,8806,88060000,88060100,142,355,88070000,76274
3,8807,88070000,88070100,142,355,88080000,76280
3,8808,88080000,88080100,142,355,88090000,76292
3,8809,88090000,88090100,142,355,88100000,76300
3,881,8810000,8810100,142,355,8820000,7629
3,8810,88100000,88100100,142,355,88110000,76308
3,8811,88110000,88110100,142,355,88120000,76317
3,8812,88120000,88120100,142,355,88130000,76325
3,8813,88130000,88130100,142,355,88140000,76333
3,8814,88140000,88140100,142,355,88150000,76343
3,8815,88150000,88150100,142,355,88160000,76350
3,8816,88160000,88160100,142,355,88170000,76362
3,8817,88170000,88170100,142,355,88180000,76370
3,8818,88180000,88180100,142,355,88190000,76377
3,8819,88190000,88190100,142,355,88200000,76383
3,882,8820000,8820100,142,355,8830000,7641
3,8820,88200000,88200100,142,355,88210000,76397
3,8821,88210000,88210100,142,355,88220000,76403
3,8822,88220000,88220100,142,355,88230000,76411
3,8823,88230000,88230100,142,355,88240000,76421
3,8824,88240000,88240100,142,355,88250000,76430
3,8825,88250000,88250100,142,355,88260000,76437
3,8826,88260000,88260100,142,355,88270000,76447
3,8827,88270000,88270100,142,355,88280000,76456
3,8828,88280000,88280100,142,355,88290000,76464
3,8829,88290000,88290100,142,355,88300000,76472
3,883,8830000,8830100,142,355,8840000,7647
3,8830,88300000,88300100,142,355,88310000,76482
3,8831,88310000,88310100,142,355,88320000,76488
3,8832,88320000,88320100,142,355,88330000,76500
3,8833,88330000,88330100,142,355,88340000,76507
3,8834,88340000,88340100,142,355,88350000,76516
3,8835,88350000,88350100,142,355,88360000,76525
3,8836,88360000,88360100,142,355,88370000,76533
3,8837,88370000,88370100,142,355,88380000,76541
3,8838,88380000,88380100,142,355,88390000,76552
3,8839,88390000,88390100,142,355,88400000,76558
3,884,8840000,8840100,142,355,8850000,7655
3,8840,88400000,88400100,142,355,88410000,76568
3,8841,88410000,88410100,142,355,88420000,76578
3,8842,88420000,88420100,142,355,88430000,76585
3,8843,88430000,88430100,142,355,88440000,76591
3,8844,88440000,88440100,142,355,88450000,76605
3,8845,88450000,88450100,142,355,88460000,76612
3,8846,88460000,88460100,142,355,88470000,76619
3,8847,88470000,88470100,142,355,88480000,76627
3,8848,88480000,88480100,142,355,88490000,76638
3,8849,88490000,88490100,142,355,88500000,76645
3,885,8850000,8850100,142,355,8860000,7667
3,8850,88500000,88500100,142,355,88510000,76656
3,8851,88510000,88510100,142,355,88520000,76664
3,8852,88520000,88520100,142,355,88530000,76672
3,8853,88530000,88530100,142,355,88540000,76680
3,8854,88540000,88540100,142,355,88550000,76687
3,8855,88550000,88550100,142,355,88560000,76697
3,8856,88560000,88560100,142,355,88570000,76709
3,8857,88570000,88570100,142,355,88580000,76715
3,8858,88580000,88580100,142,355,88590000,76724
3,8859,88590000,88590100,142,355,88600000,76732
3,886,8860000,8860100,142,355,8870000,7674
3,8860,88600000,88600100,142,355,88610000,76742
3,8861,88610000,88610100,142,355,88620000,76748
3,8862,88620000,88620100,142,355,88630000,76760
3,8863,88630000,88630100,142,355,88640000,76766
3,8864,88640000,88640100,142,355,88650000,76775
3,8865,88650000,88650100,142,355,88660000,76786
3,8866,88660000,88660100,142,355,88670000,76794
3,8867,88670000,88670100,142,355,88680000,76800
3,8868,88680000,88680100,142,355,88690000,76811
3,8869,88690000,88690100,142,355,88700000,76819
3,887,8870000,8870100,142,355,8880000,7680
3,8870,88700000,88700100,142,355,88710000,76827
3,8871,88710000,88710100,142,355,88720000,76836
3,8872,88720000,88720100,142,355,88730000,76847
3,8873,88730000,88730100,142,355,88740000,76853
3,8874,88740000,88740100,142,355,88750000,76863
3,8875,88750000,88750100,142,355,88760000,76870
3,8876,88760000,88760100,142,355,88770000,76880
3,8877,88770000,88770100,142,355,88780000,76889
3,8878,88780000,88780100,142,355,88790000,76896
3,8879,88790000,88790100,142,355,88800000,76904
3,888,8880000,8880100,142,355,8890000,7692
3,8880,88800000,88800100,142,355,88810000,76917
3,8881,88810000,88810100,142,355,88820000,76923
3,8882,88820000,88820100,142,355,88830000,76931
3,8883,88830000,88830100,142,355,88840000,76941
3,8884,88840000,88840100,142,355,88850000,76949
3,8885,88850000,88850100,142,355,88860000,76956
3,8886,88860000,88860100,142,355,88870000,76968
3,8887,88870000,88870100,142,355,88880000,76974
3,8888,88880000,88880100,142,355,88890000,76984
3,8889,88890000,88890100,142,355,88900000,76992
3,889,8890000,8890100,142,355,8900000,7700
3,8890,88900000,88900100,142,355,88910000,77002
3,8891,88910000,88910100,142,355,88920000,77008
3,8892,88920000,88920100,142,355,88930000,77019
3,8893,88930000,88930100,142,355,88940000,77028
3,8894,88940000,88940100,142,355,88950000,77035
3,8895,88950000,88950100,142,355,88960000,77044
3,8896,88960000,88960100,142,355,88970000,77053
3,8897,88970000,88970100,142,355,88980000,77061
3,8898,88980000,88980100,142,355,88990000,77071
3,8899,88990000,88990100,142,355,89000000,77078
3,89,890000,890100,142,355,900000,769
3,890,8900000,8900100,142,355,8910000,7708
3,8900,89000000,89000100,142,355,89010000,77089
3,8901,89010000,89010100,142,355,89020000,77097
3,8902,89020000,89020100,142,355,89030000,77104
3,8903,89030000,89030100,142,355,89040000,77110
3,8904,89040000,89040100,142,355,89050000,77125
3,8905,89050000,89050100,142,355,89060000,77132
3,8906,89060000,89060100,142,355,89070000,77139
3,8907,89070000,89070100,142,355,89080000,77149
3,8908,89080000,89080100,142,355,89090000,77157
3,8909,89090000,89090100,142,355,89100000,77163
3,891,8910000,8910100,142,355,8920000,7717
3,8910,89100000,89100100,142,355,89110000,77175
3,8911,89110000,89110100,142,355,89120000,77183
3,8912,89120000,89120100,142,355,89130000,77192
3,8913,89130000,89130100,142,355,89140000,77200
3,8914,89140000,89140100,142,355,89150000,77209
3,8915,89150000,89150100,142,355,89160000,77217
3,8916,89160000,89160100,142,355,89170000,77228
3,8917,89170000,89170100,142,355,89180000,77234
3,8918,89180000,89180100,142,355,89190000,77243
3,8919,89190000,89190100,142,355,89200000,77251
3,892,8920000,8920100,142,355,8930000,7727
3,8920,89200000,89200100,142,355,89210000,77261
3,8921,89210000,89210100,142,355,89220000,77270
3,8922,89220000,89220100,142,355,89230000,77280
3,8923,89230000,89230100,142,355,89240000,77286
3,8924,89240000,89240100,142,355,89250000,77294
3,8925,89250000,89250100,142,355,89260000,77305
3,8926,89260000,89260100,142,355,89270000,77313
3,8927,89270000,89270100,142,355,89280000,77319
3,8928,89280000,89280100,142,355,89290000,77333
3,8929,89290000,89290100,142,355,89300000,77339
3,893,8930000,8930100,142,355,8940000,7733
3,8930,89300000,89300100,142,355,89310000,77347
3,8931,89310000,89310100,142,355,89320000,77355
3,8932,89320000,89320100,142,355,89330000,77366
3,8933,89330000,89330100,142,355,89340000,77372
3,8934,89340000,89340100,142,355,89350000,77382
3,8935,89350000,89350100,142,355,89360000,77391
3,8936,89360000,89360100,142,355,89370000,77400
3,8937,89370000,89370100,142,355,89380000,77409
3,8938,89380000,89380100,142,355,89390000,77416
3,8939,89390000,89390100,142,355,89400000,77424
3,894,8940000,8940100,142,355,8950000,7743
3,8940,89400000,89400100,142,355,89410000,77436
3,8941,89410000,89410100,142,355,89420000,77442
3,8942,89420000,89420100,142,355,89430000,77451
3,8943,89430000,89430100,142,355,89440000,77460
3,8944,89440000,89440100,142,355,89450000,77469
3,8945,89450000,89450100,142,355,89460000,77476
3,8946,89460000,89460100,142,355,89470000,77488
3,8947,89470000,89470100,142,355,89480000,77494
3,8948,89480000,89480100,142,355,89490000,77503
3,8949,89490000,89490100,142,355,89500000,77513
3,895,8950000,8950100,142,355,8960000,7750
3,8950,89500000,89500100,142,355,89510000,77521
3,8951,89510000,89510100,142,355,89520000,77527
3,8952,89520000,89520100,142,355,89530000,77539
3,8953,89530000,89530100,142,355,89540000,77547
3,8954,89540000,89540100,142,355,89550000,77555
3,8955,89550000,89550100,142,355,89560000,77564
3,8956,89560000,89560100,142,355,89570000,77574
3,8957,89570000,89570100,142,355,89580000,77580
3,8958,89580000,89580100,142,355,89590000,77590
3,8959,89590000,89590100,142,355,89600000,77597
3,896,8960000,8960100,142,355,8970000,7762
3,8960,89600000,89600100,142,355,89610000,77609
3,8961,89610000,89610100,142,355,89620000,77617
3,8962,89620000,89620100,142,355,89630000,77624
3,8963,89630000,89630100,142,355,89640000,77632
3,8964,89640000,89640100,142,355,89650000,77643
3,8965,89650000,89650100,142,355,89660000,77651
3,8966,89660000,89660100,142,355,89670000,77658
3,8967,89670000,89670100,142,355,89680000,77668
3,8968,89680000,89680100,142,355,89690000,77677
3,8969,89690000,89690100,142,355,89700000,77683
3,897,8970000,8970100,142,355,8980000,7770
3,8970,89700000,89700100,142,355,89710000,77697
3,8971,89710000,89710100,142,355,89720000,77703
3,8972,89720000,89720100,142,355,89730000,77711
3,8973,89730000,89730100,142,355,89740000,77719
3,8974,89740000,89740100,142,355,89750000,77728
3,8975,89750000,89750100,142,355,89760000,77735
3,8976,89760000,89760100,142,355,89770000,77748
3,8977,89770000,89770100,142,355,89780000,77756
3,8978,89780000,89780100,142,355,89790000,77763
3,8979,89790000,89790100,142,355,89800000,77771
3,898,8980000,8980100,142,355,8990000,7777
3,8980,89800000,89800100,142,355,89810000,77780
3,8981,89810000,89810100,142,355,89820000,77789
3,8982,89820000,89820100,142,355,89830000,77799
3,8983,89830000,89830100,142,355,89840000,77805
3,8984,89840000,89840100,142,355,89850000,77816
3,8985,89850000,89850100,142,355,89860000,77825
3,8986,89860000,89860100,142,355,89870000,77832
3,8987,89870000,89870100,142,355,89880000,77839
3,8988,89880000,89880100,142,355,89890000,77852
3,8989,89890000,89890100,142,355,89900000,77858
3,899,8990000,8990100,142,355,9000000,7785
3,8990,89900000,89900100,142,355,89910000,77866
3,8991,89910000,89910100,142,355,89920000,77876
3,8992,89920000,89920100,142,355,89930000,77886
3,8993,89930000,89930100,142,355,89940000,77892
3,8994,89940000,89940100,142,355,89950000,77902
3,8995,89950000,89950100,142,355,89960000,77911
3,8996,89960000,89960100,142,355,89970000,77919
3,8997,89970000,89970100,142,355,89980000,77927
3,8998,89980000,89980100,142,355,89990000,77937
3,8999,89990000,89990100,142,355,90000000,77943
3,9,90000,90100,142,355,100000,77
3,90,900000,900100,142,355,910000,780
3,900,9000000,9000100,142,355,9010000,7797
3,9000,90000000,90000100,142,355,90010000,77956
3,9001,90010000,90010100,142,355,90020000,77962
3,9002,90020000,90020100,142,355,90030000,77971
3,9003,90030000,90030100,142,355,90040000,77980
3,9004,90040000,90040100,142,355,90050000,77988
3,9005,90050000,90050100,142,355,90060000,77997
3,9006,90060000,90060100,142,355,90070000,78007
3,9007,90070000,90070100,142,355,90080000,78013
3,9008,90080000,90080100,142,355,90090000,78022
3,9009,90090000,90090100,142,355,90100000,78033
3,901,9010000,9010100,142,355,9020000,7803
3,9010,90100000,90100100,142,355,90110000,78041
3,9011,90110000,90110100,142,355,90120000,78047
3,9012,90120000,90120100,142,355,90130000,78060
3,9013,90130000,90130100,142,355,90140000,78066
3,9014,90140000,90140100,142,355,90150000,78074
3,9015,90150000,90150100,142,355,90160000,78083
3,9016,90160000,90160100,142,355,90170000,78094
3,9017,90170000,90170100,142,355,90180000,78100
3,9018,90180000,90180100,142,355,90190000,78110
3,9019,90190000,90190100,142,355,90200000,78118
3,902,9020000,9020100,142,355,9030000,7811
3,9020,90200000,90200100,142,355,90210000,78128
3,9021,90210000,90210100,142,355,90220000,78136
3,9022,90220000,90220100,142,355,90230000,78143
3,9023,90230000,90230100,142,355,90240000,78151
3,9024,90240000,90240100,142,355,90250000,78163
3,9025,90250000,90250100,142,355,90260000,78171
3,9026,90260000,90260100,142,355,90270000,78180
3,9027,90270000,90270100,142,355,90280000,78188
3,9028,90280000,90280100,142,355,90290000,78196
3,9029,90290000,90290100,142,355,90300000,78202
3,903,9030000,9030100,142,355,9040000,7821
3,9030,90300000,90300100,142,355,90310000,78215
3,9031,90310000,90310100,142,355,90320000,78222
3,9032,90320000,90320100,142,355,90330000,78231
3,9033,90330000,90330100,142,355,90340000,78241
3,9034,90340000,90340100,142,355,90350000,78248
3,9035,90350000,90350100,142,355,90360000,78255
3,9036,90360000,90360100,142,355,90370000,78267
3,9037,90370000,90370100,142,355,90380000,78275
3,9038,90380000,90380100,142,355,90390000,78282
3,9039,90390000,90390100,142,355,90400000,78290
3,904,9040000,9040100,142,355,9050000,7830
3,9040,90400000,90400100,142,355,90410000,78302
3,9041,90410000,90410100,142,355,90420000,78308
3,9042,90420000,90420100,142,355,90430000,78319
3,9043,90430000,90430100,142,355,90440000,78325
3,9044,90440000,90440100,142,355,90450000,78335
3,9045,90450000,90450100,142,355,90460000,78344
3,9046,90460000,90460100,142,355,90470000,78351
3,9047,90470000,90470100,142,355,90480000,78360
3,9048,90480000,90480100,142,355,90490000,78372
3,9049,90490000,90490100,142,355,90500000,78378
3,905,9050000,9050100,142,355,9060000,7837
3,9050,90500000,90500100,142,355,90510000,78386
3,9051,90510000,90510100,142,355,90520000,78396
3,9052,90520000,90520100,142,355,90530000,78404
3,9053,90530000,90530100,142,355,90540000,78411
3,9054,90540000,90540100,142,355,90550000,78423
3,9055,90550000,90550100,142,355,90560000,78430
3,9056,90560000,90560100,142,355,90570000,78439
3,9057,90570000,90570100,142,355,90580000,78447
3,9058,90580000,90580100,142,355,90590000,78457
3,9059,90590000,90590100,142,355,90600000,78463
3,906,9060000,9060100,142,355,9070000,7849
3,9060,90600000,90600100,142,355,90610000,78475
3,9061,90610000,90610100,142,355,90620000,78483
3,9062,90620000,90620100,142,355,90630000,78490
3,9063,90630000,90630100,142,355,90640000,78498
3,9064,90640000,90640100,142,355,90650000,78508
3,9065,90650000,90650100,142,355,90660000,78517
3,9066,90660000,90660100,142,355,90670000,78527
3,9067,90670000,90670100,142,355,90680000,78533
3,9068,90680000,90680100,142,355,90690000,78543
3,9069,90690000,90690100,142,355,90700000,78552
3,907,9070000,9070100,142,355,9080000,7856
3,9070,90700000,90700100,142,355,90710000,78560
3,9071,90710000,90710100,142,355,90720000,78566
3,9072,90720000,90720100,142,355,90730000,78580
3,9073,90730000,90730100,142,355,90740000,78586
3,9074,90740000,90740100,142,355,90750000,78593
3,9075,90750000,90750100,142,355,90760000,78605
3,9076,90760000,90760100,142,355,90770000,78613
3,9077,90770000,90770100,142,355,90780000,78619
3,9078,90780000,90780100,142,355,90790000,78629
3,9079,90790000,90790100,142,355,90800000,78637
3,908,9080000,9080100,142,355,9090000,7864
3,9080,90800000,90800100,142,355,90810000,78648
3,9081,90810000,90810100,142,355,90820000,78656
3,9082,90820000,90820100,142,355,90830000,78665
3,9083,90830000,90830100,142,355,90840000,78671
3,9084,90840000,90840100,142,355,90850000,78682
3,9085,90850000,90850100,142,355,90860000,78689
3,9086,90860000,90860100,142,355,90870000,78699
3,9087,90870000,90870100,142,355,90880000,78707
3,9088,90880000,90880100,142,355,90890000,78716
3,9089,90890000,90890100,142,355,90900000,78724
3,909,9090000,9090100,142,355,9100000,7872
3,9090,90900000,90900100,142,355,90910000,78735
3,9091,90910000,90910100,142,355,90920000,78742
3,9092,90920000,90920100,142,355,90930000,78750
3,9093,90930000,90930100,142,355,90940000,78760
3,9094,90940000,90940100,142,355,90950000,78767
3,9095,90950000,90950100,142,355,90960000,78774
3,9096,90960000,90960100,142,355,90970000,78788
3,9097,90970000,90970100,142,355,90980000,78795
3,9098,90980000,90980100,142,355,90990000,78802
3,9099,90990000,90990100,142,355,91000000,78810
3,91,910000,910100,142,355,920000,788
3,910,9100000,9100100,142,355,9110000,7882
3,9100,91000000,91000100,142,355,91010000,78821
3,9101,91010000,91010100,142,355,91020000,78827
3,9102,91020000,91020100,142,355,91030000,78838
3,9103,91030000,91030100,142,355,91040000,78846
3,9104,91040000,91040100,142,355,91050000,78855
3,9105,91050000,91050100,142,355,91060000,78864
3,9106,91060000,91060100,142,355,91070000,78871
3,9107,91070000,91070100,142,355,91080000,78879
3,9108,91080000,91080100,142,355,91090000,78891
3,9109,91090000,91090100,142,355,91100000,78897
3,911,9110000,9110100,142,355,9120000,7888
3,9110,91100000,91100100,142,355,91110000,78907
3,9111,91110000,91110100,142,355,91120000,78915
3,9112,91120000,91120100,142,355,91130000,78924
3,9113,91130000,91130100,142,355,91140000,78931
3,9114,91140000,91140100,142,355,91150000,78943
3,9115,91150000,91150100,142,355,91160000,78950
3,9116,91160000,91160100,142,355,91170000,78958
3,9117,91170000,91170100,142,355,91180000,78968
3,9118,91180000,91180100,142,355,91190000,78975
3,9119,91190000,91190100,142,355,91200000,78982
3,912,9120000,9120100,142,355,9130000,7900
3,9120,91200000,91200100,142,355,91210000,78995
3,9121,91210000,91210100,142,355,91220000,79003
3,9122,91220000,91220100,142,355,91230000,79010
3,9123,91230000,91230100,142,355,91240000,79018
3,9124,91240000,91240100,142,355,91250000,79029
3,9125,91250000,91250100,142,355,91260000,79036
3,9126,91260000,91260100,142,355,91270000,79046
3,9127,91270000,91270100,142,355,91280000,79052
3,9128,91280000,91280100,142,355,91290000,79063
3,9129,91290000,91290100,142,355,91300000,79071
3,913,9130000,9130100,142,355,9140000,7909
3,9130,91300000,91300100,142,355,91310000,79080
3,9131,91310000,91310100,142,355,91320000,79088
3,9132,91320000,91320100,142,355,91330000,79099
3,9133,91330000,91330100,142,355,91340000,79105
3,9134,91340000,91340100,142,355,91350000,79112
3,9135,91350000,91350100,142,355,91360000,79124
3,9136,91360000,91360100,142,355,91370000,79133
3,9137,91370000,91370100,142,355,91380000,79139
3,9138,91380000,91380100,142,355,91390000,79151
3,9139,91390000,91390100,142,355,91400000,79157
3,914,9140000,9140100,142,355,9150000,7916
3,9140,91400000,91400100,142,355,91410000,79166
3,9141,91410000,91410100,142,355,91420000,79175
3,9142,91420000,91420100,142,355,91430000,79184
3,9143,91430000,91430100,142,355,91440000,79190
3,9144,91440000,91440100,142,355,91450000,79202
3,9145,91450000,91450100,142,355,91460000,79211
3,9146,91460000,91460100,142,355,91470000,79219
3,9147,91470000,91470100,142,355,91480000,79227
3,9148,91480000,91480100,142,355,91490000,79235
3,9149,91490000,91490100,142,355,91500000,79243
3,915,9150000,9150100,142,355,9160000,7925
3,9150,91500000,91500100,142,355,91510000,79254
3,9151,91510000,91510100,142,355,91520000,79260
3,9152,91520000,91520100,142,355,91530000,79272
3,9153,91530000,91530100,142,355,91540000,79280
3,9154,91540000,91540100,142,355,91550000,79287
3,9155,91550000,91550100,142,355,91560000,79294
3,9156,91560000,91560100,142,355,91570000,79307
3,9157,91570000,91570100,142,355,91580000,79314
3,9158,91580000,91580100,142,355,91590000,79321
3,9159,91590000,91590100,142,355,91600000,79331
3,916,9160000,9160100,142,355,9170000,7933
3,9160,91600000,91600100,142,355,91610000,79341
3,9161,91610000,91610100,142,355,91620000,79347
3,9162,91620000,91620100,142,355,91630000,79357
3,9163,91630000,91630100,142,355,91640000,79366
3,9164,91640000,91640100,142,355,91650000,79374
3,9165,91650000,91650100,142,355,91660000,79383
3,9166,91660000,91660100,142,355,91670000,79392
3,9167,91670000,91670100,142,355,91680000,79398
3,9168,91680000,91680100,142,355,91690000,79411
3,9169,91690000,91690100,142,355,91700000,79417
3,917,9170000,9170100,142,355,9180000,7941
3,9170,91700000,91700100,142,355,91710000,79427
3,9171,91710000,91710100,142,355,91720000,79435
3,9172,91720000,91720100,142,355,91730000,79443
3,9173,91730000,91730100,142,355,91740000,79451
3,9174,91740000,91740100,142,355,91750000,79462
3,9175,91750000,91750100,142,355,91760000,79469
3,9176,91760000,91760100,142,355,91770000,79478
3,9177,91770000,91770100,142,355,91780000,79488
3,9178,91780000,91780100,142,355,91790000,79495
3,9179,91790000,91790100,142,355,91800000,79502
3,918,9180000,9180100,142,355,9190000,7952
3,9180,91800000,91800100,142,355,91810000,79516
3,9181,91810000,91810100,142,355,91820000,79522
3,9182,91820000,91820100,142,355,91830000,79529
3,9183,91830000,91830100,142,355,91840000,79537
3,9184,91840000,91840100,142,355,91850000,79548
3,9185,91850000,91850100,142,355,91860000,79556
3,9186,91860000,91860100,142,355,91870000,79566
3,9187,91870000,91870100,142,355,91880000,79574
3,9188,91880000,91880100,142,355,91890000,79582
3,9189,91890000,91890100,142,355,91900000,79590
3,919,9190000,9190100,142,355,9200000,7958
3,9190,91900000,91900100,142,355,91910000,79599
3,9191,91910000,91910100,142,355,91920000,79607
3,9192,91920000,91920100,142,355,91930000,79619
3,9193,91930000,91930100,142,355,91940000,79625
3,9194,91940000,91940100,142,355,91950000,79634
3,9195,91950000,91950100,142,355,91960000,79643
3,9196,91960000,91960100,142,355,91970000,79652
3,9197,91970000,91970100,142,355,91980000,79658
3,9198,91980000,91980100,142,355,91990000,79670
3,9199,91990000,91990100,142,355,92000000,79676
3,92,920000,920100,142,355,930000,796
3,920,9200000,9200100,142,355,9210000,7970
3,9200,92000000,92000100,142,355,92010000,79686
3,9201,92010000,92010100,142,355,92020000,79697
3,9202,92020000,92020100,142,355,92030000,79704
3,9203,92030000,92030100,142,355,92040000,79710
3,9204,92040000,92040100,142,355,92050000,79721
3,9205,92050000,92050100,142,355,92060000,79730
3,9206,92060000,92060100,142,355,92070000,79737
3,9207,92070000,92070100,142,355,92080000,79746
3,9208,92080000,92080100,142,355,92090000,79757
3,9209,92090000,92090100,142,355,92100000,79763
3,921,9210000,9210100,142,355,9220000,7978
3,9210,92100000,92100100,142,355,92110000,79774
3,9211,92110000,92110100,142,355,92120000,79780
3,9212,92120000,92120100,142,355,92130000,79791
3,9213,92130000,92130100,142,355,92140000,79799
3,9214,92140000,92140100,142,355,92150000,79806
3,9215,92150000,92150100,142,355,92160000,79815
3,9216,92160000,92160100,142,355,92170000,79827
3,9217,92170000,92170100,142,355,92180000,79833
3,9218,92180000,92180100,142,355,92190000,79841
3,9219,92190000,92190100,142,355,92200000,79851
3,922,9220000,9220100,142,355,9230000,7985
3,9220,92200000,92200100,142,355,92210000,79860
3,9221,92210000,92210100,142,355,92220000,79866
3,9222,92220000,92220100,142,355,92230000,79878
3,9223,92230000,92230100,142,355,92240000,79885
3,9224,92240000,92240100,142,355,92250000,79894
3,9225,92250000,92250100,142,355,92260000,79903
3,9226,92260000,92260100,142,355,92270000,79912
3,9227,92270000,92270100,142,355,92280000,79918
3,9228,92280000,92280100,142,355,92290000,79929
3,9229,92290000,92290100,142,355,92300000,79938
3,923,9230000,9230100,142,355,9240000,7991
3,9230,92300000,92300100,142,355,92310000,79946
3,9231,92310000,92310100,142,355,92320000,79954
3,9232,92320000,92320100,142,355,92330000,79963
3,9233,92330000,92330100,142,355,92340000,79971
3,9234,92340000,92340100,142,355,92350000,79982
3,9235,92350000,92350100,142,355,92360000,79989
3,9236,92360000,92360100,142,355,92370000,79999
3,9237,92370000,92370100,142,355,92380000,80007
3,9238,92380000,92380100,142,355,92390000,80014
3,9239,92390000,92390100,142,355,92400000,80020
3,924,9240000,9240100,142,355,9250000,8005
3,925,9250000,9250100,142,355,9260000,8012
3,926,9260000,9260100,142,355,9270000,8019
3,927,9270000,9270100,142,355,9280000,8029
3,928,9280000,9280100,142,355,9290000,8038
3,929,9290000,9290100,142,355,9300000,8045
3,93,930000,930100,142,355,940000,805
3,930,9300000,9300100,142,355,9310000,8056
3,931,9310000,9310100,142,355,9320000,8064
3,932,9320000,9320100,142,355,9330000,8072
3,933,9330000,9330100,142,355,9340000,8080
3,934,9340000,9340100,142,355,9350000,8089
3,935,9350000,9350100,142,355,9360000,8097
3,936,9360000,9360100,142,355,9370000,8109
3,937,9370000,9370100,142,355,9380000,8115
3,938,9380000,9380100,142,355,9390000,8124
3,939,9390000,9390100,142,355,9400000,8132
3,94,940000,940100,142,355,950000,814
3,940,9400000,9400100,142,355,9410000,8142
3,941,9410000,9410100,142,355,9420000,8150
3,942,9420000,9420100,142,355,9430000,8160
3,943,9430000,9430100,142,355,9440000,8166
3,944,9440000,9440100,142,355,9450000,8175
3,945,9450000,9450100,142,355,9460000,8186
3,946,9460000,9460100,142,355,9470000,8194
3,947,9470000,9470100,142,355,9480000,8200
3,948,9480000,9480100,142,355,9490000,8213
3,949,9490000,9490100,142,355,9500000,8219
3,95,950000,950100,142,355,960000,821
3,950,9500000,9500100,142,355,9510000,8227
3,951,9510000,9510100,142,355,9520000,8236
3,952,9520000,9520100,142,355,9530000,8247
3,953,9530000,9530100,142,355,9540000,8253
3,954,9540000,9540100,142,355,9550000,8263
3,955,9550000,9550100,142,355,9560000,8272
3,956,9560000,9560100,142,355,9570000,8280
3,957,9570000,9570100,142,355,9580000,8289
3,958,9580000,9580100,142,355,9590000,8296
3,959,9590000,9590100,142,355,9600000,8304
3,96,960000,960100,142,355,970000,833
3,960,9600000,9600100,142,355,9610000,8317
3,961,9610000,9610100,142,355,9620000,8323
3,962,9620000,9620100,142,355,9630000,8333
3,963,9630000,9630100,142,355,9640000,8341
3,964,9640000,9640100,142,355,9650000,8349
3,965,9650000,9650100,142,355,9660000,8356
3,966,9660000,9660100,142,355,9670000,8368
3,967,9670000,9670100,142,355,9680000,8374
3,968,9680000,9680100,142,355,9690000,8384
3,969,9690000,9690100,142,355,9700000,8394
3,97,970000,970100,142,355,980000,839
3,970,9700000,9700100,142,355,9710000,8402
3,971,9710000,9710100,142,355,9720000,8408
3,972,9720000,9720100,142,355,9730000,8419
3,973,9730000,9730100,142,355,9740000,8428
3,974,9740000,9740100,142,355,9750000,8435
3,975,9750000,9750100,142,355,9760000,8444
3,976,9760000,9760100,142,355,9770000,8455
3,977,9770000,9770100,142,355,9780000,8461
3,978,9780000,9780100,142,355,9790000,8471
3,979,9790000,9790100,142,355,9800000,8478
3,98,980000,980100,142,355,990000,848
3,980,9800000,9800100,142,355,9810000,8489
3,981,9810000,9810100,142,355,9820000,8497
3,982,9820000,9820100,142,355,9830000,8504
3,983,9830000,9830100,142,355,9840000,8512
3,984,9840000,9840100,142,355,9850000,8525
3,985,9850000,9850100,142,355,9860000,8532
3,986,9860000,9860100,142,355,9870000,8539
3,987,9870000,9870100,142,355,9880000,8549
3,988,9880000,9880100,142,355,9890000,8557
3,989,9890000,9890100,142,355,9900000,8563
3,99,990000,990100,142,355,1000000,857
3,990,9900000,9900100,142,355,9910000,8577
3,991,9910000,9910100,142,355,9920000,8583
3,992,9920000,9920100,142,355,9930000,8592
3,993,9930000,9930100,142,355,9940000,8600
3,994,9940000,9940100,142,355,9950000,8609
3,995,9950000,9950100,142,355,9960000,8617
3,996,9960000,9960100,142,355,9970000,8628
3,997,9970000,9970100,142,355,9980000,8636
3,998,9980000,9980100,142,355,9990000,8643
3,999,9990000,9990100,142,355,10000000,8651
4,0,0,100,422,1053,10000,4
4,1,10000,10100,422,1053,20000,10
4,10,100000,100100,422,1053,110000,88
4,100,1000000,1000100,422,1053,1010000,867
4,1000,10000000,10000100,422,1053,10010000,8662
4,1001,10010000,10010100,422,1053,10020000,8671
4,1002,10020000,10020100,422,1053,10030000,8681
4,1003,10030000,10030100,422,1053,10040000,8687
4,1004,10040000,10040100,422,1053,10050000,8697
4,1005,10050000,10050100,422,1053,10060000,8706
4,1006,10060000,10060100,422,1053,10070000,8714
4,1007,10070000,10070100,422,1053,10080000,8720
4,1008,10080000,10080100,422,1053,10090000,8734
4,1009,10090000,10090100,422,1053,10100000,8740
4,101,1010000,1010100,422,1053,1020000,875
4,1010,10100000,10100100,422,1053,10110000,8748
4,1011,10110000,10110100,422,1053,10120000,8758
4,1012,10120000,10120100,422,1053,10130000,8767
4,1013,10130000,10130100,422,1053,10140000,8773
4,1014,10140000,10140100,422,1053,10150000,8783
4,1015,10150000,10150100,422,1053,10160000,8792
4,1016,10160000,10160100,422,1053,10170000,8801
4,1017,10170000,10170100,422,1053,10180000,8810
4,1018,10180000,10180100,422,1053,10190000,8819
4,1019,10190000,10190100,422,1053,10200000,8825
4,102,1020000,1020100,422,1053,1030000,885
4,1020,10200000,10200100,422,1053,10210000,8837
4,1021,10210000,10210100,422,1053,10220000,8843
4,1022,10220000,10220100,422,1053,10230000,8852
4,1023,10230000,10230100,422,1053,10240000,8861
4,1024,10240000,10240100,422,1053,10250000,8870
4,1025,10250000,10250100,422,1053,10260000,8879
4,1026,10260000,10260100,422,1053,10270000,8889
4,1027,10270000,10270100,422,1053,10280000,8895
4,1028,10280000,10280100,422,1053,10290000,8904
4,1029,10290000,10290100,422,1053,10300000,8914
4,103,1030000,1030100,422,1053,1040000,891
4,1030,10300000,10300100,422,1053,10310000,8922
4,1031,10310000,10310100,422,1053,10320000,8928
4,1032,10320000,10320100,422,1053,10330000,8942
4,1033,10330000,10330100,422,1053,10340000,8948
4,1034,10340000,10340100,422,1053,10350000,8956
4,1035,10350000,10350100,422,1053,10360000,8965
4,1036,10360000,10360100,422,1053,10370000,8975
4,1037,10370000,10370100,422,1053,10380000,8981
4,1038,10380000,10380100,422,1053,10390000,8991
4,1039,10390000,10390100,422,1053,10400000,9000
4,104,1040000,1040100,422,1053,1050000,901
4,1040,10400000,10400100,422,1053,10410000,9010
4,1041,10410000,10410100,422,1053,10420000,9018
4,1042,10420000,10420100,422,1053,10430000,9025
4,1043,10430000,10430100,422,1053,10440000,9033
4,1044,10440000,10440100,422,1053,10450000,9044
4,1045,10450000,10450100,422,1053,10460000,9052
4,1046,10460000,10460100,422,1053,10470000,9061
4,1047,10470000,10470100,422,1053,10480000,9069
4,1048,10480000,10480100,422,1053,10490000,9078
4,1049,10490000,10490100,422,1053,10500000,9084
4,105,1050000,1050100,422,1053,1060000,912
4,1050,10500000,10500100,422,1053,10510000,9098
4,1051,10510000,10510100,422,1053,10520000,9104
4,1052,10520000,10520100,422,1053,10530000,9112
4,1053,10530000,10530100,422,1053,10540000,9122
4,1054,10540000,10540100,422,1053,10550000,9129
4,1055,10550000,10550100,422,1053,10560000,9136
4,1056,10560000,10560100,422,1053,10570000,9149
4,1057,10570000,10570100,422,1053,10580000,9157
4,1058,10580000,10580100,422,1053,10590000,9164
4,1059,10590000,10590100,422,1053,10600000,9172
4,106,1060000,1060100,422,1053,1070000,919
4,1060,10600000,10600100,422,1053,10610000,9183
4,1061,10610000,10610100,422,1053,10620000,9190
4,1062,10620000,10620100,422,1053,10630000,9200
4,1063,10630000,10630100,422,1053,10640000,9206
4,1064,10640000,10640100,422,1053,10650000,9217
4,1065,10650000,10650100,422,1053,10660000,9226
4,1066,10660000,10660100,422,1053,10670000,9233
4,1067,10670000,10670100,422,1053,10680000,9242
4,1068,10680000,10680100,422,1053,10690000,9253
4,1069,10690000,10690100,422,1053,10700000,9259
4,107,1070000,1070100,422,1053,1080000,925
4,1070,10700000,10700100,422,1053,10710000,9267
4,1071,10710000,10710100,422,1053,10720000,9277
4,1072,10720000,10720100,422,1053,10730000,9287
4,1073,10730000,10730100,422,1053,10740000,9293
4,1074,10740000,10740100,422,1053,10750000,9305
4,1075,10750000,10750100,422,1053,10760000,9312
4,1076,10760000,10760100,422,1053,10770000,9320
4,1077,10770000,10770100,422,1053,10780000,9328
4,1078,10780000,10780100,422,1053,10790000,9338
4,1079,10790000,10790100,422,1053,10800000,9344
4,108,1080000,1080100,422,1053,1090000,938
4,1080,10800000,10800100,422,1053,10810000,9357
4,1081,10810000,10810100,422,1053,10820000,9365
4,1082,10820000,10820100,422,1053,10830000,9372
4,1083,10830000,10830100,422,1053,10840000,9381
4,1084,10840000,10840100,422,1053,10850000,9389
4,1085,10850000,10850100,422,1053,10860000,9398
4,1086,10860000,10860100,422,1053,10870000,9408
4,1087,10870000,10870100,422,1053,10880000,9414
4,1088,10880000,10880100,422,1053,10890000,9425
4,1089,10890000,10890100,422,1053,10900000,9434
4,109,1090000,1090100,422,1053,1100000,944
4,1090,10900000,10900100,422,1053,10910000,9442
4,1091,10910000,10910100,422,1053,10920000,9448
4,1092,10920000,10920100,422,1053,10930000,9461
4,1093,10930000,10930100,422,1053,10940000,9467
4,1094,10940000,10940100,422,1053,10950000,9475
4,1095,10950000,10950100,422,1053,10960000,9486
4,1096,10960000,10960100,422,1053,10970000,9495
4,1097,10970000,10970100,422,1053,10980000,9501
4,1098,10980000,10980100,422,1053,10990000,9511
4,1099,10990000,10990100,422,1053,11000000,9519
4,11,110000,110100,422,1053,120000,95
4,110,1100000,1100100,422,1053,1110000,953
4,1100,11000000,11000100,422,1053,11010000,9529
4,1101,11010000,11010100,422,1053,11020000,9537
4,1102,11020000,11020100,422,1053,11030000,9546
4,1103,11030000,11030100,422,1053,11040000,9552
4,1104,11040000,11040100,422,1053,11050000,9564
4,1105,11050000,11050100,422,1053,11060000,9572
4,1106,11060000,11060100,422,1053,11070000,9581
4,1107,11070000,11070100,422,1053,11080000,9589
4,1108,11080000,11080100,422,1053,11090000,9597
4,1109,11090000,11090100,422,1053,11100000,9605
4,111,1110000,1110100,422,1053,1120000,961
4,1110,11100000,11100100,422,1053,11110000,9616
4,1111,11110000,11110100,422,1053,11120000,9623
4,1112,11120000,11120100,422,1053,11130000,9632
4,1113,11130000,11130100,422,1053,11140000,9642
4,1114,11140000,11140100,422,1053,11150000,9649
4,1115,11150000,11150100,422,1053,11160000,9656
4,1116,11160000,11160100,422,1053,11170000,9670
4,1117,11170000,11170100,422,1053,11180000,9676
4,1118,11180000,11180100,422,1053,11190000,9683
4,1119,11190000,11190100,422,1053,11200000,9691
4,112,1120000,1120100,422,1053,1130000,972
4,1120,11200000,11200100,422,1053,11210000,9703
4,1121,11210000,11210100,422,1053,11220000,9709
4,1122,11220000,11220100,422,1053,11230000,9720
4,1123,11230000,11230100,422,1053,11240000,9728
4,1124,11240000,11240100,422,1053,11250000,9736
4,1125,11250000,11250100,422,1053,11260000,9745
4,1126,11260000,11260100,422,1053,11270000,9752
4,1127,11270000,11270100,422,1053,11280000,9761
4,1128,11280000,11280100,422,1053,11290000,9773
4,1129,11290000,11290100,422,1053,11300000,9779
4,113,1130000,1130100,422,1053,1140000,978
4,1130,11300000,11300100,422,1053,11310000,9789
4,1131,11310000,11310100,422,1053,11320000,9797
4,1132,11320000,11320100,422,1053,11330000,9805
4,1133,11330000,11330100,422,1053,11340000,9812
4,1134,11340000,11340100,422,1053,11350000,9824
4,1135,11350000,11350100,422,1053,11360000,9831
4,1136,11360000,11360100,422,1053,11370000,9840
4,1137,11370000,11370100,422,1053,11380000,9850
4,1138,11380000,11380100,422,1053,11390000,9858
4,1139,11390000,11390100,422,1053,11400000,9864
4,114,1140000,1140100,422,1053,1150000,988
4,1140,11400000,11400100,422,1053,11410000,9876
4,1141,11410000,11410100,422,1053,11420000,9884
4,1142,11420000,11420100,422,1053,11430000,9891
4,1143,11430000,11430100,422,1053,11440000,9899
4,1144,11440000,11440100,422,1053,11450000,9911
4,1145,11450000,11450100,422,1053,11460000,9918
4,1146,11460000,11460100,422,1053,11470000,9928
4,1147,11470000,11470100,422,1053,11480000,9934
4,1148,11480000,11480100,422,1053,11490000,9944
4,1149,11490000,11490100,422,1053,11500000,9953
4,115,1150000,1150100,422,1053,1160000,998
4,1150,11500000,11500100,422,1053,11510000,9961
4,1151,11510000,11510100,422,1053,11520000,9969
4,1152,11520000,11520100,422,1053,11530000,9981
4,1153,11530000,11530100,422,1053,11540000,9987
4,1154,11540000,11540100,422,1053,11550000,9994
4,1155,11550000,11550100,422,1053,11560000,10006
4,1156,11560000,11560100,422,1053,11570000,10014
4,1157,11570000,11570100,422,1053,11580000,10020
4,1158,11580000,11580100,422,1053,11590000,10032
4,1159,11590000,11590100,422,1053,11600000,10038
4,116,1160000,1160100,422,1053,1170000,1006
4,1160,11600000,11600100,422,1053,11610000,10049
4,1161,11610000,11610100,422,1053,11620000,10057
4,1162,11620000,11620100,422,1053,11630000,10066
4,1163,11630000,11630100,422,1053,11640000,10072
4,1164,11640000,11640100,422,1053,11650000,10083
4,1165,11650000,11650100,422,1053,11660000,10092
4,1166,11660000,11660100,422,1053,11670000,10100
4,1167,11670000,11670100,422,1053,11680000,10108
4,1168,11680000,11680100,422,1053,11690000,10117
4,1169,11690000,11690100,422,1053,11700000,10125
4,117,1170000,1170100,422,1053,1180000,1014
4,1170,11700000,11700100,422,1053,11710000,10136
4,1171,11710000,11710100,422,1053,11720000,10143
4,1172,11720000,11720100,422,1053,11730000,10153
4,1173,11730000,11730100,422,1053,11740000,10161
4,1174,11740000,11740100,422,1053,11750000,10168
4,1175,11750000,11750100,422,1053,11760000,10175
4,1176,11760000,11760100,422,1053,11770000,10189
4,1177,11770000,11770100,422,1053,11780000,10196
4,1178,11780000,11780100,422,1053,11790000,10203
4,1179,11790000,11790100,422,1053,11800000,10213
4,118,1180000,1180100,422,1053,1190000,1021
4,1180,11800000,11800100,422,1053,11810000,10222
4,1181,11810000,11810100,422,1053,11820000,10228
4,1182,11820000,11820100,422,1053,11830000,10239
4,1183,11830000,11830100,422,1053,11840000,10247
4,1184,11840000,11840100,422,1053,11850000,10256
4,1185,11850000,11850100,422,1053,11860000,10265
4,1186,11860000,11860100,422,1053,11870000,10274
4,1187,11870000,11870100,422,1053,11880000,10280
4,1188,11880000,11880100,422,1053,11890000,10292
4,1189,11890000,11890100,422,1053,11900000,10298
4,119,1190000,1190100,422,1053,1200000,1029
4,1190,11900000,11900100,422,1053,11910000,10308
4,1191,11910000,11910100,422,1053,11920000,10316
4,1192,11920000,11920100,422,1053,11930000,10325
4,1193,11930000,11930100,422,1053,11940000,10334
4,1194,11940000,11940100,422,1053,11950000,10344
4,1195,11950000,11950100,422,1053,11960000,10351
4,1196,11960000,11960100,422,1053,11970000,10359
4,1197,11970000,11970100,422,1053,11980000,10369
4,1198,11980000,11980100,422,1053,11990000,10376
4,1199,11990000,11990100,422,1053,12000000,10383
4,12,120000,120100,422,1053,130000,106
4,120,1200000,1200100,422,1053,1210000,1042
4,1200,12000000,12000100,422,1053,12010000,10398
4,1201,12010000,12010100,422,1053,12020000,10404
4,1202,12020000,12020100,422,1053,12030000,10411
4,1203,12030000,12030100,422,1053,12040000,10419
4,1204,12040000,12040100,422,1053,12050000,10430
4,1205,12050000,12050100,422,1053,12060000,10437
4,1206,12060000,12060100,422,1053,12070000,10447
4,1207,12070000,12070100,422,1053,12080000,10455
4,1208,12080000,12080100,422,1053,12090000,10464
4,1209,12090000,12090100,422,1053,12100000,10472
4,121,1210000,1210100,422,1053,1220000,1049
4,1210,12100000,12100100,422,1053,12110000,10481
4,1211,12110000,12110100,422,1053,12120000,10489
4,1212,12120000,12120100,422,1053,12130000,10500
4,1213,12130000,12130100,422,1053,12140000,10506
4,1214,12140000,12140100,422,1053,12150000,10515
4,1215,12150000,12150100,422,1053,12160000,10525
4,1216,12160000,12160100,422,1053,12170000,10534
4,1217,12170000,12170100,422,1053,12180000,10540
4,1218,12180000,12180100,422,1053,12190000,10552
4,1219,12190000,12190100,422,1053,12200000,10558
4,122,1220000,1220100,422,1053,1230000,1058
4,1220,12200000,12200100,422,1053,12210000,10567
4,1221,12210000,12210100,422,1053,12220000,10578
4,1222,12220000,12220100,422,1053,12230000,10585
4,1223,12230000,12230100,422,1053,12240000,10591
4,1224,12240000,12240100,422,1053,12250000,10603
4,1225,12250000,12250100,422,1053,12260000,10612
4,1226,12260000,12260100,422,1053,12270000,10620
4,1227,12270000,12270100,422,1053,12280000,10628
4,1228,12280000,12280100,422,1053,12290000,10638
4,1229,12290000,12290100,422,1053,12300000,10644
4,123,1230000,1230100,422,1053,1240000,1066
4,1230,12300000,12300100,422,1053,12310000,10655
4,1231,12310000,12310100,422,1053,12320000,10661
4,1232,12320000,12320100,422,1053,12330000,10673
4,1233,12330000,12330100,422,1053,12340000,10681
4,1234,12340000,12340100,422,1053,12350000,10688
4,1235,12350000,12350100,422,1053,12360000,10697
4,1236,12360000,12360100,422,1053,12370000,10708
4,1237,12370000,12370100,422,1053,12380000,10715
4,1238,12380000,12380100,422,1053,12390000,10722
4,1239,12390000,12390100,422,1053,12400000,10732
4,124,1240000,1240100,422,1053,1250000,1074
4,1240,12400000,12400100,422,1053,12410000,10742
4,1241,12410000,12410100,422,1053,12420000,10748
4,1242,12420000,12420100,422,1053,12430000,10760
4,1243,12430000,12430100,422,1053,12440000,10767
4,1244,12440000,12440100,422,1053,12450000,10775
4,1245,12450000,12450100,422,1053,12460000,10784
4,1246,12460000,12460100,422,1053,12470000,10793
4,1247,12470000,12470100,422,1053,12480000,10799
4,1248,12480000,12480100,422,1053,12490000,10812
4,1249,12490000,12490100,422,1053,12500000,10820
4,125,1250000,1250100,422,1053,1260000,1081
4,1250,12500000,12500100,422,1053,12510000,10828
4,1251,12510000,12510100,422,1053,12520000,10836
4,1252,12520000,12520100,422,1053,12530000,10844
4,1253,12530000,12530100,422,1053,12540000,10852
4,1254,12540000,12540100,422,1053,12550000,10863
4,1255,12550000,12550100,422,1053,12560000,10870
4,1256,12560000,12560100,422,1053,12570000,10881
4,1257,12570000,12570100,422,1053,12580000,10889
4,1258,12580000,12580100,422,1053,12590000,10896
4,1259,12590000,12590100,422,1053,12600000,10903
4,126,1260000,1260100,422,1053,1270000,1094
4,1260,12600000,12600100,422,1053,12610000,10917
4,1261,12610000,12610100,422,1053,12620000,10923
4,1262,12620000,12620100,422,1053,12630000,10930
4,1263,12630000,12630100,422,1053,12640000,10940
4,1264,12640000,12640100,422,1053,12650000,10949
4,1265,12650000,12650100,422,1053,12660000,10957
4,1266,12660000,12660100,422,1053,12670000,10967
4,1267,12670000,12670100,422,1053,12680000,10975
4,1268,12680000,12680100,422,1053,12690000,10983
4,1269,12690000,12690100,422,1053,12700000,10991
4,127,1270000,1270100,422,1053,1280000,1100
4,1270,12700000,12700100,422,1053,12710000,11002
4,1271,12710000,12710100,422,1053,12720000,11008
4,1272,12720000,12720100,422,1053,12730000,11020
4,1273,12730000,12730100,422,1053,12740000,11026
4,1274,12740000,12740100,422,1053,12750000,11035
4,1275,12750000,12750100,422,1053,12760000,11044
4,1276,12760000,12760100,422,1053,12770000,11053
4,1277,12770000,12770100,422,1053,12780000,11061
4,1278,12780000,12780100,422,1053,12790000,11071
4,1279,12790000,12790100,422,1053,12800000,11077
4,128,1280000,1280100,422,1053,1290000,1109
4,1280,12800000,12800100,422,1053,12810000,11087
4,1281,12810000,12810100,422,1053,12820000,11098
4,1282,12820000,12820100,422,1053,12830000,11105
4,1283,12830000,12830100,422,1053,12840000,11111
4,1284,12840000,12840100,422,1053,12850000,11124
4,1285,12850000,12850100,422,1053,12860000,11131
4,1286,12860000,12860100,422,1053,12870000,11138
4,1287,12870000,12870100,422,1053,12880000,11147
4,1288,12880000,12880100,422,1053,12890000,11158
4,1289,12890000,12890100,422,1053,12900000,11164
4,129,1290000,1290100,422,1053,1300000,1119
4,1290,12900000,12900100,422,1053,12910000,11175
4,1291,12910000,12910100,422,1053,12920000,11183
4,1292,12920000,12920100,422,1053,12930000,11192
4,1293,12930000,12930100,422,1053,12940000,11200
4,1294,12940000,12940100,422,1053,12950000,11207
4,1295,12950000,12950100,422,1053,12960000,11216
4,1296,12960000,12960100,422,1053,12970000,11228
4,1297,12970000,12970100,422,1053,12980000,11234
4,1298,12980000,12980100,422,1053,12990000,11244
4,1299,12990000,12990100,422,1053,13000000,11252
4,13,130000,130100,422,1053,140000,112
4,130,1300000,1300100,422,1053,1310000,1127
4,1300,13000000,13000100,422,1053,13010000,11261
4,1301,13010000,13010100,422,1053,13020000,11267
4,1302,13020000,13020100,422,1053,13030000,11279
4,1303,13030000,13030100,422,1053,13040000,11286
4,1304,13040000,13040100,422,1053,13050000,11295
4,1305,13050000,13050100,422,1053,13060000,11306
4,1306,13060000,13060100,422,1053,13070000,11313
4,1307,13070000,13070100,422,1053,13080000,11319
4,1308,13080000,13080100,422,1053,13090000,11330
4,1309,13090000,13090100,422,1053,13100000,11339
4,131,1310000,1310100,422,1053,1320000,1133
4,1310,13100000,13100100,422,1053,13110000,11347
4,1311,13110000,13110100,422,1053,13120000,11355
4,1312,13120000,13120100,422,1053,13130000,11366
4,1313,13130000,13130100,422,1053,13140000,11372
4,1314,13140000,13140100,422,1053,13150000,11383
4,1315,13150000,13150100,422,1053,13160000,11390
4,1316,13160000,13160100,422,1053,13170000,11400
4,1317,13170000,13170100,422,1053,13180000,11408
4,1318,13180000,13180100,422,1053,13190000,11415
4,1319,13190000,13190100,422,1053,13200000,11423
4,132,1320000,1320100,422,1053,1330000,1145
4,1320,13200000,13200100,422,1053,13210000,11437
4,1321,13210000,13210100,422,1053,13220000,11443
4,1322,13220000,13220100,422,1053,13230000,11450
4,1323,13230000,13230100,422,1053,13240000,11460
4,1324,13240000,13240100,422,1053,13250000,11468
4,1325,13250000,13250100,422,1053,13260000,11476
4,1326,13260000,13260100,422,1053,13270000,11488
4,1327,13270000,13270100,422,1053,13280000,11494
4,1328,13280000,13280100,422,1053,13290000,11503
4,1329,13290000,13290100,422,1053,13300000,11511
4,133,1330000,1330100,422,1053,1340000,1153
4,1330,13300000,13300100,422,1053,13310000,11521
4,1331,13310000,13310100,422,1053,13320000,11528
4,1332,13320000,13320100,422,1053,13330000,11539
4,1333,13330000,13330100,422,1053,13340000,11547
4,1334,13340000,13340100,422,1053,13350000,11554
4,1335,13350000,13350100,422,1053,13360000,11563
4,1336,13360000,13360100,422,1053,13370000,11573
4,1337,13370000,13370100,422,1053,13380000,11581
4,1338,13380000,13380100,422,1053,13390000,11591
4,1339,13390000,13390100,422,1053,13400000,11597
4,134,1340000,1340100,422,1053,1350000,1160
4,1340,13400000,13400100,422,1053,13410000,11608
4,1341,13410000,13410100,422,1053,13420000,11616
4,1342,13420000,13420100,422,1053,13430000,11624
4,1343,13430000,13430100,422,1053,13440000,11630
4,1344,13440000,13440100,422,1053,13450000,11644
4,1345,13450000,13450100,422,1053,13460000,11651
4,1346,13460000,13460100,422,1053,13470000,11658
4,1347,13470000,13470100,422,1053,13480000,11669
4,1348,13480000,13480100,422,1053,13490000,11677
4,1349,13490000,13490100,422,1053,13500000,11683
4,135,1350000,1350100,422,1053,1360000,1169
4,1350,13500000,13500100,422,1053,13510000,11694
4,1351,13510000,13510100,422,1053,13520000,11702
4,1352,13520000,13520100,422,1053,13530000,11711
4,1353,13530000,13530100,422,1053,13540000,11720
4,1354,13540000,13540100,422,1053,13550000,11729
4,1355,13550000,13550100,422,1053,13560000,11736
4,1356,13560000,13560100,422,1053,13570000,11747
4,1357,13570000,13570100,422,1053,13580000,11753
4,1358,13580000,13580100,422,1053,13590000,11763
4,1359,13590000,13590100,422,1053,13600000,11771
4,136,1360000,1360100,422,1053,1370000,1180
4,1360,13600000,13600100,422,1053,13610000,11781
4,1361,13610000,13610100,422,1053,13620000,11789
4,1362,13620000,13620100,422,1053,13630000,11799
4,1363,13630000,13630100,422,1053,13640000,11805
4,1364,13640000,13640100,422,1053,13650000,11814
4,1365,13650000,13650100,422,1053,13660000,11825
4,1366,13660000,13660100,422,1053,13670000,11832
4,1367,13670000,13670100,422,1053,13680000,11838
4,1368,13680000,13680100,422,1053,13690000,11852
4,1369,13690000,13690100,422,1053,13700000,11859
4,137,1370000,1370100,422,1053,1380000,1187
4,1370,13700000,13700100,422,1053,13710000,11867
4,1371,13710000,13710100,422,1053,13720000,11875
4,1372,13720000,13720100,422,1053,13730000,11885
4,1373,13730000,13730100,422,1053,13740000,11891
4,1374,13740000,13740100,422,1053,13750000,11901
4,1375,13750000,13750100,422,1053,13760000,11911
4,1376,13760000,13760100,422,1053,13770000,11920
4,1377,13770000,13770100,422,1053,13780000,11928
4,1378,13780000,13780100,422,1053,13790000,11935
4,1379,13790000,13790100,422,1053,13800000,11943
4,138,1380000,1380100,422,1053,1390000,1197
4,1380,13800000,13800100,422,1053,13810000,11956
4,1381,13810000,13810100,422,1053,13820000,11962
4,1382,13820000,13820100,422,1053,13830000,11971
4,1383,13830000,13830100,422,1053,13840000,11979
4,1384,13840000,13840100,422,1053,13850000,11988
4,1385,13850000,13850100,422,1053,13860000,11995
4,1386,13860000,13860100,422,1053,13870000,12008
4,1387,13870000,13870100,422,1053,13880000,12014
4,1388,13880000,13880100,422,1053,13890000,12022
4,1389,13890000,13890100,422,1053,13900000,12032
4,139,1390000,1390100,422,1053,1400000,1203
4,1390,13900000,13900100,422,1053,13910000,12040
4,1391,13910000,13910100,422,1053,13920000,12047
4,1392,13920000,13920100,422,1053,13930000,12059
4,1393,13930000,13930100,422,1053,13940000,12067
4,1394,13940000,13940100,422,1053,13950000,12074
4,1395,13950000,13950100,422,1053,13960000,12083
4,1396,13960000,13960100,422,1053,13970000,12093
4,1397,13970000,13970100,422,1053,13980000,12100
4,1398,13980000,13980100,422,1053,13990000,12110
4,1399,13990000,13990100,422,1053,14000000,12116
4,14,140000,140100,422,1053,150000,121
4,140,1400000,1400100,422,1053,1410000,1214
4,1400,14000000,14000100,422,1053,14010000,12128
4,1401,14010000,14010100,422,1053,14020000,12136
4,1402,14020000,14020100,422,1053,14030000,12144
4,1403,14030000,14030100,422,1053,14040000,12152
4,1404,14040000,14040100,422,1053,14050000,12163
4,1405,14050000,14050100,422,1053,14060000,12170
4,1406,14060000,14060100,422,1053,14070000,12177
4,1407,14070000,14070100,422,1053,14080000,12187
4,1408,14080000,14080100,422,1053,14090000,12197
4,1409,14090000,14090100,422,1053,14100000,12203
4,141,1410000,1410100,422,1053,1420000,1222
4,1410,14100000,14100100,422,1053,14110000,12216
4,1411,14110000,14110100,422,1053,14120000,12222
4,1412,14120000,14120100,422,1053,14130000,12230
4,1413,14130000,14130100,422,1053,14140000,12239
4,1414,14140000,14140100,422,1053,14150000,12248
4,1415,14150000,14150100,422,1053,14160000,12255
4,1416,14160000,14160100,422,1053,14170000,12267
4,1417,14170000,14170100,422,1053,14180000,12275
4,1418,14180000,14180100,422,1053,14190000,12282
4,1419,14190000,14190100,422,1053,14200000,12291
4,142,1420000,1420100,422,1053,1430000,1229
4,1420,14200000,14200100,422,1053,14210000,12300
4,1421,14210000,14210100,422,1053,14220000,12308
4,1422,14220000,14220100,422,1053,14230000,12318
4,1423,14230000,14230100,422,1053,14240000,12324
4,1424,14240000,14240100,422,1053,14250000,12336
4,1425,14250000,14250100,422,1053,14260000,12345
4,1426,14260000,14260100,422,1053,14270000,12352
4,1427,14270000,14270100,422,1053,14280000,12358
4,1428,14280000,14280100,422,1053,14290000,12371
4,1429,14290000,14290100,422,1053,14300000,12377
4,143,1430000,1430100,422,1053,1440000,1238
4,1430,14300000,14300100,422,1053,14310000,12386
4,1431,14310000,14310100,422,1053,14320000,12396
4,1432,14320000,14320100,422,1053,14330000,12405
4,1433,14330000,14330100,422,1053,14340000,12411
4,1434,14340000,14340100,422,1053,14350000,12421
4,1435,14350000,14350100,422,1053,14360000,12431
4,1436,14360000,14360100,422,1053,14370000,12439
4,1437,14370000,14370100,422,1053,14380000,12447
4,1438,14380000,14380100,422,1053,14390000,12456
4,1439,14390000,14390100,422,1053,14400000,12462
4,144,1440000,1440100,422,1053,1450000,1250
4,1440,14400000,14400100,422,1053,14410000,12475
4,1441,14410000,14410100,422,1053,14420000,12482
4,1442,14420000,14420100,422,1053,14430000,12491
4,1443,14430000,14430100,422,1053,14440000,12499
4,1444,14440000,14440100,422,1053,14450000,12507
4,1445,14450000,14450100,422,1053,14460000,12516
4,1446,14460000,14460100,422,1053,14470000,12527
4,1447,14470000,14470100,422,1053,14480000,12533
4,1448,14480000,14480100,422,1053,14490000,12542
4,1449,14490000,14490100,422,1053,14500000,12552
4,145,1450000,1450100,422,1053,1460000,1257
4,1450,14500000,14500100,422,1053,14510000,12560
4,1451,14510000,14510100,422,1053,14520000,12566
4,1452,14520000,14520100,422,1053,14530000,12580
4,1453,14530000,14530100,422,1053,14540000,12586
4,1454,14540000,14540100,422,1053,14550000,12593
4,1455,14550000,14550100,422,1053,14560000,12602
4,1456,14560000,14560100,422,1053,14570000,12613
4,1457,14570000,14570100,422,1053,14580000,12620
4,1458,14580000,14580100,422,1053,14590000,12630
4,1459,14590000,14590100,422,1053,14600000,12638
4,146,1460000,1460100,422,1053,1470000,1264
4,1460,14600000,14600100,422,1053,14610000,12647
4,1461,14610000,14610100,422,1053,14620000,12655
4,1462,14620000,14620100,422,1053,14630000,12662
4,1463,14630000,14630100,422,1053,14640000,12671
4,1464,14640000,14640100,422,1053,14650000,12683
4,1465,14650000,14650100,422,1053,14660000,12690
4,1466,14660000,14660100,422,1053,14670000,12699
4,1467,14670000,14670100,422,1053,14680000,12707
4,1468,14680000,14680100,422,1053,14690000,12716
4,1469,14690000,14690100,422,1053,14700000,12722
4,147,1470000,1470100,422,1053,1480000,1274
4,1470,14700000,14700100,422,1053,14710000,12735
4,1471,14710000,14710100,422,1053,14720000,12741
4,1472,14720000,14720100,422,1053,14730000,12750
4,1473,14730000,14730100,422,1053,14740000,12760
4,1474,14740000,14740100,422,1053,14750000,12768
4,1475,14750000,14750100,422,1053,14760000,12775
4,1476,14760000,14760100,422,1053,14770000,12786
4,1477,14770000,14770100,422,1053,14780000,12794
4,1478,14780000,14780100,422,1053,14790000,12801
4,1479,14790000,14790100,422,1053,14800000,12810
4,148,1480000,1480100,422,1053,1490000,1283
4,1480,14800000,14800100,422,1053,14810000,12822
4,1481,14810000,14810100,422,1053,14820000,12828
4,1482,14820000,14820100,422,1053,14830000,12838
4,1483,14830000,14830100,422,1053,14840000,12844
4,1484,14840000,14840100,422,1053,14850000,12854
4,1485,14850000,14850100,422,1053,14860000,12864
4,1486,14860000,14860100,422,1053,14870000,12871
4,1487,14870000,14870100,422,1053,14880000,12879
4,1488,14880000,14880100,422,1053,14890000,12891
4,1489,14890000,14890100,422,1053,14900000,12897
4,149,1490000,1490100,422,1053,1500000,1289
4,1490,14900000,14900100,422,1053,14910000,12906
4,1491,14910000,14910100,422,1053,14920000,12916
4,1492,14920000,14920100,422,1053,14930000,12924
4,1493,14930000,14930100,422,1053,14940000,12930
4,1494,14940000,14940100,422,1053,14950000,12942
4,1495,14950000,14950100,422,1053,14960000,12949
4,1496,14960000,14960100,422,1053,14970000,12959
4,1497,14970000,14970100,422,1053,14980000,12967
4,1498,14980000,14980100,422,1053,14990000,12976
4,1499,14990000,14990100,422,1053,15000000,12982
4,15,150000,150100,422,1053,160000,130
4,150,1500000,1500100,422,1053,1510000,1302
4,1500,15000000,15000100,422,1053,15010000,12994
4,1501,15010000,15010100,422,1053,15020000,13003
4,1502,15020000,15020100,422,1053,15030000,13010
4,1503,15030000,15030100,422,1053,15040000,13018
4,1504,15040000,15040100,422,1053,15050000,13027
4,1505,15050000,15050100,422,1053,15060000,13036
4,1506,15060000,15060100,422,1053,15070000,13046
4,1507,15070000,15070100,422,1053,15080000,13053
4,1508,15080000,15080100,422,1053,15090000,13063
4,1509,15090000,15090100,422,1053,15100000,13071
4,151,1510000,1510100,422,1053,1520000,1308
4,1510,15100000,15100100,422,1053,15110000,13079
4,1511,15110000,15110100,422,1053,15120000,13085
4,1512,15120000,15120100,422,1053,15130000,13100
4,1513,15130000,15130100,422,1053,15140000,13106
4,1514,15140000,15140100,422,1053,15150000,13113
4,1515,15150000,15150100,422,1053,15160000,13124
4,1516,15160000,15160100,422,1053,15170000,13132
4,1517,15170000,15170100,422,1053,15180000,13138
4,1518,15180000,15180100,422,1053,15190000,13149
4,1519,15190000,15190100,422,1053,15200000,13157
4,152,1520000,1520100,422,1053,1530000,1317
4,1520,15200000,15200100,422,1053,15210000,13167
4,1521,15210000,15210100,422,1053,15220000,13175
4,1522,15220000,15220100,422,1053,15230000,13184
4,1523,15230000,15230100,422,1053,15240000,13191
4,1524,15240000,15240100,422,1053,15250000,13202
4,1525,15250000,15250100,422,1053,15260000,13209
4,1526,15260000,15260100,422,1053,15270000,13218
4,1527,15270000,15270100,422,1053,15280000,13226
4,1528,15280000,15280100,422,1053,15290000,13235
4,1529,15290000,15290100,422,1053,15300000,13244
4,153,1530000,1530100,422,1053,1540000,1325
4,1530,15300000,15300100,422,1053,15310000,13255
4,1531,15310000,15310100,422,1053,15320000,13261
4,1532,15320000,15320100,422,1053,15330000,13269
4,1533,15330000,15330100,422,1053,15340000,13279
4,1534,15340000,15340100,422,1053,15350000,13287
4,1535,15350000,15350100,422,1053,15360000,13294
4,1536,15360000,15360100,422,1053,15370000,13308
4,1537,15370000,15370100,422,1053,15380000,13314
4,1538,15380000,15380100,422,1053,15390000,13321
4,1539,15390000,15390100,422,1053,15400000,13329
4,154,1540000,1540100,422,1053,1550000,1335
4,1540,15400000,15400100,422,1053,15410000,13341
4,1541,15410000,15410100,422,1053,15420000,13347
4,1542,15420000,15420100,422,1053,15430000,13357
4,1543,15430000,15430100,422,1053,15440000,13365
4,1544,15440000,15440100,422,1053,15450000,13374
4,1545,15450000,15450100,422,1053,15460000,13384
4,1546,15460000,15460100,422,1053,15470000,13391
4,1547,15470000,15470100,422,1053,15480000,13399
4,1548,15480000,15480100,422,1053,15490000,13410
4,1549,15490000,15490100,422,1053,15500000,13416
4,155,1550000,1550100,422,1053,1560000,1342
4,1550,15500000,15500100,422,1053,15510000,13426
4,1551,15510000,15510100,422,1053,15520000,13435
4,1552,15520000,15520100,422,1053,15530000,13444
4,1553,15530000,15530100,422,1053,15540000,13450
4,1554,15540000,15540100,422,1053,15550000,13462
4,1555,15550000,15550100,422,1053,15560000,13469
4,1556,15560000,15560100,422,1053,15570000,13478
4,1557,15570000,15570100,422,1053,15580000,13488
4,1558,15580000,15580100,422,1053,15590000,13495
4,1559,15590000,15590100,422,1053,15600000,13501
4,156,1560000,1560100,422,1053,1570000,1353
4,1560,15600000,15600100,422,1053,15610000,13514
4,1561,15610000,15610100,422,1053,15620000,13522
4,1562,15620000,15620100,422,1053,15630000,13530
4,1563,15630000,15630100,422,1053,15640000,13538
4,1564,15640000,15640100,422,1053,15650000,13548
4,1565,15650000,15650100,422,1053,15660000,13555
4,1566,15660000,15660100,422,1053,15670000,13565
4,1567,15670000,15670100,422,1053,15680000,13572
4,1568,15680000,15680100,422,1053,15690000,13583
4,1569,15690000,15690100,422,1053,15700000,13591
4,157,1570000,1570100,422,1053,1580000,1361
4,1570,15700000,15700100,422,1053,15710000,13599
4,1571,15710000,15710100,422,1053,15720000,13607
4,1572,15720000,15720100,422,1053,15730000,13618
4,1573,15730000,15730100,422,1053,15740000,13625
4,1574,15740000,15740100,422,1053,15750000,13632
4,1575,15750000,15750100,422,1053,15760000,13643
4,1576,15760000,15760100,422,1053,15770000,13652
4,1577,15770000,15770100,422,1053,15780000,13658
4,1578,15780000,15780100,422,1053,15790000,13671
4,1579,15790000,15790100,422,1053,15800000,13677
4,158,1580000,1580100,422,1053,1590000,1368
4,1580,15800000,15800100,422,1053,15810000,13686
4,1581,15810000,15810100,422,1053,15820000,13694
4,1582,15820000,15820100,422,1053,15830000,13703
4,1583,15830000,15830100,422,1053,15840000,13709
4,1584,15840000,15840100,422,1053,15850000,13722
4,1585,15850000,15850100,422,1053,15860000,13731
4,1586,15860000,15860100,422,1053,15870000,13738
4,1587,15870000,15870100,422,1053,15880000,13746
4,1588,15880000,15880100,422,1053,15890000,13754
4,1589,15890000,15890100,422,1053,15900000,13763
4,159,1590000,1590100,422,1053,1600000,1377
4,1590,15900000,15900100,422,1053,15910000,13774
4,1591,15910000,15910100,422,1053,15920000,13780
4,1592,15920000,15920100,422,1053,15930000,13791
4,1593,15930000,15930100,422,1053,15940000,13799
4,1594,15940000,15940100,422,1053,15950000,13806
4,1595,15950000,15950100,422,1053,15960000,13814
4,1596,15960000,15960100,422,1053,15970000,13827
4,1597,15970000,15970100,422,1053,15980000,13833
4,1598,15980000,15980100,422,1053,15990000,13840
4,1599,15990000,15990100,422,1053,16000000,13850
4,16,160000,160100,422,1053,170000,140
4,160,1600000,1600100,422,1053,1610000,1387
4,1600,16000000,16000100,422,1053,16010000,13861
4,1601,16010000,16010100,422,1053,16020000,13867
4,1602,16020000,16020100,422,1053,16030000,13877
4,1603,16030000,16030100,422,1053,16040000,13885
4,1604,16040000,16040100,422,1053,16050000,13893
4,1605,16050000,16050100,422,1053,16060000,13902
4,1606,16060000,16060100,422,1053,16070000,13912
4,1607,16070000,16070100,422,1053,16080000,13918
4,1608,16080000,16080100,422,1053,16090000,13930
4,1609,16090000,16090100,422,1053,16100000,13936
4,161,1610000,1610100,422,1053,1620000,1395
4,1610,16100000,16100100,422,1053,16110000,13946
4,1611,16110000,16110100,422,1053,16120000,13955
4,1612,16120000,16120100,422,1053,16130000,13963
4,1613,16130000,16130100,422,1053,16140000,13971
4,1614,16140000,16140100,422,1053,16150000,13981
4,1615,16150000,16150100,422,1053,16160000,13988
4,1616,16160000,16160100,422,1053,16170000,13997
4,1617,16170000,16170100,422,1053,16180000,14008
4,1618,16180000,16180100,422,1053,16190000,14015
4,1619,16190000,16190100,422,1053,16200000,14021
4,162,1620000,1620100,422,1053,1630000,1405
4,1620,16200000,16200100,422,1053,16210000,14035
4,1621,16210000,16210100,422,1053,16220000,14041
4,1622,16220000,16220100,422,1053,16230000,14049
4,1623,16230000,16230100,422,1053,16240000,14057
4,1624,16240000,16240100,422,1053,16250000,14068
4,1625,16250000,16250100,422,1053,16260000,14075
4,1626,16260000,16260100,422,1053,16270000,14085
4,1627,16270000,16270100,422,1053,16280000,14093
4,1628,16280000,16280100,422,1053,16290000,14102
4,1629,16290000,16290100,422,1053,16300000,14110
4,163,1630000,1630100,422,1053,1640000,1411
4,1630,16300000,16300100,422,1053,16310000,14118
4,1631,16310000,16310100,422,1053,16320000,14126
4,1632,16320000,16320100,422,1053,16330000,14138
4,1633,16330000,16330100,422,1053,16340000,14145
4,1634,16340000,16340100,422,1053,16350000,14154
4,1635,16350000,16350100,422,1053,16360000,14163
4,1636,16360000,16360100,422,1053,16370000,14171
4,1637,16370000,16370100,422,1053,16380000,14177
4,1638,16380000,16380100,422,1053,16390000,14189
4,1639,16390000,16390100,422,1053,16400000,14196
4,164,1640000,1640100,422,1053,1650000,1421
4,1640,16400000,16400100,422,1053,16410000,14206
4,1641,16410000,16410100,422,1053,16420000,14216
4,1642,16420000,16420100,422,1053,16430000,14223
4,1643,16430000,16430100,422,1053,16440000,14229
4,1644,16440000,16440100,422,1053,16450000,14241
4,1645,16450000,16450100,422,1053,16460000,14250
4,1646,16460000,16460100,422,1053,16470000,14257
4,1647,16470000,16470100,422,1053,16480000,14265
4,1648,16480000,16480100,422,1053,16490000,14276
4,1649,16490000,16490100,422,1053,16500000,14282
4,165,1650000,1650100,422,1053,1660000,1431
4,1650,16500000,16500100,422,1053,16510000,14294
4,1651,16510000,16510100,422,1053,16520000,14300
4,1652,16520000,16520100,422,1053,16530000,14310
4,1653,16530000,16530100,422,1053,16540000,14318
4,1654,16540000,16540100,422,1053,16550000,14325
4,1655,16550000,16550100,422,1053,16560000,14335
4,1656,16560000,16560100,422,1053,16570000,14347
4,1657,16570000,16570100,422,1053,16580000,14353
4,1658,16580000,16580100,422,1053,16590000,14360
4,1659,16590000,16590100,422,1053,16600000,14370
4,166,1660000,1660100,422,1053,1670000,1438
4,1660,16600000,16600100,422,1053,16610000,14379
4,1661,16610000,16610100,422,1053,16620000,14386
4,1662,16620000,16620100,422,1053,16630000,14398
4,1663,16630000,16630100,422,1053,16640000,14404
4,1664,16640000,16640100,422,1053,16650000,14413
4,1665,16650000,16650100,422,1053,16660000,14422
4,1666,16660000,16660100,422,1053,16670000,14432
4,1667,16670000,16670100,422,1053,16680000,14438
4,1668,16680000,16680100,422,1053,16690000,14449
4,1669,16690000,16690100,422,1053,16700000,14457
4,167,1670000,1670100,422,1053,1680000,1444
4,1670,16700000,16700100,422,1053,16710000,14465
4,1671,16710000,16710100,422,1053,16720000,14473
4,1672,16720000,16720100,422,1053,16730000,14483
4,1673,16730000,16730100,422,1053,16740000,14491
4,1674,16740000,16740100,422,1053,16750000,14501
4,1675,16750000,16750100,422,1053,16760000,14508
4,1676,16760000,16760100,422,1053,16770000,14518
4,1677,16770000,16770100,422,1053,16780000,14527
4,1678,16780000,16780100,422,1053,16790000,14534
4,1679,16790000,16790100,422,1053,16800000,14540
4,168,1680000,1680100,422,1053,1690000,1458
4,1680,16800000,16800100,422,1053,16810000,14555
4,1681,16810000,16810100,422,1053,16820000,14561
4,1682,16820000,16820100,422,1053,16830000,14568
4,1683,16830000,16830100,422,1053,16840000,14579
4,1684,16840000,16840100,422,1053,16850000,14587
4,1685,16850000,16850100,422,1053,16860000,14594
4,1686,16860000,16860100,422,1053,16870000,14604
4,1687,16870000,16870100,422,1053,16880000,14612
4,1688,16880000,16880100,422,1053,16890000,14622
4,1689,16890000,16890100,422,1053,16900000,14630
4,169,1690000,1690100,422,1053,1700000,1464
4,1690,16900000,16900100,422,1053,16910000,14640
4,1691,16910000,16910100,422,1053,16920000,14646
4,1692,16920000,16920100,422,1053,16930000,14657
4,1693,16930000,16930100,422,1053,16940000,14663
4,1694,16940000,16940100,422,1053,16950000,14673
4,1695,16950000,16950100,422,1053,16960000,14682
4,1696,16960000,16960100,422,1053,16970000,14691
4,1697,16970000,16970100,422,1053,16980000,14699
4,1698,16980000,16980100,422,1053,16990000,14709
4,1699,16990000,16990100,422,1053,17000000,14716
4,17,170000,170100,422,1053,180000,148
4,170,1700000,1700100,422,1053,1710000,1473
4,1700,17000000,17000100,422,1053,17010000,14725
4,1701,17010000,17010100,422,1053,17020000,14735
4,1702,17020000,17020100,422,1053,17030000,14742
4,1703,17030000,17030100,422,1053,17040000,14748
4,1704,17040000,17040100,422,1053,17050000,14762
4,1705,17050000,17050100,422,1053,17060000,14770
4,1706,17060000,17060100,422,1053,17070000,14777
4,1707,17070000,17070100,422,1053,17080000,14785
4,1708,17080000,17080100,422,1053,17090000,14795
4,1709,17090000,17090100,422,1053,17100000,14801
4,171,1710000,1710100,422,1053,1720000,1483
4,1710,17100000,17100100,422,1053,17110000,14813
4,1711,17110000,17110100,422,1053,17120000,14821
4,1712,17120000,17120100,422,1053,17130000,14830
4,1713,17130000,17130100,422,1053,17140000,14838
4,1714,17140000,17140100,422,1053,17150000,14845
4,1715,17150000,17150100,422,1053,17160000,14854
4,1716,17160000,17160100,422,1053,17170000,14866
4,1717,17170000,17170100,422,1053,17180000,14872
4,1718,17180000,17180100,422,1053,17190000,14881
4,1719,17190000,17190100,422,1053,17200000,14889
4,172,1720000,1720100,422,1053,1730000,1491
4,1720,17200000,17200100,422,1053,17210000,14899
4,1721,17210000,17210100,422,1053,17220000,14906
4,1722,17220000,17220100,422,1053,17230000,14918
4,1723,17230000,17230100,422,1053,17240000,14924
4,1724,17240000,17240100,422,1053,17250000,14932
4,1725,17250000,17250100,422,1053,17260000,14943
4,1726,17260000,17260100,422,1053,17270000,14950
4,1727,17270000,17270100,422,1053,17280000,14957
4,1728,17280000,17280100,422,1053,17290000,14969
4,1729,17290000,17290100,422,1053,17300000,14977
4,173,1730000,1730100,422,1053,1740000,1497
4,1730,17300000,17300100,422,1053,17310000,14985
4,1731,17310000,17310100,422,1053,17320000,14993
4,1732,17320000,17320100,422,1053,17330000,15004
4,1733,17330000,17330100,422,1053,17340000,15010
4,1734,17340000,17340100,422,1053,17350000,15020
4,1735,17350000,17350100,422,1053,17360000,15027
4,1736,17360000,17360100,422,1053,17370000,15038
4,1737,17370000,17370100,422,1053,17380000,15046
4,1738,17380000,17380100,422,1053,17390000,15054
4,1739,17390000,17390100,422,1053,17400000,15062
4,174,1740000,1740100,422,1053,1750000,1507
4,1740,17400000,17400100,422,1053,17410000,15074
4,1741,17410000,17410100,422,1053,17420000,15080
4,1742,17420000,17420100,422,1053,17430000,15087
4,1743,17430000,17430100,422,1053,17440000,15098
4,1744,17440000,17440100,422,1053,17450000,15107
4,1745,17450000,17450100,422,1053,17460000,15114
4,1746,17460000,17460100,422,1053,17470000,15126
4,1747,17470000,17470100,422,1053,17480000,15132
4,1748,17480000,17480100,422,1053,17490000,15140
4,1749,17490000,17490100,422,1053,17500000,15149
4,175,1750000,1750100,422,1053,1760000,1516
4,1750,17500000,17500100,422,1053,17510000,15159
4,1751,17510000,17510100,422,1053,17520000,15165
4,1752,17520000,17520100,422,1053,17530000,15177
4,1753,17530000,17530100,422,1053,17540000,15185
4,1754,17540000,17540100,422,1053,17550000,15193
4,1755,17550000,17550100,422,1053,17560000,15202
4,1756,17560000,17560100,422,1053,17570000,15210
4,1757,17570000,17570100,422,1053,17580000,15218
4,1758,17580000,17580100,422,1053,17590000,15228
4,1759,17590000,17590100,422,1053,17600000,15234
4,176,1760000,1760100,422,1053,1770000,1526
4,1760,17600000,17600100,422,1053,17610000,15247
4,1761,17610000,17610100,422,1053,17620000,15255
4,1762,17620000,17620100,422,1053,17630000,15262
4,1763,17630000,17630100,422,1053,17640000,15268
4,1764,17640000,17640100,422,1053,17650000,15281
4,1765,17650000,17650100,422,1053,17660000,15289
4,1766,17660000,17660100,422,1053,17670000,15296
4,1767,17670000,17670100,422,1053,17680000,15306
4,1768,17680000,17680100,422,1053,17690000,15315
4,1769,17690000,17690100,422,1053,17700000,15321
4,177,1770000,1770100,422,1053,1780000,1534
4,1770,17700000,17700100,422,1053,17710000,15332
4,1771,17710000,17710100,422,1053,17720000,15341
4,1772,17720000,17720100,422,1053,17730000,15349
4,1773,17730000,17730100,422,1053,17740000,15357
4,1774,17740000,17740100,422,1053,17750000,15366
4,1775,17750000,17750100,422,1053,17760000,15373
4,1776,17760000,17760100,422,1053,17770000,15386
4,1777,17770000,17770100,422,1053,17780000,15392
4,1778,17780000,17780100,422,1053,17790000,15401
4,1779,17790000,17790100,422,1053,17800000,15409
4,178,1780000,1780100,422,1053,1790000,1543
4,1780,17800000,17800100,422,1053,17810000,15418
4,1781,17810000,17810100,422,1053,17820000,15426
4,1782,17820000,17820100,422,1053,17830000,15437
4,1783,17830000,17830100,422,1053,17840000,15443
4,1784,17840000,17840100,422,1053,17850000,15452
4,1785,17850000,17850100,422,1053,17860000,15463
4,1786,17860000,17860100,422,1053,17870000,15470
4,1787,17870000,17870100,422,1053,17880000,15477
4,1788,17880000,17880100,422,1053,17890000,15490
4,1789,17890000,17890100,422,1053,17900000,15496
4,179,1790000,1790100,422,1053,1800000,1549
4,1790,17900000,17900100,422,1053,17910000,15504
4,1791,17910000,17910100,422,1053,17920000,15512
4,1792,17920000,17920100,422,1053,17930000,15523
4,1793,17930000,17930100,422,1053,17940000,15530
4,1794,17940000,17940100,422,1053,17950000,15540
4,1795,17950000,17950100,422,1053,17960000,15549
4,1796,17960000,17960100,422,1053,17970000,15557
4,1797,17970000,17970100,422,1053,17980000,15565
4,1798,17980000,17980100,422,1053,17990000,15573
4,1799,17990000,17990100,422,1053,18000000,15581
4,18,180000,180100,422,1053,190000,158
4,180,1800000,1800100,422,1053,1810000,1561
4,1800,18000000,18000100,422,1053,18010000,15594
4,1801,18010000,18010100,422,1053,18020000,15600
4,1802,18020000,18020100,422,1053,18030000,15609
4,1803,18030000,18030100,422,1053,18040000,15617
4,1804,18040000,18040100,422,1053,18050000,15626
4,1805,18050000,18050100,422,1053,18060000,15633
4,1806,18060000,18060100,422,1053,18070000,15645
4,1807,18070000,18070100,422,1053,18080000,15651
4,1808,18080000,18080100,422,1053,18090000,15660
4,1809,18090000,18090100,422,1053,18100000,15671
4,181,1810000,1810100,422,1053,1820000,1568
4,1810,18100000,18100100,422,1053,18110000,15679
4,1811,18110000,18110100,422,1053,18120000,15685
4,1812,18120000,18120100,422,1053,18130000,15696
4,1813,18130000,18130100,422,1053,18140000,15704
4,1814,18140000,18140100,422,1053,18150000,15711
4,1815,18150000,18150100,422,1053,18160000,15721
4,1816,18160000,18160100,422,1053,18170000,15732
4,1817,18170000,18170100,422,1053,18180000,15738
4,1818,18180000,18180100,422,1053,18190000,15748
4,1819,18190000,18190100,422,1053,18200000,15754
4,182,1820000,1820100,422,1053,1830000,1577
4,1820,18200000,18200100,422,1053,18210000,15766
4,1821,18210000,18210100,422,1053,18220000,15774
4,1822,18220000,18220100,422,1053,18230000,15781
4,1823,18230000,18230100,422,1053,18240000,15789
4,1824,18240000,18240100,422,1053,18250000,15801
4,1825,18250000,18250100,422,1053,18260000,15808
4,1826,18260000,18260100,422,1053,18270000,15816
4,1827,18270000,18270100,422,1053,18280000,15826
4,1828,18280000,18280100,422,1053,18290000,15834
4,1829,18290000,18290100,422,1053,18300000,15840
4,183,1830000,1830100,422,1053,1840000,1585
4,1830,18300000,18300100,422,1053,18310000,15853
4,1831,18310000,18310100,422,1053,18320000,15860
4,1832,18320000,18320100,422,1053,18330000,15869
4,1833,18330000,18330100,422,1053,18340000,15877
4,1834,18340000,18340100,422,1053,18350000,15886
4,1835,18350000,18350100,422,1053,18360000,15893
4,1836,18360000,18360100,422,1053,18370000,15904
4,1837,18370000,18370100,422,1053,18380000,15913
4,1838,18380000,18380100,422,1053,18390000,15920
4,1839,18390000,18390100,422,1053,18400000,15928
4,184,1840000,1840100,422,1053,1850000,1594
4,1840,18400000,18400100,422,1053,18410000,15938
4,1841,18410000,18410100,422,1053,18420000,15946
4,1842,18420000,18420100,422,1053,18430000,15957
4,1843,18430000,18430100,422,1053,18440000,15963
4,1844,18440000,18440100,422,1053,18450000,15973
4,1845,18450000,18450100,422,1053,18460000,15982
4,1846,18460000,18460100,422,1053,18470000,15989
4,1847,18470000,18470100,422,1053,18480000,15995
4,1848,18480000,18480100,422,1053,18490000,16010
4,1849,18490000,18490100,422,1053,18500000,16016
4,185,1850000,1850100,422,1053,1860000,1603
4,1850,18500000,18500100,422,1053,18510000,16024
4,1851,18510000,18510100,422,1053,18520000,16034
4,1852,18520000,18520100,422,1053,18530000,16042
4,1853,18530000,18530100,422,1053,18540000,16049
4,1854,18540000,18540100,422,1053,18550000,16059
4,1855,18550000,18550100,422,1053,18560000,16068
4,1856,18560000,18560100,422,1053,18570000,16077
4,1857,18570000,18570100,422,1053,18580000,16085
4,1858,18580000,18580100,422,1053,18590000,16094
4,1859,18590000,18590100,422,1053,18600000,16101
4,186,1860000,1860100,422,1053,1870000,1613
4,1860,18600000,18600100,422,1053,18610000,16113
4,1861,18610000,18610100,422,1053,18620000,16119
4,1862,18620000,18620100,422,1053,18630000,16128
4,1863,18630000,18630100,422,1053,18640000,16136
4,1864,18640000,18640100,422,1053,18650000,16146
4,1865,18650000,18650100,422,1053,18660000,16155
4,1866,18660000,18660100,422,1053,18670000,16165
4,1867,18670000,18670100,422,1053,18680000,16171
4,1868,18680000,18680100,422,1053,18690000,16179
4,1869,18690000,18690100,422,1053,18700000,16189
4,187,1870000,1870100,422,1053,1880000,1620
4,1870,18700000,18700100,422,1053,18710000,16198
4,1871,18710000,18710100,422,1053,18720000,16204
4,1872,18720000,18720100,422,1053,18730000,16218
4,1873,18730000,18730100,422,1053,18740000,16224
4,1874,18740000,18740100,422,1053,18750000,16231
4,1875,18750000,18750100,422,1053,18760000,16241
4,1876,18760000,18760100,422,1053,18770000,16251
4,1877,18770000,18770100,422,1053,18780000,16257
4,1878,18780000,18780100,422,1053,18790000,16267
4,1879,18790000,18790100,422,1053,18800000,16275
4,188,1880000,1880100,422,1053,1890000,1628
4,1880,18800000,18800100,422,1053,18810000,16285
4,1881,18810000,18810100,422,1053,18820000,16294
4,1882,18820000,18820100,422,1053,18830000,16301
4,1883,18830000,18830100,422,1053,18840000,16309
4,1884,18840000,18840100,422,1053,18850000,16320
4,1885,18850000,18850100,422,1053,18860000,16327
4,1886,18860000,18860100,422,1053,18870000,16337
4,1887,18870000,18870100,422,1053,18880000,16345
4,1888,18880000,18880100,422,1053,18890000,16354
4,1889,18890000,18890100,422,1053,18900000,16360
4,189,1890000,1890100,422,1053,1900000,1638
4,1890,18900000,18900100,422,1053,18910000,16373
4,1891,18910000,18910100,422,1053,18920000,16379
4,1892,18920000,18920100,422,1053,18930000,16388
4,1893,18930000,18930100,422,1053,18940000,16398
4,1894,18940000,18940100,422,1053,18950000,16405
4,1895,18950000,18950100,422,1053,18960000,16412
4,1896,18960000,18960100,422,1053,18970000,16424
4,1897,18970000,18970100,422,1053,18980000,16433
4,1898,18980000,18980100,422,1053,18990000,16440
4,1899,18990000,18990100,422,1053,19000000,16448
4,19,190000,190100,422,1053,200000,164
4,190,1900000,1900100,422,1053,1910000,1646
4,1900,19000000,19000100,422,1053,19010000,16459
4,1901,19010000,19010100,422,1053,19020000,16465
4,1902,19020000,19020100,422,1053,19030000,16475
4,1903,19030000,19030100,422,1053,19040000,16482
4,1904,19040000,19040100,422,1053,19050000,16493
4,1905,19050000,19050100,422,1053,19060000,16502
4,1906,19060000,19060100,422,1053,19070000,16509
4,1907,19070000,19070100,422,1053,19080000,16517
4,1908,19080000,19080100,422,1053,19090000,16529
4,1909,19090000,19090100,422,1053,19100000,16535
4,191,1910000,1910100,422,1053,1920000,1652
4,1910,19100000,19100100,422,1053,19110000,16543
4,1911,19110000,19110100,422,1053,19120000,16553
4,1912,19120000,19120100,422,1053,19130000,16562
4,1913,19130000,19130100,422,1053,19140000,16568
4,1914,19140000,19140100,422,1053,19150000,16581
4,1915,19150000,19150100,422,1053,19160000,16588
4,1916,19160000,19160100,422,1053,19170000,16596
4,1917,19170000,19170100,422,1053,19180000,16604
4,1918,19180000,19180100,422,1053,19190000,16613
4,1919,19190000,19190100,422,1053,19200000,16620
4,192,1920000,1920100,422,1053,1930000,1667
4,1920,19200000,19200100,422,1053,19210000,16633
4,1921,19210000,19210100,422,1053,19220000,16641
4,1922,19220000,19220100,422,1053,19230000,16648
4,1923,19230000,19230100,422,1053,19240000,16656
4,1924,19240000,19240100,422,1053,19250000,16664
4,1925,19250000,19250100,422,1053,19260000,16674
4,1926,19260000,19260100,422,1053,19270000,16684
4,1927,19270000,19270100,422,1053,19280000,16690
4,1928,19280000,19280100,422,1053,19290000,16701
4,1929,19290000,19290100,422,1053,19300000,16709
4,193,1930000,1930100,422,1053,1940000,1673
4,1930,19300000,19300100,422,1053,19310000,16718
4,1931,19310000,19310100,422,1053,19320000,16724
4,1932,19320000,19320100,422,1053,19330000,16737
4,1933,19330000,19330100,422,1053,19340000,16743
4,1934,19340000,19340100,422,1053,19350000,16750
4,1935,19350000,19350100,422,1053,19360000,16761
4,1936,19360000,19360100,422,1053,19370000,16771
4,1937,19370000,19370100,422,1053,19380000,16777
4,1938,19380000,19380100,422,1053,19390000,16787
4,1939,19390000,19390100,422,1053,19400000,16795
4,194,1940000,1940100,422,1053,1950000,1680
4,1940,19400000,19400100,422,1053,19410000,16804
4,1941,19410000,19410100,422,1053,19420000,16813
4,1942,19420000,19420100,422,1053,19430000,16822
4,1943,19430000,19430100,422,1053,19440000,16828
4,1944,19440000,19440100,422,1053,19450000,16840
4,1945,19450000,19450100,422,1053,19460000,16847
4,1946,19460000,19460100,422,1053,19470000,16856
4,1947,19470000,19470100,422,1053,19480000,16865
4,1948,19480000,19480100,422,1053,19490000,16873
4,1949,19490000,19490100,422,1053,19500000,16881
4,195,1950000,1950100,422,1053,1960000,1689
4,1950,19500000,19500100,422,1053,19510000,16892
4,1951,19510000,19510100,422,1053,19520000,16898
4,1952,19520000,19520100,422,1053,19530000,16908
4,1953,19530000,19530100,422,1053,19540000,16918
4,1954,19540000,19540100,422,1053,19550000,16925
4,1955,19550000,19550100,422,1053,19560000,16932
4,1956,19560000,19560100,422,1053,19570000,16945
4,1957,19570000,19570100,422,1053,19580000,16951
4,1958,19580000,19580100,422,1053,19590000,16959
4,1959,19590000,19590100,422,1053,19600000,16967
4,196,1960000,1960100,422,1053,1970000,1699
4,1960,19600000,19600100,422,1053,19610000,16979
4,1961,19610000,19610100,422,1053,19620000,16985
4,1962,19620000,19620100,422,1053,19630000,16995
4,1963,19630000,19630100,422,1053,19640000,17004
4,1964,19640000,19640100,422,1053,19650000,17012
4,1965,19650000,19650100,422,1053,19660000,17021
4,1966,19660000,19660100,422,1053,19670000,17028
4,1967,19670000,19670100,422,1053,19680000,17036
4,1968,19680000,19680100,422,1053,19690000,17048
4,1969,19690000,19690100,422,1053,19700000,17055
4,197,1970000,1970100,422,1053,1980000,1705
4,1970,19700000,19700100,422,1053,19710000,17065
4,1971,19710000,19710100,422,1053,19720000,17073
4,1972,19720000,19720100,422,1053,19730000,17081
4,1973,19730000,19730100,422,1053,19740000,17087
4,1974,19740000,19740100,422,1053,19750000,17100
4,1975,19750000,19750100,422,1053,19760000,17107
4,1976,19760000,19760100,422,1053,19770000,17116
4,1977,19770000,19770100,422,1053,19780000,17126
4,1978,19780000,19780100,422,1053,19790000,17133
4,1979,19790000,19790100,422,1053,19800000,17139
4,198,1980000,1980100,422,1053,1990000,1716
4,1980,19800000,19800100,422,1053,19810000,17152
4,1981,19810000,19810100,422,1053,19820000,17160
4,1982,19820000,19820100,422,1053,19830000,17167
4,1983,19830000,19830100,422,1053,19840000,17175
4,1984,19840000,19840100,422,1053,19850000,17186
4,1985,19850000,19850100,422,1053,19860000,17194
4,1986,19860000,19860100,422,1053,19870000,17204
4,1987,19870000,19870100,422,1053,19880000,17210
4,1988,19880000,19880100,422,1053,19890000,17220
4,1989,19890000,19890100,422,1053,19900000,17228
4,199,1990000,1990100,422,1053,2000000,1724
4,1990,19900000,19900100,422,1053,19910000,17236
4,1991,19910000,19910100,422,1053,19920000,17245
4,1992,19920000,19920100,422,1053,19930000,17257
4,1993,19930000,19930100,422,1053,19940000,17263
4,1994,19940000,19940100,422,1053,19950000,17270
4,1995,19950000,19950100,422,1053,19960000,17281
4,1996,19960000,19960100,422,1053,19970000,17290
4,1997,19970000,19970100,422,1053,19980000,17296
4,1998,19980000,19980100,422,1053,19990000,17308
4,1999,19990000,19990100,422,1053,20000000,17314
4,2,20000,20100,422,1053,30000,17
4,20,200000,200100,422,1053,210000,173
4,200,2000000,2000100,422,1053,2010000,1734
4,2000,20000000,20000100,422,1053,20010000,17324
4,2001,20010000,20010100,422,1053,20020000,17332
4,2002,20020000,20020100,422,1053,20030000,17342
4,2003,20030000,20030100,422,1053,20040000,17348
4,2004,20040000,20040100,422,1053,20050000,17359
4,2005,20050000,20050100,422,1053,20060000,17368
4,2006,20060000,20060100,422,1053,20070000,17375
4,2007,20070000,20070100,422,1053,20080000,17384
4,2008,20080000,20080100,422,1053,20090000,17393
4,2009,20090000,20090100,422,1053,20100000,17401
4,201,2010000,2010100,422,1053,2020000,1742
4,2010,20100000,20100100,422,1053,20110000,17412
4,2011,20110000,20110100,422,1053,20120000,17418
4,2012,20120000,20120100,422,1053,20130000,17428
4,2013,20130000,20130100,422,1053,20140000,17437
4,2014,20140000,20140100,422,1053,20150000,17444
4,2015,20150000,20150100,422,1053,20160000,17451
4,2016,20160000,20160100,422,1053,20170000,17465
4,2017,20170000,20170100,422,1053,20180000,17471
4,2018,20180000,20180100,422,1053,20190000,17479
4,2019,20190000,20190100,422,1053,20200000,17489
4,202,2020000,2020100,422,1053,2030000,1749
4,2020,20200000,20200100,422,1053,20210000,17498
4,2021,20210000,20210100,422,1053,20220000,17504
4,2022,20220000,20220100,422,1053,20230000,17514
4,2023,20230000,20230100,422,1053,20240000,17522
4,2024,20240000,20240100,422,1053,20250000,17532
4,2025,20250000,20250100,422,1053,20260000,17541
4,2026,20260000,20260100,422,1053,20270000,17550
4,2027,20270000,20270100,422,1053,20280000,17556
4,2028,20280000,20280100,422,1053,20290000,17567
4,2029,20290000,20290100,422,1053,20300000,17574
4,203,2030000,2030100,422,1053,2040000,1758
4,2030,20300000,20300100,422,1053,20310000,17584
4,2031,20310000,20310100,422,1053,20320000,17592
4,2032,20320000,20320100,422,1053,20330000,17601
4,2033,20330000,20330100,422,1053,20340000,17609
4,2034,20340000,20340100,422,1053,20350000,17619
4,2035,20350000,20350100,422,1053,20360000,17627
4,2036,20360000,20360100,422,1053,20370000,17635
4,2037,20370000,20370100,422,1053,20380000,17645
4,2038,20380000,20380100,422,1053,20390000,17652
4,2039,20390000,20390100,422,1053,20400000,17658
4,204,2040000,2040100,422,1053,2050000,1769
4,2040,20400000,20400100,422,1053,20410000,17674
4,2041,20410000,20410100,422,1053,20420000,17680
4,2042,20420000,20420100,422,1053,20430000,17687
4,2043,20430000,20430100,422,1053,20440000,17695
4,2044,20440000,20440100,422,1053,20450000,17705
4,2045,20450000,20450100,422,1053,20460000,17712
4,2046,20460000,20460100,422,1053,20470000,17723
4,2047,20470000,20470100,422,1053,20480000,17731
4,2048,20480000,20480100,422,1053,20490000,17740
4,2049,20490000,20490100,422,1053,20500000,17748
4,205,2050000,2050100,422,1053,2060000,1776
4,2050,20500000,20500100,422,1053,20510000,17756
4,2051,20510000,20510100,422,1053,20520000,17765
4,2052,20520000,20520100,422,1053,20530000,17776
4,2053,20530000,20530100,422,1053,20540000,17782
4,2054,20540000,20540100,422,1053,20550000,17791
4,2055,20550000,20550100,422,1053,20560000,17800
4,2056,20560000,20560100,422,1053,20570000,17809
4,2057,20570000,20570100,422,1053,20580000,17816
4,2058,20580000,20580100,422,1053,20590000,17828
4,2059,20590000,20590100,422,1053,20600000,17834
4,206,2060000,2060100,422,1053,2070000,1785
4,2060,20600000,20600100,422,1053,20610000,17843
4,2061,20610000,20610100,422,1053,20620000,17853
4,2062,20620000,20620100,422,1053,20630000,17861
4,2063,20630000,20630100,422,1053,20640000,17867
4,2064,20640000,20640100,422,1053,20650000,17879
4,2065,20650000,20650100,422,1053,20660000,17888
4,2066,20660000,20660100,422,1053,20670000,17895
4,2067,20670000,20670100,422,1053,20680000,17903
4,2068,20680000,20680100,422,1053,20690000,17914
4,2069,20690000,20690100,422,1053,20700000,17920
4,207,2070000,2070100,422,1053,2080000,1793
4,2070,20700000,20700100,422,1053,20710000,17931
4,2071,20710000,20710100,422,1053,20720000,17937
4,2072,20720000,20720100,422,1053,20730000,17948
4,2073,20730000,20730100,422,1053,20740000,17957
4,2074,20740000,20740100,422,1053,20750000,17964
4,2075,20750000,20750100,422,1053,20760000,17973
4,2076,20760000,20760100,422,1053,20770000,17984
4,2077,20770000,20770100,422,1053,20780000,17990
4,2078,20780000,20780100,422,1053,20790000,17997
4,2079,20790000,20790100,422,1053,20800000,18008
4,208,2080000,2080100,422,1053,2090000,1802
4,2080,20800000,20800100,422,1053,20810000,18018
4,2081,20810000,20810100,422,1053,20820000,18024
4,2082,20820000,20820100,422,1053,20830000,18036
4,2083,20830000,20830100,422,1053,20840000,18042
4,2084,20840000,20840100,422,1053,20850000,18051
4,2085,20850000,20850100,422,1053,20860000,18060
4,2086,20860000,20860100,422,1053,20870000,18069
4,2087,20870000,20870100,422,1053,20880000,18075
4,2088,20880000,20880100,422,1053,20890000,18087
4,2089,20890000,20890100,422,1053,20900000,18095
4,209,2090000,2090100,422,1053,2100000,1809
4,2090,20900000,20900100,422,1053,20910000,18104
4,2091,20910000,20910100,422,1053,20920000,18112
4,2092,20920000,20920100,422,1053,20930000,18120
4,2093,20930000,20930100,422,1053,20940000,18128
4,2094,20940000,20940100,422,1053,20950000,18138
4,2095,20950000,20950100,422,1053,20960000,18146
4,2096,20960000,20960100,422,1053,20970000,18157
4,2097,20970000,20970100,422,1053,20980000,18165
4,2098,20980000,20980100,422,1053,20990000,18172
4,2099,20990000,20990100,422,1053,21000000,18178
4,21,210000,210100,422,1053,220000,183
4,210,2100000,2100100,422,1053,2110000,1822
4,2100,21000000,21000100,422,1053,21010000,18192
4,2101,21010000,21010100,422,1053,21020000,18199
4,2102,21020000,21020100,422,1053,21030000,18206
4,2103,21030000,21030100,422,1053,21040000,18216
4,2104,21040000,21040100,422,1053,21050000,18225
4,2105,21050000,21050100,422,1053,21060000,18232
4,2106,21060000,21060100,422,1053,21070000,18243
4,2107,21070000,21070100,422,1053,21080000,18251
4,2108,21080000,21080100,422,1053,21090000,18259
4,2109,21090000,21090100,422,1053,21100000,18267
4,211,2110000,2110100,422,1053,2120000,1828
4,2110,21100000,21100100,422,1053,21110000,18277
4,2111,21110000,21110100,422,1053,21120000,18283
4,2112,21120000,21120100,422,1053,21130000,18296
4,2113,21130000,21130100,422,1053,21140000,18302
4,2114,21140000,21140100,422,1053,21150000,18311
4,2115,21150000,21150100,422,1053,21160000,18320
4,2116,21160000,21160100,422,1053,21170000,18328
4,2117,21170000,21170100,422,1053,21180000,18337
4,2118,21180000,21180100,422,1053,21190000,18347
4,2119,21190000,21190100,422,1053,21200000,18353
4,212,2120000,2120100,422,1053,2130000,1836
4,2120,21200000,21200100,422,1053,21210000,18363
4,2121,21210000,21210100,422,1053,21220000,18373
4,2122,21220000,21220100,422,1053,21230000,18380
4,2123,21230000,21230100,422,1053,21240000,18387
4,2124,21240000,21240100,422,1053,21250000,18400
4,2125,21250000,21250100,422,1053,21260000,18407
4,2126,21260000,21260100,422,1053,21270000,18414
4,2127,21270000,21270100,422,1053,21280000,18422
4,2128,21280000,21280100,422,1053,21290000,18434
4,2129,21290000,21290100,422,1053,21300000,18440
4,213,2130000,2130100,422,1053,2140000,1846
4,2130,21300000,21300100,422,1053,21310000,18451
4,2131,21310000,21310100,422,1053,21320000,18459
4,2132,21320000,21320100,422,1053,21330000,18467
4,2133,21330000,21330100,422,1053,21340000,18475
4,2134,21340000,21340100,422,1053,21350000,18483
4,2135,21350000,21350100,422,1053,21360000,18492
4,2136,21360000,21360100,422,1053,21370000,18504
4,2137,21370000,21370100,422,1053,21380000,18510
4,2138,21380000,21380100,422,1053,21390000,18519
4,2139,21390000,21390100,422,1053,21400000,18528
4,214,2140000,2140100,422,1053,2150000,1854
4,2140,21400000,21400100,422,1053,21410000,18537
4,2141,21410000,21410100,422,1053,21420000,18543
4,2142,21420000,21420100,422,1053,21430000,18555
4,2143,21430000,21430100,422,1053,21440000,18561
4,2144,21440000,21440100,422,1053,21450000,18570
4,2145,21450000,21450100,422,1053,21460000,18582
4,2146,21460000,21460100,422,1053,21470000,18589
4,2147,21470000,21470100,422,1053,21480000,18595
4,2148,21480000,21480100,422,1053,21490000,18606
4,2149,21490000,21490100,422,1053,21500000,18614
4,215,2150000,2150100,422,1053,2160000,1861
4,2150,21500000,21500100,422,1053,21510000,18623
4,2151,21510000,21510100,422,1053,21520000,18631
4,2152,21520000,21520100,422,1053,21530000,18642
4,2153,21530000,21530100,422,1053,21540000,18648
4,2154,21540000,21540100,422,1053,21550000,18658
4,2155,21550000,21550100,422,1053,21560000,18665
4,2156,21560000,21560100,422,1053,21570000,18676
4,2157,21570000,21570100,422,1053,21580000,18684
4,2158,21580000,21580100,422,1053,21590000,18691
4,2159,21590000,21590100,422,1053,21600000,18699
4,216,2160000,2160100,422,1053,2170000,1873
4,2160,21600000,21600100,422,1053,21610000,18712
4,2161,21610000,21610100,422,1053,21620000,18719
4,2162,21620000,21620100,422,1053,21630000,18726
4,2163,21630000,21630100,422,1053,21640000,18736
4,2164,21640000,21640100,422,1053,21650000,18744
4,2165,21650000,21650100,422,1053,21660000,18751
4,2166,21660000,21660100,422,1053,21670000,18763
4,2167,21670000,21670100,422,1053,21680000,18770
4,2168,21680000,21680100,422,1053,21690000,18779
4,2169,21690000,21690100,422,1053,21700000,18787
4,217,2170000,2170100,422,1053,2180000,1881
4,2170,21700000,21700100,422,1053,21710000,18797
4,2171,21710000,21710100,422,1053,21720000,18803
4,2172,21720000,21720100,422,1053,21730000,18815
4,2173,21730000,21730100,422,1053,21740000,18823
4,2174,21740000,21740100,422,1053,21750000,18830
4,2175,21750000,21750100,422,1053,21760000,18839
4,2176,21760000,21760100,422,1053,21770000,18848
4,2177,21770000,21770100,422,1053,21780000,18856
4,2178,21780000,21780100,422,1053,21790000,18867
4,2179,21790000,21790100,422,1053,21800000,18873
4,218,2180000,2180100,422,1053,2190000,1888
4,2180,21800000,21800100,422,1053,21810000,18884
4,2181,21810000,21810100,422,1053,21820000,18892
4,2182,21820000,21820100,422,1053,21830000,18899
4,2183,21830000,21830100,422,1053,21840000,18906
4,2184,21840000,21840100,422,1053,21850000,18920
4,2185,21850000,21850100,422,1053,21860000,18927
4,2186,21860000,21860100,422,1053,21870000,18934
4,2187,21870000,21870100,422,1053,21880000,18944
4,2188,21880000,21880100,422,1053,21890000,18952
4,2189,21890000,21890100,422,1053,21900000,18959
4,219,2190000,2190100,422,1053,2200000,1896
4,2190,21900000,21900100,422,1053,21910000,18970
4,2191,21910000,21910100,422,1053,21920000,18978
4,2192,21920000,21920100,422,1053,21930000,18987
4,2193,21930000,21930100,422,1053,21940000,18995
4,2194,21940000,21940100,422,1053,21950000,19005
4,2195,21950000,21950100,422,1053,21960000,19012
4,2196,21960000,21960100,422,1053,21970000,19023
4,2197,21970000,21970100,422,1053,21980000,19029
4,2198,21980000,21980100,422,1053,21990000,19038
4,2199,21990000,21990100,422,1053,22000000,19046
4,22,220000,220100,422,1053,230000,191
4,220,2200000,2200100,422,1053,2210000,1908
4,2200,22000000,22000100,422,1053,22010000,19057
4,2201,22010000,22010100,422,1053,22020000,19065
4,2202,22020000,22020100,422,1053,22030000,19075
4,2203,22030000,22030100,422,1053,22040000,19081
4,2204,22040000,22040100,422,1053,22050000,19089
4,2205,22050000,22050100,422,1053,22060000,19101
4,2206,22060000,22060100,422,1053,22070000,19108
4,2207,22070000,22070100,422,1053,22080000,19114
4,2208,22080000,22080100,422,1053,22090000,19128
4,2209,22090000,22090100,422,1053,22100000,19134
4,221,2210000,2210100,422,1053,2220000,1914
4,2210,22100000,22100100,422,1053,22110000,19142
4,2211,22110000,22110100,422,1053,22120000,19151
4,2212,22120000,22120100,422,1053,22130000,19161
4,2213,22130000,22130100,422,1053,22140000,19167
4,2214,22140000,22140100,422,1053,22150000,19177
4,2215,22150000,22150100,422,1053,22160000,19186
4,2216,22160000,22160100,422,1053,22170000,19196
4,2217,22170000,22170100,422,1053,22180000,19204
4,2218,22180000,22180100,422,1053,22190000,19211
4,2219,22190000,22190100,422,1053,22200000,19219
4,222,2220000,2220100,422,1053,2230000,1924
4,2220,22200000,22200100,422,1053,22210000,19231
4,2221,22210000,22210100,422,1053,22220000,19237
4,2222,22220000,22220100,422,1053,22230000,19247
4,2223,22230000,22230100,422,1053,22240000,19255
4,2224,22240000,22240100,422,1053,22250000,19264
4,2225,22250000,22250100,422,1053,22260000,19271
4,2226,22260000,22260100,422,1053,22270000,19283
4,2227,22270000,22270100,422,1053,22280000,19290
4,2228,22280000,22280100,422,1053,22290000,19298
4,2229,22290000,22290100,422,1053,22300000,19308
4,223,2230000,2230100,422,1053,2240000,1930
4,2230,22300000,22300100,422,1053,22310000,19316
4,2231,22310000,22310100,422,1053,22320000,19322
4,2232,22320000,22320100,422,1053,22330000,19334
4,2233,22330000,22330100,422,1053,22340000,19343
4,2234,22340000,22340100,422,1053,22350000,19350
4,2235,22350000,22350100,422,1053,22360000,19359
4,2236,22360000,22360100,422,1053,22370000,19369
4,2237,22370000,22370100,422,1053,22380000,19375
4,2238,22380000,22380100,422,1053,22390000,19386
4,2239,22390000,22390100,422,1053,22400000,19392
4,224,2240000,2240100,422,1053,2250000,1941
4,2240,22400000,22400100,422,1053,22410000,19404
4,2241,22410000,22410100,422,1053,22420000,19412
4,2242,22420000,22420100,422,1053,22430000,19419
4,2243,22430000,22430100,422,1053,22440000,19427
4,2244,22440000,22440100,422,1053,22450000,19439
4,2245,22450000,22450100,422,1053,22460000,19446
4,2246,22460000,22460100,422,1053,22470000,19453
4,2247,22470000,22470100,422,1053,22480000,19463
4,2248,22480000,22480100,422,1053,22490000,19472
4,2249,22490000,22490100,422,1053,22500000,19479
4,225,2250000,2250100,422,1053,2260000,1951
4,2250,22500000,22500100,422,1053,22510000,19492
4,2251,22510000,22510100,422,1053,22520000,19498
4,2252,22520000,22520100,422,1053,22530000,19506
4,2253,22530000,22530100,422,1053,22540000,19514
4,2254,22540000,22540100,422,1053,22550000,19523
4,2255,22550000,22550100,422,1053,22560000,19531
4,2256,22560000,22560100,422,1053,22570000,19543
4,2257,22570000,22570100,422,1053,22580000,19551
4,2258,22580000,22580100,422,1053,22590000,19558
4,2259,22590000,22590100,422,1053,22600000,19566
4,226,2260000,2260100,422,1053,2270000,1958
4,2260,22600000,22600100,422,1053,22610000,19576
4,2261,22610000,22610100,422,1053,22620000,19584
4,2262,22620000,22620100,422,1053,22630000,19594
4,2263,22630000,22630100,422,1053,22640000,19600
4,2264,22640000,22640100,422,1053,22650000,19611
4,2265,22650000,22650100,422,1053,22660000,19620
4,2266,22660000,22660100,422,1053,22670000,19628
4,2267,22670000,22670100,422,1053,22680000,19634
4,2268,22680000,22680100,422,1053,22690000,19647
4,2269,22690000,22690100,422,1053,22700000,19653
4,227,2270000,2270100,422,1053,2280000,1966
4,2270,22700000,22700100,422,1053,22710000,19661
4,2271,22710000,22710100,422,1053,22720000,19672
4,2272,22720000,22720100,422,1053,22730000,19681
4,2273,22730000,22730100,422,1053,22740000,19687
4,2274,22740000,22740100,422,1053,22750000,19697
4,2275,22750000,22750100,422,1053,22760000,19706
4,2276,22760000,22760100,422,1053,22770000,19714
4,2277,22770000,22770100,422,1053,22780000,19723
4,2278,22780000,22780100,422,1053,22790000,19732
4,2279,22790000,22790100,422,1053,22800000,19738
4,228,2280000,2280100,422,1053,2290000,1977
4,2280,22800000,22800100,422,1053,22810000,19751
4,2281,22810000,22810100,422,1053,22820000,19757
4,2282,22820000,22820100,422,1053,22830000,19767
4,2283,22830000,22830100,422,1053,22840000,19775
4,2284,22840000,22840100,422,1053,22850000,19783
4,2285,22850000,22850100,422,1053,22860000,19792
4,2286,22860000,22860100,422,1053,22870000,19802
4,2287,22870000,22870100,422,1053,22880000,19808
4,2288,22880000,22880100,422,1053,22890000,19818
4,2289,22890000,22890100,422,1053,22900000,19828
4,229,2290000,2290100,422,1053,2300000,1983
4,2290,22900000,22900100,422,1053,22910000,19836
4,2291,22910000,22910100,422,1053,22920000,19842
4,2292,22920000,22920100,422,1053,22930000,19855
4,2293,22930000,22930100,422,1053,22940000,19862
4,2294,22940000,22940100,422,1053,22950000,19869
4,2295,22950000,22950100,422,1053,22960000,19878
4,2296,22960000,22960100,422,1053,22970000,19889
4,2297,22970000,22970100,422,1053,22980000,19895
4,2298,22980000,22980100,422,1053,22990000,19905
4,2299,22990000,22990100,422,1053,23000000,19914
4,23,230000,230100,422,1053,240000,197
4,230,2300000,2300100,422,1053,2310000,1991
4,2300,23000000,23000100,422,1053,23010000,19923
4,2301,23010000,23010100,422,1053,23020000,19931
4,2302,23020000,23020100,422,1053,23030000,19938
4,2303,23030000,23030100,422,1053,23040000,19946
4,2304,23040000,23040100,422,1053,23050000,19959
4,2305,23050000,23050100,422,1053,23060000,19966
4,2306,23060000,23060100,422,1053,23070000,19975
4,2307,23070000,23070100,422,1053,23080000,19983
4,2308,23080000,23080100,422,1053,23090000,19991
4,2309,23090000,23090100,422,1053,23100000,19997
4,231,2310000,2310100,422,1053,2320000,2002
4,2310,23100000,23100100,422,1053,23110000,20011
4,2311,23110000,23110100,422,1053,23120000,20017
4,2312,23120000,23120100,422,1053,23130000,20026
4,2313,23130000,23130100,422,1053,23140000,20036
4,2314,23140000,23140100,422,1053,23150000,20043
4,2315,23150000,23150100,422,1053,23160000,20051
4,2316,23160000,23160100,422,1053,23170000,20062
4,2317,23170000,23170100,422,1053,23180000,20070
4,2318,23180000,23180100,422,1053,23190000,20077
4,2319,23190000,23190100,422,1053,23200000,20085
4,232,2320000,2320100,422,1053,2330000,2011
4,2320,23200000,23200100,422,1053,23210000,20097
4,2321,23210000,23210100,422,1053,23220000,20104
4,2322,23220000,23220100,422,1053,23230000,20114
4,2323,23230000,23230100,422,1053,23240000,20120
4,2324,23240000,23240100,422,1053,23250000,20130
4,2325,23250000,23250100,422,1053,23260000,20139
4,2326,23260000,23260100,422,1053,23270000,20147
4,2327,23270000,23270100,422,1053,23280000,20155
4,2328,23280000,23280100,422,1053,23290000,20167
4,2329,23290000,23290100,422,1053,23300000,20173
4,233,2330000,2330100,422,1053,2340000,2017
4,2330,23300000,23300100,422,1053,23310000,20181
4,2331,23310000,23310100,422,1053,23320000,20191
4,2332,23320000,23320100,422,1053,23330000,20200
4,2333,23330000,23330100,422,1053,23340000,20206
4,2334,23340000,23340100,422,1053,23350000,20218
4,2335,23350000,23350100,422,1053,23360000,20225
4,2336,23360000,23360100,422,1053,23370000,20234
4,2337,23370000,23370100,422,1053,23380000,20243
4,2338,23380000,23380100,422,1053,23390000,20252
4,2339,23390000,23390100,422,1053,23400000,20258
4,234,2340000,2340100,422,1053,2350000,2029
4,2340,23400000,23400100,422,1053,23410000,20270
4,2341,23410000,23410100,422,1053,23420000,20278
4,2342,23420000,23420100,422,1053,23430000,20285
4,2343,23430000,23430100,422,1053,23440000,20294
4,2344,23440000,23440100,422,1053,23450000,20303
4,2345,23450000,23450100,422,1053,23460000,20312
4,2346,23460000,23460100,422,1053,23470000,20322
4,2347,23470000,23470100,422,1053,23480000,20328
4,2348,23480000,23480100,422,1053,23490000,20339
4,2349,23490000,23490100,422,1053,23500000,20347
4,235,2350000,2350100,422,1053,2360000,2036
4,2350,23500000,23500100,422,1053,23510000,20355
4,2351,23510000,23510100,422,1053,23520000,20361
4,2352,23520000,23520100,422,1053,23530000,20375
4,2353,23530000,23530100,422,1053,23540000,20381
4,2354,23540000,23540100,422,1053,23550000,20389
4,2355,23550000,23550100,422,1053,23560000,20400
4,2356,23560000,23560100,422,1053,23570000,20408
4,2357,23570000,23570100,422,1053,23580000,20414
4,2358,23580000,23580100,422,1053,23590000,20424
4,2359,23590000,23590100,422,1053,23600000,20433
4,236,2360000,2360100,422,1053,2370000,2045
4,2360,23600000,23600100,422,1053,23610000,20443
4,2361,23610000,23610100,422,1053,23620000,20451
4,2362,23620000,23620100,422,1053,23630000,20460
4,2363,23630000,23630100,422,1053,23640000,20466
4,2364,23640000,23640100,422,1053,23650000,20477
4,2365,23650000,23650100,422,1053,23660000,20485
4,2366,23660000,23660100,422,1053,23670000,20494
4,2367,23670000,23670100,422,1053,23680000,20502
4,2368,23680000,23680100,422,1053,23690000,20511
4,2369,23690000,23690100,422,1053,23700000,20519
4,237,2370000,2370100,422,1053,2380000,2053
4,2370,23700000,23700100,422,1053,23710000,20531
4,2371,23710000,23710100,422,1053,23720000,20537
4,2372,23720000,23720100,422,1053,23730000,20545
4,2373,23730000,23730100,422,1053,23740000,20555
4,2374,23740000,23740100,422,1053,23750000,20562
4,2375,23750000,23750100,422,1053,23760000,20569
4,2376,23760000,23760100,422,1053,23770000,20584
4,2377,23770000,23770100,422,1053,23780000,20590
4,2378,23780000,23780100,422,1053,23790000,20597
4,2379,23790000,23790100,422,1053,23800000,20605
4,238,2380000,2380100,422,1053,2390000,2062
4,2380,23800000,23800100,422,1053,23810000,20616
4,2381,23810000,23810100,422,1053,23820000,20623
4,2382,23820000,23820100,422,1053,23830000,20633
4,2383,23830000,23830100,422,1053,23840000,20641
4,2384,23840000,23840100,422,1053,23850000,20650
4,2385,23850000,23850100,422,1053,23860000,20659
4,2386,23860000,23860100,422,1053,23870000,20666
4,2387,23870000,23870100,422,1053,23880000,20675
4,2388,23880000,23880100,422,1053,23890000,20686
4,2389,23890000,23890100,422,1053,23900000,20692
4,239,2390000,2390100,422,1053,2400000,2068
4,2390,23900000,23900100,422,1053,23910000,20702
4,2391,23910000,23910100,422,1053,23920000,20710
4,2392,23920000,23920100,422,1053,23930000,20720
4,2393,23930000,23930100,422,1053,23940000,20726
4,2394,23940000,23940100,422,1053,23950000,20738
4,2395,23950000,23950100,422,1053,23960000,20745
4,2396,23960000,23960100,422,1053,23970000,20753
4,2397,23970000,23970100,422,1053,23980000,20763
4,2398,23980000,23980100,422,1053,23990000,20771
4,2399,23990000,23990100,422,1053,24000000,20777
4,24,240000,240100,422,1053,250000,211
4,240,2400000,2400100,422,1053,2410000,2081
4,2400,24000000,24000100,422,1053,24010000,20790
4,2401,24010000,24010100,422,1053,24020000,20798
4,2402,24020000,24020100,422,1053,24030000,20805
4,2403,24030000,24030100,422,1053,24040000,20814
4,2404,24040000,24040100,422,1053,24050000,20824
4,2405,24050000,24050100,422,1053,24060000,20831
4,2406,24060000,24060100,422,1053,24070000,20841
4,2407,24070000,24070100,422,1053,24080000,20847
4,2408,24080000,24080100,422,1053,24090000,20858
4,2409,24090000,24090100,422,1053,24100000,20867
4,241,2410000,2410100,422,1053,2420000,2089
4,2410,24100000,24100100,422,1053,24110000,20875
4,2411,24110000,24110100,422,1053,24120000,20883
4,2412,24120000,24120100,422,1053,24130000,20894
4,2413,24130000,24130100,422,1053,24140000,20900
4,2414,24140000,24140100,422,1053,24150000,20908
4,2415,24150000,24150100,422,1053,24160000,20919
4,2416,24160000,24160100,422,1053,24170000,20928
4,2417,24170000,24170100,422,1053,24180000,20934
4,2418,24180000,24180100,422,1053,24190000,20946
4,2419,24190000,24190100,422,1053,24200000,20952
4,242,2420000,2420100,422,1053,2430000,2097
4,2420,24200000,24200100,422,1053,24210000,20962
4,2421,24210000,24210100,422,1053,24220000,20970
4,2422,24220000,24220100,422,1053,24230000,20979
4,2423,24230000,24230100,422,1053,24240000,20985
4,2424,24240000,24240100,422,1053,24250000,20997
4,2425,24250000,24250100,422,1053,24260000,21007
4,2426,24260000,24260100,422,1053,24270000,21014
4,2427,24270000,24270100,422,1053,24280000,21022
4,2428,24280000,24280100,422,1053,24290000,21030
4,2429,24290000,24290100,422,1053,24300000,21038
4,243,2430000,2430100,422,1053,2440000,2105
4,2430,24300000,24300100,422,1053,24310000,21049
4,2431,24310000,24310100,422,1053,24320000,21056
4,2432,24320000,24320100,422,1053,24330000,21067
4,2433,24330000,24330100,422,1053,24340000,21075
4,2434,24340000,24340100,422,1053,24350000,21082
4,2435,24350000,24350100,422,1053,24360000,21089
4,2436,24360000,24360100,422,1053,24370000,21103
4,2437,24370000,24370100,422,1053,24380000,21109
4,2438,24380000,24380100,422,1053,24390000,21116
4,2439,24390000,24390100,422,1053,24400000,21126
4,244,2440000,2440100,422,1053,2450000,2113
4,2440,24400000,24400100,422,1053,24410000,21136
4,2441,24410000,24410100,422,1053,24420000,21142
4,2442,24420000,24420100,422,1053,24430000,21153
4,2443,24430000,24430100,422,1053,24440000,21161
4,2444,24440000,24440100,422,1053,24450000,21169
4,2445,24450000,24450100,422,1053,24460000,21178
4,2446,24460000,24460100,422,1053,24470000,21187
4,2447,24470000,24470100,422,1053,24480000,21194
4,2448,24480000,24480100,422,1053,24490000,21206
4,2449,24490000,24490100,422,1053,24500000,21212
4,245,2450000,2450100,422,1053,2460000,2122
4,2450,24500000,24500100,422,1053,24510000,21222
4,2451,24510000,24510100,422,1053,24520000,21230
4,2452,24520000,24520100,422,1053,24530000,21238
4,2453,24530000,24530100,422,1053,24540000,21247
4,2454,24540000,24540100,422,1053,24550000,21257
4,2455,24550000,24550100,422,1053,24560000,21264
4,2456,24560000,24560100,422,1053,24570000,21273
4,2457,24570000,24570100,422,1053,24580000,21283
4,2458,24580000,24580100,422,1053,24590000,21291
4,2459,24590000,24590100,422,1053,24600000,21297
4,246,2460000,2460100,422,1053,2470000,2132
4,2460,24600000,24600100,422,1053,24610000,21311
4,2461,24610000,24610100,422,1053,24620000,21317
4,2462,24620000,24620100,422,1053,24630000,21324
4,2463,24630000,24630100,422,1053,24640000,21332
4,2464,24640000,24640100,422,1053,24650000,21344
4,2465,24650000,24650100,422,1053,24660000,21351
4,2466,24660000,24660100,422,1053,24670000,21361
4,2467,24670000,24670100,422,1053,24680000,21369
4,2468,24680000,24680100,422,1053,24690000,21377
4,2469,24690000,24690100,422,1053,24700000,21386
4,247,2470000,2470100,422,1053,2480000,2139
4,2470,24700000,24700100,422,1053,24710000,21394
4,2471,24710000,24710100,422,1053,24720000,21402
4,2472,24720000,24720100,422,1053,24730000,21414
4,2473,24730000,24730100,422,1053,24740000,21420
4,2474,24740000,24740100,422,1053,24750000,21429
4,2475,24750000,24750100,422,1053,24760000,21439
4,2476,24760000,24760100,422,1053,24770000,21447
4,2477,24770000,24770100,422,1053,24780000,21453
4,2478,24780000,24780100,422,1053,24790000,21465
4,2479,24790000,24790100,422,1053,24800000,21471
4,248,2480000,2480100,422,1053,2490000,2150
4,2480,24800000,24800100,422,1053,24810000,21482
4,2481,24810000,24810100,422,1053,24820000,21492
4,2482,24820000,24820100,422,1053,24830000,21499
4,2483,24830000,24830100,422,1053,24840000,21505
4,2484,24840000,24840100,422,1053,24850000,21516
4,2485,24850000,24850100,422,1053,24860000,21525
4,2486,24860000,24860100,422,1053,24870000,21533
4,2487,24870000,24870100,422,1053,24880000,21541
4,2488,24880000,24880100,422,1053,24890000,21552
4,2489,24890000,24890100,422,1053,24900000,21558
4,249,2490000,2490100,422,1053,2500000,2158
4,2490,24900000,24900100,422,1053,24910000,21569
4,2491,24910000,24910100,422,1053,24920000,21576
4,2492,24920000,24920100,422,1053,24930000,21586
4,2493,24930000,24930100,422,1053,24940000,21594
4,2494,24940000,24940100,422,1053,24950000,21601
4,2495,24950000,24950100,422,1053,24960000,21610
4,2496,24960000,24960100,422,1053,24970000,21622
4,2497,24970000,24970100,422,1053,24980000,21629
4,2498,24980000,24980100,422,1053,24990000,21636
4,2499,24990000,24990100,422,1053,25000000,21646
4,25,250000,250100,422,1053,260000,218
4,250,2500000,2500100,422,1053,2510000,2166
4,2500,25000000,25000100,422,1053,25010000,21655
4,2501,25010000,25010100,422,1053,25020000,21661
4,2502,25020000,25020100,422,1053,25030000,21674
4,2503,25030000,25030100,422,1053,25040000,21680
4,2504,25040000,25040100,422,1053,25050000,21689
4,2505,25050000,25050100,422,1053,25060000,21698
4,2506,25060000,25060100,422,1053,25070000,21707
4,2507,25070000,25070100,422,1053,25080000,21713
4,2508,25080000,25080100,422,1053,25090000,21725
4,2509,25090000,25090100,422,1053,25100000,21733
4,251,2510000,2510100,422,1053,2520000,2172
4,2510,25100000,25100100,422,1053,25110000,21741
4,2511,25110000,25110100,422,1053,25120000,21749
4,2512,25120000,25120100,422,1053,25130000,21758
4,2513,25130000,25130100,422,1053,25140000,21767
4,2514,25140000,25140100,422,1053,25150000,21777
4,2515,25150000,25150100,422,1053,25160000,21784
4,2516,25160000,25160100,422,1053,25170000,21794
4,2517,25170000,25170100,422,1053,25180000,21802
4,2518,25180000,25180100,422,1053,25190000,21809
4,2519,25190000,25190100,422,1053,25200000,21816
4,252,2520000,2520100,422,1053,2530000,2185
4,2520,25200000,25200100,422,1053,25210000,21831
4,2521,25210000,25210100,422,1053,25220000,21837
4,2522,25220000,25220100,422,1053,25230000,21844
4,2523,25230000,25230100,422,1053,25240000,21854
4,2524,25240000,25240100,422,1053,25250000,21863
4,2525,25250000,25250100,422,1053,25260000,21870
4,2526,25260000,25260100,422,1053,25270000,21880
4,2527,25270000,25270100,422,1053,25280000,21888
4,2528,25280000,25280100,422,1053,25290000,21897
4,2529,25290000,25290100,422,1053,25300000,21905
4,253,2530000,2530100,422,1053,2540000,2192
4,2530,25300000,25300100,422,1053,25310000,21916
4,2531,25310000,25310100,422,1053,25320000,21922
4,2532,25320000,25320100,422,1053,25330000,21933
4,2533,25330000,25330100,422,1053,25340000,21939
4,2534,25340000,25340100,422,1053,25350000,21948
4,2535,25350000,25350100,422,1053,25360000,21958
4,2536,25360000,25360100,422,1053,25370000,21967
4,2537,25370000,25370100,422,1053,25380000,21975
4,2538,25380000,25380100,422,1053,25390000,21985
4,2539,25390000,25390100,422,1053,25400000,21991
4,254,2540000,2540100,422,1053,2550000,2199
4,2540,25400000,25400100,422,1053,25410000,22000
4,2541,25410000,25410100,422,1053,25420000,22011
4,2542,25420000,25420100,422,1053,25430000,22018
4,2543,25430000,25430100,422,1053,25440000,22024
4,2544,25440000,25440100,422,1053,25450000,22038
4,2545,25450000,25450100,422,1053,25460000,22045
4,2546,25460000,25460100,422,1053,25470000,22053
4,2547,25470000,25470100,422,1053,25480000,22061
4,2548,25480000,25480100,422,1053,25490000,22071
4,2549,25490000,25490100,422,1053,25500000,22077
4,255,2550000,2550100,422,1053,2560000,2210
4,2550,25500000,25500100,422,1053,25510000,22088
4,2551,25510000,25510100,422,1053,25520000,22096
4,2552,25520000,25520100,422,1053,25530000,22106
4,2553,25530000,25530100,422,1053,25540000,22114
4,2554,25540000,25540100,422,1053,25550000,22121
4,2555,25550000,25550100,422,1053,25560000,22130
4,2556,25560000,25560100,422,1053,25570000,22141
4,2557,25570000,25570100,422,1053,25580000,22148
4,2558,25580000,25580100,422,1053,25590000,22157
4,2559,25590000,25590100,422,1053,25600000,22165
4,256,2560000,2560100,422,1053,2570000,2219
4,2560,25600000,25600100,422,1053,25610000,22175
4,2561,25610000,25610100,422,1053,25620000,22181
4,2562,25620000,25620100,422,1053,25630000,22193
4,2563,25630000,25630100,422,1053,25640000,22200
4,2564,25640000,25640100,422,1053,25650000,22208
4,2565,25650000,25650100,422,1053,25660000,22219
4,2566,25660000,25660100,422,1053,25670000,22226
4,2567,25670000,25670100,422,1053,25680000,22232
4,2568,25680000,25680100,422,1053,25690000,22245
4,2569,25690000,25690100,422,1053,25700000,22253
4,257,2570000,2570100,422,1053,2580000,2225
4,2570,25700000,25700100,422,1053,25710000,22261
4,2571,25710000,25710100,422,1053,25720000,22269
4,2572,25720000,25720100,422,1053,25730000,22279
4,2573,25730000,25730100,422,1053,25740000,22285
4,2574,25740000,25740100,422,1053,25750000,22296
4,2575,25750000,25750100,422,1053,25760000,22303
4,2576,25760000,25760100,422,1053,25770000,22314
4,2577,25770000,25770100,422,1053,25780000,22322
4,2578,25780000,25780100,422,1053,25790000,22329
4,2579,25790000,25790100,422,1053,25800000,22338
4,258,2580000,2580100,422,1053,2590000,2236
4,2580,25800000,25800100,422,1053,25810000,22350
4,2581,25810000,25810100,422,1053,25820000,22356
4,2582,25820000,25820100,422,1053,25830000,22363
4,2583,25830000,25830100,422,1053,25840000,22373
4,2584,25840000,25840100,422,1053,25850000,22382
4,2585,25850000,25850100,422,1053,25860000,22390
4,2586,25860000,25860100,422,1053,25870000,22402
4,2587,25870000,25870100,422,1053,25880000,22408
4,2588,25880000,25880100,422,1053,25890000,22416
4,2589,25890000,25890100,422,1053,25900000,22424
4,259,2590000,2590100,422,1053,2600000,2244
4,2590,25900000,25900100,422,1053,25910000,22435
4,2591,25910000,25910100,422,1053,25920000,22441
4,2592,25920000,25920100,422,1053,25930000,22453
4,2593,25930000,25930100,422,1053,25940000,22461
4,2594,25940000,25940100,422,1053,25950000,22468
4,2595,25950000,25950100,422,1053,25960000,22477
4,2596,25960000,25960100,422,1053,25970000,22486
4,2597,25970000,25970100,422,1053,25980000,22494
4,2598,25980000,25980100,422,1053,25990000,22504
4,2599,25990000,25990100,422,1053,26000000,22510
4,26,260000,260100,422,1053,270000,225
4,260,2600000,2600100,422,1053,2610000,2253
4,2600,26000000,26000100,422,1053,26010000,22522
4,2601,26010000,26010100,422,1053,26020000,22531
4,2602,26020000,26020100,422,1053,26030000,22538
4,2603,26030000,26030100,422,1053,26040000,22544
4,2604,26040000,26040100,422,1053,26050000,22557
4,2605,26050000,26050100,422,1053,26060000,22564
4,2606,26060000,26060100,422,1053,26070000,22571
4,2607,26070000,26070100,422,1053,26080000,22582
4,2608,26080000,26080100,422,1053,26090000,22591
4,2609,26090000,26090100,422,1053,26100000,22597
4,261,2610000,2610100,422,1053,2620000,2261
4,2610,26100000,26100100,422,1053,26110000,22608
4,2611,26110000,26110100,422,1053,26120000,22616
4,2612,26120000,26120100,422,1053,26130000,22625
4,2613,26130000,26130100,422,1053,26140000,22633
4,2614,26140000,26140100,422,1053,26150000,22642
4,2615,26150000,26150100,422,1053,26160000,22649
4,2616,26160000,26160100,422,1053,26170000,22661
4,2617,26170000,26170100,422,1053,26180000,22667
4,2618,26180000,26180100,422,1053,26190000,22677
4,2619,26190000,26190100,422,1053,26200000,22685
4,262,2620000,2620100,422,1053,2630000,2270
4,2620,26200000,26200100,422,1053,26210000,22694
4,2621,26210000,26210100,422,1053,26220000,22702
4,2622,26220000,26220100,422,1053,26230000,22712
4,2623,26230000,26230100,422,1053,26240000,22719
4,2624,26240000,26240100,422,1053,26250000,22728
4,2625,26250000,26250100,422,1053,26260000,22739
4,2626,26260000,26260100,422,1053,26270000,22746
4,2627,26270000,26270100,422,1053,26280000,22752
4,2628,26280000,26280100,422,1053,26290000,22765
4,2629,26290000,26290100,422,1053,26300000,22772
4,263,2630000,2630100,422,1053,2640000,2276
4,2630,26300000,26300100,422,1053,26310000,22780
4,2631,26310000,26310100,422,1053,26320000,22788
4,2632,26320000,26320100,422,1053,26330000,22799
4,2633,26330000,26330100,422,1053,26340000,22805
4,2634,26340000,26340100,422,1053,26350000,22816
4,2635,26350000,26350100,422,1053,26360000,22825
4,2636,26360000,26360100,422,1053,26370000,22833
4,2637,26370000,26370100,422,1053,26380000,22841
4,2638,26380000,26380100,422,1053,26390000,22848
4,2639,26390000,26390100,422,1053,26400000,22856
4,264,2640000,2640100,422,1053,2650000,2289
4,2640,26400000,26400100,422,1053,26410000,22870
4,2641,26410000,26410100,422,1053,26420000,22876
4,2642,26420000,26420100,422,1053,26430000,22885
4,2643,26430000,26430100,422,1053,26440000,22893
4,2644,26440000,26440100,422,1053,26450000,22901
4,2645,26450000,26450100,422,1053,26460000,22909
4,2646,26460000,26460100,422,1053,26470000,22921
4,2647,26470000,26470100,422,1053,26480000,22927
4,2648,26480000,26480100,422,1053,26490000,22936
4,2649,26490000,26490100,422,1053,26500000,22946
4,265,2650000,2650100,422,1053,2660000,2296
4,2650,26500000,26500100,422,1053,26510000,22954
4,2651,26510000,26510100,422,1053,26520000,22961
4,2652,26520000,26520100,422,1053,26530000,22972
4,2653,26530000,26530100,422,1053,26540000,22980
4,2654,26540000,26540100,422,1053,26550000,22987
4,2655,26550000,26550100,422,1053,26560000,22996
4,2656,26560000,26560100,422,1053,26570000,23008
4,2657,26570000,26570100,422,1053,26580000,23014
4,2658,26580000,26580100,422,1053,26590000,23024
4,2659,26590000,26590100,422,1053,26600000,23030
4,266,2660000,2660100,422,1053,2670000,2305
4,2660,26600000,26600100,422,1053,26610000,23041
4,2661,26610000,26610100,422,1053,26620000,23049
4,2662,26620000,26620100,422,1053,26630000,23057
4,2663,26630000,26630100,422,1053,26640000,23065
4,2664,26640000,26640100,422,1053,26650000,23077
4,2665,26650000,26650100,422,1053,26660000,23084
4,2666,26660000,26660100,422,1053,26670000,23091
4,2667,26670000,26670100,422,1053,26680000,23102
4,2668,26680000,26680100,422,1053,26690000,23110
4,2669,26690000,26690100,422,1053,26700000,23116
4,267,2670000,2670100,422,1053,2680000,2313
4,2670,26700000,26700100,422,1053,26710000,23129
4,2671,26710000,26710100,422,1053,26720000,23135
4,2672,26720000,26720100,422,1053,26730000,23144
4,2673,26730000,26730100,422,1053,26740000,23153
4,2674,26740000,26740100,422,1053,26750000,23162
4,2675,26750000,26750100,422,1053,26760000,23169
4,2676,26760000,26760100,422,1053,26770000,23180
4,2677,26770000,26770100,422,1053,26780000,23188
4,2678,26780000,26780100,422,1053,26790000,23196
4,2679,26790000,26790100,422,1053,26800000,23204
4,268,2680000,2680100,422,1053,2690000,2321
4,2680,26800000,26800100,422,1053,26810000,23214
4,2681,26810000,26810100,422,1053,26820000,23222
4,2682,26820000,26820100,422,1053,26830000,23232
4,2683,26830000,26830100,422,1053,26840000,23238
4,2684,26840000,26840100,422,1053,26850000,23249
4,2685,26850000,26850100,422,1053,26860000,23258
4,2686,26860000,26860100,422,1053,26870000,23265
4,2687,26870000,26870100,422,1053,26880000,23271
4,2688,26880000,26880100,422,1053,26890000,23285
4,2689,26890000,26890100,422,1053,26900000,23292
4,269,2690000,2690100,422,1053,2700000,2330
4,2690,26900000,26900100,422,1053,26910000,23300
4,2691,26910000,26910100,422,1053,26920000,23310
4,2692,26920000,26920100,422,1053,26930000,23318
4,2693,26930000,26930100,422,1053,26940000,23324
4,2694,26940000,26940100,422,1053,26950000,23334
4,2695,26950000,26950100,422,1053,26960000,23344
4,2696,26960000,26960100,422,1053,26970000,23353
4,2697,26970000,26970100,422,1053,26980000,23361
4,2698,26980000,26980100,422,1053,26990000,23370
4,2699,26990000,26990100,422,1053,27000000,23376
4,27,270000,270100,422,1053,280000,234
4,270,2700000,2700100,422,1053,2710000,2341
4,2700,27000000,27000100,422,1053,27010000,23389
4,2701,27010000,27010100,422,1053,27020000,23395
4,2702,27020000,27020100,422,1053,27030000,23404
4,2703,27030000,27030100,422,1053,27040000,23412
4,2704,27040000,27040100,422,1053,27050000,23421
4,2705,27050000,27050100,422,1053,27060000,23430
4,2706,27060000,27060100,422,1053,27070000,23441
4,2707,27070000,27070100,422,1053,27080000,23447
4,2708,27080000,27080100,422,1053,27090000,23455
4,2709,27090000,27090100,422,1053,27100000,23465
4,271,2710000,2710100,422,1053,2720000,2347
4,2710,27100000,27100100,422,1053,27110000,23473
4,2711,27110000,27110100,422,1053,27120000,23480
4,2712,27120000,27120100,422,1053,27130000,23494
4,2713,27130000,27130100,422,1053,27140000,23500
4,2714,27140000,27140100,422,1053,27150000,23507
4,2715,27150000,27150100,422,1053,27160000,23516
4,2716,27160000,27160100,422,1053,27170000,23526
4,2717,27170000,27170100,422,1053,27180000,23533
4,2718,27180000,27180100,422,1053,27190000,23543
4,2719,27190000,27190100,422,1053,27200000,23551
4,272,2720000,2720100,422,1053,2730000,2356
4,2720,27200000,27200100,422,1053,27210000,23561
4,2721,27210000,27210100,422,1053,27220000,23569
4,2722,27220000,27220100,422,1053,27230000,23577
4,2723,27230000,27230100,422,1053,27240000,23585
4,2724,27240000,27240100,422,1053,27250000,23596
4,2725,27250000,27250100,422,1053,27260000,23603
4,2726,27260000,27260100,422,1053,27270000,23612
4,2727,27270000,27270100,422,1053,27280000,23620
4,2728,27280000,27280100,422,1053,27290000,23630
4,2729,27290000,27290100,422,1053,27300000,23636
4,273,2730000,2730100,422,1053,2740000,2366
4,2730,27300000,27300100,422,1053,27310000,23649
4,2731,27310000,27310100,422,1053,27320000,23655
4,2732,27320000,27320100,422,1053,27330000,23663
4,2733,27330000,27330100,422,1053,27340000,23674
4,2734,27340000,27340100,422,1053,27350000,23681
4,2735,27350000,27350100,422,1053,27360000,23688
4,2736,27360000,27360100,422,1053,27370000,23700
4,2737,27370000,27370100,422,1053,27380000,23708
4,2738,27380000,27380100,422,1053,27390000,23715
4,2739,27390000,27390100,422,1053,27400000,23724
4,274,2740000,2740100,422,1053,2750000,2373
4,2740,27400000,27400100,422,1053,27410000,23735
4,2741,27410000,27410100,422,1053,27420000,23741
4,2742,27420000,27420100,422,1053,27430000,23751
4,2743,27430000,27430100,422,1053,27440000,23757
4,2744,27440000,27440100,422,1053,27450000,23769
4,2745,27450000,27450100,422,1053,27460000,23778
4,2746,27460000,27460100,422,1053,27470000,23785
4,2747,27470000,27470100,422,1053,27480000,23793
4,2748,27480000,27480100,422,1053,27490000,23804
4,2749,27490000,27490100,422,1053,27500000,23810
4,275,2750000,2750100,422,1053,2760000,2381
4,2750,27500000,27500100,422,1053,27510000,23819
4,2751,27510000,27510100,422,1053,27520000,23829
4,2752,27520000,27520100,422,1053,27530000,23838
4,2753,27530000,27530100,422,1053,27540000,23844
4,2754,27540000,27540100,422,1053,27550000,23856
4,2755,27550000,27550100,422,1053,27560000,23864
4,2756,27560000,27560100,422,1053,27570000,23872
4,2757,27570000,27570100,422,1053,27580000,23880
4,2758,27580000,27580100,422,1053,27590000,23889
4,2759,27590000,27590100,422,1053,27600000,23895
4,276,2760000,2760100,422,1053,2770000,2394
4,2760,27600000,27600100,422,1053,27610000,23908
4,2761,27610000,27610100,422,1053,27620000,23917
4,2762,27620000,27620100,422,1053,27630000,23924
4,2763,27630000,27630100,422,1053,27640000,23932
4,2764,27640000,27640100,422,1053,27650000,23940
4,2765,27650000,27650100,422,1053,27660000,23949
4,2766,27660000,27660100,422,1053,27670000,23960
4,2767,27670000,27670100,422,1053,27680000,23966
4,2768,27680000,27680100,422,1053,27690000,23977
4,2769,27690000,27690100,422,1053,27700000,23985
4,277,2770000,2770100,422,1053,2780000,2400
4,2770,27700000,27700100,422,1053,27710000,23993
4,2771,27710000,27710100,422,1053,27720000,23999
4,2772,27720000,27720100,422,1053,27730000,24013
4,2773,27730000,27730100,422,1053,27740000,24019
4,2774,27740000,27740100,422,1053,27750000,24026
4,2775,27750000,27750100,422,1053,27760000,24037
4,2776,27760000,27760100,422,1053,27770000,24046
4,2777,27770000,27770100,422,1053,27780000,24053
4,2778,27780000,27780100,422,1053,27790000,24063
4,2779,27790000,27790100,422,1053,27800000,24071
4,278,2780000,2780100,422,1053,2790000,2407
4,2780,27800000,27800100,422,1053,27810000,24080
4,2781,27810000,27810100,422,1053,27820000,24088
4,2782,27820000,27820100,422,1053,27830000,24097
4,2783,27830000,27830100,422,1053,27840000,24104
4,2784,27840000,27840100,422,1053,27850000,24116
4,2785,27850000,27850100,422,1053,27860000,24123
4,2786,27860000,27860100,422,1053,27870000,24132
4,2787,27870000,27870100,422,1053,27880000,24140
4,2788,27880000,27880100,422,1053,27890000,24149
4,2789,27890000,27890100,422,1053,27900000,24157
4,279,2790000,2790100,422,1053,2800000,2415
4,2790,27900000,27900100,422,1053,27910000,24168
4,2791,27910000,27910100,422,1053,27920000,24174
4,2792,27920000,27920100,422,1053,27930000,24183
4,2793,27930000,27930100,422,1053,27940000,24193
4,2794,27940000,27940100,422,1053,27950000,24201
4,2795,27950000,27950100,422,1053,27960000,24208
4,2796,27960000,27960100,422,1053,27970000,24221
4,2797,27970000,27970100,422,1053,27980000,24227
4,2798,27980000,27980100,422,1053,27990000,24234
4,2799,27990000,27990100,422,1053,28000000,24243
4,28,280000,280100,422,1053,290000,244
4,280,2800000,2800100,422,1053,2810000,2428
4,2800,28000000,28000100,422,1053,28010000,24255
4,2801,28010000,28010100,422,1053,28020000,24261
4,2802,28020000,28020100,422,1053,28030000,24271
4,2803,28030000,28030100,422,1053,28040000,24279
4,2804,28040000,28040100,422,1053,28050000,24287
4,2805,28050000,28050100,422,1053,28060000,24297
4,2806,28060000,28060100,422,1053,28070000,24304
4,2807,28070000,28070100,422,1053,28080000,24312
4,2808,28080000,28080100,422,1053,28090000,24324
4,2809,28090000,28090100,422,1053,28100000,24330
4,281,2810000,2810100,422,1053,2820000,2434
4,2810,28100000,28100100,422,1053,28110000,24341
4,2811,28110000,28110100,422,1053,28120000,24349
4,2812,28120000,28120100,422,1053,28130000,24357
4,2813,28130000,28130100,422,1053,28140000,24363
4,2814,28140000,28140100,422,1053,28150000,24375
4,2815,28150000,28150100,422,1053,28160000,24382
4,2816,28160000,28160100,422,1053,28170000,24392
4,2817,28170000,28170100,422,1053,28180000,24402
4,2818,28180000,28180100,422,1053,28190000,24409
4,2819,28190000,28190100,422,1053,28200000,24415
4,282,2820000,2820100,422,1053,2830000,2444
4,2820,28200000,28200100,422,1053,28210000,24427
4,2821,28210000,28210100,422,1053,28220000,24436
4,2822,28220000,28220100,422,1053,28230000,24443
4,2823,28230000,28230100,422,1053,28240000,24451
4,2824,28240000,28240100,422,1053,28250000,24462
4,2825,28250000,28250100,422,1053,28260000,24469
4,2826,28260000,28260100,422,1053,28270000,24479
4,2827,28270000,28270100,422,1053,28280000,24486
4,2828,28280000,28280100,422,1053,28290000,24496
4,2829,28290000,28290100,422,1053,28300000,24504
4,283,2830000,2830100,422,1053,2840000,2452
4,2830,28300000,28300100,422,1053,28310000,24512
4,2831,28310000,28310100,422,1053,28320000,24520
4,2832,28320000,28320100,422,1053,28330000,24533
4,2833,28330000,28330100,422,1053,28340000,24539
4,2834,28340000,28340100,422,1053,28350000,24546
4,2835,28350000,28350100,422,1053,28360000,24557
4,2836,28360000,28360100,422,1053,28370000,24565
4,2837,28370000,28370100,422,1053,28380000,24571
4,2838,28380000,28380100,422,1053,28390000,24584
4,2839,28390000,28390100,422,1053,28400000,24590
4,284,2840000,2840100,422,1053,2850000,2460
4,2840,28400000,28400100,422,1053,28410000,24600
4,2841,28410000,28410100,422,1053,28420000,24608
4,2842,28420000,28420100,422,1053,28430000,24617
4,2843,28430000,28430100,422,1053,28440000,24624
4,2844,28440000,28440100,422,1053,28450000,24635
4,2845,28450000,28450100,422,1053,28460000,24644
4,2846,28460000,28460100,422,1053,28470000,24651
4,2847,28470000,28470100,422,1053,28480000,24659
4,2848,28480000,28480100,422,1053,28490000,24668
4,2849,28490000,28490100,422,1053,28500000,24677
4,285,2850000,2850100,422,1053,2860000,2469
4,2850,28500000,28500100,422,1053,28510000,24688
4,2851,28510000,28510100,422,1053,28520000,24694
4,2852,28520000,28520100,422,1053,28530000,24704
4,2853,28530000,28530100,422,1053,28540000,24712
4,2854,28540000,28540100,422,1053,28550000,24720
4,2855,28550000,28550100,422,1053,28560000,24727
4,2856,28560000,28560100,422,1053,28570000,24741
4,2857,28570000,28570100,422,1053,28580000,24747
4,2858,28580000,28580100,422,1053,28590000,24754
4,2859,28590000,28590100,422,1053,28600000,24764
4,286,2860000,2860100,422,1053,2870000,2477
4,2860,28600000,28600100,422,1053,28610000,24774
4,2861,28610000,28610100,422,1053,28620000,24780
4,2862,28620000,28620100,422,1053,28630000,24790
4,2863,28630000,28630100,422,1053,28640000,24798
4,2864,28640000,28640100,422,1053,28650000,24807
4,2865,28650000,28650100,422,1053,28660000,24817
4,2866,28660000,28660100,422,1053,28670000,24826
4,2867,28670000,28670100,422,1053,28680000,24832
4,2868,28680000,28680100,422,1053,28690000,24843
4,2869,28690000,28690100,422,1053,28700000,24849
4,287,2870000,2870100,422,1053,2880000,2485
4,2870,28700000,28700100,422,1053,28710000,24859
4,2871,28710000,28710100,422,1053,28720000,24868
4,2872,28720000,28720100,422,1053,28730000,24877
4,2873,28730000,28730100,422,1053,28740000,24885
4,2874,28740000,28740100,422,1053,28750000,24895
4,2875,28750000,28750100,422,1053,28760000,24902
4,2876,28760000,28760100,422,1053,28770000,24911
4,2877,28770000,28770100,422,1053,28780000,24921
4,2878,28780000,28780100,422,1053,28790000,24928
4,2879,28790000,28790100,422,1053,28800000,24934
4,288,2880000,2880100,422,1053,2890000,2497
4,2880,28800000,28800100,422,1053,28810000,24949
4,2881,28810000,28810100,422,1053,28820000,24955
4,2882,28820000,28820100,422,1053,28830000,24963
4,2883,28830000,28830100,422,1053,28840000,24971
4,2884,28840000,28840100,422,1053,28850000,24981
4,2885,28850000,28850100,422,1053,28860000,24988
4,2886,28860000,28860100,422,1053,28870000,24998
4,2887,28870000,28870100,422,1053,28880000,25007
4,2888,28880000,28880100,422,1053,28890000,25016
4,2889,28890000,28890100,422,1053,28900000,25024
4,289,2890000,2890100,422,1053,2900000,2503
4,2890,28900000,28900100,422,1053,28910000,25032
4,2891,28910000,28910100,422,1053,28920000,25040
4,2892,28920000,28920100,422,1053,28930000,25051
4,2893,28930000,28930100,422,1053,28940000,25058
4,2894,28940000,28940100,422,1053,28950000,25067
4,2895,28950000,28950100,422,1053,28960000,25076
4,2896,28960000,28960100,422,1053,28970000,25085
4,2897,28970000,28970100,422,1053,28980000,25091
4,2898,28980000,28980100,422,1053,28990000,25104
4,2899,28990000,28990100,422,1053,29000000,25110
4,29,290000,290100,422,1053,300000,250
4,290,2900000,2900100,422,1053,2910000,2513
4,2900,29000000,29000100,422,1053,29010000,25119
4,2901,29010000,29010100,422,1053,29020000,25129
4,2902,29020000,29020100,422,1053,29030000,25136
4,2903,29030000,29030100,422,1053,29040000,25142
4,2904,29040000,29040100,422,1053,29050000,25155
4,2905,29050000,29050100,422,1053,29060000,25164
4,2906,29060000,29060100,422,1053,29070000,25171
4,2907,29070000,29070100,422,1053,29080000,25179
4,2908,29080000,29080100,422,1053,29090000,25189
4,2909,29090000,29090100,422,1053,29100000,25196
4,291,2910000,2910100,422,1053,2920000,2522
4,2910,29100000,29100100,422,1053,29110000,25207
4,2911,29110000,29110100,422,1053,29120000,25213
4,2912,29120000,29120100,422,1053,29130000,25224
4,2913,29130000,29130100,422,1053,29140000,25232
4,2914,29140000,29140100,422,1053,29150000,25239
4,2915,29150000,29150100,422,1053,29160000,25249
4,2916,29160000,29160100,422,1053,29170000,25260
4,2917,29170000,29170100,422,1053,29180000,25266
4,2918,29180000,29180100,422,1053,29190000,25273
4,2919,29190000,29190100,422,1053,29200000,25283
4,292,2920000,2920100,422,1053,2930000,2530
4,2920,29200000,29200100,422,1053,29210000,25294
4,2921,29210000,29210100,422,1053,29220000,25300
4,2922,29220000,29220100,422,1053,29230000,25312
4,2923,29230000,29230100,422,1053,29240000,25318
4,2924,29240000,29240100,422,1053,29250000,25326
4,2925,29250000,29250100,422,1053,29260000,25335
4,2926,29260000,29260100,422,1053,29270000,25345
4,2927,29270000,29270100,422,1053,29280000,25351
4,2928,29280000,29280100,422,1053,29290000,25363
4,2929,29290000,29290100,422,1053,29300000,25371
4,293,2930000,2930100,422,1053,2940000,2536
4,2930,29300000,29300100,422,1053,29310000,25379
4,2931,29310000,29310100,422,1053,29320000,25388
4,2932,29320000,29320100,422,1053,29330000,25396
4,2933,29330000,29330100,422,1053,29340000,25404
4,2934,29340000,29340100,422,1053,29350000,25414
4,2935,29350000,29350100,422,1053,29360000,25421
4,2936,29360000,29360100,422,1053,29370000,25432
4,2937,29370000,29370100,422,1053,29380000,25441
4,2938,29380000,29380100,422,1053,29390000,25448
4,2939,29390000,29390100,422,1053,29400000,25454
4,294,2940000,2940100,422,1053,2950000,2548
4,2940,29400000,29400100,422,1053,29410000,25468
4,2941,29410000,29410100,422,1053,29420000,25474
4,2942,29420000,29420100,422,1053,29430000,25482
4,2943,29430000,29430100,422,1053,29440000,25492
4,2944,29440000,29440100,422,1053,29450000,25501
4,2945,29450000,29450100,422,1053,29460000,25508
4,2946,29460000,29460100,422,1053,29470000,25518
4,2947,29470000,29470100,422,1053,29480000,25526
4,2948,29480000,29480100,422,1053,29490000,25535
4,2949,29490000,29490100,422,1053,29500000,25543
4,295,2950000,2950100,422,1053,2960000,2555
4,2950,29500000,29500100,422,1053,29510000,25553
4,2951,29510000,29510100,422,1053,29520000,25559
4,2952,29520000,29520100,422,1053,29530000,25571
4,2953,29530000,29530100,422,1053,29540000,25578
4,2954,29540000,29540100,422,1053,29550000,25587
4,2955,29550000,29550100,422,1053,29560000,25596
4,2956,29560000,29560100,422,1053,29570000,25604
4,2957,29570000,29570100,422,1053,29580000,25612
4,2958,29580000,29580100,422,1053,29590000,25622
4,2959,29590000,29590100,422,1053,29600000,25629
4,296,2960000,2960100,422,1053,2970000,2564
4,2960,29600000,29600100,422,1053,29610000,25639
4,2961,29610000,29610100,422,1053,29620000,25649
4,2962,29620000,29620100,422,1053,29630000,25656
4,2963,29630000,29630100,422,1053,29640000,25662
4,2964,29640000,29640100,422,1053,29650000,25676
4,2965,29650000,29650100,422,1053,29660000,25683
4,2966,29660000,29660100,422,1053,29670000,25690
4,2967,29670000,29670100,422,1053,29680000,25698
4,2968,29680000,29680100,422,1053,29690000,25709
4,2969,29690000,29690100,422,1053,29700000,25715
4,297,2970000,2970100,422,1053,2980000,2575
4,2970,29700000,29700100,422,1053,29710000,25727
4,2971,29710000,29710100,422,1053,29720000,25735
4,2972,29720000,29720100,422,1053,29730000,25743
4,2973,29730000,29730100,422,1053,29740000,25751
4,2974,29740000,29740100,422,1053,29750000,25758
4,2975,29750000,29750100,422,1053,29760000,25768
4,2976,29760000,29760100,422,1053,29770000,25780
4,2977,29770000,29770100,422,1053,29780000,25786
4,2978,29780000,29780100,422,1053,29790000,25795
4,2979,29790000,29790100,422,1053,29800000,25803
4,298,2980000,2980100,422,1053,2990000,2582
4,2980,29800000,29800100,422,1053,29810000,25812
4,2981,29810000,29810100,422,1053,29820000,25819
4,2982,29820000,29820100,422,1053,29830000,25831
4,2983,29830000,29830100,422,1053,29840000,25837
4,2984,29840000,29840100,422,1053,29850000,25846
4,2985,29850000,29850100,422,1053,29860000,25857
4,2986,29860000,29860100,422,1053,29870000,25865
4,2987,29870000,29870100,422,1053,29880000,25871
4,2988,29880000,29880100,422,1053,29890000,25882
4,2989,29890000,29890100,422,1053,29900000,25890
4,299,2990000,2990100,422,1053,3000000,2588
4,2990,29900000,29900100,422,1053,29910000,25898
4,2991,29910000,29910100,422,1053,29920000,25906
4,2992,29920000,29920100,422,1053,29930000,25918
4,2993,29930000,29930100,422,1053,29940000,25924
4,2994,29940000,29940100,422,1053,29950000,25934
4,2995,29950000,29950100,422,1053,29960000,25941
4,2996,29960000,29960100,422,1053,29970000,25951
4,2997,29970000,29970100,422,1053,29980000,25960
4,2998,29980000,29980100,422,1053,29990000,25967
4,2999,29990000,29990100,422,1053,30000000,25975
4,3,30000,30100,422,1053,40000,27
4,30,300000,300100,422,1053,310000,261
4,300,3000000,3000100,422,1053,3010000,2600
4,3000,30000000,30000100,422,1053,30010000,25988
4,3001,30010000,30010100,422,1053,30020000,25994
4,3002,30020000,30020100,422,1053,30030000,26001
4,3003,30030000,30030100,422,1053,30040000,26012
4,3004,30040000,30040100,422,1053,30050000,26020
4,3005,30050000,30050100,422,1053,30060000,26027
4,3006,30060000,30060100,422,1053,30070000,26039
4,3007,30070000,30070100,422,1053,30080000,26045
4,3008,30080000,30080100,422,1053,30090000,26055
4,3009,30090000,30090100,422,1053,30100000,26063
4,301,3010000,3010100,422,1053,3020000,2608
4,3010,30100000,30100100,422,1053,30110000,26073
4,3011,30110000,30110100,422,1053,30120000,26079
4,3012,30120000,30120100,422,1053,30130000,26090
4,3013,30130000,30130100,422,1053,30140000,26098
4,3014,30140000,30140100,422,1053,30150000,26106
4,3015,30150000,30150100,422,1053,30160000,26115
4,3016,30160000,30160100,422,1053,30170000,26124
4,3017,30170000,30170100,422,1053,30180000,26132
4,3018,30180000,30180100,422,1053,30190000,26142
4,3019,30190000,30190100,422,1053,30200000,26149
4,302,3020000,3020100,422,1053,3030000,2616
4,3020,30200000,30200100,422,1053,30210000,26160
4,3021,30210000,30210100,422,1053,30220000,26168
4,3022,30220000,30220100,422,1053,30230000,26175
4,3023,30230000,30230100,422,1053,30240000,26181
4,3024,30240000,30240100,422,1053,30250000,26195
4,3025,30250000,30250100,422,1053,30260000,26203
4,3026,30260000,30260100,422,1053,30270000,26210
4,3027,30270000,30270100,422,1053,30280000,26220
4,3028,30280000,30280100,422,1053,30290000,26228
4,3029,30290000,30290100,422,1053,30300000,26234
4,303,3030000,3030100,422,1053,3040000,2624
4,3030,30300000,30300100,422,1053,30310000,26246
4,3031,30310000,30310100,422,1053,30320000,26254
4,3032,30320000,30320100,422,1053,30330000,26263
4,3033,30330000,30330100,422,1053,30340000,26271
4,3034,30340000,30340100,422,1053,30350000,26280
4,3035,30350000,30350100,422,1053,30360000,26287
4,3036,30360000,30360100,422,1053,30370000,26299
4,3037,30370000,30370100,422,1053,30380000,26305
4,3038,30380000,30380100,422,1053,30390000,26314
4,3039,30390000,30390100,422,1053,30400000,26322
4,304,3040000,3040100,422,1053,3050000,2635
4,3040,30400000,30400100,422,1053,30410000,26332
4,3041,30410000,30410100,422,1053,30420000,26341
4,3042,30420000,30420100,422,1053,30430000,26351
4,3043,30430000,30430100,422,1053,30440000,26357
4,3044,30440000,30440100,422,1053,30450000,26365
4,3045,30450000,30450100,422,1053,30460000,26376
4,3046,30460000,30460100,422,1053,30470000,26383
4,3047,30470000,30470100,422,1053,30480000,26390
4,3048,30480000,30480100,422,1053,30490000,26404
4,3049,30490000,30490100,422,1053,30500000,26410
4,305,3050000,3050100,422,1053,3060000,2642
4,3050,30500000,30500100,422,1053,30510000,26418
4,3051,30510000,30510100,422,1053,30520000,26426
4,3052,30520000,30520100,422,1053,30530000,26437
4,3053,30530000,30530100,422,1053,30540000,26443
4,3054,30540000,30540100,422,1053,30550000,26453
4,3055,30550000,30550100,422,1053,30560000,26462
4,3056,30560000,30560100,422,1053,30570000,26471
4,3057,30570000,30570100,422,1053,30580000,26479
4,3058,30580000,30580100,422,1053,30590000,26487
4,3059,30590000,30590100,422,1053,30600000,26495
4,306,3060000,3060100,422,1053,3070000,2652
4,3060,30600000,30600100,422,1053,30610000,26507
4,3061,30610000,30610100,422,1053,30620000,26513
4,3062,30620000,30620100,422,1053,30630000,26522
4,3063,30630000,30630100,422,1053,30640000,26531
4,3064,30640000,30640100,422,1053,30650000,26540
4,3065,30650000,30650100,422,1053,30660000,26547
4,3066,30660000,30660100,422,1053,30670000,26559
4,3067,30670000,30670100,422,1053,30680000,26565
4,3068,30680000,30680100,422,1053,30690000,26573
4,3069,30690000,30690100,422,1053,30700000,26584
4,307,3070000,3070100,422,1053,3080000,2658
4,3070,30700000,30700100,422,1053,30710000,26592
4,3071,30710000,30710100,422,1053,30720000,26598
4,3072,30720000,30720100,422,1053,30730000,26610
4,3073,30730000,30730100,422,1053,30740000,26618
4,3074,30740000,30740100,422,1053,30750000,26626
4,3075,30750000,30750100,422,1053,30760000,26635
4,3076,30760000,30760100,422,1053,30770000,26645
4,3077,30770000,30770100,422,1053,30780000,26651
4,3078,30780000,30780100,422,1053,30790000,26661
4,3079,30790000,30790100,422,1053,30800000,26667
4,308,3080000,3080100,422,1053,3090000,2669
4,3080,30800000,30800100,422,1053,30810000,26680
4,3081,30810000,30810100,422,1053,30820000,26688
4,3082,30820000,30820100,422,1053,30830000,26695
4,3083,30830000,30830100,422,1053,30840000,26703
4,3084,30840000,30840100,422,1053,30850000,26714
4,3085,30850000,30850100,422,1053,30860000,26722
4,3086,30860000,30860100,422,1053,30870000,26729
4,3087,30870000,30870100,422,1053,30880000,26739
4,3088,30880000,30880100,422,1053,30890000,26748
4,3089,30890000,30890100,422,1053,30900000,26754
4,309,3090000,3090100,422,1053,3100000,2677
4,3090,30900000,30900100,422,1053,30910000,26767
4,3091,30910000,30910100,422,1053,30920000,26774
4,3092,30920000,30920100,422,1053,30930000,26782
4,3093,30930000,30930100,422,1053,30940000,26790
4,3094,30940000,30940100,422,1053,30950000,26799
4,3095,30950000,30950100,422,1053,30960000,26806
4,3096,30960000,30960100,422,1053,30970000,26819
4,3097,30970000,30970100,422,1053,30980000,26827
4,3098,30980000,30980100,422,1053,30990000,26834
4,3099,30990000,30990100,422,1053,31000000,26842
4,31,310000,310100,422,1053,320000,269
4,310,3100000,3100100,422,1053,3110000,2685
4,3100,31000000,31000100,422,1053,31010000,26851
4,3101,31010000,31010100,422,1053,31020000,26859
4,3102,31020000,31020100,422,1053,31030000,26870
4,3103,31030000,31030100,422,1053,31040000,26876
4,3104,31040000,31040100,422,1053,31050000,26887
4,3105,31050000,31050100,422,1053,31060000,26896
4,3106,31060000,31060100,422,1053,31070000,26903
4,3107,31070000,31070100,422,1053,31080000,26910
4,3108,31080000,31080100,422,1053,31090000,26923
4,3109,31090000,31090100,422,1053,31100000,26929
4,311,3110000,3110100,422,1053,3120000,2693
4,3110,31100000,31100100,422,1053,31110000,26937
4,3111,31110000,31110100,422,1053,31120000,26947
4,3112,31120000,31120100,422,1053,31130000,26956
4,3113,31130000,31130100,422,1053,31140000,26963
4,3114,31140000,31140100,422,1053,31150000,26973
4,3115,31150000,31150100,422,1053,31160000,26982
4,3116,31160000,31160100,422,1053,31170000,26990
4,3117,31170000,31170100,422,1053,31180000,26998
4,3118,31180000,31180100,422,1053,31190000,27008
4,3119,31190000,31190100,422,1053,31200000,27014
4,312,3120000,3120100,422,1053,3130000,2705
4,3120,31200000,31200100,422,1053,31210000,27027
4,3121,31210000,31210100,422,1053,31220000,27033
4,3122,31220000,31220100,422,1053,31230000,27042
4,3123,31230000,31230100,422,1053,31240000,27050
4,3124,31240000,31240100,422,1053,31250000,27059
4,3125,31250000,31250100,422,1053,31260000,27068
4,3126,31260000,31260100,422,1053,31270000,27078
4,3127,31270000,31270100,422,1053,31280000,27084
4,3128,31280000,31280100,422,1053,31290000,27093
4,3129,31290000,31290100,422,1053,31300000,27104
4,313,3130000,3130100,422,1053,3140000,2712
4,3130,31300000,31300100,422,1053,31310000,27112
4,3131,31310000,31310100,422,1053,31320000,27118
4,3132,31320000,31320100,422,1053,31330000,27131
4,3133,31330000,31330100,422,1053,31340000,27137
4,3134,31340000,31340100,422,1053,31350000,27144
4,3135,31350000,31350100,422,1053,31360000,27154
4,3136,31360000,31360100,422,1053,31370000,27165
4,3137,31370000,31370100,422,1053,31380000,27171
4,3138,31380000,31380100,422,1053,31390000,27181
4,3139,31390000,31390100,422,1053,31400000,27189
4,314,3140000,3140100,422,1053,3150000,2719
4,3140,31400000,31400100,422,1053,31410000,27199
4,3141,31410000,31410100,422,1053,31420000,27207
4,3142,31420000,31420100,422,1053,31430000,27214
4,3143,31430000,31430100,422,1053,31440000,27222
4,3144,31440000,31440100,422,1053,31450000,27234
4,3145,31450000,31450100,422,1053,31460000,27241
4,3146,31460000,31460100,422,1053,31470000,27251
4,3147,31470000,31470100,422,1053,31480000,27259
4,3148,31480000,31480100,422,1053,31490000,27267
4,3149,31490000,31490100,422,1053,31500000,27273
4,315,3150000,3150100,422,1053,3160000,2730
4,3150,31500000,31500100,422,1053,31510000,27286
4,3151,31510000,31510100,422,1053,31520000,27293
4,3152,31520000,31520100,422,1053,31530000,27302
4,3153,31530000,31530100,422,1053,31540000,27312
4,3154,31540000,31540100,422,1053,31550000,27319
4,3155,31550000,31550100,422,1053,31560000,27326
4,3156,31560000,31560100,422,1053,31570000,27337
4,3157,31570000,31570100,422,1053,31580000,27346
4,3158,31580000,31580100,422,1053,31590000,27353
4,3159,31590000,31590100,422,1053,31600000,27361
4,316,3160000,3160100,422,1053,3170000,2738
4,3160,31600000,31600100,422,1053,31610000,27373
4,3161,31610000,31610100,422,1053,31620000,27379
4,3162,31620000,31620100,422,1053,31630000,27390
4,3163,31630000,31630100,422,1053,31640000,27396
4,3164,31640000,31640100,422,1053,31650000,27406
4,3165,31650000,31650100,422,1053,31660000,27415
4,3166,31660000,31660100,422,1053,31670000,27422
4,3167,31670000,31670100,422,1053,31680000,27430
4,3168,31680000,31680100,422,1053,31690000,27443
4,3169,31690000,31690100,422,1053,31700000,27449
4,317,3170000,3170100,422,1053,3180000,2744
4,3170,31700000,31700100,422,1053,31710000,27457
4,3171,31710000,31710100,422,1053,31720000,27467
4,3172,31720000,31720100,422,1053,31730000,27475
4,3173,31730000,31730100,422,1053,31740000,27482
4,3174,31740000,31740100,422,1053,31750000,27494
4,3175,31750000,31750100,422,1053,31760000,27501
4,3176,31760000,31760100,422,1053,31770000,27510
4,3177,31770000,31770100,422,1053,31780000,27518
4,3178,31780000,31780100,422,1053,31790000,27527
4,3179,31790000,31790100,422,1053,31800000,27534
4,318,3180000,3180100,422,1053,3190000,2756
4,3180,31800000,31800100,422,1053,31810000,27546
4,3181,31810000,31810100,422,1053,31820000,27554
4,3182,31820000,31820100,422,1053,31830000,27561
4,3183,31830000,31830100,422,1053,31840000,27569
4,3184,31840000,31840100,422,1053,31850000,27579
4,3185,31850000,31850100,422,1053,31860000,27588
4,3186,31860000,31860100,422,1053,31870000,27598
4,3187,31870000,31870100,422,1053,31880000,27604
4,3188,31880000,31880100,422,1053,31890000,27614
4,3189,31890000,31890100,422,1053,31900000,27622
4,319,3190000,3190100,422,1053,3200000,2763
4,3190,31900000,31900100,422,1053,31910000,27631
4,3191,31910000,31910100,422,1053,31920000,27637
4,3192,31920000,31920100,422,1053,31930000,27651
4,3193,31930000,31930100,422,1053,31940000,27657
4,3194,31940000,31940100,422,1053,31950000,27664
4,3195,31950000,31950100,422,1053,31960000,27676
4,3196,31960000,31960100,422,1053,31970000,27684
4,3197,31970000,31970100,422,1053,31980000,27690
4,3198,31980000,31980100,422,1053,31990000,27700
4,3199,31990000,31990100,422,1053,32000000,27708
4,32,320000,320100,422,1053,330000,278
4,320,3200000,3200100,422,1053,3210000,2773
4,3200,32000000,32000100,422,1053,32010000,27718
4,3201,32010000,32010100,422,1053,32020000,27727
4,3202,32020000,32020100,422,1053,32030000,27736
4,3203,32030000,32030100,422,1053,32040000,27742
4,3204,32040000,32040100,422,1053,32050000,27753
4,3205,32050000,32050100,422,1053,32060000,27760
4,3206,32060000,32060100,422,1053,32070000,27770
4,3207,32070000,32070100,422,1053,32080000,27778
4,3208,32080000,32080100,422,1053,32090000,27787
4,3209,32090000,32090100,422,1053,32100000,27795
4,321,3210000,3210100,422,1053,3220000,2781
4,3210,32100000,32100100,422,1053,32110000,27806
4,3211,32110000,32110100,422,1053,32120000,27812
4,3212,32120000,32120100,422,1053,32130000,27821
4,3213,32130000,32130100,422,1053,32140000,27831
4,3214,32140000,32140100,422,1053,32150000,27838
4,3215,32150000,32150100,422,1053,32160000,27845
4,3216,32160000,32160100,422,1053,32170000,27859
4,3217,32170000,32170100,422,1053,32180000,27866
4,3218,32180000,32180100,422,1053,32190000,27873
4,3219,32190000,32190100,422,1053,32200000,27881
4,322,3220000,3220100,422,1053,3230000,2790
4,3220,32200000,32200100,422,1053,32210000,27892
4,3221,32210000,32210100,422,1053,32220000,27898
4,3222,32220000,32220100,422,1053,32230000,27908
4,3223,32230000,32230100,422,1053,32240000,27917
4,3224,32240000,32240100,422,1053,32250000,27926
4,3225,32250000,32250100,422,1053,32260000,27935
4,3226,32260000,32260100,422,1053,32270000,27942
4,3227,32270000,32270100,422,1053,32280000,27950
4,3228,32280000,32280100,422,1053,32290000,27962
4,3229,32290000,32290100,422,1053,32300000,27968
4,323,3230000,3230100,422,1053,3240000,2796
4,3230,32300000,32300100,422,1053,32310000,27978
4,3231,32310000,32310100,422,1053,32320000,27986
4,3232,32320000,32320100,422,1053,32330000,27995
4,3233,32330000,32330100,422,1053,32340000,28001
4,3234,32340000,32340100,422,1053,32350000,28014
4,3235,32350000,32350100,422,1053,32360000,28021
4,3236,32360000,32360100,422,1053,32370000,28029
4,3237,32370000,32370100,422,1053,32380000,28039
4,3238,32380000,32380100,422,1053,32390000,28046
4,3239,32390000,32390100,422,1053,32400000,28053
4,324,3240000,3240100,422,1053,3250000,2808
4,3240,32400000,32400100,422,1053,32410000,28066
4,3241,32410000,32410100,422,1053,32420000,28074
4,3242,32420000,32420100,422,1053,32430000,28081
4,3243,32430000,32430100,422,1053,32440000,28089
4,3244,32440000,32440100,422,1053,32450000,28099
4,3245,32450000,32450100,422,1053,32460000,28107
4,3246,32460000,32460100,422,1053,32470000,28117
4,3247,32470000,32470100,422,1053,32480000,28123
4,3248,32480000,32480100,422,1053,32490000,28134
4,3249,32490000,32490100,422,1053,32500000,28142
4,325,3250000,3250100,422,1053,3260000,2817
4,3250,32500000,32500100,422,1053,32510000,28151
4,3251,32510000,32510100,422,1053,32520000,28159
4,3252,32520000,32520100,422,1053,32530000,28170
4,3253,32530000,32530100,422,1053,32540000,28176
4,3254,32540000,32540100,422,1053,32550000,28183
4,3255,32550000,32550100,422,1053,32560000,28194
4,3256,32560000,32560100,422,1053,32570000,28204
4,3257,32570000,32570100,422,1053,32580000,28210
4,3258,32580000,32580100,422,1053,32590000,28222
4,3259,32590000,32590100,422,1053,32600000,28228
4,326,3260000,3260100,422,1053,3270000,2824
4,3260,32600000,32600100,422,1053,32610000,28237
4,3261,32610000,32610100,422,1053,32620000,28246
4,3262,32620000,32620100,422,1053,32630000,28255
4,3263,32630000,32630100,422,1053,32640000,28261
4,3264,32640000,32640100,422,1053,32650000,28273
4,3265,32650000,32650100,422,1053,32660000,28282
4,3266,32660000,32660100,422,1053,32670000,28289
4,3267,32670000,32670100,422,1053,32680000,28298
4,3268,32680000,32680100,422,1053,32690000,28306
4,3269,32690000,32690100,422,1053,32700000,28314
4,327,3270000,3270100,422,1053,3280000,2832
4,3270,32700000,32700100,422,1053,32710000,28325
4,3271,32710000,32710100,422,1053,32720000,28331
4,3272,32720000,32720100,422,1053,32730000,28343
4,3273,32730000,32730100,422,1053,32740000,28351
4,3274,32740000,32740100,422,1053,32750000,28358
4,3275,32750000,32750100,422,1053,32760000,28365
4,3276,32760000,32760100,422,1053,32770000,28378
4,3277,32770000,32770100,422,1053,32780000,28384
4,3278,32780000,32780100,422,1053,32790000,28392
4,3279,32790000,32790100,422,1053,32800000,28402
4,328,3280000,3280100,422,1053,3290000,2841
4,3280,32800000,32800100,422,1053,32810000,28412
4,3281,32810000,32810100,422,1053,32820000,28418
4,3282,32820000,32820100,422,1053,32830000,28428
4,3283,32830000,32830100,422,1053,32840000,28437
4,3284,32840000,32840100,422,1053,32850000,28445
4,3285,32850000,32850100,422,1053,32860000,28454
4,3286,32860000,32860100,422,1053,32870000,28463
4,3287,32870000,32870100,422,1053,32880000,28469
4,3288,32880000,32880100,422,1053,32890000,28481
4,3289,32890000,32890100,422,1053,32900000,28488
4,329,3290000,3290100,422,1053,3300000,2849
4,3290,32900000,32900100,422,1053,32910000,28498
4,3291,32910000,32910100,422,1053,32920000,28506
4,3292,32920000,32920100,422,1053,32930000,28514
4,3293,32930000,32930100,422,1053,32940000,28522
4,3294,32940000,32940100,422,1053,32950000,28533
4,3295,32950000,32950100,422,1053,32960000,28540
4,3296,32960000,32960100,422,1053,32970000,28549
4,3297,32970000,32970100,422,1053,32980000,28559
4,3298,32980000,32980100,422,1053,32990000,28566
4,3299,32990000,32990100,422,1053,33000000,28572
4,33,330000,330100,422,1053,340000,287
4,330,3300000,3300100,422,1053,3310000,2861
4,3300,33000000,33000100,422,1053,33010000,28587
4,3301,33010000,33010100,422,1053,33020000,28593
4,3302,33020000,33020100,422,1053,33030000,28600
4,3303,33030000,33030100,422,1053,33040000,28608
4,3304,33040000,33040100,422,1053,33050000,28619
4,3305,33050000,33050100,422,1053,33060000,28627
4,3306,33060000,33060100,422,1053,33070000,28637
4,3307,33070000,33070100,422,1053,33080000,28645
4,3308,33080000,33080100,422,1053,33090000,28653
4,3309,33090000,33090100,422,1053,33100000,28661
4,331,3310000,3310100,422,1053,3320000,2867
4,3310,33100000,33100100,422,1053,33110000,28669
4,3311,33110000,33110100,422,1053,33120000,28678
4,3312,33120000,33120100,422,1053,33130000,28690
4,3313,33130000,33130100,422,1053,33140000,28696
4,3314,33140000,33140100,422,1053,33150000,28705
4,3315,33150000,33150100,422,1053,33160000,28714
4,3316,33160000,33160100,422,1053,33170000,28723
4,3317,33170000,33170100,422,1053,33180000,28729
4,3318,33180000,33180100,422,1053,33190000,28741
4,3319,33190000,33190100,422,1053,33200000,28747
4,332,3320000,3320100,422,1053,3330000,2877
4,3320,33200000,33200100,422,1053,33210000,28757
4,3321,33210000,33210100,422,1053,33220000,28767
4,3322,33220000,33220100,422,1053,33230000,28775
4,3323,33230000,33230100,422,1053,33240000,28781
4,3324,33240000,33240100,422,1053,33250000,28792
4,3325,33250000,33250100,422,1053,33260000,28801
4,3326,33260000,33260100,422,1053,33270000,28808
4,3327,33270000,33270100,422,1053,33280000,28817
4,3328,33280000,33280100,422,1053,33290000,28828
4,3329,33290000,33290100,422,1053,33300000,28834
4,333,3330000,3330100,422,1053,3340000,2885
4,3330,33300000,33300100,422,1053,33310000,28845
4,3331,33310000,33310100,422,1053,33320000,28851
4,3332,33320000,33320100,422,1053,33330000,28861
4,3333,33330000,33330100,422,1053,33340000,28870
4,3334,33340000,33340100,422,1053,33350000,28877
4,3335,33350000,33350100,422,1053,33360000,28886
4,3336,33360000,33360100,422,1053,33370000,28898
4,3337,33370000,33370100,422,1053,33380000,28904
4,3338,33380000,33380100,422,1053,33390000,28912
4,3339,33390000,33390100,422,1053,33400000,28922
4,334,3340000,3340100,422,1053,3350000,2892
4,3340,33400000,33400100,422,1053,33410000,28931
4,3341,33410000,33410100,422,1053,33420000,28937
4,3342,33420000,33420100,422,1053,33430000,28949
4,3343,33430000,33430100,422,1053,33440000,28955
4,3344,33440000,33440100,422,1053,33450000,28965
4,3345,33450000,33450100,422,1053,33460000,28974
4,3346,33460000,33460100,422,1053,33470000,28983
4,3347,33470000,33470100,422,1053,33480000,28989
4,3348,33480000,33480100,422,1053,33490000,29000
4,3349,33490000,33490100,422,1053,33500000,29009
4,335,3350000,3350100,422,1053,3360000,2900
4,3350,33500000,33500100,422,1053,33510000,29017
4,3351,33510000,33510100,422,1053,33520000,29025
4,3352,33520000,33520100,422,1053,33530000,29034
4,3353,33530000,33530100,422,1053,33540000,29042
4,3354,33540000,33540100,422,1053,33550000,29052
4,3355,33550000,33550100,422,1053,33560000,29060
4,3356,33560000,33560100,422,1053,33570000,29070
4,3357,33570000,33570100,422,1053,33580000,29078
4,3358,33580000,33580100,422,1053,33590000,29085
4,3359,33590000,33590100,422,1053,33600000,29091
4,336,3360000,3360100,422,1053,3370000,2914
4,3360,33600000,33600100,422,1053,33610000,29107
4,3361,33610000,33610100,422,1053,33620000,29113
4,3362,33620000,33620100,422,1053,33630000,29120
4,3363,33630000,33630100,422,1053,33640000,29130
4,3364,33640000,33640100,422,1053,33650000,29138
4,3365,33650000,33650100,422,1053,33660000,29145
4,3366,33660000,33660100,422,1053,33670000,29156
4,3367,33670000,33670100,422,1053,33680000,29164
4,3368,33680000,33680100,422,1053,33690000,29173
4,3369,33690000,33690100,422,1053,33700000,29181
4,337,3370000,3370100,422,1053,3380000,2920
4,3370,33700000,33700100,422,1053,33710000,29191
4,3371,33710000,33710100,422,1053,33720000,29198
4,3372,33720000,33720100,422,1053,33730000,29209
4,3373,33730000,33730100,422,1053,33740000,29215
4,3374,33740000,33740100,422,1053,33750000,29224
4,3375,33750000,33750100,422,1053,33760000,29233
4,3376,33760000,33760100,422,1053,33770000,29242
4,3377,33770000,33770100,422,1053,33780000,29251
4,3378,33780000,33780100,422,1053,33790000,29261
4,3379,33790000,33790100,422,1053,33800000,29267
4,338,3380000,3380100,422,1053,3390000,2927
4,3380,33800000,33800100,422,1053,33810000,29276
4,3381,33810000,33810100,422,1053,33820000,29286
4,3382,33820000,33820100,422,1053,33830000,29294
4,3383,33830000,33830100,422,1053,33840000,29300
4,3384,33840000,33840100,422,1053,33850000,29314
4,3385,33850000,33850100,422,1053,33860000,29321
4,3386,33860000,33860100,422,1053,33870000,29328
4,3387,33870000,33870100,422,1053,33880000,29336
4,3388,33880000,33880100,422,1053,33890000,29347
4,3389,33890000,33890100,422,1053,33900000,29353
4,339,3390000,3390100,422,1053,3400000,2937
4,3390,33900000,33900100,422,1053,33910000,29364
4,3391,33910000,33910100,422,1053,33920000,29372
4,3392,33920000,33920100,422,1053,33930000,29381
4,3393,33930000,33930100,422,1053,33940000,29390
4,3394,33940000,33940100,422,1053,33950000,29397
4,3395,33950000,33950100,422,1053,33960000,29406
4,3396,33960000,33960100,422,1053,33970000,29417
4,3397,33970000,33970100,422,1053,33980000,29423
4,3398,33980000,33980100,422,1053,33990000,29432
4,3399,33990000,33990100,422,1053,34000000,29441
4,34,340000,340100,422,1053,350000,294
4,340,3400000,3400100,422,1053,3410000,2946
4,3400,34000000,34000100,422,1053,34010000,29451
4,3401,34010000,34010100,422,1053,34020000,29457
4,3402,34020000,34020100,422,1053,34030000,29469
4,3403,34030000,34030100,422,1053,34040000,29475
4,3404,34040000,34040100,422,1053,34050000,29484
4,3405,34050000,34050100,422,1053,34060000,29495
4,3406,34060000,34060100,422,1053,34070000,29502
4,3407,34070000,34070100,422,1053,34080000,29508
4,3408,34080000,34080100,422,1053,34090000,29520
4,3409,34090000,34090100,422,1053,34100000,29528
4,341,3410000,3410100,422,1053,3420000,2953
4,3410,34100000,34100100,422,1053,34110000,29537
4,3411,34110000,34110100,422,1053,34120000,29545
4,3412,34120000,34120100,422,1053,34130000,29555
4,3413,34130000,34130100,422,1053,34140000,29561
4,3414,34140000,34140100,422,1053,34150000,29571
4,3415,34150000,34150100,422,1053,34160000,29579
4,3416,34160000,34160100,422,1053,34170000,29590
4,3417,34170000,34170100,422,1053,34180000,29598
4,3418,34180000,34180100,422,1053,34190000,29605
4,3419,34190000,34190100,422,1053,34200000,29613
4,342,3420000,3420100,422,1053,3430000,2963
4,3420,34200000,34200100,422,1053,34210000,29625
4,3421,34210000,34210100,422,1053,34220000,29632
4,3422,34220000,34220100,422,1053,34230000,29639
4,3423,34230000,34230100,422,1053,34240000,29649
4,3424,34240000,34240100,422,1053,34250000,29658
4,3425,34250000,34250100,422,1053,34260000,29665
4,3426,34260000,34260100,422,1053,34270000,29678
4,3427,34270000,34270100,422,1053,34280000,29684
4,3428,34280000,34280100,422,1053,34290000,29692
4,3429,34290000,34290100,422,1053,34300000,29700
4,343,3430000,3430100,422,1053,3440000,2971
4,3430,34300000,34300100,422,1053,34310000,29710
4,3431,34310000,34310100,422,1053,34320000,29716
4,3432,34320000,34320100,422,1053,34330000,29729
4,3433,34330000,34330100,422,1053,34340000,29737
4,3434,34340000,34340100,422,1053,34350000,29744
4,3435,34350000,34350100,422,1053,34360000,29753
4,3436,34360000,34360100,422,1053,34370000,29761
4,3437,34370000,34370100,422,1053,34380000,29770
4,3438,34380000,34380100,422,1053,34390000,29780
4,3439,34390000,34390100,422,1053,34400000,29786
4,344,3440000,3440100,422,1053,3450000,2980
4,3440,34400000,34400100,422,1053,34410000,29798
4,3441,34410000,34410100,422,1053,34420000,29806
4,3442,34420000,34420100,422,1053,34430000,29813
4,3443,34430000,34430100,422,1053,34440000,29820
4,3444,34440000,34440100,422,1053,34450000,29833
4,3445,34450000,34450100,422,1053,34460000,29840
4,3446,34460000,34460100,422,1053,34470000,29847
4,3447,34470000,34470100,422,1053,34480000,29857
4,3448,34480000,34480100,422,1053,34490000,29867
4,3449,34490000,34490100,422,1053,34500000,29873
4,345,3450000,3450100,422,1053,3460000,2989
4,3450,34500000,34500100,422,1053,34510000,29884
4,3451,34510000,34510100,422,1053,34520000,29892
4,3452,34520000,34520100,422,1053,34530000,29900
4,3453,34530000,34530100,422,1053,34540000,29908
4,3454,34540000,34540100,422,1053,34550000,29918
4,3455,34550000,34550100,422,1053,34560000,29925
4,3456,34560000,34560100,422,1053,34570000,29937
4,3457,34570000,34570100,422,1053,34580000,29943
4,3458,34580000,34580100,422,1053,34590000,29952
4,3459,34590000,34590100,422,1053,34600000,29961
4,346,3460000,3460100,422,1053,3470000,2999
4,3460,34600000,34600100,422,1053,34610000,29970
4,3461,34610000,34610100,422,1053,34620000,29978
4,3462,34620000,34620100,422,1053,34630000,29988
4,3463,34630000,34630100,422,1053,34640000,29994
4,3464,34640000,34640100,422,1053,34650000,30003
4,3465,34650000,34650100,422,1053,34660000,30015
4,3466,34660000,34660100,422,1053,34670000,30022
4,3467,34670000,34670100,422,1053,34680000,30028
4,3468,34680000,34680100,422,1053,34690000,30041
4,3469,34690000,34690100,422,1053,34700000,30047
4,347,3470000,3470100,422,1053,3480000,3005
4,3470,34700000,34700100,422,1053,34710000,30056
4,3471,34710000,34710100,422,1053,34720000,30064
4,3472,34720000,34720100,422,1053,34730000,30075
4,3473,34730000,34730100,422,1053,34740000,30081
4,3474,34740000,34740100,422,1053,34750000,30091
4,3475,34750000,34750100,422,1053,34760000,30100
4,3476,34760000,34760100,422,1053,34770000,30109
4,3477,34770000,34770100,422,1053,34780000,30117
4,3478,34780000,34780100,422,1053,34790000,30124
4,3479,34790000,34790100,422,1053,34800000,30132
4,348,3480000,3480100,422,1053,3490000,3016
4,3480,34800000,34800100,422,1053,34810000,30145
4,3481,34810000,34810100,422,1053,34820000,30152
4,3482,34820000,34820100,422,1053,34830000,30161
4,3483,34830000,34830100,422,1053,34840000,30169
4,3484,34840000,34840100,422,1053,34850000,30177
4,3485,34850000,34850100,422,1053,34860000,30184
4,3486,34860000,34860100,422,1053,34870000,30196
4,3487,34870000,34870100,422,1053,34880000,30203
4,3488,34880000,34880100,422,1053,34890000,30212
4,3489,34890000,34890100,422,1053,34900000,30222
4,349,3490000,3490100,422,1053,3500000,3022
4,3490,34900000,34900100,422,1053,34910000,30230
4,3491,34910000,34910100,422,1053,34920000,30236
4,3492,34920000,34920100,422,1053,34930000,30248
4,3493,34930000,34930100,422,1053,34940000,30256
4,3494,34940000,34940100,422,1053,34950000,30263
4,3495,34950000,34950100,422,1053,34960000,30272
4,3496,34960000,34960100,422,1053,34970000,30283
4,3497,34970000,34970100,422,1053,34980000,30289
4,3498,34980000,34980100,422,1053,34990000,30300
4,3499,34990000,34990100,422,1053,35000000,30306
4,35,350000,350100,422,1053,360000,303
4,350,3500000,3500100,422,1053,3510000,3032
4,3500,35000000,35000100,422,1053,35010000,30317
4,3501,35010000,35010100,422,1053,35020000,30325
4,3502,35020000,35020100,422,1053,35030000,30332
4,3503,35030000,35030100,422,1053,35040000,30341
4,3504,35040000,35040100,422,1053,35050000,30353
4,3505,35050000,35050100,422,1053,35060000,30360
4,3506,35060000,35060100,422,1053,35070000,30367
4,3507,35070000,35070100,422,1053,35080000,30377
4,3508,35080000,35080100,422,1053,35090000,30385
4,3509,35090000,35090100,422,1053,35100000,30392
4,351,3510000,3510100,422,1053,3520000,3040
4,3510,35100000,35100100,422,1053,35110000,30405
4,3511,35110000,35110100,422,1053,35120000,30411
4,3512,35120000,35120100,422,1053,35130000,30420
4,3513,35130000,35130100,422,1053,35140000,30428
4,3514,35140000,35140100,422,1053,35150000,30438
4,3515,35150000,35150100,422,1053,35160000,30445
4,3516,35160000,35160100,422,1053,35170000,30456
4,3517,35170000,35170100,422,1053,35180000,30464
4,3518,35180000,35180100,422,1053,35190000,30471
4,3519,35190000,35190100,422,1053,35200000,30479
4,352,3520000,3520100,422,1053,3530000,3050
4,3520,35200000,35200100,422,1053,35210000,30490
4,3521,35210000,35210100,422,1053,35220000,30498
4,3522,35220000,35220100,422,1053,35230000,30508
4,3523,35230000,35230100,422,1053,35240000,30514
4,3524,35240000,35240100,422,1053,35250000,30524
4,3525,35250000,35250100,422,1053,35260000,30534
4,3526,35260000,35260100,422,1053,35270000,30541
4,3527,35270000,35270100,422,1053,35280000,30547
4,3528,35280000,35280100,422,1053,35290000,30561
4,3529,35290000,35290100,422,1053,35300000,30567
4,353,3530000,3530100,422,1053,3540000,3058
4,3530,35300000,35300100,422,1053,35310000,30575
4,3531,35310000,35310100,422,1053,35320000,30586
4,3532,35320000,35320100,422,1053,35330000,30594
4,3533,35330000,35330100,422,1053,35340000,30600
4,3534,35340000,35340100,422,1053,35350000,30610
4,3535,35350000,35350100,422,1053,35360000,30619
4,3536,35360000,35360100,422,1053,35370000,30629
4,3537,35370000,35370100,422,1053,35380000,30637
4,3538,35380000,35380100,422,1053,35390000,30646
4,3539,35390000,35390100,422,1053,35400000,30652
4,354,3540000,3540100,422,1053,3550000,3068
4,3540,35400000,35400100,422,1053,35410000,30664
4,3541,35410000,35410100,422,1053,35420000,30670
4,3542,35420000,35420100,422,1053,35430000,30680
4,3543,35430000,35430100,422,1053,35440000,30688
4,3544,35440000,35440100,422,1053,35450000,30697
4,3545,35450000,35450100,422,1053,35460000,30706
4,3546,35460000,35460100,422,1053,35470000,30716
4,3547,35470000,35470100,422,1053,35480000,30723
4,3548,35480000,35480100,422,1053,35490000,30731
4,3549,35490000,35490100,422,1053,35500000,30741
4,355,3550000,3550100,422,1053,3560000,3075
4,3550,35500000,35500100,422,1053,35510000,30749
4,3551,35510000,35510100,422,1053,35520000,30755
4,3552,35520000,35520100,422,1053,35530000,30769
4,3553,35530000,35530100,422,1053,35540000,30776
4,3554,35540000,35540100,422,1053,35550000,30783
4,3555,35550000,35550100,422,1053,35560000,30792
4,3556,35560000,35560100,422,1053,35570000,30802
4,3557,35570000,35570100,422,1053,35580000,30808
4,3558,35580000,35580100,422,1053,35590000,30819
4,3559,35590000,35590100,422,1053,35600000,30827
4,356,3560000,3560100,422,1053,3570000,3083
4,3560,35600000,35600100,422,1053,35610000,30837
4,3561,35610000,35610100,422,1053,35620000,30845
4,3562,35620000,35620100,422,1053,35630000,30852
4,3563,35630000,35630100,422,1053,35640000,30860
4,3564,35640000,35640100,422,1053,35650000,30872
4,3565,35650000,35650100,422,1053,35660000,30879
4,3566,35660000,35660100,422,1053,35670000,30888
4,3567,35670000,35670100,422,1053,35680000,30896
4,3568,35680000,35680100,422,1053,35690000,30905
4,3569,35690000,35690100,422,1053,35700000,30912
4,357,3570000,3570100,422,1053,3580000,3094
4,3570,35700000,35700100,422,1053,35710000,30925
4,3571,35710000,35710100,422,1053,35720000,30931
4,3572,35720000,35720100,422,1053,35730000,30939
4,3573,35730000,35730100,422,1053,35740000,30949
4,3574,35740000,35740100,422,1053,35750000,30956
4,3575,35750000,35750100,422,1053,35760000,30964
4,3576,35760000,35760100,422,1053,35770000,30976
4,3577,35770000,35770100,422,1053,35780000,30984
4,3578,35780000,35780100,422,1053,35790000,30991
4,3579,35790000,35790100,422,1053,35800000,30999
4,358,3580000,3580100,422,1053,3590000,3101
4,3580,35800000,35800100,422,1053,35810000,31011
4,3581,35810000,35810100,422,1053,35820000,31017
4,3582,35820000,35820100,422,1053,35830000,31027
4,3583,35830000,35830100,422,1053,35840000,31033
4,3584,35840000,35840100,422,1053,35850000,31044
4,3585,35850000,35850100,422,1053,35860000,31053
4,3586,35860000,35860100,422,1053,35870000,31061
4,3587,35870000,35870100,422,1053,35880000,31069
4,3588,35880000,35880100,422,1053,35890000,31080
4,3589,35890000,35890100,422,1053,35900000,31086
4,359,3590000,3590100,422,1053,3600000,3107
4,3590,35900000,35900100,422,1053,35910000,31094
4,3591,35910000,35910100,422,1053,35920000,31105
4,3592,35920000,35920100,422,1053,35930000,31114
4,3593,35930000,35930100,422,1053,35940000,31120
4,3594,35940000,35940100,422,1053,35950000,31132
4,3595,35950000,35950100,422,1053,35960000,31139
4,3596,35960000,35960100,422,1053,35970000,31147
4,3597,35970000,35970100,422,1053,35980000,31156
4,3598,35980000,35980100,422,1053,35990000,31165
4,3599,35990000,35990100,422,1053,36000000,31171
4,36,360000,360100,422,1053,370000,314
4,360,3600000,3600100,422,1053,3610000,3122
4,3600,36000000,36000100,422,1053,36010000,31184
4,3601,36010000,36010100,422,1053,36020000,31192
4,3602,36020000,36020100,422,1053,36030000,31200
4,3603,36030000,36030100,422,1053,36040000,31208
4,3604,36040000,36040100,422,1053,36050000,31216
4,3605,36050000,36050100,422,1053,36060000,31225
4,3606,36060000,36060100,422,1053,36070000,31235
4,3607,36070000,36070100,422,1053,36080000,31241
4,3608,36080000,36080100,422,1053,36090000,31253
4,3609,36090000,36090100,422,1053,36100000,31261
4,361,3610000,3610100,422,1053,3620000,3128
4,3610,36100000,36100100,422,1053,36110000,31269
4,3611,36110000,36110100,422,1053,36120000,31275
4,3612,36120000,36120100,422,1053,36130000,31288
4,3613,36130000,36130100,422,1053,36140000,31295
4,3614,36140000,36140100,422,1053,36150000,31302
4,3615,36150000,36150100,422,1053,36160000,31313
4,3616,36160000,36160100,422,1053,36170000,31322
4,3617,36170000,36170100,422,1053,36180000,31328
4,3618,36180000,36180100,422,1053,36190000,31338
4,3619,36190000,36190100,422,1053,36200000,31347
4,362,3620000,3620100,422,1053,3630000,3135
4,3620,36200000,36200100,422,1053,36210000,31356
4,3621,36210000,36210100,422,1053,36220000,31364
4,3622,36220000,36220100,422,1053,36230000,31373
4,3623,36230000,36230100,422,1053,36240000,31379
4,3624,36240000,36240100,422,1053,36250000,31392
4,3625,36250000,36250100,422,1053,36260000,31399
4,3626,36260000,36260100,422,1053,36270000,31408
4,3627,36270000,36270100,422,1053,36280000,31416
4,3628,36280000,36280100,422,1053,36290000,31424
4,3629,36290000,36290100,422,1053,36300000,31432
4,363,3630000,3630100,422,1053,3640000,3144
4,3630,36300000,36300100,422,1053,36310000,31444
4,3631,36310000,36310100,422,1053,36320000,31450
4,3632,36320000,36320100,422,1053,36330000,31459
4,3633,36330000,36330100,422,1053,36340000,31469
4,3634,36340000,36340100,422,1053,36350000,31476
4,3635,36350000,36350100,422,1053,36360000,31484
4,3636,36360000,36360100,422,1053,36370000,31497
4,3637,36370000,36370100,422,1053,36380000,31503
4,3638,36380000,36380100,422,1053,36390000,31510
4,3639,36390000,36390100,422,1053,36400000,31518
4,364,3640000,3640100,422,1053,3650000,3154
4,3640,36400000,36400100,422,1053,36410000,31530
4,3641,36410000,36410100,422,1053,36420000,31537
4,3642,36420000,36420100,422,1053,36430000,31547
4,3643,36430000,36430100,422,1053,36440000,31555
4,3644,36440000,36440100,422,1053,36450000,31563
4,3645,36450000,36450100,422,1053,36460000,31572
4,3646,36460000,36460100,422,1053,36470000,31580
4,3647,36470000,36470100,422,1053,36480000,31588
4,3648,36480000,36480100,422,1053,36490000,31600
4,3649,36490000,36490100,422,1053,36500000,31606
4,365,3650000,3650100,422,1053,3660000,3161
4,3650,36500000,36500100,422,1053,36510000,31616
4,3651,36510000,36510100,422,1053,36520000,31624
4,3652,36520000,36520100,422,1053,36530000,31633
4,3653,36530000,36530100,422,1053,36540000,31639
4,3654,36540000,36540100,422,1053,36550000,31651
4,3655,36550000,36550100,422,1053,36560000,31658
4,3656,36560000,36560100,422,1053,36570000,31667
4,3657,36570000,36570100,422,1053,36580000,31678
4,3658,36580000,36580100,422,1053,36590000,31685
4,3659,36590000,36590100,422,1053,36600000,31691
4,366,3660000,3660100,422,1053,3670000,3171
4,3660,36600000,36600100,422,1053,36610000,31703
4,3661,36610000,36610100,422,1053,36620000,31711
4,3662,36620000,36620100,422,1053,36630000,31718
4,3663,36630000,36630100,422,1053,36640000,31727
4,3664,36640000,36640100,422,1053,36650000,31738
4,3665,36650000,36650100,422,1053,36660000,31745
4,3666,36660000,36660100,422,1053,36670000,31755
4,3667,36670000,36670100,422,1053,36680000,31761
4,3668,36680000,36680100,422,1053,36690000,31772
4,3669,36690000,36690100,422,1053,36700000,31780
4,367,3670000,3670100,422,1053,3680000,3179
4,3670,36700000,36700100,422,1053,36710000,31788
4,3671,36710000,36710100,422,1053,36720000,31796
4,3672,36720000,36720100,422,1053,36730000,31808
4,3673,36730000,36730100,422,1053,36740000,31814
4,3674,36740000,36740100,422,1053,36750000,31822
4,3675,36750000,36750100,422,1053,36760000,31833
4,3676,36760000,36760100,422,1053,36770000,31841
4,3677,36770000,36770100,422,1053,36780000,31847
4,3678,36780000,36780100,422,1053,36790000,31859
4,3679,36790000,36790100,422,1053,36800000,31866
4,368,3680000,3680100,422,1053,3690000,3189
4,3680,36800000,36800100,422,1053,36810000,31876
4,3681,36810000,36810100,422,1053,36820000,31884
4,3682,36820000,36820100,422,1053,36830000,31893
4,3683,36830000,36830100,422,1053,36840000,31899
4,3684,36840000,36840100,422,1053,36850000,31910
4,3685,36850000,36850100,422,1053,36860000,31920
4,3686,36860000,36860100,422,1053,36870000,31927
4,3687,36870000,36870100,422,1053,36880000,31935
4,3688,36880000,36880100,422,1053,36890000,31944
4,3689,36890000,36890100,422,1053,36900000,31952
4,369,3690000,3690100,422,1053,3700000,3197
4,3690,36900000,36900100,422,1053,36910000,31964
4,3691,36910000,36910100,422,1053,36920000,31970
4,3692,36920000,36920100,422,1053,36930000,31980
4,3693,36930000,36930100,422,1053,36940000,31988
4,3694,36940000,36940100,422,1053,36950000,31995
4,3695,36950000,36950100,422,1053,36960000,32002
4,3696,36960000,36960100,422,1053,36970000,32017
4,3697,36970000,36970100,422,1053,36980000,32023
4,3698,36980000,36980100,422,1053,36990000,32030
4,3699,36990000,36990100,422,1053,37000000,32040
4,37,370000,370100,422,1053,380000,320
4,370,3700000,3700100,422,1053,3710000,3205
4,3700,37000000,37000100,422,1053,37010000,32049
4,3701,37010000,37010100,422,1053,37020000,32056
4,3702,37020000,37020100,422,1053,37030000,32066
4,3703,37030000,37030100,422,1053,37040000,32074
4,3704,37040000,37040100,422,1053,37050000,32083
4,3705,37050000,37050100,422,1053,37060000,32092
4,3706,37060000,37060100,422,1053,37070000,32101
4,3707,37070000,37070100,422,1053,37080000,32108
4,3708,37080000,37080100,422,1053,37090000,32119
4,3709,37090000,37090100,422,1053,37100000,32125
4,371,3710000,3710100,422,1053,3720000,3213
4,3710,37100000,37100100,422,1053,37110000,32135
4,3711,37110000,37110100,422,1053,37120000,32143
4,3712,37120000,37120100,422,1053,37130000,32153
4,3713,37130000,37130100,422,1053,37140000,32161
4,3714,37140000,37140100,422,1053,37150000,32171
4,3715,37150000,37150100,422,1053,37160000,32178
4,3716,37160000,37160100,422,1053,37170000,32186
4,3717,37170000,37170100,422,1053,37180000,32196
4,3718,37180000,37180100,422,1053,37190000,32204
4,3719,37190000,37190100,422,1053,37200000,32210
4,372,3720000,3720100,422,1053,3730000,3224
4,3720,37200000,37200100,422,1053,37210000,32225
4,3721,37210000,37210100,422,1053,37220000,32231
4,3722,37220000,37220100,422,1053,37230000,32238
4,3723,37230000,37230100,422,1053,37240000,32247
4,3724,37240000,37240100,422,1053,37250000,32257
4,3725,37250000,37250100,422,1053,37260000,32264
4,3726,37260000,37260100,422,1053,37270000,32274
4,3727,37270000,37270100,422,1053,37280000,32282
4,3728,37280000,37280100,422,1053,37290000,32291
4,3729,37290000,37290100,422,1053,37300000,32300
4,373,3730000,3730100,422,1053,3740000,3230
4,3730,37300000,37300100,422,1053,37310000,32308
4,3731,37310000,37310100,422,1053,37320000,32316
4,3732,37320000,37320100,422,1053,37330000,32327
4,3733,37330000,37330100,422,1053,37340000,32333
4,3734,37340000,37340100,422,1053,37350000,32343
4,3735,37350000,37350100,422,1053,37360000,32352
4,3736,37360000,37360100,422,1053,37370000,32361
4,3737,37370000,37370100,422,1053,37380000,32367
4,3738,37380000,37380100,422,1053,37390000,32379
4,3739,37390000,37390100,422,1053,37400000,32385
4,374,3740000,3740100,422,1053,3750000,3240
4,3740,37400000,37400100,422,1053,37410000,32395
4,3741,37410000,37410100,422,1053,37420000,32405
4,3742,37420000,37420100,422,1053,37430000,32412
4,3743,37430000,37430100,422,1053,37440000,32418
4,3744,37440000,37440100,422,1053,37450000,32430
4,3745,37450000,37450100,422,1053,37460000,32440
4,3746,37460000,37460100,422,1053,37470000,32447
4,3747,37470000,37470100,422,1053,37480000,32455
4,3748,37480000,37480100,422,1053,37490000,32465
4,3749,37490000,37490100,422,1053,37500000,32471
4,375,3750000,3750100,422,1053,3760000,3249
4,3750,37500000,37500100,422,1053,37510000,32482
4,3751,37510000,37510100,422,1053,37520000,32489
4,3752,37520000,37520100,422,1053,37530000,32500
4,3753,37530000,37530100,422,1053,37540000,32508
4,3754,37540000,37540100,422,1053,37550000,32515
4,3755,37550000,37550100,422,1053,37560000,32524
4,3756,37560000,37560100,422,1053,37570000,32536
4,3757,37570000,37570100,422,1053,37580000,32542
4,3758,37580000,37580100,422,1053,37590000,32549
4,3759,37590000,37590100,422,1053,37600000,32559
4,376,3760000,3760100,422,1053,3770000,3258
4,3760,37600000,37600100,422,1053,37610000,32569
4,3761,37610000,37610100,422,1053,37620000,32575
4,3762,37620000,37620100,422,1053,37630000,32588
4,3763,37630000,37630100,422,1053,37640000,32594
4,3764,37640000,37640100,422,1053,37650000,32602
4,3765,37650000,37650100,422,1053,37660000,32611
4,3766,37660000,37660100,422,1053,37670000,32620
4,3767,37670000,37670100,422,1053,37680000,32627
4,3768,37680000,37680100,422,1053,37690000,32639
4,3769,37690000,37690100,422,1053,37700000,32647
4,377,3770000,3770100,422,1053,3780000,3264
4,3770,37700000,37700100,422,1053,37710000,32655
4,3771,37710000,37710100,422,1053,37720000,32663
4,3772,37720000,37720100,422,1053,37730000,32671
4,3773,37730000,37730100,422,1053,37740000,32680
4,3774,37740000,37740100,422,1053,37750000,32690
4,3775,37750000,37750100,422,1053,37760000,32697
4,3776,37760000,37760100,422,1053,37770000,32708
4,3777,37770000,37770100,422,1053,37780000,32716
4,3778,37780000,37780100,422,1053,37790000,32724
4,3779,37790000,37790100,422,1053,37800000,32730
4,378,3780000,3780100,422,1053,3790000,3276
4,3780,37800000,37800100,422,1053,37810000,32744
4,3781,37810000,37810100,422,1053,37820000,32750
4,3782,37820000,37820100,422,1053,37830000,32757
4,3783,37830000,37830100,422,1053,37840000,32767
4,3784,37840000,37840100,422,1053,37850000,32777
4,3785,37850000,37850100,422,1053,37860000,32784
4,3786,37860000,37860100,422,1053,37870000,32794
4,3787,37870000,37870100,422,1053,37880000,32802
4,3788,37880000,37880100,422,1053,37890000,32810
4,3789,37890000,37890100,422,1053,37900000,32819
4,379,3790000,3790100,422,1053,3800000,3283
4,3790,37900000,37900100,422,1053,37910000,32829
4,3791,37910000,37910100,422,1053,37920000,32835
4,3792,37920000,37920100,422,1053,37930000,32847
4,3793,37930000,37930100,422,1053,37940000,32853
4,3794,37940000,37940100,422,1053,37950000,32862
4,3795,37950000,37950100,422,1053,37960000,32872
4,3796,37960000,37960100,422,1053,37970000,32880
4,3797,37970000,37970100,422,1053,37980000,32888
4,3798,37980000,37980100,422,1053,37990000,32898
4,3799,37990000,37990100,422,1053,38000000,32904
4,38,380000,380100,422,1053,390000,330
4,380,3800000,3800100,422,1053,3810000,3292
4,3800,38000000,38000100,422,1053,38010000,32915
4,3801,38010000,38010100,422,1053,38020000,32925
4,3802,38020000,38020100,422,1053,38030000,32932
4,3803,38030000,38030100,422,1053,38040000,32938
4,3804,38040000,38040100,422,1053,38050000,32951
4,3805,38050000,38050100,422,1053,38060000,32958
4,3806,38060000,38060100,422,1053,38070000,32966
4,3807,38070000,38070100,422,1053,38080000,32974
4,3808,38080000,38080100,422,1053,38090000,32985
4,3809,38090000,38090100,422,1053,38100000,32991
4,381,3810000,3810100,422,1053,3820000,3302
4,3810,38100000,38100100,422,1053,38110000,33002
4,3811,38110000,38110100,422,1053,38120000,33011
4,3812,38120000,38120100,422,1053,38130000,33019
4,3813,38130000,38130100,422,1053,38140000,33027
4,3814,38140000,38140100,422,1053,38150000,33034
4,3815,38150000,38150100,422,1053,38160000,33043
4,3816,38160000,38160100,422,1053,38170000,33055
4,3817,38170000,38170100,422,1053,38180000,33062
4,3818,38180000,38180100,422,1053,38190000,33071
4,3819,38190000,38190100,422,1053,38200000,33079
4,382,3820000,3820100,422,1053,3830000,3309
4,3820,38200000,38200100,422,1053,38210000,33088
4,3821,38210000,38210100,422,1053,38220000,33094
4,3822,38220000,38220100,422,1053,38230000,33107
4,3823,38230000,38230100,422,1053,38240000,33113
4,3824,38240000,38240100,422,1053,38250000,33122
4,3825,38250000,38250100,422,1053,38260000,33133
4,3826,38260000,38260100,422,1053,38270000,33140
4,3827,38270000,38270100,422,1053,38280000,33146
4,3828,38280000,38280100,422,1053,38290000,33158
4,3829,38290000,38290100,422,1053,38300000,33166
4,383,3830000,3830100,422,1053,3840000,3315
4,3830,38300000,38300100,422,1053,38310000,33174
4,3831,38310000,38310100,422,1053,38320000,33182
4,3832,38320000,38320100,422,1053,38330000,33193
4,3833,38330000,38330100,422,1053,38340000,33200
4,3834,38340000,38340100,422,1053,38350000,33210
4,3835,38350000,38350100,422,1053,38360000,33217
4,3836,38360000,38360100,422,1053,38370000,33227
4,3837,38370000,38370100,422,1053,38380000,33235
4,3838,38380000,38380100,422,1053,38390000,33242
4,3839,38390000,38390100,422,1053,38400000,33251
4,384,3840000,3840100,422,1053,3850000,3327
4,3840,38400000,38400100,422,1053,38410000,33264
4,3841,38410000,38410100,422,1053,38420000,33270
4,3842,38420000,38420100,422,1053,38430000,33277
4,3843,38430000,38430100,422,1053,38440000,33287
4,3844,38440000,38440100,422,1053,38450000,33296
4,3845,38450000,38450100,422,1053,38460000,33303
4,3846,38460000,38460100,422,1053,38470000,33315
4,3847,38470000,38470100,422,1053,38480000,33321
4,3848,38480000,38480100,422,1053,38490000,33330
4,3849,38490000,38490100,422,1053,38500000,33338
4,385,3850000,3850100,422,1053,3860000,3337
4,3850,38500000,38500100,422,1053,38510000,33349
4,3851,38510000,38510100,422,1053,38520000,33355
4,3852,38520000,38520100,422,1053,38530000,33366
4,3853,38530000,38530100,422,1053,38540000,33374
4,3854,38540000,38540100,422,1053,38550000,33381
4,3855,38550000,38550100,422,1053,38560000,33391
4,3856,38560000,38560100,422,1053,38570000,33400
4,3857,38570000,38570100,422,1053,38580000,33408
4,3858,38580000,38580100,422,1053,38590000,33418
4,3859,38590000,38590100,422,1053,38600000,33424
4,386,3860000,3860100,422,1053,3870000,3344
4,3860,38600000,38600100,422,1053,38610000,33435
4,3861,38610000,38610100,422,1053,38620000,33444
4,3862,38620000,38620100,422,1053,38630000,33451
4,3863,38630000,38630100,422,1053,38640000,33457
4,3864,38640000,38640100,422,1053,38650000,33471
4,3865,38650000,38650100,422,1053,38660000,33478
4,3866,38660000,38660100,422,1053,38670000,33486
4,3867,38670000,38670100,422,1053,38680000,33496
4,3868,38680000,38680100,422,1053,38690000,33504
4,3869,38690000,38690100,422,1053,38700000,33510
4,387,3870000,3870100,422,1053,3880000,3352
4,3870,38700000,38700100,422,1053,38710000,33521
4,3871,38710000,38710100,422,1053,38720000,33529
4,3872,38720000,38720100,422,1053,38730000,33539
4,3873,38730000,38730100,422,1053,38740000,33547
4,3874,38740000,38740100,422,1053,38750000,33556
4,3875,38750000,38750100,422,1053,38760000,33563
4,3876,38760000,38760100,422,1053,38770000,33574
4,3877,38770000,38770100,422,1053,38780000,33581
4,3878,38780000,38780100,422,1053,38790000,33590
4,3879,38790000,38790100,422,1053,38800000,33598
4,388,3880000,3880100,422,1053,3890000,3362
4,3880,38800000,38800100,422,1053,38810000,33608
4,3881,38810000,38810100,422,1053,38820000,33616
4,3882,38820000,38820100,422,1053,38830000,33626
4,3883,38830000,38830100,422,1053,38840000,33633
4,3884,38840000,38840100,422,1053,38850000,33641
4,3885,38850000,38850100,422,1053,38860000,33652
4,3886,38860000,38860100,422,1053,38870000,33659
4,3887,38870000,38870100,422,1053,38880000,33665
4,3888,38880000,38880100,422,1053,38890000,33680
4,3889,38890000,38890100,422,1053,38900000,33686
4,389,3890000,3890100,422,1053,3900000,3368
4,3890,38900000,38900100,422,1053,38910000,33694
4,3891,38910000,38910100,422,1053,38920000,33702
4,3892,38920000,38920100,422,1053,38930000,33712
4,3893,38930000,38930100,422,1053,38940000,33718
4,3894,38940000,38940100,422,1053,38950000,33729
4,3895,38950000,38950100,422,1053,38960000,33738
4,3896,38960000,38960100,422,1053,38970000,33747
4,3897,38970000,38970100,422,1053,38980000,33755
4,3898,38980000,38980100,422,1053,38990000,33762
4,3899,38990000,38990100,422,1053,39000000,33771
4,39,390000,390100,422,1053,400000,338
4,390,3900000,3900100,422,1053,3910000,3380
4,3900,39000000,39000100,422,1053,39010000,33783
4,3901,39010000,39010100,422,1053,39020000,33789
4,3902,39020000,39020100,422,1053,39030000,33798
4,3903,39030000,39030100,422,1053,39040000,33806
4,3904,39040000,39040100,422,1053,39050000,33815
4,3905,39050000,39050100,422,1053,39060000,33823
4,3906,39060000,39060100,422,1053,39070000,33835
4,3907,39070000,39070100,422,1053,39080000,33841
4,3908,39080000,39080100,422,1053,39090000,33849
4,3909,39090000,39090100,422,1053,39100000,33859
4,391,3910000,3910100,422,1053,3920000,3386
4,3910,39100000,39100100,422,1053,39110000,33868
4,3911,39110000,39110100,422,1053,39120000,33874
4,3912,39120000,39120100,422,1053,39130000,33886
4,3913,39130000,39130100,422,1053,39140000,33894
4,3914,39140000,39140100,422,1053,39150000,33901
4,3915,39150000,39150100,422,1053,39160000,33910
4,3916,39160000,39160100,422,1053,39170000,33921
4,3917,39170000,39170100,422,1053,39180000,33927
4,3918,39180000,39180100,422,1053,39190000,33937
4,3919,39190000,39190100,422,1053,39200000,33943
4,392,3920000,3920100,422,1053,3930000,3397
4,3920,39200000,39200100,422,1053,39210000,33955
4,3921,39210000,39210100,422,1053,39220000,33964
4,3922,39220000,39220100,422,1053,39230000,33971
4,3923,39230000,39230100,422,1053,39240000,33979
4,3924,39240000,39240100,422,1053,39250000,33990
4,3925,39250000,39250100,422,1053,39260000,33997
4,3926,39260000,39260100,422,1053,39270000,34004
4,3927,39270000,39270100,422,1053,39280000,34015
4,3928,39280000,39280100,422,1053,39290000,34024
4,3929,39290000,39290100,422,1053,39300000,34030
4,393,3930000,3930100,422,1053,3940000,3405
4,3930,39300000,39300100,422,1053,39310000,34043
4,3931,39310000,39310100,422,1053,39320000,34049
4,3932,39320000,39320100,422,1053,39330000,34058
4,3933,39330000,39330100,422,1053,39340000,34066
4,3934,39340000,39340100,422,1053,39350000,34075
4,3935,39350000,39350100,422,1053,39360000,34082
4,3936,39360000,39360100,422,1053,39370000,34094
4,3937,39370000,39370100,422,1053,39380000,34102
4,3938,39380000,39380100,422,1053,39390000,34110
4,3939,39390000,39390100,422,1053,39400000,34118
4,394,3940000,3940100,422,1053,3950000,3412
4,3940,39400000,39400100,422,1053,39410000,34127
4,3941,39410000,39410100,422,1053,39420000,34135
4,3942,39420000,39420100,422,1053,39430000,34145
4,3943,39430000,39430100,422,1053,39440000,34152
4,3944,39440000,39440100,422,1053,39450000,34163
4,3945,39450000,39450100,422,1053,39460000,34172
4,3946,39460000,39460100,422,1053,39470000,34179
4,3947,39470000,39470100,422,1053,39480000,34185
4,3948,39480000,39480100,422,1053,39490000,34198
4,3949,39490000,39490100,422,1053,39500000,34205
4,395,3950000,3950100,422,1053,3960000,3421
4,3950,39500000,39500100,422,1053,39510000,34213
4,3951,39510000,39510100,422,1053,39520000,34223
4,3952,39520000,39520100,422,1053,39530000,34232
4,3953,39530000,39530100,422,1053,39540000,34238
4,3954,39540000,39540100,422,1053,39550000,34249
4,3955,39550000,39550100,422,1053,39560000,34258
4,3956,39560000,39560100,422,1053,39570000,34266
4,3957,39570000,39570100,422,1053,39580000,34274
4,3958,39580000,39580100,422,1053,39590000,34283
4,3959,39590000,39590100,422,1053,39600000,34289
4,396,3960000,3960100,422,1053,3970000,3433
4,3960,39600000,39600100,422,1053,39610000,34303
4,3961,39610000,39610100,422,1053,39620000,34309
4,3962,39620000,39620100,422,1053,39630000,34318
4,3963,39630000,39630100,422,1053,39640000,34326
4,3964,39640000,39640100,422,1053,39650000,34334
4,3965,39650000,39650100,422,1053,39660000,34344
4,3966,39660000,39660100,422,1053,39670000,34354
4,3967,39670000,39670100,422,1053,39680000,34360
4,3968,39680000,39680100,422,1053,39690000,34369
4,3969,39690000,39690100,422,1053,39700000,34379
4,397,3970000,3970100,422,1053,3980000,3439
4,3970,39700000,39700100,422,1053,39710000,34387
4,3971,39710000,39710100,422,1053,39720000,34394
4,3972,39720000,39720100,422,1053,39730000,34407
4,3973,39730000,39730100,422,1053,39740000,34413
4,3974,39740000,39740100,422,1053,39750000,34420
4,3975,39750000,39750100,422,1053,39760000,34429
4,3976,39760000,39760100,422,1053,39770000,34441
4,3977,39770000,39770100,422,1053,39780000,34447
4,3978,39780000,39780100,422,1053,39790000,34457
4,3979,39790000,39790100,422,1053,39800000,34465
4,398,3980000,3980100,422,1053,3990000,3446
4,3980,39800000,39800100,422,1053,39810000,34474
4,3981,39810000,39810100,422,1053,39820000,34482
4,3982,39820000,39820100,422,1053,39830000,34490
4,3983,39830000,39830100,422,1053,39840000,34498
4,3984,39840000,39840100,422,1053,39850000,34510
4,3985,39850000,39850100,422,1053,39860000,34517
4,3986,39860000,39860100,422,1053,39870000,34526
4,3987,39870000,39870100,422,1053,39880000,34535
4,3988,39880000,39880100,422,1053,39890000,34543
4,3989,39890000,39890100,422,1053,39900000,34549
4,399,3990000,3990100,422,1053,4000000,3456
4,3990,39900000,39900100,422,1053,39910000,34562
4,3991,39910000,39910100,422,1053,39920000,34568
4,3992,39920000,39920100,422,1053,39930000,34577
4,3993,39930000,39930100,422,1053,39940000,34588
4,3994,39940000,39940100,422,1053,39950000,34595
4,3995,39950000,39950100,422,1053,39960000,34602
4,3996,39960000,39960100,422,1053,39970000,34613
4,3997,39970000,39970100,422,1053,39980000,34621
4,3998,39980000,39980100,422,1053,39990000,34629
4,3999,39990000,39990100,422,1053,40000000,34637
4,4,40000,40100,422,1053,50000,35
4,40,400000,400100,422,1053,410000,348
4,400,4000000,4000100,422,1053,4010000,3466
4,4000,40000000,40000100,422,1053,40010000,34649
4,4001,40010000,40010100,422,1053,40020000,34655
4,4002,40020000,40020100,422,1053,40030000,34665
4,4003,40030000,40030100,422,1053,40040000,34671
4,4004,40040000,40040100,422,1053,40050000,34682
4,4005,40050000,40050100,422,1053,40060000,34691
4,4006,40060000,40060100,422,1053,40070000,34698
4,4007,40070000,40070100,422,1053,40080000,34706
4,4008,40080000,40080100,422,1053,40090000,34718
4,4009,40090000,40090100,422,1053,40100000,34725
4,401,4010000,4010100,422,1053,4020000,3473
4,4010,40100000,40100100,422,1053,40110000,34733
4,4011,40110000,40110100,422,1053,40120000,34743
4,4012,40120000,40120100,422,1053,40130000,34751
4,4013,40130000,40130100,422,1053,40140000,34757
4,4014,40140000,40140100,422,1053,40150000,34769
4,4015,40150000,40150100,422,1053,40160000,34777
4,4016,40160000,40160100,422,1053,40170000,34786
4,4017,40170000,40170100,422,1053,40180000,34794
4,4018,40180000,40180100,422,1053,40190000,34803
4,4019,40190000,40190100,422,1053,40200000,34809
4,402,4020000,4020100,422,1053,4030000,3485
4,4020,40200000,40200100,422,1053,40210000,34822
4,4021,40210000,40210100,422,1053,40220000,34830
4,4022,40220000,40220100,422,1053,40230000,34837
4,4023,40230000,40230100,422,1053,40240000,34845
4,4024,40240000,40240100,422,1053,40250000,34854
4,4025,40250000,40250100,422,1053,40260000,34863
4,4026,40260000,40260100,422,1053,40270000,34874
4,4027,40270000,40270100,422,1053,40280000,34880
4,4028,40280000,40280100,422,1053,40290000,34890
4,4029,40290000,40290100,422,1053,40300000,34898
4,403,4030000,4030100,422,1053,4040000,3491
4,4030,40300000,40300100,422,1053,40310000,34906
4,4031,40310000,40310100,422,1053,40320000,34913
4,4032,40320000,40320100,422,1053,40330000,34927
4,4033,40330000,40330100,422,1053,40340000,34933
4,4034,40340000,40340100,422,1053,40350000,34940
4,4035,40350000,40350100,422,1053,40360000,34951
4,4036,40360000,40360100,422,1053,40370000,34959
4,4037,40370000,40370100,422,1053,40380000,34966
4,4038,40380000,40380100,422,1053,40390000,34976
4,4039,40390000,40390100,422,1053,40400000,34984
4,404,4040000,4040100,422,1053,4050000,3499
4,4040,40400000,40400100,422,1053,40410000,34994
4,4041,40410000,40410100,422,1053,40420000,35002
4,4042,40420000,40420100,422,1053,40430000,35012
4,4043,40430000,40430100,422,1053,40440000,35018
4,4044,40440000,40440100,422,1053,40450000,35029
4,4045,40450000,40450100,422,1053,40460000,35036
4,4046,40460000,40460100,422,1053,40470000,35045
4,4047,40470000,40470100,422,1053,40480000,35053
4,4048,40480000,40480100,422,1053,40490000,35063
4,4049,40490000,40490100,422,1053,40500000,35071
4,405,4050000,4050100,422,1053,4060000,3508
4,4050,40500000,40500100,422,1053,40510000,35082
4,4051,40510000,40510100,422,1053,40520000,35088
4,4052,40520000,40520100,422,1053,40530000,35096
4,4053,40530000,40530100,422,1053,40540000,35107
4,4054,40540000,40540100,422,1053,40550000,35114
4,4055,40550000,40550100,422,1053,40560000,35121
4,4056,40560000,40560100,422,1053,40570000,35135
4,4057,40570000,40570100,422,1053,40580000,35141
4,4058,40580000,40580100,422,1053,40590000,35148
4,4059,40590000,40590100,422,1053,40600000,35157
4,406,4060000,4060100,422,1053,4070000,3517
4,4060,40600000,40600100,422,1053,40610000,35168
4,4061,40610000,40610100,422,1053,40620000,35174
4,4062,40620000,40620100,422,1053,40630000,35184
4,4063,40630000,40630100,422,1053,40640000,35192
4,4064,40640000,40640100,422,1053,40650000,35202
4,4065,40650000,40650100,422,1053,40660000,35211
4,4066,40660000,40660100,422,1053,40670000,35218
4,4067,40670000,40670100,422,1053,40680000,35226
4,4068,40680000,40680100,422,1053,40690000,35237
4,4069,40690000,40690100,422,1053,40700000,35243
4,407,4070000,4070100,422,1053,4080000,3524
4,4070,40700000,40700100,422,1053,40710000,35254
4,4071,40710000,40710100,422,1053,40720000,35262
4,4072,40720000,40720100,422,1053,40730000,35271
4,4073,40730000,40730100,422,1053,40740000,35277
4,4074,40740000,40740100,422,1053,40750000,35289
4,4075,40750000,40750100,422,1053,40760000,35297
4,4076,40760000,40760100,422,1053,40770000,35305
4,4077,40770000,40770100,422,1053,40780000,35315
4,4078,40780000,40780100,422,1053,40790000,35322
4,4079,40790000,40790100,422,1053,40800000,35328
4,408,4080000,4080100,422,1053,4090000,3536
4,4080,40800000,40800100,422,1053,40810000,35341
4,4081,40810000,40810100,422,1053,40820000,35350
4,4082,40820000,40820100,422,1053,40830000,35357
4,4083,40830000,40830100,422,1053,40840000,35365
4,4084,40840000,40840100,422,1053,40850000,35375
4,4085,40850000,40850100,422,1053,40860000,35382
4,4086,40860000,40860100,422,1053,40870000,35393
4,4087,40870000,40870100,422,1053,40880000,35399
4,4088,40880000,40880100,422,1053,40890000,35410
4,4089,40890000,40890100,422,1053,40900000,35418
4,409,4090000,4090100,422,1053,4100000,3544
4,4090,40900000,40900100,422,1053,40910000,35426
4,4091,40910000,40910100,422,1053,40920000,35434
4,4092,40920000,40920100,422,1053,40930000,35446
4,4093,40930000,40930100,422,1053,40940000,35452
4,4094,40940000,40940100,422,1053,40950000,35459
4,4095,40950000,40950100,422,1053,40960000,35470
4,4096,40960000,40960100,422,1053,40970000,35479
4,4097,40970000,40970100,422,1053,40980000,35486
4,4098,40980000,40980100,422,1053,40990000,35498
4,4099,40990000,40990100,422,1053,41000000,35504
4,41,410000,410100,422,1053,420000,354
4,410,4100000,4100100,422,1053,4110000,3552
4,4100,41000000,41000100,422,1053,41010000,35513
4,4101,41010000,41010100,422,1053,41020000,35521
4,4102,41020000,41020100,422,1053,41030000,35530
4,4103,41030000,41030100,422,1053,41040000,35537
4,4104,41040000,41040100,422,1053,41050000,35549
4,4105,41050000,41050100,422,1053,41060000,35558
4,4106,41060000,41060100,422,1053,41070000,35565
4,4107,41070000,41070100,422,1053,41080000,35573
4,4108,41080000,41080100,422,1053,41090000,35582
4,4109,41090000,41090100,422,1053,41100000,35590
4,411,4110000,4110100,422,1053,4120000,3560
4,4110,41100000,41100100,422,1053,41110000,35601
4,4111,41110000,41110100,422,1053,41120000,35607
4,4112,41120000,41120100,422,1053,41130000,35618
4,4113,41130000,41130100,422,1053,41140000,35626
4,4114,41140000,41140100,422,1053,41150000,35634
4,4115,41150000,41150100,422,1053,41160000,35641
4,4116,41160000,41160100,422,1053,41170000,35654
4,4117,41170000,41170100,422,1053,41180000,35660
4,4118,41180000,41180100,422,1053,41190000,35667
4,4119,41190000,41190100,422,1053,41200000,35678
4,412,4120000,4120100,422,1053,4130000,3569
4,4120,41200000,41200100,422,1053,41210000,35688
4,4121,41210000,41210100,422,1053,41220000,35694
4,4122,41220000,41220100,422,1053,41230000,35704
4,4123,41230000,41230100,422,1053,41240000,35712
4,4124,41240000,41240100,422,1053,41250000,35720
4,4125,41250000,41250100,422,1053,41260000,35730
4,4126,41260000,41260100,422,1053,41270000,35739
4,4127,41270000,41270100,422,1053,41280000,35745
4,4128,41280000,41280100,422,1053,41290000,35757
4,4129,41290000,41290100,422,1053,41300000,35763
4,413,4130000,4130100,422,1053,4140000,3577
4,4130,41300000,41300100,422,1053,41310000,35774
4,4131,41310000,41310100,422,1053,41320000,35782
4,4132,41320000,41320100,422,1053,41330000,35790
4,4133,41330000,41330100,422,1053,41340000,35798
4,4134,41340000,41340100,422,1053,41350000,35808
4,4135,41350000,41350100,422,1053,41360000,35815
4,4136,41360000,41360100,422,1053,41370000,35825
4,4137,41370000,41370100,422,1053,41380000,35835
4,4138,41380000,41380100,422,1053,41390000,35842
4,4139,41390000,41390100,422,1053,41400000,35848
4,414,4140000,4140100,422,1053,4150000,3587
4,4140,41400000,41400100,422,1053,41410000,35862
4,4141,41410000,41410100,422,1053,41420000,35869
4,4142,41420000,41420100,422,1053,41430000,35876
4,4143,41430000,41430100,422,1053,41440000,35884
4,4144,41440000,41440100,422,1053,41450000,35895
4,4145,41450000,41450100,422,1053,41460000,35902
4,4146,41460000,41460100,422,1053,41470000,35912
4,4147,41470000,41470100,422,1053,41480000,35921
4,4148,41480000,41480100,422,1053,41490000,35929
4,4149,41490000,41490100,422,1053,41500000,35937
4,415,4150000,4150100,422,1053,4160000,3594
4,4150,41500000,41500100,422,1053,41510000,35945
4,4151,41510000,41510100,422,1053,41520000,35953
4,4152,41520000,41520100,422,1053,41530000,35966
4,4153,41530000,41530100,422,1053,41540000,35972
4,4154,41540000,41540100,422,1053,41550000,35981
4,4155,41550000,41550100,422,1053,41560000,35990
4,4156,41560000,41560100,422,1053,41570000,35998
4,4157,41570000,41570100,422,1053,41580000,36004
4,4158,41580000,41580100,422,1053,41590000,36017
4,4159,41590000,41590100,422,1053,41600000,36023
4,416,4160000,4160100,422,1053,4170000,3605
4,4160,41600000,41600100,422,1053,41610000,36033
4,4161,41610000,41610100,422,1053,41620000,36043
4,4162,41620000,41620100,422,1053,41630000,36050
4,4163,41630000,41630100,422,1053,41640000,36057
4,4164,41640000,41640100,422,1053,41650000,36068
4,4165,41650000,41650100,422,1053,41660000,36077
4,4166,41660000,41660100,422,1053,41670000,36084
4,4167,41670000,41670100,422,1053,41680000,36092
4,4168,41680000,41680100,422,1053,41690000,36103
4,4169,41690000,41690100,422,1053,41700000,36110
4,417,4170000,4170100,422,1053,4180000,3613
4,4170,41700000,41700100,422,1053,41710000,36121
4,4171,41710000,41710100,422,1053,41720000,36127
4,4172,41720000,41720100,422,1053,41730000,36137
4,4173,41730000,41730100,422,1053,41740000,36145
4,4174,41740000,41740100,422,1053,41750000,36153
4,4175,41750000,41750100,422,1053,41760000,36162
4,4176,41760000,41760100,422,1053,41770000,36174
4,4177,41770000,41770100,422,1053,41780000,36180
4,4178,41780000,41780100,422,1053,41790000,36187
4,4179,41790000,41790100,422,1053,41800000,36197
4,418,4180000,4180100,422,1053,4190000,3621
4,4180,41800000,41800100,422,1053,41810000,36207
4,4181,41810000,41810100,422,1053,41820000,36213
4,4182,41820000,41820100,422,1053,41830000,36225
4,4183,41830000,41830100,422,1053,41840000,36231
4,4184,41840000,41840100,422,1053,41850000,36240
4,4185,41850000,41850100,422,1053,41860000,36250
4,4186,41860000,41860100,422,1053,41870000,36259
4,4187,41870000,41870100,422,1053,41880000,36265
4,4188,41880000,41880100,422,1053,41890000,36276
4,4189,41890000,41890100,422,1053,41900000,36284
4,419,4190000,4190100,422,1053,4200000,3627
4,4190,41900000,41900100,422,1053,41910000,36292
4,4191,41910000,41910100,422,1053,41920000,36301
4,4192,41920000,41920100,422,1053,41930000,36310
4,4193,41930000,41930100,422,1053,41940000,36318
4,4194,41940000,41940100,422,1053,41950000,36328
4,4195,41950000,41950100,422,1053,41960000,36335
4,4196,41960000,41960100,422,1053,41970000,36346
4,4197,41970000,41970100,422,1053,41980000,36354
4,4198,41980000,41980100,422,1053,41990000,36361
4,4199,41990000,41990100,422,1053,42000000,36367
4,42,420000,420100,422,1053,430000,366
4,420,4200000,4200100,422,1053,4210000,3641
4,4200,42000000,42000100,422,1053,42010000,36382
4,4201,42010000,42010100,422,1053,42020000,36388
4,4202,42020000,42020100,422,1053,42030000,36396
4,4203,42030000,42030100,422,1053,42040000,36406
4,4204,42040000,42040100,422,1053,42050000,36414
4,4205,42050000,42050100,422,1053,42060000,36421
4,4206,42060000,42060100,422,1053,42070000,36431
4,4207,42070000,42070100,422,1053,42080000,36440
4,4208,42080000,42080100,422,1053,42090000,36449
4,4209,42090000,42090100,422,1053,42100000,36457
4,421,4210000,4210100,422,1053,4220000,3647
4,4210,42100000,42100100,422,1053,42110000,36467
4,4211,42110000,42110100,422,1053,42120000,36473
4,4212,42120000,42120100,422,1053,42130000,36484
4,4213,42130000,42130100,422,1053,42140000,36491
4,4214,42140000,42140100,422,1053,42150000,36500
4,4215,42150000,42150100,422,1053,42160000,36509
4,4216,42160000,42160100,422,1053,42170000,36518
4,4217,42170000,42170100,422,1053,42180000,36526
4,4218,42180000,42180100,422,1053,42190000,36537
4,4219,42190000,42190100,422,1053,42200000,36543
4,422,4220000,4220100,422,1053,4230000,3654
4,4220,42200000,42200100,422,1053,42210000,36552
4,4221,42210000,42210100,422,1053,42220000,36562
4,4222,42220000,42220100,422,1053,42230000,36569
4,4223,42230000,42230100,422,1053,42240000,36575
4,4224,42240000,42240100,422,1053,42250000,36590
4,4225,42250000,42250100,422,1053,42260000,36597
4,4226,42260000,42260100,422,1053,42270000,36604
4,4227,42270000,42270100,422,1053,42280000,36612
4,4228,42280000,42280100,422,1053,42290000,36622
4,4229,42290000,42290100,422,1053,42300000,36629
4,423,4230000,4230100,422,1053,4240000,3665
4,4230,42300000,42300100,422,1053,42310000,36640
4,4231,42310000,42310100,422,1053,42320000,36648
4,4232,42320000,42320100,422,1053,42330000,36657
4,4233,42330000,42330100,422,1053,42340000,36665
4,4234,42340000,42340100,422,1053,42350000,36672
4,4235,42350000,42350100,422,1053,42360000,36682
4,4236,42360000,42360100,422,1053,42370000,36693
4,4237,42370000,42370100,422,1053,42380000,36699
4,4238,42380000,42380100,422,1053,42390000,36708
4,4239,42390000,42390100,422,1053,42400000,36716
4,424,4240000,4240100,422,1053,4250000,3674
4,4240,42400000,42400100,422,1053,42410000,36727
4,4241,42410000,42410100,422,1053,42420000,36733
4,4242,42420000,42420100,422,1053,42430000,36745
4,4243,42430000,42430100,422,1053,42440000,36751
4,4244,42440000,42440100,422,1053,42450000,36759
4,4245,42450000,42450100,422,1053,42460000,36770
4,4246,42460000,42460100,422,1053,42470000,36778
4,4247,42470000,42470100,422,1053,42480000,36784
4,4248,42480000,42480100,422,1053,42490000,36796
4,4249,42490000,42490100,422,1053,42500000,36804
4,425,4250000,4250100,422,1053,4260000,3681
4,4250,42500000,42500100,422,1053,42510000,36812
4,4251,42510000,42510100,422,1053,42520000,36821
4,4252,42520000,42520100,422,1053,42530000,36831
4,4253,42530000,42530100,422,1053,42540000,36837
4,4254,42540000,42540100,422,1053,42550000,36847
4,4255,42550000,42550100,422,1053,42560000,36854
4,4256,42560000,42560100,422,1053,42570000,36865
4,4257,42570000,42570100,422,1053,42580000,36874
4,4258,42580000,42580100,422,1053,42590000,36881
4,4259,42590000,42590100,422,1053,42600000,36889
4,426,4260000,4260100,422,1053,4270000,3691
4,4260,42600000,42600100,422,1053,42610000,36901
4,4261,42610000,42610100,422,1053,42620000,36907
4,4262,42620000,42620100,422,1053,42630000,36915
4,4263,42630000,42630100,422,1053,42640000,36925
4,4264,42640000,42640100,422,1053,42650000,36934
4,4265,42650000,42650100,422,1053,42660000,36941
4,4266,42660000,42660100,422,1053,42670000,36953
4,4267,42670000,42670100,422,1053,42680000,36959
4,4268,42680000,42680100,422,1053,42690000,36968
4,4269,42690000,42690100,422,1053,42700000,36976
4,427,4270000,4270100,422,1053,4280000,3699
4,4270,42700000,42700100,422,1053,42710000,36986
4,4271,42710000,42710100,422,1053,42720000,36992
4,4272,42720000,42720100,422,1053,42730000,37004
4,4273,42730000,42730100,422,1053,42740000,37013
4,4274,42740000,42740100,422,1053,42750000,37020
4,4275,42750000,42750100,422,1053,42760000,37029
4,4276,42760000,42760100,422,1053,42770000,37037
4,4277,42770000,42770100,422,1053,42780000,37045
4,4278,42780000,42780100,422,1053,42790000,37055
4,4279,42790000,42790100,422,1053,42800000,37062
4,428,4280000,4280100,422,1053,4290000,3707
4,4280,42800000,42800100,422,1053,42810000,37074
4,4281,42810000,42810100,422,1053,42820000,37082
4,4282,42820000,42820100,422,1053,42830000,37089
4,4283,42830000,42830100,422,1053,42840000,37095
4,4284,42840000,42840100,422,1053,42850000,37109
4,4285,42850000,42850100,422,1053,42860000,37116
4,4286,42860000,42860100,422,1053,42870000,37123
4,4287,42870000,42870100,422,1053,42880000,37133
4,4288,42880000,42880100,422,1053,42890000,37142
4,4289,42890000,42890100,422,1053,42900000,37148
4,429,4290000,4290100,422,1053,4300000,3716
4,4290,42900000,42900100,422,1053,42910000,37160
4,4291,42910000,42910100,422,1053,42920000,37168
4,4292,42920000,42920100,422,1053,42930000,37176
4,4293,42930000,42930100,422,1053,42940000,37184
4,4294,42940000,42940100,422,1053,42950000,37193
4,4295,42950000,42950100,422,1053,42960000,37201
4,4296,42960000,42960100,422,1053,42970000,37213
4,4297,42970000,42970100,422,1053,42980000,37219
4,4298,42980000,42980100,422,1053,42990000,37228
4,4299,42990000,42990100,422,1053,43000000,37236
4,43,430000,430100,422,1053,440000,372
4,430,4300000,4300100,422,1053,4310000,3726
4,4300,43000000,43000100,422,1053,43010000,37245
4,4301,43010000,43010100,422,1053,43020000,37254
4,4302,43020000,43020100,422,1053,43030000,37264
4,4303,43030000,43030100,422,1053,43040000,37270
4,4304,43040000,43040100,422,1053,43050000,37279
4,4305,43050000,43050100,422,1053,43060000,37290
4,4306,43060000,43060100,422,1053,43070000,37298
4,4307,43070000,43070100,422,1053,43080000,37304
4,4308,43080000,43080100,422,1053,43090000,37317
4,4309,43090000,43090100,422,1053,43100000,37323
4,431,4310000,4310100,422,1053,4320000,3732
4,4310,43100000,43100100,422,1053,43110000,37331
4,4311,43110000,43110100,422,1053,43120000,37339
4,4312,43120000,43120100,422,1053,43130000,37351
4,4313,43130000,43130100,422,1053,43140000,37357
4,4314,43140000,43140100,422,1053,43150000,37367
4,4315,43150000,43150100,422,1053,43160000,37376
4,4316,43160000,43160100,422,1053,43170000,37384
4,4317,43170000,43170100,422,1053,43180000,37393
4,4318,43180000,43180100,422,1053,43190000,37400
4,4319,43190000,43190100,422,1053,43200000,37408
4,432,4320000,4320100,422,1053,4330000,3744
4,4320,43200000,43200100,422,1053,43210000,37421
4,4321,43210000,43210100,422,1053,43220000,37427
4,4322,43220000,43220100,422,1053,43230000,37436
4,4323,43230000,43230100,422,1053,43240000,37445
4,4324,43240000,43240100,422,1053,43250000,37453
4,4325,43250000,43250100,422,1053,43260000,37460
4,4326,43260000,43260100,422,1053,43270000,37472
4,4327,43270000,43270100,422,1053,43280000,37478
4,4328,43280000,43280100,422,1053,43290000,37488
4,4329,43290000,43290100,422,1053,43300000,37498
4,433,4330000,4330100,422,1053,4340000,3750
4,4330,43300000,43300100,422,1053,43310000,37506
4,4331,43310000,43310100,422,1053,43320000,37512
4,4332,43320000,43320100,422,1053,43330000,37523
4,4333,43330000,43330100,422,1053,43340000,37531
4,4334,43340000,43340100,422,1053,43350000,37539
4,4335,43350000,43350100,422,1053,43360000,37548
4,4336,43360000,43360100,422,1053,43370000,37559
4,4337,43370000,43370100,422,1053,43380000,37565
4,4338,43380000,43380100,422,1053,43390000,37575
4,4339,43390000,43390100,422,1053,43400000,37582
4,434,4340000,4340100,422,1053,4350000,3760
4,4340,43400000,43400100,422,1053,43410000,37593
4,4341,43410000,43410100,422,1053,43420000,37601
4,4342,43420000,43420100,422,1053,43430000,37608
4,4343,43430000,43430100,422,1053,43440000,37616
4,4344,43440000,43440100,422,1053,43450000,37628
4,4345,43450000,43450100,422,1053,43460000,37636
4,4346,43460000,43460100,422,1053,43470000,37643
4,4347,43470000,43470100,422,1053,43480000,37653
4,4348,43480000,43480100,422,1053,43490000,37661
4,4349,43490000,43490100,422,1053,43500000,37667
4,435,4350000,4350100,422,1053,4360000,3769
4,4350,43500000,43500100,422,1053,43510000,37681
4,4351,43510000,43510100,422,1053,43520000,37687
4,4352,43520000,43520100,422,1053,43530000,37696
4,4353,43530000,43530100,422,1053,43540000,37704
4,4354,43540000,43540100,422,1053,43550000,37713
4,4355,43550000,43550100,422,1053,43560000,37720
4,4356,43560000,43560100,422,1053,43570000,37732
4,4357,43570000,43570100,422,1053,43580000,37740
4,4358,43580000,43580100,422,1053,43590000,37747
4,4359,43590000,43590100,422,1053,43600000,37755
4,436,4360000,4360100,422,1053,4370000,3777
4,4360,43600000,43600100,422,1053,43610000,37765
4,4361,43610000,43610100,422,1053,43620000,37774
4,4362,43620000,43620100,422,1053,43630000,37784
4,4363,43630000,43630100,422,1053,43640000,37790
4,4364,43640000,43640100,422,1053,43650000,37800
4,4365,43650000,43650100,422,1053,43660000,37809
4,4366,43660000,43660100,422,1053,43670000,37816
4,4367,43670000,43670100,422,1053,43680000,37823
4,4368,43680000,43680100,422,1053,43690000,37837
4,4369,43690000,43690100,422,1053,43700000,37843
4,437,4370000,4370100,422,1053,4380000,3785
4,4370,43700000,43700100,422,1053,43710000,37851
4,4371,43710000,43710100,422,1053,43720000,37861
4,4372,43720000,43720100,422,1053,43730000,37870
4,4373,43730000,43730100,422,1053,43740000,37876
4,4374,43740000,43740100,422,1053,43750000,37886
4,4375,43750000,43750100,422,1053,43760000,37895
4,4376,43760000,43760100,422,1053,43770000,37904
4,4377,43770000,43770100,422,1053,43780000,37912
4,4378,43780000,43780100,422,1053,43790000,37922
4,4379,43790000,43790100,422,1053,43800000,37928
4,438,4380000,4380100,422,1053,4390000,3795
4,4380,43800000,43800100,422,1053,43810000,37940
4,4381,43810000,43810100,422,1053,43820000,37946
4,4382,43820000,43820100,422,1053,43830000,37955
4,4383,43830000,43830100,422,1053,43840000,37964
4,4384,43840000,43840100,422,1053,43850000,37973
4,4385,43850000,43850100,422,1053,43860000,37982
4,4386,43860000,43860100,422,1053,43870000,37992
4,4387,43870000,43870100,422,1053,43880000,37998
4,4388,43880000,43880100,422,1053,43890000,38006
4,4389,43890000,43890100,422,1053,43900000,38017
4,439,4390000,4390100,422,1053,4400000,3801
4,4390,43900000,43900100,422,1053,43910000,38025
4,4391,43910000,43910100,422,1053,43920000,38031
4,4392,43920000,43920100,422,1053,43930000,38045
4,4393,43930000,43930100,422,1053,43940000,38051
4,4394,43940000,43940100,422,1053,43950000,38059
4,4395,43950000,43950100,422,1053,43960000,38068
4,4396,43960000,43960100,422,1053,43970000,38078
4,4397,43970000,43970100,422,1053,43980000,38084
4,4398,43980000,43980100,422,1053,43990000,38094
4,4399,43990000,43990100,422,1053,44000000,38102
4,44,440000,440100,422,1053,450000,381
4,440,4400000,4400100,422,1053,4410000,3812
4,4400,44000000,44000100,422,1053,44010000,38113
4,4401,44010000,44010100,422,1053,44020000,38121
4,4402,44020000,44020100,422,1053,44030000,38128
4,4403,44030000,44030100,422,1053,44040000,38136
4,4404,44040000,44040100,422,1053,44050000,38147
4,4405,44050000,44050100,422,1053,44060000,38155
4,4406,44060000,44060100,422,1053,44070000,38164
4,4407,44070000,44070100,422,1053,44080000,38172
4,4408,44080000,44080100,422,1053,44090000,38181
4,4409,44090000,44090100,422,1053,44100000,38187
4,441,4410000,4410100,422,1053,4420000,3822
4,4410,44100000,44100100,422,1053,44110000,38200
4,4411,44110000,44110100,422,1053,44120000,38207
4,4412,44120000,44120100,422,1053,44130000,38215
4,4413,44130000,44130100,422,1053,44140000,38225
4,4414,44140000,44140100,422,1053,44150000,38232
4,4415,44150000,44150100,422,1053,44160000,38239
4,4416,44160000,44160100,422,1053,44170000,38252
4,4417,44170000,44170100,422,1053,44180000,38260
4,4418,44180000,44180100,422,1053,44190000,38267
4,4419,44190000,44190100,422,1053,44200000,38275
4,442,4420000,4420100,422,1053,4430000,3829
4,4420,44200000,44200100,422,1053,44210000,38286
4,4421,44210000,44210100,422,1053,44220000,38292
4,4422,44220000,44220100,422,1053,44230000,38303
4,4423,44230000,44230100,422,1053,44240000,38309
4,4424,44240000,44240100,422,1053,44250000,38320
4,4425,44250000,44250100,422,1053,44260000,38329
4,4426,44260000,44260100,422,1053,44270000,38336
4,4427,44270000,44270100,422,1053,44280000,38345
4,4428,44280000,44280100,422,1053,44290000,38356
4,4429,44290000,44290100,422,1053,44300000,38362
4,443,4430000,4430100,422,1053,4440000,3835
4,4430,44300000,44300100,422,1053,44310000,38370
4,4431,44310000,44310100,422,1053,44320000,38380
4,4432,44320000,44320100,422,1053,44330000,38389
4,4433,44330000,44330100,422,1053,44340000,38396
4,4434,44340000,44340100,422,1053,44350000,38408
4,4435,44350000,44350100,422,1053,44360000,38415
4,4436,44360000,44360100,422,1053,44370000,38423
4,4437,44370000,44370100,422,1053,44380000,38431
4,4438,44380000,44380100,422,1053,44390000,38441
4,4439,44390000,44390100,422,1053,44400000,38447
4,444,4440000,4440100,422,1053,4450000,3848
4,4440,44400000,44400100,422,1053,44410000,38460
4,4441,44410000,44410100,422,1053,44420000,38468
4,4442,44420000,44420100,422,1053,44430000,38475
4,4443,44430000,44430100,422,1053,44440000,38483
4,4444,44440000,44440100,422,1053,44450000,38492
4,4445,44450000,44450100,422,1053,44460000,38501
4,4446,44460000,44460100,422,1053,44470000,38511
4,4447,44470000,44470100,422,1053,44480000,38517
4,4448,44480000,44480100,422,1053,44490000,38528
4,4449,44490000,44490100,422,1053,44500000,38537
4,445,4450000,4450100,422,1053,4460000,3856
4,4450,44500000,44500100,422,1053,44510000,38545
4,4451,44510000,44510100,422,1053,44520000,38551
4,4452,44520000,44520100,422,1053,44530000,38564
4,4453,44530000,44530100,422,1053,44540000,38570
4,4454,44540000,44540100,422,1053,44550000,38577
4,4455,44550000,44550100,422,1053,44560000,38589
4,4456,44560000,44560100,422,1053,44570000,38598
4,4457,44570000,44570100,422,1053,44580000,38604
4,4458,44580000,44580100,422,1053,44590000,38614
4,4459,44590000,44590100,422,1053,44600000,38622
4,446,4460000,4460100,422,1053,4470000,3863
4,4460,44600000,44600100,422,1053,44610000,38632
4,4461,44610000,44610100,422,1053,44620000,38640
4,4462,44620000,44620100,422,1053,44630000,38649
4,4463,44630000,44630100,422,1053,44640000,38655
4,4464,44640000,44640100,422,1053,44650000,38667
4,4465,44650000,44650100,422,1053,44660000,38674
4,4466,44660000,44660100,422,1053,44670000,38684
4,4467,44670000,44670100,422,1053,44680000,38692
4,4468,44680000,44680100,422,1053,44690000,38700
4,4469,44690000,44690100,422,1053,44700000,38708
4,447,4470000,4470100,422,1053,4480000,3871
4,4470,44700000,44700100,422,1053,44710000,38719
4,4471,44710000,44710100,422,1053,44720000,38726
4,4472,44720000,44720100,422,1053,44730000,38735
4,4473,44730000,44730100,422,1053,44740000,38745
4,4474,44740000,44740100,422,1053,44750000,38752
4,4475,44750000,44750100,422,1053,44760000,38759
4,4476,44760000,44760100,422,1053,44770000,38772
4,4477,44770000,44770100,422,1053,44780000,38779
4,4478,44780000,44780100,422,1053,44790000,38786
4,4479,44790000,44790100,422,1053,44800000,38794
4,448,4480000,4480100,422,1053,4490000,3882
4,4480,44800000,44800100,422,1053,44810000,38806
4,4481,44810000,44810100,422,1053,44820000,38812
4,4482,44820000,44820100,422,1053,44830000,38823
4,4483,44830000,44830100,422,1053,44840000,38831
4,4484,44840000,44840100,422,1053,44850000,38839
4,4485,44850000,44850100,422,1053,44860000,38848
4,4486,44860000,44860100,422,1053,44870000,38855
4,4487,44870000,44870100,422,1053,44880000,38863
4,4488,44880000,44880100,422,1053,44890000,38876
4,4489,44890000,44890100,422,1053,44900000,38882
4,449,4490000,4490100,422,1053,4500000,3888
4,4490,44900000,44900100,422,1053,44910000,38892
4,4491,44910000,44910100,422,1053,44920000,38900
4,4492,44920000,44920100,422,1053,44930000,38908
4,4493,44930000,44930100,422,1053,44940000,38915
4,4494,44940000,44940100,422,1053,44950000,38927
4,4495,44950000,44950100,422,1053,44960000,38934
4,4496,44960000,44960100,422,1053,44970000,38943
4,4497,44970000,44970100,422,1053,44980000,38953
4,4498,44980000,44980100,422,1053,44990000,38960
4,4499,44990000,44990100,422,1053,45000000,38967
4,45,450000,450100,422,1053,460000,392
4,450,4500000,4500100,422,1053,4510000,3899
4,4500,45000000,45000100,422,1053,45010000,38979
4,4501,45010000,45010100,422,1053,45020000,38987
4,4502,45020000,45020100,422,1053,45030000,38994
4,4503,45030000,45030100,422,1053,45040000,39002
4,4504,45040000,45040100,422,1053,45050000,39014
4,4505,45050000,45050100,422,1053,45060000,39021
4,4506,45060000,45060100,422,1053,45070000,39031
4,4507,45070000,45070100,422,1053,45080000,39037
4,4508,45080000,45080100,422,1053,45090000,39047
4,4509,45090000,45090100,422,1053,45100000,39055
4,451,4510000,4510100,422,1053,4520000,3908
4,4510,45100000,45100100,422,1053,45110000,39064
4,4511,45110000,45110100,422,1053,45120000,39072
4,4512,45120000,45120100,422,1053,45130000,39084
4,4513,45130000,45130100,422,1053,45140000,39090
4,4514,45140000,45140100,422,1053,45150000,39097
4,4515,45150000,45150100,422,1053,45160000,39109
4,4516,45160000,45160100,422,1053,45170000,39117
4,4517,45170000,45170100,422,1053,45180000,39123
4,4518,45180000,45180100,422,1053,45190000,39135
4,4519,45190000,45190100,422,1053,45200000,39141
4,452,4520000,4520100,422,1053,4530000,3916
4,4520,45200000,45200100,422,1053,45210000,39151
4,4521,45210000,45210100,422,1053,45220000,39160
4,4522,45220000,45220100,422,1053,45230000,39169
4,4523,45230000,45230100,422,1053,45240000,39175
4,4524,45240000,45240100,422,1053,45250000,39186
4,4525,45250000,45250100,422,1053,45260000,39195
4,4526,45260000,45260100,422,1053,45270000,39203
4,4527,45270000,45270100,422,1053,45280000,39211
4,4528,45280000,45280100,422,1053,45290000,39220
4,4529,45290000,45290100,422,1053,45300000,39228
4,453,4530000,4530100,422,1053,4540000,3924
4,4530,45300000,45300100,422,1053,45310000,39239
4,4531,45310000,45310100,422,1053,45320000,39245
4,4532,45320000,45320100,422,1053,45330000,39256
4,4533,45330000,45330100,422,1053,45340000,39264
4,4534,45340000,45340100,422,1053,45350000,39271
4,4535,45350000,45350100,422,1053,45360000,39278
4,4536,45360000,45360100,422,1053,45370000,39292
4,4537,45370000,45370100,422,1053,45380000,39299
4,4538,45380000,45380100,422,1053,45390000,39306
4,4539,45390000,45390100,422,1053,45400000,39316
4,454,4540000,4540100,422,1053,4550000,3931
4,4540,45400000,45400100,422,1053,45410000,39325
4,4541,45410000,45410100,422,1053,45420000,39331
4,4542,45420000,45420100,422,1053,45430000,39341
4,4543,45430000,45430100,422,1053,45440000,39350
4,4544,45440000,45440100,422,1053,45450000,39359
4,4545,45450000,45450100,422,1053,45460000,39368
4,4546,45460000,45460100,422,1053,45470000,39377
4,4547,45470000,45470100,422,1053,45480000,39383
4,4548,45480000,45480100,422,1053,45490000,39395
4,4549,45490000,45490100,422,1053,45500000,39401
4,455,4550000,4550100,422,1053,4560000,3940
4,4550,45500000,45500100,422,1053,45510000,39411
4,4551,45510000,45510100,422,1053,45520000,39419
4,4552,45520000,45520100,422,1053,45530000,39428
4,4553,45530000,45530100,422,1053,45540000,39436
4,4554,45540000,45540100,422,1053,45550000,39447
4,4555,45550000,45550100,422,1053,45560000,39454
4,4556,45560000,45560100,422,1053,45570000,39462
4,4557,45570000,45570100,422,1053,45580000,39472
4,4558,45580000,45580100,422,1053,45590000,39479
4,4559,45590000,45590100,422,1053,45600000,39486
4,456,4560000,4560100,422,1053,4570000,3953
4,4560,45600000,45600100,422,1053,45610000,39501
4,4561,45610000,45610100,422,1053,45620000,39507
4,4562,45620000,45620100,422,1053,45630000,39514
4,4563,45630000,45630100,422,1053,45640000,39522
4,4564,45640000,45640100,422,1053,45650000,39532
4,4565,45650000,45650100,422,1053,45660000,39540
4,4566,45660000,45660100,422,1053,45670000,39550
4,4567,45670000,45670100,422,1053,45680000,39558
4,4568,45680000,45680100,422,1053,45690000,39567
4,4569,45690000,45690100,422,1053,45700000,39575
4,457,4570000,4570100,422,1053,4580000,3959
4,4570,45700000,45700100,422,1053,45710000,39584
4,4571,45710000,45710100,422,1053,45720000,39592
4,4572,45720000,45720100,422,1053,45730000,39603
4,4573,45730000,45730100,422,1053,45740000,39609
4,4574,45740000,45740100,422,1053,45750000,39618
4,4575,45750000,45750100,422,1053,45760000,39627
4,4576,45760000,45760100,422,1053,45770000,39637
4,4577,45770000,45770100,422,1053,45780000,39643
4,4578,45780000,45780100,422,1053,45790000,39655
4,4579,45790000,45790100,422,1053,45800000,39661
4,458,4580000,4580100,422,1053,4590000,3968
4,4580,45800000,45800100,422,1053,45810000,39670
4,4581,45810000,45810100,422,1053,45820000,39681
4,4582,45820000,45820100,422,1053,45830000,39688
4,4583,45830000,45830100,422,1053,45840000,39694
4,4584,45840000,45840100,422,1053,45850000,39706
4,4585,45850000,45850100,422,1053,45860000,39715
4,4586,45860000,45860100,422,1053,45870000,39722
4,4587,45870000,45870100,422,1053,45880000,39731
4,4588,45880000,45880100,422,1053,45890000,39741
4,4589,45890000,45890100,422,1053,45900000,39747
4,459,4590000,4590100,422,1053,4600000,3976
4,4590,45900000,45900100,422,1053,45910000,39758
4,4591,45910000,45910100,422,1053,45920000,39764
4,4592,45920000,45920100,422,1053,45930000,39776
4,4593,45930000,45930100,422,1053,45940000,39784
4,4594,45940000,45940100,422,1053,45950000,39791
4,4595,45950000,45950100,422,1053,45960000,39800
4,4596,45960000,45960100,422,1053,45970000,39811
4,4597,45970000,45970100,422,1053,45980000,39817
4,4598,45980000,45980100,422,1053,45990000,39825
4,4599,45990000,45990100,422,1053,46000000,39835
4,46,460000,460100,422,1053,470000,399
4,460,4600000,4600100,422,1053,4610000,3985
4,4600,46000000,46000100,422,1053,46010000,39845
4,4601,46010000,46010100,422,1053,46020000,39851
4,4602,46020000,46020100,422,1053,46030000,39863
4,4603,46030000,46030100,422,1053,46040000,39870
4,4604,46040000,46040100,422,1053,46050000,39878
4,4605,46050000,46050100,422,1053,46060000,39887
4,4606,46060000,46060100,422,1053,46070000,39896
4,4607,46070000,46070100,422,1053,46080000,39902
4,4608,46080000,46080100,422,1053,46090000,39914
4,4609,46090000,46090100,422,1053,46100000,39923
4,461,4610000,4610100,422,1053,4620000,3991
4,4610,46100000,46100100,422,1053,46110000,39931
4,4611,46110000,46110100,422,1053,46120000,39939
4,4612,46120000,46120100,422,1053,46130000,39947
4,4613,46130000,46130100,422,1053,46140000,39955
4,4614,46140000,46140100,422,1053,46150000,39966
4,4615,46150000,46150100,422,1053,46160000,39973
4,4616,46160000,46160100,422,1053,46170000,39984
4,4617,46170000,46170100,422,1053,46180000,39992
4,4618,46180000,46180100,422,1053,46190000,39999
4,4619,46190000,46190100,422,1053,46200000,40005
4,462,4620000,4620100,422,1053,4630000,4004
4,4620,46200000,46200100,422,1053,46210000,40020
4,4621,46210000,46210100,422,1053,46220000,40026
4,4622,46220000,46220100,422,1053,46230000,40033
4,4623,46230000,46230100,422,1053,46240000,40043
4,4624,46240000,46240100,422,1053,46250000,40052
4,4625,46250000,46250100,422,1053,46260000,40060
4,4626,46260000,46260100,422,1053,46270000,40070
4,4627,46270000,46270100,422,1053,46280000,40078
4,4628,46280000,46280100,422,1053,46290000,40086
4,4629,46290000,46290100,422,1053,46300000,40094
4,463,4630000,4630100,422,1053,4640000,4010
4,4630,46300000,46300100,422,1053,46310000,40104
4,4631,46310000,46310100,422,1053,46320000,40111
4,4632,46320000,46320100,422,1053,46330000,40123
4,4633,46330000,46330100,422,1053,46340000,40129
4,4634,46340000,46340100,422,1053,46350000,40138
4,4635,46350000,46350100,422,1053,46360000,40147
4,4636,46360000,46360100,422,1053,46370000,40156
4,4637,46370000,46370100,422,1053,46380000,40164
4,4638,46380000,46380100,422,1053,46390000,40174
4,4639,46390000,46390100,422,1053,46400000,40180
4,464,4640000,4640100,422,1053,4650000,4019
4,4640,46400000,46400100,422,1053,46410000,40190
4,4641,46410000,46410100,422,1053,46420000,40200
4,4642,46420000,46420100,422,1053,46430000,40208
4,4643,46430000,46430100,422,1053,46440000,40214
4,4644,46440000,46440100,422,1053,46450000,40227
4,4645,46450000,46450100,422,1053,46460000,40234
4,4646,46460000,46460100,422,1053,46470000,40241
4,4647,46470000,46470100,422,1053,46480000,40250
4,4648,46480000,46480100,422,1053,46490000,40261
4,4649,46490000,46490100,422,1053,46500000,40267
4,465,4650000,4650100,422,1053,4660000,4030
4,4650,46500000,46500100,422,1053,46510000,40278
4,4651,46510000,46510100,422,1053,46520000,40286
4,4652,46520000,46520100,422,1053,46530000,40294
4,4653,46530000,46530100,422,1053,46540000,40303
4,4654,46540000,46540100,422,1053,46550000,40310
4,4655,46550000,46550100,422,1053,46560000,40319
4,4656,46560000,46560100,422,1053,46570000,40331
4,4657,46570000,46570100,422,1053,46580000,40337
4,4658,46580000,46580100,422,1053,46590000,40347
4,4659,46590000,46590100,422,1053,46600000,40355
4,466,4660000,4660100,422,1053,4670000,4037
4,4660,46600000,46600100,422,1053,46610000,40364
4,4661,46610000,46610100,422,1053,46620000,40370
4,4662,46620000,46620100,422,1053,46630000,40382
4,4663,46630000,46630100,422,1053,46640000,40388
4,4664,46640000,46640100,422,1053,46650000,40398
4,4665,46650000,46650100,422,1053,46660000,40409
4,4666,46660000,46660100,422,1053,46670000,40416
4,4667,46670000,46670100,422,1053,46680000,40422
4,4668,46680000,46680100,422,1053,46690000,40433
4,4669,46690000,46690100,422,1053,46700000,40442
4,467,4670000,4670100,422,1053,4680000,4044
4,4670,46700000,46700100,422,1053,46710000,40450
4,4671,46710000,46710100,422,1053,46720000,40458
4,4672,46720000,46720100,422,1053,46730000,40469
4,4673,46730000,46730100,422,1053,46740000,40475
4,4674,46740000,46740100,422,1053,46750000,40485
4,4675,46750000,46750100,422,1053,46760000,40493
4,4676,46760000,46760100,422,1053,46770000,40503
4,4677,46770000,46770100,422,1053,46780000,40511
4,4678,46780000,46780100,422,1053,46790000,40518
4,4679,46790000,46790100,422,1053,46800000,40526
4,468,4680000,4680100,422,1053,4690000,4055
4,4680,46800000,46800100,422,1053,46810000,40540
4,4681,46810000,46810100,422,1053,46820000,40546
4,4682,46820000,46820100,422,1053,46830000,40553
4,4683,46830000,46830100,422,1053,46840000,40563
4,4684,46840000,46840100,422,1053,46850000,40571
4,4685,46850000,46850100,422,1053,46860000,40578
4,4686,46860000,46860100,422,1053,46870000,40591
4,4687,46870000,46870100,422,1053,46880000,40597
4,4688,46880000,46880100,422,1053,46890000,40606
4,4689,46890000,46890100,422,1053,46900000,40614
4,469,4690000,4690100,422,1053,4700000,4063
4,4690,46900000,46900100,422,1053,46910000,40624
4,4691,46910000,46910100,422,1053,46920000,40631
4,4692,46920000,46920100,422,1053,46930000,40642
4,4693,46930000,46930100,422,1053,46940000,40650
4,4694,46940000,46940100,422,1053,46950000,40657
4,4695,46950000,46950100,422,1053,46960000,40666
4,4696,46960000,46960100,422,1053,46970000,40675
4,4697,46970000,46970100,422,1053,46980000,40684
4,4698,46980000,46980100,422,1053,46990000,40694
4,4699,46990000,46990100,422,1053,47000000,40700
4,47,470000,470100,422,1053,480000,405
4,470,4700000,4700100,422,1053,4710000,4071
4,4700,47000000,47000100,422,1053,47010000,40711
4,4701,47010000,47010100,422,1053,47020000,40719
4,4702,47020000,47020100,422,1053,47030000,40727
4,4703,47030000,47030100,422,1053,47040000,40733
4,4704,47040000,47040100,422,1053,47050000,40747
4,4705,47050000,47050100,422,1053,47060000,40754
4,4706,47060000,47060100,422,1053,47070000,40761
4,4707,47070000,47070100,422,1053,47080000,40771
4,4708,47080000,47080100,422,1053,47090000,40780
4,4709,47090000,47090100,422,1053,47100000,40786
4,471,4710000,4710100,422,1053,4720000,4079
4,4710,47100000,47100100,422,1053,47110000,40797
4,4711,47110000,47110100,422,1053,47120000,40805
4,4712,47120000,47120100,422,1053,47130000,40814
4,4713,47130000,47130100,422,1053,47140000,40823
4,4714,47140000,47140100,422,1053,47150000,40832
4,4715,47150000,47150100,422,1053,47160000,40839
4,4716,47160000,47160100,422,1053,47170000,40850
4,4717,47170000,47170100,422,1053,47180000,40856
4,4718,47180000,47180100,422,1053,47190000,40865
4,4719,47190000,47190100,422,1053,47200000,40874
4,472,4720000,4720100,422,1053,4730000,4090
4,4720,47200000,47200100,422,1053,47210000,40884
4,4721,47210000,47210100,422,1053,47220000,40892
4,4722,47220000,47220100,422,1053,47230000,40902
4,4723,47230000,47230100,422,1053,47240000,40908
4,4724,47240000,47240100,422,1053,47250000,40917
4,4725,47250000,47250100,422,1053,47260000,40928
4,4726,47260000,47260100,422,1053,47270000,40935
4,4727,47270000,47270100,422,1053,47280000,40941
4,4728,47280000,47280100,422,1053,47290000,40955
4,4729,47290000,47290100,422,1053,47300000,40961
4,473,4730000,4730100,422,1053,4740000,4097
4,4730,47300000,47300100,422,1053,47310000,40970
4,4731,47310000,47310100,422,1053,47320000,40978
4,4732,47320000,47320100,422,1053,47330000,40988
4,4733,47330000,47330100,422,1053,47340000,40994
4,4734,47340000,47340100,422,1053,47350000,41004
4,4735,47350000,47350100,422,1053,47360000,41014
4,4736,47360000,47360100,422,1053,47370000,41023
4,4737,47370000,47370100,422,1053,47380000,41031
4,4738,47380000,47380100,422,1053,47390000,41038
4,4739,47390000,47390100,422,1053,47400000,41046
4,474,4740000,4740100,422,1053,4750000,4107
4,4740,47400000,47400100,422,1053,47410000,41058
4,4741,47410000,47410100,422,1053,47420000,41065
4,4742,47420000,47420100,422,1053,47430000,41074
4,4743,47430000,47430100,422,1053,47440000,41082
4,4744,47440000,47440100,422,1053,47450000,41091
4,4745,47450000,47450100,422,1053,47460000,41098
4,4746,47460000,47460100,422,1053,47470000,41111
4,4747,47470000,47470100,422,1053,47480000,41117
4,4748,47480000,47480100,422,1053,47490000,41125
4,4749,47490000,47490100,422,1053,47500000,41135
4,475,4750000,4750100,422,1053,4760000,4114
4,4750,47500000,47500100,422,1053,47510000,41143
4,4751,47510000,47510100,422,1053,47520000,41149
4,4752,47520000,47520100,422,1053,47530000,41162
4,4753,47530000,47530100,422,1053,47540000,41170
4,4754,47540000,47540100,422,1053,47550000,41177
4,4755,47550000,47550100,422,1053,47560000,41186
4,4756,47560000,47560100,422,1053,47570000,41196
4,4757,47570000,47570100,422,1053,47580000,41203
4,4758,47580000,47580100,422,1053,47590000,41213
4,4759,47590000,47590100,422,1053,47600000,41219
4,476,4760000,4760100,422,1053,4770000,4124
4,4760,47600000,47600100,422,1053,47610000,41231
4,4761,47610000,47610100,422,1053,47620000,41239
4,4762,47620000,47620100,422,1053,47630000,41246
4,4763,47630000,47630100,422,1053,47640000,41255
4,4764,47640000,47640100,422,1053,47650000,41266
4,4765,47650000,47650100,422,1053,47660000,41273
4,4766,47660000,47660100,422,1053,47670000,41280
4,4767,47670000,47670100,422,1053,47680000,41290
4,4768,47680000,47680100,422,1053,47690000,41300
4,4769,47690000,47690100,422,1053,47700000,41306
4,477,4770000,4770100,422,1053,4780000,4132
4,4770,47700000,47700100,422,1053,47710000,41319
4,4771,47710000,47710100,422,1053,47720000,41325
4,4772,47720000,47720100,422,1053,47730000,41333
4,4773,47730000,47730100,422,1053,47740000,41341
4,4774,47740000,47740100,422,1053,47750000,41351
4,4775,47750000,47750100,422,1053,47760000,41358
4,4776,47760000,47760100,422,1053,47770000,41370
4,4777,47770000,47770100,422,1053,47780000,41378
4,4778,47780000,47780100,422,1053,47790000,41385
4,4779,47790000,47790100,422,1053,47800000,41394
4,478,4780000,4780100,422,1053,4790000,4140
4,4780,47800000,47800100,422,1053,47810000,41403
4,4781,47810000,47810100,422,1053,47820000,41411
4,4782,47820000,47820100,422,1053,47830000,41421
4,4783,47830000,47830100,422,1053,47840000,41427
4,4784,47840000,47840100,422,1053,47850000,41438
4,4785,47850000,47850100,422,1053,47860000,41448
4,4786,47860000,47860100,422,1053,47870000,41455
4,4787,47870000,47870100,422,1053,47880000,41461
4,4788,47880000,47880100,422,1053,47890000,41474
4,4789,47890000,47890100,422,1053,47900000,41480
4,479,4790000,4790100,422,1053,4800000,4148
4,4790,47900000,47900100,422,1053,47910000,41489
4,4791,47910000,47910100,422,1053,47920000,41499
4,4792,47920000,47920100,422,1053,47930000,41508
4,4793,47930000,47930100,422,1053,47940000,41514
4,4794,47940000,47940100,422,1053,47950000,41524
4,4795,47950000,47950100,422,1053,47960000,41533
4,4796,47960000,47960100,422,1053,47970000,41542
4,4797,47970000,47970100,422,1053,47980000,41550
4,4798,47980000,47980100,422,1053,47990000,41559
4,4799,47990000,47990100,422,1053,48000000,41565
4,48,480000,480100,422,1053,490000,417
4,480,4800000,4800100,422,1053,4810000,4161
4,4800,48000000,48000100,422,1053,48010000,41578
4,4801,48010000,48010100,422,1053,48020000,41585
4,4802,48020000,48020100,422,1053,48030000,41594
4,4803,48030000,48030100,422,1053,48040000,41602
4,4804,48040000,48040100,422,1053,48050000,41610
4,4805,48050000,48050100,422,1053,48060000,41619
4,4806,48060000,48060100,422,1053,48070000,41629
4,4807,48070000,48070100,422,1053,48080000,41636
4,4808,48080000,48080100,422,1053,48090000,41645
4,4809,48090000,48090100,422,1053,48100000,41655
4,481,4810000,4810100,422,1053,4820000,4167
4,4810,48100000,48100100,422,1053,48110000,41663
4,4811,48110000,48110100,422,1053,48120000,41669
4,4812,48120000,48120100,422,1053,48130000,41683
4,4813,48130000,48130100,422,1053,48140000,41689
4,4814,48140000,48140100,422,1053,48150000,41696
4,4815,48150000,48150100,422,1053,48160000,41705
4,4816,48160000,48160100,422,1053,48170000,41716
4,4817,48170000,48170100,422,1053,48180000,41722
4,4818,48180000,48180100,422,1053,48190000,41733
4,4819,48190000,48190100,422,1053,48200000,41741
4,482,4820000,4820100,422,1053,4830000,4174
4,4820,48200000,48200100,422,1053,48210000,41750
4,4821,48210000,48210100,422,1053,48220000,41758
4,4822,48220000,48220100,422,1053,48230000,41765
4,4823,48230000,48230100,422,1053,48240000,41774
4,4824,48240000,48240100,422,1053,48250000,41786
4,4825,48250000,48250100,422,1053,48260000,41793
4,4826,48260000,48260100,422,1053,48270000,41802
4,4827,48270000,48270100,422,1053,48280000,41810
4,4828,48280000,48280100,422,1053,48290000,41818
4,4829,48290000,48290100,422,1053,48300000,41825
4,483,4830000,4830100,422,1053,4840000,4184
4,4830,48300000,48300100,422,1053,48310000,41838
4,4831,48310000,48310100,422,1053,48320000,41844
4,4832,48320000,48320100,422,1053,48330000,41853
4,4833,48330000,48330100,422,1053,48340000,41863
4,4834,48340000,48340100,422,1053,48350000,41871
4,4835,48350000,48350100,422,1053,48360000,41878
4,4836,48360000,48360100,422,1053,48370000,41889
4,4837,48370000,48370100,422,1053,48380000,41897
4,4838,48380000,48380100,422,1053,48390000,41904
4,4839,48390000,48390100,422,1053,48400000,41912
4,484,4840000,4840100,422,1053,4850000,4193
4,4840,48400000,48400100,422,1053,48410000,41925
4,4841,48410000,48410100,422,1053,48420000,41931
4,4842,48420000,48420100,422,1053,48430000,41941
4,4843,48430000,48430100,422,1053,48440000,41947
4,4844,48440000,48440100,422,1053,48450000,41957
4,4845,48450000,48450100,422,1053,48460000,41967
4,4846,48460000,48460100,422,1053,48470000,41974
4,4847,48470000,48470100,422,1053,48480000,41982
4,4848,48480000,48480100,422,1053,48490000,41994
4,4849,48490000,48490100,422,1053,48500000,42000
4,485,4850000,4850100,422,1053,4860000,4200
4,4850,48500000,48500100,422,1053,48510000,42008
4,4851,48510000,48510100,422,1053,48520000,42019
4,4852,48520000,48520100,422,1053,48530000,42027
4,4853,48530000,48530100,422,1053,48540000,42033
4,4854,48540000,48540100,422,1053,48550000,42045
4,4855,48550000,48550100,422,1053,48560000,42052
4,4856,48560000,48560100,422,1053,48570000,42062
4,4857,48570000,48570100,422,1053,48580000,42070
4,4858,48580000,48580100,422,1053,48590000,42079
4,4859,48590000,48590100,422,1053,48600000,42085
4,486,4860000,4860100,422,1053,4870000,4212
4,4860,48600000,48600100,422,1053,48610000,42097
4,4861,48610000,48610100,422,1053,48620000,42105
4,4862,48620000,48620100,422,1053,48630000,42113
4,4863,48630000,48630100,422,1053,48640000,42121
4,4864,48640000,48640100,422,1053,48650000,42130
4,4865,48650000,48650100,422,1053,48660000,42139
4,4866,48660000,48660100,422,1053,48670000,42149
4,4867,48670000,48670100,422,1053,48680000,42156
4,4868,48680000,48680100,422,1053,48690000,42166
4,4869,48690000,48690100,422,1053,48700000,42174
4,487,4870000,4870100,422,1053,4880000,4218
4,4870,48700000,48700100,422,1053,48710000,42182
4,4871,48710000,48710100,422,1053,48720000,42188
4,4872,48720000,48720100,422,1053,48730000,42202
4,4873,48730000,48730100,422,1053,48740000,42209
4,4874,48740000,48740100,422,1053,48750000,42216
4,4875,48750000,48750100,422,1053,48760000,42227
4,4876,48760000,48760100,422,1053,48770000,42235
4,4877,48770000,48770100,422,1053,48780000,42241
4,4878,48780000,48780100,422,1053,48790000,42252
4,4879,48790000,48790100,422,1053,48800000,42260
4,488,4880000,4880100,422,1053,4890000,4227
4,4880,48800000,48800100,422,1053,48810000,42270
4,4881,48810000,48810100,422,1053,48820000,42278
4,4882,48820000,48820100,422,1053,48830000,42287
4,4883,48830000,48830100,422,1053,48840000,42293
4,4884,48840000,48840100,422,1053,48850000,42305
4,4885,48850000,48850100,422,1053,48860000,42312
4,4886,48860000,48860100,422,1053,48870000,42321
4,4887,48870000,48870100,422,1053,48880000,42329
4,4888,48880000,48880100,422,1053,48890000,42338
4,4889,48890000,48890100,422,1053,48900000,42347
4,489,4890000,4890100,422,1053,4900000,4236
4,4890,48900000,48900100,422,1053,48910000,42358
4,4891,48910000,48910100,422,1053,48920000,42364
4,4892,48920000,48920100,422,1053,48930000,42372
4,4893,48930000,48930100,422,1053,48940000,42382
4,4894,48940000,48940100,422,1053,48950000,42389
4,4895,48950000,48950100,422,1053,48960000,42397
4,4896,48960000,48960100,422,1053,48970000,42411
4,4897,48970000,48970100,422,1053,48980000,42417
4,4898,48980000,48980100,422,1053,48990000,42424
4,4899,48990000,48990100,422,1053,49000000,42432
4,49,490000,490100,422,1053,500000,426
4,490,4900000,4900100,422,1053,4910000,4246
4,4900,49000000,49000100,422,1053,49010000,42444
4,4901,49010000,49010100,422,1053,49020000,42450
4,4902,49020000,49020100,422,1053,49030000,42460
4,4903,49030000,49030100,422,1053,49040000,42468
4,4904,49040000,49040100,422,1053,49050000,42477
4,4905,49050000,49050100,422,1053,49060000,42486
4,4906,49060000,49060100,422,1053,49070000,42494
4,4907,49070000,49070100,422,1053,49080000,42502
4,4908,49080000,49080100,422,1053,49090000,42513
4,4909,49090000,49090100,422,1053,49100000,42519
4,491,4910000,4910100,422,1053,4920000,4252
4,4910,49100000,49100100,422,1053,49110000,42529
4,4911,49110000,49110100,422,1053,49120000,42538
4,4912,49120000,49120100,422,1053,49130000,42547
4,4913,49130000,49130100,422,1053,49140000,42553
4,4914,49140000,49140100,422,1053,49150000,42565
4,4915,49150000,49150100,422,1053,49160000,42572
4,4916,49160000,49160100,422,1053,49170000,42580
4,4917,49170000,49170100,422,1053,49180000,42591
4,4918,49180000,49180100,422,1053,49190000,42598
4,4919,49190000,49190100,422,1053,49200000,42604
4,492,4920000,4920100,422,1053,4930000,4263
4,4920,49200000,49200100,422,1053,49210000,42617
4,4921,49210000,49210100,422,1053,49220000,42625
4,4922,49220000,49220100,422,1053,49230000,42633
4,4923,49230000,49230100,422,1053,49240000,42641
4,4924,49240000,49240100,422,1053,49250000,42651
4,4925,49250000,49250100,422,1053,49260000,42658
4,4926,49260000,49260100,422,1053,49270000,42668
4,4927,49270000,49270100,422,1053,49280000,42674
4,4928,49280000,49280100,422,1053,49290000,42686
4,4929,49290000,49290100,422,1053,49300000,42694
4,493,4930000,4930100,422,1053,4940000,4271
4,4930,49300000,49300100,422,1053,49310000,42702
4,4931,49310000,49310100,422,1053,49320000,42710
4,4932,49320000,49320100,422,1053,49330000,42721
4,4933,49330000,49330100,422,1053,49340000,42728
4,4934,49340000,49340100,422,1053,49350000,42735
4,4935,49350000,49350100,422,1053,49360000,42746
4,4936,49360000,49360100,422,1053,49370000,42755
4,4937,49370000,49370100,422,1053,49380000,42761
4,4938,49380000,49380100,422,1053,49390000,42773
4,4939,49390000,49390100,422,1053,49400000,42780
4,494,4940000,4940100,422,1053,4950000,4278
4,4940,49400000,49400100,422,1053,49410000,42789
4,4941,49410000,49410100,422,1053,49420000,42797
4,4942,49420000,49420100,422,1053,49430000,42806
4,4943,49430000,49430100,422,1053,49440000,42812
4,4944,49440000,49440100,422,1053,49450000,42825
4,4945,49450000,49450100,422,1053,49460000,42834
4,4946,49460000,49460100,422,1053,49470000,42841
4,4947,49470000,49470100,422,1053,49480000,42849
4,4948,49480000,49480100,422,1053,49490000,42857
4,4949,49490000,49490100,422,1053,49500000,42865
4,495,4950000,4950100,422,1053,4960000,4288
4,4950,49500000,49500100,422,1053,49510000,42877
4,4951,49510000,49510100,422,1053,49520000,42883
4,4952,49520000,49520100,422,1053,49530000,42894
4,4953,49530000,49530100,422,1053,49540000,42902
4,4954,49540000,49540100,422,1053,49550000,42909
4,4955,49550000,49550100,422,1053,49560000,42917
4,4956,49560000,49560100,422,1053,49570000,42930
4,4957,49570000,49570100,422,1053,49580000,42936
4,4958,49580000,49580100,422,1053,49590000,42943
4,4959,49590000,49590100,422,1053,49600000,42953
4,496,4960000,4960100,422,1053,4970000,4297
4,4960,49600000,49600100,422,1053,49610000,42963
4,4961,49610000,49610100,422,1053,49620000,42970
4,4962,49620000,49620100,422,1053,49630000,42980
4,4963,49630000,49630100,422,1053,49640000,42988
4,4964,49640000,49640100,422,1053,49650000,42996
4,4965,49650000,49650100,422,1053,49660000,43005
4,4966,49660000,49660100,422,1053,49670000,43015
4,4967,49670000,49670100,422,1053,49680000,43021
4,4968,49680000,49680100,422,1053,49690000,43033
4,4969,49690000,49690100,422,1053,49700000,43039
4,497,4970000,4970100,422,1053,4980000,4305
4,4970,49700000,49700100,422,1053,49710000,43049
4,4971,49710000,49710100,422,1053,49720000,43057
4,4972,49720000,49720100,422,1053,49730000,43066
4,4973,49730000,49730100,422,1053,49740000,43074
4,4974,49740000,49740100,422,1053,49750000,43084
4,4975,49750000,49750100,422,1053,49760000,43091
4,4976,49760000,49760100,422,1053,49770000,43100
4,4977,49770000,49770100,422,1053,49780000,43111
4,4978,49780000,49780100,422,1053,49790000,43118
4,4979,49790000,49790100,422,1053,49800000,43124
4,498,4980000,4980100,422,1053,4990000,4315
4,4980,49800000,49800100,422,1053,49810000,43138
4,4981,49810000,49810100,422,1053,49820000,43144
4,4982,49820000,49820100,422,1053,49830000,43151
4,4983,49830000,49830100,422,1053,49840000,43160
4,4984,49840000,49840100,422,1053,49850000,43171
4,4985,49850000,49850100,422,1053,49860000,43178
4,4986,49860000,49860100,422,1053,49870000,43188
4,4987,49870000,49870100,422,1053,49880000,43196
4,4988,49880000,49880100,422,1053,49890000,43205
4,4989,49890000,49890100,422,1053,49900000,43213
4,499,4990000,4990100,422,1053,5000000,4321
4,4990,49900000,49900100,422,1053,49910000,43221
4,4991,49910000,49910100,422,1053,49920000,43229
4,4992,49920000,49920100,422,1053,49930000,43241
4,4993,49930000,49930100,422,1053,49940000,43247
4,4994,49940000,49940100,422,1053,49950000,43257
4,4995,49950000,49950100,422,1053,49960000,43266
4,4996,49960000,49960100,422,1053,49970000,43274
4,4997,49970000,49970100,422,1053,49980000,43280
4,4998,49980000,49980100,422,1053,49990000,43292
4,4999,49990000,49990100,422,1053,50000000,43299
4,5,50000,50100,422,1053,60000,43
4,50,500000,500100,422,1053,510000,434
4,500,5000000,5000100,422,1053,5010000,4333
4,5000,50000000,50000100,422,1053,50010000,43309
4,5001,50010000,50010100,422,1053,50020000,43319
4,5002,50020000,50020100,422,1053,50030000,43326
4,5003,50030000,50030100,422,1053,50040000,43332
4,5004,50040000,50040100,422,1053,50050000,43343
4,5005,50050000,50050100,422,1053,50060000,43353
4,5006,50060000,50060100,422,1053,50070000,43360
4,5007,50070000,50070100,422,1053,50080000,43368
4,5008,50080000,50080100,422,1053,50090000,43379
4,5009,50090000,50090100,422,1053,50100000,43385
4,501,5010000,5010100,422,1053,5020000,4341
4,5010,50100000,50100100,422,1053,50110000,43397
4,5011,50110000,50110100,422,1053,50120000,43403
4,5012,50120000,50120100,422,1053,50130000,43413
4,5013,50130000,50130100,422,1053,50140000,43421
4,5014,50140000,50140100,422,1053,50150000,43428
4,5015,50150000,50150100,422,1053,50160000,43437
4,5016,50160000,50160100,422,1053,50170000,43450
4,5017,50170000,50170100,422,1053,50180000,43456
4,5018,50180000,50180100,422,1053,50190000,43463
4,5019,50190000,50190100,422,1053,50200000,43473
4,502,5020000,5020100,422,1053,5030000,4348
4,5020,50200000,50200100,422,1053,50210000,43482
4,5021,50210000,50210100,422,1053,50220000,43489
4,5022,50220000,50220100,422,1053,50230000,43501
4,5023,50230000,50230100,422,1053,50240000,43507
4,5024,50240000,50240100,422,1053,50250000,43516
4,5025,50250000,50250100,422,1053,50260000,43525
4,5026,50260000,50260100,422,1053,50270000,43534
4,5027,50270000,50270100,422,1053,50280000,43541
4,5028,50280000,50280100,422,1053,50290000,43552
4,5029,50290000,50290100,422,1053,50300000,43560
4,503,5030000,5030100,422,1053,5040000,4354
4,5030,50300000,50300100,422,1053,50310000,43568
4,5031,50310000,50310100,422,1053,50320000,43576
4,5032,50320000,50320100,422,1053,50330000,43586
4,5033,50330000,50330100,422,1053,50340000,43594
4,5034,50340000,50340100,422,1053,50350000,43604
4,5035,50350000,50350100,422,1053,50360000,43611
4,5036,50360000,50360100,422,1053,50370000,43621
4,5037,50370000,50370100,422,1053,50380000,43629
4,5038,50380000,50380100,422,1053,50390000,43637
4,5039,50390000,50390100,422,1053,50400000,43643
4,504,5040000,5040100,422,1053,5050000,4368
4,5040,50400000,50400100,422,1053,50410000,43658
4,5041,50410000,50410100,422,1053,50420000,43664
4,5042,50420000,50420100,422,1053,50430000,43671
4,5043,50430000,50430100,422,1053,50440000,43682
4,5044,50440000,50440100,422,1053,50450000,43690
4,5045,50450000,50450100,422,1053,50460000,43697
4,5046,50460000,50460100,422,1053,50470000,43707
4,5047,50470000,50470100,422,1053,50480000,43715
4,5048,50480000,50480100,422,1053,50490000,43724
4,5049,50490000,50490100,422,1053,50500000,43733
4,505,5050000,5050100,422,1053,5060000,4375
4,5050,50500000,50500100,422,1053,50510000,43743
4,5051,50510000,50510100,422,1053,50520000,43749
4,5052,50520000,50520100,422,1053,50530000,43760
4,5053,50530000,50530100,422,1053,50540000,43766
4,5054,50540000,50540100,422,1053,50550000,43776
4,5055,50550000,50550100,422,1053,50560000,43785
4,5056,50560000,50560100,422,1053,50570000,43794
4,5057,50570000,50570100,422,1053,50580000,43802
4,5058,50580000,50580100,422,1053,50590000,43812
4,5059,50590000,50590100,422,1053,50600000,43818
4,506,5060000,5060100,422,1053,5070000,4383
4,5060,50600000,50600100,422,1053,50610000,43828
4,5061,50610000,50610100,422,1053,50620000,43838
4,5062,50620000,50620100,422,1053,50630000,43845
4,5063,50630000,50630100,422,1053,50640000,43851
4,5064,50640000,50640100,422,1053,50650000,43865
4,5065,50650000,50650100,422,1053,50660000,43873
4,5066,50660000,50660100,422,1053,50670000,43880
4,5067,50670000,50670100,422,1053,50680000,43888
4,5068,50680000,50680100,422,1053,50690000,43898
4,5069,50690000,50690100,422,1053,50700000,43904
4,507,5070000,5070100,422,1053,5080000,4393
4,5070,50700000,50700100,422,1053,50710000,43915
4,5071,50710000,50710100,422,1053,50720000,43924
4,5072,50720000,50720100,422,1053,50730000,43933
4,5073,50730000,50730100,422,1053,50740000,43941
4,5074,50740000,50740100,422,1053,50750000,43948
4,5075,50750000,50750100,422,1053,50760000,43957
4,5076,50760000,50760100,422,1053,50770000,43969
4,5077,50770000,50770100,422,1053,50780000,43975
4,5078,50780000,50780100,422,1053,50790000,43984
4,5079,50790000,50790100,422,1053,50800000,43992
4,508,5080000,5080100,422,1053,5090000,4401
4,5080,50800000,50800100,422,1053,50810000,44002
4,5081,50810000,50810100,422,1053,50820000,44008
4,5082,50820000,50820100,422,1053,50830000,44021
4,5083,50830000,50830100,422,1053,50840000,44027
4,5084,50840000,50840100,422,1053,50850000,44035
4,5085,50850000,50850100,422,1053,50860000,44046
4,5086,50860000,50860100,422,1053,50870000,44053
4,5087,50870000,50870100,422,1053,50880000,44060
4,5088,50880000,50880100,422,1053,50890000,44072
4,5089,50890000,50890100,422,1053,50900000,44080
4,509,5090000,5090100,422,1053,5100000,4407
4,5090,50900000,50900100,422,1053,50910000,44088
4,5091,50910000,50910100,422,1053,50920000,44096
4,5092,50920000,50920100,422,1053,50930000,44106
4,5093,50930000,50930100,422,1053,50940000,44113
4,5094,50940000,50940100,422,1053,50950000,44123
4,5095,50950000,50950100,422,1053,50960000,44130
4,5096,50960000,50960100,422,1053,50970000,44141
4,5097,50970000,50970100,422,1053,50980000,44149
4,5098,50980000,50980100,422,1053,50990000,44157
4,5099,50990000,50990100,422,1053,51000000,44165
4,51,510000,510100,422,1053,520000,442
4,510,5100000,5100100,422,1053,5110000,4418
4,5100,51000000,51000100,422,1053,51010000,44177
4,5101,51010000,51010100,422,1053,51020000,44183
4,5102,51020000,51020100,422,1053,51030000,44190
4,5103,51030000,51030100,422,1053,51040000,44200
4,5104,51040000,51040100,422,1053,51050000,44210
4,5105,51050000,51050100,422,1053,51060000,44217
4,5106,51060000,51060100,422,1053,51070000,44229
4,5107,51070000,51070100,422,1053,51080000,44235
4,5108,51080000,51080100,422,1053,51090000,44243
4,5109,51090000,51090100,422,1053,51100000,44252
4,511,5110000,5110100,422,1053,5120000,4427
4,5110,51100000,51100100,422,1053,51110000,44262
4,5111,51110000,51110100,422,1053,51120000,44268
4,5112,51120000,51120100,422,1053,51130000,44280
4,5113,51130000,51130100,422,1053,51140000,44288
4,5114,51140000,51140100,422,1053,51150000,44295
4,5115,51150000,51150100,422,1053,51160000,44305
4,5116,51160000,51160100,422,1053,51170000,44313
4,5117,51170000,51170100,422,1053,51180000,44321
4,5118,51180000,51180100,422,1053,51190000,44331
4,5119,51190000,51190100,422,1053,51200000,44337
4,512,5120000,5120100,422,1053,5130000,4436
4,5120,51200000,51200100,422,1053,51210000,44350
4,5121,51210000,51210100,422,1053,51220000,44358
4,5122,51220000,51220100,422,1053,51230000,44365
4,5123,51230000,51230100,422,1053,51240000,44371
4,5124,51240000,51240100,422,1053,51250000,44384
4,5125,51250000,51250100,422,1053,51260000,44391
4,5126,51260000,51260100,422,1053,51270000,44399
4,5127,51270000,51270100,422,1053,51280000,44409
4,5128,51280000,51280100,422,1053,51290000,44418
4,5129,51290000,51290100,422,1053,51300000,44424
4,513,5130000,5130100,422,1053,5140000,4444
4,5130,51300000,51300100,422,1053,51310000,44435
4,5131,51310000,51310100,422,1053,51320000,44444
4,5132,51320000,51320100,422,1053,51330000,44452
4,5133,51330000,51330100,422,1053,51340000,44460
4,5134,51340000,51340100,422,1053,51350000,44469
4,5135,51350000,51350100,422,1053,51360000,44476
4,5136,51360000,51360100,422,1053,51370000,44488
4,5137,51370000,51370100,422,1053,51380000,44495
4,5138,51380000,51380100,422,1053,51390000,44504
4,5139,51390000,51390100,422,1053,51400000,44512
4,514,5140000,5140100,422,1053,5150000,4453
4,5140,51400000,51400100,422,1053,51410000,44521
4,5141,51410000,51410100,422,1053,51420000,44529
4,5142,51420000,51420100,422,1053,51430000,44540
4,5143,51430000,51430100,422,1053,51440000,44546
4,5144,51440000,51440100,422,1053,51450000,44555
4,5145,51450000,51450100,422,1053,51460000,44566
4,5146,51460000,51460100,422,1053,51470000,44573
4,5147,51470000,51470100,422,1053,51480000,44579
4,5148,51480000,51480100,422,1053,51490000,44593
4,5149,51490000,51490100,422,1053,51500000,44599
4,515,5150000,5150100,422,1053,5160000,4460
4,5150,51500000,51500100,422,1053,51510000,44607
4,5151,51510000,51510100,422,1053,51520000,44615
4,5152,51520000,51520100,422,1053,51530000,44626
4,5153,51530000,51530100,422,1053,51540000,44633
4,5154,51540000,51540100,422,1053,51550000,44643
4,5155,51550000,51550100,422,1053,51560000,44652
4,5156,51560000,51560100,422,1053,51570000,44660
4,5157,51570000,51570100,422,1053,51580000,44668
4,5158,51580000,51580100,422,1053,51590000,44675
4,5159,51590000,51590100,422,1053,51600000,44684
4,516,5160000,5160100,422,1053,5170000,4471
4,5160,51600000,51600100,422,1053,51610000,44697
4,5161,51610000,51610100,422,1053,51620000,44703
4,5162,51620000,51620100,422,1053,51630000,44712
4,5163,51630000,51630100,422,1053,51640000,44720
4,5164,51640000,51640100,422,1053,51650000,44729
4,5165,51650000,51650100,422,1053,51660000,44736
4,5166,51660000,51660100,422,1053,51670000,44748
4,5167,51670000,51670100,422,1053,51680000,44754
4,5168,51680000,51680100,422,1053,51690000,44763
4,5169,51690000,51690100,422,1053,51700000,44773
4,517,5170000,5170100,422,1053,5180000,4478
4,5170,51700000,51700100,422,1053,51710000,44782
4,5171,51710000,51710100,422,1053,51720000,44788
4,5172,51720000,51720100,422,1053,51730000,44799
4,5173,51730000,51730100,422,1053,51740000,44807
4,5174,51740000,51740100,422,1053,51750000,44814
4,5175,51750000,51750100,422,1053,51760000,44824
4,5176,51760000,51760100,422,1053,51770000,44835
4,5177,51770000,51770100,422,1053,51780000,44841
4,5178,51780000,51780100,422,1053,51790000,44851
4,5179,51790000,51790100,422,1053,51800000,44857
4,518,5180000,5180100,422,1053,5190000,4487
4,5180,51800000,51800100,422,1053,51810000,44868
4,5181,51810000,51810100,422,1053,51820000,44877
4,5182,51820000,51820100,422,1053,51830000,44884
4,5183,51830000,51830100,422,1053,51840000,44892
4,5184,51840000,51840100,422,1053,51850000,44904
4,5185,51850000,51850100,422,1053,51860000,44911
4,5186,51860000,51860100,422,1053,51870000,44919
4,5187,51870000,51870100,422,1053,51880000,44929
4,5188,51880000,51880100,422,1053,51890000,44937
4,5189,51890000,51890100,422,1053,51900000,44943
4,519,5190000,5190100,422,1053,5200000,4495
4,5190,51900000,51900100,422,1053,51910000,44956
4,5191,51910000,51910100,422,1053,51920000,44962
4,5192,51920000,51920100,422,1053,51930000,44972
4,5193,51930000,51930100,422,1053,51940000,44980
4,5194,51940000,51940100,422,1053,51950000,44989
4,5195,51950000,51950100,422,1053,51960000,44996
4,5196,51960000,51960100,422,1053,51970000,45007
4,5197,51970000,51970100,422,1053,51980000,45016
4,5198,51980000,51980100,422,1053,51990000,45023
4,5199,51990000,51990100,422,1053,52000000,45031
4,52,520000,520100,422,1053,530000,452
4,520,5200000,5200100,422,1053,5210000,4505
4,5200,52000000,52000100,422,1053,52010000,45041
4,5201,52010000,52010100,422,1053,52020000,45049
4,5202,52020000,52020100,422,1053,52030000,45059
4,5203,52030000,52030100,422,1053,52040000,45066
4,5204,52040000,52040100,422,1053,52050000,45076
4,5205,52050000,52050100,422,1053,52060000,45085
4,5206,52060000,52060100,422,1053,52070000,45092
4,5207,52070000,52070100,422,1053,52080000,45098
4,5208,52080000,52080100,422,1053,52090000,45113
4,5209,52090000,52090100,422,1053,52100000,45119
4,521,5210000,5210100,422,1053,5220000,4513
4,5210,52100000,52100100,422,1053,52110000,45127
4,5211,52110000,52110100,422,1053,52120000,45137
4,5212,52120000,52120100,422,1053,52130000,45145
4,5213,52130000,52130100,422,1053,52140000,45151
4,5214,52140000,52140100,422,1053,52150000,45162
4,5215,52150000,52150100,422,1053,52160000,45171
4,5216,52160000,52160100,422,1053,52170000,45180
4,5217,52170000,52170100,422,1053,52180000,45188
4,5218,52180000,52180100,422,1053,52190000,45197
4,5219,52190000,52190100,422,1053,52200000,45204
4,522,5220000,5220100,422,1053,5230000,4524
4,5220,52200000,52200100,422,1053,52210000,45216
4,5221,52210000,52210100,422,1053,52220000,45222
4,5222,52220000,52220100,422,1053,52230000,45231
4,5223,52230000,52230100,422,1053,52240000,45239
4,5224,52240000,52240100,422,1053,52250000,45248
4,5225,52250000,52250100,422,1053,52260000,45258
4,5226,52260000,52260100,422,1053,52270000,45268
4,5227,52270000,52270100,422,1053,52280000,45274
4,5228,52280000,52280100,422,1053,52290000,45282
4,5229,52290000,52290100,422,1053,52300000,45292
4,523,5230000,5230100,422,1053,5240000,4530
4,5230,52300000,52300100,422,1053,52310000,45301
4,5231,52310000,52310100,422,1053,52320000,45307
4,5232,52320000,52320100,422,1053,52330000,45321
4,5233,52330000,52330100,422,1053,52340000,45327
4,5234,52340000,52340100,422,1053,52350000,45334
4,5235,52350000,52350100,422,1053,52360000,45343
4,5236,52360000,52360100,422,1053,52370000,45354
4,5237,52370000,52370100,422,1053,52380000,45360
4,5238,52380000,52380100,422,1053,52390000,45370
4,5239,52390000,52390100,422,1053,52400000,45378
4,524,5240000,5240100,422,1053,5250000,4538
4,5240,52400000,52400100,422,1053,52410000,45388
4,5241,52410000,52410100,422,1053,52420000,45397
4,5242,52420000,52420100,422,1053,52430000,45404
4,5243,52430000,52430100,422,1053,52440000,45412
4,5244,52440000,52440100,422,1053,52450000,45423
4,5245,52450000,52450100,422,1053,52460000,45430
4,5246,52460000,52460100,422,1053,52470000,45439
4,5247,52470000,52470100,422,1053,52480000,45448
4,5248,52480000,52480100,422,1053,52490000,45457
4,5249,52490000,52490100,422,1053,52500000,45463
4,525,5250000,5250100,422,1053,5260000,4549
4,5250,52500000,52500100,422,1053,52510000,45476
4,5251,52510000,52510100,422,1053,52520000,45482
4,5252,52520000,52520100,422,1053,52530000,45491
4,5253,52530000,52530100,422,1053,52540000,45501
4,5254,52540000,52540100,422,1053,52550000,45508
4,5255,52550000,52550100,422,1053,52560000,45515
4,5256,52560000,52560100,422,1053,52570000,45527
4,5257,52570000,52570100,422,1053,52580000,45535
4,5258,52580000,52580100,422,1053,52590000,45543
4,5259,52590000,52590100,422,1053,52600000,45551
4,526,5260000,5260100,422,1053,5270000,4556
4,5260,52600000,52600100,422,1053,52610000,45562
4,5261,52610000,52610100,422,1053,52620000,45568
4,5262,52620000,52620100,422,1053,52630000,45578
4,5263,52630000,52630100,422,1053,52640000,45585
4,5264,52640000,52640100,422,1053,52650000,45596
4,5265,52650000,52650100,422,1053,52660000,45605
4,5266,52660000,52660100,422,1053,52670000,45612
4,5267,52670000,52670100,422,1053,52680000,45620
4,5268,52680000,52680100,422,1053,52690000,45631
4,5269,52690000,52690100,422,1053,52700000,45638
4,527,5270000,5270100,422,1053,5280000,4562
4,5270,52700000,52700100,422,1053,52710000,45646
4,5271,52710000,52710100,422,1053,52720000,45656
4,5272,52720000,52720100,422,1053,52730000,45665
4,5273,52730000,52730100,422,1053,52740000,45671
4,5274,52740000,52740100,422,1053,52750000,45684
4,5275,52750000,52750100,422,1053,52760000,45691
4,5276,52760000,52760100,422,1053,52770000,45699
4,5277,52770000,52770100,422,1053,52780000,45707
4,5278,52780000,52780100,422,1053,52790000,45716
4,5279,52790000,52790100,422,1053,52800000,45722
4,528,5280000,5280100,422,1053,5290000,4577
4,5280,52800000,52800100,422,1053,52810000,45736
4,5281,52810000,52810100,422,1053,52820000,45744
4,5282,52820000,52820100,422,1053,52830000,45751
4,5283,52830000,52830100,422,1053,52840000,45759
4,5284,52840000,52840100,422,1053,52850000,45767
4,5285,52850000,52850100,422,1053,52860000,45777
4,5286,52860000,52860100,422,1053,52870000,45787
4,5287,52870000,52870100,422,1053,52880000,45793
4,5288,52880000,52880100,422,1053,52890000,45804
4,5289,52890000,52890100,422,1053,52900000,45812
4,529,5290000,5290100,422,1053,5300000,4583
4,5290,52900000,52900100,422,1053,52910000,45820
4,5291,52910000,52910100,422,1053,52920000,45827
4,5292,52920000,52920100,422,1053,52930000,45840
4,5293,52930000,52930100,422,1053,52940000,45846
4,5294,52940000,52940100,422,1053,52950000,45853
4,5295,52950000,52950100,422,1053,52960000,45864
4,5296,52960000,52960100,422,1053,52970000,45874
4,5297,52970000,52970100,422,1053,52980000,45880
4,5298,52980000,52980100,422,1053,52990000,45890
4,5299,52990000,52990100,422,1053,53000000,45898
4,53,530000,530100,422,1053,540000,458
4,530,5300000,5300100,422,1053,5310000,4591
4,5300,53000000,53000100,422,1053,53010000,45907
4,5301,53010000,53010100,422,1053,53020000,45915
4,5302,53020000,53020100,422,1053,53030000,45925
4,5303,53030000,53030100,422,1053,53040000,45931
4,5304,53040000,53040100,422,1053,53050000,45943
4,5305,53050000,53050100,422,1053,53060000,45950
4,5306,53060000,53060100,422,1053,53070000,45959
4,5307,53070000,53070100,422,1053,53080000,45968
4,5308,53080000,53080100,422,1053,53090000,45976
4,5309,53090000,53090100,422,1053,53100000,45984
4,531,5310000,5310100,422,1053,5320000,4599
4,5310,53100000,53100100,422,1053,53110000,45995
4,5311,53110000,53110100,422,1053,53120000,46001
4,5312,53120000,53120100,422,1053,53130000,46010
4,5313,53130000,53130100,422,1053,53140000,46021
4,5314,53140000,53140100,422,1053,53150000,46028
4,5315,53150000,53150100,422,1053,53160000,46035
4,5316,53160000,53160100,422,1053,53170000,46048
4,5317,53170000,53170100,422,1053,53180000,46054
4,5318,53180000,53180100,422,1053,53190000,46062
4,5319,53190000,53190100,422,1053,53200000,46070
4,532,5320000,5320100,422,1053,5330000,4609
4,5320,53200000,53200100,422,1053,53210000,46082
4,5321,53210000,53210100,422,1053,53220000,46088
4,5322,53220000,53220100,422,1053,53230000,46098
4,5323,53230000,53230100,422,1053,53240000,46106
4,5324,53240000,53240100,422,1053,53250000,46115
4,5325,53250000,53250100,422,1053,53260000,46124
4,5326,53260000,53260100,422,1053,53270000,46131
4,5327,53270000,53270100,422,1053,53280000,46139
4,5328,53280000,53280100,422,1053,53290000,46151
4,5329,53290000,53290100,422,1053,53300000,46158
4,533,5330000,5330100,422,1053,5340000,4616
4,5330,53300000,53300100,422,1053,53310000,46168
4,5331,53310000,53310100,422,1053,53320000,46176
4,5332,53320000,53320100,422,1053,53330000,46184
4,5333,53330000,53330100,422,1053,53340000,46190
4,5334,53340000,53340100,422,1053,53350000,46202
4,5335,53350000,53350100,422,1053,53360000,46210
4,5336,53360000,53360100,422,1053,53370000,46219
4,5337,53370000,53370100,422,1053,53380000,46229
4,5338,53380000,53380100,422,1053,53390000,46236
4,5339,53390000,53390100,422,1053,53400000,46242
4,534,5340000,5340100,422,1053,5350000,4626
4,5340,53400000,53400100,422,1053,53410000,46255
4,5341,53410000,53410100,422,1053,53420000,46263
4,5342,53420000,53420100,422,1053,53430000,46270
4,5343,53430000,53430100,422,1053,53440000,46278
4,5344,53440000,53440100,422,1053,53450000,46289
4,5345,53450000,53450100,422,1053,53460000,46296
4,5346,53460000,53460100,422,1053,53470000,46307
4,5347,53470000,53470100,422,1053,53480000,46313
4,5348,53480000,53480100,422,1053,53490000,46323
4,5349,53490000,53490100,422,1053,53500000,46331
4,535,5350000,5350100,422,1053,5360000,4635
4,5350,53500000,53500100,422,1053,53510000,46339
4,5351,53510000,53510100,422,1053,53520000,46348
4,5352,53520000,53520100,422,1053,53530000,46360
4,5353,53530000,53530100,422,1053,53540000,46366
4,5354,53540000,53540100,422,1053,53550000,46373
4,5355,53550000,53550100,422,1053,53560000,46384
4,5356,53560000,53560100,422,1053,53570000,46392
4,5357,53570000,53570100,422,1053,53580000,46399
4,5358,53580000,53580100,422,1053,53590000,46411
4,5359,53590000,53590100,422,1053,53600000,46417
4,536,5360000,5360100,422,1053,5370000,4644
4,5360,53600000,53600100,422,1053,53610000,46427
4,5361,53610000,53610100,422,1053,53620000,46435
4,5362,53620000,53620100,422,1053,53630000,46445
4,5363,53630000,53630100,422,1053,53640000,46451
4,5364,53640000,53640100,422,1053,53650000,46462
4,5365,53650000,53650100,422,1053,53660000,46471
4,5366,53660000,53660100,422,1053,53670000,46478
4,5367,53670000,53670100,422,1053,53680000,46486
4,5368,53680000,53680100,422,1053,53690000,46496
4,5369,53690000,53690100,422,1053,53700000,46504
4,537,5370000,5370100,422,1053,5380000,4652
4,5370,53700000,53700100,422,1053,53710000,46515
4,5371,53710000,53710100,422,1053,53720000,46521
4,5372,53720000,53720100,422,1053,53730000,46531
4,5373,53730000,53730100,422,1053,53740000,46540
4,5374,53740000,53740100,422,1053,53750000,46547
4,5375,53750000,53750100,422,1053,53760000,46554
4,5376,53760000,53760100,422,1053,53770000,46568
4,5377,53770000,53770100,422,1053,53780000,46574
4,5378,53780000,53780100,422,1053,53790000,46581
4,5379,53790000,53790100,422,1053,53800000,46592
4,538,5380000,5380100,422,1053,5390000,4659
4,5380,53800000,53800100,422,1053,53810000,46601
4,5381,53810000,53810100,422,1053,53820000,46607
4,5382,53820000,53820100,422,1053,53830000,46617
4,5383,53830000,53830100,422,1053,53840000,46625
4,5384,53840000,53840100,422,1053,53850000,46635
4,5385,53850000,53850100,422,1053,53860000,46644
4,5386,53860000,53860100,422,1053,53870000,46653
4,5387,53870000,53870100,422,1053,53880000,46659
4,5388,53880000,53880100,422,1053,53890000,46670
4,5389,53890000,53890100,422,1053,53900000,46676
4,539,5390000,5390100,422,1053,5400000,4668
4,5390,53900000,53900100,422,1053,53910000,46687
4,5391,53910000,53910100,422,1053,53920000,46695
4,5392,53920000,53920100,422,1053,53930000,46704
4,5393,53930000,53930100,422,1053,53940000,46712
4,5394,53940000,53940100,422,1053,53950000,46722
4,5395,53950000,53950100,422,1053,53960000,46730
4,5396,53960000,53960100,422,1053,53970000,46738
4,5397,53970000,53970100,422,1053,53980000,46748
4,5398,53980000,53980100,422,1053,53990000,46755
4,5399,53990000,53990100,422,1053,54000000,46761
4,54,540000,540100,422,1053,550000,468
4,540,5400000,5400100,422,1053,5410000,4680
4,5400,54000000,54000100,422,1053,54010000,46776
4,5401,54010000,54010100,422,1053,54020000,46783
4,5402,54020000,54020100,422,1053,54030000,46790
4,5403,54030000,54030100,422,1053,54040000,46798
4,5404,54040000,54040100,422,1053,54050000,46808
4,5405,54050000,54050100,422,1053,54060000,46815
4,5406,54060000,54060100,422,1053,54070000,46826
4,5407,54070000,54070100,422,1053,54080000,46834
4,5408,54080000,54080100,422,1053,54090000,46843
4,5409,54090000,54090100,422,1053,54100000,46851
4,541,5410000,5410100,422,1053,5420000,4686
4,5410,54100000,54100100,422,1053,54110000,46859
4,5411,54110000,54110100,422,1053,54120000,46867
4,5412,54120000,54120100,422,1053,54130000,46879
4,5413,54130000,54130100,422,1053,54140000,46885
4,5414,54140000,54140100,422,1053,54150000,46894
4,5415,54150000,54150100,422,1053,54160000,46903
4,5416,54160000,54160100,422,1053,54170000,46912
4,5417,54170000,54170100,422,1053,54180000,46919
4,5418,54180000,54180100,422,1053,54190000,46931
4,5419,54190000,54190100,422,1053,54200000,46937
4,542,5420000,5420100,422,1053,5430000,4695
4,5420,54200000,54200100,422,1053,54210000,46946
4,5421,54210000,54210100,422,1053,54220000,46956
4,5422,54220000,54220100,422,1053,54230000,46963
4,5423,54230000,54230100,422,1053,54240000,46970
4,5424,54240000,54240100,422,1053,54250000,46982
4,5425,54250000,54250100,422,1053,54260000,46991
4,5426,54260000,54260100,422,1053,54270000,46998
4,5427,54270000,54270100,422,1053,54280000,47006
4,5428,54280000,54280100,422,1053,54290000,47017
4,5429,54290000,54290100,422,1053,54300000,47023
4,543,5430000,5430100,422,1053,5440000,4703
4,5430,54300000,54300100,422,1053,54310000,47034
4,5431,54310000,54310100,422,1053,54320000,47040
4,5432,54320000,54320100,422,1053,54330000,47051
4,5433,54330000,54330100,422,1053,54340000,47059
4,5434,54340000,54340100,422,1053,54350000,47067
4,5435,54350000,54350100,422,1053,54360000,47076
4,5436,54360000,54360100,422,1053,54370000,47087
4,5437,54370000,54370100,422,1053,54380000,47093
4,5438,54380000,54380100,422,1053,54390000,47100
4,5439,54390000,54390100,422,1053,54400000,47111
4,544,5440000,5440100,422,1053,5450000,4713
4,5440,54400000,54400100,422,1053,54410000,47121
4,5441,54410000,54410100,422,1053,54420000,47127
4,5442,54420000,54420100,422,1053,54430000,47139
4,5443,54430000,54430100,422,1053,54440000,47145
4,5444,54440000,54440100,422,1053,54450000,47153
4,5445,54450000,54450100,422,1053,54460000,47163
4,5446,54460000,54460100,422,1053,54470000,47172
4,5447,54470000,54470100,422,1053,54480000,47178
4,5448,54480000,54480100,422,1053,54490000,47190
4,5449,54490000,54490100,422,1053,54500000,47198
4,545,5450000,5450100,422,1053,5460000,4720
4,5450,54500000,54500100,422,1053,54510000,47207
4,5451,54510000,54510100,422,1053,54520000,47215
4,5452,54520000,54520100,422,1053,54530000,47223
4,5453,54530000,54530100,422,1053,54540000,47231
4,5454,54540000,54540100,422,1053,54550000,47241
4,5455,54550000,54550100,422,1053,54560000,47248
4,5456,54560000,54560100,422,1053,54570000,47260
4,5457,54570000,54570100,422,1053,54580000,47268
4,5458,54580000,54580100,422,1053,54590000,47275
4,5459,54590000,54590100,422,1053,54600000,47281
4,546,5460000,5460100,422,1053,5470000,4732
4,5460,54600000,54600100,422,1053,54610000,47295
4,5461,54610000,54610100,422,1053,54620000,47302
4,5462,54620000,54620100,422,1053,54630000,47309
4,5463,54630000,54630100,422,1053,54640000,47319
4,5464,54640000,54640100,422,1053,54650000,47328
4,5465,54650000,54650100,422,1053,54660000,47335
4,5466,54660000,54660100,422,1053,54670000,47345
4,5467,54670000,54670100,422,1053,54680000,47354
4,5468,54680000,54680100,422,1053,54690000,47362
4,5469,54690000,54690100,422,1053,54700000,47370
4,547,5470000,5470100,422,1053,5480000,4738
4,5470,54700000,54700100,422,1053,54710000,47380
4,5471,54710000,54710100,422,1053,54720000,47386
4,5472,54720000,54720100,422,1053,54730000,47399
4,5473,54730000,54730100,422,1053,54740000,47405
4,5474,54740000,54740100,422,1053,54750000,47414
4,5475,54750000,54750100,422,1053,54760000,47423
4,5476,54760000,54760100,422,1053,54770000,47431
4,5477,54770000,54770100,422,1053,54780000,47439
4,5478,54780000,54780100,422,1053,54790000,47450
4,5479,54790000,54790100,422,1053,54800000,47456
4,548,5480000,5480100,422,1053,5490000,4746
4,5480,54800000,54800100,422,1053,54810000,47466
4,5481,54810000,54810100,422,1053,54820000,47476
4,5482,54820000,54820100,422,1053,54830000,47483
4,5483,54830000,54830100,422,1053,54840000,47490
4,5484,54840000,54840100,422,1053,54850000,47503
4,5485,54850000,54850100,422,1053,54860000,47510
4,5486,54860000,54860100,422,1053,54870000,47517
4,5487,54870000,54870100,422,1053,54880000,47525
4,5488,54880000,54880100,422,1053,54890000,47536
4,5489,54890000,54890100,422,1053,54900000,47543
4,549,5490000,5490100,422,1053,5500000,4756
4,5490,54900000,54900100,422,1053,54910000,47554
4,5491,54910000,54910100,422,1053,54920000,47562
4,5492,54920000,54920100,422,1053,54930000,47570
4,5493,54930000,54930100,422,1053,54940000,47578
4,5494,54940000,54940100,422,1053,54950000,47586
4,5495,54950000,54950100,422,1053,54960000,47595
4,5496,54960000,54960100,422,1053,54970000,47607
4,5497,54970000,54970100,422,1053,54980000,47613
4,5498,54980000,54980100,422,1053,54990000,47622
4,5499,54990000,54990100,422,1053,55000000,47630
4,55,550000,550100,422,1053,560000,476
4,550,5500000,5500100,422,1053,5510000,4765
4,5500,55000000,55000100,422,1053,55010000,47640
4,5501,55010000,55010100,422,1053,55020000,47646
4,5502,55020000,55020100,422,1053,55030000,47658
4,5503,55030000,55030100,422,1053,55040000,47664
4,5504,55040000,55040100,422,1053,55050000,47673
4,5505,55050000,55050100,422,1053,55060000,47685
4,5506,55060000,55060100,422,1053,55070000,47692
4,5507,55070000,55070100,422,1053,55080000,47698
4,5508,55080000,55080100,422,1053,55090000,47709
4,5509,55090000,55090100,422,1053,55100000,47717
4,551,5510000,5510100,422,1053,5520000,4771
4,5510,55100000,55100100,422,1053,55110000,47725
4,5511,55110000,55110100,422,1053,55120000,47734
4,5512,55120000,55120100,422,1053,55130000,47745
4,5513,55130000,55130100,422,1053,55140000,47751
4,5514,55140000,55140100,422,1053,55150000,47761
4,5515,55150000,55150100,422,1053,55160000,47768
4,5516,55160000,55160100,422,1053,55170000,47779
4,5517,55170000,55170100,422,1053,55180000,47787
4,5518,55180000,55180100,422,1053,55190000,47794
4,5519,55190000,55190100,422,1053,55200000,47802
4,552,5520000,5520100,422,1053,5530000,4783
4,5520,55200000,55200100,422,1053,55210000,47815
4,5521,55210000,55210100,422,1053,55220000,47821
4,5522,55220000,55220100,422,1053,55230000,47829
4,5523,55230000,55230100,422,1053,55240000,47839
4,5524,55240000,55240100,422,1053,55250000,47847
4,5525,55250000,55250100,422,1053,55260000,47854
4,5526,55260000,55260100,422,1053,55270000,47866
4,5527,55270000,55270100,422,1053,55280000,47873
4,5528,55280000,55280100,422,1053,55290000,47882
4,5529,55290000,55290100,422,1053,55300000,47890
4,553,5530000,5530100,422,1053,5540000,4791
4,5530,55300000,55300100,422,1053,55310000,47900
4,5531,55310000,55310100,422,1053,55320000,47906
4,5532,55320000,55320100,422,1053,55330000,47917
4,5533,55330000,55330100,422,1053,55340000,47926
4,5534,55340000,55340100,422,1053,55350000,47933
4,5535,55350000,55350100,422,1053,55360000,47942
4,5536,55360000,55360100,422,1053,55370000,47951
4,5537,55370000,55370100,422,1053,55380000,47959
4,5538,55380000,55380100,422,1053,55390000,47970
4,5539,55390000,55390100,422,1053,55400000,47976
4,554,5540000,5540100,422,1053,5550000,4798
4,5540,55400000,55400100,422,1053,55410000,47987
4,5541,55410000,55410100,422,1053,55420000,47995
4,5542,55420000,55420100,422,1053,55430000,48002
4,5543,55430000,55430100,422,1053,55440000,48008
4,5544,55440000,55440100,422,1053,55450000,48023
4,5545,55450000,55450100,422,1053,55460000,48030
4,5546,55460000,55460100,422,1053,55470000,48037
4,5547,55470000,55470100,422,1053,55480000,48047
4,5548,55480000,55480100,422,1053,55490000,48055
4,5549,55490000,55490100,422,1053,55500000,48062
4,555,5550000,5550100,422,1053,5560000,4808
4,5550,55500000,55500100,422,1053,55510000,48073
4,5551,55510000,55510100,422,1053,55520000,48081
4,5552,55520000,55520100,422,1053,55530000,48090
4,5553,55530000,55530100,422,1053,55540000,48098
4,5554,55540000,55540100,422,1053,55550000,48107
4,5555,55550000,55550100,422,1053,55560000,48115
4,5556,55560000,55560100,422,1053,55570000,48126
4,5557,55570000,55570100,422,1053,55580000,48132
4,5558,55580000,55580100,422,1053,55590000,48141
4,5559,55590000,55590100,422,1053,55600000,48149
4,556,5560000,5560100,422,1053,5570000,4818
4,5560,55600000,55600100,422,1053,55610000,48160
4,5561,55610000,55610100,422,1053,55620000,48168
4,5562,55620000,55620100,422,1053,55630000,48178
4,5563,55630000,55630100,422,1053,55640000,48184
4,5564,55640000,55640100,422,1053,55650000,48192
4,5565,55650000,55650100,422,1053,55660000,48203
4,5566,55660000,55660100,422,1053,55670000,48211
4,5567,55670000,55670100,422,1053,55680000,48217
4,5568,55680000,55680100,422,1053,55690000,48231
4,5569,55690000,55690100,422,1053,55700000,48237
4,557,5570000,5570100,422,1053,5580000,4824
4,5570,55700000,55700100,422,1053,55710000,48245
4,5571,55710000,55710100,422,1053,55720000,48254
4,5572,55720000,55720100,422,1053,55730000,48264
4,5573,55730000,55730100,422,1053,55740000,48270
4,5574,55740000,55740100,422,1053,55750000,48280
4,5575,55750000,55750100,422,1053,55760000,48289
4,5576,55760000,55760100,422,1053,55770000,48298
4,5577,55770000,55770100,422,1053,55780000,48307
4,5578,55780000,55780100,422,1053,55790000,48314
4,5579,55790000,55790100,422,1053,55800000,48322
4,558,5580000,5580100,422,1053,5590000,4834
4,5580,55800000,55800100,422,1053,55810000,48334
4,5581,55810000,55810100,422,1053,55820000,48340
4,5582,55820000,55820100,422,1053,55830000,48350
4,5583,55830000,55830100,422,1053,55840000,48358
4,5584,55840000,55840100,422,1053,55850000,48367
4,5585,55850000,55850100,422,1053,55860000,48374
4,5586,55860000,55860100,422,1053,55870000,48386
4,5587,55870000,55870100,422,1053,55880000,48392
4,5588,55880000,55880100,422,1053,55890000,48401
4,5589,55890000,55890100,422,1053,55900000,48411
4,559,5590000,5590100,422,1053,5600000,4840
4,5590,55900000,55900100,422,1053,55910000,48419
4,5591,55910000,55910100,422,1053,55920000,48425
4,5592,55920000,55920100,422,1053,55930000,48437
4,5593,55930000,55930100,422,1053,55940000,48446
4,5594,55940000,55940100,422,1053,55950000,48453
4,5595,55950000,55950100,422,1053,55960000,48462
4,5596,55960000,55960100,422,1053,55970000,48472
4,5597,55970000,55970100,422,1053,55980000,48478
4,5598,55980000,55980100,422,1053,55990000,48488
4,5599,55990000,55990100,422,1053,56000000,48495
4,56,560000,560100,422,1053,570000,487
4,560,5600000,5600100,422,1053,5610000,4852
4,5600,56000000,56000100,422,1053,56010000,48507
4,5601,56010000,56010100,422,1053,56020000,48515
4,5602,56020000,56020100,422,1053,56030000,48522
4,5603,56030000,56030100,422,1053,56040000,48530
4,5604,56040000,56040100,422,1053,56050000,48542
4,5605,56050000,56050100,422,1053,56060000,48549
4,5606,56060000,56060100,422,1053,56070000,48556
4,5607,56070000,56070100,422,1053,56080000,48566
4,5608,56080000,56080100,422,1053,56090000,48575
4,5609,56090000,56090100,422,1053,56100000,48581
4,561,5610000,5610100,422,1053,5620000,4861
4,5610,56100000,56100100,422,1053,56110000,48595
4,5611,56110000,56110100,422,1053,56120000,48601
4,5612,56120000,56120100,422,1053,56130000,48609
4,5613,56130000,56130100,422,1053,56140000,48617
4,5614,56140000,56140100,422,1053,56150000,48626
4,5615,56150000,56150100,422,1053,56160000,48634
4,5616,56160000,56160100,422,1053,56170000,48646
4,5617,56170000,56170100,422,1053,56180000,48654
4,5618,56180000,56180100,422,1053,56190000,48661
4,5619,56190000,56190100,422,1053,56200000,48669
4,562,5620000,5620100,422,1053,5630000,4868
4,5620,56200000,56200100,422,1053,56210000,48678
4,5621,56210000,56210100,422,1053,56220000,48687
4,5622,56220000,56220100,422,1053,56230000,48697
4,5623,56230000,56230100,422,1053,56240000,48703
4,5624,56240000,56240100,422,1053,56250000,48714
4,5625,56250000,56250100,422,1053,56260000,48723
4,5626,56260000,56260100,422,1053,56270000,48731
4,5627,56270000,56270100,422,1053,56280000,48737
4,5628,56280000,56280100,422,1053,56290000,48750
4,5629,56290000,56290100,422,1053,56300000,48756
4,563,5630000,5630100,422,1053,5640000,4876
4,5630,56300000,56300100,422,1053,56310000,48764
4,5631,56310000,56310100,422,1053,56320000,48774
4,5632,56320000,56320100,422,1053,56330000,48784
4,5633,56330000,56330100,422,1053,56340000,48790
4,5634,56340000,56340100,422,1053,56350000,48800
4,5635,56350000,56350100,422,1053,56360000,48809
4,5636,56360000,56360100,422,1053,56370000,48817
4,5637,56370000,56370100,422,1053,56380000,48826
4,5638,56380000,56380100,422,1053,56390000,48835
4,5639,56390000,56390100,422,1053,56400000,48841
4,564,5640000,5640100,422,1053,5650000,4887
4,5640,56400000,56400100,422,1053,56410000,48854
4,5641,56410000,56410100,422,1053,56420000,48860
4,5642,56420000,56420100,422,1053,56430000,48869
4,5643,56430000,56430100,422,1053,56440000,48878
4,5644,56440000,56440100,422,1053,56450000,48886
4,5645,56450000,56450100,422,1053,56460000,48895
4,5646,56460000,56460100,422,1053,56470000,48905
4,5647,56470000,56470100,422,1053,56480000,48911
4,5648,56480000,56480100,422,1053,56490000,48921
4,5649,56490000,56490100,422,1053,56500000,48931
4,565,5650000,5650100,422,1053,5660000,4894
4,5650,56500000,56500100,422,1053,56510000,48939
4,5651,56510000,56510100,422,1053,56520000,48945
4,5652,56520000,56520100,422,1053,56530000,48958
4,5653,56530000,56530100,422,1053,56540000,48964
4,5654,56540000,56540100,422,1053,56550000,48972
4,5655,56550000,56550100,422,1053,56560000,48981
4,5656,56560000,56560100,422,1053,56570000,48992
4,5657,56570000,56570100,422,1053,56580000,48998
4,5658,56580000,56580100,422,1053,56590000,49008
4,5659,56590000,56590100,422,1053,56600000,49017
4,566,5660000,5660100,422,1053,5670000,4902
4,5660,56600000,56600100,422,1053,56610000,49026
4,5661,56610000,56610100,422,1053,56620000,49034
4,5662,56620000,56620100,422,1053,56630000,49041
4,5663,56630000,56630100,422,1053,56640000,49049
4,5664,56640000,56640100,422,1053,56650000,49061
4,5665,56650000,56650100,422,1053,56660000,49069
4,5666,56660000,56660100,422,1053,56670000,49078
4,5667,56670000,56670100,422,1053,56680000,49086
4,5668,56680000,56680100,422,1053,56690000,49094
4,5669,56690000,56690100,422,1053,56700000,49100
4,567,5670000,5670100,422,1053,5680000,4912
4,5670,56700000,56700100,422,1053,56710000,49114
4,5671,56710000,56710100,422,1053,56720000,49120
4,5672,56720000,56720100,422,1053,56730000,49129
4,5673,56730000,56730100,422,1053,56740000,49139
4,5674,56740000,56740100,422,1053,56750000,49146
4,5675,56750000,56750100,422,1053,56760000,49153
4,5676,56760000,56760100,422,1053,56770000,49165
4,5677,56770000,56770100,422,1053,56780000,49173
4,5678,56780000,56780100,422,1053,56790000,49180
4,5679,56790000,56790100,422,1053,56800000,49188
4,568,5680000,5680100,422,1053,5690000,4921
4,5680,56800000,56800100,422,1053,56810000,49200
4,5681,56810000,56810100,422,1053,56820000,49207
4,5682,56820000,56820100,422,1053,56830000,49217
4,5683,56830000,56830100,422,1053,56840000,49223
4,5684,56840000,56840100,422,1053,56850000,49233
4,5685,56850000,56850100,422,1053,56860000,49242
4,5686,56860000,56860100,422,1053,56870000,49249
4,5687,56870000,56870100,422,1053,56880000,49258
4,5688,56880000,56880100,422,1053,56890000,49270
4,5689,56890000,56890100,422,1053,56900000,49276
4,569,5690000,5690100,422,1053,5700000,4927
4,5690,56900000,56900100,422,1053,56910000,49284
4,5691,56910000,56910100,422,1053,56920000,49294
4,5692,56920000,56920100,422,1053,56930000,49303
4,5693,56930000,56930100,422,1053,56940000,49309
4,5694,56940000,56940100,422,1053,56950000,49321
4,5695,56950000,56950100,422,1053,56960000,49328
4,5696,56960000,56960100,422,1053,56970000,49337
4,5697,56970000,56970100,422,1053,56980000,49345
4,5698,56980000,56980100,422,1053,56990000,49355
4,5699,56990000,56990100,422,1053,57000000,49361
4,57,570000,570100,422,1053,580000,495
4,570,5700000,5700100,422,1053,5710000,4940
4,5700,57000000,57000100,422,1053,57010000,49373
4,5701,57010000,57010100,422,1053,57020000,49381
4,5702,57020000,57020100,422,1053,57030000,49388
4,5703,57030000,57030100,422,1053,57040000,49397
4,5704,57040000,57040100,422,1053,57050000,49406
4,5705,57050000,57050100,422,1053,57060000,49415
4,5706,57060000,57060100,422,1053,57070000,49425
4,5707,57070000,57070100,422,1053,57080000,49431
4,5708,57080000,57080100,422,1053,57090000,49441
4,5709,57090000,57090100,422,1053,57100000,49450
4,571,5710000,5710100,422,1053,5720000,4946
4,5710,57100000,57100100,422,1053,57110000,49458
4,5711,57110000,57110100,422,1053,57120000,49464
4,5712,57120000,57120100,422,1053,57130000,49478
4,5713,57130000,57130100,422,1053,57140000,49484
4,5714,57140000,57140100,422,1053,57150000,49492
4,5715,57150000,57150100,422,1053,57160000,49503
4,5716,57160000,57160100,422,1053,57170000,49511
4,5717,57170000,57170100,422,1053,57180000,49517
4,5718,57180000,57180100,422,1053,57190000,49527
4,5719,57190000,57190100,422,1053,57200000,49535
4,572,5720000,5720100,422,1053,5730000,4955
4,5720,57200000,57200100,422,1053,57210000,49546
4,5721,57210000,57210100,422,1053,57220000,49554
4,5722,57220000,57220100,422,1053,57230000,49563
4,5723,57230000,57230100,422,1053,57240000,49569
4,5724,57240000,57240100,422,1053,57250000,49580
4,5725,57250000,57250100,422,1053,57260000,49588
4,5726,57260000,57260100,422,1053,57270000,49597
4,5727,57270000,57270100,422,1053,57280000,49605
4,5728,57280000,57280100,422,1053,57290000,49614
4,5729,57290000,57290100,422,1053,57300000,49622
4,573,5730000,5730100,422,1053,5740000,4963
4,5730,57300000,57300100,422,1053,57310000,49633
4,5731,57310000,57310100,422,1053,57320000,49640
4,5732,57320000,57320100,422,1053,57330000,49648
4,5733,57330000,57330100,422,1053,57340000,49658
4,5734,57340000,57340100,422,1053,57350000,49665
4,5735,57350000,57350100,422,1053,57360000,49672
4,5736,57360000,57360100,422,1053,57370000,49687
4,5737,57370000,57370100,422,1053,57380000,49693
4,5738,57380000,57380100,422,1053,57390000,49700
4,5739,57390000,57390100,422,1053,57400000,49708
4,574,5740000,5740100,422,1053,5750000,4972
4,5740,57400000,57400100,422,1053,57410000,49719
4,5741,57410000,57410100,422,1053,57420000,49725
4,5742,57420000,57420100,422,1053,57430000,49736
4,5743,57430000,57430100,422,1053,57440000,49744
4,5744,57440000,57440100,422,1053,57450000,49753
4,5745,57450000,57450100,422,1053,57460000,49762
4,5746,57460000,57460100,422,1053,57470000,49769
4,5747,57470000,57470100,422,1053,57480000,49778
4,5748,57480000,57480100,422,1053,57490000,49789
4,5749,57490000,57490100,422,1053,57500000,49795
4,575,5750000,5750100,422,1053,5760000,4979
4,5750,57500000,57500100,422,1053,57510000,49805
4,5751,57510000,57510100,422,1053,57520000,49813
4,5752,57520000,57520100,422,1053,57530000,49822
4,5753,57530000,57530100,422,1053,57540000,49829
4,5754,57540000,57540100,422,1053,57550000,49841
4,5755,57550000,57550100,422,1053,57560000,49848
4,5756,57560000,57560100,422,1053,57570000,49856
4,5757,57570000,57570100,422,1053,57580000,49866
4,5758,57580000,57580100,422,1053,57590000,49874
4,5759,57590000,57590100,422,1053,57600000,49880
4,576,5760000,5760100,422,1053,5770000,4991
4,5760,57600000,57600100,422,1053,57610000,49893
4,5761,57610000,57610100,422,1053,57620000,49901
4,5762,57620000,57620100,422,1053,57630000,49908
4,5763,57630000,57630100,422,1053,57640000,49916
4,5764,57640000,57640100,422,1053,57650000,49927
4,5765,57650000,57650100,422,1053,57660000,49934
4,5766,57660000,57660100,422,1053,57670000,49944
4,5767,57670000,57670100,422,1053,57680000,49950
4,5768,57680000,57680100,422,1053,57690000,49961
4,5769,57690000,57690100,422,1053,57700000,49970
4,577,5770000,5770100,422,1053,5780000,5000
4,5770,57700000,57700100,422,1053,57710000,49978
4,5771,57710000,57710100,422,1053,57720000,49986
4,5772,57720000,57720100,422,1053,57730000,49997
4,5773,57730000,57730100,422,1053,57740000,50003
4,5774,57740000,57740100,422,1053,57750000,50010
4,5775,57750000,57750100,422,1053,57760000,50022
4,5776,57760000,57760100,422,1053,57770000,50031
4,5777,57770000,57770100,422,1053,57780000,50037
4,5778,57780000,57780100,422,1053,57790000,50049
4,5779,57790000,57790100,422,1053,57800000,50055
4,578,5780000,5780100,422,1053,5790000,5007
4,5780,57800000,57800100,422,1053,57810000,50065
4,5781,57810000,57810100,422,1053,57820000,50073
4,5782,57820000,57820100,422,1053,57830000,50082
4,5783,57830000,57830100,422,1053,57840000,50088
4,5784,57840000,57840100,422,1053,57850000,50100
4,5785,57850000,57850100,422,1053,57860000,50109
4,5786,57860000,57860100,422,1053,57870000,50117
4,5787,57870000,57870100,422,1053,57880000,50125
4,5788,57880000,57880100,422,1053,57890000,50133
4,5789,57890000,57890100,422,1053,57900000,50141
4,579,5790000,5790100,422,1053,5800000,5015
4,5790,57900000,57900100,422,1053,57910000,50152
4,5791,57910000,57910100,422,1053,57920000,50159
4,5792,57920000,57920100,422,1053,57930000,50170
4,5793,57930000,57930100,422,1053,57940000,50178
4,5794,57940000,57940100,422,1053,57950000,50185
4,5795,57950000,57950100,422,1053,57960000,50192
4,5796,57960000,57960100,422,1053,57970000,50205
4,5797,57970000,57970100,422,1053,57980000,50212
4,5798,57980000,57980100,422,1053,57990000,50219
4,5799,57990000,57990100,422,1053,58000000,50229
4,58,580000,580100,422,1053,590000,502
4,580,5800000,5800100,422,1053,5810000,5024
4,5800,58000000,58000100,422,1053,58010000,50239
4,5801,58010000,58010100,422,1053,58020000,50245
4,5802,58020000,58020100,422,1053,58030000,50256
4,5803,58030000,58030100,422,1053,58040000,50264
4,5804,58040000,58040100,422,1053,58050000,50272
4,5805,58050000,58050100,422,1053,58060000,50281
4,5806,58060000,58060100,422,1053,58070000,50290
4,5807,58070000,58070100,422,1053,58080000,50296
4,5808,58080000,58080100,422,1053,58090000,50309
4,5809,58090000,58090100,422,1053,58100000,50315
4,581,5810000,5810100,422,1053,5820000,5032
4,5810,58100000,58100100,422,1053,58110000,50325
4,5811,58110000,58110100,422,1053,58120000,50333
4,5812,58120000,58120100,422,1053,58130000,50341
4,5813,58130000,58130100,422,1053,58140000,50350
4,5814,58140000,58140100,422,1053,58150000,50360
4,5815,58150000,58150100,422,1053,58160000,50367
4,5816,58160000,58160100,422,1053,58170000,50376
4,5817,58170000,58170100,422,1053,58180000,50386
4,5818,58180000,58180100,422,1053,58190000,50393
4,5819,58190000,58190100,422,1053,58200000,50400
4,582,5820000,5820100,422,1053,5830000,5042
4,5820,58200000,58200100,422,1053,58210000,50414
4,5821,58210000,58210100,422,1053,58220000,50420
4,5822,58220000,58220100,422,1053,58230000,50427
4,5823,58230000,58230100,422,1053,58240000,50435
4,5824,58240000,58240100,422,1053,58250000,50447
4,5825,58250000,58250100,422,1053,58260000,50454
4,5826,58260000,58260100,422,1053,58270000,50464
4,5827,58270000,58270100,422,1053,58280000,50472
4,5828,58280000,58280100,422,1053,58290000,50480
4,5829,58290000,58290100,422,1053,58300000,50488
4,583,5830000,5830100,422,1053,5840000,5049
4,5830,58300000,58300100,422,1053,58310000,50497
4,5831,58310000,58310100,422,1053,58320000,50505
4,5832,58320000,58320100,422,1053,58330000,50517
4,5833,58330000,58330100,422,1053,58340000,50523
4,5834,58340000,58340100,422,1053,58350000,50532
4,5835,58350000,58350100,422,1053,58360000,50542
4,5836,58360000,58360100,422,1053,58370000,50550
4,5837,58370000,58370100,422,1053,58380000,50556
4,5838,58380000,58380100,422,1053,58390000,50568
4,5839,58390000,58390100,422,1053,58400000,50574
4,584,5840000,5840100,422,1053,5850000,5060
4,5840,58400000,58400100,422,1053,58410000,50584
4,5841,58410000,58410100,422,1053,58420000,50595
4,5842,58420000,58420100,422,1053,58430000,50602
4,5843,58430000,58430100,422,1053,58440000,50608
4,5844,58440000,58440100,422,1053,58450000,50619
4,5845,58450000,58450100,422,1053,58460000,50628
4,5846,58460000,58460100,422,1053,58470000,50636
4,5847,58470000,58470100,422,1053,58480000,50644
4,5848,58480000,58480100,422,1053,58490000,50655
4,5849,58490000,58490100,422,1053,58500000,50661
4,585,5850000,5850100,422,1053,5860000,5069
4,5850,58500000,58500100,422,1053,58510000,50672
4,5851,58510000,58510100,422,1053,58520000,50678
4,5852,58520000,58520100,422,1053,58530000,50689
4,5853,58530000,58530100,422,1053,58540000,50697
4,5854,58540000,58540100,422,1053,58550000,50704
4,5855,58550000,58550100,422,1053,58560000,50713
4,5856,58560000,58560100,422,1053,58570000,50725
4,5857,58570000,58570100,422,1053,58580000,50732
4,5858,58580000,58580100,422,1053,58590000,50739
4,5859,58590000,58590100,422,1053,58600000,50749
4,586,5860000,5860100,422,1053,5870000,5076
4,5860,58600000,58600100,422,1053,58610000,50758
4,5861,58610000,58610100,422,1053,58620000,50764
4,5862,58620000,58620100,422,1053,58630000,50776
4,5863,58630000,58630100,422,1053,58640000,50783
4,5864,58640000,58640100,422,1053,58650000,50792
4,5865,58650000,58650100,422,1053,58660000,50801
4,5866,58660000,58660100,422,1053,58670000,50810
4,5867,58670000,58670100,422,1053,58680000,50816
4,5868,58680000,58680100,422,1053,58690000,50828
4,5869,58690000,58690100,422,1053,58700000,50836
4,587,5870000,5870100,422,1053,5880000,5082
4,5870,58700000,58700100,422,1053,58710000,50844
4,5871,58710000,58710100,422,1053,58720000,50852
4,5872,58720000,58720100,422,1053,58730000,50861
4,5873,58730000,58730100,422,1053,58740000,50869
4,5874,58740000,58740100,422,1053,58750000,50880
4,5875,58750000,58750100,422,1053,58760000,50887
4,5876,58760000,58760100,422,1053,58770000,50897
4,5877,58770000,58770100,422,1053,58780000,50905
4,5878,58780000,58780100,422,1053,58790000,50912
4,5879,58790000,58790100,422,1053,58800000,50919
4,588,5880000,5880100,422,1053,5890000,5096
4,5880,58800000,58800100,422,1053,58810000,50934
4,5881,58810000,58810100,422,1053,58820000,50940
4,5882,58820000,58820100,422,1053,58830000,50947
4,5883,58830000,58830100,422,1053,58840000,50957
4,5884,58840000,58840100,422,1053,58850000,50965
4,5885,58850000,58850100,422,1053,58860000,50973
4,5886,58860000,58860100,422,1053,58870000,50983
4,5887,58870000,58870100,422,1053,58880000,50991
4,5888,58880000,58880100,422,1053,58890000,51000
4,5889,58890000,58890100,422,1053,58900000,51008
4,589,5890000,5890100,422,1053,5900000,5102
4,5890,58900000,58900100,422,1053,58910000,51019
4,5891,58910000,58910100,422,1053,58920000,51025
4,5892,58920000,58920100,422,1053,58930000,51036
4,5893,58930000,58930100,422,1053,58940000,51042
4,5894,58940000,58940100,422,1053,58950000,51051
4,5895,58950000,58950100,422,1053,58960000,51060
4,5896,58960000,58960100,422,1053,58970000,51070
4,5897,58970000,58970100,422,1053,58980000,51078
4,5898,58980000,58980100,422,1053,58990000,51088
4,5899,58990000,58990100,422,1053,59000000,51094
4,59,590000,590100,422,1053,600000,510
4,590,5900000,5900100,422,1053,5910000,5110
4,5900,59000000,59000100,422,1053,59010000,51103
4,5901,59010000,59010100,422,1053,59020000,51114
4,5902,59020000,59020100,422,1053,59030000,51121
4,5903,59030000,59030100,422,1053,59040000,51127
4,5904,59040000,59040100,422,1053,59050000,51141
4,5905,59050000,59050100,422,1053,59060000,51148
4,5906,59060000,59060100,422,1053,59070000,51155
4,5907,59070000,59070100,422,1053,59080000,51164
4,5908,59080000,59080100,422,1053,59090000,51174
4,5909,59090000,59090100,422,1053,59100000,51180
4,591,5910000,5910100,422,1053,5920000,5120
4,5910,59100000,59100100,422,1053,59110000,51191
4,5911,59110000,59110100,422,1053,59120000,51199
4,5912,59120000,59120100,422,1053,59130000,51209
4,5913,59130000,59130100,422,1053,59140000,51217
4,5914,59140000,59140100,422,1053,59150000,51224
4,5915,59150000,59150100,422,1053,59160000,51233
4,5916,59160000,59160100,422,1053,59170000,51244
4,5917,59170000,59170100,422,1053,59180000,51250
4,5918,59180000,59180100,422,1053,59190000,51260
4,5919,59190000,59190100,422,1053,59200000,51268
4,592,5920000,5920100,422,1053,5930000,5129
4,5920,59200000,59200100,422,1053,59210000,51278
4,5921,59210000,59210100,422,1053,59220000,51284
4,5922,59220000,59220100,422,1053,59230000,51296
4,5923,59230000,59230100,422,1053,59240000,51303
4,5924,59240000,59240100,422,1053,59250000,51311
4,5925,59250000,59250100,422,1053,59260000,51322
4,5926,59260000,59260100,422,1053,59270000,51329
4,5927,59270000,59270100,422,1053,59280000,51335
4,5928,59280000,59280100,422,1053,59290000,51347
4,5929,59290000,59290100,422,1053,59300000,51356
4,593,5930000,5930100,422,1053,5940000,5135
4,5930,59300000,59300100,422,1053,59310000,51364
4,5931,59310000,59310100,422,1053,59320000,51372
4,5932,59320000,59320100,422,1053,59330000,51382
4,5933,59330000,59330100,422,1053,59340000,51388
4,5934,59340000,59340100,422,1053,59350000,51399
4,5935,59350000,59350100,422,1053,59360000,51406
4,5936,59360000,59360100,422,1053,59370000,51417
4,5937,59370000,59370100,422,1053,59380000,51425
4,5938,59380000,59380100,422,1053,59390000,51432
4,5939,59390000,59390100,422,1053,59400000,51440
4,594,5940000,5940100,422,1053,5950000,5146
4,5940,59400000,59400100,422,1053,59410000,51453
4,5941,59410000,59410100,422,1053,59420000,51459
4,5942,59420000,59420100,422,1053,59430000,51466
4,5943,59430000,59430100,422,1053,59440000,51476
4,5944,59440000,59440100,422,1053,59450000,51485
4,5945,59450000,59450100,422,1053,59460000,51493
4,5946,59460000,59460100,422,1053,59470000,51505
4,5947,59470000,59470100,422,1053,59480000,51511
4,5948,59480000,59480100,422,1053,59490000,51519
4,5949,59490000,59490100,422,1053,59500000,51527
4,595,5950000,5950100,422,1053,5960000,5155
4,5950,59500000,59500100,422,1053,59510000,51537
4,5951,59510000,59510100,422,1053,59520000,51544
4,5952,59520000,59520100,422,1053,59530000,51556
4,5953,59530000,59530100,422,1053,59540000,51564
4,5954,59540000,59540100,422,1053,59550000,51571
4,5955,59550000,59550100,422,1053,59560000,51580
4,5956,59560000,59560100,422,1053,59570000,51589
4,5957,59570000,59570100,422,1053,59580000,51597
4,5958,59580000,59580100,422,1053,59590000,51607
4,5959,59590000,59590100,422,1053,59600000,51613
4,596,5960000,5960100,422,1053,5970000,5163
4,5960,59600000,59600100,422,1053,59610000,51625
4,5961,59610000,59610100,422,1053,59620000,51633
4,5962,59620000,59620100,422,1053,59630000,51641
4,5963,59630000,59630100,422,1053,59640000,51647
4,5964,59640000,59640100,422,1053,59650000,51660
4,5965,59650000,59650100,422,1053,59660000,51667
4,5966,59660000,59660100,422,1053,59670000,51674
4,5967,59670000,59670100,422,1053,59680000,51685
4,5968,59680000,59680100,422,1053,59690000,51694
4,5969,59690000,59690100,422,1053,59700000,51700
4,597,5970000,5970100,422,1053,5980000,5171
4,5970,59700000,59700100,422,1053,59710000,51711
4,5971,59710000,59710100,422,1053,59720000,51719
4,5972,59720000,59720100,422,1053,59730000,51727
4,5973,59730000,59730100,422,1053,59740000,51736
4,5974,59740000,59740100,422,1053,59750000,51745
4,5975,59750000,59750100,422,1053,59760000,51752
4,5976,59760000,59760100,422,1053,59770000,51764
4,5977,59770000,59770100,422,1053,59780000,51770
4,5978,59780000,59780100,422,1053,59790000,51780
4,5979,59790000,59790100,422,1053,59800000,51788
4,598,5980000,5980100,422,1053,5990000,5180
4,5980,59800000,59800100,422,1053,59810000,51797
4,5981,59810000,59810100,422,1053,59820000,51805
4,5982,59820000,59820100,422,1053,59830000,51815
4,5983,59830000,59830100,422,1053,59840000,51821
4,5984,59840000,59840100,422,1053,59850000,51831
4,5985,59850000,59850100,422,1053,59860000,51842
4,5986,59860000,59860100,422,1053,59870000,51849
4,5987,59870000,59870100,422,1053,59880000,51855
4,5988,59880000,59880100,422,1053,59890000,51868
4,5989,59890000,59890100,422,1053,59900000,51875
4,599,5990000,5990100,422,1053,6000000,5187
4,5990,59900000,59900100,422,1053,59910000,51883
4,5991,59910000,59910100,422,1053,59920000,51891
4,5992,59920000,59920100,422,1053,59930000,51902
4,5993,59930000,59930100,422,1053,59940000,51908
4,5994,59940000,59940100,422,1053,59950000,51918
4,5995,59950000,59950100,422,1053,59960000,51928
4,5996,59960000,59960100,422,1053,59970000,51936
4,5997,59970000,59970100,422,1053,59980000,51944
4,5998,59980000,59980100,422,1053,59990000,51951
4,5999,59990000,59990100,422,1053,60000000,51959
4,6,60000,60100,422,1053,70000,53
4,60,600000,600100,422,1053,610000,523
4,600,6000000,6000100,422,1053,6010000,5200
4,6000,60000000,60000100,422,1053,60010000,51973
4,6001,60010000,60010100,422,1053,60020000,51979
4,6002,60020000,60020100,422,1053,60030000,51988
4,6003,60030000,60030100,422,1053,60040000,51996
4,6004,60040000,60040100,422,1053,60050000,52004
4,6005,60050000,60050100,422,1053,60060000,52011
4,6006,60060000,60060100,422,1053,60070000,52024
4,6007,60070000,60070100,422,1053,60080000,52030
4,6008,60080000,60080100,422,1053,60090000,52039
4,6009,60090000,60090100,422,1053,60100000,52049
4,601,6010000,6010100,422,1053,6020000,5206
4,6010,60100000,60100100,422,1053,60110000,52057
4,6011,60110000,60110100,422,1053,60120000,52064
4,6012,60120000,60120100,422,1053,60130000,52075
4,6013,60130000,60130100,422,1053,60140000,52083
4,6014,60140000,60140100,422,1053,60150000,52090
4,6015,60150000,60150100,422,1053,60160000,52099
4,6016,60160000,60160100,422,1053,60170000,52110
4,6017,60170000,60170100,422,1053,60180000,52117
4,6018,60180000,60180100,422,1053,60190000,52127
4,6019,60190000,60190100,422,1053,60200000,52133
4,602,6020000,6020100,422,1053,6030000,5215
4,6020,60200000,60200100,422,1053,60210000,52144
4,6021,60210000,60210100,422,1053,60220000,52152
4,6022,60220000,60220100,422,1053,60230000,52160
4,6023,60230000,60230100,422,1053,60240000,52168
4,6024,60240000,60240100,422,1053,60250000,52180
4,6025,60250000,60250100,422,1053,60260000,52187
4,6026,60260000,60260100,422,1053,60270000,52194
4,6027,60270000,60270100,422,1053,60280000,52204
4,6028,60280000,60280100,422,1053,60290000,52213
4,6029,60290000,60290100,422,1053,60300000,52219
4,603,6030000,6030100,422,1053,6040000,5223
4,6030,60300000,60300100,422,1053,60310000,52232
4,6031,60310000,60310100,422,1053,60320000,52238
4,6032,60320000,60320100,422,1053,60330000,52247
4,6033,60330000,60330100,422,1053,60340000,52256
4,6034,60340000,60340100,422,1053,60350000,52265
4,6035,60350000,60350100,422,1053,60360000,52272
4,6036,60360000,60360100,422,1053,60370000,52283
4,6037,60370000,60370100,422,1053,60380000,52291
4,6038,60380000,60380100,422,1053,60390000,52298
4,6039,60390000,60390100,422,1053,60400000,52307
4,604,6040000,6040100,422,1053,6050000,5231
4,6040,60400000,60400100,422,1053,60410000,52317
4,6041,60410000,60410100,422,1053,60420000,52325
4,6042,60420000,60420100,422,1053,60430000,52335
4,6043,60430000,60430100,422,1053,60440000,52341
4,6044,60440000,60440100,422,1053,60450000,52352
4,6045,60450000,60450100,422,1053,60460000,52361
4,6046,60460000,60460100,422,1053,60470000,52368
4,6047,60470000,60470100,422,1053,60480000,52374
4,6048,60480000,60480100,422,1053,60490000,52388
4,6049,60490000,60490100,422,1053,60500000,52394
4,605,6050000,6050100,422,1053,6060000,5241
4,6050,60500000,60500100,422,1053,60510000,52403
4,6051,60510000,60510100,422,1053,60520000,52413
4,6052,60520000,60520100,422,1053,60530000,52421
4,6053,60530000,60530100,422,1053,60540000,52427
4,6054,60540000,60540100,422,1053,60550000,52437
4,6055,60550000,60550100,422,1053,60560000,52447
4,6056,60560000,60560100,422,1053,60570000,52456
4,6057,60570000,60570100,422,1053,60580000,52464
4,6058,60580000,60580100,422,1053,60590000,52473
4,6059,60590000,60590100,422,1053,60600000,52479
4,606,6060000,6060100,422,1053,6070000,5251
4,6060,60600000,60600100,422,1053,60610000,52491
4,6061,60610000,60610100,422,1053,60620000,52498
4,6062,60620000,60620100,422,1053,60630000,52507
4,6063,60630000,60630100,422,1053,60640000,52515
4,6064,60640000,60640100,422,1053,60650000,52524
4,6065,60650000,60650100,422,1053,60660000,52533
4,6066,60660000,60660100,422,1053,60670000,52544
4,6067,60670000,60670100,422,1053,60680000,52550
4,6068,60680000,60680100,422,1053,60690000,52558
4,6069,60690000,60690100,422,1053,60700000,52568
4,607,6070000,6070100,422,1053,6080000,5257
4,6070,60700000,60700100,422,1053,60710000,52576
4,6071,60710000,60710100,422,1053,60720000,52582
4,6072,60720000,60720100,422,1053,60730000,52597
4,6073,60730000,60730100,422,1053,60740000,52603
4,6074,60740000,60740100,422,1053,60750000,52610
4,6075,60750000,60750100,422,1053,60760000,52619
4,6076,60760000,60760100,422,1053,60770000,52629
4,6077,60770000,60770100,422,1053,60780000,52636
4,6078,60780000,60780100,422,1053,60790000,52646
4,6079,60790000,60790100,422,1053,60800000,52654
4,608,6080000,6080100,422,1053,6090000,5266
4,6080,60800000,60800100,422,1053,60810000,52664
4,6081,60810000,60810100,422,1053,60820000,52672
4,6082,60820000,60820100,422,1053,60830000,52679
4,6083,60830000,60830100,422,1053,60840000,52688
4,6084,60840000,60840100,422,1053,60850000,52699
4,6085,60850000,60850100,422,1053,60860000,52706
4,6086,60860000,60860100,422,1053,60870000,52715
4,6087,60870000,60870100,422,1053,60880000,52723
4,6088,60880000,60880100,422,1053,60890000,52733
4,6089,60890000,60890100,422,1053,60900000,52739
4,609,6090000,6090100,422,1053,6100000,5276
4,6090,60900000,60900100,422,1053,60910000,52752
4,6091,60910000,60910100,422,1053,60920000,52758
4,6092,60920000,60920100,422,1053,60930000,52766
4,6093,60930000,60930100,422,1053,60940000,52776
4,6094,60940000,60940100,422,1053,60950000,52784
4,6095,60950000,60950100,422,1053,60960000,52791
4,6096,60960000,60960100,422,1053,60970000,52803
4,6097,60970000,60970100,422,1053,60980000,52811
4,6098,60980000,60980100,422,1053,60990000,52818
4,6099,60990000,60990100,422,1053,61000000,52827
4,61,610000,610100,422,1053,620000,529
4,610,6100000,6100100,422,1053,6110000,5285
4,6100,61000000,61000100,422,1053,61010000,52838
4,6101,61010000,61010100,422,1053,61020000,52844
4,6102,61020000,61020100,422,1053,61030000,52854
4,6103,61030000,61030100,422,1053,61040000,52860
4,6104,61040000,61040100,422,1053,61050000,52871
4,6105,61050000,61050100,422,1053,61060000,52881
4,6106,61060000,61060100,422,1053,61070000,52888
4,6107,61070000,61070100,422,1053,61080000,52896
4,6108,61080000,61080100,422,1053,61090000,52907
4,6109,61090000,61090100,422,1053,61100000,52913
4,611,6110000,6110100,422,1053,6120000,5291
4,6110,61100000,61100100,422,1053,61110000,52922
4,6111,61110000,61110100,422,1053,61120000,52932
4,6112,61120000,61120100,422,1053,61130000,52941
4,6113,61130000,61130100,422,1053,61140000,52947
4,6114,61140000,61140100,422,1053,61150000,52959
4,6115,61150000,61150100,422,1053,61160000,52966
4,6116,61160000,61160100,422,1053,61170000,52975
4,6117,61170000,61170100,422,1053,61180000,52983
4,6118,61180000,61180100,422,1053,61190000,52992
4,6119,61190000,61190100,422,1053,61200000,52998
4,612,6120000,6120100,422,1053,6130000,5304
4,6120,61200000,61200100,422,1053,61210000,53011
4,6121,61210000,61210100,422,1053,61220000,53020
4,6122,61220000,61220100,422,1053,61230000,53027
4,6123,61230000,61230100,422,1053,61240000,53035
4,6124,61240000,61240100,422,1053,61250000,53043
4,6125,61250000,61250100,422,1053,61260000,53052
4,6126,61260000,61260100,422,1053,61270000,53062
4,6127,61270000,61270100,422,1053,61280000,53069
4,6128,61280000,61280100,422,1053,61290000,53080
4,6129,61290000,61290100,422,1053,61300000,53088
4,613,6130000,6130100,422,1053,6140000,5310
4,6130,61300000,61300100,422,1053,61310000,53096
4,6131,61310000,61310100,422,1053,61320000,53102
4,6132,61320000,61320100,422,1053,61330000,53116
4,6133,61330000,61330100,422,1053,61340000,53122
4,6134,61340000,61340100,422,1053,61350000,53129
4,6135,61350000,61350100,422,1053,61360000,53140
4,6136,61360000,61360100,422,1053,61370000,53149
4,6137,61370000,61370100,422,1053,61380000,53155
4,6138,61380000,61380100,422,1053,61390000,53166
4,6139,61390000,61390100,422,1053,61400000,53174
4,614,6140000,6140100,422,1053,6150000,5317
4,6140,61400000,61400100,422,1053,61410000,53183
4,6141,61410000,61410100,422,1053,61420000,53191
4,6142,61420000,61420100,422,1053,61430000,53200
4,6143,61430000,61430100,422,1053,61440000,53207
4,6144,61440000,61440100,422,1053,61450000,53219
4,6145,61450000,61450100,422,1053,61460000,53226
4,6146,61460000,61460100,422,1053,61470000,53235
4,6147,61470000,61470100,422,1053,61480000,53243
4,6148,61480000,61480100,422,1053,61490000,53251
4,6149,61490000,61490100,422,1053,61500000,53260
4,615,6150000,6150100,422,1053,6160000,5326
4,6150,61500000,61500100,422,1053,61510000,53271
4,6151,61510000,61510100,422,1053,61520000,53277
4,6152,61520000,61520100,422,1053,61530000,53286
4,6153,61530000,61530100,422,1053,61540000,53296
4,6154,61540000,61540100,422,1053,61550000,53304
4,6155,61550000,61550100,422,1053,61560000,53311
4,6156,61560000,61560100,422,1053,61570000,53324
4,6157,61570000,61570100,422,1053,61580000,53330
4,6158,61580000,61580100,422,1053,61590000,53337
4,6159,61590000,61590100,422,1053,61600000,53345
4,616,6160000,6160100,422,1053,6170000,5338
4,6160,61600000,61600100,422,1053,61610000,53358
4,6161,61610000,61610100,422,1053,61620000,53364
4,6162,61620000,61620100,422,1053,61630000,53374
4,6163,61630000,61630100,422,1053,61640000,53382
4,6164,61640000,61640100,422,1053,61650000,53390
4,6165,61650000,61650100,422,1053,61660000,53400
4,6166,61660000,61660100,422,1053,61670000,53407
4,6167,61670000,61670100,422,1053,61680000,53415
4,6168,61680000,61680100,422,1053,61690000,53427
4,6169,61690000,61690100,422,1053,61700000,53433
4,617,6170000,6170100,422,1053,6180000,5344
4,6170,61700000,61700100,422,1053,61710000,53443
4,6171,61710000,61710100,422,1053,61720000,53452
4,6172,61720000,61720100,422,1053,61730000,53460
4,6173,61730000,61730100,422,1053,61740000,53466
4,6174,61740000,61740100,422,1053,61750000,53478
4,6175,61750000,61750100,422,1053,61760000,53485
4,6176,61760000,61760100,422,1053,61770000,53495
4,6177,61770000,61770100,422,1053,61780000,53505
4,6178,61780000,61780100,422,1053,61790000,53512
4,6179,61790000,61790100,422,1053,61800000,53518
4,618,6180000,6180100,422,1053,6190000,5354
4,6180,61800000,61800100,422,1053,61810000,53530
4,6181,61810000,61810100,422,1053,61820000,53538
4,6182,61820000,61820100,422,1053,61830000,53546
4,6183,61830000,61830100,422,1053,61840000,53554
4,6184,61840000,61840100,422,1053,61850000,53565
4,6185,61850000,61850100,422,1053,61860000,53572
4,6186,61860000,61860100,422,1053,61870000,53582
4,6187,61870000,61870100,422,1053,61880000,53589
4,6188,61880000,61880100,422,1053,61890000,53599
4,6189,61890000,61890100,422,1053,61900000,53607
4,619,6190000,6190100,422,1053,6200000,5362
4,6190,61900000,61900100,422,1053,61910000,53615
4,6191,61910000,61910100,422,1053,61920000,53623
4,6192,61920000,61920100,422,1053,61930000,53635
4,6193,61930000,61930100,422,1053,61940000,53642
4,6194,61940000,61940100,422,1053,61950000,53649
4,6195,61950000,61950100,422,1053,61960000,53660
4,6196,61960000,61960100,422,1053,61970000,53668
4,6197,61970000,61970100,422,1053,61980000,53674
4,6198,61980000,61980100,422,1053,61990000,53687
4,6199,61990000,61990100,422,1053,62000000,53693
4,62,620000,620100,422,1053,630000,536
4,620,6200000,6200100,422,1053,6210000,5371
4,6200,62000000,62000100,422,1053,62010000,53703
4,6201,62010000,62010100,422,1053,62020000,53711
4,6202,62020000,62020100,422,1053,62030000,53720
4,6203,62030000,62030100,422,1053,62040000,53726
4,6204,62040000,62040100,422,1053,62050000,53738
4,6205,62050000,62050100,422,1053,62060000,53747
4,6206,62060000,62060100,422,1053,62070000,53754
4,6207,62070000,62070100,422,1053,62080000,53762
4,6208,62080000,62080100,422,1053,62090000,53771
4,6209,62090000,62090100,422,1053,62100000,53780
4,621,6210000,6210100,422,1053,6220000,5380
4,6210,62100000,62100100,422,1053,62110000,53791
4,6211,62110000,62110100,422,1053,62120000,53797
4,6212,62120000,62120100,422,1053,62130000,53807
4,6213,62130000,62130100,422,1053,62140000,53815
4,6214,62140000,62140100,422,1053,62150000,53822
4,6215,62150000,62150100,422,1053,62160000,53830
4,6216,62160000,62160100,422,1053,62170000,53844
4,6217,62170000,62170100,422,1053,62180000,53850
4,6218,62180000,62180100,422,1053,62190000,53857
4,6219,62190000,62190100,422,1053,62200000,53867
4,622,6220000,6220100,422,1053,6230000,5387
4,6220,62200000,62200100,422,1053,62210000,53877
4,6221,62210000,62210100,422,1053,62220000,53883
4,6222,62220000,62220100,422,1053,62230000,53893
4,6223,62230000,62230100,422,1053,62240000,53901
4,6224,62240000,62240100,422,1053,62250000,53910
4,6225,62250000,62250100,422,1053,62260000,53919
4,6226,62260000,62260100,422,1053,62270000,53929
4,6227,62270000,62270100,422,1053,62280000,53935
4,6228,62280000,62280100,422,1053,62290000,53946
4,6229,62290000,62290100,422,1053,62300000,53952
4,623,6230000,6230100,422,1053,6240000,5395
4,6230,62300000,62300100,422,1053,62310000,53962
4,6231,62310000,62310100,422,1053,62320000,53971
4,6232,62320000,62320100,422,1053,62330000,53980
4,6233,62330000,62330100,422,1053,62340000,53988
4,6234,62340000,62340100,422,1053,62350000,53998
4,6235,62350000,62350100,422,1053,62360000,54005
4,6236,62360000,62360100,422,1053,62370000,54013
4,6237,62370000,62370100,422,1053,62380000,54024
4,6238,62380000,62380100,422,1053,62390000,54031
4,6239,62390000,62390100,422,1053,62400000,54037
4,624,6240000,6240100,422,1053,6250000,5407
4,6240,62400000,62400100,422,1053,62410000,54052
4,6241,62410000,62410100,422,1053,62420000,54058
4,6242,62420000,62420100,422,1053,62430000,54066
4,6243,62430000,62430100,422,1053,62440000,54074
4,6244,62440000,62440100,422,1053,62450000,54084
4,6245,62450000,62450100,422,1053,62460000,54091
4,6246,62460000,62460100,422,1053,62470000,54101
4,6247,62470000,62470100,422,1053,62480000,54109
4,6248,62480000,62480100,422,1053,62490000,54119
4,6249,62490000,62490100,422,1053,62500000,54127
4,625,6250000,6250100,422,1053,6260000,5414
4,6250,62500000,62500100,422,1053,62510000,54135
4,6251,62510000,62510100,422,1053,62520000,54143
4,6252,62520000,62520100,422,1053,62530000,54154
4,6253,62530000,62530100,422,1053,62540000,54161
4,6254,62540000,62540100,422,1053,62550000,54170
4,6255,62550000,62550100,422,1053,62560000,54179
4,6256,62560000,62560100,422,1053,62570000,54188
4,6257,62570000,62570100,422,1053,62580000,54194
4,6258,62580000,62580100,422,1053,62590000,54206
4,6259,62590000,62590100,422,1053,62600000,54213
4,626,6260000,6260100,422,1053,6270000,5423
4,6260,62600000,62600100,422,1053,62610000,54222
4,6261,62610000,62610100,422,1053,62620000,54232
4,6262,62620000,62620100,422,1053,62630000,54239
4,6263,62630000,62630100,422,1053,62640000,54245
4,6264,62640000,62640100,422,1053,62650000,54258
4,6265,62650000,62650100,422,1053,62660000,54267
4,6266,62660000,62660100,422,1053,62670000,54274
4,6267,62670000,62670100,422,1053,62680000,54282
4,6268,62680000,62680100,422,1053,62690000,54292
4,6269,62690000,62690100,422,1053,62700000,54298
4,627,6270000,6270100,422,1053,6280000,5432
4,6270,62700000,62700100,422,1053,62710000,54310
4,6271,62710000,62710100,422,1053,62720000,54316
4,6272,62720000,62720100,422,1053,62730000,54327
4,6273,62730000,62730100,422,1053,62740000,54335
4,6274,62740000,62740100,422,1053,62750000,54342
4,6275,62750000,62750100,422,1053,62760000,54352
4,6276,62760000,62760100,422,1053,62770000,54363
4,6277,62770000,62770100,422,1053,62780000,54369
4,6278,62780000,62780100,422,1053,62790000,54376
4,6279,62790000,62790100,422,1053,62800000,54386
4,628,6280000,6280100,422,1053,6290000,5440
4,6280,62800000,62800100,422,1053,62810000,54396
4,6281,62810000,62810100,422,1053,62820000,54403
4,6282,62820000,62820100,422,1053,62830000,54415
4,6283,62830000,62830100,422,1053,62840000,54421
4,6284,62840000,62840100,422,1053,62850000,54429
4,6285,62850000,62850100,422,1053,62860000,54438
4,6286,62860000,62860100,422,1053,62870000,54448
4,6287,62870000,62870100,422,1053,62880000,54454
4,6288,62880000,62880100,422,1053,62890000,54466
4,6289,62890000,62890100,422,1053,62900000,54474
4,629,6290000,6290100,422,1053,6300000,5446
4,6290,62900000,62900100,422,1053,62910000,54482
4,6291,62910000,62910100,422,1053,62920000,54490
4,6292,62920000,62920100,422,1053,62930000,54499
4,6293,62930000,62930100,422,1053,62940000,54507
4,6294,62940000,62940100,422,1053,62950000,54517
4,6295,62950000,62950100,422,1053,62960000,54524
4,6296,62960000,62960100,422,1053,62970000,54535
4,6297,62970000,62970100,422,1053,62980000,54544
4,6298,62980000,62980100,422,1053,62990000,54551
4,6299,62990000,62990100,422,1053,63000000,54557
4,63,630000,630100,422,1053,640000,546
4,630,6300000,6300100,422,1053,6310000,5459
4,6300,63000000,63000100,422,1053,63010000,54571
4,6301,63010000,63010100,422,1053,63020000,54577
4,6302,63020000,63020100,422,1053,63030000,54584
4,6303,63030000,63030100,422,1053,63040000,54595
4,6304,63040000,63040100,422,1053,63050000,54604
4,6305,63050000,63050100,422,1053,63060000,54611
4,6306,63060000,63060100,422,1053,63070000,54621
4,6307,63070000,63070100,422,1053,63080000,54629
4,6308,63080000,63080100,422,1053,63090000,54638
4,6309,63090000,63090100,422,1053,63100000,54646
4,631,6310000,6310100,422,1053,6320000,5465
4,6310,63100000,63100100,422,1053,63110000,54656
4,6311,63110000,63110100,422,1053,63120000,54662
4,6312,63120000,63120100,422,1053,63130000,54674
4,6313,63130000,63130100,422,1053,63140000,54680
4,6314,63140000,63140100,422,1053,63150000,54690
4,6315,63150000,63150100,422,1053,63160000,54699
4,6316,63160000,63160100,422,1053,63170000,54707
4,6317,63170000,63170100,422,1053,63180000,54715
4,6318,63180000,63180100,422,1053,63190000,54725
4,6319,63190000,63190100,422,1053,63200000,54732
4,632,6320000,6320100,422,1053,6330000,5475
4,6320,63200000,63200100,422,1053,63210000,54742
4,6321,63210000,63210100,422,1053,63220000,54752
4,6322,63220000,63220100,422,1053,63230000,54759
4,6323,63230000,63230100,422,1053,63240000,54765
4,6324,63240000,63240100,422,1053,63250000,54778
4,6325,63250000,63250100,422,1053,63260000,54786
4,6326,63260000,63260100,422,1053,63270000,54793
4,6327,63270000,63270100,422,1053,63280000,54801
4,6328,63280000,63280100,422,1053,63290000,54812
4,6329,63290000,63290100,422,1053,63300000,54818
4,633,6330000,6330100,422,1053,6340000,5485
4,6330,63300000,63300100,422,1053,63310000,54830
4,6331,63310000,63310100,422,1053,63320000,54838
4,6332,63320000,63320100,422,1053,63330000,54846
4,6333,63330000,63330100,422,1053,63340000,54854
4,6334,63340000,63340100,422,1053,63350000,54861
4,6335,63350000,63350100,422,1053,63360000,54870
4,6336,63360000,63360100,422,1053,63370000,54883
4,6337,63370000,63370100,422,1053,63380000,54889
4,6338,63380000,63380100,422,1053,63390000,54898
4,6339,63390000,63390100,422,1053,63400000,54906
4,634,6340000,6340100,422,1053,6350000,5492
4,6340,63400000,63400100,422,1053,63410000,54915
4,6341,63410000,63410100,422,1053,63420000,54922
4,6342,63420000,63420100,422,1053,63430000,54934
4,6343,63430000,63430100,422,1053,63440000,54940
4,6344,63440000,63440100,422,1053,63450000,54949
4,6345,63450000,63450100,422,1053,63460000,54960
4,6346,63460000,63460100,422,1053,63470000,54967
4,6347,63470000,63470100,422,1053,63480000,54974
4,6348,63480000,63480100,422,1053,63490000,54985
4,6349,63490000,63490100,422,1053,63500000,54993
4,635,6350000,6350100,422,1053,6360000,5499
4,6350,63500000,63500100,422,1053,63510000,55001
4,6351,63510000,63510100,422,1053,63520000,55009
4,6352,63520000,63520100,422,1053,63530000,55021
4,6353,63530000,63530100,422,1053,63540000,55027
4,6354,63540000,63540100,422,1053,63550000,55037
4,6355,63550000,63550100,422,1053,63560000,55044
4,6356,63560000,63560100,422,1053,63570000,55054
4,6357,63570000,63570100,422,1053,63580000,55062
4,6358,63580000,63580100,422,1053,63590000,55070
4,6359,63590000,63590100,422,1053,63600000,55078
4,636,6360000,6360100,422,1053,6370000,5510
4,6360,63600000,63600100,422,1053,63610000,55091
4,6361,63610000,63610100,422,1053,63620000,55097
4,6362,63620000,63620100,422,1053,63630000,55104
4,6363,63630000,63630100,422,1053,63640000,55115
4,6364,63640000,63640100,422,1053,63650000,55123
4,6365,63650000,63650100,422,1053,63660000,55130
4,6366,63660000,63660100,422,1053,63670000,55142
4,6367,63670000,63670100,422,1053,63680000,55148
4,6368,63680000,63680100,422,1053,63690000,55157
4,6369,63690000,63690100,422,1053,63700000,55166
4,637,6370000,6370100,422,1053,6380000,5518
4,6370,63700000,63700100,422,1053,63710000,55176
4,6371,63710000,63710100,422,1053,63720000,55182
4,6372,63720000,63720100,422,1053,63730000,55193
4,6373,63730000,63730100,422,1053,63740000,55201
4,6374,63740000,63740100,422,1053,63750000,55209
4,6375,63750000,63750100,422,1053,63760000,55218
4,6376,63760000,63760100,422,1053,63770000,55227
4,6377,63770000,63770100,422,1053,63780000,55235
4,6378,63780000,63780100,422,1053,63790000,55245
4,6379,63790000,63790100,422,1053,63800000,55251
4,638,6380000,6380100,422,1053,6390000,5526
4,6380,63800000,63800100,422,1053,63810000,55263
4,6381,63810000,63810100,422,1053,63820000,55271
4,6382,63820000,63820100,422,1053,63830000,55278
4,6383,63830000,63830100,422,1053,63840000,55284
4,6384,63840000,63840100,422,1053,63850000,55298
4,6385,63850000,63850100,422,1053,63860000,55306
4,6386,63860000,63860100,422,1053,63870000,55313
4,6387,63870000,63870100,422,1053,63880000,55323
4,6388,63880000,63880100,422,1053,63890000,55331
4,6389,63890000,63890100,422,1053,63900000,55337
4,639,6390000,6390100,422,1053,6400000,5534
4,6390,63900000,63900100,422,1053,63910000,55348
4,6391,63910000,63910100,422,1053,63920000,55357
4,6392,63920000,63920100,422,1053,63930000,55366
4,6393,63930000,63930100,422,1053,63940000,55374
4,6394,63940000,63940100,422,1053,63950000,55383
4,6395,63950000,63950100,422,1053,63960000,55390
4,6396,63960000,63960100,422,1053,63970000,55402
4,6397,63970000,63970100,422,1053,63980000,55408
4,6398,63980000,63980100,422,1053,63990000,55417
4,6399,63990000,63990100,422,1053,64000000,55425
4,64,640000,640100,422,1053,650000,555
4,640,6400000,6400100,422,1053,6410000,5546
4,6400,64000000,64000100,422,1053,64010000,55435
4,6401,64010000,64010100,422,1053,64020000,55443
4,6402,64020000,64020100,422,1053,64030000,55454
4,6403,64030000,64030100,422,1053,64040000,55460
4,6404,64040000,64040100,422,1053,64050000,55468
4,6405,64050000,64050100,422,1053,64060000,55479
4,6406,64060000,64060100,422,1053,64070000,55486
4,6407,64070000,64070100,422,1053,64080000,55493
4,6408,64080000,64080100,422,1053,64090000,55507
4,6409,64090000,64090100,422,1053,64100000,55513
4,641,6410000,6410100,422,1053,6420000,5552
4,6410,64100000,64100100,422,1053,64110000,55521
4,6411,64110000,64110100,422,1053,64120000,55529
4,6412,64120000,64120100,422,1053,64130000,55539
4,6413,64130000,64130100,422,1053,64140000,55546
4,6414,64140000,64140100,422,1053,64150000,55556
4,6415,64150000,64150100,422,1053,64160000,55565
4,6416,64160000,64160100,422,1053,64170000,55574
4,6417,64170000,64170100,422,1053,64180000,55582
4,6418,64180000,64180100,422,1053,64190000,55590
4,6419,64190000,64190100,422,1053,64200000,55598
4,642,6420000,6420100,422,1053,6430000,5562
4,6420,64200000,64200100,422,1053,64210000,55610
4,6421,64210000,64210100,422,1053,64220000,55616
4,6422,64220000,64220100,422,1053,64230000,55625
4,6423,64230000,64230100,422,1053,64240000,55633
4,6424,64240000,64240100,422,1053,64250000,55643
4,6425,64250000,64250100,422,1053,64260000,55650
4,6426,64260000,64260100,422,1053,64270000,55662
4,6427,64270000,64270100,422,1053,64280000,55668
4,6428,64280000,64280100,422,1053,64290000,55676
4,6429,64290000,64290100,422,1053,64300000,55687
4,643,6430000,6430100,422,1053,6440000,5569
4,6430,64300000,64300100,422,1053,64310000,55695
4,6431,64310000,64310100,422,1053,64320000,55701
4,6432,64320000,64320100,422,1053,64330000,55713
4,6433,64330000,64330100,422,1053,64340000,55721
4,6434,64340000,64340100,422,1053,64350000,55728
4,6435,64350000,64350100,422,1053,64360000,55738
4,6436,64360000,64360100,422,1053,64370000,55748
4,6437,64370000,64370100,422,1053,64380000,55754
4,6438,64380000,64380100,422,1053,64390000,55764
4,6439,64390000,64390100,422,1053,64400000,55770
4,644,6440000,6440100,422,1053,6450000,5579
4,6440,64400000,64400100,422,1053,64410000,55783
4,6441,64410000,64410100,422,1053,64420000,55791
4,6442,64420000,64420100,422,1053,64430000,55798
4,6443,64430000,64430100,422,1053,64440000,55806
4,6444,64440000,64440100,422,1053,64450000,55817
4,6445,64450000,64450100,422,1053,64460000,55824
4,6446,64460000,64460100,422,1053,64470000,55832
4,6447,64470000,64470100,422,1053,64480000,55842
4,6448,64480000,64480100,422,1053,64490000,55851
4,6449,64490000,64490100,422,1053,64500000,55857
4,645,6450000,6450100,422,1053,6460000,5588
4,6450,64500000,64500100,422,1053,64510000,55870
4,6451,64510000,64510100,422,1053,64520000,55877
4,6452,64520000,64520100,422,1053,64530000,55885
4,6453,64530000,64530100,422,1053,64540000,55893
4,6454,64540000,64540100,422,1053,64550000,55902
4,6455,64550000,64550100,422,1053,64560000,55909
4,6456,64560000,64560100,422,1053,64570000,55921
4,6457,64570000,64570100,422,1053,64580000,55930
4,6458,64580000,64580100,422,1053,64590000,55937
4,6459,64590000,64590100,422,1053,64600000,55945
4,646,6460000,6460100,422,1053,6470000,5595
4,6460,64600000,64600100,422,1053,64610000,55954
4,6461,64610000,64610100,422,1053,64620000,55962
4,6462,64620000,64620100,422,1053,64630000,55973
4,6463,64630000,64630100,422,1053,64640000,55979
4,6464,64640000,64640100,422,1053,64650000,55990
4,6465,64650000,64650100,422,1053,64660000,55999
4,6466,64660000,64660100,422,1053,64670000,56006
4,6467,64670000,64670100,422,1053,64680000,56012
4,6468,64680000,64680100,422,1053,64690000,56026
4,6469,64690000,64690100,422,1053,64700000,56032
4,647,6470000,6470100,422,1053,6480000,5603
4,6470,64700000,64700100,422,1053,64710000,56040
4,6471,64710000,64710100,422,1053,64720000,56050
4,6472,64720000,64720100,422,1053,64730000,56059
4,6473,64730000,64730100,422,1053,64740000,56066
4,6474,64740000,64740100,422,1053,64750000,56076
4,6475,64750000,64750100,422,1053,64760000,56085
4,6476,64760000,64760100,422,1053,64770000,56093
4,6477,64770000,64770100,422,1053,64780000,56101
4,6478,64780000,64780100,422,1053,64790000,56110
4,6479,64790000,64790100,422,1053,64800000,56117
4,648,6480000,6480100,422,1053,6490000,5615
4,6480,64800000,64800100,422,1053,64810000,56130
4,6481,64810000,64810100,422,1053,64820000,56136
4,6482,64820000,64820100,422,1053,64830000,56145
4,6483,64830000,64830100,422,1053,64840000,56153
4,6484,64840000,64840100,422,1053,64850000,56162
4,6485,64850000,64850100,422,1053,64860000,56171
4,6486,64860000,64860100,422,1053,64870000,56181
4,6487,64870000,64870100,422,1053,64880000,56187
4,6488,64880000,64880100,422,1053,64890000,56196
4,6489,64890000,64890100,422,1053,64900000,56206
4,649,6490000,6490100,422,1053,6500000,5622
4,6490,64900000,64900100,422,1053,64910000,56215
4,6491,64910000,64910100,422,1053,64920000,56221
4,6492,64920000,64920100,422,1053,64930000,56234
4,6493,64930000,64930100,422,1053,64940000,56240
4,6494,64940000,64940100,422,1053,64950000,56247
4,6495,64950000,64950100,422,1053,64960000,56257
4,6496,64960000,64960100,422,1053,64970000,56268
4,6497,64970000,64970100,422,1053,64980000,56274
4,6498,64980000,64980100,422,1053,64990000,56284
4,6499,64990000,64990100,422,1053,65000000,56292
4,65,650000,650100,422,1053,660000,562
4,650,6500000,6500100,422,1053,6510000,5630
4,6500,65000000,65000100,422,1053,65010000,56301
4,6501,65010000,65010100,422,1053,65020000,56310
4,6502,65020000,65020100,422,1053,65030000,56317
4,6503,65030000,65030100,422,1053,65040000,56325
4,6504,65040000,65040100,422,1053,65050000,56337
4,6505,65050000,65050100,422,1053,65060000,56344
4,6506,65060000,65060100,422,1053,65070000,56354
4,6507,65070000,65070100,422,1053,65080000,56362
4,6508,65080000,65080100,422,1053,65090000,56370
4,6509,65090000,65090100,422,1053,65100000,56376
4,651,6510000,6510100,422,1053,6520000,5640
4,6510,65100000,65100100,422,1053,65110000,56389
4,6511,65110000,65110100,422,1053,65120000,56395
4,6512,65120000,65120100,422,1053,65130000,56405
4,6513,65130000,65130100,422,1053,65140000,56415
4,6514,65140000,65140100,422,1053,65150000,56422
4,6515,65150000,65150100,422,1053,65160000,56429
4,6516,65160000,65160100,422,1053,65170000,56440
4,6517,65170000,65170100,422,1053,65180000,56449
4,6518,65180000,65180100,422,1053,65190000,56456
4,6519,65190000,65190100,422,1053,65200000,56464
4,652,6520000,6520100,422,1053,6530000,5648
4,6520,65200000,65200100,422,1053,65210000,56476
4,6521,65210000,65210100,422,1053,65220000,56482
4,6522,65220000,65220100,422,1053,65230000,56492
4,6523,65230000,65230100,422,1053,65240000,56499
4,6524,65240000,65240100,422,1053,65250000,56509
4,6525,65250000,65250100,422,1053,65260000,56518
4,6526,65260000,65260100,422,1053,65270000,56525
4,6527,65270000,65270100,422,1053,65280000,56533
4,6528,65280000,65280100,422,1053,65290000,56546
4,6529,65290000,65290100,422,1053,65300000,56552
4,653,6530000,6530100,422,1053,6540000,5654
4,6530,65300000,65300100,422,1053,65310000,56560
4,6531,65310000,65310100,422,1053,65320000,56570
4,6532,65320000,65320100,422,1053,65330000,56578
4,6533,65330000,65330100,422,1053,65340000,56584
4,6534,65340000,65340100,422,1053,65350000,56597
4,6535,65350000,65350100,422,1053,65360000,56604
4,6536,65360000,65360100,422,1053,65370000,56613
4,6537,65370000,65370100,422,1053,65380000,56621
4,6538,65380000,65380100,422,1053,65390000,56630
4,6539,65390000,65390100,422,1053,65400000,56637
4,654,6540000,6540100,422,1053,6550000,5667
4,6540,65400000,65400100,422,1053,65410000,56649
4,6541,65410000,65410100,422,1053,65420000,56657
4,6542,65420000,65420100,422,1053,65430000,56664
4,6543,65430000,65430100,422,1053,65440000,56672
4,6544,65440000,65440100,422,1053,65450000,56681
4,6545,65450000,65450100,422,1053,65460000,56691
4,6546,65460000,65460100,422,1053,65470000,56701
4,6547,65470000,65470100,422,1053,65480000,56707
4,6548,65480000,65480100,422,1053,65490000,56717
4,6549,65490000,65490100,422,1053,65500000,56725
4,655,6550000,6550100,422,1053,6560000,5674
4,6550,65500000,65500100,422,1053,65510000,56734
4,6551,65510000,65510100,422,1053,65520000,56740
4,6552,65520000,65520100,422,1053,65530000,56754
4,6553,65530000,65530100,422,1053,65540000,56760
4,6554,65540000,65540100,422,1053,65550000,56767
4,6555,65550000,65550100,422,1053,65560000,56778
4,6556,65560000,65560100,422,1053,65570000,56787
4,6557,65570000,65570100,422,1053,65580000,56793
4,6558,65580000,65580100,422,1053,65590000,56803
4,6559,65590000,65590100,422,1053,65600000,56811
4,656,6560000,6560100,422,1053,6570000,5683
4,6560,65600000,65600100,422,1053,65610000,56821
4,6561,65610000,65610100,422,1053,65620000,56830
4,6562,65620000,65620100,422,1053,65630000,56839
4,6563,65630000,65630100,422,1053,65640000,56845
4,6564,65640000,65640100,422,1053,65650000,56856
4,6565,65650000,65650100,422,1053,65660000,56863
4,6566,65660000,65660100,422,1053,65670000,56872
4,6567,65670000,65670100,422,1053,65680000,56881
4,6568,65680000,65680100,422,1053,65690000,56890
4,6569,65690000,65690100,422,1053,65700000,56898
4,657,6570000,6570100,422,1053,6580000,5691
4,6570,65700000,65700100,422,1053,65710000,56909
4,6571,65710000,65710100,422,1053,65720000,56915
4,6572,65720000,65720100,422,1053,65730000,56924
4,6573,65730000,65730100,422,1053,65740000,56934
4,6574,65740000,65740100,422,1053,65750000,56941
4,6575,65750000,65750100,422,1053,65760000,56948
4,6576,65760000,65760100,422,1053,65770000,56962
4,6577,65770000,65770100,422,1053,65780000,56968
4,6578,65780000,65780100,422,1053,65790000,56976
4,6579,65790000,65790100,422,1053,65800000,56984
4,658,6580000,6580100,422,1053,6590000,5700
4,6580,65800000,65800100,422,1053,65810000,56995
4,6581,65810000,65810100,422,1053,65820000,57001
4,6582,65820000,65820100,422,1053,65830000,57011
4,6583,65830000,65830100,422,1053,65840000,57020
4,6584,65840000,65840100,422,1053,65850000,57029
4,6585,65850000,65850100,422,1053,65860000,57038
4,6586,65860000,65860100,422,1053,65870000,57045
4,6587,65870000,65870100,422,1053,65880000,57053
4,6588,65880000,65880100,422,1053,65890000,57064
4,6589,65890000,65890100,422,1053,65900000,57071
4,659,6590000,6590100,422,1053,6600000,5706
4,6590,65900000,65900100,422,1053,65910000,57081
4,6591,65910000,65910100,422,1053,65920000,57089
4,6592,65920000,65920100,422,1053,65930000,57098
4,6593,65930000,65930100,422,1053,65940000,57104
4,6594,65940000,65940100,422,1053,65950000,57117
4,6595,65950000,65950100,422,1053,65960000,57124
4,6596,65960000,65960100,422,1053,65970000,57132
4,6597,65970000,65970100,422,1053,65980000,57142
4,6598,65980000,65980100,422,1053,65990000,57149
4,6599,65990000,65990100,422,1053,66000000,57155
4,66,660000,660100,422,1053,670000,575
4,660,6600000,6600100,422,1053,6610000,5719
4,6600,66000000,66000100,422,1053,66010000,57169
4,6601,66010000,66010100,422,1053,66020000,57177
4,6602,66020000,66020100,422,1053,66030000,57184
4,6603,66030000,66030100,422,1053,66040000,57192
4,6604,66040000,66040100,422,1053,66050000,57202
4,6605,66050000,66050100,422,1053,66060000,57210
4,6606,66060000,66060100,422,1053,66070000,57220
4,6607,66070000,66070100,422,1053,66080000,57226
4,6608,66080000,66080100,422,1053,66090000,57237
4,6609,66090000,66090100,422,1053,66100000,57245
4,661,6610000,6610100,422,1053,6620000,5727
4,6610,66100000,66100100,422,1053,66110000,57253
4,6611,66110000,66110100,422,1053,66120000,57262
4,6612,66120000,66120100,422,1053,66130000,57273
4,6613,66130000,66130100,422,1053,66140000,57279
4,6614,66140000,66140100,422,1053,66150000,57286
4,6615,66150000,66150100,422,1053,66160000,57297
4,6616,66160000,66160100,422,1053,66170000,57307
4,6617,66170000,66170100,422,1053,66180000,57313
4,6618,66180000,66180100,422,1053,66190000,57325
4,6619,66190000,66190100,422,1053,66200000,57331
4,662,6620000,6620100,422,1053,6630000,5734
4,6620,66200000,66200100,422,1053,66210000,57340
4,6621,66210000,66210100,422,1053,66220000,57348
4,6622,66220000,66220100,422,1053,66230000,57358
4,6623,66230000,66230100,422,1053,66240000,57364
4,6624,66240000,66240100,422,1053,66250000,57376
4,6625,66250000,66250100,422,1053,66260000,57385
4,6626,66260000,66260100,422,1053,66270000,57392
4,6627,66270000,66270100,422,1053,66280000,57401
4,6628,66280000,66280100,422,1053,66290000,57409
4,6629,66290000,66290100,422,1053,66300000,57417
4,663,6630000,6630100,422,1053,6640000,5742
4,6630,66300000,66300100,422,1053,66310000,57428
4,6631,66310000,66310100,422,1053,66320000,57434
4,6632,66320000,66320100,422,1053,66330000,57445
4,6633,66330000,66330100,422,1053,66340000,57454
4,6634,66340000,66340100,422,1053,66350000,57461
4,6635,66350000,66350100,422,1053,66360000,57468
4,6636,66360000,66360100,422,1053,66370000,57481
4,6637,66370000,66370100,422,1053,66380000,57487
4,6638,66380000,66380100,422,1053,66390000,57495
4,6639,66390000,66390100,422,1053,66400000,57505
4,664,6640000,6640100,422,1053,6650000,5751
4,6640,66400000,66400100,422,1053,66410000,57515
4,6641,66410000,66410100,422,1053,66420000,57521
4,6642,66420000,66420100,422,1053,66430000,57531
4,6643,66430000,66430100,422,1053,66440000,57539
4,6644,66440000,66440100,422,1053,66450000,57548
4,6645,66450000,66450100,422,1053,66460000,57557
4,6646,66460000,66460100,422,1053,66470000,57566
4,6647,66470000,66470100,422,1053,66480000,57572
4,6648,66480000,66480100,422,1053,66490000,57584
4,6649,66490000,66490100,422,1053,66500000,57591
4,665,6650000,6650100,422,1053,6660000,5761
4,6650,66500000,66500100,422,1053,66510000,57601
4,6651,66510000,66510100,422,1053,66520000,57609
4,6652,66520000,66520100,422,1053,66530000,57617
4,6653,66530000,66530100,422,1053,66540000,57625
4,6654,66540000,66540100,422,1053,66550000,57635
4,6655,66550000,66550100,422,1053,66560000,57643
4,6656,66560000,66560100,422,1053,66570000,57652
4,6657,66570000,66570100,422,1053,66580000,57662
4,6658,66580000,66580100,422,1053,66590000,57669
4,6659,66590000,66590100,422,1053,66600000,57675
4,666,6660000,6660100,422,1053,6670000,5771
4,6660,66600000,66600100,422,1053,66610000,57690
4,6661,66610000,66610100,422,1053,66620000,57696
4,6662,66620000,66620100,422,1053,66630000,57703
4,6663,66630000,66630100,422,1053,66640000,57711
4,6664,66640000,66640100,422,1053,66650000,57722
4,6665,66650000,66650100,422,1053,66660000,57729
4,6666,66660000,66660100,422,1053,66670000,57740
4,6667,66670000,66670100,422,1053,66680000,57748
4,6668,66680000,66680100,422,1053,66690000,57756
4,6669,66690000,66690100,422,1053,66700000,57764
4,667,6670000,6670100,422,1053,6680000,5777
4,6670,66700000,66700100,422,1053,66710000,57772
4,6671,66710000,66710100,422,1053,66720000,57781
4,6672,66720000,66720100,422,1053,66730000,57793
4,6673,66730000,66730100,422,1053,66740000,57799
4,6674,66740000,66740100,422,1053,66750000,57808
4,6675,66750000,66750100,422,1053,66760000,57817
4,6676,66760000,66760100,422,1053,66770000,57825
4,6677,66770000,66770100,422,1053,66780000,57832
4,6678,66780000,66780100,422,1053,66790000,57844
4,6679,66790000,66790100,422,1053,66800000,57850
4,668,6680000,6680100,422,1053,6690000,5787
4,6680,66800000,66800100,422,1053,66810000,57860
4,6681,66810000,66810100,422,1053,66820000,57870
4,6682,66820000,66820100,422,1053,66830000,57878
4,6683,66830000,66830100,422,1053,66840000,57884
4,6684,66840000,66840100,422,1053,66850000,57895
4,6685,66850000,66850100,422,1053,66860000,57904
4,6686,66860000,66860100,422,1053,66870000,57911
4,6687,66870000,66870100,422,1053,66880000,57919
4,6688,66880000,66880100,422,1053,66890000,57931
4,6689,66890000,66890100,422,1053,66900000,57937
4,669,6690000,6690100,422,1053,6700000,5795
4,6690,66900000,66900100,422,1053,66910000,57948
4,6691,66910000,66910100,422,1053,66920000,57954
4,6692,66920000,66920100,422,1053,66930000,57964
4,6693,66930000,66930100,422,1053,66940000,57973
4,6694,66940000,66940100,422,1053,66950000,57980
4,6695,66950000,66950100,422,1053,66960000,57989
4,6696,66960000,66960100,422,1053,66970000,58001
4,6697,66970000,66970100,422,1053,66980000,58007
4,6698,66980000,66980100,422,1053,66990000,58014
4,6699,66990000,66990100,422,1053,67000000,58025
4,67,670000,670100,422,1053,680000,581
4,670,6700000,6700100,422,1053,6710000,5803
4,6700,67000000,67000100,422,1053,67010000,58034
4,6701,67010000,67010100,422,1053,67020000,58040
4,6702,67020000,67020100,422,1053,67030000,58052
4,6703,67030000,67030100,422,1053,67040000,58058
4,6704,67040000,67040100,422,1053,67050000,58068
4,6705,67050000,67050100,422,1053,67060000,58077
4,6706,67060000,67060100,422,1053,67070000,58086
4,6707,67070000,67070100,422,1053,67080000,58092
4,6708,67080000,67080100,422,1053,67090000,58103
4,6709,67090000,67090100,422,1053,67100000,58111
4,671,6710000,6710100,422,1053,6720000,5810
4,6710,67100000,67100100,422,1053,67110000,58120
4,6711,67110000,67110100,422,1053,67120000,58128
4,6712,67120000,67120100,422,1053,67130000,58137
4,6713,67130000,67130100,422,1053,67140000,58145
4,6714,67140000,67140100,422,1053,67150000,58155
4,6715,67150000,67150100,422,1053,67160000,58163
4,6716,67160000,67160100,422,1053,67170000,58173
4,6717,67170000,67170100,422,1053,67180000,58181
4,6718,67180000,67180100,422,1053,67190000,58188
4,6719,67190000,67190100,422,1053,67200000,58194
4,672,6720000,6720100,422,1053,6730000,5824
4,6720,67200000,67200100,422,1053,67210000,58209
4,6721,67210000,67210100,422,1053,67220000,58216
4,6722,67220000,67220100,422,1053,67230000,58223
4,6723,67230000,67230100,422,1053,67240000,58233
4,6724,67240000,67240100,422,1053,67250000,58241
4,6725,67250000,67250100,422,1053,67260000,58248
4,6726,67260000,67260100,422,1053,67270000,58259
4,6727,67270000,67270100,422,1053,67280000,58267
4,6728,67280000,67280100,422,1053,67290000,58276
4,6729,67290000,67290100,422,1053,67300000,58284
4,673,6730000,6730100,422,1053,6740000,5830
4,6730,67300000,67300100,422,1053,67310000,58294
4,6731,67310000,67310100,422,1053,67320000,58300
4,6732,67320000,67320100,422,1053,67330000,58312
4,6733,67330000,67330100,422,1053,67340000,58318
4,6734,67340000,67340100,422,1053,67350000,58327
4,6735,67350000,67350100,422,1053,67360000,58336
4,6736,67360000,67360100,422,1053,67370000,58345
4,6737,67370000,67370100,422,1053,67380000,58354
4,6738,67380000,67380100,422,1053,67390000,58364
4,6739,67390000,67390100,422,1053,67400000,58370
4,674,6740000,6740100,422,1053,6750000,5837
4,6740,67400000,67400100,422,1053,67410000,58379
4,6741,67410000,67410100,422,1053,67420000,58389
4,6742,67420000,67420100,422,1053,67430000,58396
4,6743,67430000,67430100,422,1053,67440000,58403
4,6744,67440000,67440100,422,1053,67450000,58417
4,6745,67450000,67450100,422,1053,67460000,58424
4,6746,67460000,67460100,422,1053,67470000,58431
4,6747,67470000,67470100,422,1053,67480000,58439
4,6748,67480000,67480100,422,1053,67490000,58450
4,6749,67490000,67490100,422,1053,67500000,58456
4,675,6750000,6750100,422,1053,6760000,5848
4,6750,67500000,67500100,422,1053,67510000,58467
4,6751,67510000,67510100,422,1053,67520000,58475
4,6752,67520000,67520100,422,1053,67530000,58484
4,6753,67530000,67530100,422,1053,67540000,58492
4,6754,67540000,67540100,422,1053,67550000,58500
4,6755,67550000,67550100,422,1053,67560000,58509
4,6756,67560000,67560100,422,1053,67570000,58520
4,6757,67570000,67570100,422,1053,67580000,58526
4,6758,67580000,67580100,422,1053,67590000,58535
4,6759,67590000,67590100,422,1053,67600000,58544
4,676,6760000,6760100,422,1053,6770000,5857
4,6760,67600000,67600100,422,1053,67610000,58554
4,6761,67610000,67610100,422,1053,67620000,58560
4,6762,67620000,67620100,422,1053,67630000,58572
4,6763,67630000,67630100,422,1053,67640000,58578
4,6764,67640000,67640100,422,1053,67650000,58586
4,6765,67650000,67650100,422,1053,67660000,58598
4,6766,67660000,67660100,422,1053,67670000,58605
4,6767,67670000,67670100,422,1053,67680000,58611
4,6768,67680000,67680100,422,1053,67690000,58623
4,6769,67690000,67690100,422,1053,67700000,58631
4,677,6770000,6770100,422,1053,6780000,5863
4,6770,67700000,67700100,422,1053,67710000,58640
4,6771,67710000,67710100,422,1053,67720000,58648
4,6772,67720000,67720100,422,1053,67730000,58658
4,6773,67730000,67730100,422,1053,67740000,58664
4,6774,67740000,67740100,422,1053,67750000,58674
4,6775,67750000,67750100,422,1053,67760000,58681
4,6776,67760000,67760100,422,1053,67770000,58693
4,6777,67770000,67770100,422,1053,67780000,58701
4,6778,67780000,67780100,422,1053,67790000,58708
4,6779,67790000,67790100,422,1053,67800000,58716
4,678,6780000,6780100,422,1053,6790000,5873
4,6780,67800000,67800100,422,1053,67810000,58728
4,6781,67810000,67810100,422,1053,67820000,58735
4,6782,67820000,67820100,422,1053,67830000,58742
4,6783,67830000,67830100,422,1053,67840000,58752
4,6784,67840000,67840100,422,1053,67850000,58761
4,6785,67850000,67850100,422,1053,67860000,58768
4,6786,67860000,67860100,422,1053,67870000,58780
4,6787,67870000,67870100,422,1053,67880000,58787
4,6788,67880000,67880100,422,1053,67890000,58795
4,6789,67890000,67890100,422,1053,67900000,58803
4,679,6790000,6790100,422,1053,6800000,5881
4,6790,67900000,67900100,422,1053,67910000,58813
4,6791,67910000,67910100,422,1053,67920000,58819
4,6792,67920000,67920100,422,1053,67930000,58832
4,6793,67930000,67930100,422,1053,67940000,58840
4,6794,67940000,67940100,422,1053,67950000,58847
4,6795,67950000,67950100,422,1053,67960000,58856
4,6796,67960000,67960100,422,1053,67970000,58864
4,6797,67970000,67970100,422,1053,67980000,58872
4,6798,67980000,67980100,422,1053,67990000,58883
4,6799,67990000,67990100,422,1053,68000000,58889
4,68,680000,680100,422,1053,690000,589
4,680,6800000,6800100,422,1053,6810000,5891
4,6800,68000000,68000100,422,1053,68010000,58901
4,6801,68010000,68010100,422,1053,68020000,58909
4,6802,68020000,68020100,422,1053,68030000,58916
4,6803,68030000,68030100,422,1053,68040000,58923
4,6804,68040000,68040100,422,1053,68050000,58936
4,6805,68050000,68050100,422,1053,68060000,58943
4,6806,68060000,68060100,422,1053,68070000,58950
4,6807,68070000,68070100,422,1053,68080000,58960
4,6808,68080000,68080100,422,1053,68090000,58969
4,6809,68090000,68090100,422,1053,68100000,58976
4,681,6810000,6810100,422,1053,6820000,5899
4,6810,68100000,68100100,422,1053,68110000,58987
4,6811,68110000,68110100,422,1053,68120000,58995
4,6812,68120000,68120100,422,1053,68130000,59003
4,6813,68130000,68130100,422,1053,68140000,59011
4,6814,68140000,68140100,422,1053,68150000,59021
4,6815,68150000,68150100,422,1053,68160000,59028
4,6816,68160000,68160100,422,1053,68170000,59040
4,6817,68170000,68170100,422,1053,68180000,59046
4,6818,68180000,68180100,422,1053,68190000,59055
4,6819,68190000,68190100,422,1053,68200000,59063
4,682,6820000,6820100,422,1053,6830000,5909
4,6820,68200000,68200100,422,1053,68210000,59073
4,6821,68210000,68210100,422,1053,68220000,59081
4,6822,68220000,68220100,422,1053,68230000,59091
4,6823,68230000,68230100,422,1053,68240000,59097
4,6824,68240000,68240100,422,1053,68250000,59106
4,6825,68250000,68250100,422,1053,68260000,59118
4,6826,68260000,68260100,422,1053,68270000,59125
4,6827,68270000,68270100,422,1053,68280000,59131
4,6828,68280000,68280100,422,1053,68290000,59144
4,6829,68290000,68290100,422,1053,68300000,59150
4,683,6830000,6830100,422,1053,6840000,5915
4,6830,68300000,68300100,422,1053,68310000,59158
4,6831,68310000,68310100,422,1053,68320000,59167
4,6832,68320000,68320100,422,1053,68330000,59178
4,6833,68330000,68330100,422,1053,68340000,59184
4,6834,68340000,68340100,422,1053,68350000,59194
4,6835,68350000,68350100,422,1053,68360000,59203
4,6836,68360000,68360100,422,1053,68370000,59212
4,6837,68370000,68370100,422,1053,68380000,59220
4,6838,68380000,68380100,422,1053,68390000,59227
4,6839,68390000,68390100,422,1053,68400000,59235
4,684,6840000,6840100,422,1053,6850000,5926
4,6840,68400000,68400100,422,1053,68410000,59248
4,6841,68410000,68410100,422,1053,68420000,59254
4,6842,68420000,68420100,422,1053,68430000,59264
4,6843,68430000,68430100,422,1053,68440000,59272
4,6844,68440000,68440100,422,1053,68450000,59280
4,6845,68450000,68450100,422,1053,68460000,59287
4,6846,68460000,68460100,422,1053,68470000,59299
4,6847,68470000,68470100,422,1053,68480000,59306
4,6848,68480000,68480100,422,1053,68490000,59315
4,6849,68490000,68490100,422,1053,68500000,59325
4,685,6850000,6850100,422,1053,6860000,5933
4,6850,68500000,68500100,422,1053,68510000,59333
4,6851,68510000,68510100,422,1053,68520000,59339
4,6852,68520000,68520100,422,1053,68530000,59350
4,6853,68530000,68530100,422,1053,68540000,59359
4,6854,68540000,68540100,422,1053,68550000,59366
4,6855,68550000,68550100,422,1053,68560000,59375
4,6856,68560000,68560100,422,1053,68570000,59386
4,6857,68570000,68570100,422,1053,68580000,59392
4,6858,68580000,68580100,422,1053,68590000,59403
4,6859,68590000,68590100,422,1053,68600000,59409
4,686,6860000,6860100,422,1053,6870000,5942
4,6860,68600000,68600100,422,1053,68610000,59420
4,6861,68610000,68610100,422,1053,68620000,59428
4,6862,68620000,68620100,422,1053,68630000,59435
4,6863,68630000,68630100,422,1053,68640000,59443
4,6864,68640000,68640100,422,1053,68650000,59456
4,6865,68650000,68650100,422,1053,68660000,59463
4,6866,68660000,68660100,422,1053,68670000,59470
4,6867,68670000,68670100,422,1053,68680000,59480
4,6868,68680000,68680100,422,1053,68690000,59488
4,6869,68690000,68690100,422,1053,68700000,59495
4,687,6870000,6870100,422,1053,6880000,5951
4,6870,68700000,68700100,422,1053,68710000,59508
4,6871,68710000,68710100,422,1053,68720000,59514
4,6872,68720000,68720100,422,1053,68730000,59523
4,6873,68730000,68730100,422,1053,68740000,59531
4,6874,68740000,68740100,422,1053,68750000,59540
4,6875,68750000,68750100,422,1053,68760000,59548
4,6876,68760000,68760100,422,1053,68770000,59559
4,6877,68770000,68770100,422,1053,68780000,59567
4,6878,68780000,68780100,422,1053,68790000,59574
4,6879,68790000,68790100,422,1053,68800000,59582
4,688,6880000,6880100,422,1053,6890000,5960
4,6880,68800000,68800100,422,1053,68810000,59593
4,6881,68810000,68810100,422,1053,68820000,59601
4,6882,68820000,68820100,422,1053,68830000,59611
4,6883,68830000,68830100,422,1053,68840000,59617
4,6884,68840000,68840100,422,1053,68850000,59627
4,6885,68850000,68850100,422,1053,68860000,59636
4,6886,68860000,68860100,422,1053,68870000,59644
4,6887,68870000,68870100,422,1053,68880000,59650
4,6888,68880000,68880100,422,1053,68890000,59664
4,6889,68890000,68890100,422,1053,68900000,59670
4,689,6890000,6890100,422,1053,6900000,5968
4,6890,68900000,68900100,422,1053,68910000,59678
4,6891,68910000,68910100,422,1053,68920000,59689
4,6892,68920000,68920100,422,1053,68930000,59697
4,6893,68930000,68930100,422,1053,68940000,59703
4,6894,68940000,68940100,422,1053,68950000,59713
4,6895,68950000,68950100,422,1053,68960000,59722
4,6896,68960000,68960100,422,1053,68970000,59731
4,6897,68970000,68970100,422,1053,68980000,59740
4,6898,68980000,68980100,422,1053,68990000,59749
4,6899,68990000,68990100,422,1053,69000000,59755
4,69,690000,690100,422,1053,700000,597
4,690,6900000,6900100,422,1053,6910000,5979
4,6900,69000000,69000100,422,1053,69010000,59767
4,6901,69010000,69010100,422,1053,69020000,59773
4,6902,69020000,69020100,422,1053,69030000,59783
4,6903,69030000,69030100,422,1053,69040000,59791
4,6904,69040000,69040100,422,1053,69050000,59800
4,6905,69050000,69050100,422,1053,69060000,59809
4,6906,69060000,69060100,422,1053,69070000,59819
4,6907,69070000,69070100,422,1053,69080000,59825
4,6908,69080000,69080100,422,1053,69090000,59834
4,6909,69090000,69090100,422,1053,69100000,59844
4,691,6910000,6910100,422,1053,6920000,5985
4,6910,69100000,69100100,422,1053,69110000,59852
4,6911,69110000,69110100,422,1053,69120000,59858
4,6912,69120000,69120100,422,1053,69130000,59872
4,6913,69130000,69130100,422,1053,69140000,59879
4,6914,69140000,69140100,422,1053,69150000,59886
4,6915,69150000,69150100,422,1053,69160000,59895
4,6916,69160000,69160100,422,1053,69170000,59905
4,6917,69170000,69170100,422,1053,69180000,59911
4,6918,69180000,69180100,422,1053,69190000,59921
4,6919,69190000,69190100,422,1053,69200000,59930
4,692,6920000,6920100,422,1053,6930000,5993
4,6920,69200000,69200100,422,1053,69210000,59940
4,6921,69210000,69210100,422,1053,69220000,59948
4,6922,69220000,69220100,422,1053,69230000,59955
4,6923,69230000,69230100,422,1053,69240000,59963
4,6924,69240000,69240100,422,1053,69250000,59975
4,6925,69250000,69250100,422,1053,69260000,59982
4,6926,69260000,69260100,422,1053,69270000,59991
4,6927,69270000,69270100,422,1053,69280000,59999
4,6928,69280000,69280100,422,1053,69290000,60008
4,6929,69290000,69290100,422,1053,69300000,60014
4,693,6930000,6930100,422,1053,6940000,6004
4,6930,69300000,69300100,422,1053,69310000,60028
4,6931,69310000,69310100,422,1053,69320000,60034
4,6932,69320000,69320100,422,1053,69330000,60042
4,6933,69330000,69330100,422,1053,69340000,60052
4,6934,69340000,69340100,422,1053,69350000,60059
4,6935,69350000,69350100,422,1053,69360000,60067
4,6936,69360000,69360100,422,1053,69370000,60079
4,6937,69370000,69370100,422,1053,69380000,60087
4,6938,69380000,69380100,422,1053,69390000,60094
4,6939,69390000,69390100,422,1053,69400000,60102
4,694,6940000,6940100,422,1053,6950000,6011
4,6940,69400000,69400100,422,1053,69410000,60113
4,6941,69410000,69410100,422,1053,69420000,60120
4,6942,69420000,69420100,422,1053,69430000,60130
4,6943,69430000,69430100,422,1053,69440000,60136
4,6944,69440000,69440100,422,1053,69450000,60147
4,6945,69450000,69450100,422,1053,69460000,60156
4,6946,69460000,69460100,422,1053,69470000,60164
4,6947,69470000,69470100,422,1053,69480000,60172
4,6948,69480000,69480100,422,1053,69490000,60183
4,6949,69490000,69490100,422,1053,69500000,60189
4,695,6950000,6950100,422,1053,6960000,6018
4,6950,69500000,69500100,422,1053,69510000,60197
4,6951,69510000,69510100,422,1053,69520000,60207
4,6952,69520000,69520100,422,1053,69530000,60217
4,6953,69530000,69530100,422,1053,69540000,60223
4,6954,69540000,69540100,422,1053,69550000,60235
4,6955,69550000,69550100,422,1053,69560000,60242
4,6956,69560000,69560100,422,1053,69570000,60250
4,6957,69570000,69570100,422,1053,69580000,60259
4,6958,69580000,69580100,422,1053,69590000,60268
4,6959,69590000,69590100,422,1053,69600000,60274
4,696,6960000,6960100,422,1053,6970000,6032
4,6960,69600000,69600100,422,1053,69610000,60287
4,6961,69610000,69610100,422,1053,69620000,60295
4,6962,69620000,69620100,422,1053,69630000,60302
4,6963,69630000,69630100,422,1053,69640000,60311
4,6964,69640000,69640100,422,1053,69650000,60319
4,6965,69650000,69650100,422,1053,69660000,60328
4,6966,69660000,69660100,422,1053,69670000,60338
4,6967,69670000,69670100,422,1053,69680000,60344
4,6968,69680000,69680100,422,1053,69690000,60356
4,6969,69690000,69690100,422,1053,69700000,60364
4,697,6970000,6970100,422,1053,6980000,6038
4,6970,69700000,69700100,422,1053,69710000,60372
4,6971,69710000,69710100,422,1053,69720000,60378
4,6972,69720000,69720100,422,1053,69730000,60391
4,6973,69730000,69730100,422,1053,69740000,60397
4,6974,69740000,69740100,422,1053,69750000,60405
4,6975,69750000,69750100,422,1053,69760000,60416
4,6976,69760000,69760100,422,1053,69770000,60425
4,6977,69770000,69770100,422,1053,69780000,60431
4,6978,69780000,69780100,422,1053,69790000,60441
4,6979,69790000,69790100,422,1053,69800000,60450
4,698,6980000,6980100,422,1053,6990000,6046
4,6980,69800000,69800100,422,1053,69810000,60459
4,6981,69810000,69810100,422,1053,69820000,60467
4,6982,69820000,69820100,422,1053,69830000,60476
4,6983,69830000,69830100,422,1053,69840000,60482
4,6984,69840000,69840100,422,1053,69850000,60494
4,6985,69850000,69850100,422,1053,69860000,60502
4,6986,69860000,69860100,422,1053,69870000,60511
4,6987,69870000,69870100,422,1053,69880000,60519
4,6988,69880000,69880100,422,1053,69890000,60527
4,6989,69890000,69890100,422,1053,69900000,60535
4,699,6990000,6990100,422,1053,7000000,6054
4,6990,69900000,69900100,422,1053,69910000,60547
4,6991,69910000,69910100,422,1053,69920000,60553
4,6992,69920000,69920100,422,1053,69930000,60562
4,6993,69930000,69930100,422,1053,69940000,60572
4,6994,69940000,69940100,422,1053,69950000,60579
4,6995,69950000,69950100,422,1053,69960000,60586
4,6996,69960000,69960100,422,1053,69970000,60600
4,6997,69970000,69970100,422,1053,69980000,60606
4,6998,69980000,69980100,422,1053,69990000,60613
4,6999,69990000,69990100,422,1053,70000000,60621
4,7,70000,70100,422,1053,80000,61
4,70,700000,700100,422,1053,710000,607
4,700,7000000,7000100,422,1053,7010000,6065
4,7000,70000000,70000100,422,1053,70010000,60633
4,7001,70010000,70010100,422,1053,70020000,60640
4,7002,70020000,70020100,422,1053,70030000,60650
4,7003,70030000,70030100,422,1053,70040000,60658
4,7004,70040000,70040100,422,1053,70050000,60666
4,7005,70050000,70050100,422,1053,70060000,60675
4,7006,70060000,70060100,422,1053,70070000,60682
4,7007,70070000,70070100,422,1053,70080000,60691
4,7008,70080000,70080100,422,1053,70090000,60703
4,7009,70090000,70090100,422,1053,70100000,60709
4,701,7010000,7010100,422,1053,7020000,6071
4,7010,70100000,70100100,422,1053,70110000,60719
4,7011,70110000,70110100,422,1053,70120000,60727
4,7012,70120000,70120100,422,1053,70130000,60736
4,7013,70130000,70130100,422,1053,70140000,60742
4,7014,70140000,70140100,422,1053,70150000,60754
4,7015,70150000,70150100,422,1053,70160000,60761
4,7016,70160000,70160100,422,1053,70170000,60770
4,7017,70170000,70170100,422,1053,70180000,60780
4,7018,70180000,70180100,422,1053,70190000,60788
4,7019,70190000,70190100,422,1053,70200000,60794
4,702,7020000,7020100,422,1053,7030000,6081
4,7020,70200000,70200100,422,1053,70210000,60806
4,7021,70210000,70210100,422,1053,70220000,60814
4,7022,70220000,70220100,422,1053,70230000,60821
4,7023,70230000,70230100,422,1053,70240000,60830
4,7024,70240000,70240100,422,1053,70250000,60841
4,7025,70250000,70250100,422,1053,70260000,60848
4,7026,70260000,70260100,422,1053,70270000,60858
4,7027,70270000,70270100,422,1053,70280000,60864
4,7028,70280000,70280100,422,1053,70290000,60874
4,7029,70290000,70290100,422,1053,70300000,60883
4,703,7030000,7030100,422,1053,7040000,6089
4,7030,70300000,70300100,422,1053,70310000,60891
4,7031,70310000,70310100,422,1053,70320000,60899
4,7032,70320000,70320100,422,1053,70330000,60911
4,7033,70330000,70330100,422,1053,70340000,60917
4,7034,70340000,70340100,422,1053,70350000,60925
4,7035,70350000,70350100,422,1053,70360000,60936
4,7036,70360000,70360100,422,1053,70370000,60944
4,7037,70370000,70370100,422,1053,70380000,60950
4,7038,70380000,70380100,422,1053,70390000,60962
4,7039,70390000,70390100,422,1053,70400000,60968
4,704,7040000,7040100,422,1053,7050000,6099
4,7040,70400000,70400100,422,1053,70410000,60979
4,7041,70410000,70410100,422,1053,70420000,60987
4,7042,70420000,70420100,422,1053,70430000,60996
4,7043,70430000,70430100,422,1053,70440000,61002
4,7044,70440000,70440100,422,1053,70450000,61013
4,7045,70450000,70450100,422,1053,70460000,61023
4,7046,70460000,70460100,422,1053,70470000,61030
4,7047,70470000,70470100,422,1053,70480000,61038
4,7048,70480000,70480100,422,1053,70490000,61047
4,7049,70490000,70490100,422,1053,70500000,61055
4,705,7050000,7050100,422,1053,7060000,6108
4,7050,70500000,70500100,422,1053,70510000,61066
4,7051,70510000,70510100,422,1053,70520000,61073
4,7052,70520000,70520100,422,1053,70530000,61083
4,7053,70530000,70530100,422,1053,70540000,61091
4,7054,70540000,70540100,422,1053,70550000,61098
4,7055,70550000,70550100,422,1053,70560000,61105
4,7056,70560000,70560100,422,1053,70570000,61120
4,7057,70570000,70570100,422,1053,70580000,61126
4,7058,70580000,70580100,422,1053,70590000,61133
4,7059,70590000,70590100,422,1053,70600000,61143
4,706,7060000,7060100,422,1053,7070000,6115
4,7060,70600000,70600100,422,1053,70610000,61152
4,7061,70610000,70610100,422,1053,70620000,61158
4,7062,70620000,70620100,422,1053,70630000,61169
4,7063,70630000,70630100,422,1053,70640000,61177
4,7064,70640000,70640100,422,1053,70650000,61186
4,7065,70650000,70650100,422,1053,70660000,61195
4,7066,70660000,70660100,422,1053,70670000,61204
4,7067,70670000,70670100,422,1053,70680000,61211
4,7068,70680000,70680100,422,1053,70690000,61222
4,7069,70690000,70690100,422,1053,70700000,61228
4,707,7070000,7070100,422,1053,7080000,6123
4,7070,70700000,70700100,422,1053,70710000,61238
4,7071,70710000,70710100,422,1053,70720000,61246
4,7072,70720000,70720100,422,1053,70730000,61255
4,7073,70730000,70730100,422,1053,70740000,61264
4,7074,70740000,70740100,422,1053,70750000,61274
4,7075,70750000,70750100,422,1053,70760000,61281
4,7076,70760000,70760100,422,1053,70770000,61289
4,7077,70770000,70770100,422,1053,70780000,61299
4,7078,70780000,70780100,422,1053,70790000,61307
4,7079,70790000,70790100,422,1053,70800000,61313
4,708,7080000,7080100,422,1053,7090000,6134
4,7080,70800000,70800100,422,1053,70810000,61328
4,7081,70810000,70810100,422,1053,70820000,61334
4,7082,70820000,70820100,422,1053,70830000,61341
4,7083,70830000,70830100,422,1053,70840000,61349
4,7084,70840000,70840100,422,1053,70850000,61360
4,7085,70850000,70850100,422,1053,70860000,61367
4,7086,70860000,70860100,422,1053,70870000,61377
4,7087,70870000,70870100,422,1053,70880000,61385
4,7088,70880000,70880100,422,1053,70890000,61394
4,7089,70890000,70890100,422,1053,70900000,61403
4,709,7090000,7090100,422,1053,7100000,6141
4,7090,70900000,70900100,422,1053,70910000,61411
4,7091,70910000,70910100,422,1053,70920000,61419
4,7092,70920000,70920100,422,1053,70930000,61430
4,7093,70930000,70930100,422,1053,70940000,61436
4,7094,70940000,70940100,422,1053,70950000,61445
4,7095,70950000,70950100,422,1053,70960000,61455
4,7096,70960000,70960100,422,1053,70970000,61464
4,7097,70970000,70970100,422,1053,70980000,61470
4,7098,70980000,70980100,422,1053,70990000,61482
4,7099,70990000,70990100,422,1053,71000000,61488
4,71,710000,710100,422,1053,720000,614
4,710,7100000,7100100,422,1053,7110000,6151
4,7100,71000000,71000100,422,1053,71010000,61498
4,7101,71010000,71010100,422,1053,71020000,61508
4,7102,71020000,71020100,422,1053,71030000,61515
4,7103,71030000,71030100,422,1053,71040000,61521
4,7104,71040000,71040100,422,1053,71050000,61533
4,7105,71050000,71050100,422,1053,71060000,61542
4,7106,71060000,71060100,422,1053,71070000,61550
4,7107,71070000,71070100,422,1053,71080000,61558
4,7108,71080000,71080100,422,1053,71090000,61568
4,7109,71090000,71090100,422,1053,71100000,61574
4,711,7110000,7110100,422,1053,7120000,6159
4,7110,71100000,71100100,422,1053,71110000,61585
4,7111,71110000,71110100,422,1053,71120000,61592
4,7112,71120000,71120100,422,1053,71130000,61603
4,7113,71130000,71130100,422,1053,71140000,61611
4,7114,71140000,71140100,422,1053,71150000,61618
4,7115,71150000,71150100,422,1053,71160000,61627
4,7116,71160000,71160100,422,1053,71170000,61638
4,7117,71170000,71170100,422,1053,71180000,61645
4,7118,71180000,71180100,422,1053,71190000,61652
4,7119,71190000,71190100,422,1053,71200000,61662
4,712,7120000,7120100,422,1053,7130000,6168
4,7120,71200000,71200100,422,1053,71210000,61672
4,7121,71210000,71210100,422,1053,71220000,61678
4,7122,71220000,71220100,422,1053,71230000,61691
4,7123,71230000,71230100,422,1053,71240000,61697
4,7124,71240000,71240100,422,1053,71250000,61705
4,7125,71250000,71250100,422,1053,71260000,61714
4,7126,71260000,71260100,422,1053,71270000,61723
4,7127,71270000,71270100,422,1053,71280000,61729
4,7128,71280000,71280100,422,1053,71290000,61742
4,7129,71290000,71290100,422,1053,71300000,61750
4,713,7130000,7130100,422,1053,7140000,6174
4,7130,71300000,71300100,422,1053,71310000,61758
4,7131,71310000,71310100,422,1053,71320000,61766
4,7132,71320000,71320100,422,1053,71330000,61774
4,7133,71330000,71330100,422,1053,71340000,61783
4,7134,71340000,71340100,422,1053,71350000,61793
4,7135,71350000,71350100,422,1053,71360000,61800
4,7136,71360000,71360100,422,1053,71370000,61811
4,7137,71370000,71370100,422,1053,71380000,61819
4,7138,71380000,71380100,422,1053,71390000,61826
4,7139,71390000,71390100,422,1053,71400000,61833
4,714,7140000,7140100,422,1053,7150000,6186
4,7140,71400000,71400100,422,1053,71410000,61847
4,7141,71410000,71410100,422,1053,71420000,61853
4,7142,71420000,71420100,422,1053,71430000,61860
4,7143,71430000,71430100,422,1053,71440000,61870
4,7144,71440000,71440100,422,1053,71450000,61880
4,7145,71450000,71450100,422,1053,71460000,61887
4,7146,71460000,71460100,422,1053,71470000,61897
4,7147,71470000,71470100,422,1053,71480000,61905
4,7148,71480000,71480100,422,1053,71490000,61913
4,7149,71490000,71490100,422,1053,71500000,61921
4,715,7150000,7150100,422,1053,7160000,6194
4,7150,71500000,71500100,422,1053,71510000,61932
4,7151,71510000,71510100,422,1053,71520000,61938
4,7152,71520000,71520100,422,1053,71530000,61950
4,7153,71530000,71530100,422,1053,71540000,61956
4,7154,71540000,71540100,422,1053,71550000,61965
4,7155,71550000,71550100,422,1053,71560000,61975
4,7156,71560000,71560100,422,1053,71570000,61983
4,7157,71570000,71570100,422,1053,71580000,61991
4,7158,71580000,71580100,422,1053,71590000,62001
4,7159,71590000,71590100,422,1053,71600000,62007
4,716,7160000,7160100,422,1053,7170000,6202
4,7160,71600000,71600100,422,1053,71610000,62017
4,7161,71610000,71610100,422,1053,71620000,62028
4,7162,71620000,71620100,422,1053,71630000,62035
4,7163,71630000,71630100,422,1053,71640000,62041
4,7164,71640000,71640100,422,1053,71650000,62054
4,7165,71650000,71650100,422,1053,71660000,62061
4,7166,71660000,71660100,422,1053,71670000,62069
4,7167,71670000,71670100,422,1053,71680000,62077
4,7168,71680000,71680100,422,1053,71690000,62088
4,7169,71690000,71690100,422,1053,71700000,62094
4,717,7170000,7170100,422,1053,7180000,6212
4,7170,71700000,71700100,422,1053,71710000,62105
4,7171,71710000,71710100,422,1053,71720000,62113
4,7172,71720000,71720100,422,1053,71730000,62122
4,7173,71730000,71730100,422,1053,71740000,62130
4,7174,71740000,71740100,422,1053,71750000,62137
4,7175,71750000,71750100,422,1053,71760000,62146
4,7176,71760000,71760100,422,1053,71770000,62158
4,7177,71770000,71770100,422,1053,71780000,62165
4,7178,71780000,71780100,422,1053,71790000,62174
4,7179,71790000,71790100,422,1053,71800000,62182
4,718,7180000,7180100,422,1053,7190000,6219
4,7180,71800000,71800100,422,1053,71810000,62191
4,7181,71810000,71810100,422,1053,71820000,62197
4,7182,71820000,71820100,422,1053,71830000,62209
4,7183,71830000,71830100,422,1053,71840000,62216
4,7184,71840000,71840100,422,1053,71850000,62225
4,7185,71850000,71850100,422,1053,71860000,62236
4,7186,71860000,71860100,422,1053,71870000,62243
4,7187,71870000,71870100,422,1053,71880000,62249
4,7188,71880000,71880100,422,1053,71890000,62261
4,7189,71890000,71890100,422,1053,71900000,62269
4,719,7190000,7190100,422,1053,7200000,6225
4,7190,71900000,71900100,422,1053,71910000,62277
4,7191,71910000,71910100,422,1053,71920000,62285
4,7192,71920000,71920100,422,1053,71930000,62296
4,7193,71930000,71930100,422,1053,71940000,62302
4,7194,71940000,71940100,422,1053,71950000,62313
4,7195,71950000,71950100,422,1053,71960000,62320
4,7196,71960000,71960100,422,1053,71970000,62330
4,7197,71970000,71970100,422,1053,71980000,62338
4,7198,71980000,71980100,422,1053,71990000,62345
4,7199,71990000,71990100,422,1053,72000000,62354
4,72,720000,720100,422,1053,730000,626
4,720,7200000,7200100,422,1053,7210000,6239
4,7200,72000000,72000100,422,1053,72010000,62367
4,7201,72010000,72010100,422,1053,72020000,62373
4,7202,72020000,72020100,422,1053,72030000,62380
4,7203,72030000,72030100,422,1053,72040000,62390
4,7204,72040000,72040100,422,1053,72050000,62398
4,7205,72050000,72050100,422,1053,72060000,62406
4,7206,72060000,72060100,422,1053,72070000,62418
4,7207,72070000,72070100,422,1053,72080000,62424
4,7208,72080000,72080100,422,1053,72090000,62433
4,7209,72090000,72090100,422,1053,72100000,62441
4,721,7210000,7210100,422,1053,7220000,6247
4,7210,72100000,72100100,422,1053,72110000,62452
4,7211,72110000,72110100,422,1053,72120000,62458
4,7212,72120000,72120100,422,1053,72130000,62469
4,7213,72130000,72130100,422,1053,72140000,62477
4,7214,72140000,72140100,422,1053,72150000,62484
4,7215,72150000,72150100,422,1053,72160000,62493
4,7216,72160000,72160100,422,1053,72170000,62503
4,7217,72170000,72170100,422,1053,72180000,62511
4,7218,72180000,72180100,422,1053,72190000,62521
4,7219,72190000,72190100,422,1053,72200000,62527
4,722,7220000,7220100,422,1053,7230000,6254
4,7220,72200000,72200100,422,1053,72210000,62538
4,7221,72210000,72210100,422,1053,72220000,62547
4,7222,72220000,72220100,422,1053,72230000,62554
4,7223,72230000,72230100,422,1053,72240000,62560
4,7224,72240000,72240100,422,1053,72250000,62574
4,7225,72250000,72250100,422,1053,72260000,62581
4,7226,72260000,72260100,422,1053,72270000,62588
4,7227,72270000,72270100,422,1053,72280000,62599
4,7228,72280000,72280100,422,1053,72290000,62607
4,7229,72290000,72290100,422,1053,72300000,62613
4,723,7230000,7230100,422,1053,7240000,6262
4,7230,72300000,72300100,422,1053,72310000,62624
4,7231,72310000,72310100,422,1053,72320000,62632
4,7232,72320000,72320100,422,1053,72330000,62642
4,7233,72330000,72330100,422,1053,72340000,62650
4,7234,72340000,72340100,422,1053,72350000,62659
4,7235,72350000,72350100,422,1053,72360000,62666
4,7236,72360000,72360100,422,1053,72370000,62677
4,7237,72370000,72370100,422,1053,72380000,62683
4,7238,72380000,72380100,422,1053,72390000,62693
4,7239,72390000,72390100,422,1053,72400000,62701
4,724,7240000,7240100,422,1053,7250000,6272
4,7240,72400000,72400100,422,1053,72410000,62711
4,7241,72410000,72410100,422,1053,72420000,62719
4,7242,72420000,72420100,422,1053,72430000,62729
4,7243,72430000,72430100,422,1053,72440000,62736
4,7244,72440000,72440100,422,1053,72450000,62744
4,7245,72450000,72450100,422,1053,72460000,62755
4,7246,72460000,72460100,422,1053,72470000,62762
4,7247,72470000,72470100,422,1053,72480000,62768
4,7248,72480000,72480100,422,1053,72490000,62782
4,7249,72490000,72490100,422,1053,72500000,62789
4,725,7250000,7250100,422,1053,7260000,6279
4,7250,72500000,72500100,422,1053,72510000,62797
4,7251,72510000,72510100,422,1053,72520000,62805
4,7252,72520000,72520100,422,1053,72530000,62815
4,7253,72530000,72530100,422,1053,72540000,62821
4,7254,72540000,72540100,422,1053,72550000,62832
4,7255,72550000,72550100,422,1053,72560000,62841
4,7256,72560000,72560100,422,1053,72570000,62850
4,7257,72570000,72570100,422,1053,72580000,62858
4,7258,72580000,72580100,422,1053,72590000,62865
4,7259,72590000,72590100,422,1053,72600000,62873
4,726,7260000,7260100,422,1053,7270000,6290
4,7260,72600000,72600100,422,1053,72610000,62886
4,7261,72610000,72610100,422,1053,72620000,62892
4,7262,72620000,72620100,422,1053,72630000,62901
4,7263,72630000,72630100,422,1053,72640000,62909
4,7264,72640000,72640100,422,1053,72650000,62918
4,7265,72650000,72650100,422,1053,72660000,62926
4,7266,72660000,72660100,422,1053,72670000,62938
4,7267,72670000,72670100,422,1053,72680000,62944
4,7268,72680000,72680100,422,1053,72690000,62952
4,7269,72690000,72690100,422,1053,72700000,62962
4,727,7270000,7270100,422,1053,7280000,6296
4,7270,72700000,72700100,422,1053,72710000,62970
4,7271,72710000,72710100,422,1053,72720000,62977
4,7272,72720000,72720100,422,1053,72730000,62989
4,7273,72730000,72730100,422,1053,72740000,62997
4,7274,72740000,72740100,422,1053,72750000,63004
4,7275,72750000,72750100,422,1053,72760000,63013
4,7276,72760000,72760100,422,1053,72770000,63024
4,7277,72770000,72770100,422,1053,72780000,63030
4,7278,72780000,72780100,422,1053,72790000,63040
4,7279,72790000,72790100,422,1053,72800000,63046
4,728,7280000,7280100,422,1053,7290000,6307
4,7280,72800000,72800100,422,1053,72810000,63058
4,7281,72810000,72810100,422,1053,72820000,63066
4,7282,72820000,72820100,422,1053,72830000,63074
4,7283,72830000,72830100,422,1053,72840000,63082
4,7284,72840000,72840100,422,1053,72850000,63093
4,7285,72850000,72850100,422,1053,72860000,63100
4,7286,72860000,72860100,422,1053,72870000,63107
4,7287,72870000,72870100,422,1053,72880000,63118
4,7288,72880000,72880100,422,1053,72890000,63127
4,7289,72890000,72890100,422,1053,72900000,63133
4,729,7290000,7290100,422,1053,7300000,6315
4,7290,72900000,72900100,422,1053,72910000,63146
4,7291,72910000,72910100,422,1053,72920000,63152
4,7292,72920000,72920100,422,1053,72930000,63160
4,7293,72930000,72930100,422,1053,72940000,63169
4,7294,72940000,72940100,422,1053,72950000,63178
4,7295,72950000,72950100,422,1053,72960000,63185
4,7296,72960000,72960100,422,1053,72970000,63197
4,7297,72970000,72970100,422,1053,72980000,63205
4,7298,72980000,72980100,422,1053,72990000,63213
4,7299,72990000,72990100,422,1053,73000000,63221
4,73,730000,730100,422,1053,740000,634
4,730,7300000,7300100,422,1053,7310000,6323
4,7300,73000000,73000100,422,1053,73010000,63230
4,7301,73010000,73010100,422,1053,73020000,63238
4,7302,73020000,73020100,422,1053,73030000,63248
4,7303,73030000,73030100,422,1053,73040000,63254
4,7304,73040000,73040100,422,1053,73050000,63266
4,7305,73050000,73050100,422,1053,73060000,63275
4,7306,73060000,73060100,422,1053,73070000,63282
4,7307,73070000,73070100,422,1053,73080000,63288
4,7308,73080000,73080100,422,1053,73090000,63301
4,7309,73090000,73090100,422,1053,73100000,63308
4,731,7310000,7310100,422,1053,7320000,6332
4,7310,73100000,73100100,422,1053,73110000,63316
4,7311,73110000,73110100,422,1053,73120000,63326
4,7312,73120000,73120100,422,1053,73130000,63335
4,7313,73130000,73130100,422,1053,73140000,63341
4,7314,73140000,73140100,422,1053,73150000,63351
4,7315,73150000,73150100,422,1053,73160000,63361
4,7316,73160000,73160100,422,1053,73170000,63369
4,7317,73170000,73170100,422,1053,73180000,63377
4,7318,73180000,73180100,422,1053,73190000,63386
4,7319,73190000,73190100,422,1053,73200000,63392
4,732,7320000,7320100,422,1053,7330000,6343
4,7320,73200000,73200100,422,1053,73210000,63406
4,7321,73210000,73210100,422,1053,73220000,63412
4,7322,73220000,73220100,422,1053,73230000,63421
4,7323,73230000,73230100,422,1053,73240000,63429
4,7324,73240000,73240100,422,1053,73250000,63437
4,7325,73250000,73250100,422,1053,73260000,63446
4,7326,73260000,73260100,422,1053,73270000,63457
4,7327,73270000,73270100,422,1053,73280000,63463
4,7328,73280000,73280100,422,1053,73290000,63472
4,7329,73290000,73290100,422,1053,73300000,63482
4,733,7330000,7330100,422,1053,7340000,6349
4,7330,73300000,73300100,422,1053,73310000,63490
4,7331,73310000,73310100,422,1053,73320000,63497
4,7332,73320000,73320100,422,1053,73330000,63510
4,7333,73330000,73330100,422,1053,73340000,63516
4,7334,73340000,73340100,422,1053,73350000,63523
4,7335,73350000,73350100,422,1053,73360000,63532
4,7336,73360000,73360100,422,1053,73370000,63543
4,7337,73370000,73370100,422,1053,73380000,63550
4,7338,73380000,73380100,422,1053,73390000,63560
4,7339,73390000,73390100,422,1053,73400000,63568
4,734,7340000,7340100,422,1053,7350000,6356
4,7340,73400000,73400100,422,1053,73410000,63577
4,7341,73410000,73410100,422,1053,73420000,63585
4,7342,73420000,73420100,422,1053,73430000,63593
4,7343,73430000,73430100,422,1053,73440000,63601
4,7344,73440000,73440100,422,1053,73450000,63613
4,7345,73450000,73450100,422,1053,73460000,63620
4,7346,73460000,73460100,422,1053,73470000,63629
4,7347,73470000,73470100,422,1053,73480000,63637
4,7348,73480000,73480100,422,1053,73490000,63646
4,7349,73490000,73490100,422,1053,73500000,63652
4,735,7350000,7350100,422,1053,7360000,6367
4,7350,73500000,73500100,422,1053,73510000,63665
4,7351,73510000,73510100,422,1053,73520000,63671
4,7352,73520000,73520100,422,1053,73530000,63680
4,7353,73530000,73530100,422,1053,73540000,63691
4,7354,73540000,73540100,422,1053,73550000,63698
4,7355,73550000,73550100,422,1053,73560000,63705
4,7356,73560000,73560100,422,1053,73570000,63716
4,7357,73570000,73570100,422,1053,73580000,63724
4,7358,73580000,73580100,422,1053,73590000,63731
4,7359,73590000,73590100,422,1053,73600000,63740
4,736,7360000,7360100,422,1053,7370000,6376
4,7360,73600000,73600100,422,1053,73610000,63752
4,7361,73610000,73610100,422,1053,73620000,63758
4,7362,73620000,73620100,422,1053,73630000,63768
4,7363,73630000,73630100,422,1053,73640000,63774
4,7364,73640000,73640100,422,1053,73650000,63785
4,7365,73650000,73650100,422,1053,73660000,63794
4,7366,73660000,73660100,422,1053,73670000,63801
4,7367,73670000,73670100,422,1053,73680000,63809
4,7368,73680000,73680100,422,1053,73690000,63821
4,7369,73690000,73690100,422,1053,73700000,63827
4,737,7370000,7370100,422,1053,7380000,6383
4,7370,73700000,73700100,422,1053,73710000,63836
4,7371,73710000,73710100,422,1053,73720000,63846
4,7372,73720000,73720100,422,1053,73730000,63854
4,7373,73730000,73730100,422,1053,73740000,63860
4,7374,73740000,73740100,422,1053,73750000,63872
4,7375,73750000,73750100,422,1053,73760000,63880
4,7376,73760000,73760100,422,1053,73770000,63889
4,7377,73770000,73770100,422,1053,73780000,63897
4,7378,73780000,73780100,422,1053,73790000,63906
4,7379,73790000,73790100,422,1053,73800000,63912
4,738,7380000,7380100,422,1053,7390000,6395
4,7380,73800000,73800100,422,1053,73810000,63924
4,7381,73810000,73810100,422,1053,73820000,63933
4,7382,73820000,73820100,422,1053,73830000,63940
4,7383,73830000,73830100,422,1053,73840000,63948
4,7384,73840000,73840100,422,1053,73850000,63957
4,7385,73850000,73850100,422,1053,73860000,63966
4,7386,73860000,73860100,422,1053,73870000,63977
4,7387,73870000,73870100,422,1053,73880000,63983
4,7388,73880000,73880100,422,1053,73890000,63993
4,7389,73890000,73890100,422,1053,73900000,64001
4,739,7390000,7390100,422,1053,7400000,6401
4,7390,73900000,73900100,422,1053,73910000,64009
4,7391,73910000,73910100,422,1053,73920000,64015
4,7392,73920000,73920100,422,1053,73930000,64030
4,7393,73930000,73930100,422,1053,73940000,64036
4,7394,73940000,73940100,422,1053,73950000,64043
4,7395,73950000,73950100,422,1053,73960000,64054
4,7396,73960000,73960100,422,1053,73970000,64062
4,7397,73970000,73970100,422,1053,73980000,64069
4,7398,73980000,73980100,422,1053,73990000,64079
4,7399,73990000,73990100,422,1053,74000000,64087
4,74,740000,740100,422,1053,750000,641
4,740,7400000,7400100,422,1053,7410000,6410
4,7400,74000000,74000100,422,1053,74010000,64097
4,7401,74010000,74010100,422,1053,74020000,64105
4,7402,74020000,74020100,422,1053,74030000,64114
4,7403,74030000,74030100,422,1053,74040000,64121
4,7404,74040000,74040100,422,1053,74050000,64132
4,7405,74050000,74050100,422,1053,74060000,64139
4,7406,74060000,74060100,422,1053,74070000,64148
4,7407,74070000,74070100,422,1053,74080000,64156
4,7408,74080000,74080100,422,1053,74090000,64166
4,7409,74090000,74090100,422,1053,74100000,64174
4,741,7410000,7410100,422,1053,7420000,6418
4,7410,74100000,74100100,422,1053,74110000,64185
4,7411,74110000,74110100,422,1053,74120000,64191
4,7412,74120000,74120100,422,1053,74130000,64199
4,7413,74130000,74130100,422,1053,74140000,64209
4,7414,74140000,74140100,422,1053,74150000,64217
4,7415,74150000,74150100,422,1053,74160000,64224
4,7416,74160000,74160100,422,1053,74170000,64238
4,7417,74170000,74170100,422,1053,74180000,64244
4,7418,74180000,74180100,422,1053,74190000,64251
4,7419,74190000,74190100,422,1053,74200000,64260
4,742,7420000,7420100,422,1053,7430000,6428
4,7420,74200000,74200100,422,1053,74210000,64271
4,7421,74210000,74210100,422,1053,74220000,64277
4,7422,74220000,74220100,422,1053,74230000,64287
4,7423,74230000,74230100,422,1053,74240000,64295
4,7424,74240000,74240100,422,1053,74250000,64304
4,7425,74250000,74250100,422,1053,74260000,64314
4,7426,74260000,74260100,422,1053,74270000,64321
4,7427,74270000,74270100,422,1053,74280000,64329
4,7428,74280000,74280100,422,1053,74290000,64340
4,7429,74290000,74290100,422,1053,74300000,64346
4,743,7430000,7430100,422,1053,7440000,6434
4,7430,74300000,74300100,422,1053,74310000,64357
4,7431,74310000,74310100,422,1053,74320000,64365
4,7432,74320000,74320100,422,1053,74330000,64374
4,7433,74330000,74330100,422,1053,74340000,64380
4,7434,74340000,74340100,422,1053,74350000,64392
4,7435,74350000,74350100,422,1053,74360000,64399
4,7436,74360000,74360100,422,1053,74370000,64408
4,7437,74370000,74370100,422,1053,74380000,64418
4,7438,74380000,74380100,422,1053,74390000,64425
4,7439,74390000,74390100,422,1053,74400000,64431
4,744,7440000,7440100,422,1053,7450000,6446
4,7440,74400000,74400100,422,1053,74410000,64444
4,7441,74410000,74410100,422,1053,74420000,64453
4,7442,74420000,74420100,422,1053,74430000,64460
4,7443,74430000,74430100,422,1053,74440000,64468
4,7444,74440000,74440100,422,1053,74450000,64478
4,7445,74450000,74450100,422,1053,74460000,64485
4,7446,74460000,74460100,422,1053,74470000,64495
4,7447,74470000,74470100,422,1053,74480000,64502
4,7448,74480000,74480100,422,1053,74490000,64513
4,7449,74490000,74490100,422,1053,74500000,64521
4,745,7450000,7450100,422,1053,7460000,6455
4,7450,74500000,74500100,422,1053,74510000,64529
4,7451,74510000,74510100,422,1053,74520000,64537
4,7452,74520000,74520100,422,1053,74530000,64549
4,7453,74530000,74530100,422,1053,74540000,64555
4,7454,74540000,74540100,422,1053,74550000,64562
4,7455,74550000,74550100,422,1053,74560000,64573
4,7456,74560000,74560100,422,1053,74570000,64582
4,7457,74570000,74570100,422,1053,74580000,64588
4,7458,74580000,74580100,422,1053,74590000,64601
4,7459,74590000,74590100,422,1053,74600000,64607
4,746,7460000,7460100,422,1053,7470000,6462
4,7460,74600000,74600100,422,1053,74610000,64616
4,7461,74610000,74610100,422,1053,74620000,64624
4,7462,74620000,74620100,422,1053,74630000,64633
4,7463,74630000,74630100,422,1053,74640000,64640
4,7464,74640000,74640100,422,1053,74650000,64652
4,7465,74650000,74650100,422,1053,74660000,64661
4,7466,74660000,74660100,422,1053,74670000,64668
4,7467,74670000,74670100,422,1053,74680000,64676
4,7468,74680000,74680100,422,1053,74690000,64684
4,7469,74690000,74690100,422,1053,74700000,64693
4,747,7470000,7470100,422,1053,7480000,6470
4,7470,74700000,74700100,422,1053,74710000,64704
4,7471,74710000,74710100,422,1053,74720000,64710
4,7472,74720000,74720100,422,1053,74730000,64721
4,7473,74730000,74730100,422,1053,74740000,64729
4,7474,74740000,74740100,422,1053,74750000,64737
4,7475,74750000,74750100,422,1053,74760000,64744
4,7476,74760000,74760100,422,1053,74770000,64757
4,7477,74770000,74770100,422,1053,74780000,64763
4,7478,74780000,74780100,422,1053,74790000,64770
4,7479,74790000,74790100,422,1053,74800000,64780
4,748,7480000,7480100,422,1053,7490000,6479
4,7480,74800000,74800100,422,1053,74810000,64791
4,7481,74810000,74810100,422,1053,74820000,64797
4,7482,74820000,74820100,422,1053,74830000,64807
4,7483,74830000,74830100,422,1053,74840000,64815
4,7484,74840000,74840100,422,1053,74850000,64823
4,7485,74850000,74850100,422,1053,74860000,64833
4,7486,74860000,74860100,422,1053,74870000,64842
4,7487,74870000,74870100,422,1053,74880000,64848
4,7488,74880000,74880100,422,1053,74890000,64860
4,7489,74890000,74890100,422,1053,74900000,64866
4,749,7490000,7490100,422,1053,7500000,6487
4,7490,74900000,74900100,422,1053,74910000,64876
4,7491,74910000,74910100,422,1053,74920000,64885
4,7492,74920000,74920100,422,1053,74930000,64893
4,7493,74930000,74930100,422,1053,74940000,64901
4,7494,74940000,74940100,422,1053,74950000,64911
4,7495,74950000,74950100,422,1053,74960000,64918
4,7496,74960000,74960100,422,1053,74970000,64928
4,7497,74970000,74970100,422,1053,74980000,64938
4,7498,74980000,74980100,422,1053,74990000,64945
4,7499,74990000,74990100,422,1053,75000000,64951
4,75,750000,750100,422,1053,760000,650
4,750,7500000,7500100,422,1053,7510000,6498
4,7500,75000000,75000100,422,1053,75010000,64965
4,7501,75010000,75010100,422,1053,75020000,64971
4,7502,75020000,75020100,422,1053,75030000,64979
4,7503,75030000,75030100,422,1053,75040000,64987
4,7504,75040000,75040100,422,1053,75050000,64998
4,7505,75050000,75050100,422,1053,75060000,65005
4,7506,75060000,75060100,422,1053,75070000,65015
4,7507,75070000,75070100,422,1053,75080000,65024
4,7508,75080000,75080100,422,1053,75090000,65032
4,7509,75090000,75090100,422,1053,75100000,65040
4,751,7510000,7510100,422,1053,7520000,6504
4,7510,75100000,75100100,422,1053,75110000,65048
4,7511,75110000,75110100,422,1053,75120000,65056
4,7512,75120000,75120100,422,1053,75130000,65068
4,7513,75130000,75130100,422,1053,75140000,65075
4,7514,75140000,75140100,422,1053,75150000,65084
4,7515,75150000,75150100,422,1053,75160000,65093
4,7516,75160000,75160100,422,1053,75170000,65101
4,7517,75170000,75170100,422,1053,75180000,65107
4,7518,75180000,75180100,422,1053,75190000,65120
4,7519,75190000,75190100,422,1053,75200000,65126
4,752,7520000,7520100,422,1053,7530000,6515
4,7520,75200000,75200100,422,1053,75210000,65136
4,7521,75210000,75210100,422,1053,75220000,65146
4,7522,75220000,75220100,422,1053,75230000,65153
4,7523,75230000,75230100,422,1053,75240000,65159
4,7524,75240000,75240100,422,1053,75250000,65171
4,7525,75250000,75250100,422,1053,75260000,65180
4,7526,75260000,75260100,422,1053,75270000,65187
4,7527,75270000,75270100,422,1053,75280000,65195
4,7528,75280000,75280100,422,1053,75290000,65206
4,7529,75290000,75290100,422,1053,75300000,65213
4,753,7530000,7530100,422,1053,7540000,6524
4,7530,75300000,75300100,422,1053,75310000,65224
4,7531,75310000,75310100,422,1053,75320000,65230
4,7532,75320000,75320100,422,1053,75330000,65240
4,7533,75330000,75330100,422,1053,75340000,65248
4,7534,75340000,75340100,422,1053,75350000,65255
4,7535,75350000,75350100,422,1053,75360000,65265
4,7536,75360000,75360100,422,1053,75370000,65277
4,7537,75370000,75370100,422,1053,75380000,65283
4,7538,75380000,75380100,422,1053,75390000,65290
4,7539,75390000,75390100,422,1053,75400000,65300
4,754,7540000,7540100,422,1053,7550000,6531
4,7540,75400000,75400100,422,1053,75410000,65310
4,7541,75410000,75410100,422,1053,75420000,65316
4,7542,75420000,75420100,422,1053,75430000,65328
4,7543,75430000,75430100,422,1053,75440000,65334
4,7544,75440000,75440100,422,1053,75450000,65343
4,7545,75450000,75450100,422,1053,75460000,65352
4,7546,75460000,75460100,422,1053,75470000,65362
4,7547,75470000,75470100,422,1053,75480000,65368
4,7548,75480000,75480100,422,1053,75490000,65379
4,7549,75490000,75490100,422,1053,75500000,65387
4,755,7550000,7550100,422,1053,7560000,6538
4,7550,75500000,75500100,422,1053,75510000,65395
4,7551,75510000,75510100,422,1053,75520000,65404
4,7552,75520000,75520100,422,1053,75530000,65413
4,7553,75530000,75530100,422,1053,75540000,65421
4,7554,75540000,75540100,422,1053,75550000,65431
4,7555,75550000,75550100,422,1053,75560000,65438
4,7556,75560000,75560100,422,1053,75570000,65448
4,7557,75570000,75570100,422,1053,75580000,65457
4,7558,75580000,75580100,422,1053,75590000,65464
4,7559,75590000,75590100,422,1053,75600000,65470
4,756,7560000,7560100,422,1053,7570000,6551
4,7560,75600000,75600100,422,1053,75610000,65485
4,7561,75610000,75610100,422,1053,75620000,65491
4,7562,75620000,75620100,422,1053,75630000,65499
4,7563,75630000,75630100,422,1053,75640000,65509
4,7564,75640000,75640100,422,1053,75650000,65517
4,7565,75650000,75650100,422,1053,75660000,65524
4,7566,75660000,75660100,422,1053,75670000,65534
4,7567,75670000,75670100,422,1053,75680000,65542
4,7568,75680000,75680100,422,1053,75690000,65552
4,7569,75690000,75690100,422,1053,75700000,65560
4,757,7570000,7570100,422,1053,7580000,6557
4,7570,75700000,75700100,422,1053,75710000,65570
4,7571,75710000,75710100,422,1053,75720000,65576
4,7572,75720000,75720100,422,1053,75730000,65587
4,7573,75730000,75730100,422,1053,75740000,65594
4,7574,75740000,75740100,422,1053,75750000,65603
4,7575,75750000,75750100,422,1053,75760000,65612
4,7576,75760000,75760100,422,1053,75770000,65621
4,7577,75770000,75770100,422,1053,75780000,65629
4,7578,75780000,75780100,422,1053,75790000,65639
4,7579,75790000,75790100,422,1053,75800000,65646
4,758,7580000,7580100,422,1053,7590000,6564
4,7580,75800000,75800100,422,1053,75810000,65655
4,7581,75810000,75810100,422,1053,75820000,65665
4,7582,75820000,75820100,422,1053,75830000,65672
4,7583,75830000,75830100,422,1053,75840000,65678
4,7584,75840000,75840100,422,1053,75850000,65693
4,7585,75850000,75850100,422,1053,75860000,65700
4,7586,75860000,75860100,422,1053,75870000,65707
4,7587,75870000,75870100,422,1053,75880000,65715
4,7588,75880000,75880100,422,1053,75890000,65725
4,7589,75890000,75890100,422,1053,75900000,65731
4,759,7590000,7590100,422,1053,7600000,6575
4,7590,75900000,75900100,422,1053,75910000,65743
4,7591,75910000,75910100,422,1053,75920000,65751
4,7592,75920000,75920100,422,1053,75930000,65760
4,7593,75930000,75930100,422,1053,75940000,65768
4,7594,75940000,75940100,422,1053,75950000,65775
4,7595,75950000,75950100,422,1053,75960000,65785
4,7596,75960000,75960100,422,1053,75970000,65796
4,7597,75970000,75970100,422,1053,75980000,65802
4,7598,75980000,75980100,422,1053,75990000,65811
4,7599,75990000,75990100,422,1053,76000000,65819
4,76,760000,760100,422,1053,770000,658
4,760,7600000,7600100,422,1053,7610000,6585
4,7600,76000000,76000100,422,1053,76010000,65829
4,7601,76010000,76010100,422,1053,76020000,65836
4,7602,76020000,76020100,422,1053,76030000,65848
4,7603,76030000,76030100,422,1053,76040000,65854
4,7604,76040000,76040100,422,1053,76050000,65862
4,7605,76050000,76050100,422,1053,76060000,65873
4,7606,76060000,76060100,422,1053,76070000,65881
4,7607,76070000,76070100,422,1053,76080000,65887
4,7608,76080000,76080100,422,1053,76090000,65899
4,7609,76090000,76090100,422,1053,76100000,65907
4,761,7610000,7610100,422,1053,7620000,6591
4,7610,76100000,76100100,422,1053,76110000,65915
4,7611,76110000,76110100,422,1053,76120000,65923
4,7612,76120000,76120100,422,1053,76130000,65934
4,7613,76130000,76130100,422,1053,76140000,65940
4,7614,76140000,76140100,422,1053,76150000,65950
4,7615,76150000,76150100,422,1053,76160000,65957
4,7616,76160000,76160100,422,1053,76170000,65968
4,7617,76170000,76170100,422,1053,76180000,65977
4,7618,76180000,76180100,422,1053,76190000,65984
4,7619,76190000,76190100,422,1053,76200000,65992
4,762,7620000,7620100,422,1053,7630000,6601
4,7620,76200000,76200100,422,1053,76210000,66004
4,7621,76210000,76210100,422,1053,76220000,66010
4,7622,76220000,76220100,422,1053,76230000,66017
4,7623,76230000,76230100,422,1053,76240000,66028
4,7624,76240000,76240100,422,1053,76250000,66037
4,7625,76250000,76250100,422,1053,76260000,66044
4,7626,76260000,76260100,422,1053,76270000,66056
4,7627,76270000,76270100,422,1053,76280000,66062
4,7628,76280000,76280100,422,1053,76290000,66071
4,7629,76290000,76290100,422,1053,76300000,66079
4,763,7630000,7630100,422,1053,7640000,6609
4,7630,76300000,76300100,422,1053,76310000,66089
4,7631,76310000,76310100,422,1053,76320000,66095
4,7632,76320000,76320100,422,1053,76330000,66107
4,7633,76330000,76330100,422,1053,76340000,66115
4,7634,76340000,76340100,422,1053,76350000,66123
4,7635,76350000,76350100,422,1053,76360000,66132
4,7636,76360000,76360100,422,1053,76370000,66140
4,7637,76370000,76370100,422,1053,76380000,66148
4,7638,76380000,76380100,422,1053,76390000,66158
4,7639,76390000,76390100,422,1053,76400000,66165
4,764,7640000,7640100,422,1053,7650000,6618
4,7640,76400000,76400100,422,1053,76410000,66177
4,7641,76410000,76410100,422,1053,76420000,66185
4,7642,76420000,76420100,422,1053,76430000,66192
4,7643,76430000,76430100,422,1053,76440000,66198
4,7644,76440000,76440100,422,1053,76450000,66211
4,7645,76450000,76450100,422,1053,76460000,66219
4,7646,76460000,76460100,422,1053,76470000,66226
4,7647,76470000,76470100,422,1053,76480000,66236
4,7648,76480000,76480100,422,1053,76490000,66245
4,7649,76490000,76490100,422,1053,76500000,66251
4,765,7650000,7650100,422,1053,7660000,6627
4,7650,76500000,76500100,422,1053,76510000,66263
4,7651,76510000,76510100,422,1053,76520000,66271
4,7652,76520000,76520100,422,1053,76530000,66279
4,7653,76530000,76530100,422,1053,76540000,66287
4,7654,76540000,76540100,422,1053,76550000,66296
4,7655,76550000,76550100,422,1053,76560000,66303
4,7656,76560000,76560100,422,1053,76570000,66316
4,7657,76570000,76570100,422,1053,76580000,66322
4,7658,76580000,76580100,422,1053,76590000,66331
4,7659,76590000,76590100,422,1053,76600000,66339
4,766,7660000,7660100,422,1053,7670000,6636
4,7660,76600000,76600100,422,1053,76610000,66348
4,7661,76610000,76610100,422,1053,76620000,66357
4,7662,76620000,76620100,422,1053,76630000,66367
4,7663,76630000,76630100,422,1053,76640000,66373
4,7664,76640000,76640100,422,1053,76650000,66382
4,7665,76650000,76650100,422,1053,76660000,66393
4,7666,76660000,76660100,422,1053,76670000,66400
4,7667,76670000,76670100,422,1053,76680000,66407
4,7668,76680000,76680100,422,1053,76690000,66420
4,7669,76690000,76690100,422,1053,76700000,66426
4,767,7670000,7670100,422,1053,7680000,6642
4,7670,76700000,76700100,422,1053,76710000,66434
4,7671,76710000,76710100,422,1053,76720000,66442
4,7672,76720000,76720100,422,1053,76730000,66454
4,7673,76730000,76730100,422,1053,76740000,66460
4,7674,76740000,76740100,422,1053,76750000,66470
4,7675,76750000,76750100,422,1053,76760000,66479
4,7676,76760000,76760100,422,1053,76770000,66487
4,7677,76770000,76770100,422,1053,76780000,66495
4,7678,76780000,76780100,422,1053,76790000,66503
4,7679,76790000,76790100,422,1053,76800000,66511
4,768,7680000,7680100,422,1053,7690000,6654
4,7680,76800000,76800100,422,1053,76810000,66524
4,7681,76810000,76810100,422,1053,76820000,66530
4,7682,76820000,76820100,422,1053,76830000,66539
4,7683,76830000,76830100,422,1053,76840000,66548
4,7684,76840000,76840100,422,1053,76850000,66556
4,7685,76850000,76850100,422,1053,76860000,66563
4,7686,76860000,76860100,422,1053,76870000,66575
4,7687,76870000,76870100,422,1053,76880000,66581
4,7688,76880000,76880100,422,1053,76890000,66590
4,7689,76890000,76890100,422,1053,76900000,66601
4,769,7690000,7690100,422,1053,7700000,6660
4,7690,76900000,76900100,422,1053,76910000,66609
4,7691,76910000,76910100,422,1053,76920000,66615
4,7692,76920000,76920100,422,1053,76930000,66626
4,7693,76930000,76930100,422,1053,76940000,66634
4,7694,76940000,76940100,422,1053,76950000,66642
4,7695,76950000,76950100,422,1053,76960000,66651
4,7696,76960000,76960100,422,1053,76970000,66662
4,7697,76970000,76970100,422,1053,76980000,66668
4,7698,76980000,76980100,422,1053,76990000,66678
4,7699,76990000,76990100,422,1053,77000000,66684
4,77,770000,770100,422,1053,780000,667
4,770,7700000,7700100,422,1053,7710000,6671
4,7700,77000000,77000100,422,1053,77010000,66696
4,7701,77010000,77010100,422,1053,77020000,66704
4,7702,77020000,77020100,422,1053,77030000,66711
4,7703,77030000,77030100,422,1053,77040000,66719
4,7704,77040000,77040100,422,1053,77050000,66731
4,7705,77050000,77050100,422,1053,77060000,66739
4,7706,77060000,77060100,422,1053,77070000,66746
4,7707,77070000,77070100,422,1053,77080000,66756
4,7708,77080000,77080100,422,1053,77090000,66764
4,7709,77090000,77090100,422,1053,77100000,66770
4,771,7710000,7710100,422,1053,7720000,6679
4,7710,77100000,77100100,422,1053,77110000,66783
4,7711,77110000,77110100,422,1053,77120000,66790
4,7712,77120000,77120100,422,1053,77130000,66799
4,7713,77130000,77130100,422,1053,77140000,66807
4,7714,77140000,77140100,422,1053,77150000,66816
4,7715,77150000,77150100,422,1053,77160000,66823
4,7716,77160000,77160100,422,1053,77170000,66835
4,7717,77170000,77170100,422,1053,77180000,66843
4,7718,77180000,77180100,422,1053,77190000,66850
4,7719,77190000,77190100,422,1053,77200000,66858
4,772,7720000,7720100,422,1053,7730000,6687
4,7720,77200000,77200100,422,1053,77210000,66868
4,7721,77210000,77210100,422,1053,77220000,66876
4,7722,77220000,77220100,422,1053,77230000,66887
4,7723,77230000,77230100,422,1053,77240000,66893
4,7724,77240000,77240100,422,1053,77250000,66903
4,7725,77250000,77250100,422,1053,77260000,66912
4,7726,77260000,77260100,422,1053,77270000,66919
4,7727,77270000,77270100,422,1053,77280000,66926
4,7728,77280000,77280100,422,1053,77290000,66940
4,7729,77290000,77290100,422,1053,77300000,66946
4,773,7730000,7730100,422,1053,7740000,6695
4,7730,77300000,77300100,422,1053,77310000,66954
4,7731,77310000,77310100,422,1053,77320000,66964
4,7732,77320000,77320100,422,1053,77330000,66972
4,7733,77330000,77330100,422,1053,77340000,66979
4,7734,77340000,77340100,422,1053,77350000,66989
4,7735,77350000,77350100,422,1053,77360000,66998
4,7736,77360000,77360100,422,1053,77370000,67007
4,7737,77370000,77370100,422,1053,77380000,67015
4,7738,77380000,77380100,422,1053,77390000,67025
4,7739,77390000,77390100,422,1053,77400000,67031
4,774,7740000,7740100,422,1053,7750000,6705
4,7740,77400000,77400100,422,1053,77410000,67043
4,7741,77410000,77410100,422,1053,77420000,67049
4,7742,77420000,77420100,422,1053,77430000,67058
4,7743,77430000,77430100,422,1053,77440000,67066
4,7744,77440000,77440100,422,1053,77450000,67076
4,7745,77450000,77450100,422,1053,77460000,67085
4,7746,77460000,77460100,422,1053,77470000,67095
4,7747,77470000,77470100,422,1053,77480000,67101
4,7748,77480000,77480100,422,1053,77490000,67109
4,7749,77490000,77490100,422,1053,77500000,67120
4,775,7750000,7750100,422,1053,7760000,6713
4,7750,77500000,77500100,422,1053,77510000,67128
4,7751,77510000,77510100,422,1053,77520000,67134
4,7752,77520000,77520100,422,1053,77530000,67148
4,7753,77530000,77530100,422,1053,77540000,67154
4,7754,77540000,77540100,422,1053,77550000,67161
4,7755,77550000,77550100,422,1053,77560000,67171
4,7756,77560000,77560100,422,1053,77570000,67181
4,7757,77570000,77570100,422,1053,77580000,67187
4,7758,77580000,77580100,422,1053,77590000,67197
4,7759,77590000,77590100,422,1053,77600000,67205
4,776,7760000,7760100,422,1053,7770000,6722
4,7760,77600000,77600100,422,1053,77610000,67216
4,7761,77610000,77610100,422,1053,77620000,67224
4,7762,77620000,77620100,422,1053,77630000,67231
4,7763,77630000,77630100,422,1053,77640000,67239
4,7764,77640000,77640100,422,1053,77650000,67250
4,7765,77650000,77650100,422,1053,77660000,67257
4,7766,77660000,77660100,422,1053,77670000,67267
4,7767,77670000,77670100,422,1053,77680000,67275
4,7768,77680000,77680100,422,1053,77690000,67284
4,7769,77690000,77690100,422,1053,77700000,67290
4,777,7770000,7770100,422,1053,7780000,6732
4,7770,77700000,77700100,422,1053,77710000,67303
4,7771,77710000,77710100,422,1053,77720000,67310
4,7772,77720000,77720100,422,1053,77730000,67318
4,7773,77730000,77730100,422,1053,77740000,67328
4,7774,77740000,77740100,422,1053,77750000,67335
4,7775,77750000,77750100,422,1053,77760000,67342
4,7776,77760000,77760100,422,1053,77770000,67354
4,7777,77770000,77770100,422,1053,77780000,67363
4,7778,77780000,77780100,422,1053,77790000,67370
4,7779,77790000,77790100,422,1053,77800000,67378
4,778,7780000,7780100,422,1053,7790000,6739
4,7780,77800000,77800100,422,1053,77810000,67389
4,7781,77810000,77810100,422,1053,77820000,67395
4,7782,77820000,77820100,422,1053,77830000,67406
4,7783,77830000,77830100,422,1053,77840000,67412
4,7784,77840000,77840100,422,1053,77850000,67423
4,7785,77850000,77850100,422,1053,77860000,67432
4,7786,77860000,77860100,422,1053,77870000,67439
4,7787,77870000,77870100,422,1053,77880000,67447
4,7788,77880000,77880100,422,1053,77890000,67459
4,7789,77890000,77890100,422,1053,77900000,67465
4,779,7790000,7790100,422,1053,7800000,6745
4,7790,77900000,77900100,422,1053,77910000,67473
4,7791,77910000,77910100,422,1053,77920000,67483
4,7792,77920000,77920100,422,1053,77930000,67492
4,7793,77930000,77930100,422,1053,77940000,67499
4,7794,77940000,77940100,422,1053,77950000,67511
4,7795,77950000,77950100,422,1053,77960000,67518
4,7796,77960000,77960100,422,1053,77970000,67526
4,7797,77970000,77970100,422,1053,77980000,67534
4,7798,77980000,77980100,422,1053,77990000,67543
4,7799,77990000,77990100,422,1053,78000000,67550
4,78,780000,780100,422,1053,790000,677
4,780,7800000,7800100,422,1053,7810000,6759
4,7800,78000000,78000100,422,1053,78010000,67563
4,7801,78010000,78010100,422,1053,78020000,67571
4,7802,78020000,78020100,422,1053,78030000,67578
4,7803,78030000,78030100,422,1053,78040000,67586
4,7804,78040000,78040100,422,1053,78050000,67595
4,7805,78050000,78050100,422,1053,78060000,67604
4,7806,78060000,78060100,422,1053,78070000,67614
4,7807,78070000,78070100,422,1053,78080000,67620
4,7808,78080000,78080100,422,1053,78090000,67631
4,7809,78090000,78090100,422,1053,78100000,67639
4,781,7810000,7810100,422,1053,7820000,6766
4,7810,78100000,78100100,422,1053,78110000,67648
4,7811,78110000,78110100,422,1053,78120000,67654
4,7812,78120000,78120100,422,1053,78130000,67667
4,7813,78130000,78130100,422,1053,78140000,67673
4,7814,78140000,78140100,422,1053,78150000,67680
4,7815,78150000,78150100,422,1053,78160000,67692
4,7816,78160000,78160100,422,1053,78170000,67701
4,7817,78170000,78170100,422,1053,78180000,67707
4,7818,78180000,78180100,422,1053,78190000,67717
4,7819,78190000,78190100,422,1053,78200000,67725
4,782,7820000,7820100,422,1053,7830000,6773
4,7820,78200000,78200100,422,1053,78210000,67734
4,7821,78210000,78210100,422,1053,78220000,67743
4,7822,78220000,78220100,422,1053,78230000,67752
4,7823,78230000,78230100,422,1053,78240000,67758
4,7824,78240000,78240100,422,1053,78250000,67770
4,7825,78250000,78250100,422,1053,78260000,67777
4,7826,78260000,78260100,422,1053,78270000,67787
4,7827,78270000,78270100,422,1053,78280000,67795
4,7828,78280000,78280100,422,1053,78290000,67803
4,7829,78290000,78290100,422,1053,78300000,67811
4,783,7830000,7830100,422,1053,7840000,6781
4,7830,78300000,78300100,422,1053,78310000,67822
4,7831,78310000,78310100,422,1053,78320000,67828
4,7832,78320000,78320100,422,1053,78330000,67838
4,7833,78330000,78330100,422,1053,78340000,67848
4,7834,78340000,78340100,422,1053,78350000,67855
4,7835,78350000,78350100,422,1053,78360000,67862
4,7836,78360000,78360100,422,1053,78370000,67875
4,7837,78370000,78370100,422,1053,78380000,67882
4,7838,78380000,78380100,422,1053,78390000,67889
4,7839,78390000,78390100,422,1053,78400000,67897
4,784,7840000,7840100,422,1053,7850000,6792
4,7840,78400000,78400100,422,1053,78410000,67909
4,7841,78410000,78410100,422,1053,78420000,67915
4,7842,78420000,78420100,422,1053,78430000,67925
4,7843,78430000,78430100,422,1053,78440000,67934
4,7844,78440000,78440100,422,1053,78450000,67942
4,7845,78450000,78450100,422,1053,78460000,67951
4,7846,78460000,78460100,422,1053,78470000,67958
4,7847,78470000,78470100,422,1053,78480000,67966
4,7848,78480000,78480100,422,1053,78490000,67979
4,7849,78490000,78490100,422,1053,78500000,67985
4,785,7850000,7850100,422,1053,7860000,6799
4,7850,78500000,78500100,422,1053,78510000,67995
4,7851,78510000,78510100,422,1053,78520000,68003
4,7852,78520000,78520100,422,1053,78530000,68011
4,7853,78530000,78530100,422,1053,78540000,68017
4,7854,78540000,78540100,422,1053,78550000,68030
4,7855,78550000,78550100,422,1053,78560000,68037
4,7856,78560000,78560100,422,1053,78570000,68046
4,7857,78570000,78570100,422,1053,78580000,68056
4,7858,78580000,78580100,422,1053,78590000,68063
4,7859,78590000,78590100,422,1053,78600000,68070
4,786,7860000,7860100,422,1053,7870000,6810
4,7860,78600000,78600100,422,1053,78610000,68082
4,7861,78610000,78610100,422,1053,78620000,68090
4,7862,78620000,78620100,422,1053,78630000,68097
4,7863,78630000,78630100,422,1053,78640000,68105
4,7864,78640000,78640100,422,1053,78650000,68116
4,7865,78650000,78650100,422,1053,78660000,68124
4,7866,78660000,78660100,422,1053,78670000,68134
4,7867,78670000,78670100,422,1053,78680000,68140
4,7868,78680000,78680100,422,1053,78690000,68150
4,7869,78690000,78690100,422,1053,78700000,68158
4,787,7870000,7870100,422,1053,7880000,6818
4,7870,78700000,78700100,422,1053,78710000,68167
4,7871,78710000,78710100,422,1053,78720000,68175
4,7872,78720000,78720100,422,1053,78730000,68187
4,7873,78730000,78730100,422,1053,78740000,68193
4,7874,78740000,78740100,422,1053,78750000,68200
4,7875,78750000,78750100,422,1053,78760000,68211
4,7876,78760000,78760100,422,1053,78770000,68220
4,7877,78770000,78770100,422,1053,78780000,68226
4,7878,78780000,78780100,422,1053,78790000,68238
4,7879,78790000,78790100,422,1053,78800000,68244
4,788,7880000,7880100,422,1053,7890000,6826
4,7880,78800000,78800100,422,1053,78810000,68254
4,7881,78810000,78810100,422,1053,78820000,68263
4,7882,78820000,78820100,422,1053,78830000,68272
4,7883,78830000,78830100,422,1053,78840000,68278
4,7884,78840000,78840100,422,1053,78850000,68289
4,7885,78850000,78850100,422,1053,78860000,68298
4,7886,78860000,78860100,422,1053,78870000,68305
4,7887,78870000,78870100,422,1053,78880000,68314
4,7888,78880000,78880100,422,1053,78890000,68323
4,7889,78890000,78890100,422,1053,78900000,68331
4,789,7890000,7890100,422,1053,7900000,6834
4,7890,78900000,78900100,422,1053,78910000,68342
4,7891,78910000,78910100,422,1053,78920000,68348
4,7892,78920000,78920100,422,1053,78930000,68359
4,7893,78930000,78930100,422,1053,78940000,68367
4,7894,78940000,78940100,422,1053,78950000,68374
4,7895,78950000,78950100,422,1053,78960000,68381
4,7896,78960000,78960100,422,1053,78970000,68395
4,7897,78970000,78970100,422,1053,78980000,68401
4,7898,78980000,78980100,422,1053,78990000,68409
4,7899,78990000,78990100,422,1053,79000000,68419
4,79,790000,790100,422,1053,800000,683
4,790,7900000,7900100,422,1053,7910000,6842
4,7900,79000000,79000100,422,1053,79010000,68428
4,7901,79010000,79010100,422,1053,79020000,68434
4,7902,79020000,79020100,422,1053,79030000,68444
4,7903,79030000,79030100,422,1053,79040000,68453
4,7904,79040000,79040100,422,1053,79050000,68462
4,7905,79050000,79050100,422,1053,79060000,68471
4,7906,79060000,79060100,422,1053,79070000,68480
4,7907,79070000,79070100,422,1053,79080000,68486
4,7908,79080000,79080100,422,1053,79090000,68497
4,7909,79090000,79090100,422,1053,79100000,68504
4,791,7910000,7910100,422,1053,7920000,6850
4,7910,79100000,79100100,422,1053,79110000,68514
4,7911,79110000,79110100,422,1053,79120000,68522
4,7912,79120000,79120100,422,1053,79130000,68531
4,7913,79130000,79130100,422,1053,79140000,68539
4,7914,79140000,79140100,422,1053,79150000,68550
4,7915,79150000,79150100,422,1053,79160000,68557
4,7916,79160000,79160100,422,1053,79170000,68565
4,7917,79170000,79170100,422,1053,79180000,68575
4,7918,79180000,79180100,422,1053,79190000,68582
4,7919,79190000,79190100,422,1053,79200000,68588
4,792,7920000,7920100,422,1053,7930000,6863
4,7920,79200000,79200100,422,1053,79210000,68604
4,7921,79210000,79210100,422,1053,79220000,68610
4,7922,79220000,79220100,422,1053,79230000,68617
4,7923,79230000,79230100,422,1053,79240000,68625
4,7924,79240000,79240100,422,1053,79250000,68635
4,7925,79250000,79250100,422,1053,79260000,68643
4,7926,79260000,79260100,422,1053,79270000,68653
4,7927,79270000,79270100,422,1053,79280000,68661
4,7928,79280000,79280100,422,1053,79290000,68670
4,7929,79290000,79290100,422,1053,79300000,68678
4,793,7930000,7930100,422,1053,7940000,6869
4,7930,79300000,79300100,422,1053,79310000,68686
4,7931,79310000,79310100,422,1053,79320000,68695
4,7932,79320000,79320100,422,1053,79330000,68706
4,7933,79330000,79330100,422,1053,79340000,68712
4,7934,79340000,79340100,422,1053,79350000,68721
4,7935,79350000,79350100,422,1053,79360000,68730
4,7936,79360000,79360100,422,1053,79370000,68740
4,7937,79370000,79370100,422,1053,79380000,68746
4,7938,79380000,79380100,422,1053,79390000,68758
4,7939,79390000,79390100,422,1053,79400000,68764
4,794,7940000,7940100,422,1053,7950000,6878
4,7940,79400000,79400100,422,1053,79410000,68773
4,7941,79410000,79410100,422,1053,79420000,68783
4,7942,79420000,79420100,422,1053,79430000,68791
4,7943,79430000,79430100,422,1053,79440000,68797
4,7944,79440000,79440100,422,1053,79450000,68809
4,7945,79450000,79450100,422,1053,79460000,68818
4,7946,79460000,79460100,422,1053,79470000,68825
4,7947,79470000,79470100,422,1053,79480000,68834
4,7948,79480000,79480100,422,1053,79490000,68844
4,7949,79490000,79490100,422,1053,79500000,68850
4,795,7950000,7950100,422,1053,7960000,6887
4,7950,79500000,79500100,422,1053,79510000,68861
4,7951,79510000,79510100,422,1053,79520000,68867
4,7952,79520000,79520100,422,1053,79530000,68878
4,7953,79530000,79530100,422,1053,79540000,68887
4,7954,79540000,79540100,422,1053,79550000,68894
4,7955,79550000,79550100,422,1053,79560000,68903
4,7956,79560000,79560100,422,1053,79570000,68914
4,7957,79570000,79570100,422,1053,79580000,68920
4,7958,79580000,79580100,422,1053,79590000,68928
4,7959,79590000,79590100,422,1053,79600000,68938
4,796,7960000,7960100,422,1053,7970000,6895
4,7960,79600000,79600100,422,1053,79610000,68948
4,7961,79610000,79610100,422,1053,79620000,68954
4,7962,79620000,79620100,422,1053,79630000,68966
4,7963,79630000,79630100,422,1053,79640000,68972
4,7964,79640000,79640100,422,1053,79650000,68981
4,7965,79650000,79650100,422,1053,79660000,68990
4,7966,79660000,79660100,422,1053,79670000,68999
4,7967,79670000,79670100,422,1053,79680000,69005
4,7968,79680000,79680100,422,1053,79690000,69017
4,7969,79690000,79690100,422,1053,79700000,69026
4,797,7970000,7970100,422,1053,7980000,6902
4,7970,79700000,79700100,422,1053,79710000,69034
4,7971,79710000,79710100,422,1053,79720000,69042
4,7972,79720000,79720100,422,1053,79730000,69050
4,7973,79730000,79730100,422,1053,79740000,69058
4,7974,79740000,79740100,422,1053,79750000,69068
4,7975,79750000,79750100,422,1053,79760000,69076
4,7976,79760000,79760100,422,1053,79770000,69087
4,7977,79770000,79770100,422,1053,79780000,69095
4,7978,79780000,79780100,422,1053,79790000,69102
4,7979,79790000,79790100,422,1053,79800000,69108
4,798,7980000,7980100,422,1053,7990000,6914
4,7980,79800000,79800100,422,1053,79810000,69123
4,7981,79810000,79810100,422,1053,79820000,69129
4,7982,79820000,79820100,422,1053,79830000,69136
4,7983,79830000,79830100,422,1053,79840000,69146
4,7984,79840000,79840100,422,1053,79850000,69155
4,7985,79850000,79850100,422,1053,79860000,69162
4,7986,79860000,79860100,422,1053,79870000,69173
4,7987,79870000,79870100,422,1053,79880000,69181
4,7988,79880000,79880100,422,1053,79890000,69189
4,7989,79890000,79890100,422,1053,79900000,69197
4,799,7990000,7990100,422,1053,8000000,6920
4,7990,79900000,79900100,422,1053,79910000,69207
4,7991,79910000,79910100,422,1053,79920000,69214
4,7992,79920000,79920100,422,1053,79930000,69226
4,7993,79930000,79930100,422,1053,79940000,69232
4,7994,79940000,79940100,422,1053,79950000,69241
4,7995,79950000,79950100,422,1053,79960000,69250
4,7996,79960000,79960100,422,1053,79970000,69258
4,7997,79970000,79970100,422,1053,79980000,69267
4,7998,79980000,79980100,422,1053,79990000,69277
4,7999,79990000,79990100,422,1053,80000000,69283
4,8,80000,80100,422,1053,90000,70
4,80,800000,800100,422,1053,810000,695
4,800,8000000,8000100,422,1053,8010000,6930
4,8000,80000000,80000100,422,1053,80010000,69293
4,8001,80010000,80010100,422,1053,80020000,69303
4,8002,80020000,80020100,422,1053,80030000,69311
4,8003,80030000,80030100,422,1053,80040000,69317
4,8004,80040000,80040100,422,1053,80050000,69330
4,8005,80050000,80050100,422,1053,80060000,69337
4,8006,80060000,80060100,422,1053,80070000,69344
4,8007,80070000,80070100,422,1053,80080000,69352
4,8008,80080000,80080100,422,1053,80090000,69364
4,8009,80090000,80090100,422,1053,80100000,69370
4,801,8010000,8010100,422,1053,8020000,6940
4,8010,80100000,80100100,422,1053,80110000,69381
4,8011,80110000,80110100,422,1053,80120000,69389
4,8012,80120000,80120100,422,1053,80130000,69397
4,8013,80130000,80130100,422,1053,80140000,69406
4,8014,80140000,80140100,422,1053,80150000,69413
4,8015,80150000,80150100,422,1053,80160000,69422
4,8016,80160000,80160100,422,1053,80170000,69434
4,8017,80170000,80170100,422,1053,80180000,69440
4,8018,80180000,80180100,422,1053,80190000,69449
4,8019,80190000,80190100,422,1053,80200000,69458
4,802,8020000,8020100,422,1053,8030000,6947
4,8020,80200000,80200100,422,1053,80210000,69467
4,8021,80210000,80210100,422,1053,80220000,69473
4,8022,80220000,80220100,422,1053,80230000,69485
4,8023,80230000,80230100,422,1053,80240000,69491
4,8024,80240000,80240100,422,1053,80250000,69501
4,8025,80250000,80250100,422,1053,80260000,69512
4,8026,80260000,80260100,422,1053,80270000,69519
4,8027,80270000,80270100,422,1053,80280000,69525
4,8028,80280000,80280100,422,1053,80290000,69536
4,8029,80290000,80290100,422,1053,80300000,69544
4,803,8030000,8030100,422,1053,8040000,6954
4,8030,80300000,80300100,422,1053,80310000,69553
4,8031,80310000,80310100,422,1053,80320000,69561
4,8032,80320000,80320100,422,1053,80330000,69572
4,8033,80330000,80330100,422,1053,80340000,69578
4,8034,80340000,80340100,422,1053,80350000,69588
4,8035,80350000,80350100,422,1053,80360000,69596
4,8036,80360000,80360100,422,1053,80370000,69606
4,8037,80370000,80370100,422,1053,80380000,69614
4,8038,80380000,80380100,422,1053,80390000,69621
4,8039,80390000,80390100,422,1053,80400000,69629
4,804,8040000,8040100,422,1053,8050000,6965
4,8040,80400000,80400100,422,1053,80410000,69642
4,8041,80410000,80410100,422,1053,80420000,69649
4,8042,80420000,80420100,422,1053,80430000,69656
4,8043,80430000,80430100,422,1053,80440000,69666
4,8044,80440000,80440100,422,1053,80450000,69674
4,8045,80450000,80450100,422,1053,80460000,69681
4,8046,80460000,80460100,422,1053,80470000,69694
4,8047,80470000,80470100,422,1053,80480000,69700
4,8048,80480000,80480100,422,1053,80490000,69709
4,8049,80490000,80490100,422,1053,80500000,69717
4,805,8050000,8050100,422,1053,8060000,6974
4,8050,80500000,80500100,422,1053,80510000,69727
4,8051,80510000,80510100,422,1053,80520000,69733
4,8052,80520000,80520100,422,1053,80530000,69745
4,8053,80530000,80530100,422,1053,80540000,69753
4,8054,80540000,80540100,422,1053,80550000,69760
4,8055,80550000,80550100,422,1053,80560000,69769
4,8056,80560000,80560100,422,1053,80570000,69778
4,8057,80570000,80570100,422,1053,80580000,69787
4,8058,80580000,80580100,422,1053,80590000,69797
4,8059,80590000,80590100,422,1053,80600000,69803
4,806,8060000,8060100,422,1053,8070000,6981
4,8060,80600000,80600100,422,1053,80610000,69814
4,8061,80610000,80610100,422,1053,80620000,69822
4,8062,80620000,80620100,422,1053,80630000,69829
4,8063,80630000,80630100,422,1053,80640000,69836
4,8064,80640000,80640100,422,1053,80650000,69850
4,8065,80650000,80650100,422,1053,80660000,69857
4,8066,80660000,80660100,422,1053,80670000,69864
4,8067,80670000,80670100,422,1053,80680000,69874
4,8068,80680000,80680100,422,1053,80690000,69883
4,8069,80690000,80690100,422,1053,80700000,69889
4,807,8070000,8070100,422,1053,8080000,6989
4,8070,80700000,80700100,422,1053,80710000,69900
4,8071,80710000,80710100,422,1053,80720000,69908
4,8072,80720000,80720100,422,1053,80730000,69917
4,8073,80730000,80730100,422,1053,80740000,69925
4,8074,80740000,80740100,422,1053,80750000,69935
4,8075,80750000,80750100,422,1053,80760000,69942
4,8076,80760000,80760100,422,1053,80770000,69953
4,8077,80770000,80770100,422,1053,80780000,69959
4,8078,80780000,80780100,422,1053,80790000,69968
4,8079,80790000,80790100,422,1053,80800000,69977
4,808,8080000,8080100,422,1053,8090000,7001
4,8080,80800000,80800100,422,1053,80810000,69987
4,8081,80810000,80810100,422,1053,80820000,69995
4,8082,80820000,80820100,422,1053,80830000,70005
4,8083,80830000,80830100,422,1053,80840000,70011
4,8084,80840000,80840100,422,1053,80850000,70019
4,8085,80850000,80850100,422,1053,80860000,70031
4,8086,80860000,80860100,422,1053,80870000,70038
4,8087,80870000,80870100,422,1053,80880000,70044
4,8088,80880000,80880100,422,1053,80890000,70058
4,8089,80890000,80890100,422,1053,80900000,70064
4,809,8090000,8090100,422,1053,8100000,7007
4,8090,80900000,80900100,422,1053,80910000,70073
4,8091,80910000,80910100,422,1053,80920000,70081
4,8092,80920000,80920100,422,1053,80930000,70091
4,8093,80930000,80930100,422,1053,80940000,70097
4,8094,80940000,80940100,422,1053,80950000,70107
4,8095,80950000,80950100,422,1053,80960000,70116
4,8096,80960000,80960100,422,1053,80970000,70126
4,8097,80970000,80970100,422,1053,80980000,70134
4,8098,80980000,80980100,422,1053,80990000,70141
4,8099,80990000,80990100,422,1053,81000000,70149
4,81,810000,810100,422,1053,820000,703
4,810,8100000,8100100,422,1053,8110000,7018
4,8100,81000000,81000100,422,1053,81010000,70161
4,8101,81010000,81010100,422,1053,81020000,70168
4,8102,81020000,81020100,422,1053,81030000,70177
4,8103,81030000,81030100,422,1053,81040000,70185
4,8104,81040000,81040100,422,1053,81050000,70194
4,8105,81050000,81050100,422,1053,81060000,70201
4,8106,81060000,81060100,422,1053,81070000,70213
4,8107,81070000,81070100,422,1053,81080000,70220
4,8108,81080000,81080100,422,1053,81090000,70228
4,8109,81090000,81090100,422,1053,81100000,70238
4,811,8110000,8110100,422,1053,8120000,7024
4,8110,81100000,81100100,422,1053,81110000,70246
4,8111,81110000,81110100,422,1053,81120000,70252
4,8112,81120000,81120100,422,1053,81130000,70265
4,8113,81130000,81130100,422,1053,81140000,70273
4,8114,81140000,81140100,422,1053,81150000,70280
4,8115,81150000,81150100,422,1053,81160000,70289
4,8116,81160000,81160100,422,1053,81170000,70299
4,8117,81170000,81170100,422,1053,81180000,70305
4,8118,81180000,81180100,422,1053,81190000,70316
4,8119,81190000,81190100,422,1053,81200000,70322
4,812,8120000,8120100,422,1053,8130000,7034
4,8120,81200000,81200100,422,1053,81210000,70334
4,8121,81210000,81210100,422,1053,81220000,70342
4,8122,81220000,81220100,422,1053,81230000,70349
4,8123,81230000,81230100,422,1053,81240000,70358
4,8124,81240000,81240100,422,1053,81250000,70369
4,8125,81250000,81250100,422,1053,81260000,70376
4,8126,81260000,81260100,422,1053,81270000,70383
4,8127,81270000,81270100,422,1053,81280000,70393
4,8128,81280000,81280100,422,1053,81290000,70402
4,8129,81290000,81290100,422,1053,81300000,70409
4,813,8130000,8130100,422,1053,8140000,7042
4,8130,81300000,81300100,422,1053,81310000,70422
4,8131,81310000,81310100,422,1053,81320000,70428
4,8132,81320000,81320100,422,1053,81330000,70436
4,8133,81330000,81330100,422,1053,81340000,70444
4,8134,81340000,81340100,422,1053,81350000,70454
4,8135,81350000,81350100,422,1053,81360000,70461
4,8136,81360000,81360100,422,1053,81370000,70473
4,8137,81370000,81370100,422,1053,81380000,70481
4,8138,81380000,81380100,422,1053,81390000,70488
4,8139,81390000,81390100,422,1053,81400000,70496
4,814,8140000,8140100,422,1053,8150000,7050
4,8140,81400000,81400100,422,1053,81410000,70506
4,8141,81410000,81410100,422,1053,81420000,70514
4,8142,81420000,81420100,422,1053,81430000,70524
4,8143,81430000,81430100,422,1053,81440000,70530
4,8144,81440000,81440100,422,1053,81450000,70541
4,8145,81450000,81450100,422,1053,81460000,70551
4,8146,81460000,81460100,422,1053,81470000,70558
4,8147,81470000,81470100,422,1053,81480000,70564
4,8148,81480000,81480100,422,1053,81490000,70577
4,8149,81490000,81490100,422,1053,81500000,70583
4,815,8150000,8150100,422,1053,8160000,7059
4,8150,81500000,81500100,422,1053,81510000,70591
4,8151,81510000,81510100,422,1053,81520000,70602
4,8152,81520000,81520100,422,1053,81530000,70611
4,8153,81530000,81530100,422,1053,81540000,70617
4,8154,81540000,81540100,422,1053,81550000,70627
4,8155,81550000,81550100,422,1053,81560000,70636
4,8156,81560000,81560100,422,1053,81570000,70645
4,8157,81570000,81570100,422,1053,81580000,70653
4,8158,81580000,81580100,422,1053,81590000,70662
4,8159,81590000,81590100,422,1053,81600000,70668
4,816,8160000,8160100,422,1053,8170000,7071
4,8160,81600000,81600100,422,1053,81610000,70681
4,8161,81610000,81610100,422,1053,81620000,70687
4,8162,81620000,81620100,422,1053,81630000,70697
4,8163,81630000,81630100,422,1053,81640000,70705
4,8164,81640000,81640100,422,1053,81650000,70713
4,8165,81650000,81650100,422,1053,81660000,70722
4,8166,81660000,81660100,422,1053,81670000,70732
4,8167,81670000,81670100,422,1053,81680000,70739
4,8168,81680000,81680100,422,1053,81690000,70748
4,8169,81690000,81690100,422,1053,81700000,70758
4,817,8170000,8170100,422,1053,8180000,7077
4,8170,81700000,81700100,422,1053,81710000,70766
4,8171,81710000,81710100,422,1053,81720000,70772
4,8172,81720000,81720100,422,1053,81730000,70785
4,8173,81730000,81730100,422,1053,81740000,70792
4,8174,81740000,81740100,422,1053,81750000,70799
4,8175,81750000,81750100,422,1053,81760000,70808
4,8176,81760000,81760100,422,1053,81770000,70819
4,8177,81770000,81770100,422,1053,81780000,70825
4,8178,81780000,81780100,422,1053,81790000,70836
4,8179,81790000,81790100,422,1053,81800000,70844
4,818,8180000,8180100,422,1053,8190000,7084
4,8180,81800000,81800100,422,1053,81810000,70853
4,8181,81810000,81810100,422,1053,81820000,70861
4,8182,81820000,81820100,422,1053,81830000,70868
4,8183,81830000,81830100,422,1053,81840000,70876
4,8184,81840000,81840100,422,1053,81850000,70889
4,8185,81850000,81850100,422,1053,81860000,70896
4,8186,81860000,81860100,422,1053,81870000,70905
4,8187,81870000,81870100,422,1053,81880000,70913
4,8188,81880000,81880100,422,1053,81890000,70921
4,8189,81890000,81890100,422,1053,81900000,70928
4,819,8190000,8190100,422,1053,8200000,7095
4,8190,81900000,81900100,422,1053,81910000,70941
4,8191,81910000,81910100,422,1053,81920000,70947
4,8192,81920000,81920100,422,1053,81930000,70956
4,8193,81930000,81930100,422,1053,81940000,70966
4,8194,81940000,81940100,422,1053,81950000,70973
4,8195,81950000,81950100,422,1053,81960000,70981
4,8196,81960000,81960100,422,1053,81970000,70992
4,8197,81970000,81970100,422,1053,81980000,71000
4,8198,81980000,81980100,422,1053,81990000,71007
4,8199,81990000,81990100,422,1053,82000000,71015
4,82,820000,820100,422,1053,830000,711
4,820,8200000,8200100,422,1053,8210000,7104
4,8200,82000000,82000100,422,1053,82010000,71028
4,8201,82010000,82010100,422,1053,82020000,71034
4,8202,82020000,82020100,422,1053,82030000,71044
4,8203,82030000,82030100,422,1053,82040000,71050
4,8204,82040000,82040100,422,1053,82050000,71060
4,8205,82050000,82050100,422,1053,82060000,71069
4,8206,82060000,82060100,422,1053,82070000,71077
4,8207,82070000,82070100,422,1053,82080000,71085
4,8208,82080000,82080100,422,1053,82090000,71097
4,8209,82090000,82090100,422,1053,82100000,71103
4,821,8210000,8210100,422,1053,8220000,7110
4,8210,82100000,82100100,422,1053,82110000,71111
4,8211,82110000,82110100,422,1053,82120000,71122
4,8212,82120000,82120100,422,1053,82130000,71130
4,8213,82130000,82130100,422,1053,82140000,71136
4,8214,82140000,82140100,422,1053,82150000,71148
4,8215,82150000,82150100,422,1053,82160000,71155
4,8216,82160000,82160100,422,1053,82170000,71164
4,8217,82170000,82170100,422,1053,82180000,71173
4,8218,82180000,82180100,422,1053,82190000,71182
4,8219,82190000,82190100,422,1053,82200000,71188
4,822,8220000,8220100,422,1053,8230000,7122
4,8220,82200000,82200100,422,1053,82210000,71200
4,8221,82210000,82210100,422,1053,82220000,71208
4,8222,82220000,82220100,422,1053,82230000,71216
4,8223,82230000,82230100,422,1053,82240000,71224
4,8224,82240000,82240100,422,1053,82250000,71233
4,8225,82250000,82250100,422,1053,82260000,71242
4,8226,82260000,82260100,422,1053,82270000,71252
4,8227,82270000,82270100,422,1053,82280000,71258
4,8228,82280000,82280100,422,1053,82290000,71269
4,8229,82290000,82290100,422,1053,82300000,71277
4,823,8230000,8230100,422,1053,8240000,7128
4,8230,82300000,82300100,422,1053,82310000,71285
4,8231,82310000,82310100,422,1053,82320000,71291
4,8232,82320000,82320100,422,1053,82330000,71305
4,8233,82330000,82330100,422,1053,82340000,71312
4,8234,82340000,82340100,422,1053,82350000,71319
4,8235,82350000,82350100,422,1053,82360000,71330
4,8236,82360000,82360100,422,1053,82370000,71338
4,8237,82370000,82370100,422,1053,82380000,71344
4,8238,82380000,82380100,422,1053,82390000,71354
4,8239,82390000,82390100,422,1053,82400000,71363
4,824,8240000,8240100,422,1053,8250000,7137
4,8240,82400000,82400100,422,1053,82410000,71373
4,8241,82410000,82410100,422,1053,82420000,71381
4,8242,82420000,82420100,422,1053,82430000,71390
4,8243,82430000,82430100,422,1053,82440000,71396
4,8244,82440000,82440100,422,1053,82450000,71408
4,8245,82450000,82450100,422,1053,82460000,71415
4,8246,82460000,82460100,422,1053,82470000,71424
4,8247,82470000,82470100,422,1053,82480000,71432
4,8248,82480000,82480100,422,1053,82490000,71441
4,8249,82490000,82490100,422,1053,82500000,71449
4,825,8250000,8250100,422,1053,8260000,7147
4,8250,82500000,82500100,422,1053,82510000,71461
4,8251,82510000,82510100,422,1053,82520000,71467
4,8252,82520000,82520100,422,1053,82530000,71475
4,8253,82530000,82530100,422,1053,82540000,71485
4,8254,82540000,82540100,422,1053,82550000,71492
4,8255,82550000,82550100,422,1053,82560000,71500
4,8256,82560000,82560100,422,1053,82570000,71514
4,8257,82570000,82570100,422,1053,82580000,71520
4,8258,82580000,82580100,422,1053,82590000,71527
4,8259,82590000,82590100,422,1053,82600000,71535
4,826,8260000,8260100,422,1053,8270000,7156
4,8260,82600000,82600100,422,1053,82610000,71546
4,8261,82610000,82610100,422,1053,82620000,71553
4,8262,82620000,82620100,422,1053,82630000,71563
4,8263,82630000,82630100,422,1053,82640000,71571
4,8264,82640000,82640100,422,1053,82650000,71580
4,8265,82650000,82650100,422,1053,82660000,71589
4,8266,82660000,82660100,422,1053,82670000,71597
4,8267,82670000,82670100,422,1053,82680000,71605
4,8268,82680000,82680100,422,1053,82690000,71616
4,8269,82690000,82690100,422,1053,82700000,71622
4,827,8270000,8270100,422,1053,8280000,7162
4,8270,82700000,82700100,422,1053,82710000,71632
4,8271,82710000,82710100,422,1053,82720000,71640
4,8272,82720000,82720100,422,1053,82730000,71650
4,8273,82730000,82730100,422,1053,82740000,71656
4,8274,82740000,82740100,422,1053,82750000,71668
4,8275,82750000,82750100,422,1053,82760000,71675
4,8276,82760000,82760100,422,1053,82770000,71683
4,8277,82770000,82770100,422,1053,82780000,71694
4,8278,82780000,82780100,422,1053,82790000,71701
4,8279,82790000,82790100,422,1053,82800000,71707
4,828,8280000,8280100,422,1053,8290000,7173
4,8280,82800000,82800100,422,1053,82810000,71720
4,8281,82810000,82810100,422,1053,82820000,71728
4,8282,82820000,82820100,422,1053,82830000,71735
4,8283,82830000,82830100,422,1053,82840000,71744
4,8284,82840000,82840100,422,1053,82850000,71754
4,8285,82850000,82850100,422,1053,82860000,71761
4,8286,82860000,82860100,422,1053,82870000,71771
4,8287,82870000,82870100,422,1053,82880000,71777
4,8288,82880000,82880100,422,1053,82890000,71789
4,8289,82890000,82890100,422,1053,82900000,71797
4,829,8290000,8290100,422,1053,8300000,7181
4,8290,82900000,82900100,422,1053,82910000,71805
4,8291,82910000,82910100,422,1053,82920000,71813
4,8292,82920000,82920100,422,1053,82930000,71824
4,8293,82930000,82930100,422,1053,82940000,71830
4,8294,82940000,82940100,422,1053,82950000,71838
4,8295,82950000,82950100,422,1053,82960000,71849
4,8296,82960000,82960100,422,1053,82970000,71858
4,8297,82970000,82970100,422,1053,82980000,71864
4,8298,82980000,82980100,422,1053,82990000,71876
4,8299,82990000,82990100,422,1053,83000000,71883
4,83,830000,830100,422,1053,840000,717
4,830,8300000,8300100,422,1053,8310000,7190
4,8300,83000000,83000100,422,1053,83010000,71892
4,8301,83010000,83010100,422,1053,83020000,71900
4,8302,83020000,83020100,422,1053,83030000,71909
4,8303,83030000,83030100,422,1053,83040000,71915
4,8304,83040000,83040100,422,1053,83050000,71927
4,8305,83050000,83050100,422,1053,83060000,71937
4,8306,83060000,83060100,422,1053,83070000,71944
4,8307,83070000,83070100,422,1053,83080000,71952
4,8308,83080000,83080100,422,1053,83090000,71960
4,8309,83090000,83090100,422,1053,83100000,71968
4,831,8310000,8310100,422,1053,8320000,7198
4,8310,83100000,83100100,422,1053,83110000,71980
4,8311,83110000,83110100,422,1053,83120000,71986
4,8312,83120000,83120100,422,1053,83130000,71997
4,8313,83130000,83130100,422,1053,83140000,72005
4,8314,83140000,83140100,422,1053,83150000,72012
4,8315,83150000,83150100,422,1053,83160000,72019
4,8316,83160000,83160100,422,1053,83170000,72033
4,8317,83170000,83170100,422,1053,83180000,72039
4,8318,83180000,83180100,422,1053,83190000,72046
4,8319,83190000,83190100,422,1053,83200000,72056
4,832,8320000,8320100,422,1053,8330000,7207
4,8320,83200000,83200100,422,1053,83210000,72066
4,8321,83210000,83210100,422,1053,83220000,72073
4,8322,83220000,83220100,422,1053,83230000,72083
4,8323,83230000,83230100,422,1053,83240000,72091
4,8324,83240000,83240100,422,1053,83250000,72099
4,8325,83250000,83250100,422,1053,83260000,72108
4,8326,83260000,83260100,422,1053,83270000,72117
4,8327,83270000,83270100,422,1053,83280000,72124
4,8328,83280000,83280100,422,1053,83290000,72136
4,8329,83290000,83290100,422,1053,83300000,72142
4,833,8330000,8330100,422,1053,8340000,7215
4,8330,83300000,83300100,422,1053,83310000,72152
4,8331,83310000,83310100,422,1053,83320000,72160
4,8332,83320000,83320100,422,1053,83330000,72169
4,8333,83330000,83330100,422,1053,83340000,72177
4,8334,83340000,83340100,422,1053,83350000,72187
4,8335,83350000,83350100,422,1053,83360000,72194
4,8336,83360000,83360100,422,1053,83370000,72203
4,8337,83370000,83370100,422,1053,83380000,72213
4,8338,83380000,83380100,422,1053,83390000,72221
4,8339,83390000,83390100,422,1053,83400000,72227
4,834,8340000,8340100,422,1053,8350000,7225
4,8340,83400000,83400100,422,1053,83410000,72241
4,8341,83410000,83410100,422,1053,83420000,72247
4,8342,83420000,83420100,422,1053,83430000,72254
4,8343,83430000,83430100,422,1053,83440000,72263
4,8344,83440000,83440100,422,1053,83450000,72274
4,8345,83450000,83450100,422,1053,83460000,72281
4,8346,83460000,83460100,422,1053,83470000,72291
4,8347,83470000,83470100,422,1053,83480000,72299
4,8348,83480000,83480100,422,1053,83490000,72307
4,8349,83490000,83490100,422,1053,83500000,72316
4,835,8350000,8350100,422,1053,8360000,7232
4,8350,83500000,83500100,422,1053,83510000,72324
4,8351,83510000,83510100,422,1053,83520000,72332
4,8352,83520000,83520100,422,1053,83530000,72344
4,8353,83530000,83530100,422,1053,83540000,72350
4,8354,83540000,83540100,422,1053,83550000,72360
4,8355,83550000,83550100,422,1053,83560000,72369
4,8356,83560000,83560100,422,1053,83570000,72377
4,8357,83570000,83570100,422,1053,83580000,72383
4,8358,83580000,83580100,422,1053,83590000,72395
4,8359,83590000,83590100,422,1053,83600000,72401
4,836,8360000,8360100,422,1053,8370000,7243
4,8360,83600000,83600100,422,1053,83610000,72412
4,8361,83610000,83610100,422,1053,83620000,72422
4,8362,83620000,83620100,422,1053,83630000,72429
4,8363,83630000,83630100,422,1053,83640000,72435
4,8364,83640000,83640100,422,1053,83650000,72446
4,8365,83650000,83650100,422,1053,83660000,72456
4,8366,83660000,83660100,422,1053,83670000,72463
4,8367,83670000,83670100,422,1053,83680000,72471
4,8368,83680000,83680100,422,1053,83690000,72482
4,8369,83690000,83690100,422,1053,83700000,72488
4,837,8370000,8370100,422,1053,8380000,7251
4,8370,83700000,83700100,422,1053,83710000,72499
4,8371,83710000,83710100,422,1053,83720000,72506
4,8372,83720000,83720100,422,1053,83730000,72516
4,8373,83730000,83730100,422,1053,83740000,72524
4,8374,83740000,83740100,422,1053,83750000,72531
4,8375,83750000,83750100,422,1053,83760000,72540
4,8376,83760000,83760100,422,1053,83770000,72553
4,8377,83770000,83770100,422,1053,83780000,72559
4,8378,83780000,83780100,422,1053,83790000,72566
4,8379,83790000,83790100,422,1053,83800000,72576
4,838,8380000,8380100,422,1053,8390000,7258
4,8380,83800000,83800100,422,1053,83810000,72585
4,8381,83810000,83810100,422,1053,83820000,72591
4,8382,83820000,83820100,422,1053,83830000,72604
4,8383,83830000,83830100,422,1053,83840000,72610
4,8384,83840000,83840100,422,1053,83850000,72619
4,8385,83850000,83850100,422,1053,83860000,72628
4,8386,83860000,83860100,422,1053,83870000,72637
4,8387,83870000,83870100,422,1053,83880000,72644
4,8388,83880000,83880100,422,1053,83890000,72655
4,8389,83890000,83890100,422,1053,83900000,72663
4,839,8390000,8390100,422,1053,8400000,7264
4,8390,83900000,83900100,422,1053,83910000,72671
4,8391,83910000,83910100,422,1053,83920000,72679
4,8392,83920000,83920100,422,1053,83930000,72688
4,8393,83930000,83930100,422,1053,83940000,72697
4,8394,83940000,83940100,422,1053,83950000,72707
4,8395,83950000,83950100,422,1053,83960000,72714
4,8396,83960000,83960100,422,1053,83970000,72724
4,8397,83970000,83970100,422,1053,83980000,72732
4,8398,83980000,83980100,422,1053,83990000,72740
4,8399,83990000,83990100,422,1053,84000000,72746
4,84,840000,840100,422,1053,850000,730
4,840,8400000,8400100,422,1053,8410000,7279
4,8400,84000000,84000100,422,1053,84010000,72761
4,8401,84010000,84010100,422,1053,84020000,72767
4,8402,84020000,84020100,422,1053,84030000,72774
4,8403,84030000,84030100,422,1053,84040000,72784
4,8404,84040000,84040100,422,1053,84050000,72793
4,8405,84050000,84050100,422,1053,84060000,72800
4,8406,84060000,84060100,422,1053,84070000,72810
4,8407,84070000,84070100,422,1053,84080000,72818
4,8408,84080000,84080100,422,1053,84090000,72827
4,8409,84090000,84090100,422,1053,84100000,72836
4,841,8410000,8410100,422,1053,8420000,7286
4,8410,84100000,84100100,422,1053,84110000,72846
4,8411,84110000,84110100,422,1053,84120000,72852
4,8412,84120000,84120100,422,1053,84130000,72863
4,8413,84130000,84130100,422,1053,84140000,72869
4,8414,84140000,84140100,422,1053,84150000,72878
4,8415,84150000,84150100,422,1053,84160000,72888
4,8416,84160000,84160100,422,1053,84170000,72897
4,8417,84170000,84170100,422,1053,84180000,72905
4,8418,84180000,84180100,422,1053,84190000,72915
4,8419,84190000,84190100,422,1053,84200000,72921
4,842,8420000,8420100,422,1053,8430000,7293
4,8420,84200000,84200100,422,1053,84210000,72931
4,8421,84210000,84210100,422,1053,84220000,72941
4,8422,84220000,84220100,422,1053,84230000,72948
4,8423,84230000,84230100,422,1053,84240000,72954
4,8424,84240000,84240100,422,1053,84250000,72968
4,8425,84250000,84250100,422,1053,84260000,72975
4,8426,84260000,84260100,422,1053,84270000,72983
4,8427,84270000,84270100,422,1053,84280000,72991
4,8428,84280000,84280100,422,1053,84290000,73001
4,8429,84290000,84290100,422,1053,84300000,73007
4,843,8430000,8430100,422,1053,8440000,7303
4,8430,84300000,84300100,422,1053,84310000,73018
4,8431,84310000,84310100,422,1053,84320000,73027
4,8432,84320000,84320100,422,1053,84330000,73036
4,8433,84330000,84330100,422,1053,84340000,73044
4,8434,84340000,84340100,422,1053,84350000,73051
4,8435,84350000,84350100,422,1053,84360000,73060
4,8436,84360000,84360100,422,1053,84370000,73071
4,8437,84370000,84370100,422,1053,84380000,73078
4,8438,84380000,84380100,422,1053,84390000,73087
4,8439,84390000,84390100,422,1053,84400000,73095
4,844,8440000,8440100,422,1053,8450000,7311
4,8440,84400000,84400100,422,1053,84410000,73105
4,8441,84410000,84410100,422,1053,84420000,73111
4,8442,84420000,84420100,422,1053,84430000,73124
4,8443,84430000,84430100,422,1053,84440000,73130
4,8444,84440000,84440100,422,1053,84450000,73138
4,8445,84450000,84450100,422,1053,84460000,73149
4,8446,84460000,84460100,422,1053,84470000,73156
4,8447,84470000,84470100,422,1053,84480000,73162
4,8448,84480000,84480100,422,1053,84490000,73175
4,8449,84490000,84490100,422,1053,84500000,73183
4,845,8450000,8450100,422,1053,8460000,7318
4,8450,84500000,84500100,422,1053,84510000,73191
4,8451,84510000,84510100,422,1053,84520000,73199
4,8452,84520000,84520100,422,1053,84530000,73209
4,8453,84530000,84530100,422,1053,84540000,73216
4,8454,84540000,84540100,422,1053,84550000,73226
4,8455,84550000,84550100,422,1053,84560000,73233
4,8456,84560000,84560100,422,1053,84570000,73244
4,8457,84570000,84570100,422,1053,84580000,73252
4,8458,84580000,84580100,422,1053,84590000,73259
4,8459,84590000,84590100,422,1053,84600000,73268
4,846,8460000,8460100,422,1053,8470000,7328
4,8460,84600000,84600100,422,1053,84610000,73280
4,8461,84610000,84610100,422,1053,84620000,73286
4,8462,84620000,84620100,422,1053,84630000,73293
4,8463,84630000,84630100,422,1053,84640000,73303
4,8464,84640000,84640100,422,1053,84650000,73313
4,8465,84650000,84650100,422,1053,84660000,73320
4,8466,84660000,84660100,422,1053,84670000,73332
4,8467,84670000,84670100,422,1053,84680000,73338
4,8468,84680000,84680100,422,1053,84690000,73346
4,8469,84690000,84690100,422,1053,84700000,73354
4,847,8470000,8470100,422,1053,8480000,7337
4,8470,84700000,84700100,422,1053,84710000,73365
4,8471,84710000,84710100,422,1053,84720000,73371
4,8472,84720000,84720100,422,1053,84730000,73383
4,8473,84730000,84730100,422,1053,84740000,73391
4,8474,84740000,84740100,422,1053,84750000,73398
4,8475,84750000,84750100,422,1053,84760000,73408
4,8476,84760000,84760100,422,1053,84770000,73416
4,8477,84770000,84770100,422,1053,84780000,73424
4,8478,84780000,84780100,422,1053,84790000,73434
4,8479,84790000,84790100,422,1053,84800000,73440
4,848,8480000,8480100,422,1053,8490000,7346
4,8480,84800000,84800100,422,1053,84810000,73452
4,8481,84810000,84810100,422,1053,84820000,73461
4,8482,84820000,84820100,422,1053,84830000,73468
4,8483,84830000,84830100,422,1053,84840000,73474
4,8484,84840000,84840100,422,1053,84850000,73487
4,8485,84850000,84850100,422,1053,84860000,73494
4,8486,84860000,84860100,422,1053,84870000,73502
4,8487,84870000,84870100,422,1053,84880000,73512
4,8488,84880000,84880100,422,1053,84890000,73521
4,8489,84890000,84890100,422,1053,84900000,73527
4,849,8490000,8490100,422,1053,8500000,7354
4,8490,84900000,84900100,422,1053,84910000,73538
4,8491,84910000,84910100,422,1053,84920000,73546
4,8492,84920000,84920100,422,1053,84930000,73555
4,8493,84930000,84930100,422,1053,84940000,73563
4,8494,84940000,84940100,422,1053,84950000,73572
4,8495,84950000,84950100,422,1053,84960000,73579
4,8496,84960000,84960100,422,1053,84970000,73591
4,8497,84970000,84970100,422,1053,84980000,73598
4,8498,84980000,84980100,422,1053,84990000,73607
4,8499,84990000,84990100,422,1053,85000000,73615
4,85,850000,850100,422,1053,860000,737
4,850,8500000,8500100,422,1053,8510000,7364
4,8500,85000000,85000100,422,1053,85010000,73624
4,8501,85010000,85010100,422,1053,85020000,73632
4,8502,85020000,85020100,422,1053,85030000,73642
4,8503,85030000,85030100,422,1053,85040000,73649
4,8504,85040000,85040100,422,1053,85050000,73658
4,8505,85050000,85050100,422,1053,85060000,73669
4,8506,85060000,85060100,422,1053,85070000,73676
4,8507,85070000,85070100,422,1053,85080000,73682
4,8508,85080000,85080100,422,1053,85090000,73696
4,8509,85090000,85090100,422,1053,85100000,73702
4,851,8510000,8510100,422,1053,8520000,7370
4,8510,85100000,85100100,422,1053,85110000,73710
4,8511,85110000,85110100,422,1053,85120000,73718
4,8512,85120000,85120100,422,1053,85130000,73729
4,8513,85130000,85130100,422,1053,85140000,73735
4,8514,85140000,85140100,422,1053,85150000,73746
4,8515,85150000,85150100,422,1053,85160000,73755
4,8516,85160000,85160100,422,1053,85170000,73763
4,8517,85170000,85170100,422,1053,85180000,73771
4,8518,85180000,85180100,422,1053,85190000,73778
4,8519,85190000,85190100,422,1053,85200000,73787
4,852,8520000,8520100,422,1053,8530000,7382
4,8520,85200000,85200100,422,1053,85210000,73800
4,8521,85210000,85210100,422,1053,85220000,73806
4,8522,85220000,85220100,422,1053,85230000,73815
4,8523,85230000,85230100,422,1053,85240000,73823
4,8524,85240000,85240100,422,1053,85250000,73831
4,8525,85250000,85250100,422,1053,85260000,73839
4,8526,85260000,85260100,422,1053,85270000,73851
4,8527,85270000,85270100,422,1053,85280000,73857
4,8528,85280000,85280100,422,1053,85290000,73866
4,8529,85290000,85290100,422,1053,85300000,73876
4,853,8530000,8530100,422,1053,8540000,7388
4,8530,85300000,85300100,422,1053,85310000,73885
4,8531,85310000,85310100,422,1053,85320000,73891
4,8532,85320000,85320100,422,1053,85330000,73902
4,8533,85330000,85330100,422,1053,85340000,73910
4,8534,85340000,85340100,422,1053,85350000,73917
4,8535,85350000,85350100,422,1053,85360000,73926
4,8536,85360000,85360100,422,1053,85370000,73938
4,8537,85370000,85370100,422,1053,85380000,73944
4,8538,85380000,85380100,422,1053,85390000,73954
4,8539,85390000,85390100,422,1053,85400000,73960
4,854,8540000,8540100,422,1053,8550000,7397
4,8540,85400000,85400100,422,1053,85410000,73971
4,8541,85410000,85410100,422,1053,85420000,73980
4,8542,85420000,85420100,422,1053,85430000,73987
4,8543,85430000,85430100,422,1053,85440000,73995
4,8544,85440000,85440100,422,1053,85450000,74007
4,8545,85450000,85450100,422,1053,85460000,74014
4,8546,85460000,85460100,422,1053,85470000,74021
4,8547,85470000,85470100,422,1053,85480000,74032
4,8548,85480000,85480100,422,1053,85490000,74040
4,8549,85490000,85490100,422,1053,85500000,74046
4,855,8550000,8550100,422,1053,8560000,7406
4,8550,85500000,85500100,422,1053,85510000,74059
4,8551,85510000,85510100,422,1053,85520000,74065
4,8552,85520000,85520100,422,1053,85530000,74075
4,8553,85530000,85530100,422,1053,85540000,74083
4,8554,85540000,85540100,422,1053,85550000,74092
4,8555,85550000,85550100,422,1053,85560000,74099
4,8556,85560000,85560100,422,1053,85570000,74110
4,8557,85570000,85570100,422,1053,85580000,74118
4,8558,85580000,85580100,422,1053,85590000,74126
4,8559,85590000,85590100,422,1053,85600000,74134
4,856,8560000,8560100,422,1053,8570000,7415
4,8560,85600000,85600100,422,1053,85610000,74144
4,8561,85610000,85610100,422,1053,85620000,74152
4,8562,85620000,85620100,422,1053,85630000,74162
4,8563,85630000,85630100,422,1053,85640000,74169
4,8564,85640000,85640100,422,1053,85650000,74179
4,8565,85650000,85650100,422,1053,85660000,74188
4,8566,85660000,85660100,422,1053,85670000,74195
4,8567,85670000,85670100,422,1053,85680000,74201
4,8568,85680000,85680100,422,1053,85690000,74215
4,8569,85690000,85690100,422,1053,85700000,74222
4,857,8570000,8570100,422,1053,8580000,7423
4,8570,85700000,85700100,422,1053,85710000,74230
4,8571,85710000,85710100,422,1053,85720000,74240
4,8572,85720000,85720100,422,1053,85730000,74248
4,8573,85730000,85730100,422,1053,85740000,74254
4,8574,85740000,85740100,422,1053,85750000,74265
4,8575,85750000,85750100,422,1053,85760000,74274
4,8576,85760000,85760100,422,1053,85770000,74283
4,8577,85770000,85770100,422,1053,85780000,74291
4,8578,85780000,85780100,422,1053,85790000,74300
4,8579,85790000,85790100,422,1053,85800000,74306
4,858,8580000,8580100,422,1053,8590000,7434
4,8580,85800000,85800100,422,1053,85810000,74319
4,8581,85810000,85810100,422,1053,85820000,74325
4,8582,85820000,85820100,422,1053,85830000,74334
4,8583,85830000,85830100,422,1053,85840000,74342
4,8584,85840000,85840100,422,1053,85850000,74351
4,8585,85850000,85850100,422,1053,85860000,74361
4,8586,85860000,85860100,422,1053,85870000,74371
4,8587,85870000,85870100,422,1053,85880000,74377
4,8588,85880000,85880100,422,1053,85890000,74385
4,8589,85890000,85890100,422,1053,85900000,74395
4,859,8590000,8590100,422,1053,8600000,7440
4,8590,85900000,85900100,422,1053,85910000,74403
4,8591,85910000,85910100,422,1053,85920000,74410
4,8592,85920000,85920100,422,1053,85930000,74424
4,8593,85930000,85930100,422,1053,85940000,74430
4,8594,85940000,85940100,422,1053,85950000,74437
4,8595,85950000,85950100,422,1053,85960000,74446
4,8596,85960000,85960100,422,1053,85970000,74457
4,8597,85970000,85970100,422,1053,85980000,74463
4,8598,85980000,85980100,422,1053,85990000,74473
4,8599,85990000,85990100,422,1053,86000000,74481
4,86,860000,860100,422,1053,870000,744
4,860,8600000,8600100,422,1053,8610000,7449
4,8600,86000000,86000100,422,1053,86010000,74491
4,8601,86010000,86010100,422,1053,86020000,74499
4,8602,86020000,86020100,422,1053,86030000,74507
4,8603,86030000,86030100,422,1053,86040000,74515
4,8604,86040000,86040100,422,1053,86050000,74526
4,8605,86050000,86050100,422,1053,86060000,74533
4,8606,86060000,86060100,422,1053,86070000,74542
4,8607,86070000,86070100,422,1053,86080000,74551
4,8608,86080000,86080100,422,1053,86090000,74560
4,8609,86090000,86090100,422,1053,86100000,74566
4,861,8610000,8610100,422,1053,8620000,7459
4,8610,86100000,86100100,422,1053,86110000,74579
4,8611,86110000,86110100,422,1053,86120000,74585
4,8612,86120000,86120100,422,1053,86130000,74593
4,8613,86130000,86130100,422,1053,86140000,74604
4,8614,86140000,86140100,422,1053,86150000,74611
4,8615,86150000,86150100,422,1053,86160000,74618
4,8616,86160000,86160100,422,1053,86170000,74630
4,8617,86170000,86170100,422,1053,86180000,74638
4,8618,86180000,86180100,422,1053,86190000,74646
4,8619,86190000,86190100,422,1053,86200000,74654
4,862,8620000,8620100,422,1053,8630000,7466
4,8620,86200000,86200100,422,1053,86210000,74665
4,8621,86210000,86210100,422,1053,86220000,74671
4,8622,86220000,86220100,422,1053,86230000,74681
4,8623,86230000,86230100,422,1053,86240000,74687
4,8624,86240000,86240100,422,1053,86250000,74699
4,8625,86250000,86250100,422,1053,86260000,74708
4,8626,86260000,86260100,422,1053,86270000,74715
4,8627,86270000,86270100,422,1053,86280000,74723
4,8628,86280000,86280100,422,1053,86290000,74734
4,8629,86290000,86290100,422,1053,86300000,74741
4,863,8630000,8630100,422,1053,8640000,7473
4,8630,86300000,86300100,422,1053,86310000,74749
4,8631,86310000,86310100,422,1053,86320000,74759
4,8632,86320000,86320100,422,1053,86330000,74768
4,8633,86330000,86330100,422,1053,86340000,74774
4,8634,86340000,86340100,422,1053,86350000,74786
4,8635,86350000,86350100,422,1053,86360000,74794
4,8636,86360000,86360100,422,1053,86370000,74802
4,8637,86370000,86370100,422,1053,86380000,74810
4,8638,86380000,86380100,422,1053,86390000,74819
4,8639,86390000,86390100,422,1053,86400000,74825
4,864,8640000,8640100,422,1053,8650000,7487
4,8640,86400000,86400100,422,1053,86410000,74839
4,8641,86410000,86410100,422,1053,86420000,74847
4,8642,86420000,86420100,422,1053,86430000,74854
4,8643,86430000,86430100,422,1053,86440000,74862
4,8644,86440000,86440100,422,1053,86450000,74870
4,8645,86450000,86450100,422,1053,86460000,74879
4,8646,86460000,86460100,422,1053,86470000,74890
4,8647,86470000,86470100,422,1053,86480000,74896
4,8648,86480000,86480100,422,1053,86490000,74907
4,8649,86490000,86490100,422,1053,86500000,74915
4,865,8650000,8650100,422,1053,8660000,7494
4,8650,86500000,86500100,422,1053,86510000,74923
4,8651,86510000,86510100,422,1053,86520000,74930
4,8652,86520000,86520100,422,1053,86530000,74943
4,8653,86530000,86530100,422,1053,86540000,74949
4,8654,86540000,86540100,422,1053,86550000,74956
4,8655,86550000,86550100,422,1053,86560000,74967
4,8656,86560000,86560100,422,1053,86570000,74976
4,8657,86570000,86570100,422,1053,86580000,74983
4,8658,86580000,86580100,422,1053,86590000,74993
4,8659,86590000,86590100,422,1053,86600000,75001
4,866,8660000,8660100,422,1053,8670000,7501
4,8660,86600000,86600100,422,1053,86610000,75010
4,8661,86610000,86610100,422,1053,86620000,75018
4,8662,86620000,86620100,422,1053,86630000,75028
4,8663,86630000,86630100,422,1053,86640000,75034
4,8664,86640000,86640100,422,1053,86650000,75046
4,8665,86650000,86650100,422,1053,86660000,75053
4,8666,86660000,86660100,422,1053,86670000,75062
4,8667,86670000,86670100,422,1053,86680000,75070
4,8668,86680000,86680100,422,1053,86690000,75079
4,8669,86690000,86690100,422,1053,86700000,75087
4,867,8670000,8670100,422,1053,8680000,7509
4,8670,86700000,86700100,422,1053,86710000,75098
4,8671,86710000,86710100,422,1053,86720000,75104
4,8672,86720000,86720100,422,1053,86730000,75113
4,8673,86730000,86730100,422,1053,86740000,75124
4,8674,86740000,86740100,422,1053,86750000,75131
4,8675,86750000,86750100,422,1053,86760000,75138
4,8676,86760000,86760100,422,1053,86770000,75151
4,8677,86770000,86770100,422,1053,86780000,75157
4,8678,86780000,86780100,422,1053,86790000,75164
4,8679,86790000,86790100,422,1053,86800000,75173
4,868,8680000,8680100,422,1053,8690000,7519
4,8680,86800000,86800100,422,1053,86810000,75185
4,8681,86810000,86810100,422,1053,86820000,75191
4,8682,86820000,86820100,422,1053,86830000,75201
4,8683,86830000,86830100,422,1053,86840000,75209
4,8684,86840000,86840100,422,1053,86850000,75218
4,8685,86850000,86850100,422,1053,86860000,75227
4,8686,86860000,86860100,422,1053,86870000,75234
4,8687,86870000,86870100,422,1053,86880000,75242
4,8688,86880000,86880100,422,1053,86890000,75254
4,8689,86890000,86890100,422,1053,86900000,75260
4,869,8690000,8690100,422,1053,8700000,7526
4,8690,86900000,86900100,422,1053,86910000,75271
4,8691,86910000,86910100,422,1053,86920000,75279
4,8692,86920000,86920100,422,1053,86930000,75287
4,8693,86930000,86930100,422,1053,86940000,75293
4,8694,86940000,86940100,422,1053,86950000,75305
4,8695,86950000,86950100,422,1053,86960000,75313
4,8696,86960000,86960100,422,1053,86970000,75322
4,8697,86970000,86970100,422,1053,86980000,75332
4,8698,86980000,86980100,422,1053,86990000,75339
4,8699,86990000,86990100,422,1053,87000000,75345
4,87,870000,870100,422,1053,880000,754
4,870,8700000,8700100,422,1053,8710000,7537
4,8700,87000000,87000100,422,1053,87010000,75357
4,8701,87010000,87010100,422,1053,87020000,75366
4,8702,87020000,87020100,422,1053,87030000,75373
4,8703,87030000,87030100,422,1053,87040000,75381
4,8704,87040000,87040100,422,1053,87050000,75392
4,8705,87050000,87050100,422,1053,87060000,75399
4,8706,87060000,87060100,422,1053,87070000,75410
4,8707,87070000,87070100,422,1053,87080000,75416
4,8708,87080000,87080100,422,1053,87090000,75426
4,8709,87090000,87090100,422,1053,87100000,75434
4,871,8710000,8710100,422,1053,8720000,7545
4,8710,87100000,87100100,422,1053,87110000,75442
4,8711,87110000,87110100,422,1053,87120000,75450
4,8712,87120000,87120100,422,1053,87130000,75463
4,8713,87130000,87130100,422,1053,87140000,75469
4,8714,87140000,87140100,422,1053,87150000,75476
4,8715,87150000,87150100,422,1053,87160000,75487
4,8716,87160000,87160100,422,1053,87170000,75495
4,8717,87170000,87170100,422,1053,87180000,75502
4,8718,87180000,87180100,422,1053,87190000,75514
4,8719,87190000,87190100,422,1053,87200000,75520
4,872,8720000,8720100,422,1053,8730000,7554
4,8720,87200000,87200100,422,1053,87210000,75530
4,8721,87210000,87210100,422,1053,87220000,75538
4,8722,87220000,87220100,422,1053,87230000,75547
4,8723,87230000,87230100,422,1053,87240000,75554
4,8724,87240000,87240100,422,1053,87250000,75565
4,8725,87250000,87250100,422,1053,87260000,75574
4,8726,87260000,87260100,422,1053,87270000,75581
4,8727,87270000,87270100,422,1053,87280000,75589
4,8728,87280000,87280100,422,1053,87290000,75599
4,8729,87290000,87290100,422,1053,87300000,75607
4,873,8730000,8730100,422,1053,8740000,7562
4,8730,87300000,87300100,422,1053,87310000,75618
4,8731,87310000,87310100,422,1053,87320000,75624
4,8732,87320000,87320100,422,1053,87330000,75634
4,8733,87330000,87330100,422,1053,87340000,75642
4,8734,87340000,87340100,422,1053,87350000,75650
4,8735,87350000,87350100,422,1053,87360000,75657
4,8736,87360000,87360100,422,1053,87370000,75671
4,8737,87370000,87370100,422,1053,87380000,75677
4,8738,87380000,87380100,422,1053,87390000,75684
4,8739,87390000,87390100,422,1053,87400000,75695
4,874,8740000,8740100,422,1053,8750000,7570
4,8740,87400000,87400100,422,1053,87410000,75704
4,8741,87410000,87410100,422,1053,87420000,75710
4,8742,87420000,87420100,422,1053,87430000,75720
4,8743,87430000,87430100,422,1053,87440000,75728
4,8744,87440000,87440100,422,1053,87450000,75737
4,8745,87450000,87450100,422,1053,87460000,75747
4,8746,87460000,87460100,422,1053,87470000,75756
4,8747,87470000,87470100,422,1053,87480000,75762
4,8748,87480000,87480100,422,1053,87490000,75773
4,8749,87490000,87490100,422,1053,87500000,75779
4,875,8750000,8750100,422,1053,8760000,7579
4,8750,87500000,87500100,422,1053,87510000,75790
4,8751,87510000,87510100,422,1053,87520000,75798
4,8752,87520000,87520100,422,1053,87530000,75807
4,8753,87530000,87530100,422,1053,87540000,75815
4,8754,87540000,87540100,422,1053,87550000,75825
4,8755,87550000,87550100,422,1053,87560000,75832
4,8756,87560000,87560100,422,1053,87570000,75841
4,8757,87570000,87570100,422,1053,87580000,75851
4,8758,87580000,87580100,422,1053,87590000,75858
4,8759,87590000,87590100,422,1053,87600000,75864
4,876,8760000,8760100,422,1053,8770000,7590
4,8760,87600000,87600100,422,1053,87610000,75879
4,8761,87610000,87610100,422,1053,87620000,75886
4,8762,87620000,87620100,422,1053,87630000,75893
4,8763,87630000,87630100,422,1053,87640000,75901
4,8764,87640000,87640100,422,1053,87650000,75911
4,8765,87650000,87650100,422,1053,87660000,75918
4,8766,87660000,87660100,422,1053,87670000,75928
4,8767,87670000,87670100,422,1053,87680000,75937
4,8768,87680000,87680100,422,1053,87690000,75946
4,8769,87690000,87690100,422,1053,87700000,75954
4,877,8770000,8770100,422,1053,8780000,7596
4,8770,87700000,87700100,422,1053,87710000,75962
4,8771,87710000,87710100,422,1053,87720000,75970
4,8772,87720000,87720100,422,1053,87730000,75982
4,8773,87730000,87730100,422,1053,87740000,75988
4,8774,87740000,87740100,422,1053,87750000,75997
4,8775,87750000,87750100,422,1053,87760000,76006
4,8776,87760000,87760100,422,1053,87770000,76015
4,8777,87770000,87770100,422,1053,87780000,76021
4,8778,87780000,87780100,422,1053,87790000,76034
4,8779,87790000,87790100,422,1053,87800000,76040
4,878,8780000,8780100,422,1053,8790000,7605
4,8780,87800000,87800100,422,1053,87810000,76049
4,8781,87810000,87810100,422,1053,87820000,76059
4,8782,87820000,87820100,422,1053,87830000,76066
4,8783,87830000,87830100,422,1053,87840000,76073
4,8784,87840000,87840100,422,1053,87850000,76085
4,8785,87850000,87850100,422,1053,87860000,76094
4,8786,87860000,87860100,422,1053,87870000,76101
4,8787,87870000,87870100,422,1053,87880000,76109
4,8788,87880000,87880100,422,1053,87890000,76119
4,8789,87890000,87890100,422,1053,87900000,76126
4,879,8790000,8790100,422,1053,8800000,7613
4,8790,87900000,87900100,422,1053,87910000,76137
4,8791,87910000,87910100,422,1053,87920000,76143
4,8792,87920000,87920100,422,1053,87930000,76154
4,8793,87930000,87930100,422,1053,87940000,76162
4,8794,87940000,87940100,422,1053,87950000,76170
4,8795,87950000,87950100,422,1053,87960000,76179
4,8796,87960000,87960100,422,1053,87970000,76190
4,8797,87970000,87970100,422,1053,87980000,76196
4,8798,87980000,87980100,422,1053,87990000,76203
4,8799,87990000,87990100,422,1053,88000000,76213
4,88,880000,880100,422,1053,890000,764
4,880,8800000,8800100,422,1053,8810000,7624
4,8800,88000000,88000100,422,1053,88010000,76224
4,8801,88010000,88010100,422,1053,88020000,76230
4,8802,88020000,88020100,422,1053,88030000,76242
4,8803,88030000,88030100,422,1053,88040000,76248
4,8804,88040000,88040100,422,1053,88050000,76256
4,8805,88050000,88050100,422,1053,88060000,76266
4,8806,88060000,88060100,422,1053,88070000,76275
4,8807,88070000,88070100,422,1053,88080000,76281
4,8808,88080000,88080100,422,1053,88090000,76293
4,8809,88090000,88090100,422,1053,88100000,76301
4,881,8810000,8810100,422,1053,8820000,7630
4,8810,88100000,88100100,422,1053,88110000,76309
4,8811,88110000,88110100,422,1053,88120000,76318
4,8812,88120000,88120100,422,1053,88130000,76326
4,8813,88130000,88130100,422,1053,88140000,76334
4,8814,88140000,88140100,422,1053,88150000,76344
4,8815,88150000,88150100,422,1053,88160000,76351
4,8816,88160000,88160100,422,1053,88170000,76363
4,8817,88170000,88170100,422,1053,88180000,76371
4,8818,88180000,88180100,422,1053,88190000,76378
4,8819,88190000,88190100,422,1053,88200000,76384
4,882,8820000,8820100,422,1053,8830000,7642
4,8820,88200000,88200100,422,1053,88210000,76398
4,8821,88210000,88210100,422,1053,88220000,76404
4,8822,88220000,88220100,422,1053,88230000,76412
4,8823,88230000,88230100,422,1053,88240000,76422
4,8824,88240000,88240100,422,1053,88250000,76431
4,8825,88250000,88250100,422,1053,88260000,76438
4,8826,88260000,88260100,422,1053,88270000,76448
4,8827,88270000,88270100,422,1053,88280000,76457
4,8828,88280000,88280100,422,1053,88290000,76465
4,8829,88290000,88290100,422,1053,88300000,76473
4,883,8830000,8830100,422,1053,8840000,7648
4,8830,88300000,88300100,422,1053,88310000,76483
4,8831,88310000,88310100,422,1053,88320000,76489
4,8832,88320000,88320100,422,1053,88330000,76501
4,8833,88330000,88330100,422,1053,88340000,76508
4,8834,88340000,88340100,422,1053,88350000,76517
4,8835,88350000,88350100,422,1053,88360000,76526
4,8836,88360000,88360100,422,1053,88370000,76534
4,8837,88370000,88370100,422,1053,88380000,76542
4,8838,88380000,88380100,422,1053,88390000,76553
4,8839,88390000,88390100,422,1053,88400000,76559
4,884,8840000,8840100,422,1053,8850000,7656
4,8840,88400000,88400100,422,1053,88410000,76569
4,8841,88410000,88410100,422,1053,88420000,76579
4,8842,88420000,88420100,422,1053,88430000,76586
4,8843,88430000,88430100,422,1053,88440000,76592
4,8844,88440000,88440100,422,1053,88450000,76606
4,8845,88450000,88450100,422,1053,88460000,76613
4,8846,88460000,88460100,422,1053,88470000,76620
4,8847,88470000,88470100,422,1053,88480000,76628
4,8848,88480000,88480100,422,1053,88490000,76639
4,8849,88490000,88490100,422,1053,88500000,76646
4,885,8850000,8850100,422,1053,8860000,7668
4,8850,88500000,88500100,422,1053,88510000,76657
4,8851,88510000,88510100,422,1053,88520000,76665
4,8852,88520000,88520100,422,1053,88530000,76673
4,8853,88530000,88530100,422,1053,88540000,76681
4,8854,88540000,88540100,422,1053,88550000,76688
4,8855,88550000,88550100,422,1053,88560000,76698
4,8856,88560000,88560100,422,1053,88570000,76710
4,8857,88570000,88570100,422,1053,88580000,76716
4,8858,88580000,88580100,422,1053,88590000,76725
4,8859,88590000,88590100,422,1053,88600000,76733
4,886,8860000,8860100,422,1053,8870000,7675
4,8860,88600000,88600100,422,1053,88610000,76743
4,8861,88610000,88610100,422,1053,88620000,76749
4,8862,88620000,88620100,422,1053,88630000,76761
4,8863,88630000,88630100,422,1053,88640000,76767
4,8864,88640000,88640100,422,1053,88650000,76776
4,8865,88650000,88650100,422,1053,88660000,76787
4,8866,88660000,88660100,422,1053,88670000,76795
4,8867,88670000,88670100,422,1053,88680000,76801
4,8868,88680000,88680100,422,1053,88690000,76812
4,8869,88690000,88690100,422,1053,88700000,76820
4,887,8870000,8870100,422,1053,8880000,7681
4,8870,88700000,88700100,422,1053,88710000,76828
4,8871,88710000,88710100,422,1053,88720000,76837
4,8872,88720000,88720100,422,1053,88730000,76848
4,8873,88730000,88730100,422,1053,88740000,76854
4,8874,88740000,88740100,422,1053,88750000,76864
4,8875,88750000,88750100,422,1053,88760000,76871
4,8876,88760000,88760100,422,1053,88770000,76881
4,8877,88770000,88770100,422,1053,88780000,76890
4,8878,88780000,88780100,422,1053,88790000,76897
4,8879,88790000,88790100,422,1053,88800000,76905
4,888,8880000,8880100,422,1053,8890000,7693
4,8880,88800000,88800100,422,1053,88810000,76918
4,8881,88810000,88810100,422,1053,88820000,76924
4,8882,88820000,88820100,422,1053,88830000,76932
4,8883,88830000,88830100,422,1053,88840000,76942
4,8884,88840000,88840100,422,1053,88850000,76950
4,8885,88850000,88850100,422,1053,88860000,76957
4,8886,88860000,88860100,422,1053,88870000,76969
4,8887,88870000,88870100,422,1053,88880000,76975
4,8888,88880000,88880100,422,1053,88890000,76985
4,8889,88890000,88890100,422,1053,88900000,76993
4,889,8890000,8890100,422,1053,8900000,7701
4,8890,88900000,88900100,422,1053,88910000,77003
4,8891,88910000,88910100,422,1053,88920000,77009
4,8892,88920000,88920100,422,1053,88930000,77020
4,8893,88930000,88930100,422,1053,88940000,77029
4,8894,88940000,88940100,422,1053,88950000,77036
4,8895,88950000,88950100,422,1053,88960000,77045
4,8896,88960000,88960100,422,1053,88970000,77054
4,8897,88970000,88970100,422,1053,88980000,77062
4,8898,88980000,88980100,422,1053,88990000,77072
4,8899,88990000,88990100,422,1053,89000000,77079
4,89,890000,890100,422,1053,900000,770
4,890,8900000,8900100,422,1053,8910000,7709
4,8900,89000000,89000100,422,1053,89010000,77090
4,8901,89010000,89010100,422,1053,89020000,77098
4,8902,89020000,89020100,422,1053,89030000,77105
4,8903,89030000,89030100,422,1053,89040000,77111
4,8904,89040000,89040100,422,1053,89050000,77126
4,8905,89050000,89050100,422,1053,89060000,77133
4,8906,89060000,89060100,422,1053,89070000,77140
4,8907,89070000,89070100,422,1053,89080000,77150
4,8908,89080000,89080100,422,1053,89090000,77158
4,8909,89090000,89090100,422,1053,89100000,77164
4,891,8910000,8910100,422,1053,8920000,7718
4,8910,89100000,89100100,422,1053,89110000,77176
4,8911,89110000,89110100,422,1053,89120000,77184
4,8912,89120000,89120100,422,1053,89130000,77193
4,8913,89130000,89130100,422,1053,89140000,77201
4,8914,89140000,89140100,422,1053,89150000,77210
4,8915,89150000,89150100,422,1053,89160000,77218
4,8916,89160000,89160100,422,1053,89170000,77229
4,8917,89170000,89170100,422,1053,89180000,77235
4,8918,89180000,89180100,422,1053,89190000,77244
4,8919,89190000,89190100,422,1053,89200000,77252
4,892,8920000,8920100,422,1053,8930000,7728
4,8920,89200000,89200100,422,1053,89210000,77262
4,8921,89210000,89210100,422,1053,89220000,77271
4,8922,89220000,89220100,422,1053,89230000,77281
4,8923,89230000,89230100,422,1053,89240000,77287
4,8924,89240000,89240100,422,1053,89250000,77295
4,8925,89250000,89250100,422,1053,89260000,77306
4,8926,89260000,89260100,422,1053,89270000,77314
4,8927,89270000,89270100,422,1053,89280000,77320
4,8928,89280000,89280100,422,1053,89290000,77334
4,8929,89290000,89290100,422,1053,89300000,77340
4,893,8930000,8930100,422,1053,8940000,7734
4,8930,89300000,89300100,422,1053,89310000,77348
4,8931,89310000,89310100,422,1053,89320000,77356
4,8932,89320000,89320100,422,1053,89330000,77367
4,8933,89330000,89330100,422,1053,89340000,77373
4,8934,89340000,89340100,422,1053,89350000,77383
4,8935,89350000,89350100,422,1053,89360000,77392
4,8936,89360000,89360100,422,1053,89370000,77401
4,8937,89370000,89370100,422,1053,89380000,77410
4,8938,89380000,89380100,422,1053,89390000,77417
4,8939,89390000,89390100,422,1053,89400000,77425
4,894,8940000,8940100,422,1053,8950000,7744
4,8940,89400000,89400100,422,1053,89410000,77437
4,8941,89410000,89410100,422,1053,89420000,77443
4,8942,89420000,89420100,422,1053,89430000,77452
4,8943,89430000,89430100,422,1053,89440000,77461
4,8944,89440000,89440100,422,1053,89450000,77470
4,8945,89450000,89450100,422,1053,89460000,77477
4,8946,89460000,89460100,422,1053,89470000,77489
4,8947,89470000,89470100,422,1053,89480000,77495
4,8948,89480000,89480100,422,1053,89490000,77504
4,8949,89490000,89490100,422,1053,89500000,77514
4,895,8950000,8950100,422,1053,8960000,7751
4,8950,89500000,89500100,422,1053,89510000,77522
4,8951,89510000,89510100,422,1053,89520000,77528
4,8952,89520000,89520100,422,1053,89530000,77540
4,8953,89530000,89530100,422,1053,89540000,77548
4,8954,89540000,89540100,422,1053,89550000,77556
4,8955,89550000,89550100,422,1053,89560000,77565
4,8956,89560000,89560100,422,1053,89570000,77575
4,8957,89570000,89570100,422,1053,89580000,77581
4,8958,89580000,89580100,422,1053,89590000,77591
4,8959,89590000,89590100,422,1053,89600000,77598
4,896,8960000,8960100,422,1053,8970000,7763
4,8960,89600000,89600100,422,1053,89610000,77610
4,8961,89610000,89610100,422,1053,89620000,77618
4,8962,89620000,89620100,422,1053,89630000,77625
4,8963,89630000,89630100,422,1053,89640000,77633
4,8964,89640000,89640100,422,1053,89650000,77644
4,8965,89650000,89650100,422,1053,89660000,77652
4,8966,89660000,89660100,422,1053,89670000,77659
4,8967,89670000,89670100,422,1053,89680000,77669
4,8968,89680000,89680100,422,1053,89690000,77678
4,8969,89690000,89690100,422,1053,89700000,77684
4,897,8970000,8970100,422,1053,8980000,7771
4,8970,89700000,89700100,422,1053,89710000,77698
4,8971,89710000,89710100,422,1053,89720000,77704
4,8972,89720000,89720100,422,1053,89730000,77712
4,8973,89730000,89730100,422,1053,89740000,77720
4,8974,89740000,89740100,422,1053,89750000,77729
4,8975,89750000,89750100,422,1053,89760000,77736
4,8976,89760000,89760100,422,1053,89770000,77749
4,8977,89770000,89770100,422,1053,89780000,77757
4,8978,89780000,89780100,422,1053,89790000,77764
4,8979,89790000,89790100,422,1053,89800000,77772
4,898,8980000,8980100,422,1053,8990000,7778
4,8980,89800000,89800100,422,1053,89810000,77781
4,8981,89810000,89810100,422,1053,89820000,77790
4,8982,89820000,89820100,422,1053,89830000,77800
4,8983,89830000,89830100,422,1053,89840000,77806
4,8984,89840000,89840100,422,1053,89850000,77817
4,8985,89850000,89850100,422,1053,89860000,77826
4,8986,89860000,89860100,422,1053,89870000,77833
4,8987,89870000,89870100,422,1053,89880000,77840
4,8988,89880000,89880100,422,1053,89890000,77853
4,8989,89890000,89890100,422,1053,89900000,77859
4,899,8990000,8990100,422,1053,9000000,7786
4,8990,89900000,89900100,422,1053,89910000,77867
4,8991,89910000,89910100,422,1053,89920000,77877
4,8992,89920000,89920100,422,1053,89930000,77887
4,8993,89930000,89930100,422,1053,89940000,77893
4,8994,89940000,89940100,422,1053,89950000,77903
4,8995,89950000,89950100,422,1053,89960000,77912
4,8996,89960000,89960100,422,1053,89970000,77920
4,8997,89970000,89970100,422,1053,89980000,77928
4,8998,89980000,89980100,422,1053,89990000,77938
4,8999,89990000,89990100,422,1053,90000000,77944
4,9,90000,90100,422,1053,100000,78
4,90,900000,900100,422,1053,910000,781
4,900,9000000,9000100,422,1053,9010000,7798
4,9000,90000000,90000100,422,1053,90010000,77957
4,9001,90010000,90010100,422,1053,90020000,77963
4,9002,90020000,90020100,422,1053,90030000,77972
4,9003,90030000,90030100,422,1053,90040000,77981
4,9004,90040000,90040100,422,1053,90050000,77989
4,9005,90050000,90050100,422,1053,90060000,77998
4,9006,90060000,90060100,422,1053,90070000,78008
4,9007,90070000,90070100,422,1053,90080000,78014
4,9008,90080000,90080100,422,1053,90090000,78023
4,9009,90090000,90090100,422,1053,90100000,78034
4,901,9010000,9010100,422,1053,9020000,7804
4,9010,90100000,90100100,422,1053,90110000,78042
4,9011,90110000,90110100,422,1053,90120000,78048
4,9012,90120000,90120100,422,1053,90130000,78061
4,9013,90130000,90130100,422,1053,90140000,78067
4,9014,90140000,90140100,422,1053,90150000,78075
4,9015,90150000,90150100,422,1053,90160000,78084
4,9016,90160000,90160100,422,1053,90170000,78095
4,9017,90170000,90170100,422,1053,90180000,78101
4,9018,90180000,90180100,422,1053,90190000,78111
4,9019,90190000,90190100,422,1053,90200000,78119
4,902,9020000,9020100,422,1053,9030000,7812
4,9020,90200000,90200100,422,1053,90210000,78129
4,9021,90210000,90210100,422,1053,90220000,78137
4,9022,90220000,90220100,422,1053,90230000,78144
4,9023,90230000,90230100,422,1053,90240000,78152
4,9024,90240000,90240100,422,1053,90250000,78164
4,9025,90250000,90250100,422,1053,90260000,78172
4,9026,90260000,90260100,422,1053,90270000,78181
4,9027,90270000,90270100,422,1053,90280000,78189
4,9028,90280000,90280100,422,1053,90290000,78197
4,9029,90290000,90290100,422,1053,90300000,78203
4,903,9030000,9030100,422,1053,9040000,7822
4,9030,90300000,90300100,422,1053,90310000,78216
4,9031,90310000,90310100,422,1053,90320000,78223
4,9032,90320000,90320100,422,1053,90330000,78232
4,9033,90330000,90330100,422,1053,90340000,78242
4,9034,90340000,90340100,422,1053,90350000,78249
4,9035,90350000,90350100,422,1053,90360000,78256
4,9036,90360000,90360100,422,1053,90370000,78268
4,9037,90370000,90370100,422,1053,90380000,78276
4,9038,90380000,90380100,422,1053,90390000,78283
4,9039,90390000,90390100,422,1053,90400000,78291
4,904,9040000,9040100,422,1053,9050000,7831
4,9040,90400000,90400100,422,1053,90410000,78303
4,9041,90410000,90410100,422,1053,90420000,78309
4,9042,90420000,90420100,422,1053,90430000,78320
4,9043,90430000,90430100,422,1053,90440000,78326
4,9044,90440000,90440100,422,1053,90450000,78336
4,9045,90450000,90450100,422,1053,90460000,78345
4,9046,90460000,90460100,422,1053,90470000,78352
4,9047,90470000,90470100,422,1053,90480000,78361
4,9048,90480000,90480100,422,1053,90490000,78373
4,9049,90490000,90490100,422,1053,90500000,78379
4,905,9050000,9050100,422,1053,9060000,7838
4,9050,90500000,90500100,422,1053,90510000,78387
4,9051,90510000,90510100,422,1053,90520000,78397
4,9052,90520000,90520100,422,1053,90530000,78405
4,9053,90530000,90530100,422,1053,90540000,78412
4,9054,90540000,90540100,422,1053,90550000,78424
4,9055,90550000,90550100,422,1053,90560000,78431
4,9056,90560000,90560100,422,1053,90570000,78440
4,9057,90570000,90570100,422,1053,90580000,78448
4,9058,90580000,90580100,422,1053,90590000,78458
4,9059,90590000,90590100,422,1053,90600000,78464
4,906,9060000,9060100,422,1053,9070000,7850
4,9060,90600000,90600100,422,1053,90610000,78476
4,9061,90610000,90610100,422,1053,90620000,78484
4,9062,90620000,90620100,422,1053,90630000,78491
4,9063,90630000,90630100,422,1053,90640000,78499
4,9064,90640000,90640100,422,1053,90650000,78509
4,9065,90650000,90650100,422,1053,90660000,78518
4,9066,90660000,90660100,422,1053,90670000,78528
4,9067,90670000,90670100,422,1053,90680000,78534
4,9068,90680000,90680100,422,1053,90690000,78544
4,9069,90690000,90690100,422,1053,90700000,78553
4,907,9070000,9070100,422,1053,9080000,7857
4,9070,90700000,90700100,422,1053,90710000,78561
4,9071,90710000,90710100,422,1053,90720000,78567
4,9072,90720000,90720100,422,1053,90730000,78581
4,9073,90730000,90730100,422,1053,90740000,78587
4,9074,90740000,90740100,422,1053,90750000,78594
4,9075,90750000,90750100,422,1053,90760000,78606
4,9076,90760000,90760100,422,1053,90770000,78614
4,9077,90770000,90770100,422,1053,90780000,78620
4,9078,90780000,90780100,422,1053,90790000,78630
4,9079,90790000,90790100,422,1053,90800000,78638
4,908,9080000,9080100,422,1053,9090000,7865
4,9080,90800000,90800100,422,1053,90810000,78649
4,9081,90810000,90810100,422,1053,90820000,78657
4,9082,90820000,90820100,422,1053,90830000,78666
4,9083,90830000,90830100,422,1053,90840000,78672
4,9084,90840000,90840100,422,1053,90850000,78683
4,9085,90850000,90850100,422,1053,90860000,78690
4,9086,90860000,90860100,422,1053,90870000,78700
4,9087,90870000,90870100,422,1053,90880000,78708
4,9088,90880000,90880100,422,1053,90890000,78717
4,9089,90890000,90890100,422,1053,90900000,78725
4,909,9090000,9090100,422,1053,9100000,7873
4,9090,90900000,90900100,422,1053,90910000,78736
4,9091,90910000,90910100,422,1053,90920000,78743
4,9092,90920000,90920100,422,1053,90930000,78751
4,9093,90930000,90930100,422,1053,90940000,78761
4,9094,90940000,90940100,422,1053,90950000,78768
4,9095,90950000,90950100,422,1053,90960000,78775
4,9096,90960000,90960100,422,1053,90970000,78789
4,9097,90970000,90970100,422,1053,90980000,78796
4,9098,90980000,90980100,422,1053,90990000,78803
4,9099,90990000,90990100,422,1053,91000000,78811
4,91,910000,910100,422,1053,920000,789
4,910,9100000,9100100,422,1053,9110000,7883
4,9100,91000000,91000100,422,1053,91010000,78822
4,9101,91010000,91010100,422,1053,91020000,78828
4,9102,91020000,91020100,422,1053,91030000,78839
4,9103,91030000,91030100,422,1053,91040000,78847
4,9104,91040000,91040100,422,1053,91050000,78856
4,9105,91050000,91050100,422,1053,91060000,78865
4,9106,91060000,91060100,422,1053,91070000,78872
4,9107,91070000,91070100,422,1053,91080000,78880
4,9108,91080000,91080100,422,1053,91090000,78892
4,9109,91090000,91090100,422,1053,91100000,78898
4,911,9110000,9110100,422,1053,9120000,7889
4,9110,91100000,91100100,422,1053,91110000,78908
4,9111,91110000,91110100,422,1053,91120000,78916
4,9112,91120000,91120100,422,1053,91130000,78925
4,9113,91130000,91130100,422,1053,91140000,78932
4,9114,91140000,91140100,422,1053,91150000,78944
4,9115,91150000,91150100,422,1053,91160000,78951
4,9116,91160000,91160100,422,1053,91170000,78959
4,9117,91170000,91170100,422,1053,91180000,78969
4,9118,91180000,91180100,422,1053,91190000,78976
4,9119,91190000,91190100,422,1053,91200000,78983
4,912,9120000,9120100,422,1053,9130000,7901
4,9120,91200000,91200100,422,1053,91210000,78996
4,9121,91210000,91210100,422,1053,91220000,79004
4,9122,91220000,91220100,422,1053,91230000,79011
4,9123,91230000,91230100,422,1053,91240000,79019
4,9124,91240000,91240100,422,1053,91250000,79030
4,9125,91250000,91250100,422,1053,91260000,79037
4,9126,91260000,91260100,422,1053,91270000,79047
4,9127,91270000,91270100,422,1053,91280000,79053
4,9128,91280000,91280100,422,1053,91290000,79064
4,9129,91290000,91290100,422,1053,91300000,79072
4,913,9130000,9130100,422,1053,9140000,7910
4,9130,91300000,91300100,422,1053,91310000,79081
4,9131,91310000,91310100,422,1053,91320000,79089
4,9132,91320000,91320100,422,1053,91330000,79100
4,9133,91330000,91330100,422,1053,91340000,79106
4,9134,91340000,91340100,422,1053,91350000,79113
4,9135,91350000,91350100,422,1053,91360000,79125
4,9136,91360000,91360100,422,1053,91370000,79134
4,9137,91370000,91370100,422,1053,91380000,79140
4,9138,91380000,91380100,422,1053,91390000,79152
4,9139,91390000,91390100,422,1053,91400000,79158
4,914,9140000,9140100,422,1053,9150000,7917
4,9140,91400000,91400100,422,1053,91410000,79167
4,9141,91410000,91410100,422,1053,91420000,79176
4,9142,91420000,91420100,422,1053,91430000,79185
4,9143,91430000,91430100,422,1053,91440000,79191
4,9144,91440000,91440100,422,1053,91450000,79203
4,9145,91450000,91450100,422,1053,91460000,79212
4,9146,91460000,91460100,422,1053,91470000,79220
4,9147,91470000,91470100,422,1053,91480000,79228
4,9148,91480000,91480100,422,1053,91490000,79236
4,9149,91490000,91490100,422,1053,91500000,79244
4,915,9150000,9150100,422,1053,9160000,7926
4,9150,91500000,91500100,422,1053,91510000,79255
4,9151,91510000,91510100,422,1053,91520000,79261
4,9152,91520000,91520100,422,1053,91530000,79273
4,9153,91530000,91530100,422,1053,91540000,79281
4,9154,91540000,91540100,422,1053,91550000,79288
4,9155,91550000,91550100,422,1053,91560000,79295
4,9156,91560000,91560100,422,1053,91570000,79308
4,9157,91570000,91570100,422,1053,91580000,79315
4,9158,91580000,91580100,422,1053,91590000,79322
4,9159,91590000,91590100,422,1053,91600000,79332
4,916,9160000,9160100,422,1053,9170000,7934
4,9160,91600000,91600100,422,1053,91610000,79342
4,9161,91610000,91610100,422,1053,91620000,79348
4,9162,91620000,91620100,422,1053,91630000,79358
4,9163,91630000,91630100,422,1053,91640000,79367
4,9164,91640000,91640100,422,1053,91650000,79375
4,9165,91650000,91650100,422,1053,91660000,79384
4,9166,91660000,91660100,422,1053,91670000,79393
4,9167,91670000,91670100,422,1053,91680000,79399
4,9168,91680000,91680100,422,1053,91690000,79412
4,9169,91690000,91690100,422,1053,91700000,79418
4,917,9170000,9170100,422,1053,9180000,7942
4,9170,91700000,91700100,422,1053,91710000,79428
4,9171,91710000,91710100,422,1053,91720000,79436
4,9172,91720000,91720100,422,1053,91730000,79444
4,9173,91730000,91730100,422,1053,91740000,79452
4,9174,91740000,91740100,422,1053,91750000,79463
4,9175,91750000,91750100,422,1053,91760000,79470
4,9176,91760000,91760100,422,1053,91770000,79479
4,9177,91770000,91770100,422,1053,91780000,79489
4,9178,91780000,91780100,422,1053,91790000,79496
4,9179,91790000,91790100,422,1053,91800000,79503
4,918,9180000,9180100,422,1053,9190000,7953
4,9180,91800000,91800100,422,1053,91810000,79517
4,9181,91810000,91810100,422,1053,91820000,79523
4,9182,91820000,91820100,422,1053,91830000,79530
4,9183,91830000,91830100,422,1053,91840000,79538
4,9184,91840000,91840100,422,1053,91850000,79549
4,9185,91850000,91850100,422,1053,91860000,79557
4,9186,91860000,91860100,422,1053,91870000,79567
4,9187,91870000,91870100,422,1053,91880000,79575
4,9188,91880000,91880100,422,1053,91890000,79583
4,9189,91890000,91890100,422,1053,91900000,79591
4,919,9190000,9190100,422,1053,9200000,7959
4,9190,91900000,91900100,422,1053,91910000,79600
4,9191,91910000,91910100,422,1053,91920000,79608
4,9192,91920000,91920100,422,1053,91930000,79620
4,9193,91930000,91930100,422,1053,91940000,79626
4,9194,91940000,91940100,422,1053,91950000,79635
4,9195,91950000,91950100,422,1053,91960000,79644
4,9196,91960000,91960100,422,1053,91970000,79653
4,9197,91970000,91970100,422,1053,91980000,79659
4,9198,91980000,91980100,422,1053,91990000,79671
4,9199,91990000,91990100,422,1053,92000000,79677
4,92,920000,920100,422,1053,930000,797
4,920,9200000,9200100,422,1053,9210000,7971
4,9200,92000000,92000100,422,1053,92010000,79687
4,9201,92010000,92010100,422,1053,92020000,79698
4,9202,92020000,92020100,422,1053,92030000,79705
4,9203,92030000,92030100,422,1053,92040000,79711
4,9204,92040000,92040100,422,1053,92050000,79722
4,9205,92050000,92050100,422,1053,92060000,79731
4,9206,92060000,92060100,422,1053,92070000,79738
4,9207,92070000,92070100,422,1053,92080000,79747
4,9208,92080000,92080100,422,1053,92090000,79758
4,9209,92090000,92090100,422,1053,92100000,79764
4,921,9210000,9210100,422,1053,9220000,7979
4,9210,92100000,92100100,422,1053,92110000,79775
4,9211,92110000,92110100,422,1053,92120000,79781
4,9212,92120000,92120100,422,1053,92130000,79792
4,9213,92130000,92130100,422,1053,92140000,79800
4,9214,92140000,92140100,422,1053,92150000,79807
4,9215,92150000,92150100,422,1053,92160000,79816
4,9216,92160000,92160100,422,1053,92170000,79828
4,9217,92170000,92170100,422,1053,92180000,79834
4,9218,92180000,92180100,422,1053,92190000,79842
4,9219,92190000,92190100,422,1053,92200000,79852
4,922,9220000,9220100,422,1053,9230000,7986
4,9220,92200000,92200100,422,1053,92210000,79861
4,9221,92210000,92210100,422,1053,92220000,79867
4,9222,92220000,92220100,422,1053,92230000,79879
4,9223,92230000,92230100,422,1053,92240000,79886
4,9224,92240000,92240100,422,1053,92250000,79895
4,9225,92250000,92250100,422,1053,92260000,79904
4,9226,92260000,92260100,422,1053,92270000,79913
4,9227,92270000,92270100,422,1053,92280000,79919
4,9228,92280000,92280100,422,1053,92290000,79930
4,9229,92290000,92290100,422,1053,92300000,79939
4,923,9230000,9230100,422,1053,9240000,7992
4,9230,92300000,92300100,422,1053,92310000,79947
4,9231,92310000,92310100,422,1053,92320000,79955
4,9232,92320000,92320100,422,1053,92330000,79964
4,9233,92330000,92330100,422,1053,92340000,79972
4,9234,92340000,92340100,422,1053,92350000,79983
4,9235,92350000,92350100,422,1053,92360000,79990
4,9236,92360000,92360100,422,1053,92370000,80000
4,9237,92370000,92370100,422,1053,92380000,80008
4,9238,92380000,92380100,422,1053,92390000,80015
4,9239,92390000,92390100,422,1053,92400000,80021
4,924,9240000,9240100,422,1053,9250000,8006
4,925,9250000,9250100,422,1053,9260000,8013
4,926,9260000,9260100,422,1053,9270000,8020
4,927,9270000,9270100,422,1053,9280000,8030
4,928,9280000,9280100,422,1053,9290000,8039
4,929,9290000,9290100,422,1053,9300000,8046
4,93,930000,930100,422,1053,940000,806
4,930,9300000,9300100,422,1053,9310000,8057
4,931,9310000,9310100,422,1053,9320000,8065
4,932,9320000,9320100,422,1053,9330000,8073
4,933,9330000,9330100,422,1053,9340000,8081
4,934,9340000,9340100,422,1053,9350000,8090
4,935,9350000,9350100,422,1053,9360000,8098
4,936,9360000,9360100,422,1053,9370000,8110
4,937,9370000,9370100,422,1053,9380000,8116
4,938,9380000,9380100,422,1053,9390000,8125
4,939,9390000,9390100,422,1053,9400000,8133
4,94,940000,940100,422,1053,950000,815
4,940,9400000,9400100,422,1053,9410000,8143
4,941,9410000,9410100,422,1053,9420000,8151
4,942,9420000,9420100,422,1053,9430000,8161
4,943,9430000,9430100,422,1053,9440000,8167
4,944,9440000,9440100,422,1053,9450000,8176
4,945,9450000,9450100,422,1053,9460000,8187
4,946,9460000,9460100,422,1053,9470000,8195
4,947,9470000,9470100,422,1053,9480000,8201
4,948,9480000,9480100,422,1053,9490000,8214
4,949,9490000,9490100,422,1053,9500000,8220
4,95,950000,950100,422,1053,960000,822
4,950,9500000,9500100,422,1053,9510000,8228
4,951,9510000,9510100,422,1053,9520000,8237
4,952,9520000,9520100,422,1053,9530000,8248
4,953,9530000,9530100,422,1053,9540000,8254
4,954,9540000,9540100,422,1053,9550000,8264
4,955,9550000,9550100,422,1053,9560000,8273
4,956,9560000,9560100,422,1053,9570000,8281
4,957,9570000,9570100,422,1053,9580000,8290
4,958,9580000,9580100,422,1053,9590000,8297
4,959,9590000,9590100,422,1053,9600000,8305
4,96,960000,960100,422,1053,970000,834
4,960,9600000,9600100,422,1053,9610000,8318
4,961,9610000,9610100,422,1053,9620000,8324
4,962,9620000,9620100,422,1053,9630000,8334
4,963,9630000,9630100,422,1053,9640000,8342
4,964,9640000,9640100,422,1053,9650000,8350
4,965,9650000,9650100,422,1053,9660000,8357
4,966,9660000,9660100,422,1053,9670000,8369
4,967,9670000,9670100,422,1053,9680000,8375
4,968,9680000,9680100,422,1053,9690000,8385
4,969,9690000,9690100,422,1053,9700000,8395
4,97,970000,970100,422,1053,980000,840
4,970,9700000,9700100,422,1053,9710000,8403
4,971,9710000,9710100,422,1053,9720000,8409
4,972,9720000,9720100,422,1053,9730000,8420
4,973,9730000,9730100,422,1053,9740000,8429
4,974,9740000,9740100,422,1053,9750000,8436
4,975,9750000,9750100,422,1053,9760000,8445
4,976,9760000,9760100,422,1053,9770000,8456
4,977,9770000,9770100,422,1053,9780000,8462
4,978,9780000,9780100,422,1053,9790000,8472
4,979,9790000,9790100,422,1053,9800000,8479
4,98,980000,980100,422,1053,990000,849
4,980,9800000,9800100,422,1053,9810000,8490
4,981,9810000,9810100,422,1053,9820000,8498
4,982,9820000,9820100,422,1053,9830000,8505
4,983,9830000,9830100,422,1053,9840000,8513
4,984,9840000,9840100,422,1053,9850000,8526
4,985,9850000,9850100,422,1053,9860000,8533
4,986,9860000,9860100,422,1053,9870000,8540
4,987,9870000,9870100,422,1053,9880000,8550
4,988,9880000,9880100,422,1053,9890000,8558
4,989,9890000,9890100,422,1053,9900000,8564
4,99,990000,990100,422,1053,1000000,858
4,990,9900000,9900100,422,1053,9910000,8578
4,991,9910000,9910100,422,1053,9920000,8584
4,992,9920000,9920100,422,1053,9930000,8593
4,993,9930000,9930100,422,1053,9940000,8601
4,994,9940000,9940100,422,1053,9950000,8610
4,995,9950000,9950100,422,1053,9960000,8618
4,996,9960000,9960100,422,1053,9970000,8629
4,997,9970000,9970100,422,1053,9980000,8637
4,998,9980000,9980100,422,1053,9990000,8644
4,999,9990000,9990100,422,1053,10000000,8652
5,0,0,100,90,225,10000,5
5,1,10000,10100,90,225,20000,11
5,10,100000,100100,90,225,110000,89
5,100,1000000,1000100,90,225,1010000,868
5,1000,10000000,10000100,90,225,10010000,8663
5,1001,10010000,10010100,90,225,10020000,8672
5,1002,10020000,10020100,90,225,10030000,8682
5,1003,10030000,10030100,90,225,10040000,8688
5,1004,10040000,10040100,90,225,10050000,8698
5,1005,10050000,10050100,90,225,10060000,8707
5,1006,10060000,10060100,90,225,10070000,8715
5,1007,10070000,10070100,90,225,10080000,8721
5,1008,10080000,10080100,90,225,10090000,8735
5,1009,10090000,10090100,90,225,10100000,8741
5,101,1010000,1010100,90,225,1020000,876
5,1010,10100000,10100100,90,225,10110000,8749
5,1011,10110000,10110100,90,225,10120000,8759
5,1012,10120000,10120100,90,225,10130000,8768
5,1013,10130000,10130100,90,225,10140000,8774
5,1014,10140000,10140100,90,225,10150000,8784
5,1015,10150000,10150100,90,225,10160000,8793
5,1016,10160000,10160100,90,225,10170000,8802
5,1017,10170000,10170100,90,225,10180000,8811
5,1018,10180000,10180100,90,225,10190000,8820
5,1019,10190000,10190100,90,225,10200000,8826
5,102,1020000,1020100,90,225,1030000,886
5,1020,10200000,10200100,90,225,10210000,8838
5,1021,10210000,10210100,90,225,10220000,8844
5,1022,10220000,10220100,90,225,10230000,8853
5,1023,10230000,10230100,90,225,10240000,8862
5,1024,10240000,10240100,90,225,10250000,8871
5,1025,10250000,10250100,90,225,10260000,8880
5,1026,10260000,10260100,90,225,10270000,8890
5,1027,10270000,10270100,90,225,10280000,8896
5,1028,10280000,10280100,90,225,10290000,8905
5,1029,10290000,10290100,90,225,10300000,8915
5,103,1030000,1030100,90,225,1040000,892
5,1030,10300000,10300100,90,225,10310000,8923
5,1031,10310000,10310100,90,225,10320000,8929
5,1032,10320000,10320100,90,225,10330000,8943
5,1033,10330000,10330100,90,225,10340000,8949
5,1034,10340000,10340100,90,225,10350000,8957
5,1035,10350000,10350100,90,225,10360000,8966
5,1036,10360000,10360100,90,225,10370000,8976
5,1037,10370000,10370100,90,225,10380000,8982
5,1038,10380000,10380100,90,225,10390000,8992
5,1039,10390000,10390100,90,225,10400000,9001
5,104,1040000,1040100,90,225,1050000,902
5,1040,10400000,10400100,90,225,10410000,9011
5,1041,10410000,10410100,90,225,10420000,9019
5,1042,10420000,10420100,90,225,10430000,9026
5,1043,10430000,10430100,90,225,10440000,9034
5,1044,10440000,10440100,90,225,10450000,9045
5,1045,10450000,10450100,90,225,10460000,9053
5,1046,10460000,10460100,90,225,10470000,9062
5,1047,10470000,10470100,90,225,10480000,9070
5,1048,10480000,10480100,90,225,10490000,9079
5,1049,10490000,10490100,90,225,10500000,9085
5,105,1050000,1050100,90,225,1060000,913
5,1050,10500000,10500100,90,225,10510000,9099
5,1051,10510000,10510100,90,225,10520000,9105
5,1052,10520000,10520100,90,225,10530000,9113
5,1053,10530000,10530100,90,225,10540000,9123
5,1054,10540000,10540100,90,225,10550000,9130
5,1055,10550000,10550100,90,225,10560000,9137
5,1056,10560000,10560100,90,225,10570000,9150
5,1057,10570000,10570100,90,225,10580000,9158
5,1058,10580000,10580100,90,225,10590000,9165
5,1059,10590000,10590100,90,225,10600000,9173
5,106,1060000,1060100,90,225,1070000,920
5,1060,10600000,10600100,90,225,10610000,9184
5,1061,10610000,10610100,90,225,10620000,9191
5,1062,10620000,10620100,90,225,10630000,9201
5,1063,10630000,10630100,90,225,10640000,9207
5,1064,10640000,10640100,90,225,10650000,9218
5,1065,10650000,10650100,90,225,10660000,9227
5,1066,10660000,10660100,90,225,10670000,9234
5,1067,10670000,10670100,90,225,10680000,9243
5,1068,10680000,10680100,90,225,10690000,9254
5,1069,10690000,10690100,90,225,10700000,9260
5,107,1070000,1070100,90,225,1080000,926
5,1070,10700000,10700100,90,225,10710000,9268
5,1071,10710000,10710100,90,225,10720000,9278
5,1072,10720000,10720100,90,225,10730000,9288
5,1073,10730000,10730100,90,225,10740000,9294
5,1074,10740000,10740100,90,225,10750000,9306
5,1075,10750000,10750100,90,225,10760000,9313
5,1076,10760000,10760100,90,225,10770000,9321
5,1077,10770000,10770100,90,225,10780000,9329
5,1078,10780000,10780100,90,225,10790000,9339
5,1079,10790000,10790100,90,225,10800000,9345
5,108,1080000,1080100,90,225,1090000,939
5,1080,10800000,10800100,90,225,10810000,9358
5,1081,10810000,10810100,90,225,10820000,9366
5,1082,10820000,10820100,90,225,10830000,9373
5,1083,10830000,10830100,90,225,10840000,9382
5,1084,10840000,10840100,90,225,10850000,9390
5,1085,10850000,10850100,90,225,10860000,9399
5,1086,10860000,10860100,90,225,10870000,9409
5,1087,10870000,10870100,90,225,10880000,9415
5,1088,10880000,10880100,90,225,10890000,9426
5,1089,10890000,10890100,90,225,10900000,9435
5,109,1090000,1090100,90,225,1100000,945
5,1090,10900000,10900100,90,225,10910000,9443
5,1091,10910000,10910100,90,225,10920000,9449
5,1092,10920000,10920100,90,225,10930000,9462
5,1093,10930000,10930100,90,225,10940000,9468
5,1094,10940000,10940100,90,225,10950000,9476
5,1095,10950000,10950100,90,225,10960000,9487
5,1096,10960000,10960100,90,225,10970000,9496
5,1097,10970000,10970100,90,225,10980000,9502
5,1098,10980000,10980100,90,225,10990000,9512
5,1099,10990000,10990100,90,225,11000000,9520
5,11,110000,110100,90,225,120000,96
5,110,1100000,1100100,90,225,1110000,954
5,1100,11000000,11000100,90,225,11010000,9530
5,1101,11010000,11010100,90,225,11020000,9538
5,1102,11020000,11020100,90,225,11030000,9547
5,1103,11030000,11030100,90,225,11040000,9553
5,1104,11040000,11040100,90,225,11050000,9565
5,1105,11050000,11050100,90,225,11060000,9573
5,1106,11060000,11060100,90,225,11070000,9582
5,1107,11070000,11070100,90,225,11080000,9590
5,1108,11080000,11080100,90,225,11090000,9598
5,1109,11090000,11090100,90,225,11100000,9606
5,111,1110000,1110100,90,225,1120000,962
5,1110,11100000,11100100,90,225,11110000,9617
5,1111,11110000,11110100,90,225,11120000,9624
5,1112,11120000,11120100,90,225,11130000,9633
5,1113,11130000,11130100,90,225,11140000,9643
5,1114,11140000,11140100,90,225,11150000,9650
5,1115,11150000,11150100,90,225,11160000,9657
5,1116,11160000,11160100,90,225,11170000,9671
5,1117,11170000,11170100,90,225,11180000,9677
5,1118,11180000,11180100,90,225,11190000,9684
5,1119,11190000,11190100,90,225,11200000,9692
5,112,1120000,1120100,90,225,1130000,973
5,1120,11200000,11200100,90,225,11210000,9704
5,1121,11210000,11210100,90,225,11220000,9710
5,1122,11220000,11220100,90,225,11230000,9721
5,1123,11230000,11230100,90,225,11240000,9729
5,1124,11240000,11240100,90,225,11250000,9737
5,1125,11250000,11250100,90,225,11260000,9746
5,1126,11260000,11260100,90,225,11270000,9753
5,1127,11270000,11270100,90,225,11280000,9762
5,1128,11280000,11280100,90,225,11290000,9774
5,1129,11290000,11290100,90,225,11300000,9780
5,113,1130000,1130100,90,225,1140000,979
5,1130,11300000,11300100,90,225,11310000,9790
5,1131,11310000,11310100,90,225,11320000,9798
5,1132,11320000,11320100,90,225,11330000,9806
5,1133,11330000,11330100,90,225,11340000,9813
5,1134,11340000,11340100,90,225,11350000,9825
5,1135,11350000,11350100,90,225,11360000,9832
5,1136,11360000,11360100,90,225,11370000,9841
5,1137,11370000,11370100,90,225,11380000,9851
5,1138,11380000,11380100,90,225,11390000,9859
5,1139,11390000,11390100,90,225,11400000,9865
5,114,1140000,1140100,90,225,1150000,989
5,1140,11400000,11400100,90,225,11410000,9877
5,1141,11410000,11410100,90,225,11420000,9885
5,1142,11420000,11420100,90,225,11430000,9892
5,1143,11430000,11430100,90,225,11440000,9900
5,1144,11440000,11440100,90,225,11450000,9912
5,1145,11450000,11450100,90,225,11460000,9919
5,1146,11460000,11460100,90,225,11470000,9929
5,1147,11470000,11470100,90,225,11480000,9935
5,1148,11480000,11480100,90,225,11490000,9945
5,1149,11490000,11490100,90,225,11500000,9954
5,115,1150000,1150100,90,225,1160000,999
5,1150,11500000,11500100,90,225,11510000,9962
5,1151,11510000,11510100,90,225,11520000,9970
5,1152,11520000,11520100,90,225,11530000,9982
5,1153,11530000,11530100,90,225,11540000,9988
5,1154,11540000,11540100,90,225,11550000,9995
5,1155,11550000,11550100,90,225,11560000,10007
5,1156,11560000,11560100,90,225,11570000,10015
5,1157,11570000,11570100,90,225,11580000,10021
5,1158,11580000,11580100,90,225,11590000,10033
5,1159,11590000,11590100,90,225,11600000,10039
5,116,1160000,1160100,90,225,1170000,1007
5,1160,11600000,11600100,90,225,11610000,10050
5,1161,11610000,11610100,90,225,11620000,10058
5,1162,11620000,11620100,90,225,11630000,10067
5,1163,11630000,11630100,90,225,11640000,10073
5,1164,11640000,11640100,90,225,11650000,10084
5,1165,11650000,11650100,90,225,11660000,10093
5,1166,11660000,11660100,90,225,11670000,10101
5,1167,11670000,11670100,90,225,11680000,10109
5,1168,11680000,11680100,90,225,11690000,10118
5,1169,11690000,11690100,90,225,11700000,10126
5,117,1170000,1170100,90,225,1180000,1015
5,1170,11700000,11700100,90,225,11710000,10137
5,1171,11710000,11710100,90,225,11720000,10144
5,1172,11720000,11720100,90,225,11730000,10154
5,1173,11730000,11730100,90,225,11740000,10162
5,1174,11740000,11740100,90,225,11750000,10169
5,1175,11750000,11750100,90,225,11760000,10176
5,1176,11760000,11760100,90,225,11770000,10190
5,1177,11770000,11770100,90,225,11780000,10197
5,1178,11780000,11780100,90,225,11790000,10204
5,1179,11790000,11790100,90,225,11800000,10214
5,118,1180000,1180100,90,225,1190000,1022
5,1180,11800000,11800100,90,225,11810000,10223
5,1181,11810000,11810100,90,225,11820000,10229
5,1182,11820000,11820100,90,225,11830000,10240
5,1183,11830000,11830100,90,225,11840000,10248
5,1184,11840000,11840100,90,225,11850000,10257
5,1185,11850000,11850100,90,225,11860000,10266
5,1186,11860000,11860100,90,225,11870000,10275
5,1187,11870000,11870100,90,225,11880000,10281
5,1188,11880000,11880100,90,225,11890000,10293
5,1189,11890000,11890100,90,225,11900000,10299
5,119,1190000,1190100,90,225,1200000,1030
5,1190,11900000,11900100,90,225,11910000,10309
5,1191,11910000,11910100,90,225,11920000,10317
5,1192,11920000,11920100,90,225,11930000,10326
5,1193,11930000,11930100,90,225,11940000,10335
5,1194,11940000,11940100,90,225,11950000,10345
5,1195,11950000,11950100,90,225,11960000,10352
5,1196,11960000,11960100,90,225,11970000,10360
5,1197,11970000,11970100,90,225,11980000,10370
5,1198,11980000,11980100,90,225,11990000,10377
5,1199,11990000,11990100,90,225,12000000,10384
5,12,120000,120100,90,225,130000,107
5,120,1200000,1200100,90,225,1210000,1043
5,1200,12000000,12000100,90,225,12010000,10399
5,1201,12010000,12010100,90,225,12020000,10405
5,1202,12020000,12020100,90,225,12030000,10412
5,1203,12030000,12030100,90,225,12040000,10420
5,1204,12040000,12040100,90,225,12050000,10431
5,1205,12050000,12050100,90,225,12060000,10438
5,1206,12060000,12060100,90,225,12070000,10448
5,1207,12070000,12070100,90,225,12080000,10456
5,1208,12080000,12080100,90,225,12090000,10465
5,1209,12090000,12090100,90,225,12100000,10473
5,121,1210000,1210100,90,225,1220000,1050
5,1210,12100000,12100100,90,225,12110000,10482
5,1211,12110000,12110100,90,225,12120000,10490
5,1212,12120000,12120100,90,225,12130000,10501
5,1213,12130000,12130100,90,225,12140000,10507
5,1214,12140000,12140100,90,225,12150000,10516
5,1215,12150000,12150100,90,225,12160000,10526
5,1216,12160000,12160100,90,225,12170000,10535
5,1217,12170000,12170100,90,225,12180000,10541
5,1218,12180000,12180100,90,225,12190000,10553
5,1219,12190000,12190100,90,225,12200000,10559
5,122,1220000,1220100,90,225,1230000,1059
5,1220,12200000,12200100,90,225,12210000,10568
5,1221,12210000,12210100,90,225,12220000,10579
5,1222,12220000,12220100,90,225,12230000,10586
5,1223,12230000,12230100,90,225,12240000,10592
5,1224,12240000,12240100,90,225,12250000,10604
5,1225,12250000,12250100,90,225,12260000,10613
5,1226,12260000,12260100,90,225,12270000,10621
5,1227,12270000,12270100,90,225,12280000,10629
5,1228,12280000,12280100,90,225,12290000,10639
5,1229,12290000,12290100,90,225,12300000,10645
5,123,1230000,1230100,90,225,1240000,1067
5,1230,12300000,12300100,90,225,12310000,10656
5,1231,12310000,12310100,90,225,12320000,10662
5,1232,12320000,12320100,90,225,12330000,10674
5,1233,12330000,12330100,90,225,12340000,10682
5,1234,12340000,12340100,90,225,12350000,10689
5,1235,12350000,12350100,90,225,12360000,10698
5,1236,12360000,12360100,90,225,12370000,10709
5,1237,12370000,12370100,90,225,12380000,10716
5,1238,12380000,12380100,90,225,12390000,10723
5,1239,12390000,12390100,90,225,12400000,10733
5,124,1240000,1240100,90,225,1250000,1075
5,1240,12400000,12400100,90,225,12410000,10743
5,1241,12410000,12410100,90,225,12420000,10749
5,1242,12420000,12420100,90,225,12430000,10761
5,1243,12430000,12430100,90,225,12440000,10768
5,1244,12440000,12440100,90,225,12450000,10776
5,1245,12450000,12450100,90,225,12460000,10785
5,1246,12460000,12460100,90,225,12470000,10794
5,1247,12470000,12470100,90,225,12480000,10800
5,1248,12480000,12480100,90,225,12490000,10813
5,1249,12490000,12490100,90,225,12500000,10821
5,125,1250000,1250100,90,225,1260000,1082
5,1250,12500000,12500100,90,225,12510000,10829
5,1251,12510000,12510100,90,225,12520000,10837
5,1252,12520000,12520100,90,225,12530000,10845
5,1253,12530000,12530100,90,225,12540000,10853
5,1254,12540000,12540100,90,225,12550000,10864
5,1255,12550000,12550100,90,225,12560000,10871
5,1256,12560000,12560100,90,225,12570000,10882
5,1257,12570000,12570100,90,225,12580000,10890
5,1258,12580000,12580100,90,225,12590000,10897
5,1259,12590000,12590100,90,225,12600000,10904
5,126,1260000,1260100,90,225,1270000,1095
5,1260,12600000,12600100,90,225,12610000,10918
5,1261,12610000,12610100,90,225,12620000,10924
5,1262,12620000,12620100,90,225,12630000,10931
5,1263,12630000,12630100,90,225,12640000,10941
5,1264,12640000,12640100,90,225,12650000,10950
5,1265,12650000,12650100,90,225,12660000,10958
5,1266,12660000,12660100,90,225,12670000,10968
5,1267,12670000,12670100,90,225,12680000,10976
5,1268,12680000,12680100,90,225,12690000,10984
5,1269,12690000,12690100,90,225,12700000,10992
5,127,1270000,1270100,90,225,1280000,1101
5,1270,12700000,12700100,90,225,12710000,11003
5,1271,12710000,12710100,90,225,12720000,11009
5,1272,12720000,12720100,90,225,12730000,11021
5,1273,12730000,12730100,90,225,12740000,11027
5,1274,12740000,12740100,90,225,12750000,11036
5,1275,12750000,12750100,90,225,12760000,11045
5,1276,12760000,12760100,90,225,12770000,11054
5,1277,12770000,12770100,90,225,12780000,11062
5,1278,12780000,12780100,90,225,12790000,11072
5,1279,12790000,12790100,90,225,12800000,11078
5,128,1280000,1280100,90,225,1290000,1110
5,1280,12800000,12800100,90,225,12810000,11088
5,1281,12810000,12810100,90,225,12820000,11099
5,1282,12820000,12820100,90,225,12830000,11106
5,1283,12830000,12830100,90,225,12840000,11112
5,1284,12840000,12840100,90,225,12850000,11125
5,1285,12850000,12850100,90,225,12860000,11132
5,1286,12860000,12860100,90,225,12870000,11139
5,1287,12870000,12870100,90,225,12880000,11148
5,1288,12880000,12880100,90,225,12890000,11159
5,1289,12890000,12890100,90,225,12900000,11165
5,129,1290000,1290100,90,225,1300000,1120
5,1290,12900000,12900100,90,225,12910000,11176
5,1291,12910000,12910100,90,225,12920000,11184
5,1292,12920000,12920100,90,225,12930000,11193
5,1293,12930000,12930100,90,225,12940000,11201
5,1294,12940000,12940100,90,225,12950000,11208
5,1295,12950000,12950100,90,225,12960000,11217
5,1296,12960000,12960100,90,225,12970000,11229
5,1297,12970000,12970100,90,225,12980000,11235
5,1298,12980000,12980100,90,225,12990000,11245
5,1299,12990000,12990100,90,225,13000000,11253
5,13,130000,130100,90,225,140000,113
5,130,1300000,1300100,90,225,1310000,1128
5,1300,13000000,13000100,90,225,13010000,11262
5,1301,13010000,13010100,90,225,13020000,11268
5,1302,13020000,13020100,90,225,13030000,11280
5,1303,13030000,13030100,90,225,13040000,11287
5,1304,13040000,13040100,90,225,13050000,11296
5,1305,13050000,13050100,90,225,13060000,11307
5,1306,13060000,13060100,90,225,13070000,11314
5,1307,13070000,13070100,90,225,13080000,11320
5,1308,13080000,13080100,90,225,13090000,11331
5,1309,13090000,13090100,90,225,13100000,11340
5,131,1310000,1310100,90,225,1320000,1134
5,1310,13100000,13100100,90,225,13110000,11348
5,1311,13110000,13110100,90,225,13120000,11356
5,1312,13120000,13120100,90,225,13130000,11367
5,1313,13130000,13130100,90,225,13140000,11373
5,1314,13140000,13140100,90,225,13150000,11384
5,1315,13150000,13150100,90,225,13160000,11391
5,1316,13160000,13160100,90,225,13170000,11401
5,1317,13170000,13170100,90,225,13180000,11409
5,1318,13180000,13180100,90,225,13190000,11416
5,1319,13190000,13190100,90,225,13200000,11424
5,132,1320000,1320100,90,225,1330000,1146
5,1320,13200000,13200100,90,225,13210000,11438
5,1321,13210000,13210100,90,225,13220000,11444
5,1322,13220000,13220100,90,225,13230000,11451
5,1323,13230000,13230100,90,225,13240000,11461
5,1324,13240000,13240100,90,225,13250000,11469
5,1325,13250000,13250100,90,225,13260000,11477
5,1326,13260000,13260100,90,225,13270000,11489
5,1327,13270000,13270100,90,225,13280000,11495
5,1328,13280000,13280100,90,225,13290000,11504
5,1329,13290000,13290100,90,225,13300000,11512
5,133,1330000,1330100,90,225,1340000,1154
5,1330,13300000,13300100,90,225,13310000,11522
5,1331,13310000,13310100,90,225,13320000,11529
5,1332,13320000,13320100,90,225,13330000,11540
5,1333,13330000,13330100,90,225,13340000,11548
5,1334,13340000,13340100,90,225,13350000,11555
5,1335,13350000,13350100,90,225,13360000,11564
5,1336,13360000,13360100,90,225,13370000,11574
5,1337,13370000,13370100,90,225,13380000,11582
5,1338,13380000,13380100,90,225,13390000,11592
5,1339,13390000,13390100,90,225,13400000,11598
5,134,1340000,1340100,90,225,1350000,1161
5,1340,13400000,13400100,90,225,13410000,11609
5,1341,13410000,13410100,90,225,13420000,11617
5,1342,13420000,13420100,90,225,13430000,11625
5,1343,13430000,13430100,90,225,13440000,11631
5,1344,13440000,13440100,90,225,13450000,11645
5,1345,13450000,13450100,90,225,13460000,11652
5,1346,13460000,13460100,90,225,13470000,11659
5,1347,13470000,13470100,90,225,13480000,11670
5,1348,13480000,13480100,90,225,13490000,11678
5,1349,13490000,13490100,90,225,13500000,11684
5,135,1350000,1350100,90,225,1360000,1170
5,1350,13500000,13500100,90,225,13510000,11695
5,1351,13510000,13510100,90,225,13520000,11703
5,1352,13520000,13520100,90,225,13530000,11712
5,1353,13530000,13530100,90,225,13540000,11721
5,1354,13540000,13540100,90,225,13550000,11730
5,1355,13550000,13550100,90,225,13560000,11737
5,1356,13560000,13560100,90,225,13570000,11748
5,1357,13570000,13570100,90,225,13580000,11754
5,1358,13580000,13580100,90,225,13590000,11764
5,1359,13590000,13590100,90,225,13600000,11772
5,136,1360000,1360100,90,225,1370000,1181
5,1360,13600000,13600100,90,225,13610000,11782
5,1361,13610000,13610100,90,225,13620000,11790
5,1362,13620000,13620100,90,225,13630000,11800
5,1363,13630000,13630100,90,225,13640000,11806
5,1364,13640000,13640100,90,225,13650000,11815
5,1365,13650000,13650100,90,225,13660000,11826
5,1366,13660000,13660100,90,225,13670000,11833
5,1367,13670000,13670100,90,225,13680000,11839
5,1368,13680000,13680100,90,225,13690000,11853
5,1369,13690000,13690100,90,225,13700000,11860
5,137,1370000,1370100,90,225,1380000,1188
5,1370,13700000,13700100,90,225,13710000,11868
5,1371,13710000,13710100,90,225,13720000,11876
5,1372,13720000,13720100,90,225,13730000,11886
5,1373,13730000,13730100,90,225,13740000,11892
5,1374,13740000,13740100,90,225,13750000,11902
5,1375,13750000,13750100,90,225,13760000,11912
5,1376,13760000,13760100,90,225,13770000,11921
5,1377,13770000,13770100,90,225,13780000,11929
5,1378,13780000,13780100,90,225,13790000,11936
5,1379,13790000,13790100,90,225,13800000,11944
5,138,1380000,1380100,90,225,1390000,1198
5,1380,13800000,13800100,90,225,13810000,11957
5,1381,13810000,13810100,90,225,13820000,11963
5,1382,13820000,13820100,90,225,13830000,11972
5,1383,13830000,13830100,90,225,13840000,11980
5,1384,13840000,13840100,90,225,13850000,11989
5,1385,13850000,13850100,90,225,13860000,11996
5,1386,13860000,13860100,90,225,13870000,12009
5,1387,13870000,13870100,90,225,13880000,12015
5,1388,13880000,13880100,90,225,13890000,12023
5,1389,13890000,13890100,90,225,13900000,12033
5,139,1390000,1390100,90,225,1400000,1204
5,1390,13900000,13900100,90,225,13910000,12041
5,1391,13910000,13910100,90,225,13920000,12048
5,1392,13920000,13920100,90,225,13930000,12060
5,1393,13930000,13930100,90,225,13940000,12068
5,1394,13940000,13940100,90,225,13950000,12075
5,1395,13950000,13950100,90,225,13960000,12084
5,1396,13960000,13960100,90,225,13970000,12094
5,1397,13970000,13970100,90,225,13980000,12101
5,1398,13980000,13980100,90,225,13990000,12111
5,1399,13990000,13990100,90,225,14000000,12117
5,14,140000,140100,90,225,150000,122
5,140,1400000,1400100,90,225,1410000,1215
5,1400,14000000,14000100,90,225,14010000,12129
5,1401,14010000,14010100,90,225,14020000,12137
5,1402,14020000,14020100,90,225,14030000,12145
5,1403,14030000,14030100,90,225,14040000,12153
5,1404,14040000,14040100,90,225,14050000,12164
5,1405,14050000,14050100,90,225,14060000,12171
5,1406,14060000,14060100,90,225,14070000,12178
5,1407,14070000,14070100,90,225,14080000,12188
5,1408,14080000,14080100,90,225,14090000,12198
5,1409,14090000,14090100,90,225,14100000,12204
5,141,1410000,1410100,90,225,1420000,1223
5,1410,14100000,14100100,90,225,14110000,12217
5,1411,14110000,14110100,90,225,14120000,12223
5,1412,14120000,14120100,90,225,14130000,12231
5,1413,14130000,14130100,90,225,14140000,12240
5,1414,14140000,14140100,90,225,14150000,12249
5,1415,14150000,14150100,90,225,14160000,12256
5,1416,14160000,14160100,90,225,14170000,12268
5,1417,14170000,14170100,90,225,14180000,12276
5,1418,14180000,14180100,90,225,14190000,12283
5,1419,14190000,14190100,90,225,14200000,12292
5,142,1420000,1420100,90,225,1430000,1230
5,1420,14200000,14200100,90,225,14210000,12301
5,1421,14210000,14210100,90,225,14220000,12309
5,1422,14220000,14220100,90,225,14230000,12319
5,1423,14230000,14230100,90,225,14240000,12325
5,1424,14240000,14240100,90,225,14250000,12337
5,1425,14250000,14250100,90,225,14260000,12346
5,1426,14260000,14260100,90,225,14270000,12353
5,1427,14270000,14270100,90,225,14280000,12359
5,1428,14280000,14280100,90,225,14290000,12372
5,1429,14290000,14290100,90,225,14300000,12378
5,143,1430000,1430100,90,225,1440000,1239
5,1430,14300000,14300100,90,225,14310000,12387
5,1431,14310000,14310100,90,225,14320000,12397
5,1432,14320000,14320100,90,225,14330000,12406
5,1433,14330000,14330100,90,225,14340000,12412
5,1434,14340000,14340100,90,225,14350000,12422
5,1435,14350000,14350100,90,225,14360000,12432
5,1436,14360000,14360100,90,225,14370000,12440
5,1437,14370000,14370100,90,225,14380000,12448
5,1438,14380000,14380100,90,225,14390000,12457
5,1439,14390000,14390100,90,225,14400000,12463
5,144,1440000,1440100,90,225,1450000,1251
5,1440,14400000,14400100,90,225,14410000,12476
5,1441,14410000,14410100,90,225,14420000,12483
5,1442,14420000,14420100,90,225,14430000,12492
5,1443,14430000,14430100,90,225,14440000,12500
5,1444,14440000,14440100,90,225,14450000,12508
5,1445,14450000,14450100,90,225,14460000,12517
5,1446,14460000,14460100,90,225,14470000,12528
5,1447,14470000,14470100,90,225,14480000,12534
5,1448,14480000,14480100,90,225,14490000,12543
5,1449,14490000,14490100,90,225,14500000,12553
5,145,1450000,1450100,90,225,1460000,1258
5,1450,14500000,14500100,90,225,14510000,12561
5,1451,14510000,14510100,90,225,14520000,12567
5,1452,14520000,14520100,90,225,14530000,12581
5,1453,14530000,14530100,90,225,14540000,12587
5,1454,14540000,14540100,90,225,14550000,12594
5,1455,14550000,14550100,90,225,14560000,12603
5,1456,14560000,14560100,90,225,14570000,12614
5,1457,14570000,14570100,90,225,14580000,12621
5,1458,14580000,14580100,90,225,14590000,12631
5,1459,14590000,14590100,90,225,14600000,12639
5,146,1460000,1460100,90,225,1470000,1265
5,1460,14600000,14600100,90,225,14610000,12648
5,1461,14610000,14610100,90,225,14620000,12656
5,1462,14620000,14620100,90,225,14630000,12663
5,1463,14630000,14630100,90,225,14640000,12672
5,1464,14640000,14640100,90,225,14650000,12684
5,1465,14650000,14650100,90,225,14660000,12691
5,1466,14660000,14660100,90,225,14670000,12700
5,1467,14670000,14670100,90,225,14680000,12708
5,1468,14680000,14680100,90,225,14690000,12717
5,1469,14690000,14690100,90,225,14700000,12723
5,147,1470000,1470100,90,225,1480000,1275
5,1470,14700000,14700100,90,225,14710000,12736
5,1471,14710000,14710100,90,225,14720000,12742
5,1472,14720000,14720100,90,225,14730000,12751
5,1473,14730000,14730100,90,225,14740000,12761
5,1474,14740000,14740100,90,225,14750000,12769
5,1475,14750000,14750100,90,225,14760000,12776
5,1476,14760000,14760100,90,225,14770000,12787
5,1477,14770000,14770100,90,225,14780000,12795
5,1478,14780000,14780100,90,225,14790000,12802
5,1479,14790000,14790100,90,225,14800000,12811
5,148,1480000,1480100,90,225,1490000,1284
5,1480,14800000,14800100,90,225,14810000,12823
5,1481,14810000,14810100,90,225,14820000,12829
5,1482,14820000,14820100,90,225,14830000,12839
5,1483,14830000,14830100,90,225,14840000,12845
5,1484,14840000,14840100,90,225,14850000,12855
5,1485,14850000,14850100,90,225,14860000,12865
5,1486,14860000,14860100,90,225,14870000,12872
5,1487,14870000,14870100,90,225,14880000,12880
5,1488,14880000,14880100,90,225,14890000,12892
5,1489,14890000,14890100,90,225,14900000,12898
5,149,1490000,1490100,90,225,1500000,1290
5,1490,14900000,14900100,90,225,14910000,12907
5,1491,14910000,14910100,90,225,14920000,12917
5,1492,14920000,14920100,90,225,14930000,12925
5,1493,14930000,14930100,90,225,14940000,12931
5,1494,14940000,14940100,90,225,14950000,12943
5,1495,14950000,14950100,90,225,14960000,12950
5,1496,14960000,14960100,90,225,14970000,12960
5,1497,14970000,14970100,90,225,14980000,12968
5,1498,14980000,14980100,90,225,14990000,12977
5,1499,14990000,14990100,90,225,15000000,12983
5,15,150000,150100,90,225,160000,131
5,150,1500000,1500100,90,225,1510000,1303
5,1500,15000000,15000100,90,225,15010000,12995
5,1501,15010000,15010100,90,225,15020000,13004
5,1502,15020000,15020100,90,225,15030000,13011
5,1503,15030000,15030100,90,225,15040000,13019
5,1504,15040000,15040100,90,225,15050000,13028
5,1505,15050000,15050100,90,225,15060000,13037
5,1506,15060000,15060100,90,225,15070000,13047
5,1507,15070000,15070100,90,225,15080000,13054
5,1508,15080000,15080100,90,225,15090000,13064
5,1509,15090000,15090100,90,225,15100000,13072
5,151,1510000,1510100,90,225,1520000,1309
5,1510,15100000,15100100,90,225,15110000,13080
5,1511,15110000,15110100,90,225,15120000,13086
5,1512,15120000,15120100,90,225,15130000,13101
5,1513,15130000,15130100,90,225,15140000,13107
5,1514,15140000,15140100,90,225,15150000,13114
5,1515,15150000,15150100,90,225,15160000,13125
5,1516,15160000,15160100,90,225,15170000,13133
5,1517,15170000,15170100,90,225,15180000,13139
5,1518,15180000,15180100,90,225,15190000,13150
5,1519,15190000,15190100,90,225,15200000,13158
5,152,1520000,1520100,90,225,1530000,1318
5,1520,15200000,15200100,90,225,15210000,13168
5,1521,15210000,15210100,90,225,15220000,13176
5,1522,15220000,15220100,90,225,15230000,13185
5,1523,15230000,15230100,90,225,15240000,13192
5,1524,15240000,15240100,90,225,15250000,13203
5,1525,15250000,15250100,90,225,15260000,13210
5,1526,15260000,15260100,90,225,15270000,13219
5,1527,15270000,15270100,90,225,15280000,13227
5,1528,15280000,15280100,90,225,15290000,13236
5,1529,15290000,15290100,90,225,15300000,13245
5,153,1530000,1530100,90,225,1540000,1326
5,1530,15300000,15300100,90,225,15310000,13256
5,1531,15310000,15310100,90,225,15320000,13262
5,1532,15320000,15320100,90,225,15330000,13270
5,1533,15330000,15330100,90,225,15340000,13280
5,1534,15340000,15340100,90,225,15350000,13288
5,1535,15350000,15350100,90,225,15360000,13295
5,1536,15360000,15360100,90,225,15370000,13309
5,1537,15370000,15370100,90,225,15380000,13315
5,1538,15380000,15380100,90,225,15390000,13322
5,1539,15390000,15390100,90,225,15400000,13330
5,154,1540000,1540100,90,225,1550000,1336
5,1540,15400000,15400100,90,225,15410000,13342
5,1541,15410000,15410100,90,225,15420000,13348
5,1542,15420000,15420100,90,225,15430000,13358
5,1543,15430000,15430100,90,225,15440000,13366
5,1544,15440000,15440100,90,225,15450000,13375
5,1545,15450000,15450100,90,225,15460000,13385
5,1546,15460000,15460100,90,225,15470000,13392
5,1547,15470000,15470100,90,225,15480000,13400
5,1548,15480000,15480100,90,225,15490000,13411
5,1549,15490000,15490100,90,225,15500000,13417
5,155,1550000,1550100,90,225,1560000,1343
5,1550,15500000,15500100,90,225,15510000,13427
5,1551,15510000,15510100,90,225,15520000,13436
5,1552,15520000,15520100,90,225,15530000,13445
5,1553,15530000,15530100,90,225,15540000,13451
5,1554,15540000,15540100,90,225,15550000,13463
5,1555,15550000,15550100,90,225,15560000,13470
5,1556,15560000,15560100,90,225,15570000,13479
5,1557,15570000,15570100,90,225,15580000,13489
5,1558,15580000,15580100,90,225,15590000,13496
5,1559,15590000,15590100,90,225,15600000,13502
5,156,1560000,1560100,90,225,1570000,1354
5,1560,15600000,15600100,90,225,15610000,13515
5,1561,15610000,15610100,90,225,15620000,13523
5,1562,15620000,15620100,90,225,15630000,13531
5,1563,15630000,15630100,90,225,15640000,13539
5,1564,15640000,15640100,90,225,15650000,13549
5,1565,15650000,15650100,90,225,15660000,13556
5,1566,15660000,15660100,90,225,15670000,13566
5,1567,15670000,15670100,90,225,15680000,13573
5,1568,15680000,15680100,90,225,15690000,13584
5,1569,15690000,15690100,90,225,15700000,13592
5,157,1570000,1570100,90,225,1580000,1362
5,1570,15700000,15700100,90,225,15710000,13600
5,1571,15710000,15710100,90,225,15720000,13608
5,1572,15720000,15720100,90,225,15730000,13619
5,1573,15730000,15730100,90,225,15740000,13626
5,1574,15740000,15740100,90,225,15750000,13633
5,1575,15750000,15750100,90,225,15760000,13644
5,1576,15760000,15760100,90,225,15770000,13653
5,1577,15770000,15770100,90,225,15780000,13659
5,1578,15780000,15780100,90,225,15790000,13672
5,1579,15790000,15790100,90,225,15800000,13678
5,158,1580000,1580100,90,225,1590000,1369
5,1580,15800000,15800100,90,225,15810000,13687
5,1581,15810000,15810100,90,225,15820000,13695
5,1582,15820000,15820100,90,225,15830000,13704
5,1583,15830000,15830100,90,225,15840000,13710
5,1584,15840000,15840100,90,225,15850000,13723
5,1585,15850000,15850100,90,225,15860000,13732
5,1586,15860000,15860100,90,225,15870000,13739
5,1587,15870000,15870100,90,225,15880000,13747
5,1588,15880000,15880100,90,225,15890000,13755
5,1589,15890000,15890100,90,225,15900000,13764
5,159,1590000,1590100,90,225,1600000,1378
5,1590,15900000,15900100,90,225,15910000,13775
5,1591,15910000,15910100,90,225,15920000,13781
5,1592,15920000,15920100,90,225,15930000,13792
5,1593,15930000,15930100,90,225,15940000,13800
5,1594,15940000,15940100,90,225,15950000,13807
5,1595,15950000,15950100,90,225,15960000,13815
5,1596,15960000,15960100,90,225,15970000,13828
5,1597,15970000,15970100,90,225,15980000,13834
5,1598,15980000,15980100,90,225,15990000,13841
5,1599,15990000,15990100,90,225,16000000,13851
5,16,160000,160100,90,225,170000,141
5,160,1600000,1600100,90,225,1610000,1388
5,1600,16000000,16000100,90,225,16010000,13862
5,1601,16010000,16010100,90,225,16020000,13868
5,1602,16020000,16020100,90,225,16030000,13878
5,1603,16030000,16030100,90,225,16040000,13886
5,1604,16040000,16040100,90,225,16050000,13894
5,1605,16050000,16050100,90,225,16060000,13903
5,1606,16060000,16060100,90,225,16070000,13913
5,1607,16070000,16070100,90,225,16080000,13919
5,1608,16080000,16080100,90,225,16090000,13931
5,1609,16090000,16090100,90,225,16100000,13937
5,161,1610000,1610100,90,225,1620000,1396
5,1610,16100000,16100100,90,225,16110000,13947
5,1611,16110000,16110100,90,225,16120000,13956
5,1612,16120000,16120100,90,225,16130000,13964
5,1613,16130000,16130100,90,225,16140000,13972
5,1614,16140000,16140100,90,225,16150000,13982
5,1615,16150000,16150100,90,225,16160000,13989
5,1616,16160000,16160100,90,225,16170000,13998
5,1617,16170000,16170100,90,225,16180000,14009
5,1618,16180000,16180100,90,225,16190000,14016
5,1619,16190000,16190100,90,225,16200000,14022
5,162,1620000,1620100,90,225,1630000,1406
5,1620,16200000,16200100,90,225,16210000,14036
5,1621,16210000,16210100,90,225,16220000,14042
5,1622,16220000,16220100,90,225,16230000,14050
5,1623,16230000,16230100,90,225,16240000,14058
5,1624,16240000,16240100,90,225,16250000,14069
5,1625,16250000,16250100,90,225,16260000,14076
5,1626,16260000,16260100,90,225,16270000,14086
5,1627,16270000,16270100,90,225,16280000,14094
5,1628,16280000,16280100,90,225,16290000,14103
5,1629,16290000,16290100,90,225,16300000,14111
5,163,1630000,1630100,90,225,1640000,1412
5,1630,16300000,16300100,90,225,16310000,14119
5,1631,16310000,16310100,90,225,16320000,14127
5,1632,16320000,16320100,90,225,16330000,14139
5,1633,16330000,16330100,90,225,16340000,14146
5,1634,16340000,16340100,90,225,16350000,14155
5,1635,16350000,16350100,90,225,16360000,14164
5,1636,16360000,16360100,90,225,16370000,14172
5,1637,16370000,16370100,90,225,16380000,14178
5,1638,16380000,16380100,90,225,16390000,14190
5,1639,16390000,16390100,90,225,16400000,14197
5,164,1640000,1640100,90,225,1650000,1422
5,1640,16400000,16400100,90,225,16410000,14207
5,1641,16410000,16410100,90,225,16420000,14217
5,1642,16420000,16420100,90,225,16430000,14224
5,1643,16430000,16430100,90,225,16440000,14230
5,1644,16440000,16440100,90,225,16450000,14242
5,1645,16450000,16450100,90,225,16460000,14251
5,1646,16460000,16460100,90,225,16470000,14258
5,1647,16470000,16470100,90,225,16480000,14266
5,1648,16480000,16480100,90,225,16490000,14277
5,1649,16490000,16490100,90,225,16500000,14283
5,165,1650000,1650100,90,225,1660000,1432
5,1650,16500000,16500100,90,225,16510000,14295
5,1651,16510000,16510100,90,225,16520000,14301
5,1652,16520000,16520100,90,225,16530000,14311
5,1653,16530000,16530100,90,225,16540000,14319
5,1654,16540000,16540100,90,225,16550000,14326
5,1655,16550000,16550100,90,225,16560000,14336
5,1656,16560000,16560100,90,225,16570000,14348
5,1657,16570000,16570100,90,225,16580000,14354
5,1658,16580000,16580100,90,225,16590000,14361
5,1659,16590000,16590100,90,225,16600000,14371
5,166,1660000,1660100,90,225,1670000,1439
5,1660,16600000,16600100,90,225,16610000,14380
5,1661,16610000,16610100,90,225,16620000,14387
5,1662,16620000,16620100,90,225,16630000,14399
5,1663,16630000,16630100,90,225,16640000,14405
5,1664,16640000,16640100,90,225,16650000,14414
5,1665,16650000,16650100,90,225,16660000,14423
5,1666,16660000,16660100,90,225,16670000,14433
5,1667,16670000,16670100,90,225,16680000,14439
5,1668,16680000,16680100,90,225,16690000,14450
5,1669,16690000,16690100,90,225,16700000,14458
5,167,1670000,1670100,90,225,1680000,1445
5,1670,16700000,16700100,90,225,16710000,14466
5,1671,16710000,16710100,90,225,16720000,14474
5,1672,16720000,16720100,90,225,16730000,14484
5,1673,16730000,16730100,90,225,16740000,14492
5,1674,16740000,16740100,90,225,16750000,14502
5,1675,16750000,16750100,90,225,16760000,14509
5,1676,16760000,16760100,90,225,16770000,14519
5,1677,16770000,16770100,90,225,16780000,14528
5,1678,16780000,16780100,90,225,16790000,14535
5,1679,16790000,16790100,90,225,16800000,14541
5,168,1680000,1680100,90,225,1690000,1459
5,1680,16800000,16800100,90,225,16810000,14556
5,1681,16810000,16810100,90,225,16820000,14562
5,1682,16820000,16820100,90,225,16830000,14569
5,1683,16830000,16830100,90,225,16840000,14580
5,1684,16840000,16840100,90,225,16850000,14588
5,1685,16850000,16850100,90,225,16860000,14595
5,1686,16860000,16860100,90,225,16870000,14605
5,1687,16870000,16870100,90,225,16880000,14613
5,1688,16880000,16880100,90,225,16890000,14623
5,1689,16890000,16890100,90,225,16900000,14631
5,169,1690000,1690100,90,225,1700000,1465
5,1690,16900000,16900100,90,225,16910000,14641
5,1691,16910000,16910100,90,225,16920000,14647
5,1692,16920000,16920100,90,225,16930000,14658
5,1693,16930000,16930100,90,225,16940000,14664
5,1694,16940000,16940100,90,225,16950000,14674
5,1695,16950000,16950100,90,225,16960000,14683
5,1696,16960000,16960100,90,225,16970000,14692
5,1697,16970000,16970100,90,225,16980000,14700
5,1698,16980000,16980100,90,225,16990000,14710
5,1699,16990000,16990100,90,225,17000000,14717
5,17,170000,170100,90,225,180000,149
5,170,1700000,1700100,90,225,1710000,1474
5,1700,17000000,17000100,90,225,17010000,14726
5,1701,17010000,17010100,90,225,17020000,14736
5,1702,17020000,17020100,90,225,17030000,14743
5,1703,17030000,17030100,90,225,17040000,14749
5,1704,17040000,17040100,90,225,17050000,14763
5,1705,17050000,17050100,90,225,17060000,14771
5,1706,17060000,17060100,90,225,17070000,14778
5,1707,17070000,17070100,90,225,17080000,14786
5,1708,17080000,17080100,90,225,17090000,14796
5,1709,17090000,17090100,90,225,17100000,14802
5,171,1710000,1710100,90,225,1720000,1484
5,1710,17100000,17100100,90,225,17110000,14814
5,1711,17110000,17110100,90,225,17120000,14822
5,1712,17120000,17120100,90,225,17130000,14831
5,1713,17130000,17130100,90,225,17140000,14839
5,1714,17140000,17140100,90,225,17150000,14846
5,1715,17150000,17150100,90,225,17160000,14855
5,1716,17160000,17160100,90,225,17170000,14867
5,1717,17170000,17170100,90,225,17180000,14873
5,1718,17180000,17180100,90,225,17190000,14882
5,1719,17190000,17190100,90,225,17200000,14890
5,172,1720000,1720100,90,225,1730000,1492
5,1720,17200000,17200100,90,225,17210000,14900
5,1721,17210000,17210100,90,225,17220000,14907
5,1722,17220000,17220100,90,225,17230000,14919
5,1723,17230000,17230100,90,225,17240000,14925
5,1724,17240000,17240100,90,225,17250000,14933
5,1725,17250000,17250100,90,225,17260000,14944
5,1726,17260000,17260100,90,225,17270000,14951
5,1727,17270000,17270100,90,225,17280000,14958
5,1728,17280000,17280100,90,225,17290000,14970
5,1729,17290000,17290100,90,225,17300000,14978
5,173,1730000,1730100,90,225,1740000,1498
5,1730,17300000,17300100,90,225,17310000,14986
5,1731,17310000,17310100,90,225,17320000,14994
5,1732,17320000,17320100,90,225,17330000,15005
5,1733,17330000,17330100,90,225,17340000,15011
5,1734,17340000,17340100,90,225,17350000,15021
5,1735,17350000,17350100,90,225,17360000,15028
5,1736,17360000,17360100,90,225,17370000,15039
5,1737,17370000,17370100,90,225,17380000,15047
5,1738,17380000,17380100,90,225,17390000,15055
5,1739,17390000,17390100,90,225,17400000,15063
5,174,1740000,1740100,90,225,1750000,1508
5,1740,17400000,17400100,90,225,17410000,15075
5,1741,17410000,17410100,90,225,17420000,15081
5,1742,17420000,17420100,90,225,17430000,15088
5,1743,17430000,17430100,90,225,17440000,15099
5,1744,17440000,17440100,90,225,17450000,15108
5,1745,17450000,17450100,90,225,17460000,15115
5,1746,17460000,17460100,90,225,17470000,15127
5,1747,17470000,17470100,90,225,17480000,15133
5,1748,17480000,17480100,90,225,17490000,15141
5,1749,17490000,17490100,90,225,17500000,15150
5,175,1750000,1750100,90,225,1760000,1517
5,1750,17500000,17500100,90,225,17510000,15160
5,1751,17510000,17510100,90,225,17520000,15166
5,1752,17520000,17520100,90,225,17530000,15178
5,1753,17530000,17530100,90,225,17540000,15186
5,1754,17540000,17540100,90,225,17550000,15194
5,1755,17550000,17550100,90,225,17560000,15203
5,1756,17560000,17560100,90,225,17570000,15211
5,1757,17570000,17570100,90,225,17580000,15219
5,1758,17580000,17580100,90,225,17590000,15229
5,1759,17590000,17590100,90,225,17600000,15235
5,176,1760000,1760100,90,225,1770000,1527
5,1760,17600000,17600100,90,225,17610000,15248
5,1761,17610000,17610100,90,225,17620000,15256
5,1762,17620000,17620100,90,225,17630000,15263
5,1763,17630000,17630100,90,225,17640000,15269
5,1764,17640000,17640100,90,225,17650000,15282
5,1765,17650000,17650100,90,225,17660000,15290
5,1766,17660000,17660100,90,225,17670000,15297
5,1767,17670000,17670100,90,225,17680000,15307
5,1768,17680000,17680100,90,225,17690000,15316
5,1769,17690000,17690100,90,225,17700000,15322
5,177,1770000,1770100,90,225,1780000,1535
5,1770,17700000,17700100,90,225,17710000,15333
5,1771,17710000,17710100,90,225,17720000,15342
5,1772,17720000,17720100,90,225,17730000,15350
5,1773,17730000,17730100,90,225,17740000,15358
5,1774,17740000,17740100,90,225,17750000,15367
5,1775,17750000,17750100,90,225,17760000,15374
5,1776,17760000,17760100,90,225,17770000,15387
5,1777,17770000,17770100,90,225,17780000,15393
5,1778,17780000,17780100,90,225,17790000,15402
5,1779,17790000,17790100,90,225,17800000,15410
5,178,1780000,1780100,90,225,1790000,1544
5,1780,17800000,17800100,90,225,17810000,15419
5,1781,17810000,17810100,90,225,17820000,15427
5,1782,17820000,17820100,90,225,17830000,15438
5,1783,17830000,17830100,90,225,17840000,15444
5,1784,17840000,17840100,90,225,17850000,15453
5,1785,17850000,17850100,90,225,17860000,15464
5,1786,17860000,17860100,90,225,17870000,15471
5,1787,17870000,17870100,90,225,17880000,15478
5,1788,17880000,17880100,90,225,17890000,15491
5,1789,17890000,17890100,90,225,17900000,15497
5,179,1790000,1790100,90,225,1800000,1550
5,1790,17900000,17900100,90,225,17910000,15505
5,1791,17910000,17910100,90,225,17920000,15513
5,1792,17920000,17920100,90,225,17930000,15524
5,1793,17930000,17930100,90,225,17940000,15531
5,1794,17940000,17940100,90,225,17950000,15541
5,1795,17950000,17950100,90,225,17960000,15550
5,1796,17960000,17960100,90,225,17970000,15558
5,1797,17970000,17970100,90,225,17980000,15566
5,1798,17980000,17980100,90,225,17990000,15574
5,1799,17990000,17990100,90,225,18000000,15582
5,18,180000,180100,90,225,190000,159
5,180,1800000,1800100,90,225,1810000,1562
5,1800,18000000,18000100,90,225,18010000,15595
5,1801,18010000,18010100,90,225,18020000,15601
5,1802,18020000,18020100,90,225,18030000,15610
5,1803,18030000,18030100,90,225,18040000,15618
5,1804,18040000,18040100,90,225,18050000,15627
5,1805,18050000,18050100,90,225,18060000,15634
5,1806,18060000,18060100,90,225,18070000,15646
5,1807,18070000,18070100,90,225,18080000,15652
5,1808,18080000,18080100,90,225,18090000,15661
5,1809,18090000,18090100,90,225,18100000,15672
5,181,1810000,1810100,90,225,1820000,1569
5,1810,18100000,18100100,90,225,18110000,15680
5,1811,18110000,18110100,90,225,18120000,15686
5,1812,18120000,18120100,90,225,18130000,15697
5,1813,18130000,18130100,90,225,18140000,15705
5,1814,18140000,18140100,90,225,18150000,15712
5,1815,18150000,18150100,90,225,18160000,15722
5,1816,18160000,18160100,90,225,18170000,15733
5,1817,18170000,18170100,90,225,18180000,15739
5,1818,18180000,18180100,90,225,18190000,15749
5,1819,18190000,18190100,90,225,18200000,15755
5,182,1820000,1820100,90,225,1830000,1578
5,1820,18200000,18200100,90,225,18210000,15767
5,1821,18210000,18210100,90,225,18220000,15775
5,1822,18220000,18220100,90,225,18230000,15782
5,1823,18230000,18230100,90,225,18240000,15790
5,1824,18240000,18240100,90,225,18250000,15802
5,1825,18250000,18250100,90,225,18260000,15809
5,1826,18260000,18260100,90,225,18270000,15817
5,1827,18270000,18270100,90,225,18280000,15827
5,1828,18280000,18280100,90,225,18290000,15835
5,1829,18290000,18290100,90,225,18300000,15841
5,183,1830000,1830100,90,225,1840000,1586
5,1830,18300000,18300100,90,225,18310000,15854
5,1831,18310000,18310100,90,225,18320000,15861
5,1832,18320000,18320100,90,225,18330000,15870
5,1833,18330000,18330100,90,225,18340000,15878
5,1834,18340000,18340100,90,225,18350000,15887
5,1835,18350000,18350100,90,225,18360000,15894
5,1836,18360000,18360100,90,225,18370000,15905
5,1837,18370000,18370100,90,225,18380000,15914
5,1838,18380000,18380100,90,225,18390000,15921
5,1839,18390000,18390100,90,225,18400000,15929
5,184,1840000,1840100,90,225,1850000,1595
5,1840,18400000,18400100,90,225,18410000,15939
5,1841,18410000,18410100,90,225,18420000,15947
5,1842,18420000,18420100,90,225,18430000,15958
5,1843,18430000,18430100,90,225,18440000,15964
5,1844,18440000,18440100,90,225,18450000,15974
5,1845,18450000,18450100,90,225,18460000,15983
5,1846,18460000,18460100,90,225,18470000,15990
5,1847,18470000,18470100,90,225,18480000,15996
5,1848,18480000,18480100,90,225,18490000,16011
5,1849,18490000,18490100,90,225,18500000,16017
5,185,1850000,1850100,90,225,1860000,1604
5,1850,18500000,18500100,90,225,18510000,16025
5,1851,18510000,18510100,90,225,18520000,16035
5,1852,18520000,18520100,90,225,18530000,16043
5,1853,18530000,18530100,90,225,18540000,16050
5,1854,18540000,18540100,90,225,18550000,16060
5,1855,18550000,18550100,90,225,18560000,16069
5,1856,18560000,18560100,90,225,18570000,16078
5,1857,18570000,18570100,90,225,18580000,16086
5,1858,18580000,18580100,90,225,18590000,16095
5,1859,18590000,18590100,90,225,18600000,16102
5,186,1860000,1860100,90,225,1870000,1614
5,1860,18600000,18600100,90,225,18610000,16114
5,1861,18610000,18610100,90,225,18620000,16120
5,1862,18620000,18620100,90,225,18630000,16129
5,1863,18630000,18630100,90,225,18640000,16137
5,1864,18640000,18640100,90,225,18650000,16147
5,1865,18650000,18650100,90,225,18660000,16156
5,1866,18660000,18660100,90,225,18670000,16166
5,1867,18670000,18670100,90,225,18680000,16172
5,1868,18680000,18680100,90,225,18690000,16180
5,1869,18690000,18690100,90,225,18700000,16190
5,187,1870000,1870100,90,225,1880000,1621
5,1870,18700000,18700100,90,225,18710000,16199
5,1871,18710000,18710100,90,225,18720000,16205
5,1872,18720000,18720100,90,225,18730000,16219
5,1873,18730000,18730100,90,225,18740000,16225
5,1874,18740000,18740100,90,225,18750000,16232
5,1875,18750000,18750100,90,225,18760000,16242
5,1876,18760000,18760100,90,225,18770000,16252
5,1877,18770000,18770100,90,225,18780000,16258
5,1878,18780000,18780100,90,225,18790000,16268
5,1879,18790000,18790100,90,225,18800000,16276
5,188,1880000,1880100,90,225,1890000,1629
5,1880,18800000,18800100,90,225,18810000,16286
5,1881,18810000,18810100,90,225,18820000,16295
5,1882,18820000,18820100,90,225,18830000,16302
5,1883,18830000,18830100,90,225,18840000,16310
5,1884,18840000,18840100,90,225,18850000,16321
5,1885,18850000,18850100,90,225,18860000,16328
5,1886,18860000,18860100,90,225,18870000,16338
5,1887,18870000,18870100,90,225,18880000,16346
5,1888,18880000,18880100,90,225,18890000,16355
5,1889,18890000,18890100,90,225,18900000,16361
5,189,1890000,1890100,90,225,1900000,1639
5,1890,18900000,18900100,90,225,18910000,16374
5,1891,18910000,18910100,90,225,18920000,16380
5,1892,18920000,18920100,90,225,18930000,16389
5,1893,18930000,18930100,90,225,18940000,16399
5,1894,18940000,18940100,90,225,18950000,16406
5,1895,18950000,18950100,90,225,18960000,16413
5,1896,18960000,18960100,90,225,18970000,16425
5,1897,18970000,18970100,90,225,18980000,16434
5,1898,18980000,18980100,90,225,18990000,16441
5,1899,18990000,18990100,90,225,19000000,16449
5,19,190000,190100,90,225,200000,165
5,190,1900000,1900100,90,225,1910000,1647
5,1900,19000000,19000100,90,225,19010000,16460
5,1901,19010000,19010100,90,225,19020000,16466
5,1902,19020000,19020100,90,225,19030000,16476
5,1903,19030000,19030100,90,225,19040000,16483
5,1904,19040000,19040100,90,225,19050000,16494
5,1905,19050000,19050100,90,225,19060000,16503
5,1906,19060000,19060100,90,225,19070000,16510
5,1907,19070000,19070100,90,225,19080000,16518
5,1908,19080000,19080100,90,225,19090000,16530
5,1909,19090000,19090100,90,225,19100000,16536
5,191,1910000,1910100,90,225,1920000,1653
5,1910,19100000,19100100,90,225,19110000,16544
5,1911,19110000,19110100,90,225,19120000,16554
5,1912,19120000,19120100,90,225,19130000,16563
5,1913,19130000,19130100,90,225,19140000,16569
5,1914,19140000,19140100,90,225,19150000,16582
5,1915,19150000,19150100,90,225,19160000,16589
5,1916,19160000,19160100,90,225,19170000,16597
5,1917,19170000,19170100,90,225,19180000,16605
5,1918,19180000,19180100,90,225,19190000,16614
5,1919,19190000,19190100,90,225,19200000,16621
5,192,1920000,1920100,90,225,1930000,1668
5,1920,19200000,19200100,90,225,19210000,16634
5,1921,19210000,19210100,90,225,19220000,16642
5,1922,19220000,19220100,90,225,19230000,16649
5,1923,19230000,19230100,90,225,19240000,16657
5,1924,19240000,19240100,90,225,19250000,16665
5,1925,19250000,19250100,90,225,19260000,16675
5,1926,19260000,19260100,90,225,19270000,16685
5,1927,19270000,19270100,90,225,19280000,16691
5,1928,19280000,19280100,90,225,19290000,16702
5,1929,19290000,19290100,90,225,19300000,16710
5,193,1930000,1930100,90,225,1940000,1674
5,1930,19300000,19300100,90,225,19310000,16719
5,1931,19310000,19310100,90,225,19320000,16725
5,1932,19320000,19320100,90,225,19330000,16738
5,1933,19330000,19330100,90,225,19340000,16744
5,1934,19340000,19340100,90,225,19350000,16751
5,1935,19350000,19350100,90,225,19360000,16762
5,1936,19360000,19360100,90,225,19370000,16772
5,1937,19370000,19370100,90,225,19380000,16778
5,1938,19380000,19380100,90,225,19390000,16788
5,1939,19390000,19390100,90,225,19400000,16796
5,194,1940000,1940100,90,225,1950000,1681
5,1940,19400000,19400100,90,225,19410000,16805
5,1941,19410000,19410100,90,225,19420000,16814
5,1942,19420000,19420100,90,225,19430000,16823
5,1943,19430000,19430100,90,225,19440000,16829
5,1944,19440000,19440100,90,225,19450000,16841
5,1945,19450000,19450100,90,225,19460000,16848
5,1946,19460000,19460100,90,225,19470000,16857
5,1947,19470000,19470100,90,225,19480000,16866
5,1948,19480000,19480100,90,225,19490000,16874
5,1949,19490000,19490100,90,225,19500000,16882
5,195,1950000,1950100,90,225,1960000,1690
5,1950,19500000,19500100,90,225,19510000,16893
5,1951,19510000,19510100,90,225,19520000,16899
5,1952,19520000,19520100,90,225,19530000,16909
5,1953,19530000,19530100,90,225,19540000,16919
5,1954,19540000,19540100,90,225,19550000,16926
5,1955,19550000,19550100,90,225,19560000,16933
5,1956,19560000,19560100,90,225,19570000,16946
5,1957,19570000,19570100,90,225,19580000,16952
5,1958,19580000,19580100,90,225,19590000,16960
5,1959,19590000,19590100,90,225,19600000,16968
5,196,1960000,1960100,90,225,1970000,1700
5,1960,19600000,19600100,90,225,19610000,16980
5,1961,19610000,19610100,90,225,19620000,16986
5,1962,19620000,19620100,90,225,19630000,16996
5,1963,19630000,19630100,90,225,19640000,17005
5,1964,19640000,19640100,90,225,19650000,17013
5,1965,19650000,19650100,90,225,19660000,17022
5,1966,19660000,19660100,90,225,19670000,17029
5,1967,19670000,19670100,90,225,19680000,17037
5,1968,19680000,19680100,90,225,19690000,17049
5,1969,19690000,19690100,90,225,19700000,17056
5,197,1970000,1970100,90,225,1980000,1706
5,1970,19700000,19700100,90,225,19710000,17066
5,1971,19710000,19710100,90,225,19720000,17074
5,1972,19720000,19720100,90,225,19730000,17082
5,1973,19730000,19730100,90,225,19740000,17088
5,1974,19740000,19740100,90,225,19750000,17101
5,1975,19750000,19750100,90,225,19760000,17108
5,1976,19760000,19760100,90,225,19770000,17117
5,1977,19770000,19770100,90,225,19780000,17127
5,1978,19780000,19780100,90,225,19790000,17134
5,1979,19790000,19790100,90,225,19800000,17140
5,198,1980000,1980100,90,225,1990000,1717
5,1980,19800000,19800100,90,225,19810000,17153
5,1981,19810000,19810100,90,225,19820000,17161
5,1982,19820000,19820100,90,225,19830000,17168
5,1983,19830000,19830100,90,225,19840000,17176
5,1984,19840000,19840100,90,225,19850000,17187
5,1985,19850000,19850100,90,225,19860000,17195
5,1986,19860000,19860100,90,225,19870000,17205
5,1987,19870000,19870100,90,225,19880000,17211
5,1988,19880000,19880100,90,225,19890000,17221
5,1989,19890000,19890100,90,225,19900000,17229
5,199,1990000,1990100,90,225,2000000,1725
5,1990,19900000,19900100,90,225,19910000,17237
5,1991,19910000,19910100,90,225,19920000,17246
5,1992,19920000,19920100,90,225,19930000,17258
5,1993,19930000,19930100,90,225,19940000,17264
5,1994,19940000,19940100,90,225,19950000,17271
5,1995,19950000,19950100,90,225,19960000,17282
5,1996,19960000,19960100,90,225,19970000,17291
5,1997,19970000,19970100,90,225,19980000,17297
5,1998,19980000,19980100,90,225,19990000,17309
5,1999,19990000,19990100,90,225,20000000,17315
5,2,20000,20100,90,225,30000,18
5,20,200000,200100,90,225,210000,174
5,200,2000000,2000100,90,225,2010000,1735
5,2000,20000000,20000100,90,225,20010000,17325
5,2001,20010000,20010100,90,225,20020000,17333
5,2002,20020000,20020100,90,225,20030000,17343
5,2003,20030000,20030100,90,225,20040000,17349
5,2004,20040000,20040100,90,225,20050000,17360
5,2005,20050000,20050100,90,225,20060000,17369
5,2006,20060000,20060100,90,225,20070000,17376
5,2007,20070000,20070100,90,225,20080000,17385
5,2008,20080000,20080100,90,225,20090000,17394
5,2009,20090000,20090100,90,225,20100000,17402
5,201,2010000,2010100,90,225,2020000,1743
5,2010,20100000,20100100,90,225,20110000,17413
5,2011,20110000,20110100,90,225,20120000,17419
5,2012,20120000,20120100,90,225,20130000,17429
5,2013,20130000,20130100,90,225,20140000,17438
5,2014,20140000,20140100,90,225,20150000,17445
5,2015,20150000,20150100,90,225,20160000,17452
5,2016,20160000,20160100,90,225,20170000,17466
5,2017,20170000,20170100,90,225,20180000,17472
5,2018,20180000,20180100,90,225,20190000,17480
5,2019,20190000,20190100,90,225,20200000,17490
5,202,2020000,2020100,90,225,2030000,1750
5,2020,20200000,20200100,90,225,20210000,17499
5,2021,20210000,20210100,90,225,20220000,17505
5,2022,20220000,20220100,90,225,20230000,17515
5,2023,20230000,20230100,90,225,20240000,17523
5,2024,20240000,20240100,90,225,20250000,17533
5,2025,20250000,20250100,90,225,20260000,17542
5,2026,20260000,20260100,90,225,20270000,17551
5,2027,20270000,20270100,90,225,20280000,17557
5,2028,20280000,20280100,90,225,20290000,17568
5,2029,20290000,20290100,90,225,20300000,17575
5,203,2030000,2030100,90,225,2040000,1759
5,2030,20300000,20300100,90,225,20310000,17585
5,2031,20310000,20310100,90,225,20320000,17593
5,2032,20320000,20320100,90,225,20330000,17602
5,2033,20330000,20330100,90,225,20340000,17610
5,2034,20340000,20340100,90,225,20350000,17620
5,2035,20350000,20350100,90,225,20360000,17628
5,2036,20360000,20360100,90,225,20370000,17636
5,2037,20370000,20370100,90,225,20380000,17646
5,2038,20380000,20380100,90,225,20390000,17653
5,2039,20390000,20390100,90,225,20400000,17659
5,204,2040000,2040100,90,225,2050000,1770
5,2040,20400000,20400100,90,225,20410000,17675
5,2041,20410000,20410100,90,225,20420000,17681
5,2042,20420000,20420100,90,225,20430000,17688
5,2043,20430000,20430100,90,225,20440000,17696
5,2044,20440000,20440100,90,225,20450000,17706
5,2045,20450000,20450100,90,225,20460000,17713
5,2046,20460000,20460100,90,225,20470000,17724
5,2047,20470000,20470100,90,225,20480000,17732
5,2048,20480000,20480100,90,225,20490000,17741
5,2049,20490000,20490100,90,225,20500000,17749
5,205,2050000,2050100,90,225,2060000,1777
5,2050,20500000,20500100,90,225,20510000,17757
5,2051,20510000,20510100,90,225,20520000,17766
5,2052,20520000,20520100,90,225,20530000,17777
5,2053,20530000,20530100,90,225,20540000,17783
5,2054,20540000,20540100,90,225,20550000,17792
5,2055,20550000,20550100,90,225,20560000,17801
5,2056,20560000,20560100,90,225,20570000,17810
5,2057,20570000,20570100,90,225,20580000,17817
5,2058,20580000,20580100,90,225,20590000,17829
5,2059,20590000,20590100,90,225,20600000,17835
5,206,2060000,2060100,90,225,2070000,1786
5,2060,20600000,20600100,90,225,20610000,17844
5,2061,20610000,20610100,90,225,20620000,17854
5,2062,20620000,20620100,90,225,20630000,17862
5,2063,20630000,20630100,90,225,20640000,17868
5,2064,20640000,20640100,90,225,20650000,17880
5,2065,20650000,20650100,90,225,20660000,17889
5,2066,20660000,20660100,90,225,20670000,17896
5,2067,20670000,20670100,90,225,20680000,17904
5,2068,20680000,20680100,90,225,20690000,17915
5,2069,20690000,20690100,90,225,20700000,17921
5,207,2070000,2070100,90,225,2080000,1794
5,2070,20700000,20700100,90,225,20710000,17932
5,2071,20710000,20710100,90,225,20720000,17938
5,2072,20720000,20720100,90,225,20730000,17949
5,2073,20730000,20730100,90,225,20740000,17958
5,2074,20740000,20740100,90,225,20750000,17965
5,2075,20750000,20750100,90,225,20760000,17974
5,2076,20760000,20760100,90,225,20770000,17985
5,2077,20770000,20770100,90,225,20780000,17991
5,2078,20780000,20780100,90,225,20790000,17998
5,2079,20790000,20790100,90,225,20800000,18009
5,208,2080000,2080100,90,225,2090000,1803
5,2080,20800000,20800100,90,225,20810000,18019
5,2081,20810000,20810100,90,225,20820000,18025
5,2082,20820000,20820100,90,225,20830000,18037
5,2083,20830000,20830100,90,225,20840000,18043
5,2084,20840000,20840100,90,225,20850000,18052
5,2085,20850000,20850100,90,225,20860000,18061
5,2086,20860000,20860100,90,225,20870000,18070
5,2087,20870000,20870100,90,225,20880000,18076
5,2088,20880000,20880100,90,225,20890000,18088
5,2089,20890000,20890100,90,225,20900000,18096
5,209,2090000,2090100,90,225,2100000,1810
5,2090,20900000,20900100,90,225,20910000,18105
5,2091,20910000,20910100,90,225,20920000,18113
5,2092,20920000,20920100,90,225,20930000,18121
5,2093,20930000,20930100,90,225,20940000,18129
5,2094,20940000,20940100,90,225,20950000,18139
5,2095,20950000,20950100,90,225,20960000,18147
5,2096,20960000,20960100,90,225,20970000,18158
5,2097,20970000,20970100,90,225,20980000,18166
5,2098,20980000,20980100,90,225,20990000,18173
5,2099,20990000,20990100,90,225,21000000,18179
5,21,210000,210100,90,225,220000,184
5,210,2100000,2100100,90,225,2110000,1823
5,2100,21000000,21000100,90,225,21010000,18193
5,2101,21010000,21010100,90,225,21020000,18200
5,2102,21020000,21020100,90,225,21030000,18207
5,2103,21030000,21030100,90,225,21040000,18217
5,2104,21040000,21040100,90,225,21050000,18226
5,2105,21050000,21050100,90,225,21060000,18233
5,2106,21060000,21060100,90,225,21070000,18244
5,2107,21070000,21070100,90,225,21080000,18252
5,2108,21080000,21080100,90,225,21090000,18260
5,2109,21090000,21090100,90,225,21100000,18268
5,211,2110000,2110100,90,225,2120000,1829
5,2110,21100000,21100100,90,225,21110000,18278
5,2111,21110000,21110100,90,225,21120000,18284
5,2112,21120000,21120100,90,225,21130000,18297
5,2113,21130000,21130100,90,225,21140000,18303
5,2114,21140000,21140100,90,225,21150000,18312
5,2115,21150000,21150100,90,225,21160000,18321
5,2116,21160000,21160100,90,225,21170000,18329
5,2117,21170000,21170100,90,225,21180000,18338
5,2118,21180000,21180100,90,225,21190000,18348
5,2119,21190000,21190100,90,225,21200000,18354
5,212,2120000,2120100,90,225,2130000,1837
5,2120,21200000,21200100,90,225,21210000,18364
5,2121,21210000,21210100,90,225,21220000,18374
5,2122,21220000,21220100,90,225,21230000,18381
5,2123,21230000,21230100,90,225,21240000,18388
5,2124,21240000,21240100,90,225,21250000,18401
5,2125,21250000,21250100,90,225,21260000,18408
5,2126,21260000,21260100,90,225,21270000,18415
5,2127,21270000,21270100,90,225,21280000,18423
5,2128,21280000,21280100,90,225,21290000,18435
5,2129,21290000,21290100,90,225,21300000,18441
5,213,2130000,2130100,90,225,2140000,1847
5,2130,21300000,21300100,90,225,21310000,18452
5,2131,21310000,21310100,90,225,21320000,18460
5,2132,21320000,21320100,90,225,21330000,18468
5,2133,21330000,21330100,90,225,21340000,18476
5,2134,21340000,21340100,90,225,21350000,18484
5,2135,21350000,21350100,90,225,21360000,18493
5,2136,21360000,21360100,90,225,21370000,18505
5,2137,21370000,21370100,90,225,21380000,18511
5,2138,21380000,21380100,90,225,21390000,18520
5,2139,21390000,21390100,90,225,21400000,18529
5,214,2140000,2140100,90,225,2150000,1855
5,2140,21400000,21400100,90,225,21410000,18538
5,2141,21410000,21410100,90,225,21420000,18544
5,2142,21420000,21420100,90,225,21430000,18556
5,2143,21430000,21430100,90,225,21440000,18562
5,2144,21440000,21440100,90,225,21450000,18571
5,2145,21450000,21450100,90,225,21460000,18583
5,2146,21460000,21460100,90,225,21470000,18590
5,2147,21470000,21470100,90,225,21480000,18596
5,2148,21480000,21480100,90,225,21490000,18607
5,2149,21490000,21490100,90,225,21500000,18615
5,215,2150000,2150100,90,225,2160000,1862
5,2150,21500000,21500100,90,225,21510000,18624
5,2151,21510000,21510100,90,225,21520000,18632
5,2152,21520000,21520100,90,225,21530000,18643
5,2153,21530000,21530100,90,225,21540000,18649
5,2154,21540000,21540100,90,225,21550000,18659
5,2155,21550000,21550100,90,225,21560000,18666
5,2156,21560000,21560100,90,225,21570000,18677
5,2157,21570000,21570100,90,225,21580000,18685
5,2158,21580000,21580100,90,225,21590000,18692
5,2159,21590000,21590100,90,225,21600000,18700
5,216,2160000,2160100,90,225,2170000,1874
5,2160,21600000,21600100,90,225,21610000,18713
5,2161,21610000,21610100,90,225,21620000,18720
5,2162,21620000,21620100,90,225,21630000,18727
5,2163,21630000,21630100,90,225,21640000,18737
5,2164,21640000,21640100,90,225,21650000,18745
5,2165,21650000,21650100,90,225,21660000,18752
5,2166,21660000,21660100,90,225,21670000,18764
5,2167,21670000,21670100,90,225,21680000,18771
5,2168,21680000,21680100,90,225,21690000,18780
5,2169,21690000,21690100,90,225,21700000,18788
5,217,2170000,2170100,90,225,2180000,1882
5,2170,21700000,21700100,90,225,21710000,18798
5,2171,21710000,21710100,90,225,21720000,18804
5,2172,21720000,21720100,90,225,21730000,18816
5,2173,21730000,21730100,90,225,21740000,18824
5,2174,21740000,21740100,90,225,21750000,18831
5,2175,21750000,21750100,90,225,21760000,18840
5,2176,21760000,21760100,90,225,21770000,18849
5,2177,21770000,21770100,90,225,21780000,18857
5,2178,21780000,21780100,90,225,21790000,18868
5,2179,21790000,21790100,90,225,21800000,18874
5,218,2180000,2180100,90,225,2190000,1889
5,2180,21800000,21800100,90,225,21810000,18885
5,2181,21810000,21810100,90,225,21820000,18893
5,2182,21820000,21820100,90,225,21830000,18900
5,2183,21830000,21830100,90,225,21840000,18907
5,2184,21840000,21840100,90,225,21850000,18921
5,2185,21850000,21850100,90,225,21860000,18928
5,2186,21860000,21860100,90,225,21870000,18935
5,2187,21870000,21870100,90,225,21880000,18945
5,2188,21880000,21880100,90,225,21890000,18953
5,2189,21890000,21890100,90,225,21900000,18960
5,219,2190000,2190100,90,225,2200000,1897
5,2190,21900000,21900100,90,225,21910000,18971
5,2191,21910000,21910100,90,225,21920000,18979
5,2192,21920000,21920100,90,225,21930000,18988
5,2193,21930000,21930100,90,225,21940000,18996
5,2194,21940000,21940100,90,225,21950000,19006
5,2195,21950000,21950100,90,225,21960000,19013
5,2196,21960000,21960100,90,225,21970000,19024
5,2197,21970000,21970100,90,225,21980000,19030
5,2198,21980000,21980100,90,225,21990000,19039
5,2199,21990000,21990100,90,225,22000000,19047
5,22,220000,220100,90,225,230000,192
5,220,2200000,2200100,90,225,2210000,1909
5,2200,22000000,22000100,90,225,22010000,19058
5,2201,22010000,22010100,90,225,22020000,19066
5,2202,22020000,22020100,90,225,22030000,19076
5,2203,22030000,22030100,90,225,22040000,19082
5,2204,22040000,22040100,90,225,22050000,19090
5,2205,22050000,22050100,90,225,22060000,19102
5,2206,22060000,22060100,90,225,22070000,19109
5,2207,22070000,22070100,90,225,22080000,19115
5,2208,22080000,22080100,90,225,22090000,19129
5,2209,22090000,22090100,90,225,22100000,19135
5,221,2210000,2210100,90,225,2220000,1915
5,2210,22100000,22100100,90,225,22110000,19143
5,2211,22110000,22110100,90,225,22120000,19152
5,2212,22120000,22120100,90,225,22130000,19162
5,2213,22130000,22130100,90,225,22140000,19168
5,2214,22140000,22140100,90,225,22150000,19178
5,2215,22150000,22150100,90,225,22160000,19187
5,2216,22160000,22160100,90,225,22170000,19197
5,2217,22170000,22170100,90,225,22180000,19205
5,2218,22180000,22180100,90,225,22190000,19212
5,2219,22190000,22190100,90,225,22200000,19220
5,222,2220000,2220100,90,225,2230000,1925
5,2220,22200000,22200100,90,225,22210000,19232
5,2221,22210000,22210100,90,225,22220000,19238
5,2222,22220000,22220100,90,225,22230000,19248
5,2223,22230000,22230100,90,225,22240000,19256
5,2224,22240000,22240100,90,225,22250000,19265
5,2225,22250000,22250100,90,225,22260000,19272
5,2226,22260000,22260100,90,225,22270000,19284
5,2227,22270000,22270100,90,225,22280000,19291
5,2228,22280000,22280100,90,225,22290000,19299
5,2229,22290000,22290100,90,225,22300000,19309
5,223,2230000,2230100,90,225,2240000,1931
5,2230,22300000,22300100,90,225,22310000,19317
5,2231,22310000,22310100,90,225,22320000,19323
5,2232,22320000,22320100,90,225,22330000,19335
5,2233,22330000,22330100,90,225,22340000,19344
5,2234,22340000,22340100,90,225,22350000,19351
5,2235,22350000,22350100,90,225,22360000,19360
5,2236,22360000,22360100,90,225,22370000,19370
5,2237,22370000,22370100,90,225,22380000,19376
5,2238,22380000,22380100,90,225,22390000,19387
5,2239,22390000,22390100,90,225,22400000,19393
5,224,2240000,2240100,90,225,2250000,1942
5,2240,22400000,22400100,90,225,22410000,19405
5,2241,22410000,22410100,90,225,22420000,19413
5,2242,22420000,22420100,90,225,22430000,19420
5,2243,22430000,22430100,90,225,22440000,19428
5,2244,22440000,22440100,90,225,22450000,19440
5,2245,22450000,22450100,90,225,22460000,19447
5,2246,22460000,22460100,90,225,22470000,19454
5,2247,22470000,22470100,90,225,22480000,19464
5,2248,22480000,22480100,90,225,22490000,19473
5,2249,22490000,22490100,90,225,22500000,19480
5,225,2250000,2250100,90,225,2260000,1952
5,2250,22500000,22500100,90,225,22510000,19493
5,2251,22510000,22510100,90,225,22520000,19499
5,2252,22520000,22520100,90,225,22530000,19507
5,2253,22530000,22530100,90,225,22540000,19515
5,2254,22540000,22540100,90,225,22550000,19524
5,2255,22550000,22550100,90,225,22560000,19532
5,2256,22560000,22560100,90,225,22570000,19544
5,2257,22570000,22570100,90,225,22580000,19552
5,2258,22580000,22580100,90,225,22590000,19559
5,2259,22590000,22590100,90,225,22600000,19567
5,226,2260000,2260100,90,225,2270000,1959
5,2260,22600000,22600100,90,225,22610000,19577
5,2261,22610000,22610100,90,225,22620000,19585
5,2262,22620000,22620100,90,225,22630000,19595
5,2263,22630000,22630100,90,225,22640000,19601
5,2264,22640000,22640100,90,225,22650000,19612
5,2265,22650000,22650100,90,225,22660000,19621
5,2266,22660000,22660100,90,225,22670000,19629
5,2267,22670000,22670100,90,225,22680000,19635
5,2268,22680000,22680100,90,225,22690000,19648
5,2269,22690000,22690100,90,225,22700000,19654
5,227,2270000,2270100,90,225,2280000,1967
5,2270,22700000,22700100,90,225,22710000,19662
5,2271,22710000,22710100,90,225,22720000,19673
5,2272,22720000,22720100,90,225,22730000,19682
5,2273,22730000,22730100,90,225,22740000,19688
5,2274,22740000,22740100,90,225,22750000,19698
5,2275,22750000,22750100,90,225,22760000,19707
5,2276,22760000,22760100,90,225,22770000,19715
5,2277,22770000,22770100,90,225,22780000,19724
5,2278,22780000,22780100,90,225,22790000,19733
5,2279,22790000,22790100,90,225,22800000,19739
5,228,2280000,2280100,90,225,2290000,1978
5,2280,22800000,22800100,90,225,22810000,19752
5,2281,22810000,22810100,90,225,22820000,19758
5,2282,22820000,22820100,90,225,22830000,19768
5,2283,22830000,22830100,90,225,22840000,19776
5,2284,22840000,22840100,90,225,22850000,19784
5,2285,22850000,22850100,90,225,22860000,19793
5,2286,22860000,22860100,90,225,22870000,19803
5,2287,22870000,22870100,90,225,22880000,19809
5,2288,22880000,22880100,90,225,22890000,19819
5,2289,22890000,22890100,90,225,22900000,19829
5,229,2290000,2290100,90,225,2300000,1984
5,2290,22900000,22900100,90,225,22910000,19837
5,2291,22910000,22910100,90,225,22920000,19843
5,2292,22920000,22920100,90,225,22930000,19856
5,2293,22930000,22930100,90,225,22940000,19863
5,2294,22940000,22940100,90,225,22950000,19870
5,2295,22950000,22950100,90,225,22960000,19879
5,2296,22960000,22960100,90,225,22970000,19890
5,2297,22970000,22970100,90,225,22980000,19896
5,2298,22980000,22980100,90,225,22990000,19906
5,2299,22990000,22990100,90,225,23000000,19915
5,23,230000,230100,90,225,240000,198
5,230,2300000,2300100,90,225,2310000,1992
5,2300,23000000,23000100,90,225,23010000,19924
5,2301,23010000,23010100,90,225,23020000,19932
5,2302,23020000,23020100,90,225,23030000,19939
5,2303,23030000,23030100,90,225,23040000,19947
5,2304,23040000,23040100,90,225,23050000,19960
5,2305,23050000,23050100,90,225,23060000,19967
5,2306,23060000,23060100,90,225,23070000,19976
5,2307,23070000,23070100,90,225,23080000,19984
5,2308,23080000,23080100,90,225,23090000,19992
5,2309,23090000,23090100,90,225,23100000,19998
5,231,2310000,2310100,90,225,2320000,2003
5,2310,23100000,23100100,90,225,23110000,20012
5,2311,23110000,23110100,90,225,23120000,20018
5,2312,23120000,23120100,90,225,23130000,20027
5,2313,23130000,23130100,90,225,23140000,20037
5,2314,23140000,23140100,90,225,23150000,20044
5,2315,23150000,23150100,90,225,23160000,20052
5,2316,23160000,23160100,90,225,23170000,20063
5,2317,23170000,23170100,90,225,23180000,20071
5,2318,23180000,23180100,90,225,23190000,20078
5,2319,23190000,23190100,90,225,23200000,20086
5,232,2320000,2320100,90,225,2330000,2012
5,2320,23200000,23200100,90,225,23210000,20098
5,2321,23210000,23210100,90,225,23220000,20105
5,2322,23220000,23220100,90,225,23230000,20115
5,2323,23230000,23230100,90,225,23240000,20121
5,2324,23240000,23240100,90,225,23250000,20131
5,2325,23250000,23250100,90,225,23260000,20140
5,2326,23260000,23260100,90,225,23270000,20148
5,2327,23270000,23270100,90,225,23280000,20156
5,2328,23280000,23280100,90,225,23290000,20168
5,2329,23290000,23290100,90,225,23300000,20174
5,233,2330000,2330100,90,225,2340000,2018
5,2330,23300000,23300100,90,225,23310000,20182
5,2331,23310000,23310100,90,225,23320000,20192
5,2332,23320000,23320100,90,225,23330000,20201
5,2333,23330000,23330100,90,225,23340000,20207
5,2334,23340000,23340100,90,225,23350000,20219
5,2335,23350000,23350100,90,225,23360000,20226
5,2336,23360000,23360100,90,225,23370000,20235
5,2337,23370000,23370100,90,225,23380000,20244
5,2338,23380000,23380100,90,225,23390000,20253
5,2339,23390000,23390100,90,225,23400000,20259
5,234,2340000,2340100,90,225,2350000,2030
5,2340,23400000,23400100,90,225,23410000,20271
5,2341,23410000,23410100,90,225,23420000,20279
5,2342,23420000,23420100,90,225,23430000,20286
5,2343,23430000,23430100,90,225,23440000,20295
5,2344,23440000,23440100,90,225,23450000,20304
5,2345,23450000,23450100,90,225,23460000,20313
5,2346,23460000,23460100,90,225,23470000,20323
5,2347,23470000,23470100,90,225,23480000,20329
5,2348,23480000,23480100,90,225,23490000,20340
5,2349,23490000,23490100,90,225,23500000,20348
5,235,2350000,2350100,90,225,2360000,2037
5,2350,23500000,23500100,90,225,23510000,20356
5,2351,23510000,23510100,90,225,23520000,20362
5,2352,23520000,23520100,90,225,23530000,20376
5,2353,23530000,23530100,90,225,23540000,20382
5,2354,23540000,23540100,90,225,23550000,20390
5,2355,23550000,23550100,90,225,23560000,20401
5,2356,23560000,23560100,90,225,23570000,20409
5,2357,23570000,23570100,90,225,23580000,20415
5,2358,23580000,23580100,90,225,23590000,20425
5,2359,23590000,23590100,90,225,23600000,20434
5,236,2360000,2360100,90,225,2370000,2046
5,2360,23600000,23600100,90,225,23610000,20444
5,2361,23610000,23610100,90,225,23620000,20452
5,2362,23620000,23620100,90,225,23630000,20461
5,2363,23630000,23630100,90,225,23640000,20467
5,2364,23640000,23640100,90,225,23650000,20478
5,2365,23650000,23650100,90,225,23660000,20486
5,2366,23660000,23660100,90,225,23670000,20495
5,2367,23670000,23670100,90,225,23680000,20503
5,2368,23680000,23680100,90,225,23690000,20512
5,2369,23690000,23690100,90,225,23700000,20520
5,237,2370000,2370100,90,225,2380000,2054
5,2370,23700000,23700100,90,225,23710000,20532
5,2371,23710000,23710100,90,225,23720000,20538
5,2372,23720000,23720100,90,225,23730000,20546
5,2373,23730000,23730100,90,225,23740000,20556
5,2374,23740000,23740100,90,225,23750000,20563
5,2375,23750000,23750100,90,225,23760000,20570
5,2376,23760000,23760100,90,225,23770000,20585
5,2377,23770000,23770100,90,225,23780000,20591
5,2378,23780000,23780100,90,225,23790000,20598
5,2379,23790000,23790100,90,225,23800000,20606
5,238,2380000,2380100,90,225,2390000,2063
5,2380,23800000,23800100,90,225,23810000,20617
5,2381,23810000,23810100,90,225,23820000,20624
5,2382,23820000,23820100,90,225,23830000,20634
5,2383,23830000,23830100,90,225,23840000,20642
5,2384,23840000,23840100,90,225,23850000,20651
5,2385,23850000,23850100,90,225,23860000,20660
5,2386,23860000,23860100,90,225,23870000,20667
5,2387,23870000,23870100,90,225,23880000,20676
5,2388,23880000,23880100,90,225,23890000,20687
5,2389,23890000,23890100,90,225,23900000,20693
5,239,2390000,2390100,90,225,2400000,2069
5,2390,23900000,23900100,90,225,23910000,20703
5,2391,23910000,23910100,90,225,23920000,20711
5,2392,23920000,23920100,90,225,23930000,20721
5,2393,23930000,23930100,90,225,23940000,20727
5,2394,23940000,23940100,90,225,23950000,20739
5,2395,23950000,23950100,90,225,23960000,20746
5,2396,23960000,23960100,90,225,23970000,20754
5,2397,23970000,23970100,90,225,23980000,20764
5,2398,23980000,23980100,90,225,23990000,20772
5,2399,23990000,23990100,90,225,24000000,20778
5,24,240000,240100,90,225,250000,212
5,240,2400000,2400100,90,225,2410000,2082
5,2400,24000000,24000100,90,225,24010000,20791
5,2401,24010000,24010100,90,225,24020000,20799
5,2402,24020000,24020100,90,225,24030000,20806
5,2403,24030000,24030100,90,225,24040000,20815
5,2404,24040000,24040100,90,225,24050000,20825
5,2405,24050000,24050100,90,225,24060000,20832
5,2406,24060000,24060100,90,225,24070000,20842
5,2407,24070000,24070100,90,225,24080000,20848
5,2408,24080000,24080100,90,225,24090000,20859
5,2409,24090000,24090100,90,225,24100000,20868
5,241,2410000,2410100,90,225,2420000,2090
5,2410,24100000,24100100,90,225,24110000,20876
5,2411,24110000,24110100,90,225,24120000,20884
5,2412,24120000,24120100,90,225,24130000,20895
5,2413,24130000,24130100,90,225,24140000,20901
5,2414,24140000,24140100,90,225,24150000,20909
5,2415,24150000,24150100,90,225,24160000,20920
5,2416,24160000,24160100,90,225,24170000,20929
5,2417,24170000,24170100,90,225,24180000,20935
5,2418,24180000,24180100,90,225,24190000,20947
5,2419,24190000,24190100,90,225,24200000,20953
5,242,2420000,2420100,90,225,2430000,2098
5,2420,24200000,24200100,90,225,24210000,20963
5,2421,24210000,24210100,90,225,24220000,20971
5,2422,24220000,24220100,90,225,24230000,20980
5,2423,24230000,24230100,90,225,24240000,20986
5,2424,24240000,24240100,90,225,24250000,20998
5,2425,24250000,24250100,90,225,24260000,21008
5,2426,24260000,24260100,90,225,24270000,21015
5,2427,24270000,24270100,90,225,24280000,21023
5,2428,24280000,24280100,90,225,24290000,21031
5,2429,24290000,24290100,90,225,24300000,21039
5,243,2430000,2430100,90,225,2440000,2106
5,2430,24300000,24300100,90,225,24310000,21050
5,2431,24310000,24310100,90,225,24320000,21057
5,2432,24320000,24320100,90,225,24330000,21068
5,2433,24330000,24330100,90,225,24340000,21076
5,2434,24340000,24340100,90,225,24350000,21083
5,2435,24350000,24350100,90,225,24360000,21090
5,2436,24360000,24360100,90,225,24370000,21104
5,2437,24370000,24370100,90,225,24380000,21110
5,2438,24380000,24380100,90,225,24390000,21117
5,2439,24390000,24390100,90,225,24400000,21127
5,244,2440000,2440100,90,225,2450000,2114
5,2440,24400000,24400100,90,225,24410000,21137
5,2441,24410000,24410100,90,225,24420000,21143
5,2442,24420000,24420100,90,225,24430000,21154
5,2443,24430000,24430100,90,225,24440000,21162
5,2444,24440000,24440100,90,225,24450000,21170
5,2445,24450000,24450100,90,225,24460000,21179
5,2446,24460000,24460100,90,225,24470000,21188
5,2447,24470000,24470100,90,225,24480000,21195
5,2448,24480000,24480100,90,225,24490000,21207
5,2449,24490000,24490100,90,225,24500000,21213
5,245,2450000,2450100,90,225,2460000,2123
5,2450,24500000,24500100,90,225,24510000,21223
5,2451,24510000,24510100,90,225,24520000,21231
5,2452,24520000,24520100,90,225,24530000,21239
5,2453,24530000,24530100,90,225,24540000,21248
5,2454,24540000,24540100,90,225,24550000,21258
5,2455,24550000,24550100,90,225,24560000,21265
5,2456,24560000,24560100,90,225,24570000,21274
5,2457,24570000,24570100,90,225,24580000,21284
5,2458,24580000,24580100,90,225,24590000,21292
5,2459,24590000,24590100,90,225,24600000,21298
5,246,2460000,2460100,90,225,2470000,2133
5,2460,24600000,24600100,90,225,24610000,21312
5,2461,24610000,24610100,90,225,24620000,21318
5,2462,24620000,24620100,90,225,24630000,21325
5,2463,24630000,24630100,90,225,24640000,21333
5,2464,24640000,24640100,90,225,24650000,21345
5,2465,24650000,24650100,90,225,24660000,21352
5,2466,24660000,24660100,90,225,24670000,21362
5,2467,24670000,24670100,90,225,24680000,21370
5,2468,24680000,24680100,90,225,24690000,21378
5,2469,24690000,24690100,90,225,24700000,21387
5,247,2470000,2470100,90,225,2480000,2140
5,2470,24700000,24700100,90,225,24710000,21395
5,2471,24710000,24710100,90,225,24720000,21403
5,2472,24720000,24720100,90,225,24730000,21415
5,2473,24730000,24730100,90,225,24740000,21421
5,2474,24740000,24740100,90,225,24750000,21430
5,2475,24750000,24750100,90,225,24760000,21440
5,2476,24760000,24760100,90,225,24770000,21448
5,2477,24770000,24770100,90,225,24780000,21454
5,2478,24780000,24780100,90,225,24790000,21466
5,2479,24790000,24790100,90,225,24800000,21472
5,248,2480000,2480100,90,225,2490000,2151
5,2480,24800000,24800100,90,225,24810000,21483
5,2481,24810000,24810100,90,225,24820000,21493
5,2482,24820000,24820100,90,225,24830000,21500
5,2483,24830000,24830100,90,225,24840000,21506
5,2484,24840000,24840100,90,225,24850000,21517
5,2485,24850000,24850100,90,225,24860000,21526
5,2486,24860000,24860100,90,225,24870000,21534
5,2487,24870000,24870100,90,225,24880000,21542
5,2488,24880000,24880100,90,225,24890000,21553
5,2489,24890000,24890100,90,225,24900000,21559
5,249,2490000,2490100,90,225,2500000,2159
5,2490,24900000,24900100,90,225,24910000,21570
5,2491,24910000,24910100,90,225,24920000,21577
5,2492,24920000,24920100,90,225,24930000,21587
5,2493,24930000,24930100,90,225,24940000,21595
5,2494,24940000,24940100,90,225,24950000,21602
5,2495,24950000,24950100,90,225,24960000,21611
5,2496,24960000,24960100,90,225,24970000,21623
5,2497,24970000,24970100,90,225,24980000,21630
5,2498,24980000,24980100,90,225,24990000,21637
5,2499,24990000,24990100,90,225,25000000,21647
5,25,250000,250100,90,225,260000,219
5,250,2500000,2500100,90,225,2510000,2167
5,2500,25000000,25000100,90,225,25010000,21656
5,2501,25010000,25010100,90,225,25020000,21662
5,2502,25020000,25020100,90,225,25030000,21675
5,2503,25030000,25030100,90,225,25040000,21681
5,2504,25040000,25040100,90,225,25050000,21690
5,2505,25050000,25050100,90,225,25060000,21699
5,2506,25060000,25060100,90,225,25070000,21708
5,2507,25070000,25070100,90,225,25080000,21714
5,2508,25080000,25080100,90,225,25090000,21726
5,2509,25090000,25090100,90,225,25100000,21734
5,251,2510000,2510100,90,225,2520000,2173
5,2510,25100000,25100100,90,225,25110000,21742
5,2511,25110000,25110100,90,225,25120000,21750
5,2512,25120000,25120100,90,225,25130000,21759
5,2513,25130000,25130100,90,225,25140000,21768
5,2514,25140000,25140100,90,225,25150000,21778
5,2515,25150000,25150100,90,225,25160000,21785
5,2516,25160000,25160100,90,225,25170000,21795
5,2517,25170000,25170100,90,225,25180000,21803
5,2518,25180000,25180100,90,225,25190000,21810
5,2519,25190000,25190100,90,225,25200000,21817
5,252,2520000,2520100,90,225,2530000,2186
5,2520,25200000,25200100,90,225,25210000,21832
5,2521,25210000,25210100,90,225,25220000,21838
5,2522,25220000,25220100,90,225,25230000,21845
5,2523,25230000,25230100,90,225,25240000,21855
5,2524,25240000,25240100,90,225,25250000,21864
5,2525,25250000,25250100,90,225,25260000,21871
5,2526,25260000,25260100,90,225,25270000,21881
5,2527,25270000,25270100,90,225,25280000,21889
5,2528,25280000,25280100,90,225,25290000,21898
5,2529,25290000,25290100,90,225,25300000,21906
5,253,2530000,2530100,90,225,2540000,2193
5,2530,25300000,25300100,90,225,25310000,21917
5,2531,25310000,25310100,90,225,25320000,21923
5,2532,25320000,25320100,90,225,25330000,21934
5,2533,25330000,25330100,90,225,25340000,21940
5,2534,25340000,25340100,90,225,25350000,21949
5,2535,25350000,25350100,90,225,25360000,21959
5,2536,25360000,25360100,90,225,25370000,21968
5,2537,25370000,25370100,90,225,25380000,21976
5,2538,25380000,25380100,90,225,25390000,21986
5,2539,25390000,25390100,90,225,25400000,21992
5,254,2540000,2540100,90,225,2550000,2200
5,2540,25400000,25400100,90,225,25410000,22001
5,2541,25410000,25410100,90,225,25420000,22012
5,2542,25420000,25420100,90,225,25430000,22019
5,2543,25430000,25430100,90,225,25440000,22025
5,2544,25440000,25440100,90,225,25450000,22039
5,2545,25450000,25450100,90,225,25460000,22046
5,2546,25460000,25460100,90,225,25470000,22054
5,2547,25470000,25470100,90,225,25480000,22062
5,2548,25480000,25480100,90,225,25490000,22072
5,2549,25490000,25490100,90,225,25500000,22078
5,255,2550000,2550100,90,225,2560000,2211
5,2550,25500000,25500100,90,225,25510000,22089
5,2551,25510000,25510100,90,225,25520000,22097
5,2552,25520000,25520100,90,225,25530000,22107
5,2553,25530000,25530100,90,225,25540000,22115
5,2554,25540000,25540100,90,225,25550000,22122
5,2555,25550000,25550100,90,225,25560000,22131
5,2556,25560000,25560100,90,225,25570000,22142
5,2557,25570000,25570100,90,225,25580000,22149
5,2558,25580000,25580100,90,225,25590000,22158
5,2559,25590000,25590100,90,225,25600000,22166
5,256,2560000,2560100,90,225,2570000,2220
5,2560,25600000,25600100,90,225,25610000,22176
5,2561,25610000,25610100,90,225,25620000,22182
5,2562,25620000,25620100,90,225,25630000,22194
5,2563,25630000,25630100,90,225,25640000,22201
5,2564,25640000,25640100,90,225,25650000,22209
5,2565,25650000,25650100,90,225,25660000,22220
5,2566,25660000,25660100,90,225,25670000,22227
5,2567,25670000,25670100,90,225,25680000,22233
5,2568,25680000,25680100,90,225,25690000,22246
5,2569,25690000,25690100,90,225,25700000,22254
5,257,2570000,2570100,90,225,2580000,2226
5,2570,25700000,25700100,90,225,25710000,22262
5,2571,25710000,25710100,90,225,25720000,22270
5,2572,25720000,25720100,90,225,25730000,22280
5,2573,25730000,25730100,90,225,25740000,22286
5,2574,25740000,25740100,90,225,25750000,22297
5,2575,25750000,25750100,90,225,25760000,22304
5,2576,25760000,25760100,90,225,25770000,22315
5,2577,25770000,25770100,90,225,25780000,22323
5,2578,25780000,25780100,90,225,25790000,22330
5,2579,25790000,25790100,90,225,25800000,22339
5,258,2580000,2580100,90,225,2590000,2237
5,2580,25800000,25800100,90,225,25810000,22351
5,2581,25810000,25810100,90,225,25820000,22357
5,2582,25820000,25820100,90,225,25830000,22364
5,2583,25830000,25830100,90,225,25840000,22374
5,2584,25840000,25840100,90,225,25850000,22383
5,2585,25850000,25850100,90,225,25860000,22391
5,2586,25860000,25860100,90,225,25870000,22403
5,2587,25870000,25870100,90,225,25880000,22409
5,2588,25880000,25880100,90,225,25890000,22417
5,2589,25890000,25890100,90,225,25900000,22425
5,259,2590000,2590100,90,225,2600000,2245
5,2590,25900000,25900100,90,225,25910000,22436
5,2591,25910000,25910100,90,225,25920000,22442
5,2592,25920000,25920100,90,225,25930000,22454
5,2593,25930000,25930100,90,225,25940000,22462
5,2594,25940000,25940100,90,225,25950000,22469
5,2595,25950000,25950100,90,225,25960000,22478
5,2596,25960000,25960100,90,225,25970000,22487
5,2597,25970000,25970100,90,225,25980000,22495
5,2598,25980000,25980100,90,225,25990000,22505
5,2599,25990000,25990100,90,225,26000000,22511
5,26,260000,260100,90,225,270000,226
5,260,2600000,2600100,90,225,2610000,2254
5,2600,26000000,26000100,90,225,26010000,22523
5,2601,26010000,26010100,90,225,26020000,22532
5,2602,26020000,26020100,90,225,26030000,22539
5,2603,26030000,26030100,90,225,26040000,22545
5,2604,26040000,26040100,90,225,26050000,22558
5,2605,26050000,26050100,90,225,26060000,22565
5,2606,26060000,26060100,90,225,26070000,22572
5,2607,26070000,26070100,90,225,26080000,22583
5,2608,26080000,26080100,90,225,26090000,22592
5,2609,26090000,26090100,90,225,26100000,22598
5,261,2610000,2610100,90,225,2620000,2262
5,2610,26100000,26100100,90,225,26110000,22609
5,2611,26110000,26110100,90,225,26120000,22617
5,2612,26120000,26120100,90,225,26130000,22626
5,2613,26130000,26130100,90,225,26140000,22634
5,2614,26140000,26140100,90,225,26150000,22643
5,2615,26150000,26150100,90,225,26160000,22650
5,2616,26160000,26160100,90,225,26170000,22662
5,2617,26170000,26170100,90,225,26180000,22668
5,2618,26180000,26180100,90,225,26190000,22678
5,2619,26190000,26190100,90,225,26200000,22686
5,262,2620000,2620100,90,225,2630000,2271
5,2620,26200000,26200100,90,225,26210000,22695
5,2621,26210000,26210100,90,225,26220000,22703
5,2622,26220000,26220100,90,225,26230000,22713
5,2623,26230000,26230100,90,225,26240000,22720
5,2624,26240000,26240100,90,225,26250000,22729
5,2625,26250000,26250100,90,225,26260000,22740
5,2626,26260000,26260100,90,225,26270000,22747
5,2627,26270000,26270100,90,225,26280000,22753
5,2628,26280000,26280100,90,225,26290000,22766
5,2629,26290000,26290100,90,225,26300000,22773
5,263,2630000,2630100,90,225,2640000,2277
5,2630,26300000,26300100,90,225,26310000,22781
5,2631,26310000,26310100,90,225,26320000,22789
5,2632,26320000,26320100,90,225,26330000,22800
5,2633,26330000,26330100,90,225,26340000,22806
5,2634,26340000,26340100,90,225,26350000,22817
5,2635,26350000,26350100,90,225,26360000,22826
5,2636,26360000,26360100,90,225,26370000,22834
5,2637,26370000,26370100,90,225,26380000,22842
5,2638,26380000,26380100,90,225,26390000,22849
5,2639,26390000,26390100,90,225,26400000,22857
5,264,2640000,2640100,90,225,2650000,2290
5,2640,26400000,26400100,90,225,26410000,22871
5,2641,26410000,26410100,90,225,26420000,22877
5,2642,26420000,26420100,90,225,26430000,22886
5,2643,26430000,26430100,90,225,26440000,22894
5,2644,26440000,26440100,90,225,26450000,22902
5,2645,26450000,26450100,90,225,26460000,22910
5,2646,26460000,26460100,90,225,26470000,22922
5,2647,26470000,26470100,90,225,26480000,22928
5,2648,26480000,26480100,90,225,26490000,22937
5,2649,26490000,26490100,90,225,26500000,22947
5,265,2650000,2650100,90,225,2660000,2297
5,2650,26500000,26500100,90,225,26510000,22955
5,2651,26510000,26510100,90,225,26520000,22962
5,2652,26520000,26520100,90,225,26530000,22973
5,2653,26530000,26530100,90,225,26540000,22981
5,2654,26540000,26540100,90,225,26550000,22988
5,2655,26550000,26550100,90,225,26560000,22997
5,2656,26560000,26560100,90,225,26570000,23009
5,2657,26570000,26570100,90,225,26580000,23015
5,2658,26580000,26580100,90,225,26590000,23025
5,2659,26590000,26590100,90,225,26600000,23031
5,266,2660000,2660100,90,225,2670000,2306
5,2660,26600000,26600100,90,225,26610000,23042
5,2661,26610000,26610100,90,225,26620000,23050
5,2662,26620000,26620100,90,225,26630000,23058
5,2663,26630000,26630100,90,225,26640000,23066
5,2664,26640000,26640100,90,225,26650000,23078
5,2665,26650000,26650100,90,225,26660000,23085
5,2666,26660000,26660100,90,225,26670000,23092
5,2667,26670000,26670100,90,225,26680000,23103
5,2668,26680000,26680100,90,225,26690000,23111
5,2669,26690000,26690100,90,225,26700000,23117
5,267,2670000,2670100,90,225,2680000,2314
5,2670,26700000,26700100,90,225,26710000,23130
5,2671,26710000,26710100,90,225,26720000,23136
5,2672,26720000,26720100,90,225,26730000,23145
5,2673,26730000,26730100,90,225,26740000,23154
5,2674,26740000,26740100,90,225,26750000,23163
5,2675,26750000,26750100,90,225,26760000,23170
5,2676,26760000,26760100,90,225,26770000,23181
5,2677,26770000,26770100,90,225,26780000,23189
5,2678,26780000,26780100,90,225,26790000,23197
5,2679,26790000,26790100,90,225,26800000,23205
5,268,2680000,2680100,90,225,2690000,2322
5,2680,26800000,26800100,90,225,26810000,23215
5,2681,26810000,26810100,90,225,26820000,23223
5,2682,26820000,26820100,90,225,26830000,23233
5,2683,26830000,26830100,90,225,26840000,23239
5,2684,26840000,26840100,90,225,26850000,23250
5,2685,26850000,26850100,90,225,26860000,23259
5,2686,26860000,26860100,90,225,26870000,23266
5,2687,26870000,26870100,90,225,26880000,23272
5,2688,26880000,26880100,90,225,26890000,23286
5,2689,26890000,26890100,90,225,26900000,23293
5,269,2690000,2690100,90,225,2700000,2331
5,2690,26900000,26900100,90,225,26910000,23301
5,2691,26910000,26910100,90,225,26920000,23311
5,2692,26920000,26920100,90,225,26930000,23319
5,2693,26930000,26930100,90,225,26940000,23325
5,2694,26940000,26940100,90,225,26950000,23335
5,2695,26950000,26950100,90,225,26960000,23345
5,2696,26960000,26960100,90,225,26970000,23354
5,2697,26970000,26970100,90,225,26980000,23362
5,2698,26980000,26980100,90,225,26990000,23371
5,2699,26990000,26990100,90,225,27000000,23377
5,27,270000,270100,90,225,280000,235
5,270,2700000,2700100,90,225,2710000,2342
5,2700,27000000,27000100,90,225,27010000,23390
5,2701,27010000,27010100,90,225,27020000,23396
5,2702,27020000,27020100,90,225,27030000,23405
5,2703,27030000,27030100,90,225,27040000,23413
5,2704,27040000,27040100,90,225,27050000,23422
5,2705,27050000,27050100,90,225,27060000,23431
5,2706,27060000,27060100,90,225,27070000,23442
5,2707,27070000,27070100,90,225,27080000,23448
5,2708,27080000,27080100,90,225,27090000,23456
5,2709,27090000,27090100,90,225,27100000,23466
5,271,2710000,2710100,90,225,2720000,2348
5,2710,27100000,27100100,90,225,27110000,23474
5,2711,27110000,27110100,90,225,27120000,23481
5,2712,27120000,27120100,90,225,27130000,23495
5,2713,27130000,27130100,90,225,27140000,23501
5,2714,27140000,27140100,90,225,27150000,23508
5,2715,27150000,27150100,90,225,27160000,23517
5,2716,27160000,27160100,90,225,27170000,23527
5,2717,27170000,27170100,90,225,27180000,23534
5,2718,27180000,27180100,90,225,27190000,23544
5,2719,27190000,27190100,90,225,27200000,23552
5,272,2720000,2720100,90,225,2730000,2357
5,2720,27200000,27200100,90,225,27210000,23562
5,2721,27210000,27210100,90,225,27220000,23570
5,2722,27220000,27220100,90,225,27230000,23578
5,2723,27230000,27230100,90,225,27240000,23586
5,2724,27240000,27240100,90,225,27250000,23597
5,2725,27250000,27250100,90,225,27260000,23604
5,2726,27260000,27260100,90,225,27270000,23613
5,2727,27270000,27270100,90,225,27280000,23621
5,2728,27280000,27280100,90,225,27290000,23631
5,2729,27290000,27290100,90,225,27300000,23637
5,273,2730000,2730100,90,225,2740000,2367
5,2730,27300000,27300100,90,225,27310000,23650
5,2731,27310000,27310100,90,225,27320000,23656
5,2732,27320000,27320100,90,225,27330000,23664
5,2733,27330000,27330100,90,225,27340000,23675
5,2734,27340000,27340100,90,225,27350000,23682
5,2735,27350000,27350100,90,225,27360000,23689
5,2736,27360000,27360100,90,225,27370000,23701
5,2737,27370000,27370100,90,225,27380000,23709
5,2738,27380000,27380100,90,225,27390000,23716
5,2739,27390000,27390100,90,225,27400000,23725
5,274,2740000,2740100,90,225,2750000,2374
5,2740,27400000,27400100,90,225,27410000,23736
5,2741,27410000,27410100,90,225,27420000,23742
5,2742,27420000,27420100,90,225,27430000,23752
5,2743,27430000,27430100,90,225,27440000,23758
5,2744,27440000,27440100,90,225,27450000,23770
5,2745,27450000,27450100,90,225,27460000,23779
5,2746,27460000,27460100,90,225,27470000,23786
5,2747,27470000,27470100,90,225,27480000,23794
5,2748,27480000,27480100,90,225,27490000,23805
5,2749,27490000,27490100,90,225,27500000,23811
5,275,2750000,2750100,90,225,2760000,2382
5,2750,27500000,27500100,90,225,27510000,23820
5,2751,27510000,27510100,90,225,27520000,23830
5,2752,27520000,27520100,90,225,27530000,23839
5,2753,27530000,27530100,90,225,27540000,23845
5,2754,27540000,27540100,90,225,27550000,23857
5,2755,27550000,27550100,90,225,27560000,23865
5,2756,27560000,27560100,90,225,27570000,23873
5,2757,27570000,27570100,90,225,27580000,23881
5,2758,27580000,27580100,90,225,27590000,23890
5,2759,27590000,27590100,90,225,27600000,23896
5,276,2760000,2760100,90,225,2770000,2395
5,2760,27600000,27600100,90,225,27610000,23909
5,2761,27610000,27610100,90,225,27620000,23918
5,2762,27620000,27620100,90,225,27630000,23925
5,2763,27630000,27630100,90,225,27640000,23933
5,2764,27640000,27640100,90,225,27650000,23941
5,2765,27650000,27650100,90,225,27660000,23950
5,2766,27660000,27660100,90,225,27670000,23961
5,2767,27670000,27670100,90,225,27680000,23967
5,2768,27680000,27680100,90,225,27690000,23978
5,2769,27690000,27690100,90,225,27700000,23986
5,277,2770000,2770100,90,225,2780000,2401
5,2770,27700000,27700100,90,225,27710000,23994
5,2771,27710000,27710100,90,225,27720000,24000
5,2772,27720000,27720100,90,225,27730000,24014
5,2773,27730000,27730100,90,225,27740000,24020
5,2774,27740000,27740100,90,225,27750000,24027
5,2775,27750000,27750100,90,225,27760000,24038
5,2776,27760000,27760100,90,225,27770000,24047
5,2777,27770000,27770100,90,225,27780000,24054
5,2778,27780000,27780100,90,225,27790000,24064
5,2779,27790000,27790100,90,225,27800000,24072
5,278,2780000,2780100,90,225,2790000,2408
5,2780,27800000,27800100,90,225,27810000,24081
5,2781,27810000,27810100,90,225,27820000,24089
5,2782,27820000,27820100,90,225,27830000,24098
5,2783,27830000,27830100,90,225,27840000,24105
5,2784,27840000,27840100,90,225,27850000,24117
5,2785,27850000,27850100,90,225,27860000,24124
5,2786,27860000,27860100,90,225,27870000,24133
5,2787,27870000,27870100,90,225,27880000,24141
5,2788,27880000,27880100,90,225,27890000,24150
5,2789,27890000,27890100,90,225,27900000,24158
5,279,2790000,2790100,90,225,2800000,2416
5,2790,27900000,27900100,90,225,27910000,24169
5,2791,27910000,27910100,90,225,27920000,24175
5,2792,27920000,27920100,90,225,27930000,24184
5,2793,27930000,27930100,90,225,27940000,24194
5,2794,27940000,27940100,90,225,27950000,24202
5,2795,27950000,27950100,90,225,27960000,24209
5,2796,27960000,27960100,90,225,27970000,24222
5,2797,27970000,27970100,90,225,27980000,24228
5,2798,27980000,27980100,90,225,27990000,24235
5,2799,27990000,27990100,90,225,28000000,24244
5,28,280000,280100,90,225,290000,245
5,280,2800000,2800100,90,225,2810000,2429
5,2800,28000000,28000100,90,225,28010000,24256
5,2801,28010000,28010100,90,225,28020000,24262
5,2802,28020000,28020100,90,225,28030000,24272
5,2803,28030000,28030100,90,225,28040000,24280
5,2804,28040000,28040100,90,225,28050000,24288
5,2805,28050000,28050100,90,225,28060000,24298
5,2806,28060000,28060100,90,225,28070000,24305
5,2807,28070000,28070100,90,225,28080000,24313
5,2808,28080000,28080100,90,225,28090000,24325
5,2809,28090000,28090100,90,225,28100000,24331
5,281,2810000,2810100,90,225,2820000,2435
5,2810,28100000,28100100,90,225,28110000,24342
5,2811,28110000,28110100,90,225,28120000,24350
5,2812,28120000,28120100,90,225,28130000,24358
5,2813,28130000,28130100,90,225,28140000,24364
5,2814,28140000,28140100,90,225,28150000,24376
5,2815,28150000,28150100,90,225,28160000,24383
5,2816,28160000,28160100,90,225,28170000,24393
5,2817,28170000,28170100,90,225,28180000,24403
5,2818,28180000,28180100,90,225,28190000,24410
5,2819,28190000,28190100,90,225,28200000,24416
5,282,2820000,2820100,90,225,2830000,2445
5,2820,28200000,28200100,90,225,28210000,24428
5,2821,28210000,28210100,90,225,28220000,24437
5,2822,28220000,28220100,90,225,28230000,24444
5,2823,28230000,28230100,90,225,28240000,24452
5,2824,28240000,28240100,90,225,28250000,24463
5,2825,28250000,28250100,90,225,28260000,24470
5,2826,28260000,28260100,90,225,28270000,24480
5,2827,28270000,28270100,90,225,28280000,24487
5,2828,28280000,28280100,90,225,28290000,24497
5,2829,28290000,28290100,90,225,28300000,24505
5,283,2830000,2830100,90,225,2840000,2453
5,2830,28300000,28300100,90,225,28310000,24513
5,2831,28310000,28310100,90,225,28320000,24521
5,2832,28320000,28320100,90,225,28330000,24534
5,2833,28330000,28330100,90,225,28340000,24540
5,2834,28340000,28340100,90,225,28350000,24547
5,2835,28350000,28350100,90,225,28360000,24558
5,2836,28360000,28360100,90,225,28370000,24566
5,2837,28370000,28370100,90,225,28380000,24572
5,2838,28380000,28380100,90,225,28390000,24585
5,2839,28390000,28390100,90,225,28400000,24591
5,284,2840000,2840100,90,225,2850000,2461
5,2840,28400000,28400100,90,225,28410000,24601
5,2841,28410000,28410100,90,225,28420000,24609
5,2842,28420000,28420100,90,225,28430000,24618
5,2843,28430000,28430100,90,225,28440000,24625
5,2844,28440000,28440100,90,225,28450000,24636
5,2845,28450000,28450100,90,225,28460000,24645
5,2846,28460000,28460100,90,225,28470000,24652
5,2847,28470000,28470100,90,225,28480000,24660
5,2848,28480000,28480100,90,225,28490000,24669
5,2849,28490000,28490100,90,225,28500000,24678
5,285,2850000,2850100,90,225,2860000,2470
5,2850,28500000,28500100,90,225,28510000,24689
5,2851,28510000,28510100,90,225,28520000,24695
5,2852,28520000,28520100,90,225,28530000,24705
5,2853,28530000,28530100,90,225,28540000,24713
5,2854,28540000,28540100,90,225,28550000,24721
5,2855,28550000,28550100,90,225,28560000,24728
5,2856,28560000,28560100,90,225,28570000,24742
5,2857,28570000,28570100,90,225,28580000,24748
5,2858,28580000,28580100,90,225,28590000,24755
5,2859,28590000,28590100,90,225,28600000,24765
5,286,2860000,2860100,90,225,2870000,2478
5,2860,28600000,28600100,90,225,28610000,24775
5,2861,28610000,28610100,90,225,28620000,24781
5,2862,28620000,28620100,90,225,28630000,24791
5,2863,28630000,28630100,90,225,28640000,24799
5,2864,28640000,28640100,90,225,28650000,24808
5,2865,28650000,28650100,90,225,28660000,24818
5,2866,28660000,28660100,90,225,28670000,24827
5,2867,28670000,28670100,90,225,28680000,24833
5,2868,28680000,28680100,90,225,28690000,24844
5,2869,28690000,28690100,90,225,28700000,24850
5,287,2870000,2870100,90,225,2880000,2486
5,2870,28700000,28700100,90,225,28710000,24860
5,2871,28710000,28710100,90,225,28720000,24869
5,2872,28720000,28720100,90,225,28730000,24878
5,2873,28730000,28730100,90,225,28740000,24886
5,2874,28740000,28740100,90,225,28750000,24896
5,2875,28750000,28750100,90,225,28760000,24903
5,2876,28760000,28760100,90,225,28770000,24912
5,2877,28770000,28770100,90,225,28780000,24922
5,2878,28780000,28780100,90,225,28790000,24929
5,2879,28790000,28790100,90,225,28800000,24935
5,288,2880000,2880100,90,225,2890000,2498
5,2880,28800000,28800100,90,225,28810000,24950
5,2881,28810000,28810100,90,225,28820000,24956
5,2882,28820000,28820100,90,225,28830000,24964
5,2883,28830000,28830100,90,225,28840000,24972
5,2884,28840000,28840100,90,225,28850000,24982
5,2885,28850000,28850100,90,225,28860000,24989
5,2886,28860000,28860100,90,225,28870000,24999
5,2887,28870000,28870100,90,225,28880000,25008
5,2888,28880000,28880100,90,225,28890000,25017
5,2889,28890000,28890100,90,225,28900000,25025
5,289,2890000,2890100,90,225,2900000,2504
5,2890,28900000,28900100,90,225,28910000,25033
5,2891,28910000,28910100,90,225,28920000,25041
5,2892,28920000,28920100,90,225,28930000,25052
5,2893,28930000,28930100,90,225,28940000,25059
5,2894,28940000,28940100,90,225,28950000,25068
5,2895,28950000,28950100,90,225,28960000,25077
5,2896,28960000,28960100,90,225,28970000,25086
5,2897,28970000,28970100,90,225,28980000,25092
5,2898,28980000,28980100,90,225,28990000,25105
5,2899,28990000,28990100,90,225,29000000,25111
5,29,290000,290100,90,225,300000,251
5,290,2900000,2900100,90,225,2910000,2514
5,2900,29000000,29000100,90,225,29010000,25120
5,2901,29010000,29010100,90,225,29020000,25130
5,2902,29020000,29020100,90,225,29030000,25137
5,2903,29030000,29030100,90,225,29040000,25143
5,2904,29040000,29040100,90,225,29050000,25156
5,2905,29050000,29050100,90,225,29060000,25165
5,2906,29060000,29060100,90,225,29070000,25172
5,2907,29070000,29070100,90,225,29080000,25180
5,2908,29080000,29080100,90,225,29090000,25190
5,2909,29090000,29090100,90,225,29100000,25197
5,291,2910000,2910100,90,225,2920000,2523
5,2910,29100000,29100100,90,225,29110000,25208
5,2911,29110000,29110100,90,225,29120000,25214
5,2912,29120000,29120100,90,225,29130000,25225
5,2913,29130000,29130100,90,225,29140000,25233
5,2914,29140000,29140100,90,225,29150000,25240
5,2915,29150000,29150100,90,225,29160000,25250
5,2916,29160000,29160100,90,225,29170000,25261
5,2917,29170000,29170100,90,225,29180000,25267
5,2918,29180000,29180100,90,225,29190000,25274
5,2919,29190000,29190100,90,225,29200000,25284
5,292,2920000,2920100,90,225,2930000,2531
5,2920,29200000,29200100,90,225,29210000,25295
5,2921,29210000,29210100,90,225,29220000,25301
5,2922,29220000,29220100,90,225,29230000,25313
5,2923,29230000,29230100,90,225,29240000,25319
5,2924,29240000,29240100,90,225,29250000,25327
5,2925,29250000,29250100,90,225,29260000,25336
5,2926,29260000,29260100,90,225,29270000,25346
5,2927,29270000,29270100,90,225,29280000,25352
5,2928,29280000,29280100,90,225,29290000,25364
5,2929,29290000,29290100,90,225,29300000,25372
5,293,2930000,2930100,90,225,2940000,2537
5,2930,29300000,29300100,90,225,29310000,25380
5,2931,29310000,29310100,90,225,29320000,25389
5,2932,29320000,29320100,90,225,29330000,25397
5,2933,29330000,29330100,90,225,29340000,25405
5,2934,29340000,29340100,90,225,29350000,25415
5,2935,29350000,29350100,90,225,29360000,25422
5,2936,29360000,29360100,90,225,29370000,25433
5,2937,29370000,29370100,90,225,29380000,25442
5,2938,29380000,29380100,90,225,29390000,25449
5,2939,29390000,29390100,90,225,29400000,25455
5,294,2940000,2940100,90,225,2950000,2549
5,2940,29400000,29400100,90,225,29410000,25469
5,2941,29410000,29410100,90,225,29420000,25475
5,2942,29420000,29420100,90,225,29430000,25483
5,2943,29430000,29430100,90,225,29440000,25493
5,2944,29440000,29440100,90,225,29450000,25502
5,2945,29450000,29450100,90,225,29460000,25509
5,2946,29460000,29460100,90,225,29470000,25519
5,2947,29470000,29470100,90,225,29480000,25527
5,2948,29480000,29480100,90,225,29490000,25536
5,2949,29490000,29490100,90,225,29500000,25544
5,295,2950000,2950100,90,225,2960000,2556
5,2950,29500000,29500100,90,225,29510000,25554
5,2951,29510000,29510100,90,225,29520000,25560
5,2952,29520000,29520100,90,225,29530000,25572
5,2953,29530000,29530100,90,225,29540000,25579
5,2954,29540000,29540100,90,225,29550000,25588
5,2955,29550000,29550100,90,225,29560000,25597
5,2956,29560000,29560100,90,225,29570000,25605
5,2957,29570000,29570100,90,225,29580000,25613
5,2958,29580000,29580100,90,225,29590000,25623
5,2959,29590000,29590100,90,225,29600000,25630
5,296,2960000,2960100,90,225,2970000,2565
5,2960,29600000,29600100,90,225,29610000,25640
5,2961,29610000,29610100,90,225,29620000,25650
5,2962,29620000,29620100,90,225,29630000,25657
5,2963,29630000,29630100,90,225,29640000,25663
5,2964,29640000,29640100,90,225,29650000,25677
5,2965,29650000,29650100,90,225,29660000,25684
5,2966,29660000,29660100,90,225,29670000,25691
5,2967,29670000,29670100,90,225,29680000,25699
5,2968,29680000,29680100,90,225,29690000,25710
5,2969,29690000,29690100,90,225,29700000,25716
5,297,2970000,2970100,90,225,2980000,2576
5,2970,29700000,29700100,90,225,29710000,25728
5,2971,29710000,29710100,90,225,29720000,25736
5,2972,29720000,29720100,90,225,29730000,25744
5,2973,29730000,29730100,90,225,29740000,25752
5,2974,29740000,29740100,90,225,29750000,25759
5,2975,29750000,29750100,90,225,29760000,25769
5,2976,29760000,29760100,90,225,29770000,25781
5,2977,29770000,29770100,90,225,29780000,25787
5,2978,29780000,29780100,90,225,29790000,25796
5,2979,29790000,29790100,90,225,29800000,25804
5,298,2980000,2980100,90,225,2990000,2583
5,2980,29800000,29800100,90,225,29810000,25813
5,2981,29810000,29810100,90,225,29820000,25820
5,2982,29820000,29820100,90,225,29830000,25832
5,2983,29830000,29830100,90,225,29840000,25838
5,2984,29840000,29840100,90,225,29850000,25847
5,2985,29850000,29850100,90,225,29860000,25858
5,2986,29860000,29860100,90,225,29870000,25866
5,2987,29870000,29870100,90,225,29880000,25872
5,2988,29880000,29880100,90,225,29890000,25883
5,2989,29890000,29890100,90,225,29900000,25891
5,299,2990000,2990100,90,225,3000000,2589
5,2990,29900000,29900100,90,225,29910000,25899
5,2991,29910000,29910100,90,225,29920000,25907
5,2992,29920000,29920100,90,225,29930000,25919
5,2993,29930000,29930100,90,225,29940000,25925
5,2994,29940000,29940100,90,225,29950000,25935
5,2995,29950000,29950100,90,225,29960000,25942
5,2996,29960000,29960100,90,225,29970000,25952
5,2997,29970000,29970100,90,225,29980000,25961
5,2998,29980000,29980100,90,225,29990000,25968
5,2999,29990000,29990100,90,225,30000000,25976
5,3,30000,30100,90,225,40000,28
5,30,300000,300100,90,225,310000,262
5,300,3000000,3000100,90,225,3010000,2601
5,3000,30000000,30000100,90,225,30010000,25989
5,3001,30010000,30010100,90,225,30020000,25995
5,3002,30020000,30020100,90,225,30030000,26002
5,3003,30030000,30030100,90,225,30040000,26013
5,3004,30040000,30040100,90,225,30050000,26021
5,3005,30050000,30050100,90,225,30060000,26028
5,3006,30060000,30060100,90,225,30070000,26040
5,3007,30070000,30070100,90,225,30080000,26046
5,3008,30080000,30080100,90,225,30090000,26056
5,3009,30090000,30090100,90,225,30100000,26064
5,301,3010000,3010100,90,225,3020000,2609
5,3010,30100000,30100100,90,225,30110000,26074
5,3011,30110000,30110100,90,225,30120000,26080
5,3012,30120000,30120100,90,225,30130000,26091
5,3013,30130000,30130100,90,225,30140000,26099
5,3014,30140000,30140100,90,225,30150000,26107
5,3015,30150000,30150100,90,225,30160000,26116
5,3016,30160000,30160100,90,225,30170000,26125
5,3017,30170000,30170100,90,225,30180000,26133
5,3018,30180000,30180100,90,225,30190000,26143
5,3019,30190000,30190100,90,225,30200000,26150
5,302,3020000,3020100,90,225,3030000,2617
5,3020,30200000,30200100,90,225,30210000,26161
5,3021,30210000,30210100,90,225,30220000,26169
5,3022,30220000,30220100,90,225,30230000,26176
5,3023,30230000,30230100,90,225,30240000,26182
5,3024,30240000,30240100,90,225,30250000,26196
5,3025,30250000,30250100,90,225,30260000,26204
5,3026,30260000,30260100,90,225,30270000,26211
5,3027,30270000,30270100,90,225,30280000,26221
5,3028,30280000,30280100,90,225,30290000,26229
5,3029,30290000,30290100,90,225,30300000,26235
5,303,3030000,3030100,90,225,3040000,2625
5,3030,30300000,30300100,90,225,30310000,26247
5,3031,30310000,30310100,90,225,30320000,26255
5,3032,30320000,30320100,90,225,30330000,26264
5,3033,30330000,30330100,90,225,30340000,26272
5,3034,30340000,30340100,90,225,30350000,26281
5,3035,30350000,30350100,90,225,30360000,26288
5,3036,30360000,30360100,90,225,30370000,26300
5,3037,30370000,30370100,90,225,30380000,26306
5,3038,30380000,30380100,90,225,30390000,26315
5,3039,30390000,30390100,90,225,30400000,26323
5,304,3040000,3040100,90,225,3050000,2636
5,3040,30400000,30400100,90,225,30410000,26333
5,3041,30410000,30410100,90,225,30420000,26342
5,3042,30420000,30420100,90,225,30430000,26352
5,3043,30430000,30430100,90,225,30440000,26358
5,3044,30440000,30440100,90,225,30450000,26366
5,3045,30450000,30450100,90,225,30460000,26377
5,3046,30460000,30460100,90,225,30470000,26384
5,3047,30470000,30470100,90,225,30480000,26391
5,3048,30480000,30480100,90,225,30490000,26405
5,3049,30490000,30490100,90,225,30500000,26411
5,305,3050000,3050100,90,225,3060000,2643
5,3050,30500000,30500100,90,225,30510000,26419
5,3051,30510000,30510100,90,225,30520000,26427
5,3052,30520000,30520100,90,225,30530000,26438
5,3053,30530000,30530100,90,225,30540000,26444
5,3054,30540000,30540100,90,225,30550000,26454
5,3055,30550000,30550100,90,225,30560000,26463
5,3056,30560000,30560100,90,225,30570000,26472
5,3057,30570000,30570100,90,225,30580000,26480
5,3058,30580000,30580100,90,225,30590000,26488
5,3059,30590000,30590100,90,225,30600000,26496
5,306,3060000,3060100,90,225,3070000,2653
5,3060,30600000,30600100,90,225,30610000,26508
5,3061,30610000,30610100,90,225,30620000,26514
5,3062,30620000,30620100,90,225,30630000,26523
5,3063,30630000,30630100,90,225,30640000,26532
5,3064,30640000,30640100,90,225,30650000,26541
5,3065,30650000,30650100,90,225,30660000,26548
5,3066,30660000,30660100,90,225,30670000,26560
5,3067,30670000,30670100,90,225,30680000,26566
5,3068,30680000,30680100,90,225,30690000,26574
5,3069,30690000,30690100,90,225,30700000,26585
5,307,3070000,3070100,90,225,3080000,2659
5,3070,30700000,30700100,90,225,30710000,26593
5,3071,30710000,30710100,90,225,30720000,26599
5,3072,30720000,30720100,90,225,30730000,26611
5,3073,30730000,30730100,90,225,30740000,26619
5,3074,30740000,30740100,90,225,30750000,26627
5,3075,30750000,30750100,90,225,30760000,26636
5,3076,30760000,30760100,90,225,30770000,26646
5,3077,30770000,30770100,90,225,30780000,26652
5,3078,30780000,30780100,90,225,30790000,26662
5,3079,30790000,30790100,90,225,30800000,26668
5,308,3080000,3080100,90,225,3090000,2670
5,3080,30800000,30800100,90,225,30810000,26681
5,3081,30810000,30810100,90,225,30820000,26689
5,3082,30820000,30820100,90,225,30830000,26696
5,3083,30830000,30830100,90,225,30840000,26704
5,3084,30840000,30840100,90,225,30850000,26715
5,3085,30850000,30850100,90,225,30860000,26723
5,3086,30860000,30860100,90,225,30870000,26730
5,3087,30870000,30870100,90,225,30880000,26740
5,3088,30880000,30880100,90,225,30890000,26749
5,3089,30890000,30890100,90,225,30900000,26755
5,309,3090000,3090100,90,225,3100000,2678
5,3090,30900000,30900100,90,225,30910000,26768
5,3091,30910000,30910100,90,225,30920000,26775
5,3092,30920000,30920100,90,225,30930000,26783
5,3093,30930000,30930100,90,225,30940000,26791
5,3094,30940000,30940100,90,225,30950000,26800
5,3095,30950000,30950100,90,225,30960000,26807
5,3096,30960000,30960100,90,225,30970000,26820
5,3097,30970000,30970100,90,225,30980000,26828
5,3098,30980000,30980100,90,225,30990000,26835
5,3099,30990000,30990100,90,225,31000000,26843
5,31,310000,310100,90,225,320000,270
5,310,3100000,3100100,90,225,3110000,2686
5,3100,31000000,31000100,90,225,31010000,26852
5,3101,31010000,31010100,90,225,31020000,26860
5,3102,31020000,31020100,90,225,31030000,26871
5,3103,31030000,31030100,90,225,31040000,26877
5,3104,31040000,31040100,90,225,31050000,26888
5,3105,31050000,31050100,90,225,31060000,26897
5,3106,31060000,31060100,90,225,31070000,26904
5,3107,31070000,31070100,90,225,31080000,26911
5,3108,31080000,31080100,90,225,31090000,26924
5,3109,31090000,31090100,90,225,31100000,26930
5,311,3110000,3110100,90,225,3120000,2694
5,3110,31100000,31100100,90,225,31110000,26938
5,3111,31110000,31110100,90,225,31120000,26948
5,3112,31120000,31120100,90,225,31130000,26957
5,3113,31130000,31130100,90,225,31140000,26964
5,3114,31140000,31140100,90,225,31150000,26974
5,3115,31150000,31150100,90,225,31160000,26983
5,3116,31160000,31160100,90,225,31170000,26991
5,3117,31170000,31170100,90,225,31180000,26999
5,3118,31180000,31180100,90,225,31190000,27009
5,3119,31190000,31190100,90,225,31200000,27015
5,312,3120000,3120100,90,225,3130000,2706
5,3120,31200000,31200100,90,225,31210000,27028
5,3121,31210000,31210100,90,225,31220000,27034
5,3122,31220000,31220100,90,225,31230000,27043
5,3123,31230000,31230100,90,225,31240000,27051
5,3124,31240000,31240100,90,225,31250000,27060
5,3125,31250000,31250100,90,225,31260000,27069
5,3126,31260000,31260100,90,225,31270000,27079
5,3127,31270000,31270100,90,225,31280000,27085
5,3128,31280000,31280100,90,225,31290000,27094
5,3129,31290000,31290100,90,225,31300000,27105
5,313,3130000,3130100,90,225,3140000,2713
5,3130,31300000,31300100,90,225,31310000,27113
5,3131,31310000,31310100,90,225,31320000,27119
5,3132,31320000,31320100,90,225,31330000,27132
5,3133,31330000,31330100,90,225,31340000,27138
5,3134,31340000,31340100,90,225,31350000,27145
5,3135,31350000,31350100,90,225,31360000,27155
5,3136,31360000,31360100,90,225,31370000,27166
5,3137,31370000,31370100,90,225,31380000,27172
5,3138,31380000,31380100,90,225,31390000,27182
5,3139,31390000,31390100,90,225,31400000,27190
5,314,3140000,3140100,90,225,3150000,2720
5,3140,31400000,31400100,90,225,31410000,27200
5,3141,31410000,31410100,90,225,31420000,27208
5,3142,31420000,31420100,90,225,31430000,27215
5,3143,31430000,31430100,90,225,31440000,27223
5,3144,31440000,31440100,90,225,31450000,27235
5,3145,31450000,31450100,90,225,31460000,27242
5,3146,31460000,31460100,90,225,31470000,27252
5,3147,31470000,31470100,90,225,31480000,27260
5,3148,31480000,31480100,90,225,31490000,27268
5,3149,31490000,31490100,90,225,31500000,27274
5,315,3150000,3150100,90,225,3160000,2731
5,3150,31500000,31500100,90,225,31510000,27287
5,3151,31510000,31510100,90,225,31520000,27294
5,3152,31520000,31520100,90,225,31530000,27303
5,3153,31530000,31530100,90,225,31540000,27313
5,3154,31540000,31540100,90,225,31550000,27320
5,3155,31550000,31550100,90,225,31560000,27327
5,3156,31560000,31560100,90,225,31570000,27338
5,3157,31570000,31570100,90,225,31580000,27347
5,3158,31580000,31580100,90,225,31590000,27354
5,3159,31590000,31590100,90,225,31600000,27362
5,316,3160000,3160100,90,225,3170000,2739
5,3160,31600000,31600100,90,225,31610000,27374
5,3161,31610000,31610100,90,225,31620000,27380
5,3162,31620000,31620100,90,225,31630000,27391
5,3163,31630000,31630100,90,225,31640000,27397
5,3164,31640000,31640100,90,225,31650000,27407
5,3165,31650000,31650100,90,225,31660000,27416
5,3166,31660000,31660100,90,225,31670000,27423
5,3167,31670000,31670100,90,225,31680000,27431
5,3168,31680000,31680100,90,225,31690000,27444
5,3169,31690000,31690100,90,225,31700000,27450
5,317,3170000,3170100,90,225,3180000,2745
5,3170,31700000,31700100,90,225,31710000,27458
5,3171,31710000,31710100,90,225,31720000,27468
5,3172,31720000,31720100,90,225,31730000,27476
5,3173,31730000,31730100,90,225,31740000,27483
5,3174,31740000,31740100,90,225,31750000,27495
5,3175,31750000,31750100,90,225,31760000,27502
5,3176,31760000,31760100,90,225,31770000,27511
5,3177,31770000,31770100,90,225,31780000,27519
5,3178,31780000,31780100,90,225,31790000,27528
5,3179,31790000,31790100,90,225,31800000,27535
5,318,3180000,3180100,90,225,3190000,2757
5,3180,31800000,31800100,90,225,31810000,27547
5,3181,31810000,31810100,90,225,31820000,27555
5,3182,31820000,31820100,90,225,31830000,27562
5,3183,31830000,31830100,90,225,31840000,27570
5,3184,31840000,31840100,90,225,31850000,27580
5,3185,31850000,31850100,90,225,31860000,27589
5,3186,31860000,31860100,90,225,31870000,27599
5,3187,31870000,31870100,90,225,31880000,27605
5,3188,31880000,31880100,90,225,31890000,27615
5,3189,31890000,31890100,90,225,31900000,27623
5,319,3190000,3190100,90,225,3200000,2764
5,3190,31900000,31900100,90,225,31910000,27632
5,3191,31910000,31910100,90,225,31920000,27638
5,3192,31920000,31920100,90,225,31930000,27652
5,3193,31930000,31930100,90,225,31940000,27658
5,3194,31940000,31940100,90,225,31950000,27665
5,3195,31950000,31950100,90,225,31960000,27677
5,3196,31960000,31960100,90,225,31970000,27685
5,3197,31970000,31970100,90,225,31980000,27691
5,3198,31980000,31980100,90,225,31990000,27701
5,3199,31990000,31990100,90,225,32000000,27709
5,32,320000,320100,90,225,330000,279
5,320,3200000,3200100,90,225,3210000,2774
5,3200,32000000,32000100,90,225,32010000,27719
5,3201,32010000,32010100,90,225,32020000,27728
5,3202,32020000,32020100,90,225,32030000,27737
5,3203,32030000,32030100,90,225,32040000,27743
5,3204,32040000,32040100,90,225,32050000,27754
5,3205,32050000,32050100,90,225,32060000,27761
5,3206,32060000,32060100,90,225,32070000,27771
5,3207,32070000,32070100,90,225,32080000,27779
5,3208,32080000,32080100,90,225,32090000,27788
5,3209,32090000,32090100,90,225,32100000,27796
5,321,3210000,3210100,90,225,3220000,2782
5,3210,32100000,32100100,90,225,32110000,27807
5,3211,32110000,32110100,90,225,32120000,27813
5,3212,32120000,32120100,90,225,32130000,27822
5,3213,32130000,32130100,90,225,32140000,27832
5,3214,32140000,32140100,90,225,32150000,27839
5,3215,32150000,32150100,90,225,32160000,27846
5,3216,32160000,32160100,90,225,32170000,27860
5,3217,32170000,32170100,90,225,32180000,27867
5,3218,32180000,32180100,90,225,32190000,27874
5,3219,32190000,32190100,90,225,32200000,27882
5,322,3220000,3220100,90,225,3230000,2791
5,3220,32200000,32200100,90,225,32210000,27893
5,3221,32210000,32210100,90,225,32220000,27899
5,3222,32220000,32220100,90,225,32230000,27909
5,3223,32230000,32230100,90,225,32240000,27918
5,3224,32240000,32240100,90,225,32250000,27927
5,3225,32250000,32250100,90,225,32260000,27936
5,3226,32260000,32260100,90,225,32270000,27943
5,3227,32270000,32270100,90,225,32280000,27951
5,3228,32280000,32280100,90,225,32290000,27963
5,3229,32290000,32290100,90,225,32300000,27969
5,323,3230000,3230100,90,225,3240000,2797
5,3230,32300000,32300100,90,225,32310000,27979
5,3231,32310000,32310100,90,225,32320000,27987
5,3232,32320000,32320100,90,225,32330000,27996
5,3233,32330000,32330100,90,225,32340000,28002
5,3234,32340000,32340100,90,225,32350000,28015
5,3235,32350000,32350100,90,225,32360000,28022
5,3236,32360000,32360100,90,225,32370000,28030
5,3237,32370000,32370100,90,225,32380000,28040
5,3238,32380000,32380100,90,225,32390000,28047
5,3239,32390000,32390100,90,225,32400000,28054
5,324,3240000,3240100,90,225,3250000,2809
5,3240,32400000,32400100,90,225,32410000,28067
5,3241,32410000,32410100,90,225,32420000,28075
5,3242,32420000,32420100,90,225,32430000,28082
5,3243,32430000,32430100,90,225,32440000,28090
5,3244,32440000,32440100,90,225,32450000,28100
5,3245,32450000,32450100,90,225,32460000,28108
5,3246,32460000,32460100,90,225,32470000,28118
5,3247,32470000,32470100,90,225,32480000,28124
5,3248,32480000,32480100,90,225,32490000,28135
5,3249,32490000,32490100,90,225,32500000,28143
5,325,3250000,3250100,90,225,3260000,2818
5,3250,32500000,32500100,90,225,32510000,28152
5,3251,32510000,32510100,90,225,32520000,28160
5,3252,32520000,32520100,90,225,32530000,28171
5,3253,32530000,32530100,90,225,32540000,28177
5,3254,32540000,32540100,90,225,32550000,28184
5,3255,32550000,32550100,90,225,32560000,28195
5,3256,32560000,32560100,90,225,32570000,28205
5,3257,32570000,32570100,90,225,32580000,28211
5,3258,32580000,32580100,90,225,32590000,28223
5,3259,32590000,32590100,90,225,32600000,28229
5,326,3260000,3260100,90,225,3270000,2825
5,3260,32600000,32600100,90,225,32610000,28238
5,3261,32610000,32610100,90,225,32620000,28247
5,3262,32620000,32620100,90,225,32630000,28256
5,3263,32630000,32630100,90,225,32640000,28262
5,3264,32640000,32640100,90,225,32650000,28274
5,3265,32650000,32650100,90,225,32660000,28283
5,3266,32660000,32660100,90,225,32670000,28290
5,3267,32670000,32670100,90,225,32680000,28299
5,3268,32680000,32680100,90,225,32690000,28307
5,3269,32690000,32690100,90,225,32700000,28315
5,327,3270000,3270100,90,225,3280000,2833
5,3270,32700000,32700100,90,225,32710000,28326
5,3271,32710000,32710100,90,225,32720000,28332
5,3272,32720000,32720100,90,225,32730000,28344
5,3273,32730000,32730100,90,225,32740000,28352
5,3274,32740000,32740100,90,225,32750000,28359
5,3275,32750000,32750100,90,225,32760000,28366
5,3276,32760000,32760100,90,225,32770000,28379
5,3277,32770000,32770100,90,225,32780000,28385
5,3278,32780000,32780100,90,225,32790000,28393
5,3279,32790000,32790100,90,225,32800000,28403
5,328,3280000,3280100,90,225,3290000,2842
5,3280,32800000,32800100,90,225,32810000,28413
5,3281,32810000,32810100,90,225,32820000,28419
5,3282,32820000,32820100,90,225,32830000,28429
5,3283,32830000,32830100,90,225,32840000,28438
5,3284,32840000,32840100,90,225,32850000,28446
5,3285,32850000,32850100,90,225,32860000,28455
5,3286,32860000,32860100,90,225,32870000,28464
5,3287,32870000,32870100,90,225,32880000,28470
5,3288,32880000,32880100,90,225,32890000,28482
5,3289,32890000,32890100,90,225,32900000,28489
5,329,3290000,3290100,90,225,3300000,2850
5,3290,32900000,32900100,90,225,32910000,28499
5,3291,32910000,32910100,90,225,32920000,28507
5,3292,32920000,32920100,90,225,32930000,28515
5,3293,32930000,32930100,90,225,32940000,28523
5,3294,32940000,32940100,90,225,32950000,28534
5,3295,32950000,32950100,90,225,32960000,28541
5,3296,32960000,32960100,90,225,32970000,28550
5,3297,32970000,32970100,90,225,32980000,28560
5,3298,32980000,32980100,90,225,32990000,28567
5,3299,32990000,32990100,90,225,33000000,28573
5,33,330000,330100,90,225,340000,288
5,330,3300000,3300100,90,225,3310000,2862
5,3300,33000000,33000100,90,225,33010000,28588
5,3301,33010000,33010100,90,225,33020000,28594
5,3302,33020000,33020100,90,225,33030000,28601
5,3303,33030000,33030100,90,225,33040000,28609
5,3304,33040000,33040100,90,225,33050000,28620
5,3305,33050000,33050100,90,225,33060000,28628
5,3306,33060000,33060100,90,225,33070000,28638
5,3307,33070000,33070100,90,225,33080000,28646
5,3308,33080000,33080100,90,225,33090000,28654
5,3309,33090000,33090100,90,225,33100000,28662
5,331,3310000,3310100,90,225,3320000,2868
5,3310,33100000,33100100,90,225,33110000,28670
5,3311,33110000,33110100,90,225,33120000,28679
5,3312,33120000,33120100,90,225,33130000,28691
5,3313,33130000,33130100,90,225,33140000,28697
5,3314,33140000,33140100,90,225,33150000,28706
5,3315,33150000,33150100,90,225,33160000,28715
5,3316,33160000,33160100,90,225,33170000,28724
5,3317,33170000,33170100,90,225,33180000,28730
5,3318,33180000,33180100,90,225,33190000,28742
5,3319,33190000,33190100,90,225,33200000,28748
5,332,3320000,3320100,90,225,3330000,2878
5,3320,33200000,33200100,90,225,33210000,28758
5,3321,33210000,33210100,90,225,33220000,28768
5,3322,33220000,33220100,90,225,33230000,28776
5,3323,33230000,33230100,90,225,33240000,28782
5,3324,33240000,33240100,90,225,33250000,28793
5,3325,33250000,33250100,90,225,33260000,28802
5,3326,33260000,33260100,90,225,33270000,28809
5,3327,33270000,33270100,90,225,33280000,28818
5,3328,33280000,33280100,90,225,33290000,28829
5,3329,33290000,33290100,90,225,33300000,28835
5,333,3330000,3330100,90,225,3340000,2886
5,3330,33300000,33300100,90,225,33310000,28846
5,3331,33310000,33310100,90,225,33320000,28852
5,3332,33320000,33320100,90,225,33330000,28862
5,3333,33330000,33330100,90,225,33340000,28871
5,3334,33340000,33340100,90,225,33350000,28878
5,3335,33350000,33350100,90,225,33360000,28887
5,3336,33360000,33360100,90,225,33370000,28899
5,3337,33370000,33370100,90,225,33380000,28905
5,3338,33380000,33380100,90,225,33390000,28913
5,3339,33390000,33390100,90,225,33400000,28923
5,334,3340000,3340100,90,225,3350000,2893
5,3340,33400000,33400100,90,225,33410000,28932
5,3341,33410000,33410100,90,225,33420000,28938
5,3342,33420000,33420100,90,225,33430000,28950
5,3343,33430000,33430100,90,225,33440000,28956
5,3344,33440000,33440100,90,225,33450000,28966
5,3345,33450000,33450100,90,225,33460000,28975
5,3346,33460000,33460100,90,225,33470000,28984
5,3347,33470000,33470100,90,225,33480000,28990
5,3348,33480000,33480100,90,225,33490000,29001
5,3349,33490000,33490100,90,225,33500000,29010
5,335,3350000,3350100,90,225,3360000,2901
5,3350,33500000,33500100,90,225,33510000,29018
5,3351,33510000,33510100,90,225,33520000,29026
5,3352,33520000,33520100,90,225,33530000,29035
5,3353,33530000,33530100,90,225,33540000,29043
5,3354,33540000,33540100,90,225,33550000,29053
5,3355,33550000,33550100,90,225,33560000,29061
5,3356,33560000,33560100,90,225,33570000,29071
5,3357,33570000,33570100,90,225,33580000,29079
5,3358,33580000,33580100,90,225,33590000,29086
5,3359,33590000,33590100,90,225,33600000,29092
5,336,3360000,3360100,90,225,3370000,2915
5,3360,33600000,33600100,90,225,33610000,29108
5,3361,33610000,33610100,90,225,33620000,29114
5,3362,33620000,33620100,90,225,33630000,29121
5,3363,33630000,33630100,90,225,33640000,29131
5,3364,33640000,33640100,90,225,33650000,29139
5,3365,33650000,33650100,90,225,33660000,29146
5,3366,33660000,33660100,90,225,33670000,29157
5,3367,33670000,33670100,90,225,33680000,29165
5,3368,33680000,33680100,90,225,33690000,29174
5,3369,33690000,33690100,90,225,33700000,29182
5,337,3370000,3370100,90,225,3380000,2921
5,3370,33700000,33700100,90,225,33710000,29192
5,3371,33710000,33710100,90,225,33720000,29199
5,3372,33720000,33720100,90,225,33730000,29210
5,3373,33730000,33730100,90,225,33740000,29216
5,3374,33740000,33740100,90,225,33750000,29225
5,3375,33750000,33750100,90,225,33760000,29234
5,3376,33760000,33760100,90,225,33770000,29243
5,3377,33770000,33770100,90,225,33780000,29252
5,3378,33780000,33780100,90,225,33790000,29262
5,3379,33790000,33790100,90,225,33800000,29268
5,338,3380000,3380100,90,225,3390000,2928
5,3380,33800000,33800100,90,225,33810000,29277
5,3381,33810000,33810100,90,225,33820000,29287
5,3382,33820000,33820100,90,225,33830000,29295
5,3383,33830000,33830100,90,225,33840000,29301
5,3384,33840000,33840100,90,225,33850000,29315
5,3385,33850000,33850100,90,225,33860000,29322
5,3386,33860000,33860100,90,225,33870000,29329
5,3387,33870000,33870100,90,225,33880000,29337
5,3388,33880000,33880100,90,225,33890000,29348
5,3389,33890000,33890100,90,225,33900000,29354
5,339,3390000,3390100,90,225,3400000,2938
5,3390,33900000,33900100,90,225,33910000,29365
5,3391,33910000,33910100,90,225,33920000,29373
5,3392,33920000,33920100,90,225,33930000,29382
5,3393,33930000,33930100,90,225,33940000,29391
5,3394,33940000,33940100,90,225,33950000,29398
5,3395,33950000,33950100,90,225,33960000,29407
5,3396,33960000,33960100,90,225,33970000,29418
5,3397,33970000,33970100,90,225,33980000,29424
5,3398,33980000,33980100,90,225,33990000,29433
5,3399,33990000,33990100,90,225,34000000,29442
5,34,340000,340100,90,225,350000,295
5,340,3400000,3400100,90,225,3410000,2947
5,3400,34000000,34000100,90,225,34010000,29452
5,3401,34010000,34010100,90,225,34020000,29458
5,3402,34020000,34020100,90,225,34030000,29470
5,3403,34030000,34030100,90,225,34040000,29476
5,3404,34040000,34040100,90,225,34050000,29485
5,3405,34050000,34050100,90,225,34060000,29496
5,3406,34060000,34060100,90,225,34070000,29503
5,3407,34070000,34070100,90,225,34080000,29509
5,3408,34080000,34080100,90,225,34090000,29521
5,3409,34090000,34090100,90,225,34100000,29529
5,341,3410000,3410100,90,225,3420000,2954
5,3410,34100000,34100100,90,225,34110000,29538
5,3411,34110000,34110100,90,225,34120000,29546
5,3412,34120000,34120100,90,225,34130000,29556
5,3413,34130000,34130100,90,225,34140000,29562
5,3414,34140000,34140100,90,225,34150000,29572
5,3415,34150000,34150100,90,225,34160000,29580
5,3416,34160000,34160100,90,225,34170000,29591
5,3417,34170000,34170100,90,225,34180000,29599
5,3418,34180000,34180100,90,225,34190000,29606
5,3419,34190000,34190100,90,225,34200000,29614
5,342,3420000,3420100,90,225,3430000,2964
5,3420,34200000,34200100,90,225,34210000,29626
5,3421,34210000,34210100,90,225,34220000,29633
5,3422,34220000,34220100,90,225,34230000,29640
5,3423,34230000,34230100,90,225,34240000,29650
5,3424,34240000,34240100,90,225,34250000,29659
5,3425,34250000,34250100,90,225,34260000,29666
5,3426,34260000,34260100,90,225,34270000,29679
5,3427,34270000,34270100,90,225,34280000,29685
5,3428,34280000,34280100,90,225,34290000,29693
5,3429,34290000,34290100,90,225,34300000,29701
5,343,3430000,3430100,90,225,3440000,2972
5,3430,34300000,34300100,90,225,34310000,29711
5,3431,34310000,34310100,90,225,34320000,29717
5,3432,34320000,34320100,90,225,34330000,29730
5,3433,34330000,34330100,90,225,34340000,29738
5,3434,34340000,34340100,90,225,34350000,29745
5,3435,34350000,34350100,90,225,34360000,29754
5,3436,34360000,34360100,90,225,34370000,29762
5,3437,34370000,34370100,90,225,34380000,29771
5,3438,34380000,34380100,90,225,34390000,29781
5,3439,34390000,34390100,90,225,34400000,29787
5,344,3440000,3440100,90,225,3450000,2981
5,3440,34400000,34400100,90,225,34410000,29799
5,3441,34410000,34410100,90,225,34420000,29807
5,3442,34420000,34420100,90,225,34430000,29814
5,3443,34430000,34430100,90,225,34440000,29821
5,3444,34440000,34440100,90,225,34450000,29834
5,3445,34450000,34450100,90,225,34460000,29841
5,3446,34460000,34460100,90,225,34470000,29848
5,3447,34470000,34470100,90,225,34480000,29858
5,3448,34480000,34480100,90,225,34490000,29868
5,3449,34490000,34490100,90,225,34500000,29874
5,345,3450000,3450100,90,225,3460000,2990
5,3450,34500000,34500100,90,225,34510000,29885
5,3451,34510000,34510100,90,225,34520000,29893
5,3452,34520000,34520100,90,225,34530000,29901
5,3453,34530000,34530100,90,225,34540000,29909
5,3454,34540000,34540100,90,225,34550000,29919
5,3455,34550000,34550100,90,225,34560000,29926
5,3456,34560000,34560100,90,225,34570000,29938
5,3457,34570000,34570100,90,225,34580000,29944
5,3458,34580000,34580100,90,225,34590000,29953
5,3459,34590000,34590100,90,225,34600000,29962
5,346,3460000,3460100,90,225,3470000,3000
5,3460,34600000,34600100,90,225,34610000,29971
5,3461,34610000,34610100,90,225,34620000,29979
5,3462,34620000,34620100,90,225,34630000,29989
5,3463,34630000,34630100,90,225,34640000,29995
5,3464,34640000,34640100,90,225,34650000,30004
5,3465,34650000,34650100,90,225,34660000,30016
5,3466,34660000,34660100,90,225,34670000,30023
5,3467,34670000,34670100,90,225,34680000,30029
5,3468,34680000,34680100,90,225,34690000,30042
5,3469,34690000,34690100,90,225,34700000,30048
5,347,3470000,3470100,90,225,3480000,3006
5,3470,34700000,34700100,90,225,34710000,30057
5,3471,34710000,34710100,90,225,34720000,30065
5,3472,34720000,34720100,90,225,34730000,30076
5,3473,34730000,34730100,90,225,34740000,30082
5,3474,34740000,34740100,90,225,34750000,30092
5,3475,34750000,34750100,90,225,34760000,30101
5,3476,34760000,34760100,90,225,34770000,30110
5,3477,34770000,34770100,90,225,34780000,30118
5,3478,34780000,34780100,90,225,34790000,30125
5,3479,34790000,34790100,90,225,34800000,30133
5,348,3480000,3480100,90,225,3490000,3017
5,3480,34800000,34800100,90,225,34810000,30146
5,3481,34810000,34810100,90,225,34820000,30153
5,3482,34820000,34820100,90,225,34830000,30162
5,3483,34830000,34830100,90,225,34840000,30170
5,3484,34840000,34840100,90,225,34850000,30178
5,3485,34850000,34850100,90,225,34860000,30185
5,3486,34860000,34860100,90,225,34870000,30197
5,3487,34870000,34870100,90,225,34880000,30204
5,3488,34880000,34880100,90,225,34890000,30213
5,3489,34890000,34890100,90,225,34900000,30223
5,349,3490000,3490100,90,225,3500000,3023
5,3490,34900000,34900100,90,225,34910000,30231
5,3491,34910000,34910100,90,225,34920000,30237
5,3492,34920000,34920100,90,225,34930000,30249
5,3493,34930000,34930100,90,225,34940000,30257
5,3494,34940000,34940100,90,225,34950000,30264
5,3495,34950000,34950100,90,225,34960000,30273
5,3496,34960000,34960100,90,225,34970000,30284
5,3497,34970000,34970100,90,225,34980000,30290
5,3498,34980000,34980100,90,225,34990000,30301
5,3499,34990000,34990100,90,225,35000000,30307
5,35,350000,350100,90,225,360000,304
5,350,3500000,3500100,90,225,3510000,3033
5,3500,35000000,35000100,90,225,35010000,30318
5,3501,35010000,35010100,90,225,35020000,30326
5,3502,35020000,35020100,90,225,35030000,30333
5,3503,35030000,35030100,90,225,35040000,30342
5,3504,35040000,35040100,90,225,35050000,30354
5,3505,35050000,35050100,90,225,35060000,30361
5,3506,35060000,35060100,90,225,35070000,30368
5,3507,35070000,35070100,90,225,35080000,30378
5,3508,35080000,35080100,90,225,35090000,30386
5,3509,35090000,35090100,90,225,35100000,30393
5,351,3510000,3510100,90,225,3520000,3041
5,3510,35100000,35100100,90,225,35110000,30406
5,3511,35110000,35110100,90,225,35120000,30412
5,3512,35120000,35120100,90,225,35130000,30421
5,3513,35130000,35130100,90,225,35140000,30429
5,3514,35140000,35140100,90,225,35150000,30439
5,3515,35150000,35150100,90,225,35160000,30446
5,3516,35160000,35160100,90,225,35170000,30457
5,3517,35170000,35170100,90,225,35180000,30465
5,3518,35180000,35180100,90,225,35190000,30472
5,3519,35190000,35190100,90,225,35200000,30480
5,352,3520000,3520100,90,225,3530000,3051
5,3520,35200000,35200100,90,225,35210000,30491
5,3521,35210000,35210100,90,225,35220000,30499
5,3522,35220000,35220100,90,225,35230000,30509
5,3523,35230000,35230100,90,225,35240000,30515
5,3524,35240000,35240100,90,225,35250000,30525
5,3525,35250000,35250100,90,225,35260000,30535
5,3526,35260000,35260100,90,225,35270000,30542
5,3527,35270000,35270100,90,225,35280000,30548
5,3528,35280000,35280100,90,225,35290000,30562
5,3529,35290000,35290100,90,225,35300000,30568
5,353,3530000,3530100,90,225,3540000,3059
5,3530,35300000,35300100,90,225,35310000,30576
5,3531,35310000,35310100,90,225,35320000,30587
5,3532,35320000,35320100,90,225,35330000,30595
5,3533,35330000,35330100,90,225,35340000,30601
5,3534,35340000,35340100,90,225,35350000,30611
5,3535,35350000,35350100,90,225,35360000,30620
5,3536,35360000,35360100,90,225,35370000,30630
5,3537,35370000,35370100,90,225,35380000,30638
5,3538,35380000,35380100,90,225,35390000,30647
5,3539,35390000,35390100,90,225,35400000,30653
5,354,3540000,3540100,90,225,3550000,3069
5,3540,35400000,35400100,90,225,35410000,30665
5,3541,35410000,35410100,90,225,35420000,30671
5,3542,35420000,35420100,90,225,35430000,30681
5,3543,35430000,35430100,90,225,35440000,30689
5,3544,35440000,35440100,90,225,35450000,30698
5,3545,35450000,35450100,90,225,35460000,30707
5,3546,35460000,35460100,90,225,35470000,30717
5,3547,35470000,35470100,90,225,35480000,30724
5,3548,35480000,35480100,90,225,35490000,30732
5,3549,35490000,35490100,90,225,35500000,30742
5,355,3550000,3550100,90,225,3560000,3076
5,3550,35500000,35500100,90,225,35510000,30750
5,3551,35510000,35510100,90,225,35520000,30756
5,3552,35520000,35520100,90,225,35530000,30770
5,3553,35530000,35530100,90,225,35540000,30777
5,3554,35540000,35540100,90,225,35550000,30784
5,3555,35550000,35550100,90,225,35560000,30793
5,3556,35560000,35560100,90,225,35570000,30803
5,3557,35570000,35570100,90,225,35580000,30809
5,3558,35580000,35580100,90,225,35590000,30820
5,3559,35590000,35590100,90,225,35600000,30828
5,356,3560000,3560100,90,225,3570000,3084
5,3560,35600000,35600100,90,225,35610000,30838
5,3561,35610000,35610100,90,225,35620000,30846
5,3562,35620000,35620100,90,225,35630000,30853
5,3563,35630000,35630100,90,225,35640000,30861
5,3564,35640000,35640100,90,225,35650000,30873
5,3565,35650000,35650100,90,225,35660000,30880
5,3566,35660000,35660100,90,225,35670000,30889
5,3567,35670000,35670100,90,225,35680000,30897
5,3568,35680000,35680100,90,225,35690000,30906
5,3569,35690000,35690100,90,225,35700000,30913
5,357,3570000,3570100,90,225,3580000,3095
5,3570,35700000,35700100,90,225,35710000,30926
5,3571,35710000,35710100,90,225,35720000,30932
5,3572,35720000,35720100,90,225,35730000,30940
5,3573,35730000,35730100,90,225,35740000,30950
5,3574,35740000,35740100,90,225,35750000,30957
5,3575,35750000,35750100,90,225,35760000,30965
5,3576,35760000,35760100,90,225,35770000,30977
5,3577,35770000,35770100,90,225,35780000,30985
5,3578,35780000,35780100,90,225,35790000,30992
5,3579,35790000,35790100,90,225,35800000,31000
5,358,3580000,3580100,90,225,3590000,3102
5,3580,35800000,35800100,90,225,35810000,31012
5,3581,35810000,35810100,90,225,35820000,31018
5,3582,35820000,35820100,90,225,35830000,31028
5,3583,35830000,35830100,90,225,35840000,31034
5,3584,35840000,35840100,90,225,35850000,31045
5,3585,35850000,35850100,90,225,35860000,31054
5,3586,35860000,35860100,90,225,35870000,31062
5,3587,35870000,35870100,90,225,35880000,31070
5,3588,35880000,35880100,90,225,35890000,31081
5,3589,35890000,35890100,90,225,35900000,31087
5,359,3590000,3590100,90,225,3600000,3108
5,3590,35900000,35900100,90,225,35910000,31095
5,3591,35910000,35910100,90,225,35920000,31106
5,3592,35920000,35920100,90,225,35930000,31115
5,3593,35930000,35930100,90,225,35940000,31121
5,3594,35940000,35940100,90,225,35950000,31133
5,3595,35950000,35950100,90,225,35960000,31140
5,3596,35960000,35960100,90,225,35970000,31148
5,3597,35970000,35970100,90,225,35980000,31157
5,3598,35980000,35980100,90,225,35990000,31166
5,3599,35990000,35990100,90,225,36000000,31172
5,36,360000,360100,90,225,370000,315
5,360,3600000,3600100,90,225,3610000,3123
5,3600,36000000,36000100,90,225,36010000,31185
5,3601,36010000,36010100,90,225,36020000,31193
5,3602,36020000,36020100,90,225,36030000,31201
5,3603,36030000,36030100,90,225,36040000,31209
5,3604,36040000,36040100,90,225,36050000,31217
5,3605,36050000,36050100,90,225,36060000,31226
5,3606,36060000,36060100,90,225,36070000,31236
5,3607,36070000,36070100,90,225,36080000,31242
5,3608,36080000,36080100,90,225,36090000,31254
5,3609,36090000,36090100,90,225,36100000,31262
5,361,3610000,3610100,90,225,3620000,3129
5,3610,36100000,36100100,90,225,36110000,31270
5,3611,36110000,36110100,90,225,36120000,31276
5,3612,36120000,36120100,90,225,36130000,31289
5,3613,36130000,36130100,90,225,36140000,31296
5,3614,36140000,36140100,90,225,36150000,31303
5,3615,36150000,36150100,90,225,36160000,31314
5,3616,36160000,36160100,90,225,36170000,31323
5,3617,36170000,36170100,90,225,36180000,31329
5,3618,36180000,36180100,90,225,36190000,31339
5,3619,36190000,36190100,90,225,36200000,31348
5,362,3620000,3620100,90,225,3630000,3136
5,3620,36200000,36200100,90,225,36210000,31357
5,3621,36210000,36210100,90,225,36220000,31365
5,3622,36220000,36220100,90,225,36230000,31374
5,3623,36230000,36230100,90,225,36240000,31380
5,3624,36240000,36240100,90,225,36250000,31393
5,3625,36250000,36250100,90,225,36260000,31400
5,3626,36260000,36260100,90,225,36270000,31409
5,3627,36270000,36270100,90,225,36280000,31417
5,3628,36280000,36280100,90,225,36290000,31425
5,3629,36290000,36290100,90,225,36300000,31433
5,363,3630000,3630100,90,225,3640000,3145
5,3630,36300000,36300100,90,225,36310000,31445
5,3631,36310000,36310100,90,225,36320000,31451
5,3632,36320000,36320100,90,225,36330000,31460
5,3633,36330000,36330100,90,225,36340000,31470
5,3634,36340000,36340100,90,225,36350000,31477
5,3635,36350000,36350100,90,225,36360000,31485
5,3636,36360000,36360100,90,225,36370000,31498
5,3637,36370000,36370100,90,225,36380000,31504
5,3638,36380000,36380100,90,225,36390000,31511
5,3639,36390000,36390100,90,225,36400000,31519
5,364,3640000,3640100,90,225,3650000,3155
5,3640,36400000,36400100,90,225,36410000,31531
5,3641,36410000,36410100,90,225,36420000,31538
5,3642,36420000,36420100,90,225,36430000,31548
5,3643,36430000,36430100,90,225,36440000,31556
5,3644,36440000,36440100,90,225,36450000,31564
5,3645,36450000,36450100,90,225,36460000,31573
5,3646,36460000,36460100,90,225,36470000,31581
5,3647,36470000,36470100,90,225,36480000,31589
5,3648,36480000,36480100,90,225,36490000,31601
5,3649,36490000,36490100,90,225,36500000,31607
5,365,3650000,3650100,90,225,3660000,3162
5,3650,36500000,36500100,90,225,36510000,31617
5,3651,36510000,36510100,90,225,36520000,31625
5,3652,36520000,36520100,90,225,36530000,31634
5,3653,36530000,36530100,90,225,36540000,31640
5,3654,36540000,36540100,90,225,36550000,31652
5,3655,36550000,36550100,90,225,36560000,31659
5,3656,36560000,36560100,90,225,36570000,31668
5,3657,36570000,36570100,90,225,36580000,31679
5,3658,36580000,36580100,90,225,36590000,31686
5,3659,36590000,36590100,90,225,36600000,31692
5,366,3660000,3660100,90,225,3670000,3172
5,3660,36600000,36600100,90,225,36610000,31704
5,3661,36610000,36610100,90,225,36620000,31712
5,3662,36620000,36620100,90,225,36630000,31719
5,3663,36630000,36630100,90,225,36640000,31728
5,3664,36640000,36640100,90,225,36650000,31739
5,3665,36650000,36650100,90,225,36660000,31746
5,3666,36660000,36660100,90,225,36670000,31756
5,3667,36670000,36670100,90,225,36680000,31762
5,3668,36680000,36680100,90,225,36690000,31773
5,3669,36690000,36690100,90,225,36700000,31781
5,367,3670000,3670100,90,225,3680000,3180
5,3670,36700000,36700100,90,225,36710000,31789
5,3671,36710000,36710100,90,225,36720000,31797
5,3672,36720000,36720100,90,225,36730000,31809
5,3673,36730000,36730100,90,225,36740000,31815
5,3674,36740000,36740100,90,225,36750000,31823
5,3675,36750000,36750100,90,225,36760000,31834
5,3676,36760000,36760100,90,225,36770000,31842
5,3677,36770000,36770100,90,225,36780000,31848
5,3678,36780000,36780100,90,225,36790000,31860
5,3679,36790000,36790100,90,225,36800000,31867
5,368,3680000,3680100,90,225,3690000,3190
5,3680,36800000,36800100,90,225,36810000,31877
5,3681,36810000,36810100,90,225,36820000,31885
5,3682,36820000,36820100,90,225,36830000,31894
5,3683,36830000,36830100,90,225,36840000,31900
5,3684,36840000,36840100,90,225,36850000,31911
5,3685,36850000,36850100,90,225,36860000,31921
5,3686,36860000,36860100,90,225,36870000,31928
5,3687,36870000,36870100,90,225,36880000,31936
5,3688,36880000,36880100,90,225,36890000,31945
5,3689,36890000,36890100,90,225,36900000,31953
5,369,3690000,3690100,90,225,3700000,3198
5,3690,36900000,36900100,90,225,36910000,31965
5,3691,36910000,36910100,90,225,36920000,31971
5,3692,36920000,36920100,90,225,36930000,31981
5,3693,36930000,36930100,90,225,36940000,31989
5,3694,36940000,36940100,90,225,36950000,31996
5,3695,36950000,36950100,90,225,36960000,32003
5,3696,36960000,36960100,90,225,36970000,32018
5,3697,36970000,36970100,90,225,36980000,32024
5,3698,36980000,36980100,90,225,36990000,32031
5,3699,36990000,36990100,90,225,37000000,32041
5,37,370000,370100,90,225,380000,321
5,370,3700000,3700100,90,225,3710000,3206
5,3700,37000000,37000100,90,225,37010000,32050
5,3701,37010000,37010100,90,225,37020000,32057
5,3702,37020000,37020100,90,225,37030000,32067
5,3703,37030000,37030100,90,225,37040000,32075
5,3704,37040000,37040100,90,225,37050000,32084
5,3705,37050000,37050100,90,225,37060000,32093
5,3706,37060000,37060100,90,225,37070000,32102
5,3707,37070000,37070100,90,225,37080000,32109
5,3708,37080000,37080100,90,225,37090000,32120
5,3709,37090000,37090100,90,225,37100000,32126
5,371,3710000,3710100,90,225,3720000,3214
5,3710,37100000,37100100,90,225,37110000,32136
5,3711,37110000,37110100,90,225,37120000,32144
5,3712,37120000,37120100,90,225,37130000,32154
5,3713,37130000,37130100,90,225,37140000,32162
5,3714,37140000,37140100,90,225,37150000,32172
5,3715,37150000,37150100,90,225,37160000,32179
5,3716,37160000,37160100,90,225,37170000,32187
5,3717,37170000,37170100,90,225,37180000,32197
5,3718,37180000,37180100,90,225,37190000,32205
5,3719,37190000,37190100,90,225,37200000,32211
5,372,3720000,3720100,90,225,3730000,3225
5,3720,37200000,37200100,90,225,37210000,32226
5,3721,37210000,37210100,90,225,37220000,32232
5,3722,37220000,37220100,90,225,37230000,32239
5,3723,37230000,37230100,90,225,37240000,32248
5,3724,37240000,37240100,90,225,37250000,32258
5,3725,37250000,37250100,90,225,37260000,32265
5,3726,37260000,37260100,90,225,37270000,32275
5,3727,37270000,37270100,90,225,37280000,32283
5,3728,37280000,37280100,90,225,37290000,32292
5,3729,37290000,37290100,90,225,37300000,32301
5,373,3730000,3730100,90,225,3740000,3231
5,3730,37300000,37300100,90,225,37310000,32309
5,3731,37310000,37310100,90,225,37320000,32317
5,3732,37320000,37320100,90,225,37330000,32328
5,3733,37330000,37330100,90,225,37340000,32334
5,3734,37340000,37340100,90,225,37350000,32344
5,3735,37350000,37350100,90,225,37360000,32353
5,3736,37360000,37360100,90,225,37370000,32362
5,3737,37370000,37370100,90,225,37380000,32368
5,3738,37380000,37380100,90,225,37390000,32380
5,3739,37390000,37390100,90,225,37400000,32386
5,374,3740000,3740100,90,225,3750000,3241
5,3740,37400000,37400100,90,225,37410000,32396
5,3741,37410000,37410100,90,225,37420000,32406
5,3742,37420000,37420100,90,225,37430000,32413
5,3743,37430000,37430100,90,225,37440000,32419
5,3744,37440000,37440100,90,225,37450000,32431
5,3745,37450000,37450100,90,225,37460000,32441
5,3746,37460000,37460100,90,225,37470000,32448
5,3747,37470000,37470100,90,225,37480000,32456
5,3748,37480000,37480100,90,225,37490000,32466
5,3749,37490000,37490100,90,225,37500000,32472
5,375,3750000,3750100,90,225,3760000,3250
5,3750,37500000,37500100,90,225,37510000,32483
5,3751,37510000,37510100,90,225,37520000,32490
5,3752,37520000,37520100,90,225,37530000,32501
5,3753,37530000,37530100,90,225,37540000,32509
5,3754,37540000,37540100,90,225,37550000,32516
5,3755,37550000,37550100,90,225,37560000,32525
5,3756,37560000,37560100,90,225,37570000,32537
5,3757,37570000,37570100,90,225,37580000,32543
5,3758,37580000,37580100,90,225,37590000,32550
5,3759,37590000,37590100,90,225,37600000,32560
5,376,3760000,3760100,90,225,3770000,3259
5,3760,37600000,37600100,90,225,37610000,32570
5,3761,37610000,37610100,90,225,37620000,32576
5,3762,37620000,37620100,90,225,37630000,32589
5,3763,37630000,37630100,90,225,37640000,32595
5,3764,37640000,37640100,90,225,37650000,32603
5,3765,37650000,37650100,90,225,37660000,32612
5,3766,37660000,37660100,90,225,37670000,32621
5,3767,37670000,37670100,90,225,37680000,32628
5,3768,37680000,37680100,90,225,37690000,32640
5,3769,37690000,37690100,90,225,37700000,32648
5,377,3770000,3770100,90,225,3780000,3265
5,3770,37700000,37700100,90,225,37710000,32656
5,3771,37710000,37710100,90,225,37720000,32664
5,3772,37720000,37720100,90,225,37730000,32672
5,3773,37730000,37730100,90,225,37740000,32681
5,3774,37740000,37740100,90,225,37750000,32691
5,3775,37750000,37750100,90,225,37760000,32698
5,3776,37760000,37760100,90,225,37770000,32709
5,3777,37770000,37770100,90,225,37780000,32717
5,3778,37780000,37780100,90,225,37790000,32725
5,3779,37790000,37790100,90,225,37800000,32731
5,378,3780000,3780100,90,225,3790000,3277
5,3780,37800000,37800100,90,225,37810000,32745
5,3781,37810000,37810100,90,225,37820000,32751
5,3782,37820000,37820100,90,225,37830000,32758
5,3783,37830000,37830100,90,225,37840000,32768
5,3784,37840000,37840100,90,225,37850000,32778
5,3785,37850000,37850100,90,225,37860000,32785
5,3786,37860000,37860100,90,225,37870000,32795
5,3787,37870000,37870100,90,225,37880000,32803
5,3788,37880000,37880100,90,225,37890000,32811
5,3789,37890000,37890100,90,225,37900000,32820
5,379,3790000,3790100,90,225,3800000,3284
5,3790,37900000,37900100,90,225,37910000,32830
5,3791,37910000,37910100,90,225,37920000,32836
5,3792,37920000,37920100,90,225,37930000,32848
5,3793,37930000,37930100,90,225,37940000,32854
5,3794,37940000,37940100,90,225,37950000,32863
5,3795,37950000,37950100,90,225,37960000,32873
5,3796,37960000,37960100,90,225,37970000,32881
5,3797,37970000,37970100,90,225,37980000,32889
5,3798,37980000,37980100,90,225,37990000,32899
5,3799,37990000,37990100,90,225,38000000,32905
5,38,380000,380100,90,225,390000,331
5,380,3800000,3800100,90,225,3810000,3293
5,3800,38000000,38000100,90,225,38010000,32916
5,3801,38010000,38010100,90,225,38020000,32926
5,3802,38020000,38020100,90,225,38030000,32933
5,3803,38030000,38030100,90,225,38040000,32939
5,3804,38040000,38040100,90,225,38050000,32952
5,3805,38050000,38050100,90,225,38060000,32959
5,3806,38060000,38060100,90,225,38070000,32967
5,3807,38070000,38070100,90,225,38080000,32975
5,3808,38080000,38080100,90,225,38090000,32986
5,3809,38090000,38090100,90,225,38100000,32992
5,381,3810000,3810100,90,225,3820000,3303
5,3810,38100000,38100100,90,225,38110000,33003
5,3811,38110000,38110100,90,225,38120000,33012
5,3812,38120000,38120100,90,225,38130000,33020
5,3813,38130000,38130100,90,225,38140000,33028
5,3814,38140000,38140100,90,225,38150000,33035
5,3815,38150000,38150100,90,225,38160000,33044
5,3816,38160000,38160100,90,225,38170000,33056
5,3817,38170000,38170100,90,225,38180000,33063
5,3818,38180000,38180100,90,225,38190000,33072
5,3819,38190000,38190100,90,225,38200000,33080
5,382,3820000,3820100,90,225,3830000,3310
5,3820,38200000,38200100,90,225,38210000,33089
5,3821,38210000,38210100,90,225,38220000,33095
5,3822,38220000,38220100,90,225,38230000,33108
5,3823,38230000,38230100,90,225,38240000,33114
5,3824,38240000,38240100,90,225,38250000,33123
5,3825,38250000,38250100,90,225,38260000,33134
5,3826,38260000,38260100,90,225,38270000,33141
5,3827,38270000,38270100,90,225,38280000,33147
5,3828,38280000,38280100,90,225,38290000,33159
5,3829,38290000,38290100,90,225,38300000,33167
5,383,3830000,3830100,90,225,3840000,3316
5,3830,38300000,38300100,90,225,38310000,33175
5,3831,38310000,38310100,90,225,38320000,33183
5,3832,38320000,38320100,90,225,38330000,33194
5,3833,38330000,38330100,90,225,38340000,33201
5,3834,38340000,38340100,90,225,38350000,33211
5,3835,38350000,38350100,90,225,38360000,33218
5,3836,38360000,38360100,90,225,38370000,33228
5,3837,38370000,38370100,90,225,38380000,33236
5,3838,38380000,38380100,90,225,38390000,33243
5,3839,38390000,38390100,90,225,38400000,33252
5,384,3840000,3840100,90,225,3850000,3328
5,3840,38400000,38400100,90,225,38410000,33265
5,3841,38410000,38410100,90,225,38420000,33271
5,3842,38420000,38420100,90,225,38430000,33278
5,3843,38430000,38430100,90,225,38440000,33288
5,3844,38440000,38440100,90,225,38450000,33297
5,3845,38450000,38450100,90,225,38460000,33304
5,3846,38460000,38460100,90,225,38470000,33316
5,3847,38470000,38470100,90,225,38480000,33322
5,3848,38480000,38480100,90,225,38490000,33331
5,3849,38490000,38490100,90,225,38500000,33339
5,385,3850000,3850100,90,225,3860000,3338
5,3850,38500000,38500100,90,225,38510000,33350
5,3851,38510000,38510100,90,225,38520000,33356
5,3852,38520000,38520100,90,225,38530000,33367
5,3853,38530000,38530100,90,225,38540000,33375
5,3854,38540000,38540100,90,225,38550000,33382
5,3855,38550000,38550100,90,225,38560000,33392
5,3856,38560000,38560100,90,225,38570000,33401
5,3857,38570000,38570100,90,225,38580000,33409
5,3858,38580000,38580100,90,225,38590000,33419
5,3859,38590000,38590100,90,225,38600000,33425
5,386,3860000,3860100,90,225,3870000,3345
5,3860,38600000,38600100,90,225,38610000,33436
5,3861,38610000,38610100,90,225,38620000,33445
5,3862,38620000,38620100,90,225,38630000,33452
5,3863,38630000,38630100,90,225,38640000,33458
5,3864,38640000,38640100,90,225,38650000,33472
5,3865,38650000,38650100,90,225,38660000,33479
5,3866,38660000,38660100,90,225,38670000,33487
5,3867,38670000,38670100,90,225,38680000,33497
5,3868,38680000,38680100,90,225,38690000,33505
5,3869,38690000,38690100,90,225,38700000,33511
5,387,3870000,3870100,90,225,3880000,3353
5,3870,38700000,38700100,90,225,38710000,33522
5,3871,38710000,38710100,90,225,38720000,33530
5,3872,38720000,38720100,90,225,38730000,33540
5,3873,38730000,38730100,90,225,38740000,33548
5,3874,38740000,38740100,90,225,38750000,33557
5,3875,38750000,38750100,90,225,38760000,33564
5,3876,38760000,38760100,90,225,38770000,33575
5,3877,38770000,38770100,90,225,38780000,33582
5,3878,38780000,38780100,90,225,38790000,33591
5,3879,38790000,38790100,90,225,38800000,33599
5,388,3880000,3880100,90,225,3890000,3363
5,3880,38800000,38800100,90,225,38810000,33609
5,3881,38810000,38810100,90,225,38820000,33617
5,3882,38820000,38820100,90,225,38830000,33627
5,3883,38830000,38830100,90,225,38840000,33634
5,3884,38840000,38840100,90,225,38850000,33642
5,3885,38850000,38850100,90,225,38860000,33653
5,3886,38860000,38860100,90,225,38870000,33660
5,3887,38870000,38870100,90,225,38880000,33666
5,3888,38880000,38880100,90,225,38890000,33681
5,3889,38890000,38890100,90,225,38900000,33687
5,389,3890000,3890100,90,225,3900000,3369
5,3890,38900000,38900100,90,225,38910000,33695
5,3891,38910000,38910100,90,225,38920000,33703
5,3892,38920000,38920100,90,225,38930000,33713
5,3893,38930000,38930100,90,225,38940000,33719
5,3894,38940000,38940100,90,225,38950000,33730
5,3895,38950000,38950100,90,225,38960000,33739
5,3896,38960000,38960100,90,225,38970000,33748
5,3897,38970000,38970100,90,225,38980000,33756
5,3898,38980000,38980100,90,225,38990000,33763
5,3899,38990000,38990100,90,225,39000000,33772
5,39,390000,390100,90,225,400000,339
5,390,3900000,3900100,90,225,3910000,3381
5,3900,39000000,39000100,90,225,39010000,33784
5,3901,39010000,39010100,90,225,39020000,33790
5,3902,39020000,39020100,90,225,39030000,33799
5,3903,39030000,39030100,90,225,39040000,33807
5,3904,39040000,39040100,90,225,39050000,33816
5,3905,39050000,39050100,90,225,39060000,33824
5,3906,39060000,39060100,90,225,39070000,33836
5,3907,39070000,39070100,90,225,39080000,33842
5,3908,39080000,39080100,90,225,39090000,33850
5,3909,39090000,39090100,90,225,39100000,33860
5,391,3910000,3910100,90,225,3920000,3387
5,3910,39100000,39100100,90,225,39110000,33869
5,3911,39110000,39110100,90,225,39120000,33875
5,3912,39120000,39120100,90,225,39130000,33887
5,3913,39130000,39130100,90,225,39140000,33895
5,3914,39140000,39140100,90,225,39150000,33902
5,3915,39150000,39150100,90,225,39160000,33911
5,3916,39160000,39160100,90,225,39170000,33922
5,3917,39170000,39170100,90,225,39180000,33928
5,3918,39180000,39180100,90,225,39190000,33938
5,3919,39190000,39190100,90,225,39200000,33944
5,392,3920000,3920100,90,225,3930000,3398
5,3920,39200000,39200100,90,225,39210000,33956
5,3921,39210000,39210100,90,225,39220000,33965
5,3922,39220000,39220100,90,225,39230000,33972
5,3923,39230000,39230100,90,225,39240000,33980
5,3924,39240000,39240100,90,225,39250000,33991
5,3925,39250000,39250100,90,225,39260000,33998
5,3926,39260000,39260100,90,225,39270000,34005
5,3927,39270000,39270100,90,225,39280000,34016
5,3928,39280000,39280100,90,225,39290000,34025
5,3929,39290000,39290100,90,225,39300000,34031
5,393,3930000,3930100,90,225,3940000,3406
5,3930,39300000,39300100,90,225,39310000,34044
5,3931,39310000,39310100,90,225,39320000,34050
5,3932,39320000,39320100,90,225,39330000,34059
5,3933,39330000,39330100,90,225,39340000,34067
5,3934,39340000,39340100,90,225,39350000,34076
5,3935,39350000,39350100,90,225,39360000,34083
5,3936,39360000,39360100,90,225,39370000,34095
5,3937,39370000,39370100,90,225,39380000,34103
5,3938,39380000,39380100,90,225,39390000,34111
5,3939,39390000,39390100,90,225,39400000,34119
5,394,3940000,3940100,90,225,3950000,3413
5,3940,39400000,39400100,90,225,39410000,34128
5,3941,39410000,39410100,90,225,39420000,34136
5,3942,39420000,39420100,90,225,39430000,34146
5,3943,39430000,39430100,90,225,39440000,34153
5,3944,39440000,39440100,90,225,39450000,34164
5,3945,39450000,39450100,90,225,39460000,34173
5,3946,39460000,39460100,90,225,39470000,34180
5,3947,39470000,39470100,90,225,39480000,34186
5,3948,39480000,39480100,90,225,39490000,34199
5,3949,39490000,39490100,90,225,39500000,34206
5,395,3950000,3950100,90,225,3960000,3422
5,3950,39500000,39500100,90,225,39510000,34214
5,3951,39510000,39510100,90,225,39520000,34224
5,3952,39520000,39520100,90,225,39530000,34233
5,3953,39530000,39530100,90,225,39540000,34239
5,3954,39540000,39540100,90,225,39550000,34250
5,3955,39550000,39550100,90,225,39560000,34259
5,3956,39560000,39560100,90,225,39570000,34267
5,3957,39570000,39570100,90,225,39580000,34275
5,3958,39580000,39580100,90,225,39590000,34284
5,3959,39590000,39590100,90,225,39600000,34290
5,396,3960000,3960100,90,225,3970000,3434
5,3960,39600000,39600100,90,225,39610000,34304
5,3961,39610000,39610100,90,225,39620000,34310
5,3962,39620000,39620100,90,225,39630000,34319
5,3963,39630000,39630100,90,225,39640000,34327
5,3964,39640000,39640100,90,225,39650000,34335
5,3965,39650000,39650100,90,225,39660000,34345
5,3966,39660000,39660100,90,225,39670000,34355
5,3967,39670000,39670100,90,225,39680000,34361
5,3968,39680000,39680100,90,225,39690000,34370
5,3969,39690000,39690100,90,225,39700000,34380
5,397,3970000,3970100,90,225,3980000,3440
5,3970,39700000,39700100,90,225,39710000,34388
5,3971,39710000,39710100,90,225,39720000,34395
5,3972,39720000,39720100,90,225,39730000,34408
5,3973,39730000,39730100,90,225,39740000,34414
5,3974,39740000,39740100,90,225,39750000,34421
5,3975,39750000,39750100,90,225,39760000,34430
5,3976,39760000,39760100,90,225,39770000,34442
5,3977,39770000,39770100,90,225,39780000,34448
5,3978,39780000,39780100,90,225,39790000,34458
5,3979,39790000,39790100,90,225,39800000,34466
5,398,3980000,3980100,90,225,3990000,3447
5,3980,39800000,39800100,90,225,39810000,34475
5,3981,39810000,39810100,90,225,39820000,34483
5,3982,39820000,39820100,90,225,39830000,34491
5,3983,39830000,39830100,90,225,39840000,34499
5,3984,39840000,39840100,90,225,39850000,34511
5,3985,39850000,39850100,90,225,39860000,34518
5,3986,39860000,39860100,90,225,39870000,34527
5,3987,39870000,39870100,90,225,39880000,34536
5,3988,39880000,39880100,90,225,39890000,34544
5,3989,39890000,39890100,90,225,39900000,34550
5,399,3990000,3990100,90,225,4000000,3457
5,3990,39900000,39900100,90,225,39910000,34563
5,3991,39910000,39910100,90,225,39920000,34569
5,3992,39920000,39920100,90,225,39930000,34578
5,3993,39930000,39930100,90,225,39940000,34589
5,3994,39940000,39940100,90,225,39950000,34596
5,3995,39950000,39950100,90,225,39960000,34603
5,3996,39960000,39960100,90,225,39970000,34614
5,3997,39970000,39970100,90,225,39980000,34622
5,3998,39980000,39980100,90,225,39990000,34630
5,3999,39990000,39990100,90,225,40000000,34638
5,4,40000,40100,90,225,50000,36
5,40,400000,400100,90,225,410000,349
5,400,4000000,4000100,90,225,4010000,3467
5,4000,40000000,40000100,90,225,40010000,34650
5,4001,40010000,40010100,90,225,40020000,34656
5,4002,40020000,40020100,90,225,40030000,34666
5,4003,40030000,40030100,90,225,40040000,34672
5,4004,40040000,40040100,90,225,40050000,34683
5,4005,40050000,40050100,90,225,40060000,34692
5,4006,40060000,40060100,90,225,40070000,34699
5,4007,40070000,40070100,90,225,40080000,34707
5,4008,40080000,40080100,90,225,40090000,34719
5,4009,40090000,40090100,90,225,40100000,34726
5,401,4010000,4010100,90,225,4020000,3474
5,4010,40100000,40100100,90,225,40110000,34734
5,4011,40110000,40110100,90,225,40120000,34744
5,4012,40120000,40120100,90,225,40130000,34752
5,4013,40130000,40130100,90,225,40140000,34758
5,4014,40140000,40140100,90,225,40150000,34770
5,4015,40150000,40150100,90,225,40160000,34778
5,4016,40160000,40160100,90,225,40170000,34787
5,4017,40170000,40170100,90,225,40180000,34795
5,4018,40180000,40180100,90,225,40190000,34804
5,4019,40190000,40190100,90,225,40200000,34810
5,402,4020000,4020100,90,225,4030000,3486
5,4020,40200000,40200100,90,225,40210000,34823
5,4021,40210000,40210100,90,225,40220000,34831
5,4022,40220000,40220100,90,225,40230000,34838
5,4023,40230000,40230100,90,225,40240000,34846
5,4024,40240000,40240100,90,225,40250000,34855
5,4025,40250000,40250100,90,225,40260000,34864
5,4026,40260000,40260100,90,225,40270000,34875
5,4027,40270000,40270100,90,225,40280000,34881
5,4028,40280000,40280100,90,225,40290000,34891
5,4029,40290000,40290100,90,225,40300000,34899
5,403,4030000,4030100,90,225,4040000,3492
5,4030,40300000,40300100,90,225,40310000,34907
5,4031,40310000,40310100,90,225,40320000,34914
5,4032,40320000,40320100,90,225,40330000,34928
5,4033,40330000,40330100,90,225,40340000,34934
5,4034,40340000,40340100,90,225,40350000,34941
5,4035,40350000,40350100,90,225,40360000,34952
5,4036,40360000,40360100,90,225,40370000,34960
5,4037,40370000,40370100,90,225,40380000,34967
5,4038,40380000,40380100,90,225,40390000,34977
5,4039,40390000,40390100,90,225,40400000,34985
5,404,4040000,4040100,90,225,4050000,3500
5,4040,40400000,40400100,90,225,40410000,34995
5,4041,40410000,40410100,90,225,40420000,35003
5,4042,40420000,40420100,90,225,40430000,35013
5,4043,40430000,40430100,90,225,40440000,35019
5,4044,40440000,40440100,90,225,40450000,35030
5,4045,40450000,40450100,90,225,40460000,35037
5,4046,40460000,40460100,90,225,40470000,35046
5,4047,40470000,40470100,90,225,40480000,35054
5,4048,40480000,40480100,90,225,40490000,35064
5,4049,40490000,40490100,90,225,40500000,35072
5,405,4050000,4050100,90,225,4060000,3509
5,4050,40500000,40500100,90,225,40510000,35083
5,4051,40510000,40510100,90,225,40520000,35089
5,4052,40520000,40520100,90,225,40530000,35097
5,4053,40530000,40530100,90,225,40540000,35108
5,4054,40540000,40540100,90,225,40550000,35115
5,4055,40550000,40550100,90,225,40560000,35122
5,4056,40560000,40560100,90,225,40570000,35136
5,4057,40570000,40570100,90,225,40580000,35142
5,4058,40580000,40580100,90,225,40590000,35149
5,4059,40590000,40590100,90,225,40600000,35158
5,406,4060000,4060100,90,225,4070000,3518
5,4060,40600000,40600100,90,225,40610000,35169
5,4061,40610000,40610100,90,225,40620000,35175
5,4062,40620000,40620100,90,225,40630000,35185
5,4063,40630000,40630100,90,225,40640000,35193
5,4064,40640000,40640100,90,225,40650000,35203
5,4065,40650000,40650100,90,225,40660000,35212
5,4066,40660000,40660100,90,225,40670000,35219
5,4067,40670000,40670100,90,225,40680000,35227
5,4068,40680000,40680100,90,225,40690000,35238
5,4069,40690000,40690100,90,225,40700000,35244
5,407,4070000,4070100,90,225,4080000,3525
5,4070,40700000,40700100,90,225,40710000,35255
5,4071,40710000,40710100,90,225,40720000,35263
5,4072,40720000,40720100,90,225,40730000,35272
5,4073,40730000,40730100,90,225,40740000,35278
5,4074,40740000,40740100,90,225,40750000,35290
5,4075,40750000,40750100,90,225,40760000,35298
5,4076,40760000,40760100,90,225,40770000,35306
5,4077,40770000,40770100,90,225,40780000,35316
5,4078,40780000,40780100,90,225,40790000,35323
5,4079,40790000,40790100,90,225,40800000,35329
5,408,4080000,4080100,90,225,4090000,3537
5,4080,40800000,40800100,90,225,40810000,35342
5,4081,40810000,40810100,90,225,40820000,35351
5,4082,40820000,40820100,90,225,40830000,35358
5,4083,40830000,40830100,90,225,40840000,35366
5,4084,40840000,40840100,90,225,40850000,35376
5,4085,40850000,40850100,90,225,40860000,35383
5,4086,40860000,40860100,90,225,40870000,35394
5,4087,40870000,40870100,90,225,40880000,35400
5,4088,40880000,40880100,90,225,40890000,35411
5,4089,40890000,40890100,90,225,40900000,35419
5,409,4090000,4090100,90,225,4100000,3545
5,4090,40900000,40900100,90,225,40910000,35427
5,4091,40910000,40910100,90,225,40920000,35435
5,4092,40920000,40920100,90,225,40930000,35447
5,4093,40930000,40930100,90,225,40940000,35453
5,4094,40940000,40940100,90,225,40950000,35460
5,4095,40950000,40950100,90,225,40960000,35471
5,4096,40960000,40960100,90,225,40970000,35480
5,4097,40970000,40970100,90,225,40980000,35487
5,4098,40980000,40980100,90,225,40990000,35499
5,4099,40990000,40990100,90,225,41000000,35505
5,41,410000,410100,90,225,420000,355
5,410,4100000,4100100,90,225,4110000,3553
5,4100,41000000,41000100,90,225,41010000,35514
5,4101,41010000,41010100,90,225,41020000,35522
5,4102,41020000,41020100,90,225,41030000,35531
5,4103,41030000,41030100,90,225,41040000,35538
5,4104,41040000,41040100,90,225,41050000,35550
5,4105,41050000,41050100,90,225,41060000,35559
5,4106,41060000,41060100,90,225,41070000,35566
5,4107,41070000,41070100,90,225,41080000,35574
5,4108,41080000,41080100,90,225,41090000,35583
5,4109,41090000,41090100,90,225,41100000,35591
5,411,4110000,4110100,90,225,4120000,3561
5,4110,41100000,41100100,90,225,41110000,35602
5,4111,41110000,41110100,90,225,41120000,35608
5,4112,41120000,41120100,90,225,41130000,35619
5,4113,41130000,41130100,90,225,41140000,35627
5,4114,41140000,41140100,90,225,41150000,35635
5,4115,41150000,41150100,90,225,41160000,35642
5,4116,41160000,41160100,90,225,41170000,35655
5,4117,41170000,41170100,90,225,41180000,35661
5,4118,41180000,41180100,90,225,41190000,35668
5,4119,41190000,41190100,90,225,41200000,35679
5,412,4120000,4120100,90,225,4130000,3570
5,4120,41200000,41200100,90,225,41210000,35689
5,4121,41210000,41210100,90,225,41220000,35695
5,4122,41220000,41220100,90,225,41230000,35705
5,4123,41230000,41230100,90,225,41240000,35713
5,4124,41240000,41240100,90,225,41250000,35721
5,4125,41250000,41250100,90,225,41260000,35731
5,4126,41260000,41260100,90,225,41270000,35740
5,4127,41270000,41270100,90,225,41280000,35746
5,4128,41280000,41280100,90,225,41290000,35758
5,4129,41290000,41290100,90,225,41300000,35764
5,413,4130000,4130100,90,225,4140000,3578
5,4130,41300000,41300100,90,225,41310000,35775
5,4131,41310000,41310100,90,225,41320000,35783
5,4132,41320000,41320100,90,225,41330000,35791
5,4133,41330000,41330100,90,225,41340000,35799
5,4134,41340000,41340100,90,225,41350000,35809
5,4135,41350000,41350100,90,225,41360000,35816
5,4136,41360000,41360100,90,225,41370000,35826
5,4137,41370000,41370100,90,225,41380000,35836
5,4138,41380000,41380100,90,225,41390000,35843
5,4139,41390000,41390100,90,225,41400000,35849
5,414,4140000,4140100,90,225,4150000,3588
5,4140,41400000,41400100,90,225,41410000,35863
5,4141,41410000,41410100,90,225,41420000,35870
5,4142,41420000,41420100,90,225,41430000,35877
5,4143,41430000,41430100,90,225,41440000,35885
5,4144,41440000,41440100,90,225,41450000,35896
5,4145,41450000,41450100,90,225,41460000,35903
5,4146,41460000,41460100,90,225,41470000,35913
5,4147,41470000,41470100,90,225,41480000,35922
5,4148,41480000,41480100,90,225,41490000,35930
5,4149,41490000,41490100,90,225,41500000,35938
5,415,4150000,4150100,90,225,4160000,3595
5,4150,41500000,41500100,90,225,41510000,35946
5,4151,41510000,41510100,90,225,41520000,35954
5,4152,41520000,41520100,90,225,41530000,35967
5,4153,41530000,41530100,90,225,41540000,35973
5,4154,41540000,41540100,90,225,41550000,35982
5,4155,41550000,41550100,90,225,41560000,35991
5,4156,41560000,41560100,90,225,41570000,35999
5,4157,41570000,41570100,90,225,41580000,36005
5,4158,41580000,41580100,90,225,41590000,36018
5,4159,41590000,41590100,90,225,41600000,36024
5,416,4160000,4160100,90,225,4170000,3606
5,4160,41600000,41600100,90,225,41610000,36034
5,4161,41610000,41610100,90,225,41620000,36044
5,4162,41620000,41620100,90,225,41630000,36051
5,4163,41630000,41630100,90,225,41640000,36058
5,4164,41640000,41640100,90,225,41650000,36069
5,4165,41650000,41650100,90,225,41660000,36078
5,4166,41660000,41660100,90,225,41670000,36085
5,4167,41670000,41670100,90,225,41680000,36093
5,4168,41680000,41680100,90,225,41690000,36104
5,4169,41690000,41690100,90,225,41700000,36111
5,417,4170000,4170100,90,225,4180000,3614
5,4170,41700000,41700100,90,225,41710000,36122
5,4171,41710000,41710100,90,225,41720000,36128
5,4172,41720000,41720100,90,225,41730000,36138
5,4173,41730000,41730100,90,225,41740000,36146
5,4174,41740000,41740100,90,225,41750000,36154
5,4175,41750000,41750100,90,225,41760000,36163
5,4176,41760000,41760100,90,225,41770000,36175
5,4177,41770000,41770100,90,225,41780000,36181
5,4178,41780000,41780100,90,225,41790000,36188
5,4179,41790000,41790100,90,225,41800000,36198
5,418,4180000,4180100,90,225,4190000,3622
5,4180,41800000,41800100,90,225,41810000,36208
5,4181,41810000,41810100,90,225,41820000,36214
5,4182,41820000,41820100,90,225,41830000,36226
5,4183,41830000,41830100,90,225,41840000,36232
5,4184,41840000,41840100,90,225,41850000,36241
5,4185,41850000,41850100,90,225,41860000,36251
5,4186,41860000,41860100,90,225,41870000,36260
5,4187,41870000,41870100,90,225,41880000,36266
5,4188,41880000,41880100,90,225,41890000,36277
5,4189,41890000,41890100,90,225,41900000,36285
5,419,4190000,4190100,90,225,4200000,3628
5,4190,41900000,41900100,90,225,41910000,36293
5,4191,41910000,41910100,90,225,41920000,36302
5,4192,41920000,41920100,90,225,41930000,36311
5,4193,41930000,41930100,90,225,41940000,36319
5,4194,41940000,41940100,90,225,41950000,36329
5,4195,41950000,41950100,90,225,41960000,36336
5,4196,41960000,41960100,90,225,41970000,36347
5,4197,41970000,41970100,90,225,41980000,36355
5,4198,41980000,41980100,90,225,41990000,36362
5,4199,41990000,41990100,90,225,42000000,36368
5,42,420000,420100,90,225,430000,367
5,420,4200000,4200100,90,225,4210000,3642
5,4200,42000000,42000100,90,225,42010000,36383
5,4201,42010000,42010100,90,225,42020000,36389
5,4202,42020000,42020100,90,225,42030000,36397
5,4203,42030000,42030100,90,225,42040000,36407
5,4204,42040000,42040100,90,225,42050000,36415
5,4205,42050000,42050100,90,225,42060000,36422
5,4206,42060000,42060100,90,225,42070000,36432
5,4207,42070000,42070100,90,225,42080000,36441
5,4208,42080000,42080100,90,225,42090000,36450
5,4209,42090000,42090100,90,225,42100000,36458
5,421,4210000,4210100,90,225,4220000,3648
5,4210,42100000,42100100,90,225,42110000,36468
5,4211,42110000,42110100,90,225,42120000,36474
5,4212,42120000,42120100,90,225,42130000,36485
5,4213,42130000,42130100,90,225,42140000,36492
5,4214,42140000,42140100,90,225,42150000,36501
5,4215,42150000,42150100,90,225,42160000,36510
5,4216,42160000,42160100,90,225,42170000,36519
5,4217,42170000,42170100,90,225,42180000,36527
5,4218,42180000,42180100,90,225,42190000,36538
5,4219,42190000,42190100,90,225,42200000,36544
5,422,4220000,4220100,90,225,4230000,3655
5,4220,42200000,42200100,90,225,42210000,36553
5,4221,42210000,42210100,90,225,42220000,36563
5,4222,42220000,42220100,90,225,42230000,36570
5,4223,42230000,42230100,90,225,42240000,36576
5,4224,42240000,42240100,90,225,42250000,36591
5,4225,42250000,42250100,90,225,42260000,36598
5,4226,42260000,42260100,90,225,42270000,36605
5,4227,42270000,42270100,90,225,42280000,36613
5,4228,42280000,42280100,90,225,42290000,36623
5,4229,42290000,42290100,90,225,42300000,36630
5,423,4230000,4230100,90,225,4240000,3666
5,4230,42300000,42300100,90,225,42310000,36641
5,4231,42310000,42310100,90,225,42320000,36649
5,4232,42320000,42320100,90,225,42330000,36658
5,4233,42330000,42330100,90,225,42340000,36666
5,4234,42340000,42340100,90,225,42350000,36673
5,4235,42350000,42350100,90,225,42360000,36683
5,4236,42360000,42360100,90,225,42370000,36694
5,4237,42370000,42370100,90,225,42380000,36700
5,4238,42380000,42380100,90,225,42390000,36709
5,4239,42390000,42390100,90,225,42400000,36717
5,424,4240000,4240100,90,225,4250000,3675
5,4240,42400000,42400100,90,225,42410000,36728
5,4241,42410000,42410100,90,225,42420000,36734
5,4242,42420000,42420100,90,225,42430000,36746
5,4243,42430000,42430100,90,225,42440000,36752
5,4244,42440000,42440100,90,225,42450000,36760
5,4245,42450000,42450100,90,225,42460000,36771
5,4246,42460000,42460100,90,225,42470000,36779
5,4247,42470000,42470100,90,225,42480000,36785
5,4248,42480000,42480100,90,225,42490000,36797
5,4249,42490000,42490100,90,225,42500000,36805
5,425,4250000,4250100,90,225,4260000,3682
5,4250,42500000,42500100,90,225,42510000,36813
5,4251,42510000,42510100,90,225,42520000,36822
5,4252,42520000,42520100,90,225,42530000,36832
5,4253,42530000,42530100,90,225,42540000,36838
5,4254,42540000,42540100,90,225,42550000,36848
5,4255,42550000,42550100,90,225,42560000,36855
5,4256,42560000,42560100,90,225,42570000,36866
5,4257,42570000,42570100,90,225,42580000,36875
5,4258,42580000,42580100,90,225,42590000,36882
5,4259,42590000,42590100,90,225,42600000,36890
5,426,4260000,4260100,90,225,4270000,3692
5,4260,42600000,42600100,90,225,42610000,36902
5,4261,42610000,42610100,90,225,42620000,36908
5,4262,42620000,42620100,90,225,42630000,36916
5,4263,42630000,42630100,90,225,42640000,36926
5,4264,42640000,42640100,90,225,42650000,36935
5,4265,42650000,42650100,90,225,42660000,36942
5,4266,42660000,42660100,90,225,42670000,36954
5,4267,42670000,42670100,90,225,42680000,36960
5,4268,42680000,42680100,90,225,42690000,36969
5,4269,42690000,42690100,90,225,42700000,36977
5,427,4270000,4270100,90,225,4280000,3700
5,4270,42700000,42700100,90,225,42710000,36987
5,4271,42710000,42710100,90,225,42720000,36993
5,4272,42720000,42720100,90,225,42730000,37005
5,4273,42730000,42730100,90,225,42740000,37014
5,4274,42740000,42740100,90,225,42750000,37021
5,4275,42750000,42750100,90,225,42760000,37030
5,4276,42760000,42760100,90,225,42770000,37038
5,4277,42770000,42770100,90,225,42780000,37046
5,4278,42780000,42780100,90,225,42790000,37056
5,4279,42790000,42790100,90,225,42800000,37063
5,428,4280000,4280100,90,225,4290000,3708
5,4280,42800000,42800100,90,225,42810000,37075
5,4281,42810000,42810100,90,225,42820000,37083
5,4282,42820000,42820100,90,225,42830000,37090
5,4283,42830000,42830100,90,225,42840000,37096
5,4284,42840000,42840100,90,225,42850000,37110
5,4285,42850000,42850100,90,225,42860000,37117
5,4286,42860000,42860100,90,225,42870000,37124
5,4287,42870000,42870100,90,225,42880000,37134
5,4288,42880000,42880100,90,225,42890000,37143
5,4289,42890000,42890100,90,225,42900000,37149
5,429,4290000,4290100,90,225,4300000,3717
5,4290,42900000,42900100,90,225,42910000,37161
5,4291,42910000,42910100,90,225,42920000,37169
5,4292,42920000,42920100,90,225,42930000,37177
5,4293,42930000,42930100,90,225,42940000,37185
5,4294,42940000,42940100,90,225,42950000,37194
5,4295,42950000,42950100,90,225,42960000,37202
5,4296,42960000,42960100,90,225,42970000,37214
5,4297,42970000,42970100,90,225,42980000,37220
5,4298,42980000,42980100,90,225,42990000,37229
5,4299,42990000,42990100,90,225,43000000,37237
5,43,430000,430100,90,225,440000,373
5,430,4300000,4300100,90,225,4310000,3727
5,4300,43000000,43000100,90,225,43010000,37246
5,4301,43010000,43010100,90,225,43020000,37255
5,4302,43020000,43020100,90,225,43030000,37265
5,4303,43030000,43030100,90,225,43040000,37271
5,4304,43040000,43040100,90,225,43050000,37280
5,4305,43050000,43050100,90,225,43060000,37291
5,4306,43060000,43060100,90,225,43070000,37299
5,4307,43070000,43070100,90,225,43080000,37305
5,4308,43080000,43080100,90,225,43090000,37318
5,4309,43090000,43090100,90,225,43100000,37324
5,431,4310000,4310100,90,225,4320000,3733
5,4310,43100000,43100100,90,225,43110000,37332
5,4311,43110000,43110100,90,225,43120000,37340
5,4312,43120000,43120100,90,225,43130000,37352
5,4313,43130000,43130100,90,225,43140000,37358
5,4314,43140000,43140100,90,225,43150000,37368
5,4315,43150000,43150100,90,225,43160000,37377
5,4316,43160000,43160100,90,225,43170000,37385
5,4317,43170000,43170100,90,225,43180000,37394
5,4318,43180000,43180100,90,225,43190000,37401
5,4319,43190000,43190100,90,225,43200000,37409
5,432,4320000,4320100,90,225,4330000,3745
5,4320,43200000,43200100,90,225,43210000,37422
5,4321,43210000,43210100,90,225,43220000,37428
5,4322,43220000,43220100,90,225,43230000,37437
5,4323,43230000,43230100,90,225,43240000,37446
5,4324,43240000,43240100,90,225,43250000,37454
5,4325,43250000,43250100,90,225,43260000,37461
5,4326,43260000,43260100,90,225,43270000,37473
5,4327,43270000,43270100,90,225,43280000,37479
5,4328,43280000,43280100,90,225,43290000,37489
5,4329,43290000,43290100,90,225,43300000,37499
5,433,4330000,4330100,90,225,4340000,3751
5,4330,43300000,43300100,90,225,43310000,37507
5,4331,43310000,43310100,90,225,43320000,37513
5,4332,43320000,43320100,90,225,43330000,37524
5,4333,43330000,43330100,90,225,43340000,37532
5,4334,43340000,43340100,90,225,43350000,37540
5,4335,43350000,43350100,90,225,43360000,37549
5,4336,43360000,43360100,90,225,43370000,37560
5,4337,43370000,43370100,90,225,43380000,37566
5,4338,43380000,43380100,90,225,43390000,37576
5,4339,43390000,43390100,90,225,43400000,37583
5,434,4340000,4340100,90,225,4350000,3761
5,4340,43400000,43400100,90,225,43410000,37594
5,4341,43410000,43410100,90,225,43420000,37602
5,4342,43420000,43420100,90,225,43430000,37609
5,4343,43430000,43430100,90,225,43440000,37617
5,4344,43440000,43440100,90,225,43450000,37629
5,4345,43450000,43450100,90,225,43460000,37637
5,4346,43460000,43460100,90,225,43470000,37644
5,4347,43470000,43470100,90,225,43480000,37654
5,4348,43480000,43480100,90,225,43490000,37662
5,4349,43490000,43490100,90,225,43500000,37668
5,435,4350000,4350100,90,225,4360000,3770
5,4350,43500000,43500100,90,225,43510000,37682
5,4351,43510000,43510100,90,225,43520000,37688
5,4352,43520000,43520100,90,225,43530000,37697
5,4353,43530000,43530100,90,225,43540000,37705
5,4354,43540000,43540100,90,225,43550000,37714
5,4355,43550000,43550100,90,225,43560000,37721
5,4356,43560000,43560100,90,225,43570000,37733
5,4357,43570000,43570100,90,225,43580000,37741
5,4358,43580000,43580100,90,225,43590000,37748
5,4359,43590000,43590100,90,225,43600000,37756
5,436,4360000,4360100,90,225,4370000,3778
5,4360,43600000,43600100,90,225,43610000,37766
5,4361,43610000,43610100,90,225,43620000,37775
5,4362,43620000,43620100,90,225,43630000,37785
5,4363,43630000,43630100,90,225,43640000,37791
5,4364,43640000,43640100,90,225,43650000,37801
5,4365,43650000,43650100,90,225,43660000,37810
5,4366,43660000,43660100,90,225,43670000,37817
5,4367,43670000,43670100,90,225,43680000,37824
5,4368,43680000,43680100,90,225,43690000,37838
5,4369,43690000,43690100,90,225,43700000,37844
5,437,4370000,4370100,90,225,4380000,3786
5,4370,43700000,43700100,90,225,43710000,37852
5,4371,43710000,43710100,90,225,43720000,37862
5,4372,43720000,43720100,90,225,43730000,37871
5,4373,43730000,43730100,90,225,43740000,37877
5,4374,43740000,43740100,90,225,43750000,37887
5,4375,43750000,43750100,90,225,43760000,37896
5,4376,43760000,43760100,90,225,43770000,37905
5,4377,43770000,43770100,90,225,43780000,37913
5,4378,43780000,43780100,90,225,43790000,37923
5,4379,43790000,43790100,90,225,43800000,37929
5,438,4380000,4380100,90,225,4390000,3796
5,4380,43800000,43800100,90,225,43810000,37941
5,4381,43810000,43810100,90,225,43820000,37947
5,4382,43820000,43820100,90,225,43830000,37956
5,4383,43830000,43830100,90,225,43840000,37965
5,4384,43840000,43840100,90,225,43850000,37974
5,4385,43850000,43850100,90,225,43860000,37983
5,4386,43860000,43860100,90,225,43870000,37993
5,4387,43870000,43870100,90,225,43880000,37999
5,4388,43880000,43880100,90,225,43890000,38007
5,4389,43890000,43890100,90,225,43900000,38018
5,439,4390000,4390100,90,225,4400000,3802
5,4390,43900000,43900100,90,225,43910000,38026
5,4391,43910000,43910100,90,225,43920000,38032
5,4392,43920000,43920100,90,225,43930000,38046
5,4393,43930000,43930100,90,225,43940000,38052
5,4394,43940000,43940100,90,225,43950000,38060
5,4395,43950000,43950100,90,225,43960000,38069
5,4396,43960000,43960100,90,225,43970000,38079
5,4397,43970000,43970100,90,225,43980000,38085
5,4398,43980000,43980100,90,225,43990000,38095
5,4399,43990000,43990100,90,225,44000000,38103
5,44,440000,440100,90,225,450000,382
5,440,4400000,4400100,90,225,4410000,3813
5,4400,44000000,44000100,90,225,44010000,38114
5,4401,44010000,44010100,90,225,44020000,38122
5,4402,44020000,44020100,90,225,44030000,38129
5,4403,44030000,44030100,90,225,44040000,38137
5,4404,44040000,44040100,90,225,44050000,38148
5,4405,44050000,44050100,90,225,44060000,38156
5,4406,44060000,44060100,90,225,44070000,38165
5,4407,44070000,44070100,90,225,44080000,38173
5,4408,44080000,44080100,90,225,44090000,38182
5,4409,44090000,44090100,90,225,44100000,38188
5,441,4410000,4410100,90,225,4420000,3823
5,4410,44100000,44100100,90,225,44110000,38201
5,4411,44110000,44110100,90,225,44120000,38208
5,4412,44120000,44120100,90,225,44130000,38216
5,4413,44130000,44130100,90,225,44140000,38226
5,4414,44140000,44140100,90,225,44150000,38233
5,4415,44150000,44150100,90,225,44160000,38240
5,4416,44160000,44160100,90,225,44170000,38253
5,4417,44170000,44170100,90,225,44180000,38261
5,4418,44180000,44180100,90,225,44190000,38268
5,4419,44190000,44190100,90,225,44200000,38276
5,442,4420000,4420100,90,225,4430000,3830
5,4420,44200000,44200100,90,225,44210000,38287
5,4421,44210000,44210100,90,225,44220000,38293
5,4422,44220000,44220100,90,225,44230000,38304
5,4423,44230000,44230100,90,225,44240000,38310
5,4424,44240000,44240100,90,225,44250000,38321
5,4425,44250000,44250100,90,225,44260000,38330
5,4426,44260000,44260100,90,225,44270000,38337
5,4427,44270000,44270100,90,225,44280000,38346
5,4428,44280000,44280100,90,225,44290000,38357
5,4429,44290000,44290100,90,225,44300000,38363
5,443,4430000,4430100,90,225,4440000,3836
5,4430,44300000,44300100,90,225,44310000,38371
5,4431,44310000,44310100,90,225,44320000,38381
5,4432,44320000,44320100,90,225,44330000,38390
5,4433,44330000,44330100,90,225,44340000,38397
5,4434,44340000,44340100,90,225,44350000,38409
5,4435,44350000,44350100,90,225,44360000,38416
5,4436,44360000,44360100,90,225,44370000,38424
5,4437,44370000,44370100,90,225,44380000,38432
5,4438,44380000,44380100,90,225,44390000,38442
5,4439,44390000,44390100,90,225,44400000,38448
5,444,4440000,4440100,90,225,4450000,3849
5,4440,44400000,44400100,90,225,44410000,38461
5,4441,44410000,44410100,90,225,44420000,38469
5,4442,44420000,44420100,90,225,44430000,38476
5,4443,44430000,44430100,90,225,44440000,38484
5,4444,44440000,44440100,90,225,44450000,38493
5,4445,44450000,44450100,90,225,44460000,38502
5,4446,44460000,44460100,90,225,44470000,38512
5,4447,44470000,44470100,90,225,44480000,38518
5,4448,44480000,44480100,90,225,44490000,38529
5,4449,44490000,44490100,90,225,44500000,38538
5,445,4450000,4450100,90,225,4460000,3857
5,4450,44500000,44500100,90,225,44510000,38546
5,4451,44510000,44510100,90,225,44520000,38552
5,4452,44520000,44520100,90,225,44530000,38565
5,4453,44530000,44530100,90,225,44540000,38571
5,4454,44540000,44540100,90,225,44550000,38578
5,4455,44550000,44550100,90,225,44560000,38590
5,4456,44560000,44560100,90,225,44570000,38599
5,4457,44570000,44570100,90,225,44580000,38605
5,4458,44580000,44580100,90,225,44590000,38615
5,4459,44590000,44590100,90,225,44600000,38623
5,446,4460000,4460100,90,225,4470000,3864
5,4460,44600000,44600100,90,225,44610000,38633
5,4461,44610000,44610100,90,225,44620000,38641
5,4462,44620000,44620100,90,225,44630000,38650
5,4463,44630000,44630100,90,225,44640000,38656
5,4464,44640000,44640100,90,225,44650000,38668
5,4465,44650000,44650100,90,225,44660000,38675
5,4466,44660000,44660100,90,225,44670000,38685
5,4467,44670000,44670100,90,225,44680000,38693
5,4468,44680000,44680100,90,225,44690000,38701
5,4469,44690000,44690100,90,225,44700000,38709
5,447,4470000,4470100,90,225,4480000,3872
5,4470,44700000,44700100,90,225,44710000,38720
5,4471,44710000,44710100,90,225,44720000,38727
5,4472,44720000,44720100,90,225,44730000,38736
5,4473,44730000,44730100,90,225,44740000,38746
5,4474,44740000,44740100,90,225,44750000,38753
5,4475,44750000,44750100,90,225,44760000,38760
5,4476,44760000,44760100,90,225,44770000,38773
5,4477,44770000,44770100,90,225,44780000,38780
5,4478,44780000,44780100,90,225,44790000,38787
5,4479,44790000,44790100,90,225,44800000,38795
5,448,4480000,4480100,90,225,4490000,3883
5,4480,44800000,44800100,90,225,44810000,38807
5,4481,44810000,44810100,90,225,44820000,38813
5,4482,44820000,44820100,90,225,44830000,38824
5,4483,44830000,44830100,90,225,44840000,38832
5,4484,44840000,44840100,90,225,44850000,38840
5,4485,44850000,44850100,90,225,44860000,38849
5,4486,44860000,44860100,90,225,44870000,38856
5,4487,44870000,44870100,90,225,44880000,38864
5,4488,44880000,44880100,90,225,44890000,38877
5,4489,44890000,44890100,90,225,44900000,38883
5,449,4490000,4490100,90,225,4500000,3889
5,4490,44900000,44900100,90,225,44910000,38893
5,4491,44910000,44910100,90,225,44920000,38901
5,4492,44920000,44920100,90,225,44930000,38909
5,4493,44930000,44930100,90,225,44940000,38916
5,4494,44940000,44940100,90,225,44950000,38928
5,4495,44950000,44950100,90,225,44960000,38935
5,4496,44960000,44960100,90,225,44970000,38944
5,4497,44970000,44970100,90,225,44980000,38954
5,4498,44980000,44980100,90,225,44990000,38961
5,4499,44990000,44990100,90,225,45000000,38968
5,45,450000,450100,90,225,460000,393
5,450,4500000,4500100,90,225,4510000,3900
5,4500,45000000,45000100,90,225,45010000,38980
5,4501,45010000,45010100,90,225,45020000,38988
5,4502,45020000,45020100,90,225,45030000,38995
5,4503,45030000,45030100,90,225,45040000,39003
5,4504,45040000,45040100,90,225,45050000,39015
5,4505,45050000,45050100,90,225,45060000,39022
5,4506,45060000,45060100,90,225,45070000,39032
5,4507,45070000,45070100,90,225,45080000,39038
5,4508,45080000,45080100,90,225,45090000,39048
5,4509,45090000,45090100,90,225,45100000,39056
5,451,4510000,4510100,90,225,4520000,3909
5,4510,45100000,45100100,90,225,45110000,39065
5,4511,45110000,45110100,90,225,45120000,39073
5,4512,45120000,45120100,90,225,45130000,39085
5,4513,45130000,45130100,90,225,45140000,39091
5,4514,45140000,45140100,90,225,45150000,39098
5,4515,45150000,45150100,90,225,45160000,39110
5,4516,45160000,45160100,90,225,45170000,39118
5,4517,45170000,45170100,90,225,45180000,39124
5,4518,45180000,45180100,90,225,45190000,39136
5,4519,45190000,45190100,90,225,45200000,39142
5,452,4520000,4520100,90,225,4530000,3917
5,4520,45200000,45200100,90,225,45210000,39152
5,4521,45210000,45210100,90,225,45220000,39161
5,4522,45220000,45220100,90,225,45230000,39170
5,4523,45230000,45230100,90,225,45240000,39176
5,4524,45240000,45240100,90,225,45250000,39187
5,4525,45250000,45250100,90,225,45260000,39196
5,4526,45260000,45260100,90,225,45270000,39204
5,4527,45270000,45270100,90,225,45280000,39212
5,4528,45280000,45280100,90,225,45290000,39221
5,4529,45290000,45290100,90,225,45300000,39229
5,453,4530000,4530100,90,225,4540000,3925
5,4530,45300000,45300100,90,225,45310000,39240
5,4531,45310000,45310100,90,225,45320000,39246
5,4532,45320000,45320100,90,225,45330000,39257
5,4533,45330000,45330100,90,225,45340000,39265
5,4534,45340000,45340100,90,225,45350000,39272
5,4535,45350000,45350100,90,225,45360000,39279
5,4536,45360000,45360100,90,225,45370000,39293
5,4537,45370000,45370100,90,225,45380000,39300
5,4538,45380000,45380100,90,225,45390000,39307
5,4539,45390000,45390100,90,225,45400000,39317
5,454,4540000,4540100,90,225,4550000,3932
5,4540,45400000,45400100,90,225,45410000,39326
5,4541,45410000,45410100,90,225,45420000,39332
5,4542,45420000,45420100,90,225,45430000,39342
5,4543,45430000,45430100,90,225,45440000,39351
5,4544,45440000,45440100,90,225,45450000,39360
5,4545,45450000,45450100,90,225,45460000,39369
5,4546,45460000,45460100,90,225,45470000,39378
5,4547,45470000,45470100,90,225,45480000,39384
5,4548,45480000,45480100,90,225,45490000,39396
5,4549,45490000,45490100,90,225,45500000,39402
5,455,4550000,4550100,90,225,4560000,3941
5,4550,45500000,45500100,90,225,45510000,39412
5,4551,45510000,45510100,90,225,45520000,39420
5,4552,45520000,45520100,90,225,45530000,39429
5,4553,45530000,45530100,90,225,45540000,39437
5,4554,45540000,45540100,90,225,45550000,39448
5,4555,45550000,45550100,90,225,45560000,39455
5,4556,45560000,45560100,90,225,45570000,39463
5,4557,45570000,45570100,90,225,45580000,39473
5,4558,45580000,45580100,90,225,45590000,39480
5,4559,45590000,45590100,90,225,45600000,39487
5,456,4560000,4560100,90,225,4570000,3954
5,4560,45600000,45600100,90,225,45610000,39502
5,4561,45610000,45610100,90,225,45620000,39508
5,4562,45620000,45620100,90,225,45630000,39515
5,4563,45630000,45630100,90,225,45640000,39523
5,4564,45640000,45640100,90,225,45650000,39533
5,4565,45650000,45650100,90,225,45660000,39541
5,4566,45660000,45660100,90,225,45670000,39551
5,4567,45670000,45670100,90,225,45680000,39559
5,4568,45680000,45680100,90,225,45690000,39568
5,4569,45690000,45690100,90,225,45700000,39576
5,457,4570000,4570100,90,225,4580000,3960
5,4570,45700000,45700100,90,225,45710000,39585
5,4571,45710000,45710100,90,225,45720000,39593
5,4572,45720000,45720100,90,225,45730000,39604
5,4573,45730000,45730100,90,225,45740000,39610
5,4574,45740000,45740100,90,225,45750000,39619
5,4575,45750000,45750100,90,225,45760000,39628
5,4576,45760000,45760100,90,225,45770000,39638
5,4577,45770000,45770100,90,225,45780000,39644
5,4578,45780000,45780100,90,225,45790000,39656
5,4579,45790000,45790100,90,225,45800000,39662
5,458,4580000,4580100,90,225,4590000,3969
5,4580,45800000,45800100,90,225,45810000,39671
5,4581,45810000,45810100,90,225,45820000,39682
5,4582,45820000,45820100,90,225,45830000,39689
5,4583,45830000,45830100,90,225,45840000,39695
5,4584,45840000,45840100,90,225,45850000,39707
5,4585,45850000,45850100,90,225,45860000,39716
5,4586,45860000,45860100,90,225,45870000,39723
5,4587,45870000,45870100,90,225,45880000,39732
5,4588,45880000,45880100,90,225,45890000,39742
5,4589,45890000,45890100,90,225,45900000,39748
5,459,4590000,4590100,90,225,4600000,3977
5,4590,45900000,45900100,90,225,45910000,39759
5,4591,45910000,45910100,90,225,45920000,39765
5,4592,45920000,45920100,90,225,45930000,39777
5,4593,45930000,45930100,90,225,45940000,39785
5,4594,45940000,45940100,90,225,45950000,39792
5,4595,45950000,45950100,90,225,45960000,39801
5,4596,45960000,45960100,90,225,45970000,39812
5,4597,45970000,45970100,90,225,45980000,39818
5,4598,45980000,45980100,90,225,45990000,39826
5,4599,45990000,45990100,90,225,46000000,39836
5,46,460000,460100,90,225,470000,400
5,460,4600000,4600100,90,225,4610000,3986
5,4600,46000000,46000100,90,225,46010000,39846
5,4601,46010000,46010100,90,225,46020000,39852
5,4602,46020000,46020100,90,225,46030000,39864
5,4603,46030000,46030100,90,225,46040000,39871
5,4604,46040000,46040100,90,225,46050000,39879
5,4605,46050000,46050100,90,225,46060000,39888
5,4606,46060000,46060100,90,225,46070000,39897
5,4607,46070000,46070100,90,225,46080000,39903
5,4608,46080000,46080100,90,225,46090000,39915
5,4609,46090000,46090100,90,225,46100000,39924
5,461,4610000,4610100,90,225,4620000,3992
5,4610,46100000,46100100,90,225,46110000,39932
5,4611,46110000,46110100,90,225,46120000,39940
5,4612,46120000,46120100,90,225,46130000,39948
5,4613,46130000,46130100,90,225,46140000,39956
5,4614,46140000,46140100,90,225,46150000,39967
5,4615,46150000,46150100,90,225,46160000,39974
5,4616,46160000,46160100,90,225,46170000,39985
5,4617,46170000,46170100,90,225,46180000,39993
5,4618,46180000,46180100,90,225,46190000,40000
5,4619,46190000,46190100,90,225,46200000,40006
5,462,4620000,4620100,90,225,4630000,4005
5,4620,46200000,46200100,90,225,46210000,40021
5,4621,46210000,46210100,90,225,46220000,40027
5,4622,46220000,46220100,90,225,46230000,40034
5,4623,46230000,46230100,90,225,46240000,40044
5,4624,46240000,46240100,90,225,46250000,40053
5,4625,46250000,46250100,90,225,46260000,40061
5,4626,46260000,46260100,90,225,46270000,40071
5,4627,46270000,46270100,90,225,46280000,40079
5,4628,46280000,46280100,90,225,46290000,40087
5,4629,46290000,46290100,90,225,46300000,40095
5,463,4630000,4630100,90,225,4640000,4011
5,4630,46300000,46300100,90,225,46310000,40105
5,4631,46310000,46310100,90,225,46320000,40112
5,4632,46320000,46320100,90,225,46330000,40124
5,4633,46330000,46330100,90,225,46340000,40130
5,4634,46340000,46340100,90,225,46350000,40139
5,4635,46350000,46350100,90,225,46360000,40148
5,4636,46360000,46360100,90,225,46370000,40157
5,4637,46370000,46370100,90,225,46380000,40165
5,4638,46380000,46380100,90,225,46390000,40175
5,4639,46390000,46390100,90,225,46400000,40181
5,464,4640000,4640100,90,225,4650000,4020
5,4640,46400000,46400100,90,225,46410000,40191
5,4641,46410000,46410100,90,225,46420000,40201
5,4642,46420000,46420100,90,225,46430000,40209
5,4643,46430000,46430100,90,225,46440000,40215
5,4644,46440000,46440100,90,225,46450000,40228
5,4645,46450000,46450100,90,225,46460000,40235
5,4646,46460000,46460100,90,225,46470000,40242
5,4647,46470000,46470100,90,225,46480000,40251
5,4648,46480000,46480100,90,225,46490000,40262
5,4649,46490000,46490100,90,225,46500000,40268
5,465,4650000,4650100,90,225,4660000,4031
5,4650,46500000,46500100,90,225,46510000,40279
5,4651,46510000,46510100,90,225,46520000,40287
5,4652,46520000,46520100,90,225,46530000,40295
5,4653,46530000,46530100,90,225,46540000,40304
5,4654,46540000,46540100,90,225,46550000,40311
5,4655,46550000,46550100,90,225,46560000,40320
5,4656,46560000,46560100,90,225,46570000,40332
5,4657,46570000,46570100,90,225,46580000,40338
5,4658,46580000,46580100,90,225,46590000,40348
5,4659,46590000,46590100,90,225,46600000,40356
5,466,4660000,4660100,90,225,4670000,4038
5,4660,46600000,46600100,90,225,46610000,40365
5,4661,46610000,46610100,90,225,46620000,40371
5,4662,46620000,46620100,90,225,46630000,40383
5,4663,46630000,46630100,90,225,46640000,40389
5,4664,46640000,46640100,90,225,46650000,40399
5,4665,46650000,46650100,90,225,46660000,40410
5,4666,46660000,46660100,90,225,46670000,40417
5,4667,46670000,46670100,90,225,46680000,40423
5,4668,46680000,46680100,90,225,46690000,40434
5,4669,46690000,46690100,90,225,46700000,40443
5,467,4670000,4670100,90,225,4680000,4045
5,4670,46700000,46700100,90,225,46710000,40451
5,4671,46710000,46710100,90,225,46720000,40459
5,4672,46720000,46720100,90,225,46730000,40470
5,4673,46730000,46730100,90,225,46740000,40476
5,4674,46740000,46740100,90,225,46750000,40486
5,4675,46750000,46750100,90,225,46760000,40494
5,4676,46760000,46760100,90,225,46770000,40504
5,4677,46770000,46770100,90,225,46780000,40512
5,4678,46780000,46780100,90,225,46790000,40519
5,4679,46790000,46790100,90,225,46800000,40527
5,468,4680000,4680100,90,225,4690000,4056
5,4680,46800000,46800100,90,225,46810000,40541
5,4681,46810000,46810100,90,225,46820000,40547
5,4682,46820000,46820100,90,225,46830000,40554
5,4683,46830000,46830100,90,225,46840000,40564
5,4684,46840000,46840100,90,225,46850000,40572
5,4685,46850000,46850100,90,225,46860000,40579
5,4686,46860000,46860100,90,225,46870000,40592
5,4687,46870000,46870100,90,225,46880000,40598
5,4688,46880000,46880100,90,225,46890000,40607
5,4689,46890000,46890100,90,225,46900000,40615
5,469,4690000,4690100,90,225,4700000,4064
5,4690,46900000,46900100,90,225,46910000,40625
5,4691,46910000,46910100,90,225,46920000,40632
5,4692,46920000,46920100,90,225,46930000,40643
5,4693,46930000,46930100,90,225,46940000,40651
5,4694,46940000,46940100,90,225,46950000,40658
5,4695,46950000,46950100,90,225,46960000,40667
5,4696,46960000,46960100,90,225,46970000,40676
5,4697,46970000,46970100,90,225,46980000,40685
5,4698,46980000,46980100,90,225,46990000,40695
5,4699,46990000,46990100,90,225,47000000,40701
5,47,470000,470100,90,225,480000,406
5,470,4700000,4700100,90,225,4710000,4072
5,4700,47000000,47000100,90,225,47010000,40712
5,4701,47010000,47010100,90,225,47020000,40720
5,4702,47020000,47020100,90,225,47030000,40728
5,4703,47030000,47030100,90,225,47040000,40734
5,4704,47040000,47040100,90,225,47050000,40748
5,4705,47050000,47050100,90,225,47060000,40755
5,4706,47060000,47060100,90,225,47070000,40762
5,4707,47070000,47070100,90,225,47080000,40772
5,4708,47080000,47080100,90,225,47090000,40781
5,4709,47090000,47090100,90,225,47100000,40787
5,471,4710000,4710100,90,225,4720000,4080
5,4710,47100000,47100100,90,225,47110000,40798
5,4711,47110000,47110100,90,225,47120000,40806
5,4712,47120000,47120100,90,225,47130000,40815
5,4713,47130000,47130100,90,225,47140000,40824
5,4714,47140000,47140100,90,225,47150000,40833
5,4715,47150000,47150100,90,225,47160000,40840
5,4716,47160000,47160100,90,225,47170000,40851
5,4717,47170000,47170100,90,225,47180000,40857
5,4718,47180000,47180100,90,225,47190000,40866
5,4719,47190000,47190100,90,225,47200000,40875
5,472,4720000,4720100,90,225,4730000,4091
5,4720,47200000,47200100,90,225,47210000,40885
5,4721,47210000,47210100,90,225,47220000,40893
5,4722,47220000,47220100,90,225,47230000,40903
5,4723,47230000,47230100,90,225,47240000,40909
5,4724,47240000,47240100,90,225,47250000,40918
5,4725,47250000,47250100,90,225,47260000,40929
5,4726,47260000,47260100,90,225,47270000,40936
5,4727,47270000,47270100,90,225,47280000,40942
5,4728,47280000,47280100,90,225,47290000,40956
5,4729,47290000,47290100,90,225,47300000,40962
5,473,4730000,4730100,90,225,4740000,4098
5,4730,47300000,47300100,90,225,47310000,40971
5,4731,47310000,47310100,90,225,47320000,40979
5,4732,47320000,47320100,90,225,47330000,40989
5,4733,47330000,47330100,90,225,47340000,40995
5,4734,47340000,47340100,90,225,47350000,41005
5,4735,47350000,47350100,90,225,47360000,41015
5,4736,47360000,47360100,90,225,47370000,41024
5,4737,47370000,47370100,90,225,47380000,41032
5,4738,47380000,47380100,90,225,47390000,41039
5,4739,47390000,47390100,90,225,47400000,41047
5,474,4740000,4740100,90,225,4750000,4108
5,4740,47400000,47400100,90,225,47410000,41059
5,4741,47410000,47410100,90,225,47420000,41066
5,4742,47420000,47420100,90,225,47430000,41075
5,4743,47430000,47430100,90,225,47440000,41083
5,4744,47440000,47440100,90,225,47450000,41092
5,4745,47450000,47450100,90,225,47460000,41099
5,4746,47460000,47460100,90,225,47470000,41112
5,4747,47470000,47470100,90,225,47480000,41118
5,4748,47480000,47480100,90,225,47490000,41126
5,4749,47490000,47490100,90,225,47500000,41136
5,475,4750000,4750100,90,225,4760000,4115
5,4750,47500000,47500100,90,225,47510000,41144
5,4751,47510000,47510100,90,225,47520000,41150
5,4752,47520000,47520100,90,225,47530000,41163
5,4753,47530000,47530100,90,225,47540000,41171
5,4754,47540000,47540100,90,225,47550000,41178
5,4755,47550000,47550100,90,225,47560000,41187
5,4756,47560000,47560100,90,225,47570000,41197
5,4757,47570000,47570100,90,225,47580000,41204
5,4758,47580000,47580100,90,225,47590000,41214
5,4759,47590000,47590100,90,225,47600000,41220
5,476,4760000,4760100,90,225,4770000,4125
5,4760,47600000,47600100,90,225,47610000,41232
5,4761,47610000,47610100,90,225,47620000,41240
5,4762,47620000,47620100,90,225,47630000,41247
5,4763,47630000,47630100,90,225,47640000,41256
5,4764,47640000,47640100,90,225,47650000,41267
5,4765,47650000,47650100,90,225,47660000,41274
5,4766,47660000,47660100,90,225,47670000,41281
5,4767,47670000,47670100,90,225,47680000,41291
5,4768,47680000,47680100,90,225,47690000,41301
5,4769,47690000,47690100,90,225,47700000,41307
5,477,4770000,4770100,90,225,4780000,4133
5,4770,47700000,47700100,90,225,47710000,41320
5,4771,47710000,47710100,90,225,47720000,41326
5,4772,47720000,47720100,90,225,47730000,41334
5,4773,47730000,47730100,90,225,47740000,41342
5,4774,47740000,47740100,90,225,47750000,41352
5,4775,47750000,47750100,90,225,47760000,41359
5,4776,47760000,47760100,90,225,47770000,41371
5,4777,47770000,47770100,90,225,47780000,41379
5,4778,47780000,47780100,90,225,47790000,41386
5,4779,47790000,47790100,90,225,47800000,41395
5,478,4780000,4780100,90,225,4790000,4141
5,4780,47800000,47800100,90,225,47810000,41404
5,4781,47810000,47810100,90,225,47820000,41412
5,4782,47820000,47820100,90,225,47830000,41422
5,4783,47830000,47830100,90,225,47840000,41428
5,4784,47840000,47840100,90,225,47850000,41439
5,4785,47850000,47850100,90,225,47860000,41449
5,4786,47860000,47860100,90,225,47870000,41456
5,4787,47870000,47870100,90,225,47880000,41462
5,4788,47880000,47880100,90,225,47890000,41475
5,4789,47890000,47890100,90,225,47900000,41481
5,479,4790000,4790100,90,225,4800000,4149
5,4790,47900000,47900100,90,225,47910000,41490
5,4791,47910000,47910100,90,225,47920000,41500
5,4792,47920000,47920100,90,225,47930000,41509
5,4793,47930000,47930100,90,225,47940000,41515
5,4794,47940000,47940100,90,225,47950000,41525
5,4795,47950000,47950100,90,225,47960000,41534
5,4796,47960000,47960100,90,225,47970000,41543
5,4797,47970000,47970100,90,225,47980000,41551
5,4798,47980000,47980100,90,225,47990000,41560
5,4799,47990000,47990100,90,225,48000000,41566
5,48,480000,480100,90,225,490000,418
5,480,4800000,4800100,90,225,4810000,4162
5,4800,48000000,48000100,90,225,48010000,41579
5,4801,48010000,48010100,90,225,48020000,41586
5,4802,48020000,48020100,90,225,48030000,41595
5,4803,48030000,48030100,90,225,48040000,41603
5,4804,48040000,48040100,90,225,48050000,41611
5,4805,48050000,48050100,90,225,48060000,41620
5,4806,48060000,48060100,90,225,48070000,41630
5,4807,48070000,48070100,90,225,48080000,41637
5,4808,48080000,48080100,90,225,48090000,41646
5,4809,48090000,48090100,90,225,48100000,41656
5,481,4810000,4810100,90,225,4820000,4168
5,4810,48100000,48100100,90,225,48110000,41664
5,4811,48110000,48110100,90,225,48120000,41670
5,4812,48120000,48120100,90,225,48130000,41684
5,4813,48130000,48130100,90,225,48140000,41690
5,4814,48140000,48140100,90,225,48150000,41697
5,4815,48150000,48150100,90,225,48160000,41706
5,4816,48160000,48160100,90,225,48170000,41717
5,4817,48170000,48170100,90,225,48180000,41723
5,4818,48180000,48180100,90,225,48190000,41734
5,4819,48190000,48190100,90,225,48200000,41742
5,482,4820000,4820100,90,225,4830000,4175
5,4820,48200000,48200100,90,225,48210000,41751
5,4821,48210000,48210100,90,225,48220000,41759
5,4822,48220000,48220100,90,225,48230000,41766
5,4823,48230000,48230100,90,225,48240000,41775
5,4824,48240000,48240100,90,225,48250000,41787
5,4825,48250000,48250100,90,225,48260000,41794
5,4826,48260000,48260100,90,225,48270000,41803
5,4827,48270000,48270100,90,225,48280000,41811
5,4828,48280000,48280100,90,225,48290000,41819
5,4829,48290000,48290100,90,225,48300000,41826
5,483,4830000,4830100,90,225,4840000,4185
5,4830,48300000,48300100,90,225,48310000,41839
5,4831,48310000,48310100,90,225,48320000,41845
5,4832,48320000,48320100,90,225,48330000,41854
5,4833,48330000,48330100,90,225,48340000,41864
5,4834,48340000,48340100,90,225,48350000,41872
5,4835,48350000,48350100,90,225,48360000,41879
5,4836,48360000,48360100,90,225,48370000,41890
5,4837,48370000,48370100,90,225,48380000,41898
5,4838,48380000,48380100,90,225,48390000,41905
5,4839,48390000,48390100,90,225,48400000,41913
5,484,4840000,4840100,90,225,4850000,4194
5,4840,48400000,48400100,90,225,48410000,41926
5,4841,48410000,48410100,90,225,48420000,41932
5,4842,48420000,48420100,90,225,48430000,41942
5,4843,48430000,48430100,90,225,48440000,41948
5,4844,48440000,48440100,90,225,48450000,41958
5,4845,48450000,48450100,90,225,48460000,41968
5,4846,48460000,48460100,90,225,48470000,41975
5,4847,48470000,48470100,90,225,48480000,41983
5,4848,48480000,48480100,90,225,48490000,41995
5,4849,48490000,48490100,90,225,48500000,42001
5,485,4850000,4850100,90,225,4860000,4201
5,4850,48500000,48500100,90,225,48510000,42009
5,4851,48510000,48510100,90,225,48520000,42020
5,4852,48520000,48520100,90,225,48530000,42028
5,4853,48530000,48530100,90,225,48540000,42034
5,4854,48540000,48540100,90,225,48550000,42046
5,4855,48550000,48550100,90,225,48560000,42053
5,4856,48560000,48560100,90,225,48570000,42063
5,4857,48570000,48570100,90,225,48580000,42071
5,4858,48580000,48580100,90,225,48590000,42080
5,4859,48590000,48590100,90,225,48600000,42086
5,486,4860000,4860100,90,225,4870000,4213
5,4860,48600000,48600100,90,225,48610000,42098
5,4861,48610000,48610100,90,225,48620000,42106
5,4862,48620000,48620100,90,225,48630000,42114
5,4863,48630000,48630100,90,225,48640000,42122
5,4864,48640000,48640100,90,225,48650000,42131
5,4865,48650000,48650100,90,225,48660000,42140
5,4866,48660000,48660100,90,225,48670000,42150
5,4867,48670000,48670100,90,225,48680000,42157
5,4868,48680000,48680100,90,225,48690000,42167
5,4869,48690000,48690100,90,225,48700000,42175
5,487,4870000,4870100,90,225,4880000,4219
5,4870,48700000,48700100,90,225,48710000,42183
5,4871,48710000,48710100,90,225,48720000,42189
5,4872,48720000,48720100,90,225,48730000,42203
5,4873,48730000,48730100,90,225,48740000,42210
5,4874,48740000,48740100,90,225,48750000,42217
5,4875,48750000,48750100,90,225,48760000,42228
5,4876,48760000,48760100,90,225,48770000,42236
5,4877,48770000,48770100,90,225,48780000,42242
5,4878,48780000,48780100,90,225,48790000,42253
5,4879,48790000,48790100,90,225,48800000,42261
5,488,4880000,4880100,90,225,4890000,4228
5,4880,48800000,48800100,90,225,48810000,42271
5,4881,48810000,48810100,90,225,48820000,42279
5,4882,48820000,48820100,90,225,48830000,42288
5,4883,48830000,48830100,90,225,48840000,42294
5,4884,48840000,48840100,90,225,48850000,42306
5,4885,48850000,48850100,90,225,48860000,42313
5,4886,48860000,48860100,90,225,48870000,42322
5,4887,48870000,48870100,90,225,48880000,42330
5,4888,48880000,48880100,90,225,48890000,42339
5,4889,48890000,48890100,90,225,48900000,42348
5,489,4890000,4890100,90,225,4900000,4237
5,4890,48900000,48900100,90,225,48910000,42359
5,4891,48910000,48910100,90,225,48920000,42365
5,4892,48920000,48920100,90,225,48930000,42373
5,4893,48930000,48930100,90,225,48940000,42383
5,4894,48940000,48940100,90,225,48950000,42390
5,4895,48950000,48950100,90,225,48960000,42398
5,4896,48960000,48960100,90,225,48970000,42412
5,4897,48970000,48970100,90,225,48980000,42418
5,4898,48980000,48980100,90,225,48990000,42425
5,4899,48990000,48990100,90,225,49000000,42433
5,49,490000,490100,90,225,500000,427
5,490,4900000,4900100,90,225,4910000,4247
5,4900,49000000,49000100,90,225,49010000,42445
5,4901,49010000,49010100,90,225,49020000,42451
5,4902,49020000,49020100,90,225,49030000,42461
5,4903,49030000,49030100,90,225,49040000,42469
5,4904,49040000,49040100,90,225,49050000,42478
5,4905,49050000,49050100,90,225,49060000,42487
5,4906,49060000,49060100,90,225,49070000,42495
5,4907,49070000,49070100,90,225,49080000,42503
5,4908,49080000,49080100,90,225,49090000,42514
5,4909,49090000,49090100,90,225,49100000,42520
5,491,4910000,4910100,90,225,4920000,4253
5,4910,49100000,49100100,90,225,49110000,42530
5,4911,49110000,49110100,90,225,49120000,42539
5,4912,49120000,49120100,90,225,49130000,42548
5,4913,49130000,49130100,90,225,49140000,42554
5,4914,49140000,49140100,90,225,49150000,42566
5,4915,49150000,49150100,90,225,49160000,42573
5,4916,49160000,49160100,90,225,49170000,42581
5,4917,49170000,49170100,90,225,49180000,42592
5,4918,49180000,49180100,90,225,49190000,42599
5,4919,49190000,49190100,90,225,49200000,42605
5,492,4920000,4920100,90,225,4930000,4264
5,4920,49200000,49200100,90,225,49210000,42618
5,4921,49210000,49210100,90,225,49220000,42626
5,4922,49220000,49220100,90,225,49230000,42634
5,4923,49230000,49230100,90,225,49240000,42642
5,4924,49240000,49240100,90,225,49250000,42652
5,4925,49250000,49250100,90,225,49260000,42659
5,4926,49260000,49260100,90,225,49270000,42669
5,4927,49270000,49270100,90,225,49280000,42675
5,4928,49280000,49280100,90,225,49290000,42687
5,4929,49290000,49290100,90,225,49300000,42695
5,493,4930000,4930100,90,225,4940000,4272
5,4930,49300000,49300100,90,225,49310000,42703
5,4931,49310000,49310100,90,225,49320000,42711
5,4932,49320000,49320100,90,225,49330000,42722
5,4933,49330000,49330100,90,225,49340000,42729
5,4934,49340000,49340100,90,225,49350000,42736
5,4935,49350000,49350100,90,225,49360000,42747
5,4936,49360000,49360100,90,225,49370000,42756
5,4937,49370000,49370100,90,225,49380000,42762
5,4938,49380000,49380100,90,225,49390000,42774
5,4939,49390000,49390100,90,225,49400000,42781
5,494,4940000,4940100,90,225,4950000,4279
5,4940,49400000,49400100,90,225,49410000,42790
5,4941,49410000,49410100,90,225,49420000,42798
5,4942,49420000,49420100,90,225,49430000,42807
5,4943,49430000,49430100,90,225,49440000,42813
5,4944,49440000,49440100,90,225,49450000,42826
5,4945,49450000,49450100,90,225,49460000,42835
5,4946,49460000,49460100,90,225,49470000,42842
5,4947,49470000,49470100,90,225,49480000,42850
5,4948,49480000,49480100,90,225,49490000,42858
5,4949,49490000,49490100,90,225,49500000,42866
5,495,4950000,4950100,90,225,4960000,4289
5,4950,49500000,49500100,90,225,49510000,42878
5,4951,49510000,49510100,90,225,49520000,42884
5,4952,49520000,49520100,90,225,49530000,42895
5,4953,49530000,49530100,90,225,49540000,42903
5,4954,49540000,49540100,90,225,49550000,42910
5,4955,49550000,49550100,90,225,49560000,42918
5,4956,49560000,49560100,90,225,49570000,42931
5,4957,49570000,49570100,90,225,49580000,42937
5,4958,49580000,49580100,90,225,49590000,42944
5,4959,49590000,49590100,90,225,49600000,42954
5,496,4960000,4960100,90,225,4970000,4298
5,4960,49600000,49600100,90,225,49610000,42964
5,4961,49610000,49610100,90,225,49620000,42971
5,4962,49620000,49620100,90,225,49630000,42981
5,4963,49630000,49630100,90,225,49640000,42989
5,4964,49640000,49640100,90,225,49650000,42997
5,4965,49650000,49650100,90,225,49660000,43006
5,4966,49660000,49660100,90,225,49670000,43016
5,4967,49670000,49670100,90,225,49680000,43022
5,4968,49680000,49680100,90,225,49690000,43034
5,4969,49690000,49690100,90,225,49700000,43040
5,497,4970000,4970100,90,225,4980000,4306
5,4970,49700000,49700100,90,225,49710000,43050
5,4971,49710000,49710100,90,225,49720000,43058
5,4972,49720000,49720100,90,225,49730000,43067
5,4973,49730000,49730100,90,225,49740000,43075
5,4974,49740000,49740100,90,225,49750000,43085
5,4975,49750000,49750100,90,225,49760000,43092
5,4976,49760000,49760100,90,225,49770000,43101
5,4977,49770000,49770100,90,225,49780000,43112
5,4978,49780000,49780100,90,225,49790000,43119
5,4979,49790000,49790100,90,225,49800000,43125
5,498,4980000,4980100,90,225,4990000,4316
5,4980,49800000,49800100,90,225,49810000,43139
5,4981,49810000,49810100,90,225,49820000,43145
5,4982,49820000,49820100,90,225,49830000,43152
5,4983,49830000,49830100,90,225,49840000,43161
5,4984,49840000,49840100,90,225,49850000,43172
5,4985,49850000,49850100,90,225,49860000,43179
5,4986,49860000,49860100,90,225,49870000,43189
5,4987,49870000,49870100,90,225,49880000,43197
5,4988,49880000,49880100,90,225,49890000,43206
5,4989,49890000,49890100,90,225,49900000,43214
5,499,4990000,4990100,90,225,5000000,4322
5,4990,49900000,49900100,90,225,49910000,43222
5,4991,49910000,49910100,90,225,49920000,43230
5,4992,49920000,49920100,90,225,49930000,43242
5,4993,49930000,49930100,90,225,49940000,43248
5,4994,49940000,49940100,90,225,49950000,43258
5,4995,49950000,49950100,90,225,49960000,43267
5,4996,49960000,49960100,90,225,49970000,43275
5,4997,49970000,49970100,90,225,49980000,43281
5,4998,49980000,49980100,90,225,49990000,43293
5,4999,49990000,49990100,90,225,50000000,43300
5,5,50000,50100,90,225,60000,44
5,50,500000,500100,90,225,510000,435
5,500,5000000,5000100,90,225,5010000,4334
5,5000,50000000,50000100,90,225,50010000,43310
5,5001,50010000,50010100,90,225,50020000,43320
5,5002,50020000,50020100,90,225,50030000,43327
5,5003,50030000,50030100,90,225,50040000,43333
5,5004,50040000,50040100,90,225,50050000,43344
5,5005,50050000,50050100,90,225,50060000,43354
5,5006,50060000,50060100,90,225,50070000,43361
5,5007,50070000,50070100,90,225,50080000,43369
5,5008,50080000,50080100,90,225,50090000,43380
5,5009,50090000,50090100,90,225,50100000,43386
5,501,5010000,5010100,90,225,5020000,4342
5,5010,50100000,50100100,90,225,50110000,43398
5,5011,50110000,50110100,90,225,50120000,43404
5,5012,50120000,50120100,90,225,50130000,43414
5,5013,50130000,50130100,90,225,50140000,43422
5,5014,50140000,50140100,90,225,50150000,43429
5,5015,50150000,50150100,90,225,50160000,43438
5,5016,50160000,50160100,90,225,50170000,43451
5,5017,50170000,50170100,90,225,50180000,43457
5,5018,50180000,50180100,90,225,50190000,43464
5,5019,50190000,50190100,90,225,50200000,43474
5,502,5020000,5020100,90,225,5030000,4349
5,5020,50200000,50200100,90,225,50210000,43483
5,5021,50210000,50210100,90,225,50220000,43490
5,5022,50220000,50220100,90,225,50230000,43502
5,5023,50230000,50230100,90,225,50240000,43508
5,5024,50240000,50240100,90,225,50250000,43517
5,5025,50250000,50250100,90,225,50260000,43526
5,5026,50260000,50260100,90,225,50270000,43535
5,5027,50270000,50270100,90,225,50280000,43542
5,5028,50280000,50280100,90,225,50290000,43553
5,5029,50290000,50290100,90,225,50300000,43561
5,503,5030000,5030100,90,225,5040000,4355
5,5030,50300000,50300100,90,225,50310000,43569
5,5031,50310000,50310100,90,225,50320000,43577
5,5032,50320000,50320100,90,225,50330000,43587
5,5033,50330000,50330100,90,225,50340000,43595
5,5034,50340000,50340100,90,225,50350000,43605
5,5035,50350000,50350100,90,225,50360000,43612
5,5036,50360000,50360100,90,225,50370000,43622
5,5037,50370000,50370100,90,225,50380000,43630
5,5038,50380000,50380100,90,225,50390000,43638
5,5039,50390000,50390100,90,225,50400000,43644
5,504,5040000,5040100,90,225,5050000,4369
5,5040,50400000,50400100,90,225,50410000,43659
5,5041,50410000,50410100,90,225,50420000,43665
5,5042,50420000,50420100,90,225,50430000,43672
5,5043,50430000,50430100,90,225,50440000,43683
5,5044,50440000,50440100,90,225,50450000,43691
5,5045,50450000,50450100,90,225,50460000,43698
5,5046,50460000,50460100,90,225,50470000,43708
5,5047,50470000,50470100,90,225,50480000,43716
5,5048,50480000,50480100,90,225,50490000,43725
5,5049,50490000,50490100,90,225,50500000,43734
5,505,5050000,5050100,90,225,5060000,4376
5,5050,50500000,50500100,90,225,50510000,43744
5,5051,50510000,50510100,90,225,50520000,43750
5,5052,50520000,50520100,90,225,50530000,43761
5,5053,50530000,50530100,90,225,50540000,43767
5,5054,50540000,50540100,90,225,50550000,43777
5,5055,50550000,50550100,90,225,50560000,43786
5,5056,50560000,50560100,90,225,50570000,43795
5,5057,50570000,50570100,90,225,50580000,43803
5,5058,50580000,50580100,90,225,50590000,43813
5,5059,50590000,50590100,90,225,50600000,43819
5,506,5060000,5060100,90,225,5070000,4384
5,5060,50600000,50600100,90,225,50610000,43829
5,5061,50610000,50610100,90,225,50620000,43839
5,5062,50620000,50620100,90,225,50630000,43846
5,5063,50630000,50630100,90,225,50640000,43852
5,5064,50640000,50640100,90,225,50650000,43866
5,5065,50650000,50650100,90,225,50660000,43874
5,5066,50660000,50660100,90,225,50670000,43881
5,5067,50670000,50670100,90,225,50680000,43889
5,5068,50680000,50680100,90,225,50690000,43899
5,5069,50690000,50690100,90,225,50700000,43905
5,507,5070000,5070100,90,225,5080000,4394
5,5070,50700000,50700100,90,225,50710000,43916
5,5071,50710000,50710100,90,225,50720000,43925
5,5072,50720000,50720100,90,225,50730000,43934
5,5073,50730000,50730100,90,225,50740000,43942
5,5074,50740000,50740100,90,225,50750000,43949
5,5075,50750000,50750100,90,225,50760000,43958
5,5076,50760000,50760100,90,225,50770000,43970
5,5077,50770000,50770100,90,225,50780000,43976
5,5078,50780000,50780100,90,225,50790000,43985
5,5079,50790000,50790100,90,225,50800000,43993
5,508,5080000,5080100,90,225,5090000,4402
5,5080,50800000,50800100,90,225,50810000,44003
5,5081,50810000,50810100,90,225,50820000,44009
5,5082,50820000,50820100,90,225,50830000,44022
5,5083,50830000,50830100,90,225,50840000,44028
5,5084,50840000,50840100,90,225,50850000,44036
5,5085,50850000,50850100,90,225,50860000,44047
5,5086,50860000,50860100,90,225,50870000,44054
5,5087,50870000,50870100,90,225,50880000,44061
5,5088,50880000,50880100,90,225,50890000,44073
5,5089,50890000,50890100,90,225,50900000,44081
5,509,5090000,5090100,90,225,5100000,4408
5,5090,50900000,50900100,90,225,50910000,44089
5,5091,50910000,50910100,90,225,50920000,44097
5,5092,50920000,50920100,90,225,50930000,44107
5,5093,50930000,50930100,90,225,50940000,44114
5,5094,50940000,50940100,90,225,50950000,44124
5,5095,50950000,50950100,90,225,50960000,44131
5,5096,50960000,50960100,90,225,50970000,44142
5,5097,50970000,50970100,90,225,50980000,44150
5,5098,50980000,50980100,90,225,50990000,44158
5,5099,50990000,50990100,90,225,51000000,44166
5,51,510000,510100,90,225,520000,443
5,510,5100000,5100100,90,225,5110000,4419
5,5100,51000000,51000100,90,225,51010000,44178
5,5101,51010000,51010100,90,225,51020000,44184
5,5102,51020000,51020100,90,225,51030000,44191
5,5103,51030000,51030100,90,225,51040000,44201
5,5104,51040000,51040100,90,225,51050000,44211
5,5105,51050000,51050100,90,225,51060000,44218
5,5106,51060000,51060100,90,225,51070000,44230
5,5107,51070000,51070100,90,225,51080000,44236
5,5108,51080000,51080100,90,225,51090000,44244
5,5109,51090000,51090100,90,225,51100000,44253
5,511,5110000,5110100,90,225,5120000,4428
5,5110,51100000,51100100,90,225,51110000,44263
5,5111,51110000,51110100,90,225,51120000,44269
5,5112,51120000,51120100,90,225,51130000,44281
5,5113,51130000,51130100,90,225,51140000,44289
5,5114,51140000,51140100,90,225,51150000,44296
5,5115,51150000,51150100,90,225,51160000,44306
5,5116,51160000,51160100,90,225,51170000,44314
5,5117,51170000,51170100,90,225,51180000,44322
5,5118,51180000,51180100,90,225,51190000,44332
5,5119,51190000,51190100,90,225,51200000,44338
5,512,5120000,5120100,90,225,5130000,4437
5,5120,51200000,51200100,90,225,51210000,44351
5,5121,51210000,51210100,90,225,51220000,44359
5,5122,51220000,51220100,90,225,51230000,44366
5,5123,51230000,51230100,90,225,51240000,44372
5,5124,51240000,51240100,90,225,51250000,44385
5,5125,51250000,51250100,90,225,51260000,44392
5,5126,51260000,51260100,90,225,51270000,44400
5,5127,51270000,51270100,90,225,51280000,44410
5,5128,51280000,51280100,90,225,51290000,44419
5,5129,51290000,51290100,90,225,51300000,44425
5,513,5130000,5130100,90,225,5140000,4445
5,5130,51300000,51300100,90,225,51310000,44436
5,5131,51310000,51310100,90,225,51320000,44445
5,5132,51320000,51320100,90,225,51330000,44453
5,5133,51330000,51330100,90,225,51340000,44461
5,5134,51340000,51340100,90,225,51350000,44470
5,5135,51350000,51350100,90,225,51360000,44477
5,5136,51360000,51360100,90,225,51370000,44489
5,5137,51370000,51370100,90,225,51380000,44496
5,5138,51380000,51380100,90,225,51390000,44505
5,5139,51390000,51390100,90,225,51400000,44513
5,514,5140000,5140100,90,225,5150000,4454
5,5140,51400000,51400100,90,225,51410000,44522
5,5141,51410000,51410100,90,225,51420000,44530
5,5142,51420000,51420100,90,225,51430000,44541
5,5143,51430000,51430100,90,225,51440000,44547
5,5144,51440000,51440100,90,225,51450000,44556
5,5145,51450000,51450100,90,225,51460000,44567
5,5146,51460000,51460100,90,225,51470000,44574
5,5147,51470000,51470100,90,225,51480000,44580
5,5148,51480000,51480100,90,225,51490000,44594
5,5149,51490000,51490100,90,225,51500000,44600
5,515,5150000,5150100,90,225,5160000,4461
5,5150,51500000,51500100,90,225,51510000,44608
5,5151,51510000,51510100,90,225,51520000,44616
5,5152,51520000,51520100,90,225,51530000,44627
5,5153,51530000,51530100,90,225,51540000,44634
5,5154,51540000,51540100,90,225,51550000,44644
5,5155,51550000,51550100,90,225,51560000,44653
5,5156,51560000,51560100,90,225,51570000,44661
5,5157,51570000,51570100,90,225,51580000,44669
5,5158,51580000,51580100,90,225,51590000,44676
5,5159,51590000,51590100,90,225,51600000,44685
5,516,5160000,5160100,90,225,5170000,4472
5,5160,51600000,51600100,90,225,51610000,44698
5,5161,51610000,51610100,90,225,51620000,44704
5,5162,51620000,51620100,90,225,51630000,44713
5,5163,51630000,51630100,90,225,51640000,44721
5,5164,51640000,51640100,90,225,51650000,44730
5,5165,51650000,51650100,90,225,51660000,44737
5,5166,51660000,51660100,90,225,51670000,44749
5,5167,51670000,51670100,90,225,51680000,44755
5,5168,51680000,51680100,90,225,51690000,44764
5,5169,51690000,51690100,90,225,51700000,44774
5,517,5170000,5170100,90,225,5180000,4479
5,5170,51700000,51700100,90,225,51710000,44783
5,5171,51710000,51710100,90,225,51720000,44789
5,5172,51720000,51720100,90,225,51730000,44800
5,5173,51730000,51730100,90,225,51740000,44808
5,5174,51740000,51740100,90,225,51750000,44815
5,5175,51750000,51750100,90,225,51760000,44825
5,5176,51760000,51760100,90,225,51770000,44836
5,5177,51770000,51770100,90,225,51780000,44842
5,5178,51780000,51780100,90,225,51790000,44852
5,5179,51790000,51790100,90,225,51800000,44858
5,518,5180000,5180100,90,225,5190000,4488
5,5180,51800000,51800100,90,225,51810000,44869
5,5181,51810000,51810100,90,225,51820000,44878
5,5182,51820000,51820100,90,225,51830000,44885
5,5183,51830000,51830100,90,225,51840000,44893
5,5184,51840000,51840100,90,225,51850000,44905
5,5185,51850000,51850100,90,225,51860000,44912
5,5186,51860000,51860100,90,225,51870000,44920
5,5187,51870000,51870100,90,225,51880000,44930
5,5188,51880000,51880100,90,225,51890000,44938
5,5189,51890000,51890100,90,225,51900000,44944
5,519,5190000,5190100,90,225,5200000,4496
5,5190,51900000,51900100,90,225,51910000,44957
5,5191,51910000,51910100,90,225,51920000,44963
5,5192,51920000,51920100,90,225,51930000,44973
5,5193,51930000,51930100,90,225,51940000,44981
5,5194,51940000,51940100,90,225,51950000,44990
5,5195,51950000,51950100,90,225,51960000,44997
5,5196,51960000,51960100,90,225,51970000,45008
5,5197,51970000,51970100,90,225,51980000,45017
5,5198,51980000,51980100,90,225,51990000,45024
5,5199,51990000,51990100,90,225,52000000,45032
5,52,520000,520100,90,225,530000,453
5,520,5200000,5200100,90,225,5210000,4506
5,5200,52000000,52000100,90,225,52010000,45042
5,5201,52010000,52010100,90,225,52020000,45050
5,5202,52020000,52020100,90,225,52030000,45060
5,5203,52030000,52030100,90,225,52040000,45067
5,5204,52040000,52040100,90,225,52050000,45077
5,5205,52050000,52050100,90,225,52060000,45086
5,5206,52060000,52060100,90,225,52070000,45093
5,5207,52070000,52070100,90,225,52080000,45099
5,5208,52080000,52080100,90,225,52090000,45114
5,5209,52090000,52090100,90,225,52100000,45120
5,521,5210000,5210100,90,225,5220000,4514
5,5210,52100000,52100100,90,225,52110000,45128
5,5211,52110000,52110100,90,225,52120000,45138
5,5212,52120000,52120100,90,225,52130000,45146
5,5213,52130000,52130100,90,225,52140000,45152
5,5214,52140000,52140100,90,225,52150000,45163
5,5215,52150000,52150100,90,225,52160000,45172
5,5216,52160000,52160100,90,225,52170000,45181
5,5217,52170000,52170100,90,225,52180000,45189
5,5218,52180000,52180100,90,225,52190000,45198
5,5219,52190000,52190100,90,225,52200000,45205
5,522,5220000,5220100,90,225,5230000,4525
5,5220,52200000,52200100,90,225,52210000,45217
5,5221,52210000,52210100,90,225,52220000,45223
5,5222,52220000,52220100,90,225,52230000,45232
5,5223,52230000,52230100,90,225,52240000,45240
5,5224,52240000,52240100,90,225,52250000,45249
5,5225,52250000,52250100,90,225,52260000,45259
5,5226,52260000,52260100,90,225,52270000,45269
5,5227,52270000,52270100,90,225,52280000,45275
5,5228,52280000,52280100,90,225,52290000,45283
5,5229,52290000,52290100,90,225,52300000,45293
5,523,5230000,5230100,90,225,5240000,4531
5,5230,52300000,52300100,90,225,52310000,45302
5,5231,52310000,52310100,90,225,52320000,45308
5,5232,52320000,52320100,90,225,52330000,45322
5,5233,52330000,52330100,90,225,52340000,45328
5,5234,52340000,52340100,90,225,52350000,45335
5,5235,52350000,52350100,90,225,52360000,45344
5,5236,52360000,52360100,90,225,52370000,45355
5,5237,52370000,52370100,90,225,52380000,45361
5,5238,52380000,52380100,90,225,52390000,45371
5,5239,52390000,52390100,90,225,52400000,45379
5,524,5240000,5240100,90,225,5250000,4539
5,5240,52400000,52400100,90,225,52410000,45389
5,5241,52410000,52410100,90,225,52420000,45398
5,5242,52420000,52420100,90,225,52430000,45405
5,5243,52430000,52430100,90,225,52440000,45413
5,5244,52440000,52440100,90,225,52450000,45424
5,5245,52450000,52450100,90,225,52460000,45431
5,5246,52460000,52460100,90,225,52470000,45440
5,5247,52470000,52470100,90,225,52480000,45449
5,5248,52480000,52480100,90,225,52490000,45458
5,5249,52490000,52490100,90,225,52500000,45464
5,525,5250000,5250100,90,225,5260000,4550
5,5250,52500000,52500100,90,225,52510000,45477
5,5251,52510000,52510100,90,225,52520000,45483
5,5252,52520000,52520100,90,225,52530000,45492
5,5253,52530000,52530100,90,225,52540000,45502
5,5254,52540000,52540100,90,225,52550000,45509
5,5255,52550000,52550100,90,225,52560000,45516
5,5256,52560000,52560100,90,225,52570000,45528
5,5257,52570000,52570100,90,225,52580000,45536
5,5258,52580000,52580100,90,225,52590000,45544
5,5259,52590000,52590100,90,225,52600000,45552
5,526,5260000,5260100,90,225,5270000,4557
5,5260,52600000,52600100,90,225,52610000,45563
5,5261,52610000,52610100,90,225,52620000,45569
5,5262,52620000,52620100,90,225,52630000,45579
5,5263,52630000,52630100,90,225,52640000,45586
5,5264,52640000,52640100,90,225,52650000,45597
5,5265,52650000,52650100,90,225,52660000,45606
5,5266,52660000,52660100,90,225,52670000,45613
5,5267,52670000,52670100,90,225,52680000,45621
5,5268,52680000,52680100,90,225,52690000,45632
5,5269,52690000,52690100,90,225,52700000,45639
5,527,5270000,5270100,90,225,5280000,4563
5,5270,52700000,52700100,90,225,52710000,45647
5,5271,52710000,52710100,90,225,52720000,45657
5,5272,52720000,52720100,90,225,52730000,45666
5,5273,52730000,52730100,90,225,52740000,45672
5,5274,52740000,52740100,90,225,52750000,45685
5,5275,52750000,52750100,90,225,52760000,45692
5,5276,52760000,52760100,90,225,52770000,45700
5,5277,52770000,52770100,90,225,52780000,45708
5,5278,52780000,52780100,90,225,52790000,45717
5,5279,52790000,52790100,90,225,52800000,45723
5,528,5280000,5280100,90,225,5290000,4578
5,5280,52800000,52800100,90,225,52810000,45737
5,5281,52810000,52810100,90,225,52820000,45745
5,5282,52820000,52820100,90,225,52830000,45752
5,5283,52830000,52830100,90,225,52840000,45760
5,5284,52840000,52840100,90,225,52850000,45768
5,5285,52850000,52850100,90,225,52860000,45778
5,5286,52860000,52860100,90,225,52870000,45788
5,5287,52870000,52870100,90,225,52880000,45794
5,5288,52880000,52880100,90,225,52890000,45805
5,5289,52890000,52890100,90,225,52900000,45813
5,529,5290000,5290100,90,225,5300000,4584
5,5290,52900000,52900100,90,225,52910000,45821
5,5291,52910000,52910100,90,225,52920000,45828
5,5292,52920000,52920100,90,225,52930000,45841
5,5293,52930000,52930100,90,225,52940000,45847
5,5294,52940000,52940100,90,225,52950000,45854
5,5295,52950000,52950100,90,225,52960000,45865
5,5296,52960000,52960100,90,225,52970000,45875
5,5297,52970000,52970100,90,225,52980000,45881
5,5298,52980000,52980100,90,225,52990000,45891
5,5299,52990000,52990100,90,225,53000000,45899
5,53,530000,530100,90,225,540000,459
5,530,5300000,5300100,90,225,5310000,4592
5,5300,53000000,53000100,90,225,53010000,45908
5,5301,53010000,53010100,90,225,53020000,45916
5,5302,53020000,53020100,90,225,53030000,45926
5,5303,53030000,53030100,90,225,53040000,45932
5,5304,53040000,53040100,90,225,53050000,45944
5,5305,53050000,53050100,90,225,53060000,45951
5,5306,53060000,53060100,90,225,53070000,45960
5,5307,53070000,53070100,90,225,53080000,45969
5,5308,53080000,53080100,90,225,53090000,45977
5,5309,53090000,53090100,90,225,53100000,45985
5,531,5310000,5310100,90,225,5320000,4600
5,5310,53100000,53100100,90,225,53110000,45996
5,5311,53110000,53110100,90,225,53120000,46002
5,5312,53120000,53120100,90,225,53130000,46011
5,5313,53130000,53130100,90,225,53140000,46022
5,5314,53140000,53140100,90,225,53150000,46029
5,5315,53150000,53150100,90,225,53160000,46036
5,5316,53160000,53160100,90,225,53170000,46049
5,5317,53170000,53170100,90,225,53180000,46055
5,5318,53180000,53180100,90,225,53190000,46063
5,5319,53190000,53190100,90,225,53200000,46071
5,532,5320000,5320100,90,225,5330000,4610
5,5320,53200000,53200100,90,225,53210000,46083
5,5321,53210000,53210100,90,225,53220000,46089
5,5322,53220000,53220100,90,225,53230000,46099
5,5323,53230000,53230100,90,225,53240000,46107
5,5324,53240000,53240100,90,225,53250000,46116
5,5325,53250000,53250100,90,225,53260000,46125
5,5326,53260000,53260100,90,225,53270000,46132
5,5327,53270000,53270100,90,225,53280000,46140
5,5328,53280000,53280100,90,225,53290000,46152
5,5329,53290000,53290100,90,225,53300000,46159
5,533,5330000,5330100,90,225,5340000,4617
5,5330,53300000,53300100,90,225,53310000,46169
5,5331,53310000,53310100,90,225,53320000,46177
5,5332,53320000,53320100,90,225,53330000,46185
5,5333,53330000,53330100,90,225,53340000,46191
5,5334,53340000,53340100,90,225,53350000,46203
5,5335,53350000,53350100,90,225,53360000,46211
5,5336,53360000,53360100,90,225,53370000,46220
5,5337,53370000,53370100,90,225,53380000,46230
5,5338,53380000,53380100,90,225,53390000,46237
5,5339,53390000,53390100,90,225,53400000,46243
5,534,5340000,5340100,90,225,5350000,4627
5,5340,53400000,53400100,90,225,53410000,46256
5,5341,53410000,53410100,90,225,53420000,46264
5,5342,53420000,53420100,90,225,53430000,46271
5,5343,53430000,53430100,90,225,53440000,46279
5,5344,53440000,53440100,90,225,53450000,46290
5,5345,53450000,53450100,90,225,53460000,46297
5,5346,53460000,53460100,90,225,53470000,46308
5,5347,53470000,53470100,90,225,53480000,46314
5,5348,53480000,53480100,90,225,53490000,46324
5,5349,53490000,53490100,90,225,53500000,46332
5,535,5350000,5350100,90,225,5360000,4636
5,5350,53500000,53500100,90,225,53510000,46340
5,5351,53510000,53510100,90,225,53520000,46349
5,5352,53520000,53520100,90,225,53530000,46361
5,5353,53530000,53530100,90,225,53540000,46367
5,5354,53540000,53540100,90,225,53550000,46374
5,5355,53550000,53550100,90,225,53560000,46385
5,5356,53560000,53560100,90,225,53570000,46393
5,5357,53570000,53570100,90,225,53580000,46400
5,5358,53580000,53580100,90,225,53590000,46412
5,5359,53590000,53590100,90,225,53600000,46418
5,536,5360000,5360100,90,225,5370000,4645
5,5360,53600000,53600100,90,225,53610000,46428
5,5361,53610000,53610100,90,225,53620000,46436
5,5362,53620000,53620100,90,225,53630000,46446
5,5363,53630000,53630100,90,225,53640000,46452
5,5364,53640000,53640100,90,225,53650000,46463
5,5365,53650000,53650100,90,225,53660000,46472
5,5366,53660000,53660100,90,225,53670000,46479
5,5367,53670000,53670100,90,225,53680000,46487
5,5368,53680000,53680100,90,225,53690000,46497
5,5369,53690000,53690100,90,225,53700000,46505
5,537,5370000,5370100,90,225,5380000,4653
5,5370,53700000,53700100,90,225,53710000,46516
5,5371,53710000,53710100,90,225,53720000,46522
5,5372,53720000,53720100,90,225,53730000,46532
5,5373,53730000,53730100,90,225,53740000,46541
5,5374,53740000,53740100,90,225,53750000,46548
5,5375,53750000,53750100,90,225,53760000,46555
5,5376,53760000,53760100,90,225,53770000,46569
5,5377,53770000,53770100,90,225,53780000,46575
5,5378,53780000,53780100,90,225,53790000,46582
5,5379,53790000,53790100,90,225,53800000,46593
5,538,5380000,5380100,90,225,5390000,4660
5,5380,53800000,53800100,90,225,53810000,46602
5,5381,53810000,53810100,90,225,53820000,46608
5,5382,53820000,53820100,90,225,53830000,46618
5,5383,53830000,53830100,90,225,53840000,46626
5,5384,53840000,53840100,90,225,53850000,46636
5,5385,53850000,53850100,90,225,53860000,46645
5,5386,53860000,53860100,90,225,53870000,46654
5,5387,53870000,53870100,90,225,53880000,46660
5,5388,53880000,53880100,90,225,53890000,46671
5,5389,53890000,53890100,90,225,53900000,46677
5,539,5390000,5390100,90,225,5400000,4669
5,5390,53900000,53900100,90,225,53910000,46688
5,5391,53910000,53910100,90,225,53920000,46696
5,5392,53920000,53920100,90,225,53930000,46705
5,5393,53930000,53930100,90,225,53940000,46713
5,5394,53940000,53940100,90,225,53950000,46723
5,5395,53950000,53950100,90,225,53960000,46731
5,5396,53960000,53960100,90,225,53970000,46739
5,5397,53970000,53970100,90,225,53980000,46749
5,5398,53980000,53980100,90,225,53990000,46756
5,5399,53990000,53990100,90,225,54000000,46762
5,54,540000,540100,90,225,550000,469
5,540,5400000,5400100,90,225,5410000,4681
5,5400,54000000,54000100,90,225,54010000,46777
5,5401,54010000,54010100,90,225,54020000,46784
5,5402,54020000,54020100,90,225,54030000,46791
5,5403,54030000,54030100,90,225,54040000,46799
5,5404,54040000,54040100,90,225,54050000,46809
5,5405,54050000,54050100,90,225,54060000,46816
5,5406,54060000,54060100,90,225,54070000,46827
5,5407,54070000,54070100,90,225,54080000,46835
5,5408,54080000,54080100,90,225,54090000,46844
5,5409,54090000,54090100,90,225,54100000,46852
5,541,5410000,5410100,90,225,5420000,4687
5,5410,54100000,54100100,90,225,54110000,46860
5,5411,54110000,54110100,90,225,54120000,46868
5,5412,54120000,54120100,90,225,54130000,46880
5,5413,54130000,54130100,90,225,54140000,46886
5,5414,54140000,54140100,90,225,54150000,46895
5,5415,54150000,54150100,90,225,54160000,46904
5,5416,54160000,54160100,90,225,54170000,46913
5,5417,54170000,54170100,90,225,54180000,46920
5,5418,54180000,54180100,90,225,54190000,46932
5,5419,54190000,54190100,90,225,54200000,46938
5,542,5420000,5420100,90,225,5430000,4696
5,5420,54200000,54200100,90,225,54210000,46947
5,5421,54210000,54210100,90,225,54220000,46957
5,5422,54220000,54220100,90,225,54230000,46964
5,5423,54230000,54230100,90,225,54240000,46971
5,5424,54240000,54240100,90,225,54250000,46983
5,5425,54250000,54250100,90,225,54260000,46992
5,5426,54260000,54260100,90,225,54270000,46999
5,5427,54270000,54270100,90,225,54280000,47007
5,5428,54280000,54280100,90,225,54290000,47018
5,5429,54290000,54290100,90,225,54300000,47024
5,543,5430000,5430100,90,225,5440000,4704
5,5430,54300000,54300100,90,225,54310000,47035
5,5431,54310000,54310100,90,225,54320000,47041
5,5432,54320000,54320100,90,225,54330000,47052
5,5433,54330000,54330100,90,225,54340000,47060
5,5434,54340000,54340100,90,225,54350000,47068
5,5435,54350000,54350100,90,225,54360000,47077
5,5436,54360000,54360100,90,225,54370000,47088
5,5437,54370000,54370100,90,225,54380000,47094
5,5438,54380000,54380100,90,225,54390000,47101
5,5439,54390000,54390100,90,225,54400000,47112
5,544,5440000,5440100,90,225,5450000,4714
5,5440,54400000,54400100,90,225,54410000,47122
5,5441,54410000,54410100,90,225,54420000,47128
5,5442,54420000,54420100,90,225,54430000,47140
5,5443,54430000,54430100,90,225,54440000,47146
5,5444,54440000,54440100,90,225,54450000,47154
5,5445,54450000,54450100,90,225,54460000,47164
5,5446,54460000,54460100,90,225,54470000,47173
5,5447,54470000,54470100,90,225,54480000,47179
5,5448,54480000,54480100,90,225,54490000,47191
5,5449,54490000,54490100,90,225,54500000,47199
5,545,5450000,5450100,90,225,5460000,4721
5,5450,54500000,54500100,90,225,54510000,47208
5,5451,54510000,54510100,90,225,54520000,47216
5,5452,54520000,54520100,90,225,54530000,47224
5,5453,54530000,54530100,90,225,54540000,47232
5,5454,54540000,54540100,90,225,54550000,47242
5,5455,54550000,54550100,90,225,54560000,47249
5,5456,54560000,54560100,90,225,54570000,47261
5,5457,54570000,54570100,90,225,54580000,47269
5,5458,54580000,54580100,90,225,54590000,47276
5,5459,54590000,54590100,90,225,54600000,47282
5,546,5460000,5460100,90,225,5470000,4733
5,5460,54600000,54600100,90,225,54610000,47296
5,5461,54610000,54610100,90,225,54620000,47303
5,5462,54620000,54620100,90,225,54630000,47310
5,5463,54630000,54630100,90,225,54640000,47320
5,5464,54640000,54640100,90,225,54650000,47329
5,5465,54650000,54650100,90,225,54660000,47336
5,5466,54660000,54660100,90,225,54670000,47346
5,5467,54670000,54670100,90,225,54680000,47355
5,5468,54680000,54680100,90,225,54690000,47363
5,5469,54690000,54690100,90,225,54700000,47371
5,547,5470000,5470100,90,225,5480000,4739
5,5470,54700000,54700100,90,225,54710000,47381
5,5471,54710000,54710100,90,225,54720000,47387
5,5472,54720000,54720100,90,225,54730000,47400
5,5473,54730000,54730100,90,225,54740000,47406
5,5474,54740000,54740100,90,225,54750000,47415
5,5475,54750000,54750100,90,225,54760000,47424
5,5476,54760000,54760100,90,225,54770000,47432
5,5477,54770000,54770100,90,225,54780000,47440
5,5478,54780000,54780100,90,225,54790000,47451
5,5479,54790000,54790100,90,225,54800000,47457
5,548,5480000,5480100,90,225,5490000,4747
5,5480,54800000,54800100,90,225,54810000,47467
5,5481,54810000,54810100,90,225,54820000,47477
5,5482,54820000,54820100,90,225,54830000,47484
5,5483,54830000,54830100,90,225,54840000,47491
5,5484,54840000,54840100,90,225,54850000,47504
5,5485,54850000,54850100,90,225,54860000,47511
5,5486,54860000,54860100,90,225,54870000,47518
5,5487,54870000,54870100,90,225,54880000,47526
5,5488,54880000,54880100,90,225,54890000,47537
5,5489,54890000,54890100,90,225,54900000,47544
5,549,5490000,5490100,90,225,5500000,4757
5,5490,54900000,54900100,90,225,54910000,47555
5,5491,54910000,54910100,90,225,54920000,47563
5,5492,54920000,54920100,90,225,54930000,47571
5,5493,54930000,54930100,90,225,54940000,47579
5,5494,54940000,54940100,90,225,54950000,47587
5,5495,54950000,54950100,90,225,54960000,47596
5,5496,54960000,54960100,90,225,54970000,47608
5,5497,54970000,54970100,90,225,54980000,47614
5,5498,54980000,54980100,90,225,54990000,47623
5,5499,54990000,54990100,90,225,55000000,47631
5,55,550000,550100,90,225,560000,477
5,550,5500000,5500100,90,225,5510000,4766
5,5500,55000000,55000100,90,225,55010000,47641
5,5501,55010000,55010100,90,225,55020000,47647
5,5502,55020000,55020100,90,225,55030000,47659
5,5503,55030000,55030100,90,225,55040000,47665
5,5504,55040000,55040100,90,225,55050000,47674
5,5505,55050000,55050100,90,225,55060000,47686
5,5506,55060000,55060100,90,225,55070000,47693
5,5507,55070000,55070100,90,225,55080000,47699
5,5508,55080000,55080100,90,225,55090000,47710
5,5509,55090000,55090100,90,225,55100000,47718
5,551,5510000,5510100,90,225,5520000,4772
5,5510,55100000,55100100,90,225,55110000,47726
5,5511,55110000,55110100,90,225,55120000,47735
5,5512,55120000,55120100,90,225,55130000,47746
5,5513,55130000,55130100,90,225,55140000,47752
5,5514,55140000,55140100,90,225,55150000,47762
5,5515,55150000,55150100,90,225,55160000,47769
5,5516,55160000,55160100,90,225,55170000,47780
5,5517,55170000,55170100,90,225,55180000,47788
5,5518,55180000,55180100,90,225,55190000,47795
5,5519,55190000,55190100,90,225,55200000,47803
5,552,5520000,5520100,90,225,5530000,4784
5,5520,55200000,55200100,90,225,55210000,47816
5,5521,55210000,55210100,90,225,55220000,47822
5,5522,55220000,55220100,90,225,55230000,47830
5,5523,55230000,55230100,90,225,55240000,47840
5,5524,55240000,55240100,90,225,55250000,47848
5,5525,55250000,55250100,90,225,55260000,47855
5,5526,55260000,55260100,90,225,55270000,47867
5,5527,55270000,55270100,90,225,55280000,47874
5,5528,55280000,55280100,90,225,55290000,47883
5,5529,55290000,55290100,90,225,55300000,47891
5,553,5530000,5530100,90,225,5540000,4792
5,5530,55300000,55300100,90,225,55310000,47901
5,5531,55310000,55310100,90,225,55320000,47907
5,5532,55320000,55320100,90,225,55330000,47918
5,5533,55330000,55330100,90,225,55340000,47927
5,5534,55340000,55340100,90,225,55350000,47934
5,5535,55350000,55350100,90,225,55360000,47943
5,5536,55360000,55360100,90,225,55370000,47952
5,5537,55370000,55370100,90,225,55380000,47960
5,5538,55380000,55380100,90,225,55390000,47971
5,5539,55390000,55390100,90,225,55400000,47977
5,554,5540000,5540100,90,225,5550000,4799
5,5540,55400000,55400100,90,225,55410000,47988
5,5541,55410000,55410100,90,225,55420000,47996
5,5542,55420000,55420100,90,225,55430000,48003
5,5543,55430000,55430100,90,225,55440000,48009
5,5544,55440000,55440100,90,225,55450000,48024
5,5545,55450000,55450100,90,225,55460000,48031
5,5546,55460000,55460100,90,225,55470000,48038
5,5547,55470000,55470100,90,225,55480000,48048
5,5548,55480000,55480100,90,225,55490000,48056
5,5549,55490000,55490100,90,225,55500000,48063
5,555,5550000,5550100,90,225,5560000,4809
5,5550,55500000,55500100,90,225,55510000,48074
5,5551,55510000,55510100,90,225,55520000,48082
5,5552,55520000,55520100,90,225,55530000,48091
5,5553,55530000,55530100,90,225,55540000,48099
5,5554,55540000,55540100,90,225,55550000,48108
5,5555,55550000,55550100,90,225,55560000,48116
5,5556,55560000,55560100,90,225,55570000,48127
5,5557,55570000,55570100,90,225,55580000,48133
5,5558,55580000,55580100,90,225,55590000,48142
5,5559,55590000,55590100,90,225,55600000,48150
5,556,5560000,5560100,90,225,5570000,4819
5,5560,55600000,55600100,90,225,55610000,48161
5,5561,55610000,55610100,90,225,55620000,48169
5,5562,55620000,55620100,90,225,55630000,48179
5,5563,55630000,55630100,90,225,55640000,48185
5,5564,55640000,55640100,90,225,55650000,48193
5,5565,55650000,55650100,90,225,55660000,48204
5,5566,55660000,55660100,90,225,55670000,48212
5,5567,55670000,55670100,90,225,55680000,48218
5,5568,55680000,55680100,90,225,55690000,48232
5,5569,55690000,55690100,90,225,55700000,48238
5,557,5570000,5570100,90,225,5580000,4825
5,5570,55700000,55700100,90,225,55710000,48246
5,5571,55710000,55710100,90,225,55720000,48255
5,5572,55720000,55720100,90,225,55730000,48265
5,5573,55730000,55730100,90,225,55740000,48271
5,5574,55740000,55740100,90,225,55750000,48281
5,5575,55750000,55750100,90,225,55760000,48290
5,5576,55760000,55760100,90,225,55770000,48299
5,5577,55770000,55770100,90,225,55780000,48308
5,5578,55780000,55780100,90,225,55790000,48315
5,5579,55790000,55790100,90,225,55800000,48323
5,558,5580000,5580100,90,225,5590000,4835
5,5580,55800000,55800100,90,225,55810000,48335
5,5581,55810000,55810100,90,225,55820000,48341
5,5582,55820000,55820100,90,225,55830000,48351
5,5583,55830000,55830100,90,225,55840000,48359
5,5584,55840000,55840100,90,225,55850000,48368
5,5585,55850000,55850100,90,225,55860000,48375
5,5586,55860000,55860100,90,225,55870000,48387
5,5587,55870000,55870100,90,225,55880000,48393
5,5588,55880000,55880100,90,225,55890000,48402
5,5589,55890000,55890100,90,225,55900000,48412
5,559,5590000,5590100,90,225,5600000,4841
5,5590,55900000,55900100,90,225,55910000,48420
5,5591,55910000,55910100,90,225,55920000,48426
5,5592,55920000,55920100,90,225,55930000,48438
5,5593,55930000,55930100,90,225,55940000,48447
5,5594,55940000,55940100,90,225,55950000,48454
5,5595,55950000,55950100,90,225,55960000,48463
5,5596,55960000,55960100,90,225,55970000,48473
5,5597,55970000,55970100,90,225,55980000,48479
5,5598,55980000,55980100,90,225,55990000,48489
5,5599,55990000,55990100,90,225,56000000,48496
5,56,560000,560100,90,225,570000,488
5,560,5600000,5600100,90,225,5610000,4853
5,5600,56000000,56000100,90,225,56010000,48508
5,5601,56010000,56010100,90,225,56020000,48516
5,5602,56020000,56020100,90,225,56030000,48523
5,5603,56030000,56030100,90,225,56040000,48531
5,5604,56040000,56040100,90,225,56050000,48543
5,5605,56050000,56050100,90,225,56060000,48550
5,5606,56060000,56060100,90,225,56070000,48557
5,5607,56070000,56070100,90,225,56080000,48567
5,5608,56080000,56080100,90,225,56090000,48576
5,5609,56090000,56090100,90,225,56100000,48582
5,561,5610000,5610100,90,225,5620000,4862
5,5610,56100000,56100100,90,225,56110000,48596
5,5611,56110000,56110100,90,225,56120000,48602
5,5612,56120000,56120100,90,225,56130000,48610
5,5613,56130000,56130100,90,225,56140000,48618
5,5614,56140000,56140100,90,225,56150000,48627
5,5615,56150000,56150100,90,225,56160000,48635
5,5616,56160000,56160100,90,225,56170000,48647
5,5617,56170000,56170100,90,225,56180000,48655
5,5618,56180000,56180100,90,225,56190000,48662
5,5619,56190000,56190100,90,225,56200000,48670
5,562,5620000,5620100,90,225,5630000,4869
5,5620,56200000,56200100,90,225,56210000,48679
5,5621,56210000,56210100,90,225,56220000,48688
5,5622,56220000,56220100,90,225,56230000,48698
5,5623,56230000,56230100,90,225,56240000,48704
5,5624,56240000,56240100,90,225,56250000,48715
5,5625,56250000,56250100,90,225,56260000,48724
5,5626,56260000,56260100,90,225,56270000,48732
5,5627,56270000,56270100,90,225,56280000,48738
5,5628,56280000,56280100,90,225,56290000,48751
5,5629,56290000,56290100,90,225,56300000,48757
5,563,5630000,5630100,90,225,5640000,4877
5,5630,56300000,56300100,90,225,56310000,48765
5,5631,56310000,56310100,90,225,56320000,48775
5,5632,56320000,56320100,90,225,56330000,48785
5,5633,56330000,56330100,90,225,56340000,48791
5,5634,56340000,56340100,90,225,56350000,48801
5,5635,56350000,56350100,90,225,56360000,48810
5,5636,56360000,56360100,90,225,56370000,48818
5,5637,56370000,56370100,90,225,56380000,48827
5,5638,56380000,56380100,90,225,56390000,48836
5,5639,56390000,56390100,90,225,56400000,48842
5,564,5640000,5640100,90,225,5650000,4888
5,5640,56400000,56400100,90,225,56410000,48855
5,5641,56410000,56410100,90,225,56420000,48861
5,5642,56420000,56420100,90,225,56430000,48870
5,5643,56430000,56430100,90,225,56440000,48879
5,5644,56440000,56440100,90,225,56450000,48887
5,5645,56450000,56450100,90,225,56460000,48896
5,5646,56460000,56460100,90,225,56470000,48906
5,5647,56470000,56470100,90,225,56480000,48912
5,5648,56480000,56480100,90,225,56490000,48922
5,5649,56490000,56490100,90,225,56500000,48932
5,565,5650000,5650100,90,225,5660000,4895
5,5650,56500000,56500100,90,225,56510000,48940
5,5651,56510000,56510100,90,225,56520000,48946
5,5652,56520000,56520100,90,225,56530000,48959
5,5653,56530000,56530100,90,225,56540000,48965
5,5654,56540000,56540100,90,225,56550000,48973
5,5655,56550000,56550100,90,225,56560000,48982
5,5656,56560000,56560100,90,225,56570000,48993
5,5657,56570000,56570100,90,225,56580000,48999
5,5658,56580000,56580100,90,225,56590000,49009
5,5659,56590000,56590100,90,225,56600000,49018
5,566,5660000,5660100,90,225,5670000,4903
5,5660,56600000,56600100,90,225,56610000,49027
5,5661,56610000,56610100,90,225,56620000,49035
5,5662,56620000,56620100,90,225,56630000,49042
5,5663,56630000,56630100,90,225,56640000,49050
5,5664,56640000,56640100,90,225,56650000,49062
5,5665,56650000,56650100,90,225,56660000,49070
5,5666,56660000,56660100,90,225,56670000,49079
5,5667,56670000,56670100,90,225,56680000,49087
5,5668,56680000,56680100,90,225,56690000,49095
5,5669,56690000,56690100,90,225,56700000,49101
5,567,5670000,5670100,90,225,5680000,4913
5,5670,56700000,56700100,90,225,56710000,49115
5,5671,56710000,56710100,90,225,56720000,49121
5,5672,56720000,56720100,90,225,56730000,49130
5,5673,56730000,56730100,90,225,56740000,49140
5,5674,56740000,56740100,90,225,56750000,49147
5,5675,56750000,56750100,90,225,56760000,49154
5,5676,56760000,56760100,90,225,56770000,49166
5,5677,56770000,56770100,90,225,56780000,49174
5,5678,56780000,56780100,90,225,56790000,49181
5,5679,56790000,56790100,90,225,56800000,49189
5,568,5680000,5680100,90,225,5690000,4922
5,5680,56800000,56800100,90,225,56810000,49201
5,5681,56810000,56810100,90,225,56820000,49208
5,5682,56820000,56820100,90,225,56830000,49218
5,5683,56830000,56830100,90,225,56840000,49224
5,5684,56840000,56840100,90,225,56850000,49234
5,5685,56850000,56850100,90,225,56860000,49243
5,5686,56860000,56860100,90,225,56870000,49250
5,5687,56870000,56870100,90,225,56880000,49259
5,5688,56880000,56880100,90,225,56890000,49271
5,5689,56890000,56890100,90,225,56900000,49277
5,569,5690000,5690100,90,225,5700000,4928
5,5690,56900000,56900100,90,225,56910000,49285
5,5691,56910000,56910100,90,225,56920000,49295
5,5692,56920000,56920100,90,225,56930000,49304
5,5693,56930000,56930100,90,225,56940000,49310
5,5694,56940000,56940100,90,225,56950000,49322
5,5695,56950000,56950100,90,225,56960000,49329
5,5696,56960000,56960100,90,225,56970000,49338
5,5697,56970000,56970100,90,225,56980000,49346
5,5698,56980000,56980100,90,225,56990000,49356
5,5699,56990000,56990100,90,225,57000000,49362
5,57,570000,570100,90,225,580000,496
5,570,5700000,5700100,90,225,5710000,4941
5,5700,57000000,57000100,90,225,57010000,49374
5,5701,57010000,57010100,90,225,57020000,49382
5,5702,57020000,57020100,90,225,57030000,49389
5,5703,57030000,57030100,90,225,57040000,49398
5,5704,57040000,57040100,90,225,57050000,49407
5,5705,57050000,57050100,90,225,57060000,49416
5,5706,57060000,57060100,90,225,57070000,49426
5,5707,57070000,57070100,90,225,57080000,49432
5,5708,57080000,57080100,90,225,57090000,49442
5,5709,57090000,57090100,90,225,57100000,49451
5,571,5710000,5710100,90,225,5720000,4947
5,5710,57100000,57100100,90,225,57110000,49459
5,5711,57110000,57110100,90,225,57120000,49465
5,5712,57120000,57120100,90,225,57130000,49479
5,5713,57130000,57130100,90,225,57140000,49485
5,5714,57140000,57140100,90,225,57150000,49493
5,5715,57150000,57150100,90,225,57160000,49504
5,5716,57160000,57160100,90,225,57170000,49512
5,5717,57170000,57170100,90,225,57180000,49518
5,5718,57180000,57180100,90,225,57190000,49528
5,5719,57190000,57190100,90,225,57200000,49536
5,572,5720000,5720100,90,225,5730000,4956
5,5720,57200000,57200100,90,225,57210000,49547
5,5721,57210000,57210100,90,225,57220000,49555
5,5722,57220000,57220100,90,225,57230000,49564
5,5723,57230000,57230100,90,225,57240000,49570
5,5724,57240000,57240100,90,225,57250000,49581
5,5725,57250000,57250100,90,225,57260000,49589
5,5726,57260000,57260100,90,225,57270000,49598
5,5727,57270000,57270100,90,225,57280000,49606
5,5728,57280000,57280100,90,225,57290000,49615
5,5729,57290000,57290100,90,225,57300000,49623
5,573,5730000,5730100,90,225,5740000,4964
5,5730,57300000,57300100,90,225,57310000,49634
5,5731,57310000,57310100,90,225,57320000,49641
5,5732,57320000,57320100,90,225,57330000,49649
5,5733,57330000,57330100,90,225,57340000,49659
5,5734,57340000,57340100,90,225,57350000,49666
5,5735,57350000,57350100,90,225,57360000,49673
5,5736,57360000,57360100,90,225,57370000,49688
5,5737,57370000,57370100,90,225,57380000,49694
5,5738,57380000,57380100,90,225,57390000,49701
5,5739,57390000,57390100,90,225,57400000,49709
5,574,5740000,5740100,90,225,5750000,4973
5,5740,57400000,57400100,90,225,57410000,49720
5,5741,57410000,57410100,90,225,57420000,49726
5,5742,57420000,57420100,90,225,57430000,49737
5,5743,57430000,57430100,90,225,57440000,49745
5,5744,57440000,57440100,90,225,57450000,49754
5,5745,57450000,57450100,90,225,57460000,49763
5,5746,57460000,57460100,90,225,57470000,49770
5,5747,57470000,57470100,90,225,57480000,49779
5,5748,57480000,57480100,90,225,57490000,49790
5,5749,57490000,57490100,90,225,57500000,49796
5,575,5750000,5750100,90,225,5760000,4980
5,5750,57500000,57500100,90,225,57510000,49806
5,5751,57510000,57510100,90,225,57520000,49814
5,5752,57520000,57520100,90,225,57530000,49823
5,5753,57530000,57530100,90,225,57540000,49830
5,5754,57540000,57540100,90,225,57550000,49842
5,5755,57550000,57550100,90,225,57560000,49849
5,5756,57560000,57560100,90,225,57570000,49857
5,5757,57570000,57570100,90,225,57580000,49867
5,5758,57580000,57580100,90,225,57590000,49875
5,5759,57590000,57590100,90,225,57600000,49881
5,576,5760000,5760100,90,225,5770000,4992
5,5760,57600000,57600100,90,225,57610000,49894
5,5761,57610000,57610100,90,225,57620000,49902
5,5762,57620000,57620100,90,225,57630000,49909
5,5763,57630000,57630100,90,225,57640000,49917
5,5764,57640000,57640100,90,225,57650000,49928
5,5765,57650000,57650100,90,225,57660000,49935
5,5766,57660000,57660100,90,225,57670000,49945
5,5767,57670000,57670100,90,225,57680000,49951
5,5768,57680000,57680100,90,225,57690000,49962
5,5769,57690000,57690100,90,225,57700000,49971
5,577,5770000,5770100,90,225,5780000,5001
5,5770,57700000,57700100,90,225,57710000,49979
5,5771,57710000,57710100,90,225,57720000,49987
5,5772,57720000,57720100,90,225,57730000,49998
5,5773,57730000,57730100,90,225,57740000,50004
5,5774,57740000,57740100,90,225,57750000,50011
5,5775,57750000,57750100,90,225,57760000,50023
5,5776,57760000,57760100,90,225,57770000,50032
5,5777,57770000,57770100,90,225,57780000,50038
5,5778,57780000,57780100,90,225,57790000,50050
5,5779,57790000,57790100,90,225,57800000,50056
5,578,5780000,5780100,90,225,5790000,5008
5,5780,57800000,57800100,90,225,57810000,50066
5,5781,57810000,57810100,90,225,57820000,50074
5,5782,57820000,57820100,90,225,57830000,50083
5,5783,57830000,57830100,90,225,57840000,50089
5,5784,57840000,57840100,90,225,57850000,50101
5,5785,57850000,57850100,90,225,57860000,50110
5,5786,57860000,57860100,90,225,57870000,50118
5,5787,57870000,57870100,90,225,57880000,50126
5,5788,57880000,57880100,90,225,57890000,50134
5,5789,57890000,57890100,90,225,57900000,50142
5,579,5790000,5790100,90,225,5800000,5016
5,5790,57900000,57900100,90,225,57910000,50153
5,5791,57910000,57910100,90,225,57920000,50160
5,5792,57920000,57920100,90,225,57930000,50171
5,5793,57930000,57930100,90,225,57940000,50179
5,5794,57940000,57940100,90,225,57950000,50186
5,5795,57950000,57950100,90,225,57960000,50193
5,5796,57960000,57960100,90,225,57970000,50206
5,5797,57970000,57970100,90,225,57980000,50213
5,5798,57980000,57980100,90,225,57990000,50220
5,5799,57990000,57990100,90,225,58000000,50230
5,58,580000,580100,90,225,590000,503
5,580,5800000,5800100,90,225,5810000,5025
5,5800,58000000,58000100,90,225,58010000,50240
5,5801,58010000,58010100,90,225,58020000,50246
5,5802,58020000,58020100,90,225,58030000,50257
5,5803,58030000,58030100,90,225,58040000,50265
5,5804,58040000,58040100,90,225,58050000,50273
5,5805,58050000,58050100,90,225,58060000,50282
5,5806,58060000,58060100,90,225,58070000,50291
5,5807,58070000,58070100,90,225,58080000,50297
5,5808,58080000,58080100,90,225,58090000,50310
5,5809,58090000,58090100,90,225,58100000,50316
5,581,5810000,5810100,90,225,5820000,5033
5,5810,58100000,58100100,90,225,58110000,50326
5,5811,58110000,58110100,90,225,58120000,50334
5,5812,58120000,58120100,90,225,58130000,50342
5,5813,58130000,58130100,90,225,58140000,50351
5,5814,58140000,58140100,90,225,58150000,50361
5,5815,58150000,58150100,90,225,58160000,50368
5,5816,58160000,58160100,90,225,58170000,50377
5,5817,58170000,58170100,90,225,58180000,50387
5,5818,58180000,58180100,90,225,58190000,50394
5,5819,58190000,58190100,90,225,58200000,50401
5,582,5820000,5820100,90,225,5830000,5043
5,5820,58200000,58200100,90,225,58210000,50415
5,5821,58210000,58210100,90,225,58220000,50421
5,5822,58220000,58220100,90,225,58230000,50428
5,5823,58230000,58230100,90,225,58240000,50436
5,5824,58240000,58240100,90,225,58250000,50448
5,5825,58250000,58250100,90,225,58260000,50455
5,5826,58260000,58260100,90,225,58270000,50465
5,5827,58270000,58270100,90,225,58280000,50473
5,5828,58280000,58280100,90,225,58290000,50481
5,5829,58290000,58290100,90,225,58300000,50489
5,583,5830000,5830100,90,225,5840000,5050
5,5830,58300000,58300100,90,225,58310000,50498
5,5831,58310000,58310100,90,225,58320000,50506
5,5832,58320000,58320100,90,225,58330000,50518
5,5833,58330000,58330100,90,225,58340000,50524
5,5834,58340000,58340100,90,225,58350000,50533
5,5835,58350000,58350100,90,225,58360000,50543
5,5836,58360000,58360100,90,225,58370000,50551
5,5837,58370000,58370100,90,225,58380000,50557
5,5838,58380000,58380100,90,225,58390000,50569
5,5839,58390000,58390100,90,225,58400000,50575
5,584,5840000,5840100,90,225,5850000,5061
5,5840,58400000,58400100,90,225,58410000,50585
5,5841,58410000,58410100,90,225,58420000,50596
5,5842,58420000,58420100,90,225,58430000,50603
5,5843,58430000,58430100,90,225,58440000,50609
5,5844,58440000,58440100,90,225,58450000,50620
5,5845,58450000,58450100,90,225,58460000,50629
5,5846,58460000,58460100,90,225,58470000,50637
5,5847,58470000,58470100,90,225,58480000,50645
5,5848,58480000,58480100,90,225,58490000,50656
5,5849,58490000,58490100,90,225,58500000,50662
5,585,5850000,5850100,90,225,5860000,5070
5,5850,58500000,58500100,90,225,58510000,50673
5,5851,58510000,58510100,90,225,58520000,50679
5,5852,58520000,58520100,90,225,58530000,50690
5,5853,58530000,58530100,90,225,58540000,50698
5,5854,58540000,58540100,90,225,58550000,50705
5,5855,58550000,58550100,90,225,58560000,50714
5,5856,58560000,58560100,90,225,58570000,50726
5,5857,58570000,58570100,90,225,58580000,50733
5,5858,58580000,58580100,90,225,58590000,50740
5,5859,58590000,58590100,90,225,58600000,50750
5,586,5860000,5860100,90,225,5870000,5077
5,5860,58600000,58600100,90,225,58610000,50759
5,5861,58610000,58610100,90,225,58620000,50765
5,5862,58620000,58620100,90,225,58630000,50777
5,5863,58630000,58630100,90,225,58640000,50784
5,5864,58640000,58640100,90,225,58650000,50793
5,5865,58650000,58650100,90,225,58660000,50802
5,5866,58660000,58660100,90,225,58670000,50811
5,5867,58670000,58670100,90,225,58680000,50817
5,5868,58680000,58680100,90,225,58690000,50829
5,5869,58690000,58690100,90,225,58700000,50837
5,587,5870000,5870100,90,225,5880000,5083
5,5870,58700000,58700100,90,225,58710000,50845
5,5871,58710000,58710100,90,225,58720000,50853
5,5872,58720000,58720100,90,225,58730000,50862
5,5873,58730000,58730100,90,225,58740000,50870
5,5874,58740000,58740100,90,225,58750000,50881
5,5875,58750000,58750100,90,225,58760000,50888
5,5876,58760000,58760100,90,225,58770000,50898
5,5877,58770000,58770100,90,225,58780000,50906
5,5878,58780000,58780100,90,225,58790000,50913
5,5879,58790000,58790100,90,225,58800000,50920
5,588,5880000,5880100,90,225,5890000,5097
5,5880,58800000,58800100,90,225,58810000,50935
5,5881,58810000,58810100,90,225,58820000,50941
5,5882,58820000,58820100,90,225,58830000,50948
5,5883,58830000,58830100,90,225,58840000,50958
5,5884,58840000,58840100,90,225,58850000,50966
5,5885,58850000,58850100,90,225,58860000,50974
5,5886,58860000,58860100,90,225,58870000,50984
5,5887,58870000,58870100,90,225,58880000,50992
5,5888,58880000,58880100,90,225,58890000,51001
5,5889,58890000,58890100,90,225,58900000,51009
5,589,5890000,5890100,90,225,5900000,5103
5,5890,58900000,58900100,90,225,58910000,51020
5,5891,58910000,58910100,90,225,58920000,51026
5,5892,58920000,58920100,90,225,58930000,51037
5,5893,58930000,58930100,90,225,58940000,51043
5,5894,58940000,58940100,90,225,58950000,51052
5,5895,58950000,58950100,90,225,58960000,51061
5,5896,58960000,58960100,90,225,58970000,51071
5,5897,58970000,58970100,90,225,58980000,51079
5,5898,58980000,58980100,90,225,58990000,51089
5,5899,58990000,58990100,90,225,59000000,51095
5,59,590000,590100,90,225,600000,511
5,590,5900000,5900100,90,225,5910000,5111
5,5900,59000000,59000100,90,225,59010000,51104
5,5901,59010000,59010100,90,225,59020000,51115
5,5902,59020000,59020100,90,225,59030000,51122
5,5903,59030000,59030100,90,225,59040000,51128
5,5904,59040000,59040100,90,225,59050000,51142
5,5905,59050000,59050100,90,225,59060000,51149
5,5906,59060000,59060100,90,225,59070000,51156
5,5907,59070000,59070100,90,225,59080000,51165
5,5908,59080000,59080100,90,225,59090000,51175
5,5909,59090000,59090100,90,225,59100000,51181
5,591,5910000,5910100,90,225,5920000,5121
5,5910,59100000,59100100,90,225,59110000,51192
5,5911,59110000,59110100,90,225,59120000,51200
5,5912,59120000,59120100,90,225,59130000,51210
5,5913,59130000,59130100,90,225,59140000,51218
5,5914,59140000,59140100,90,225,59150000,51225
5,5915,59150000,59150100,90,225,59160000,51234
5,5916,59160000,59160100,90,225,59170000,51245
5,5917,59170000,59170100,90,225,59180000,51251
5,5918,59180000,59180100,90,225,59190000,51261
5,5919,59190000,59190100,90,225,59200000,51269
5,592,5920000,5920100,90,225,5930000,5130
5,5920,59200000,59200100,90,225,59210000,51279
5,5921,59210000,59210100,90,225,59220000,51285
5,5922,59220000,59220100,90,225,59230000,51297
5,5923,59230000,59230100,90,225,59240000,51304
5,5924,59240000,59240100,90,225,59250000,51312
5,5925,59250000,59250100,90,225,59260000,51323
5,5926,59260000,59260100,90,225,59270000,51330
5,5927,59270000,59270100,90,225,59280000,51336
5,5928,59280000,59280100,90,225,59290000,51348
5,5929,59290000,59290100,90,225,59300000,51357
5,593,5930000,5930100,90,225,5940000,5136
5,5930,59300000,59300100,90,225,59310000,51365
5,5931,59310000,59310100,90,225,59320000,51373
5,5932,59320000,59320100,90,225,59330000,51383
5,5933,59330000,59330100,90,225,59340000,51389
5,5934,59340000,59340100,90,225,59350000,51400
5,5935,59350000,59350100,90,225,59360000,51407
5,5936,59360000,59360100,90,225,59370000,51418
5,5937,59370000,59370100,90,225,59380000,51426
5,5938,59380000,59380100,90,225,59390000,51433
5,5939,59390000,59390100,90,225,59400000,51441
5,594,5940000,5940100,90,225,5950000,5147
5,5940,59400000,59400100,90,225,59410000,51454
5,5941,59410000,59410100,90,225,59420000,51460
5,5942,59420000,59420100,90,225,59430000,51467
5,5943,59430000,59430100,90,225,59440000,51477
5,5944,59440000,59440100,90,225,59450000,51486
5,5945,59450000,59450100,90,225,59460000,51494
5,5946,59460000,59460100,90,225,59470000,51506
5,5947,59470000,59470100,90,225,59480000,51512
5,5948,59480000,59480100,90,225,59490000,51520
5,5949,59490000,59490100,90,225,59500000,51528
5,595,5950000,5950100,90,225,5960000,5156
5,5950,59500000,59500100,90,225,59510000,51538
5,5951,59510000,59510100,90,225,59520000,51545
5,5952,59520000,59520100,90,225,59530000,51557
5,5953,59530000,59530100,90,225,59540000,51565
5,5954,59540000,59540100,90,225,59550000,51572
5,5955,59550000,59550100,90,225,59560000,51581
5,5956,59560000,59560100,90,225,59570000,51590
5,5957,59570000,59570100,90,225,59580000,51598
5,5958,59580000,59580100,90,225,59590000,51608
5,5959,59590000,59590100,90,225,59600000,51614
5,596,5960000,5960100,90,225,5970000,5164
5,5960,59600000,59600100,90,225,59610000,51626
5,5961,59610000,59610100,90,225,59620000,51634
5,5962,59620000,59620100,90,225,59630000,51642
5,5963,59630000,59630100,90,225,59640000,51648
5,5964,59640000,59640100,90,225,59650000,51661
5,5965,59650000,59650100,90,225,59660000,51668
5,5966,59660000,59660100,90,225,59670000,51675
5,5967,59670000,59670100,90,225,59680000,51686
5,5968,59680000,59680100,90,225,59690000,51695
5,5969,59690000,59690100,90,225,59700000,51701
5,597,5970000,5970100,90,225,5980000,5172
5,5970,59700000,59700100,90,225,59710000,51712
5,5971,59710000,59710100,90,225,59720000,51720
5,5972,59720000,59720100,90,225,59730000,51728
5,5973,59730000,59730100,90,225,59740000,51737
5,5974,59740000,59740100,90,225,59750000,51746
5,5975,59750000,59750100,90,225,59760000,51753
5,5976,59760000,59760100,90,225,59770000,51765
5,5977,59770000,59770100,90,225,59780000,51771
5,5978,59780000,59780100,90,225,59790000,51781
5,5979,59790000,59790100,90,225,59800000,51789
5,598,5980000,5980100,90,225,5990000,5181
5,5980,59800000,59800100,90,225,59810000,51798
5,5981,59810000,59810100,90,225,59820000,51806
5,5982,59820000,59820100,90,225,59830000,51816
5,5983,59830000,59830100,90,225,59840000,51822
5,5984,59840000,59840100,90,225,59850000,51832
5,5985,59850000,59850100,90,225,59860000,51843
5,5986,59860000,59860100,90,225,59870000,51850
5,5987,59870000,59870100,90,225,59880000,51856
5,5988,59880000,59880100,90,225,59890000,51869
5,5989,59890000,59890100,90,225,59900000,51876
5,599,5990000,5990100,90,225,6000000,5188
5,5990,59900000,59900100,90,225,59910000,51884
5,5991,59910000,59910100,90,225,59920000,51892
5,5992,59920000,59920100,90,225,59930000,51903
5,5993,59930000,59930100,90,225,59940000,51909
5,5994,59940000,59940100,90,225,59950000,51919
5,5995,59950000,59950100,90,225,59960000,51929
5,5996,59960000,59960100,90,225,59970000,51937
5,5997,59970000,59970100,90,225,59980000,51945
5,5998,59980000,59980100,90,225,59990000,51952
5,5999,59990000,59990100,90,225,60000000,51960
5,6,60000,60100,90,225,70000,54
5,60,600000,600100,90,225,610000,524
5,600,6000000,6000100,90,225,6010000,5201
5,6000,60000000,60000100,90,225,60010000,51974
5,6001,60010000,60010100,90,225,60020000,51980
5,6002,60020000,60020100,90,225,60030000,51989
5,6003,60030000,60030100,90,225,60040000,51997
5,6004,60040000,60040100,90,225,60050000,52005
5,6005,60050000,60050100,90,225,60060000,52012
5,6006,60060000,60060100,90,225,60070000,52025
5,6007,60070000,60070100,90,225,60080000,52031
5,6008,60080000,60080100,90,225,60090000,52040
5,6009,60090000,60090100,90,225,60100000,52050
5,601,6010000,6010100,90,225,6020000,5207
5,6010,60100000,60100100,90,225,60110000,52058
5,6011,60110000,60110100,90,225,60120000,52065
5,6012,60120000,60120100,90,225,60130000,52076
5,6013,60130000,60130100,90,225,60140000,52084
5,6014,60140000,60140100,90,225,60150000,52091
5,6015,60150000,60150100,90,225,60160000,52100
5,6016,60160000,60160100,90,225,60170000,52111
5,6017,60170000,60170100,90,225,60180000,52118
5,6018,60180000,60180100,90,225,60190000,52128
5,6019,60190000,60190100,90,225,60200000,52134
5,602,6020000,6020100,90,225,6030000,5216
5,6020,60200000,60200100,90,225,60210000,52145
5,6021,60210000,60210100,90,225,60220000,52153
5,6022,60220000,60220100,90,225,60230000,52161
5,6023,60230000,60230100,90,225,60240000,52169
5,6024,60240000,60240100,90,225,60250000,52181
5,6025,60250000,60250100,90,225,60260000,52188
5,6026,60260000,60260100,90,225,60270000,52195
5,6027,60270000,60270100,90,225,60280000,52205
5,6028,60280000,60280100,90,225,60290000,52214
5,6029,60290000,60290100,90,225,60300000,52220
5,603,6030000,6030100,90,225,6040000,5224
5,6030,60300000,60300100,90,225,60310000,52233
5,6031,60310000,60310100,90,225,60320000,52239
5,6032,60320000,60320100,90,225,60330000,52248
5,6033,60330000,60330100,90,225,60340000,52257
5,6034,60340000,60340100,90,225,60350000,52266
5,6035,60350000,60350100,90,225,60360000,52273
5,6036,60360000,60360100,90,225,60370000,52284
5,6037,60370000,60370100,90,225,60380000,52292
5,6038,60380000,60380100,90,225,60390000,52299
5,6039,60390000,60390100,90,225,60400000,52308
5,604,6040000,6040100,90,225,6050000,5232
5,6040,60400000,60400100,90,225,60410000,52318
5,6041,60410000,60410100,90,225,60420000,52326
5,6042,60420000,60420100,90,225,60430000,52336
5,6043,60430000,60430100,90,225,60440000,52342
5,6044,60440000,60440100,90,225,60450000,52353
5,6045,60450000,60450100,90,225,60460000,52362
5,6046,60460000,60460100,90,225,60470000,52369
5,6047,60470000,60470100,90,225,60480000,52375
5,6048,60480000,60480100,90,225,60490000,52389
5,6049,60490000,60490100,90,225,60500000,52395
5,605,6050000,6050100,90,225,6060000,5242
5,6050,60500000,60500100,90,225,60510000,52404
5,6051,60510000,60510100,90,225,60520000,52414
5,6052,60520000,60520100,90,225,60530000,52422
5,6053,60530000,60530100,90,225,60540000,52428
5,6054,60540000,60540100,90,225,60550000,52438
5,6055,60550000,60550100,90,225,60560000,52448
5,6056,60560000,60560100,90,225,60570000,52457
5,6057,60570000,60570100,90,225,60580000,52465
5,6058,60580000,60580100,90,225,60590000,52474
5,6059,60590000,60590100,90,225,60600000,52480
5,606,6060000,6060100,90,225,6070000,5252
5,6060,60600000,60600100,90,225,60610000,52492
5,6061,60610000,60610100,90,225,60620000,52499
5,6062,60620000,60620100,90,225,60630000,52508
5,6063,60630000,60630100,90,225,60640000,52516
5,6064,60640000,60640100,90,225,60650000,52525
5,6065,60650000,60650100,90,225,60660000,52534
5,6066,60660000,60660100,90,225,60670000,52545
5,6067,60670000,60670100,90,225,60680000,52551
5,6068,60680000,60680100,90,225,60690000,52559
5,6069,60690000,60690100,90,225,60700000,52569
5,607,6070000,6070100,90,225,6080000,5258
5,6070,60700000,60700100,90,225,60710000,52577
5,6071,60710000,60710100,90,225,60720000,52583
5,6072,60720000,60720100,90,225,60730000,52598
5,6073,60730000,60730100,90,225,60740000,52604
5,6074,60740000,60740100,90,225,60750000,52611
5,6075,60750000,60750100,90,225,60760000,52620
5,6076,60760000,60760100,90,225,60770000,52630
5,6077,60770000,60770100,90,225,60780000,52637
5,6078,60780000,60780100,90,225,60790000,52647
5,6079,60790000,60790100,90,225,60800000,52655
5,608,6080000,6080100,90,225,6090000,5267
5,6080,60800000,60800100,90,225,60810000,52665
5,6081,60810000,60810100,90,225,60820000,52673
5,6082,60820000,60820100,90,225,60830000,52680
5,6083,60830000,60830100,90,225,60840000,52689
5,6084,60840000,60840100,90,225,60850000,52700
5,6085,60850000,60850100,90,225,60860000,52707
5,6086,60860000,60860100,90,225,60870000,52716
5,6087,60870000,60870100,90,225,60880000,52724
5,6088,60880000,60880100,90,225,60890000,52734
5,6089,60890000,60890100,90,225,60900000,52740
5,609,6090000,6090100,90,225,6100000,5277
5,6090,60900000,60900100,90,225,60910000,52753
5,6091,60910000,60910100,90,225,60920000,52759
5,6092,60920000,60920100,90,225,60930000,52767
5,6093,60930000,60930100,90,225,60940000,52777
5,6094,60940000,60940100,90,225,60950000,52785
5,6095,60950000,60950100,90,225,60960000,52792
5,6096,60960000,60960100,90,225,60970000,52804
5,6097,60970000,60970100,90,225,60980000,52812
5,6098,60980000,60980100,90,225,60990000,52819
5,6099,60990000,60990100,90,225,61000000,52828
5,61,610000,610100,90,225,620000,530
5,610,6100000,6100100,90,225,6110000,5286
5,6100,61000000,61000100,90,225,61010000,52839
5,6101,61010000,61010100,90,225,61020000,52845
5,6102,61020000,61020100,90,225,61030000,52855
5,6103,61030000,61030100,90,225,61040000,52861
5,6104,61040000,61040100,90,225,61050000,52872
5,6105,61050000,61050100,90,225,61060000,52882
5,6106,61060000,61060100,90,225,61070000,52889
5,6107,61070000,61070100,90,225,61080000,52897
5,6108,61080000,61080100,90,225,61090000,52908
5,6109,61090000,61090100,90,225,61100000,52914
5,611,6110000,6110100,90,225,6120000,5292
5,6110,61100000,61100100,90,225,61110000,52923
5,6111,61110000,61110100,90,225,61120000,52933
5,6112,61120000,61120100,90,225,61130000,52942
5,6113,61130000,61130100,90,225,61140000,52948
5,6114,61140000,61140100,90,225,61150000,52960
5,6115,61150000,61150100,90,225,61160000,52967
5,6116,61160000,61160100,90,225,61170000,52976
5,6117,61170000,61170100,90,225,61180000,52984
5,6118,61180000,61180100,90,225,61190000,52993
5,6119,61190000,61190100,90,225,61200000,52999
5,612,6120000,6120100,90,225,6130000,5305
5,6120,61200000,61200100,90,225,61210000,53012
5,6121,61210000,61210100,90,225,61220000,53021
5,6122,61220000,61220100,90,225,61230000,53028
5,6123,61230000,61230100,90,225,61240000,53036
5,6124,61240000,61240100,90,225,61250000,53044
5,6125,61250000,61250100,90,225,61260000,53053
5,6126,61260000,61260100,90,225,61270000,53063
5,6127,61270000,61270100,90,225,61280000,53070
5,6128,61280000,61280100,90,225,61290000,53081
5,6129,61290000,61290100,90,225,61300000,53089
5,613,6130000,6130100,90,225,6140000,5311
5,6130,61300000,61300100,90,225,61310000,53097
5,6131,61310000,61310100,90,225,61320000,53103
5,6132,61320000,61320100,90,225,61330000,53117
5,6133,61330000,61330100,90,225,61340000,53123
5,6134,61340000,61340100,90,225,61350000,53130
5,6135,61350000,61350100,90,225,61360000,53141
5,6136,61360000,61360100,90,225,61370000,53150
5,6137,61370000,61370100,90,225,61380000,53156
5,6138,61380000,61380100,90,225,61390000,53167
5,6139,61390000,61390100,90,225,61400000,53175
5,614,6140000,6140100,90,225,6150000,5318
5,6140,61400000,61400100,90,225,61410000,53184
5,6141,61410000,61410100,90,225,61420000,53192
5,6142,61420000,61420100,90,225,61430000,53201
5,6143,61430000,61430100,90,225,61440000,53208
5,6144,61440000,61440100,90,225,61450000,53220
5,6145,61450000,61450100,90,225,61460000,53227
5,6146,61460000,61460100,90,225,61470000,53236
5,6147,61470000,61470100,90,225,61480000,53244
5,6148,61480000,61480100,90,225,61490000,53252
5,6149,61490000,61490100,90,225,61500000,53261
5,615,6150000,6150100,90,225,6160000,5327
5,6150,61500000,61500100,90,225,61510000,53272
5,6151,61510000,61510100,90,225,61520000,53278
5,6152,61520000,61520100,90,225,61530000,53287
5,6153,61530000,61530100,90,225,61540000,53297
5,6154,61540000,61540100,90,225,61550000,53305
5,6155,61550000,61550100,90,225,61560000,53312
5,6156,61560000,61560100,90,225,61570000,53325
5,6157,61570000,61570100,90,225,61580000,53331
5,6158,61580000,61580100,90,225,61590000,53338
5,6159,61590000,61590100,90,225,61600000,53346
5,616,6160000,6160100,90,225,6170000,5339
5,6160,61600000,61600100,90,225,61610000,53359
5,6161,61610000,61610100,90,225,61620000,53365
5,6162,61620000,61620100,90,225,61630000,53375
5,6163,61630000,61630100,90,225,61640000,53383
5,6164,61640000,61640100,90,225,61650000,53391
5,6165,61650000,61650100,90,225,61660000,53401
5,6166,61660000,61660100,90,225,61670000,53408
5,6167,61670000,61670100,90,225,61680000,53416
5,6168,61680000,61680100,90,225,61690000,53428
5,6169,61690000,61690100,90,225,61700000,53434
5,617,6170000,6170100,90,225,6180000,5345
5,6170,61700000,61700100,90,225,61710000,53444
5,6171,61710000,61710100,90,225,61720000,53453
5,6172,61720000,61720100,90,225,61730000,53461
5,6173,61730000,61730100,90,225,61740000,53467
5,6174,61740000,61740100,90,225,61750000,53479
5,6175,61750000,61750100,90,225,61760000,53486
5,6176,61760000,61760100,90,225,61770000,53496
5,6177,61770000,61770100,90,225,61780000,53506
5,6178,61780000,61780100,90,225,61790000,53513
5,6179,61790000,61790100,90,225,61800000,53519
5,618,6180000,6180100,90,225,6190000,5355
5,6180,61800000,61800100,90,225,61810000,53531
5,6181,61810000,61810100,90,225,61820000,53539
5,6182,61820000,61820100,90,225,61830000,53547
5,6183,61830000,61830100,90,225,61840000,53555
5,6184,61840000,61840100,90,225,61850000,53566
5,6185,61850000,61850100,90,225,61860000,53573
5,6186,61860000,61860100,90,225,61870000,53583
5,6187,61870000,61870100,90,225,61880000,53590
5,6188,61880000,61880100,90,225,61890000,53600
5,6189,61890000,61890100,90,225,61900000,53608
5,619,6190000,6190100,90,225,6200000,5363
5,6190,61900000,61900100,90,225,61910000,53616
5,6191,61910000,61910100,90,225,61920000,53624
5,6192,61920000,61920100,90,225,61930000,53636
5,6193,61930000,61930100,90,225,61940000,53643
5,6194,61940000,61940100,90,225,61950000,53650
5,6195,61950000,61950100,90,225,61960000,53661
5,6196,61960000,61960100,90,225,61970000,53669
5,6197,61970000,61970100,90,225,61980000,53675
5,6198,61980000,61980100,90,225,61990000,53688
5,6199,61990000,61990100,90,225,62000000,53694
5,62,620000,620100,90,225,630000,537
5,620,6200000,6200100,90,225,6210000,5372
5,6200,62000000,62000100,90,225,62010000,53704
5,6201,62010000,62010100,90,225,62020000,53712
5,6202,62020000,62020100,90,225,62030000,53721
5,6203,62030000,62030100,90,225,62040000,53727
5,6204,62040000,62040100,90,225,62050000,53739
5,6205,62050000,62050100,90,225,62060000,53748
5,6206,62060000,62060100,90,225,62070000,53755
5,6207,62070000,62070100,90,225,62080000,53763
5,6208,62080000,62080100,90,225,62090000,53772
5,6209,62090000,62090100,90,225,62100000,53781
5,621,6210000,6210100,90,225,6220000,5381
5,6210,62100000,62100100,90,225,62110000,53792
5,6211,62110000,62110100,90,225,62120000,53798
5,6212,62120000,62120100,90,225,62130000,53808
5,6213,62130000,62130100,90,225,62140000,53816
5,6214,62140000,62140100,90,225,62150000,53823
5,6215,62150000,62150100,90,225,62160000,53831
5,6216,62160000,62160100,90,225,62170000,53845
5,6217,62170000,62170100,90,225,62180000,53851
5,6218,62180000,62180100,90,225,62190000,53858
5,6219,62190000,62190100,90,225,62200000,53868
5,622,6220000,6220100,90,225,6230000,5388
5,6220,62200000,62200100,90,225,62210000,53878
5,6221,62210000,62210100,90,225,62220000,53884
5,6222,62220000,62220100,90,225,62230000,53894
5,6223,62230000,62230100,90,225,62240000,53902
5,6224,62240000,62240100,90,225,62250000,53911
5,6225,62250000,62250100,90,225,62260000,53920
5,6226,62260000,62260100,90,225,62270000,53930
5,6227,62270000,62270100,90,225,62280000,53936
5,6228,62280000,62280100,90,225,62290000,53947
5,6229,62290000,62290100,90,225,62300000,53953
5,623,6230000,6230100,90,225,6240000,5396
5,6230,62300000,62300100,90,225,62310000,53963
5,6231,62310000,62310100,90,225,62320000,53972
5,6232,62320000,62320100,90,225,62330000,53981
5,6233,62330000,62330100,90,225,62340000,53989
5,6234,62340000,62340100,90,225,62350000,53999
5,6235,62350000,62350100,90,225,62360000,54006
5,6236,62360000,62360100,90,225,62370000,54014
5,6237,62370000,62370100,90,225,62380000,54025
5,6238,62380000,62380100,90,225,62390000,54032
5,6239,62390000,62390100,90,225,62400000,54038
5,624,6240000,6240100,90,225,6250000,5408
5,6240,62400000,62400100,90,225,62410000,54053
5,6241,62410000,62410100,90,225,62420000,54059
5,6242,62420000,62420100,90,225,62430000,54067
5,6243,62430000,62430100,90,225,62440000,54075
5,6244,62440000,62440100,90,225,62450000,54085
5,6245,62450000,62450100,90,225,62460000,54092
5,6246,62460000,62460100,90,225,62470000,54102
5,6247,62470000,62470100,90,225,62480000,54110
5,6248,62480000,62480100,90,225,62490000,54120
5,6249,62490000,62490100,90,225,62500000,54128
5,625,6250000,6250100,90,225,6260000,5415
5,6250,62500000,62500100,90,225,62510000,54136
5,6251,62510000,62510100,90,225,62520000,54144
5,6252,62520000,62520100,90,225,62530000,54155
5,6253,62530000,62530100,90,225,62540000,54162
5,6254,62540000,62540100,90,225,62550000,54171
5,6255,62550000,62550100,90,225,62560000,54180
5,6256,62560000,62560100,90,225,62570000,54189
5,6257,62570000,62570100,90,225,62580000,54195
5,6258,62580000,62580100,90,225,62590000,54207
5,6259,62590000,62590100,90,225,62600000,54214
5,626,6260000,6260100,90,225,6270000,5424
5,6260,62600000,62600100,90,225,62610000,54223
5,6261,62610000,62610100,90,225,62620000,54233
5,6262,62620000,62620100,90,225,62630000,54240
5,6263,62630000,62630100,90,225,62640000,54246
5,6264,62640000,62640100,90,225,62650000,54259
5,6265,62650000,62650100,90,225,62660000,54268
5,6266,62660000,62660100,90,225,62670000,54275
5,6267,62670000,62670100,90,225,62680000,54283
5,6268,62680000,62680100,90,225,62690000,54293
5,6269,62690000,62690100,90,225,62700000,54299
5,627,6270000,6270100,90,225,6280000,5433
5,6270,62700000,62700100,90,225,62710000,54311
5,6271,62710000,62710100,90,225,62720000,54317
5,6272,62720000,62720100,90,225,62730000,54328
5,6273,62730000,62730100,90,225,62740000,54336
5,6274,62740000,62740100,90,225,62750000,54343
5,6275,62750000,62750100,90,225,62760000,54353
5,6276,62760000,62760100,90,225,62770000,54364
5,6277,62770000,62770100,90,225,62780000,54370
5,6278,62780000,62780100,90,225,62790000,54377
5,6279,62790000,62790100,90,225,62800000,54387
5,628,6280000,6280100,90,225,6290000,5441
5,6280,62800000,62800100,90,225,62810000,54397
5,6281,62810000,62810100,90,225,62820000,54404
5,6282,62820000,62820100,90,225,62830000,54416
5,6283,62830000,62830100,90,225,62840000,54422
5,6284,62840000,62840100,90,225,62850000,54430
5,6285,62850000,62850100,90,225,62860000,54439
5,6286,62860000,62860100,90,225,62870000,54449
5,6287,62870000,62870100,90,225,62880000,54455
5,6288,62880000,62880100,90,225,62890000,54467
5,6289,62890000,62890100,90,225,62900000,54475
5,629,6290000,6290100,90,225,6300000,5447
5,6290,62900000,62900100,90,225,62910000,54483
5,6291,62910000,62910100,90,225,62920000,54491
5,6292,62920000,62920100,90,225,62930000,54500
5,6293,62930000,62930100,90,225,62940000,54508
5,6294,62940000,62940100,90,225,62950000,54518
5,6295,62950000,62950100,90,225,62960000,54525
5,6296,62960000,62960100,90,225,62970000,54536
5,6297,62970000,62970100,90,225,62980000,54545
5,6298,62980000,62980100,90,225,62990000,54552
5,6299,62990000,62990100,90,225,63000000,54558
5,63,630000,630100,90,225,640000,547
5,630,6300000,6300100,90,225,6310000,5460
5,6300,63000000,63000100,90,225,63010000,54572
5,6301,63010000,63010100,90,225,63020000,54578
5,6302,63020000,63020100,90,225,63030000,54585
5,6303,63030000,63030100,90,225,63040000,54596
5,6304,63040000,63040100,90,225,63050000,54605
5,6305,63050000,63050100,90,225,63060000,54612
5,6306,63060000,63060100,90,225,63070000,54622
5,6307,63070000,63070100,90,225,63080000,54630
5,6308,63080000,63080100,90,225,63090000,54639
5,6309,63090000,63090100,90,225,63100000,54647
5,631,6310000,6310100,90,225,6320000,5466
5,6310,63100000,63100100,90,225,63110000,54657
5,6311,63110000,63110100,90,225,63120000,54663
5,6312,63120000,63120100,90,225,63130000,54675
5,6313,63130000,63130100,90,225,63140000,54681
5,6314,63140000,63140100,90,225,63150000,54691
5,6315,63150000,63150100,90,225,63160000,54700
5,6316,63160000,63160100,90,225,63170000,54708
5,6317,63170000,63170100,90,225,63180000,54716
5,6318,63180000,63180100,90,225,63190000,54726
5,6319,63190000,63190100,90,225,63200000,54733
5,632,6320000,6320100,90,225,6330000,5476
5,6320,63200000,63200100,90,225,63210000,54743
5,6321,63210000,63210100,90,225,63220000,54753
5,6322,63220000,63220100,90,225,63230000,54760
5,6323,63230000,63230100,90,225,63240000,54766
5,6324,63240000,63240100,90,225,63250000,54779
5,6325,63250000,63250100,90,225,63260000,54787
5,6326,63260000,63260100,90,225,63270000,54794
5,6327,63270000,63270100,90,225,63280000,54802
5,6328,63280000,63280100,90,225,63290000,54813
5,6329,63290000,63290100,90,225,63300000,54819
5,633,6330000,6330100,90,225,6340000,5486
5,6330,63300000,63300100,90,225,63310000,54831
5,6331,63310000,63310100,90,225,63320000,54839
5,6332,63320000,63320100,90,225,63330000,54847
5,6333,63330000,63330100,90,225,63340000,54855
5,6334,63340000,63340100,90,225,63350000,54862
5,6335,63350000,63350100,90,225,63360000,54871
5,6336,63360000,63360100,90,225,63370000,54884
5,6337,63370000,63370100,90,225,63380000,54890
5,6338,63380000,63380100,90,225,63390000,54899
5,6339,63390000,63390100,90,225,63400000,54907
5,634,6340000,6340100,90,225,6350000,5493
5,6340,63400000,63400100,90,225,63410000,54916
5,6341,63410000,63410100,90,225,63420000,54923
5,6342,63420000,63420100,90,225,63430000,54935
5,6343,63430000,63430100,90,225,63440000,54941
5,6344,63440000,63440100,90,225,63450000,54950
5,6345,63450000,63450100,90,225,63460000,54961
5,6346,63460000,63460100,90,225,63470000,54968
5,6347,63470000,63470100,90,225,63480000,54975
5,6348,63480000,63480100,90,225,63490000,54986
5,6349,63490000,63490100,90,225,63500000,54994
5,635,6350000,6350100,90,225,6360000,5500
5,6350,63500000,63500100,90,225,63510000,55002
5,6351,63510000,63510100,90,225,63520000,55010
5,6352,63520000,63520100,90,225,63530000,55022
5,6353,63530000,63530100,90,225,63540000,55028
5,6354,63540000,63540100,90,225,63550000,55038
5,6355,63550000,63550100,90,225,63560000,55045
5,6356,63560000,63560100,90,225,63570000,55055
5,6357,63570000,63570100,90,225,63580000,55063
5,6358,63580000,63580100,90,225,63590000,55071
5,6359,63590000,63590100,90,225,63600000,55079
5,636,6360000,6360100,90,225,6370000,5511
5,6360,63600000,63600100,90,225,63610000,55092
5,6361,63610000,63610100,90,225,63620000,55098
5,6362,63620000,63620100,90,225,63630000,55105
5,6363,63630000,63630100,90,225,63640000,55116
5,6364,63640000,63640100,90,225,63650000,55124
5,6365,63650000,63650100,90,225,63660000,55131
5,6366,63660000,63660100,90,225,63670000,55143
5,6367,63670000,63670100,90,225,63680000,55149
5,6368,63680000,63680100,90,225,63690000,55158
5,6369,63690000,63690100,90,225,63700000,55167
5,637,6370000,6370100,90,225,6380000,5519
5,6370,63700000,63700100,90,225,63710000,55177
5,6371,63710000,63710100,90,225,63720000,55183
5,6372,63720000,63720100,90,225,63730000,55194
5,6373,63730000,63730100,90,225,63740000,55202
5,6374,63740000,63740100,90,225,63750000,55210
5,6375,63750000,63750100,90,225,63760000,55219
5,6376,63760000,63760100,90,225,63770000,55228
5,6377,63770000,63770100,90,225,63780000,55236
5,6378,63780000,63780100,90,225,63790000,55246
5,6379,63790000,63790100,90,225,63800000,55252
5,638,6380000,6380100,90,225,6390000,5527
5,6380,63800000,63800100,90,225,63810000,55264
5,6381,63810000,63810100,90,225,63820000,55272
5,6382,63820000,63820100,90,225,63830000,55279
5,6383,63830000,63830100,90,225,63840000,55285
5,6384,63840000,63840100,90,225,63850000,55299
5,6385,63850000,63850100,90,225,63860000,55307
5,6386,63860000,63860100,90,225,63870000,55314
5,6387,63870000,63870100,90,225,63880000,55324
5,6388,63880000,63880100,90,225,63890000,55332
5,6389,63890000,63890100,90,225,63900000,55338
5,639,6390000,6390100,90,225,6400000,5535
5,6390,63900000,63900100,90,225,63910000,55349
5,6391,63910000,63910100,90,225,63920000,55358
5,6392,63920000,63920100,90,225,63930000,55367
5,6393,63930000,63930100,90,225,63940000,55375
5,6394,63940000,63940100,90,225,63950000,55384
5,6395,63950000,63950100,90,225,63960000,55391
5,6396,63960000,63960100,90,225,63970000,55403
5,6397,63970000,63970100,90,225,63980000,55409
5,6398,63980000,63980100,90,225,63990000,55418
5,6399,63990000,63990100,90,225,64000000,55426
5,64,640000,640100,90,225,650000,556
5,640,6400000,6400100,90,225,6410000,5547
5,6400,64000000,64000100,90,225,64010000,55436
5,6401,64010000,64010100,90,225,64020000,55444
5,6402,64020000,64020100,90,225,64030000,55455
5,6403,64030000,64030100,90,225,64040000,55461
5,6404,64040000,64040100,90,225,64050000,55469
5,6405,64050000,64050100,90,225,64060000,55480
5,6406,64060000,64060100,90,225,64070000,55487
5,6407,64070000,64070100,90,225,64080000,55494
5,6408,64080000,64080100,90,225,64090000,55508
5,6409,64090000,64090100,90,225,64100000,55514
5,641,6410000,6410100,90,225,6420000,5553
5,6410,64100000,64100100,90,225,64110000,55522
5,6411,64110000,64110100,90,225,64120000,55530
5,6412,64120000,64120100,90,225,64130000,55540
5,6413,64130000,64130100,90,225,64140000,55547
5,6414,64140000,64140100,90,225,64150000,55557
5,6415,64150000,64150100,90,225,64160000,55566
5,6416,64160000,64160100,90,225,64170000,55575
5,6417,64170000,64170100,90,225,64180000,55583
5,6418,64180000,64180100,90,225,64190000,55591
5,6419,64190000,64190100,90,225,64200000,55599
5,642,6420000,6420100,90,225,6430000,5563
5,6420,64200000,64200100,90,225,64210000,55611
5,6421,64210000,64210100,90,225,64220000,55617
5,6422,64220000,64220100,90,225,64230000,55626
5,6423,64230000,64230100,90,225,64240000,55634
5,6424,64240000,64240100,90,225,64250000,55644
5,6425,64250000,64250100,90,225,64260000,55651
5,6426,64260000,64260100,90,225,64270000,55663
5,6427,64270000,64270100,90,225,64280000,55669
5,6428,64280000,64280100,90,225,64290000,55677
5,6429,64290000,64290100,90,225,64300000,55688
5,643,6430000,6430100,90,225,6440000,5570
5,6430,64300000,64300100,90,225,64310000,55696
5,6431,64310000,64310100,90,225,64320000,55702
5,6432,64320000,64320100,90,225,64330000,55714
5,6433,64330000,64330100,90,225,64340000,55722
5,6434,64340000,64340100,90,225,64350000,55729
5,6435,64350000,64350100,90,225,64360000,55739
5,6436,64360000,64360100,90,225,64370000,55749
5,6437,64370000,64370100,90,225,64380000,55755
5,6438,64380000,64380100,90,225,64390000,55765
5,6439,64390000,64390100,90,225,64400000,55771
5,644,6440000,6440100,90,225,6450000,5580
5,6440,64400000,64400100,90,225,64410000,55784
5,6441,64410000,64410100,90,225,64420000,55792
5,6442,64420000,64420100,90,225,64430000,55799
5,6443,64430000,64430100,90,225,64440000,55807
5,6444,64440000,64440100,90,225,64450000,55818
5,6445,64450000,64450100,90,225,64460000,55825
5,6446,64460000,64460100,90,225,64470000,55833
5,6447,64470000,64470100,90,225,64480000,55843
5,6448,64480000,64480100,90,225,64490000,55852
5,6449,64490000,64490100,90,225,64500000,55858
5,645,6450000,6450100,90,225,6460000,5589
5,6450,64500000,64500100,90,225,64510000,55871
5,6451,64510000,64510100,90,225,64520000,55878
5,6452,64520000,64520100,90,225,64530000,55886
5,6453,64530000,64530100,90,225,64540000,55894
5,6454,64540000,64540100,90,225,64550000,55903
5,6455,64550000,64550100,90,225,64560000,55910
5,6456,64560000,64560100,90,225,64570000,55922
5,6457,64570000,64570100,90,225,64580000,55931
5,6458,64580000,64580100,90,225,64590000,55938
5,6459,64590000,64590100,90,225,64600000,55946
5,646,6460000,6460100,90,225,6470000,5596
5,6460,64600000,64600100,90,225,64610000,55955
5,6461,64610000,64610100,90,225,64620000,55963
5,6462,64620000,64620100,90,225,64630000,55974
5,6463,64630000,64630100,90,225,64640000,55980
5,6464,64640000,64640100,90,225,64650000,55991
5,6465,64650000,64650100,90,225,64660000,56000
5,6466,64660000,64660100,90,225,64670000,56007
5,6467,64670000,64670100,90,225,64680000,56013
5,6468,64680000,64680100,90,225,64690000,56027
5,6469,64690000,64690100,90,225,64700000,56033
5,647,6470000,6470100,90,225,6480000,5604
5,6470,64700000,64700100,90,225,64710000,56041
5,6471,64710000,64710100,90,225,64720000,56051
5,6472,64720000,64720100,90,225,64730000,56060
5,6473,64730000,64730100,90,225,64740000,56067
5,6474,64740000,64740100,90,225,64750000,56077
5,6475,64750000,64750100,90,225,64760000,56086
5,6476,64760000,64760100,90,225,64770000,56094
5,6477,64770000,64770100,90,225,64780000,56102
5,6478,64780000,64780100,90,225,64790000,56111
5,6479,64790000,64790100,90,225,64800000,56118
5,648,6480000,6480100,90,225,6490000,5616
5,6480,64800000,64800100,90,225,64810000,56131
5,6481,64810000,64810100,90,225,64820000,56137
5,6482,64820000,64820100,90,225,64830000,56146
5,6483,64830000,64830100,90,225,64840000,56154
5,6484,64840000,64840100,90,225,64850000,56163
5,6485,64850000,64850100,90,225,64860000,56172
5,6486,64860000,64860100,90,225,64870000,56182
5,6487,64870000,64870100,90,225,64880000,56188
5,6488,64880000,64880100,90,225,64890000,56197
5,6489,64890000,64890100,90,225,64900000,56207
5,649,6490000,6490100,90,225,6500000,5623
5,6490,64900000,64900100,90,225,64910000,56216
5,6491,64910000,64910100,90,225,64920000,56222
5,6492,64920000,64920100,90,225,64930000,56235
5,6493,64930000,64930100,90,225,64940000,56241
5,6494,64940000,64940100,90,225,64950000,56248
5,6495,64950000,64950100,90,225,64960000,56258
5,6496,64960000,64960100,90,225,64970000,56269
5,6497,64970000,64970100,90,225,64980000,56275
5,6498,64980000,64980100,90,225,64990000,56285
5,6499,64990000,64990100,90,225,65000000,56293
5,65,650000,650100,90,225,660000,563
5,650,6500000,6500100,90,225,6510000,5631
5,6500,65000000,65000100,90,225,65010000,56302
5,6501,65010000,65010100,90,225,65020000,56311
5,6502,65020000,65020100,90,225,65030000,56318
5,6503,65030000,65030100,90,225,65040000,56326
5,6504,65040000,65040100,90,225,65050000,56338
5,6505,65050000,65050100,90,225,65060000,56345
5,6506,65060000,65060100,90,225,65070000,56355
5,6507,65070000,65070100,90,225,65080000,56363
5,6508,65080000,65080100,90,225,65090000,56371
5,6509,65090000,65090100,90,225,65100000,56377
5,651,6510000,6510100,90,225,6520000,5641
5,6510,65100000,65100100,90,225,65110000,56390
5,6511,65110000,65110100,90,225,65120000,56396
5,6512,65120000,65120100,90,225,65130000,56406
5,6513,65130000,65130100,90,225,65140000,56416
5,6514,65140000,65140100,90,225,65150000,56423
5,6515,65150000,65150100,90,225,65160000,56430
5,6516,65160000,65160100,90,225,65170000,56441
5,6517,65170000,65170100,90,225,65180000,56450
5,6518,65180000,65180100,90,225,65190000,56457
5,6519,65190000,65190100,90,225,65200000,56465
5,652,6520000,6520100,90,225,6530000,5649
5,6520,65200000,65200100,90,225,65210000,56477
5,6521,65210000,65210100,90,225,65220000,56483
5,6522,65220000,65220100,90,225,65230000,56493
5,6523,65230000,65230100,90,225,65240000,56500
5,6524,65240000,65240100,90,225,65250000,56510
5,6525,65250000,65250100,90,225,65260000,56519
5,6526,65260000,65260100,90,225,65270000,56526
5,6527,65270000,65270100,90,225,65280000,56534
5,6528,65280000,65280100,90,225,65290000,56547
5,6529,65290000,65290100,90,225,65300000,56553
5,653,6530000,6530100,90,225,6540000,5655
5,6530,65300000,65300100,90,225,65310000,56561
5,6531,65310000,65310100,90,225,65320000,56571
5,6532,65320000,65320100,90,225,65330000,56579
5,6533,65330000,65330100,90,225,65340000,56585
5,6534,65340000,65340100,90,225,65350000,56598
5,6535,65350000,65350100,90,225,65360000,56605
5,6536,65360000,65360100,90,225,65370000,56614
5,6537,65370000,65370100,90,225,65380000,56622
5,6538,65380000,65380100,90,225,65390000,56631
5,6539,65390000,65390100,90,225,65400000,56638
5,654,6540000,6540100,90,225,6550000,5668
5,6540,65400000,65400100,90,225,65410000,56650
5,6541,65410000,65410100,90,225,65420000,56658
5,6542,65420000,65420100,90,225,65430000,56665
5,6543,65430000,65430100,90,225,65440000,56673
5,6544,65440000,65440100,90,225,65450000,56682
5,6545,65450000,65450100,90,225,65460000,56692
5,6546,65460000,65460100,90,225,65470000,56702
5,6547,65470000,65470100,90,225,65480000,56708
5,6548,65480000,65480100,90,225,65490000,56718
5,6549,65490000,65490100,90,225,65500000,56726
5,655,6550000,6550100,90,225,6560000,5675
5,6550,65500000,65500100,90,225,65510000,56735
5,6551,65510000,65510100,90,225,65520000,56741
5,6552,65520000,65520100,90,225,65530000,56755
5,6553,65530000,65530100,90,225,65540000,56761
5,6554,65540000,65540100,90,225,65550000,56768
5,6555,65550000,65550100,90,225,65560000,56779
5,6556,65560000,65560100,90,225,65570000,56788
5,6557,65570000,65570100,90,225,65580000,56794
5,6558,65580000,65580100,90,225,65590000,56804
5,6559,65590000,65590100,90,225,65600000,56812
5,656,6560000,6560100,90,225,6570000,5684
5,6560,65600000,65600100,90,225,65610000,56822
5,6561,65610000,65610100,90,225,65620000,56831
5,6562,65620000,65620100,90,225,65630000,56840
5,6563,65630000,65630100,90,225,65640000,56846
5,6564,65640000,65640100,90,225,65650000,56857
5,6565,65650000,65650100,90,225,65660000,56864
5,6566,65660000,65660100,90,225,65670000,56873
5,6567,65670000,65670100,90,225,65680000,56882
5,6568,65680000,65680100,90,225,65690000,56891
5,6569,65690000,65690100,90,225,65700000,56899
5,657,6570000,6570100,90,225,6580000,5692
5,6570,65700000,65700100,90,225,65710000,56910
5,6571,65710000,65710100,90,225,65720000,56916
5,6572,65720000,65720100,90,225,65730000,56925
5,6573,65730000,65730100,90,225,65740000,56935
5,6574,65740000,65740100,90,225,65750000,56942
5,6575,65750000,65750100,90,225,65760000,56949
5,6576,65760000,65760100,90,225,65770000,56963
5,6577,65770000,65770100,90,225,65780000,56969
5,6578,65780000,65780100,90,225,65790000,56977
5,6579,65790000,65790100,90,225,65800000,56985
5,658,6580000,6580100,90,225,6590000,5701
5,6580,65800000,65800100,90,225,65810000,56996
5,6581,65810000,65810100,90,225,65820000,57002
5,6582,65820000,65820100,90,225,65830000,57012
5,6583,65830000,65830100,90,225,65840000,57021
5,6584,65840000,65840100,90,225,65850000,57030
5,6585,65850000,65850100,90,225,65860000,57039
5,6586,65860000,65860100,90,225,65870000,57046
5,6587,65870000,65870100,90,225,65880000,57054
5,6588,65880000,65880100,90,225,65890000,57065
5,6589,65890000,65890100,90,225,65900000,57072
5,659,6590000,6590100,90,225,6600000,5707
5,6590,65900000,65900100,90,225,65910000,57082
5,6591,65910000,65910100,90,225,65920000,57090
5,6592,65920000,65920100,90,225,65930000,57099
5,6593,65930000,65930100,90,225,65940000,57105
5,6594,65940000,65940100,90,225,65950000,57118
5,6595,65950000,65950100,90,225,65960000,57125
5,6596,65960000,65960100,90,225,65970000,57133
5,6597,65970000,65970100,90,225,65980000,57143
5,6598,65980000,65980100,90,225,65990000,57150
5,6599,65990000,65990100,90,225,66000000,57156
5,66,660000,660100,90,225,670000,576
5,660,6600000,6600100,90,225,6610000,5720
5,6600,66000000,66000100,90,225,66010000,57170
5,6601,66010000,66010100,90,225,66020000,57178
5,6602,66020000,66020100,90,225,66030000,57185
5,6603,66030000,66030100,90,225,66040000,57193
5,6604,66040000,66040100,90,225,66050000,57203
5,6605,66050000,66050100,90,225,66060000,57211
5,6606,66060000,66060100,90,225,66070000,57221
5,6607,66070000,66070100,90,225,66080000,57227
5,6608,66080000,66080100,90,225,66090000,57238
5,6609,66090000,66090100,90,225,66100000,57246
5,661,6610000,6610100,90,225,6620000,5728
5,6610,66100000,66100100,90,225,66110000,57254
5,6611,66110000,66110100,90,225,66120000,57263
5,6612,66120000,66120100,90,225,66130000,57274
5,6613,66130000,66130100,90,225,66140000,57280
5,6614,66140000,66140100,90,225,66150000,57287
5,6615,66150000,66150100,90,225,66160000,57298
5,6616,66160000,66160100,90,225,66170000,57308
5,6617,66170000,66170100,90,225,66180000,57314
5,6618,66180000,66180100,90,225,66190000,57326
5,6619,66190000,66190100,90,225,66200000,57332
5,662,6620000,6620100,90,225,6630000,5735
5,6620,66200000,66200100,90,225,66210000,57341
5,6621,66210000,66210100,90,225,66220000,57349
5,6622,66220000,66220100,90,225,66230000,57359
5,6623,66230000,66230100,90,225,66240000,57365
5,6624,66240000,66240100,90,225,66250000,57377
5,6625,66250000,66250100,90,225,66260000,57386
5,6626,66260000,66260100,90,225,66270000,57393
5,6627,66270000,66270100,90,225,66280000,57402
5,6628,66280000,66280100,90,225,66290000,57410
5,6629,66290000,66290100,90,225,66300000,57418
5,663,6630000,6630100,90,225,6640000,5743
5,6630,66300000,66300100,90,225,66310000,57429
5,6631,66310000,66310100,90,225,66320000,57435
5,6632,66320000,66320100,90,225,66330000,57446
5,6633,66330000,66330100,90,225,66340000,57455
5,6634,66340000,66340100,90,225,66350000,57462
5,6635,66350000,66350100,90,225,66360000,57469
5,6636,66360000,66360100,90,225,66370000,57482
5,6637,66370000,66370100,90,225,66380000,57488
5,6638,66380000,66380100,90,225,66390000,57496
5,6639,66390000,66390100,90,225,66400000,57506
5,664,6640000,6640100,90,225,6650000,5752
5,6640,66400000,66400100,90,225,66410000,57516
5,6641,66410000,66410100,90,225,66420000,57522
5,6642,66420000,66420100,90,225,66430000,57532
5,6643,66430000,66430100,90,225,66440000,57540
5,6644,66440000,66440100,90,225,66450000,57549
5,6645,66450000,66450100,90,225,66460000,57558
5,6646,66460000,66460100,90,225,66470000,57567
5,6647,66470000,66470100,90,225,66480000,57573
5,6648,66480000,66480100,90,225,66490000,57585
5,6649,66490000,66490100,90,225,66500000,57592
5,665,6650000,6650100,90,225,6660000,5762
5,6650,66500000,66500100,90,225,66510000,57602
5,6651,66510000,66510100,90,225,66520000,57610
5,6652,66520000,66520100,90,225,66530000,57618
5,6653,66530000,66530100,90,225,66540000,57626
5,6654,66540000,66540100,90,225,66550000,57636
5,6655,66550000,66550100,90,225,66560000,57644
5,6656,66560000,66560100,90,225,66570000,57653
5,6657,66570000,66570100,90,225,66580000,57663
5,6658,66580000,66580100,90,225,66590000,57670
5,6659,66590000,66590100,90,225,66600000,57676
5,666,6660000,6660100,90,225,6670000,5772
5,6660,66600000,66600100,90,225,66610000,57691
5,6661,66610000,66610100,90,225,66620000,57697
5,6662,66620000,66620100,90,225,66630000,57704
5,6663,66630000,66630100,90,225,66640000,57712
5,6664,66640000,66640100,90,225,66650000,57723
5,6665,66650000,66650100,90,225,66660000,57730
5,6666,66660000,66660100,90,225,66670000,57741
5,6667,66670000,66670100,90,225,66680000,57749
5,6668,66680000,66680100,90,225,66690000,57757
5,6669,66690000,66690100,90,225,66700000,57765
5,667,6670000,6670100,90,225,6680000,5778
5,6670,66700000,66700100,90,225,66710000,57773
5,6671,66710000,66710100,90,225,66720000,57782
5,6672,66720000,66720100,90,225,66730000,57794
5,6673,66730000,66730100,90,225,66740000,57800
5,6674,66740000,66740100,90,225,66750000,57809
5,6675,66750000,66750100,90,225,66760000,57818
5,6676,66760000,66760100,90,225,66770000,57826
5,6677,66770000,66770100,90,225,66780000,57833
5,6678,66780000,66780100,90,225,66790000,57845
5,6679,66790000,66790100,90,225,66800000,57851
5,668,6680000,6680100,90,225,6690000,5788
5,6680,66800000,66800100,90,225,66810000,57861
5,6681,66810000,66810100,90,225,66820000,57871
5,6682,66820000,66820100,90,225,66830000,57879
5,6683,66830000,66830100,90,225,66840000,57885
5,6684,66840000,66840100,90,225,66850000,57896
5,6685,66850000,66850100,90,225,66860000,57905
5,6686,66860000,66860100,90,225,66870000,57912
5,6687,66870000,66870100,90,225,66880000,57920
5,6688,66880000,66880100,90,225,66890000,57932
5,6689,66890000,66890100,90,225,66900000,57938
5,669,6690000,6690100,90,225,6700000,5796
5,6690,66900000,66900100,90,225,66910000,57949
5,6691,66910000,66910100,90,225,66920000,57955
5,6692,66920000,66920100,90,225,66930000,57965
5,6693,66930000,66930100,90,225,66940000,57974
5,6694,66940000,66940100,90,225,66950000,57981
5,6695,66950000,66950100,90,225,66960000,57990
5,6696,66960000,66960100,90,225,66970000,58002
5,6697,66970000,66970100,90,225,66980000,58008
5,6698,66980000,66980100,90,225,66990000,58015
5,6699,66990000,66990100,90,225,67000000,58026
5,67,670000,670100,90,225,680000,582
5,670,6700000,6700100,90,225,6710000,5804
5,6700,67000000,67000100,90,225,67010000,58035
5,6701,67010000,67010100,90,225,67020000,58041
5,6702,67020000,67020100,90,225,67030000,58053
5,6703,67030000,67030100,90,225,67040000,58059
5,6704,67040000,67040100,90,225,67050000,58069
5,6705,67050000,67050100,90,225,67060000,58078
5,6706,67060000,67060100,90,225,67070000,58087
5,6707,67070000,67070100,90,225,67080000,58093
5,6708,67080000,67080100,90,225,67090000,58104
5,6709,67090000,67090100,90,225,67100000,58112
5,671,6710000,6710100,90,225,6720000,5811
5,6710,67100000,67100100,90,225,67110000,58121
5,6711,67110000,67110100,90,225,67120000,58129
5,6712,67120000,67120100,90,225,67130000,58138
5,6713,67130000,67130100,90,225,67140000,58146
5,6714,67140000,67140100,90,225,67150000,58156
5,6715,67150000,67150100,90,225,67160000,58164
5,6716,67160000,67160100,90,225,67170000,58174
5,6717,67170000,67170100,90,225,67180000,58182
5,6718,67180000,67180100,90,225,67190000,58189
5,6719,67190000,67190100,90,225,67200000,58195
5,672,6720000,6720100,90,225,6730000,5825
5,6720,67200000,67200100,90,225,67210000,58210
5,6721,67210000,67210100,90,225,67220000,58217
5,6722,67220000,67220100,90,225,67230000,58224
5,6723,67230000,67230100,90,225,67240000,58234
5,6724,67240000,67240100,90,225,67250000,58242
5,6725,67250000,67250100,90,225,67260000,58249
5,6726,67260000,67260100,90,225,67270000,58260
5,6727,67270000,67270100,90,225,67280000,58268
5,6728,67280000,67280100,90,225,67290000,58277
5,6729,67290000,67290100,90,225,67300000,58285
5,673,6730000,6730100,90,225,6740000,5831
5,6730,67300000,67300100,90,225,67310000,58295
5,6731,67310000,67310100,90,225,67320000,58301
5,6732,67320000,67320100,90,225,67330000,58313
5,6733,67330000,67330100,90,225,67340000,58319
5,6734,67340000,67340100,90,225,67350000,58328
5,6735,67350000,67350100,90,225,67360000,58337
5,6736,67360000,67360100,90,225,67370000,58346
5,6737,67370000,67370100,90,225,67380000,58355
5,6738,67380000,67380100,90,225,67390000,58365
5,6739,67390000,67390100,90,225,67400000,58371
5,674,6740000,6740100,90,225,6750000,5838
5,6740,67400000,67400100,90,225,67410000,58380
5,6741,67410000,67410100,90,225,67420000,58390
5,6742,67420000,67420100,90,225,67430000,58397
5,6743,67430000,67430100,90,225,67440000,58404
5,6744,67440000,67440100,90,225,67450000,58418
5,6745,67450000,67450100,90,225,67460000,58425
5,6746,67460000,67460100,90,225,67470000,58432
5,6747,67470000,67470100,90,225,67480000,58440
5,6748,67480000,67480100,90,225,67490000,58451
5,6749,67490000,67490100,90,225,67500000,58457
5,675,6750000,6750100,90,225,6760000,5849
5,6750,67500000,67500100,90,225,67510000,58468
5,6751,67510000,67510100,90,225,67520000,58476
5,6752,67520000,67520100,90,225,67530000,58485
5,6753,67530000,67530100,90,225,67540000,58493
5,6754,67540000,67540100,90,225,67550000,58501
5,6755,67550000,67550100,90,225,67560000,58510
5,6756,67560000,67560100,90,225,67570000,58521
5,6757,67570000,67570100,90,225,67580000,58527
5,6758,67580000,67580100,90,225,67590000,58536
5,6759,67590000,67590100,90,225,67600000,58545
5,676,6760000,6760100,90,225,6770000,5858
5,6760,67600000,67600100,90,225,67610000,58555
5,6761,67610000,67610100,90,225,67620000,58561
5,6762,67620000,67620100,90,225,67630000,58573
5,6763,67630000,67630100,90,225,67640000,58579
5,6764,67640000,67640100,90,225,67650000,58587
5,6765,67650000,67650100,90,225,67660000,58599
5,6766,67660000,67660100,90,225,67670000,58606
5,6767,67670000,67670100,90,225,67680000,58612
5,6768,67680000,67680100,90,225,67690000,58624
5,6769,67690000,67690100,90,225,67700000,58632
5,677,6770000,6770100,90,225,6780000,5864
5,6770,67700000,67700100,90,225,67710000,58641
5,6771,67710000,67710100,90,225,67720000,58649
5,6772,67720000,67720100,90,225,67730000,58659
5,6773,67730000,67730100,90,225,67740000,58665
5,6774,67740000,67740100,90,225,67750000,58675
5,6775,67750000,67750100,90,225,67760000,58682
5,6776,67760000,67760100,90,225,67770000,58694
5,6777,67770000,67770100,90,225,67780000,58702
5,6778,67780000,67780100,90,225,67790000,58709
5,6779,67790000,67790100,90,225,67800000,58717
5,678,6780000,6780100,90,225,6790000,5874
5,6780,67800000,67800100,90,225,67810000,58729
5,6781,67810000,67810100,90,225,67820000,58736
5,6782,67820000,67820100,90,225,67830000,58743
5,6783,67830000,67830100,90,225,67840000,58753
5,6784,67840000,67840100,90,225,67850000,58762
5,6785,67850000,67850100,90,225,67860000,58769
5,6786,67860000,67860100,90,225,67870000,58781
5,6787,67870000,67870100,90,225,67880000,58788
5,6788,67880000,67880100,90,225,67890000,58796
5,6789,67890000,67890100,90,225,67900000,58804
5,679,6790000,6790100,90,225,6800000,5882
5,6790,67900000,67900100,90,225,67910000,58814
5,6791,67910000,67910100,90,225,67920000,58820
5,6792,67920000,67920100,90,225,67930000,58833
5,6793,67930000,67930100,90,225,67940000,58841
5,6794,67940000,67940100,90,225,67950000,58848
5,6795,67950000,67950100,90,225,67960000,58857
5,6796,67960000,67960100,90,225,67970000,58865
5,6797,67970000,67970100,90,225,67980000,58873
5,6798,67980000,67980100,90,225,67990000,58884
5,6799,67990000,67990100,90,225,68000000,58890
5,68,680000,680100,90,225,690000,590
5,680,6800000,6800100,90,225,6810000,5892
5,6800,68000000,68000100,90,225,68010000,58902
5,6801,68010000,68010100,90,225,68020000,58910
5,6802,68020000,68020100,90,225,68030000,58917
5,6803,68030000,68030100,90,225,68040000,58924
5,6804,68040000,68040100,90,225,68050000,58937
5,6805,68050000,68050100,90,225,68060000,58944
5,6806,68060000,68060100,90,225,68070000,58951
5,6807,68070000,68070100,90,225,68080000,58961
5,6808,68080000,68080100,90,225,68090000,58970
5,6809,68090000,68090100,90,225,68100000,58977
5,681,6810000,6810100,90,225,6820000,5900
5,6810,68100000,68100100,90,225,68110000,58988
5,6811,68110000,68110100,90,225,68120000,58996
5,6812,68120000,68120100,90,225,68130000,59004
5,6813,68130000,68130100,90,225,68140000,59012
5,6814,68140000,68140100,90,225,68150000,59022
5,6815,68150000,68150100,90,225,68160000,59029
5,6816,68160000,68160100,90,225,68170000,59041
5,6817,68170000,68170100,90,225,68180000,59047
5,6818,68180000,68180100,90,225,68190000,59056
5,6819,68190000,68190100,90,225,68200000,59064
5,682,6820000,6820100,90,225,6830000,5910
5,6820,68200000,68200100,90,225,68210000,59074
5,6821,68210000,68210100,90,225,68220000,59082
5,6822,68220000,68220100,90,225,68230000,59092
5,6823,68230000,68230100,90,225,68240000,59098
5,6824,68240000,68240100,90,225,68250000,59107
5,6825,68250000,68250100,90,225,68260000,59119
5,6826,68260000,68260100,90,225,68270000,59126
5,6827,68270000,68270100,90,225,68280000,59132
5,6828,68280000,68280100,90,225,68290000,59145
5,6829,68290000,68290100,90,225,68300000,59151
5,683,6830000,6830100,90,225,6840000,5916
5,6830,68300000,68300100,90,225,68310000,59159
5,6831,68310000,68310100,90,225,68320000,59168
5,6832,68320000,68320100,90,225,68330000,59179
5,6833,68330000,68330100,90,225,68340000,59185
5,6834,68340000,68340100,90,225,68350000,59195
5,6835,68350000,68350100,90,225,68360000,59204
5,6836,68360000,68360100,90,225,68370000,59213
5,6837,68370000,68370100,90,225,68380000,59221
5,6838,68380000,68380100,90,225,68390000,59228
5,6839,68390000,68390100,90,225,68400000,59236
5,684,6840000,6840100,90,225,6850000,5927
5,6840,68400000,68400100,90,225,68410000,59249
5,6841,68410000,68410100,90,225,68420000,59255
5,6842,68420000,68420100,90,225,68430000,59265
5,6843,68430000,68430100,90,225,68440000,59273
5,6844,68440000,68440100,90,225,68450000,59281
5,6845,68450000,68450100,90,225,68460000,59288
5,6846,68460000,68460100,90,225,68470000,59300
5,6847,68470000,68470100,90,225,68480000,59307
5,6848,68480000,68480100,90,225,68490000,59316
5,6849,68490000,68490100,90,225,68500000,59326
5,685,6850000,6850100,90,225,6860000,5934
5,6850,68500000,68500100,90,225,68510000,59334
5,6851,68510000,68510100,90,225,68520000,59340
5,6852,68520000,68520100,90,225,68530000,59351
5,6853,68530000,68530100,90,225,68540000,59360
5,6854,68540000,68540100,90,225,68550000,59367
5,6855,68550000,68550100,90,225,68560000,59376
5,6856,68560000,68560100,90,225,68570000,59387
5,6857,68570000,68570100,90,225,68580000,59393
5,6858,68580000,68580100,90,225,68590000,59404
5,6859,68590000,68590100,90,225,68600000,59410
5,686,6860000,6860100,90,225,6870000,5943
5,6860,68600000,68600100,90,225,68610000,59421
5,6861,68610000,68610100,90,225,68620000,59429
5,6862,68620000,68620100,90,225,68630000,59436
5,6863,68630000,68630100,90,225,68640000,59444
5,6864,68640000,68640100,90,225,68650000,59457
5,6865,68650000,68650100,90,225,68660000,59464
5,6866,68660000,68660100,90,225,68670000,59471
5,6867,68670000,68670100,90,225,68680000,59481
5,6868,68680000,68680100,90,225,68690000,59489
5,6869,68690000,68690100,90,225,68700000,59496
5,687,6870000,6870100,90,225,6880000,5952
5,6870,68700000,68700100,90,225,68710000,59509
5,6871,68710000,68710100,90,225,68720000,59515
5,6872,68720000,68720100,90,225,68730000,59524
5,6873,68730000,68730100,90,225,68740000,59532
5,6874,68740000,68740100,90,225,68750000,59541
5,6875,68750000,68750100,90,225,68760000,59549
5,6876,68760000,68760100,90,225,68770000,59560
5,6877,68770000,68770100,90,225,68780000,59568
5,6878,68780000,68780100,90,225,68790000,59575
5,6879,68790000,68790100,90,225,68800000,59583
5,688,6880000,6880100,90,225,6890000,5961
5,6880,68800000,68800100,90,225,68810000,59594
5,6881,68810000,68810100,90,225,68820000,59602
5,6882,68820000,68820100,90,225,68830000,59612
5,6883,68830000,68830100,90,225,68840000,59618
5,6884,68840000,68840100,90,225,68850000,59628
5,6885,68850000,68850100,90,225,68860000,59637
5,6886,68860000,68860100,90,225,68870000,59645
5,6887,68870000,68870100,90,225,68880000,59651
5,6888,68880000,68880100,90,225,68890000,59665
5,6889,68890000,68890100,90,225,68900000,59671
5,689,6890000,6890100,90,225,6900000,5969
5,6890,68900000,68900100,90,225,68910000,59679
5,6891,68910000,68910100,90,225,68920000,59690
5,6892,68920000,68920100,90,225,68930000,59698
5,6893,68930000,68930100,90,225,68940000,59704
5,6894,68940000,68940100,90,225,68950000,59714
5,6895,68950000,68950100,90,225,68960000,59723
5,6896,68960000,68960100,90,225,68970000,59732
5,6897,68970000,68970100,90,225,68980000,59741
5,6898,68980000,68980100,90,225,68990000,59750
5,6899,68990000,68990100,90,225,69000000,59756
5,69,690000,690100,90,225,700000,598
5,690,6900000,6900100,90,225,6910000,5980
5,6900,69000000,69000100,90,225,69010000,59768
5,6901,69010000,69010100,90,225,69020000,59774
5,6902,69020000,69020100,90,225,69030000,59784
5,6903,69030000,69030100,90,225,69040000,59792
5,6904,69040000,69040100,90,225,69050000,59801
5,6905,69050000,69050100,90,225,69060000,59810
5,6906,69060000,69060100,90,225,69070000,59820
5,6907,69070000,69070100,90,225,69080000,59826
5,6908,69080000,69080100,90,225,69090000,59835
5,6909,69090000,69090100,90,225,69100000,59845
5,691,6910000,6910100,90,225,6920000,5986
5,6910,69100000,69100100,90,225,69110000,59853
5,6911,69110000,69110100,90,225,69120000,59859
5,6912,69120000,69120100,90,225,69130000,59873
5,6913,69130000,69130100,90,225,69140000,59880
5,6914,69140000,69140100,90,225,69150000,59887
5,6915,69150000,69150100,90,225,69160000,59896
5,6916,69160000,69160100,90,225,69170000,59906
5,6917,69170000,69170100,90,225,69180000,59912
5,6918,69180000,69180100,90,225,69190000,59922
5,6919,69190000,69190100,90,225,69200000,59931
5,692,6920000,6920100,90,225,6930000,5994
5,6920,69200000,69200100,90,225,69210000,59941
5,6921,69210000,69210100,90,225,69220000,59949
5,6922,69220000,69220100,90,225,69230000,59956
5,6923,69230000,69230100,90,225,69240000,59964
5,6924,69240000,69240100,90,225,69250000,59976
5,6925,69250000,69250100,90,225,69260000,59983
5,6926,69260000,69260100,90,225,69270000,59992
5,6927,69270000,69270100,90,225,69280000,60000
5,6928,69280000,69280100,90,225,69290000,60009
5,6929,69290000,69290100,90,225,69300000,60015
5,693,6930000,6930100,90,225,6940000,6005
5,6930,69300000,69300100,90,225,69310000,60029
5,6931,69310000,69310100,90,225,69320000,60035
5,6932,69320000,69320100,90,225,69330000,60043
5,6933,69330000,69330100,90,225,69340000,60053
5,6934,69340000,69340100,90,225,69350000,60060
5,6935,69350000,69350100,90,225,69360000,60068
5,6936,69360000,69360100,90,225,69370000,60080
5,6937,69370000,69370100,90,225,69380000,60088
5,6938,69380000,69380100,90,225,69390000,60095
5,6939,69390000,69390100,90,225,69400000,60103
5,694,6940000,6940100,90,225,6950000,6012
5,6940,69400000,69400100,90,225,69410000,60114
5,6941,69410000,69410100,90,225,69420000,60121
5,6942,69420000,69420100,90,225,69430000,60131
5,6943,69430000,69430100,90,225,69440000,60137
5,6944,69440000,69440100,90,225,69450000,60148
5,6945,69450000,69450100,90,225,69460000,60157
5,6946,69460000,69460100,90,225,69470000,60165
5,6947,69470000,69470100,90,225,69480000,60173
5,6948,69480000,69480100,90,225,69490000,60184
5,6949,69490000,69490100,90,225,69500000,60190
5,695,6950000,6950100,90,225,6960000,6019
5,6950,69500000,69500100,90,225,69510000,60198
5,6951,69510000,69510100,90,225,69520000,60208
5,6952,69520000,69520100,90,225,69530000,60218
5,6953,69530000,69530100,90,225,69540000,60224
5,6954,69540000,69540100,90,225,69550000,60236
5,6955,69550000,69550100,90,225,69560000,60243
5,6956,69560000,69560100,90,225,69570000,60251
5,6957,69570000,69570100,90,225,69580000,60260
5,6958,69580000,69580100,90,225,69590000,60269
5,6959,69590000,69590100,90,225,69600000,60275
5,696,6960000,6960100,90,225,6970000,6033
5,6960,69600000,69600100,90,225,69610000,60288
5,6961,69610000,69610100,90,225,69620000,60296
5,6962,69620000,69620100,90,225,69630000,60303
5,6963,69630000,69630100,90,225,69640000,60312
5,6964,69640000,69640100,90,225,69650000,60320
5,6965,69650000,69650100,90,225,69660000,60329
5,6966,69660000,69660100,90,225,69670000,60339
5,6967,69670000,69670100,90,225,69680000,60345
5,6968,69680000,69680100,90,225,69690000,60357
5,6969,69690000,69690100,90,225,69700000,60365
5,697,6970000,6970100,90,225,6980000,6039
5,6970,69700000,69700100,90,225,69710000,60373
5,6971,69710000,69710100,90,225,69720000,60379
5,6972,69720000,69720100,90,225,69730000,60392
5,6973,69730000,69730100,90,225,69740000,60398
5,6974,69740000,69740100,90,225,69750000,60406
5,6975,69750000,69750100,90,225,69760000,60417
5,6976,69760000,69760100,90,225,69770000,60426
5,6977,69770000,69770100,90,225,69780000,60432
5,6978,69780000,69780100,90,225,69790000,60442
5,6979,69790000,69790100,90,225,69800000,60451
5,698,6980000,6980100,90,225,6990000,6047
5,6980,69800000,69800100,90,225,69810000,60460
5,6981,69810000,69810100,90,225,69820000,60468
5,6982,69820000,69820100,90,225,69830000,60477
5,6983,69830000,69830100,90,225,69840000,60483
5,6984,69840000,69840100,90,225,69850000,60495
5,6985,69850000,69850100,90,225,69860000,60503
5,6986,69860000,69860100,90,225,69870000,60512
5,6987,69870000,69870100,90,225,69880000,60520
5,6988,69880000,69880100,90,225,69890000,60528
5,6989,69890000,69890100,90,225,69900000,60536
5,699,6990000,6990100,90,225,7000000,6055
5,6990,69900000,69900100,90,225,69910000,60548
5,6991,69910000,69910100,90,225,69920000,60554
5,6992,69920000,69920100,90,225,69930000,60563
5,6993,69930000,69930100,90,225,69940000,60573
5,6994,69940000,69940100,90,225,69950000,60580
5,6995,69950000,69950100,90,225,69960000,60587
5,6996,69960000,69960100,90,225,69970000,60601
5,6997,69970000,69970100,90,225,69980000,60607
5,6998,69980000,69980100,90,225,69990000,60614
5,6999,69990000,69990100,90,225,70000000,60622
5,7,70000,70100,90,225,80000,62
5,70,700000,700100,90,225,710000,608
5,700,7000000,7000100,90,225,7010000,6066
5,7000,70000000,70000100,90,225,70010000,60634
5,7001,70010000,70010100,90,225,70020000,60641
5,7002,70020000,70020100,90,225,70030000,60651
5,7003,70030000,70030100,90,225,70040000,60659
5,7004,70040000,70040100,90,225,70050000,60667
5,7005,70050000,70050100,90,225,70060000,60676
5,7006,70060000,70060100,90,225,70070000,60683
5,7007,70070000,70070100,90,225,70080000,60692
5,7008,70080000,70080100,90,225,70090000,60704
5,7009,70090000,70090100,90,225,70100000,60710
5,701,7010000,7010100,90,225,7020000,6072
5,7010,70100000,70100100,90,225,70110000,60720
5,7011,70110000,70110100,90,225,70120000,60728
5,7012,70120000,70120100,90,225,70130000,60737
5,7013,70130000,70130100,90,225,70140000,60743
5,7014,70140000,70140100,90,225,70150000,60755
5,7015,70150000,70150100,90,225,70160000,60762
5,7016,70160000,70160100,90,225,70170000,60771
5,7017,70170000,70170100,90,225,70180000,60781
5,7018,70180000,70180100,90,225,70190000,60789
5,7019,70190000,70190100,90,225,70200000,60795
5,702,7020000,7020100,90,225,7030000,6082
5,7020,70200000,70200100,90,225,70210000,60807
5,7021,70210000,70210100,90,225,70220000,60815
5,7022,70220000,70220100,90,225,70230000,60822
5,7023,70230000,70230100,90,225,70240000,60831
5,7024,70240000,70240100,90,225,70250000,60842
5,7025,70250000,70250100,90,225,70260000,60849
5,7026,70260000,70260100,90,225,70270000,60859
5,7027,70270000,70270100,90,225,70280000,60865
5,7028,70280000,70280100,90,225,70290000,60875
5,7029,70290000,70290100,90,225,70300000,60884
5,703,7030000,7030100,90,225,7040000,6090
5,7030,70300000,70300100,90,225,70310000,60892
5,7031,70310000,70310100,90,225,70320000,60900
5,7032,70320000,70320100,90,225,70330000,60912
5,7033,70330000,70330100,90,225,70340000,60918
5,7034,70340000,70340100,90,225,70350000,60926
5,7035,70350000,70350100,90,225,70360000,60937
5,7036,70360000,70360100,90,225,70370000,60945
5,7037,70370000,70370100,90,225,70380000,60951
5,7038,70380000,70380100,90,225,70390000,60963
5,7039,70390000,70390100,90,225,70400000,60969
5,704,7040000,7040100,90,225,7050000,6100
5,7040,70400000,70400100,90,225,70410000,60980
5,7041,70410000,70410100,90,225,70420000,60988
5,7042,70420000,70420100,90,225,70430000,60997
5,7043,70430000,70430100,90,225,70440000,61003
5,7044,70440000,70440100,90,225,70450000,61014
5,7045,70450000,70450100,90,225,70460000,61024
5,7046,70460000,70460100,90,225,70470000,61031
5,7047,70470000,70470100,90,225,70480000,61039
5,7048,70480000,70480100,90,225,70490000,61048
5,7049,70490000,70490100,90,225,70500000,61056
5,705,7050000,7050100,90,225,7060000,6109
5,7050,70500000,70500100,90,225,70510000,61067
5,7051,70510000,70510100,90,225,70520000,61074
5,7052,70520000,70520100,90,225,70530000,61084
5,7053,70530000,70530100,90,225,70540000,61092
5,7054,70540000,70540100,90,225,70550000,61099
5,7055,70550000,70550100,90,225,70560000,61106
5,7056,70560000,70560100,90,225,70570000,61121
5,7057,70570000,70570100,90,225,70580000,61127
5,7058,70580000,70580100,90,225,70590000,61134
5,7059,70590000,70590100,90,225,70600000,61144
5,706,7060000,7060100,90,225,7070000,6116
5,7060,70600000,70600100,90,225,70610000,61153
5,7061,70610000,70610100,90,225,70620000,61159
5,7062,70620000,70620100,90,225,70630000,61170
5,7063,70630000,70630100,90,225,70640000,61178
5,7064,70640000,70640100,90,225,70650000,61187
5,7065,70650000,70650100,90,225,70660000,61196
5,7066,70660000,70660100,90,225,70670000,61205
5,7067,70670000,70670100,90,225,70680000,61212
5,7068,70680000,70680100,90,225,70690000,61223
5,7069,70690000,70690100,90,225,70700000,61229
5,707,7070000,7070100,90,225,7080000,6124
5,7070,70700000,70700100,90,225,70710000,61239
5,7071,70710000,70710100,90,225,70720000,61247
5,7072,70720000,70720100,90,225,70730000,61256
5,7073,70730000,70730100,90,225,70740000,61265
5,7074,70740000,70740100,90,225,70750000,61275
5,7075,70750000,70750100,90,225,70760000,61282
5,7076,70760000,70760100,90,225,70770000,61290
5,7077,70770000,70770100,90,225,70780000,61300
5,7078,70780000,70780100,90,225,70790000,61308
5,7079,70790000,70790100,90,225,70800000,61314
5,708,7080000,7080100,90,225,7090000,6135
5,7080,70800000,70800100,90,225,70810000,61329
5,7081,70810000,70810100,90,225,70820000,61335
5,7082,70820000,70820100,90,225,70830000,61342
5,7083,70830000,70830100,90,225,70840000,61350
5,7084,70840000,70840100,90,225,70850000,61361
5,7085,70850000,70850100,90,225,70860000,61368
5,7086,70860000,70860100,90,225,70870000,61378
5,7087,70870000,70870100,90,225,70880000,61386
5,7088,70880000,70880100,90,225,70890000,61395
5,7089,70890000,70890100,90,225,70900000,61404
5,709,7090000,7090100,90,225,7100000,6142
5,7090,70900000,70900100,90,225,70910000,61412
5,7091,70910000,70910100,90,225,70920000,61420
5,7092,70920000,70920100,90,225,70930000,61431
5,7093,70930000,70930100,90,225,70940000,61437
5,7094,70940000,70940100,90,225,70950000,61446
5,7095,70950000,70950100,90,225,70960000,61456
5,7096,70960000,70960100,90,225,70970000,61465
5,7097,70970000,70970100,90,225,70980000,61471
5,7098,70980000,70980100,90,225,70990000,61483
5,7099,70990000,70990100,90,225,71000000,61489
5,71,710000,710100,90,225,720000,615
5,710,7100000,7100100,90,225,7110000,6152
5,7100,71000000,71000100,90,225,71010000,61499
5,7101,71010000,71010100,90,225,71020000,61509
5,7102,71020000,71020100,90,225,71030000,61516
5,7103,71030000,71030100,90,225,71040000,61522
5,7104,71040000,71040100,90,225,71050000,61534
5,7105,71050000,71050100,90,225,71060000,61543
5,7106,71060000,71060100,90,225,71070000,61551
5,7107,71070000,71070100,90,225,71080000,61559
5,7108,71080000,71080100,90,225,71090000,61569
5,7109,71090000,71090100,90,225,71100000,61575
5,711,7110000,7110100,90,225,7120000,6160
5,7110,71100000,71100100,90,225,71110000,61586
5,7111,71110000,71110100,90,225,71120000,61593
5,7112,71120000,71120100,90,225,71130000,61604
5,7113,71130000,71130100,90,225,71140000,61612
5,7114,71140000,71140100,90,225,71150000,61619
5,7115,71150000,71150100,90,225,71160000,61628
5,7116,71160000,71160100,90,225,71170000,61639
5,7117,71170000,71170100,90,225,71180000,61646
5,7118,71180000,71180100,90,225,71190000,61653
5,7119,71190000,71190100,90,225,71200000,61663
5,712,7120000,7120100,90,225,7130000,6169
5,7120,71200000,71200100,90,225,71210000,61673
5,7121,71210000,71210100,90,225,71220000,61679
5,7122,71220000,71220100,90,225,71230000,61692
5,7123,71230000,71230100,90,225,71240000,61698
5,7124,71240000,71240100,90,225,71250000,61706
5,7125,71250000,71250100,90,225,71260000,61715
5,7126,71260000,71260100,90,225,71270000,61724
5,7127,71270000,71270100,90,225,71280000,61730
5,7128,71280000,71280100,90,225,71290000,61743
5,7129,71290000,71290100,90,225,71300000,61751
5,713,7130000,7130100,90,225,7140000,6175
5,7130,71300000,71300100,90,225,71310000,61759
5,7131,71310000,71310100,90,225,71320000,61767
5,7132,71320000,71320100,90,225,71330000,61775
5,7133,71330000,71330100,90,225,71340000,61784
5,7134,71340000,71340100,90,225,71350000,61794
5,7135,71350000,71350100,90,225,71360000,61801
5,7136,71360000,71360100,90,225,71370000,61812
5,7137,71370000,71370100,90,225,71380000,61820
5,7138,71380000,71380100,90,225,71390000,61827
5,7139,71390000,71390100,90,225,71400000,61834
5,714,7140000,7140100,90,225,7150000,6187
5,7140,71400000,71400100,90,225,71410000,61848
5,7141,71410000,71410100,90,225,71420000,61854
5,7142,71420000,71420100,90,225,71430000,61861
5,7143,71430000,71430100,90,225,71440000,61871
5,7144,71440000,71440100,90,225,71450000,61881
5,7145,71450000,71450100,90,225,71460000,61888
5,7146,71460000,71460100,90,225,71470000,61898
5,7147,71470000,71470100,90,225,71480000,61906
5,7148,71480000,71480100,90,225,71490000,61914
5,7149,71490000,71490100,90,225,71500000,61922
5,715,7150000,7150100,90,225,7160000,6195
5,7150,71500000,71500100,90,225,71510000,61933
5,7151,71510000,71510100,90,225,71520000,61939
5,7152,71520000,71520100,90,225,71530000,61951
5,7153,71530000,71530100,90,225,71540000,61957
5,7154,71540000,71540100,90,225,71550000,61966
5,7155,71550000,71550100,90,225,71560000,61976
5,7156,71560000,71560100,90,225,71570000,61984
5,7157,71570000,71570100,90,225,71580000,61992
5,7158,71580000,71580100,90,225,71590000,62002
5,7159,71590000,71590100,90,225,71600000,62008
5,716,7160000,7160100,90,225,7170000,6203
5,7160,71600000,71600100,90,225,71610000,62018
5,7161,71610000,71610100,90,225,71620000,62029
5,7162,71620000,71620100,90,225,71630000,62036
5,7163,71630000,71630100,90,225,71640000,62042
5,7164,71640000,71640100,90,225,71650000,62055
5,7165,71650000,71650100,90,225,71660000,62062
5,7166,71660000,71660100,90,225,71670000,62070
5,7167,71670000,71670100,90,225,71680000,62078
5,7168,71680000,71680100,90,225,71690000,62089
5,7169,71690000,71690100,90,225,71700000,62095
5,717,7170000,7170100,90,225,7180000,6213
5,7170,71700000,71700100,90,225,71710000,62106
5,7171,71710000,71710100,90,225,71720000,62114
5,7172,71720000,71720100,90,225,71730000,62123
5,7173,71730000,71730100,90,225,71740000,62131
5,7174,71740000,71740100,90,225,71750000,62138
5,7175,71750000,71750100,90,225,71760000,62147
5,7176,71760000,71760100,90,225,71770000,62159
5,7177,71770000,71770100,90,225,71780000,62166
5,7178,71780000,71780100,90,225,71790000,62175
5,7179,71790000,71790100,90,225,71800000,62183
5,718,7180000,7180100,90,225,7190000,6220
5,7180,71800000,71800100,90,225,71810000,62192
5,7181,71810000,71810100,90,225,71820000,62198
5,7182,71820000,71820100,90,225,71830000,62210
5,7183,71830000,71830100,90,225,71840000,62217
5,7184,71840000,71840100,90,225,71850000,62226
5,7185,71850000,71850100,90,225,71860000,62237
5,7186,71860000,71860100,90,225,71870000,62244
5,7187,71870000,71870100,90,225,71880000,62250
5,7188,71880000,71880100,90,225,71890000,62262
5,7189,71890000,71890100,90,225,71900000,62270
5,719,7190000,7190100,90,225,7200000,6226
5,7190,71900000,71900100,90,225,71910000,62278
5,7191,71910000,71910100,90,225,71920000,62286
5,7192,71920000,71920100,90,225,71930000,62297
5,7193,71930000,71930100,90,225,71940000,62303
5,7194,71940000,71940100,90,225,71950000,62314
5,7195,71950000,71950100,90,225,71960000,62321
5,7196,71960000,71960100,90,225,71970000,62331
5,7197,71970000,71970100,90,225,71980000,62339
5,7198,71980000,71980100,90,225,71990000,62346
5,7199,71990000,71990100,90,225,72000000,62355
5,72,720000,720100,90,225,730000,627
5,720,7200000,7200100,90,225,7210000,6240
5,7200,72000000,72000100,90,225,72010000,62368
5,7201,72010000,72010100,90,225,72020000,62374
5,7202,72020000,72020100,90,225,72030000,62381
5,7203,72030000,72030100,90,225,72040000,62391
5,7204,72040000,72040100,90,225,72050000,62399
5,7205,72050000,72050100,90,225,72060000,62407
5,7206,72060000,72060100,90,225,72070000,62419
5,7207,72070000,72070100,90,225,72080000,62425
5,7208,72080000,72080100,90,225,72090000,62434
5,7209,72090000,72090100,90,225,72100000,62442
5,721,7210000,7210100,90,225,7220000,6248
5,7210,72100000,72100100,90,225,72110000,62453
5,7211,72110000,72110100,90,225,72120000,62459
5,7212,72120000,72120100,90,225,72130000,62470
5,7213,72130000,72130100,90,225,72140000,62478
5,7214,72140000,72140100,90,225,72150000,62485
5,7215,72150000,72150100,90,225,72160000,62494
5,7216,72160000,72160100,90,225,72170000,62504
5,7217,72170000,72170100,90,225,72180000,62512
5,7218,72180000,72180100,90,225,72190000,62522
5,7219,72190000,72190100,90,225,72200000,62528
5,722,7220000,7220100,90,225,7230000,6255
5,7220,72200000,72200100,90,225,72210000,62539
5,7221,72210000,72210100,90,225,72220000,62548
5,7222,72220000,72220100,90,225,72230000,62555
5,7223,72230000,72230100,90,225,72240000,62561
5,7224,72240000,72240100,90,225,72250000,62575
5,7225,72250000,72250100,90,225,72260000,62582
5,7226,72260000,72260100,90,225,72270000,62589
5,7227,72270000,72270100,90,225,72280000,62600
5,7228,72280000,72280100,90,225,72290000,62608
5,7229,72290000,72290100,90,225,72300000,62614
5,723,7230000,7230100,90,225,7240000,6263
5,7230,72300000,72300100,90,225,72310000,62625
5,7231,72310000,72310100,90,225,72320000,62633
5,7232,72320000,72320100,90,225,72330000,62643
5,7233,72330000,72330100,90,225,72340000,62651
5,7234,72340000,72340100,90,225,72350000,62660
5,7235,72350000,72350100,90,225,72360000,62667
5,7236,72360000,72360100,90,225,72370000,62678
5,7237,72370000,72370100,90,225,72380000,62684
5,7238,72380000,72380100,90,225,72390000,62694
5,7239,72390000,72390100,90,225,72400000,62702
5,724,7240000,7240100,90,225,7250000,6273
5,7240,72400000,72400100,90,225,72410000,62712
5,7241,72410000,72410100,90,225,72420000,62720
5,7242,72420000,72420100,90,225,72430000,62730
5,7243,72430000,72430100,90,225,72440000,62737
5,7244,72440000,72440100,90,225,72450000,62745
5,7245,72450000,72450100,90,225,72460000,62756
5,7246,72460000,72460100,90,225,72470000,62763
5,7247,72470000,72470100,90,225,72480000,62769
5,7248,72480000,72480100,90,225,72490000,62783
5,7249,72490000,72490100,90,225,72500000,62790
5,725,7250000,7250100,90,225,7260000,6280
5,7250,72500000,72500100,90,225,72510000,62798
5,7251,72510000,72510100,90,225,72520000,62806
5,7252,72520000,72520100,90,225,72530000,62816
5,7253,72530000,72530100,90,225,72540000,62822
5,7254,72540000,72540100,90,225,72550000,62833
5,7255,72550000,72550100,90,225,72560000,62842
5,7256,72560000,72560100,90,225,72570000,62851
5,7257,72570000,72570100,90,225,72580000,62859
5,7258,72580000,72580100,90,225,72590000,62866
5,7259,72590000,72590100,90,225,72600000,62874
5,726,7260000,7260100,90,225,7270000,6291
5,7260,72600000,72600100,90,225,72610000,62887
5,7261,72610000,72610100,90,225,72620000,62893
5,7262,72620000,72620100,90,225,72630000,62902
5,7263,72630000,72630100,90,225,72640000,62910
5,7264,72640000,72640100,90,225,72650000,62919
5,7265,72650000,72650100,90,225,72660000,62927
5,7266,72660000,72660100,90,225,72670000,62939
5,7267,72670000,72670100,90,225,72680000,62945
5,7268,72680000,72680100,90,225,72690000,62953
5,7269,72690000,72690100,90,225,72700000,62963
5,727,7270000,7270100,90,225,7280000,6297
5,7270,72700000,72700100,90,225,72710000,62971
5,7271,72710000,72710100,90,225,72720000,62978
5,7272,72720000,72720100,90,225,72730000,62990
5,7273,72730000,72730100,90,225,72740000,62998
5,7274,72740000,72740100,90,225,72750000,63005
5,7275,72750000,72750100,90,225,72760000,63014
5,7276,72760000,72760100,90,225,72770000,63025
5,7277,72770000,72770100,90,225,72780000,63031
5,7278,72780000,72780100,90,225,72790000,63041
5,7279,72790000,72790100,90,225,72800000,63047
5,728,7280000,7280100,90,225,7290000,6308
5,7280,72800000,72800100,90,225,72810000,63059
5,7281,72810000,72810100,90,225,72820000,63067
5,7282,72820000,72820100,90,225,72830000,63075
5,7283,72830000,72830100,90,225,72840000,63083
5,7284,72840000,72840100,90,225,72850000,63094
5,7285,72850000,72850100,90,225,72860000,63101
5,7286,72860000,72860100,90,225,72870000,63108
5,7287,72870000,72870100,90,225,72880000,63119
5,7288,72880000,72880100,90,225,72890000,63128
5,7289,72890000,72890100,90,225,72900000,63134
5,729,7290000,7290100,90,225,7300000,6316
5,7290,72900000,72900100,90,225,72910000,63147
5,7291,72910000,72910100,90,225,72920000,63153
5,7292,72920000,72920100,90,225,72930000,63161
5,7293,72930000,72930100,90,225,72940000,63170
5,7294,72940000,72940100,90,225,72950000,63179
5,7295,72950000,72950100,90,225,72960000,63186
5,7296,72960000,72960100,90,225,72970000,63198
5,7297,72970000,72970100,90,225,72980000,63206
5,7298,72980000,72980100,90,225,72990000,63214
5,7299,72990000,72990100,90,225,73000000,63222
5,73,730000,730100,90,225,740000,635
5,730,7300000,7300100,90,225,7310000,6324
5,7300,73000000,73000100,90,225,73010000,63231
5,7301,73010000,73010100,90,225,73020000,63239
5,7302,73020000,73020100,90,225,73030000,63249
5,7303,73030000,73030100,90,225,73040000,63255
5,7304,73040000,73040100,90,225,73050000,63267
5,7305,73050000,73050100,90,225,73060000,63276
5,7306,73060000,73060100,90,225,73070000,63283
5,7307,73070000,73070100,90,225,73080000,63289
5,7308,73080000,73080100,90,225,73090000,63302
5,7309,73090000,73090100,90,225,73100000,63309
5,731,7310000,7310100,90,225,7320000,6333
5,7310,73100000,73100100,90,225,73110000,63317
5,7311,73110000,73110100,90,225,73120000,63327
5,7312,73120000,73120100,90,225,73130000,63336
5,7313,73130000,73130100,90,225,73140000,63342
5,7314,73140000,73140100,90,225,73150000,63352
5,7315,73150000,73150100,90,225,73160000,63362
5,7316,73160000,73160100,90,225,73170000,63370
5,7317,73170000,73170100,90,225,73180000,63378
5,7318,73180000,73180100,90,225,73190000,63387
5,7319,73190000,73190100,90,225,73200000,63393
5,732,7320000,7320100,90,225,7330000,6344
5,7320,73200000,73200100,90,225,73210000,63407
5,7321,73210000,73210100,90,225,73220000,63413
5,7322,73220000,73220100,90,225,73230000,63422
5,7323,73230000,73230100,90,225,73240000,63430
5,7324,73240000,73240100,90,225,73250000,63438
5,7325,73250000,73250100,90,225,73260000,63447
5,7326,73260000,73260100,90,225,73270000,63458
5,7327,73270000,73270100,90,225,73280000,63464
5,7328,73280000,73280100,90,225,73290000,63473
5,7329,73290000,73290100,90,225,73300000,63483
5,733,7330000,7330100,90,225,7340000,6350
5,7330,73300000,73300100,90,225,73310000,63491
5,7331,73310000,73310100,90,225,73320000,63498
5,7332,73320000,73320100,90,225,73330000,63511
5,7333,73330000,73330100,90,225,73340000,63517
5,7334,73340000,73340100,90,225,73350000,63524
5,7335,73350000,73350100,90,225,73360000,63533
5,7336,73360000,73360100,90,225,73370000,63544
5,7337,73370000,73370100,90,225,73380000,63551
5,7338,73380000,73380100,90,225,73390000,63561
5,7339,73390000,73390100,90,225,73400000,63569
5,734,7340000,7340100,90,225,7350000,6357
5,7340,73400000,73400100,90,225,73410000,63578
5,7341,73410000,73410100,90,225,73420000,63586
5,7342,73420000,73420100,90,225,73430000,63594
5,7343,73430000,73430100,90,225,73440000,63602
5,7344,73440000,73440100,90,225,73450000,63614
5,7345,73450000,73450100,90,225,73460000,63621
5,7346,73460000,73460100,90,225,73470000,63630
5,7347,73470000,73470100,90,225,73480000,63638
5,7348,73480000,73480100,90,225,73490000,63647
5,7349,73490000,73490100,90,225,73500000,63653
5,735,7350000,7350100,90,225,7360000,6368
5,7350,73500000,73500100,90,225,73510000,63666
5,7351,73510000,73510100,90,225,73520000,63672
5,7352,73520000,73520100,90,225,73530000,63681
5,7353,73530000,73530100,90,225,73540000,63692
5,7354,73540000,73540100,90,225,73550000,63699
5,7355,73550000,73550100,90,225,73560000,63706
5,7356,73560000,73560100,90,225,73570000,63717
5,7357,73570000,73570100,90,225,73580000,63725
5,7358,73580000,73580100,90,225,73590000,63732
5,7359,73590000,73590100,90,225,73600000,63741
5,736,7360000,7360100,90,225,7370000,6377
5,7360,73600000,73600100,90,225,73610000,63753
5,7361,73610000,73610100,90,225,73620000,63759
5,7362,73620000,73620100,90,225,73630000,63769
5,7363,73630000,73630100,90,225,73640000,63775
5,7364,73640000,73640100,90,225,73650000,63786
5,7365,73650000,73650100,90,225,73660000,63795
5,7366,73660000,73660100,90,225,73670000,63802
5,7367,73670000,73670100,90,225,73680000,63810
5,7368,73680000,73680100,90,225,73690000,63822
5,7369,73690000,73690100,90,225,73700000,63828
5,737,7370000,7370100,90,225,7380000,6384
5,7370,73700000,73700100,90,225,73710000,63837
5,7371,73710000,73710100,90,225,73720000,63847
5,7372,73720000,73720100,90,225,73730000,63855
5,7373,73730000,73730100,90,225,73740000,63861
5,7374,73740000,73740100,90,225,73750000,63873
5,7375,73750000,73750100,90,225,73760000,63881
5,7376,73760000,73760100,90,225,73770000,63890
5,7377,73770000,73770100,90,225,73780000,63898
5,7378,73780000,73780100,90,225,73790000,63907
5,7379,73790000,73790100,90,225,73800000,63913
5,738,7380000,7380100,90,225,7390000,6396
5,7380,73800000,73800100,90,225,73810000,63925
5,7381,73810000,73810100,90,225,73820000,63934
5,7382,73820000,73820100,90,225,73830000,63941
5,7383,73830000,73830100,90,225,73840000,63949
5,7384,73840000,73840100,90,225,73850000,63958
5,7385,73850000,73850100,90,225,73860000,63967
5,7386,73860000,73860100,90,225,73870000,63978
5,7387,73870000,73870100,90,225,73880000,63984
5,7388,73880000,73880100,90,225,73890000,63994
5,7389,73890000,73890100,90,225,73900000,64002
5,739,7390000,7390100,90,225,7400000,6402
5,7390,73900000,73900100,90,225,73910000,64010
5,7391,73910000,73910100,90,225,73920000,64016
5,7392,73920000,73920100,90,225,73930000,64031
5,7393,73930000,73930100,90,225,73940000,64037
5,7394,73940000,73940100,90,225,73950000,64044
5,7395,73950000,73950100,90,225,73960000,64055
5,7396,73960000,73960100,90,225,73970000,64063
5,7397,73970000,73970100,90,225,73980000,64070
5,7398,73980000,73980100,90,225,73990000,64080
5,7399,73990000,73990100,90,225,74000000,64088
5,74,740000,740100,90,225,750000,642
5,740,7400000,7400100,90,225,7410000,6411
5,7400,74000000,74000100,90,225,74010000,64098
5,7401,74010000,74010100,90,225,74020000,64106
5,7402,74020000,74020100,90,225,74030000,64115
5,7403,74030000,74030100,90,225,74040000,64122
5,7404,74040000,74040100,90,225,74050000,64133
5,7405,74050000,74050100,90,225,74060000,64140
5,7406,74060000,74060100,90,225,74070000,64149
5,7407,74070000,74070100,90,225,74080000,64157
5,7408,74080000,74080100,90,225,74090000,64167
5,7409,74090000,74090100,90,225,74100000,64175
5,741,7410000,7410100,90,225,7420000,6419
5,7410,74100000,74100100,90,225,74110000,64186
5,7411,74110000,74110100,90,225,74120000,64192
5,7412,74120000,74120100,90,225,74130000,64200
5,7413,74130000,74130100,90,225,74140000,64210
5,7414,74140000,74140100,90,225,74150000,64218
5,7415,74150000,74150100,90,225,74160000,64225
5,7416,74160000,74160100,90,225,74170000,64239
5,7417,74170000,74170100,90,225,74180000,64245
5,7418,74180000,74180100,90,225,74190000,64252
5,7419,74190000,74190100,90,225,74200000,64261
5,742,7420000,7420100,90,225,7430000,6429
5,7420,74200000,74200100,90,225,74210000,64272
5,7421,74210000,74210100,90,225,74220000,64278
5,7422,74220000,74220100,90,225,74230000,64288
5,7423,74230000,74230100,90,225,74240000,64296
5,7424,74240000,74240100,90,225,74250000,64305
5,7425,74250000,74250100,90,225,74260000,64315
5,7426,74260000,74260100,90,225,74270000,64322
5,7427,74270000,74270100,90,225,74280000,64330
5,7428,74280000,74280100,90,225,74290000,64341
5,7429,74290000,74290100,90,225,74300000,64347
5,743,7430000,7430100,90,225,7440000,6435
5,7430,74300000,74300100,90,225,74310000,64358
5,7431,74310000,74310100,90,225,74320000,64366
5,7432,74320000,74320100,90,225,74330000,64375
5,7433,74330000,74330100,90,225,74340000,64381
5,7434,74340000,74340100,90,225,74350000,64393
5,7435,74350000,74350100,90,225,74360000,64400
5,7436,74360000,74360100,90,225,74370000,64409
5,7437,74370000,74370100,90,225,74380000,64419
5,7438,74380000,74380100,90,225,74390000,64426
5,7439,74390000,74390100,90,225,74400000,64432
5,744,7440000,7440100,90,225,7450000,6447
5,7440,74400000,74400100,90,225,74410000,64445
5,7441,74410000,74410100,90,225,74420000,64454
5,7442,74420000,74420100,90,225,74430000,64461
5,7443,74430000,74430100,90,225,74440000,64469
5,7444,74440000,74440100,90,225,74450000,64479
5,7445,74450000,74450100,90,225,74460000,64486
5,7446,74460000,74460100,90,225,74470000,64496
5,7447,74470000,74470100,90,225,74480000,64503
5,7448,74480000,74480100,90,225,74490000,64514
5,7449,74490000,74490100,90,225,74500000,64522
5,745,7450000,7450100,90,225,7460000,6456
5,7450,74500000,74500100,90,225,74510000,64530
5,7451,74510000,74510100,90,225,74520000,64538
5,7452,74520000,74520100,90,225,74530000,64550
5,7453,74530000,74530100,90,225,74540000,64556
5,7454,74540000,74540100,90,225,74550000,64563
5,7455,74550000,74550100,90,225,74560000,64574
5,7456,74560000,74560100,90,225,74570000,64583
5,7457,74570000,74570100,90,225,74580000,64589
5,7458,74580000,74580100,90,225,74590000,64602
5,7459,74590000,74590100,90,225,74600000,64608
5,746,7460000,7460100,90,225,7470000,6463
5,7460,74600000,74600100,90,225,74610000,64617
5,7461,74610000,74610100,90,225,74620000,64625
5,7462,74620000,74620100,90,225,74630000,64634
5,7463,74630000,74630100,90,225,74640000,64641
5,7464,74640000,74640100,90,225,74650000,64653
5,7465,74650000,74650100,90,225,74660000,64662
5,7466,74660000,74660100,90,225,74670000,64669
5,7467,74670000,74670100,90,225,74680000,64677
5,7468,74680000,74680100,90,225,74690000,64685
5,7469,74690000,74690100,90,225,74700000,64694
5,747,7470000,7470100,90,225,7480000,6471
5,7470,74700000,74700100,90,225,74710000,64705
5,7471,74710000,74710100,90,225,74720000,64711
5,7472,74720000,74720100,90,225,74730000,64722
5,7473,74730000,74730100,90,225,74740000,64730
5,7474,74740000,74740100,90,225,74750000,64738
5,7475,74750000,74750100,90,225,74760000,64745
5,7476,74760000,74760100,90,225,74770000,64758
5,7477,74770000,74770100,90,225,74780000,64764
5,7478,74780000,74780100,90,225,74790000,64771
5,7479,74790000,74790100,90,225,74800000,64781
5,748,7480000,7480100,90,225,7490000,6480
5,7480,74800000,74800100,90,225,74810000,64792
5,7481,74810000,74810100,90,225,74820000,64798
5,7482,74820000,74820100,90,225,74830000,64808
5,7483,74830000,74830100,90,225,74840000,64816
5,7484,74840000,74840100,90,225,74850000,64824
5,7485,74850000,74850100,90,225,74860000,64834
5,7486,74860000,74860100,90,225,74870000,64843
5,7487,74870000,74870100,90,225,74880000,64849
5,7488,74880000,74880100,90,225,74890000,64861
5,7489,74890000,74890100,90,225,74900000,64867
5,749,7490000,7490100,90,225,7500000,6488
5,7490,74900000,74900100,90,225,74910000,64877
5,7491,74910000,74910100,90,225,74920000,64886
5,7492,74920000,74920100,90,225,74930000,64894
5,7493,74930000,74930100,90,225,74940000,64902
5,7494,74940000,74940100,90,225,74950000,64912
5,7495,74950000,74950100,90,225,74960000,64919
5,7496,74960000,74960100,90,225,74970000,64929
5,7497,74970000,74970100,90,225,74980000,64939
5,7498,74980000,74980100,90,225,74990000,64946
5,7499,74990000,74990100,90,225,75000000,64952
5,75,750000,750100,90,225,760000,651
5,750,7500000,7500100,90,225,7510000,6499
5,7500,75000000,75000100,90,225,75010000,64966
5,7501,75010000,75010100,90,225,75020000,64972
5,7502,75020000,75020100,90,225,75030000,64980
5,7503,75030000,75030100,90,225,75040000,64988
5,7504,75040000,75040100,90,225,75050000,64999
5,7505,75050000,75050100,90,225,75060000,65006
5,7506,75060000,75060100,90,225,75070000,65016
5,7507,75070000,75070100,90,225,75080000,65025
5,7508,75080000,75080100,90,225,75090000,65033
5,7509,75090000,75090100,90,225,75100000,65041
5,751,7510000,7510100,90,225,7520000,6505
5,7510,75100000,75100100,90,225,75110000,65049
5,7511,75110000,75110100,90,225,75120000,65057
5,7512,75120000,75120100,90,225,75130000,65069
5,7513,75130000,75130100,90,225,75140000,65076
5,7514,75140000,75140100,90,225,75150000,65085
5,7515,75150000,75150100,90,225,75160000,65094
5,7516,75160000,75160100,90,225,75170000,65102
5,7517,75170000,75170100,90,225,75180000,65108
5,7518,75180000,75180100,90,225,75190000,65121
5,7519,75190000,75190100,90,225,75200000,65127
5,752,7520000,7520100,90,225,7530000,6516
5,7520,75200000,75200100,90,225,75210000,65137
5,7521,75210000,75210100,90,225,75220000,65147
5,7522,75220000,75220100,90,225,75230000,65154
5,7523,75230000,75230100,90,225,75240000,65160
5,7524,75240000,75240100,90,225,75250000,65172
5,7525,75250000,75250100,90,225,75260000,65181
5,7526,75260000,75260100,90,225,75270000,65188
5,7527,75270000,75270100,90,225,75280000,65196
5,7528,75280000,75280100,90,225,75290000,65207
5,7529,75290000,75290100,90,225,75300000,65214
5,753,7530000,7530100,90,225,7540000,6525
5,7530,75300000,75300100,90,225,75310000,65225
5,7531,75310000,75310100,90,225,75320000,65231
5,7532,75320000,75320100,90,225,75330000,65241
5,7533,75330000,75330100,90,225,75340000,65249
5,7534,75340000,75340100,90,225,75350000,65256
5,7535,75350000,75350100,90,225,75360000,65266
5,7536,75360000,75360100,90,225,75370000,65278
5,7537,75370000,75370100,90,225,75380000,65284
5,7538,75380000,75380100,90,225,75390000,65291
5,7539,75390000,75390100,90,225,75400000,65301
5,754,7540000,7540100,90,225,7550000,6532
5,7540,75400000,75400100,90,225,75410000,65311
5,7541,75410000,75410100,90,225,75420000,65317
5,7542,75420000,75420100,90,225,75430000,65329
5,7543,75430000,75430100,90,225,75440000,65335
5,7544,75440000,75440100,90,225,75450000,65344
5,7545,75450000,75450100,90,225,75460000,65353
5,7546,75460000,75460100,90,225,75470000,65363
5,7547,75470000,75470100,90,225,75480000,65369
5,7548,75480000,75480100,90,225,75490000,65380
5,7549,75490000,75490100,90,225,75500000,65388
5,755,7550000,7550100,90,225,7560000,6539
5,7550,75500000,75500100,90,225,75510000,65396
5,7551,75510000,75510100,90,225,75520000,65405
5,7552,75520000,75520100,90,225,75530000,65414
5,7553,75530000,75530100,90,225,75540000,65422
5,7554,75540000,75540100,90,225,75550000,65432
5,7555,75550000,75550100,90,225,75560000,65439
5,7556,75560000,75560100,90,225,75570000,65449
5,7557,75570000,75570100,90,225,75580000,65458
5,7558,75580000,75580100,90,225,75590000,65465
5,7559,75590000,75590100,90,225,75600000,65471
5,756,7560000,7560100,90,225,7570000,6552
5,7560,75600000,75600100,90,225,75610000,65486
5,7561,75610000,75610100,90,225,75620000,65492
5,7562,75620000,75620100,90,225,75630000,65500
5,7563,75630000,75630100,90,225,75640000,65510
5,7564,75640000,75640100,90,225,75650000,65518
5,7565,75650000,75650100,90,225,75660000,65525
5,7566,75660000,75660100,90,225,75670000,65535
5,7567,75670000,75670100,90,225,75680000,65543
5,7568,75680000,75680100,90,225,75690000,65553
5,7569,75690000,75690100,90,225,75700000,65561
5,757,7570000,7570100,90,225,7580000,6558
5,7570,75700000,75700100,90,225,75710000,65571
5,7571,75710000,75710100,90,225,75720000,65577
5,7572,75720000,75720100,90,225,75730000,65588
5,7573,75730000,75730100,90,225,75740000,65595
5,7574,75740000,75740100,90,225,75750000,65604
5,7575,75750000,75750100,90,225,75760000,65613
5,7576,75760000,75760100,90,225,75770000,65622
5,7577,75770000,75770100,90,225,75780000,65630
5,7578,75780000,75780100,90,225,75790000,65640
5,7579,75790000,75790100,90,225,75800000,65647
5,758,7580000,7580100,90,225,7590000,6565
5,7580,75800000,75800100,90,225,75810000,65656
5,7581,75810000,75810100,90,225,75820000,65666
5,7582,75820000,75820100,90,225,75830000,65673
5,7583,75830000,75830100,90,225,75840000,65679
5,7584,75840000,75840100,90,225,75850000,65694
5,7585,75850000,75850100,90,225,75860000,65701
5,7586,75860000,75860100,90,225,75870000,65708
5,7587,75870000,75870100,90,225,75880000,65716
5,7588,75880000,75880100,90,225,75890000,65726
5,7589,75890000,75890100,90,225,75900000,65732
5,759,7590000,7590100,90,225,7600000,6576
5,7590,75900000,75900100,90,225,75910000,65744
5,7591,75910000,75910100,90,225,75920000,65752
5,7592,75920000,75920100,90,225,75930000,65761
5,7593,75930000,75930100,90,225,75940000,65769
5,7594,75940000,75940100,90,225,75950000,65776
5,7595,75950000,75950100,90,225,75960000,65786
5,7596,75960000,75960100,90,225,75970000,65797
5,7597,75970000,75970100,90,225,75980000,65803
5,7598,75980000,75980100,90,225,75990000,65812
5,7599,75990000,75990100,90,225,76000000,65820
5,76,760000,760100,90,225,770000,659
5,760,7600000,7600100,90,225,7610000,6586
5,7600,76000000,76000100,90,225,76010000,65830
5,7601,76010000,76010100,90,225,76020000,65837
5,7602,76020000,76020100,90,225,76030000,65849
5,7603,76030000,76030100,90,225,76040000,65855
5,7604,76040000,76040100,90,225,76050000,65863
5,7605,76050000,76050100,90,225,76060000,65874
5,7606,76060000,76060100,90,225,76070000,65882
5,7607,76070000,76070100,90,225,76080000,65888
5,7608,76080000,76080100,90,225,76090000,65900
5,7609,76090000,76090100,90,225,76100000,65908
5,761,7610000,7610100,90,225,7620000,6592
5,7610,76100000,76100100,90,225,76110000,65916
5,7611,76110000,76110100,90,225,76120000,65924
5,7612,76120000,76120100,90,225,76130000,65935
5,7613,76130000,76130100,90,225,76140000,65941
5,7614,76140000,76140100,90,225,76150000,65951
5,7615,76150000,76150100,90,225,76160000,65958
5,7616,76160000,76160100,90,225,76170000,65969
5,7617,76170000,76170100,90,225,76180000,65978
5,7618,76180000,76180100,90,225,76190000,65985
5,7619,76190000,76190100,90,225,76200000,65993
5,762,7620000,7620100,90,225,7630000,6602
5,7620,76200000,76200100,90,225,76210000,66005
5,7621,76210000,76210100,90,225,76220000,66011
5,7622,76220000,76220100,90,225,76230000,66018
5,7623,76230000,76230100,90,225,76240000,66029
5,7624,76240000,76240100,90,225,76250000,66038
5,7625,76250000,76250100,90,225,76260000,66045
5,7626,76260000,76260100,90,225,76270000,66057
5,7627,76270000,76270100,90,225,76280000,66063
5,7628,76280000,76280100,90,225,76290000,66072
5,7629,76290000,76290100,90,225,76300000,66080
5,763,7630000,7630100,90,225,7640000,6610
5,7630,76300000,76300100,90,225,76310000,66090
5,7631,76310000,76310100,90,225,76320000,66096
5,7632,76320000,76320100,90,225,76330000,66108
5,7633,76330000,76330100,90,225,76340000,66116
5,7634,76340000,76340100,90,225,76350000,66124
5,7635,76350000,76350100,90,225,76360000,66133
5,7636,76360000,76360100,90,225,76370000,66141
5,7637,76370000,76370100,90,225,76380000,66149
5,7638,76380000,76380100,90,225,76390000,66159
5,7639,76390000,76390100,90,225,76400000,66166
5,764,7640000,7640100,90,225,7650000,6619
5,7640,76400000,76400100,90,225,76410000,66178
5,7641,76410000,76410100,90,225,76420000,66186
5,7642,76420000,76420100,90,225,76430000,66193
5,7643,76430000,76430100,90,225,76440000,66199
5,7644,76440000,76440100,90,225,76450000,66212
5,7645,76450000,76450100,90,225,76460000,66220
5,7646,76460000,76460100,90,225,76470000,66227
5,7647,76470000,76470100,90,225,76480000,66237
5,7648,76480000,76480100,90,225,76490000,66246
5,7649,76490000,76490100,90,225,76500000,66252
5,765,7650000,7650100,90,225,7660000,6628
5,7650,76500000,76500100,90,225,76510000,66264
5,7651,76510000,76510100,90,225,76520000,66272
5,7652,76520000,76520100,90,225,76530000,66280
5,7653,76530000,76530100,90,225,76540000,66288
5,7654,76540000,76540100,90,225,76550000,66297
5,7655,76550000,76550100,90,225,76560000,66304
5,7656,76560000,76560100,90,225,76570000,66317
5,7657,76570000,76570100,90,225,76580000,66323
5,7658,76580000,76580100,90,225,76590000,66332
5,7659,76590000,76590100,90,225,76600000,66340
5,766,7660000,7660100,90,225,7670000,6637
5,7660,76600000,76600100,90,225,76610000,66349
5,7661,76610000,76610100,90,225,76620000,66358
5,7662,76620000,76620100,90,225,76630000,66368
5,7663,76630000,76630100,90,225,76640000,66374
5,7664,76640000,76640100,90,225,76650000,66383
5,7665,76650000,76650100,90,225,76660000,66394
5,7666,76660000,76660100,90,225,76670000,66401
5,7667,76670000,76670100,90,225,76680000,66408
5,7668,76680000,76680100,90,225,76690000,66421
5,7669,76690000,76690100,90,225,76700000,66427
5,767,7670000,7670100,90,225,7680000,6643
5,7670,76700000,76700100,90,225,76710000,66435
5,7671,76710000,76710100,90,225,76720000,66443
5,7672,76720000,76720100,90,225,76730000,66455
5,7673,76730000,76730100,90,225,76740000,66461
5,7674,76740000,76740100,90,225,76750000,66471
5,7675,76750000,76750100,90,225,76760000,66480
5,7676,76760000,76760100,90,225,76770000,66488
5,7677,76770000,76770100,90,225,76780000,66496
5,7678,76780000,76780100,90,225,76790000,66504
5,7679,76790000,76790100,90,225,76800000,66512
5,768,7680000,7680100,90,225,7690000,6655
5,7680,76800000,76800100,90,225,76810000,66525
5,7681,76810000,76810100,90,225,76820000,66531
5,7682,76820000,76820100,90,225,76830000,66540
5,7683,76830000,76830100,90,225,76840000,66549
5,7684,76840000,76840100,90,225,76850000,66557
5,7685,76850000,76850100,90,225,76860000,66564
5,7686,76860000,76860100,90,225,76870000,66576
5,7687,76870000,76870100,90,225,76880000,66582
5,7688,76880000,76880100,90,225,76890000,66591
5,7689,76890000,76890100,90,225,76900000,66602
5,769,7690000,7690100,90,225,7700000,6661
5,7690,76900000,76900100,90,225,76910000,66610
5,7691,76910000,76910100,90,225,76920000,66616
5,7692,76920000,76920100,90,225,76930000,66627
5,7693,76930000,76930100,90,225,76940000,66635
5,7694,76940000,76940100,90,225,76950000,66643
5,7695,76950000,76950100,90,225,76960000,66652
5,7696,76960000,76960100,90,225,76970000,66663
5,7697,76970000,76970100,90,225,76980000,66669
5,7698,76980000,76980100,90,225,76990000,66679
5,7699,76990000,76990100,90,225,77000000,66685
5,77,770000,770100,90,225,780000,668
5,770,7700000,7700100,90,225,7710000,6672
5,7700,77000000,77000100,90,225,77010000,66697
5,7701,77010000,77010100,90,225,77020000,66705
5,7702,77020000,77020100,90,225,77030000,66712
5,7703,77030000,77030100,90,225,77040000,66720
5,7704,77040000,77040100,90,225,77050000,66732
5,7705,77050000,77050100,90,225,77060000,66740
5,7706,77060000,77060100,90,225,77070000,66747
5,7707,77070000,77070100,90,225,77080000,66757
5,7708,77080000,77080100,90,225,77090000,66765
5,7709,77090000,77090100,90,225,77100000,66771
5,771,7710000,7710100,90,225,7720000,6680
5,7710,77100000,77100100,90,225,77110000,66784
5,7711,77110000,77110100,90,225,77120000,66791
5,7712,77120000,77120100,90,225,77130000,66800
5,7713,77130000,77130100,90,225,77140000,66808
5,7714,77140000,77140100,90,225,77150000,66817
5,7715,77150000,77150100,90,225,77160000,66824
5,7716,77160000,77160100,90,225,77170000,66836
5,7717,77170000,77170100,90,225,77180000,66844
5,7718,77180000,77180100,90,225,77190000,66851
5,7719,77190000,77190100,90,225,77200000,66859
5,772,7720000,7720100,90,225,7730000,6688
5,7720,77200000,77200100,90,225,77210000,66869
5,7721,77210000,77210100,90,225,77220000,66877
5,7722,77220000,77220100,90,225,77230000,66888
5,7723,77230000,77230100,90,225,77240000,66894
5,7724,77240000,77240100,90,225,77250000,66904
5,7725,77250000,77250100,90,225,77260000,66913
5,7726,77260000,77260100,90,225,77270000,66920
5,7727,77270000,77270100,90,225,77280000,66927
5,7728,77280000,77280100,90,225,77290000,66941
5,7729,77290000,77290100,90,225,77300000,66947
5,773,7730000,7730100,90,225,7740000,6696
5,7730,77300000,77300100,90,225,77310000,66955
5,7731,77310000,77310100,90,225,77320000,66965
5,7732,77320000,77320100,90,225,77330000,66973
5,7733,77330000,77330100,90,225,77340000,66980
5,7734,77340000,77340100,90,225,77350000,66990
5,7735,77350000,77350100,90,225,77360000,66999
5,7736,77360000,77360100,90,225,77370000,67008
5,7737,77370000,77370100,90,225,77380000,67016
5,7738,77380000,77380100,90,225,77390000,67026
5,7739,77390000,77390100,90,225,77400000,67032
5,774,7740000,7740100,90,225,7750000,6706
5,7740,77400000,77400100,90,225,77410000,67044
5,7741,77410000,77410100,90,225,77420000,67050
5,7742,77420000,77420100,90,225,77430000,67059
5,7743,77430000,77430100,90,225,77440000,67067
5,7744,77440000,77440100,90,225,77450000,67077
5,7745,77450000,77450100,90,225,77460000,67086
5,7746,77460000,77460100,90,225,77470000,67096
5,7747,77470000,77470100,90,225,77480000,67102
5,7748,77480000,77480100,90,225,77490000,67110
5,7749,77490000,77490100,90,225,77500000,67121
5,775,7750000,7750100,90,225,7760000,6714
5,7750,77500000,77500100,90,225,77510000,67129
5,7751,77510000,77510100,90,225,77520000,67135
5,7752,77520000,77520100,90,225,77530000,67149
5,7753,77530000,77530100,90,225,77540000,67155
5,7754,77540000,77540100,90,225,77550000,67162
5,7755,77550000,77550100,90,225,77560000,67172
5,7756,77560000,77560100,90,225,77570000,67182
5,7757,77570000,77570100,90,225,77580000,67188
5,7758,77580000,77580100,90,225,77590000,67198
5,7759,77590000,77590100,90,225,77600000,67206
5,776,7760000,7760100,90,225,7770000,6723
5,7760,77600000,77600100,90,225,77610000,67217
5,7761,77610000,77610100,90,225,77620000,67225
5,7762,77620000,77620100,90,225,77630000,67232
5,7763,77630000,77630100,90,225,77640000,67240
5,7764,77640000,77640100,90,225,77650000,67251
5,7765,77650000,77650100,90,225,77660000,67258
5,7766,77660000,77660100,90,225,77670000,67268
5,7767,77670000,77670100,90,225,77680000,67276
5,7768,77680000,77680100,90,225,77690000,67285
5,7769,77690000,77690100,90,225,77700000,67291
5,777,7770000,7770100,90,225,7780000,6733
5,7770,77700000,77700100,90,225,77710000,67304
5,7771,77710000,77710100,90,225,77720000,67311
5,7772,77720000,77720100,90,225,77730000,67319
5,7773,77730000,77730100,90,225,77740000,67329
5,7774,77740000,77740100,90,225,77750000,67336
5,7775,77750000,77750100,90,225,77760000,67343
5,7776,77760000,77760100,90,225,77770000,67355
5,7777,77770000,77770100,90,225,77780000,67364
5,7778,77780000,77780100,90,225,77790000,67371
5,7779,77790000,77790100,90,225,77800000,67379
5,778,7780000,7780100,90,225,7790000,6740
5,7780,77800000,77800100,90,225,77810000,67390
5,7781,77810000,77810100,90,225,77820000,67396
5,7782,77820000,77820100,90,225,77830000,67407
5,7783,77830000,77830100,90,225,77840000,67413
5,7784,77840000,77840100,90,225,77850000,67424
5,7785,77850000,77850100,90,225,77860000,67433
5,7786,77860000,77860100,90,225,77870000,67440
5,7787,77870000,77870100,90,225,77880000,67448
5,7788,77880000,77880100,90,225,77890000,67460
5,7789,77890000,77890100,90,225,77900000,67466
5,779,7790000,7790100,90,225,7800000,6746
5,7790,77900000,77900100,90,225,77910000,67474
5,7791,77910000,77910100,90,225,77920000,67484
5,7792,77920000,77920100,90,225,77930000,67493
5,7793,77930000,77930100,90,225,77940000,67500
5,7794,77940000,77940100,90,225,77950000,67512
5,7795,77950000,77950100,90,225,77960000,67519
5,7796,77960000,77960100,90,225,77970000,67527
5,7797,77970000,77970100,90,225,77980000,67535
5,7798,77980000,77980100,90,225,77990000,67544
5,7799,77990000,77990100,90,225,78000000,67551
5,78,780000,780100,90,225,790000,678
5,780,7800000,7800100,90,225,7810000,6760
5,7800,78000000,78000100,90,225,78010000,67564
5,7801,78010000,78010100,90,225,78020000,67572
5,7802,78020000,78020100,90,225,78030000,67579
5,7803,78030000,78030100,90,225,78040000,67587
5,7804,78040000,78040100,90,225,78050000,67596
5,7805,78050000,78050100,90,225,78060000,67605
5,7806,78060000,78060100,90,225,78070000,67615
5,7807,78070000,78070100,90,225,78080000,67621
5,7808,78080000,78080100,90,225,78090000,67632
5,7809,78090000,78090100,90,225,78100000,67640
5,781,7810000,7810100,90,225,7820000,6767
5,7810,78100000,78100100,90,225,78110000,67649
5,7811,78110000,78110100,90,225,78120000,67655
5,7812,78120000,78120100,90,225,78130000,67668
5,7813,78130000,78130100,90,225,78140000,67674
5,7814,78140000,78140100,90,225,78150000,67681
5,7815,78150000,78150100,90,225,78160000,67693
5,7816,78160000,78160100,90,225,78170000,67702
5,7817,78170000,78170100,90,225,78180000,67708
5,7818,78180000,78180100,90,225,78190000,67718
5,7819,78190000,78190100,90,225,78200000,67726
5,782,7820000,7820100,90,225,7830000,6774
5,7820,78200000,78200100,90,225,78210000,67735
5,7821,78210000,78210100,90,225,78220000,67744
5,7822,78220000,78220100,90,225,78230000,67753
5,7823,78230000,78230100,90,225,78240000,67759
5,7824,78240000,78240100,90,225,78250000,67771
5,7825,78250000,78250100,90,225,78260000,67778
5,7826,78260000,78260100,90,225,78270000,67788
5,7827,78270000,78270100,90,225,78280000,67796
5,7828,78280000,78280100,90,225,78290000,67804
5,7829,78290000,78290100,90,225,78300000,67812
5,783,7830000,7830100,90,225,7840000,6782
5,7830,78300000,78300100,90,225,78310000,67823
5,7831,78310000,78310100,90,225,78320000,67829
5,7832,78320000,78320100,90,225,78330000,67839
5,7833,78330000,78330100,90,225,78340000,67849
5,7834,78340000,78340100,90,225,78350000,67856
5,7835,78350000,78350100,90,225,78360000,67863
5,7836,78360000,78360100,90,225,78370000,67876
5,7837,78370000,78370100,90,225,78380000,67883
5,7838,78380000,78380100,90,225,78390000,67890
5,7839,78390000,78390100,90,225,78400000,67898
5,784,7840000,7840100,90,225,7850000,6793
5,7840,78400000,78400100,90,225,78410000,67910
5,7841,78410000,78410100,90,225,78420000,67916
5,7842,78420000,78420100,90,225,78430000,67926
5,7843,78430000,78430100,90,225,78440000,67935
5,7844,78440000,78440100,90,225,78450000,67943
5,7845,78450000,78450100,90,225,78460000,67952
5,7846,78460000,78460100,90,225,78470000,67959
5,7847,78470000,78470100,90,225,78480000,67967
5,7848,78480000,78480100,90,225,78490000,67980
5,7849,78490000,78490100,90,225,78500000,67986
5,785,7850000,7850100,90,225,7860000,6800
5,7850,78500000,78500100,90,225,78510000,67996
5,7851,78510000,78510100,90,225,78520000,68004
5,7852,78520000,78520100,90,225,78530000,68012
5,7853,78530000,78530100,90,225,78540000,68018
5,7854,78540000,78540100,90,225,78550000,68031
5,7855,78550000,78550100,90,225,78560000,68038
5,7856,78560000,78560100,90,225,78570000,68047
5,7857,78570000,78570100,90,225,78580000,68057
5,7858,78580000,78580100,90,225,78590000,68064
5,7859,78590000,78590100,90,225,78600000,68071
5,786,7860000,7860100,90,225,7870000,6811
5,7860,78600000,78600100,90,225,78610000,68083
5,7861,78610000,78610100,90,225,78620000,68091
5,7862,78620000,78620100,90,225,78630000,68098
5,7863,78630000,78630100,90,225,78640000,68106
5,7864,78640000,78640100,90,225,78650000,68117
5,7865,78650000,78650100,90,225,78660000,68125
5,7866,78660000,78660100,90,225,78670000,68135
5,7867,78670000,78670100,90,225,78680000,68141
5,7868,78680000,78680100,90,225,78690000,68151
5,7869,78690000,78690100,90,225,78700000,68159
5,787,7870000,7870100,90,225,7880000,6819
5,7870,78700000,78700100,90,225,78710000,68168
5,7871,78710000,78710100,90,225,78720000,68176
5,7872,78720000,78720100,90,225,78730000,68188
5,7873,78730000,78730100,90,225,78740000,68194
5,7874,78740000,78740100,90,225,78750000,68201
5,7875,78750000,78750100,90,225,78760000,68212
5,7876,78760000,78760100,90,225,78770000,68221
5,7877,78770000,78770100,90,225,78780000,68227
5,7878,78780000,78780100,90,225,78790000,68239
5,7879,78790000,78790100,90,225,78800000,68245
5,788,7880000,7880100,90,225,7890000,6827
5,7880,78800000,78800100,90,225,78810000,68255
5,7881,78810000,78810100,90,225,78820000,68264
5,7882,78820000,78820100,90,225,78830000,68273
5,7883,78830000,78830100,90,225,78840000,68279
5,7884,78840000,78840100,90,225,78850000,68290
5,7885,78850000,78850100,90,225,78860000,68299
5,7886,78860000,78860100,90,225,78870000,68306
5,7887,78870000,78870100,90,225,78880000,68315
5,7888,78880000,78880100,90,225,78890000,68324
5,7889,78890000,78890100,90,225,78900000,68332
5,789,7890000,7890100,90,225,7900000,6835
5,7890,78900000,78900100,90,225,78910000,68343
5,7891,78910000,78910100,90,225,78920000,68349
5,7892,78920000,78920100,90,225,78930000,68360
5,7893,78930000,78930100,90,225,78940000,68368
5,7894,78940000,78940100,90,225,78950000,68375
5,7895,78950000,78950100,90,225,78960000,68382
5,7896,78960000,78960100,90,225,78970000,68396
5,7897,78970000,78970100,90,225,78980000,68402
5,7898,78980000,78980100,90,225,78990000,68410
5,7899,78990000,78990100,90,225,79000000,68420
5,79,790000,790100,90,225,800000,684
5,790,7900000,7900100,90,225,7910000,6843
5,7900,79000000,79000100,90,225,79010000,68429
5,7901,79010000,79010100,90,225,79020000,68435
5,7902,79020000,79020100,90,225,79030000,68445
5,7903,79030000,79030100,90,225,79040000,68454
5,7904,79040000,79040100,90,225,79050000,68463
5,7905,79050000,79050100,90,225,79060000,68472
5,7906,79060000,79060100,90,225,79070000,68481
5,7907,79070000,79070100,90,225,79080000,68487
5,7908,79080000,79080100,90,225,79090000,68498
5,7909,79090000,79090100,90,225,79100000,68505
5,791,7910000,7910100,90,225,7920000,6851
5,7910,79100000,79100100,90,225,79110000,68515
5,7911,79110000,79110100,90,225,79120000,68523
5,7912,79120000,79120100,90,225,79130000,68532
5,7913,79130000,79130100,90,225,79140000,68540
5,7914,79140000,79140100,90,225,79150000,68551
5,7915,79150000,79150100,90,225,79160000,68558
5,7916,79160000,79160100,90,225,79170000,68566
5,7917,79170000,79170100,90,225,79180000,68576
5,7918,79180000,79180100,90,225,79190000,68583
5,7919,79190000,79190100,90,225,79200000,68589
5,792,7920000,7920100,90,225,7930000,6864
5,7920,79200000,79200100,90,225,79210000,68605
5,7921,79210000,79210100,90,225,79220000,68611
5,7922,79220000,79220100,90,225,79230000,68618
5,7923,79230000,79230100,90,225,79240000,68626
5,7924,79240000,79240100,90,225,79250000,68636
5,7925,79250000,79250100,90,225,79260000,68644
5,7926,79260000,79260100,90,225,79270000,68654
5,7927,79270000,79270100,90,225,79280000,68662
5,7928,79280000,79280100,90,225,79290000,68671
5,7929,79290000,79290100,90,225,79300000,68679
5,793,7930000,7930100,90,225,7940000,6870
5,7930,79300000,79300100,90,225,79310000,68687
5,7931,79310000,79310100,90,225,79320000,68696
5,7932,79320000,79320100,90,225,79330000,68707
5,7933,79330000,79330100,90,225,79340000,68713
5,7934,79340000,79340100,90,225,79350000,68722
5,7935,79350000,79350100,90,225,79360000,68731
5,7936,79360000,79360100,90,225,79370000,68741
5,7937,79370000,79370100,90,225,79380000,68747
5,7938,79380000,79380100,90,225,79390000,68759
5,7939,79390000,79390100,90,225,79400000,68765
5,794,7940000,7940100,90,225,7950000,6879
5,7940,79400000,79400100,90,225,79410000,68774
5,7941,79410000,79410100,90,225,79420000,68784
5,7942,79420000,79420100,90,225,79430000,68792
5,7943,79430000,79430100,90,225,79440000,68798
5,7944,79440000,79440100,90,225,79450000,68810
5,7945,79450000,79450100,90,225,79460000,68819
5,7946,79460000,79460100,90,225,79470000,68826
5,7947,79470000,79470100,90,225,79480000,68835
5,7948,79480000,79480100,90,225,79490000,68845
5,7949,79490000,79490100,90,225,79500000,68851
5,795,7950000,7950100,90,225,7960000,6888
5,7950,79500000,79500100,90,225,79510000,68862
5,7951,79510000,79510100,90,225,79520000,68868
5,7952,79520000,79520100,90,225,79530000,68879
5,7953,79530000,79530100,90,225,79540000,68888
5,7954,79540000,79540100,90,225,79550000,68895
5,7955,79550000,79550100,90,225,79560000,68904
5,7956,79560000,79560100,90,225,79570000,68915
5,7957,79570000,79570100,90,225,79580000,68921
5,7958,79580000,79580100,90,225,79590000,68929
5,7959,79590000,79590100,90,225,79600000,68939
5,796,7960000,7960100,90,225,7970000,6896
5,7960,79600000,79600100,90,225,79610000,68949
5,7961,79610000,79610100,90,225,79620000,68955
5,7962,79620000,79620100,90,225,79630000,68967
5,7963,79630000,79630100,90,225,79640000,68973
5,7964,79640000,79640100,90,225,79650000,68982
5,7965,79650000,79650100,90,225,79660000,68991
5,7966,79660000,79660100,90,225,79670000,69000
5,7967,79670000,79670100,90,225,79680000,69006
5,7968,79680000,79680100,90,225,79690000,69018
5,7969,79690000,79690100,90,225,79700000,69027
5,797,7970000,7970100,90,225,7980000,6903
5,7970,79700000,79700100,90,225,79710000,69035
5,7971,79710000,79710100,90,225,79720000,69043
5,7972,79720000,79720100,90,225,79730000,69051
5,7973,79730000,79730100,90,225,79740000,69059
5,7974,79740000,79740100,90,225,79750000,69069
5,7975,79750000,79750100,90,225,79760000,69077
5,7976,79760000,79760100,90,225,79770000,69088
5,7977,79770000,79770100,90,225,79780000,69096
5,7978,79780000,79780100,90,225,79790000,69103
5,7979,79790000,79790100,90,225,79800000,69109
5,798,7980000,7980100,90,225,7990000,6915
5,7980,79800000,79800100,90,225,79810000,69124
5,7981,79810000,79810100,90,225,79820000,69130
5,7982,79820000,79820100,90,225,79830000,69137
5,7983,79830000,79830100,90,225,79840000,69147
5,7984,79840000,79840100,90,225,79850000,69156
5,7985,79850000,79850100,90,225,79860000,69163
5,7986,79860000,79860100,90,225,79870000,69174
5,7987,79870000,79870100,90,225,79880000,69182
5,7988,79880000,79880100,90,225,79890000,69190
5,7989,79890000,79890100,90,225,79900000,69198
5,799,7990000,7990100,90,225,8000000,6921
5,7990,79900000,79900100,90,225,79910000,69208
5,7991,79910000,79910100,90,225,79920000,69215
5,7992,79920000,79920100,90,225,79930000,69227
5,7993,79930000,79930100,90,225,79940000,69233
5,7994,79940000,79940100,90,225,79950000,69242
5,7995,79950000,79950100,90,225,79960000,69251
5,7996,79960000,79960100,90,225,79970000,69259
5,7997,79970000,79970100,90,225,79980000,69268
5,7998,79980000,79980100,90,225,79990000,69278
5,7999,79990000,79990100,90,225,80000000,69284
5,8,80000,80100,90,225,90000,71
5,80,800000,800100,90,225,810000,696
5,800,8000000,8000100,90,225,8010000,6931
5,8000,80000000,80000100,90,225,80010000,69294
5,8001,80010000,80010100,90,225,80020000,69304
5,8002,80020000,80020100,90,225,80030000,69312
5,8003,80030000,80030100,90,225,80040000,69318
5,8004,80040000,80040100,90,225,80050000,69331
5,8005,80050000,80050100,90,225,80060000,69338
5,8006,80060000,80060100,90,225,80070000,69345
5,8007,80070000,80070100,90,225,80080000,69353
5,8008,80080000,80080100,90,225,80090000,69365
5,8009,80090000,80090100,90,225,80100000,69371
5,801,8010000,8010100,90,225,8020000,6941
5,8010,80100000,80100100,90,225,80110000,69382
5,8011,80110000,80110100,90,225,80120000,69390
5,8012,80120000,80120100,90,225,80130000,69398
5,8013,80130000,80130100,90,225,80140000,69407
5,8014,80140000,80140100,90,225,80150000,69414
5,8015,80150000,80150100,90,225,80160000,69423
5,8016,80160000,80160100,90,225,80170000,69435
5,8017,80170000,80170100,90,225,80180000,69441
5,8018,80180000,80180100,90,225,80190000,69450
5,8019,80190000,80190100,90,225,80200000,69459
5,802,8020000,8020100,90,225,8030000,6948
5,8020,80200000,80200100,90,225,80210000,69468
5,8021,80210000,80210100,90,225,80220000,69474
5,8022,80220000,80220100,90,225,80230000,69486
5,8023,80230000,80230100,90,225,80240000,69492
5,8024,80240000,80240100,90,225,80250000,69502
5,8025,80250000,80250100,90,225,80260000,69513
5,8026,80260000,80260100,90,225,80270000,69520
5,8027,80270000,80270100,90,225,80280000,69526
5,8028,80280000,80280100,90,225,80290000,69537
5,8029,80290000,80290100,90,225,80300000,69545
5,803,8030000,8030100,90,225,8040000,6955
5,8030,80300000,80300100,90,225,80310000,69554
5,8031,80310000,80310100,90,225,80320000,69562
5,8032,80320000,80320100,90,225,80330000,69573
5,8033,80330000,80330100,90,225,80340000,69579
5,8034,80340000,80340100,90,225,80350000,69589
5,8035,80350000,80350100,90,225,80360000,69597
5,8036,80360000,80360100,90,225,80370000,69607
5,8037,80370000,80370100,90,225,80380000,69615
5,8038,80380000,80380100,90,225,80390000,69622
5,8039,80390000,80390100,90,225,80400000,69630
5,804,8040000,8040100,90,225,8050000,6966
5,8040,80400000,80400100,90,225,80410000,69643
5,8041,80410000,80410100,90,225,80420000,69650
5,8042,80420000,80420100,90,225,80430000,69657
5,8043,80430000,80430100,90,225,80440000,69667
5,8044,80440000,80440100,90,225,80450000,69675
5,8045,80450000,80450100,90,225,80460000,69682
5,8046,80460000,80460100,90,225,80470000,69695
5,8047,80470000,80470100,90,225,80480000,69701
5,8048,80480000,80480100,90,225,80490000,69710
5,8049,80490000,80490100,90,225,80500000,69718
5,805,8050000,8050100,90,225,8060000,6975
5,8050,80500000,80500100,90,225,80510000,69728
5,8051,80510000,80510100,90,225,80520000,69734
5,8052,80520000,80520100,90,225,80530000,69746
5,8053,80530000,80530100,90,225,80540000,69754
5,8054,80540000,80540100,90,225,80550000,69761
5,8055,80550000,80550100,90,225,80560000,69770
5,8056,80560000,80560100,90,225,80570000,69779
5,8057,80570000,80570100,90,225,80580000,69788
5,8058,80580000,80580100,90,225,80590000,69798
5,8059,80590000,80590100,90,225,80600000,69804
5,806,8060000,8060100,90,225,8070000,6982
5,8060,80600000,80600100,90,225,80610000,69815
5,8061,80610000,80610100,90,225,80620000,69823
5,8062,80620000,80620100,90,225,80630000,69830
5,8063,80630000,80630100,90,225,80640000,69837
5,8064,80640000,80640100,90,225,80650000,69851
5,8065,80650000,80650100,90,225,80660000,69858
5,8066,80660000,80660100,90,225,80670000,69865
5,8067,80670000,80670100,90,225,80680000,69875
5,8068,80680000,80680100,90,225,80690000,69884
5,8069,80690000,80690100,90,225,80700000,69890
5,807,8070000,8070100,90,225,8080000,6990
5,8070,80700000,80700100,90,225,80710000,69901
5,8071,80710000,80710100,90,225,80720000,69909
5,8072,80720000,80720100,90,225,80730000,69918
5,8073,80730000,80730100,90,225,80740000,69926
5,8074,80740000,80740100,90,225,80750000,69936
5,8075,80750000,80750100,90,225,80760000,69943
5,8076,80760000,80760100,90,225,80770000,69954
5,8077,80770000,80770100,90,225,80780000,69960
5,8078,80780000,80780100,90,225,80790000,69969
5,8079,80790000,80790100,90,225,80800000,69978
5,808,8080000,8080100,90,225,8090000,7002
5,8080,80800000,80800100,90,225,80810000,69988
5,8081,80810000,80810100,90,225,80820000,69996
5,8082,80820000,80820100,90,225,80830000,70006
5,8083,80830000,80830100,90,225,80840000,70012
5,8084,80840000,80840100,90,225,80850000,70020
5,8085,80850000,80850100,90,225,80860000,70032
5,8086,80860000,80860100,90,225,80870000,70039
5,8087,80870000,80870100,90,225,80880000,70045
5,8088,80880000,80880100,90,225,80890000,70059
5,8089,80890000,80890100,90,225,80900000,70065
5,809,8090000,8090100,90,225,8100000,7008
5,8090,80900000,80900100,90,225,80910000,70074
5,8091,80910000,80910100,90,225,80920000,70082
5,8092,80920000,80920100,90,225,80930000,70092
5,8093,80930000,80930100,90,225,80940000,70098
5,8094,80940000,80940100,90,225,80950000,70108
5,8095,80950000,80950100,90,225,80960000,70117
5,8096,80960000,80960100,90,225,80970000,70127
5,8097,80970000,80970100,90,225,80980000,70135
5,8098,80980000,80980100,90,225,80990000,70142
5,8099,80990000,80990100,90,225,81000000,70150
5,81,810000,810100,90,225,820000,704
5,810,8100000,8100100,90,225,8110000,7019
5,8100,81000000,81000100,90,225,81010000,70162
5,8101,81010000,81010100,90,225,81020000,70169
5,8102,81020000,81020100,90,225,81030000,70178
5,8103,81030000,81030100,90,225,81040000,70186
5,8104,81040000,81040100,90,225,81050000,70195
5,8105,81050000,81050100,90,225,81060000,70202
5,8106,81060000,81060100,90,225,81070000,70214
5,8107,81070000,81070100,90,225,81080000,70221
5,8108,81080000,81080100,90,225,81090000,70229
5,8109,81090000,81090100,90,225,81100000,70239
5,811,8110000,8110100,90,225,8120000,7025
5,8110,81100000,81100100,90,225,81110000,70247
5,8111,81110000,81110100,90,225,81120000,70253
5,8112,81120000,81120100,90,225,81130000,70266
5,8113,81130000,81130100,90,225,81140000,70274
5,8114,81140000,81140100,90,225,81150000,70281
5,8115,81150000,81150100,90,225,81160000,70290
5,8116,81160000,81160100,90,225,81170000,70300
5,8117,81170000,81170100,90,225,81180000,70306
5,8118,81180000,81180100,90,225,81190000,70317
5,8119,81190000,81190100,90,225,81200000,70323
5,812,8120000,8120100,90,225,8130000,7035
5,8120,81200000,81200100,90,225,81210000,70335
5,8121,81210000,81210100,90,225,81220000,70343
5,8122,81220000,81220100,90,225,81230000,70350
5,8123,81230000,81230100,90,225,81240000,70359
5,8124,81240000,81240100,90,225,81250000,70370
5,8125,81250000,81250100,90,225,81260000,70377
5,8126,81260000,81260100,90,225,81270000,70384
5,8127,81270000,81270100,90,225,81280000,70394
5,8128,81280000,81280100,90,225,81290000,70403
5,8129,81290000,81290100,90,225,81300000,70410
5,813,8130000,8130100,90,225,8140000,7043
5,8130,81300000,81300100,90,225,81310000,70423
5,8131,81310000,81310100,90,225,81320000,70429
5,8132,81320000,81320100,90,225,81330000,70437
5,8133,81330000,81330100,90,225,81340000,70445
5,8134,81340000,81340100,90,225,81350000,70455
5,8135,81350000,81350100,90,225,81360000,70462
5,8136,81360000,81360100,90,225,81370000,70474
5,8137,81370000,81370100,90,225,81380000,70482
5,8138,81380000,81380100,90,225,81390000,70489
5,8139,81390000,81390100,90,225,81400000,70497
5,814,8140000,8140100,90,225,8150000,7051
5,8140,81400000,81400100,90,225,81410000,70507
5,8141,81410000,81410100,90,225,81420000,70515
5,8142,81420000,81420100,90,225,81430000,70525
5,8143,81430000,81430100,90,225,81440000,70531
5,8144,81440000,81440100,90,225,81450000,70542
5,8145,81450000,81450100,90,225,81460000,70552
5,8146,81460000,81460100,90,225,81470000,70559
5,8147,81470000,81470100,90,225,81480000,70565
5,8148,81480000,81480100,90,225,81490000,70578
5,8149,81490000,81490100,90,225,81500000,70584
5,815,8150000,8150100,90,225,8160000,7060
5,8150,81500000,81500100,90,225,81510000,70592
5,8151,81510000,81510100,90,225,81520000,70603
5,8152,81520000,81520100,90,225,81530000,70612
5,8153,81530000,81530100,90,225,81540000,70618
5,8154,81540000,81540100,90,225,81550000,70628
5,8155,81550000,81550100,90,225,81560000,70637
5,8156,81560000,81560100,90,225,81570000,70646
5,8157,81570000,81570100,90,225,81580000,70654
5,8158,81580000,81580100,90,225,81590000,70663
5,8159,81590000,81590100,90,225,81600000,70669
5,816,8160000,8160100,90,225,8170000,7072
5,8160,81600000,81600100,90,225,81610000,70682
5,8161,81610000,81610100,90,225,81620000,70688
5,8162,81620000,81620100,90,225,81630000,70698
5,8163,81630000,81630100,90,225,81640000,70706
5,8164,81640000,81640100,90,225,81650000,70714
5,8165,81650000,81650100,90,225,81660000,70723
5,8166,81660000,81660100,90,225,81670000,70733
5,8167,81670000,81670100,90,225,81680000,70740
5,8168,81680000,81680100,90,225,81690000,70749
5,8169,81690000,81690100,90,225,81700000,70759
5,817,8170000,8170100,90,225,8180000,7078
5,8170,81700000,81700100,90,225,81710000,70767
5,8171,81710000,81710100,90,225,81720000,70773
5,8172,81720000,81720100,90,225,81730000,70786
5,8173,81730000,81730100,90,225,81740000,70793
5,8174,81740000,81740100,90,225,81750000,70800
5,8175,81750000,81750100,90,225,81760000,70809
5,8176,81760000,81760100,90,225,81770000,70820
5,8177,81770000,81770100,90,225,81780000,70826
5,8178,81780000,81780100,90,225,81790000,70837
5,8179,81790000,81790100,90,225,81800000,70845
5,818,8180000,8180100,90,225,8190000,7085
5,8180,81800000,81800100,90,225,81810000,70854
5,8181,81810000,81810100,90,225,81820000,70862
5,8182,81820000,81820100,90,225,81830000,70869
5,8183,81830000,81830100,90,225,81840000,70877
5,8184,81840000,81840100,90,225,81850000,70890
5,8185,81850000,81850100,90,225,81860000,70897
5,8186,81860000,81860100,90,225,81870000,70906
5,8187,81870000,81870100,90,225,81880000,70914
5,8188,81880000,81880100,90,225,81890000,70922
5,8189,81890000,81890100,90,225,81900000,70929
5,819,8190000,8190100,90,225,8200000,7096
5,8190,81900000,81900100,90,225,81910000,70942
5,8191,81910000,81910100,90,225,81920000,70948
5,8192,81920000,81920100,90,225,81930000,70957
5,8193,81930000,81930100,90,225,81940000,70967
5,8194,81940000,81940100,90,225,81950000,70974
5,8195,81950000,81950100,90,225,81960000,70982
5,8196,81960000,81960100,90,225,81970000,70993
5,8197,81970000,81970100,90,225,81980000,71001
5,8198,81980000,81980100,90,225,81990000,71008
5,8199,81990000,81990100,90,225,82000000,71016
5,82,820000,820100,90,225,830000,712
5,820,8200000,8200100,90,225,8210000,7105
5,8200,82000000,82000100,90,225,82010000,71029
5,8201,82010000,82010100,90,225,82020000,71035
5,8202,82020000,82020100,90,225,82030000,71045
5,8203,82030000,82030100,90,225,82040000,71051
5,8204,82040000,82040100,90,225,82050000,71061
5,8205,82050000,82050100,90,225,82060000,71070
5,8206,82060000,82060100,90,225,82070000,71078
5,8207,82070000,82070100,90,225,82080000,71086
5,8208,82080000,82080100,90,225,82090000,71098
5,8209,82090000,82090100,90,225,82100000,71104
5,821,8210000,8210100,90,225,8220000,7111
5,8210,82100000,82100100,90,225,82110000,71112
5,8211,82110000,82110100,90,225,82120000,71123
5,8212,82120000,82120100,90,225,82130000,71131
5,8213,82130000,82130100,90,225,82140000,71137
5,8214,82140000,82140100,90,225,82150000,71149
5,8215,82150000,82150100,90,225,82160000,71156
5,8216,82160000,82160100,90,225,82170000,71165
5,8217,82170000,82170100,90,225,82180000,71174
5,8218,82180000,82180100,90,225,82190000,71183
5,8219,82190000,82190100,90,225,82200000,71189
5,822,8220000,8220100,90,225,8230000,7123
5,8220,82200000,82200100,90,225,82210000,71201
5,8221,82210000,82210100,90,225,82220000,71209
5,8222,82220000,82220100,90,225,82230000,71217
5,8223,82230000,82230100,90,225,82240000,71225
5,8224,82240000,82240100,90,225,82250000,71234
5,8225,82250000,82250100,90,225,82260000,71243
5,8226,82260000,82260100,90,225,82270000,71253
5,8227,82270000,82270100,90,225,82280000,71259
5,8228,82280000,82280100,90,225,82290000,71270
5,8229,82290000,82290100,90,225,82300000,71278
5,823,8230000,8230100,90,225,8240000,7129
5,8230,82300000,82300100,90,225,82310000,71286
5,8231,82310000,82310100,90,225,82320000,71292
5,8232,82320000,82320100,90,225,82330000,71306
5,8233,82330000,82330100,90,225,82340000,71313
5,8234,82340000,82340100,90,225,82350000,71320
5,8235,82350000,82350100,90,225,82360000,71331
5,8236,82360000,82360100,90,225,82370000,71339
5,8237,82370000,82370100,90,225,82380000,71345
5,8238,82380000,82380100,90,225,82390000,71355
5,8239,82390000,82390100,90,225,82400000,71364
5,824,8240000,8240100,90,225,8250000,7138
5,8240,82400000,82400100,90,225,82410000,71374
5,8241,82410000,82410100,90,225,82420000,71382
5,8242,82420000,82420100,90,225,82430000,71391
5,8243,82430000,82430100,90,225,82440000,71397
5,8244,82440000,82440100,90,225,82450000,71409
5,8245,82450000,82450100,90,225,82460000,71416
5,8246,82460000,82460100,90,225,82470000,71425
5,8247,82470000,82470100,90,225,82480000,71433
5,8248,82480000,82480100,90,225,82490000,71442
5,8249,82490000,82490100,90,225,82500000,71450
5,825,8250000,8250100,90,225,8260000,7148
5,8250,82500000,82500100,90,225,82510000,71462
5,8251,82510000,82510100,90,225,82520000,71468
5,8252,82520000,82520100,90,225,82530000,71476
5,8253,82530000,82530100,90,225,82540000,71486
5,8254,82540000,82540100,90,225,82550000,71493
5,8255,82550000,82550100,90,225,82560000,71501
5,8256,82560000,82560100,90,225,82570000,71515
5,8257,82570000,82570100,90,225,82580000,71521
5,8258,82580000,82580100,90,225,82590000,71528
5,8259,82590000,82590100,90,225,82600000,71536
5,826,8260000,8260100,90,225,8270000,7157
5,8260,82600000,82600100,90,225,82610000,71547
5,8261,82610000,82610100,90,225,82620000,71554
5,8262,82620000,82620100,90,225,82630000,71564
5,8263,82630000,82630100,90,225,82640000,71572
5,8264,82640000,82640100,90,225,82650000,71581
5,8265,82650000,82650100,90,225,82660000,71590
5,8266,82660000,82660100,90,225,82670000,71598
5,8267,82670000,82670100,90,225,82680000,71606
5,8268,82680000,82680100,90,225,82690000,71617
5,8269,82690000,82690100,90,225,82700000,71623
5,827,8270000,8270100,90,225,8280000,7163
5,8270,82700000,82700100,90,225,82710000,71633
5,8271,82710000,82710100,90,225,82720000,71641
5,8272,82720000,82720100,90,225,82730000,71651
5,8273,82730000,82730100,90,225,82740000,71657
5,8274,82740000,82740100,90,225,82750000,71669
5,8275,82750000,82750100,90,225,82760000,71676
5,8276,82760000,82760100,90,225,82770000,71684
5,8277,82770000,82770100,90,225,82780000,71695
5,8278,82780000,82780100,90,225,82790000,71702
5,8279,82790000,82790100,90,225,82800000,71708
5,828,8280000,8280100,90,225,8290000,7174
5,8280,82800000,82800100,90,225,82810000,71721
5,8281,82810000,82810100,90,225,82820000,71729
5,8282,82820000,82820100,90,225,82830000,71736
5,8283,82830000,82830100,90,225,82840000,71745
5,8284,82840000,82840100,90,225,82850000,71755
5,8285,82850000,82850100,90,225,82860000,71762
5,8286,82860000,82860100,90,225,82870000,71772
5,8287,82870000,82870100,90,225,82880000,71778
5,8288,82880000,82880100,90,225,82890000,71790
5,8289,82890000,82890100,90,225,82900000,71798
5,829,8290000,8290100,90,225,8300000,7182
5,8290,82900000,82900100,90,225,82910000,71806
5,8291,82910000,82910100,90,225,82920000,71814
5,8292,82920000,82920100,90,225,82930000,71825
5,8293,82930000,82930100,90,225,82940000,71831
5,8294,82940000,82940100,90,225,82950000,71839
5,8295,82950000,82950100,90,225,82960000,71850
5,8296,82960000,82960100,90,225,82970000,71859
5,8297,82970000,82970100,90,225,82980000,71865
5,8298,82980000,82980100,90,225,82990000,71877
5,8299,82990000,82990100,90,225,83000000,71884
5,83,830000,830100,90,225,840000,718
5,830,8300000,8300100,90,225,8310000,7191
5,8300,83000000,83000100,90,225,83010000,71893
5,8301,83010000,83010100,90,225,83020000,71901
5,8302,83020000,83020100,90,225,83030000,71910
5,8303,83030000,83030100,90,225,83040000,71916
5,8304,83040000,83040100,90,225,83050000,71928
5,8305,83050000,83050100,90,225,83060000,71938
5,8306,83060000,83060100,90,225,83070000,71945
5,8307,83070000,83070100,90,225,83080000,71953
5,8308,83080000,83080100,90,225,83090000,71961
5,8309,83090000,83090100,90,225,83100000,71969
5,831,8310000,8310100,90,225,8320000,7199
5,8310,83100000,83100100,90,225,83110000,71981
5,8311,83110000,83110100,90,225,83120000,71987
5,8312,83120000,83120100,90,225,83130000,71998
5,8313,83130000,83130100,90,225,83140000,72006
5,8314,83140000,83140100,90,225,83150000,72013
5,8315,83150000,83150100,90,225,83160000,72020
5,8316,83160000,83160100,90,225,83170000,72034
5,8317,83170000,83170100,90,225,83180000,72040
5,8318,83180000,83180100,90,225,83190000,72047
5,8319,83190000,83190100,90,225,83200000,72057
5,832,8320000,8320100,90,225,8330000,7208
5,8320,83200000,83200100,90,225,83210000,72067
5,8321,83210000,83210100,90,225,83220000,72074
5,8322,83220000,83220100,90,225,83230000,72084
5,8323,83230000,83230100,90,225,83240000,72092
5,8324,83240000,83240100,90,225,83250000,72100
5,8325,83250000,83250100,90,225,83260000,72109
5,8326,83260000,83260100,90,225,83270000,72118
5,8327,83270000,83270100,90,225,83280000,72125
5,8328,83280000,83280100,90,225,83290000,72137
5,8329,83290000,83290100,90,225,83300000,72143
5,833,8330000,8330100,90,225,8340000,7216
5,8330,83300000,83300100,90,225,83310000,72153
5,8331,83310000,83310100,90,225,83320000,72161
5,8332,83320000,83320100,90,225,83330000,72170
5,8333,83330000,83330100,90,225,83340000,72178
5,8334,83340000,83340100,90,225,83350000,72188
5,8335,83350000,83350100,90,225,83360000,72195
5,8336,83360000,83360100,90,225,83370000,72204
5,8337,83370000,83370100,90,225,83380000,72214
5,8338,83380000,83380100,90,225,83390000,72222
5,8339,83390000,83390100,90,225,83400000,72228
5,834,8340000,8340100,90,225,8350000,7226
5,8340,83400000,83400100,90,225,83410000,72242
5,8341,83410000,83410100,90,225,83420000,72248
5,8342,83420000,83420100,90,225,83430000,72255
5,8343,83430000,83430100,90,225,83440000,72264
5,8344,83440000,83440100,90,225,83450000,72275
5,8345,83450000,83450100,90,225,83460000,72282
5,8346,83460000,83460100,90,225,83470000,72292
5,8347,83470000,83470100,90,225,83480000,72300
5,8348,83480000,83480100,90,225,83490000,72308
5,8349,83490000,83490100,90,225,83500000,72317
5,835,8350000,8350100,90,225,8360000,7233
5,8350,83500000,83500100,90,225,83510000,72325
5,8351,83510000,83510100,90,225,83520000,72333
5,8352,83520000,83520100,90,225,83530000,72345
5,8353,83530000,83530100,90,225,83540000,72351
5,8354,83540000,83540100,90,225,83550000,72361
5,8355,83550000,83550100,90,225,83560000,72370
5,8356,83560000,83560100,90,225,83570000,72378
5,8357,83570000,83570100,90,225,83580000,72384
5,8358,83580000,83580100,90,225,83590000,72396
5,8359,83590000,83590100,90,225,83600000,72402
5,836,8360000,8360100,90,225,8370000,7244
5,8360,83600000,83600100,90,225,83610000,72413
5,8361,83610000,83610100,90,225,83620000,72423
5,8362,83620000,83620100,90,225,83630000,72430
5,8363,83630000,83630100,90,225,83640000,72436
5,8364,83640000,83640100,90,225,83650000,72447
5,8365,83650000,83650100,90,225,83660000,72457
5,8366,83660000,83660100,90,225,83670000,72464
5,8367,83670000,83670100,90,225,83680000,72472
5,8368,83680000,83680100,90,225,83690000,72483
5,8369,83690000,83690100,90,225,83700000,72489
5,837,8370000,8370100,90,225,8380000,7252
5,8370,83700000,83700100,90,225,83710000,72500
5,8371,83710000,83710100,90,225,83720000,72507
5,8372,83720000,83720100,90,225,83730000,72517
5,8373,83730000,83730100,90,225,83740000,72525
5,8374,83740000,83740100,90,225,83750000,72532
5,8375,83750000,83750100,90,225,83760000,72541
5,8376,83760000,83760100,90,225,83770000,72554
5,8377,83770000,83770100,90,225,83780000,72560
5,8378,83780000,83780100,90,225,83790000,72567
5,8379,83790000,83790100,90,225,83800000,72577
5,838,8380000,8380100,90,225,8390000,7259
5,8380,83800000,83800100,90,225,83810000,72586
5,8381,83810000,83810100,90,225,83820000,72592
5,8382,83820000,83820100,90,225,83830000,72605
5,8383,83830000,83830100,90,225,83840000,72611
5,8384,83840000,83840100,90,225,83850000,72620
5,8385,83850000,83850100,90,225,83860000,72629
5,8386,83860000,83860100,90,225,83870000,72638
5,8387,83870000,83870100,90,225,83880000,72645
5,8388,83880000,83880100,90,225,83890000,72656
5,8389,83890000,83890100,90,225,83900000,72664
5,839,8390000,8390100,90,225,8400000,7265
5,8390,83900000,83900100,90,225,83910000,72672
5,8391,83910000,83910100,90,225,83920000,72680
5,8392,83920000,83920100,90,225,83930000,72689
5,8393,83930000,83930100,90,225,83940000,72698
5,8394,83940000,83940100,90,225,83950000,72708
5,8395,83950000,83950100,90,225,83960000,72715
5,8396,83960000,83960100,90,225,83970000,72725
5,8397,83970000,83970100,90,225,83980000,72733
5,8398,83980000,83980100,90,225,83990000,72741
5,8399,83990000,83990100,90,225,84000000,72747
5,84,840000,840100,90,225,850000,731
5,840,8400000,8400100,90,225,8410000,7280
5,8400,84000000,84000100,90,225,84010000,72762
5,8401,84010000,84010100,90,225,84020000,72768
5,8402,84020000,84020100,90,225,84030000,72775
5,8403,84030000,84030100,90,225,84040000,72785
5,8404,84040000,84040100,90,225,84050000,72794
5,8405,84050000,84050100,90,225,84060000,72801
5,8406,84060000,84060100,90,225,84070000,72811
5,8407,84070000,84070100,90,225,84080000,72819
5,8408,84080000,84080100,90,225,84090000,72828
5,8409,84090000,84090100,90,225,84100000,72837
5,841,8410000,8410100,90,225,8420000,7287
5,8410,84100000,84100100,90,225,84110000,72847
5,8411,84110000,84110100,90,225,84120000,72853
5,8412,84120000,84120100,90,225,84130000,72864
5,8413,84130000,84130100,90,225,84140000,72870
5,8414,84140000,84140100,90,225,84150000,72879
5,8415,84150000,84150100,90,225,84160000,72889
5,8416,84160000,84160100,90,225,84170000,72898
5,8417,84170000,84170100,90,225,84180000,72906
5,8418,84180000,84180100,90,225,84190000,72916
5,8419,84190000,84190100,90,225,84200000,72922
5,842,8420000,8420100,90,225,8430000,7294
5,8420,84200000,84200100,90,225,84210000,72932
5,8421,84210000,84210100,90,225,84220000,72942
5,8422,84220000,84220100,90,225,84230000,72949
5,8423,84230000,84230100,90,225,84240000,72955
5,8424,84240000,84240100,90,225,84250000,72969
5,8425,84250000,84250100,90,225,84260000,72976
5,8426,84260000,84260100,90,225,84270000,72984
5,8427,84270000,84270100,90,225,84280000,72992
5,8428,84280000,84280100,90,225,84290000,73002
5,8429,84290000,84290100,90,225,84300000,73008
5,843,8430000,8430100,90,225,8440000,7304
5,8430,84300000,84300100,90,225,84310000,73019
5,8431,84310000,84310100,90,225,84320000,73028
5,8432,84320000,84320100,90,225,84330000,73037
5,8433,84330000,84330100,90,225,84340000,73045
5,8434,84340000,84340100,90,225,84350000,73052
5,8435,84350000,84350100,90,225,84360000,73061
5,8436,84360000,84360100,90,225,84370000,73072
5,8437,84370000,84370100,90,225,84380000,73079
5,8438,84380000,84380100,90,225,84390000,73088
5,8439,84390000,84390100,90,225,84400000,73096
5,844,8440000,8440100,90,225,8450000,7312
5,8440,84400000,84400100,90,225,84410000,73106
5,8441,84410000,84410100,90,225,84420000,73112
5,8442,84420000,84420100,90,225,84430000,73125
5,8443,84430000,84430100,90,225,84440000,73131
5,8444,84440000,84440100,90,225,84450000,73139
5,8445,84450000,84450100,90,225,84460000,73150
5,8446,84460000,84460100,90,225,84470000,73157
5,8447,84470000,84470100,90,225,84480000,73163
5,8448,84480000,84480100,90,225,84490000,73176
5,8449,84490000,84490100,90,225,84500000,73184
5,845,8450000,8450100,90,225,8460000,7319
5,8450,84500000,84500100,90,225,84510000,73192
5,8451,84510000,84510100,90,225,84520000,73200
5,8452,84520000,84520100,90,225,84530000,73210
5,8453,84530000,84530100,90,225,84540000,73217
5,8454,84540000,84540100,90,225,84550000,73227
5,8455,84550000,84550100,90,225,84560000,73234
5,8456,84560000,84560100,90,225,84570000,73245
5,8457,84570000,84570100,90,225,84580000,73253
5,8458,84580000,84580100,90,225,84590000,73260
5,8459,84590000,84590100,90,225,84600000,73269
5,846,8460000,8460100,90,225,8470000,7329
5,8460,84600000,84600100,90,225,84610000,73281
5,8461,84610000,84610100,90,225,84620000,73287
5,8462,84620000,84620100,90,225,84630000,73294
5,8463,84630000,84630100,90,225,84640000,73304
5,8464,84640000,84640100,90,225,84650000,73314
5,8465,84650000,84650100,90,225,84660000,73321
5,8466,84660000,84660100,90,225,84670000,73333
5,8467,84670000,84670100,90,225,84680000,73339
5,8468,84680000,84680100,90,225,84690000,73347
5,8469,84690000,84690100,90,225,84700000,73355
5,847,8470000,8470100,90,225,8480000,7338
5,8470,84700000,84700100,90,225,84710000,73366
5,8471,84710000,84710100,90,225,84720000,73372
5,8472,84720000,84720100,90,225,84730000,73384
5,8473,84730000,84730100,90,225,84740000,73392
5,8474,84740000,84740100,90,225,84750000,73399
5,8475,84750000,84750100,90,225,84760000,73409
5,8476,84760000,84760100,90,225,84770000,73417
5,8477,84770000,84770100,90,225,84780000,73425
5,8478,84780000,84780100,90,225,84790000,73435
5,8479,84790000,84790100,90,225,84800000,73441
5,848,8480000,8480100,90,225,8490000,7347
5,8480,84800000,84800100,90,225,84810000,73453
5,8481,84810000,84810100,90,225,84820000,73462
5,8482,84820000,84820100,90,225,84830000,73469
5,8483,84830000,84830100,90,225,84840000,73475
5,8484,84840000,84840100,90,225,84850000,73488
5,8485,84850000,84850100,90,225,84860000,73495
5,8486,84860000,84860100,90,225,84870000,73503
5,8487,84870000,84870100,90,225,84880000,73513
5,8488,84880000,84880100,90,225,84890000,73522
5,8489,84890000,84890100,90,225,84900000,73528
5,849,8490000,8490100,90,225,8500000,7355
5,8490,84900000,84900100,90,225,84910000,73539
5,8491,84910000,84910100,90,225,84920000,73547
5,8492,84920000,84920100,90,225,84930000,73556
5,8493,84930000,84930100,90,225,84940000,73564
5,8494,84940000,84940100,90,225,84950000,73573
5,8495,84950000,84950100,90,225,84960000,73580
5,8496,84960000,84960100,90,225,84970000,73592
5,8497,84970000,84970100,90,225,84980000,73599
5,8498,84980000,84980100,90,225,84990000,73608
5,8499,84990000,84990100,90,225,85000000,73616
5,85,850000,850100,90,225,860000,738
5,850,8500000,8500100,90,225,8510000,7365
5,8500,85000000,85000100,90,225,85010000,73625
5,8501,85010000,85010100,90,225,85020000,73633
5,8502,85020000,85020100,90,225,85030000,73643
5,8503,85030000,85030100,90,225,85040000,73650
5,8504,85040000,85040100,90,225,85050000,73659
5,8505,85050000,85050100,90,225,85060000,73670
5,8506,85060000,85060100,90,225,85070000,73677
5,8507,85070000,85070100,90,225,85080000,73683
5,8508,85080000,85080100,90,225,85090000,73697
5,8509,85090000,85090100,90,225,85100000,73703
5,851,8510000,8510100,90,225,8520000,7371
5,8510,85100000,85100100,90,225,85110000,73711
5,8511,85110000,85110100,90,225,85120000,73719
5,8512,85120000,85120100,90,225,85130000,73730
5,8513,85130000,85130100,90,225,85140000,73736
5,8514,85140000,85140100,90,225,85150000,73747
5,8515,85150000,85150100,90,225,85160000,73756
5,8516,85160000,85160100,90,225,85170000,73764
5,8517,85170000,85170100,90,225,85180000,73772
5,8518,85180000,85180100,90,225,85190000,73779
5,8519,85190000,85190100,90,225,85200000,73788
5,852,8520000,8520100,90,225,8530000,7383
5,8520,85200000,85200100,90,225,85210000,73801
5,8521,85210000,85210100,90,225,85220000,73807
5,8522,85220000,85220100,90,225,85230000,73816
5,8523,85230000,85230100,90,225,85240000,73824
5,8524,85240000,85240100,90,225,85250000,73832
5,8525,85250000,85250100,90,225,85260000,73840
5,8526,85260000,85260100,90,225,85270000,73852
5,8527,85270000,85270100,90,225,85280000,73858
5,8528,85280000,85280100,90,225,85290000,73867
5,8529,85290000,85290100,90,225,85300000,73877
5,853,8530000,8530100,90,225,8540000,7389
5,8530,85300000,85300100,90,225,85310000,73886
5,8531,85310000,85310100,90,225,85320000,73892
5,8532,85320000,85320100,90,225,85330000,73903
5,8533,85330000,85330100,90,225,85340000,73911
5,8534,85340000,85340100,90,225,85350000,73918
5,8535,85350000,85350100,90,225,85360000,73927
5,8536,85360000,85360100,90,225,85370000,73939
5,8537,85370000,85370100,90,225,85380000,73945
5,8538,85380000,85380100,90,225,85390000,73955
5,8539,85390000,85390100,90,225,85400000,73961
5,854,8540000,8540100,90,225,8550000,7398
5,8540,85400000,85400100,90,225,85410000,73972
5,8541,85410000,85410100,90,225,85420000,73981
5,8542,85420000,85420100,90,225,85430000,73988
5,8543,85430000,85430100,90,225,85440000,73996
5,8544,85440000,85440100,90,225,85450000,74008
5,8545,85450000,85450100,90,225,85460000,74015
5,8546,85460000,85460100,90,225,85470000,74022
5,8547,85470000,85470100,90,225,85480000,74033
5,8548,85480000,85480100,90,225,85490000,74041
5,8549,85490000,85490100,90,225,85500000,74047
5,855,8550000,8550100,90,225,8560000,7407
5,8550,85500000,85500100,90,225,85510000,74060
5,8551,85510000,85510100,90,225,85520000,74066
5,8552,85520000,85520100,90,225,85530000,74076
5,8553,85530000,85530100,90,225,85540000,74084
5,8554,85540000,85540100,90,225,85550000,74093
5,8555,85550000,85550100,90,225,85560000,74100
5,8556,85560000,85560100,90,225,85570000,74111
5,8557,85570000,85570100,90,225,85580000,74119
5,8558,85580000,85580100,90,225,85590000,74127
5,8559,85590000,85590100,90,225,85600000,74135
5,856,8560000,8560100,90,225,8570000,7416
5,8560,85600000,85600100,90,225,85610000,74145
5,8561,85610000,85610100,90,225,85620000,74153
5,8562,85620000,85620100,90,225,85630000,74163
5,8563,85630000,85630100,90,225,85640000,74170
5,8564,85640000,85640100,90,225,85650000,74180
5,8565,85650000,85650100,90,225,85660000,74189
5,8566,85660000,85660100,90,225,85670000,74196
5,8567,85670000,85670100,90,225,85680000,74202
5,8568,85680000,85680100,90,225,85690000,74216
5,8569,85690000,85690100,90,225,85700000,74223
5,857,8570000,8570100,90,225,8580000,7424
5,8570,85700000,85700100,90,225,85710000,74231
5,8571,85710000,85710100,90,225,85720000,74241
5,8572,85720000,85720100,90,225,85730000,74249
5,8573,85730000,85730100,90,225,85740000,74255
5,8574,85740000,85740100,90,225,85750000,74266
5,8575,85750000,85750100,90,225,85760000,74275
5,8576,85760000,85760100,90,225,85770000,74284
5,8577,85770000,85770100,90,225,85780000,74292
5,8578,85780000,85780100,90,225,85790000,74301
5,8579,85790000,85790100,90,225,85800000,74307
5,858,8580000,8580100,90,225,8590000,7435
5,8580,85800000,85800100,90,225,85810000,74320
5,8581,85810000,85810100,90,225,85820000,74326
5,8582,85820000,85820100,90,225,85830000,74335
5,8583,85830000,85830100,90,225,85840000,74343
5,8584,85840000,85840100,90,225,85850000,74352
5,8585,85850000,85850100,90,225,85860000,74362
5,8586,85860000,85860100,90,225,85870000,74372
5,8587,85870000,85870100,90,225,85880000,74378
5,8588,85880000,85880100,90,225,85890000,74386
5,8589,85890000,85890100,90,225,85900000,74396
5,859,8590000,8590100,90,225,8600000,7441
5,8590,85900000,85900100,90,225,85910000,74404
5,8591,85910000,85910100,90,225,85920000,74411
5,8592,85920000,85920100,90,225,85930000,74425
5,8593,85930000,85930100,90,225,85940000,74431
5,8594,85940000,85940100,90,225,85950000,74438
5,8595,85950000,85950100,90,225,85960000,74447
5,8596,85960000,85960100,90,225,85970000,74458
5,8597,85970000,85970100,90,225,85980000,74464
5,8598,85980000,85980100,90,225,85990000,74474
5,8599,85990000,85990100,90,225,86000000,74482
5,86,860000,860100,90,225,870000,745
5,860,8600000,8600100,90,225,8610000,7450
5,8600,86000000,86000100,90,225,86010000,74492
5,8601,86010000,86010100,90,225,86020000,74500
5,8602,86020000,86020100,90,225,86030000,74508
5,8603,86030000,86030100,90,225,86040000,74516
5,8604,86040000,86040100,90,225,86050000,74527
5,8605,86050000,86050100,90,225,86060000,74534
5,8606,86060000,86060100,90,225,86070000,74543
5,8607,86070000,86070100,90,225,86080000,74552
5,8608,86080000,86080100,90,225,86090000,74561
5,8609,86090000,86090100,90,225,86100000,74567
5,861,8610000,8610100,90,225,8620000,7460
5,8610,86100000,86100100,90,225,86110000,74580
5,8611,86110000,86110100,90,225,86120000,74586
5,8612,86120000,86120100,90,225,86130000,74594
5,8613,86130000,86130100,90,225,86140000,74605
5,8614,86140000,86140100,90,225,86150000,74612
5,8615,86150000,86150100,90,225,86160000,74619
5,8616,86160000,86160100,90,225,86170000,74631
5,8617,86170000,86170100,90,225,86180000,74639
5,8618,86180000,86180100,90,225,86190000,74647
5,8619,86190000,86190100,90,225,86200000,74655
5,862,8620000,8620100,90,225,8630000,7467
5,8620,86200000,86200100,90,225,86210000,74666
5,8621,86210000,86210100,90,225,86220000,74672
5,8622,86220000,86220100,90,225,86230000,74682
5,8623,86230000,86230100,90,225,86240000,74688
5,8624,86240000,86240100,90,225,86250000,74700
5,8625,86250000,86250100,90,225,86260000,74709
5,8626,86260000,86260100,90,225,86270000,74716
5,8627,86270000,86270100,90,225,86280000,74724
5,8628,86280000,86280100,90,225,86290000,74735
5,8629,86290000,86290100,90,225,86300000,74742
5,863,8630000,8630100,90,225,8640000,7474
5,8630,86300000,86300100,90,225,86310000,74750
5,8631,86310000,86310100,90,225,86320000,74760
5,8632,86320000,86320100,90,225,86330000,74769
5,8633,86330000,86330100,90,225,86340000,74775
5,8634,86340000,86340100,90,225,86350000,74787
5,8635,86350000,86350100,90,225,86360000,74795
5,8636,86360000,86360100,90,225,86370000,74803
5,8637,86370000,86370100,90,225,86380000,74811
5,8638,86380000,86380100,90,225,86390000,74820
5,8639,86390000,86390100,90,225,86400000,74826
5,864,8640000,8640100,90,225,8650000,7488
5,8640,86400000,86400100,90,225,86410000,74840
5,8641,86410000,86410100,90,225,86420000,74848
5,8642,86420000,86420100,90,225,86430000,74855
5,8643,86430000,86430100,90,225,86440000,74863
5,8644,86440000,86440100,90,225,86450000,74871
5,8645,86450000,86450100,90,225,86460000,74880
5,8646,86460000,86460100,90,225,86470000,74891
5,8647,86470000,86470100,90,225,86480000,74897
5,8648,86480000,86480100,90,225,86490000,74908
5,8649,86490000,86490100,90,225,86500000,74916
5,865,8650000,8650100,90,225,8660000,7495
5,8650,86500000,86500100,90,225,86510000,74924
5,8651,86510000,86510100,90,225,86520000,74931
5,8652,86520000,86520100,90,225,86530000,74944
5,8653,86530000,86530100,90,225,86540000,74950
5,8654,86540000,86540100,90,225,86550000,74957
5,8655,86550000,86550100,90,225,86560000,74968
5,8656,86560000,86560100,90,225,86570000,74977
5,8657,86570000,86570100,90,225,86580000,74984
5,8658,86580000,86580100,90,225,86590000,74994
5,8659,86590000,86590100,90,225,86600000,75002
5,866,8660000,8660100,90,225,8670000,7502
5,8660,86600000,86600100,90,225,86610000,75011
5,8661,86610000,86610100,90,225,86620000,75019
5,8662,86620000,86620100,90,225,86630000,75029
5,8663,86630000,86630100,90,225,86640000,75035
5,8664,86640000,86640100,90,225,86650000,75047
5,8665,86650000,86650100,90,225,86660000,75054
5,8666,86660000,86660100,90,225,86670000,75063
5,8667,86670000,86670100,90,225,86680000,75071
5,8668,86680000,86680100,90,225,86690000,75080
5,8669,86690000,86690100,90,225,86700000,75088
5,867,8670000,8670100,90,225,8680000,7510
5,8670,86700000,86700100,90,225,86710000,75099
5,8671,86710000,86710100,90,225,86720000,75105
5,8672,86720000,86720100,90,225,86730000,75114
5,8673,86730000,86730100,90,225,86740000,75125
5,8674,86740000,86740100,90,225,86750000,75132
5,8675,86750000,86750100,90,225,86760000,75139
5,8676,86760000,86760100,90,225,86770000,75152
5,8677,86770000,86770100,90,225,86780000,75158
5,8678,86780000,86780100,90,225,86790000,75165
5,8679,86790000,86790100,90,225,86800000,75174
5,868,8680000,8680100,90,225,8690000,7520
5,8680,86800000,86800100,90,225,86810000,75186
5,8681,86810000,86810100,90,225,86820000,75192
5,8682,86820000,86820100,90,225,86830000,75202
5,8683,86830000,86830100,90,225,86840000,75210
5,8684,86840000,86840100,90,225,86850000,75219
5,8685,86850000,86850100,90,225,86860000,75228
5,8686,86860000,86860100,90,225,86870000,75235
5,8687,86870000,86870100,90,225,86880000,75243
5,8688,86880000,86880100,90,225,86890000,75255
5,8689,86890000,86890100,90,225,86900000,75261
5,869,8690000,8690100,90,225,8700000,7527
5,8690,86900000,86900100,90,225,86910000,75272
5,8691,86910000,86910100,90,225,86920000,75280
5,8692,86920000,86920100,90,225,86930000,75288
5,8693,86930000,86930100,90,225,86940000,75294
5,8694,86940000,86940100,90,225,86950000,75306
5,8695,86950000,86950100,90,225,86960000,75314
5,8696,86960000,86960100,90,225,86970000,75323
5,8697,86970000,86970100,90,225,86980000,75333
5,8698,86980000,86980100,90,225,86990000,75340
5,8699,86990000,86990100,90,225,87000000,75346
5,87,870000,870100,90,225,880000,755
5,870,8700000,8700100,90,225,8710000,7538
5,8700,87000000,87000100,90,225,87010000,75358
5,8701,87010000,87010100,90,225,87020000,75367
5,8702,87020000,87020100,90,225,87030000,75374
5,8703,87030000,87030100,90,225,87040000,75382
5,8704,87040000,87040100,90,225,87050000,75393
5,8705,87050000,87050100,90,225,87060000,75400
5,8706,87060000,87060100,90,225,87070000,75411
5,8707,87070000,87070100,90,225,87080000,75417
5,8708,87080000,87080100,90,225,87090000,75427
5,8709,87090000,87090100,90,225,87100000,75435
5,871,8710000,8710100,90,225,8720000,7546
5,8710,87100000,87100100,90,225,87110000,75443
5,8711,87110000,87110100,90,225,87120000,75451
5,8712,87120000,87120100,90,225,87130000,75464
5,8713,87130000,87130100,90,225,87140000,75470
5,8714,87140000,87140100,90,225,87150000,75477
5,8715,87150000,87150100,90,225,87160000,75488
5,8716,87160000,87160100,90,225,87170000,75496
5,8717,87170000,87170100,90,225,87180000,75503
5,8718,87180000,87180100,90,225,87190000,75515
5,8719,87190000,87190100,90,225,87200000,75521
5,872,8720000,8720100,90,225,8730000,7555
5,8720,87200000,87200100,90,225,87210000,75531
5,8721,87210000,87210100,90,225,87220000,75539
5,8722,87220000,87220100,90,225,87230000,75548
5,8723,87230000,87230100,90,225,87240000,75555
5,8724,87240000,87240100,90,225,87250000,75566
5,8725,87250000,87250100,90,225,87260000,75575
5,8726,87260000,87260100,90,225,87270000,75582
5,8727,87270000,87270100,90,225,87280000,75590
5,8728,87280000,87280100,90,225,87290000,75600
5,8729,87290000,87290100,90,225,87300000,75608
5,873,8730000,8730100,90,225,8740000,7563
5,8730,87300000,87300100,90,225,87310000,75619
5,8731,87310000,87310100,90,225,87320000,75625
5,8732,87320000,87320100,90,225,87330000,75635
5,8733,87330000,87330100,90,225,87340000,75643
5,8734,87340000,87340100,90,225,87350000,75651
5,8735,87350000,87350100,90,225,87360000,75658
5,8736,87360000,87360100,90,225,87370000,75672
5,8737,87370000,87370100,90,225,87380000,75678
5,8738,87380000,87380100,90,225,87390000,75685
5,8739,87390000,87390100,90,225,87400000,75696
5,874,8740000,8740100,90,225,8750000,7571
5,8740,87400000,87400100,90,225,87410000,75705
5,8741,87410000,87410100,90,225,87420000,75711
5,8742,87420000,87420100,90,225,87430000,75721
5,8743,87430000,87430100,90,225,87440000,75729
5,8744,87440000,87440100,90,225,87450000,75738
5,8745,87450000,87450100,90,225,87460000,75748
5,8746,87460000,87460100,90,225,87470000,75757
5,8747,87470000,87470100,90,225,87480000,75763
5,8748,87480000,87480100,90,225,87490000,75774
5,8749,87490000,87490100,90,225,87500000,75780
5,875,8750000,8750100,90,225,8760000,7580
5,8750,87500000,87500100,90,225,87510000,75791
5,8751,87510000,87510100,90,225,87520000,75799
5,8752,87520000,87520100,90,225,87530000,75808
5,8753,87530000,87530100,90,225,87540000,75816
5,8754,87540000,87540100,90,225,87550000,75826
5,8755,87550000,87550100,90,225,87560000,75833
5,8756,87560000,87560100,90,225,87570000,75842
5,8757,87570000,87570100,90,225,87580000,75852
5,8758,87580000,87580100,90,225,87590000,75859
5,8759,87590000,87590100,90,225,87600000,75865
5,876,8760000,8760100,90,225,8770000,7591
5,8760,87600000,87600100,90,225,87610000,75880
5,8761,87610000,87610100,90,225,87620000,75887
5,8762,87620000,87620100,90,225,87630000,75894
5,8763,87630000,87630100,90,225,87640000,75902
5,8764,87640000,87640100,90,225,87650000,75912
5,8765,87650000,87650100,90,225,87660000,75919
5,8766,87660000,87660100,90,225,87670000,75929
5,8767,87670000,87670100,90,225,87680000,75938
5,8768,87680000,87680100,90,225,87690000,75947
5,8769,87690000,87690100,90,225,87700000,75955
5,877,8770000,8770100,90,225,8780000,7597
5,8770,87700000,87700100,90,225,87710000,75963
5,8771,87710000,87710100,90,225,87720000,75971
5,8772,87720000,87720100,90,225,87730000,75983
5,8773,87730000,87730100,90,225,87740000,75989
5,8774,87740000,87740100,90,225,87750000,75998
5,8775,87750000,87750100,90,225,87760000,76007
5,8776,87760000,87760100,90,225,87770000,76016
5,8777,87770000,87770100,90,225,87780000,76022
5,8778,87780000,87780100,90,225,87790000,76035
5,8779,87790000,87790100,90,225,87800000,76041
5,878,8780000,8780100,90,225,8790000,7606
5,8780,87800000,87800100,90,225,87810000,76050
5,8781,87810000,87810100,90,225,87820000,76060
5,8782,87820000,87820100,90,225,87830000,76067
5,8783,87830000,87830100,90,225,87840000,76074
5,8784,87840000,87840100,90,225,87850000,76086
5,8785,87850000,87850100,90,225,87860000,76095
5,8786,87860000,87860100,90,225,87870000,76102
5,8787,87870000,87870100,90,225,87880000,76110
5,8788,87880000,87880100,90,225,87890000,76120
5,8789,87890000,87890100,90,225,87900000,76127
5,879,8790000,8790100,90,225,8800000,7614
5,8790,87900000,87900100,90,225,87910000,76138
5,8791,87910000,87910100,90,225,87920000,76144
5,8792,87920000,87920100,90,225,87930000,76155
5,8793,87930000,87930100,90,225,87940000,76163
5,8794,87940000,87940100,90,225,87950000,76171
5,8795,87950000,87950100,90,225,87960000,76180
5,8796,87960000,87960100,90,225,87970000,76191
5,8797,87970000,87970100,90,225,87980000,76197
5,8798,87980000,87980100,90,225,87990000,76204
5,8799,87990000,87990100,90,225,88000000,76214
5,88,880000,880100,90,225,890000,765
5,880,8800000,8800100,90,225,8810000,7625
5,8800,88000000,88000100,90,225,88010000,76225
5,8801,88010000,88010100,90,225,88020000,76231
5,8802,88020000,88020100,90,225,88030000,76243
5,8803,88030000,88030100,90,225,88040000,76249
5,8804,88040000,88040100,90,225,88050000,76257
5,8805,88050000,88050100,90,225,88060000,76267
5,8806,88060000,88060100,90,225,88070000,76276
5,8807,88070000,88070100,90,225,88080000,76282
5,8808,88080000,88080100,90,225,88090000,76294
5,8809,88090000,88090100,90,225,88100000,76302
5,881,8810000,8810100,90,225,8820000,7631
5,8810,88100000,88100100,90,225,88110000,76310
5,8811,88110000,88110100,90,225,88120000,76319
5,8812,88120000,88120100,90,225,88130000,76327
5,8813,88130000,88130100,90,225,88140000,76335
5,8814,88140000,88140100,90,225,88150000,76345
5,8815,88150000,88150100,90,225,88160000,76352
5,8816,88160000,88160100,90,225,88170000,76364
5,8817,88170000,88170100,90,225,88180000,76372
5,8818,88180000,88180100,90,225,88190000,76379
5,8819,88190000,88190100,90,225,88200000,76385
5,882,8820000,8820100,90,225,8830000,7643
5,8820,88200000,88200100,90,225,88210000,76399
5,8821,88210000,88210100,90,225,88220000,76405
5,8822,88220000,88220100,90,225,88230000,76413
5,8823,88230000,88230100,90,225,88240000,76423
5,8824,88240000,88240100,90,225,88250000,76432
5,8825,88250000,88250100,90,225,88260000,76439
5,8826,88260000,88260100,90,225,88270000,76449
5,8827,88270000,88270100,90,225,88280000,76458
5,8828,88280000,88280100,90,225,88290000,76466
5,8829,88290000,88290100,90,225,88300000,76474
5,883,8830000,8830100,90,225,8840000,7649
5,8830,88300000,88300100,90,225,88310000,76484
5,8831,88310000,88310100,90,225,88320000,76490
5,8832,88320000,88320100,90,225,88330000,76502
5,8833,88330000,88330100,90,225,88340000,76509
5,8834,88340000,88340100,90,225,88350000,76518
5,8835,88350000,88350100,90,225,88360000,76527
5,8836,88360000,88360100,90,225,88370000,76535
5,8837,88370000,88370100,90,225,88380000,76543
5,8838,88380000,88380100,90,225,88390000,76554
5,8839,88390000,88390100,90,225,88400000,76560
5,884,8840000,8840100,90,225,8850000,7657
5,8840,88400000,88400100,90,225,88410000,76570
5,8841,88410000,88410100,90,225,88420000,76580
5,8842,88420000,88420100,90,225,88430000,76587
5,8843,88430000,88430100,90,225,88440000,76593
5,8844,88440000,88440100,90,225,88450000,76607
5,8845,88450000,88450100,90,225,88460000,76614
5,8846,88460000,88460100,90,225,88470000,76621
5,8847,88470000,88470100,90,225,88480000,76629
5,8848,88480000,88480100,90,225,88490000,76640
5,8849,88490000,88490100,90,225,88500000,76647
5,885,8850000,8850100,90,225,8860000,7669
5,8850,88500000,88500100,90,225,88510000,76658
5,8851,88510000,88510100,90,225,88520000,76666
5,8852,88520000,88520100,90,225,88530000,76674
5,8853,88530000,88530100,90,225,88540000,76682
5,8854,88540000,88540100,90,225,88550000,76689
5,8855,88550000,88550100,90,225,88560000,76699
5,8856,88560000,88560100,90,225,88570000,76711
5,8857,88570000,88570100,90,225,88580000,76717
5,8858,88580000,88580100,90,225,88590000,76726
5,8859,88590000,88590100,90,225,88600000,76734
5,886,8860000,8860100,90,225,8870000,7676
5,8860,88600000,88600100,90,225,88610000,76744
5,8861,88610000,88610100,90,225,88620000,76750
5,8862,88620000,88620100,90,225,88630000,76762
5,8863,88630000,88630100,90,225,88640000,76768
5,8864,88640000,88640100,90,225,88650000,76777
5,8865,88650000,88650100,90,225,88660000,76788
5,8866,88660000,88660100,90,225,88670000,76796
5,8867,88670000,88670100,90,225,88680000,76802
5,8868,88680000,88680100,90,225,88690000,76813
5,8869,88690000,88690100,90,225,88700000,76821
5,887,8870000,8870100,90,225,8880000,7682
5,8870,88700000,88700100,90,225,88710000,76829
5,8871,88710000,88710100,90,225,88720000,76838
5,8872,88720000,88720100,90,225,88730000,76849
5,8873,88730000,88730100,90,225,88740000,76855
5,8874,88740000,88740100,90,225,88750000,76865
5,8875,88750000,88750100,90,225,88760000,76872
5,8876,88760000,88760100,90,225,88770000,76882
5,8877,88770000,88770100,90,225,88780000,76891
5,8878,88780000,88780100,90,225,88790000,76898
5,8879,88790000,88790100,90,225,88800000,76906
5,888,8880000,8880100,90,225,8890000,7694
5,8880,88800000,88800100,90,225,88810000,76919
5,8881,88810000,88810100,90,225,88820000,76925
5,8882,88820000,88820100,90,225,88830000,76933
5,8883,88830000,88830100,90,225,88840000,76943
5,8884,88840000,88840100,90,225,88850000,76951
5,8885,88850000,88850100,90,225,88860000,76958
5,8886,88860000,88860100,90,225,88870000,76970
5,8887,88870000,88870100,90,225,88880000,76976
5,8888,88880000,88880100,90,225,88890000,76986
5,8889,88890000,88890100,90,225,88900000,76994
5,889,8890000,8890100,90,225,8900000,7702
5,8890,88900000,88900100,90,225,88910000,77004
5,8891,88910000,88910100,90,225,88920000,77010
5,8892,88920000,88920100,90,225,88930000,77021
5,8893,88930000,88930100,90,225,88940000,77030
5,8894,88940000,88940100,90,225,88950000,77037
5,8895,88950000,88950100,90,225,88960000,77046
5,8896,88960000,88960100,90,225,88970000,77055
5,8897,88970000,88970100,90,225,88980000,77063
5,8898,88980000,88980100,90,225,88990000,77073
5,8899,88990000,88990100,90,225,89000000,77080
5,89,890000,890100,90,225,900000,771
5,890,8900000,8900100,90,225,8910000,7710
5,8900,89000000,89000100,90,225,89010000,77091
5,8901,89010000,89010100,90,225,89020000,77099
5,8902,89020000,89020100,90,225,89030000,77106
5,8903,89030000,89030100,90,225,89040000,77112
5,8904,89040000,89040100,90,225,89050000,77127
5,8905,89050000,89050100,90,225,89060000,77134
5,8906,89060000,89060100,90,225,89070000,77141
5,8907,89070000,89070100,90,225,89080000,77151
5,8908,89080000,89080100,90,225,89090000,77159
5,8909,89090000,89090100,90,225,89100000,77165
5,891,8910000,8910100,90,225,8920000,7719
5,8910,89100000,89100100,90,225,89110000,77177
5,8911,89110000,89110100,90,225,89120000,77185
5,8912,89120000,89120100,90,225,89130000,77194
5,8913,89130000,89130100,90,225,89140000,77202
5,8914,89140000,89140100,90,225,89150000,77211
5,8915,89150000,89150100,90,225,89160000,77219
5,8916,89160000,89160100,90,225,89170000,77230
5,8917,89170000,89170100,90,225,89180000,77236
5,8918,89180000,89180100,90,225,89190000,77245
5,8919,89190000,89190100,90,225,89200000,77253
5,892,8920000,8920100,90,225,8930000,7729
5,8920,89200000,89200100,90,225,89210000,77263
5,8921,89210000,89210100,90,225,89220000,77272
5,8922,89220000,89220100,90,225,89230000,77282
5,8923,89230000,89230100,90,225,89240000,77288
5,8924,89240000,89240100,90,225,89250000,77296
5,8925,89250000,89250100,90,225,89260000,77307
5,8926,89260000,89260100,90,225,89270000,77315
5,8927,89270000,89270100,90,225,89280000,77321
5,8928,89280000,89280100,90,225,89290000,77335
5,8929,89290000,89290100,90,225,89300000,77341
5,893,8930000,8930100,90,225,8940000,7735
5,8930,89300000,89300100,90,225,89310000,77349
5,8931,89310000,89310100,90,225,89320000,77357
5,8932,89320000,89320100,90,225,89330000,77368
5,8933,89330000,89330100,90,225,89340000,77374
5,8934,89340000,89340100,90,225,89350000,77384
5,8935,89350000,89350100,90,225,89360000,77393
5,8936,89360000,89360100,90,225,89370000,77402
5,8937,89370000,89370100,90,225,89380000,77411
5,8938,89380000,89380100,90,225,89390000,77418
5,8939,89390000,89390100,90,225,89400000,77426
5,894,8940000,8940100,90,225,8950000,7745
5,8940,89400000,89400100,90,225,89410000,77438
5,8941,89410000,89410100,90,225,89420000,77444
5,8942,89420000,89420100,90,225,89430000,77453
5,8943,89430000,89430100,90,225,89440000,77462
5,8944,89440000,89440100,90,225,89450000,77471
5,8945,89450000,89450100,90,225,89460000,77478
5,8946,89460000,89460100,90,225,89470000,77490
5,8947,89470000,89470100,90,225,89480000,77496
5,8948,89480000,89480100,90,225,89490000,77505
5,8949,89490000,89490100,90,225,89500000,77515
5,895,8950000,8950100,90,225,8960000,7752
5,8950,89500000,89500100,90,225,89510000,77523
5,8951,89510000,89510100,90,225,89520000,77529
5,8952,89520000,89520100,90,225,89530000,77541
5,8953,89530000,89530100,90,225,89540000,77549
5,8954,89540000,89540100,90,225,89550000,77557
5,8955,89550000,89550100,90,225,89560000,77566
5,8956,89560000,89560100,90,225,89570000,77576
5,8957,89570000,89570100,90,225,89580000,77582
5,8958,89580000,89580100,90,225,89590000,77592
5,8959,89590000,89590100,90,225,89600000,77599
5,896,8960000,8960100,90,225,8970000,7764
5,8960,89600000,89600100,90,225,89610000,77611
5,8961,89610000,89610100,90,225,89620000,77619
5,8962,89620000,89620100,90,225,89630000,77626
5,8963,89630000,89630100,90,225,89640000,77634
5,8964,89640000,89640100,90,225,89650000,77645
5,8965,89650000,89650100,90,225,89660000,77653
5,8966,89660000,89660100,90,225,89670000,77660
5,8967,89670000,89670100,90,225,89680000,77670
5,8968,89680000,89680100,90,225,89690000,77679
5,8969,89690000,89690100,90,225,89700000,77685
5,897,8970000,8970100,90,225,8980000,7772
5,8970,89700000,89700100,90,225,89710000,77699
5,8971,89710000,89710100,90,225,89720000,77705
5,8972,89720000,89720100,90,225,89730000,77713
5,8973,89730000,89730100,90,225,89740000,77721
5,8974,89740000,89740100,90,225,89750000,77730
5,8975,89750000,89750100,90,225,89760000,77737
5,8976,89760000,89760100,90,225,89770000,77750
5,8977,89770000,89770100,90,225,89780000,77758
5,8978,89780000,89780100,90,225,89790000,77765
5,8979,89790000,89790100,90,225,89800000,77773
5,898,8980000,8980100,90,225,8990000,7779
5,8980,89800000,89800100,90,225,89810000,77782
5,8981,89810000,89810100,90,225,89820000,77791
5,8982,89820000,89820100,90,225,89830000,77801
5,8983,89830000,89830100,90,225,89840000,77807
5,8984,89840000,89840100,90,225,89850000,77818
5,8985,89850000,89850100,90,225,89860000,77827
5,8986,89860000,89860100,90,225,89870000,77834
5,8987,89870000,89870100,90,225,89880000,77841
5,8988,89880000,89880100,90,225,89890000,77854
5,8989,89890000,89890100,90,225,89900000,77860
5,899,8990000,8990100,90,225,9000000,7787
5,8990,89900000,89900100,90,225,89910000,77868
5,8991,89910000,89910100,90,225,89920000,77878
5,8992,89920000,89920100,90,225,89930000,77888
5,8993,89930000,89930100,90,225,89940000,77894
5,8994,89940000,89940100,90,225,89950000,77904
5,8995,89950000,89950100,90,225,89960000,77913
5,8996,89960000,89960100,90,225,89970000,77921
5,8997,89970000,89970100,90,225,89980000,77929
5,8998,89980000,89980100,90,225,89990000,77939
5,8999,89990000,89990100,90,225,90000000,77945
5,9,90000,90100,90,225,100000,79
5,90,900000,900100,90,225,910000,782
5,900,9000000,9000100,90,225,9010000,7799
5,9000,90000000,90000100,90,225,90010000,77958
5,9001,90010000,90010100,90,225,90020000,77964
5,9002,90020000,90020100,90,225,90030000,77973
5,9003,90030000,90030100,90,225,90040000,77982
5,9004,90040000,90040100,90,225,90050000,77990
5,9005,90050000,90050100,90,225,90060000,77999
5,9006,90060000,90060100,90,225,90070000,78009
5,9007,90070000,90070100,90,225,90080000,78015
5,9008,90080000,90080100,90,225,90090000,78024
5,9009,90090000,90090100,90,225,90100000,78035
5,901,9010000,9010100,90,225,9020000,7805
5,9010,90100000,90100100,90,225,90110000,78043
5,9011,90110000,90110100,90,225,90120000,78049
5,9012,90120000,90120100,90,225,90130000,78062
5,9013,90130000,90130100,90,225,90140000,78068
5,9014,90140000,90140100,90,225,90150000,78076
5,9015,90150000,90150100,90,225,90160000,78085
5,9016,90160000,90160100,90,225,90170000,78096
5,9017,90170000,90170100,90,225,90180000,78102
5,9018,90180000,90180100,90,225,90190000,78112
5,9019,90190000,90190100,90,225,90200000,78120
5,902,9020000,9020100,90,225,9030000,7813
5,9020,90200000,90200100,90,225,90210000,78130
5,9021,90210000,90210100,90,225,90220000,78138
5,9022,90220000,90220100,90,225,90230000,78145
5,9023,90230000,90230100,90,225,90240000,78153
5,9024,90240000,90240100,90,225,90250000,78165
5,9025,90250000,90250100,90,225,90260000,78173
5,9026,90260000,90260100,90,225,90270000,78182
5,9027,90270000,90270100,90,225,90280000,78190
5,9028,90280000,90280100,90,225,90290000,78198
5,9029,90290000,90290100,90,225,90300000,78204
5,903,9030000,9030100,90,225,9040000,7823
5,9030,90300000,90300100,90,225,90310000,78217
5,9031,90310000,90310100,90,225,90320000,78224
5,9032,90320000,90320100,90,225,90330000,78233
5,9033,90330000,90330100,90,225,90340000,78243
5,9034,90340000,90340100,90,225,90350000,78250
5,9035,90350000,90350100,90,225,90360000,78257
5,9036,90360000,90360100,90,225,90370000,78269
5,9037,90370000,90370100,90,225,90380000,78277
5,9038,90380000,90380100,90,225,90390000,78284
5,9039,90390000,90390100,90,225,90400000,78292
5,904,9040000,9040100,90,225,9050000,7832
5,9040,90400000,90400100,90,225,90410000,78304
5,9041,90410000,90410100,90,225,90420000,78310
5,9042,90420000,90420100,90,225,90430000,78321
5,9043,90430000,90430100,90,225,90440000,78327
5,9044,90440000,90440100,90,225,90450000,78337
5,9045,90450000,90450100,90,225,90460000,78346
5,9046,90460000,90460100,90,225,90470000,78353
5,9047,90470000,90470100,90,225,90480000,78362
5,9048,90480000,90480100,90,225,90490000,78374
5,9049,90490000,90490100,90,225,90500000,78380
5,905,9050000,9050100,90,225,9060000,7839
5,9050,90500000,90500100,90,225,90510000,78388
5,9051,90510000,90510100,90,225,90520000,78398
5,9052,90520000,90520100,90,225,90530000,78406
5,9053,90530000,90530100,90,225,90540000,78413
5,9054,90540000,90540100,90,225,90550000,78425
5,9055,90550000,90550100,90,225,90560000,78432
5,9056,90560000,90560100,90,225,90570000,78441
5,9057,90570000,90570100,90,225,90580000,78449
5,9058,90580000,90580100,90,225,90590000,78459
5,9059,90590000,90590100,90,225,90600000,78465
5,906,9060000,9060100,90,225,9070000,7851
5,9060,90600000,90600100,90,225,90610000,78477
5,9061,90610000,90610100,90,225,90620000,78485
5,9062,90620000,90620100,90,225,90630000,78492
5,9063,90630000,90630100,90,225,90640000,78500
5,9064,90640000,90640100,90,225,90650000,78510
5,9065,90650000,90650100,90,225,90660000,78519
5,9066,90660000,90660100,90,225,90670000,78529
5,9067,90670000,90670100,90,225,90680000,78535
5,9068,90680000,90680100,90,225,90690000,78545
5,9069,90690000,90690100,90,225,90700000,78554
5,907,9070000,9070100,90,225,9080000,7858
5,9070,90700000,90700100,90,225,90710000,78562
5,9071,90710000,90710100,90,225,90720000,78568
5,9072,90720000,90720100,90,225,90730000,78582
5,9073,90730000,90730100,90,225,90740000,78588
5,9074,90740000,90740100,90,225,90750000,78595
5,9075,90750000,90750100,90,225,90760000,78607
5,9076,90760000,90760100,90,225,90770000,78615
5,9077,90770000,90770100,90,225,90780000,78621
5,9078,90780000,90780100,90,225,90790000,78631
5,9079,90790000,90790100,90,225,90800000,78639
5,908,9080000,9080100,90,225,9090000,7866
5,9080,90800000,90800100,90,225,90810000,78650
5,9081,90810000,90810100,90,225,90820000,78658
5,9082,90820000,90820100,90,225,90830000,78667
5,9083,90830000,90830100,90,225,90840000,78673
5,9084,90840000,90840100,90,225,90850000,78684
5,9085,90850000,90850100,90,225,90860000,78691
5,9086,90860000,90860100,90,225,90870000,78701
5,9087,90870000,90870100,90,225,90880000,78709
5,9088,90880000,90880100,90,225,90890000,78718
5,9089,90890000,90890100,90,225,90900000,78726
5,909,9090000,9090100,90,225,9100000,7874
5,9090,90900000,90900100,90,225,90910000,78737
5,9091,90910000,90910100,90,225,90920000,78744
5,9092,90920000,90920100,90,225,90930000,78752
5,9093,90930000,90930100,90,225,90940000,78762
5,9094,90940000,90940100,90,225,90950000,78769
5,9095,90950000,90950100,90,225,90960000,78776
5,9096,90960000,90960100,90,225,90970000,78790
5,9097,90970000,90970100,90,225,90980000,78797
5,9098,90980000,90980100,90,225,90990000,78804
5,9099,90990000,90990100,90,225,91000000,78812
5,91,910000,910100,90,225,920000,790
5,910,9100000,9100100,90,225,9110000,7884
5,9100,91000000,91000100,90,225,91010000,78823
5,9101,91010000,91010100,90,225,91020000,78829
5,9102,91020000,91020100,90,225,91030000,78840
5,9103,91030000,91030100,90,225,91040000,78848
5,9104,91040000,91040100,90,225,91050000,78857
5,9105,91050000,91050100,90,225,91060000,78866
5,9106,91060000,91060100,90,225,91070000,78873
5,9107,91070000,91070100,90,225,91080000,78881
5,9108,91080000,91080100,90,225,91090000,78893
5,9109,91090000,91090100,90,225,91100000,78899
5,911,9110000,9110100,90,225,9120000,7890
5,9110,91100000,91100100,90,225,91110000,78909
5,9111,91110000,91110100,90,225,91120000,78917
5,9112,91120000,91120100,90,225,91130000,78926
5,9113,91130000,91130100,90,225,91140000,78933
5,9114,91140000,91140100,90,225,91150000,78945
5,9115,91150000,91150100,90,225,91160000,78952
5,9116,91160000,91160100,90,225,91170000,78960
5,9117,91170000,91170100,90,225,91180000,78970
5,9118,91180000,91180100,90,225,91190000,78977
5,9119,91190000,91190100,90,225,91200000,78984
5,912,9120000,9120100,90,225,9130000,7902
5,9120,91200000,91200100,90,225,91210000,78997
5,9121,91210000,91210100,90,225,91220000,79005
5,9122,91220000,91220100,90,225,91230000,79012
5,9123,91230000,91230100,90,225,91240000,79020
5,9124,91240000,91240100,90,225,91250000,79031
5,9125,91250000,91250100,90,225,91260000,79038
5,9126,91260000,91260100,90,225,91270000,79048
5,9127,91270000,91270100,90,225,91280000,79054
5,9128,91280000,91280100,90,225,91290000,79065
5,9129,91290000,91290100,90,225,91300000,79073
5,913,9130000,9130100,90,225,9140000,7911
5,9130,91300000,91300100,90,225,91310000,79082
5,9131,91310000,91310100,90,225,91320000,79090
5,9132,91320000,91320100,90,225,91330000,79101
5,9133,91330000,91330100,90,225,91340000,79107
5,9134,91340000,91340100,90,225,91350000,79114
5,9135,91350000,91350100,90,225,91360000,79126
5,9136,91360000,91360100,90,225,91370000,79135
5,9137,91370000,91370100,90,225,91380000,79141
5,9138,91380000,91380100,90,225,91390000,79153
5,9139,91390000,91390100,90,225,91400000,79159
5,914,9140000,9140100,90,225,9150000,7918
5,9140,91400000,91400100,90,225,91410000,79168
5,9141,91410000,91410100,90,225,91420000,79177
5,9142,91420000,91420100,90,225,91430000,79186
5,9143,91430000,91430100,90,225,91440000,79192
5,9144,91440000,91440100,90,225,91450000,79204
5,9145,91450000,91450100,90,225,91460000,79213
5,9146,91460000,91460100,90,225,91470000,79221
5,9147,91470000,91470100,90,225,91480000,79229
5,9148,91480000,91480100,90,225,91490000,79237
5,9149,91490000,91490100,90,225,91500000,79245
5,915,9150000,9150100,90,225,9160000,7927
5,9150,91500000,91500100,90,225,91510000,79256
5,9151,91510000,91510100,90,225,91520000,79262
5,9152,91520000,91520100,90,225,91530000,79274
5,9153,91530000,91530100,90,225,91540000,79282
5,9154,91540000,91540100,90,225,91550000,79289
5,9155,91550000,91550100,90,225,91560000,79296
5,9156,91560000,91560100,90,225,91570000,79309
5,9157,91570000,91570100,90,225,91580000,79316
5,9158,91580000,91580100,90,225,91590000,79323
5,9159,91590000,91590100,90,225,91600000,79333
5,916,9160000,9160100,90,225,9170000,7935
5,9160,91600000,91600100,90,225,91610000,79343
5,9161,91610000,91610100,90,225,91620000,79349
5,9162,91620000,91620100,90,225,91630000,79359
5,9163,91630000,91630100,90,225,91640000,79368
5,9164,91640000,91640100,90,225,91650000,79376
5,9165,91650000,91650100,90,225,91660000,79385
5,9166,91660000,91660100,90,225,91670000,79394
5,9167,91670000,91670100,90,225,91680000,79400
5,9168,91680000,91680100,90,225,91690000,79413
5,9169,91690000,91690100,90,225,91700000,79419
5,917,9170000,9170100,90,225,9180000,7943
5,9170,91700000,91700100,90,225,91710000,79429
5,9171,91710000,91710100,90,225,91720000,79437
5,9172,91720000,91720100,90,225,91730000,79445
5,9173,91730000,91730100,90,225,91740000,79453
5,9174,91740000,91740100,90,225,91750000,79464
5,9175,91750000,91750100,90,225,91760000,79471
5,9176,91760000,91760100,90,225,91770000,79480
5,9177,91770000,91770100,90,225,91780000,79490
5,9178,91780000,91780100,90,225,91790000,79497
5,9179,91790000,91790100,90,225,91800000,79504
5,918,9180000,9180100,90,225,9190000,7954
5,9180,91800000,91800100,90,225,91810000,79518
5,9181,91810000,91810100,90,225,91820000,79524
5,9182,91820000,91820100,90,225,91830000,79531
5,9183,91830000,91830100,90,225,91840000,79539
5,9184,91840000,91840100,90,225,91850000,79550
5,9185,91850000,91850100,90,225,91860000,79558
5,9186,91860000,91860100,90,225,91870000,79568
5,9187,91870000,91870100,90,225,91880000,79576
5,9188,91880000,91880100,90,225,91890000,79584
5,9189,91890000,91890100,90,225,91900000,79592
5,919,9190000,9190100,90,225,9200000,7960
5,9190,91900000,91900100,90,225,91910000,79601
5,9191,91910000,91910100,90,225,91920000,79609
5,9192,91920000,91920100,90,225,91930000,79621
5,9193,91930000,91930100,90,225,91940000,79627
5,9194,91940000,91940100,90,225,91950000,79636
5,9195,91950000,91950100,90,225,91960000,79645
5,9196,91960000,91960100,90,225,91970000,79654
5,9197,91970000,91970100,90,225,91980000,79660
5,9198,91980000,91980100,90,225,91990000,79672
5,9199,91990000,91990100,90,225,92000000,79678
5,92,920000,920100,90,225,930000,798
5,920,9200000,9200100,90,225,9210000,7972
5,9200,92000000,92000100,90,225,92010000,79688
5,9201,92010000,92010100,90,225,92020000,79699
5,9202,92020000,92020100,90,225,92030000,79706
5,9203,92030000,92030100,90,225,92040000,79712
5,9204,92040000,92040100,90,225,92050000,79723
5,9205,92050000,92050100,90,225,92060000,79732
5,9206,92060000,92060100,90,225,92070000,79739
5,9207,92070000,92070100,90,225,92080000,79748
5,9208,92080000,92080100,90,225,92090000,79759
5,9209,92090000,92090100,90,225,92100000,79765
5,921,9210000,9210100,90,225,9220000,7980
5,9210,92100000,92100100,90,225,92110000,79776
5,9211,92110000,92110100,90,225,92120000,79782
5,9212,92120000,92120100,90,225,92130000,79793
5,9213,92130000,92130100,90,225,92140000,79801
5,9214,92140000,92140100,90,225,92150000,79808
5,9215,92150000,92150100,90,225,92160000,79817
5,9216,92160000,92160100,90,225,92170000,79829
5,9217,92170000,92170100,90,225,92180000,79835
5,9218,92180000,92180100,90,225,92190000,79843
5,9219,92190000,92190100,90,225,92200000,79853
5,922,9220000,9220100,90,225,9230000,7987
5,9220,92200000,92200100,90,225,92210000,79862
5,9221,92210000,92210100,90,225,92220000,79868
5,9222,92220000,92220100,90,225,92230000,79880
5,9223,92230000,92230100,90,225,92240000,79887
5,9224,92240000,92240100,90,225,92250000,79896
5,9225,92250000,92250100,90,225,92260000,79905
5,9226,92260000,92260100,90,225,92270000,79914
5,9227,92270000,92270100,90,225,92280000,79920
5,9228,92280000,92280100,90,225,92290000,79931
5,9229,92290000,92290100,90,225,92300000,79940
5,923,9230000,9230100,90,225,9240000,7993
5,9230,92300000,92300100,90,225,92310000,79948
5,9231,92310000,92310100,90,225,92320000,79956
5,9232,92320000,92320100,90,225,92330000,79965
5,9233,92330000,92330100,90,225,92340000,79973
5,9234,92340000,92340100,90,225,92350000,79984
5,9235,92350000,92350100,90,225,92360000,79991
5,9236,92360000,92360100,90,225,92370000,80001
5,9237,92370000,92370100,90,225,92380000,80009
5,9238,92380000,92380100,90,225,92390000,80016
5,9239,92390000,92390100,90,225,92400000,80022
5,924,9240000,9240100,90,225,9250000,8007
5,925,9250000,9250100,90,225,9260000,8014
5,926,9260000,9260100,90,225,9270000,8021
5,927,9270000,9270100,90,225,9280000,8031
5,928,9280000,9280100,90,225,9290000,8040
5,929,9290000,9290100,90,225,9300000,8047
5,93,930000,930100,90,225,940000,807
5,930,9300000,9300100,90,225,9310000,8058
5,931,9310000,9310100,90,225,9320000,8066
5,932,9320000,9320100,90,225,9330000,8074
5,933,9330000,9330100,90,225,9340000,8082
5,934,9340000,9340100,90,225,9350000,8091
5,935,9350000,9350100,90,225,9360000,8099
5,936,9360000,9360100,90,225,9370000,8111
5,937,9370000,9370100,90,225,9380000,8117
5,938,9380000,9380100,90,225,9390000,8126
5,939,9390000,9390100,90,225,9400000,8134
5,94,940000,940100,90,225,950000,816
5,940,9400000,9400100,90,225,9410000,8144
5,941,9410000,9410100,90,225,9420000,8152
5,942,9420000,9420100,90,225,9430000,8162
5,943,9430000,9430100,90,225,9440000,8168
5,944,9440000,9440100,90,225,9450000,8177
5,945,9450000,9450100,90,225,9460000,8188
5,946,9460000,9460100,90,225,9470000,8196
5,947,9470000,9470100,90,225,9480000,8202
5,948,9480000,9480100,90,225,9490000,8215
5,949,9490000,9490100,90,225,9500000,8221
5,95,950000,950100,90,225,960000,823
5,950,9500000,9500100,90,225,9510000,8229
5,951,9510000,9510100,90,225,9520000,8238
5,952,9520000,9520100,90,225,9530000,8249
5,953,9530000,9530100,90,225,9540000,8255
5,954,9540000,9540100,90,225,9550000,8265
5,955,9550000,9550100,90,225,9560000,8274
5,956,9560000,9560100,90,225,9570000,8282
5,957,9570000,9570100,90,225,9580000,8291
5,958,9580000,9580100,90,225,9590000,8298
5,959,9590000,9590100,90,225,9600000,8306
5,96,960000,960100,90,225,970000,835
5,960,9600000,9600100,90,225,9610000,8319
5,961,9610000,9610100,90,225,9620000,8325
5,962,9620000,9620100,90,225,9630000,8335
5,963,9630000,9630100,90,225,9640000,8343
5,964,9640000,9640100,90,225,9650000,8351
5,965,9650000,9650100,90,225,9660000,8358
5,966,9660000,9660100,90,225,9670000,8370
5,967,9670000,9670100,90,225,9680000,8376
5,968,9680000,9680100,90,225,9690000,8386
5,969,9690000,9690100,90,225,9700000,8396
5,97,970000,970100,90,225,980000,841
5,970,9700000,9700100,90,225,9710000,8404
5,971,9710000,9710100,90,225,9720000,8410
5,972,9720000,9720100,90,225,9730000,8421
5,973,9730000,9730100,90,225,9740000,8430
5,974,9740000,9740100,90,225,9750000,8437
5,975,9750000,9750100,90,225,9760000,8446
5,976,9760000,9760100,90,225,9770000,8457
5,977,9770000,9770100,90,225,9780000,8463
5,978,9780000,9780100,90,225,9790000,8473
5,979,9790000,9790100,90,225,9800000,8480
5,98,980000,980100,90,225,990000,850
5,980,9800000,9800100,90,225,9810000,8491
5,981,9810000,9810100,90,225,9820000,8499
5,982,9820000,9820100,90,225,9830000,8506
5,983,9830000,9830100,90,225,9840000,8514
5,984,9840000,9840100,90,225,9850000,8527
5,985,9850000,9850100,90,225,9860000,8534
5,986,9860000,9860100,90,225,9870000,8541
5,987,9870000,9870100,90,225,9880000,8551
5,988,9880000,9880100,90,225,9890000,8559
5,989,9890000,9890100,90,225,9900000,8565
5,99,990000,990100,90,225,1000000,859
5,990,9900000,9900100,90,225,9910000,8579
5,991,9910000,9910100,90,225,9920000,8585
5,992,9920000,9920100,90,225,9930000,8594
5,993,9930000,9930100,90,225,9940000,8602
5,994,9940000,9940100,90,225,9950000,8611
5,995,9950000,9950100,90,225,9960000,8619
5,996,9960000,9960100,90,225,9970000,8630
5,997,9970000,9970100,90,225,9980000,8638
5,998,9980000,9980100,90,225,9990000,8645
5,999,9990000,9990100,90,225,10000000,8653
6,0,0,100,158,395,20000,12
6,1,20000,20100,158,395,40000,29
6,10,200000,200100,158,395,220000,185
6,100,2000000,2000100,158,395,2020000,1744
6,1000,20000000,20000100,158,395,20020000,17334
6,1001,20020000,20020100,158,395,20040000,17350
6,1002,20040000,20040100,158,395,20060000,17370
6,1003,20060000,20060100,158,395,20080000,17386
6,1004,20080000,20080100,158,395,20100000,17403
6,1005,20100000,20100100,158,395,20120000,17420
6,1006,20120000,20120100,158,395,20140000,17439
6,1007,20140000,20140100,158,395,20160000,17453
6,1008,20160000,20160100,158,395,20180000,17473
6,1009,20180000,20180100,158,395,20200000,17491
6,101,2020000,2020100,158,395,2040000,1760
6,1010,20200000,20200100,158,395,20220000,17506
6,1011,20220000,20220100,158,395,20240000,17524
6,1012,20240000,20240100,158,395,20260000,17543
6,1013,20260000,20260100,158,395,20280000,17558
6,1014,20280000,20280100,158,395,20300000,17576
6,1015,20300000,20300100,158,395,20320000,17594
6,1016,20320000,20320100,158,395,20340000,17611
6,1017,20340000,20340100,158,395,20360000,17629
6,1018,20360000,20360100,158,395,20380000,17647
6,1019,20380000,20380100,158,395,20400000,17660
6,102,2040000,2040100,158,395,2060000,1778
6,1020,20400000,20400100,158,395,20420000,17682
6,1021,20420000,20420100,158,395,20440000,17697
6,1022,20440000,20440100,158,395,20460000,17714
6,1023,20460000,20460100,158,395,20480000,17733
6,1024,20480000,20480100,158,395,20500000,17750
6,1025,20500000,20500100,158,395,20520000,17767
6,1026,20520000,20520100,158,395,20540000,17784
6,1027,20540000,20540100,158,395,20560000,17802
6,1028,20560000,20560100,158,395,20580000,17818
6,1029,20580000,20580100,158,395,20600000,17836
6,103,2060000,2060100,158,395,2080000,1795
6,1030,20600000,20600100,158,395,20620000,17855
6,1031,20620000,20620100,158,395,20640000,17869
6,1032,20640000,20640100,158,395,20660000,17890
6,1033,20660000,20660100,158,395,20680000,17905
6,1034,20680000,20680100,158,395,20700000,17922
6,1035,20700000,20700100,158,395,20720000,17939
6,1036,20720000,20720100,158,395,20740000,17959
6,1037,20740000,20740100,158,395,20760000,17975
6,1038,20760000,20760100,158,395,20780000,17992
6,1039,20780000,20780100,158,395,20800000,18010
6,104,2080000,2080100,158,395,2100000,1811
6,1040,20800000,20800100,158,395,20820000,18026
6,1041,20820000,20820100,158,395,20840000,18044
6,1042,20840000,20840100,158,395,20860000,18062
6,1043,20860000,20860100,158,395,20880000,18077
6,1044,20880000,20880100,158,395,20900000,18097
6,1045,20900000,20900100,158,395,20920000,18114
6,1046,20920000,20920100,158,395,20940000,18130
6,1047,20940000,20940100,158,395,20960000,18148
6,1048,20960000,20960100,158,395,20980000,18167
6,1049,20980000,20980100,158,395,21000000,18180
6,105,2100000,2100100,158,395,2120000,1830
6,1050,21000000,21000100,158,395,21020000,18201
6,1051,21020000,21020100,158,395,21040000,18218
6,1052,21040000,21040100,158,395,21060000,18234
6,1053,21060000,21060100,158,395,21080000,18253
6,1054,21080000,21080100,158,395,21100000,18269
6,1055,21100000,21100100,158,395,21120000,18285
6,1056,21120000,21120100,158,395,21140000,18304
6,1057,21140000,21140100,158,395,21160000,18322
6,1058,21160000,21160100,158,395,21180000,18339
6,1059,21180000,21180100,158,395,21200000,18355
6,106,2120000,2120100,158,395,2140000,1848
6,1060,21200000,21200100,158,395,21220000,18375
6,1061,21220000,21220100,158,395,21240000,18389
6,1062,21240000,21240100,158,395,21260000,18409
6,1063,21260000,21260100,158,395,21280000,18424
6,1064,21280000,21280100,158,395,21300000,18442
6,1065,21300000,21300100,158,395,21320000,18461
6,1066,21320000,21320100,158,395,21340000,18477
6,1067,21340000,21340100,158,395,21360000,18494
6,1068,21360000,21360100,158,395,21380000,18512
6,1069,21380000,21380100,158,395,21400000,18530
6,107,2140000,2140100,158,395,2160000,1863
6,1070,21400000,21400100,158,395,21420000,18545
6,1071,21420000,21420100,158,395,21440000,18563
6,1072,21440000,21440100,158,395,21460000,18584
6,1073,21460000,21460100,158,395,21480000,18597
6,1074,21480000,21480100,158,395,21500000,18616
6,1075,21500000,21500100,158,395,21520000,18633
6,1076,21520000,21520100,158,395,21540000,18650
6,1077,21540000,21540100,158,395,21560000,18667
6,1078,21560000,21560100,158,395,21580000,18686
6,1079,21580000,21580100,158,395,21600000,18701
6,108,2160000,2160100,158,395,2180000,1883
6,1080,21600000,21600100,158,395,21620000,18721
6,1081,21620000,21620100,158,395,21640000,18738
6,1082,21640000,21640100,158,395,21660000,18753
6,1083,21660000,21660100,158,395,21680000,18772
6,1084,21680000,21680100,158,395,21700000,18789
6,1085,21700000,21700100,158,395,21720000,18805
6,1086,21720000,21720100,158,395,21740000,18825
6,1087,21740000,21740100,158,395,21760000,18841
6,1088,21760000,21760100,158,395,21780000,18858
6,1089,21780000,21780100,158,395,21800000,18875
6,109,2180000,2180100,158,395,2200000,1898
6,1090,21800000,21800100,158,395,21820000,18894
6,1091,21820000,21820100,158,395,21840000,18908
6,1092,21840000,21840100,158,395,21860000,18929
6,1093,21860000,21860100,158,395,21880000,18946
6,1094,21880000,21880100,158,395,21900000,18961
6,1095,21900000,21900100,158,395,21920000,18980
6,1096,21920000,21920100,158,395,21940000,18997
6,1097,21940000,21940100,158,395,21960000,19014
6,1098,21960000,21960100,158,395,21980000,19031
6,1099,21980000,21980100,158,395,22000000,19048
6,11,220000,220100,158,395,240000,199
6,110,2200000,2200100,158,395,2220000,1916
6,1100,22000000,22000100,158,395,22020000,19067
6,1101,22020000,22020100,158,395,22040000,19083
6,1102,22040000,22040100,158,395,22060000,19103
6,1103,22060000,22060100,158,395,22080000,19116
6,1104,22080000,22080100,158,395,22100000,19136
6,1105,22100000,22100100,158,395,22120000,19153
6,1106,22120000,22120100,158,395,22140000,19169
6,1107,22140000,22140100,158,395,22160000,19188
6,1108,22160000,22160100,158,395,22180000,19206
6,1109,22180000,22180100,158,395,22200000,19221
6,111,2220000,2220100,158,395,2240000,1932
6,1110,22200000,22200100,158,395,22220000,19239
6,1111,22220000,22220100,158,395,22240000,19257
6,1112,22240000,22240100,158,395,22260000,19273
6,1113,22260000,22260100,158,395,22280000,19292
6,1114,22280000,22280100,158,395,22300000,19310
6,1115,22300000,22300100,158,395,22320000,19324
6,1116,22320000,22320100,158,395,22340000,19345
6,1117,22340000,22340100,158,395,22360000,19361
6,1118,22360000,22360100,158,395,22380000,19377
6,1119,22380000,22380100,158,395,22400000,19394
6,112,2240000,2240100,158,395,2260000,1953
6,1120,22400000,22400100,158,395,22420000,19414
6,1121,22420000,22420100,158,395,22440000,19429
6,1122,22440000,22440100,158,395,22460000,19448
6,1123,22460000,22460100,158,395,22480000,19465
6,1124,22480000,22480100,158,395,22500000,19481
6,1125,22500000,22500100,158,395,22520000,19500
6,1126,22520000,22520100,158,395,22540000,19516
6,1127,22540000,22540100,158,395,22560000,19533
6,1128,22560000,22560100,158,395,22580000,19553
6,1129,22580000,22580100,158,395,22600000,19568
6,113,2260000,2260100,158,395,2280000,1968
6,1130,22600000,22600100,158,395,22620000,19586
6,1131,22620000,22620100,158,395,22640000,19602
6,1132,22640000,22640100,158,395,22660000,19622
6,1133,22660000,22660100,158,395,22680000,19636
6,1134,22680000,22680100,158,395,22700000,19655
6,1135,22700000,22700100,158,395,22720000,19674
6,1136,22720000,22720100,158,395,22740000,19689
6,1137,22740000,22740100,158,395,22760000,19708
6,1138,22760000,22760100,158,395,22780000,19725
6,1139,22780000,22780100,158,395,22800000,19740
6,114,2280000,2280100,158,395,2300000,1985
6,1140,22800000,22800100,158,395,22820000,19759
6,1141,22820000,22820100,158,395,22840000,19777
6,1142,22840000,22840100,158,395,22860000,19794
6,1143,22860000,22860100,158,395,22880000,19810
6,1144,22880000,22880100,158,395,22900000,19830
6,1145,22900000,22900100,158,395,22920000,19844
6,1146,22920000,22920100,158,395,22940000,19864
6,1147,22940000,22940100,158,395,22960000,19880
6,1148,22960000,22960100,158,395,22980000,19897
6,1149,22980000,22980100,158,395,23000000,19916
6,115,2300000,2300100,158,395,2320000,2004
6,1150,23000000,23000100,158,395,23020000,19933
6,1151,23020000,23020100,158,395,23040000,19948
6,1152,23040000,23040100,158,395,23060000,19968
6,1153,23060000,23060100,158,395,23080000,19985
6,1154,23080000,23080100,158,395,23100000,19999
6,1155,23100000,23100100,158,395,23120000,20019
6,1156,23120000,23120100,158,395,23140000,20038
6,1157,23140000,23140100,158,395,23160000,20053
6,1158,23160000,23160100,158,395,23180000,20072
6,1159,23180000,23180100,158,395,23200000,20087
6,116,2320000,2320100,158,395,2340000,2019
6,1160,23200000,23200100,158,395,23220000,20106
6,1161,23220000,23220100,158,395,23240000,20122
6,1162,23240000,23240100,158,395,23260000,20141
6,1163,23260000,23260100,158,395,23280000,20157
6,1164,23280000,23280100,158,395,23300000,20175
6,1165,23300000,23300100,158,395,23320000,20193
6,1166,23320000,23320100,158,395,23340000,20208
6,1167,23340000,23340100,158,395,23360000,20227
6,1168,23360000,23360100,158,395,23380000,20245
6,1169,23380000,23380100,158,395,23400000,20260
6,117,2340000,2340100,158,395,2360000,2038
6,1170,23400000,23400100,158,395,23420000,20280
6,1171,23420000,23420100,158,395,23440000,20296
6,1172,23440000,23440100,158,395,23460000,20314
6,1173,23460000,23460100,158,395,23480000,20330
6,1174,23480000,23480100,158,395,23500000,20349
6,1175,23500000,23500100,158,395,23520000,20363
6,1176,23520000,23520100,158,395,23540000,20383
6,1177,23540000,23540100,158,395,23560000,20402
6,1178,23560000,23560100,158,395,23580000,20416
6,1179,23580000,23580100,158,395,23600000,20435
6,118,2360000,2360100,158,395,2380000,2055
6,1180,23600000,23600100,158,395,23620000,20453
6,1181,23620000,23620100,158,395,23640000,20468
6,1182,23640000,23640100,158,395,23660000,20487
6,1183,23660000,23660100,158,395,23680000,20504
6,1184,23680000,23680100,158,395,23700000,20521
6,1185,23700000,23700100,158,395,23720000,20539
6,1186,23720000,23720100,158,395,23740000,20557
6,1187,23740000,23740100,158,395,23760000,20571
6,1188,23760000,23760100,158,395,23780000,20592
6,1189,23780000,23780100,158,395,23800000,20607
6,119,2380000,2380100,158,395,2400000,2070
6,1190,23800000,23800100,158,395,23820000,20625
6,1191,23820000,23820100,158,395,23840000,20643
6,1192,23840000,23840100,158,395,23860000,20661
6,1193,23860000,23860100,158,395,23880000,20677
6,1194,23880000,23880100,158,395,23900000,20694
6,1195,23900000,23900100,158,395,23920000,20712
6,1196,23920000,23920100,158,395,23940000,20728
6,1197,23940000,23940100,158,395,23960000,20747
6,1198,23960000,23960100,158,395,23980000,20765
6,1199,23980000,23980100,158,395,24000000,20779
6,12,240000,240100,158,395,260000,220
6,120,2400000,2400100,158,395,2420000,2091
6,1200,24000000,24000100,158,395,24020000,20800
6,1201,24020000,24020100,158,395,24040000,20816
6,1202,24040000,24040100,158,395,24060000,20833
6,1203,24060000,24060100,158,395,24080000,20849
6,1204,24080000,24080100,158,395,24100000,20869
6,1205,24100000,24100100,158,395,24120000,20885
6,1206,24120000,24120100,158,395,24140000,20902
6,1207,24140000,24140100,158,395,24160000,20921
6,1208,24160000,24160100,158,395,24180000,20936
6,1209,24180000,24180100,158,395,24200000,20954
6,121,2420000,2420100,158,395,2440000,2107
6,1210,24200000,24200100,158,395,24220000,20972
6,1211,24220000,24220100,158,395,24240000,20987
6,1212,24240000,24240100,158,395,24260000,21009
6,1213,24260000,24260100,158,395,24280000,21024
6,1214,24280000,24280100,158,395,24300000,21040
6,1215,24300000,24300100,158,395,24320000,21058
6,1216,24320000,24320100,158,395,24340000,21077
6,1217,24340000,24340100,158,395,24360000,21091
6,1218,24360000,24360100,158,395,24380000,21111
6,1219,24380000,24380100,158,395,24400000,21128
6,122,2440000,2440100,158,395,2460000,2124
6,1220,24400000,24400100,158,395,24420000,21144
6,1221,24420000,24420100,158,395,24440000,21163
6,1222,24440000,24440100,158,395,24460000,21180
6,1223,24460000,24460100,158,395,24480000,21196
6,1224,24480000,24480100,158,395,24500000,21214
6,1225,24500000,24500100,158,395,24520000,21232
6,1226,24520000,24520100,158,395,24540000,21249
6,1227,24540000,24540100,158,395,24560000,21266
6,1228,24560000,24560100,158,395,24580000,21285
6,1229,24580000,24580100,158,395,24600000,21299
6,123,2460000,2460100,158,395,2480000,2141
6,1230,24600000,24600100,158,395,24620000,21319
6,1231,24620000,24620100,158,395,24640000,21334
6,1232,24640000,24640100,158,395,24660000,21353
6,1233,24660000,24660100,158,395,24680000,21371
6,1234,24680000,24680100,158,395,24700000,21388
6,1235,24700000,24700100,158,395,24720000,21404
6,1236,24720000,24720100,158,395,24740000,21422
6,1237,24740000,24740100,158,395,24760000,21441
6,1238,24760000,24760100,158,395,24780000,21455
6,1239,24780000,24780100,158,395,24800000,21473
6,124,2480000,2480100,158,395,2500000,2160
6,1240,24800000,24800100,158,395,24820000,21494
6,1241,24820000,24820100,158,395,24840000,21507
6,1242,24840000,24840100,158,395,24860000,21527
6,1243,24860000,24860100,158,395,24880000,21543
6,1244,24880000,24880100,158,395,24900000,21560
6,1245,24900000,24900100,158,395,24920000,21578
6,1246,24920000,24920100,158,395,24940000,21596
6,1247,24940000,24940100,158,395,24960000,21612
6,1248,24960000,24960100,158,395,24980000,21631
6,1249,24980000,24980100,158,395,25000000,21648
6,125,2500000,2500100,158,395,2520000,2174
6,1250,25000000,25000100,158,395,25020000,21663
6,1251,25020000,25020100,158,395,25040000,21682
6,1252,25040000,25040100,158,395,25060000,21700
6,1253,25060000,25060100,158,395,25080000,21715
6,1254,25080000,25080100,158,395,25100000,21735
6,1255,25100000,25100100,158,395,25120000,21751
6,1256,25120000,25120100,158,395,25140000,21769
6,1257,25140000,25140100,158,395,25160000,21786
6,1258,25160000,25160100,158,395,25180000,21804
6,1259,25180000,25180100,158,395,25200000,21818
6,126,2520000,2520100,158,395,2540000,2194
6,1260,25200000,25200100,158,395,25220000,21839
6,1261,25220000,25220100,158,395,25240000,21856
6,1262,25240000,25240100,158,395,25260000,21872
6,1263,25260000,25260100,158,395,25280000,21890
6,1264,25280000,25280100,158,395,25300000,21907
6,1265,25300000,25300100,158,395,25320000,21924
6,1266,25320000,25320100,158,395,25340000,21941
6,1267,25340000,25340100,158,395,25360000,21960
6,1268,25360000,25360100,158,395,25380000,21977
6,1269,25380000,25380100,158,395,25400000,21993
6,127,2540000,2540100,158,395,2560000,2212
6,1270,25400000,25400100,158,395,25420000,22013
6,1271,25420000,25420100,158,395,25440000,22026
6,1272,25440000,25440100,158,395,25460000,22047
6,1273,25460000,25460100,158,395,25480000,22063
6,1274,25480000,25480100,158,395,25500000,22079
6,1275,25500000,25500100,158,395,25520000,22098
6,1276,25520000,25520100,158,395,25540000,22116
6,1277,25540000,25540100,158,395,25560000,22132
6,1278,25560000,25560100,158,395,25580000,22150
6,1279,25580000,25580100,158,395,25600000,22167
6,128,2560000,2560100,158,395,2580000,2227
6,1280,25600000,25600100,158,395,25620000,22183
6,1281,25620000,25620100,158,395,25640000,22202
6,1282,25640000,25640100,158,395,25660000,22221
6,1283,25660000,25660100,158,395,25680000,22234
6,1284,25680000,25680100,158,395,25700000,22255
6,1285,25700000,25700100,158,395,25720000,22271
6,1286,25720000,25720100,158,395,25740000,22287
6,1287,25740000,25740100,158,395,25760000,22305
6,1288,25760000,25760100,158,395,25780000,22324
6,1289,25780000,25780100,158,395,25800000,22340
6,129,2580000,2580100,158,395,2600000,2246
6,1290,25800000,25800100,158,395,25820000,22358
6,1291,25820000,25820100,158,395,25840000,22375
6,1292,25840000,25840100,158,395,25860000,22392
6,1293,25860000,25860100,158,395,25880000,22410
6,1294,25880000,25880100,158,395,25900000,22426
6,1295,25900000,25900100,158,395,25920000,22443
6,1296,25920000,25920100,158,395,25940000,22463
6,1297,25940000,25940100,158,395,25960000,22479
6,1298,25960000,25960100,158,395,25980000,22496
6,1299,25980000,25980100,158,395,26000000,22512
6,13,260000,260100,158,395,280000,236
6,130,2600000,2600100,158,395,2620000,2263
6,1300,26000000,26000100,158,395,26020000,22533
6,1301,26020000,26020100,158,395,26040000,22546
6,1302,26040000,26040100,158,395,26060000,22566
6,1303,26060000,26060100,158,395,26080000,22584
6,1304,26080000,26080100,158,395,26100000,22599
6,1305,26100000,26100100,158,395,26120000,22618
6,1306,26120000,26120100,158,395,26140000,22635
6,1307,26140000,26140100,158,395,26160000,22651
6,1308,26160000,26160100,158,395,26180000,22669
6,1309,26180000,26180100,158,395,26200000,22687
6,131,2620000,2620100,158,395,2640000,2278
6,1310,26200000,26200100,158,395,26220000,22704
6,1311,26220000,26220100,158,395,26240000,22721
6,1312,26240000,26240100,158,395,26260000,22741
6,1313,26260000,26260100,158,395,26280000,22754
6,1314,26280000,26280100,158,395,26300000,22774
6,1315,26300000,26300100,158,395,26320000,22790
6,1316,26320000,26320100,158,395,26340000,22807
6,1317,26340000,26340100,158,395,26360000,22827
6,1318,26360000,26360100,158,395,26380000,22843
6,1319,26380000,26380100,158,395,26400000,22858
6,132,2640000,2640100,158,395,2660000,2298
6,1320,26400000,26400100,158,395,26420000,22878
6,1321,26420000,26420100,158,395,26440000,22895
6,1322,26440000,26440100,158,395,26460000,22911
6,1323,26460000,26460100,158,395,26480000,22929
6,1324,26480000,26480100,158,395,26500000,22948
6,1325,26500000,26500100,158,395,26520000,22963
6,1326,26520000,26520100,158,395,26540000,22982
6,1327,26540000,26540100,158,395,26560000,22998
6,1328,26560000,26560100,158,395,26580000,23016
6,1329,26580000,26580100,158,395,26600000,23032
6,133,2660000,2660100,158,395,2680000,2315
6,1330,26600000,26600100,158,395,26620000,23051
6,1331,26620000,26620100,158,395,26640000,23067
6,1332,26640000,26640100,158,395,26660000,23086
6,1333,26660000,26660100,158,395,26680000,23104
6,1334,26680000,26680100,158,395,26700000,23118
6,1335,26700000,26700100,158,395,26720000,23137
6,1336,26720000,26720100,158,395,26740000,23155
6,1337,26740000,26740100,158,395,26760000,23171
6,1338,26760000,26760100,158,395,26780000,23190
6,1339,26780000,26780100,158,395,26800000,23206
6,134,2680000,2680100,158,395,2700000,2332
6,1340,26800000,26800100,158,395,26820000,23224
6,1341,26820000,26820100,158,395,26840000,23240
6,1342,26840000,26840100,158,395,26860000,23260
6,1343,26860000,26860100,158,395,26880000,23273
6,1344,26880000,26880100,158,395,26900000,23294
6,1345,26900000,26900100,158,395,26920000,23312
6,1346,26920000,26920100,158,395,26940000,23326
6,1347,26940000,26940100,158,395,26960000,23346
6,1348,26960000,26960100,158,395,26980000,23363
6,1349,26980000,26980100,158,395,27000000,23378
6,135,2700000,2700100,158,395,2720000,2349
6,1350,27000000,27000100,158,395,27020000,23397
6,1351,27020000,27020100,158,395,27040000,23414
6,1352,27040000,27040100,158,395,27060000,23432
6,1353,27060000,27060100,158,395,27080000,23449
6,1354,27080000,27080100,158,395,27100000,23467
6,1355,27100000,27100100,158,395,27120000,23482
6,1356,27120000,27120100,158,395,27140000,23502
6,1357,27140000,27140100,158,395,27160000,23518
6,1358,27160000,27160100,158,395,27180000,23535
6,1359,27180000,27180100,158,395,27200000,23553
6,136,2720000,2720100,158,395,2740000,2368
6,1360,27200000,27200100,158,395,27220000,23571
6,1361,27220000,27220100,158,395,27240000,23587
6,1362,27240000,27240100,158,395,27260000,23605
6,1363,27260000,27260100,158,395,27280000,23622
6,1364,27280000,27280100,158,395,27300000,23638
6,1365,27300000,27300100,158,395,27320000,23657
6,1366,27320000,27320100,158,395,27340000,23676
6,1367,27340000,27340100,158,395,27360000,23690
6,1368,27360000,27360100,158,395,27380000,23710
6,1369,27380000,27380100,158,395,27400000,23726
6,137,2740000,2740100,158,395,2760000,2383
6,1370,27400000,27400100,158,395,27420000,23743
6,1371,27420000,27420100,158,395,27440000,23759
6,1372,27440000,27440100,158,395,27460000,23780
6,1373,27460000,27460100,158,395,27480000,23795
6,1374,27480000,27480100,158,395,27500000,23812
6,1375,27500000,27500100,158,395,27520000,23831
6,1376,27520000,27520100,158,395,27540000,23846
6,1377,27540000,27540100,158,395,27560000,23866
6,1378,27560000,27560100,158,395,27580000,23882
6,1379,27580000,27580100,158,395,27600000,23897
6,138,2760000,2760100,158,395,2780000,2402
6,1380,27600000,27600100,158,395,27620000,23919
6,1381,27620000,27620100,158,395,27640000,23934
6,1382,27640000,27640100,158,395,27660000,23951
6,1383,27660000,27660100,158,395,27680000,23968
6,1384,27680000,27680100,158,395,27700000,23987
6,1385,27700000,27700100,158,395,27720000,24001
6,1386,27720000,27720100,158,395,27740000,24021
6,1387,27740000,27740100,158,395,27760000,24039
6,1388,27760000,27760100,158,395,27780000,24055
6,1389,27780000,27780100,158,395,27800000,24073
6,139,2780000,2780100,158,395,2800000,2417
6,1390,27800000,27800100,158,395,27820000,24090
6,1391,27820000,27820100,158,395,27840000,24106
6,1392,27840000,27840100,158,395,27860000,24125
6,1393,27860000,27860100,158,395,27880000,24142
6,1394,27880000,27880100,158,395,27900000,24159
6,1395,27900000,27900100,158,395,27920000,24176
6,1396,27920000,27920100,158,395,27940000,24195
6,1397,27940000,27940100,158,395,27960000,24210
6,1398,27960000,27960100,158,395,27980000,24229
6,1399,27980000,27980100,158,395,28000000,24245
6,14,280000,280100,158,395,300000,252
6,140,2800000,2800100,158,395,2820000,2436
6,1400,28000000,28000100,158,395,28020000,24263
6,1401,28020000,28020100,158,395,28040000,24281
6,1402,28040000,28040100,158,395,28060000,24299
6,1403,28060000,28060100,158,395,28080000,24314
6,1404,28080000,28080100,158,395,28100000,24332
6,1405,28100000,28100100,158,395,28120000,24351
6,1406,28120000,28120100,158,395,28140000,24365
6,1407,28140000,28140100,158,395,28160000,24384
6,1408,28160000,28160100,158,395,28180000,24404
6,1409,28180000,28180100,158,395,28200000,24417
6,141,2820000,2820100,158,395,2840000,2454
6,1410,28200000,28200100,158,395,28220000,24438
6,1411,28220000,28220100,158,395,28240000,24453
6,1412,28240000,28240100,158,395,28260000,24471
6,1413,28260000,28260100,158,395,28280000,24488
6,1414,28280000,28280100,158,395,28300000,24506
6,1415,28300000,28300100,158,395,28320000,24522
6,1416,28320000,28320100,158,395,28340000,24541
6,1417,28340000,28340100,158,395,28360000,24559
6,1418,28360000,28360100,158,395,28380000,24573
6,1419,28380000,28380100,158,395,28400000,24592
6,142,2840000,2840100,158,395,2860000,2471
6,1420,28400000,28400100,158,395,28420000,24610
6,1421,28420000,28420100,158,395,28440000,24626
6,1422,28440000,28440100,158,395,28460000,24646
6,1423,28460000,28460100,158,395,28480000,24661
6,1424,28480000,28480100,158,395,28500000,24679
6,1425,28500000,28500100,158,395,28520000,24696
6,1426,28520000,28520100,158,395,28540000,24714
6,1427,28540000,28540100,158,395,28560000,24729
6,1428,28560000,28560100,158,395,28580000,24749
6,1429,28580000,28580100,158,395,28600000,24766
6,143,2860000,2860100,158,395,2880000,2487
6,1430,28600000,28600100,158,395,28620000,24782
6,1431,28620000,28620100,158,395,28640000,24800
6,1432,28640000,28640100,158,395,28660000,24819
6,1433,28660000,28660100,158,395,28680000,24834
6,1434,28680000,28680100,158,395,28700000,24851
6,1435,28700000,28700100,158,395,28720000,24870
6,1436,28720000,28720100,158,395,28740000,24887
6,1437,28740000,28740100,158,395,28760000,24904
6,1438,28760000,28760100,158,395,28780000,24923
6,1439,28780000,28780100,158,395,28800000,24936
6,144,2880000,2880100,158,395,2900000,2505
6,1440,28800000,28800100,158,395,28820000,24957
6,1441,28820000,28820100,158,395,28840000,24973
6,1442,28840000,28840100,158,395,28860000,24990
6,1443,28860000,28860100,158,395,28880000,25009
6,1444,28880000,28880100,158,395,28900000,25026
6,1445,28900000,28900100,158,395,28920000,25042
6,1446,28920000,28920100,158,395,28940000,25060
6,1447,28940000,28940100,158,395,28960000,25078
6,1448,28960000,28960100,158,395,28980000,25093
6,1449,28980000,28980100,158,395,29000000,25112
6,145,2900000,2900100,158,395,2920000,2524
6,1450,29000000,29000100,158,395,29020000,25131
6,1451,29020000,29020100,158,395,29040000,25144
6,1452,29040000,29040100,158,395,29060000,25166
6,1453,29060000,29060100,158,395,29080000,25181
6,1454,29080000,29080100,158,395,29100000,25198
6,1455,29100000,29100100,158,395,29120000,25215
6,1456,29120000,29120100,158,395,29140000,25234
6,1457,29140000,29140100,158,395,29160000,25251
6,1458,29160000,29160100,158,395,29180000,25268
6,1459,29180000,29180100,158,395,29200000,25285
6,146,2920000,2920100,158,395,2940000,2538
6,1460,29200000,29200100,158,395,29220000,25302
6,1461,29220000,29220100,158,395,29240000,25320
6,1462,29240000,29240100,158,395,29260000,25337
6,1463,29260000,29260100,158,395,29280000,25353
6,1464,29280000,29280100,158,395,29300000,25373
6,1465,29300000,29300100,158,395,29320000,25390
6,1466,29320000,29320100,158,395,29340000,25406
6,1467,29340000,29340100,158,395,29360000,25423
6,1468,29360000,29360100,158,395,29380000,25443
6,1469,29380000,29380100,158,395,29400000,25456
6,147,2940000,2940100,158,395,2960000,2557
6,1470,29400000,29400100,158,395,29420000,25476
6,1471,29420000,29420100,158,395,29440000,25494
6,1472,29440000,29440100,158,395,29460000,25510
6,1473,29460000,29460100,158,395,29480000,25528
6,1474,29480000,29480100,158,395,29500000,25545
6,1475,29500000,29500100,158,395,29520000,25561
6,1476,29520000,29520100,158,395,29540000,25580
6,1477,29540000,29540100,158,395,29560000,25598
6,1478,29560000,29560100,158,395,29580000,25614
6,1479,29580000,29580100,158,395,29600000,25631
6,148,2960000,2960100,158,395,2980000,2577
6,1480,29600000,29600100,158,395,29620000,25651
6,1481,29620000,29620100,158,395,29640000,25664
6,1482,29640000,29640100,158,395,29660000,25685
6,1483,29660000,29660100,158,395,29680000,25700
6,1484,29680000,29680100,158,395,29700000,25717
6,1485,29700000,29700100,158,395,29720000,25737
6,1486,29720000,29720100,158,395,29740000,25753
6,1487,29740000,29740100,158,395,29760000,25770
6,1488,29760000,29760100,158,395,29780000,25788
6,1489,29780000,29780100,158,395,29800000,25805
6,149,2980000,2980100,158,395,3000000,2590
6,1490,29800000,29800100,158,395,29820000,25821
6,1491,29820000,29820100,158,395,29840000,25839
6,1492,29840000,29840100,158,395,29860000,25859
6,1493,29860000,29860100,158,395,29880000,25873
6,1494,29880000,29880100,158,395,29900000,25892
6,1495,29900000,29900100,158,395,29920000,25908
6,1496,29920000,29920100,158,395,29940000,25926
6,1497,29940000,29940100,158,395,29960000,25943
6,1498,29960000,29960100,158,395,29980000,25962
6,1499,29980000,29980100,158,395,30000000,25977
6,15,300000,300100,158,395,320000,271
6,150,3000000,3000100,158,395,3020000,2610
6,1500,30000000,30000100,158,395,30020000,25996
6,1501,30020000,30020100,158,395,30040000,26014
6,1502,30040000,30040100,158,395,30060000,26029
6,1503,30060000,30060100,158,395,30080000,26047
6,1504,30080000,30080100,158,395,30100000,26065
6,1505,30100000,30100100,158,395,30120000,26081
6,1506,30120000,30120100,158,395,30140000,26100
6,1507,30140000,30140100,158,395,30160000,26117
6,1508,30160000,30160100,158,395,30180000,26134
6,1509,30180000,30180100,158,395,30200000,26151
6,151,3020000,3020100,158,395,3040000,2626
6,1510,30200000,30200100,158,395,30220000,26170
6,1511,30220000,30220100,158,395,30240000,26183
6,1512,30240000,30240100,158,395,30260000,26205
6,1513,30260000,30260100,158,395,30280000,26222
6,1514,30280000,30280100,158,395,30300000,26236
6,1515,30300000,30300100,158,395,30320000,26256
6,1516,30320000,30320100,158,395,30340000,26273
6,1517,30340000,30340100,158,395,30360000,26289
6,1518,30360000,30360100,158,395,30380000,26307
6,1519,30380000,30380100,158,395,30400000,26324
6,152,3040000,3040100,158,395,3060000,2644
6,1520,30400000,30400100,158,395,30420000,26343
6,1521,30420000,30420100,158,395,30440000,26359
6,1522,30440000,30440100,158,395,30460000,26378
6,1523,30460000,30460100,158,395,30480000,26392
6,1524,30480000,30480100,158,395,30500000,26412
6,1525,30500000,30500100,158,395,30520000,26428
6,1526,30520000,30520100,158,395,30540000,26445
6,1527,30540000,30540100,158,395,30560000,26464
6,1528,30560000,30560100,158,395,30580000,26481
6,1529,30580000,30580100,158,395,30600000,26497
6,153,3060000,3060100,158,395,3080000,2660
6,1530,30600000,30600100,158,395,30620000,26515
6,1531,30620000,30620100,158,395,30640000,26533
6,1532,30640000,30640100,158,395,30660000,26549
6,1533,30660000,30660100,158,395,30680000,26567
6,1534,30680000,30680100,158,395,30700000,26586
6,1535,30700000,30700100,158,395,30720000,26600
6,1536,30720000,30720100,158,395,30740000,26620
6,1537,30740000,30740100,158,395,30760000,26637
6,1538,30760000,30760100,158,395,30780000,26653
6,1539,30780000,30780100,158,395,30800000,26669
6,154,3080000,3080100,158,395,3100000,2679
6,1540,30800000,30800100,158,395,30820000,26690
6,1541,30820000,30820100,158,395,30840000,26705
6,1542,30840000,30840100,158,395,30860000,26724
6,1543,30860000,30860100,158,395,30880000,26741
6,1544,30880000,30880100,158,395,30900000,26756
6,1545,30900000,30900100,158,395,30920000,26776
6,1546,30920000,30920100,158,395,30940000,26792
6,1547,30940000,30940100,158,395,30960000,26808
6,1548,30960000,30960100,158,395,30980000,26829
6,1549,30980000,30980100,158,395,31000000,26844
6,155,3100000,3100100,158,395,3120000,2695
6,1550,31000000,31000100,158,395,31020000,26861
6,1551,31020000,31020100,158,395,31040000,26878
6,1552,31040000,31040100,158,395,31060000,26898
6,1553,31060000,31060100,158,395,31080000,26912
6,1554,31080000,31080100,158,395,31100000,26931
6,1555,31100000,31100100,158,395,31120000,26949
6,1556,31120000,31120100,158,395,31140000,26965
6,1557,31140000,31140100,158,395,31160000,26984
6,1558,31160000,31160100,158,395,31180000,27000
6,1559,31180000,31180100,158,395,31200000,27016
6,156,3120000,3120100,158,395,3140000,2714
6,1560,31200000,31200100,158,395,31220000,27035
6,1561,31220000,31220100,158,395,31240000,27052
6,1562,31240000,31240100,158,395,31260000,27070
6,1563,31260000,31260100,158,395,31280000,27086
6,1564,31280000,31280100,158,395,31300000,27106
6,1565,31300000,31300100,158,395,31320000,27120
6,1566,31320000,31320100,158,395,31340000,27139
6,1567,31340000,31340100,158,395,31360000,27156
6,1568,31360000,31360100,158,395,31380000,27173
6,1569,31380000,31380100,158,395,31400000,27191
6,157,3140000,3140100,158,395,3160000,2732
6,1570,31400000,31400100,158,395,31420000,27209
6,1571,31420000,31420100,158,395,31440000,27224
6,1572,31440000,31440100,158,395,31460000,27243
6,1573,31460000,31460100,158,395,31480000,27261
6,1574,31480000,31480100,158,395,31500000,27275
6,1575,31500000,31500100,158,395,31520000,27295
6,1576,31520000,31520100,158,395,31540000,27314
6,1577,31540000,31540100,158,395,31560000,27328
6,1578,31560000,31560100,158,395,31580000,27348
6,1579,31580000,31580100,158,395,31600000,27363
6,158,3160000,3160100,158,395,3180000,2746
6,1580,31600000,31600100,158,395,31620000,27381
6,1581,31620000,31620100,158,395,31640000,27398
6,1582,31640000,31640100,158,395,31660000,27417
6,1583,31660000,31660100,158,395,31680000,27432
6,1584,31680000,31680100,158,395,31700000,27451
6,1585,31700000,31700100,158,395,31720000,27469
6,1586,31720000,31720100,158,395,31740000,27484
6,1587,31740000,31740100,158,395,31760000,27503
6,1588,31760000,31760100,158,395,31780000,27520
6,1589,31780000,31780100,158,395,31800000,27536
6,159,3180000,3180100,158,395,3200000,2765
6,1590,31800000,31800100,158,395,31820000,27556
6,1591,31820000,31820100,158,395,31840000,27571
6,1592,31840000,31840100,158,395,31860000,27590
6,1593,31860000,31860100,158,395,31880000,27606
6,1594,31880000,31880100,158,395,31900000,27624
6,1595,31900000,31900100,158,395,31920000,27639
6,1596,31920000,31920100,158,395,31940000,27659
6,1597,31940000,31940100,158,395,31960000,27678
6,1598,31960000,31960100,158,395,31980000,27692
6,1599,31980000,31980100,158,395,32000000,27710
6,16,320000,320100,158,395,340000,289
6,160,3200000,3200100,158,395,3220000,2783
6,1600,32000000,32000100,158,395,32020000,27729
6,1601,32020000,32020100,158,395,32040000,27744
6,1602,32040000,32040100,158,395,32060000,27762
6,1603,32060000,32060100,158,395,32080000,27780
6,1604,32080000,32080100,158,395,32100000,27797
6,1605,32100000,32100100,158,395,32120000,27814
6,1606,32120000,32120100,158,395,32140000,27833
6,1607,32140000,32140100,158,395,32160000,27847
6,1608,32160000,32160100,158,395,32180000,27868
6,1609,32180000,32180100,158,395,32200000,27883
6,161,3220000,3220100,158,395,3240000,2798
6,1610,32200000,32200100,158,395,32220000,27900
6,1611,32220000,32220100,158,395,32240000,27919
6,1612,32240000,32240100,158,395,32260000,27937
6,1613,32260000,32260100,158,395,32280000,27952
6,1614,32280000,32280100,158,395,32300000,27970
6,1615,32300000,32300100,158,395,32320000,27988
6,1616,32320000,32320100,158,395,32340000,28003
6,1617,32340000,32340100,158,395,32360000,28023
6,1618,32360000,32360100,158,395,32380000,28041
6,1619,32380000,32380100,158,395,32400000,28055
6,162,3240000,3240100,158,395,3260000,2819
6,1620,32400000,32400100,158,395,32420000,28076
6,1621,32420000,32420100,158,395,32440000,28091
6,1622,32440000,32440100,158,395,32460000,28109
6,1623,32460000,32460100,158,395,32480000,28125
6,1624,32480000,32480100,158,395,32500000,28144
6,1625,32500000,32500100,158,395,32520000,28161
6,1626,32520000,32520100,158,395,32540000,28178
6,1627,32540000,32540100,158,395,32560000,28196
6,1628,32560000,32560100,158,395,32580000,28212
6,1629,32580000,32580100,158,395,32600000,28230
6,163,3260000,3260100,158,395,3280000,2834
6,1630,32600000,32600100,158,395,32620000,28248
6,1631,32620000,32620100,158,395,32640000,28263
6,1632,32640000,32640100,158,395,32660000,28284
6,1633,32660000,32660100,158,395,32680000,28300
6,1634,32680000,32680100,158,395,32700000,28316
6,1635,32700000,32700100,158,395,32720000,28333
6,1636,32720000,32720100,158,395,32740000,28353
6,1637,32740000,32740100,158,395,32760000,28367
6,1638,32760000,32760100,158,395,32780000,28386
6,1639,32780000,32780100,158,395,32800000,28404
6,164,3280000,3280100,158,395,3300000,2851
6,1640,32800000,32800100,158,395,32820000,28420
6,1641,32820000,32820100,158,395,32840000,28439
6,1642,32840000,32840100,158,395,32860000,28456
6,1643,32860000,32860100,158,395,32880000,28471
6,1644,32880000,32880100,158,395,32900000,28490
6,1645,32900000,32900100,158,395,32920000,28508
6,1646,32920000,32920100,158,395,32940000,28524
6,1647,32940000,32940100,158,395,32960000,28542
6,1648,32960000,32960100,158,395,32980000,28561
6,1649,32980000,32980100,158,395,33000000,28574
6,165,3300000,3300100,158,395,3320000,2869
6,1650,33000000,33000100,158,395,33020000,28595
6,1651,33020000,33020100,158,395,33040000,28610
6,1652,33040000,33040100,158,395,33060000,28629
6,1653,33060000,33060100,158,395,33080000,28647
6,1654,33080000,33080100,158,395,33100000,28663
6,1655,33100000,33100100,158,395,33120000,28680
6,1656,33120000,33120100,158,395,33140000,28698
6,1657,33140000,33140100,158,395,33160000,28716
6,1658,33160000,33160100,158,395,33180000,28731
6,1659,33180000,33180100,158,395,33200000,28749
6,166,3320000,3320100,158,395,3340000,2887
6,1660,33200000,33200100,158,395,33220000,28769
6,1661,33220000,33220100,158,395,33240000,28783
6,1662,33240000,33240100,158,395,33260000,28803
6,1663,33260000,33260100,158,395,33280000,28819
6,1664,33280000,33280100,158,395,33300000,28836
6,1665,33300000,33300100,158,395,33320000,28853
6,1666,33320000,33320100,158,395,33340000,28872
6,1667,33340000,33340100,158,395,33360000,28888
6,1668,33360000,33360100,158,395,33380000,28906
6,1669,33380000,33380100,158,395,33400000,28924
6,167,3340000,3340100,158,395,3360000,2902
6,1670,33400000,33400100,158,395,33420000,28939
6,1671,33420000,33420100,158,395,33440000,28957
6,1672,33440000,33440100,158,395,33460000,28976
6,1673,33460000,33460100,158,395,33480000,28991
6,1674,33480000,33480100,158,395,33500000,29011
6,1675,33500000,33500100,158,395,33520000,29027
6,1676,33520000,33520100,158,395,33540000,29044
6,1677,33540000,33540100,158,395,33560000,29062
6,1678,33560000,33560100,158,395,33580000,29080
6,1679,33580000,33580100,158,395,33600000,29093
6,168,3360000,3360100,158,395,3380000,2922
6,1680,33600000,33600100,158,395,33620000,29115
6,1681,33620000,33620100,158,395,33640000,29132
6,1682,33640000,33640100,158,395,33660000,29147
6,1683,33660000,33660100,158,395,33680000,29166
6,1684,33680000,33680100,158,395,33700000,29183
6,1685,33700000,33700100,158,395,33720000,29200
6,1686,33720000,33720100,158,395,33740000,29217
6,1687,33740000,33740100,158,395,33760000,29235
6,1688,33760000,33760100,158,395,33780000,29253
6,1689,33780000,33780100,158,395,33800000,29269
6,169,3380000,3380100,158,395,3400000,2939
6,1690,33800000,33800100,158,395,33820000,29288
6,1691,33820000,33820100,158,395,33840000,29302
6,1692,33840000,33840100,158,395,33860000,29323
6,1693,33860000,33860100,158,395,33880000,29338
6,1694,33880000,33880100,158,395,33900000,29355
6,1695,33900000,33900100,158,395,33920000,29374
6,1696,33920000,33920100,158,395,33940000,29392
6,1697,33940000,33940100,158,395,33960000,29408
6,1698,33960000,33960100,158,395,33980000,29425
6,1699,33980000,33980100,158,395,34000000,29443
6,17,340000,340100,158,395,360000,305
6,170,3400000,3400100,158,395,3420000,2955
6,1700,34000000,34000100,158,395,34020000,29459
6,1701,34020000,34020100,158,395,34040000,29477
6,1702,34040000,34040100,158,395,34060000,29497
6,1703,34060000,34060100,158,395,34080000,29510
6,1704,34080000,34080100,158,395,34100000,29530
6,1705,34100000,34100100,158,395,34120000,29547
6,1706,34120000,34120100,158,395,34140000,29563
6,1707,34140000,34140100,158,395,34160000,29581
6,1708,34160000,34160100,158,395,34180000,29600
6,1709,34180000,34180100,158,395,34200000,29615
6,171,3420000,3420100,158,395,3440000,2973
6,1710,34200000,34200100,158,395,34220000,29634
6,1711,34220000,34220100,158,395,34240000,29651
6,1712,34240000,34240100,158,395,34260000,29667
6,1713,34260000,34260100,158,395,34280000,29686
6,1714,34280000,34280100,158,395,34300000,29702
6,1715,34300000,34300100,158,395,34320000,29718
6,1716,34320000,34320100,158,395,34340000,29739
6,1717,34340000,34340100,158,395,34360000,29755
6,1718,34360000,34360100,158,395,34380000,29772
6,1719,34380000,34380100,158,395,34400000,29788
6,172,3440000,3440100,158,395,3460000,2991
6,1720,34400000,34400100,158,395,34420000,29808
6,1721,34420000,34420100,158,395,34440000,29822
6,1722,34440000,34440100,158,395,34460000,29842
6,1723,34460000,34460100,158,395,34480000,29859
6,1724,34480000,34480100,158,395,34500000,29875
6,1725,34500000,34500100,158,395,34520000,29894
6,1726,34520000,34520100,158,395,34540000,29910
6,1727,34540000,34540100,158,395,34560000,29927
6,1728,34560000,34560100,158,395,34580000,29945
6,1729,34580000,34580100,158,395,34600000,29963
6,173,3460000,3460100,158,395,3480000,3007
6,1730,34600000,34600100,158,395,34620000,29980
6,1731,34620000,34620100,158,395,34640000,29996
6,1732,34640000,34640100,158,395,34660000,30017
6,1733,34660000,34660100,158,395,34680000,30030
6,1734,34680000,34680100,158,395,34700000,30049
6,1735,34700000,34700100,158,395,34720000,30066
6,1736,34720000,34720100,158,395,34740000,30083
6,1737,34740000,34740100,158,395,34760000,30102
6,1738,34760000,34760100,158,395,34780000,30119
6,1739,34780000,34780100,158,395,34800000,30134
6,174,3480000,3480100,158,395,3500000,3024
6,1740,34800000,34800100,158,395,34820000,30154
6,1741,34820000,34820100,158,395,34840000,30171
6,1742,34840000,34840100,158,395,34860000,30186
6,1743,34860000,34860100,158,395,34880000,30205
6,1744,34880000,34880100,158,395,34900000,30224
6,1745,34900000,34900100,158,395,34920000,30238
6,1746,34920000,34920100,158,395,34940000,30258
6,1747,34940000,34940100,158,395,34960000,30274
6,1748,34960000,34960100,158,395,34980000,30291
6,1749,34980000,34980100,158,395,35000000,30308
6,175,3500000,3500100,158,395,3520000,3042
6,1750,35000000,35000100,158,395,35020000,30327
6,1751,35020000,35020100,158,395,35040000,30343
6,1752,35040000,35040100,158,395,35060000,30362
6,1753,35060000,35060100,158,395,35080000,30379
6,1754,35080000,35080100,158,395,35100000,30394
6,1755,35100000,35100100,158,395,35120000,30413
6,1756,35120000,35120100,158,395,35140000,30430
6,1757,35140000,35140100,158,395,35160000,30447
6,1758,35160000,35160100,158,395,35180000,30466
6,1759,35180000,35180100,158,395,35200000,30481
6,176,3520000,3520100,158,395,3540000,3060
6,1760,35200000,35200100,158,395,35220000,30500
6,1761,35220000,35220100,158,395,35240000,30516
6,1762,35240000,35240100,158,395,35260000,30536
6,1763,35260000,35260100,158,395,35280000,30549
6,1764,35280000,35280100,158,395,35300000,30569
6,1765,35300000,35300100,158,395,35320000,30588
6,1766,35320000,35320100,158,395,35340000,30602
6,1767,35340000,35340100,158,395,35360000,30621
6,1768,35360000,35360100,158,395,35380000,30639
6,1769,35380000,35380100,158,395,35400000,30654
6,177,3540000,3540100,158,395,3560000,3077
6,1770,35400000,35400100,158,395,35420000,30672
6,1771,35420000,35420100,158,395,35440000,30690
6,1772,35440000,35440100,158,395,35460000,30708
6,1773,35460000,35460100,158,395,35480000,30725
6,1774,35480000,35480100,158,395,35500000,30743
6,1775,35500000,35500100,158,395,35520000,30757
6,1776,35520000,35520100,158,395,35540000,30778
6,1777,35540000,35540100,158,395,35560000,30794
6,1778,35560000,35560100,158,395,35580000,30810
6,1779,35580000,35580100,158,395,35600000,30829
6,178,3560000,3560100,158,395,3580000,3096
6,1780,35600000,35600100,158,395,35620000,30847
6,1781,35620000,35620100,158,395,35640000,30862
6,1782,35640000,35640100,158,395,35660000,30881
6,1783,35660000,35660100,158,395,35680000,30898
6,1784,35680000,35680100,158,395,35700000,30914
6,1785,35700000,35700100,158,395,35720000,30933
6,1786,35720000,35720100,158,395,35740000,30951
6,1787,35740000,35740100,158,395,35760000,30966
6,1788,35760000,35760100,158,395,35780000,30986
6,1789,35780000,35780100,158,395,35800000,31001
6,179,3580000,3580100,158,395,3600000,3109
6,1790,35800000,35800100,158,395,35820000,31019
6,1791,35820000,35820100,158,395,35840000,31035
6,1792,35840000,35840100,158,395,35860000,31055
6,1793,35860000,35860100,158,395,35880000,31071
6,1794,35880000,35880100,158,395,35900000,31088
6,1795,35900000,35900100,158,395,35920000,31107
6,1796,35920000,35920100,158,395,35940000,31122
6,1797,35940000,35940100,158,395,35960000,31141
6,1798,35960000,35960100,158,395,35980000,31158
6,1799,35980000,35980100,158,395,36000000,31173
6,18,360000,360100,158,395,380000,322
6,180,3600000,3600100,158,395,3620000,3130
6,1800,36000000,36000100,158,395,36020000,31194
6,1801,36020000,36020100,158,395,36040000,31210
6,1802,36040000,36040100,158,395,36060000,31227
6,1803,36060000,36060100,158,395,36080000,31243
6,1804,36080000,36080100,158,395,36100000,31263
6,1805,36100000,36100100,158,395,36120000,31277
6,1806,36120000,36120100,158,395,36140000,31297
6,1807,36140000,36140100,158,395,36160000,31315
6,1808,36160000,36160100,158,395,36180000,31330
6,1809,36180000,36180100,158,395,36200000,31349
6,181,3620000,3620100,158,395,3640000,3146
6,1810,36200000,36200100,158,395,36220000,31366
6,1811,36220000,36220100,158,395,36240000,31381
6,1812,36240000,36240100,158,395,36260000,31401
6,1813,36260000,36260100,158,395,36280000,31418
6,1814,36280000,36280100,158,395,36300000,31434
6,1815,36300000,36300100,158,395,36320000,31452
6,1816,36320000,36320100,158,395,36340000,31471
6,1817,36340000,36340100,158,395,36360000,31486
6,1818,36360000,36360100,158,395,36380000,31505
6,1819,36380000,36380100,158,395,36400000,31520
6,182,3640000,3640100,158,395,3660000,3163
6,1820,36400000,36400100,158,395,36420000,31539
6,1821,36420000,36420100,158,395,36440000,31557
6,1822,36440000,36440100,158,395,36460000,31574
6,1823,36460000,36460100,158,395,36480000,31590
6,1824,36480000,36480100,158,395,36500000,31608
6,1825,36500000,36500100,158,395,36520000,31626
6,1826,36520000,36520100,158,395,36540000,31641
6,1827,36540000,36540100,158,395,36560000,31660
6,1828,36560000,36560100,158,395,36580000,31680
6,1829,36580000,36580100,158,395,36600000,31693
6,183,3660000,3660100,158,395,3680000,3181
6,1830,36600000,36600100,158,395,36620000,31713
6,1831,36620000,36620100,158,395,36640000,31729
6,1832,36640000,36640100,158,395,36660000,31747
6,1833,36660000,36660100,158,395,36680000,31763
6,1834,36680000,36680100,158,395,36700000,31782
6,1835,36700000,36700100,158,395,36720000,31798
6,1836,36720000,36720100,158,395,36740000,31816
6,1837,36740000,36740100,158,395,36760000,31835
6,1838,36760000,36760100,158,395,36780000,31849
6,1839,36780000,36780100,158,395,36800000,31868
6,184,3680000,3680100,158,395,3700000,3199
6,1840,36800000,36800100,158,395,36820000,31886
6,1841,36820000,36820100,158,395,36840000,31901
6,1842,36840000,36840100,158,395,36860000,31922
6,1843,36860000,36860100,158,395,36880000,31937
6,1844,36880000,36880100,158,395,36900000,31954
6,1845,36900000,36900100,158,395,36920000,31972
6,1846,36920000,36920100,158,395,36940000,31990
6,1847,36940000,36940100,158,395,36960000,32004
6,1848,36960000,36960100,158,395,36980000,32025
6,1849,36980000,36980100,158,395,37000000,32042
6,185,3700000,3700100,158,395,3720000,3215
6,1850,37000000,37000100,158,395,37020000,32058
6,1851,37020000,37020100,158,395,37040000,32076
6,1852,37040000,37040100,158,395,37060000,32094
6,1853,37060000,37060100,158,395,37080000,32110
6,1854,37080000,37080100,158,395,37100000,32127
6,1855,37100000,37100100,158,395,37120000,32145
6,1856,37120000,37120100,158,395,37140000,32163
6,1857,37140000,37140100,158,395,37160000,32180
6,1858,37160000,37160100,158,395,37180000,32198
6,1859,37180000,37180100,158,395,37200000,32212
6,186,3720000,3720100,158,395,3740000,3232
6,1860,37200000,37200100,158,395,37220000,32233
6,1861,37220000,37220100,158,395,37240000,32249
6,1862,37240000,37240100,158,395,37260000,32266
6,1863,37260000,37260100,158,395,37280000,32284
6,1864,37280000,37280100,158,395,37300000,32302
6,1865,37300000,37300100,158,395,37320000,32318
6,1866,37320000,37320100,158,395,37340000,32335
6,1867,37340000,37340100,158,395,37360000,32354
6,1868,37360000,37360100,158,395,37380000,32369
6,1869,37380000,37380100,158,395,37400000,32387
6,187,3740000,3740100,158,395,3760000,3251
6,1870,37400000,37400100,158,395,37420000,32407
6,1871,37420000,37420100,158,395,37440000,32420
6,1872,37440000,37440100,158,395,37460000,32442
6,1873,37460000,37460100,158,395,37480000,32457
6,1874,37480000,37480100,158,395,37500000,32473
6,1875,37500000,37500100,158,395,37520000,32491
6,1876,37520000,37520100,158,395,37540000,32510
6,1877,37540000,37540100,158,395,37560000,32526
6,1878,37560000,37560100,158,395,37580000,32544
6,1879,37580000,37580100,158,395,37600000,32561
6,188,3760000,3760100,158,395,3780000,3266
6,1880,37600000,37600100,158,395,37620000,32577
6,1881,37620000,37620100,158,395,37640000,32596
6,1882,37640000,37640100,158,395,37660000,32613
6,1883,37660000,37660100,158,395,37680000,32629
6,1884,37680000,37680100,158,395,37700000,32649
6,1885,37700000,37700100,158,395,37720000,32665
6,1886,37720000,37720100,158,395,37740000,32682
6,1887,37740000,37740100,158,395,37760000,32699
6,1888,37760000,37760100,158,395,37780000,32718
6,1889,37780000,37780100,158,395,37800000,32732
6,189,3780000,3780100,158,395,3800000,3285
6,1890,37800000,37800100,158,395,37820000,32752
6,1891,37820000,37820100,158,395,37840000,32769
6,1892,37840000,37840100,158,395,37860000,32786
6,1893,37860000,37860100,158,395,37880000,32804
6,1894,37880000,37880100,158,395,37900000,32821
6,1895,37900000,37900100,158,395,37920000,32837
6,1896,37920000,37920100,158,395,37940000,32855
6,1897,37940000,37940100,158,395,37960000,32874
6,1898,37960000,37960100,158,395,37980000,32890
6,1899,37980000,37980100,158,395,38000000,32906
6,19,380000,380100,158,395,400000,340
6,190,3800000,3800100,158,395,3820000,3304
6,1900,38000000,38000100,158,395,38020000,32927
6,1901,38020000,38020100,158,395,38040000,32940
6,1902,38040000,38040100,158,395,38060000,32960
6,1903,38060000,38060100,158,395,38080000,32976
6,1904,38080000,38080100,158,395,38100000,32993
6,1905,38100000,38100100,158,395,38120000,33013
6,1906,38120000,38120100,158,395,38140000,33029
6,1907,38140000,38140100,158,395,38160000,33045
6,1908,38160000,38160100,158,395,38180000,33064
6,1909,38180000,38180100,158,395,38200000,33081
6,191,3820000,3820100,158,395,3840000,3317
6,1910,38200000,38200100,158,395,38220000,33096
6,1911,38220000,38220100,158,395,38240000,33115
6,1912,38240000,38240100,158,395,38260000,33135
6,1913,38260000,38260100,158,395,38280000,33148
6,1914,38280000,38280100,158,395,38300000,33168
6,1915,38300000,38300100,158,395,38320000,33184
6,1916,38320000,38320100,158,395,38340000,33202
6,1917,38340000,38340100,158,395,38360000,33219
6,1918,38360000,38360100,158,395,38380000,33237
6,1919,38380000,38380100,158,395,38400000,33253
6,192,3840000,3840100,158,395,3860000,3339
6,1920,38400000,38400100,158,395,38420000,33272
6,1921,38420000,38420100,158,395,38440000,33289
6,1922,38440000,38440100,158,395,38460000,33305
6,1923,38460000,38460100,158,395,38480000,33323
6,1924,38480000,38480100,158,395,38500000,33340
6,1925,38500000,38500100,158,395,38520000,33357
6,1926,38520000,38520100,158,395,38540000,33376
6,1927,38540000,38540100,158,395,38560000,33393
6,1928,38560000,38560100,158,395,38580000,33410
6,1929,38580000,38580100,158,395,38600000,33426
6,193,3860000,3860100,158,395,3880000,3354
6,1930,38600000,38600100,158,395,38620000,33446
6,1931,38620000,38620100,158,395,38640000,33459
6,1932,38640000,38640100,158,395,38660000,33480
6,1933,38660000,38660100,158,395,38680000,33498
6,1934,38680000,38680100,158,395,38700000,33512
6,1935,38700000,38700100,158,395,38720000,33531
6,1936,38720000,38720100,158,395,38740000,33549
6,1937,38740000,38740100,158,395,38760000,33565
6,1938,38760000,38760100,158,395,38780000,33583
6,1939,38780000,38780100,158,395,38800000,33600
6,194,3880000,3880100,158,395,3900000,3370
6,1940,38800000,38800100,158,395,38820000,33618
6,1941,38820000,38820100,158,395,38840000,33635
6,1942,38840000,38840100,158,395,38860000,33654
6,1943,38860000,38860100,158,395,38880000,33667
6,1944,38880000,38880100,158,395,38900000,33688
6,1945,38900000,38900100,158,395,38920000,33704
6,1946,38920000,38920100,158,395,38940000,33720
6,1947,38940000,38940100,158,395,38960000,33740
6,1948,38960000,38960100,158,395,38980000,33757
6,1949,38980000,38980100,158,395,39000000,33773
6,195,3900000,3900100,158,395,3920000,3388
6,1950,39000000,39000100,158,395,39020000,33791
6,1951,39020000,39020100,158,395,39040000,33808
6,1952,39040000,39040100,158,395,39060000,33825
6,1953,39060000,39060100,158,395,39080000,33843
6,1954,39080000,39080100,158,395,39100000,33861
6,1955,39100000,39100100,158,395,39120000,33876
6,1956,39120000,39120100,158,395,39140000,33896
6,1957,39140000,39140100,158,395,39160000,33912
6,1958,39160000,39160100,158,395,39180000,33929
6,1959,39180000,39180100,158,395,39200000,33945
6,196,3920000,3920100,158,395,3940000,3407
6,1960,39200000,39200100,158,395,39220000,33966
6,1961,39220000,39220100,158,395,39240000,33981
6,1962,39240000,39240100,158,395,39260000,33999
6,1963,39260000,39260100,158,395,39280000,34017
6,1964,39280000,39280100,158,395,39300000,34032
6,1965,39300000,39300100,158,395,39320000,34051
6,1966,39320000,39320100,158,395,39340000,34068
6,1967,39340000,39340100,158,395,39360000,34084
6,1968,39360000,39360100,158,395,39380000,34104
6,1969,39380000,39380100,158,395,39400000,34120
6,197,3940000,3940100,158,395,3960000,3423
6,1970,39400000,39400100,158,395,39420000,34137
6,1971,39420000,39420100,158,395,39440000,34154
6,1972,39440000,39440100,158,395,39460000,34174
6,1973,39460000,39460100,158,395,39480000,34187
6,1974,39480000,39480100,158,395,39500000,34207
6,1975,39500000,39500100,158,395,39520000,34225
6,1976,39520000,39520100,158,395,39540000,34240
6,1977,39540000,39540100,158,395,39560000,34260
6,1978,39560000,39560100,158,395,39580000,34276
6,1979,39580000,39580100,158,395,39600000,34291
6,198,3960000,3960100,158,395,3980000,3441
6,1980,39600000,39600100,158,395,39620000,34311
6,1981,39620000,39620100,158,395,39640000,34328
6,1982,39640000,39640100,158,395,39660000,34346
6,1983,39660000,39660100,158,395,39680000,34362
6,1984,39680000,39680100,158,395,39700000,34381
6,1985,39700000,39700100,158,395,39720000,34396
6,1986,39720000,39720100,158,395,39740000,34415
6,1987,39740000,39740100,158,395,39760000,34431
6,1988,39760000,39760100,158,395,39780000,34449
6,1989,39780000,39780100,158,395,39800000,34467
6,199,3980000,3980100,158,395,4000000,3458
6,1990,39800000,39800100,158,395,39820000,34484
6,1991,39820000,39820100,158,395,39840000,34500
6,1992,39840000,39840100,158,395,39860000,34519
6,1993,39860000,39860100,158,395,39880000,34537
6,1994,39880000,39880100,158,395,39900000,34551
6,1995,39900000,39900100,158,395,39920000,34570
6,1996,39920000,39920100,158,395,39940000,34590
6,1997,39940000,39940100,158,395,39960000,34604
6,1998,39960000,39960100,158,395,39980000,34623
6,1999,39980000,39980100,158,395,40000000,34639
6,2,40000,40100,158,395,60000,45
6,20,400000,400100,158,395,420000,356
6,200,4000000,4000100,158,395,4020000,3475
6,2000,40000000,40000100,158,395,40020000,34657
6,2001,40020000,40020100,158,395,40040000,34673
6,2002,40040000,40040100,158,395,40060000,34693
6,2003,40060000,40060100,158,395,40080000,34708
6,2004,40080000,40080100,158,395,40100000,34727
6,2005,40100000,40100100,158,395,40120000,34745
6,2006,40120000,40120100,158,395,40140000,34759
6,2007,40140000,40140100,158,395,40160000,34779
6,2008,40160000,40160100,158,395,40180000,34796
6,2009,40180000,40180100,158,395,40200000,34811
6,201,4020000,4020100,158,395,4040000,3493
6,2010,40200000,40200100,158,395,40220000,34832
6,2011,40220000,40220100,158,395,40240000,34847
6,2012,40240000,40240100,158,395,40260000,34865
6,2013,40260000,40260100,158,395,40280000,34882
6,2014,40280000,40280100,158,395,40300000,34900
6,2015,40300000,40300100,158,395,40320000,34915
6,2016,40320000,40320100,158,395,40340000,34935
6,2017,40340000,40340100,158,395,40360000,34953
6,2018,40360000,40360100,158,395,40380000,34968
6,2019,40380000,40380100,158,395,40400000,34986
6,202,4040000,4040100,158,395,4060000,3510
6,2020,40400000,40400100,158,395,40420000,35004
6,2021,40420000,40420100,158,395,40440000,35020
6,2022,40440000,40440100,158,395,40460000,35038
6,2023,40460000,40460100,158,395,40480000,35055
6,2024,40480000,40480100,158,395,40500000,35073
6,2025,40500000,40500100,158,395,40520000,35090
6,2026,40520000,40520100,158,395,40540000,35109
6,2027,40540000,40540100,158,395,40560000,35123
6,2028,40560000,40560100,158,395,40580000,35143
6,2029,40580000,40580100,158,395,40600000,35159
6,203,4060000,4060100,158,395,4080000,3526
6,2030,40600000,40600100,158,395,40620000,35176
6,2031,40620000,40620100,158,395,40640000,35194
6,2032,40640000,40640100,158,395,40660000,35213
6,2033,40660000,40660100,158,395,40680000,35228
6,2034,40680000,40680100,158,395,40700000,35245
6,2035,40700000,40700100,158,395,40720000,35264
6,2036,40720000,40720100,158,395,40740000,35279
6,2037,40740000,40740100,158,395,40760000,35299
6,2038,40760000,40760100,158,395,40780000,35317
6,2039,40780000,40780100,158,395,40800000,35330
6,204,4080000,4080100,158,395,4100000,3546
6,2040,40800000,40800100,158,395,40820000,35352
6,2041,40820000,40820100,158,395,40840000,35367
6,2042,40840000,40840100,158,395,40860000,35384
6,2043,40860000,40860100,158,395,40880000,35401
6,2044,40880000,40880100,158,395,40900000,35420
6,2045,40900000,40900100,158,395,40920000,35436
6,2046,40920000,40920100,158,395,40940000,35454
6,2047,40940000,40940100,158,395,40960000,35472
6,2048,40960000,40960100,158,395,40980000,35488
6,2049,40980000,40980100,158,395,41000000,35506
6,205,4100000,4100100,158,395,4120000,3562
6,2050,41000000,41000100,158,395,41020000,35523
6,2051,41020000,41020100,158,395,41040000,35539
6,2052,41040000,41040100,158,395,41060000,35560
6,2053,41060000,41060100,158,395,41080000,35575
6,2054,41080000,41080100,158,395,41100000,35592
6,2055,41100000,41100100,158,395,41120000,35609
6,2056,41120000,41120100,158,395,41140000,35628
6,2057,41140000,41140100,158,395,41160000,35643
6,2058,41160000,41160100,158,395,41180000,35662
6,2059,41180000,41180100,158,395,41200000,35680
6,206,4120000,4120100,158,395,4140000,3579
6,2060,41200000,41200100,158,395,41220000,35696
6,2061,41220000,41220100,158,395,41240000,35714
6,2062,41240000,41240100,158,395,41260000,35732
6,2063,41260000,41260100,158,395,41280000,35747
6,2064,41280000,41280100,158,395,41300000,35765
6,2065,41300000,41300100,158,395,41320000,35784
6,2066,41320000,41320100,158,395,41340000,35800
6,2067,41340000,41340100,158,395,41360000,35817
6,2068,41360000,41360100,158,395,41380000,35837
6,2069,41380000,41380100,158,395,41400000,35850
6,207,4140000,4140100,158,395,4160000,3596
6,2070,41400000,41400100,158,395,41420000,35871
6,2071,41420000,41420100,158,395,41440000,35886
6,2072,41440000,41440100,158,395,41460000,35904
6,2073,41460000,41460100,158,395,41480000,35923
6,2074,41480000,41480100,158,395,41500000,35939
6,2075,41500000,41500100,158,395,41520000,35955
6,2076,41520000,41520100,158,395,41540000,35974
6,2077,41540000,41540100,158,395,41560000,35992
6,2078,41560000,41560100,158,395,41580000,36006
6,2079,41580000,41580100,158,395,41600000,36025
6,208,4160000,4160100,158,395,4180000,3615
6,2080,41600000,41600100,158,395,41620000,36045
6,2081,41620000,41620100,158,395,41640000,36059
6,2082,41640000,41640100,158,395,41660000,36079
6,2083,41660000,41660100,158,395,41680000,36094
6,2084,41680000,41680100,158,395,41700000,36112
6,2085,41700000,41700100,158,395,41720000,36129
6,2086,41720000,41720100,158,395,41740000,36147
6,2087,41740000,41740100,158,395,41760000,36164
6,2088,41760000,41760100,158,395,41780000,36182
6,2089,41780000,41780100,158,395,41800000,36199
6,209,4180000,4180100,158,395,4200000,3629
6,2090,41800000,41800100,158,395,41820000,36215
6,2091,41820000,41820100,158,395,41840000,36233
6,2092,41840000,41840100,158,395,41860000,36252
6,2093,41860000,41860100,158,395,41880000,36267
6,2094,41880000,41880100,158,395,41900000,36286
6,2095,41900000,41900100,158,395,41920000,36303
6,2096,41920000,41920100,158,395,41940000,36320
6,2097,41940000,41940100,158,395,41960000,36337
6,2098,41960000,41960100,158,395,41980000,36356
6,2099,41980000,41980100,158,395,42000000,36369
6,21,420000,420100,158,395,440000,374
6,210,4200000,4200100,158,395,4220000,3649
6,2100,42000000,42000100,158,395,42020000,36390
6,2101,42020000,42020100,158,395,42040000,36408
6,2102,42040000,42040100,158,395,42060000,36423
6,2103,42060000,42060100,158,395,42080000,36442
6,2104,42080000,42080100,158,395,42100000,36459
6,2105,42100000,42100100,158,395,42120000,36475
6,2106,42120000,42120100,158,395,42140000,36493
6,2107,42140000,42140100,158,395,42160000,36511
6,2108,42160000,42160100,158,395,42180000,36528
6,2109,42180000,42180100,158,395,42200000,36545
6,211,4220000,4220100,158,395,4240000,3667
6,2110,42200000,42200100,158,395,42220000,36564
6,2111,42220000,42220100,158,395,42240000,36577
6,2112,42240000,42240100,158,395,42260000,36599
6,2113,42260000,42260100,158,395,42280000,36614
6,2114,42280000,42280100,158,395,42300000,36631
6,2115,42300000,42300100,158,395,42320000,36650
6,2116,42320000,42320100,158,395,42340000,36667
6,2117,42340000,42340100,158,395,42360000,36684
6,2118,42360000,42360100,158,395,42380000,36701
6,2119,42380000,42380100,158,395,42400000,36718
6,212,4240000,4240100,158,395,4260000,3683
6,2120,42400000,42400100,158,395,42420000,36735
6,2121,42420000,42420100,158,395,42440000,36753
6,2122,42440000,42440100,158,395,42460000,36772
6,2123,42460000,42460100,158,395,42480000,36786
6,2124,42480000,42480100,158,395,42500000,36806
6,2125,42500000,42500100,158,395,42520000,36823
6,2126,42520000,42520100,158,395,42540000,36839
6,2127,42540000,42540100,158,395,42560000,36856
6,2128,42560000,42560100,158,395,42580000,36876
6,2129,42580000,42580100,158,395,42600000,36891
6,213,4260000,4260100,158,395,4280000,3701
6,2130,42600000,42600100,158,395,42620000,36909
6,2131,42620000,42620100,158,395,42640000,36927
6,2132,42640000,42640100,158,395,42660000,36943
6,2133,42660000,42660100,158,395,42680000,36961
6,2134,42680000,42680100,158,395,42700000,36978
6,2135,42700000,42700100,158,395,42720000,36994
6,2136,42720000,42720100,158,395,42740000,37015
6,2137,42740000,42740100,158,395,42760000,37031
6,2138,42760000,42760100,158,395,42780000,37047
6,2139,42780000,42780100,158,395,42800000,37064
6,214,4280000,4280100,158,395,4300000,3718
6,2140,42800000,42800100,158,395,42820000,37084
6,2141,42820000,42820100,158,395,42840000,37097
6,2142,42840000,42840100,158,395,42860000,37118
6,2143,42860000,42860100,158,395,42880000,37135
6,2144,42880000,42880100,158,395,42900000,37150
6,2145,42900000,42900100,158,395,42920000,37170
6,2146,42920000,42920100,158,395,42940000,37186
6,2147,42940000,42940100,158,395,42960000,37203
6,2148,42960000,42960100,158,395,42980000,37221
6,2149,42980000,42980100,158,395,43000000,37238
6,215,4300000,4300100,158,395,4320000,3734
6,2150,43000000,43000100,158,395,43020000,37256
6,2151,43020000,43020100,158,395,43040000,37272
6,2152,43040000,43040100,158,395,43060000,37292
6,2153,43060000,43060100,158,395,43080000,37306
6,2154,43080000,43080100,158,395,43100000,37325
6,2155,43100000,43100100,158,395,43120000,37341
6,2156,43120000,43120100,158,395,43140000,37359
6,2157,43140000,43140100,158,395,43160000,37378
6,2158,43160000,43160100,158,395,43180000,37395
6,2159,43180000,43180100,158,395,43200000,37410
6,216,4320000,4320100,158,395,4340000,3752
6,2160,43200000,43200100,158,395,43220000,37429
6,2161,43220000,43220100,158,395,43240000,37447
6,2162,43240000,43240100,158,395,43260000,37462
6,2163,43260000,43260100,158,395,43280000,37480
6,2164,43280000,43280100,158,395,43300000,37500
6,2165,43300000,43300100,158,395,43320000,37514
6,2166,43320000,43320100,158,395,43340000,37533
6,2167,43340000,43340100,158,395,43360000,37550
6,2168,43360000,43360100,158,395,43380000,37567
6,2169,43380000,43380100,158,395,43400000,37584
6,217,4340000,4340100,158,395,4360000,3771
6,2170,43400000,43400100,158,395,43420000,37603
6,2171,43420000,43420100,158,395,43440000,37618
6,2172,43440000,43440100,158,395,43460000,37638
6,2173,43460000,43460100,158,395,43480000,37655
6,2174,43480000,43480100,158,395,43500000,37669
6,2175,43500000,43500100,158,395,43520000,37689
6,2176,43520000,43520100,158,395,43540000,37706
6,2177,43540000,43540100,158,395,43560000,37722
6,2178,43560000,43560100,158,395,43580000,37742
6,2179,43580000,43580100,158,395,43600000,37757
6,218,4360000,4360100,158,395,4380000,3787
6,2180,43600000,43600100,158,395,43620000,37776
6,2181,43620000,43620100,158,395,43640000,37792
6,2182,43640000,43640100,158,395,43660000,37811
6,2183,43660000,43660100,158,395,43680000,37825
6,2184,43680000,43680100,158,395,43700000,37845
6,2185,43700000,43700100,158,395,43720000,37863
6,2186,43720000,43720100,158,395,43740000,37878
6,2187,43740000,43740100,158,395,43760000,37897
6,2188,43760000,43760100,158,395,43780000,37914
6,2189,43780000,43780100,158,395,43800000,37930
6,219,4380000,4380100,158,395,4400000,3803
6,2190,43800000,43800100,158,395,43820000,37948
6,2191,43820000,43820100,158,395,43840000,37966
6,2192,43840000,43840100,158,395,43860000,37984
6,2193,43860000,43860100,158,395,43880000,38000
6,2194,43880000,43880100,158,395,43900000,38019
6,2195,43900000,43900100,158,395,43920000,38033
6,2196,43920000,43920100,158,395,43940000,38053
6,2197,43940000,43940100,158,395,43960000,38070
6,2198,43960000,43960100,158,395,43980000,38086
6,2199,43980000,43980100,158,395,44000000,38104
6,22,440000,440100,158,395,460000,394
6,220,4400000,4400100,158,395,4420000,3824
6,2200,44000000,44000100,158,395,44020000,38123
6,2201,44020000,44020100,158,395,44040000,38138
6,2202,44040000,44040100,158,395,44060000,38157
6,2203,44060000,44060100,158,395,44080000,38174
6,2204,44080000,44080100,158,395,44100000,38189
6,2205,44100000,44100100,158,395,44120000,38209
6,2206,44120000,44120100,158,395,44140000,38227
6,2207,44140000,44140100,158,395,44160000,38241
6,2208,44160000,44160100,158,395,44180000,38262
6,2209,44180000,44180100,158,395,44200000,38277
6,221,4420000,4420100,158,395,4440000,3837
6,2210,44200000,44200100,158,395,44220000,38294
6,2211,44220000,44220100,158,395,44240000,38311
6,2212,44240000,44240100,158,395,44260000,38331
6,2213,44260000,44260100,158,395,44280000,38347
6,2214,44280000,44280100,158,395,44300000,38364
6,2215,44300000,44300100,158,395,44320000,38382
6,2216,44320000,44320100,158,395,44340000,38398
6,2217,44340000,44340100,158,395,44360000,38417
6,2218,44360000,44360100,158,395,44380000,38433
6,2219,44380000,44380100,158,395,44400000,38449
6,222,4440000,4440100,158,395,4460000,3858
6,2220,44400000,44400100,158,395,44420000,38470
6,2221,44420000,44420100,158,395,44440000,38485
6,2222,44440000,44440100,158,395,44460000,38503
6,2223,44460000,44460100,158,395,44480000,38519
6,2224,44480000,44480100,158,395,44500000,38539
6,2225,44500000,44500100,158,395,44520000,38553
6,2226,44520000,44520100,158,395,44540000,38572
6,2227,44540000,44540100,158,395,44560000,38591
6,2228,44560000,44560100,158,395,44580000,38606
6,2229,44580000,44580100,158,395,44600000,38624
6,223,4460000,4460100,158,395,4480000,3873
6,2230,44600000,44600100,158,395,44620000,38642
6,2231,44620000,44620100,158,395,44640000,38657
6,2232,44640000,44640100,158,395,44660000,38676
6,2233,44660000,44660100,158,395,44680000,38694
6,2234,44680000,44680100,158,395,44700000,38710
6,2235,44700000,44700100,158,395,44720000,38728
6,2236,44720000,44720100,158,395,44740000,38747
6,2237,44740000,44740100,158,395,44760000,38761
6,2238,44760000,44760100,158,395,44780000,38781
6,2239,44780000,44780100,158,395,44800000,38796
6,224,4480000,4480100,158,395,4500000,3890
6,2240,44800000,44800100,158,395,44820000,38814
6,2241,44820000,44820100,158,395,44840000,38833
6,2242,44840000,44840100,158,395,44860000,38850
6,2243,44860000,44860100,158,395,44880000,38865
6,2244,44880000,44880100,158,395,44900000,38884
6,2245,44900000,44900100,158,395,44920000,38902
6,2246,44920000,44920100,158,395,44940000,38917
6,2247,44940000,44940100,158,395,44960000,38936
6,2248,44960000,44960100,158,395,44980000,38955
6,2249,44980000,44980100,158,395,45000000,38969
6,225,4500000,4500100,158,395,4520000,3910
6,2250,45000000,45000100,158,395,45020000,38989
6,2251,45020000,45020100,158,395,45040000,39004
6,2252,45040000,45040100,158,395,45060000,39023
6,2253,45060000,45060100,158,395,45080000,39039
6,2254,45080000,45080100,158,395,45100000,39057
6,2255,45100000,45100100,158,395,45120000,39074
6,2256,45120000,45120100,158,395,45140000,39092
6,2257,45140000,45140100,158,395,45160000,39111
6,2258,45160000,45160100,158,395,45180000,39125
6,2259,45180000,45180100,158,395,45200000,39143
6,226,4520000,4520100,158,395,4540000,3926
6,2260,45200000,45200100,158,395,45220000,39162
6,2261,45220000,45220100,158,395,45240000,39177
6,2262,45240000,45240100,158,395,45260000,39197
6,2263,45260000,45260100,158,395,45280000,39213
6,2264,45280000,45280100,158,395,45300000,39230
6,2265,45300000,45300100,158,395,45320000,39247
6,2266,45320000,45320100,158,395,45340000,39266
6,2267,45340000,45340100,158,395,45360000,39280
6,2268,45360000,45360100,158,395,45380000,39301
6,2269,45380000,45380100,158,395,45400000,39318
6,227,4540000,4540100,158,395,4560000,3942
6,2270,45400000,45400100,158,395,45420000,39333
6,2271,45420000,45420100,158,395,45440000,39352
6,2272,45440000,45440100,158,395,45460000,39370
6,2273,45460000,45460100,158,395,45480000,39385
6,2274,45480000,45480100,158,395,45500000,39403
6,2275,45500000,45500100,158,395,45520000,39421
6,2276,45520000,45520100,158,395,45540000,39438
6,2277,45540000,45540100,158,395,45560000,39456
6,2278,45560000,45560100,158,395,45580000,39474
6,2279,45580000,45580100,158,395,45600000,39488
6,228,4560000,4560100,158,395,4580000,3961
6,2280,45600000,45600100,158,395,45620000,39509
6,2281,45620000,45620100,158,395,45640000,39524
6,2282,45640000,45640100,158,395,45660000,39542
6,2283,45660000,45660100,158,395,45680000,39560
6,2284,45680000,45680100,158,395,45700000,39577
6,2285,45700000,45700100,158,395,45720000,39594
6,2286,45720000,45720100,158,395,45740000,39611
6,2287,45740000,45740100,158,395,45760000,39629
6,2288,45760000,45760100,158,395,45780000,39645
6,2289,45780000,45780100,158,395,45800000,39663
6,229,4580000,4580100,158,395,4600000,3978
6,2290,45800000,45800100,158,395,45820000,39683
6,2291,45820000,45820100,158,395,45840000,39696
6,2292,45840000,45840100,158,395,45860000,39717
6,2293,45860000,45860100,158,395,45880000,39733
6,2294,45880000,45880100,158,395,45900000,39749
6,2295,45900000,45900100,158,395,45920000,39766
6,2296,45920000,45920100,158,395,45940000,39786
6,2297,45940000,45940100,158,395,45960000,39802
6,2298,45960000,45960100,158,395,45980000,39819
6,2299,45980000,45980100,158,395,46000000,39837
6,23,460000,460100,158,395,480000,407
6,230,4600000,4600100,158,395,4620000,3993
6,2300,46000000,46000100,158,395,46020000,39853
6,2301,46020000,46020100,158,395,46040000,39872
6,2302,46040000,46040100,158,395,46060000,39889
6,2303,46060000,46060100,158,395,46080000,39904
6,2304,46080000,46080100,158,395,46100000,39925
6,2305,46100000,46100100,158,395,46120000,39941
6,2306,46120000,46120100,158,395,46140000,39957
6,2307,46140000,46140100,158,395,46160000,39975
6,2308,46160000,46160100,158,395,46180000,39994
6,2309,46180000,46180100,158,395,46200000,40007
6,231,4620000,4620100,158,395,4640000,4012
6,2310,46200000,46200100,158,395,46220000,40028
6,2311,46220000,46220100,158,395,46240000,40045
6,2312,46240000,46240100,158,395,46260000,40062
6,2313,46260000,46260100,158,395,46280000,40080
6,2314,46280000,46280100,158,395,46300000,40096
6,2315,46300000,46300100,158,395,46320000,40113
6,2316,46320000,46320100,158,395,46340000,40131
6,2317,46340000,46340100,158,395,46360000,40149
6,2318,46360000,46360100,158,395,46380000,40166
6,2319,46380000,46380100,158,395,46400000,40182
6,232,4640000,4640100,158,395,4660000,4032
6,2320,46400000,46400100,158,395,46420000,40202
6,2321,46420000,46420100,158,395,46440000,40216
6,2322,46440000,46440100,158,395,46460000,40236
6,2323,46460000,46460100,158,395,46480000,40252
6,2324,46480000,46480100,158,395,46500000,40269
6,2325,46500000,46500100,158,395,46520000,40288
6,2326,46520000,46520100,158,395,46540000,40305
6,2327,46540000,46540100,158,395,46560000,40321
6,2328,46560000,46560100,158,395,46580000,40339
6,2329,46580000,46580100,158,395,46600000,40357
6,233,4660000,4660100,158,395,4680000,4046
6,2330,46600000,46600100,158,395,46620000,40372
6,2331,46620000,46620100,158,395,46640000,40390
6,2332,46640000,46640100,158,395,46660000,40411
6,2333,46660000,46660100,158,395,46680000,40424
6,2334,46680000,46680100,158,395,46700000,40444
6,2335,46700000,46700100,158,395,46720000,40460
6,2336,46720000,46720100,158,395,46740000,40477
6,2337,46740000,46740100,158,395,46760000,40495
6,2338,46760000,46760100,158,395,46780000,40513
6,2339,46780000,46780100,158,395,46800000,40528
6,234,4680000,4680100,158,395,4700000,4065
6,2340,46800000,46800100,158,395,46820000,40548
6,2341,46820000,46820100,158,395,46840000,40565
6,2342,46840000,46840100,158,395,46860000,40580
6,2343,46860000,46860100,158,395,46880000,40599
6,2344,46880000,46880100,158,395,46900000,40616
6,2345,46900000,46900100,158,395,46920000,40633
6,2346,46920000,46920100,158,395,46940000,40652
6,2347,46940000,46940100,158,395,46960000,40668
6,2348,46960000,46960100,158,395,46980000,40686
6,2349,46980000,46980100,158,395,47000000,40702
6,235,4700000,4700100,158,395,4720000,4081
6,2350,47000000,47000100,158,395,47020000,40721
6,2351,47020000,47020100,158,395,47040000,40735
6,2352,47040000,47040100,158,395,47060000,40756
6,2353,47060000,47060100,158,395,47080000,40773
6,2354,47080000,47080100,158,395,47100000,40788
6,2355,47100000,47100100,158,395,47120000,40807
6,2356,47120000,47120100,158,395,47140000,40825
6,2357,47140000,47140100,158,395,47160000,40841
6,2358,47160000,47160100,158,395,47180000,40858
6,2359,47180000,47180100,158,395,47200000,40876
6,236,4720000,4720100,158,395,4740000,4099
6,2360,47200000,47200100,158,395,47220000,40894
6,2361,47220000,47220100,158,395,47240000,40910
6,2362,47240000,47240100,158,395,47260000,40930
6,2363,47260000,47260100,158,395,47280000,40943
6,2364,47280000,47280100,158,395,47300000,40963
6,2365,47300000,47300100,158,395,47320000,40980
6,2366,47320000,47320100,158,395,47340000,40996
6,2367,47340000,47340100,158,395,47360000,41016
6,2368,47360000,47360100,158,395,47380000,41033
6,2369,47380000,47380100,158,395,47400000,41048
6,237,4740000,4740100,158,395,4760000,4116
6,2370,47400000,47400100,158,395,47420000,41067
6,2371,47420000,47420100,158,395,47440000,41084
6,2372,47440000,47440100,158,395,47460000,41100
6,2373,47460000,47460100,158,395,47480000,41119
6,2374,47480000,47480100,158,395,47500000,41137
6,2375,47500000,47500100,158,395,47520000,41151
6,2376,47520000,47520100,158,395,47540000,41172
6,2377,47540000,47540100,158,395,47560000,41188
6,2378,47560000,47560100,158,395,47580000,41205
6,2379,47580000,47580100,158,395,47600000,41221
6,238,4760000,4760100,158,395,4780000,4134
6,2380,47600000,47600100,158,395,47620000,41241
6,2381,47620000,47620100,158,395,47640000,41257
6,2382,47640000,47640100,158,395,47660000,41275
6,2383,47660000,47660100,158,395,47680000,41292
6,2384,47680000,47680100,158,395,47700000,41308
6,2385,47700000,47700100,158,395,47720000,41327
6,2386,47720000,47720100,158,395,47740000,41343
6,2387,47740000,47740100,158,395,47760000,41360
6,2388,47760000,47760100,158,395,47780000,41380
6,2389,47780000,47780100,158,395,47800000,41396
6,239,4780000,4780100,158,395,4800000,4150
6,2390,47800000,47800100,158,395,47820000,41413
6,2391,47820000,47820100,158,395,47840000,41429
6,2392,47840000,47840100,158,395,47860000,41450
6,2393,47860000,47860100,158,395,47880000,41463
6,2394,47880000,47880100,158,395,47900000,41482
6,2395,47900000,47900100,158,395,47920000,41501
6,2396,47920000,47920100,158,395,47940000,41516
6,2397,47940000,47940100,158,395,47960000,41535
6,2398,47960000,47960100,158,395,47980000,41552
6,2399,47980000,47980100,158,395,48000000,41567
6,24,480000,480100,158,395,500000,428
6,240,4800000,4800100,158,395,4820000,4169
6,2400,48000000,48000100,158,395,48020000,41587
6,2401,48020000,48020100,158,395,48040000,41604
6,2402,48040000,48040100,158,395,48060000,41621
6,2403,48060000,48060100,158,395,48080000,41638
6,2404,48080000,48080100,158,395,48100000,41657
6,2405,48100000,48100100,158,395,48120000,41671
6,2406,48120000,48120100,158,395,48140000,41691
6,2407,48140000,48140100,158,395,48160000,41707
6,2408,48160000,48160100,158,395,48180000,41724
6,2409,48180000,48180100,158,395,48200000,41743
6,241,4820000,4820100,158,395,4840000,4186
6,2410,48200000,48200100,158,395,48220000,41760
6,2411,48220000,48220100,158,395,48240000,41776
6,2412,48240000,48240100,158,395,48260000,41795
6,2413,48260000,48260100,158,395,48280000,41812
6,2414,48280000,48280100,158,395,48300000,41827
6,2415,48300000,48300100,158,395,48320000,41846
6,2416,48320000,48320100,158,395,48340000,41865
6,2417,48340000,48340100,158,395,48360000,41880
6,2418,48360000,48360100,158,395,48380000,41899
6,2419,48380000,48380100,158,395,48400000,41914
6,242,4840000,4840100,158,395,4860000,4202
6,2420,48400000,48400100,158,395,48420000,41933
6,2421,48420000,48420100,158,395,48440000,41949
6,2422,48440000,48440100,158,395,48460000,41969
6,2423,48460000,48460100,158,395,48480000,41984
6,2424,48480000,48480100,158,395,48500000,42002
6,2425,48500000,48500100,158,395,48520000,42021
6,2426,48520000,48520100,158,395,48540000,42035
6,2427,48540000,48540100,158,395,48560000,42054
6,2428,48560000,48560100,158,395,48580000,42072
6,2429,48580000,48580100,158,395,48600000,42087
6,243,4860000,4860100,158,395,4880000,4220
6,2430,48600000,48600100,158,395,48620000,42107
6,2431,48620000,48620100,158,395,48640000,42123
6,2432,48640000,48640100,158,395,48660000,42141
6,2433,48660000,48660100,158,395,48680000,42158
6,2434,48680000,48680100,158,395,48700000,42176
6,2435,48700000,48700100,158,395,48720000,42190
6,2436,48720000,48720100,158,395,48740000,42211
6,2437,48740000,48740100,158,395,48760000,42229
6,2438,48760000,48760100,158,395,48780000,42243
6,2439,48780000,48780100,158,395,48800000,42262
6,244,4880000,4880100,158,395,4900000,4238
6,2440,48800000,48800100,158,395,48820000,42280
6,2441,48820000,48820100,158,395,48840000,42295
6,2442,48840000,48840100,158,395,48860000,42314
6,2443,48860000,48860100,158,395,48880000,42331
6,2444,48880000,48880100,158,395,48900000,42349
6,2445,48900000,48900100,158,395,48920000,42366
6,2446,48920000,48920100,158,395,48940000,42384
6,2447,48940000,48940100,158,395,48960000,42399
6,2448,48960000,48960100,158,395,48980000,42419
6,2449,48980000,48980100,158,395,49000000,42434
6,245,4900000,4900100,158,395,4920000,4254
6,2450,49000000,49000100,158,395,49020000,42452
6,2451,49020000,49020100,158,395,49040000,42470
6,2452,49040000,49040100,158,395,49060000,42488
6,2453,49060000,49060100,158,395,49080000,42504
6,2454,49080000,49080100,158,395,49100000,42521
6,2455,49100000,49100100,158,395,49120000,42540
6,2456,49120000,49120100,158,395,49140000,42555
6,2457,49140000,49140100,158,395,49160000,42574
6,2458,49160000,49160100,158,395,49180000,42593
6,2459,49180000,49180100,158,395,49200000,42606
6,246,4920000,4920100,158,395,4940000,4273
6,2460,49200000,49200100,158,395,49220000,42627
6,2461,49220000,49220100,158,395,49240000,42643
6,2462,49240000,49240100,158,395,49260000,42660
6,2463,49260000,49260100,158,395,49280000,42676
6,2464,49280000,49280100,158,395,49300000,42696
6,2465,49300000,49300100,158,395,49320000,42712
6,2466,49320000,49320100,158,395,49340000,42730
6,2467,49340000,49340100,158,395,49360000,42748
6,2468,49360000,49360100,158,395,49380000,42763
6,2469,49380000,49380100,158,395,49400000,42782
6,247,4940000,4940100,158,395,4960000,4290
6,2470,49400000,49400100,158,395,49420000,42799
6,2471,49420000,49420100,158,395,49440000,42814
6,2472,49440000,49440100,158,395,49460000,42836
6,2473,49460000,49460100,158,395,49480000,42851
6,2474,49480000,49480100,158,395,49500000,42867
6,2475,49500000,49500100,158,395,49520000,42885
6,2476,49520000,49520100,158,395,49540000,42904
6,2477,49540000,49540100,158,395,49560000,42919
6,2478,49560000,49560100,158,395,49580000,42938
6,2479,49580000,49580100,158,395,49600000,42955
6,248,4960000,4960100,158,395,4980000,4307
6,2480,49600000,49600100,158,395,49620000,42972
6,2481,49620000,49620100,158,395,49640000,42990
6,2482,49640000,49640100,158,395,49660000,43007
6,2483,49660000,49660100,158,395,49680000,43023
6,2484,49680000,49680100,158,395,49700000,43041
6,2485,49700000,49700100,158,395,49720000,43059
6,2486,49720000,49720100,158,395,49740000,43076
6,2487,49740000,49740100,158,395,49760000,43093
6,2488,49760000,49760100,158,395,49780000,43113
6,2489,49780000,49780100,158,395,49800000,43126
6,249,4980000,4980100,158,395,5000000,4323
6,2490,49800000,49800100,158,395,49820000,43146
6,2491,49820000,49820100,158,395,49840000,43162
6,2492,49840000,49840100,158,395,49860000,43180
6,2493,49860000,49860100,158,395,49880000,43198
6,2494,49880000,49880100,158,395,49900000,43215
6,2495,49900000,49900100,158,395,49920000,43231
6,2496,49920000,49920100,158,395,49940000,43249
6,2497,49940000,49940100,158,395,49960000,43268
6,2498,49960000,49960100,158,395,49980000,43282
6,2499,49980000,49980100,158,395,50000000,43301
6,25,500000,500100,158,395,520000,444
6,250,5000000,5000100,158,395,5020000,4343
6,2500,50000000,50000100,158,395,50020000,43321
6,2501,50020000,50020100,158,395,50040000,43334
6,2502,50040000,50040100,158,395,50060000,43355
6,2503,50060000,50060100,158,395,50080000,43370
6,2504,50080000,50080100,158,395,50100000,43387
6,2505,50100000,50100100,158,395,50120000,43405
6,2506,50120000,50120100,158,395,50140000,43423
6,2507,50140000,50140100,158,395,50160000,43439
6,2508,50160000,50160100,158,395,50180000,43458
6,2509,50180000,50180100,158,395,50200000,43475
6,251,5020000,5020100,158,395,5040000,4356
6,2510,50200000,50200100,158,395,50220000,43491
6,2511,50220000,50220100,158,395,50240000,43509
6,2512,50240000,50240100,158,395,50260000,43527
6,2513,50260000,50260100,158,395,50280000,43543
6,2514,50280000,50280100,158,395,50300000,43562
6,2515,50300000,50300100,158,395,50320000,43578
6,2516,50320000,50320100,158,395,50340000,43596
6,2517,50340000,50340100,158,395,50360000,43613
6,2518,50360000,50360100,158,395,50380000,43631
6,2519,50380000,50380100,158,395,50400000,43645
6,252,5040000,5040100,158,395,5060000,4377
6,2520,50400000,50400100,158,395,50420000,43666
6,2521,50420000,50420100,158,395,50440000,43684
6,2522,50440000,50440100,158,395,50460000,43699
6,2523,50460000,50460100,158,395,50480000,43717
6,2524,50480000,50480100,158,395,50500000,43735
6,2525,50500000,50500100,158,395,50520000,43751
6,2526,50520000,50520100,158,395,50540000,43768
6,2527,50540000,50540100,158,395,50560000,43787
6,2528,50560000,50560100,158,395,50580000,43804
6,2529,50580000,50580100,158,395,50600000,43820
6,253,5060000,5060100,158,395,5080000,4395
6,2530,50600000,50600100,158,395,50620000,43840
6,2531,50620000,50620100,158,395,50640000,43853
6,2532,50640000,50640100,158,395,50660000,43875
6,2533,50660000,50660100,158,395,50680000,43890
6,2534,50680000,50680100,158,395,50700000,43906
6,2535,50700000,50700100,158,395,50720000,43926
6,2536,50720000,50720100,158,395,50740000,43943
6,2537,50740000,50740100,158,395,50760000,43959
6,2538,50760000,50760100,158,395,50780000,43977
6,2539,50780000,50780100,158,395,50800000,43994
6,254,5080000,5080100,158,395,5100000,4409
6,2540,50800000,50800100,158,395,50820000,44010
6,2541,50820000,50820100,158,395,50840000,44029
6,2542,50840000,50840100,158,395,50860000,44048
6,2543,50860000,50860100,158,395,50880000,44062
6,2544,50880000,50880100,158,395,50900000,44082
6,2545,50900000,50900100,158,395,50920000,44098
6,2546,50920000,50920100,158,395,50940000,44115
6,2547,50940000,50940100,158,395,50960000,44132
6,2548,50960000,50960100,158,395,50980000,44151
6,2549,50980000,50980100,158,395,51000000,44167
6,255,5100000,5100100,158,395,5120000,4429
6,2550,51000000,51000100,158,395,51020000,44185
6,2551,51020000,51020100,158,395,51040000,44202
6,2552,51040000,51040100,158,395,51060000,44219
6,2553,51060000,51060100,158,395,51080000,44237
6,2554,51080000,51080100,158,395,51100000,44254
6,2555,51100000,51100100,158,395,51120000,44270
6,2556,51120000,51120100,158,395,51140000,44290
6,2557,51140000,51140100,158,395,51160000,44307
6,2558,51160000,51160100,158,395,51180000,44323
6,2559,51180000,51180100,158,395,51200000,44339
6,256,5120000,5120100,158,395,5140000,4446
6,2560,51200000,51200100,158,395,51220000,44360
6,2561,51220000,51220100,158,395,51240000,44373
6,2562,51240000,51240100,158,395,51260000,44393
6,2563,51260000,51260100,158,395,51280000,44411
6,2564,51280000,51280100,158,395,51300000,44426
6,2565,51300000,51300100,158,395,51320000,44446
6,2566,51320000,51320100,158,395,51340000,44462
6,2567,51340000,51340100,158,395,51360000,44478
6,2568,51360000,51360100,158,395,51380000,44497
6,2569,51380000,51380100,158,395,51400000,44514
6,257,5140000,5140100,158,395,5160000,4462
6,2570,51400000,51400100,158,395,51420000,44531
6,2571,51420000,51420100,158,395,51440000,44548
6,2572,51440000,51440100,158,395,51460000,44568
6,2573,51460000,51460100,158,395,51480000,44581
6,2574,51480000,51480100,158,395,51500000,44601
6,2575,51500000,51500100,158,395,51520000,44617
6,2576,51520000,51520100,158,395,51540000,44635
6,2577,51540000,51540100,158,395,51560000,44654
6,2578,51560000,51560100,158,395,51580000,44670
6,2579,51580000,51580100,158,395,51600000,44686
6,258,5160000,5160100,158,395,5180000,4480
6,2580,51600000,51600100,158,395,51620000,44705
6,2581,51620000,51620100,158,395,51640000,44722
6,2582,51640000,51640100,158,395,51660000,44738
6,2583,51660000,51660100,158,395,51680000,44756
6,2584,51680000,51680100,158,395,51700000,44775
6,2585,51700000,51700100,158,395,51720000,44790
6,2586,51720000,51720100,158,395,51740000,44809
6,2587,51740000,51740100,158,395,51760000,44826
6,2588,51760000,51760100,158,395,51780000,44843
6,2589,51780000,51780100,158,395,51800000,44859
6,259,5180000,5180100,158,395,5200000,4497
6,2590,51800000,51800100,158,395,51820000,44879
6,2591,51820000,51820100,158,395,51840000,44894
6,2592,51840000,51840100,158,395,51860000,44913
6,2593,51860000,51860100,158,395,51880000,44931
6,2594,51880000,51880100,158,395,51900000,44945
6,2595,51900000,51900100,158,395,51920000,44964
6,2596,51920000,51920100,158,395,51940000,44982
6,2597,51940000,51940100,158,395,51960000,44998
6,2598,51960000,51960100,158,395,51980000,45018
6,2599,51980000,51980100,158,395,52000000,45033
6,26,520000,520100,158,395,540000,460
6,260,5200000,5200100,158,395,5220000,4515
6,2600,52000000,52000100,158,395,52020000,45051
6,2601,52020000,52020100,158,395,52040000,45068
6,2602,52040000,52040100,158,395,52060000,45087
6,2603,52060000,52060100,158,395,52080000,45100
6,2604,52080000,52080100,158,395,52100000,45121
6,2605,52100000,52100100,158,395,52120000,45139
6,2606,52120000,52120100,158,395,52140000,45153
6,2607,52140000,52140100,158,395,52160000,45173
6,2608,52160000,52160100,158,395,52180000,45190
6,2609,52180000,52180100,158,395,52200000,45206
6,261,5220000,5220100,158,395,5240000,4532
6,2610,52200000,52200100,158,395,52220000,45224
6,2611,52220000,52220100,158,395,52240000,45241
6,2612,52240000,52240100,158,395,52260000,45260
6,2613,52260000,52260100,158,395,52280000,45276
6,2614,52280000,52280100,158,395,52300000,45294
6,2615,52300000,52300100,158,395,52320000,45309
6,2616,52320000,52320100,158,395,52340000,45329
6,2617,52340000,52340100,158,395,52360000,45345
6,2618,52360000,52360100,158,395,52380000,45362
6,2619,52380000,52380100,158,395,52400000,45380
6,262,5240000,5240100,158,395,5260000,4551
6,2620,52400000,52400100,158,395,52420000,45399
6,2621,52420000,52420100,158,395,52440000,45414
6,2622,52440000,52440100,158,395,52460000,45432
6,2623,52460000,52460100,158,395,52480000,45450
6,2624,52480000,52480100,158,395,52500000,45465
6,2625,52500000,52500100,158,395,52520000,45484
6,2626,52520000,52520100,158,395,52540000,45503
6,2627,52540000,52540100,158,395,52560000,45517
6,2628,52560000,52560100,158,395,52580000,45537
6,2629,52580000,52580100,158,395,52600000,45553
6,263,5260000,5260100,158,395,5280000,4564
6,2630,52600000,52600100,158,395,52620000,45570
6,2631,52620000,52620100,158,395,52640000,45587
6,2632,52640000,52640100,158,395,52660000,45607
6,2633,52660000,52660100,158,395,52680000,45622
6,2634,52680000,52680100,158,395,52700000,45640
6,2635,52700000,52700100,158,395,52720000,45658
6,2636,52720000,52720100,158,395,52740000,45673
6,2637,52740000,52740100,158,395,52760000,45693
6,2638,52760000,52760100,158,395,52780000,45709
6,2639,52780000,52780100,158,395,52800000,45724
6,264,5280000,5280100,158,395,5300000,4585
6,2640,52800000,52800100,158,395,52820000,45746
6,2641,52820000,52820100,158,395,52840000,45761
6,2642,52840000,52840100,158,395,52860000,45779
6,2643,52860000,52860100,158,395,52880000,45795
6,2644,52880000,52880100,158,395,52900000,45814
6,2645,52900000,52900100,158,395,52920000,45829
6,2646,52920000,52920100,158,395,52940000,45848
6,2647,52940000,52940100,158,395,52960000,45866
6,2648,52960000,52960100,158,395,52980000,45882
6,2649,52980000,52980100,158,395,53000000,45900
6,265,5300000,5300100,158,395,5320000,4601
6,2650,53000000,53000100,158,395,53020000,45917
6,2651,53020000,53020100,158,395,53040000,45933
6,2652,53040000,53040100,158,395,53060000,45952
6,2653,53060000,53060100,158,395,53080000,45970
6,2654,53080000,53080100,158,395,53100000,45986
6,2655,53100000,53100100,158,395,53120000,46003
6,2656,53120000,53120100,158,395,53140000,46023
6,2657,53140000,53140100,158,395,53160000,46037
6,2658,53160000,53160100,158,395,53180000,46056
6,2659,53180000,53180100,158,395,53200000,46072
6,266,5320000,5320100,158,395,5340000,4618
6,2660,53200000,53200100,158,395,53220000,46090
6,2661,53220000,53220100,158,395,53240000,46108
6,2662,53240000,53240100,158,395,53260000,46126
6,2663,53260000,53260100,158,395,53280000,46141
6,2664,53280000,53280100,158,395,53300000,46160
6,2665,53300000,53300100,158,395,53320000,46178
6,2666,53320000,53320100,158,395,53340000,46192
6,2667,53340000,53340100,158,395,53360000,46212
6,2668,53360000,53360100,158,395,53380000,46231
6,2669,53380000,53380100,158,395,53400000,46244
6,267,5340000,5340100,158,395,5360000,4637
6,2670,53400000,53400100,158,395,53420000,46265
6,2671,53420000,53420100,158,395,53440000,46280
6,2672,53440000,53440100,158,395,53460000,46298
6,2673,53460000,53460100,158,395,53480000,46315
6,2674,53480000,53480100,158,395,53500000,46333
6,2675,53500000,53500100,158,395,53520000,46350
6,2676,53520000,53520100,158,395,53540000,46368
6,2677,53540000,53540100,158,395,53560000,46386
6,2678,53560000,53560100,158,395,53580000,46401
6,2679,53580000,53580100,158,395,53600000,46419
6,268,5360000,5360100,158,395,5380000,4654
6,2680,53600000,53600100,158,395,53620000,46437
6,2681,53620000,53620100,158,395,53640000,46453
6,2682,53640000,53640100,158,395,53660000,46473
6,2683,53660000,53660100,158,395,53680000,46488
6,2684,53680000,53680100,158,395,53700000,46506
6,2685,53700000,53700100,158,395,53720000,46523
6,2686,53720000,53720100,158,395,53740000,46542
6,2687,53740000,53740100,158,395,53760000,46556
6,2688,53760000,53760100,158,395,53780000,46576
6,2689,53780000,53780100,158,395,53800000,46594
6,269,5380000,5380100,158,395,5400000,4670
6,2690,53800000,53800100,158,395,53820000,46609
6,2691,53820000,53820100,158,395,53840000,46627
6,2692,53840000,53840100,158,395,53860000,46646
6,2693,53860000,53860100,158,395,53880000,46661
6,2694,53880000,53880100,158,395,53900000,46678
6,2695,53900000,53900100,158,395,53920000,46697
6,2696,53920000,53920100,158,395,53940000,46714
6,2697,53940000,53940100,158,395,53960000,46732
6,2698,53960000,53960100,158,395,53980000,46750
6,2699,53980000,53980100,158,395,54000000,46763
6,27,540000,540100,158,395,560000,478
6,270,5400000,5400100,158,395,5420000,4688
6,2700,54000000,54000100,158,395,54020000,46785
6,2701,54020000,54020100,158,395,54040000,46800
6,2702,54040000,54040100,158,395,54060000,46817
6,2703,54060000,54060100,158,395,54080000,46836
6,2704,54080000,54080100,158,395,54100000,46853
6,2705,54100000,54100100,158,395,54120000,46869
6,2706,54120000,54120100,158,395,54140000,46887
6,2707,54140000,54140100,158,395,54160000,46905
6,2708,54160000,54160100,158,395,54180000,46921
6,2709,54180000,54180100,158,395,54200000,46939
6,271,5420000,5420100,158,395,5440000,4705
6,2710,54200000,54200100,158,395,54220000,46958
6,2711,54220000,54220100,158,395,54240000,46972
6,2712,54240000,54240100,158,395,54260000,46993
6,2713,54260000,54260100,158,395,54280000,47008
6,2714,54280000,54280100,158,395,54300000,47025
6,2715,54300000,54300100,158,395,54320000,47042
6,2716,54320000,54320100,158,395,54340000,47061
6,2717,54340000,54340100,158,395,54360000,47078
6,2718,54360000,54360100,158,395,54380000,47095
6,2719,54380000,54380100,158,395,54400000,47113
6,272,5440000,5440100,158,395,5460000,4722
6,2720,54400000,54400100,158,395,54420000,47129
6,2721,54420000,54420100,158,395,54440000,47147
6,2722,54440000,54440100,158,395,54460000,47165
6,2723,54460000,54460100,158,395,54480000,47180
6,2724,54480000,54480100,158,395,54500000,47200
6,2725,54500000,54500100,158,395,54520000,47217
6,2726,54520000,54520100,158,395,54540000,47233
6,2727,54540000,54540100,158,395,54560000,47250
6,2728,54560000,54560100,158,395,54580000,47270
6,2729,54580000,54580100,158,395,54600000,47283
6,273,5460000,5460100,158,395,5480000,4740
6,2730,54600000,54600100,158,395,54620000,47304
6,2731,54620000,54620100,158,395,54640000,47321
6,2732,54640000,54640100,158,395,54660000,47337
6,2733,54660000,54660100,158,395,54680000,47356
6,2734,54680000,54680100,158,395,54700000,47372
6,2735,54700000,54700100,158,395,54720000,47388
6,2736,54720000,54720100,158,395,54740000,47407
6,2737,54740000,54740100,158,395,54760000,47425
6,2738,54760000,54760100,158,395,54780000,47441
6,2739,54780000,54780100,158,395,54800000,47458
6,274,5480000,5480100,158,395,5500000,4758
6,2740,54800000,54800100,158,395,54820000,47478
6,2741,54820000,54820100,158,395,54840000,47492
6,2742,54840000,54840100,158,395,54860000,47512
6,2743,54860000,54860100,158,395,54880000,47527
6,2744,54880000,54880100,158,395,54900000,47545
6,2745,54900000,54900100,158,395,54920000,47564
6,2746,54920000,54920100,158,395,54940000,47580
6,2747,54940000,54940100,158,395,54960000,47597
6,2748,54960000,54960100,158,395,54980000,47615
6,2749,54980000,54980100,158,395,55000000,47632
6,275,5500000,5500100,158,395,5520000,4773
6,2750,55000000,55000100,158,395,55020000,47648
6,2751,55020000,55020100,158,395,55040000,47666
6,2752,55040000,55040100,158,395,55060000,47687
6,2753,55060000,55060100,158,395,55080000,47700
6,2754,55080000,55080100,158,395,55100000,47719
6,2755,55100000,55100100,158,395,55120000,47736
6,2756,55120000,55120100,158,395,55140000,47753
6,2757,55140000,55140100,158,395,55160000,47770
6,2758,55160000,55160100,158,395,55180000,47789
6,2759,55180000,55180100,158,395,55200000,47804
6,276,5520000,5520100,158,395,5540000,4793
6,2760,55200000,55200100,158,395,55220000,47823
6,2761,55220000,55220100,158,395,55240000,47841
6,2762,55240000,55240100,158,395,55260000,47856
6,2763,55260000,55260100,158,395,55280000,47875
6,2764,55280000,55280100,158,395,55300000,47892
6,2765,55300000,55300100,158,395,55320000,47908
6,2766,55320000,55320100,158,395,55340000,47928
6,2767,55340000,55340100,158,395,55360000,47944
6,2768,55360000,55360100,158,395,55380000,47961
6,2769,55380000,55380100,158,395,55400000,47978
6,277,5540000,5540100,158,395,5560000,4810
6,2770,55400000,55400100,158,395,55420000,47997
6,2771,55420000,55420100,158,395,55440000,48010
6,2772,55440000,55440100,158,395,55460000,48032
6,2773,55460000,55460100,158,395,55480000,48049
6,2774,55480000,55480100,158,395,55500000,48064
6,2775,55500000,55500100,158,395,55520000,48083
6,2776,55520000,55520100,158,395,55540000,48100
6,2777,55540000,55540100,158,395,55560000,48117
6,2778,55560000,55560100,158,395,55580000,48134
6,2779,55580000,55580100,158,395,55600000,48151
6,278,5560000,5560100,158,395,5580000,4826
6,2780,55600000,55600100,158,395,55620000,48170
6,2781,55620000,55620100,158,395,55640000,48186
6,2782,55640000,55640100,158,395,55660000,48205
6,2783,55660000,55660100,158,395,55680000,48219
6,2784,55680000,55680100,158,395,55700000,48239
6,2785,55700000,55700100,158,395,55720000,48256
6,2786,55720000,55720100,158,395,55740000,48272
6,2787,55740000,55740100,158,395,55760000,48291
6,2788,55760000,55760100,158,395,55780000,48309
6,2789,55780000,55780100,158,395,55800000,48324
6,279,5580000,5580100,158,395,5600000,4842
6,2790,55800000,55800100,158,395,55820000,48342
6,2791,55820000,55820100,158,395,55840000,48360
6,2792,55840000,55840100,158,395,55860000,48376
6,2793,55860000,55860100,158,395,55880000,48394
6,2794,55880000,55880100,158,395,55900000,48413
6,2795,55900000,55900100,158,395,55920000,48427
6,2796,55920000,55920100,158,395,55940000,48448
6,2797,55940000,55940100,158,395,55960000,48464
6,2798,55960000,55960100,158,395,55980000,48480
6,2799,55980000,55980100,158,395,56000000,48497
6,28,560000,560100,158,395,580000,497
6,280,5600000,5600100,158,395,5620000,4863
6,2800,56000000,56000100,158,395,56020000,48517
6,2801,56020000,56020100,158,395,56040000,48532
6,2802,56040000,56040100,158,395,56060000,48551
6,2803,56060000,56060100,158,395,56080000,48568
6,2804,56080000,56080100,158,395,56100000,48583
6,2805,56100000,56100100,158,395,56120000,48603
6,2806,56120000,56120100,158,395,56140000,48619
6,2807,56140000,56140100,158,395,56160000,48636
6,2808,56160000,56160100,158,395,56180000,48656
6,2809,56180000,56180100,158,395,56200000,48671
6,281,5620000,5620100,158,395,5640000,4878
6,2810,56200000,56200100,158,395,56220000,48689
6,2811,56220000,56220100,158,395,56240000,48705
6,2812,56240000,56240100,158,395,56260000,48725
6,2813,56260000,56260100,158,395,56280000,48739
6,2814,56280000,56280100,158,395,56300000,48758
6,2815,56300000,56300100,158,395,56320000,48776
6,2816,56320000,56320100,158,395,56340000,48792
6,2817,56340000,56340100,158,395,56360000,48811
6,2818,56360000,56360100,158,395,56380000,48828
6,2819,56380000,56380100,158,395,56400000,48843
6,282,5640000,5640100,158,395,5660000,4896
6,2820,56400000,56400100,158,395,56420000,48862
6,2821,56420000,56420100,158,395,56440000,48880
6,2822,56440000,56440100,158,395,56460000,48897
6,2823,56460000,56460100,158,395,56480000,48913
6,2824,56480000,56480100,158,395,56500000,48933
6,2825,56500000,56500100,158,395,56520000,48947
6,2826,56520000,56520100,158,395,56540000,48966
6,2827,56540000,56540100,158,395,56560000,48983
6,2828,56560000,56560100,158,395,56580000,49000
6,2829,56580000,56580100,158,395,56600000,49019
6,283,5660000,5660100,158,395,5680000,4914
6,2830,56600000,56600100,158,395,56620000,49036
6,2831,56620000,56620100,158,395,56640000,49051
6,2832,56640000,56640100,158,395,56660000,49071
6,2833,56660000,56660100,158,395,56680000,49088
6,2834,56680000,56680100,158,395,56700000,49102
6,2835,56700000,56700100,158,395,56720000,49122
6,2836,56720000,56720100,158,395,56740000,49141
6,2837,56740000,56740100,158,395,56760000,49155
6,2838,56760000,56760100,158,395,56780000,49175
6,2839,56780000,56780100,158,395,56800000,49190
6,284,5680000,5680100,158,395,5700000,4929
6,2840,56800000,56800100,158,395,56820000,49209
6,2841,56820000,56820100,158,395,56840000,49225
6,2842,56840000,56840100,158,395,56860000,49244
6,2843,56860000,56860100,158,395,56880000,49260
6,2844,56880000,56880100,158,395,56900000,49278
6,2845,56900000,56900100,158,395,56920000,49296
6,2846,56920000,56920100,158,395,56940000,49311
6,2847,56940000,56940100,158,395,56960000,49330
6,2848,56960000,56960100,158,395,56980000,49347
6,2849,56980000,56980100,158,395,57000000,49363
6,285,5700000,5700100,158,395,5720000,4948
6,2850,57000000,57000100,158,395,57020000,49383
6,2851,57020000,57020100,158,395,57040000,49399
6,2852,57040000,57040100,158,395,57060000,49417
6,2853,57060000,57060100,158,395,57080000,49433
6,2854,57080000,57080100,158,395,57100000,49452
6,2855,57100000,57100100,158,395,57120000,49466
6,2856,57120000,57120100,158,395,57140000,49486
6,2857,57140000,57140100,158,395,57160000,49505
6,2858,57160000,57160100,158,395,57180000,49519
6,2859,57180000,57180100,158,395,57200000,49537
6,286,5720000,5720100,158,395,5740000,4965
6,2860,57200000,57200100,158,395,57220000,49556
6,2861,57220000,57220100,158,395,57240000,49571
6,2862,57240000,57240100,158,395,57260000,49590
6,2863,57260000,57260100,158,395,57280000,49607
6,2864,57280000,57280100,158,395,57300000,49624
6,2865,57300000,57300100,158,395,57320000,49642
6,2866,57320000,57320100,158,395,57340000,49660
6,2867,57340000,57340100,158,395,57360000,49674
6,2868,57360000,57360100,158,395,57380000,49695
6,2869,57380000,57380100,158,395,57400000,49710
6,287,5740000,5740100,158,395,5760000,4981
6,2870,57400000,57400100,158,395,57420000,49727
6,2871,57420000,57420100,158,395,57440000,49746
6,2872,57440000,57440100,158,395,57460000,49764
6,2873,57460000,57460100,158,395,57480000,49780
6,2874,57480000,57480100,158,395,57500000,49797
6,2875,57500000,57500100,158,395,57520000,49815
6,2876,57520000,57520100,158,395,57540000,49831
6,2877,57540000,57540100,158,395,57560000,49850
6,2878,57560000,57560100,158,395,57580000,49868
6,2879,57580000,57580100,158,395,57600000,49882
6,288,5760000,5760100,158,395,5780000,5002
6,2880,57600000,57600100,158,395,57620000,49903
6,2881,57620000,57620100,158,395,57640000,49918
6,2882,57640000,57640100,158,395,57660000,49936
6,2883,57660000,57660100,158,395,57680000,49952
6,2884,57680000,57680100,158,395,57700000,49972
6,2885,57700000,57700100,158,395,57720000,49988
6,2886,57720000,57720100,158,395,57740000,50005
6,2887,57740000,57740100,158,395,57760000,50024
6,2888,57760000,57760100,158,395,57780000,50039
6,2889,57780000,57780100,158,395,57800000,50057
6,289,5780000,5780100,158,395,5800000,5017
6,2890,57800000,57800100,158,395,57820000,50075
6,2891,57820000,57820100,158,395,57840000,50090
6,2892,57840000,57840100,158,395,57860000,50111
6,2893,57860000,57860100,158,395,57880000,50127
6,2894,57880000,57880100,158,395,57900000,50143
6,2895,57900000,57900100,158,395,57920000,50161
6,2896,57920000,57920100,158,395,57940000,50180
6,2897,57940000,57940100,158,395,57960000,50194
6,2898,57960000,57960100,158,395,57980000,50214
6,2899,57980000,57980100,158,395,58000000,50231
6,29,580000,580100,158,395,600000,512
6,290,5800000,5800100,158,395,5820000,5034
6,2900,58000000,58000100,158,395,58020000,50247
6,2901,58020000,58020100,158,395,58040000,50266
6,2902,58040000,58040100,158,395,58060000,50283
6,2903,58060000,58060100,158,395,58080000,50298
6,2904,58080000,58080100,158,395,58100000,50317
6,2905,58100000,58100100,158,395,58120000,50335
6,2906,58120000,58120100,158,395,58140000,50352
6,2907,58140000,58140100,158,395,58160000,50369
6,2908,58160000,58160100,158,395,58180000,50388
6,2909,58180000,58180100,158,395,58200000,50402
6,291,5820000,5820100,158,395,5840000,5051
6,2910,58200000,58200100,158,395,58220000,50422
6,2911,58220000,58220100,158,395,58240000,50437
6,2912,58240000,58240100,158,395,58260000,50456
6,2913,58260000,58260100,158,395,58280000,50474
6,2914,58280000,58280100,158,395,58300000,50490
6,2915,58300000,58300100,158,395,58320000,50507
6,2916,58320000,58320100,158,395,58340000,50525
6,2917,58340000,58340100,158,395,58360000,50544
6,2918,58360000,58360100,158,395,58380000,50558
6,2919,58380000,58380100,158,395,58400000,50576
6,292,5840000,5840100,158,395,5860000,5071
6,2920,58400000,58400100,158,395,58420000,50597
6,2921,58420000,58420100,158,395,58440000,50610
6,2922,58440000,58440100,158,395,58460000,50630
6,2923,58460000,58460100,158,395,58480000,50646
6,2924,58480000,58480100,158,395,58500000,50663
6,2925,58500000,58500100,158,395,58520000,50680
6,2926,58520000,58520100,158,395,58540000,50699
6,2927,58540000,58540100,158,395,58560000,50715
6,2928,58560000,58560100,158,395,58580000,50734
6,2929,58580000,58580100,158,395,58600000,50751
6,293,5860000,5860100,158,395,5880000,5084
6,2930,58600000,58600100,158,395,58620000,50766
6,2931,58620000,58620100,158,395,58640000,50785
6,2932,58640000,58640100,158,395,58660000,50803
6,2933,58660000,58660100,158,395,58680000,50818
6,2934,58680000,58680100,158,395,58700000,50838
6,2935,58700000,58700100,158,395,58720000,50854
6,2936,58720000,58720100,158,395,58740000,50871
6,2937,58740000,58740100,158,395,58760000,50889
6,2938,58760000,58760100,158,395,58780000,50907
6,2939,58780000,58780100,158,395,58800000,50921
6,294,5880000,5880100,158,395,5900000,5104
6,2940,58800000,58800100,158,395,58820000,50942
6,2941,58820000,58820100,158,395,58840000,50959
6,2942,58840000,58840100,158,395,58860000,50975
6,2943,58860000,58860100,158,395,58880000,50993
6,2944,58880000,58880100,158,395,58900000,51010
6,2945,58900000,58900100,158,395,58920000,51027
6,2946,58920000,58920100,158,395,58940000,51044
6,2947,58940000,58940100,158,395,58960000,51062
6,2948,58960000,58960100,158,395,58980000,51080
6,2949,58980000,58980100,158,395,59000000,51096
6,295,5900000,5900100,158,395,5920000,5122
6,2950,59000000,59000100,158,395,59020000,51116
6,2951,59020000,59020100,158,395,59040000,51129
6,2952,59040000,59040100,158,395,59060000,51150
6,2953,59060000,59060100,158,395,59080000,51166
6,2954,59080000,59080100,158,395,59100000,51182
6,2955,59100000,59100100,158,395,59120000,51201
6,2956,59120000,59120100,158,395,59140000,51219
6,2957,59140000,59140100,158,395,59160000,51235
6,2958,59160000,59160100,158,395,59180000,51252
6,2959,59180000,59180100,158,395,59200000,51270
6,296,5920000,5920100,158,395,5940000,5137
6,2960,59200000,59200100,158,395,59220000,51286
6,2961,59220000,59220100,158,395,59240000,51305
6,2962,59240000,59240100,158,395,59260000,51324
6,2963,59260000,59260100,158,395,59280000,51337
6,2964,59280000,59280100,158,395,59300000,51358
6,2965,59300000,59300100,158,395,59320000,51374
6,2966,59320000,59320100,158,395,59340000,51390
6,2967,59340000,59340100,158,395,59360000,51408
6,2968,59360000,59360100,158,395,59380000,51427
6,2969,59380000,59380100,158,395,59400000,51442
6,297,5940000,5940100,158,395,5960000,5157
6,2970,59400000,59400100,158,395,59420000,51461
6,2971,59420000,59420100,158,395,59440000,51478
6,2972,59440000,59440100,158,395,59460000,51495
6,2973,59460000,59460100,158,395,59480000,51513
6,2974,59480000,59480100,158,395,59500000,51529
6,2975,59500000,59500100,158,395,59520000,51546
6,2976,59520000,59520100,158,395,59540000,51566
6,2977,59540000,59540100,158,395,59560000,51582
6,2978,59560000,59560100,158,395,59580000,51599
6,2979,59580000,59580100,158,395,59600000,51615
6,298,5960000,5960100,158,395,5980000,5173
6,2980,59600000,59600100,158,395,59620000,51635
6,2981,59620000,59620100,158,395,59640000,51649
6,2982,59640000,59640100,158,395,59660000,51669
6,2983,59660000,59660100,158,395,59680000,51687
6,2984,59680000,59680100,158,395,59700000,51702
6,2985,59700000,59700100,158,395,59720000,51721
6,2986,59720000,59720100,158,395,59740000,51738
6,2987,59740000,59740100,158,395,59760000,51754
6,2988,59760000,59760100,158,395,59780000,51772
6,2989,59780000,59780100,158,395,59800000,51790
6,299,5980000,5980100,158,395,6000000,5189
6,2990,59800000,59800100,158,395,59820000,51807
6,2991,59820000,59820100,158,395,59840000,51823
6,2992,59840000,59840100,158,395,59860000,51844
6,2993,59860000,59860100,158,395,59880000,51857
6,2994,59880000,59880100,158,395,59900000,51877
6,2995,59900000,59900100,158,395,59920000,51893
6,2996,59920000,59920100,158,395,59940000,51910
6,2997,59940000,59940100,158,395,59960000,51930
6,2998,59960000,59960100,158,395,59980000,51946
6,2999,59980000,59980100,158,395,60000000,51961
6,3,60000,60100,158,395,80000,63
6,30,600000,600100,158,395,620000,531
6,300,6000000,6000100,158,395,6020000,5208
6,3000,60000000,60000100,158,395,60020000,51981
6,3001,60020000,60020100,158,395,60040000,51998
6,3002,60040000,60040100,158,395,60060000,52013
6,3003,60060000,60060100,158,395,60080000,52032
6,3004,60080000,60080100,158,395,60100000,52051
6,3005,60100000,60100100,158,395,60120000,52066
6,3006,60120000,60120100,158,395,60140000,52085
6,3007,60140000,60140100,158,395,60160000,52101
6,3008,60160000,60160100,158,395,60180000,52119
6,3009,60180000,60180100,158,395,60200000,52135
6,301,6020000,6020100,158,395,6040000,5225
6,3010,60200000,60200100,158,395,60220000,52154
6,3011,60220000,60220100,158,395,60240000,52170
6,3012,60240000,60240100,158,395,60260000,52189
6,3013,60260000,60260100,158,395,60280000,52206
6,3014,60280000,60280100,158,395,60300000,52221
6,3015,60300000,60300100,158,395,60320000,52240
6,3016,60320000,60320100,158,395,60340000,52258
6,3017,60340000,60340100,158,395,60360000,52274
6,3018,60360000,60360100,158,395,60380000,52293
6,3019,60380000,60380100,158,395,60400000,52309
6,302,6040000,6040100,158,395,6060000,5243
6,3020,60400000,60400100,158,395,60420000,52327
6,3021,60420000,60420100,158,395,60440000,52343
6,3022,60440000,60440100,158,395,60460000,52363
6,3023,60460000,60460100,158,395,60480000,52376
6,3024,60480000,60480100,158,395,60500000,52396
6,3025,60500000,60500100,158,395,60520000,52415
6,3026,60520000,60520100,158,395,60540000,52429
6,3027,60540000,60540100,158,395,60560000,52449
6,3028,60560000,60560100,158,395,60580000,52466
6,3029,60580000,60580100,158,395,60600000,52481
6,303,6060000,6060100,158,395,6080000,5259
6,3030,60600000,60600100,158,395,60620000,52500
6,3031,60620000,60620100,158,395,60640000,52517
6,3032,60640000,60640100,158,395,60660000,52535
6,3033,60660000,60660100,158,395,60680000,52552
6,3034,60680000,60680100,158,395,60700000,52570
6,3035,60700000,60700100,158,395,60720000,52584
6,3036,60720000,60720100,158,395,60740000,52605
6,3037,60740000,60740100,158,395,60760000,52621
6,3038,60760000,60760100,158,395,60780000,52638
6,3039,60780000,60780100,158,395,60800000,52656
6,304,6080000,6080100,158,395,6100000,5278
6,3040,60800000,60800100,158,395,60820000,52674
6,3041,60820000,60820100,158,395,60840000,52690
6,3042,60840000,60840100,158,395,60860000,52708
6,3043,60860000,60860100,158,395,60880000,52725
6,3044,60880000,60880100,158,395,60900000,52741
6,3045,60900000,60900100,158,395,60920000,52760
6,3046,60920000,60920100,158,395,60940000,52778
6,3047,60940000,60940100,158,395,60960000,52793
6,3048,60960000,60960100,158,395,60980000,52813
6,3049,60980000,60980100,158,395,61000000,52829
6,305,6100000,6100100,158,395,6120000,5293
6,3050,61000000,61000100,158,395,61020000,52846
6,3051,61020000,61020100,158,395,61040000,52862
6,3052,61040000,61040100,158,395,61060000,52883
6,3053,61060000,61060100,158,395,61080000,52898
6,3054,61080000,61080100,158,395,61100000,52915
6,3055,61100000,61100100,158,395,61120000,52934
6,3056,61120000,61120100,158,395,61140000,52949
6,3057,61140000,61140100,158,395,61160000,52968
6,3058,61160000,61160100,158,395,61180000,52985
6,3059,61180000,61180100,158,395,61200000,53000
6,306,6120000,6120100,158,395,6140000,5312
6,3060,61200000,61200100,158,395,61220000,53022
6,3061,61220000,61220100,158,395,61240000,53037
6,3062,61240000,61240100,158,395,61260000,53054
6,3063,61260000,61260100,158,395,61280000,53071
6,3064,61280000,61280100,158,395,61300000,53090
6,3065,61300000,61300100,158,395,61320000,53104
6,3066,61320000,61320100,158,395,61340000,53124
6,3067,61340000,61340100,158,395,61360000,53142
6,3068,61360000,61360100,158,395,61380000,53157
6,3069,61380000,61380100,158,395,61400000,53176
6,307,6140000,6140100,158,395,6160000,5328
6,3070,61400000,61400100,158,395,61420000,53193
6,3071,61420000,61420100,158,395,61440000,53209
6,3072,61440000,61440100,158,395,61460000,53228
6,3073,61460000,61460100,158,395,61480000,53245
6,3074,61480000,61480100,158,395,61500000,53262
6,3075,61500000,61500100,158,395,61520000,53279
6,3076,61520000,61520100,158,395,61540000,53298
6,3077,61540000,61540100,158,395,61560000,53313
6,3078,61560000,61560100,158,395,61580000,53332
6,3079,61580000,61580100,158,395,61600000,53347
6,308,6160000,6160100,158,395,6180000,5346
6,3080,61600000,61600100,158,395,61620000,53366
6,3081,61620000,61620100,158,395,61640000,53384
6,3082,61640000,61640100,158,395,61660000,53402
6,3083,61660000,61660100,158,395,61680000,53417
6,3084,61680000,61680100,158,395,61700000,53435
6,3085,61700000,61700100,158,395,61720000,53454
6,3086,61720000,61720100,158,395,61740000,53468
6,3087,61740000,61740100,158,395,61760000,53487
6,3088,61760000,61760100,158,395,61780000,53507
6,3089,61780000,61780100,158,395,61800000,53520
6,309,6180000,6180100,158,395,6200000,5364
6,3090,61800000,61800100,158,395,61820000,53540
6,3091,61820000,61820100,158,395,61840000,53556
6,3092,61840000,61840100,158,395,61860000,53574
6,3093,61860000,61860100,158,395,61880000,53591
6,3094,61880000,61880100,158,395,61900000,53609
6,3095,61900000,61900100,158,395,61920000,53625
6,3096,61920000,61920100,158,395,61940000,53644
6,3097,61940000,61940100,158,395,61960000,53662
6,3098,61960000,61960100,158,395,61980000,53676
6,3099,61980000,61980100,158,395,62000000,53695
6,31,620000,620100,158,395,640000,548
6,310,6200000,6200100,158,395,6220000,5382
6,3100,62000000,62000100,158,395,62020000,53713
6,3101,62020000,62020100,158,395,62040000,53728
6,3102,62040000,62040100,158,395,62060000,53749
6,3103,62060000,62060100,158,395,62080000,53764
6,3104,62080000,62080100,158,395,62100000,53782
6,3105,62100000,62100100,158,395,62120000,53799
6,3106,62120000,62120100,158,395,62140000,53817
6,3107,62140000,62140100,158,395,62160000,53832
6,3108,62160000,62160100,158,395,62180000,53852
6,3109,62180000,62180100,158,395,62200000,53869
6,311,6220000,6220100,158,395,6240000,5397
6,3110,62200000,62200100,158,395,62220000,53885
6,3111,62220000,62220100,158,395,62240000,53903
6,3112,62240000,62240100,158,395,62260000,53921
6,3113,62260000,62260100,158,395,62280000,53937
6,3114,62280000,62280100,158,395,62300000,53954
6,3115,62300000,62300100,158,395,62320000,53973
6,3116,62320000,62320100,158,395,62340000,53990
6,3117,62340000,62340100,158,395,62360000,54007
6,3118,62360000,62360100,158,395,62380000,54026
6,3119,62380000,62380100,158,395,62400000,54039
6,312,6240000,6240100,158,395,6260000,5416
6,3120,62400000,62400100,158,395,62420000,54060
6,3121,62420000,62420100,158,395,62440000,54076
6,3122,62440000,62440100,158,395,62460000,54093
6,3123,62460000,62460100,158,395,62480000,54111
6,3124,62480000,62480100,158,395,62500000,54129
6,3125,62500000,62500100,158,395,62520000,54145
6,3126,62520000,62520100,158,395,62540000,54163
6,3127,62540000,62540100,158,395,62560000,54181
6,3128,62560000,62560100,158,395,62580000,54196
6,3129,62580000,62580100,158,395,62600000,54215
6,313,6260000,6260100,158,395,6280000,5434
6,3130,62600000,62600100,158,395,62620000,54234
6,3131,62620000,62620100,158,395,62640000,54247
6,3132,62640000,62640100,158,395,62660000,54269
6,3133,62660000,62660100,158,395,62680000,54284
6,3134,62680000,62680100,158,395,62700000,54300
6,3135,62700000,62700100,158,395,62720000,54318
6,3136,62720000,62720100,158,395,62740000,54337
6,3137,62740000,62740100,158,395,62760000,54354
6,3138,62760000,62760100,158,395,62780000,54371
6,3139,62780000,62780100,158,395,62800000,54388
6,314,6280000,6280100,158,395,6300000,5448
6,3140,62800000,62800100,158,395,62820000,54405
6,3141,62820000,62820100,158,395,62840000,54423
6,3142,62840000,62840100,158,395,62860000,54440
6,3143,62860000,62860100,158,395,62880000,54456
6,3144,62880000,62880100,158,395,62900000,54476
6,3145,62900000,62900100,158,395,62920000,54492
6,3146,62920000,62920100,158,395,62940000,54509
6,3147,62940000,62940100,158,395,62960000,54526
6,3148,62960000,62960100,158,395,62980000,54546
6,3149,62980000,62980100,158,395,63000000,54559
6,315,6300000,6300100,158,395,6320000,5467
6,3150,63000000,63000100,158,395,63020000,54579
6,3151,63020000,63020100,158,395,63040000,54597
6,3152,63040000,63040100,158,395,63060000,54613
6,3153,63060000,63060100,158,395,63080000,54631
6,3154,63080000,63080100,158,395,63100000,54648
6,3155,63100000,63100100,158,395,63120000,54664
6,3156,63120000,63120100,158,395,63140000,54682
6,3157,63140000,63140100,158,395,63160000,54701
6,3158,63160000,63160100,158,395,63180000,54717
6,3159,63180000,63180100,158,395,63200000,54734
6,316,6320000,6320100,158,395,6340000,5487
6,3160,63200000,63200100,158,395,63220000,54754
6,3161,63220000,63220100,158,395,63240000,54767
6,3162,63240000,63240100,158,395,63260000,54788
6,3163,63260000,63260100,158,395,63280000,54803
6,3164,63280000,63280100,158,395,63300000,54820
6,3165,63300000,63300100,158,395,63320000,54840
6,3166,63320000,63320100,158,395,63340000,54856
6,3167,63340000,63340100,158,395,63360000,54872
6,3168,63360000,63360100,158,395,63380000,54891
6,3169,63380000,63380100,158,395,63400000,54908
6,317,6340000,6340100,158,395,6360000,5501
6,3170,63400000,63400100,158,395,63420000,54924
6,3171,63420000,63420100,158,395,63440000,54942
6,3172,63440000,63440100,158,395,63460000,54962
6,3173,63460000,63460100,158,395,63480000,54976
6,3174,63480000,63480100,158,395,63500000,54995
6,3175,63500000,63500100,158,395,63520000,55011
6,3176,63520000,63520100,158,395,63540000,55029
6,3177,63540000,63540100,158,395,63560000,55046
6,3178,63560000,63560100,158,395,63580000,55064
6,3179,63580000,63580100,158,395,63600000,55080
6,318,6360000,6360100,158,395,6380000,5520
6,3180,63600000,63600100,158,395,63620000,55099
6,3181,63620000,63620100,158,395,63640000,55117
6,3182,63640000,63640100,158,395,63660000,55132
6,3183,63660000,63660100,158,395,63680000,55150
6,3184,63680000,63680100,158,395,63700000,55168
6,3185,63700000,63700100,158,395,63720000,55184
6,3186,63720000,63720100,158,395,63740000,55203
6,3187,63740000,63740100,158,395,63760000,55220
6,3188,63760000,63760100,158,395,63780000,55237
6,3189,63780000,63780100,158,395,63800000,55253
6,319,6380000,6380100,158,395,6400000,5536
6,3190,63800000,63800100,158,395,63820000,55273
6,3191,63820000,63820100,158,395,63840000,55286
6,3192,63840000,63840100,158,395,63860000,55308
6,3193,63860000,63860100,158,395,63880000,55325
6,3194,63880000,63880100,158,395,63900000,55339
6,3195,63900000,63900100,158,395,63920000,55359
6,3196,63920000,63920100,158,395,63940000,55376
6,3197,63940000,63940100,158,395,63960000,55392
6,3198,63960000,63960100,158,395,63980000,55410
6,3199,63980000,63980100,158,395,64000000,55427
6,32,640000,640100,158,395,660000,564
6,320,6400000,6400100,158,395,6420000,5554
6,3200,64000000,64000100,158,395,64020000,55445
6,3201,64020000,64020100,158,395,64040000,55462
6,3202,64040000,64040100,158,395,64060000,55481
6,3203,64060000,64060100,158,395,64080000,55495
6,3204,64080000,64080100,158,395,64100000,55515
6,3205,64100000,64100100,158,395,64120000,55531
6,3206,64120000,64120100,158,395,64140000,55548
6,3207,64140000,64140100,158,395,64160000,55567
6,3208,64160000,64160100,158,395,64180000,55584
6,3209,64180000,64180100,158,395,64200000,55600
6,321,6420000,6420100,158,395,6440000,5571
6,3210,64200000,64200100,158,395,64220000,55618
6,3211,64220000,64220100,158,395,64240000,55635
6,3212,64240000,64240100,158,395,64260000,55652
6,3213,64260000,64260100,158,395,64280000,55670
6,3214,64280000,64280100,158,395,64300000,55689
6,3215,64300000,64300100,158,395,64320000,55703
6,3216,64320000,64320100,158,395,64340000,55723
6,3217,64340000,64340100,158,395,64360000,55740
6,3218,64360000,64360100,158,395,64380000,55756
6,3219,64380000,64380100,158,395,64400000,55772
6,322,6440000,6440100,158,395,6460000,5590
6,3220,64400000,64400100,158,395,64420000,55793
6,3221,64420000,64420100,158,395,64440000,55808
6,3222,64440000,64440100,158,395,64460000,55826
6,3223,64460000,64460100,158,395,64480000,55844
6,3224,64480000,64480100,158,395,64500000,55859
6,3225,64500000,64500100,158,395,64520000,55879
6,3226,64520000,64520100,158,395,64540000,55895
6,3227,64540000,64540100,158,395,64560000,55911
6,3228,64560000,64560100,158,395,64580000,55932
6,3229,64580000,64580100,158,395,64600000,55947
6,323,6460000,6460100,158,395,6480000,5605
6,3230,64600000,64600100,158,395,64620000,55964
6,3231,64620000,64620100,158,395,64640000,55981
6,3232,64640000,64640100,158,395,64660000,56001
6,3233,64660000,64660100,158,395,64680000,56014
6,3234,64680000,64680100,158,395,64700000,56034
6,3235,64700000,64700100,158,395,64720000,56052
6,3236,64720000,64720100,158,395,64740000,56068
6,3237,64740000,64740100,158,395,64760000,56087
6,3238,64760000,64760100,158,395,64780000,56103
6,3239,64780000,64780100,158,395,64800000,56119
6,324,6480000,6480100,158,395,6500000,5624
6,3240,64800000,64800100,158,395,64820000,56138
6,3241,64820000,64820100,158,395,64840000,56155
6,3242,64840000,64840100,158,395,64860000,56173
6,3243,64860000,64860100,158,395,64880000,56189
6,3244,64880000,64880100,158,395,64900000,56208
6,3245,64900000,64900100,158,395,64920000,56223
6,3246,64920000,64920100,158,395,64940000,56242
6,3247,64940000,64940100,158,395,64960000,56259
6,3248,64960000,64960100,158,395,64980000,56276
6,3249,64980000,64980100,158,395,65000000,56294
6,325,6500000,6500100,158,395,6520000,5642
6,3250,65000000,65000100,158,395,65020000,56312
6,3251,65020000,65020100,158,395,65040000,56327
6,3252,65040000,65040100,158,395,65060000,56346
6,3253,65060000,65060100,158,395,65080000,56364
6,3254,65080000,65080100,158,395,65100000,56378
6,3255,65100000,65100100,158,395,65120000,56397
6,3256,65120000,65120100,158,395,65140000,56417
6,3257,65140000,65140100,158,395,65160000,56431
6,3258,65160000,65160100,158,395,65180000,56451
6,3259,65180000,65180100,158,395,65200000,56466
6,326,6520000,6520100,158,395,6540000,5656
6,3260,65200000,65200100,158,395,65220000,56484
6,3261,65220000,65220100,158,395,65240000,56501
6,3262,65240000,65240100,158,395,65260000,56520
6,3263,65260000,65260100,158,395,65280000,56535
6,3264,65280000,65280100,158,395,65300000,56554
6,3265,65300000,65300100,158,395,65320000,56572
6,3266,65320000,65320100,158,395,65340000,56586
6,3267,65340000,65340100,158,395,65360000,56606
6,3268,65360000,65360100,158,395,65380000,56623
6,3269,65380000,65380100,158,395,65400000,56639
6,327,6540000,6540100,158,395,6560000,5676
6,3270,65400000,65400100,158,395,65420000,56659
6,3271,65420000,65420100,158,395,65440000,56674
6,3272,65440000,65440100,158,395,65460000,56693
6,3273,65460000,65460100,158,395,65480000,56709
6,3274,65480000,65480100,158,395,65500000,56727
6,3275,65500000,65500100,158,395,65520000,56742
6,3276,65520000,65520100,158,395,65540000,56762
6,3277,65540000,65540100,158,395,65560000,56780
6,3278,65560000,65560100,158,395,65580000,56795
6,3279,65580000,65580100,158,395,65600000,56813
6,328,6560000,6560100,158,395,6580000,5693
6,3280,65600000,65600100,158,395,65620000,56832
6,3281,65620000,65620100,158,395,65640000,56847
6,3282,65640000,65640100,158,395,65660000,56865
6,3283,65660000,65660100,158,395,65680000,56883
6,3284,65680000,65680100,158,395,65700000,56900
6,3285,65700000,65700100,158,395,65720000,56917
6,3286,65720000,65720100,158,395,65740000,56936
6,3287,65740000,65740100,158,395,65760000,56950
6,3288,65760000,65760100,158,395,65780000,56970
6,3289,65780000,65780100,158,395,65800000,56986
6,329,6580000,6580100,158,395,6600000,5708
6,3290,65800000,65800100,158,395,65820000,57003
6,3291,65820000,65820100,158,395,65840000,57022
6,3292,65840000,65840100,158,395,65860000,57040
6,3293,65860000,65860100,158,395,65880000,57055
6,3294,65880000,65880100,158,395,65900000,57073
6,3295,65900000,65900100,158,395,65920000,57091
6,3296,65920000,65920100,158,395,65940000,57106
6,3297,65940000,65940100,158,395,65960000,57126
6,3298,65960000,65960100,158,395,65980000,57144
6,3299,65980000,65980100,158,395,66000000,57157
6,33,660000,660100,158,395,680000,583
6,330,6600000,6600100,158,395,6620000,5729
6,3300,66000000,66000100,158,395,66020000,57179
6,3301,66020000,66020100,158,395,66040000,57194
6,3302,66040000,66040100,158,395,66060000,57212
6,3303,66060000,66060100,158,395,66080000,57228
6,3304,66080000,66080100,158,395,66100000,57247
6,3305,66100000,66100100,158,395,66120000,57264
6,3306,66120000,66120100,158,395,66140000,57281
6,3307,66140000,66140100,158,395,66160000,57299
6,3308,66160000,66160100,158,395,66180000,57315
6,3309,66180000,66180100,158,395,66200000,57333
6,331,6620000,6620100,158,395,6640000,5744
6,3310,66200000,66200100,158,395,66220000,57350
6,3311,66220000,66220100,158,395,66240000,57366
6,3312,66240000,66240100,158,395,66260000,57387
6,3313,66260000,66260100,158,395,66280000,57403
6,3314,66280000,66280100,158,395,66300000,57419
6,3315,66300000,66300100,158,395,66320000,57436
6,3316,66320000,66320100,158,395,66340000,57456
6,3317,66340000,66340100,158,395,66360000,57470
6,3318,66360000,66360100,158,395,66380000,57489
6,3319,66380000,66380100,158,395,66400000,57507
6,332,6640000,6640100,158,395,6660000,5763
6,3320,66400000,66400100,158,395,66420000,57523
6,3321,66420000,66420100,158,395,66440000,57541
6,3322,66440000,66440100,158,395,66460000,57559
6,3323,66460000,66460100,158,395,66480000,57574
6,3324,66480000,66480100,158,395,66500000,57593
6,3325,66500000,66500100,158,395,66520000,57611
6,3326,66520000,66520100,158,395,66540000,57627
6,3327,66540000,66540100,158,395,66560000,57645
6,3328,66560000,66560100,158,395,66580000,57664
6,3329,66580000,66580100,158,395,66600000,57677
6,333,6660000,6660100,158,395,6680000,5779
6,3330,66600000,66600100,158,395,66620000,57698
6,3331,66620000,66620100,158,395,66640000,57713
6,3332,66640000,66640100,158,395,66660000,57731
6,3333,66660000,66660100,158,395,66680000,57750
6,3334,66680000,66680100,158,395,66700000,57766
6,3335,66700000,66700100,158,395,66720000,57783
6,3336,66720000,66720100,158,395,66740000,57801
6,3337,66740000,66740100,158,395,66760000,57819
6,3338,66760000,66760100,158,395,66780000,57834
6,3339,66780000,66780100,158,395,66800000,57852
6,334,6680000,6680100,158,395,6700000,5797
6,3340,66800000,66800100,158,395,66820000,57872
6,3341,66820000,66820100,158,395,66840000,57886
6,3342,66840000,66840100,158,395,66860000,57906
6,3343,66860000,66860100,158,395,66880000,57921
6,3344,66880000,66880100,158,395,66900000,57939
6,3345,66900000,66900100,158,395,66920000,57956
6,3346,66920000,66920100,158,395,66940000,57975
6,3347,66940000,66940100,158,395,66960000,57991
6,3348,66960000,66960100,158,395,66980000,58009
6,3349,66980000,66980100,158,395,67000000,58027
6,335,6700000,6700100,158,395,6720000,5812
6,3350,67000000,67000100,158,395,67020000,58042
6,3351,67020000,67020100,158,395,67040000,58060
6,3352,67040000,67040100,158,395,67060000,58079
6,3353,67060000,67060100,158,395,67080000,58094
6,3354,67080000,67080100,158,395,67100000,58113
6,3355,67100000,67100100,158,395,67120000,58130
6,3356,67120000,67120100,158,395,67140000,58147
6,3357,67140000,67140100,158,395,67160000,58165
6,3358,67160000,67160100,158,395,67180000,58183
6,3359,67180000,67180100,158,395,67200000,58196
6,336,6720000,6720100,158,395,6740000,5832
6,3360,67200000,67200100,158,395,67220000,58218
6,3361,67220000,67220100,158,395,67240000,58235
6,3362,67240000,67240100,158,395,67260000,58250
6,3363,67260000,67260100,158,395,67280000,58269
6,3364,67280000,67280100,158,395,67300000,58286
6,3365,67300000,67300100,158,395,67320000,58302
6,3366,67320000,67320100,158,395,67340000,58320
6,3367,67340000,67340100,158,395,67360000,58338
6,3368,67360000,67360100,158,395,67380000,58356
6,3369,67380000,67380100,158,395,67400000,58372
6,337,6740000,6740100,158,395,6760000,5850
6,3370,67400000,67400100,158,395,67420000,58391
6,3371,67420000,67420100,158,395,67440000,58405
6,3372,67440000,67440100,158,395,67460000,58426
6,3373,67460000,67460100,158,395,67480000,58441
6,3374,67480000,67480100,158,395,67500000,58458
6,3375,67500000,67500100,158,395,67520000,58477
6,3376,67520000,67520100,158,395,67540000,58494
6,3377,67540000,67540100,158,395,67560000,58511
6,3378,67560000,67560100,158,395,67580000,58528
6,3379,67580000,67580100,158,395,67600000,58546
6,338,6760000,6760100,158,395,6780000,5865
6,3380,67600000,67600100,158,395,67620000,58562
6,3381,67620000,67620100,158,395,67640000,58580
6,3382,67640000,67640100,158,395,67660000,58600
6,3383,67660000,67660100,158,395,67680000,58613
6,3384,67680000,67680100,158,395,67700000,58633
6,3385,67700000,67700100,158,395,67720000,58650
6,3386,67720000,67720100,158,395,67740000,58666
6,3387,67740000,67740100,158,395,67760000,58683
6,3388,67760000,67760100,158,395,67780000,58703
6,3389,67780000,67780100,158,395,67800000,58718
6,339,6780000,6780100,158,395,6800000,5883
6,3390,67800000,67800100,158,395,67820000,58737
6,3391,67820000,67820100,158,395,67840000,58754
6,3392,67840000,67840100,158,395,67860000,58770
6,3393,67860000,67860100,158,395,67880000,58789
6,3394,67880000,67880100,158,395,67900000,58805
6,3395,67900000,67900100,158,395,67920000,58821
6,3396,67920000,67920100,158,395,67940000,58842
6,3397,67940000,67940100,158,395,67960000,58858
6,3398,67960000,67960100,158,395,67980000,58874
6,3399,67980000,67980100,158,395,68000000,58891
6,34,680000,680100,158,395,700000,599
6,340,6800000,6800100,158,395,6820000,5901
6,3400,68000000,68000100,158,395,68020000,58911
6,3401,68020000,68020100,158,395,68040000,58925
6,3402,68040000,68040100,158,395,68060000,58945
6,3403,68060000,68060100,158,395,68080000,58962
6,3404,68080000,68080100,158,395,68100000,58978
6,3405,68100000,68100100,158,395,68120000,58997
6,3406,68120000,68120100,158,395,68140000,59013
6,3407,68140000,68140100,158,395,68160000,59030
6,3408,68160000,68160100,158,395,68180000,59048
6,3409,68180000,68180100,158,395,68200000,59065
6,341,6820000,6820100,158,395,6840000,5917
6,3410,68200000,68200100,158,395,68220000,59083
6,3411,68220000,68220100,158,395,68240000,59099
6,3412,68240000,68240100,158,395,68260000,59120
6,3413,68260000,68260100,158,395,68280000,59133
6,3414,68280000,68280100,158,395,68300000,59152
6,3415,68300000,68300100,158,395,68320000,59169
6,3416,68320000,68320100,158,395,68340000,59186
6,3417,68340000,68340100,158,395,68360000,59205
6,3418,68360000,68360100,158,395,68380000,59222
6,3419,68380000,68380100,158,395,68400000,59237
6,342,6840000,6840100,158,395,6860000,5935
6,3420,68400000,68400100,158,395,68420000,59256
6,3421,68420000,68420100,158,395,68440000,59274
6,3422,68440000,68440100,158,395,68460000,59289
6,3423,68460000,68460100,158,395,68480000,59308
6,3424,68480000,68480100,158,395,68500000,59327
6,3425,68500000,68500100,158,395,68520000,59341
6,3426,68520000,68520100,158,395,68540000,59361
6,3427,68540000,68540100,158,395,68560000,59377
6,3428,68560000,68560100,158,395,68580000,59394
6,3429,68580000,68580100,158,395,68600000,59411
6,343,6860000,6860100,158,395,6880000,5953
6,3430,68600000,68600100,158,395,68620000,59430
6,3431,68620000,68620100,158,395,68640000,59445
6,3432,68640000,68640100,158,395,68660000,59465
6,3433,68660000,68660100,158,395,68680000,59482
6,3434,68680000,68680100,158,395,68700000,59497
6,3435,68700000,68700100,158,395,68720000,59516
6,3436,68720000,68720100,158,395,68740000,59533
6,3437,68740000,68740100,158,395,68760000,59550
6,3438,68760000,68760100,158,395,68780000,59569
6,3439,68780000,68780100,158,395,68800000,59584
6,344,6880000,6880100,158,395,6900000,5970
6,3440,68800000,68800100,158,395,68820000,59603
6,3441,68820000,68820100,158,395,68840000,59619
6,3442,68840000,68840100,158,395,68860000,59638
6,3443,68860000,68860100,158,395,68880000,59652
6,3444,68880000,68880100,158,395,68900000,59672
6,3445,68900000,68900100,158,395,68920000,59691
6,3446,68920000,68920100,158,395,68940000,59705
6,3447,68940000,68940100,158,395,68960000,59724
6,3448,68960000,68960100,158,395,68980000,59742
6,3449,68980000,68980100,158,395,69000000,59757
6,345,6900000,6900100,158,395,6920000,5987
6,3450,69000000,69000100,158,395,69020000,59775
6,3451,69020000,69020100,158,395,69040000,59793
6,3452,69040000,69040100,158,395,69060000,59811
6,3453,69060000,69060100,158,395,69080000,59827
6,3454,69080000,69080100,158,395,69100000,59846
6,3455,69100000,69100100,158,395,69120000,59860
6,3456,69120000,69120100,158,395,69140000,59881
6,3457,69140000,69140100,158,395,69160000,59897
6,3458,69160000,69160100,158,395,69180000,59913
6,3459,69180000,69180100,158,395,69200000,59932
6,346,6920000,6920100,158,395,6940000,6006
6,3460,69200000,69200100,158,395,69220000,59950
6,3461,69220000,69220100,158,395,69240000,59965
6,3462,69240000,69240100,158,395,69260000,59984
6,3463,69260000,69260100,158,395,69280000,60001
6,3464,69280000,69280100,158,395,69300000,60016
6,3465,69300000,69300100,158,395,69320000,60036
6,3466,69320000,69320100,158,395,69340000,60054
6,3467,69340000,69340100,158,395,69360000,60069
6,3468,69360000,69360100,158,395,69380000,60089
6,3469,69380000,69380100,158,395,69400000,60104
6,347,6940000,6940100,158,395,6960000,6020
6,3470,69400000,69400100,158,395,69420000,60122
6,3471,69420000,69420100,158,395,69440000,60138
6,3472,69440000,69440100,158,395,69460000,60158
6,3473,69460000,69460100,158,395,69480000,60174
6,3474,69480000,69480100,158,395,69500000,60191
6,3475,69500000,69500100,158,395,69520000,60209
6,3476,69520000,69520100,158,395,69540000,60225
6,3477,69540000,69540100,158,395,69560000,60244
6,3478,69560000,69560100,158,395,69580000,60261
6,3479,69580000,69580100,158,395,69600000,60276
6,348,6960000,6960100,158,395,6980000,6040
6,3480,69600000,69600100,158,395,69620000,60297
6,3481,69620000,69620100,158,395,69640000,60313
6,3482,69640000,69640100,158,395,69660000,60330
6,3483,69660000,69660100,158,395,69680000,60346
6,3484,69680000,69680100,158,395,69700000,60366
6,3485,69700000,69700100,158,395,69720000,60380
6,3486,69720000,69720100,158,395,69740000,60399
6,3487,69740000,69740100,158,395,69760000,60418
6,3488,69760000,69760100,158,395,69780000,60433
6,3489,69780000,69780100,158,395,69800000,60452
6,349,6980000,6980100,158,395,7000000,6056
6,3490,69800000,69800100,158,395,69820000,60469
6,3491,69820000,69820100,158,395,69840000,60484
6,3492,69840000,69840100,158,395,69860000,60504
6,3493,69860000,69860100,158,395,69880000,60521
6,3494,69880000,69880100,158,395,69900000,60537
6,3495,69900000,69900100,158,395,69920000,60555
6,3496,69920000,69920100,158,395,69940000,60574
6,3497,69940000,69940100,158,395,69960000,60588
6,3498,69960000,69960100,158,395,69980000,60608
6,3499,69980000,69980100,158,395,70000000,60623
6,35,700000,700100,158,395,720000,616
6,350,7000000,7000100,158,395,7020000,6073
6,3500,70000000,70000100,158,395,70020000,60642
6,3501,70020000,70020100,158,395,70040000,60660
6,3502,70040000,70040100,158,395,70060000,60677
6,3503,70060000,70060100,158,395,70080000,60693
6,3504,70080000,70080100,158,395,70100000,60711
6,3505,70100000,70100100,158,395,70120000,60729
6,3506,70120000,70120100,158,395,70140000,60744
6,3507,70140000,70140100,158,395,70160000,60763
6,3508,70160000,70160100,158,395,70180000,60782
6,3509,70180000,70180100,158,395,70200000,60796
6,351,7020000,7020100,158,395,7040000,6091
6,3510,70200000,70200100,158,395,70220000,60816
6,3511,70220000,70220100,158,395,70240000,60832
6,3512,70240000,70240100,158,395,70260000,60850
6,3513,70260000,70260100,158,395,70280000,60866
6,3514,70280000,70280100,158,395,70300000,60885
6,3515,70300000,70300100,158,395,70320000,60901
6,3516,70320000,70320100,158,395,70340000,60919
6,3517,70340000,70340100,158,395,70360000,60938
6,3518,70360000,70360100,158,395,70380000,60952
6,3519,70380000,70380100,158,395,70400000,60970
6,352,7040000,7040100,158,395,7060000,6110
6,3520,70400000,70400100,158,395,70420000,60989
6,3521,70420000,70420100,158,395,70440000,61004
6,3522,70440000,70440100,158,395,70460000,61025
6,3523,70460000,70460100,158,395,70480000,61040
6,3524,70480000,70480100,158,395,70500000,61057
6,3525,70500000,70500100,158,395,70520000,61075
6,3526,70520000,70520100,158,395,70540000,61093
6,3527,70540000,70540100,158,395,70560000,61107
6,3528,70560000,70560100,158,395,70580000,61128
6,3529,70580000,70580100,158,395,70600000,61145
6,353,7060000,7060100,158,395,7080000,6125
6,3530,70600000,70600100,158,395,70620000,61160
6,3531,70620000,70620100,158,395,70640000,61179
6,3532,70640000,70640100,158,395,70660000,61197
6,3533,70660000,70660100,158,395,70680000,61213
6,3534,70680000,70680100,158,395,70700000,61230
6,3535,70700000,70700100,158,395,70720000,61248
6,3536,70720000,70720100,158,395,70740000,61266
6,3537,70740000,70740100,158,395,70760000,61283
6,3538,70760000,70760100,158,395,70780000,61301
6,3539,70780000,70780100,158,395,70800000,61315
6,354,7080000,7080100,158,395,7100000,6143
6,3540,70800000,70800100,158,395,70820000,61336
6,3541,70820000,70820100,158,395,70840000,61351
6,3542,70840000,70840100,158,395,70860000,61369
6,3543,70860000,70860100,158,395,70880000,61387
6,3544,70880000,70880100,158,395,70900000,61405
6,3545,70900000,70900100,158,395,70920000,61421
6,3546,70920000,70920100,158,395,70940000,61438
6,3547,70940000,70940100,158,395,70960000,61457
6,3548,70960000,70960100,158,395,70980000,61472
6,3549,70980000,70980100,158,395,71000000,61490
6,355,7100000,7100100,158,395,7120000,6161
6,3550,71000000,71000100,158,395,71020000,61510
6,3551,71020000,71020100,158,395,71040000,61523
6,3552,71040000,71040100,158,395,71060000,61544
6,3553,71060000,71060100,158,395,71080000,61560
6,3554,71080000,71080100,158,395,71100000,61576
6,3555,71100000,71100100,158,395,71120000,61594
6,3556,71120000,71120100,158,395,71140000,61613
6,3557,71140000,71140100,158,395,71160000,61629
6,3558,71160000,71160100,158,395,71180000,61647
6,3559,71180000,71180100,158,395,71200000,61664
6,356,7120000,7120100,158,395,7140000,6176
6,3560,71200000,71200100,158,395,71220000,61680
6,3561,71220000,71220100,158,395,71240000,61699
6,3562,71240000,71240100,158,395,71260000,61716
6,3563,71260000,71260100,158,395,71280000,61731
6,3564,71280000,71280100,158,395,71300000,61752
6,3565,71300000,71300100,158,395,71320000,61768
6,3566,71320000,71320100,158,395,71340000,61785
6,3567,71340000,71340100,158,395,71360000,61802
6,3568,71360000,71360100,158,395,71380000,61821
6,3569,71380000,71380100,158,395,71400000,61835
6,357,7140000,7140100,158,395,7160000,6196
6,3570,71400000,71400100,158,395,71420000,61855
6,3571,71420000,71420100,158,395,71440000,61872
6,3572,71440000,71440100,158,395,71460000,61889
6,3573,71460000,71460100,158,395,71480000,61907
6,3574,71480000,71480100,158,395,71500000,61923
6,3575,71500000,71500100,158,395,71520000,61940
6,3576,71520000,71520100,158,395,71540000,61958
6,3577,71540000,71540100,158,395,71560000,61977
6,3578,71560000,71560100,158,395,71580000,61993
6,3579,71580000,71580100,158,395,71600000,62009
6,358,7160000,7160100,158,395,7180000,6214
6,3580,71600000,71600100,158,395,71620000,62030
6,3581,71620000,71620100,158,395,71640000,62043
6,3582,71640000,71640100,158,395,71660000,62063
6,3583,71660000,71660100,158,395,71680000,62079
6,3584,71680000,71680100,158,395,71700000,62096
6,3585,71700000,71700100,158,395,71720000,62115
6,3586,71720000,71720100,158,395,71740000,62132
6,3587,71740000,71740100,158,395,71760000,62148
6,3588,71760000,71760100,158,395,71780000,62167
6,3589,71780000,71780100,158,395,71800000,62184
6,359,7180000,7180100,158,395,7200000,6227
6,3590,71800000,71800100,158,395,71820000,62199
6,3591,71820000,71820100,158,395,71840000,62218
6,3592,71840000,71840100,158,395,71860000,62238
6,3593,71860000,71860100,158,395,71880000,62251
6,3594,71880000,71880100,158,395,71900000,62271
6,3595,71900000,71900100,158,395,71920000,62287
6,3596,71920000,71920100,158,395,71940000,62304
6,3597,71940000,71940100,158,395,71960000,62322
6,3598,71960000,71960100,158,395,71980000,62340
6,3599,71980000,71980100,158,395,72000000,62356
6,36,720000,720100,158,395,740000,636
6,360,7200000,7200100,158,395,7220000,6249
6,3600,72000000,72000100,158,395,72020000,62375
6,3601,72020000,72020100,158,395,72040000,62392
6,3602,72040000,72040100,158,395,72060000,62408
6,3603,72060000,72060100,158,395,72080000,62426
6,3604,72080000,72080100,158,395,72100000,62443
6,3605,72100000,72100100,158,395,72120000,62460
6,3606,72120000,72120100,158,395,72140000,62479
6,3607,72140000,72140100,158,395,72160000,62495
6,3608,72160000,72160100,158,395,72180000,62513
6,3609,72180000,72180100,158,395,72200000,62529
6,361,7220000,7220100,158,395,7240000,6264
6,3610,72200000,72200100,158,395,72220000,62549
6,3611,72220000,72220100,158,395,72240000,62562
6,3612,72240000,72240100,158,395,72260000,62583
6,3613,72260000,72260100,158,395,72280000,62601
6,3614,72280000,72280100,158,395,72300000,62615
6,3615,72300000,72300100,158,395,72320000,62634
6,3616,72320000,72320100,158,395,72340000,62652
6,3617,72340000,72340100,158,395,72360000,62668
6,3618,72360000,72360100,158,395,72380000,62685
6,3619,72380000,72380100,158,395,72400000,62703
6,362,7240000,7240100,158,395,7260000,6281
6,3620,72400000,72400100,158,395,72420000,62721
6,3621,72420000,72420100,158,395,72440000,62738
6,3622,72440000,72440100,158,395,72460000,62757
6,3623,72460000,72460100,158,395,72480000,62770
6,3624,72480000,72480100,158,395,72500000,62791
6,3625,72500000,72500100,158,395,72520000,62807
6,3626,72520000,72520100,158,395,72540000,62823
6,3627,72540000,72540100,158,395,72560000,62843
6,3628,72560000,72560100,158,395,72580000,62860
6,3629,72580000,72580100,158,395,72600000,62875
6,363,7260000,7260100,158,395,7280000,6298
6,3630,72600000,72600100,158,395,72620000,62894
6,3631,72620000,72620100,158,395,72640000,62911
6,3632,72640000,72640100,158,395,72660000,62928
6,3633,72660000,72660100,158,395,72680000,62946
6,3634,72680000,72680100,158,395,72700000,62964
6,3635,72700000,72700100,158,395,72720000,62979
6,3636,72720000,72720100,158,395,72740000,62999
6,3637,72740000,72740100,158,395,72760000,63015
6,3638,72760000,72760100,158,395,72780000,63032
6,3639,72780000,72780100,158,395,72800000,63048
6,364,7280000,7280100,158,395,7300000,6317
6,3640,72800000,72800100,158,395,72820000,63068
6,3641,72820000,72820100,158,395,72840000,63084
6,3642,72840000,72840100,158,395,72860000,63102
6,3643,72860000,72860100,158,395,72880000,63120
6,3644,72880000,72880100,158,395,72900000,63135
6,3645,72900000,72900100,158,395,72920000,63154
6,3646,72920000,72920100,158,395,72940000,63171
6,3647,72940000,72940100,158,395,72960000,63187
6,3648,72960000,72960100,158,395,72980000,63207
6,3649,72980000,72980100,158,395,73000000,63223
6,365,7300000,7300100,158,395,7320000,6334
6,3650,73000000,73000100,158,395,73020000,63240
6,3651,73020000,73020100,158,395,73040000,63256
6,3652,73040000,73040100,158,395,73060000,63277
6,3653,73060000,73060100,158,395,73080000,63290
6,3654,73080000,73080100,158,395,73100000,63310
6,3655,73100000,73100100,158,395,73120000,63328
6,3656,73120000,73120100,158,395,73140000,63343
6,3657,73140000,73140100,158,395,73160000,63363
6,3658,73160000,73160100,158,395,73180000,63379
6,3659,73180000,73180100,158,395,73200000,63394
6,366,7320000,7320100,158,395,7340000,6351
6,3660,73200000,73200100,158,395,73220000,63414
6,3661,73220000,73220100,158,395,73240000,63431
6,3662,73240000,73240100,158,395,73260000,63448
6,3663,73260000,73260100,158,395,73280000,63465
6,3664,73280000,73280100,158,395,73300000,63484
6,3665,73300000,73300100,158,395,73320000,63499
6,3666,73320000,73320100,158,395,73340000,63518
6,3667,73340000,73340100,158,395,73360000,63534
6,3668,73360000,73360100,158,395,73380000,63552
6,3669,73380000,73380100,158,395,73400000,63570
6,367,7340000,7340100,158,395,7360000,6369
6,3670,73400000,73400100,158,395,73420000,63587
6,3671,73420000,73420100,158,395,73440000,63603
6,3672,73440000,73440100,158,395,73460000,63622
6,3673,73460000,73460100,158,395,73480000,63639
6,3674,73480000,73480100,158,395,73500000,63654
6,3675,73500000,73500100,158,395,73520000,63673
6,3676,73520000,73520100,158,395,73540000,63693
6,3677,73540000,73540100,158,395,73560000,63707
6,3678,73560000,73560100,158,395,73580000,63726
6,3679,73580000,73580100,158,395,73600000,63742
6,368,7360000,7360100,158,395,7380000,6385
6,3680,73600000,73600100,158,395,73620000,63760
6,3681,73620000,73620100,158,395,73640000,63776
6,3682,73640000,73640100,158,395,73660000,63796
6,3683,73660000,73660100,158,395,73680000,63811
6,3684,73680000,73680100,158,395,73700000,63829
6,3685,73700000,73700100,158,395,73720000,63848
6,3686,73720000,73720100,158,395,73740000,63862
6,3687,73740000,73740100,158,395,73760000,63882
6,3688,73760000,73760100,158,395,73780000,63899
6,3689,73780000,73780100,158,395,73800000,63914
6,369,7380000,7380100,158,395,7400000,6403
6,3690,73800000,73800100,158,395,73820000,63935
6,3691,73820000,73820100,158,395,73840000,63950
6,3692,73840000,73840100,158,395,73860000,63968
6,3693,73860000,73860100,158,395,73880000,63985
6,3694,73880000,73880100,158,395,73900000,64003
6,3695,73900000,73900100,158,395,73920000,64017
6,3696,73920000,73920100,158,395,73940000,64038
6,3697,73940000,73940100,158,395,73960000,64056
6,3698,73960000,73960100,158,395,73980000,64071
6,3699,73980000,73980100,158,395,74000000,64089
6,37,740000,740100,158,395,760000,652
6,370,7400000,7400100,158,395,7420000,6420
6,3700,74000000,74000100,158,395,74020000,64107
6,3701,74020000,74020100,158,395,74040000,64123
6,3702,74040000,74040100,158,395,74060000,64141
6,3703,74060000,74060100,158,395,74080000,64158
6,3704,74080000,74080100,158,395,74100000,64176
6,3705,74100000,74100100,158,395,74120000,64193
6,3706,74120000,74120100,158,395,74140000,64211
6,3707,74140000,74140100,158,395,74160000,64226
6,3708,74160000,74160100,158,395,74180000,64246
6,3709,74180000,74180100,158,395,74200000,64262
6,371,7420000,7420100,158,395,7440000,6436
6,3710,74200000,74200100,158,395,74220000,64279
6,3711,74220000,74220100,158,395,74240000,64297
6,3712,74240000,74240100,158,395,74260000,64316
6,3713,74260000,74260100,158,395,74280000,64331
6,3714,74280000,74280100,158,395,74300000,64348
6,3715,74300000,74300100,158,395,74320000,64367
6,3716,74320000,74320100,158,395,74340000,64382
6,3717,74340000,74340100,158,395,74360000,64401
6,3718,74360000,74360100,158,395,74380000,64420
6,3719,74380000,74380100,158,395,74400000,64433
6,372,7440000,7440100,158,395,7460000,6457
6,3720,74400000,74400100,158,395,74420000,64455
6,3721,74420000,74420100,158,395,74440000,64470
6,3722,74440000,74440100,158,395,74460000,64487
6,3723,74460000,74460100,158,395,74480000,64504
6,3724,74480000,74480100,158,395,74500000,64523
6,3725,74500000,74500100,158,395,74520000,64539
6,3726,74520000,74520100,158,395,74540000,64557
6,3727,74540000,74540100,158,395,74560000,64575
6,3728,74560000,74560100,158,395,74580000,64590
6,3729,74580000,74580100,158,395,74600000,64609
6,373,7460000,7460100,158,395,7480000,6472
6,3730,74600000,74600100,158,395,74620000,64626
6,3731,74620000,74620100,158,395,74640000,64642
6,3732,74640000,74640100,158,395,74660000,64663
6,3733,74660000,74660100,158,395,74680000,64678
6,3734,74680000,74680100,158,395,74700000,64695
6,3735,74700000,74700100,158,395,74720000,64712
6,3736,74720000,74720100,158,395,74740000,64731
6,3737,74740000,74740100,158,395,74760000,64746
6,3738,74760000,74760100,158,395,74780000,64765
6,3739,74780000,74780100,158,395,74800000,64782
6,374,7480000,7480100,158,395,7500000,6489
6,3740,74800000,74800100,158,395,74820000,64799
6,3741,74820000,74820100,158,395,74840000,64817
6,3742,74840000,74840100,158,395,74860000,64835
6,3743,74860000,74860100,158,395,74880000,64850
6,3744,74880000,74880100,158,395,74900000,64868
6,3745,74900000,74900100,158,395,74920000,64887
6,3746,74920000,74920100,158,395,74940000,64903
6,3747,74940000,74940100,158,395,74960000,64920
6,3748,74960000,74960100,158,395,74980000,64940
6,3749,74980000,74980100,158,395,75000000,64953
6,375,7500000,7500100,158,395,7520000,6506
6,3750,75000000,75000100,158,395,75020000,64973
6,3751,75020000,75020100,158,395,75040000,64989
6,3752,75040000,75040100,158,395,75060000,65007
6,3753,75060000,75060100,158,395,75080000,65026
6,3754,75080000,75080100,158,395,75100000,65042
6,3755,75100000,75100100,158,395,75120000,65058
6,3756,75120000,75120100,158,395,75140000,65077
6,3757,75140000,75140100,158,395,75160000,65095
6,3758,75160000,75160100,158,395,75180000,65109
6,3759,75180000,75180100,158,395,75200000,65128
6,376,7520000,7520100,158,395,7540000,6526
6,3760,75200000,75200100,158,395,75220000,65148
6,3761,75220000,75220100,158,395,75240000,65161
6,3762,75240000,75240100,158,395,75260000,65182
6,3763,75260000,75260100,158,395,75280000,65197
6,3764,75280000,75280100,158,395,75300000,65215
6,3765,75300000,75300100,158,395,75320000,65232
6,3766,75320000,75320100,158,395,75340000,65250
6,3767,75340000,75340100,158,395,75360000,65267
6,3768,75360000,75360100,158,395,75380000,65285
6,3769,75380000,75380100,158,395,75400000,65302
6,377,7540000,7540100,158,395,7560000,6540
6,3770,75400000,75400100,158,395,75420000,65318
6,3771,75420000,75420100,158,395,75440000,65336
6,3772,75440000,75440100,158,395,75460000,65354
6,3773,75460000,75460100,158,395,75480000,65370
6,3774,75480000,75480100,158,395,75500000,65389
6,3775,75500000,75500100,158,395,75520000,65406
6,3776,75520000,75520100,158,395,75540000,65423
6,3777,75540000,75540100,158,395,75560000,65440
6,3778,75560000,75560100,158,395,75580000,65459
6,3779,75580000,75580100,158,395,75600000,65472
6,378,7560000,7560100,158,395,7580000,6559
6,3780,75600000,75600100,158,395,75620000,65493
6,3781,75620000,75620100,158,395,75640000,65511
6,3782,75640000,75640100,158,395,75660000,65526
6,3783,75660000,75660100,158,395,75680000,65544
6,3784,75680000,75680100,158,395,75700000,65562
6,3785,75700000,75700100,158,395,75720000,65578
6,3786,75720000,75720100,158,395,75740000,65596
6,3787,75740000,75740100,158,395,75760000,65614
6,3788,75760000,75760100,158,395,75780000,65631
6,3789,75780000,75780100,158,395,75800000,65648
6,379,7580000,7580100,158,395,7600000,6577
6,3790,75800000,75800100,158,395,75820000,65667
6,3791,75820000,75820100,158,395,75840000,65680
6,3792,75840000,75840100,158,395,75860000,65702
6,3793,75860000,75860100,158,395,75880000,65717
6,3794,75880000,75880100,158,395,75900000,65733
6,3795,75900000,75900100,158,395,75920000,65753
6,3796,75920000,75920100,158,395,75940000,65770
6,3797,75940000,75940100,158,395,75960000,65787
6,3798,75960000,75960100,158,395,75980000,65804
6,3799,75980000,75980100,158,395,76000000,65821
6,38,760000,760100,158,395,780000,669
6,380,7600000,7600100,158,395,7620000,6593
6,3800,76000000,76000100,158,395,76020000,65838
6,3801,76020000,76020100,158,395,76040000,65856
6,3802,76040000,76040100,158,395,76060000,65875
6,3803,76060000,76060100,158,395,76080000,65889
6,3804,76080000,76080100,158,395,76100000,65909
6,3805,76100000,76100100,158,395,76120000,65925
6,3806,76120000,76120100,158,395,76140000,65942
6,3807,76140000,76140100,158,395,76160000,65959
6,3808,76160000,76160100,158,395,76180000,65979
6,3809,76180000,76180100,158,395,76200000,65994
6,381,7620000,7620100,158,395,7640000,6611
6,3810,76200000,76200100,158,395,76220000,66012
6,3811,76220000,76220100,158,395,76240000,66030
6,3812,76240000,76240100,158,395,76260000,66046
6,3813,76260000,76260100,158,395,76280000,66064
6,3814,76280000,76280100,158,395,76300000,66081
6,3815,76300000,76300100,158,395,76320000,66097
6,3816,76320000,76320100,158,395,76340000,66117
6,3817,76340000,76340100,158,395,76360000,66134
6,3818,76360000,76360100,158,395,76380000,66150
6,3819,76380000,76380100,158,395,76400000,66167
6,382,7640000,7640100,158,395,7660000,6629
6,3820,76400000,76400100,158,395,76420000,66187
6,3821,76420000,76420100,158,395,76440000,66200
6,3822,76440000,76440100,158,395,76460000,66221
6,3823,76460000,76460100,158,395,76480000,66238
6,3824,76480000,76480100,158,395,76500000,66253
6,3825,76500000,76500100,158,395,76520000,66273
6,3826,76520000,76520100,158,395,76540000,66289
6,3827,76540000,76540100,158,395,76560000,66305
6,3828,76560000,76560100,158,395,76580000,66324
6,3829,76580000,76580100,158,395,76600000,66341
6,383,7660000,7660100,158,395,7680000,6644
6,3830,76600000,76600100,158,395,76620000,66359
6,3831,76620000,76620100,158,395,76640000,66375
6,3832,76640000,76640100,158,395,76660000,66395
6,3833,76660000,76660100,158,395,76680000,66409
6,3834,76680000,76680100,158,395,76700000,66428
6,3835,76700000,76700100,158,395,76720000,66444
6,3836,76720000,76720100,158,395,76740000,66462
6,3837,76740000,76740100,158,395,76760000,66481
6,3838,76760000,76760100,158,395,76780000,66497
6,3839,76780000,76780100,158,395,76800000,66513
6,384,7680000,7680100,158,395,7700000,6662
6,3840,76800000,76800100,158,395,76820000,66532
6,3841,76820000,76820100,158,395,76840000,66550
6,3842,76840000,76840100,158,395,76860000,66565
6,3843,76860000,76860100,158,395,76880000,66583
6,3844,76880000,76880100,158,395,76900000,66603
6,3845,76900000,76900100,158,395,76920000,66617
6,3846,76920000,76920100,158,395,76940000,66636
6,3847,76940000,76940100,158,395,76960000,66653
6,3848,76960000,76960100,158,395,76980000,66670
6,3849,76980000,76980100,158,395,77000000,66686
6,385,7700000,7700100,158,395,7720000,6681
6,3850,77000000,77000100,158,395,77020000,66706
6,3851,77020000,77020100,158,395,77040000,66721
6,3852,77040000,77040100,158,395,77060000,66741
6,3853,77060000,77060100,158,395,77080000,66758
6,3854,77080000,77080100,158,395,77100000,66772
6,3855,77100000,77100100,158,395,77120000,66792
6,3856,77120000,77120100,158,395,77140000,66809
6,3857,77140000,77140100,158,395,77160000,66825
6,3858,77160000,77160100,158,395,77180000,66845
6,3859,77180000,77180100,158,395,77200000,66860
6,386,7720000,7720100,158,395,7740000,6697
6,3860,77200000,77200100,158,395,77220000,66878
6,3861,77220000,77220100,158,395,77240000,66895
6,3862,77240000,77240100,158,395,77260000,66914
6,3863,77260000,77260100,158,395,77280000,66928
6,3864,77280000,77280100,158,395,77300000,66948
6,3865,77300000,77300100,158,395,77320000,66966
6,3866,77320000,77320100,158,395,77340000,66981
6,3867,77340000,77340100,158,395,77360000,67000
6,3868,77360000,77360100,158,395,77380000,67017
6,3869,77380000,77380100,158,395,77400000,67033
6,387,7740000,7740100,158,395,7760000,6715
6,3870,77400000,77400100,158,395,77420000,67051
6,3871,77420000,77420100,158,395,77440000,67068
6,3872,77440000,77440100,158,395,77460000,67087
6,3873,77460000,77460100,158,395,77480000,67103
6,3874,77480000,77480100,158,395,77500000,67122
6,3875,77500000,77500100,158,395,77520000,67136
6,3876,77520000,77520100,158,395,77540000,67156
6,3877,77540000,77540100,158,395,77560000,67173
6,3878,77560000,77560100,158,395,77580000,67189
6,3879,77580000,77580100,158,395,77600000,67207
6,388,7760000,7760100,158,395,7780000,6734
6,3880,77600000,77600100,158,395,77620000,67226
6,3881,77620000,77620100,158,395,77640000,67241
6,3882,77640000,77640100,158,395,77660000,67259
6,3883,77660000,77660100,158,395,77680000,67277
6,3884,77680000,77680100,158,395,77700000,67292
6,3885,77700000,77700100,158,395,77720000,67312
6,3886,77720000,77720100,158,395,77740000,67330
6,3887,77740000,77740100,158,395,77760000,67344
6,3888,77760000,77760100,158,395,77780000,67365
6,3889,77780000,77780100,158,395,77800000,67380
6,389,7780000,7780100,158,395,7800000,6747
6,3890,77800000,77800100,158,395,77820000,67397
6,3891,77820000,77820100,158,395,77840000,67414
6,3892,77840000,77840100,158,395,77860000,67434
6,3893,77860000,77860100,158,395,77880000,67449
6,3894,77880000,77880100,158,395,77900000,67467
6,3895,77900000,77900100,158,395,77920000,67485
6,3896,77920000,77920100,158,395,77940000,67501
6,3897,77940000,77940100,158,395,77960000,67520
6,3898,77960000,77960100,158,395,77980000,67536
6,3899,77980000,77980100,158,395,78000000,67552
6,39,780000,780100,158,395,800000,685
6,390,7800000,7800100,158,395,7820000,6768
6,3900,78000000,78000100,158,395,78020000,67573
6,3901,78020000,78020100,158,395,78040000,67588
6,3902,78040000,78040100,158,395,78060000,67606
6,3903,78060000,78060100,158,395,78080000,67622
6,3904,78080000,78080100,158,395,78100000,67641
6,3905,78100000,78100100,158,395,78120000,67656
6,3906,78120000,78120100,158,395,78140000,67675
6,3907,78140000,78140100,158,395,78160000,67694
6,3908,78160000,78160100,158,395,78180000,67709
6,3909,78180000,78180100,158,395,78200000,67727
6,391,7820000,7820100,158,395,7840000,6783
6,3910,78200000,78200100,158,395,78220000,67745
6,3911,78220000,78220100,158,395,78240000,67760
6,3912,78240000,78240100,158,395,78260000,67779
6,3913,78260000,78260100,158,395,78280000,67797
6,3914,78280000,78280100,158,395,78300000,67813
6,3915,78300000,78300100,158,395,78320000,67830
6,3916,78320000,78320100,158,395,78340000,67850
6,3917,78340000,78340100,158,395,78360000,67864
6,3918,78360000,78360100,158,395,78380000,67884
6,3919,78380000,78380100,158,395,78400000,67899
6,392,7840000,7840100,158,395,7860000,6801
6,3920,78400000,78400100,158,395,78420000,67917
6,3921,78420000,78420100,158,395,78440000,67936
6,3922,78440000,78440100,158,395,78460000,67953
6,3923,78460000,78460100,158,395,78480000,67968
6,3924,78480000,78480100,158,395,78500000,67987
6,3925,78500000,78500100,158,395,78520000,68005
6,3926,78520000,78520100,158,395,78540000,68019
6,3927,78540000,78540100,158,395,78560000,68039
6,3928,78560000,78560100,158,395,78580000,68058
6,3929,78580000,78580100,158,395,78600000,68072
6,393,7860000,7860100,158,395,7880000,6820
6,3930,78600000,78600100,158,395,78620000,68092
6,3931,78620000,78620100,158,395,78640000,68107
6,3932,78640000,78640100,158,395,78660000,68126
6,3933,78660000,78660100,158,395,78680000,68142
6,3934,78680000,78680100,158,395,78700000,68160
6,3935,78700000,78700100,158,395,78720000,68177
6,3936,78720000,78720100,158,395,78740000,68195
6,3937,78740000,78740100,158,395,78760000,68213
6,3938,78760000,78760100,158,395,78780000,68228
6,3939,78780000,78780100,158,395,78800000,68246
6,394,7880000,7880100,158,395,7900000,6836
6,3940,78800000,78800100,158,395,78820000,68265
6,3941,78820000,78820100,158,395,78840000,68280
6,3942,78840000,78840100,158,395,78860000,68300
6,3943,78860000,78860100,158,395,78880000,68316
6,3944,78880000,78880100,158,395,78900000,68333
6,3945,78900000,78900100,158,395,78920000,68350
6,3946,78920000,78920100,158,395,78940000,68369
6,3947,78940000,78940100,158,395,78960000,68383
6,3948,78960000,78960100,158,395,78980000,68403
6,3949,78980000,78980100,158,395,79000000,68421
6,395,7900000,7900100,158,395,7920000,6852
6,3950,79000000,79000100,158,395,79020000,68436
6,3951,79020000,79020100,158,395,79040000,68455
6,3952,79040000,79040100,158,395,79060000,68473
6,3953,79060000,79060100,158,395,79080000,68488
6,3954,79080000,79080100,158,395,79100000,68506
6,3955,79100000,79100100,158,395,79120000,68524
6,3956,79120000,79120100,158,395,79140000,68541
6,3957,79140000,79140100,158,395,79160000,68559
6,3958,79160000,79160100,158,395,79180000,68577
6,3959,79180000,79180100,158,395,79200000,68590
6,396,7920000,7920100,158,395,7940000,6871
6,3960,79200000,79200100,158,395,79220000,68612
6,3961,79220000,79220100,158,395,79240000,68627
6,3962,79240000,79240100,158,395,79260000,68645
6,3963,79260000,79260100,158,395,79280000,68663
6,3964,79280000,79280100,158,395,79300000,68680
6,3965,79300000,79300100,158,395,79320000,68697
6,3966,79320000,79320100,158,395,79340000,68714
6,3967,79340000,79340100,158,395,79360000,68732
6,3968,79360000,79360100,158,395,79380000,68748
6,3969,79380000,79380100,158,395,79400000,68766
6,397,7940000,7940100,158,395,7960000,6889
6,3970,79400000,79400100,158,395,79420000,68785
6,3971,79420000,79420100,158,395,79440000,68799
6,3972,79440000,79440100,158,395,79460000,68820
6,3973,79460000,79460100,158,395,79480000,68836
6,3974,79480000,79480100,158,395,79500000,68852
6,3975,79500000,79500100,158,395,79520000,68869
6,3976,79520000,79520100,158,395,79540000,68889
6,3977,79540000,79540100,158,395,79560000,68905
6,3978,79560000,79560100,158,395,79580000,68922
6,3979,79580000,79580100,158,395,79600000,68940
6,398,7960000,7960100,158,395,7980000,6904
6,3980,79600000,79600100,158,395,79620000,68956
6,3981,79620000,79620100,158,395,79640000,68974
6,3982,79640000,79640100,158,395,79660000,68992
6,3983,79660000,79660100,158,395,79680000,69007
6,3984,79680000,79680100,158,395,79700000,69028
6,3985,79700000,79700100,158,395,79720000,69044
6,3986,79720000,79720100,158,395,79740000,69060
6,3987,79740000,79740100,158,395,79760000,69078
6,3988,79760000,79760100,158,395,79780000,69097
6,3989,79780000,79780100,158,395,79800000,69110
6,399,7980000,7980100,158,395,8000000,6922
6,3990,79800000,79800100,158,395,79820000,69131
6,3991,79820000,79820100,158,395,79840000,69148
6,3992,79840000,79840100,158,395,79860000,69164
6,3993,79860000,79860100,158,395,79880000,69183
6,3994,79880000,79880100,158,395,79900000,69199
6,3995,79900000,79900100,158,395,79920000,69216
6,3996,79920000,79920100,158,395,79940000,69234
6,3997,79940000,79940100,158,395,79960000,69252
6,3998,79960000,79960100,158,395,79980000,69269
6,3999,79980000,79980100,158,395,80000000,69285
6,4,80000,80100,158,395,100000,80
6,40,800000,800100,158,395,820000,705
6,400,8000000,8000100,158,395,8020000,6942
6,4000,80000000,80000100,158,395,80020000,69305
6,4001,80020000,80020100,158,395,80040000,69319
6,4002,80040000,80040100,158,395,80060000,69339
6,4003,80060000,80060100,158,395,80080000,69354
6,4004,80080000,80080100,158,395,80100000,69372
6,4005,80100000,80100100,158,395,80120000,69391
6,4006,80120000,80120100,158,395,80140000,69408
6,4007,80140000,80140100,158,395,80160000,69424
6,4008,80160000,80160100,158,395,80180000,69442
6,4009,80180000,80180100,158,395,80200000,69460
6,401,8020000,8020100,158,395,8040000,6956
6,4010,80200000,80200100,158,395,80220000,69475
6,4011,80220000,80220100,158,395,80240000,69493
6,4012,80240000,80240100,158,395,80260000,69514
6,4013,80260000,80260100,158,395,80280000,69527
6,4014,80280000,80280100,158,395,80300000,69546
6,4015,80300000,80300100,158,395,80320000,69563
6,4016,80320000,80320100,158,395,80340000,69580
6,4017,80340000,80340100,158,395,80360000,69598
6,4018,80360000,80360100,158,395,80380000,69616
6,4019,80380000,80380100,158,395,80400000,69631
6,402,8040000,8040100,158,395,8060000,6976
6,4020,80400000,80400100,158,395,80420000,69651
6,4021,80420000,80420100,158,395,80440000,69668
6,4022,80440000,80440100,158,395,80460000,69683
6,4023,80460000,80460100,158,395,80480000,69702
6,4024,80480000,80480100,158,395,80500000,69719
6,4025,80500000,80500100,158,395,80520000,69735
6,4026,80520000,80520100,158,395,80540000,69755
6,4027,80540000,80540100,158,395,80560000,69771
6,4028,80560000,80560100,158,395,80580000,69789
6,4029,80580000,80580100,158,395,80600000,69805
6,403,8060000,8060100,158,395,8080000,6991
6,4030,80600000,80600100,158,395,80620000,69824
6,4031,80620000,80620100,158,395,80640000,69838
6,4032,80640000,80640100,158,395,80660000,69859
6,4033,80660000,80660100,158,395,80680000,69876
6,4034,80680000,80680100,158,395,80700000,69891
6,4035,80700000,80700100,158,395,80720000,69910
6,4036,80720000,80720100,158,395,80740000,69927
6,4037,80740000,80740100,158,395,80760000,69944
6,4038,80760000,80760100,158,395,80780000,69961
6,4039,80780000,80780100,158,395,80800000,69979
6,404,8080000,8080100,158,395,8100000,7009
6,4040,80800000,80800100,158,395,80820000,69997
6,4041,80820000,80820100,158,395,80840000,70013
6,4042,80840000,80840100,158,395,80860000,70033
6,4043,80860000,80860100,158,395,80880000,70046
6,4044,80880000,80880100,158,395,80900000,70066
6,4045,80900000,80900100,158,395,80920000,70083
6,4046,80920000,80920100,158,395,80940000,70099
6,4047,80940000,80940100,158,395,80960000,70118
6,4048,80960000,80960100,158,395,80980000,70136
6,4049,80980000,80980100,158,395,81000000,70151
6,405,8100000,8100100,158,395,8120000,7026
6,4050,81000000,81000100,158,395,81020000,70170
6,4051,81020000,81020100,158,395,81040000,70187
6,4052,81040000,81040100,158,395,81060000,70203
6,4053,81060000,81060100,158,395,81080000,70222
6,4054,81080000,81080100,158,395,81100000,70240
6,4055,81100000,81100100,158,395,81120000,70254
6,4056,81120000,81120100,158,395,81140000,70275
6,4057,81140000,81140100,158,395,81160000,70291
6,4058,81160000,81160100,158,395,81180000,70307
6,4059,81180000,81180100,158,395,81200000,70324
6,406,8120000,8120100,158,395,8140000,7044
6,4060,81200000,81200100,158,395,81220000,70344
6,4061,81220000,81220100,158,395,81240000,70360
6,4062,81240000,81240100,158,395,81260000,70378
6,4063,81260000,81260100,158,395,81280000,70395
6,4064,81280000,81280100,158,395,81300000,70411
6,4065,81300000,81300100,158,395,81320000,70430
6,4066,81320000,81320100,158,395,81340000,70446
6,4067,81340000,81340100,158,395,81360000,70463
6,4068,81360000,81360100,158,395,81380000,70483
6,4069,81380000,81380100,158,395,81400000,70498
6,407,8140000,8140100,158,395,8160000,7061
6,4070,81400000,81400100,158,395,81420000,70516
6,4071,81420000,81420100,158,395,81440000,70532
6,4072,81440000,81440100,158,395,81460000,70553
6,4073,81460000,81460100,158,395,81480000,70566
6,4074,81480000,81480100,158,395,81500000,70585
6,4075,81500000,81500100,158,395,81520000,70604
6,4076,81520000,81520100,158,395,81540000,70619
6,4077,81540000,81540100,158,395,81560000,70638
6,4078,81560000,81560100,158,395,81580000,70655
6,4079,81580000,81580100,158,395,81600000,70670
6,408,8160000,8160100,158,395,8180000,7079
6,4080,81600000,81600100,158,395,81620000,70689
6,4081,81620000,81620100,158,395,81640000,70707
6,4082,81640000,81640100,158,395,81660000,70724
6,4083,81660000,81660100,158,395,81680000,70741
6,4084,81680000,81680100,158,395,81700000,70760
6,4085,81700000,81700100,158,395,81720000,70774
6,4086,81720000,81720100,158,395,81740000,70794
6,4087,81740000,81740100,158,395,81760000,70810
6,4088,81760000,81760100,158,395,81780000,70827
6,4089,81780000,81780100,158,395,81800000,70846
6,409,8180000,8180100,158,395,8200000,7097
6,4090,81800000,81800100,158,395,81820000,70863
6,4091,81820000,81820100,158,395,81840000,70878
6,4092,81840000,81840100,158,395,81860000,70898
6,4093,81860000,81860100,158,395,81880000,70915
6,4094,81880000,81880100,158,395,81900000,70930
6,4095,81900000,81900100,158,395,81920000,70949
6,4096,81920000,81920100,158,395,81940000,70968
6,4097,81940000,81940100,158,395,81960000,70983
6,4098,81960000,81960100,158,395,81980000,71002
6,4099,81980000,81980100,158,395,82000000,71017
6,41,820000,820100,158,395,840000,719
6,410,8200000,8200100,158,395,8220000,7112
6,4100,82000000,82000100,158,395,82020000,71036
6,4101,82020000,82020100,158,395,82040000,71052
6,4102,82040000,82040100,158,395,82060000,71071
6,4103,82060000,82060100,158,395,82080000,71087
6,4104,82080000,82080100,158,395,82100000,71105
6,4105,82100000,82100100,158,395,82120000,71124
6,4106,82120000,82120100,158,395,82140000,71138
6,4107,82140000,82140100,158,395,82160000,71157
6,4108,82160000,82160100,158,395,82180000,71175
6,4109,82180000,82180100,158,395,82200000,71190
6,411,8220000,8220100,158,395,8240000,7130
6,4110,82200000,82200100,158,395,82220000,71210
6,4111,82220000,82220100,158,395,82240000,71226
6,4112,82240000,82240100,158,395,82260000,71244
6,4113,82260000,82260100,158,395,82280000,71260
6,4114,82280000,82280100,158,395,82300000,71279
6,4115,82300000,82300100,158,395,82320000,71293
6,4116,82320000,82320100,158,395,82340000,71314
6,4117,82340000,82340100,158,395,82360000,71332
6,4118,82360000,82360100,158,395,82380000,71346
6,4119,82380000,82380100,158,395,82400000,71365
6,412,8240000,8240100,158,395,8260000,7149
6,4120,82400000,82400100,158,395,82420000,71383
6,4121,82420000,82420100,158,395,82440000,71398
6,4122,82440000,82440100,158,395,82460000,71417
6,4123,82460000,82460100,158,395,82480000,71434
6,4124,82480000,82480100,158,395,82500000,71451
6,4125,82500000,82500100,158,395,82520000,71469
6,4126,82520000,82520100,158,395,82540000,71487
6,4127,82540000,82540100,158,395,82560000,71502
6,4128,82560000,82560100,158,395,82580000,71522
6,4129,82580000,82580100,158,395,82600000,71537
6,413,8260000,8260100,158,395,8280000,7164
6,4130,82600000,82600100,158,395,82620000,71555
6,4131,82620000,82620100,158,395,82640000,71573
6,4132,82640000,82640100,158,395,82660000,71591
6,4133,82660000,82660100,158,395,82680000,71607
6,4134,82680000,82680100,158,395,82700000,71624
6,4135,82700000,82700100,158,395,82720000,71642
6,4136,82720000,82720100,158,395,82740000,71658
6,4137,82740000,82740100,158,395,82760000,71677
6,4138,82760000,82760100,158,395,82780000,71696
6,4139,82780000,82780100,158,395,82800000,71709
6,414,8280000,8280100,158,395,8300000,7183
6,4140,82800000,82800100,158,395,82820000,71730
6,4141,82820000,82820100,158,395,82840000,71746
6,4142,82840000,82840100,158,395,82860000,71763
6,4143,82860000,82860100,158,395,82880000,71779
6,4144,82880000,82880100,158,395,82900000,71799
6,4145,82900000,82900100,158,395,82920000,71815
6,4146,82920000,82920100,158,395,82940000,71832
6,4147,82940000,82940100,158,395,82960000,71851
6,4148,82960000,82960100,158,395,82980000,71866
6,4149,82980000,82980100,158,395,83000000,71885
6,415,8300000,8300100,158,395,8320000,7200
6,4150,83000000,83000100,158,395,83020000,71902
6,4151,83020000,83020100,158,395,83040000,71917
6,4152,83040000,83040100,158,395,83060000,71939
6,4153,83060000,83060100,158,395,83080000,71954
6,4154,83080000,83080100,158,395,83100000,71970
6,4155,83100000,83100100,158,395,83120000,71988
6,4156,83120000,83120100,158,395,83140000,72007
6,4157,83140000,83140100,158,395,83160000,72021
6,4158,83160000,83160100,158,395,83180000,72041
6,4159,83180000,83180100,158,395,83200000,72058
6,416,8320000,8320100,158,395,8340000,7217
6,4160,83200000,83200100,158,395,83220000,72075
6,4161,83220000,83220100,158,395,83240000,72093
6,4162,83240000,83240100,158,395,83260000,72110
6,4163,83260000,83260100,158,395,83280000,72126
6,4164,83280000,83280100,158,395,83300000,72144
6,4165,83300000,83300100,158,395,83320000,72162
6,4166,83320000,83320100,158,395,83340000,72179
6,4167,83340000,83340100,158,395,83360000,72196
6,4168,83360000,83360100,158,395,83380000,72215
6,4169,83380000,83380100,158,395,83400000,72229
6,417,8340000,8340100,158,395,8360000,7234
6,4170,83400000,83400100,158,395,83420000,72249
6,4171,83420000,83420100,158,395,83440000,72265
6,4172,83440000,83440100,158,395,83460000,72283
6,4173,83460000,83460100,158,395,83480000,72301
6,4174,83480000,83480100,158,395,83500000,72318
6,4175,83500000,83500100,158,395,83520000,72334
6,4176,83520000,83520100,158,395,83540000,72352
6,4177,83540000,83540100,158,395,83560000,72371
6,4178,83560000,83560100,158,395,83580000,72385
6,4179,83580000,83580100,158,395,83600000,72403
6,418,8360000,8360100,158,395,8380000,7253
6,4180,83600000,83600100,158,395,83620000,72424
6,4181,83620000,83620100,158,395,83640000,72437
6,4182,83640000,83640100,158,395,83660000,72458
6,4183,83660000,83660100,158,395,83680000,72473
6,4184,83680000,83680100,158,395,83700000,72490
6,4185,83700000,83700100,158,395,83720000,72508
6,4186,83720000,83720100,158,395,83740000,72526
6,4187,83740000,83740100,158,395,83760000,72542
6,4188,83760000,83760100,158,395,83780000,72561
6,4189,83780000,83780100,158,395,83800000,72578
6,419,8380000,8380100,158,395,8400000,7266
6,4190,83800000,83800100,158,395,83820000,72593
6,4191,83820000,83820100,158,395,83840000,72612
6,4192,83840000,83840100,158,395,83860000,72630
6,4193,83860000,83860100,158,395,83880000,72646
6,4194,83880000,83880100,158,395,83900000,72665
6,4195,83900000,83900100,158,395,83920000,72681
6,4196,83920000,83920100,158,395,83940000,72699
6,4197,83940000,83940100,158,395,83960000,72716
6,4198,83960000,83960100,158,395,83980000,72734
6,4199,83980000,83980100,158,395,84000000,72748
6,42,840000,840100,158,395,860000,739
6,420,8400000,8400100,158,395,8420000,7288
6,4200,84000000,84000100,158,395,84020000,72769
6,4201,84020000,84020100,158,395,84040000,72786
6,4202,84040000,84040100,158,395,84060000,72802
6,4203,84060000,84060100,158,395,84080000,72820
6,4204,84080000,84080100,158,395,84100000,72838
6,4205,84100000,84100100,158,395,84120000,72854
6,4206,84120000,84120100,158,395,84140000,72871
6,4207,84140000,84140100,158,395,84160000,72890
6,4208,84160000,84160100,158,395,84180000,72907
6,4209,84180000,84180100,158,395,84200000,72923
6,421,8420000,8420100,158,395,8440000,7305
6,4210,84200000,84200100,158,395,84220000,72943
6,4211,84220000,84220100,158,395,84240000,72956
6,4212,84240000,84240100,158,395,84260000,72977
6,4213,84260000,84260100,158,395,84280000,72993
6,4214,84280000,84280100,158,395,84300000,73009
6,4215,84300000,84300100,158,395,84320000,73029
6,4216,84320000,84320100,158,395,84340000,73046
6,4217,84340000,84340100,158,395,84360000,73062
6,4218,84360000,84360100,158,395,84380000,73080
6,4219,84380000,84380100,158,395,84400000,73097
6,422,8440000,8440100,158,395,8460000,7320
6,4220,84400000,84400100,158,395,84420000,73113
6,4221,84420000,84420100,158,395,84440000,73132
6,4222,84440000,84440100,158,395,84460000,73151
6,4223,84460000,84460100,158,395,84480000,73164
6,4224,84480000,84480100,158,395,84500000,73185
6,4225,84500000,84500100,158,395,84520000,73201
6,4226,84520000,84520100,158,395,84540000,73218
6,4227,84540000,84540100,158,395,84560000,73235
6,4228,84560000,84560100,158,395,84580000,73254
6,4229,84580000,84580100,158,395,84600000,73270
6,423,8460000,8460100,158,395,8480000,7339
6,4230,84600000,84600100,158,395,84620000,73288
6,4231,84620000,84620100,158,395,84640000,73305
6,4232,84640000,84640100,158,395,84660000,73322
6,4233,84660000,84660100,158,395,84680000,73340
6,4234,84680000,84680100,158,395,84700000,73356
6,4235,84700000,84700100,158,395,84720000,73373
6,4236,84720000,84720100,158,395,84740000,73393
6,4237,84740000,84740100,158,395,84760000,73410
6,4238,84760000,84760100,158,395,84780000,73426
6,4239,84780000,84780100,158,395,84800000,73442
6,424,8480000,8480100,158,395,8500000,7356
6,4240,84800000,84800100,158,395,84820000,73463
6,4241,84820000,84820100,158,395,84840000,73476
6,4242,84840000,84840100,158,395,84860000,73496
6,4243,84860000,84860100,158,395,84880000,73514
6,4244,84880000,84880100,158,395,84900000,73529
6,4245,84900000,84900100,158,395,84920000,73548
6,4246,84920000,84920100,158,395,84940000,73565
6,4247,84940000,84940100,158,395,84960000,73581
6,4248,84960000,84960100,158,395,84980000,73600
6,4249,84980000,84980100,158,395,85000000,73617
6,425,8500000,8500100,158,395,8520000,7372
6,4250,85000000,85000100,158,395,85020000,73634
6,4251,85020000,85020100,158,395,85040000,73651
6,4252,85040000,85040100,158,395,85060000,73671
6,4253,85060000,85060100,158,395,85080000,73684
6,4254,85080000,85080100,158,395,85100000,73704
6,4255,85100000,85100100,158,395,85120000,73720
6,4256,85120000,85120100,158,395,85140000,73737
6,4257,85140000,85140100,158,395,85160000,73757
6,4258,85160000,85160100,158,395,85180000,73773
6,4259,85180000,85180100,158,395,85200000,73789
6,426,8520000,8520100,158,395,8540000,7390
6,4260,85200000,85200100,158,395,85220000,73808
6,4261,85220000,85220100,158,395,85240000,73825
6,4262,85240000,85240100,158,395,85260000,73841
6,4263,85260000,85260100,158,395,85280000,73859
6,4264,85280000,85280100,158,395,85300000,73878
6,4265,85300000,85300100,158,395,85320000,73893
6,4266,85320000,85320100,158,395,85340000,73912
6,4267,85340000,85340100,158,395,85360000,73928
6,4268,85360000,85360100,158,395,85380000,73946
6,4269,85380000,85380100,158,395,85400000,73962
6,427,8540000,8540100,158,395,8560000,7408
6,4270,85400000,85400100,158,395,85420000,73982
6,4271,85420000,85420100,158,395,85440000,73997
6,4272,85440000,85440100,158,395,85460000,74016
6,4273,85460000,85460100,158,395,85480000,74034
6,4274,85480000,85480100,158,395,85500000,74048
6,4275,85500000,85500100,158,395,85520000,74067
6,4276,85520000,85520100,158,395,85540000,74085
6,4277,85540000,85540100,158,395,85560000,74101
6,4278,85560000,85560100,158,395,85580000,74120
6,4279,85580000,85580100,158,395,85600000,74136
6,428,8560000,8560100,158,395,8580000,7425
6,4280,85600000,85600100,158,395,85620000,74154
6,4281,85620000,85620100,158,395,85640000,74171
6,4282,85640000,85640100,158,395,85660000,74190
6,4283,85660000,85660100,158,395,85680000,74203
6,4284,85680000,85680100,158,395,85700000,74224
6,4285,85700000,85700100,158,395,85720000,74242
6,4286,85720000,85720100,158,395,85740000,74256
6,4287,85740000,85740100,158,395,85760000,74276
6,4288,85760000,85760100,158,395,85780000,74293
6,4289,85780000,85780100,158,395,85800000,74308
6,429,8580000,8580100,158,395,8600000,7442
6,4290,85800000,85800100,158,395,85820000,74327
6,4291,85820000,85820100,158,395,85840000,74344
6,4292,85840000,85840100,158,395,85860000,74363
6,4293,85860000,85860100,158,395,85880000,74379
6,4294,85880000,85880100,158,395,85900000,74397
6,4295,85900000,85900100,158,395,85920000,74412
6,4296,85920000,85920100,158,395,85940000,74432
6,4297,85940000,85940100,158,395,85960000,74448
6,4298,85960000,85960100,158,395,85980000,74465
6,4299,85980000,85980100,158,395,86000000,74483
6,43,860000,860100,158,395,880000,756
6,430,8600000,8600100,158,395,8620000,7461
6,4300,86000000,86000100,158,395,86020000,74501
6,4301,86020000,86020100,158,395,86040000,74517
6,4302,86040000,86040100,158,395,86060000,74535
6,4303,86060000,86060100,158,395,86080000,74553
6,4304,86080000,86080100,158,395,86100000,74568
6,4305,86100000,86100100,158,395,86120000,74587
6,4306,86120000,86120100,158,395,86140000,74606
6,4307,86140000,86140100,158,395,86160000,74620
6,4308,86160000,86160100,158,395,86180000,74640
6,4309,86180000,86180100,158,395,86200000,74656
6,431,8620000,8620100,158,395,8640000,7475
6,4310,86200000,86200100,158,395,86220000,74673
6,4311,86220000,86220100,158,395,86240000,74689
6,4312,86240000,86240100,158,395,86260000,74710
6,4313,86260000,86260100,158,395,86280000,74725
6,4314,86280000,86280100,158,395,86300000,74743
6,4315,86300000,86300100,158,395,86320000,74761
6,4316,86320000,86320100,158,395,86340000,74776
6,4317,86340000,86340100,158,395,86360000,74796
6,4318,86360000,86360100,158,395,86380000,74812
6,4319,86380000,86380100,158,395,86400000,74827
6,432,8640000,8640100,158,395,8660000,7496
6,4320,86400000,86400100,158,395,86420000,74849
6,4321,86420000,86420100,158,395,86440000,74864
6,4322,86440000,86440100,158,395,86460000,74881
6,4323,86460000,86460100,158,395,86480000,74898
6,4324,86480000,86480100,158,395,86500000,74917
6,4325,86500000,86500100,158,395,86520000,74932
6,4326,86520000,86520100,158,395,86540000,74951
6,4327,86540000,86540100,158,395,86560000,74969
6,4328,86560000,86560100,158,395,86580000,74985
6,4329,86580000,86580100,158,395,86600000,75003
6,433,8660000,8660100,158,395,8680000,7511
6,4330,86600000,86600100,158,395,86620000,75020
6,4331,86620000,86620100,158,395,86640000,75036
6,4332,86640000,86640100,158,395,86660000,75055
6,4333,86660000,86660100,158,395,86680000,75072
6,4334,86680000,86680100,158,395,86700000,75089
6,4335,86700000,86700100,158,395,86720000,75106
6,4336,86720000,86720100,158,395,86740000,75126
6,4337,86740000,86740100,158,395,86760000,75140
6,4338,86760000,86760100,158,395,86780000,75159
6,4339,86780000,86780100,158,395,86800000,75175
6,434,8680000,8680100,158,395,8700000,7528
6,4340,86800000,86800100,158,395,86820000,75193
6,4341,86820000,86820100,158,395,86840000,75211
6,4342,86840000,86840100,158,395,86860000,75229
6,4343,86860000,86860100,158,395,86880000,75244
6,4344,86880000,86880100,158,395,86900000,75262
6,4345,86900000,86900100,158,395,86920000,75281
6,4346,86920000,86920100,158,395,86940000,75295
6,4347,86940000,86940100,158,395,86960000,75315
6,4348,86960000,86960100,158,395,86980000,75334
6,4349,86980000,86980100,158,395,87000000,75347
6,435,8700000,8700100,158,395,8720000,7547
6,4350,87000000,87000100,158,395,87020000,75368
6,4351,87020000,87020100,158,395,87040000,75383
6,4352,87040000,87040100,158,395,87060000,75401
6,4353,87060000,87060100,158,395,87080000,75418
6,4354,87080000,87080100,158,395,87100000,75436
6,4355,87100000,87100100,158,395,87120000,75452
6,4356,87120000,87120100,158,395,87140000,75471
6,4357,87140000,87140100,158,395,87160000,75489
6,4358,87160000,87160100,158,395,87180000,75504
6,4359,87180000,87180100,158,395,87200000,75522
6,436,8720000,8720100,158,395,8740000,7564
6,4360,87200000,87200100,158,395,87220000,75540
6,4361,87220000,87220100,158,395,87240000,75556
6,4362,87240000,87240100,158,395,87260000,75576
6,4363,87260000,87260100,158,395,87280000,75591
6,4364,87280000,87280100,158,395,87300000,75609
6,4365,87300000,87300100,158,395,87320000,75626
6,4366,87320000,87320100,158,395,87340000,75644
6,4367,87340000,87340100,158,395,87360000,75659
6,4368,87360000,87360100,158,395,87380000,75679
6,4369,87380000,87380100,158,395,87400000,75697
6,437,8740000,8740100,158,395,8760000,7581
6,4370,87400000,87400100,158,395,87420000,75712
6,4371,87420000,87420100,158,395,87440000,75730
6,4372,87440000,87440100,158,395,87460000,75749
6,4373,87460000,87460100,158,395,87480000,75764
6,4374,87480000,87480100,158,395,87500000,75781
6,4375,87500000,87500100,158,395,87520000,75800
6,4376,87520000,87520100,158,395,87540000,75817
6,4377,87540000,87540100,158,395,87560000,75834
6,4378,87560000,87560100,158,395,87580000,75853
6,4379,87580000,87580100,158,395,87600000,75866
6,438,8760000,8760100,158,395,8780000,7598
6,4380,87600000,87600100,158,395,87620000,75888
6,4381,87620000,87620100,158,395,87640000,75903
6,4382,87640000,87640100,158,395,87660000,75920
6,4383,87660000,87660100,158,395,87680000,75939
6,4384,87680000,87680100,158,395,87700000,75956
6,4385,87700000,87700100,158,395,87720000,75972
6,4386,87720000,87720100,158,395,87740000,75990
6,4387,87740000,87740100,158,395,87760000,76008
6,4388,87760000,87760100,158,395,87780000,76023
6,4389,87780000,87780100,158,395,87800000,76042
6,439,8780000,8780100,158,395,8800000,7615
6,4390,87800000,87800100,158,395,87820000,76061
6,4391,87820000,87820100,158,395,87840000,76075
6,4392,87840000,87840100,158,395,87860000,76096
6,4393,87860000,87860100,158,395,87880000,76111
6,4394,87880000,87880100,158,395,87900000,76128
6,4395,87900000,87900100,158,395,87920000,76145
6,4396,87920000,87920100,158,395,87940000,76164
6,4397,87940000,87940100,158,395,87960000,76181
6,4398,87960000,87960100,158,395,87980000,76198
6,4399,87980000,87980100,158,395,88000000,76215
6,44,880000,880100,158,395,900000,772
6,440,8800000,8800100,158,395,8820000,7632
6,4400,88000000,88000100,158,395,88020000,76232
6,4401,88020000,88020100,158,395,88040000,76250
6,4402,88040000,88040100,158,395,88060000,76268
6,4403,88060000,88060100,158,395,88080000,76283
6,4404,88080000,88080100,158,395,88100000,76303
6,4405,88100000,88100100,158,395,88120000,76320
6,4406,88120000,88120100,158,395,88140000,76336
6,4407,88140000,88140100,158,395,88160000,76353
6,4408,88160000,88160100,158,395,88180000,76373
6,4409,88180000,88180100,158,395,88200000,76386
6,441,8820000,8820100,158,395,8840000,7650
6,4410,88200000,88200100,158,395,88220000,76406
6,4411,88220000,88220100,158,395,88240000,76424
6,4412,88240000,88240100,158,395,88260000,76440
6,4413,88260000,88260100,158,395,88280000,76459
6,4414,88280000,88280100,158,395,88300000,76475
6,4415,88300000,88300100,158,395,88320000,76491
6,4416,88320000,88320100,158,395,88340000,76510
6,4417,88340000,88340100,158,395,88360000,76528
6,4418,88360000,88360100,158,395,88380000,76544
6,4419,88380000,88380100,158,395,88400000,76561
6,442,8840000,8840100,158,395,8860000,7670
6,4420,88400000,88400100,158,395,88420000,76581
6,4421,88420000,88420100,158,395,88440000,76594
6,4422,88440000,88440100,158,395,88460000,76615
6,4423,88460000,88460100,158,395,88480000,76630
6,4424,88480000,88480100,158,395,88500000,76648
6,4425,88500000,88500100,158,395,88520000,76667
6,4426,88520000,88520100,158,395,88540000,76683
6,4427,88540000,88540100,158,395,88560000,76700
6,4428,88560000,88560100,158,395,88580000,76718
6,4429,88580000,88580100,158,395,88600000,76735
6,443,8860000,8860100,158,395,8880000,7683
6,4430,88600000,88600100,158,395,88620000,76751
6,4431,88620000,88620100,158,395,88640000,76769
6,4432,88640000,88640100,158,395,88660000,76789
6,4433,88660000,88660100,158,395,88680000,76803
6,4434,88680000,88680100,158,395,88700000,76822
6,4435,88700000,88700100,158,395,88720000,76839
6,4436,88720000,88720100,158,395,88740000,76856
6,4437,88740000,88740100,158,395,88760000,76873
6,4438,88760000,88760100,158,395,88780000,76892
6,4439,88780000,88780100,158,395,88800000,76907
6,444,8880000,8880100,158,395,8900000,7703
6,4440,88800000,88800100,158,395,88820000,76926
6,4441,88820000,88820100,158,395,88840000,76944
6,4442,88840000,88840100,158,395,88860000,76959
6,4443,88860000,88860100,158,395,88880000,76977
6,4444,88880000,88880100,158,395,88900000,76995
6,4445,88900000,88900100,158,395,88920000,77011
6,4446,88920000,88920100,158,395,88940000,77031
6,4447,88940000,88940100,158,395,88960000,77047
6,4448,88960000,88960100,158,395,88980000,77064
6,4449,88980000,88980100,158,395,89000000,77081
6,445,8900000,8900100,158,395,8920000,7720
6,4450,89000000,89000100,158,395,89020000,77100
6,4451,89020000,89020100,158,395,89040000,77113
6,4452,89040000,89040100,158,395,89060000,77135
6,4453,89060000,89060100,158,395,89080000,77152
6,4454,89080000,89080100,158,395,89100000,77166
6,4455,89100000,89100100,158,395,89120000,77186
6,4456,89120000,89120100,158,395,89140000,77203
6,4457,89140000,89140100,158,395,89160000,77220
6,4458,89160000,89160100,158,395,89180000,77237
6,4459,89180000,89180100,158,395,89200000,77254
6,446,8920000,8920100,158,395,8940000,7736
6,4460,89200000,89200100,158,395,89220000,77273
6,4461,89220000,89220100,158,395,89240000,77289
6,4462,89240000,89240100,158,395,89260000,77308
6,4463,89260000,89260100,158,395,89280000,77322
6,4464,89280000,89280100,158,395,89300000,77342
6,4465,89300000,89300100,158,395,89320000,77358
6,4466,89320000,89320100,158,395,89340000,77375
6,4467,89340000,89340100,158,395,89360000,77394
6,4468,89360000,89360100,158,395,89380000,77412
6,4469,89380000,89380100,158,395,89400000,77427
6,447,8940000,8940100,158,395,8960000,7753
6,4470,89400000,89400100,158,395,89420000,77445
6,4471,89420000,89420100,158,395,89440000,77463
6,4472,89440000,89440100,158,395,89460000,77479
6,4473,89460000,89460100,158,395,89480000,77497
6,4474,89480000,89480100,158,395,89500000,77516
6,4475,89500000,89500100,158,395,89520000,77530
6,4476,89520000,89520100,158,395,89540000,77550
6,4477,89540000,89540100,158,395,89560000,77567
6,4478,89560000,89560100,158,395,89580000,77583
6,4479,89580000,89580100,158,395,89600000,77600
6,448,8960000,8960100,158,395,8980000,7773
6,4480,89600000,89600100,158,395,89620000,77620
6,4481,89620000,89620100,158,395,89640000,77635
6,4482,89640000,89640100,158,395,89660000,77654
6,4483,89660000,89660100,158,395,89680000,77671
6,4484,89680000,89680100,158,395,89700000,77686
6,4485,89700000,89700100,158,395,89720000,77706
6,4486,89720000,89720100,158,395,89740000,77722
6,4487,89740000,89740100,158,395,89760000,77738
6,4488,89760000,89760100,158,395,89780000,77759
6,4489,89780000,89780100,158,395,89800000,77774
6,449,8980000,8980100,158,395,9000000,7788
6,4490,89800000,89800100,158,395,89820000,77792
6,4491,89820000,89820100,158,395,89840000,77808
6,4492,89840000,89840100,158,395,89860000,77828
6,4493,89860000,89860100,158,395,89880000,77842
6,4494,89880000,89880100,158,395,89900000,77861
6,4495,89900000,89900100,158,395,89920000,77879
6,4496,89920000,89920100,158,395,89940000,77895
6,4497,89940000,89940100,158,395,89960000,77914
6,4498,89960000,89960100,158,395,89980000,77930
6,4499,89980000,89980100,158,395,90000000,77946
6,45,900000,900100,158,395,920000,791
6,450,9000000,9000100,158,395,9020000,7806
6,4500,90000000,90000100,158,395,90020000,77965
6,4501,90020000,90020100,158,395,90040000,77983
6,4502,90040000,90040100,158,395,90060000,78000
6,4503,90060000,90060100,158,395,90080000,78016
6,4504,90080000,90080100,158,395,90100000,78036
6,4505,90100000,90100100,158,395,90120000,78050
6,4506,90120000,90120100,158,395,90140000,78069
6,4507,90140000,90140100,158,395,90160000,78086
6,4508,90160000,90160100,158,395,90180000,78103
6,4509,90180000,90180100,158,395,90200000,78121
6,451,9020000,9020100,158,395,9040000,7824
6,4510,90200000,90200100,158,395,90220000,78139
6,4511,90220000,90220100,158,395,90240000,78154
6,4512,90240000,90240100,158,395,90260000,78174
6,4513,90260000,90260100,158,395,90280000,78191
6,4514,90280000,90280100,158,395,90300000,78205
6,4515,90300000,90300100,158,395,90320000,78225
6,4516,90320000,90320100,158,395,90340000,78244
6,4517,90340000,90340100,158,395,90360000,78258
6,4518,90360000,90360100,158,395,90380000,78278
6,4519,90380000,90380100,158,395,90400000,78293
6,452,9040000,9040100,158,395,9060000,7840
6,4520,90400000,90400100,158,395,90420000,78311
6,4521,90420000,90420100,158,395,90440000,78328
6,4522,90440000,90440100,158,395,90460000,78347
6,4523,90460000,90460100,158,395,90480000,78363
6,4524,90480000,90480100,158,395,90500000,78381
6,4525,90500000,90500100,158,395,90520000,78399
6,4526,90520000,90520100,158,395,90540000,78414
6,4527,90540000,90540100,158,395,90560000,78433
6,4528,90560000,90560100,158,395,90580000,78450
6,4529,90580000,90580100,158,395,90600000,78466
6,453,9060000,9060100,158,395,9080000,7859
6,4530,90600000,90600100,158,395,90620000,78486
6,4531,90620000,90620100,158,395,90640000,78501
6,4532,90640000,90640100,158,395,90660000,78520
6,4533,90660000,90660100,158,395,90680000,78536
6,4534,90680000,90680100,158,395,90700000,78555
6,4535,90700000,90700100,158,395,90720000,78569
6,4536,90720000,90720100,158,395,90740000,78589
6,4537,90740000,90740100,158,395,90760000,78608
6,4538,90760000,90760100,158,395,90780000,78622
6,4539,90780000,90780100,158,395,90800000,78640
6,454,9080000,9080100,158,395,9100000,7875
6,4540,90800000,90800100,158,395,90820000,78659
6,4541,90820000,90820100,158,395,90840000,78674
6,4542,90840000,90840100,158,395,90860000,78692
6,4543,90860000,90860100,158,395,90880000,78710
6,4544,90880000,90880100,158,395,90900000,78727
6,4545,90900000,90900100,158,395,90920000,78745
6,4546,90920000,90920100,158,395,90940000,78763
6,4547,90940000,90940100,158,395,90960000,78777
6,4548,90960000,90960100,158,395,90980000,78798
6,4549,90980000,90980100,158,395,91000000,78813
6,455,9100000,9100100,158,395,9120000,7891
6,4550,91000000,91000100,158,395,91020000,78830
6,4551,91020000,91020100,158,395,91040000,78849
6,4552,91040000,91040100,158,395,91060000,78867
6,4553,91060000,91060100,158,395,91080000,78882
6,4554,91080000,91080100,158,395,91100000,78900
6,4555,91100000,91100100,158,395,91120000,78918
6,4556,91120000,91120100,158,395,91140000,78934
6,4557,91140000,91140100,158,395,91160000,78953
6,4558,91160000,91160100,158,395,91180000,78971
6,4559,91180000,91180100,158,395,91200000,78985
6,456,9120000,9120100,158,395,9140000,7912
6,4560,91200000,91200100,158,395,91220000,79006
6,4561,91220000,91220100,158,395,91240000,79021
6,4562,91240000,91240100,158,395,91260000,79039
6,4563,91260000,91260100,158,395,91280000,79055
6,4564,91280000,91280100,158,395,91300000,79074
6,4565,91300000,91300100,158,395,91320000,79091
6,4566,91320000,91320100,158,395,91340000,79108
6,4567,91340000,91340100,158,395,91360000,79127
6,4568,91360000,91360100,158,395,91380000,79142
6,4569,91380000,91380100,158,395,91400000,79160
6,457,9140000,9140100,158,395,9160000,7928
6,4570,91400000,91400100,158,395,91420000,79178
6,4571,91420000,91420100,158,395,91440000,79193
6,4572,91440000,91440100,158,395,91460000,79214
6,4573,91460000,91460100,158,395,91480000,79230
6,4574,91480000,91480100,158,395,91500000,79246
6,4575,91500000,91500100,158,395,91520000,79263
6,4576,91520000,91520100,158,395,91540000,79283
6,4577,91540000,91540100,158,395,91560000,79297
6,4578,91560000,91560100,158,395,91580000,79317
6,4579,91580000,91580100,158,395,91600000,79334
6,458,9160000,9160100,158,395,9180000,7944
6,4580,91600000,91600100,158,395,91620000,79350
6,4581,91620000,91620100,158,395,91640000,79369
6,4582,91640000,91640100,158,395,91660000,79386
6,4583,91660000,91660100,158,395,91680000,79401
6,4584,91680000,91680100,158,395,91700000,79420
6,4585,91700000,91700100,158,395,91720000,79438
6,4586,91720000,91720100,158,395,91740000,79454
6,4587,91740000,91740100,158,395,91760000,79472
6,4588,91760000,91760100,158,395,91780000,79491
6,4589,91780000,91780100,158,395,91800000,79505
6,459,9180000,9180100,158,395,9200000,7961
6,4590,91800000,91800100,158,395,91820000,79525
6,4591,91820000,91820100,158,395,91840000,79540
6,4592,91840000,91840100,158,395,91860000,79559
6,4593,91860000,91860100,158,395,91880000,79577
6,4594,91880000,91880100,158,395,91900000,79593
6,4595,91900000,91900100,158,395,91920000,79610
6,4596,91920000,91920100,158,395,91940000,79628
6,4597,91940000,91940100,158,395,91960000,79646
6,4598,91960000,91960100,158,395,91980000,79661
6,4599,91980000,91980100,158,395,92000000,79679
6,46,920000,920100,158,395,940000,808
6,460,9200000,9200100,158,395,9220000,7981
6,4600,92000000,92000100,158,395,92020000,79700
6,4601,92020000,92020100,158,395,92040000,79713
6,4602,92040000,92040100,158,395,92060000,79733
6,4603,92060000,92060100,158,395,92080000,79749
6,4604,92080000,92080100,158,395,92100000,79766
6,4605,92100000,92100100,158,395,92120000,79783
6,4606,92120000,92120100,158,395,92140000,79802
6,4607,92140000,92140100,158,395,92160000,79818
6,4608,92160000,92160100,158,395,92180000,79836
6,4609,92180000,92180100,158,395,92200000,79854
6,461,9220000,9220100,158,395,9240000,7994
6,4610,92200000,92200100,158,395,92220000,79869
6,4611,92220000,92220100,158,395,92240000,79888
6,4612,92240000,92240100,158,395,92260000,79906
6,4613,92260000,92260100,158,395,92280000,79921
6,4614,92280000,92280100,158,395,92300000,79941
6,4615,92300000,92300100,158,395,92320000,79957
6,4616,92320000,92320100,158,395,92340000,79974
6,4617,92340000,92340100,158,395,92360000,79992
6,4618,92360000,92360100,158,395,92380000,80010
6,4619,92380000,92380100,158,395,92400000,80023
6,462,9240000,9240100,158,395,9260000,8015
6,463,9260000,9260100,158,395,9280000,8032
6,464,9280000,9280100,158,395,9300000,8048
6,465,9300000,9300100,158,395,9320000,8067
6,466,9320000,9320100,158,395,9340000,8083
6,467,9340000,9340100,158,395,9360000,8100
6,468,9360000,9360100,158,395,9380000,8118
6,469,9380000,9380100,158,395,9400000,8135
6,47,940000,940100,158,395,960000,824
6,470,9400000,9400100,158,395,9420000,8153
6,471,9420000,9420100,158,395,9440000,8169
6,472,9440000,9440100,158,395,9460000,8189
6,473,9460000,9460100,158,395,9480000,8203
6,474,9480000,9480100,158,395,9500000,8222
6,475,9500000,9500100,158,395,9520000,8239
6,476,9520000,9520100,158,395,9540000,8256
6,477,9540000,9540100,158,395,9560000,8275
6,478,9560000,9560100,158,395,9580000,8292
6,479,9580000,9580100,158,395,9600000,8307
6,48,960000,960100,158,395,980000,842
6,480,9600000,9600100,158,395,9620000,8326
6,481,9620000,9620100,158,395,9640000,8344
6,482,9640000,9640100,158,395,9660000,8359
6,483,9660000,9660100,158,395,9680000,8377
6,484,9680000,9680100,158,395,9700000,8397
6,485,9700000,9700100,158,395,9720000,8411
6,486,9720000,9720100,158,395,9740000,8431
6,487,9740000,9740100,158,395,9760000,8447
6,488,9760000,9760100,158,395,9780000,8464
6,489,9780000,9780100,158,395,9800000,8481
6,49,980000,980100,158,395,1000000,860
6,490,9800000,9800100,158,395,9820000,8500
6,491,9820000,9820100,158,395,9840000,8515
6,492,9840000,9840100,158,395,9860000,8535
6,493,9860000,9860100,158,395,9880000,8552
6,494,9880000,9880100,158,395,9900000,8566
6,495,9900000,9900100,158,395,9920000,8586
6,496,9920000,9920100,158,395,9940000,8603
6,497,9940000,9940100,158,395,9960000,8620
6,498,9960000,9960100,158,395,9980000,8639
6,499,9980000,9980100,158,395,10000000,8654
6,5,100000,100100,158,395,120000,97
6,50,1000000,1000100,158,395,1020000,877
6,500,10000000,10000100,158,395,10020000,8673
6,501,10020000,10020100,158,395,10040000,8689
6,502,10040000,10040100,158,395,10060000,8708
6,503,10060000,10060100,158,395,10080000,8722
6,504,10080000,10080100,158,395,10100000,8742
6,505,10100000,10100100,158,395,10120000,8760
6,506,10120000,10120100,158,395,10140000,8775
6,507,10140000,10140100,158,395,10160000,8794
6,508,10160000,10160100,158,395,10180000,8812
6,509,10180000,10180100,158,395,10200000,8827
6,51,1020000,1020100,158,395,1040000,893
6,510,10200000,10200100,158,395,10220000,8845
6,511,10220000,10220100,158,395,10240000,8863
6,512,10240000,10240100,158,395,10260000,8881
6,513,10260000,10260100,158,395,10280000,8897
6,514,10280000,10280100,158,395,10300000,8916
6,515,10300000,10300100,158,395,10320000,8930
6,516,10320000,10320100,158,395,10340000,8950
6,517,10340000,10340100,158,395,10360000,8967
6,518,10360000,10360100,158,395,10380000,8983
6,519,10380000,10380100,158,395,10400000,9002
6,52,1040000,1040100,158,395,1060000,914
6,520,10400000,10400100,158,395,10420000,9020
6,521,10420000,10420100,158,395,10440000,9035
6,522,10440000,10440100,158,395,10460000,9054
6,523,10460000,10460100,158,395,10480000,9071
6,524,10480000,10480100,158,395,10500000,9086
6,525,10500000,10500100,158,395,10520000,9106
6,526,10520000,10520100,158,395,10540000,9124
6,527,10540000,10540100,158,395,10560000,9138
6,528,10560000,10560100,158,395,10580000,9159
6,529,10580000,10580100,158,395,10600000,9174
6,53,1060000,1060100,158,395,1080000,927
6,530,10600000,10600100,158,395,10620000,9192
6,531,10620000,10620100,158,395,10640000,9208
6,532,10640000,10640100,158,395,10660000,9228
6,533,10660000,10660100,158,395,10680000,9244
6,534,10680000,10680100,158,395,10700000,9261
6,535,10700000,10700100,158,395,10720000,9279
6,536,10720000,10720100,158,395,10740000,9295
6,537,10740000,10740100,158,395,10760000,9314
6,538,10760000,10760100,158,395,10780000,9330
6,539,10780000,10780100,158,395,10800000,9346
6,54,1080000,1080100,158,395,1100000,946
6,540,10800000,10800100,158,395,10820000,9367
6,541,10820000,10820100,158,395,10840000,9383
6,542,10840000,10840100,158,395,10860000,9400
6,543,10860000,10860100,158,395,10880000,9416
6,544,10880000,10880100,158,395,10900000,9436
6,545,10900000,10900100,158,395,10920000,9450
6,546,10920000,10920100,158,395,10940000,9469
6,547,10940000,10940100,158,395,10960000,9488
6,548,10960000,10960100,158,395,10980000,9503
6,549,10980000,10980100,158,395,11000000,9521
6,55,1100000,1100100,158,395,1120000,963
6,550,11000000,11000100,158,395,11020000,9539
6,551,11020000,11020100,158,395,11040000,9554
6,552,11040000,11040100,158,395,11060000,9574
6,553,11060000,11060100,158,395,11080000,9591
6,554,11080000,11080100,158,395,11100000,9607
6,555,11100000,11100100,158,395,11120000,9625
6,556,11120000,11120100,158,395,11140000,9644
6,557,11140000,11140100,158,395,11160000,9658
6,558,11160000,11160100,158,395,11180000,9678
6,559,11180000,11180100,158,395,11200000,9693
6,56,1120000,1120100,158,395,1140000,980
6,560,11200000,11200100,158,395,11220000,9711
6,561,11220000,11220100,158,395,11240000,9730
6,562,11240000,11240100,158,395,11260000,9747
6,563,11260000,11260100,158,395,11280000,9763
6,564,11280000,11280100,158,395,11300000,9781
6,565,11300000,11300100,158,395,11320000,9799
6,566,11320000,11320100,158,395,11340000,9814
6,567,11340000,11340100,158,395,11360000,9833
6,568,11360000,11360100,158,395,11380000,9852
6,569,11380000,11380100,158,395,11400000,9866
6,57,1140000,1140100,158,395,1160000,1000
6,570,11400000,11400100,158,395,11420000,9886
6,571,11420000,11420100,158,395,11440000,9901
6,572,11440000,11440100,158,395,11460000,9920
6,573,11460000,11460100,158,395,11480000,9936
6,574,11480000,11480100,158,395,11500000,9955
6,575,11500000,11500100,158,395,11520000,9971
6,576,11520000,11520100,158,395,11540000,9989
6,577,11540000,11540100,158,395,11560000,10008
6,578,11560000,11560100,158,395,11580000,10022
6,579,11580000,11580100,158,395,11600000,10040
6,58,1160000,1160100,158,395,1180000,1016
6,580,11600000,11600100,158,395,11620000,10059
6,581,11620000,11620100,158,395,11640000,10074
6,582,11640000,11640100,158,395,11660000,10094
6,583,11660000,11660100,158,395,11680000,10110
6,584,11680000,11680100,158,395,11700000,10127
6,585,11700000,11700100,158,395,11720000,10145
6,586,11720000,11720100,158,395,11740000,10163
6,587,11740000,11740100,158,395,11760000,10177
6,588,11760000,11760100,158,395,11780000,10198
6,589,11780000,11780100,158,395,11800000,10215
6,59,1180000,1180100,158,395,1200000,1031
6,590,11800000,11800100,158,395,11820000,10230
6,591,11820000,11820100,158,395,11840000,10249
6,592,11840000,11840100,158,395,11860000,10267
6,593,11860000,11860100,158,395,11880000,10282
6,594,11880000,11880100,158,395,11900000,10300
6,595,11900000,11900100,158,395,11920000,10318
6,596,11920000,11920100,158,395,11940000,10336
6,597,11940000,11940100,158,395,11960000,10353
6,598,11960000,11960100,158,395,11980000,10371
6,599,11980000,11980100,158,395,12000000,10385
6,6,120000,120100,158,395,140000,114
6,60,1200000,1200100,158,395,1220000,1051
6,600,12000000,12000100,158,395,12020000,10406
6,601,12020000,12020100,158,395,12040000,10421
6,602,12040000,12040100,158,395,12060000,10439
6,603,12060000,12060100,158,395,12080000,10457
6,604,12080000,12080100,158,395,12100000,10474
6,605,12100000,12100100,158,395,12120000,10491
6,606,12120000,12120100,158,395,12140000,10508
6,607,12140000,12140100,158,395,12160000,10527
6,608,12160000,12160100,158,395,12180000,10542
6,609,12180000,12180100,158,395,12200000,10560
6,61,1220000,1220100,158,395,1240000,1068
6,610,12200000,12200100,158,395,12220000,10580
6,611,12220000,12220100,158,395,12240000,10593
6,612,12240000,12240100,158,395,12260000,10614
6,613,12260000,12260100,158,395,12280000,10630
6,614,12280000,12280100,158,395,12300000,10646
6,615,12300000,12300100,158,395,12320000,10663
6,616,12320000,12320100,158,395,12340000,10683
6,617,12340000,12340100,158,395,12360000,10699
6,618,12360000,12360100,158,395,12380000,10717
6,619,12380000,12380100,158,395,12400000,10734
6,62,1240000,1240100,158,395,1260000,1083
6,620,12400000,12400100,158,395,12420000,10750
6,621,12420000,12420100,158,395,12440000,10769
6,622,12440000,12440100,158,395,12460000,10786
6,623,12460000,12460100,158,395,12480000,10801
6,624,12480000,12480100,158,395,12500000,10822
6,625,12500000,12500100,158,395,12520000,10838
6,626,12520000,12520100,158,395,12540000,10854
6,627,12540000,12540100,158,395,12560000,10872
6,628,12560000,12560100,158,395,12580000,10891
6,629,12580000,12580100,158,395,12600000,10905
6,63,1260000,1260100,158,395,1280000,1102
6,630,12600000,12600100,158,395,12620000,10925
6,631,12620000,12620100,158,395,12640000,10942
6,632,12640000,12640100,158,395,12660000,10959
6,633,12660000,12660100,158,395,12680000,10977
6,634,12680000,12680100,158,395,12700000,10993
6,635,12700000,12700100,158,395,12720000,11010
6,636,12720000,12720100,158,395,12740000,11028
6,637,12740000,12740100,158,395,12760000,11046
6,638,12760000,12760100,158,395,12780000,11063
6,639,12780000,12780100,158,395,12800000,11079
6,64,1280000,1280100,158,395,1300000,1121
6,640,12800000,12800100,158,395,12820000,11100
6,641,12820000,12820100,158,395,12840000,11113
6,642,12840000,12840100,158,395,12860000,11133
6,643,12860000,12860100,158,395,12880000,11149
6,644,12880000,12880100,158,395,12900000,11166
6,645,12900000,12900100,158,395,12920000,11185
6,646,12920000,12920100,158,395,12940000,11202
6,647,12940000,12940100,158,395,12960000,11218
6,648,12960000,12960100,158,395,12980000,11236
6,649,12980000,12980100,158,395,13000000,11254
6,65,1300000,1300100,158,395,1320000,1135
6,650,13000000,13000100,158,395,13020000,11269
6,651,13020000,13020100,158,395,13040000,11288
6,652,13040000,13040100,158,395,13060000,11308
6,653,13060000,13060100,158,395,13080000,11321
6,654,13080000,13080100,158,395,13100000,11341
6,655,13100000,13100100,158,395,13120000,11357
6,656,13120000,13120100,158,395,13140000,11374
6,657,13140000,13140100,158,395,13160000,11392
6,658,13160000,13160100,158,395,13180000,11410
6,659,13180000,13180100,158,395,13200000,11425
6,66,1320000,1320100,158,395,1340000,1155
6,660,13200000,13200100,158,395,13220000,11445
6,661,13220000,13220100,158,395,13240000,11462
6,662,13240000,13240100,158,395,13260000,11478
6,663,13260000,13260100,158,395,13280000,11496
6,664,13280000,13280100,158,395,13300000,11513
6,665,13300000,13300100,158,395,13320000,11530
6,666,13320000,13320100,158,395,13340000,11549
6,667,13340000,13340100,158,395,13360000,11565
6,668,13360000,13360100,158,395,13380000,11583
6,669,13380000,13380100,158,395,13400000,11599
6,67,1340000,1340100,158,395,1360000,1171
6,670,13400000,13400100,158,395,13420000,11618
6,671,13420000,13420100,158,395,13440000,11632
6,672,13440000,13440100,158,395,13460000,11653
6,673,13460000,13460100,158,395,13480000,11671
6,674,13480000,13480100,158,395,13500000,11685
6,675,13500000,13500100,158,395,13520000,11704
6,676,13520000,13520100,158,395,13540000,11722
6,677,13540000,13540100,158,395,13560000,11738
6,678,13560000,13560100,158,395,13580000,11755
6,679,13580000,13580100,158,395,13600000,11773
6,68,1360000,1360100,158,395,1380000,1189
6,680,13600000,13600100,158,395,13620000,11791
6,681,13620000,13620100,158,395,13640000,11807
6,682,13640000,13640100,158,395,13660000,11827
6,683,13660000,13660100,158,395,13680000,11840
6,684,13680000,13680100,158,395,13700000,11861
6,685,13700000,13700100,158,395,13720000,11877
6,686,13720000,13720100,158,395,13740000,11893
6,687,13740000,13740100,158,395,13760000,11913
6,688,13760000,13760100,158,395,13780000,11930
6,689,13780000,13780100,158,395,13800000,11945
6,69,1380000,1380100,158,395,1400000,1205
6,690,13800000,13800100,158,395,13820000,11964
6,691,13820000,13820100,158,395,13840000,11981
6,692,13840000,13840100,158,395,13860000,11997
6,693,13860000,13860100,158,395,13880000,12016
6,694,13880000,13880100,158,395,13900000,12034
6,695,13900000,13900100,158,395,13920000,12049
6,696,13920000,13920100,158,395,13940000,12069
6,697,13940000,13940100,158,395,13960000,12085
6,698,13960000,13960100,158,395,13980000,12102
6,699,13980000,13980100,158,395,14000000,12118
6,7,140000,140100,158,395,160000,132
6,70,1400000,1400100,158,395,1420000,1224
6,700,14000000,14000100,158,395,14020000,12138
6,701,14020000,14020100,158,395,14040000,12154
6,702,14040000,14040100,158,395,14060000,12172
6,703,14060000,14060100,158,395,14080000,12189
6,704,14080000,14080100,158,395,14100000,12205
6,705,14100000,14100100,158,395,14120000,12224
6,706,14120000,14120100,158,395,14140000,12241
6,707,14140000,14140100,158,395,14160000,12257
6,708,14160000,14160100,158,395,14180000,12277
6,709,14180000,14180100,158,395,14200000,12293
6,71,1420000,1420100,158,395,1440000,1240
6,710,14200000,14200100,158,395,14220000,12310
6,711,14220000,14220100,158,395,14240000,12326
6,712,14240000,14240100,158,395,14260000,12347
6,713,14260000,14260100,158,395,14280000,12360
6,714,14280000,14280100,158,395,14300000,12379
6,715,14300000,14300100,158,395,14320000,12398
6,716,14320000,14320100,158,395,14340000,12413
6,717,14340000,14340100,158,395,14360000,12433
6,718,14360000,14360100,158,395,14380000,12449
6,719,14380000,14380100,158,395,14400000,12464
6,72,1440000,1440100,158,395,1460000,1259
6,720,14400000,14400100,158,395,14420000,12484
6,721,14420000,14420100,158,395,14440000,12501
6,722,14440000,14440100,158,395,14460000,12518
6,723,14460000,14460100,158,395,14480000,12535
6,724,14480000,14480100,158,395,14500000,12554
6,725,14500000,14500100,158,395,14520000,12568
6,726,14520000,14520100,158,395,14540000,12588
6,727,14540000,14540100,158,395,14560000,12604
6,728,14560000,14560100,158,395,14580000,12622
6,729,14580000,14580100,158,395,14600000,12640
6,73,1460000,1460100,158,395,1480000,1276
6,730,14600000,14600100,158,395,14620000,12657
6,731,14620000,14620100,158,395,14640000,12673
6,732,14640000,14640100,158,395,14660000,12692
6,733,14660000,14660100,158,395,14680000,12709
6,734,14680000,14680100,158,395,14700000,12724
6,735,14700000,14700100,158,395,14720000,12743
6,736,14720000,14720100,158,395,14740000,12762
6,737,14740000,14740100,158,395,14760000,12777
6,738,14760000,14760100,158,395,14780000,12796
6,739,14780000,14780100,158,395,14800000,12812
6,74,1480000,1480100,158,395,1500000,1291
6,740,14800000,14800100,158,395,14820000,12830
6,741,14820000,14820100,158,395,14840000,12846
6,742,14840000,14840100,158,395,14860000,12866
6,743,14860000,14860100,158,395,14880000,12881
6,744,14880000,14880100,158,395,14900000,12899
6,745,14900000,14900100,158,395,14920000,12918
6,746,14920000,14920100,158,395,14940000,12932
6,747,14940000,14940100,158,395,14960000,12951
6,748,14960000,14960100,158,395,14980000,12969
6,749,14980000,14980100,158,395,15000000,12984
6,75,1500000,1500100,158,395,1520000,1310
6,750,15000000,15000100,158,395,15020000,13005
6,751,15020000,15020100,158,395,15040000,13020
6,752,15040000,15040100,158,395,15060000,13038
6,753,15060000,15060100,158,395,15080000,13055
6,754,15080000,15080100,158,395,15100000,13073
6,755,15100000,15100100,158,395,15120000,13087
6,756,15120000,15120100,158,395,15140000,13108
6,757,15140000,15140100,158,395,15160000,13126
6,758,15160000,15160100,158,395,15180000,13140
6,759,15180000,15180100,158,395,15200000,13159
6,76,1520000,1520100,158,395,1540000,1327
6,760,15200000,15200100,158,395,15220000,13177
6,761,15220000,15220100,158,395,15240000,13193
6,762,15240000,15240100,158,395,15260000,13211
6,763,15260000,15260100,158,395,15280000,13228
6,764,15280000,15280100,158,395,15300000,13246
6,765,15300000,15300100,158,395,15320000,13263
6,766,15320000,15320100,158,395,15340000,13281
6,767,15340000,15340100,158,395,15360000,13296
6,768,15360000,15360100,158,395,15380000,13316
6,769,15380000,15380100,158,395,15400000,13331
6,77,1540000,1540100,158,395,1560000,1344
6,770,15400000,15400100,158,395,15420000,13349
6,771,15420000,15420100,158,395,15440000,13367
6,772,15440000,15440100,158,395,15460000,13386
6,773,15460000,15460100,158,395,15480000,13401
6,774,15480000,15480100,158,395,15500000,13418
6,775,15500000,15500100,158,395,15520000,13437
6,776,15520000,15520100,158,395,15540000,13452
6,777,15540000,15540100,158,395,15560000,13471
6,778,15560000,15560100,158,395,15580000,13490
6,779,15580000,15580100,158,395,15600000,13503
6,78,1560000,1560100,158,395,1580000,1363
6,780,15600000,15600100,158,395,15620000,13524
6,781,15620000,15620100,158,395,15640000,13540
6,782,15640000,15640100,158,395,15660000,13557
6,783,15660000,15660100,158,395,15680000,13574
6,784,15680000,15680100,158,395,15700000,13593
6,785,15700000,15700100,158,395,15720000,13609
6,786,15720000,15720100,158,395,15740000,13627
6,787,15740000,15740100,158,395,15760000,13645
6,788,15760000,15760100,158,395,15780000,13660
6,789,15780000,15780100,158,395,15800000,13679
6,79,1580000,1580100,158,395,1600000,1379
6,790,15800000,15800100,158,395,15820000,13696
6,791,15820000,15820100,158,395,15840000,13711
6,792,15840000,15840100,158,395,15860000,13733
6,793,15860000,15860100,158,395,15880000,13748
6,794,15880000,15880100,158,395,15900000,13765
6,795,15900000,15900100,158,395,15920000,13782
6,796,15920000,15920100,158,395,15940000,13801
6,797,15940000,15940100,158,395,15960000,13816
6,798,15960000,15960100,158,395,15980000,13835
6,799,15980000,15980100,158,395,16000000,13852
6,8,160000,160100,158,395,180000,150
6,80,1600000,1600100,158,395,1620000,1397
6,800,16000000,16000100,158,395,16020000,13869
6,801,16020000,16020100,158,395,16040000,13887
6,802,16040000,16040100,158,395,16060000,13904
6,803,16060000,16060100,158,395,16080000,13920
6,804,16080000,16080100,158,395,16100000,13938
6,805,16100000,16100100,158,395,16120000,13957
6,806,16120000,16120100,158,395,16140000,13973
6,807,16140000,16140100,158,395,16160000,13990
6,808,16160000,16160100,158,395,16180000,14010
6,809,16180000,16180100,158,395,16200000,14023
6,81,1620000,1620100,158,395,1640000,1413
6,810,16200000,16200100,158,395,16220000,14043
6,811,16220000,16220100,158,395,16240000,14059
6,812,16240000,16240100,158,395,16260000,14077
6,813,16260000,16260100,158,395,16280000,14095
6,814,16280000,16280100,158,395,16300000,14112
6,815,16300000,16300100,158,395,16320000,14128
6,816,16320000,16320100,158,395,16340000,14147
6,817,16340000,16340100,158,395,16360000,14165
6,818,16360000,16360100,158,395,16380000,14179
6,819,16380000,16380100,158,395,16400000,14198
6,82,1640000,1640100,158,395,1660000,1433
6,820,16400000,16400100,158,395,16420000,14218
6,821,16420000,16420100,158,395,16440000,14231
6,822,16440000,16440100,158,395,16460000,14252
6,823,16460000,16460100,158,395,16480000,14267
6,824,16480000,16480100,158,395,16500000,14284
6,825,16500000,16500100,158,395,16520000,14302
6,826,16520000,16520100,158,395,16540000,14320
6,827,16540000,16540100,158,395,16560000,14337
6,828,16560000,16560100,158,395,16580000,14355
6,829,16580000,16580100,158,395,16600000,14372
6,83,1660000,1660100,158,395,1680000,1446
6,830,16600000,16600100,158,395,16620000,14388
6,831,16620000,16620100,158,395,16640000,14406
6,832,16640000,16640100,158,395,16660000,14424
6,833,16660000,16660100,158,395,16680000,14440
6,834,16680000,16680100,158,395,16700000,14459
6,835,16700000,16700100,158,395,16720000,14475
6,836,16720000,16720100,158,395,16740000,14493
6,837,16740000,16740100,158,395,16760000,14510
6,838,16760000,16760100,158,395,16780000,14529
6,839,16780000,16780100,158,395,16800000,14542
6,84,1680000,1680100,158,395,1700000,1466
6,840,16800000,16800100,158,395,16820000,14563
6,841,16820000,16820100,158,395,16840000,14581
6,842,16840000,16840100,158,395,16860000,14596
6,843,16860000,16860100,158,395,16880000,14614
6,844,16880000,16880100,158,395,16900000,14632
6,845,16900000,16900100,158,395,16920000,14648
6,846,16920000,16920100,158,395,16940000,14665
6,847,16940000,16940100,158,395,16960000,14684
6,848,16960000,16960100,158,395,16980000,14701
6,849,16980000,16980100,158,395,17000000,14718
6,85,1700000,1700100,158,395,1720000,1485
6,850,17000000,17000100,158,395,17020000,14737
6,851,17020000,17020100,158,395,17040000,14750
6,852,17040000,17040100,158,395,17060000,14772
6,853,17060000,17060100,158,395,17080000,14787
6,854,17080000,17080100,158,395,17100000,14803
6,855,17100000,17100100,158,395,17120000,14823
6,856,17120000,17120100,158,395,17140000,14840
6,857,17140000,17140100,158,395,17160000,14856
6,858,17160000,17160100,158,395,17180000,14874
6,859,17180000,17180100,158,395,17200000,14891
6,86,1720000,1720100,158,395,1740000,1499
6,860,17200000,17200100,158,395,17220000,14908
6,861,17220000,17220100,158,395,17240000,14926
6,862,17240000,17240100,158,395,17260000,14945
6,863,17260000,17260100,158,395,17280000,14959
6,864,17280000,17280100,158,395,17300000,14979
6,865,17300000,17300100,158,395,17320000,14995
6,866,17320000,17320100,158,395,17340000,15012
6,867,17340000,17340100,158,395,17360000,15029
6,868,17360000,17360100,158,395,17380000,15048
6,869,17380000,17380100,158,395,17400000,15064
6,87,1740000,1740100,158,395,1760000,1518
6,870,17400000,17400100,158,395,17420000,15082
6,871,17420000,17420100,158,395,17440000,15100
6,872,17440000,17440100,158,395,17460000,15116
6,873,17460000,17460100,158,395,17480000,15134
6,874,17480000,17480100,158,395,17500000,15151
6,875,17500000,17500100,158,395,17520000,15167
6,876,17520000,17520100,158,395,17540000,15187
6,877,17540000,17540100,158,395,17560000,15204
6,878,17560000,17560100,158,395,17580000,15220
6,879,17580000,17580100,158,395,17600000,15236
6,88,1760000,1760100,158,395,1780000,1536
6,880,17600000,17600100,158,395,17620000,15257
6,881,17620000,17620100,158,395,17640000,15270
6,882,17640000,17640100,158,395,17660000,15291
6,883,17660000,17660100,158,395,17680000,15308
6,884,17680000,17680100,158,395,17700000,15323
6,885,17700000,17700100,158,395,17720000,15343
6,886,17720000,17720100,158,395,17740000,15359
6,887,17740000,17740100,158,395,17760000,15375
6,888,17760000,17760100,158,395,17780000,15394
6,889,17780000,17780100,158,395,17800000,15411
6,89,1780000,1780100,158,395,1800000,1551
6,890,17800000,17800100,158,395,17820000,15428
6,891,17820000,17820100,158,395,17840000,15445
6,892,17840000,17840100,158,395,17860000,15465
6,893,17860000,17860100,158,395,17880000,15479
6,894,17880000,17880100,158,395,17900000,15498
6,895,17900000,17900100,158,395,17920000,15514
6,896,17920000,17920100,158,395,17940000,15532
6,897,17940000,17940100,158,395,17960000,15551
6,898,17960000,17960100,158,395,17980000,15567
6,899,17980000,17980100,158,395,18000000,15583
6,9,180000,180100,158,395,200000,166
6,90,1800000,1800100,158,395,1820000,1570
6,900,18000000,18000100,158,395,18020000,15602
6,901,18020000,18020100,158,395,18040000,15619
6,902,18040000,18040100,158,395,18060000,15635
6,903,18060000,18060100,158,395,18080000,15653
6,904,18080000,18080100,158,395,18100000,15673
6,905,18100000,18100100,158,395,18120000,15687
6,906,18120000,18120100,158,395,18140000,15706
6,907,18140000,18140100,158,395,18160000,15723
6,908,18160000,18160100,158,395,18180000,15740
6,909,18180000,18180100,158,395,18200000,15756
6,91,1820000,1820100,158,395,1840000,1587
6,910,18200000,18200100,158,395,18220000,15776
6,911,18220000,18220100,158,395,18240000,15791
6,912,18240000,18240100,158,395,18260000,15810
6,913,18260000,18260100,158,395,18280000,15828
6,914,18280000,18280100,158,395,18300000,15842
6,915,18300000,18300100,158,395,18320000,15862
6,916,18320000,18320100,158,395,18340000,15879
6,917,18340000,18340100,158,395,18360000,15895
6,918,18360000,18360100,158,395,18380000,15915
6,919,18380000,18380100,158,395,18400000,15930
6,92,1840000,1840100,158,395,1860000,1605
6,920,18400000,18400100,158,395,18420000,15948
6,921,18420000,18420100,158,395,18440000,15965
6,922,18440000,18440100,158,395,18460000,15984
6,923,18460000,18460100,158,395,18480000,15997
6,924,18480000,18480100,158,395,18500000,16018
6,925,18500000,18500100,158,395,18520000,16036
6,926,18520000,18520100,158,395,18540000,16051
6,927,18540000,18540100,158,395,18560000,16070
6,928,18560000,18560100,158,395,18580000,16087
6,929,18580000,18580100,158,395,18600000,16103
6,93,1860000,1860100,158,395,1880000,1622
6,930,18600000,18600100,158,395,18620000,16121
6,931,18620000,18620100,158,395,18640000,16138
6,932,18640000,18640100,158,395,18660000,16157
6,933,18660000,18660100,158,395,18680000,16173
6,934,18680000,18680100,158,395,18700000,16191
6,935,18700000,18700100,158,395,18720000,16206
6,936,18720000,18720100,158,395,18740000,16226
6,937,18740000,18740100,158,395,18760000,16243
6,938,18760000,18760100,158,395,18780000,16259
6,939,18780000,18780100,158,395,18800000,16277
6,94,1880000,1880100,158,395,1900000,1640
6,940,18800000,18800100,158,395,18820000,16296
6,941,18820000,18820100,158,395,18840000,16311
6,942,18840000,18840100,158,395,18860000,16329
6,943,18860000,18860100,158,395,18880000,16347
6,944,18880000,18880100,158,395,18900000,16362
6,945,18900000,18900100,158,395,18920000,16381
6,946,18920000,18920100,158,395,18940000,16400
6,947,18940000,18940100,158,395,18960000,16414
6,948,18960000,18960100,158,395,18980000,16435
6,949,18980000,18980100,158,395,19000000,16450
6,95,1900000,1900100,158,395,1920000,1654
6,950,19000000,19000100,158,395,19020000,16467
6,951,19020000,19020100,158,395,19040000,16484
6,952,19040000,19040100,158,395,19060000,16504
6,953,19060000,19060100,158,395,19080000,16519
6,954,19080000,19080100,158,395,19100000,16537
6,955,19100000,19100100,158,395,19120000,16555
6,956,19120000,19120100,158,395,19140000,16570
6,957,19140000,19140100,158,395,19160000,16590
6,958,19160000,19160100,158,395,19180000,16606
6,959,19180000,19180100,158,395,19200000,16622
6,96,1920000,1920100,158,395,1940000,1675
6,960,19200000,19200100,158,395,19220000,16643
6,961,19220000,19220100,158,395,19240000,16658
6,962,19240000,19240100,158,395,19260000,16676
6,963,19260000,19260100,158,395,19280000,16692
6,964,19280000,19280100,158,395,19300000,16711
6,965,19300000,19300100,158,395,19320000,16726
6,966,19320000,19320100,158,395,19340000,16745
6,967,19340000,19340100,158,395,19360000,16763
6,968,19360000,19360100,158,395,19380000,16779
6,969,19380000,19380100,158,395,19400000,16797
6,97,1940000,1940100,158,395,1960000,1691
6,970,19400000,19400100,158,395,19420000,16815
6,971,19420000,19420100,158,395,19440000,16830
6,972,19440000,19440100,158,395,19460000,16849
6,973,19460000,19460100,158,395,19480000,16867
6,974,19480000,19480100,158,395,19500000,16883
6,975,19500000,19500100,158,395,19520000,16900
6,976,19520000,19520100,158,395,19540000,16920
6,977,19540000,19540100,158,395,19560000,16934
6,978,19560000,19560100,158,395,19580000,16953
6,979,19580000,19580100,158,395,19600000,16969
6,98,1960000,1960100,158,395,1980000,1707
6,980,19600000,19600100,158,395,19620000,16987
6,981,19620000,19620100,158,395,19640000,17006
6,982,19640000,19640100,158,395,19660000,17023
6,983,19660000,19660100,158,395,19680000,17038
6,984,19680000,19680100,158,395,19700000,17057
6,985,19700000,19700100,158,395,19720000,17075
6,986,19720000,19720100,158,395,19740000,17089
6,987,19740000,19740100,158,395,19760000,17109
6,988,19760000,19760100,158,395,19780000,17128
6,989,19780000,19780100,158,395,19800000,17141
6,99,1980000,1980100,158,395,2000000,1726
6,990,19800000,19800100,158,395,19820000,17162
6,991,19820000,19820100,158,395,19840000,17177
6,992,19840000,19840100,158,395,19860000,17196
6,993,19860000,19860100,158,395,19880000,17212
6,994,19880000,19880100,158,395,19900000,17230
6,995,19900000,19900100,158,395,19920000,17247
6,996,19920000,19920100,158,395,19940000,17265
6,997,19940000,19940100,158,395,19960000,17283
6,998,19960000,19960100,158,395,19980000,17298
6,999,19980000,19980100,158,395,20000000,17316
7,0,0,100,5523,13807,30000,19
7,1,30000,30100,5523,13807,60000,46
7,10,300000,300100,5523,13807,330000,280
7,100,3000000,3000100,5523,13807,3030000,2618
7,1000,30000000,30000100,5523,13807,30030000,26003
7,1001,30030000,30030100,5523,13807,30060000,26030
7,1002,30060000,30060100,5523,13807,30090000,26057
7,1003,30090000,30090100,5523,13807,30120000,26082
7,1004,30120000,30120100,5523,13807,30150000,26108
7,1005,30150000,30150100,5523,13807,30180000,26135
7,1006,30180000,30180100,5523,13807,30210000,26162
7,1007,30210000,30210100,5523,13807,30240000,26184
7,1008,30240000,30240100,5523,13807,30270000,26212
7,1009,30270000,30270100,5523,13807,30300000,26237
7,101,3030000,3030100,5523,13807,3060000,2645
7,1010,30300000,30300100,5523,13807,30330000,26265
7,1011,30330000,30330100,5523,13807,30360000,26290
7,1012,30360000,30360100,5523,13807,30390000,26316
7,1013,30390000,30390100,5523,13807,30420000,26344
7,1014,30420000,30420100,5523,13807,30450000,26367
7,1015,30450000,30450100,5523,13807,30480000,26393
7,1016,30480000,30480100,5523,13807,30510000,26420
7,1017,30510000,30510100,5523,13807,30540000,26446
7,1018,30540000,30540100,5523,13807,30570000,26473
7,1019,30570000,30570100,5523,13807,30600000,26498
7,102,3060000,3060100,5523,13807,3090000,2671
7,1020,30600000,30600100,5523,13807,30630000,26524
7,1021,30630000,30630100,5523,13807,30660000,26550
7,1022,30660000,30660100,5523,13807,30690000,26575
7,1023,30690000,30690100,5523,13807,30720000,26601
7,1024,30720000,30720100,5523,13807,30750000,26628
7,1025,30750000,30750100,5523,13807,30780000,26654
7,1026,30780000,30780100,5523,13807,30810000,26682
7,1027,30810000,30810100,5523,13807,30840000,26706
7,1028,30840000,30840100,5523,13807,30870000,26731
7,1029,30870000,30870100,5523,13807,30900000,26757
7,103,3090000,3090100,5523,13807,3120000,2696
7,1030,30900000,30900100,5523,13807,30930000,26784
7,1031,30930000,30930100,5523,13807,30960000,26809
7,1032,30960000,30960100,5523,13807,30990000,26836
7,1033,30990000,30990100,5523,13807,31020000,26862
7,1034,31020000,31020100,5523,13807,31050000,26889
7,1035,31050000,31050100,5523,13807,31080000,26913
7,1036,31080000,31080100,5523,13807,31110000,26939
7,1037,31110000,31110100,5523,13807,31140000,26966
7,1038,31140000,31140100,5523,13807,31170000,26992
7,1039,31170000,31170100,5523,13807,31200000,27017
7,104,3120000,3120100,5523,13807,3150000,2721
7,1040,31200000,31200100,5523,13807,31230000,27044
7,1041,31230000,31230100,5523,13807,31260000,27071
7,1042,31260000,31260100,5523,13807,31290000,27095
7,1043,31290000,31290100,5523,13807,31320000,27121
7,1044,31320000,31320100,5523,13807,31350000,27146
7,1045,31350000,31350100,5523,13807,31380000,27174
7,1046,31380000,31380100,5523,13807,31410000,27201
7,1047,31410000,31410100,5523,13807,31440000,27225
7,1048,31440000,31440100,5523,13807,31470000,27253
7,1049,31470000,31470100,5523,13807,31500000,27276
7,105,3150000,3150100,5523,13807,3180000,2747
7,1050,31500000,31500100,5523,13807,31530000,27304
7,1051,31530000,31530100,5523,13807,31560000,27329
7,1052,31560000,31560100,5523,13807,31590000,27355
7,1053,31590000,31590100,5523,13807,31620000,27382
7,1054,31620000,31620100,5523,13807,31650000,27408
7,1055,31650000,31650100,5523,13807,31680000,27433
7,1056,31680000,31680100,5523,13807,31710000,27459
7,1057,31710000,31710100,5523,13807,31740000,27485
7,1058,31740000,31740100,5523,13807,31770000,27512
7,1059,31770000,31770100,5523,13807,31800000,27537
7,106,3180000,3180100,5523,13807,3210000,2775
7,1060,31800000,31800100,5523,13807,31830000,27563
7,1061,31830000,31830100,5523,13807,31860000,27591
7,1062,31860000,31860100,5523,13807,31890000,27616
7,1063,31890000,31890100,5523,13807,31920000,27640
7,1064,31920000,31920100,5523,13807,31950000,27666
7,1065,31950000,31950100,5523,13807,31980000,27693
7,1066,31980000,31980100,5523,13807,32010000,27720
7,1067,32010000,32010100,5523,13807,32040000,27745
7,1068,32040000,32040100,5523,13807,32070000,27772
7,1069,32070000,32070100,5523,13807,32100000,27798
7,107,3210000,3210100,5523,13807,3240000,2799
7,1070,32100000,32100100,5523,13807,32130000,27823
7,1071,32130000,32130100,5523,13807,32160000,27848
7,1072,32160000,32160100,5523,13807,32190000,27875
7,1073,32190000,32190100,5523,13807,32220000,27901
7,1074,32220000,32220100,5523,13807,32250000,27928
7,1075,32250000,32250100,5523,13807,32280000,27953
7,1076,32280000,32280100,5523,13807,32310000,27980
7,1077,32310000,32310100,5523,13807,32340000,28004
7,1078,32340000,32340100,5523,13807,32370000,28031
7,1079,32370000,32370100,5523,13807,32400000,28056
7,108,3240000,3240100,5523,13807,3270000,2826
7,1080,32400000,32400100,5523,13807,32430000,28083
7,1081,32430000,32430100,5523,13807,32460000,28110
7,1082,32460000,32460100,5523,13807,32490000,28136
7,1083,32490000,32490100,5523,13807,32520000,28162
7,1084,32520000,32520100,5523,13807,32550000,28185
7,1085,32550000,32550100,5523,13807,32580000,28213
7,1086,32580000,32580100,5523,13807,32610000,28239
7,1087,32610000,32610100,5523,13807,32640000,28264
7,1088,32640000,32640100,5523,13807,32670000,28291
7,1089,32670000,32670100,5523,13807,32700000,28317
7,109,3270000,3270100,5523,13807,3300000,2852
7,1090,32700000,32700100,5523,13807,32730000,28345
7,1091,32730000,32730100,5523,13807,32760000,28368
7,1092,32760000,32760100,5523,13807,32790000,28394
7,1093,32790000,32790100,5523,13807,32820000,28421
7,1094,32820000,32820100,5523,13807,32850000,28447
7,1095,32850000,32850100,5523,13807,32880000,28472
7,1096,32880000,32880100,5523,13807,32910000,28500
7,1097,32910000,32910100,5523,13807,32940000,28525
7,1098,32940000,32940100,5523,13807,32970000,28551
7,1099,32970000,32970100,5523,13807,33000000,28575
7,11,330000,330100,5523,13807,360000,306
7,110,3300000,3300100,5523,13807,3330000,2879
7,1100,33000000,33000100,5523,13807,33030000,28602
7,1101,33030000,33030100,5523,13807,33060000,28630
7,1102,33060000,33060100,5523,13807,33090000,28655
7,1103,33090000,33090100,5523,13807,33120000,28681
7,1104,33120000,33120100,5523,13807,33150000,28707
7,1105,33150000,33150100,5523,13807,33180000,28732
7,1106,33180000,33180100,5523,13807,33210000,28759
7,1107,33210000,33210100,5523,13807,33240000,28784
7,1108,33240000,33240100,5523,13807,33270000,28810
7,1109,33270000,33270100,5523,13807,33300000,28837
7,111,3330000,3330100,5523,13807,3360000,2903
7,1110,33300000,33300100,5523,13807,33330000,28863
7,1111,33330000,33330100,5523,13807,33360000,28889
7,1112,33360000,33360100,5523,13807,33390000,28914
7,1113,33390000,33390100,5523,13807,33420000,28940
7,1114,33420000,33420100,5523,13807,33450000,28967
7,1115,33450000,33450100,5523,13807,33480000,28992
7,1116,33480000,33480100,5523,13807,33510000,29019
7,1117,33510000,33510100,5523,13807,33540000,29045
7,1118,33540000,33540100,5523,13807,33570000,29072
7,1119,33570000,33570100,5523,13807,33600000,29094
7,112,3360000,3360100,5523,13807,3390000,2929
7,1120,33600000,33600100,5523,13807,33630000,29122
7,1121,33630000,33630100,5523,13807,33660000,29148
7,1122,33660000,33660100,5523,13807,33690000,29175
7,1123,33690000,33690100,5523,13807,33720000,29201
7,1124,33720000,33720100,5523,13807,33750000,29226
7,1125,33750000,33750100,5523,13807,33780000,29254
7,1126,33780000,33780100,5523,13807,33810000,29278
7,1127,33810000,33810100,5523,13807,33840000,29303
7,1128,33840000,33840100,5523,13807,33870000,29330
7,1129,33870000,33870100,5523,13807,33900000,29356
7,113,3390000,3390100,5523,13807,3420000,2956
7,1130,33900000,33900100,5523,13807,33930000,29383
7,1131,33930000,33930100,5523,13807,33960000,29409
7,1132,33960000,33960100,5523,13807,33990000,29434
7,1133,33990000,33990100,5523,13807,34020000,29460
7,1134,34020000,34020100,5523,13807,34050000,29486
7,1135,34050000,34050100,5523,13807,34080000,29511
7,1136,34080000,34080100,5523,13807,34110000,29539
7,1137,34110000,34110100,5523,13807,34140000,29564
7,1138,34140000,34140100,5523,13807,34170000,29592
7,1139,34170000,34170100,5523,13807,34200000,29616
7,114,3420000,3420100,5523,13807,3450000,2982
7,1140,34200000,34200100,5523,13807,34230000,29641
7,1141,34230000,34230100,5523,13807,34260000,29668
7,1142,34260000,34260100,5523,13807,34290000,29694
7,1143,34290000,34290100,5523,13807,34320000,29719
7,1144,34320000,34320100,5523,13807,34350000,29746
7,1145,34350000,34350100,5523,13807,34380000,29773
7,1146,34380000,34380100,5523,13807,34410000,29800
7,1147,34410000,34410100,5523,13807,34440000,29823
7,1148,34440000,34440100,5523,13807,34470000,29849
7,1149,34470000,34470100,5523,13807,34500000,29876
7,115,3450000,3450100,5523,13807,3480000,3008
7,1150,34500000,34500100,5523,13807,34530000,29902
7,1151,34530000,34530100,5523,13807,34560000,29928
7,1152,34560000,34560100,5523,13807,34590000,29954
7,1153,34590000,34590100,5523,13807,34620000,29981
7,1154,34620000,34620100,5523,13807,34650000,30005
7,1155,34650000,34650100,5523,13807,34680000,30031
7,1156,34680000,34680100,5523,13807,34710000,30058
7,1157,34710000,34710100,5523,13807,34740000,30084
7,1158,34740000,34740100,5523,13807,34770000,30111
7,1159,34770000,34770100,5523,13807,34800000,30135
7,116,3480000,3480100,5523,13807,3510000,3034
7,1160,34800000,34800100,5523,13807,34830000,30163
7,1161,34830000,34830100,5523,13807,34860000,30187
7,1162,34860000,34860100,5523,13807,34890000,30214
7,1163,34890000,34890100,5523,13807,34920000,30239
7,1164,34920000,34920100,5523,13807,34950000,30265
7,1165,34950000,34950100,5523,13807,34980000,30292
7,1166,34980000,34980100,5523,13807,35010000,30319
7,1167,35010000,35010100,5523,13807,35040000,30344
7,1168,35040000,35040100,5523,13807,35070000,30369
7,1169,35070000,35070100,5523,13807,35100000,30395
7,117,3510000,3510100,5523,13807,3540000,3061
7,1170,35100000,35100100,5523,13807,35130000,30422
7,1171,35130000,35130100,5523,13807,35160000,30448
7,1172,35160000,35160100,5523,13807,35190000,30473
7,1173,35190000,35190100,5523,13807,35220000,30501
7,1174,35220000,35220100,5523,13807,35250000,30526
7,1175,35250000,35250100,5523,13807,35280000,30550
7,1176,35280000,35280100,5523,13807,35310000,30577
7,1177,35310000,35310100,5523,13807,35340000,30603
7,1178,35340000,35340100,5523,13807,35370000,30631
7,1179,35370000,35370100,5523,13807,35400000,30655
7,118,3540000,3540100,5523,13807,3570000,3085
7,1180,35400000,35400100,5523,13807,35430000,30682
7,1181,35430000,35430100,5523,13807,35460000,30709
7,1182,35460000,35460100,5523,13807,35490000,30733
7,1183,35490000,35490100,5523,13807,35520000,30758
7,1184,35520000,35520100,5523,13807,35550000,30785
7,1185,35550000,35550100,5523,13807,35580000,30811
7,1186,35580000,35580100,5523,13807,35610000,30839
7,1187,35610000,35610100,5523,13807,35640000,30863
7,1188,35640000,35640100,5523,13807,35670000,30890
7,1189,35670000,35670100,5523,13807,35700000,30915
7,119,3570000,3570100,5523,13807,3600000,3110
7,1190,35700000,35700100,5523,13807,35730000,30941
7,1191,35730000,35730100,5523,13807,35760000,30967
7,1192,35760000,35760100,5523,13807,35790000,30993
7,1193,35790000,35790100,5523,13807,35820000,31020
7,1194,35820000,35820100,5523,13807,35850000,31046
7,1195,35850000,35850100,5523,13807,35880000,31072
7,1196,35880000,35880100,5523,13807,35910000,31096
7,1197,35910000,35910100,5523,13807,35940000,31123
7,1198,35940000,35940100,5523,13807,35970000,31149
7,1199,35970000,35970100,5523,13807,36000000,31174
7,12,360000,360100,5523,13807,390000,332
7,120,3600000,3600100,5523,13807,3630000,3137
7,1200,36000000,36000100,5523,13807,36030000,31202
7,1201,36030000,36030100,5523,13807,36060000,31228
7,1202,36060000,36060100,5523,13807,36090000,31255
7,1203,36090000,36090100,5523,13807,36120000,31278
7,1204,36120000,36120100,5523,13807,36150000,31304
7,1205,36150000,36150100,5523,13807,36180000,31331
7,1206,36180000,36180100,5523,13807,36210000,31358
7,1207,36210000,36210100,5523,13807,36240000,31382
7,1208,36240000,36240100,5523,13807,36270000,31410
7,1209,36270000,36270100,5523,13807,36300000,31435
7,121,3630000,3630100,5523,13807,3660000,3164
7,1210,36300000,36300100,5523,13807,36330000,31461
7,1211,36330000,36330100,5523,13807,36360000,31487
7,1212,36360000,36360100,5523,13807,36390000,31512
7,1213,36390000,36390100,5523,13807,36420000,31540
7,1214,36420000,36420100,5523,13807,36450000,31565
7,1215,36450000,36450100,5523,13807,36480000,31591
7,1216,36480000,36480100,5523,13807,36510000,31618
7,1217,36510000,36510100,5523,13807,36540000,31642
7,1218,36540000,36540100,5523,13807,36570000,31669
7,1219,36570000,36570100,5523,13807,36600000,31694
7,122,3660000,3660100,5523,13807,3690000,3191
7,1220,36600000,36600100,5523,13807,36630000,31720
7,1221,36630000,36630100,5523,13807,36660000,31748
7,1222,36660000,36660100,5523,13807,36690000,31774
7,1223,36690000,36690100,5523,13807,36720000,31799
7,1224,36720000,36720100,5523,13807,36750000,31824
7,1225,36750000,36750100,5523,13807,36780000,31850
7,1226,36780000,36780100,5523,13807,36810000,31878
7,1227,36810000,36810100,5523,13807,36840000,31902
7,1228,36840000,36840100,5523,13807,36870000,31929
7,1229,36870000,36870100,5523,13807,36900000,31955
7,123,3690000,3690100,5523,13807,3720000,3216
7,1230,36900000,36900100,5523,13807,36930000,31982
7,1231,36930000,36930100,5523,13807,36960000,32005
7,1232,36960000,36960100,5523,13807,36990000,32032
7,1233,36990000,36990100,5523,13807,37020000,32059
7,1234,37020000,37020100,5523,13807,37050000,32085
7,1235,37050000,37050100,5523,13807,37080000,32111
7,1236,37080000,37080100,5523,13807,37110000,32137
7,1237,37110000,37110100,5523,13807,37140000,32164
7,1238,37140000,37140100,5523,13807,37170000,32188
7,1239,37170000,37170100,5523,13807,37200000,32213
7,124,3720000,3720100,5523,13807,3750000,3242
7,1240,37200000,37200100,5523,13807,37230000,32240
7,1241,37230000,37230100,5523,13807,37260000,32267
7,1242,37260000,37260100,5523,13807,37290000,32293
7,1243,37290000,37290100,5523,13807,37320000,32319
7,1244,37320000,37320100,5523,13807,37350000,32345
7,1245,37350000,37350100,5523,13807,37380000,32370
7,1246,37380000,37380100,5523,13807,37410000,32397
7,1247,37410000,37410100,5523,13807,37440000,32421
7,1248,37440000,37440100,5523,13807,37470000,32449
7,1249,37470000,37470100,5523,13807,37500000,32474
7,125,3750000,3750100,5523,13807,3780000,3267
7,1250,37500000,37500100,5523,13807,37530000,32502
7,1251,37530000,37530100,5523,13807,37560000,32527
7,1252,37560000,37560100,5523,13807,37590000,32551
7,1253,37590000,37590100,5523,13807,37620000,32578
7,1254,37620000,37620100,5523,13807,37650000,32604
7,1255,37650000,37650100,5523,13807,37680000,32630
7,1256,37680000,37680100,5523,13807,37710000,32657
7,1257,37710000,37710100,5523,13807,37740000,32683
7,1258,37740000,37740100,5523,13807,37770000,32710
7,1259,37770000,37770100,5523,13807,37800000,32733
7,126,3780000,3780100,5523,13807,3810000,3294
7,1260,37800000,37800100,5523,13807,37830000,32759
7,1261,37830000,37830100,5523,13807,37860000,32787
7,1262,37860000,37860100,5523,13807,37890000,32812
7,1263,37890000,37890100,5523,13807,37920000,32838
7,1264,37920000,37920100,5523,13807,37950000,32864
7,1265,37950000,37950100,5523,13807,37980000,32891
7,1266,37980000,37980100,5523,13807,38010000,32917
7,1267,38010000,38010100,5523,13807,38040000,32941
7,1268,38040000,38040100,5523,13807,38070000,32968
7,1269,38070000,38070100,5523,13807,38100000,32994
7,127,3810000,3810100,5523,13807,3840000,3318
7,1270,38100000,38100100,5523,13807,38130000,33021
7,1271,38130000,38130100,5523,13807,38160000,33046
7,1272,38160000,38160100,5523,13807,38190000,33073
7,1273,38190000,38190100,5523,13807,38220000,33097
7,1274,38220000,38220100,5523,13807,38250000,33124
7,1275,38250000,38250100,5523,13807,38280000,33149
7,1276,38280000,38280100,5523,13807,38310000,33176
7,1277,38310000,38310100,5523,13807,38340000,33203
7,1278,38340000,38340100,5523,13807,38370000,33229
7,1279,38370000,38370100,5523,13807,38400000,33254
7,128,3840000,3840100,5523,13807,3870000,3346
7,1280,38400000,38400100,5523,13807,38430000,33279
7,1281,38430000,38430100,5523,13807,38460000,33306
7,1282,38460000,38460100,5523,13807,38490000,33332
7,1283,38490000,38490100,5523,13807,38520000,33358
7,1284,38520000,38520100,5523,13807,38550000,33383
7,1285,38550000,38550100,5523,13807,38580000,33411
7,1286,38580000,38580100,5523,13807,38610000,33437
7,1287,38610000,38610100,5523,13807,38640000,33460
7,1288,38640000,38640100,5523,13807,38670000,33488
7,1289,38670000,38670100,5523,13807,38700000,33513
7,129,3870000,3870100,5523,13807,3900000,3371
7,1290,38700000,38700100,5523,13807,38730000,33541
7,1291,38730000,38730100,5523,13807,38760000,33566
7,1292,38760000,38760100,5523,13807,38790000,33592
7,1293,38790000,38790100,5523,13807,38820000,33619
7,1294,38820000,38820100,5523,13807,38850000,33643
7,1295,38850000,38850100,5523,13807,38880000,33668
7,1296,38880000,38880100,5523,13807,38910000,33696
7,1297,38910000,38910100,5523,13807,38940000,33721
7,1298,38940000,38940100,5523,13807,38970000,33749
7,1299,38970000,38970100,5523,13807,39000000,33774
7,13,390000,390100,5523,13807,420000,357
7,130,3900000,3900100,5523,13807,3930000,3399
7,1300,39000000,39000100,5523,13807,39030000,33800
7,1301,39030000,39030100,5523,13807,39060000,33826
7,1302,39060000,39060100,5523,13807,39090000,33851
7,1303,39090000,39090100,5523,13807,39120000,33877
7,1304,39120000,39120100,5523,13807,39150000,33903
7,1305,39150000,39150100,5523,13807,39180000,33930
7,1306,39180000,39180100,5523,13807,39210000,33957
7,1307,39210000,39210100,5523,13807,39240000,33982
7,1308,39240000,39240100,5523,13807,39270000,34006
7,1309,39270000,39270100,5523,13807,39300000,34033
7,131,3930000,3930100,5523,13807,3960000,3424
7,1310,39300000,39300100,5523,13807,39330000,34060
7,1311,39330000,39330100,5523,13807,39360000,34085
7,1312,39360000,39360100,5523,13807,39390000,34112
7,1313,39390000,39390100,5523,13807,39420000,34138
7,1314,39420000,39420100,5523,13807,39450000,34165
7,1315,39450000,39450100,5523,13807,39480000,34188
7,1316,39480000,39480100,5523,13807,39510000,34215
7,1317,39510000,39510100,5523,13807,39540000,34241
7,1318,39540000,39540100,5523,13807,39570000,34268
7,1319,39570000,39570100,5523,13807,39600000,34292
7,132,3960000,3960100,5523,13807,3990000,3448
7,1320,39600000,39600100,5523,13807,39630000,34320
7,1321,39630000,39630100,5523,13807,39660000,34347
7,1322,39660000,39660100,5523,13807,39690000,34371
7,1323,39690000,39690100,5523,13807,39720000,34397
7,1324,39720000,39720100,5523,13807,39750000,34422
7,1325,39750000,39750100,5523,13807,39780000,34450
7,1326,39780000,39780100,5523,13807,39810000,34476
7,1327,39810000,39810100,5523,13807,39840000,34501
7,1328,39840000,39840100,5523,13807,39870000,34528
7,1329,39870000,39870100,5523,13807,39900000,34552
7,133,3990000,3990100,5523,13807,4020000,3476
7,1330,39900000,39900100,5523,13807,39930000,34579
7,1331,39930000,39930100,5523,13807,39960000,34605
7,1332,39960000,39960100,5523,13807,39990000,34631
7,1333,39990000,39990100,5523,13807,40020000,34658
7,1334,40020000,40020100,5523,13807,40050000,34684
7,1335,40050000,40050100,5523,13807,40080000,34709
7,1336,40080000,40080100,5523,13807,40110000,34735
7,1337,40110000,40110100,5523,13807,40140000,34760
7,1338,40140000,40140100,5523,13807,40170000,34788
7,1339,40170000,40170100,5523,13807,40200000,34812
7,134,4020000,4020100,5523,13807,4050000,3501
7,1340,40200000,40200100,5523,13807,40230000,34839
7,1341,40230000,40230100,5523,13807,40260000,34866
7,1342,40260000,40260100,5523,13807,40290000,34892
7,1343,40290000,40290100,5523,13807,40320000,34916
7,1344,40320000,40320100,5523,13807,40350000,34942
7,1345,40350000,40350100,5523,13807,40380000,34969
7,1346,40380000,40380100,5523,13807,40410000,34996
7,1347,40410000,40410100,5523,13807,40440000,35021
7,1348,40440000,40440100,5523,13807,40470000,35047
7,1349,40470000,40470100,5523,13807,40500000,35074
7,135,4050000,4050100,5523,13807,4080000,3527
7,1350,40500000,40500100,5523,13807,40530000,35098
7,1351,40530000,40530100,5523,13807,40560000,35124
7,1352,40560000,40560100,5523,13807,40590000,35150
7,1353,40590000,40590100,5523,13807,40620000,35177
7,1354,40620000,40620100,5523,13807,40650000,35204
7,1355,40650000,40650100,5523,13807,40680000,35229
7,1356,40680000,40680100,5523,13807,40710000,35256
7,1357,40710000,40710100,5523,13807,40740000,35280
7,1358,40740000,40740100,5523,13807,40770000,35307
7,1359,40770000,40770100,5523,13807,40800000,35331
7,136,4080000,4080100,5523,13807,4110000,3554
7,1360,40800000,40800100,5523,13807,40830000,35359
7,1361,40830000,40830100,5523,13807,40860000,35385
7,1362,40860000,40860100,5523,13807,40890000,35412
7,1363,40890000,40890100,5523,13807,40920000,35437
7,1364,40920000,40920100,5523,13807,40950000,35461
7,1365,40950000,40950100,5523,13807,40980000,35489
7,1366,40980000,40980100,5523,13807,41010000,35515
7,1367,41010000,41010100,5523,13807,41040000,35540
7,1368,41040000,41040100,5523,13807,41070000,35567
7,1369,41070000,41070100,5523,13807,41100000,35593
7,137,4110000,4110100,5523,13807,4140000,3580
7,1370,41100000,41100100,5523,13807,41130000,35620
7,1371,41130000,41130100,5523,13807,41160000,35644
7,1372,41160000,41160100,5523,13807,41190000,35669
7,1373,41190000,41190100,5523,13807,41220000,35697
7,1374,41220000,41220100,5523,13807,41250000,35722
7,1375,41250000,41250100,5523,13807,41280000,35748
7,1376,41280000,41280100,5523,13807,41310000,35776
7,1377,41310000,41310100,5523,13807,41340000,35801
7,1378,41340000,41340100,5523,13807,41370000,35827
7,1379,41370000,41370100,5523,13807,41400000,35851
7,138,4140000,4140100,5523,13807,4170000,3607
7,1380,41400000,41400100,5523,13807,41430000,35878
7,1381,41430000,41430100,5523,13807,41460000,35905
7,1382,41460000,41460100,5523,13807,41490000,35931
7,1383,41490000,41490100,5523,13807,41520000,35956
7,1384,41520000,41520100,5523,13807,41550000,35983
7,1385,41550000,41550100,5523,13807,41580000,36007
7,1386,41580000,41580100,5523,13807,41610000,36035
7,1387,41610000,41610100,5523,13807,41640000,36060
7,1388,41640000,41640100,5523,13807,41670000,36086
7,1389,41670000,41670100,5523,13807,41700000,36113
7,139,4170000,4170100,5523,13807,4200000,3630
7,1390,41700000,41700100,5523,13807,41730000,36139
7,1391,41730000,41730100,5523,13807,41760000,36165
7,1392,41760000,41760100,5523,13807,41790000,36189
7,1393,41790000,41790100,5523,13807,41820000,36216
7,1394,41820000,41820100,5523,13807,41850000,36242
7,1395,41850000,41850100,5523,13807,41880000,36268
7,1396,41880000,41880100,5523,13807,41910000,36294
7,1397,41910000,41910100,5523,13807,41940000,36321
7,1398,41940000,41940100,5523,13807,41970000,36348
7,1399,41970000,41970100,5523,13807,42000000,36370
7,14,420000,420100,5523,13807,450000,383
7,140,4200000,4200100,5523,13807,4230000,3656
7,1400,42000000,42000100,5523,13807,42030000,36398
7,1401,42030000,42030100,5523,13807,42060000,36424
7,1402,42060000,42060100,5523,13807,42090000,36451
7,1403,42090000,42090100,5523,13807,42120000,36476
7,1404,42120000,42120100,5523,13807,42150000,36502
7,1405,42150000,42150100,5523,13807,42180000,36529
7,1406,42180000,42180100,5523,13807,42210000,36554
7,1407,42210000,42210100,5523,13807,42240000,36578
7,1408,42240000,42240100,5523,13807,42270000,36606
7,1409,42270000,42270100,5523,13807,42300000,36632
7,141,4230000,4230100,5523,13807,4260000,3684
7,1410,42300000,42300100,5523,13807,42330000,36659
7,1411,42330000,42330100,5523,13807,42360000,36685
7,1412,42360000,42360100,5523,13807,42390000,36710
7,1413,42390000,42390100,5523,13807,42420000,36736
7,1414,42420000,42420100,5523,13807,42450000,36761
7,1415,42450000,42450100,5523,13807,42480000,36787
7,1416,42480000,42480100,5523,13807,42510000,36814
7,1417,42510000,42510100,5523,13807,42540000,36840
7,1418,42540000,42540100,5523,13807,42570000,36867
7,1419,42570000,42570100,5523,13807,42600000,36892
7,142,4260000,4260100,5523,13807,4290000,3709
7,1420,42600000,42600100,5523,13807,42630000,36917
7,1421,42630000,42630100,5523,13807,42660000,36944
7,1422,42660000,42660100,5523,13807,42690000,36970
7,1423,42690000,42690100,5523,13807,42720000,36995
7,1424,42720000,42720100,5523,13807,42750000,37022
7,1425,42750000,42750100,5523,13807,42780000,37048
7,1426,42780000,42780100,5523,13807,42810000,37076
7,1427,42810000,42810100,5523,13807,42840000,37098
7,1428,42840000,42840100,5523,13807,42870000,37125
7,1429,42870000,42870100,5523,13807,42900000,37151
7,143,4290000,4290100,5523,13807,4320000,3735
7,1430,42900000,42900100,5523,13807,42930000,37178
7,1431,42930000,42930100,5523,13807,42960000,37204
7,1432,42960000,42960100,5523,13807,42990000,37230
7,1433,42990000,42990100,5523,13807,43020000,37257
7,1434,43020000,43020100,5523,13807,43050000,37281
7,1435,43050000,43050100,5523,13807,43080000,37307
7,1436,43080000,43080100,5523,13807,43110000,37333
7,1437,43110000,43110100,5523,13807,43140000,37360
7,1438,43140000,43140100,5523,13807,43170000,37386
7,1439,43170000,43170100,5523,13807,43200000,37411
7,144,4320000,4320100,5523,13807,4350000,3762
7,1440,43200000,43200100,5523,13807,43230000,37438
7,1441,43230000,43230100,5523,13807,43260000,37463
7,1442,43260000,43260100,5523,13807,43290000,37490
7,1443,43290000,43290100,5523,13807,43320000,37515
7,1444,43320000,43320100,5523,13807,43350000,37541
7,1445,43350000,43350100,5523,13807,43380000,37568
7,1446,43380000,43380100,5523,13807,43410000,37595
7,1447,43410000,43410100,5523,13807,43440000,37619
7,1448,43440000,43440100,5523,13807,43470000,37645
7,1449,43470000,43470100,5523,13807,43500000,37670
7,145,4350000,4350100,5523,13807,4380000,3788
7,1450,43500000,43500100,5523,13807,43530000,37698
7,1451,43530000,43530100,5523,13807,43560000,37723
7,1452,43560000,43560100,5523,13807,43590000,37749
7,1453,43590000,43590100,5523,13807,43620000,37777
7,1454,43620000,43620100,5523,13807,43650000,37802
7,1455,43650000,43650100,5523,13807,43680000,37826
7,1456,43680000,43680100,5523,13807,43710000,37853
7,1457,43710000,43710100,5523,13807,43740000,37879
7,1458,43740000,43740100,5523,13807,43770000,37906
7,1459,43770000,43770100,5523,13807,43800000,37931
7,146,4380000,4380100,5523,13807,4410000,3814
7,1460,43800000,43800100,5523,13807,43830000,37957
7,1461,43830000,43830100,5523,13807,43860000,37985
7,1462,43860000,43860100,5523,13807,43890000,38008
7,1463,43890000,43890100,5523,13807,43920000,38034
7,1464,43920000,43920100,5523,13807,43950000,38061
7,1465,43950000,43950100,5523,13807,43980000,38087
7,1466,43980000,43980100,5523,13807,44010000,38115
7,1467,44010000,44010100,5523,13807,44040000,38139
7,1468,44040000,44040100,5523,13807,44070000,38166
7,1469,44070000,44070100,5523,13807,44100000,38190
7,147,4410000,4410100,5523,13807,4440000,3838
7,1470,44100000,44100100,5523,13807,44130000,38217
7,1471,44130000,44130100,5523,13807,44160000,38242
7,1472,44160000,44160100,5523,13807,44190000,38269
7,1473,44190000,44190100,5523,13807,44220000,38295
7,1474,44220000,44220100,5523,13807,44250000,38322
7,1475,44250000,44250100,5523,13807,44280000,38348
7,1476,44280000,44280100,5523,13807,44310000,38372
7,1477,44310000,44310100,5523,13807,44340000,38399
7,1478,44340000,44340100,5523,13807,44370000,38425
7,1479,44370000,44370100,5523,13807,44400000,38450
7,148,4440000,4440100,5523,13807,4470000,3865
7,1480,44400000,44400100,5523,13807,44430000,38477
7,1481,44430000,44430100,5523,13807,44460000,38504
7,1482,44460000,44460100,5523,13807,44490000,38530
7,1483,44490000,44490100,5523,13807,44520000,38554
7,1484,44520000,44520100,5523,13807,44550000,38579
7,1485,44550000,44550100,5523,13807,44580000,38607
7,1486,44580000,44580100,5523,13807,44610000,38634
7,1487,44610000,44610100,5523,13807,44640000,38658
7,1488,44640000,44640100,5523,13807,44670000,38686
7,1489,44670000,44670100,5523,13807,44700000,38711
7,149,4470000,4470100,5523,13807,4500000,3891
7,1490,44700000,44700100,5523,13807,44730000,38737
7,1491,44730000,44730100,5523,13807,44760000,38762
7,1492,44760000,44760100,5523,13807,44790000,38788
7,1493,44790000,44790100,5523,13807,44820000,38815
7,1494,44820000,44820100,5523,13807,44850000,38841
7,1495,44850000,44850100,5523,13807,44880000,38866
7,1496,44880000,44880100,5523,13807,44910000,38894
7,1497,44910000,44910100,5523,13807,44940000,38918
7,1498,44940000,44940100,5523,13807,44970000,38945
7,1499,44970000,44970100,5523,13807,45000000,38970
7,15,450000,450100,5523,13807,480000,408
7,150,4500000,4500100,5523,13807,4530000,3918
7,1500,45000000,45000100,5523,13807,45030000,38996
7,1501,45030000,45030100,5523,13807,45060000,39024
7,1502,45060000,45060100,5523,13807,45090000,39049
7,1503,45090000,45090100,5523,13807,45120000,39075
7,1504,45120000,45120100,5523,13807,45150000,39099
7,1505,45150000,45150100,5523,13807,45180000,39126
7,1506,45180000,45180100,5523,13807,45210000,39153
7,1507,45210000,45210100,5523,13807,45240000,39178
7,1508,45240000,45240100,5523,13807,45270000,39205
7,1509,45270000,45270100,5523,13807,45300000,39231
7,151,4530000,4530100,5523,13807,4560000,3943
7,1510,45300000,45300100,5523,13807,45330000,39258
7,1511,45330000,45330100,5523,13807,45360000,39281
7,1512,45360000,45360100,5523,13807,45390000,39308
7,1513,45390000,45390100,5523,13807,45420000,39334
7,1514,45420000,45420100,5523,13807,45450000,39361
7,1515,45450000,45450100,5523,13807,45480000,39386
7,1516,45480000,45480100,5523,13807,45510000,39413
7,1517,45510000,45510100,5523,13807,45540000,39439
7,1518,45540000,45540100,5523,13807,45570000,39464
7,1519,45570000,45570100,5523,13807,45600000,39489
7,152,4560000,4560100,5523,13807,4590000,3970
7,1520,45600000,45600100,5523,13807,45630000,39516
7,1521,45630000,45630100,5523,13807,45660000,39543
7,1522,45660000,45660100,5523,13807,45690000,39569
7,1523,45690000,45690100,5523,13807,45720000,39595
7,1524,45720000,45720100,5523,13807,45750000,39620
7,1525,45750000,45750100,5523,13807,45780000,39646
7,1526,45780000,45780100,5523,13807,45810000,39672
7,1527,45810000,45810100,5523,13807,45840000,39697
7,1528,45840000,45840100,5523,13807,45870000,39724
7,1529,45870000,45870100,5523,13807,45900000,39750
7,153,4590000,4590100,5523,13807,4620000,3994
7,1530,45900000,45900100,5523,13807,45930000,39778
7,1531,45930000,45930100,5523,13807,45960000,39803
7,1532,45960000,45960100,5523,13807,45990000,39827
7,1533,45990000,45990100,5523,13807,46020000,39854
7,1534,46020000,46020100,5523,13807,46050000,39880
7,1535,46050000,46050100,5523,13807,46080000,39905
7,1536,46080000,46080100,5523,13807,46110000,39933
7,1537,46110000,46110100,5523,13807,46140000,39958
7,1538,46140000,46140100,5523,13807,46170000,39986
7,1539,46170000,46170100,5523,13807,46200000,40008
7,154,4620000,4620100,5523,13807,4650000,4021
7,1540,46200000,46200100,5523,13807,46230000,40035
7,1541,46230000,46230100,5523,13807,46260000,40063
7,1542,46260000,46260100,5523,13807,46290000,40088
7,1543,46290000,46290100,5523,13807,46320000,40114
7,1544,46320000,46320100,5523,13807,46350000,40140
7,1545,46350000,46350100,5523,13807,46380000,40167
7,1546,46380000,46380100,5523,13807,46410000,40192
7,1547,46410000,46410100,5523,13807,46440000,40217
7,1548,46440000,46440100,5523,13807,46470000,40243
7,1549,46470000,46470100,5523,13807,46500000,40270
7,155,4650000,4650100,5523,13807,4680000,4047
7,1550,46500000,46500100,5523,13807,46530000,40296
7,1551,46530000,46530100,5523,13807,46560000,40322
7,1552,46560000,46560100,5523,13807,46590000,40349
7,1553,46590000,46590100,5523,13807,46620000,40373
7,1554,46620000,46620100,5523,13807,46650000,40400
7,1555,46650000,46650100,5523,13807,46680000,40425
7,1556,46680000,46680100,5523,13807,46710000,40452
7,1557,46710000,46710100,5523,13807,46740000,40478
7,1558,46740000,46740100,5523,13807,46770000,40505
7,1559,46770000,46770100,5523,13807,46800000,40529
7,156,4680000,4680100,5523,13807,4710000,4073
7,1560,46800000,46800100,5523,13807,46830000,40555
7,1561,46830000,46830100,5523,13807,46860000,40581
7,1562,46860000,46860100,5523,13807,46890000,40608
7,1563,46890000,46890100,5523,13807,46920000,40634
7,1564,46920000,46920100,5523,13807,46950000,40659
7,1565,46950000,46950100,5523,13807,46980000,40687
7,1566,46980000,46980100,5523,13807,47010000,40713
7,1567,47010000,47010100,5523,13807,47040000,40736
7,1568,47040000,47040100,5523,13807,47070000,40763
7,1569,47070000,47070100,5523,13807,47100000,40789
7,157,4710000,4710100,5523,13807,4740000,4100
7,1570,47100000,47100100,5523,13807,47130000,40816
7,1571,47130000,47130100,5523,13807,47160000,40842
7,1572,47160000,47160100,5523,13807,47190000,40867
7,1573,47190000,47190100,5523,13807,47220000,40895
7,1574,47220000,47220100,5523,13807,47250000,40919
7,1575,47250000,47250100,5523,13807,47280000,40944
7,1576,47280000,47280100,5523,13807,47310000,40972
7,1577,47310000,47310100,5523,13807,47340000,40997
7,1578,47340000,47340100,5523,13807,47370000,41025
7,1579,47370000,47370100,5523,13807,47400000,41049
7,158,4740000,4740100,5523,13807,4770000,4126
7,1580,47400000,47400100,5523,13807,47430000,41076
7,1581,47430000,47430100,5523,13807,47460000,41101
7,1582,47460000,47460100,5523,13807,47490000,41127
7,1583,47490000,47490100,5523,13807,47520000,41152
7,1584,47520000,47520100,5523,13807,47550000,41179
7,1585,47550000,47550100,5523,13807,47580000,41206
7,1586,47580000,47580100,5523,13807,47610000,41233
7,1587,47610000,47610100,5523,13807,47640000,41258
7,1588,47640000,47640100,5523,13807,47670000,41282
7,1589,47670000,47670100,5523,13807,47700000,41309
7,159,4770000,4770100,5523,13807,4800000,4151
7,1590,47700000,47700100,5523,13807,47730000,41335
7,1591,47730000,47730100,5523,13807,47760000,41361
7,1592,47760000,47760100,5523,13807,47790000,41387
7,1593,47790000,47790100,5523,13807,47820000,41414
7,1594,47820000,47820100,5523,13807,47850000,41440
7,1595,47850000,47850100,5523,13807,47880000,41464
7,1596,47880000,47880100,5523,13807,47910000,41491
7,1597,47910000,47910100,5523,13807,47940000,41517
7,1598,47940000,47940100,5523,13807,47970000,41544
7,1599,47970000,47970100,5523,13807,48000000,41568
7,16,480000,480100,5523,13807,510000,436
7,160,4800000,4800100,5523,13807,4830000,4176
7,1600,48000000,48000100,5523,13807,48030000,41596
7,1601,48030000,48030100,5523,13807,48060000,41622
7,1602,48060000,48060100,5523,13807,48090000,41647
7,1603,48090000,48090100,5523,13807,48120000,41672
7,1604,48120000,48120100,5523,13807,48150000,41698
7,1605,48150000,48150100,5523,13807,48180000,41725
7,1606,48180000,48180100,5523,13807,48210000,41752
7,1607,48210000,48210100,5523,13807,48240000,41777
7,1608,48240000,48240100,5523,13807,48270000,41804
7,1609,48270000,48270100,5523,13807,48300000,41828
7,161,4830000,4830100,5523,13807,4860000,4203
7,1610,48300000,48300100,5523,13807,48330000,41855
7,1611,48330000,48330100,5523,13807,48360000,41881
7,1612,48360000,48360100,5523,13807,48390000,41906
7,1613,48390000,48390100,5523,13807,48420000,41934
7,1614,48420000,48420100,5523,13807,48450000,41959
7,1615,48450000,48450100,5523,13807,48480000,41985
7,1616,48480000,48480100,5523,13807,48510000,42010
7,1617,48510000,48510100,5523,13807,48540000,42036
7,1618,48540000,48540100,5523,13807,48570000,42064
7,1619,48570000,48570100,5523,13807,48600000,42088
7,162,4860000,4860100,5523,13807,4890000,4229
7,1620,48600000,48600100,5523,13807,48630000,42115
7,1621,48630000,48630100,5523,13807,48660000,42142
7,1622,48660000,48660100,5523,13807,48690000,42168
7,1623,48690000,48690100,5523,13807,48720000,42191
7,1624,48720000,48720100,5523,13807,48750000,42218
7,1625,48750000,48750100,5523,13807,48780000,42244
7,1626,48780000,48780100,5523,13807,48810000,42272
7,1627,48810000,48810100,5523,13807,48840000,42296
7,1628,48840000,48840100,5523,13807,48870000,42323
7,1629,48870000,48870100,5523,13807,48900000,42350
7,163,4890000,4890100,5523,13807,4920000,4255
7,1630,48900000,48900100,5523,13807,48930000,42374
7,1631,48930000,48930100,5523,13807,48960000,42400
7,1632,48960000,48960100,5523,13807,48990000,42426
7,1633,48990000,48990100,5523,13807,49020000,42453
7,1634,49020000,49020100,5523,13807,49050000,42479
7,1635,49050000,49050100,5523,13807,49080000,42505
7,1636,49080000,49080100,5523,13807,49110000,42531
7,1637,49110000,49110100,5523,13807,49140000,42556
7,1638,49140000,49140100,5523,13807,49170000,42582
7,1639,49170000,49170100,5523,13807,49200000,42607
7,164,4920000,4920100,5523,13807,4950000,4280
7,1640,49200000,49200100,5523,13807,49230000,42635
7,1641,49230000,49230100,5523,13807,49260000,42661
7,1642,49260000,49260100,5523,13807,49290000,42688
7,1643,49290000,49290100,5523,13807,49320000,42713
7,1644,49320000,49320100,5523,13807,49350000,42737
7,1645,49350000,49350100,5523,13807,49380000,42764
7,1646,49380000,49380100,5523,13807,49410000,42791
7,1647,49410000,49410100,5523,13807,49440000,42815
7,1648,49440000,49440100,5523,13807,49470000,42843
7,1649,49470000,49470100,5523,13807,49500000,42868
7,165,4950000,4950100,5523,13807,4980000,4308
7,1650,49500000,49500100,5523,13807,49530000,42896
7,1651,49530000,49530100,5523,13807,49560000,42920
7,1652,49560000,49560100,5523,13807,49590000,42945
7,1653,49590000,49590100,5523,13807,49620000,42973
7,1654,49620000,49620100,5523,13807,49650000,42998
7,1655,49650000,49650100,5523,13807,49680000,43024
7,1656,49680000,49680100,5523,13807,49710000,43051
7,1657,49710000,49710100,5523,13807,49740000,43077
7,1658,49740000,49740100,5523,13807,49770000,43102
7,1659,49770000,49770100,5523,13807,49800000,43127
7,166,4980000,4980100,5523,13807,5010000,4335
7,1660,49800000,49800100,5523,13807,49830000,43153
7,1661,49830000,49830100,5523,13807,49860000,43181
7,1662,49860000,49860100,5523,13807,49890000,43207
7,1663,49890000,49890100,5523,13807,49920000,43232
7,1664,49920000,49920100,5523,13807,49950000,43259
7,1665,49950000,49950100,5523,13807,49980000,43283
7,1666,49980000,49980100,5523,13807,50010000,43311
7,1667,50010000,50010100,5523,13807,50040000,43335
7,1668,50040000,50040100,5523,13807,50070000,43362
7,1669,50070000,50070100,5523,13807,50100000,43388
7,167,5010000,5010100,5523,13807,5040000,4357
7,1670,50100000,50100100,5523,13807,50130000,43415
7,1671,50130000,50130100,5523,13807,50160000,43440
7,1672,50160000,50160100,5523,13807,50190000,43465
7,1673,50190000,50190100,5523,13807,50220000,43492
7,1674,50220000,50220100,5523,13807,50250000,43518
7,1675,50250000,50250100,5523,13807,50280000,43544
7,1676,50280000,50280100,5523,13807,50310000,43570
7,1677,50310000,50310100,5523,13807,50340000,43597
7,1678,50340000,50340100,5523,13807,50370000,43623
7,1679,50370000,50370100,5523,13807,50400000,43646
7,168,5040000,5040100,5523,13807,5070000,4385
7,1680,50400000,50400100,5523,13807,50430000,43673
7,1681,50430000,50430100,5523,13807,50460000,43700
7,1682,50460000,50460100,5523,13807,50490000,43726
7,1683,50490000,50490100,5523,13807,50520000,43752
7,1684,50520000,50520100,5523,13807,50550000,43778
7,1685,50550000,50550100,5523,13807,50580000,43805
7,1686,50580000,50580100,5523,13807,50610000,43830
7,1687,50610000,50610100,5523,13807,50640000,43854
7,1688,50640000,50640100,5523,13807,50670000,43882
7,1689,50670000,50670100,5523,13807,50700000,43907
7,169,5070000,5070100,5523,13807,5100000,4410
7,1690,50700000,50700100,5523,13807,50730000,43935
7,1691,50730000,50730100,5523,13807,50760000,43960
7,1692,50760000,50760100,5523,13807,50790000,43986
7,1693,50790000,50790100,5523,13807,50820000,44011
7,1694,50820000,50820100,5523,13807,50850000,44037
7,1695,50850000,50850100,5523,13807,50880000,44063
7,1696,50880000,50880100,5523,13807,50910000,44090
7,1697,50910000,50910100,5523,13807,50940000,44116
7,1698,50940000,50940100,5523,13807,50970000,44143
7,1699,50970000,50970100,5523,13807,51000000,44168
7,17,510000,510100,5523,13807,540000,461
7,170,5100000,5100100,5523,13807,5130000,4438
7,1700,51000000,51000100,5523,13807,51030000,44192
7,1701,51030000,51030100,5523,13807,51060000,44220
7,1702,51060000,51060100,5523,13807,51090000,44245
7,1703,51090000,51090100,5523,13807,51120000,44271
7,1704,51120000,51120100,5523,13807,51150000,44297
7,1705,51150000,51150100,5523,13807,51180000,44324
7,1706,51180000,51180100,5523,13807,51210000,44352
7,1707,51210000,51210100,5523,13807,51240000,44374
7,1708,51240000,51240100,5523,13807,51270000,44401
7,1709,51270000,51270100,5523,13807,51300000,44427
7,171,5130000,5130100,5523,13807,5160000,4463
7,1710,51300000,51300100,5523,13807,51330000,44454
7,1711,51330000,51330100,5523,13807,51360000,44479
7,1712,51360000,51360100,5523,13807,51390000,44506
7,1713,51390000,51390100,5523,13807,51420000,44532
7,1714,51420000,51420100,5523,13807,51450000,44557
7,1715,51450000,51450100,5523,13807,51480000,44582
7,1716,51480000,51480100,5523,13807,51510000,44609
7,1717,51510000,51510100,5523,13807,51540000,44636
7,1718,51540000,51540100,5523,13807,51570000,44662
7,1719,51570000,51570100,5523,13807,51600000,44687
7,172,5160000,5160100,5523,13807,5190000,4489
7,1720,51600000,51600100,5523,13807,51630000,44714
7,1721,51630000,51630100,5523,13807,51660000,44739
7,1722,51660000,51660100,5523,13807,51690000,44765
7,1723,51690000,51690100,5523,13807,51720000,44791
7,1724,51720000,51720100,5523,13807,51750000,44816
7,1725,51750000,51750100,5523,13807,51780000,44844
7,1726,51780000,51780100,5523,13807,51810000,44870
7,1727,51810000,51810100,5523,13807,51840000,44895
7,1728,51840000,51840100,5523,13807,51870000,44921
7,1729,51870000,51870100,5523,13807,51900000,44946
7,173,5190000,5190100,5523,13807,5220000,4516
7,1730,51900000,51900100,5523,13807,51930000,44974
7,1731,51930000,51930100,5523,13807,51960000,44999
7,1732,51960000,51960100,5523,13807,51990000,45025
7,1733,51990000,51990100,5523,13807,52020000,45052
7,1734,52020000,52020100,5523,13807,52050000,45078
7,1735,52050000,52050100,5523,13807,52080000,45101
7,1736,52080000,52080100,5523,13807,52110000,45129
7,1737,52110000,52110100,5523,13807,52140000,45154
7,1738,52140000,52140100,5523,13807,52170000,45182
7,1739,52170000,52170100,5523,13807,52200000,45207
7,174,5220000,5220100,5523,13807,5250000,4540
7,1740,52200000,52200100,5523,13807,52230000,45233
7,1741,52230000,52230100,5523,13807,52260000,45261
7,1742,52260000,52260100,5523,13807,52290000,45284
7,1743,52290000,52290100,5523,13807,52320000,45310
7,1744,52320000,52320100,5523,13807,52350000,45336
7,1745,52350000,52350100,5523,13807,52380000,45363
7,1746,52380000,52380100,5523,13807,52410000,45390
7,1747,52410000,52410100,5523,13807,52440000,45415
7,1748,52440000,52440100,5523,13807,52470000,45441
7,1749,52470000,52470100,5523,13807,52500000,45466
7,175,5250000,5250100,5523,13807,5280000,4565
7,1750,52500000,52500100,5523,13807,52530000,45493
7,1751,52530000,52530100,5523,13807,52560000,45518
7,1752,52560000,52560100,5523,13807,52590000,45545
7,1753,52590000,52590100,5523,13807,52620000,45571
7,1754,52620000,52620100,5523,13807,52650000,45598
7,1755,52650000,52650100,5523,13807,52680000,45623
7,1756,52680000,52680100,5523,13807,52710000,45648
7,1757,52710000,52710100,5523,13807,52740000,45674
7,1758,52740000,52740100,5523,13807,52770000,45701
7,1759,52770000,52770100,5523,13807,52800000,45725
7,176,5280000,5280100,5523,13807,5310000,4593
7,1760,52800000,52800100,5523,13807,52830000,45753
7,1761,52830000,52830100,5523,13807,52860000,45780
7,1762,52860000,52860100,5523,13807,52890000,45806
7,1763,52890000,52890100,5523,13807,52920000,45830
7,1764,52920000,52920100,5523,13807,52950000,45855
7,1765,52950000,52950100,5523,13807,52980000,45883
7,1766,52980000,52980100,5523,13807,53010000,45909
7,1767,53010000,53010100,5523,13807,53040000,45934
7,1768,53040000,53040100,5523,13807,53070000,45961
7,1769,53070000,53070100,5523,13807,53100000,45987
7,177,5310000,5310100,5523,13807,5340000,4619
7,1770,53100000,53100100,5523,13807,53130000,46012
7,1771,53130000,53130100,5523,13807,53160000,46038
7,1772,53160000,53160100,5523,13807,53190000,46064
7,1773,53190000,53190100,5523,13807,53220000,46091
7,1774,53220000,53220100,5523,13807,53250000,46117
7,1775,53250000,53250100,5523,13807,53280000,46142
7,1776,53280000,53280100,5523,13807,53310000,46170
7,1777,53310000,53310100,5523,13807,53340000,46193
7,1778,53340000,53340100,5523,13807,53370000,46221
7,1779,53370000,53370100,5523,13807,53400000,46245
7,178,5340000,5340100,5523,13807,5370000,4646
7,1780,53400000,53400100,5523,13807,53430000,46272
7,1781,53430000,53430100,5523,13807,53460000,46299
7,1782,53460000,53460100,5523,13807,53490000,46325
7,1783,53490000,53490100,5523,13807,53520000,46351
7,1784,53520000,53520100,5523,13807,53550000,46375
7,1785,53550000,53550100,5523,13807,53580000,46402
7,1786,53580000,53580100,5523,13807,53610000,46429
7,1787,53610000,53610100,5523,13807,53640000,46454
7,1788,53640000,53640100,5523,13807,53670000,46480
7,1789,53670000,53670100,5523,13807,53700000,46507
7,179,5370000,5370100,5523,13807,5400000,4671
7,1790,53700000,53700100,5523,13807,53730000,46533
7,1791,53730000,53730100,5523,13807,53760000,46557
7,1792,53760000,53760100,5523,13807,53790000,46583
7,1793,53790000,53790100,5523,13807,53820000,46610
7,1794,53820000,53820100,5523,13807,53850000,46637
7,1795,53850000,53850100,5523,13807,53880000,46662
7,1796,53880000,53880100,5523,13807,53910000,46689
7,1797,53910000,53910100,5523,13807,53940000,46715
7,1798,53940000,53940100,5523,13807,53970000,46740
7,1799,53970000,53970100,5523,13807,54000000,46764
7,18,540000,540100,5523,13807,570000,489
7,180,5400000,5400100,5523,13807,5430000,4697
7,1800,54000000,54000100,5523,13807,54030000,46792
7,1801,54030000,54030100,5523,13807,54060000,46818
7,1802,54060000,54060100,5523,13807,54090000,46845
7,1803,54090000,54090100,5523,13807,54120000,46870
7,1804,54120000,54120100,5523,13807,54150000,46896
7,1805,54150000,54150100,5523,13807,54180000,46922
7,1806,54180000,54180100,5523,13807,54210000,46948
7,1807,54210000,54210100,5523,13807,54240000,46973
7,1808,54240000,54240100,5523,13807,54270000,47000
7,1809,54270000,54270100,5523,13807,54300000,47026
7,181,5430000,5430100,5523,13807,5460000,4723
7,1810,54300000,54300100,5523,13807,54330000,47053
7,1811,54330000,54330100,5523,13807,54360000,47079
7,1812,54360000,54360100,5523,13807,54390000,47102
7,1813,54390000,54390100,5523,13807,54420000,47130
7,1814,54420000,54420100,5523,13807,54450000,47155
7,1815,54450000,54450100,5523,13807,54480000,47181
7,1816,54480000,54480100,5523,13807,54510000,47209
7,1817,54510000,54510100,5523,13807,54540000,47234
7,1818,54540000,54540100,5523,13807,54570000,47262
7,1819,54570000,54570100,5523,13807,54600000,47284
7,182,5460000,5460100,5523,13807,5490000,4748
7,1820,54600000,54600100,5523,13807,54630000,47311
7,1821,54630000,54630100,5523,13807,54660000,47338
7,1822,54660000,54660100,5523,13807,54690000,47364
7,1823,54690000,54690100,5523,13807,54720000,47389
7,1824,54720000,54720100,5523,13807,54750000,47416
7,1825,54750000,54750100,5523,13807,54780000,47442
7,1826,54780000,54780100,5523,13807,54810000,47468
7,1827,54810000,54810100,5523,13807,54840000,47493
7,1828,54840000,54840100,5523,13807,54870000,47519
7,1829,54870000,54870100,5523,13807,54900000,47546
7,183,5490000,5490100,5523,13807,5520000,4774
7,1830,54900000,54900100,5523,13807,54930000,47572
7,1831,54930000,54930100,5523,13807,54960000,47598
7,1832,54960000,54960100,5523,13807,54990000,47624
7,1833,54990000,54990100,5523,13807,55020000,47649
7,1834,55020000,55020100,5523,13807,55050000,47675
7,1835,55050000,55050100,5523,13807,55080000,47701
7,1836,55080000,55080100,5523,13807,55110000,47727
7,1837,55110000,55110100,5523,13807,55140000,47754
7,1838,55140000,55140100,5523,13807,55170000,47781
7,1839,55170000,55170100,5523,13807,55200000,47805
7,184,5520000,5520100,5523,13807,5550000,4800
7,1840,55200000,55200100,5523,13807,55230000,47831
7,1841,55230000,55230100,5523,13807,55260000,47857
7,1842,55260000,55260100,5523,13807,55290000,47884
7,1843,55290000,55290100,5523,13807,55320000,47909
7,1844,55320000,55320100,5523,13807,55350000,47935
7,1845,55350000,55350100,5523,13807,55380000,47962
7,1846,55380000,55380100,5523,13807,55410000,47989
7,1847,55410000,55410100,5523,13807,55440000,48011
7,1848,55440000,55440100,5523,13807,55470000,48039
7,1849,55470000,55470100,5523,13807,55500000,48065
7,185,5550000,5550100,5523,13807,5580000,4827
7,1850,55500000,55500100,5523,13807,55530000,48092
7,1851,55530000,55530100,5523,13807,55560000,48118
7,1852,55560000,55560100,5523,13807,55590000,48143
7,1853,55590000,55590100,5523,13807,55620000,48171
7,1854,55620000,55620100,5523,13807,55650000,48194
7,1855,55650000,55650100,5523,13807,55680000,48220
7,1856,55680000,55680100,5523,13807,55710000,48247
7,1857,55710000,55710100,5523,13807,55740000,48273
7,1858,55740000,55740100,5523,13807,55770000,48300
7,1859,55770000,55770100,5523,13807,55800000,48325
7,186,5580000,5580100,5523,13807,5610000,4854
7,1860,55800000,55800100,5523,13807,55830000,48352
7,1861,55830000,55830100,5523,13807,55860000,48377
7,1862,55860000,55860100,5523,13807,55890000,48403
7,1863,55890000,55890100,5523,13807,55920000,48428
7,1864,55920000,55920100,5523,13807,55950000,48455
7,1865,55950000,55950100,5523,13807,55980000,48481
7,1866,55980000,55980100,5523,13807,56010000,48509
7,1867,56010000,56010100,5523,13807,56040000,48533
7,1868,56040000,56040100,5523,13807,56070000,48558
7,1869,56070000,56070100,5523,13807,56100000,48584
7,187,5610000,5610100,5523,13807,5640000,4879
7,1870,56100000,56100100,5523,13807,56130000,48611
7,1871,56130000,56130100,5523,13807,56160000,48637
7,1872,56160000,56160100,5523,13807,56190000,48663
7,1873,56190000,56190100,5523,13807,56220000,48690
7,1874,56220000,56220100,5523,13807,56250000,48716
7,1875,56250000,56250100,5523,13807,56280000,48740
7,1876,56280000,56280100,5523,13807,56310000,48766
7,1877,56310000,56310100,5523,13807,56340000,48793
7,1878,56340000,56340100,5523,13807,56370000,48819
7,1879,56370000,56370100,5523,13807,56400000,48844
7,188,5640000,5640100,5523,13807,5670000,4904
7,1880,56400000,56400100,5523,13807,56430000,48871
7,1881,56430000,56430100,5523,13807,56460000,48898
7,1882,56460000,56460100,5523,13807,56490000,48923
7,1883,56490000,56490100,5523,13807,56520000,48948
7,1884,56520000,56520100,5523,13807,56550000,48974
7,1885,56550000,56550100,5523,13807,56580000,49001
7,1886,56580000,56580100,5523,13807,56610000,49028
7,1887,56610000,56610100,5523,13807,56640000,49052
7,1888,56640000,56640100,5523,13807,56670000,49080
7,1889,56670000,56670100,5523,13807,56700000,49103
7,189,5670000,5670100,5523,13807,5700000,4930
7,1890,56700000,56700100,5523,13807,56730000,49131
7,1891,56730000,56730100,5523,13807,56760000,49156
7,1892,56760000,56760100,5523,13807,56790000,49182
7,1893,56790000,56790100,5523,13807,56820000,49210
7,1894,56820000,56820100,5523,13807,56850000,49235
7,1895,56850000,56850100,5523,13807,56880000,49261
7,1896,56880000,56880100,5523,13807,56910000,49286
7,1897,56910000,56910100,5523,13807,56940000,49312
7,1898,56940000,56940100,5523,13807,56970000,49339
7,1899,56970000,56970100,5523,13807,57000000,49364
7,19,570000,570100,5523,13807,600000,513
7,190,5700000,5700100,5523,13807,5730000,4957
7,1900,57000000,57000100,5523,13807,57030000,49390
7,1901,57030000,57030100,5523,13807,57060000,49418
7,1902,57060000,57060100,5523,13807,57090000,49443
7,1903,57090000,57090100,5523,13807,57120000,49467
7,1904,57120000,57120100,5523,13807,57150000,49494
7,1905,57150000,57150100,5523,13807,57180000,49520
7,1906,57180000,57180100,5523,13807,57210000,49548
7,1907,57210000,57210100,5523,13807,57240000,49572
7,1908,57240000,57240100,5523,13807,57270000,49599
7,1909,57270000,57270100,5523,13807,57300000,49625
7,191,5730000,5730100,5523,13807,5760000,4982
7,1910,57300000,57300100,5523,13807,57330000,49650
7,1911,57330000,57330100,5523,13807,57360000,49675
7,1912,57360000,57360100,5523,13807,57390000,49702
7,1913,57390000,57390100,5523,13807,57420000,49728
7,1914,57420000,57420100,5523,13807,57450000,49755
7,1915,57450000,57450100,5523,13807,57480000,49781
7,1916,57480000,57480100,5523,13807,57510000,49807
7,1917,57510000,57510100,5523,13807,57540000,49832
7,1918,57540000,57540100,5523,13807,57570000,49858
7,1919,57570000,57570100,5523,13807,57600000,49883
7,192,5760000,5760100,5523,13807,5790000,5009
7,1920,57600000,57600100,5523,13807,57630000,49910
7,1921,57630000,57630100,5523,13807,57660000,49937
7,1922,57660000,57660100,5523,13807,57690000,49963
7,1923,57690000,57690100,5523,13807,57720000,49989
7,1924,57720000,57720100,5523,13807,57750000,50012
7,1925,57750000,57750100,5523,13807,57780000,50040
7,1926,57780000,57780100,5523,13807,57810000,50067
7,1927,57810000,57810100,5523,13807,57840000,50091
7,1928,57840000,57840100,5523,13807,57870000,50119
7,1929,57870000,57870100,5523,13807,57900000,50144
7,193,5790000,5790100,5523,13807,5820000,5035
7,1930,57900000,57900100,5523,13807,57930000,50172
7,1931,57930000,57930100,5523,13807,57960000,50195
7,1932,57960000,57960100,5523,13807,57990000,50221
7,1933,57990000,57990100,5523,13807,58020000,50248
7,1934,58020000,58020100,5523,13807,58050000,50274
7,1935,58050000,58050100,5523,13807,58080000,50299
7,1936,58080000,58080100,5523,13807,58110000,50327
7,1937,58110000,58110100,5523,13807,58140000,50353
7,1938,58140000,58140100,5523,13807,58170000,50378
7,1939,58170000,58170100,5523,13807,58200000,50403
7,194,5820000,5820100,5523,13807,5850000,5062
7,1940,58200000,58200100,5523,13807,58230000,50429
7,1941,58230000,58230100,5523,13807,58260000,50457
7,1942,58260000,58260100,5523,13807,58290000,50482
7,1943,58290000,58290100,5523,13807,58320000,50508
7,1944,58320000,58320100,5523,13807,58350000,50534
7,1945,58350000,58350100,5523,13807,58380000,50559
7,1946,58380000,58380100,5523,13807,58410000,50586
7,1947,58410000,58410100,5523,13807,58440000,50611
7,1948,58440000,58440100,5523,13807,58470000,50638
7,1949,58470000,58470100,5523,13807,58500000,50664
7,195,5850000,5850100,5523,13807,5880000,5085
7,1950,58500000,58500100,5523,13807,58530000,50691
7,1951,58530000,58530100,5523,13807,58560000,50716
7,1952,58560000,58560100,5523,13807,58590000,50741
7,1953,58590000,58590100,5523,13807,58620000,50767
7,1954,58620000,58620100,5523,13807,58650000,50794
7,1955,58650000,58650100,5523,13807,58680000,50819
7,1956,58680000,58680100,5523,13807,58710000,50846
7,1957,58710000,58710100,5523,13807,58740000,50872
7,1958,58740000,58740100,5523,13807,58770000,50899
7,1959,58770000,58770100,5523,13807,58800000,50922
7,196,5880000,5880100,5523,13807,5910000,5112
7,1960,58800000,58800100,5523,13807,58830000,50949
7,1961,58830000,58830100,5523,13807,58860000,50976
7,1962,58860000,58860100,5523,13807,58890000,51002
7,1963,58890000,58890100,5523,13807,58920000,51028
7,1964,58920000,58920100,5523,13807,58950000,51053
7,1965,58950000,58950100,5523,13807,58980000,51081
7,1966,58980000,58980100,5523,13807,59010000,51105
7,1967,59010000,59010100,5523,13807,59040000,51130
7,1968,59040000,59040100,5523,13807,59070000,51157
7,1969,59070000,59070100,5523,13807,59100000,51183
7,197,5910000,5910100,5523,13807,5940000,5138
7,1970,59100000,59100100,5523,13807,59130000,51211
7,1971,59130000,59130100,5523,13807,59160000,51236
7,1972,59160000,59160100,5523,13807,59190000,51262
7,1973,59190000,59190100,5523,13807,59220000,51287
7,1974,59220000,59220100,5523,13807,59250000,51313
7,1975,59250000,59250100,5523,13807,59280000,51338
7,1976,59280000,59280100,5523,13807,59310000,51366
7,1977,59310000,59310100,5523,13807,59340000,51391
7,1978,59340000,59340100,5523,13807,59370000,51419
7,1979,59370000,59370100,5523,13807,59400000,51443
7,198,5940000,5940100,5523,13807,5970000,5165
7,1980,59400000,59400100,5523,13807,59430000,51468
7,1981,59430000,59430100,5523,13807,59460000,51496
7,1982,59460000,59460100,5523,13807,59490000,51521
7,1983,59490000,59490100,5523,13807,59520000,51547
7,1984,59520000,59520100,5523,13807,59550000,51573
7,1985,59550000,59550100,5523,13807,59580000,51600
7,1986,59580000,59580100,5523,13807,59610000,51627
7,1987,59610000,59610100,5523,13807,59640000,51650
7,1988,59640000,59640100,5523,13807,59670000,51676
7,1989,59670000,59670100,5523,13807,59700000,51703
7,199,5970000,5970100,5523,13807,6000000,5190
7,1990,59700000,59700100,5523,13807,59730000,51729
7,1991,59730000,59730100,5523,13807,59760000,51755
7,1992,59760000,59760100,5523,13807,59790000,51782
7,1993,59790000,59790100,5523,13807,59820000,51808
7,1994,59820000,59820100,5523,13807,59850000,51833
7,1995,59850000,59850100,5523,13807,59880000,51858
7,1996,59880000,59880100,5523,13807,59910000,51885
7,1997,59910000,59910100,5523,13807,59940000,51911
7,1998,59940000,59940100,5523,13807,59970000,51938
7,1999,59970000,59970100,5523,13807,60000000,51962
7,2,60000,60100,5523,13807,90000,72
7,20,600000,600100,5523,13807,630000,538
7,200,6000000,6000100,5523,13807,6030000,5217
7,2000,60000000,60000100,5523,13807,60030000,51990
7,2001,60030000,60030100,5523,13807,60060000,52014
7,2002,60060000,60060100,5523,13807,60090000,52041
7,2003,60090000,60090100,5523,13807,60120000,52067
7,2004,60120000,60120100,5523,13807,60150000,52092
7,2005,60150000,60150100,5523,13807,60180000,52120
7,2006,60180000,60180100,5523,13807,60210000,52146
7,2007,60210000,60210100,5523,13807,60240000,52171
7,2008,60240000,60240100,5523,13807,60270000,52196
7,2009,60270000,60270100,5523,13807,60300000,52222
7,201,6030000,6030100,5523,13807,6060000,5244
7,2010,60300000,60300100,5523,13807,60330000,52249
7,2011,60330000,60330100,5523,13807,60360000,52275
7,2012,60360000,60360100,5523,13807,60390000,52300
7,2013,60390000,60390100,5523,13807,60420000,52328
7,2014,60420000,60420100,5523,13807,60450000,52354
7,2015,60450000,60450100,5523,13807,60480000,52377
7,2016,60480000,60480100,5523,13807,60510000,52405
7,2017,60510000,60510100,5523,13807,60540000,52430
7,2018,60540000,60540100,5523,13807,60570000,52458
7,2019,60570000,60570100,5523,13807,60600000,52482
7,202,6060000,6060100,5523,13807,6090000,5268
7,2020,60600000,60600100,5523,13807,60630000,52509
7,2021,60630000,60630100,5523,13807,60660000,52536
7,2022,60660000,60660100,5523,13807,60690000,52560
7,2023,60690000,60690100,5523,13807,60720000,52585
7,2024,60720000,60720100,5523,13807,60750000,52612
7,2025,60750000,60750100,5523,13807,60780000,52639
7,2026,60780000,60780100,5523,13807,60810000,52666
7,2027,60810000,60810100,5523,13807,60840000,52691
7,2028,60840000,60840100,5523,13807,60870000,52717
7,2029,60870000,60870100,5523,13807,60900000,52742
7,203,6090000,6090100,5523,13807,6120000,5294
7,2030,60900000,60900100,5523,13807,60930000,52768
7,2031,60930000,60930100,5523,13807,60960000,52794
7,2032,60960000,60960100,5523,13807,60990000,52820
7,2033,60990000,60990100,5523,13807,61020000,52847
7,2034,61020000,61020100,5523,13807,61050000,52873
7,2035,61050000,61050100,5523,13807,61080000,52899
7,2036,61080000,61080100,5523,13807,61110000,52924
7,2037,61110000,61110100,5523,13807,61140000,52950
7,2038,61140000,61140100,5523,13807,61170000,52977
7,2039,61170000,61170100,5523,13807,61200000,53001
7,204,6120000,6120100,5523,13807,6150000,5319
7,2040,61200000,61200100,5523,13807,61230000,53029
7,2041,61230000,61230100,5523,13807,61260000,53055
7,2042,61260000,61260100,5523,13807,61290000,53082
7,2043,61290000,61290100,5523,13807,61320000,53105
7,2044,61320000,61320100,5523,13807,61350000,53131
7,2045,61350000,61350100,5523,13807,61380000,53158
7,2046,61380000,61380100,5523,13807,61410000,53185
7,2047,61410000,61410100,5523,13807,61440000,53210
7,2048,61440000,61440100,5523,13807,61470000,53237
7,2049,61470000,61470100,5523,13807,61500000,53263
7,205,6150000,6150100,5523,13807,6180000,5347
7,2050,61500000,61500100,5523,13807,61530000,53288
7,2051,61530000,61530100,5523,13807,61560000,53314
7,2052,61560000,61560100,5523,13807,61590000,53339
7,2053,61590000,61590100,5523,13807,61620000,53367
7,2054,61620000,61620100,5523,13807,61650000,53392
7,2055,61650000,61650100,5523,13807,61680000,53418
7,2056,61680000,61680100,5523,13807,61710000,53445
7,2057,61710000,61710100,5523,13807,61740000,53469
7,2058,61740000,61740100,5523,13807,61770000,53497
7,2059,61770000,61770100,5523,13807,61800000,53521
7,206,6180000,6180100,5523,13807,6210000,5373
7,2060,61800000,61800100,5523,13807,61830000,53548
7,2061,61830000,61830100,5523,13807,61860000,53575
7,2062,61860000,61860100,5523,13807,61890000,53601
7,2063,61890000,61890100,5523,13807,61920000,53626
7,2064,61920000,61920100,5523,13807,61950000,53651
7,2065,61950000,61950100,5523,13807,61980000,53677
7,2066,61980000,61980100,5523,13807,62010000,53705
7,2067,62010000,62010100,5523,13807,62040000,53729
7,2068,62040000,62040100,5523,13807,62070000,53756
7,2069,62070000,62070100,5523,13807,62100000,53783
7,207,6210000,6210100,5523,13807,6240000,5398
7,2070,62100000,62100100,5523,13807,62130000,53809
7,2071,62130000,62130100,5523,13807,62160000,53833
7,2072,62160000,62160100,5523,13807,62190000,53859
7,2073,62190000,62190100,5523,13807,62220000,53886
7,2074,62220000,62220100,5523,13807,62250000,53912
7,2075,62250000,62250100,5523,13807,62280000,53938
7,2076,62280000,62280100,5523,13807,62310000,53964
7,2077,62310000,62310100,5523,13807,62340000,53991
7,2078,62340000,62340100,5523,13807,62370000,54015
7,2079,62370000,62370100,5523,13807,62400000,54040
7,208,6240000,6240100,5523,13807,6270000,5425
7,2080,62400000,62400100,5523,13807,62430000,54068
7,2081,62430000,62430100,5523,13807,62460000,54094
7,2082,62460000,62460100,5523,13807,62490000,54121
7,2083,62490000,62490100,5523,13807,62520000,54146
7,2084,62520000,62520100,5523,13807,62550000,54172
7,2085,62550000,62550100,5523,13807,62580000,54197
7,2086,62580000,62580100,5523,13807,62610000,54224
7,2087,62610000,62610100,5523,13807,62640000,54248
7,2088,62640000,62640100,5523,13807,62670000,54276
7,2089,62670000,62670100,5523,13807,62700000,54301
7,209,6270000,6270100,5523,13807,6300000,5449
7,2090,62700000,62700100,5523,13807,62730000,54329
7,2091,62730000,62730100,5523,13807,62760000,54355
7,2092,62760000,62760100,5523,13807,62790000,54378
7,2093,62790000,62790100,5523,13807,62820000,54406
7,2094,62820000,62820100,5523,13807,62850000,54431
7,2095,62850000,62850100,5523,13807,62880000,54457
7,2096,62880000,62880100,5523,13807,62910000,54484
7,2097,62910000,62910100,5523,13807,62940000,54510
7,2098,62940000,62940100,5523,13807,62970000,54537
7,2099,62970000,62970100,5523,13807,63000000,54560
7,21,630000,630100,5523,13807,660000,565
7,210,6300000,6300100,5523,13807,6330000,5477
7,2100,63000000,63000100,5523,13807,63030000,54586
7,2101,63030000,63030100,5523,13807,63060000,54614
7,2102,63060000,63060100,5523,13807,63090000,54640
7,2103,63090000,63090100,5523,13807,63120000,54665
7,2104,63120000,63120100,5523,13807,63150000,54692
7,2105,63150000,63150100,5523,13807,63180000,54718
7,2106,63180000,63180100,5523,13807,63210000,54744
7,2107,63210000,63210100,5523,13807,63240000,54768
7,2108,63240000,63240100,5523,13807,63270000,54795
7,2109,63270000,63270100,5523,13807,63300000,54821
7,211,6330000,6330100,5523,13807,6360000,5502
7,2110,63300000,63300100,5523,13807,63330000,54848
7,2111,63330000,63330100,5523,13807,63360000,54873
7,2112,63360000,63360100,5523,13807,63390000,54900
7,2113,63390000,63390100,5523,13807,63420000,54925
7,2114,63420000,63420100,5523,13807,63450000,54951
7,2115,63450000,63450100,5523,13807,63480000,54977
7,2116,63480000,63480100,5523,13807,63510000,55003
7,2117,63510000,63510100,5523,13807,63540000,55030
7,2118,63540000,63540100,5523,13807,63570000,55056
7,2119,63570000,63570100,5523,13807,63600000,55081
7,212,6360000,6360100,5523,13807,6390000,5528
7,2120,63600000,63600100,5523,13807,63630000,55106
7,2121,63630000,63630100,5523,13807,63660000,55133
7,2122,63660000,63660100,5523,13807,63690000,55159
7,2123,63690000,63690100,5523,13807,63720000,55185
7,2124,63720000,63720100,5523,13807,63750000,55211
7,2125,63750000,63750100,5523,13807,63780000,55238
7,2126,63780000,63780100,5523,13807,63810000,55265
7,2127,63810000,63810100,5523,13807,63840000,55287
7,2128,63840000,63840100,5523,13807,63870000,55315
7,2129,63870000,63870100,5523,13807,63900000,55340
7,213,6390000,6390100,5523,13807,6420000,5555
7,2130,63900000,63900100,5523,13807,63930000,55368
7,2131,63930000,63930100,5523,13807,63960000,55393
7,2132,63960000,63960100,5523,13807,63990000,55419
7,2133,63990000,63990100,5523,13807,64020000,55446
7,2134,64020000,64020100,5523,13807,64050000,55470
7,2135,64050000,64050100,5523,13807,64080000,55496
7,2136,64080000,64080100,5523,13807,64110000,55523
7,2137,64110000,64110100,5523,13807,64140000,55549
7,2138,64140000,64140100,5523,13807,64170000,55576
7,2139,64170000,64170100,5523,13807,64200000,55601
7,214,6420000,6420100,5523,13807,6450000,5581
7,2140,64200000,64200100,5523,13807,64230000,55627
7,2141,64230000,64230100,5523,13807,64260000,55653
7,2142,64260000,64260100,5523,13807,64290000,55678
7,2143,64290000,64290100,5523,13807,64320000,55704
7,2144,64320000,64320100,5523,13807,64350000,55730
7,2145,64350000,64350100,5523,13807,64380000,55757
7,2146,64380000,64380100,5523,13807,64410000,55785
7,2147,64410000,64410100,5523,13807,64440000,55809
7,2148,64440000,64440100,5523,13807,64470000,55834
7,2149,64470000,64470100,5523,13807,64500000,55860
7,215,6450000,6450100,5523,13807,6480000,5606
7,2150,64500000,64500100,5523,13807,64530000,55887
7,2151,64530000,64530100,5523,13807,64560000,55912
7,2152,64560000,64560100,5523,13807,64590000,55939
7,2153,64590000,64590100,5523,13807,64620000,55965
7,2154,64620000,64620100,5523,13807,64650000,55992
7,2155,64650000,64650100,5523,13807,64680000,56015
7,2156,64680000,64680100,5523,13807,64710000,56042
7,2157,64710000,64710100,5523,13807,64740000,56069
7,2158,64740000,64740100,5523,13807,64770000,56095
7,2159,64770000,64770100,5523,13807,64800000,56120
7,216,6480000,6480100,5523,13807,6510000,5632
7,2160,64800000,64800100,5523,13807,64830000,56147
7,2161,64830000,64830100,5523,13807,64860000,56174
7,2162,64860000,64860100,5523,13807,64890000,56198
7,2163,64890000,64890100,5523,13807,64920000,56224
7,2164,64920000,64920100,5523,13807,64950000,56249
7,2165,64950000,64950100,5523,13807,64980000,56277
7,2166,64980000,64980100,5523,13807,65010000,56303
7,2167,65010000,65010100,5523,13807,65040000,56328
7,2168,65040000,65040100,5523,13807,65070000,56356
7,2169,65070000,65070100,5523,13807,65100000,56379
7,217,6510000,6510100,5523,13807,6540000,5657
7,2170,65100000,65100100,5523,13807,65130000,56407
7,2171,65130000,65130100,5523,13807,65160000,56432
7,2172,65160000,65160100,5523,13807,65190000,56458
7,2173,65190000,65190100,5523,13807,65220000,56485
7,2174,65220000,65220100,5523,13807,65250000,56511
7,2175,65250000,65250100,5523,13807,65280000,56536
7,2176,65280000,65280100,5523,13807,65310000,56562
7,2177,65310000,65310100,5523,13807,65340000,56587
7,2178,65340000,65340100,5523,13807,65370000,56615
7,2179,65370000,65370100,5523,13807,65400000,56640
7,218,6540000,6540100,5523,13807,6570000,5685
7,2180,65400000,65400100,5523,13807,65430000,56666
7,2181,65430000,65430100,5523,13807,65460000,56694
7,2182,65460000,65460100,5523,13807,65490000,56719
7,2183,65490000,65490100,5523,13807,65520000,56743
7,2184,65520000,65520100,5523,13807,65550000,56769
7,2185,65550000,65550100,5523,13807,65580000,56796
7,2186,65580000,65580100,5523,13807,65610000,56823
7,2187,65610000,65610100,5523,13807,65640000,56848
7,2188,65640000,65640100,5523,13807,65670000,56874
7,2189,65670000,65670100,5523,13807,65700000,56901
7,219,6570000,6570100,5523,13807,6600000,5709
7,2190,65700000,65700100,5523,13807,65730000,56926
7,2191,65730000,65730100,5523,13807,65760000,56951
7,2192,65760000,65760100,5523,13807,65790000,56978
7,2193,65790000,65790100,5523,13807,65820000,57004
7,2194,65820000,65820100,5523,13807,65850000,57031
7,2195,65850000,65850100,5523,13807,65880000,57056
7,2196,65880000,65880100,5523,13807,65910000,57083
7,2197,65910000,65910100,5523,13807,65940000,57107
7,2198,65940000,65940100,5523,13807,65970000,57134
7,2199,65970000,65970100,5523,13807,66000000,57158
7,22,660000,660100,5523,13807,690000,591
7,220,6600000,6600100,5523,13807,6630000,5736
7,2200,66000000,66000100,5523,13807,66030000,57186
7,2201,66030000,66030100,5523,13807,66060000,57213
7,2202,66060000,66060100,5523,13807,66090000,57239
7,2203,66090000,66090100,5523,13807,66120000,57265
7,2204,66120000,66120100,5523,13807,66150000,57288
7,2205,66150000,66150100,5523,13807,66180000,57316
7,2206,66180000,66180100,5523,13807,66210000,57342
7,2207,66210000,66210100,5523,13807,66240000,57367
7,2208,66240000,66240100,5523,13807,66270000,57394
7,2209,66270000,66270100,5523,13807,66300000,57420
7,221,6630000,6630100,5523,13807,6660000,5764
7,2210,66300000,66300100,5523,13807,66330000,57447
7,2211,66330000,66330100,5523,13807,66360000,57471
7,2212,66360000,66360100,5523,13807,66390000,57497
7,2213,66390000,66390100,5523,13807,66420000,57524
7,2214,66420000,66420100,5523,13807,66450000,57550
7,2215,66450000,66450100,5523,13807,66480000,57575
7,2216,66480000,66480100,5523,13807,66510000,57603
7,2217,66510000,66510100,5523,13807,66540000,57628
7,2218,66540000,66540100,5523,13807,66570000,57654
7,2219,66570000,66570100,5523,13807,66600000,57678
7,222,6660000,6660100,5523,13807,6690000,5789
7,2220,66600000,66600100,5523,13807,66630000,57705
7,2221,66630000,66630100,5523,13807,66660000,57732
7,2222,66660000,66660100,5523,13807,66690000,57758
7,2223,66690000,66690100,5523,13807,66720000,57784
7,2224,66720000,66720100,5523,13807,66750000,57810
7,2225,66750000,66750100,5523,13807,66780000,57835
7,2226,66780000,66780100,5523,13807,66810000,57862
7,2227,66810000,66810100,5523,13807,66840000,57887
7,2228,66840000,66840100,5523,13807,66870000,57913
7,2229,66870000,66870100,5523,13807,66900000,57940
7,223,6690000,6690100,5523,13807,6720000,5813
7,2230,66900000,66900100,5523,13807,66930000,57966
7,2231,66930000,66930100,5523,13807,66960000,57992
7,2232,66960000,66960100,5523,13807,66990000,58016
7,2233,66990000,66990100,5523,13807,67020000,58043
7,2234,67020000,67020100,5523,13807,67050000,58070
7,2235,67050000,67050100,5523,13807,67080000,58095
7,2236,67080000,67080100,5523,13807,67110000,58122
7,2237,67110000,67110100,5523,13807,67140000,58148
7,2238,67140000,67140100,5523,13807,67170000,58175
7,2239,67170000,67170100,5523,13807,67200000,58197
7,224,6720000,6720100,5523,13807,6750000,5839
7,2240,67200000,67200100,5523,13807,67230000,58225
7,2241,67230000,67230100,5523,13807,67260000,58251
7,2242,67260000,67260100,5523,13807,67290000,58278
7,2243,67290000,67290100,5523,13807,67320000,58303
7,2244,67320000,67320100,5523,13807,67350000,58329
7,2245,67350000,67350100,5523,13807,67380000,58357
7,2246,67380000,67380100,5523,13807,67410000,58381
7,2247,67410000,67410100,5523,13807,67440000,58406
7,2248,67440000,67440100,5523,13807,67470000,58433
7,2249,67470000,67470100,5523,13807,67500000,58459
7,225,6750000,6750100,5523,13807,6780000,5866
7,2250,67500000,67500100,5523,13807,67530000,58486
7,2251,67530000,67530100,5523,13807,67560000,58512
7,2252,67560000,67560100,5523,13807,67590000,58537
7,2253,67590000,67590100,5523,13807,67620000,58563
7,2254,67620000,67620100,5523,13807,67650000,58588
7,2255,67650000,67650100,5523,13807,67680000,58614
7,2256,67680000,67680100,5523,13807,67710000,58642
7,2257,67710000,67710100,5523,13807,67740000,58667
7,2258,67740000,67740100,5523,13807,67770000,58695
7,2259,67770000,67770100,5523,13807,67800000,58719
7,226,6780000,6780100,5523,13807,6810000,5893
7,2260,67800000,67800100,5523,13807,67830000,58744
7,2261,67830000,67830100,5523,13807,67860000,58771
7,2262,67860000,67860100,5523,13807,67890000,58797
7,2263,67890000,67890100,5523,13807,67920000,58822
7,2264,67920000,67920100,5523,13807,67950000,58849
7,2265,67950000,67950100,5523,13807,67980000,58875
7,2266,67980000,67980100,5523,13807,68010000,58903
7,2267,68010000,68010100,5523,13807,68040000,58926
7,2268,68040000,68040100,5523,13807,68070000,58952
7,2269,68070000,68070100,5523,13807,68100000,58979
7,227,6810000,6810100,5523,13807,6840000,5918
7,2270,68100000,68100100,5523,13807,68130000,59005
7,2271,68130000,68130100,5523,13807,68160000,59031
7,2272,68160000,68160100,5523,13807,68190000,59057
7,2273,68190000,68190100,5523,13807,68220000,59084
7,2274,68220000,68220100,5523,13807,68250000,59108
7,2275,68250000,68250100,5523,13807,68280000,59134
7,2276,68280000,68280100,5523,13807,68310000,59160
7,2277,68310000,68310100,5523,13807,68340000,59187
7,2278,68340000,68340100,5523,13807,68370000,59214
7,2279,68370000,68370100,5523,13807,68400000,59238
7,228,6840000,6840100,5523,13807,6870000,5944
7,2280,68400000,68400100,5523,13807,68430000,59266
7,2281,68430000,68430100,5523,13807,68460000,59290
7,2282,68460000,68460100,5523,13807,68490000,59317
7,2283,68490000,68490100,5523,13807,68520000,59342
7,2284,68520000,68520100,5523,13807,68550000,59368
7,2285,68550000,68550100,5523,13807,68580000,59395
7,2286,68580000,68580100,5523,13807,68610000,59422
7,2287,68610000,68610100,5523,13807,68640000,59446
7,2288,68640000,68640100,5523,13807,68670000,59472
7,2289,68670000,68670100,5523,13807,68700000,59498
7,229,6870000,6870100,5523,13807,6900000,5971
7,2290,68700000,68700100,5523,13807,68730000,59525
7,2291,68730000,68730100,5523,13807,68760000,59551
7,2292,68760000,68760100,5523,13807,68790000,59576
7,2293,68790000,68790100,5523,13807,68820000,59604
7,2294,68820000,68820100,5523,13807,68850000,59629
7,2295,68850000,68850100,5523,13807,68880000,59653
7,2296,68880000,68880100,5523,13807,68910000,59680
7,2297,68910000,68910100,5523,13807,68940000,59706
7,2298,68940000,68940100,5523,13807,68970000,59733
7,2299,68970000,68970100,5523,13807,69000000,59758
7,23,690000,690100,5523,13807,720000,617
7,230,6900000,6900100,5523,13807,6930000,5995
7,2300,69000000,69000100,5523,13807,69030000,59785
7,2301,69030000,69030100,5523,13807,69060000,59812
7,2302,69060000,69060100,5523,13807,69090000,59836
7,2303,69090000,69090100,5523,13807,69120000,59861
7,2304,69120000,69120100,5523,13807,69150000,59888
7,2305,69150000,69150100,5523,13807,69180000,59914
7,2306,69180000,69180100,5523,13807,69210000,59942
7,2307,69210000,69210100,5523,13807,69240000,59966
7,2308,69240000,69240100,5523,13807,69270000,59993
7,2309,69270000,69270100,5523,13807,69300000,60017
7,231,6930000,6930100,5523,13807,6960000,6021
7,2310,69300000,69300100,5523,13807,69330000,60044
7,2311,69330000,69330100,5523,13807,69360000,60070
7,2312,69360000,69360100,5523,13807,69390000,60096
7,2313,69390000,69390100,5523,13807,69420000,60123
7,2314,69420000,69420100,5523,13807,69450000,60149
7,2315,69450000,69450100,5523,13807,69480000,60175
7,2316,69480000,69480100,5523,13807,69510000,60199
7,2317,69510000,69510100,5523,13807,69540000,60226
7,2318,69540000,69540100,5523,13807,69570000,60252
7,2319,69570000,69570100,5523,13807,69600000,60277
7,232,6960000,6960100,5523,13807,6990000,6048
7,2320,69600000,69600100,5523,13807,69630000,60304
7,2321,69630000,69630100,5523,13807,69660000,60331
7,2322,69660000,69660100,5523,13807,69690000,60358
7,2323,69690000,69690100,5523,13807,69720000,60381
7,2324,69720000,69720100,5523,13807,69750000,60407
7,2325,69750000,69750100,5523,13807,69780000,60434
7,2326,69780000,69780100,5523,13807,69810000,60461
7,2327,69810000,69810100,5523,13807,69840000,60485
7,2328,69840000,69840100,5523,13807,69870000,60513
7,2329,69870000,69870100,5523,13807,69900000,60538
7,233,6990000,6990100,5523,13807,7020000,6074
7,2330,69900000,69900100,5523,13807,69930000,60564
7,2331,69930000,69930100,5523,13807,69960000,60589
7,2332,69960000,69960100,5523,13807,69990000,60615
7,2333,69990000,69990100,5523,13807,70020000,60643
7,2334,70020000,70020100,5523,13807,70050000,60668
7,2335,70050000,70050100,5523,13807,70080000,60694
7,2336,70080000,70080100,5523,13807,70110000,60721
7,2337,70110000,70110100,5523,13807,70140000,60745
7,2338,70140000,70140100,5523,13807,70170000,60772
7,2339,70170000,70170100,5523,13807,70200000,60797
7,234,7020000,7020100,5523,13807,7050000,6101
7,2340,70200000,70200100,5523,13807,70230000,60823
7,2341,70230000,70230100,5523,13807,70260000,60851
7,2342,70260000,70260100,5523,13807,70290000,60876
7,2343,70290000,70290100,5523,13807,70320000,60902
7,2344,70320000,70320100,5523,13807,70350000,60927
7,2345,70350000,70350100,5523,13807,70380000,60953
7,2346,70380000,70380100,5523,13807,70410000,60981
7,2347,70410000,70410100,5523,13807,70440000,61005
7,2348,70440000,70440100,5523,13807,70470000,61032
7,2349,70470000,70470100,5523,13807,70500000,61058
7,235,7050000,7050100,5523,13807,7080000,6126
7,2350,70500000,70500100,5523,13807,70530000,61085
7,2351,70530000,70530100,5523,13807,70560000,61108
7,2352,70560000,70560100,5523,13807,70590000,61135
7,2353,70590000,70590100,5523,13807,70620000,61161
7,2354,70620000,70620100,5523,13807,70650000,61188
7,2355,70650000,70650100,5523,13807,70680000,61214
7,2356,70680000,70680100,5523,13807,70710000,61240
7,2357,70710000,70710100,5523,13807,70740000,61267
7,2358,70740000,70740100,5523,13807,70770000,61291
7,2359,70770000,70770100,5523,13807,70800000,61316
7,236,7080000,7080100,5523,13807,7110000,6153
7,2360,70800000,70800100,5523,13807,70830000,61343
7,2361,70830000,70830100,5523,13807,70860000,61370
7,2362,70860000,70860100,5523,13807,70890000,61396
7,2363,70890000,70890100,5523,13807,70920000,61422
7,2364,70920000,70920100,5523,13807,70950000,61447
7,2365,70950000,70950100,5523,13807,70980000,61473
7,2366,70980000,70980100,5523,13807,71010000,61500
7,2367,71010000,71010100,5523,13807,71040000,61524
7,2368,71040000,71040100,5523,13807,71070000,61552
7,2369,71070000,71070100,5523,13807,71100000,61577
7,237,7110000,7110100,5523,13807,7140000,6177
7,2370,71100000,71100100,5523,13807,71130000,61605
7,2371,71130000,71130100,5523,13807,71160000,61630
7,2372,71160000,71160100,5523,13807,71190000,61654
7,2373,71190000,71190100,5523,13807,71220000,61681
7,2374,71220000,71220100,5523,13807,71250000,61707
7,2375,71250000,71250100,5523,13807,71280000,61732
7,2376,71280000,71280100,5523,13807,71310000,61760
7,2377,71310000,71310100,5523,13807,71340000,61786
7,2378,71340000,71340100,5523,13807,71370000,61813
7,2379,71370000,71370100,5523,13807,71400000,61836
7,238,7140000,7140100,5523,13807,7170000,6204
7,2380,71400000,71400100,5523,13807,71430000,61862
7,2381,71430000,71430100,5523,13807,71460000,61890
7,2382,71460000,71460100,5523,13807,71490000,61915
7,2383,71490000,71490100,5523,13807,71520000,61941
7,2384,71520000,71520100,5523,13807,71550000,61967
7,2385,71550000,71550100,5523,13807,71580000,61994
7,2386,71580000,71580100,5523,13807,71610000,62019
7,2387,71610000,71610100,5523,13807,71640000,62044
7,2388,71640000,71640100,5523,13807,71670000,62071
7,2389,71670000,71670100,5523,13807,71700000,62097
7,239,7170000,7170100,5523,13807,7200000,6228
7,2390,71700000,71700100,5523,13807,71730000,62124
7,2391,71730000,71730100,5523,13807,71760000,62149
7,2392,71760000,71760100,5523,13807,71790000,62176
7,2393,71790000,71790100,5523,13807,71820000,62200
7,2394,71820000,71820100,5523,13807,71850000,62227
7,2395,71850000,71850100,5523,13807,71880000,62252
7,2396,71880000,71880100,5523,13807,71910000,62279
7,2397,71910000,71910100,5523,13807,71940000,62305
7,2398,71940000,71940100,5523,13807,71970000,62332
7,2399,71970000,71970100,5523,13807,72000000,62357
7,24,720000,720100,5523,13807,750000,643
7,240,7200000,7200100,5523,13807,7230000,6256
7,2400,72000000,72000100,5523,13807,72030000,62382
7,2401,72030000,72030100,5523,13807,72060000,62409
7,2402,72060000,72060100,5523,13807,72090000,62435
7,2403,72090000,72090100,5523,13807,72120000,62461
7,2404,72120000,72120100,5523,13807,72150000,62486
7,2405,72150000,72150100,5523,13807,72180000,62514
7,2406,72180000,72180100,5523,13807,72210000,62540
7,2407,72210000,72210100,5523,13807,72240000,62563
7,2408,72240000,72240100,5523,13807,72270000,62590
7,2409,72270000,72270100,5523,13807,72300000,62616
7,241,7230000,7230100,5523,13807,7260000,6282
7,2410,72300000,72300100,5523,13807,72330000,62644
7,2411,72330000,72330100,5523,13807,72360000,62669
7,2412,72360000,72360100,5523,13807,72390000,62695
7,2413,72390000,72390100,5523,13807,72420000,62722
7,2414,72420000,72420100,5523,13807,72450000,62746
7,2415,72450000,72450100,5523,13807,72480000,62771
7,2416,72480000,72480100,5523,13807,72510000,62799
7,2417,72510000,72510100,5523,13807,72540000,62824
7,2418,72540000,72540100,5523,13807,72570000,62852
7,2419,72570000,72570100,5523,13807,72600000,62876
7,242,7260000,7260100,5523,13807,7290000,6309
7,2420,72600000,72600100,5523,13807,72630000,62903
7,2421,72630000,72630100,5523,13807,72660000,62929
7,2422,72660000,72660100,5523,13807,72690000,62954
7,2423,72690000,72690100,5523,13807,72720000,62980
7,2424,72720000,72720100,5523,13807,72750000,63006
7,2425,72750000,72750100,5523,13807,72780000,63033
7,2426,72780000,72780100,5523,13807,72810000,63060
7,2427,72810000,72810100,5523,13807,72840000,63085
7,2428,72840000,72840100,5523,13807,72870000,63109
7,2429,72870000,72870100,5523,13807,72900000,63136
7,243,7290000,7290100,5523,13807,7320000,6335
7,2430,72900000,72900100,5523,13807,72930000,63162
7,2431,72930000,72930100,5523,13807,72960000,63188
7,2432,72960000,72960100,5523,13807,72990000,63215
7,2433,72990000,72990100,5523,13807,73020000,63241
7,2434,73020000,73020100,5523,13807,73050000,63268
7,2435,73050000,73050100,5523,13807,73080000,63291
7,2436,73080000,73080100,5523,13807,73110000,63318
7,2437,73110000,73110100,5523,13807,73140000,63344
7,2438,73140000,73140100,5523,13807,73170000,63371
7,2439,73170000,73170100,5523,13807,73200000,63395
7,244,7320000,7320100,5523,13807,7350000,6358
7,2440,73200000,73200100,5523,13807,73230000,63423
7,2441,73230000,73230100,5523,13807,73260000,63449
7,2442,73260000,73260100,5523,13807,73290000,63474
7,2443,73290000,73290100,5523,13807,73320000,63500
7,2444,73320000,73320100,5523,13807,73350000,63525
7,2445,73350000,73350100,5523,13807,73380000,63553
7,2446,73380000,73380100,5523,13807,73410000,63579
7,2447,73410000,73410100,5523,13807,73440000,63604
7,2448,73440000,73440100,5523,13807,73470000,63631
7,2449,73470000,73470100,5523,13807,73500000,63655
7,245,7350000,7350100,5523,13807,7380000,6386
7,2450,73500000,73500100,5523,13807,73530000,63682
7,2451,73530000,73530100,5523,13807,73560000,63708
7,2452,73560000,73560100,5523,13807,73590000,63733
7,2453,73590000,73590100,5523,13807,73620000,63761
7,2454,73620000,73620100,5523,13807,73650000,63787
7,2455,73650000,73650100,5523,13807,73680000,63812
7,2456,73680000,73680100,5523,13807,73710000,63838
7,2457,73710000,73710100,5523,13807,73740000,63863
7,2458,73740000,73740100,5523,13807,73770000,63891
7,2459,73770000,73770100,5523,13807,73800000,63915
7,246,7380000,7380100,5523,13807,7410000,6412
7,2460,73800000,73800100,5523,13807,73830000,63942
7,2461,73830000,73830100,5523,13807,73860000,63969
7,2462,73860000,73860100,5523,13807,73890000,63995
7,2463,73890000,73890100,5523,13807,73920000,64018
7,2464,73920000,73920100,5523,13807,73950000,64045
7,2465,73950000,73950100,5523,13807,73980000,64072
7,2466,73980000,73980100,5523,13807,74010000,64099
7,2467,74010000,74010100,5523,13807,74040000,64124
7,2468,74040000,74040100,5523,13807,74070000,64150
7,2469,74070000,74070100,5523,13807,74100000,64177
7,247,7410000,7410100,5523,13807,7440000,6437
7,2470,74100000,74100100,5523,13807,74130000,64201
7,2471,74130000,74130100,5523,13807,74160000,64227
7,2472,74160000,74160100,5523,13807,74190000,64253
7,2473,74190000,74190100,5523,13807,74220000,64280
7,2474,74220000,74220100,5523,13807,74250000,64306
7,2475,74250000,74250100,5523,13807,74280000,64332
7,2476,74280000,74280100,5523,13807,74310000,64359
7,2477,74310000,74310100,5523,13807,74340000,64383
7,2478,74340000,74340100,5523,13807,74370000,64410
7,2479,74370000,74370100,5523,13807,74400000,64434
7,248,7440000,7440100,5523,13807,7470000,6464
7,2480,74400000,74400100,5523,13807,74430000,64462
7,2481,74430000,74430100,5523,13807,74460000,64488
7,2482,74460000,74460100,5523,13807,74490000,64515
7,2483,74490000,74490100,5523,13807,74520000,64540
7,2484,74520000,74520100,5523,13807,74550000,64564
7,2485,74550000,74550100,5523,13807,74580000,64591
7,2486,74580000,74580100,5523,13807,74610000,64618
7,2487,74610000,74610100,5523,13807,74640000,64643
7,2488,74640000,74640100,5523,13807,74670000,64670
7,2489,74670000,74670100,5523,13807,74700000,64696
7,249,7470000,7470100,5523,13807,7500000,6490
7,2490,74700000,74700100,5523,13807,74730000,64723
7,2491,74730000,74730100,5523,13807,74760000,64747
7,2492,74760000,74760100,5523,13807,74790000,64772
7,2493,74790000,74790100,5523,13807,74820000,64800
7,2494,74820000,74820100,5523,13807,74850000,64825
7,2495,74850000,74850100,5523,13807,74880000,64851
7,2496,74880000,74880100,5523,13807,74910000,64878
7,2497,74910000,74910100,5523,13807,74940000,64904
7,2498,74940000,74940100,5523,13807,74970000,64930
7,2499,74970000,74970100,5523,13807,75000000,64954
7,25,750000,750100,5523,13807,780000,670
7,250,7500000,7500100,5523,13807,7530000,6517
7,2500,75000000,75000100,5523,13807,75030000,64981
7,2501,75030000,75030100,5523,13807,75060000,65008
7,2502,75060000,75060100,5523,13807,75090000,65034
7,2503,75090000,75090100,5523,13807,75120000,65059
7,2504,75120000,75120100,5523,13807,75150000,65086
7,2505,75150000,75150100,5523,13807,75180000,65110
7,2506,75180000,75180100,5523,13807,75210000,65138
7,2507,75210000,75210100,5523,13807,75240000,65162
7,2508,75240000,75240100,5523,13807,75270000,65189
7,2509,75270000,75270100,5523,13807,75300000,65216
7,251,7530000,7530100,5523,13807,7560000,6541
7,2510,75300000,75300100,5523,13807,75330000,65242
7,2511,75330000,75330100,5523,13807,75360000,65268
7,2512,75360000,75360100,5523,13807,75390000,65292
7,2513,75390000,75390100,5523,13807,75420000,65319
7,2514,75420000,75420100,5523,13807,75450000,65345
7,2515,75450000,75450100,5523,13807,75480000,65371
7,2516,75480000,75480100,5523,13807,75510000,65397
7,2517,75510000,75510100,5523,13807,75540000,65424
7,2518,75540000,75540100,5523,13807,75570000,65450
7,2519,75570000,75570100,5523,13807,75600000,65473
7,252,7560000,7560100,5523,13807,7590000,6566
7,2520,75600000,75600100,5523,13807,75630000,65501
7,2521,75630000,75630100,5523,13807,75660000,65527
7,2522,75660000,75660100,5523,13807,75690000,65554
7,2523,75690000,75690100,5523,13807,75720000,65579
7,2524,75720000,75720100,5523,13807,75750000,65605
7,2525,75750000,75750100,5523,13807,75780000,65632
7,2526,75780000,75780100,5523,13807,75810000,65657
7,2527,75810000,75810100,5523,13807,75840000,65681
7,2528,75840000,75840100,5523,13807,75870000,65709
7,2529,75870000,75870100,5523,13807,75900000,65734
7,253,7590000,7590100,5523,13807,7620000,6594
7,2530,75900000,75900100,5523,13807,75930000,65762
7,2531,75930000,75930100,5523,13807,75960000,65788
7,2532,75960000,75960100,5523,13807,75990000,65813
7,2533,75990000,75990100,5523,13807,76020000,65839
7,2534,76020000,76020100,5523,13807,76050000,65864
7,2535,76050000,76050100,5523,13807,76080000,65890
7,2536,76080000,76080100,5523,13807,76110000,65917
7,2537,76110000,76110100,5523,13807,76140000,65943
7,2538,76140000,76140100,5523,13807,76170000,65970
7,2539,76170000,76170100,5523,13807,76200000,65995
7,254,7620000,7620100,5523,13807,7650000,6620
7,2540,76200000,76200100,5523,13807,76230000,66019
7,2541,76230000,76230100,5523,13807,76260000,66047
7,2542,76260000,76260100,5523,13807,76290000,66073
7,2543,76290000,76290100,5523,13807,76320000,66098
7,2544,76320000,76320100,5523,13807,76350000,66125
7,2545,76350000,76350100,5523,13807,76380000,66151
7,2546,76380000,76380100,5523,13807,76410000,66179
7,2547,76410000,76410100,5523,13807,76440000,66201
7,2548,76440000,76440100,5523,13807,76470000,66228
7,2549,76470000,76470100,5523,13807,76500000,66254
7,255,7650000,7650100,5523,13807,7680000,6645
7,2550,76500000,76500100,5523,13807,76530000,66281
7,2551,76530000,76530100,5523,13807,76560000,66306
7,2552,76560000,76560100,5523,13807,76590000,66333
7,2553,76590000,76590100,5523,13807,76620000,66360
7,2554,76620000,76620100,5523,13807,76650000,66384
7,2555,76650000,76650100,5523,13807,76680000,66410
7,2556,76680000,76680100,5523,13807,76710000,66436
7,2557,76710000,76710100,5523,13807,76740000,66463
7,2558,76740000,76740100,5523,13807,76770000,66489
7,2559,76770000,76770100,5523,13807,76800000,66514
7,256,7680000,7680100,5523,13807,7710000,6673
7,2560,76800000,76800100,5523,13807,76830000,66541
7,2561,76830000,76830100,5523,13807,76860000,66566
7,2562,76860000,76860100,5523,13807,76890000,66592
7,2563,76890000,76890100,5523,13807,76920000,66618
7,2564,76920000,76920100,5523,13807,76950000,66644
7,2565,76950000,76950100,5523,13807,76980000,66671
7,2566,76980000,76980100,5523,13807,77010000,66698
7,2567,77010000,77010100,5523,13807,77040000,66722
7,2568,77040000,77040100,5523,13807,77070000,66748
7,2569,77070000,77070100,5523,13807,77100000,66773
7,257,7710000,7710100,5523,13807,7740000,6698
7,2570,77100000,77100100,5523,13807,77130000,66801
7,2571,77130000,77130100,5523,13807,77160000,66826
7,2572,77160000,77160100,5523,13807,77190000,66852
7,2573,77190000,77190100,5523,13807,77220000,66879
7,2574,77220000,77220100,5523,13807,77250000,66905
7,2575,77250000,77250100,5523,13807,77280000,66929
7,2576,77280000,77280100,5523,13807,77310000,66956
7,2577,77310000,77310100,5523,13807,77340000,66982
7,2578,77340000,77340100,5523,13807,77370000,67009
7,2579,77370000,77370100,5523,13807,77400000,67034
7,258,7740000,7740100,5523,13807,7770000,6724
7,2580,77400000,77400100,5523,13807,77430000,67060
7,2581,77430000,77430100,5523,13807,77460000,67088
7,2582,77460000,77460100,5523,13807,77490000,67111
7,2583,77490000,77490100,5523,13807,77520000,67137
7,2584,77520000,77520100,5523,13807,77550000,67163
7,2585,77550000,77550100,5523,13807,77580000,67190
7,2586,77580000,77580100,5523,13807,77610000,67218
7,2587,77610000,77610100,5523,13807,77640000,67242
7,2588,77640000,77640100,5523,13807,77670000,67269
7,2589,77670000,77670100,5523,13807,77700000,67293
7,259,7770000,7770100,5523,13807,7800000,6748
7,2590,77700000,77700100,5523,13807,77730000,67320
7,2591,77730000,77730100,5523,13807,77760000,67345
7,2592,77760000,77760100,5523,13807,77790000,67372
7,2593,77790000,77790100,5523,13807,77820000,67398
7,2594,77820000,77820100,5523,13807,77850000,67425
7,2595,77850000,77850100,5523,13807,77880000,67450
7,2596,77880000,77880100,5523,13807,77910000,67475
7,2597,77910000,77910100,5523,13807,77940000,67502
7,2598,77940000,77940100,5523,13807,77970000,67528
7,2599,77970000,77970100,5523,13807,78000000,67553
7,26,780000,780100,5523,13807,810000,697
7,260,7800000,7800100,5523,13807,7830000,6775
7,2600,78000000,78000100,5523,13807,78030000,67580
7,2601,78030000,78030100,5523,13807,78060000,67607
7,2602,78060000,78060100,5523,13807,78090000,67633
7,2603,78090000,78090100,5523,13807,78120000,67657
7,2604,78120000,78120100,5523,13807,78150000,67682
7,2605,78150000,78150100,5523,13807,78180000,67710
7,2606,78180000,78180100,5523,13807,78210000,67736
7,2607,78210000,78210100,5523,13807,78240000,67761
7,2608,78240000,78240100,5523,13807,78270000,67789
7,2609,78270000,78270100,5523,13807,78300000,67814
7,261,7830000,7830100,5523,13807,7860000,6802
7,2610,78300000,78300100,5523,13807,78330000,67840
7,2611,78330000,78330100,5523,13807,78360000,67865
7,2612,78360000,78360100,5523,13807,78390000,67891
7,2613,78390000,78390100,5523,13807,78420000,67918
7,2614,78420000,78420100,5523,13807,78450000,67944
7,2615,78450000,78450100,5523,13807,78480000,67969
7,2616,78480000,78480100,5523,13807,78510000,67997
7,2617,78510000,78510100,5523,13807,78540000,68020
7,2618,78540000,78540100,5523,13807,78570000,68048
7,2619,78570000,78570100,5523,13807,78600000,68073
7,262,7860000,7860100,5523,13807,7890000,6828
7,2620,78600000,78600100,5523,13807,78630000,68099
7,2621,78630000,78630100,5523,13807,78660000,68127
7,2622,78660000,78660100,5523,13807,78690000,68152
7,2623,78690000,78690100,5523,13807,78720000,68178
7,2624,78720000,78720100,5523,13807,78750000,68202
7,2625,78750000,78750100,5523,13807,78780000,68229
7,2626,78780000,78780100,5523,13807,78810000,68256
7,2627,78810000,78810100,5523,13807,78840000,68281
7,2628,78840000,78840100,5523,13807,78870000,68307
7,2629,78870000,78870100,5523,13807,78900000,68334
7,263,7890000,7890100,5523,13807,7920000,6853
7,2630,78900000,78900100,5523,13807,78930000,68361
7,2631,78930000,78930100,5523,13807,78960000,68384
7,2632,78960000,78960100,5523,13807,78990000,68411
7,2633,78990000,78990100,5523,13807,79020000,68437
7,2634,79020000,79020100,5523,13807,79050000,68464
7,2635,79050000,79050100,5523,13807,79080000,68489
7,2636,79080000,79080100,5523,13807,79110000,68516
7,2637,79110000,79110100,5523,13807,79140000,68542
7,2638,79140000,79140100,5523,13807,79170000,68567
7,2639,79170000,79170100,5523,13807,79200000,68591
7,264,7920000,7920100,5523,13807,7950000,6880
7,2640,79200000,79200100,5523,13807,79230000,68619
7,2641,79230000,79230100,5523,13807,79260000,68646
7,2642,79260000,79260100,5523,13807,79290000,68672
7,2643,79290000,79290100,5523,13807,79320000,68698
7,2644,79320000,79320100,5523,13807,79350000,68723
7,2645,79350000,79350100,5523,13807,79380000,68749
7,2646,79380000,79380100,5523,13807,79410000,68775
7,2647,79410000,79410100,5523,13807,79440000,68800
7,2648,79440000,79440100,5523,13807,79470000,68827
7,2649,79470000,79470100,5523,13807,79500000,68853
7,265,7950000,7950100,5523,13807,7980000,6905
7,2650,79500000,79500100,5523,13807,79530000,68880
7,2651,79530000,79530100,5523,13807,79560000,68906
7,2652,79560000,79560100,5523,13807,79590000,68930
7,2653,79590000,79590100,5523,13807,79620000,68957
7,2654,79620000,79620100,5523,13807,79650000,68983
7,2655,79650000,79650100,5523,13807,79680000,69008
7,2656,79680000,79680100,5523,13807,79710000,69036
7,2657,79710000,79710100,5523,13807,79740000,69061
7,2658,79740000,79740100,5523,13807,79770000,69089
7,2659,79770000,79770100,5523,13807,79800000,69111
7,266,7980000,7980100,5523,13807,8010000,6932
7,2660,79800000,79800100,5523,13807,79830000,69138
7,2661,79830000,79830100,5523,13807,79860000,69165
7,2662,79860000,79860100,5523,13807,79890000,69191
7,2663,79890000,79890100,5523,13807,79920000,69217
7,2664,79920000,79920100,5523,13807,79950000,69243
7,2665,79950000,79950100,5523,13807,79980000,69270
7,2666,79980000,79980100,5523,13807,80010000,69295
7,2667,80010000,80010100,5523,13807,80040000,69320
7,2668,80040000,80040100,5523,13807,80070000,69346
7,2669,80070000,80070100,5523,13807,80100000,69373
7,267,8010000,8010100,5523,13807,8040000,6957
7,2670,80100000,80100100,5523,13807,80130000,69399
7,2671,80130000,80130100,5523,13807,80160000,69425
7,2672,80160000,80160100,5523,13807,80190000,69451
7,2673,80190000,80190100,5523,13807,80220000,69476
7,2674,80220000,80220100,5523,13807,80250000,69503
7,2675,80250000,80250100,5523,13807,80280000,69528
7,2676,80280000,80280100,5523,13807,80310000,69555
7,2677,80310000,80310100,5523,13807,80340000,69581
7,2678,80340000,80340100,5523,13807,80370000,69608
7,2679,80370000,80370100,5523,13807,80400000,69632
7,268,8040000,8040100,5523,13807,8070000,6983
7,2680,80400000,80400100,5523,13807,80430000,69658
7,2681,80430000,80430100,5523,13807,80460000,69684
7,2682,80460000,80460100,5523,13807,80490000,69711
7,2683,80490000,80490100,5523,13807,80520000,69736
7,2684,80520000,80520100,5523,13807,80550000,69762
7,2685,80550000,80550100,5523,13807,80580000,69790
7,2686,80580000,80580100,5523,13807,80610000,69816
7,2687,80610000,80610100,5523,13807,80640000,69839
7,2688,80640000,80640100,5523,13807,80670000,69866
7,2689,80670000,80670100,5523,13807,80700000,69892
7,269,8070000,8070100,5523,13807,8100000,7010
7,2690,80700000,80700100,5523,13807,80730000,69919
7,2691,80730000,80730100,5523,13807,80760000,69945
7,2692,80760000,80760100,5523,13807,80790000,69970
7,2693,80790000,80790100,5523,13807,80820000,69998
7,2694,80820000,80820100,5523,13807,80850000,70021
7,2695,80850000,80850100,5523,13807,80880000,70047
7,2696,80880000,80880100,5523,13807,80910000,70075
7,2697,80910000,80910100,5523,13807,80940000,70100
7,2698,80940000,80940100,5523,13807,80970000,70128
7,2699,80970000,80970100,5523,13807,81000000,70152
7,27,810000,810100,5523,13807,840000,720
7,270,8100000,8100100,5523,13807,8130000,7036
7,2700,81000000,81000100,5523,13807,81030000,70179
7,2701,81030000,81030100,5523,13807,81060000,70204
7,2702,81060000,81060100,5523,13807,81090000,70230
7,2703,81090000,81090100,5523,13807,81120000,70255
7,2704,81120000,81120100,5523,13807,81150000,70282
7,2705,81150000,81150100,5523,13807,81180000,70308
7,2706,81180000,81180100,5523,13807,81210000,70336
7,2707,81210000,81210100,5523,13807,81240000,70361
7,2708,81240000,81240100,5523,13807,81270000,70385
7,2709,81270000,81270100,5523,13807,81300000,70412
7,271,8130000,8130100,5523,13807,8160000,7062
7,2710,81300000,81300100,5523,13807,81330000,70438
7,2711,81330000,81330100,5523,13807,81360000,70464
7,2712,81360000,81360100,5523,13807,81390000,70490
7,2713,81390000,81390100,5523,13807,81420000,70517
7,2714,81420000,81420100,5523,13807,81450000,70543
7,2715,81450000,81450100,5523,13807,81480000,70567
7,2716,81480000,81480100,5523,13807,81510000,70593
7,2717,81510000,81510100,5523,13807,81540000,70620
7,2718,81540000,81540100,5523,13807,81570000,70647
7,2719,81570000,81570100,5523,13807,81600000,70671
7,272,8160000,8160100,5523,13807,8190000,7086
7,2720,81600000,81600100,5523,13807,81630000,70699
7,2721,81630000,81630100,5523,13807,81660000,70725
7,2722,81660000,81660100,5523,13807,81690000,70750
7,2723,81690000,81690100,5523,13807,81720000,70775
7,2724,81720000,81720100,5523,13807,81750000,70801
7,2725,81750000,81750100,5523,13807,81780000,70828
7,2726,81780000,81780100,5523,13807,81810000,70855
7,2727,81810000,81810100,5523,13807,81840000,70879
7,2728,81840000,81840100,5523,13807,81870000,70907
7,2729,81870000,81870100,5523,13807,81900000,70931
7,273,8190000,8190100,5523,13807,8220000,7113
7,2730,81900000,81900100,5523,13807,81930000,70958
7,2731,81930000,81930100,5523,13807,81960000,70984
7,2732,81960000,81960100,5523,13807,81990000,71009
7,2733,81990000,81990100,5523,13807,82020000,71037
7,2734,82020000,82020100,5523,13807,82050000,71062
7,2735,82050000,82050100,5523,13807,82080000,71088
7,2736,82080000,82080100,5523,13807,82110000,71113
7,2737,82110000,82110100,5523,13807,82140000,71139
7,2738,82140000,82140100,5523,13807,82170000,71166
7,2739,82170000,82170100,5523,13807,82200000,71191
7,274,8220000,8220100,5523,13807,8250000,7139
7,2740,82200000,82200100,5523,13807,82230000,71218
7,2741,82230000,82230100,5523,13807,82260000,71245
7,2742,82260000,82260100,5523,13807,82290000,71271
7,2743,82290000,82290100,5523,13807,82320000,71294
7,2744,82320000,82320100,5523,13807,82350000,71321
7,2745,82350000,82350100,5523,13807,82380000,71347
7,2746,82380000,82380100,5523,13807,82410000,71375
7,2747,82410000,82410100,5523,13807,82440000,71399
7,2748,82440000,82440100,5523,13807,82470000,71426
7,2749,82470000,82470100,5523,13807,82500000,71452
7,275,8250000,8250100,5523,13807,8280000,7165
7,2750,82500000,82500100,5523,13807,82530000,71477
7,2751,82530000,82530100,5523,13807,82560000,71503
7,2752,82560000,82560100,5523,13807,82590000,71529
7,2753,82590000,82590100,5523,13807,82620000,71556
7,2754,82620000,82620100,5523,13807,82650000,71582
7,2755,82650000,82650100,5523,13807,82680000,71608
7,2756,82680000,82680100,5523,13807,82710000,71634
7,2757,82710000,82710100,5523,13807,82740000,71659
7,2758,82740000,82740100,5523,13807,82770000,71685
7,2759,82770000,82770100,5523,13807,82800000,71710
7,276,8280000,8280100,5523,13807,8310000,7192
7,2760,82800000,82800100,5523,13807,82830000,71737
7,2761,82830000,82830100,5523,13807,82860000,71764
7,2762,82860000,82860100,5523,13807,82890000,71791
7,2763,82890000,82890100,5523,13807,82920000,71816
7,2764,82920000,82920100,5523,13807,82950000,71840
7,2765,82950000,82950100,5523,13807,82980000,71867
7,2766,82980000,82980100,5523,13807,83010000,71894
7,2767,83010000,83010100,5523,13807,83040000,71918
7,2768,83040000,83040100,5523,13807,83070000,71946
7,2769,83070000,83070100,5523,13807,83100000,71971
7,277,8310000,8310100,5523,13807,8340000,7218
7,2770,83100000,83100100,5523,13807,83130000,71999
7,2771,83130000,83130100,5523,13807,83160000,72022
7,2772,83160000,83160100,5523,13807,83190000,72048
7,2773,83190000,83190100,5523,13807,83220000,72076
7,2774,83220000,83220100,5523,13807,83250000,72101
7,2775,83250000,83250100,5523,13807,83280000,72127
7,2776,83280000,83280100,5523,13807,83310000,72154
7,2777,83310000,83310100,5523,13807,83340000,72180
7,2778,83340000,83340100,5523,13807,83370000,72205
7,2779,83370000,83370100,5523,13807,83400000,72230
7,278,8340000,8340100,5523,13807,8370000,7245
7,2780,83400000,83400100,5523,13807,83430000,72256
7,2781,83430000,83430100,5523,13807,83460000,72284
7,2782,83460000,83460100,5523,13807,83490000,72309
7,2783,83490000,83490100,5523,13807,83520000,72335
7,2784,83520000,83520100,5523,13807,83550000,72362
7,2785,83550000,83550100,5523,13807,83580000,72386
7,2786,83580000,83580100,5523,13807,83610000,72414
7,2787,83610000,83610100,5523,13807,83640000,72438
7,2788,83640000,83640100,5523,13807,83670000,72465
7,2789,83670000,83670100,5523,13807,83700000,72491
7,279,8370000,8370100,5523,13807,8400000,7267
7,2790,83700000,83700100,5523,13807,83730000,72518
7,2791,83730000,83730100,5523,13807,83760000,72543
7,2792,83760000,83760100,5523,13807,83790000,72568
7,2793,83790000,83790100,5523,13807,83820000,72594
7,2794,83820000,83820100,5523,13807,83850000,72621
7,2795,83850000,83850100,5523,13807,83880000,72647
7,2796,83880000,83880100,5523,13807,83910000,72673
7,2797,83910000,83910100,5523,13807,83940000,72700
7,2798,83940000,83940100,5523,13807,83970000,72726
7,2799,83970000,83970100,5523,13807,84000000,72749
7,28,840000,840100,5523,13807,870000,746
7,280,8400000,8400100,5523,13807,8430000,7295
7,2800,84000000,84000100,5523,13807,84030000,72776
7,2801,84030000,84030100,5523,13807,84060000,72803
7,2802,84060000,84060100,5523,13807,84090000,72829
7,2803,84090000,84090100,5523,13807,84120000,72855
7,2804,84120000,84120100,5523,13807,84150000,72880
7,2805,84150000,84150100,5523,13807,84180000,72908
7,2806,84180000,84180100,5523,13807,84210000,72933
7,2807,84210000,84210100,5523,13807,84240000,72957
7,2808,84240000,84240100,5523,13807,84270000,72985
7,2809,84270000,84270100,5523,13807,84300000,73010
7,281,8430000,8430100,5523,13807,8460000,7321
7,2810,84300000,84300100,5523,13807,84330000,73038
7,2811,84330000,84330100,5523,13807,84360000,73063
7,2812,84360000,84360100,5523,13807,84390000,73089
7,2813,84390000,84390100,5523,13807,84420000,73114
7,2814,84420000,84420100,5523,13807,84450000,73140
7,2815,84450000,84450100,5523,13807,84480000,73165
7,2816,84480000,84480100,5523,13807,84510000,73193
7,2817,84510000,84510100,5523,13807,84540000,73219
7,2818,84540000,84540100,5523,13807,84570000,73246
7,2819,84570000,84570100,5523,13807,84600000,73271
7,282,8460000,8460100,5523,13807,8490000,7348
7,2820,84600000,84600100,5523,13807,84630000,73295
7,2821,84630000,84630100,5523,13807,84660000,73323
7,2822,84660000,84660100,5523,13807,84690000,73348
7,2823,84690000,84690100,5523,13807,84720000,73374
7,2824,84720000,84720100,5523,13807,84750000,73400
7,2825,84750000,84750100,5523,13807,84780000,73427
7,2826,84780000,84780100,5523,13807,84810000,73454
7,2827,84810000,84810100,5523,13807,84840000,73477
7,2828,84840000,84840100,5523,13807,84870000,73504
7,2829,84870000,84870100,5523,13807,84900000,73530
7,283,8490000,8490100,5523,13807,8520000,7373
7,2830,84900000,84900100,5523,13807,84930000,73557
7,2831,84930000,84930100,5523,13807,84960000,73582
7,2832,84960000,84960100,5523,13807,84990000,73609
7,2833,84990000,84990100,5523,13807,85020000,73635
7,2834,85020000,85020100,5523,13807,85050000,73660
7,2835,85050000,85050100,5523,13807,85080000,73685
7,2836,85080000,85080100,5523,13807,85110000,73712
7,2837,85110000,85110100,5523,13807,85140000,73738
7,2838,85140000,85140100,5523,13807,85170000,73765
7,2839,85170000,85170100,5523,13807,85200000,73790
7,284,8520000,8520100,5523,13807,8550000,7399
7,2840,85200000,85200100,5523,13807,85230000,73817
7,2841,85230000,85230100,5523,13807,85260000,73842
7,2842,85260000,85260100,5523,13807,85290000,73868
7,2843,85290000,85290100,5523,13807,85320000,73894
7,2844,85320000,85320100,5523,13807,85350000,73919
7,2845,85350000,85350100,5523,13807,85380000,73947
7,2846,85380000,85380100,5523,13807,85410000,73973
7,2847,85410000,85410100,5523,13807,85440000,73998
7,2848,85440000,85440100,5523,13807,85470000,74023
7,2849,85470000,85470100,5523,13807,85500000,74049
7,285,8550000,8550100,5523,13807,8580000,7426
7,2850,85500000,85500100,5523,13807,85530000,74077
7,2851,85530000,85530100,5523,13807,85560000,74102
7,2852,85560000,85560100,5523,13807,85590000,74128
7,2853,85590000,85590100,5523,13807,85620000,74155
7,2854,85620000,85620100,5523,13807,85650000,74181
7,2855,85650000,85650100,5523,13807,85680000,74204
7,2856,85680000,85680100,5523,13807,85710000,74232
7,2857,85710000,85710100,5523,13807,85740000,74257
7,2858,85740000,85740100,5523,13807,85770000,74285
7,2859,85770000,85770100,5523,13807,85800000,74309
7,286,8580000,8580100,5523,13807,8610000,7451
7,2860,85800000,85800100,5523,13807,85830000,74336
7,2861,85830000,85830100,5523,13807,85860000,74364
7,2862,85860000,85860100,5523,13807,85890000,74387
7,2863,85890000,85890100,5523,13807,85920000,74413
7,2864,85920000,85920100,5523,13807,85950000,74439
7,2865,85950000,85950100,5523,13807,85980000,74466
7,2866,85980000,85980100,5523,13807,86010000,74493
7,2867,86010000,86010100,5523,13807,86040000,74518
7,2868,86040000,86040100,5523,13807,86070000,74544
7,2869,86070000,86070100,5523,13807,86100000,74569
7,287,8610000,8610100,5523,13807,8640000,7476
7,2870,86100000,86100100,5523,13807,86130000,74595
7,2871,86130000,86130100,5523,13807,86160000,74621
7,2872,86160000,86160100,5523,13807,86190000,74648
7,2873,86190000,86190100,5523,13807,86220000,74674
7,2874,86220000,86220100,5523,13807,86250000,74701
7,2875,86250000,86250100,5523,13807,86280000,74726
7,2876,86280000,86280100,5523,13807,86310000,74751
7,2877,86310000,86310100,5523,13807,86340000,74777
7,2878,86340000,86340100,5523,13807,86370000,74804
7,2879,86370000,86370100,5523,13807,86400000,74828
7,288,8640000,8640100,5523,13807,8670000,7503
7,2880,86400000,86400100,5523,13807,86430000,74856
7,2881,86430000,86430100,5523,13807,86460000,74882
7,2882,86460000,86460100,5523,13807,86490000,74909
7,2883,86490000,86490100,5523,13807,86520000,74933
7,2884,86520000,86520100,5523,13807,86550000,74958
7,2885,86550000,86550100,5523,13807,86580000,74986
7,2886,86580000,86580100,5523,13807,86610000,75012
7,2887,86610000,86610100,5523,13807,86640000,75037
7,2888,86640000,86640100,5523,13807,86670000,75064
7,2889,86670000,86670100,5523,13807,86700000,75090
7,289,8670000,8670100,5523,13807,8700000,7529
7,2890,86700000,86700100,5523,13807,86730000,75115
7,2891,86730000,86730100,5523,13807,86760000,75141
7,2892,86760000,86760100,5523,13807,86790000,75166
7,2893,86790000,86790100,5523,13807,86820000,75194
7,2894,86820000,86820100,5523,13807,86850000,75220
7,2895,86850000,86850100,5523,13807,86880000,75245
7,2896,86880000,86880100,5523,13807,86910000,75273
7,2897,86910000,86910100,5523,13807,86940000,75296
7,2898,86940000,86940100,5523,13807,86970000,75324
7,2899,86970000,86970100,5523,13807,87000000,75348
7,29,870000,870100,5523,13807,900000,773
7,290,8700000,8700100,5523,13807,8730000,7556
7,2900,87000000,87000100,5523,13807,87030000,75375
7,2901,87030000,87030100,5523,13807,87060000,75402
7,2902,87060000,87060100,5523,13807,87090000,75428
7,2903,87090000,87090100,5523,13807,87120000,75453
7,2904,87120000,87120100,5523,13807,87150000,75478
7,2905,87150000,87150100,5523,13807,87180000,75505
7,2906,87180000,87180100,5523,13807,87210000,75532
7,2907,87210000,87210100,5523,13807,87240000,75557
7,2908,87240000,87240100,5523,13807,87270000,75583
7,2909,87270000,87270100,5523,13807,87300000,75610
7,291,8730000,8730100,5523,13807,8760000,7582
7,2910,87300000,87300100,5523,13807,87330000,75636
7,2911,87330000,87330100,5523,13807,87360000,75660
7,2912,87360000,87360100,5523,13807,87390000,75686
7,2913,87390000,87390100,5523,13807,87420000,75713
7,2914,87420000,87420100,5523,13807,87450000,75739
7,2915,87450000,87450100,5523,13807,87480000,75765
7,2916,87480000,87480100,5523,13807,87510000,75792
7,2917,87510000,87510100,5523,13807,87540000,75818
7,2918,87540000,87540100,5523,13807,87570000,75843
7,2919,87570000,87570100,5523,13807,87600000,75867
7,292,8760000,8760100,5523,13807,8790000,7607
7,2920,87600000,87600100,5523,13807,87630000,75895
7,2921,87630000,87630100,5523,13807,87660000,75921
7,2922,87660000,87660100,5523,13807,87690000,75948
7,2923,87690000,87690100,5523,13807,87720000,75973
7,2924,87720000,87720100,5523,13807,87750000,75999
7,2925,87750000,87750100,5523,13807,87780000,76024
7,2926,87780000,87780100,5523,13807,87810000,76051
7,2927,87810000,87810100,5523,13807,87840000,76076
7,2928,87840000,87840100,5523,13807,87870000,76103
7,2929,87870000,87870100,5523,13807,87900000,76129
7,293,8790000,8790100,5523,13807,8820000,7633
7,2930,87900000,87900100,5523,13807,87930000,76156
7,2931,87930000,87930100,5523,13807,87960000,76182
7,2932,87960000,87960100,5523,13807,87990000,76205
7,2933,87990000,87990100,5523,13807,88020000,76233
7,2934,88020000,88020100,5523,13807,88050000,76258
7,2935,88050000,88050100,5523,13807,88080000,76284
7,2936,88080000,88080100,5523,13807,88110000,76311
7,2937,88110000,88110100,5523,13807,88140000,76337
7,2938,88140000,88140100,5523,13807,88170000,76365
7,2939,88170000,88170100,5523,13807,88200000,76387
7,294,8820000,8820100,5523,13807,8850000,7658
7,2940,88200000,88200100,5523,13807,88230000,76414
7,2941,88230000,88230100,5523,13807,88260000,76441
7,2942,88260000,88260100,5523,13807,88290000,76467
7,2943,88290000,88290100,5523,13807,88320000,76492
7,2944,88320000,88320100,5523,13807,88350000,76519
7,2945,88350000,88350100,5523,13807,88380000,76545
7,2946,88380000,88380100,5523,13807,88410000,76571
7,2947,88410000,88410100,5523,13807,88440000,76595
7,2948,88440000,88440100,5523,13807,88470000,76622
7,2949,88470000,88470100,5523,13807,88500000,76649
7,295,8850000,8850100,5523,13807,8880000,7684
7,2950,88500000,88500100,5523,13807,88530000,76675
7,2951,88530000,88530100,5523,13807,88560000,76701
7,2952,88560000,88560100,5523,13807,88590000,76727
7,2953,88590000,88590100,5523,13807,88620000,76752
7,2954,88620000,88620100,5523,13807,88650000,76778
7,2955,88650000,88650100,5523,13807,88680000,76804
7,2956,88680000,88680100,5523,13807,88710000,76830
7,2957,88710000,88710100,5523,13807,88740000,76857
7,2958,88740000,88740100,5523,13807,88770000,76883
7,2959,88770000,88770100,5523,13807,88800000,76908
7,296,8880000,8880100,5523,13807,8910000,7711
7,2960,88800000,88800100,5523,13807,88830000,76934
7,2961,88830000,88830100,5523,13807,88860000,76960
7,2962,88860000,88860100,5523,13807,88890000,76987
7,2963,88890000,88890100,5523,13807,88920000,77012
7,2964,88920000,88920100,5523,13807,88950000,77038
7,2965,88950000,88950100,5523,13807,88980000,77065
7,2966,88980000,88980100,5523,13807,89010000,77092
7,2967,89010000,89010100,5523,13807,89040000,77114
7,2968,89040000,89040100,5523,13807,89070000,77142
7,2969,89070000,89070100,5523,13807,89100000,77167
7,297,8910000,8910100,5523,13807,8940000,7737
7,2970,89100000,89100100,5523,13807,89130000,77195
7,2971,89130000,89130100,5523,13807,89160000,77221
7,2972,89160000,89160100,5523,13807,89190000,77246
7,2973,89190000,89190100,5523,13807,89220000,77274
7,2974,89220000,89220100,5523,13807,89250000,77297
7,2975,89250000,89250100,5523,13807,89280000,77323
7,2976,89280000,89280100,5523,13807,89310000,77350
7,2977,89310000,89310100,5523,13807,89340000,77376
7,2978,89340000,89340100,5523,13807,89370000,77403
7,2979,89370000,89370100,5523,13807,89400000,77428
7,298,8940000,8940100,5523,13807,8970000,7765
7,2980,89400000,89400100,5523,13807,89430000,77454
7,2981,89430000,89430100,5523,13807,89460000,77480
7,2982,89460000,89460100,5523,13807,89490000,77506
7,2983,89490000,89490100,5523,13807,89520000,77531
7,2984,89520000,89520100,5523,13807,89550000,77558
7,2985,89550000,89550100,5523,13807,89580000,77584
7,2986,89580000,89580100,5523,13807,89610000,77612
7,2987,89610000,89610100,5523,13807,89640000,77636
7,2988,89640000,89640100,5523,13807,89670000,77661
7,2989,89670000,89670100,5523,13807,89700000,77687
7,299,8970000,8970100,5523,13807,9000000,7789
7,2990,89700000,89700100,5523,13807,89730000,77714
7,2991,89730000,89730100,5523,13807,89760000,77739
7,2992,89760000,89760100,5523,13807,89790000,77766
7,2993,89790000,89790100,5523,13807,89820000,77793
7,2994,89820000,89820100,5523,13807,89850000,77819
7,2995,89850000,89850100,5523,13807,89880000,77843
7,2996,89880000,89880100,5523,13807,89910000,77869
7,2997,89910000,89910100,5523,13807,89940000,77896
7,2998,89940000,89940100,5523,13807,89970000,77922
7,2999,89970000,89970100,5523,13807,90000000,77947
7,3,90000,90100,5523,13807,120000,98
7,30,900000,900100,5523,13807,930000,799
7,300,9000000,9000100,5523,13807,9030000,7814
7,3000,90000000,90000100,5523,13807,90030000,77974
7,3001,90030000,90030100,5523,13807,90060000,78001
7,3002,90060000,90060100,5523,13807,90090000,78025
7,3003,90090000,90090100,5523,13807,90120000,78051
7,3004,90120000,90120100,5523,13807,90150000,78077
7,3005,90150000,90150100,5523,13807,90180000,78104
7,3006,90180000,90180100,5523,13807,90210000,78131
7,3007,90210000,90210100,5523,13807,90240000,78155
7,3008,90240000,90240100,5523,13807,90270000,78183
7,3009,90270000,90270100,5523,13807,90300000,78206
7,301,9030000,9030100,5523,13807,9060000,7841
7,3010,90300000,90300100,5523,13807,90330000,78234
7,3011,90330000,90330100,5523,13807,90360000,78259
7,3012,90360000,90360100,5523,13807,90390000,78285
7,3013,90390000,90390100,5523,13807,90420000,78312
7,3014,90420000,90420100,5523,13807,90450000,78338
7,3015,90450000,90450100,5523,13807,90480000,78364
7,3016,90480000,90480100,5523,13807,90510000,78389
7,3017,90510000,90510100,5523,13807,90540000,78415
7,3018,90540000,90540100,5523,13807,90570000,78442
7,3019,90570000,90570100,5523,13807,90600000,78467
7,302,9060000,9060100,5523,13807,9090000,7867
7,3020,90600000,90600100,5523,13807,90630000,78493
7,3021,90630000,90630100,5523,13807,90660000,78521
7,3022,90660000,90660100,5523,13807,90690000,78546
7,3023,90690000,90690100,5523,13807,90720000,78570
7,3024,90720000,90720100,5523,13807,90750000,78596
7,3025,90750000,90750100,5523,13807,90780000,78623
7,3026,90780000,90780100,5523,13807,90810000,78651
7,3027,90810000,90810100,5523,13807,90840000,78675
7,3028,90840000,90840100,5523,13807,90870000,78702
7,3029,90870000,90870100,5523,13807,90900000,78728
7,303,9090000,9090100,5523,13807,9120000,7892
7,3030,90900000,90900100,5523,13807,90930000,78753
7,3031,90930000,90930100,5523,13807,90960000,78778
7,3032,90960000,90960100,5523,13807,90990000,78805
7,3033,90990000,90990100,5523,13807,91020000,78831
7,3034,91020000,91020100,5523,13807,91050000,78858
7,3035,91050000,91050100,5523,13807,91080000,78883
7,3036,91080000,91080100,5523,13807,91110000,78910
7,3037,91110000,91110100,5523,13807,91140000,78935
7,3038,91140000,91140100,5523,13807,91170000,78961
7,3039,91170000,91170100,5523,13807,91200000,78986
7,304,9120000,9120100,5523,13807,9150000,7919
7,3040,91200000,91200100,5523,13807,91230000,79013
7,3041,91230000,91230100,5523,13807,91260000,79040
7,3042,91260000,91260100,5523,13807,91290000,79066
7,3043,91290000,91290100,5523,13807,91320000,79092
7,3044,91320000,91320100,5523,13807,91350000,79115
7,3045,91350000,91350100,5523,13807,91380000,79143
7,3046,91380000,91380100,5523,13807,91410000,79169
7,3047,91410000,91410100,5523,13807,91440000,79194
7,3048,91440000,91440100,5523,13807,91470000,79222
7,3049,91470000,91470100,5523,13807,91500000,79247
7,305,9150000,9150100,5523,13807,9180000,7945
7,3050,91500000,91500100,5523,13807,91530000,79275
7,3051,91530000,91530100,5523,13807,91560000,79298
7,3052,91560000,91560100,5523,13807,91590000,79324
7,3053,91590000,91590100,5523,13807,91620000,79351
7,3054,91620000,91620100,5523,13807,91650000,79377
7,3055,91650000,91650100,5523,13807,91680000,79402
7,3056,91680000,91680100,5523,13807,91710000,79430
7,3057,91710000,91710100,5523,13807,91740000,79455
7,3058,91740000,91740100,5523,13807,91770000,79481
7,3059,91770000,91770100,5523,13807,91800000,79506
7,306,9180000,9180100,5523,13807,9210000,7973
7,3060,91800000,91800100,5523,13807,91830000,79532
7,3061,91830000,91830100,5523,13807,91860000,79560
7,3062,91860000,91860100,5523,13807,91890000,79585
7,3063,91890000,91890100,5523,13807,91920000,79611
7,3064,91920000,91920100,5523,13807,91950000,79637
7,3065,91950000,91950100,5523,13807,91980000,79662
7,3066,91980000,91980100,5523,13807,92010000,79689
7,3067,92010000,92010100,5523,13807,92040000,79714
7,3068,92040000,92040100,5523,13807,92070000,79740
7,3069,92070000,92070100,5523,13807,92100000,79767
7,307,9210000,9210100,5523,13807,9240000,7995
7,3070,92100000,92100100,5523,13807,92130000,79794
7,3071,92130000,92130100,5523,13807,92160000,79819
7,3072,92160000,92160100,5523,13807,92190000,79844
7,3073,92190000,92190100,5523,13807,92220000,79870
7,3074,92220000,92220100,5523,13807,92250000,79897
7,3075,92250000,92250100,5523,13807,92280000,79922
7,3076,92280000,92280100,5523,13807,92310000,79949
7,3077,92310000,92310100,5523,13807,92340000,79975
7,3078,92340000,92340100,5523,13807,92370000,80002
7,3079,92370000,92370100,5523,13807,92400000,80024
7,308,9240000,9240100,5523,13807,9270000,8022
7,309,9270000,9270100,5523,13807,9300000,8049
7,31,930000,930100,5523,13807,960000,825
7,310,9300000,9300100,5523,13807,9330000,8075
7,311,9330000,9330100,5523,13807,9360000,8101
7,312,9360000,9360100,5523,13807,9390000,8127
7,313,9390000,9390100,5523,13807,9420000,8154
7,314,9420000,9420100,5523,13807,9450000,8178
7,315,9450000,9450100,5523,13807,9480000,8204
7,316,9480000,9480100,5523,13807,9510000,8230
7,317,9510000,9510100,5523,13807,9540000,8257
7,318,9540000,9540100,5523,13807,9570000,8283
7,319,9570000,9570100,5523,13807,9600000,8308
7,32,960000,960100,5523,13807,990000,851
7,320,9600000,9600100,5523,13807,9630000,8336
7,321,9630000,9630100,5523,13807,9660000,8360
7,322,9660000,9660100,5523,13807,9690000,8387
7,323,9690000,9690100,5523,13807,9720000,8412
7,324,9720000,9720100,5523,13807,9750000,8438
7,325,9750000,9750100,5523,13807,9780000,8465
7,326,9780000,9780100,5523,13807,9810000,8492
7,327,9810000,9810100,5523,13807,9840000,8516
7,328,9840000,9840100,5523,13807,9870000,8542
7,329,9870000,9870100,5523,13807,9900000,8567
7,33,990000,990100,5523,13807,1020000,878
7,330,9900000,9900100,5523,13807,9930000,8595
7,331,9930000,9930100,5523,13807,9960000,8621
7,332,9960000,9960100,5523,13807,9990000,8646
7,333,9990000,9990100,5523,13807,10020000,8674
7,334,10020000,10020100,5523,13807,10050000,8699
7,335,10050000,10050100,5523,13807,10080000,8723
7,336,10080000,10080100,5523,13807,10110000,8750
7,337,10110000,10110100,5523,13807,10140000,8776
7,338,10140000,10140100,5523,13807,10170000,8803
7,339,10170000,10170100,5523,13807,10200000,8828
7,34,1020000,1020100,5523,13807,1050000,903
7,340,10200000,10200100,5523,13807,10230000,8854
7,341,10230000,10230100,5523,13807,10260000,8882
7,342,10260000,10260100,5523,13807,10290000,8906
7,343,10290000,10290100,5523,13807,10320000,8931
7,344,10320000,10320100,5523,13807,10350000,8958
7,345,10350000,10350100,5523,13807,10380000,8984
7,346,10380000,10380100,5523,13807,10410000,9012
7,347,10410000,10410100,5523,13807,10440000,9036
7,348,10440000,10440100,5523,13807,10470000,9063
7,349,10470000,10470100,5523,13807,10500000,9087
7,35,1050000,1050100,5523,13807,1080000,928
7,350,10500000,10500100,5523,13807,10530000,9114
7,351,10530000,10530100,5523,13807,10560000,9139
7,352,10560000,10560100,5523,13807,10590000,9166
7,353,10590000,10590100,5523,13807,10620000,9193
7,354,10620000,10620100,5523,13807,10650000,9219
7,355,10650000,10650100,5523,13807,10680000,9245
7,356,10680000,10680100,5523,13807,10710000,9269
7,357,10710000,10710100,5523,13807,10740000,9296
7,358,10740000,10740100,5523,13807,10770000,9322
7,359,10770000,10770100,5523,13807,10800000,9347
7,36,1080000,1080100,5523,13807,1110000,955
7,360,10800000,10800100,5523,13807,10830000,9374
7,361,10830000,10830100,5523,13807,10860000,9401
7,362,10860000,10860100,5523,13807,10890000,9427
7,363,10890000,10890100,5523,13807,10920000,9451
7,364,10920000,10920100,5523,13807,10950000,9477
7,365,10950000,10950100,5523,13807,10980000,9504
7,366,10980000,10980100,5523,13807,11010000,9531
7,367,11010000,11010100,5523,13807,11040000,9555
7,368,11040000,11040100,5523,13807,11070000,9583
7,369,11070000,11070100,5523,13807,11100000,9608
7,37,1110000,1110100,5523,13807,1140000,981
7,370,11100000,11100100,5523,13807,11130000,9634
7,371,11130000,11130100,5523,13807,11160000,9659
7,372,11160000,11160100,5523,13807,11190000,9685
7,373,11190000,11190100,5523,13807,11220000,9712
7,374,11220000,11220100,5523,13807,11250000,9738
7,375,11250000,11250100,5523,13807,11280000,9764
7,376,11280000,11280100,5523,13807,11310000,9791
7,377,11310000,11310100,5523,13807,11340000,9815
7,378,11340000,11340100,5523,13807,11370000,9842
7,379,11370000,11370100,5523,13807,11400000,9867
7,38,1140000,1140100,5523,13807,1170000,1008
7,380,11400000,11400100,5523,13807,11430000,9893
7,381,11430000,11430100,5523,13807,11460000,9921
7,382,11460000,11460100,5523,13807,11490000,9946
7,383,11490000,11490100,5523,13807,11520000,9972
7,384,11520000,11520100,5523,13807,11550000,9996
7,385,11550000,11550100,5523,13807,11580000,10023
7,386,11580000,11580100,5523,13807,11610000,10051
7,387,11610000,11610100,5523,13807,11640000,10075
7,388,11640000,11640100,5523,13807,11670000,10102
7,389,11670000,11670100,5523,13807,11700000,10128
7,39,1170000,1170100,5523,13807,1200000,1032
7,390,11700000,11700100,5523,13807,11730000,10155
7,391,11730000,11730100,5523,13807,11760000,10178
7,392,11760000,11760100,5523,13807,11790000,10205
7,393,11790000,11790100,5523,13807,11820000,10231
7,394,11820000,11820100,5523,13807,11850000,10258
7,395,11850000,11850100,5523,13807,11880000,10283
7,396,11880000,11880100,5523,13807,11910000,10310
7,397,11910000,11910100,5523,13807,11940000,10337
7,398,11940000,11940100,5523,13807,11970000,10361
7,399,11970000,11970100,5523,13807,12000000,10386
7,4,120000,120100,5523,13807,150000,123
7,40,1200000,1200100,5523,13807,1230000,1060
7,400,12000000,12000100,5523,13807,12030000,10413
7,401,12030000,12030100,5523,13807,12060000,10440
7,402,12060000,12060100,5523,13807,12090000,10466
7,403,12090000,12090100,5523,13807,12120000,10492
7,404,12120000,12120100,5523,13807,12150000,10517
7,405,12150000,12150100,5523,13807,12180000,10543
7,406,12180000,12180100,5523,13807,12210000,10569
7,407,12210000,12210100,5523,13807,12240000,10594
7,408,12240000,12240100,5523,13807,12270000,10622
7,409,12270000,12270100,5523,13807,12300000,10647
7,41,1230000,1230100,5523,13807,1260000,1084
7,410,12300000,12300100,5523,13807,12330000,10675
7,411,12330000,12330100,5523,13807,12360000,10700
7,412,12360000,12360100,5523,13807,12390000,10724
7,413,12390000,12390100,5523,13807,12420000,10751
7,414,12420000,12420100,5523,13807,12450000,10777
7,415,12450000,12450100,5523,13807,12480000,10802
7,416,12480000,12480100,5523,13807,12510000,10830
7,417,12510000,12510100,5523,13807,12540000,10855
7,418,12540000,12540100,5523,13807,12570000,10883
7,419,12570000,12570100,5523,13807,12600000,10906
7,42,1260000,1260100,5523,13807,1290000,1111
7,420,12600000,12600100,5523,13807,12630000,10932
7,421,12630000,12630100,5523,13807,12660000,10960
7,422,12660000,12660100,5523,13807,12690000,10985
7,423,12690000,12690100,5523,13807,12720000,11011
7,424,12720000,12720100,5523,13807,12750000,11037
7,425,12750000,12750100,5523,13807,12780000,11064
7,426,12780000,12780100,5523,13807,12810000,11089
7,427,12810000,12810100,5523,13807,12840000,11114
7,428,12840000,12840100,5523,13807,12870000,11140
7,429,12870000,12870100,5523,13807,12900000,11167
7,43,1290000,1290100,5523,13807,1320000,1136
7,430,12900000,12900100,5523,13807,12930000,11194
7,431,12930000,12930100,5523,13807,12960000,11219
7,432,12960000,12960100,5523,13807,12990000,11246
7,433,12990000,12990100,5523,13807,13020000,11270
7,434,13020000,13020100,5523,13807,13050000,11297
7,435,13050000,13050100,5523,13807,13080000,11322
7,436,13080000,13080100,5523,13807,13110000,11349
7,437,13110000,13110100,5523,13807,13140000,11375
7,438,13140000,13140100,5523,13807,13170000,11402
7,439,13170000,13170100,5523,13807,13200000,11426
7,44,1320000,1320100,5523,13807,1350000,1162
7,440,13200000,13200100,5523,13807,13230000,11452
7,441,13230000,13230100,5523,13807,13260000,11479
7,442,13260000,13260100,5523,13807,13290000,11505
7,443,13290000,13290100,5523,13807,13320000,11531
7,444,13320000,13320100,5523,13807,13350000,11556
7,445,13350000,13350100,5523,13807,13380000,11584
7,446,13380000,13380100,5523,13807,13410000,11610
7,447,13410000,13410100,5523,13807,13440000,11633
7,448,13440000,13440100,5523,13807,13470000,11660
7,449,13470000,13470100,5523,13807,13500000,11686
7,45,1350000,1350100,5523,13807,1380000,1190
7,450,13500000,13500100,5523,13807,13530000,11713
7,451,13530000,13530100,5523,13807,13560000,11739
7,452,13560000,13560100,5523,13807,13590000,11765
7,453,13590000,13590100,5523,13807,13620000,11792
7,454,13620000,13620100,5523,13807,13650000,11816
7,455,13650000,13650100,5523,13807,13680000,11841
7,456,13680000,13680100,5523,13807,13710000,11869
7,457,13710000,13710100,5523,13807,13740000,11894
7,458,13740000,13740100,5523,13807,13770000,11922
7,459,13770000,13770100,5523,13807,13800000,11946
7,46,1380000,1380100,5523,13807,1410000,1216
7,460,13800000,13800100,5523,13807,13830000,11973
7,461,13830000,13830100,5523,13807,13860000,11998
7,462,13860000,13860100,5523,13807,13890000,12024
7,463,13890000,13890100,5523,13807,13920000,12050
7,464,13920000,13920100,5523,13807,13950000,12076
7,465,13950000,13950100,5523,13807,13980000,12103
7,466,13980000,13980100,5523,13807,14010000,12130
7,467,14010000,14010100,5523,13807,14040000,12155
7,468,14040000,14040100,5523,13807,14070000,12179
7,469,14070000,14070100,5523,13807,14100000,12206
7,47,1410000,1410100,5523,13807,1440000,1241
7,470,14100000,14100100,5523,13807,14130000,12232
7,471,14130000,14130100,5523,13807,14160000,12258
7,472,14160000,14160100,5523,13807,14190000,12284
7,473,14190000,14190100,5523,13807,14220000,12311
7,474,14220000,14220100,5523,13807,14250000,12338
7,475,14250000,14250100,5523,13807,14280000,12361
7,476,14280000,14280100,5523,13807,14310000,12388
7,477,14310000,14310100,5523,13807,14340000,12414
7,478,14340000,14340100,5523,13807,14370000,12441
7,479,14370000,14370100,5523,13807,14400000,12465
7,48,1440000,1440100,5523,13807,1470000,1266
7,480,14400000,14400100,5523,13807,14430000,12493
7,481,14430000,14430100,5523,13807,14460000,12519
7,482,14460000,14460100,5523,13807,14490000,12544
7,483,14490000,14490100,5523,13807,14520000,12569
7,484,14520000,14520100,5523,13807,14550000,12595
7,485,14550000,14550100,5523,13807,14580000,12623
7,486,14580000,14580100,5523,13807,14610000,12649
7,487,14610000,14610100,5523,13807,14640000,12674
7,488,14640000,14640100,5523,13807,14670000,12701
7,489,14670000,14670100,5523,13807,14700000,12725
7,49,1470000,1470100,5523,13807,1500000,1292
7,490,14700000,14700100,5523,13807,14730000,12752
7,491,14730000,14730100,5523,13807,14760000,12778
7,492,14760000,14760100,5523,13807,14790000,12803
7,493,14790000,14790100,5523,13807,14820000,12831
7,494,14820000,14820100,5523,13807,14850000,12856
7,495,14850000,14850100,5523,13807,14880000,12882
7,496,14880000,14880100,5523,13807,14910000,12908
7,497,14910000,14910100,5523,13807,14940000,12933
7,498,14940000,14940100,5523,13807,14970000,12961
7,499,14970000,14970100,5523,13807,15000000,12985
7,5,150000,150100,5523,13807,180000,151
7,50,1500000,1500100,5523,13807,1530000,1319
7,500,15000000,15000100,5523,13807,15030000,13012
7,501,15030000,15030100,5523,13807,15060000,13039
7,502,15060000,15060100,5523,13807,15090000,13065
7,503,15090000,15090100,5523,13807,15120000,13088
7,504,15120000,15120100,5523,13807,15150000,13115
7,505,15150000,15150100,5523,13807,15180000,13141
7,506,15180000,15180100,5523,13807,15210000,13169
7,507,15210000,15210100,5523,13807,15240000,13194
7,508,15240000,15240100,5523,13807,15270000,13220
7,509,15270000,15270100,5523,13807,15300000,13247
7,51,1530000,1530100,5523,13807,1560000,1345
7,510,15300000,15300100,5523,13807,15330000,13271
7,511,15330000,15330100,5523,13807,15360000,13297
7,512,15360000,15360100,5523,13807,15390000,13323
7,513,15390000,15390100,5523,13807,15420000,13350
7,514,15420000,15420100,5523,13807,15450000,13376
7,515,15450000,15450100,5523,13807,15480000,13402
7,516,15480000,15480100,5523,13807,15510000,13428
7,517,15510000,15510100,5523,13807,15540000,13453
7,518,15540000,15540100,5523,13807,15570000,13480
7,519,15570000,15570100,5523,13807,15600000,13504
7,52,1560000,1560100,5523,13807,1590000,1370
7,520,15600000,15600100,5523,13807,15630000,13532
7,521,15630000,15630100,5523,13807,15660000,13558
7,522,15660000,15660100,5523,13807,15690000,13585
7,523,15690000,15690100,5523,13807,15720000,13610
7,524,15720000,15720100,5523,13807,15750000,13634
7,525,15750000,15750100,5523,13807,15780000,13661
7,526,15780000,15780100,5523,13807,15810000,13688
7,527,15810000,15810100,5523,13807,15840000,13712
7,528,15840000,15840100,5523,13807,15870000,13740
7,529,15870000,15870100,5523,13807,15900000,13766
7,53,1590000,1590100,5523,13807,1620000,1398
7,530,15900000,15900100,5523,13807,15930000,13793
7,531,15930000,15930100,5523,13807,15960000,13817
7,532,15960000,15960100,5523,13807,15990000,13842
7,533,15990000,15990100,5523,13807,16020000,13870
7,534,16020000,16020100,5523,13807,16050000,13895
7,535,16050000,16050100,5523,13807,16080000,13921
7,536,16080000,16080100,5523,13807,16110000,13948
7,537,16110000,16110100,5523,13807,16140000,13974
7,538,16140000,16140100,5523,13807,16170000,13999
7,539,16170000,16170100,5523,13807,16200000,14024
7,54,1620000,1620100,5523,13807,1650000,1423
7,540,16200000,16200100,5523,13807,16230000,14051
7,541,16230000,16230100,5523,13807,16260000,14078
7,542,16260000,16260100,5523,13807,16290000,14104
7,543,16290000,16290100,5523,13807,16320000,14129
7,544,16320000,16320100,5523,13807,16350000,14156
7,545,16350000,16350100,5523,13807,16380000,14180
7,546,16380000,16380100,5523,13807,16410000,14208
7,547,16410000,16410100,5523,13807,16440000,14232
7,548,16440000,16440100,5523,13807,16470000,14259
7,549,16470000,16470100,5523,13807,16500000,14285
7,55,1650000,1650100,5523,13807,1680000,1447
7,550,16500000,16500100,5523,13807,16530000,14312
7,551,16530000,16530100,5523,13807,16560000,14338
7,552,16560000,16560100,5523,13807,16590000,14362
7,553,16590000,16590100,5523,13807,16620000,14389
7,554,16620000,16620100,5523,13807,16650000,14415
7,555,16650000,16650100,5523,13807,16680000,14441
7,556,16680000,16680100,5523,13807,16710000,14467
7,557,16710000,16710100,5523,13807,16740000,14494
7,558,16740000,16740100,5523,13807,16770000,14520
7,559,16770000,16770100,5523,13807,16800000,14543
7,56,1680000,1680100,5523,13807,1710000,1475
7,560,16800000,16800100,5523,13807,16830000,14570
7,561,16830000,16830100,5523,13807,16860000,14597
7,562,16860000,16860100,5523,13807,16890000,14624
7,563,16890000,16890100,5523,13807,16920000,14649
7,564,16920000,16920100,5523,13807,16950000,14675
7,565,16950000,16950100,5523,13807,16980000,14702
7,566,16980000,16980100,5523,13807,17010000,14727
7,567,17010000,17010100,5523,13807,17040000,14751
7,568,17040000,17040100,5523,13807,17070000,14779
7,569,17070000,17070100,5523,13807,17100000,14804
7,57,1710000,1710100,5523,13807,1740000,1500
7,570,17100000,17100100,5523,13807,17130000,14832
7,571,17130000,17130100,5523,13807,17160000,14857
7,572,17160000,17160100,5523,13807,17190000,14883
7,573,17190000,17190100,5523,13807,17220000,14909
7,574,17220000,17220100,5523,13807,17250000,14934
7,575,17250000,17250100,5523,13807,17280000,14960
7,576,17280000,17280100,5523,13807,17310000,14987
7,577,17310000,17310100,5523,13807,17340000,15013
7,578,17340000,17340100,5523,13807,17370000,15040
7,579,17370000,17370100,5523,13807,17400000,15065
7,58,1740000,1740100,5523,13807,1770000,1528
7,580,17400000,17400100,5523,13807,17430000,15089
7,581,17430000,17430100,5523,13807,17460000,15117
7,582,17460000,17460100,5523,13807,17490000,15142
7,583,17490000,17490100,5523,13807,17520000,15168
7,584,17520000,17520100,5523,13807,17550000,15195
7,585,17550000,17550100,5523,13807,17580000,15221
7,586,17580000,17580100,5523,13807,17610000,15249
7,587,17610000,17610100,5523,13807,17640000,15271
7,588,17640000,17640100,5523,13807,17670000,15298
7,589,17670000,17670100,5523,13807,17700000,15324
7,59,1770000,1770100,5523,13807,1800000,1552
7,590,17700000,17700100,5523,13807,17730000,15351
7,591,17730000,17730100,5523,13807,17760000,15376
7,592,17760000,17760100,5523,13807,17790000,15403
7,593,17790000,17790100,5523,13807,17820000,15429
7,594,17820000,17820100,5523,13807,17850000,15454
7,595,17850000,17850100,5523,13807,17880000,15480
7,596,17880000,17880100,5523,13807,17910000,15506
7,597,17910000,17910100,5523,13807,17940000,15533
7,598,17940000,17940100,5523,13807,17970000,15559
7,599,17970000,17970100,5523,13807,18000000,15584
7,6,180000,180100,5523,13807,210000,175
7,60,1800000,1800100,5523,13807,1830000,1579
7,600,18000000,18000100,5523,13807,18030000,15611
7,601,18030000,18030100,5523,13807,18060000,15636
7,602,18060000,18060100,5523,13807,18090000,15662
7,603,18090000,18090100,5523,13807,18120000,15688
7,604,18120000,18120100,5523,13807,18150000,15713
7,605,18150000,18150100,5523,13807,18180000,15741
7,606,18180000,18180100,5523,13807,18210000,15768
7,607,18210000,18210100,5523,13807,18240000,15792
7,608,18240000,18240100,5523,13807,18270000,15818
7,609,18270000,18270100,5523,13807,18300000,15843
7,61,1830000,1830100,5523,13807,1860000,1606
7,610,18300000,18300100,5523,13807,18330000,15871
7,611,18330000,18330100,5523,13807,18360000,15896
7,612,18360000,18360100,5523,13807,18390000,15922
7,613,18390000,18390100,5523,13807,18420000,15949
7,614,18420000,18420100,5523,13807,18450000,15975
7,615,18450000,18450100,5523,13807,18480000,15998
7,616,18480000,18480100,5523,13807,18510000,16026
7,617,18510000,18510100,5523,13807,18540000,16052
7,618,18540000,18540100,5523,13807,18570000,16079
7,619,18570000,18570100,5523,13807,18600000,16104
7,62,1860000,1860100,5523,13807,1890000,1630
7,620,18600000,18600100,5523,13807,18630000,16130
7,621,18630000,18630100,5523,13807,18660000,16158
7,622,18660000,18660100,5523,13807,18690000,16181
7,623,18690000,18690100,5523,13807,18720000,16207
7,624,18720000,18720100,5523,13807,18750000,16233
7,625,18750000,18750100,5523,13807,18780000,16260
7,626,18780000,18780100,5523,13807,18810000,16287
7,627,18810000,18810100,5523,13807,18840000,16312
7,628,18840000,18840100,5523,13807,18870000,16339
7,629,18870000,18870100,5523,13807,18900000,16363
7,63,1890000,1890100,5523,13807,1920000,1655
7,630,18900000,18900100,5523,13807,18930000,16390
7,631,18930000,18930100,5523,13807,18960000,16415
7,632,18960000,18960100,5523,13807,18990000,16442
7,633,18990000,18990100,5523,13807,19020000,16468
7,634,19020000,19020100,5523,13807,19050000,16495
7,635,19050000,19050100,5523,13807,19080000,16520
7,636,19080000,19080100,5523,13807,19110000,16545
7,637,19110000,19110100,5523,13807,19140000,16571
7,638,19140000,19140100,5523,13807,19170000,16598
7,639,19170000,19170100,5523,13807,19200000,16623
7,64,1920000,1920100,5523,13807,1950000,1682
7,640,19200000,19200100,5523,13807,19230000,16650
7,641,19230000,19230100,5523,13807,19260000,16677
7,642,19260000,19260100,5523,13807,19290000,16703
7,643,19290000,19290100,5523,13807,19320000,16727
7,644,19320000,19320100,5523,13807,19350000,16752
7,645,19350000,19350100,5523,13807,19380000,16780
7,646,19380000,19380100,5523,13807,19410000,16806
7,647,19410000,19410100,5523,13807,19440000,16831
7,648,19440000,19440100,5523,13807,19470000,16858
7,649,19470000,19470100,5523,13807,19500000,16884
7,65,1950000,1950100,5523,13807,1980000,1708
7,650,19500000,19500100,5523,13807,19530000,16910
7,651,19530000,19530100,5523,13807,19560000,16935
7,652,19560000,19560100,5523,13807,19590000,16961
7,653,19590000,19590100,5523,13807,19620000,16988
7,654,19620000,19620100,5523,13807,19650000,17014
7,655,19650000,19650100,5523,13807,19680000,17039
7,656,19680000,19680100,5523,13807,19710000,17067
7,657,19710000,19710100,5523,13807,19740000,17090
7,658,19740000,19740100,5523,13807,19770000,17118
7,659,19770000,19770100,5523,13807,19800000,17142
7,66,1980000,1980100,5523,13807,2010000,1736
7,660,19800000,19800100,5523,13807,19830000,17169
7,661,19830000,19830100,5523,13807,19860000,17197
7,662,19860000,19860100,5523,13807,19890000,17222
7,663,19890000,19890100,5523,13807,19920000,17248
7,664,19920000,19920100,5523,13807,19950000,17272
7,665,19950000,19950100,5523,13807,19980000,17299
7,666,19980000,19980100,5523,13807,20010000,17326
7,667,20010000,20010100,5523,13807,20040000,17351
7,668,20040000,20040100,5523,13807,20070000,17377
7,669,20070000,20070100,5523,13807,20100000,17404
7,67,2010000,2010100,5523,13807,2040000,1761
7,670,20100000,20100100,5523,13807,20130000,17430
7,671,20130000,20130100,5523,13807,20160000,17454
7,672,20160000,20160100,5523,13807,20190000,17481
7,673,20190000,20190100,5523,13807,20220000,17507
7,674,20220000,20220100,5523,13807,20250000,17534
7,675,20250000,20250100,5523,13807,20280000,17559
7,676,20280000,20280100,5523,13807,20310000,17586
7,677,20310000,20310100,5523,13807,20340000,17612
7,678,20340000,20340100,5523,13807,20370000,17637
7,679,20370000,20370100,5523,13807,20400000,17661
7,68,2040000,2040100,5523,13807,2070000,1787
7,680,20400000,20400100,5523,13807,20430000,17689
7,681,20430000,20430100,5523,13807,20460000,17715
7,682,20460000,20460100,5523,13807,20490000,17742
7,683,20490000,20490100,5523,13807,20520000,17768
7,684,20520000,20520100,5523,13807,20550000,17793
7,685,20550000,20550100,5523,13807,20580000,17819
7,686,20580000,20580100,5523,13807,20610000,17845
7,687,20610000,20610100,5523,13807,20640000,17870
7,688,20640000,20640100,5523,13807,20670000,17897
7,689,20670000,20670100,5523,13807,20700000,17923
7,69,2070000,2070100,5523,13807,2100000,1812
7,690,20700000,20700100,5523,13807,20730000,17950
7,691,20730000,20730100,5523,13807,20760000,17976
7,692,20760000,20760100,5523,13807,20790000,17999
7,693,20790000,20790100,5523,13807,20820000,18027
7,694,20820000,20820100,5523,13807,20850000,18053
7,695,20850000,20850100,5523,13807,20880000,18078
7,696,20880000,20880100,5523,13807,20910000,18106
7,697,20910000,20910100,5523,13807,20940000,18131
7,698,20940000,20940100,5523,13807,20970000,18159
7,699,20970000,20970100,5523,13807,21000000,18181
7,7,210000,210100,5523,13807,240000,200
7,70,2100000,2100100,5523,13807,2130000,1838
7,700,21000000,21000100,5523,13807,21030000,18208
7,701,21030000,21030100,5523,13807,21060000,18235
7,702,21060000,21060100,5523,13807,21090000,18261
7,703,21090000,21090100,5523,13807,21120000,18286
7,704,21120000,21120100,5523,13807,21150000,18313
7,705,21150000,21150100,5523,13807,21180000,18340
7,706,21180000,21180100,5523,13807,21210000,18365
7,707,21210000,21210100,5523,13807,21240000,18390
7,708,21240000,21240100,5523,13807,21270000,18416
7,709,21270000,21270100,5523,13807,21300000,18443
7,71,2130000,2130100,5523,13807,2160000,1864
7,710,21300000,21300100,5523,13807,21330000,18469
7,711,21330000,21330100,5523,13807,21360000,18495
7,712,21360000,21360100,5523,13807,21390000,18521
7,713,21390000,21390100,5523,13807,21420000,18546
7,714,21420000,21420100,5523,13807,21450000,18572
7,715,21450000,21450100,5523,13807,21480000,18598
7,716,21480000,21480100,5523,13807,21510000,18625
7,717,21510000,21510100,5523,13807,21540000,18651
7,718,21540000,21540100,5523,13807,21570000,18678
7,719,21570000,21570100,5523,13807,21600000,18702
7,72,2160000,2160100,5523,13807,2190000,1890
7,720,21600000,21600100,5523,13807,21630000,18728
7,721,21630000,21630100,5523,13807,21660000,18754
7,722,21660000,21660100,5523,13807,21690000,18781
7,723,21690000,21690100,5523,13807,21720000,18806
7,724,21720000,21720100,5523,13807,21750000,18832
7,725,21750000,21750100,5523,13807,21780000,18859
7,726,21780000,21780100,5523,13807,21810000,18886
7,727,21810000,21810100,5523,13807,21840000,18909
7,728,21840000,21840100,5523,13807,21870000,18936
7,729,21870000,21870100,5523,13807,21900000,18962
7,73,2190000,2190100,5523,13807,2220000,1917
7,730,21900000,21900100,5523,13807,21930000,18989
7,731,21930000,21930100,5523,13807,21960000,19015
7,732,21960000,21960100,5523,13807,21990000,19040
7,733,21990000,21990100,5523,13807,22020000,19068
7,734,22020000,22020100,5523,13807,22050000,19091
7,735,22050000,22050100,5523,13807,22080000,19117
7,736,22080000,22080100,5523,13807,22110000,19144
7,737,22110000,22110100,5523,13807,22140000,19170
7,738,22140000,22140100,5523,13807,22170000,19198
7,739,22170000,22170100,5523,13807,22200000,19222
7,74,2220000,2220100,5523,13807,2250000,1943
7,740,22200000,22200100,5523,13807,22230000,19249
7,741,22230000,22230100,5523,13807,22260000,19274
7,742,22260000,22260100,5523,13807,22290000,19300
7,743,22290000,22290100,5523,13807,22320000,19325
7,744,22320000,22320100,5523,13807,22350000,19352
7,745,22350000,22350100,5523,13807,22380000,19378
7,746,22380000,22380100,5523,13807,22410000,19406
7,747,22410000,22410100,5523,13807,22440000,19430
7,748,22440000,22440100,5523,13807,22470000,19455
7,749,22470000,22470100,5523,13807,22500000,19482
7,75,2250000,2250100,5523,13807,2280000,1969
7,750,22500000,22500100,5523,13807,22530000,19508
7,751,22530000,22530100,5523,13807,22560000,19534
7,752,22560000,22560100,5523,13807,22590000,19560
7,753,22590000,22590100,5523,13807,22620000,19587
7,754,22620000,22620100,5523,13807,22650000,19613
7,755,22650000,22650100,5523,13807,22680000,19637
7,756,22680000,22680100,5523,13807,22710000,19663
7,757,22710000,22710100,5523,13807,22740000,19690
7,758,22740000,22740100,5523,13807,22770000,19716
7,759,22770000,22770100,5523,13807,22800000,19741
7,76,2280000,2280100,5523,13807,2310000,1993
7,760,22800000,22800100,5523,13807,22830000,19769
7,761,22830000,22830100,5523,13807,22860000,19795
7,762,22860000,22860100,5523,13807,22890000,19820
7,763,22890000,22890100,5523,13807,22920000,19845
7,764,22920000,22920100,5523,13807,22950000,19871
7,765,22950000,22950100,5523,13807,22980000,19898
7,766,22980000,22980100,5523,13807,23010000,19925
7,767,23010000,23010100,5523,13807,23040000,19949
7,768,23040000,23040100,5523,13807,23070000,19977
7,769,23070000,23070100,5523,13807,23100000,20000
7,77,2310000,2310100,5523,13807,2340000,2020
7,770,23100000,23100100,5523,13807,23130000,20028
7,771,23130000,23130100,5523,13807,23160000,20054
7,772,23160000,23160100,5523,13807,23190000,20079
7,773,23190000,23190100,5523,13807,23220000,20107
7,774,23220000,23220100,5523,13807,23250000,20132
7,775,23250000,23250100,5523,13807,23280000,20158
7,776,23280000,23280100,5523,13807,23310000,20183
7,777,23310000,23310100,5523,13807,23340000,20209
7,778,23340000,23340100,5523,13807,23370000,20236
7,779,23370000,23370100,5523,13807,23400000,20261
7,78,2340000,2340100,5523,13807,2370000,2047
7,780,23400000,23400100,5523,13807,23430000,20287
7,781,23430000,23430100,5523,13807,23460000,20315
7,782,23460000,23460100,5523,13807,23490000,20341
7,783,23490000,23490100,5523,13807,23520000,20364
7,784,23520000,23520100,5523,13807,23550000,20391
7,785,23550000,23550100,5523,13807,23580000,20417
7,786,23580000,23580100,5523,13807,23610000,20445
7,787,23610000,23610100,5523,13807,23640000,20469
7,788,23640000,23640100,5523,13807,23670000,20496
7,789,23670000,23670100,5523,13807,23700000,20522
7,79,2370000,2370100,5523,13807,2400000,2071
7,790,23700000,23700100,5523,13807,23730000,20547
7,791,23730000,23730100,5523,13807,23760000,20572
7,792,23760000,23760100,5523,13807,23790000,20599
7,793,23790000,23790100,5523,13807,23820000,20626
7,794,23820000,23820100,5523,13807,23850000,20652
7,795,23850000,23850100,5523,13807,23880000,20678
7,796,23880000,23880100,5523,13807,23910000,20704
7,797,23910000,23910100,5523,13807,23940000,20729
7,798,23940000,23940100,5523,13807,23970000,20755
7,799,23970000,23970100,5523,13807,24000000,20780
7,8,240000,240100,5523,13807,270000,227
7,80,2400000,2400100,5523,13807,2430000,2099
7,800,24000000,24000100,5523,13807,24030000,20807
7,801,24030000,24030100,5523,13807,24060000,20834
7,802,24060000,24060100,5523,13807,24090000,20860
7,803,24090000,24090100,5523,13807,24120000,20886
7,804,24120000,24120100,5523,13807,24150000,20910
7,805,24150000,24150100,5523,13807,24180000,20937
7,806,24180000,24180100,5523,13807,24210000,20964
7,807,24210000,24210100,5523,13807,24240000,20988
7,808,24240000,24240100,5523,13807,24270000,21016
7,809,24270000,24270100,5523,13807,24300000,21041
7,81,2430000,2430100,5523,13807,2460000,2125
7,810,24300000,24300100,5523,13807,24330000,21069
7,811,24330000,24330100,5523,13807,24360000,21092
7,812,24360000,24360100,5523,13807,24390000,21118
7,813,24390000,24390100,5523,13807,24420000,21145
7,814,24420000,24420100,5523,13807,24450000,21171
7,815,24450000,24450100,5523,13807,24480000,21197
7,816,24480000,24480100,5523,13807,24510000,21224
7,817,24510000,24510100,5523,13807,24540000,21250
7,818,24540000,24540100,5523,13807,24570000,21275
7,819,24570000,24570100,5523,13807,24600000,21300
7,82,2460000,2460100,5523,13807,2490000,2152
7,820,24600000,24600100,5523,13807,24630000,21326
7,821,24630000,24630100,5523,13807,24660000,21354
7,822,24660000,24660100,5523,13807,24690000,21379
7,823,24690000,24690100,5523,13807,24720000,21405
7,824,24720000,24720100,5523,13807,24750000,21431
7,825,24750000,24750100,5523,13807,24780000,21456
7,826,24780000,24780100,5523,13807,24810000,21484
7,827,24810000,24810100,5523,13807,24840000,21508
7,828,24840000,24840100,5523,13807,24870000,21535
7,829,24870000,24870100,5523,13807,24900000,21561
7,83,2490000,2490100,5523,13807,2520000,2175
7,830,24900000,24900100,5523,13807,24930000,21588
7,831,24930000,24930100,5523,13807,24960000,21613
7,832,24960000,24960100,5523,13807,24990000,21638
7,833,24990000,24990100,5523,13807,25020000,21664
7,834,25020000,25020100,5523,13807,25050000,21691
7,835,25050000,25050100,5523,13807,25080000,21716
7,836,25080000,25080100,5523,13807,25110000,21743
7,837,25110000,25110100,5523,13807,25140000,21770
7,838,25140000,25140100,5523,13807,25170000,21796
7,839,25170000,25170100,5523,13807,25200000,21819
7,84,2520000,2520100,5523,13807,2550000,2201
7,840,25200000,25200100,5523,13807,25230000,21846
7,841,25230000,25230100,5523,13807,25260000,21873
7,842,25260000,25260100,5523,13807,25290000,21899
7,843,25290000,25290100,5523,13807,25320000,21925
7,844,25320000,25320100,5523,13807,25350000,21950
7,845,25350000,25350100,5523,13807,25380000,21978
7,846,25380000,25380100,5523,13807,25410000,22002
7,847,25410000,25410100,5523,13807,25440000,22027
7,848,25440000,25440100,5523,13807,25470000,22055
7,849,25470000,25470100,5523,13807,25500000,22080
7,85,2550000,2550100,5523,13807,2580000,2228
7,850,25500000,25500100,5523,13807,25530000,22108
7,851,25530000,25530100,5523,13807,25560000,22133
7,852,25560000,25560100,5523,13807,25590000,22159
7,853,25590000,25590100,5523,13807,25620000,22184
7,854,25620000,25620100,5523,13807,25650000,22210
7,855,25650000,25650100,5523,13807,25680000,22235
7,856,25680000,25680100,5523,13807,25710000,22263
7,857,25710000,25710100,5523,13807,25740000,22288
7,858,25740000,25740100,5523,13807,25770000,22316
7,859,25770000,25770100,5523,13807,25800000,22341
7,86,2580000,2580100,5523,13807,2610000,2255
7,860,25800000,25800100,5523,13807,25830000,22365
7,861,25830000,25830100,5523,13807,25860000,22393
7,862,25860000,25860100,5523,13807,25890000,22418
7,863,25890000,25890100,5523,13807,25920000,22444
7,864,25920000,25920100,5523,13807,25950000,22470
7,865,25950000,25950100,5523,13807,25980000,22497
7,866,25980000,25980100,5523,13807,26010000,22524
7,867,26010000,26010100,5523,13807,26040000,22547
7,868,26040000,26040100,5523,13807,26070000,22573
7,869,26070000,26070100,5523,13807,26100000,22600
7,87,2610000,2610100,5523,13807,2640000,2279
7,870,26100000,26100100,5523,13807,26130000,22627
7,871,26130000,26130100,5523,13807,26160000,22652
7,872,26160000,26160100,5523,13807,26190000,22679
7,873,26190000,26190100,5523,13807,26220000,22705
7,874,26220000,26220100,5523,13807,26250000,22730
7,875,26250000,26250100,5523,13807,26280000,22755
7,876,26280000,26280100,5523,13807,26310000,22782
7,877,26310000,26310100,5523,13807,26340000,22808
7,878,26340000,26340100,5523,13807,26370000,22835
7,879,26370000,26370100,5523,13807,26400000,22859
7,88,2640000,2640100,5523,13807,2670000,2307
7,880,26400000,26400100,5523,13807,26430000,22887
7,881,26430000,26430100,5523,13807,26460000,22912
7,882,26460000,26460100,5523,13807,26490000,22938
7,883,26490000,26490100,5523,13807,26520000,22964
7,884,26520000,26520100,5523,13807,26550000,22989
7,885,26550000,26550100,5523,13807,26580000,23017
7,886,26580000,26580100,5523,13807,26610000,23043
7,887,26610000,26610100,5523,13807,26640000,23068
7,888,26640000,26640100,5523,13807,26670000,23093
7,889,26670000,26670100,5523,13807,26700000,23119
7,89,2670000,2670100,5523,13807,2700000,2333
7,890,26700000,26700100,5523,13807,26730000,23146
7,891,26730000,26730100,5523,13807,26760000,23172
7,892,26760000,26760100,5523,13807,26790000,23198
7,893,26790000,26790100,5523,13807,26820000,23225
7,894,26820000,26820100,5523,13807,26850000,23251
7,895,26850000,26850100,5523,13807,26880000,23274
7,896,26880000,26880100,5523,13807,26910000,23302
7,897,26910000,26910100,5523,13807,26940000,23327
7,898,26940000,26940100,5523,13807,26970000,23355
7,899,26970000,26970100,5523,13807,27000000,23379
7,9,270000,270100,5523,13807,300000,253
7,90,2700000,2700100,5523,13807,2730000,2358
7,900,27000000,27000100,5523,13807,27030000,23406
7,901,27030000,27030100,5523,13807,27060000,23433
7,902,27060000,27060100,5523,13807,27090000,23457
7,903,27090000,27090100,5523,13807,27120000,23483
7,904,27120000,27120100,5523,13807,27150000,23509
7,905,27150000,27150100,5523,13807,27180000,23536
7,906,27180000,27180100,5523,13807,27210000,23563
7,907,27210000,27210100,5523,13807,27240000,23588
7,908,27240000,27240100,5523,13807,27270000,23614
7,909,27270000,27270100,5523,13807,27300000,23639
7,91,2730000,2730100,5523,13807,2760000,2384
7,910,27300000,27300100,5523,13807,27330000,23665
7,911,27330000,27330100,5523,13807,27360000,23691
7,912,27360000,27360100,5523,13807,27390000,23717
7,913,27390000,27390100,5523,13807,27420000,23744
7,914,27420000,27420100,5523,13807,27450000,23771
7,915,27450000,27450100,5523,13807,27480000,23796
7,916,27480000,27480100,5523,13807,27510000,23821
7,917,27510000,27510100,5523,13807,27540000,23847
7,918,27540000,27540100,5523,13807,27570000,23874
7,919,27570000,27570100,5523,13807,27600000,23898
7,92,2760000,2760100,5523,13807,2790000,2409
7,920,27600000,27600100,5523,13807,27630000,23926
7,921,27630000,27630100,5523,13807,27660000,23952
7,922,27660000,27660100,5523,13807,27690000,23979
7,923,27690000,27690100,5523,13807,27720000,24002
7,924,27720000,27720100,5523,13807,27750000,24028
7,925,27750000,27750100,5523,13807,27780000,24056
7,926,27780000,27780100,5523,13807,27810000,24082
7,927,27810000,27810100,5523,13807,27840000,24107
7,928,27840000,27840100,5523,13807,27870000,24134
7,929,27870000,27870100,5523,13807,27900000,24160
7,93,2790000,2790100,5523,13807,2820000,2437
7,930,27900000,27900100,5523,13807,27930000,24185
7,931,27930000,27930100,5523,13807,27960000,24211
7,932,27960000,27960100,5523,13807,27990000,24236
7,933,27990000,27990100,5523,13807,28020000,24264
7,934,28020000,28020100,5523,13807,28050000,24289
7,935,28050000,28050100,5523,13807,28080000,24315
7,936,28080000,28080100,5523,13807,28110000,24343
7,937,28110000,28110100,5523,13807,28140000,24366
7,938,28140000,28140100,5523,13807,28170000,24394
7,939,28170000,28170100,5523,13807,28200000,24418
7,94,2820000,2820100,5523,13807,2850000,2462
7,940,28200000,28200100,5523,13807,28230000,24445
7,941,28230000,28230100,5523,13807,28260000,24472
7,942,28260000,28260100,5523,13807,28290000,24498
7,943,28290000,28290100,5523,13807,28320000,24523
7,944,28320000,28320100,5523,13807,28350000,24548
7,945,28350000,28350100,5523,13807,28380000,24574
7,946,28380000,28380100,5523,13807,28410000,24602
7,947,28410000,28410100,5523,13807,28440000,24627
7,948,28440000,28440100,5523,13807,28470000,24653
7,949,28470000,28470100,5523,13807,28500000,24680
7,95,2850000,2850100,5523,13807,2880000,2488
7,950,28500000,28500100,5523,13807,28530000,24706
7,951,28530000,28530100,5523,13807,28560000,24730
7,952,28560000,28560100,5523,13807,28590000,24756
7,953,28590000,28590100,5523,13807,28620000,24783
7,954,28620000,28620100,5523,13807,28650000,24809
7,955,28650000,28650100,5523,13807,28680000,24835
7,956,28680000,28680100,5523,13807,28710000,24861
7,957,28710000,28710100,5523,13807,28740000,24888
7,958,28740000,28740100,5523,13807,28770000,24913
7,959,28770000,28770100,5523,13807,28800000,24937
7,96,2880000,2880100,5523,13807,2910000,2515
7,960,28800000,28800100,5523,13807,28830000,24965
7,961,28830000,28830100,5523,13807,28860000,24991
7,962,28860000,28860100,5523,13807,28890000,25018
7,963,28890000,28890100,5523,13807,28920000,25043
7,964,28920000,28920100,5523,13807,28950000,25069
7,965,28950000,28950100,5523,13807,28980000,25094
7,966,28980000,28980100,5523,13807,29010000,25121
7,967,29010000,29010100,5523,13807,29040000,25145
7,968,29040000,29040100,5523,13807,29070000,25173
7,969,29070000,29070100,5523,13807,29100000,25199
7,97,2910000,2910100,5523,13807,2940000,2539
7,970,29100000,29100100,5523,13807,29130000,25226
7,971,29130000,29130100,5523,13807,29160000,25252
7,972,29160000,29160100,5523,13807,29190000,25275
7,973,29190000,29190100,5523,13807,29220000,25303
7,974,29220000,29220100,5523,13807,29250000,25328
7,975,29250000,29250100,5523,13807,29280000,25354
7,976,29280000,29280100,5523,13807,29310000,25381
7,977,29310000,29310100,5523,13807,29340000,25407
7,978,29340000,29340100,5523,13807,29370000,25434
7,979,29370000,29370100,5523,13807,29400000,25457
7,98,2940000,2940100,5523,13807,2970000,2566
7,980,29400000,29400100,5523,13807,29430000,25484
7,981,29430000,29430100,5523,13807,29460000,25511
7,982,29460000,29460100,5523,13807,29490000,25537
7,983,29490000,29490100,5523,13807,29520000,25562
7,984,29520000,29520100,5523,13807,29550000,25589
7,985,29550000,29550100,5523,13807,29580000,25615
7,986,29580000,29580100,5523,13807,29610000,25641
7,987,29610000,29610100,5523,13807,29640000,25665
7,988,29640000,29640100,5523,13807,29670000,25692
7,989,29670000,29670100,5523,13807,29700000,25718
7,99,2970000,2970100,5523,13807,3000000,2591
7,990,29700000,29700100,5523,13807,29730000,25745
7,991,29730000,29730100,5523,13807,29760000,25771
7,992,29760000,29760100,5523,13807,29790000,25797
7,993,29790000,29790100,5523,13807,29820000,25822
7,994,29820000,29820100,5523,13807,29850000,25848
7,995,29850000,29850100,5523,13807,29880000,25874
7,996,29880000,29880100,5523,13807,29910000,25900
7,997,29910000,29910100,5523,13807,29940000,25927
7,998,29940000,29940100,5523,13807,29970000,25953
7,999,29970000,29970100,5523,13807,30000000,25978
8,0,0,100,3669,9171,30000,20
8,1,30000,30100,3669,9171,60000,47
8,10,300000,300100,3669,9171,330000,281
8,100,3000000,3000100,3669,9171,3030000,2619
8,1000,30000000,30000100,3669,9171,30030000,26004
8,1001,30030000,30030100,3669,9171,30060000,26031
8,1002,30060000,30060100,3669,9171,30090000,26058
8,1003,30090000,30090100,3669,9171,30120000,26083
8,1004,30120000,30120100,3669,9171,30150000,26109
8,1005,30150000,30150100,3669,9171,30180000,26136
8,1006,30180000,30180100,3669,9171,30210000,26163
8,1007,30210000,30210100,3669,9171,30240000,26185
8,1008,30240000,30240100,3669,9171,30270000,26213
8,1009,30270000,30270100,3669,9171,30300000,26238
8,101,3030000,3030100,3669,9171,3060000,2646
8,1010,30300000,30300100,3669,9171,30330000,26266
8,1011,30330000,30330100,3669,9171,30360000,26291
8,1012,30360000,30360100,3669,9171,30390000,26317
8,1013,30390000,30390100,3669,9171,30420000,26345
8,1014,30420000,30420100,3669,9171,30450000,26368
8,1015,30450000,30450100,3669,9171,30480000,26394
8,1016,30480000,30480100,3669,9171,30510000,26421
8,1017,30510000,30510100,3669,9171,30540000,26447
8,1018,30540000,30540100,3669,9171,30570000,26474
8,1019,30570000,30570100,3669,9171,30600000,26499
8,102,3060000,3060100,3669,9171,3090000,2672
8,1020,30600000,30600100,3669,9171,30630000,26525
8,1021,30630000,30630100,3669,9171,30660000,26551
8,1022,30660000,30660100,3669,9171,30690000,26576
8,1023,30690000,30690100,3669,9171,30720000,26602
8,1024,30720000,30720100,3669,9171,30750000,26629
8,1025,30750000,30750100,3669,9171,30780000,26655
8,1026,30780000,30780100,3669,9171,30810000,26683
8,1027,30810000,30810100,3669,9171,30840000,26707
8,1028,30840000,30840100,3669,9171,30870000,26732
8,1029,30870000,30870100,3669,9171,30900000,26758
8,103,3090000,3090100,3669,9171,3120000,2697
8,1030,30900000,30900100,3669,9171,30930000,26785
8,1031,30930000,30930100,3669,9171,30960000,26810
8,1032,30960000,30960100,3669,9171,30990000,26837
8,1033,30990000,30990100,3669,9171,31020000,26863
8,1034,31020000,31020100,3669,9171,31050000,26890
8,1035,31050000,31050100,3669,9171,31080000,26914
8,1036,31080000,31080100,3669,9171,31110000,26940
8,1037,31110000,31110100,3669,9171,31140000,26967
8,1038,31140000,31140100,3669,9171,31170000,26993
8,1039,31170000,31170100,3669,9171,31200000,27018
8,104,3120000,3120100,3669,9171,3150000,2722
8,1040,31200000,31200100,3669,9171,31230000,27045
8,1041,31230000,31230100,3669,9171,31260000,27072
8,1042,31260000,31260100,3669,9171,31290000,27096
8,1043,31290000,31290100,3669,9171,31320000,27122
8,1044,31320000,31320100,3669,9171,31350000,27147
8,1045,31350000,31350100,3669,9171,31380000,27175
8,1046,31380000,31380100,3669,9171,31410000,27202
8,1047,31410000,31410100,3669,9171,31440000,27226
8,1048,31440000,31440100,3669,9171,31470000,27254
8,1049,31470000,31470100,3669,9171,31500000,27277
8,105,3150000,3150100,3669,9171,3180000,2748
8,1050,31500000,31500100,3669,9171,31530000,27305
8,1051,31530000,31530100,3669,9171,31560000,27330
8,1052,31560000,31560100,3669,9171,31590000,27356
8,1053,31590000,31590100,3669,9171,31620000,27383
8,1054,31620000,31620100,3669,9171,31650000,27409
8,1055,31650000,31650100,3669,9171,31680000,27434
8,1056,31680000,31680100,3669,9171,31710000,27460
8,1057,31710000,31710100,3669,9171,31740000,27486
8,1058,31740000,31740100,3669,9171,31770000,27513
8,1059,31770000,31770100,3669,9171,31800000,27538
8,106,3180000,3180100,3669,9171,3210000,2776
8,1060,31800000,31800100,3669,9171,31830000,27564
8,1061,31830000,31830100,3669,9171,31860000,27592
8,1062,31860000,31860100,3669,9171,31890000,27617
8,1063,31890000,31890100,3669,9171,31920000,27641
8,1064,31920000,31920100,3669,9171,31950000,27667
8,1065,31950000,31950100,3669,9171,31980000,27694
8,1066,31980000,31980100,3669,9171,32010000,27721
8,1067,32010000,32010100,3669,9171,32040000,27746
8,1068,32040000,32040100,3669,9171,32070000,27773
8,1069,32070000,32070100,3669,9171,32100000,27799
8,107,3210000,3210100,3669,9171,3240000,2800
8,1070,32100000,32100100,3669,9171,32130000,27824
8,1071,32130000,32130100,3669,9171,32160000,27849
8,1072,32160000,32160100,3669,9171,32190000,27876
8,1073,32190000,32190100,3669,9171,32220000,27902
8,1074,32220000,32220100,3669,9171,32250000,27929
8,1075,32250000,32250100,3669,9171,32280000,27954
8,1076,32280000,32280100,3669,9171,32310000,27981
8,1077,32310000,32310100,3669,9171,32340000,28005
8,1078,32340000,32340100,3669,9171,32370000,28032
8,1079,32370000,32370100,3669,9171,32400000,28057
8,108,3240000,3240100,3669,9171,3270000,2827
8,1080,32400000,32400100,3669,9171,32430000,28084
8,1081,32430000,32430100,3669,9171,32460000,28111
8,1082,32460000,32460100,3669,9171,32490000,28137
8,1083,32490000,32490100,3669,9171,32520000,28163
8,1084,32520000,32520100,3669,9171,32550000,28186
8,1085,32550000,32550100,3669,9171,32580000,28214
8,1086,32580000,32580100,3669,9171,32610000,28240
8,1087,32610000,32610100,3669,9171,32640000,28265
8,1088,32640000,32640100,3669,9171,32670000,28292
8,1089,32670000,32670100,3669,9171,32700000,28318
8,109,3270000,3270100,3669,9171,3300000,2853
8,1090,32700000,32700100,3669,9171,32730000,28346
8,1091,32730000,32730100,3669,9171,32760000,28369
8,1092,32760000,32760100,3669,9171,32790000,28395
8,1093,32790000,32790100,3669,9171,32820000,28422
8,1094,32820000,32820100,3669,9171,32850000,28448
8,1095,32850000,32850100,3669,9171,32880000,28473
8,1096,32880000,32880100,3669,9171,32910000,28501
8,1097,32910000,32910100,3669,9171,32940000,28526
8,1098,32940000,32940100,3669,9171,32970000,28552
8,1099,32970000,32970100,3669,9171,33000000,28576
8,11,330000,330100,3669,9171,360000,307
8,110,3300000,3300100,3669,9171,3330000,2880
8,1100,33000000,33000100,3669,9171,33030000,28603
8,1101,33030000,33030100,3669,9171,33060000,28631
8,1102,33060000,33060100,3669,9171,33090000,28656
8,1103,33090000,33090100,3669,9171,33120000,28682
8,1104,33120000,33120100,3669,9171,33150000,28708
8,1105,33150000,33150100,3669,9171,33180000,28733
8,1106,33180000,33180100,3669,9171,33210000,28760
8,1107,33210000,33210100,3669,9171,33240000,28785
8,1108,33240000,33240100,3669,9171,33270000,28811
8,1109,33270000,33270100,3669,9171,33300000,28838
8,111,3330000,3330100,3669,9171,3360000,2904
8,1110,33300000,33300100,3669,9171,33330000,28864
8,1111,33330000,33330100,3669,9171,33360000,28890
8,1112,33360000,33360100,3669,9171,33390000,28915
8,1113,33390000,33390100,3669,9171,33420000,28941
8,1114,33420000,33420100,3669,9171,33450000,28968
8,1115,33450000,33450100,3669,9171,33480000,28993
8,1116,33480000,33480100,3669,9171,33510000,29020
8,1117,33510000,33510100,3669,9171,33540000,29046
8,1118,33540000,33540100,3669,9171,33570000,29073
8,1119,33570000,33570100,3669,9171,33600000,29095
8,112,3360000,3360100,3669,9171,3390000,2930
8,1120,33600000,33600100,3669,9171,33630000,29123
8,1121,33630000,33630100,3669,9171,33660000,29149
8,1122,33660000,33660100,3669,9171,33690000,29176
8,1123,33690000,33690100,3669,9171,33720000,29202
8,1124,33720000,33720100,3669,9171,33750000,29227
8,1125,33750000,33750100,3669,9171,33780000,29255
8,1126,33780000,33780100,3669,9171,33810000,29279
8,1127,33810000,33810100,3669,9171,33840000,29304
8,1128,33840000,33840100,3669,9171,33870000,29331
8,1129,33870000,33870100,3669,9171,33900000,29357
8,113,3390000,3390100,3669,9171,3420000,2957
8,1130,33900000,33900100,3669,9171,33930000,29384
8,1131,33930000,33930100,3669,9171,33960000,29410
8,1132,33960000,33960100,3669,9171,33990000,29435
8,1133,33990000,33990100,3669,9171,34020000,29461
8,1134,34020000,34020100,3669,9171,34050000,29487
8,1135,34050000,34050100,3669,9171,34080000,29512
8,1136,34080000,34080100,3669,9171,34110000,29540
8,1137,34110000,34110100,3669,9171,34140000,29565
8,1138,34140000,34140100,3669,9171,34170000,29593
8,1139,34170000,34170100,3669,9171,34200000,29617
8,114,3420000,3420100,3669,9171,3450000,2983
8,1140,34200000,34200100,3669,9171,34230000,29642
8,1141,34230000,34230100,3669,9171,34260000,29669
8,1142,34260000,34260100,3669,9171,34290000,29695
8,1143,34290000,34290100,3669,9171,34320000,29720
8,1144,34320000,34320100,3669,9171,34350000,29747
8,1145,34350000,34350100,3669,9171,34380000,29774
8,1146,34380000,34380100,3669,9171,34410000,29801
8,1147,34410000,34410100,3669,9171,34440000,29824
8,1148,34440000,34440100,3669,9171,34470000,29850
8,1149,34470000,34470100,3669,9171,34500000,29877
8,115,3450000,3450100,3669,9171,3480000,3009
8,1150,34500000,34500100,3669,9171,34530000,29903
8,1151,34530000,34530100,3669,9171,34560000,29929
8,1152,34560000,34560100,3669,9171,34590000,29955
8,1153,34590000,34590100,3669,9171,34620000,29982
8,1154,34620000,34620100,3669,9171,34650000,30006
8,1155,34650000,34650100,3669,9171,34680000,30032
8,1156,34680000,34680100,3669,9171,34710000,30059
8,1157,34710000,34710100,3669,9171,34740000,30085
8,1158,34740000,34740100,3669,9171,34770000,30112
8,1159,34770000,34770100,3669,9171,34800000,30136
8,116,3480000,3480100,3669,9171,3510000,3035
8,1160,34800000,34800100,3669,9171,34830000,30164
8,1161,34830000,34830100,3669,9171,34860000,30188
8,1162,34860000,34860100,3669,9171,34890000,30215
8,1163,34890000,34890100,3669,9171,34920000,30240
8,1164,34920000,34920100,3669,9171,34950000,30266
8,1165,34950000,34950100,3669,9171,34980000,30293
8,1166,34980000,34980100,3669,9171,35010000,30320
8,1167,35010000,35010100,3669,9171,35040000,30345
8,1168,35040000,35040100,3669,9171,35070000,30370
8,1169,35070000,35070100,3669,9171,35100000,30396
8,117,3510000,3510100,3669,9171,3540000,3062
8,1170,35100000,35100100,3669,9171,35130000,30423
8,1171,35130000,35130100,3669,9171,35160000,30449
8,1172,35160000,35160100,3669,9171,35190000,30474
8,1173,35190000,35190100,3669,9171,35220000,30502
8,1174,35220000,35220100,3669,9171,35250000,30527
8,1175,35250000,35250100,3669,9171,35280000,30551
8,1176,35280000,35280100,3669,9171,35310000,30578
8,1177,35310000,35310100,3669,9171,35340000,30604
8,1178,35340000,35340100,3669,9171,35370000,30632
8,1179,35370000,35370100,3669,9171,35400000,30656
8,118,3540000,3540100,3669,9171,3570000,3086
8,1180,35400000,35400100,3669,9171,35430000,30683
8,1181,35430000,35430100,3669,9171,35460000,30710
8,1182,35460000,35460100,3669,9171,35490000,30734
8,1183,35490000,35490100,3669,9171,35520000,30759
8,1184,35520000,35520100,3669,9171,35550000,30786
8,1185,35550000,35550100,3669,9171,35580000,30812
8,1186,35580000,35580100,3669,9171,35610000,30840
8,1187,35610000,35610100,3669,9171,35640000,30864
8,1188,35640000,35640100,3669,9171,35670000,30891
8,1189,35670000,35670100,3669,9171,35700000,30916
8,119,3570000,3570100,3669,9171,3600000,3111
8,1190,35700000,35700100,3669,9171,35730000,30942
8,1191,35730000,35730100,3669,9171,35760000,30968
8,1192,35760000,35760100,3669,9171,35790000,30994
8,1193,35790000,35790100,3669,9171,35820000,31021
8,1194,35820000,35820100,3669,9171,35850000,31047
8,1195,35850000,35850100,3669,9171,35880000,31073
8,1196,35880000,35880100,3669,9171,35910000,31097
8,1197,35910000,35910100,3669,9171,35940000,31124
8,1198,35940000,35940100,3669,9171,35970000,31150
8,1199,35970000,35970100,3669,9171,36000000,31175
8,12,360000,360100,3669,9171,390000,333
8,120,3600000,3600100,3669,9171,3630000,3138
8,1200,36000000,36000100,3669,9171,36030000,31203
8,1201,36030000,36030100,3669,9171,36060000,31229
8,1202,36060000,36060100,3669,9171,36090000,31256
8,1203,36090000,36090100,3669,9171,36120000,31279
8,1204,36120000,36120100,3669,9171,36150000,31305
8,1205,36150000,36150100,3669,9171,36180000,31332
8,1206,36180000,36180100,3669,9171,36210000,31359
8,1207,36210000,36210100,3669,9171,36240000,31383
8,1208,36240000,36240100,3669,9171,36270000,31411
8,1209,36270000,36270100,3669,9171,36300000,31436
8,121,3630000,3630100,3669,9171,3660000,3165
8,1210,36300000,36300100,3669,9171,36330000,31462
8,1211,36330000,36330100,3669,9171,36360000,31488
8,1212,36360000,36360100,3669,9171,36390000,31513
8,1213,36390000,36390100,3669,9171,36420000,31541
8,1214,36420000,36420100,3669,9171,36450000,31566
8,1215,36450000,36450100,3669,9171,36480000,31592
8,1216,36480000,36480100,3669,9171,36510000,31619
8,1217,36510000,36510100,3669,9171,36540000,31643
8,1218,36540000,36540100,3669,9171,36570000,31670
8,1219,36570000,36570100,3669,9171,36600000,31695
8,122,3660000,3660100,3669,9171,3690000,3192
8,1220,36600000,36600100,3669,9171,36630000,31721
8,1221,36630000,36630100,3669,9171,36660000,31749
8,1222,36660000,36660100,3669,9171,36690000,31775
8,1223,36690000,36690100,3669,9171,36720000,31800
8,1224,36720000,36720100,3669,9171,36750000,31825
8,1225,36750000,36750100,3669,9171,36780000,31851
8,1226,36780000,36780100,3669,9171,36810000,31879
8,1227,36810000,36810100,3669,9171,36840000,31903
8,1228,36840000,36840100,3669,9171,36870000,31930
8,1229,36870000,36870100,3669,9171,36900000,31956
8,123,3690000,3690100,3669,9171,3720000,3217
8,1230,36900000,36900100,3669,9171,36930000,31983
8,1231,36930000,36930100,3669,9171,36960000,32006
8,1232,36960000,36960100,3669,9171,36990000,32033
8,1233,36990000,36990100,3669,9171,37020000,32060
8,1234,37020000,37020100,3669,9171,37050000,32086
8,1235,37050000,37050100,3669,9171,37080000,32112
8,1236,37080000,37080100,3669,9171,37110000,32138
8,1237,37110000,37110100,3669,9171,37140000,32165
8,1238,37140000,37140100,3669,9171,37170000,32189
8,1239,37170000,37170100,3669,9171,37200000,32214
8,124,3720000,3720100,3669,9171,3750000,3243
8,1240,37200000,37200100,3669,9171,37230000,32241
8,1241,37230000,37230100,3669,9171,37260000,32268
8,1242,37260000,37260100,3669,9171,37290000,32294
8,1243,37290000,37290100,3669,9171,37320000,32320
8,1244,37320000,37320100,3669,9171,37350000,32346
8,1245,37350000,37350100,3669,9171,37380000,32371
8,1246,37380000,37380100,3669,9171,37410000,32398
8,1247,37410000,37410100,3669,9171,37440000,32422
8,1248,37440000,37440100,3669,9171,37470000,32450
8,1249,37470000,37470100,3669,9171,37500000,32475
8,125,3750000,3750100,3669,9171,3780000,3268
8,1250,37500000,37500100,3669,9171,37530000,32503
8,1251,37530000,37530100,3669,9171,37560000,32528
8,1252,37560000,37560100,3669,9171,37590000,32552
8,1253,37590000,37590100,3669,9171,37620000,32579
8,1254,37620000,37620100,3669,9171,37650000,32605
8,1255,37650000,37650100,3669,9171,37680000,32631
8,1256,37680000,37680100,3669,9171,37710000,32658
8,1257,37710000,37710100,3669,9171,37740000,32684
8,1258,37740000,37740100,3669,9171,37770000,32711
8,1259,37770000,37770100,3669,9171,37800000,32734
8,126,3780000,3780100,3669,9171,3810000,3295
8,1260,37800000,37800100,3669,9171,37830000,32760
8,1261,37830000,37830100,3669,9171,37860000,32788
8,1262,37860000,37860100,3669,9171,37890000,32813
8,1263,37890000,37890100,3669,9171,37920000,32839
8,1264,37920000,37920100,3669,9171,37950000,32865
8,1265,37950000,37950100,3669,9171,37980000,32892
8,1266,37980000,37980100,3669,9171,38010000,32918
8,1267,38010000,38010100,3669,9171,38040000,32942
8,1268,38040000,38040100,3669,9171,38070000,32969
8,1269,38070000,38070100,3669,9171,38100000,32995
8,127,3810000,3810100,3669,9171,3840000,3319
8,1270,38100000,38100100,3669,9171,38130000,33022
8,1271,38130000,38130100,3669,9171,38160000,33047
8,1272,38160000,38160100,3669,9171,38190000,33074
8,1273,38190000,38190100,3669,9171,38220000,33098
8,1274,38220000,38220100,3669,9171,38250000,33125
8,1275,38250000,38250100,3669,9171,38280000,33150
8,1276,38280000,38280100,3669,9171,38310000,33177
8,1277,38310000,38310100,3669,9171,38340000,33204
8,1278,38340000,38340100,3669,9171,38370000,33230
8,1279,38370000,38370100,3669,9171,38400000,33255
8,128,3840000,3840100,3669,9171,3870000,3347
8,1280,38400000,38400100,3669,9171,38430000,33280
8,1281,38430000,38430100,3669,9171,38460000,33307
8,1282,38460000,38460100,3669,9171,38490000,33333
8,1283,38490000,38490100,3669,9171,38520000,33359
8,1284,38520000,38520100,3669,9171,38550000,33384
8,1285,38550000,38550100,3669,9171,38580000,33412
8,1286,38580000,38580100,3669,9171,38610000,33438
8,1287,38610000,38610100,3669,9171,38640000,33461
8,1288,38640000,38640100,3669,9171,38670000,33489
8,1289,38670000,38670100,3669,9171,38700000,33514
8,129,3870000,3870100,3669,9171,3900000,3372
8,1290,38700000,38700100,3669,9171,38730000,33542
8,1291,38730000,38730100,3669,9171,38760000,33567
8,1292,38760000,38760100,3669,9171,38790000,33593
8,1293,38790000,38790100,3669,9171,38820000,33620
8,1294,38820000,38820100,3669,9171,38850000,33644
8,1295,38850000,38850100,3669,9171,38880000,33669
8,1296,38880000,38880100,3669,9171,38910000,33697
8,1297,38910000,38910100,3669,9171,38940000,33722
8,1298,38940000,38940100,3669,9171,38970000,33750
8,1299,38970000,38970100,3669,9171,39000000,33775
8,13,390000,390100,3669,9171,420000,358
8,130,3900000,3900100,3669,9171,3930000,3400
8,1300,39000000,39000100,3669,9171,39030000,33801
8,1301,39030000,39030100,3669,9171,39060000,33827
8,1302,39060000,39060100,3669,9171,39090000,33852
8,1303,39090000,39090100,3669,9171,39120000,33878
8,1304,39120000,39120100,3669,9171,39150000,33904
8,1305,39150000,39150100,3669,9171,39180000,33931
8,1306,39180000,39180100,3669,9171,39210000,33958
8,1307,39210000,39210100,3669,9171,39240000,33983
8,1308,39240000,39240100,3669,9171,39270000,34007
8,1309,39270000,39270100,3669,9171,39300000,34034
8,131,3930000,3930100,3669,9171,3960000,3425
8,1310,39300000,39300100,3669,9171,39330000,34061
8,1311,39330000,39330100,3669,9171,39360000,34086
8,1312,39360000,39360100,3669,9171,39390000,34113
8,1313,39390000,39390100,3669,9171,39420000,34139
8,1314,39420000,39420100,3669,9171,39450000,34166
8,1315,39450000,39450100,3669,9171,39480000,34189
8,1316,39480000,39480100,3669,9171,39510000,34216
8,1317,39510000,39510100,3669,9171,39540000,34242
8,1318,39540000,39540100,3669,9171,39570000,34269
8,1319,39570000,39570100,3669,9171,39600000,34293
8,132,3960000,3960100,3669,9171,3990000,3449
8,1320,39600000,39600100,3669,9171,39630000,34321
8,1321,39630000,39630100,3669,9171,39660000,34348
8,1322,39660000,39660100,3669,9171,39690000,34372
8,1323,39690000,39690100,3669,9171,39720000,34398
8,1324,39720000,39720100,3669,9171,39750000,34423
8,1325,39750000,39750100,3669,9171,39780000,34451
8,1326,39780000,39780100,3669,9171,39810000,34477
8,1327,39810000,39810100,3669,9171,39840000,34502
8,1328,39840000,39840100,3669,9171,39870000,34529
8,1329,39870000,39870100,3669,9171,39900000,34553
8,133,3990000,3990100,3669,9171,4020000,3477
8,1330,39900000,39900100,3669,9171,39930000,34580
8,1331,39930000,39930100,3669,9171,39960000,34606
8,1332,39960000,39960100,3669,9171,39990000,34632
8,1333,39990000,39990100,3669,9171,40020000,34659
8,1334,40020000,40020100,3669,9171,40050000,34685
8,1335,40050000,40050100,3669,9171,40080000,34710
8,1336,40080000,40080100,3669,9171,40110000,34736
8,1337,40110000,40110100,3669,9171,40140000,34761
8,1338,40140000,40140100,3669,9171,40170000,34789
8,1339,40170000,40170100,3669,9171,40200000,34813
8,134,4020000,4020100,3669,9171,4050000,3502
8,1340,40200000,40200100,3669,9171,40230000,34840
8,1341,40230000,40230100,3669,9171,40260000,34867
8,1342,40260000,40260100,3669,9171,40290000,34893
8,1343,40290000,40290100,3669,9171,40320000,34917
8,1344,40320000,40320100,3669,9171,40350000,34943
8,1345,40350000,40350100,3669,9171,40380000,34970
8,1346,40380000,40380100,3669,9171,40410000,34997
8,1347,40410000,40410100,3669,9171,40440000,35022
8,1348,40440000,40440100,3669,9171,40470000,35048
8,1349,40470000,40470100,3669,9171,40500000,35075
8,135,4050000,4050100,3669,9171,4080000,3528
8,1350,40500000,40500100,3669,9171,40530000,35099
8,1351,40530000,40530100,3669,9171,40560000,35125
8,1352,40560000,40560100,3669,9171,40590000,35151
8,1353,40590000,40590100,3669,9171,40620000,35178
8,1354,40620000,40620100,3669,9171,40650000,35205
8,1355,40650000,40650100,3669,9171,40680000,35230
8,1356,40680000,40680100,3669,9171,40710000,35257
8,1357,40710000,40710100,3669,9171,40740000,35281
8,1358,40740000,40740100,3669,9171,40770000,35308
8,1359,40770000,40770100,3669,9171,40800000,35332
8,136,4080000,4080100,3669,9171,4110000,3555
8,1360,40800000,40800100,3669,9171,40830000,35360
8,1361,40830000,40830100,3669,9171,40860000,35386
8,1362,40860000,40860100,3669,9171,40890000,35413
8,1363,40890000,40890100,3669,9171,40920000,35438
8,1364,40920000,40920100,3669,9171,40950000,35462
8,1365,40950000,40950100,3669,9171,40980000,35490
8,1366,40980000,40980100,3669,9171,41010000,35516
8,1367,41010000,41010100,3669,9171,41040000,35541
8,1368,41040000,41040100,3669,9171,41070000,35568
8,1369,41070000,41070100,3669,9171,41100000,35594
8,137,4110000,4110100,3669,9171,4140000,3581
8,1370,41100000,41100100,3669,9171,41130000,35621
8,1371,41130000,41130100,3669,9171,41160000,35645
8,1372,41160000,41160100,3669,9171,41190000,35670
8,1373,41190000,41190100,3669,9171,41220000,35698
8,1374,41220000,41220100,3669,9171,41250000,35723
8,1375,41250000,41250100,3669,9171,41280000,35749
8,1376,41280000,41280100,3669,9171,41310000,35777
8,1377,41310000,41310100,3669,9171,41340000,35802
8,1378,41340000,41340100,3669,9171,41370000,35828
8,1379,41370000,41370100,3669,9171,41400000,35852
8,138,4140000,4140100,3669,9171,4170000,3608
8,1380,41400000,41400100,3669,9171,41430000,35879
8,1381,41430000,41430100,3669,9171,41460000,35906
8,1382,41460000,41460100,3669,9171,41490000,35932
8,1383,41490000,41490100,3669,9171,41520000,35957
8,1384,41520000,41520100,3669,9171,41550000,35984
8,1385,41550000,41550100,3669,9171,41580000,36008
8,1386,41580000,41580100,3669,9171,41610000,36036
8,1387,41610000,41610100,3669,9171,41640000,36061
8,1388,41640000,41640100,3669,9171,41670000,36087
8,1389,41670000,41670100,3669,9171,41700000,36114
8,139,4170000,4170100,3669,9171,4200000,3631
8,1390,41700000,41700100,3669,9171,41730000,36140
8,1391,41730000,41730100,3669,9171,41760000,36166
8,1392,41760000,41760100,3669,9171,41790000,36190
8,1393,41790000,41790100,3669,9171,41820000,36217
8,1394,41820000,41820100,3669,9171,41850000,36243
8,1395,41850000,41850100,3669,9171,41880000,36269
8,1396,41880000,41880100,3669,9171,41910000,36295
8,1397,41910000,41910100,3669,9171,41940000,36322
8,1398,41940000,41940100,3669,9171,41970000,36349
8,1399,41970000,41970100,3669,9171,42000000,36371
8,14,420000,420100,3669,9171,450000,384
8,140,4200000,4200100,3669,9171,4230000,3657
8,1400,42000000,42000100,3669,9171,42030000,36399
8,1401,42030000,42030100,3669,9171,42060000,36425
8,1402,42060000,42060100,3669,9171,42090000,36452
8,1403,42090000,42090100,3669,9171,42120000,36477
8,1404,42120000,42120100,3669,9171,42150000,36503
8,1405,42150000,42150100,3669,9171,42180000,36530
8,1406,42180000,42180100,3669,9171,42210000,36555
8,1407,42210000,42210100,3669,9171,42240000,36579
8,1408,42240000,42240100,3669,9171,42270000,36607
8,1409,42270000,42270100,3669,9171,42300000,36633
8,141,4230000,4230100,3669,9171,4260000,3685
8,1410,42300000,42300100,3669,9171,42330000,36660
8,1411,42330000,42330100,3669,9171,42360000,36686
8,1412,42360000,42360100,3669,9171,42390000,36711
8,1413,42390000,42390100,3669,9171,42420000,36737
8,1414,42420000,42420100,3669,9171,42450000,36762
8,1415,42450000,42450100,3669,9171,42480000,36788
8,1416,42480000,42480100,3669,9171,42510000,36815
8,1417,42510000,42510100,3669,9171,42540000,36841
8,1418,42540000,42540100,3669,9171,42570000,36868
8,1419,42570000,42570100,3669,9171,42600000,36893
8,142,4260000,4260100,3669,9171,4290000,3710
8,1420,42600000,42600100,3669,9171,42630000,36918
8,1421,42630000,42630100,3669,9171,42660000,36945
8,1422,42660000,42660100,3669,9171,42690000,36971
8,1423,42690000,42690100,3669,9171,42720000,36996
8,1424,42720000,42720100,3669,9171,42750000,37023
8,1425,42750000,42750100,3669,9171,42780000,37049
8,1426,42780000,42780100,3669,9171,42810000,37077
8,1427,42810000,42810100,3669,9171,42840000,37099
8,1428,42840000,42840100,3669,9171,42870000,37126
8,1429,42870000,42870100,3669,9171,42900000,37152
8,143,4290000,4290100,3669,9171,4320000,3736
8,1430,42900000,42900100,3669,9171,42930000,37179
8,1431,42930000,42930100,3669,9171,42960000,37205
8,1432,42960000,42960100,3669,9171,42990000,37231
8,1433,42990000,42990100,3669,9171,43020000,37258
8,1434,43020000,43020100,3669,9171,43050000,37282
8,1435,43050000,43050100,3669,9171,43080000,37308
8,1436,43080000,43080100,3669,9171,43110000,37334
8,1437,43110000,43110100,3669,9171,43140000,37361
8,1438,43140000,43140100,3669,9171,43170000,37387
8,1439,43170000,43170100,3669,9171,43200000,37412
8,144,4320000,4320100,3669,9171,4350000,3763
8,1440,43200000,43200100,3669,9171,43230000,37439
8,1441,43230000,43230100,3669,9171,43260000,37464
8,1442,43260000,43260100,3669,9171,43290000,37491
8,1443,43290000,43290100,3669,9171,43320000,37516
8,1444,43320000,43320100,3669,9171,43350000,37542
8,1445,43350000,43350100,3669,9171,43380000,37569
8,1446,43380000,43380100,3669,9171,43410000,37596
8,1447,43410000,43410100,3669,9171,43440000,37620
8,1448,43440000,43440100,3669,9171,43470000,37646
8,1449,43470000,43470100,3669,9171,43500000,37671
8,145,4350000,4350100,3669,9171,4380000,3789
8,1450,43500000,43500100,3669,9171,43530000,37699
8,1451,43530000,43530100,3669,9171,43560000,37724
8,1452,43560000,43560100,3669,9171,43590000,37750
8,1453,43590000,43590100,3669,9171,43620000,37778
8,1454,43620000,43620100,3669,9171,43650000,37803
8,1455,43650000,43650100,3669,9171,43680000,37827
8,1456,43680000,43680100,3669,9171,43710000,37854
8,1457,43710000,43710100,3669,9171,43740000,37880
8,1458,43740000,43740100,3669,9171,43770000,37907
8,1459,43770000,43770100,3669,9171,43800000,37932
8,146,4380000,4380100,3669,9171,4410000,3815
8,1460,43800000,43800100,3669,9171,43830000,37958
8,1461,43830000,43830100,3669,9171,43860000,37986
8,1462,43860000,43860100,3669,9171,43890000,38009
8,1463,43890000,43890100,3669,9171,43920000,38035
8,1464,43920000,43920100,3669,9171,43950000,38062
8,1465,43950000,43950100,3669,9171,43980000,38088
8,1466,43980000,43980100,3669,9171,44010000,38116
8,1467,44010000,44010100,3669,9171,44040000,38140
8,1468,44040000,44040100,3669,9171,44070000,38167
8,1469,44070000,44070100,3669,9171,44100000,38191
8,147,4410000,4410100,3669,9171,4440000,3839
8,1470,44100000,44100100,3669,9171,44130000,38218
8,1471,44130000,44130100,3669,9171,44160000,38243
8,1472,44160000,44160100,3669,9171,44190000,38270
8,1473,44190000,44190100,3669,9171,44220000,38296
8,1474,44220000,44220100,3669,9171,44250000,38323
8,1475,44250000,44250100,3669,9171,44280000,38349
8,1476,44280000,44280100,3669,9171,44310000,38373
8,1477,44310000,44310100,3669,9171,44340000,38400
8,1478,44340000,44340100,3669,9171,44370000,38426
8,1479,44370000,44370100,3669,9171,44400000,38451
8,148,4440000,4440100,3669,9171,4470000,3866
8,1480,44400000,44400100,3669,9171,44430000,38478
8,1481,44430000,44430100,3669,9171,44460000,38505
8,1482,44460000,44460100,3669,9171,44490000,38531
8,1483,44490000,44490100,3669,9171,44520000,38555
8,1484,44520000,44520100,3669,9171,44550000,38580
8,1485,44550000,44550100,3669,9171,44580000,38608
8,1486,44580000,44580100,3669,9171,44610000,38635
8,1487,44610000,44610100,3669,9171,44640000,38659
8,1488,44640000,44640100,3669,9171,44670000,38687
8,1489,44670000,44670100,3669,9171,44700000,38712
8,149,4470000,4470100,3669,9171,4500000,3892
8,1490,44700000,44700100,3669,9171,44730000,38738
8,1491,44730000,44730100,3669,9171,44760000,38763
8,1492,44760000,44760100,3669,9171,44790000,38789
8,1493,44790000,44790100,3669,9171,44820000,38816
8,1494,44820000,44820100,3669,9171,44850000,38842
8,1495,44850000,44850100,3669,9171,44880000,38867
8,1496,44880000,44880100,3669,9171,44910000,38895
8,1497,44910000,44910100,3669,9171,44940000,38919
8,1498,44940000,44940100,3669,9171,44970000,38946
8,1499,44970000,44970100,3669,9171,45000000,38971
8,15,450000,450100,3669,9171,480000,409
8,150,4500000,4500100,3669,9171,4530000,3919
8,1500,45000000,45000100,3669,9171,45030000,38997
8,1501,45030000,45030100,3669,9171,45060000,39025
8,1502,45060000,45060100,3669,9171,45090000,39050
8,1503,45090000,45090100,3669,9171,45120000,39076
8,1504,45120000,45120100,3669,9171,45150000,39100
8,1505,45150000,45150100,3669,9171,45180000,39127
8,1506,45180000,45180100,3669,9171,45210000,39154
8,1507,45210000,45210100,3669,9171,45240000,39179
8,1508,45240000,45240100,3669,9171,45270000,39206
8,1509,45270000,45270100,3669,9171,45300000,39232
8,151,4530000,4530100,3669,9171,4560000,3944
8,1510,45300000,45300100,3669,9171,45330000,39259
8,1511,45330000,45330100,3669,9171,45360000,39282
8,1512,45360000,45360100,3669,9171,45390000,39309
8,1513,45390000,45390100,3669,9171,45420000,39335
8,1514,45420000,45420100,3669,9171,45450000,39362
8,1515,45450000,45450100,3669,9171,45480000,39387
8,1516,45480000,45480100,3669,9171,45510000,39414
8,1517,45510000,45510100,3669,9171,45540000,39440
8,1518,45540000,45540100,3669,9171,45570000,39465
8,1519,45570000,45570100,3669,9171,45600000,39490
8,152,4560000,4560100,3669,9171,4590000,3971
8,1520,45600000,45600100,3669,9171,45630000,39517
8,1521,45630000,45630100,3669,9171,45660000,39544
8,1522,45660000,45660100,3669,9171,45690000,39570
8,1523,45690000,45690100,3669,9171,45720000,39596
8,1524,45720000,45720100,3669,9171,45750000,39621
8,1525,45750000,45750100,3669,9171,45780000,39647
8,1526,45780000,45780100,3669,9171,45810000,39673
8,1527,45810000,45810100,3669,9171,45840000,39698
8,1528,45840000,45840100,3669,9171,45870000,39725
8,1529,45870000,45870100,3669,9171,45900000,39751
8,153,4590000,4590100,3669,9171,4620000,3995
8,1530,45900000,45900100,3669,9171,45930000,39779
8,1531,45930000,45930100,3669,9171,45960000,39804
8,1532,45960000,45960100,3669,9171,45990000,39828
8,1533,45990000,45990100,3669,9171,46020000,39855
8,1534,46020000,46020100,3669,9171,46050000,39881
8,1535,46050000,46050100,3669,9171,46080000,39906
8,1536,46080000,46080100,3669,9171,46110000,39934
8,1537,46110000,46110100,3669,9171,46140000,39959
8,1538,46140000,46140100,3669,9171,46170000,39987
8,1539,46170000,46170100,3669,9171,46200000,40009
8,154,4620000,4620100,3669,9171,4650000,4022
8,1540,46200000,46200100,3669,9171,46230000,40036
8,1541,46230000,46230100,3669,9171,46260000,40064
8,1542,46260000,46260100,3669,9171,46290000,40089
8,1543,46290000,46290100,3669,9171,46320000,40115
8,1544,46320000,46320100,3669,9171,46350000,40141
8,1545,46350000,46350100,3669,9171,46380000,40168
8,1546,46380000,46380100,3669,9171,46410000,40193
8,1547,46410000,46410100,3669,9171,46440000,40218
8,1548,46440000,46440100,3669,9171,46470000,40244
8,1549,46470000,46470100,3669,9171,46500000,40271
8,155,4650000,4650100,3669,9171,4680000,4048
8,1550,46500000,46500100,3669,9171,46530000,40297
8,1551,46530000,46530100,3669,9171,46560000,40323
8,1552,46560000,46560100,3669,9171,46590000,40350
8,1553,46590000,46590100,3669,9171,46620000,40374
8,1554,46620000,46620100,3669,9171,46650000,40401
8,1555,46650000,46650100,3669,9171,46680000,40426
8,1556,46680000,46680100,3669,9171,46710000,40453
8,1557,46710000,46710100,3669,9171,46740000,40479
8,1558,46740000,46740100,3669,9171,46770000,40506
8,1559,46770000,46770100,3669,9171,46800000,40530
8,156,4680000,4680100,3669,9171,4710000,4074
8,1560,46800000,46800100,3669,9171,46830000,40556
8,1561,46830000,46830100,3669,9171,46860000,40582
8,1562,46860000,46860100,3669,9171,46890000,40609
8,1563,46890000,46890100,3669,9171,46920000,40635
8,1564,46920000,46920100,3669,9171,46950000,40660
8,1565,46950000,46950100,3669,9171,46980000,40688
8,1566,46980000,46980100,3669,9171,47010000,40714
8,1567,47010000,47010100,3669,9171,47040000,40737
8,1568,47040000,47040100,3669,9171,47070000,40764
8,1569,47070000,47070100,3669,9171,47100000,40790
8,157,4710000,4710100,3669,9171,4740000,4101
8,1570,47100000,47100100,3669,9171,47130000,40817
8,1571,47130000,47130100,3669,9171,47160000,40843
8,1572,47160000,47160100,3669,9171,47190000,40868
8,1573,47190000,47190100,3669,9171,47220000,40896
8,1574,47220000,47220100,3669,9171,47250000,40920
8,1575,47250000,47250100,3669,9171,47280000,40945
8,1576,47280000,47280100,3669,9171,47310000,40973
8,1577,47310000,47310100,3669,9171,47340000,40998
8,1578,47340000,47340100,3669,9171,47370000,41026
8,1579,47370000,47370100,3669,9171,47400000,41050
8,158,4740000,4740100,3669,9171,4770000,4127
8,1580,47400000,47400100,3669,9171,47430000,41077
8,1581,47430000,47430100,3669,9171,47460000,41102
8,1582,47460000,47460100,3669,9171,47490000,41128
8,1583,47490000,47490100,3669,9171,47520000,41153
8,1584,47520000,47520100,3669,9171,47550000,41180
8,1585,47550000,47550100,3669,9171,47580000,41207
8,1586,47580000,47580100,3669,9171,47610000,41234
8,1587,47610000,47610100,3669,9171,47640000,41259
8,1588,47640000,47640100,3669,9171,47670000,41283
8,1589,47670000,47670100,3669,9171,47700000,41310
8,159,4770000,4770100,3669,9171,4800000,4152
8,1590,47700000,47700100,3669,9171,47730000,41336
8,1591,47730000,47730100,3669,9171,47760000,41362
8,1592,47760000,47760100,3669,9171,47790000,41388
8,1593,47790000,47790100,3669,9171,47820000,41415
8,1594,47820000,47820100,3669,9171,47850000,41441
8,1595,47850000,47850100,3669,9171,47880000,41465
8,1596,47880000,47880100,3669,9171,47910000,41492
8,1597,47910000,47910100,3669,9171,47940000,41518
8,1598,47940000,47940100,3669,9171,47970000,41545
8,1599,47970000,47970100,3669,9171,48000000,41569
8,16,480000,480100,3669,9171,510000,437
8,160,4800000,4800100,3669,9171,4830000,4177
8,1600,48000000,48000100,3669,9171,48030000,41597
8,1601,48030000,48030100,3669,9171,48060000,41623
8,1602,48060000,48060100,3669,9171,48090000,41648
8,1603,48090000,48090100,3669,9171,48120000,41673
8,1604,48120000,48120100,3669,9171,48150000,41699
8,1605,48150000,48150100,3669,9171,48180000,41726
8,1606,48180000,48180100,3669,9171,48210000,41753
8,1607,48210000,48210100,3669,9171,48240000,41778
8,1608,48240000,48240100,3669,9171,48270000,41805
8,1609,48270000,48270100,3669,9171,48300000,41829
8,161,4830000,4830100,3669,9171,4860000,4204
8,1610,48300000,48300100,3669,9171,48330000,41856
8,1611,48330000,48330100,3669,9171,48360000,41882
8,1612,48360000,48360100,3669,9171,48390000,41907
8,1613,48390000,48390100,3669,9171,48420000,41935
8,1614,48420000,48420100,3669,9171,48450000,41960
8,1615,48450000,48450100,3669,9171,48480000,41986
8,1616,48480000,48480100,3669,9171,48510000,42011
8,1617,48510000,48510100,3669,9171,48540000,42037
8,1618,48540000,48540100,3669,9171,48570000,42065
8,1619,48570000,48570100,3669,9171,48600000,42089
8,162,4860000,4860100,3669,9171,4890000,4230
8,1620,48600000,48600100,3669,9171,48630000,42116
8,1621,48630000,48630100,3669,9171,48660000,42143
8,1622,48660000,48660100,3669,9171,48690000,42169
8,1623,48690000,48690100,3669,9171,48720000,42192
8,1624,48720000,48720100,3669,9171,48750000,42219
8,1625,48750000,48750100,3669,9171,48780000,42245
8,1626,48780000,48780100,3669,9171,48810000,42273
8,1627,48810000,48810100,3669,9171,48840000,42297
8,1628,48840000,48840100,3669,9171,48870000,42324
8,1629,48870000,48870100,3669,9171,48900000,42351
8,163,4890000,4890100,3669,9171,4920000,4256
8,1630,48900000,48900100,3669,9171,48930000,42375
8,1631,48930000,48930100,3669,9171,48960000,42401
8,1632,48960000,48960100,3669,9171,48990000,42427
8,1633,48990000,48990100,3669,9171,49020000,42454
8,1634,49020000,49020100,3669,9171,49050000,42480
8,1635,49050000,49050100,3669,9171,49080000,42506
8,1636,49080000,49080100,3669,9171,49110000,42532
8,1637,49110000,49110100,3669,9171,49140000,42557
8,1638,49140000,49140100,3669,9171,49170000,42583
8,1639,49170000,49170100,3669,9171,49200000,42608
8,164,4920000,4920100,3669,9171,4950000,4281
8,1640,49200000,49200100,3669,9171,49230000,42636
8,1641,49230000,49230100,3669,9171,49260000,42662
8,1642,49260000,49260100,3669,9171,49290000,42689
8,1643,49290000,49290100,3669,9171,49320000,42714
8,1644,49320000,49320100,3669,9171,49350000,42738
8,1645,49350000,49350100,3669,9171,49380000,42765
8,1646,49380000,49380100,3669,9171,49410000,42792
8,1647,49410000,49410100,3669,9171,49440000,42816
8,1648,49440000,49440100,3669,9171,49470000,42844
8,1649,49470000,49470100,3669,9171,49500000,42869
8,165,4950000,4950100,3669,9171,4980000,4309
8,1650,49500000,49500100,3669,9171,49530000,42897
8,1651,49530000,49530100,3669,9171,49560000,42921
8,1652,49560000,49560100,3669,9171,49590000,42946
8,1653,49590000,49590100,3669,9171,49620000,42974
8,1654,49620000,49620100,3669,9171,49650000,42999
8,1655,49650000,49650100,3669,9171,49680000,43025
8,1656,49680000,49680100,3669,9171,49710000,43052
8,1657,49710000,49710100,3669,9171,49740000,43078
8,1658,49740000,49740100,3669,9171,49770000,43103
8,1659,49770000,49770100,3669,9171,49800000,43128
8,166,4980000,4980100,3669,9171,5010000,4336
8,1660,49800000,49800100,3669,9171,49830000,43154
8,1661,49830000,49830100,3669,9171,49860000,43182
8,1662,49860000,49860100,3669,9171,49890000,43208
8,1663,49890000,49890100,3669,9171,49920000,43233
8,1664,49920000,49920100,3669,9171,49950000,43260
8,1665,49950000,49950100,3669,9171,49980000,43284
8,1666,49980000,49980100,3669,9171,50010000,43312
8,1667,50010000,50010100,3669,9171,50040000,43336
8,1668,50040000,50040100,3669,9171,50070000,43363
8,1669,50070000,50070100,3669,9171,50100000,43389
8,167,5010000,5010100,3669,9171,5040000,4358
8,1670,50100000,50100100,3669,9171,50130000,43416
8,1671,50130000,50130100,3669,9171,50160000,43441
8,1672,50160000,50160100,3669,9171,50190000,43466
8,1673,50190000,50190100,3669,9171,50220000,43493
8,1674,50220000,50220100,3669,9171,50250000,43519
8,1675,50250000,50250100,3669,9171,50280000,43545
8,1676,50280000,50280100,3669,9171,50310000,43571
8,1677,50310000,50310100,3669,9171,50340000,43598
8,1678,50340000,50340100,3669,9171,50370000,43624
8,1679,50370000,50370100,3669,9171,50400000,43647
8,168,5040000,5040100,3669,9171,5070000,4386
8,1680,50400000,50400100,3669,9171,50430000,43674
8,1681,50430000,50430100,3669,9171,50460000,43701
8,1682,50460000,50460100,3669,9171,50490000,43727
8,1683,50490000,50490100,3669,9171,50520000,43753
8,1684,50520000,50520100,3669,9171,50550000,43779
8,1685,50550000,50550100,3669,9171,50580000,43806
8,1686,50580000,50580100,3669,9171,50610000,43831
8,1687,50610000,50610100,3669,9171,50640000,43855
8,1688,50640000,50640100,3669,9171,50670000,43883
8,1689,50670000,50670100,3669,9171,50700000,43908
8,169,5070000,5070100,3669,9171,5100000,4411
8,1690,50700000,50700100,3669,9171,50730000,43936
8,1691,50730000,50730100,3669,9171,50760000,43961
8,1692,50760000,50760100,3669,9171,50790000,43987
8,1693,50790000,50790100,3669,9171,50820000,44012
8,1694,50820000,50820100,3669,9171,50850000,44038
8,1695,50850000,50850100,3669,9171,50880000,44064
8,1696,50880000,50880100,3669,9171,50910000,44091
8,1697,50910000,50910100,3669,9171,50940000,44117
8,1698,50940000,50940100,3669,9171,50970000,44144
8,1699,50970000,50970100,3669,9171,51000000,44169
8,17,510000,510100,3669,9171,540000,462
8,170,5100000,5100100,3669,9171,5130000,4439
8,1700,51000000,51000100,3669,9171,51030000,44193
8,1701,51030000,51030100,3669,9171,51060000,44221
8,1702,51060000,51060100,3669,9171,51090000,44246
8,1703,51090000,51090100,3669,9171,51120000,44272
8,1704,51120000,51120100,3669,9171,51150000,44298
8,1705,51150000,51150100,3669,9171,51180000,44325
8,1706,51180000,51180100,3669,9171,51210000,44353
8,1707,51210000,51210100,3669,9171,51240000,44375
8,1708,51240000,51240100,3669,9171,51270000,44402
8,1709,51270000,51270100,3669,9171,51300000,44428
8,171,5130000,5130100,3669,9171,5160000,4464
8,1710,51300000,51300100,3669,9171,51330000,44455
8,1711,51330000,51330100,3669,9171,51360000,44480
8,1712,51360000,51360100,3669,9171,51390000,44507
8,1713,51390000,51390100,3669,9171,51420000,44533
8,1714,51420000,51420100,3669,9171,51450000,44558
8,1715,51450000,51450100,3669,9171,51480000,44583
8,1716,51480000,51480100,3669,9171,51510000,44610
8,1717,51510000,51510100,3669,9171,51540000,44637
8,1718,51540000,51540100,3669,9171,51570000,44663
8,1719,51570000,51570100,3669,9171,51600000,44688
8,172,5160000,5160100,3669,9171,5190000,4490
8,1720,51600000,51600100,3669,9171,51630000,44715
8,1721,51630000,51630100,3669,9171,51660000,44740
8,1722,51660000,51660100,3669,9171,51690000,44766
8,1723,51690000,51690100,3669,9171,51720000,44792
8,1724,51720000,51720100,3669,9171,51750000,44817
8,1725,51750000,51750100,3669,9171,51780000,44845
8,1726,51780000,51780100,3669,9171,51810000,44871
8,1727,51810000,51810100,3669,9171,51840000,44896
8,1728,51840000,51840100,3669,9171,51870000,44922
8,1729,51870000,51870100,3669,9171,51900000,44947
8,173,5190000,5190100,3669,9171,5220000,4517
8,1730,51900000,51900100,3669,9171,51930000,44975
8,1731,51930000,51930100,3669,9171,51960000,45000
8,1732,51960000,51960100,3669,9171,51990000,45026
8,1733,51990000,51990100,3669,9171,52020000,45053
8,1734,52020000,52020100,3669,9171,52050000,45079
8,1735,52050000,52050100,3669,9171,52080000,45102
8,1736,52080000,52080100,3669,9171,52110000,45130
8,1737,52110000,52110100,3669,9171,52140000,45155
8,1738,52140000,52140100,3669,9171,52170000,45183
8,1739,52170000,52170100,3669,9171,52200000,45208
8,174,5220000,5220100,3669,9171,5250000,4541
8,1740,52200000,52200100,3669,9171,52230000,45234
8,1741,52230000,52230100,3669,9171,52260000,45262
8,1742,52260000,52260100,3669,9171,52290000,45285
8,1743,52290000,52290100,3669,9171,52320000,45311
8,1744,52320000,52320100,3669,9171,52350000,45337
8,1745,52350000,52350100,3669,9171,52380000,45364
8,1746,52380000,52380100,3669,9171,52410000,45391
8,1747,52410000,52410100,3669,9171,52440000,45416
8,1748,52440000,52440100,3669,9171,52470000,45442
8,1749,52470000,52470100,3669,9171,52500000,45467
8,175,5250000,5250100,3669,9171,5280000,4566
8,1750,52500000,52500100,3669,9171,52530000,45494
8,1751,52530000,52530100,3669,9171,52560000,45519
8,1752,52560000,52560100,3669,9171,52590000,45546
8,1753,52590000,52590100,3669,9171,52620000,45572
8,1754,52620000,52620100,3669,9171,52650000,45599
8,1755,52650000,52650100,3669,9171,52680000,45624
8,1756,52680000,52680100,3669,9171,52710000,45649
8,1757,52710000,52710100,3669,9171,52740000,45675
8,1758,52740000,52740100,3669,9171,52770000,45702
8,1759,52770000,52770100,3669,9171,52800000,45726
8,176,5280000,5280100,3669,9171,5310000,4594
8,1760,52800000,52800100,3669,9171,52830000,45754
8,1761,52830000,52830100,3669,9171,52860000,45781
8,1762,52860000,52860100,3669,9171,52890000,45807
8,1763,52890000,52890100,3669,9171,52920000,45831
8,1764,52920000,52920100,3669,9171,52950000,45856
8,1765,52950000,52950100,3669,9171,52980000,45884
8,1766,52980000,52980100,3669,9171,53010000,45910
8,1767,53010000,53010100,3669,9171,53040000,45935
8,1768,53040000,53040100,3669,9171,53070000,45962
8,1769,53070000,53070100,3669,9171,53100000,45988
8,177,5310000,5310100,3669,9171,5340000,4620
8,1770,53100000,53100100,3669,9171,53130000,46013
8,1771,53130000,53130100,3669,9171,53160000,46039
8,1772,53160000,53160100,3669,9171,53190000,46065
8,1773,53190000,53190100,3669,9171,53220000,46092
8,1774,53220000,53220100,3669,9171,53250000,46118
8,1775,53250000,53250100,3669,9171,53280000,46143
8,1776,53280000,53280100,3669,9171,53310000,46171
8,1777,53310000,53310100,3669,9171,53340000,46194
8,1778,53340000,53340100,3669,9171,53370000,46222
8,1779,53370000,53370100,3669,9171,53400000,46246
8,178,5340000,5340100,3669,9171,5370000,4647
8,1780,53400000,53400100,3669,9171,53430000,46273
8,1781,53430000,53430100,3669,9171,53460000,46300
8,1782,53460000,53460100,3669,9171,53490000,46326
8,1783,53490000,53490100,3669,9171,53520000,46352
8,1784,53520000,53520100,3669,9171,53550000,46376
8,1785,53550000,53550100,3669,9171,53580000,46403
8,1786,53580000,53580100,3669,9171,53610000,46430
8,1787,53610000,53610100,3669,9171,53640000,46455
8,1788,53640000,53640100,3669,9171,53670000,46481
8,1789,53670000,53670100,3669,9171,53700000,46508
8,179,5370000,5370100,3669,9171,5400000,4672
8,1790,53700000,53700100,3669,9171,53730000,46534
8,1791,53730000,53730100,3669,9171,53760000,46558
8,1792,53760000,53760100,3669,9171,53790000,46584
8,1793,53790000,53790100,3669,9171,53820000,46611
8,1794,53820000,53820100,3669,9171,53850000,46638
8,1795,53850000,53850100,3669,9171,53880000,46663
8,1796,53880000,53880100,3669,9171,53910000,46690
8,1797,53910000,53910100,3669,9171,53940000,46716
8,1798,53940000,53940100,3669,9171,53970000,46741
8,1799,53970000,53970100,3669,9171,54000000,46765
8,18,540000,540100,3669,9171,570000,490
8,180,5400000,5400100,3669,9171,5430000,4698
8,1800,54000000,54000100,3669,9171,54030000,46793
8,1801,54030000,54030100,3669,9171,54060000,46819
8,1802,54060000,54060100,3669,9171,54090000,46846
8,1803,54090000,54090100,3669,9171,54120000,46871
8,1804,54120000,54120100,3669,9171,54150000,46897
8,1805,54150000,54150100,3669,9171,54180000,46923
8,1806,54180000,54180100,3669,9171,54210000,46949
8,1807,54210000,54210100,3669,9171,54240000,46974
8,1808,54240000,54240100,3669,9171,54270000,47001
8,1809,54270000,54270100,3669,9171,54300000,47027
8,181,5430000,5430100,3669,9171,5460000,4724
8,1810,54300000,54300100,3669,9171,54330000,47054
8,1811,54330000,54330100,3669,9171,54360000,47080
8,1812,54360000,54360100,3669,9171,54390000,47103
8,1813,54390000,54390100,3669,9171,54420000,47131
8,1814,54420000,54420100,3669,9171,54450000,47156
8,1815,54450000,54450100,3669,9171,54480000,47182
8,1816,54480000,54480100,3669,9171,54510000,47210
8,1817,54510000,54510100,3669,9171,54540000,47235
8,1818,54540000,54540100,3669,9171,54570000,47263
8,1819,54570000,54570100,3669,9171,54600000,47285
8,182,5460000,5460100,3669,9171,5490000,4749
8,1820,54600000,54600100,3669,9171,54630000,47312
8,1821,54630000,54630100,3669,9171,54660000,47339
8,1822,54660000,54660100,3669,9171,54690000,47365
8,1823,54690000,54690100,3669,9171,54720000,47390
8,1824,54720000,54720100,3669,9171,54750000,47417
8,1825,54750000,54750100,3669,9171,54780000,47443
8,1826,54780000,54780100,3669,9171,54810000,47469
8,1827,54810000,54810100,3669,9171,54840000,47494
8,1828,54840000,54840100,3669,9171,54870000,47520
8,1829,54870000,54870100,3669,9171,54900000,47547
8,183,5490000,5490100,3669,9171,5520000,4775
8,1830,54900000,54900100,3669,9171,54930000,47573
8,1831,54930000,54930100,3669,9171,54960000,47599
8,1832,54960000,54960100,3669,9171,54990000,47625
8,1833,54990000,54990100,3669,9171,55020000,47650
8,1834,55020000,55020100,3669,9171,55050000,47676
8,1835,55050000,55050100,3669,9171,55080000,47702
8,1836,55080000,55080100,3669,9171,55110000,47728
8,1837,55110000,55110100,3669,9171,55140000,47755
8,1838,55140000,55140100,3669,9171,55170000,47782
8,1839,55170000,55170100,3669,9171,55200000,47806
8,184,5520000,5520100,3669,9171,5550000,4801
8,1840,55200000,55200100,3669,9171,55230000,47832
8,1841,55230000,55230100,3669,9171,55260000,47858
8,1842,55260000,55260100,3669,9171,55290000,47885
8,1843,55290000,55290100,3669,9171,55320000,47910
8,1844,55320000,55320100,3669,9171,55350000,47936
8,1845,55350000,55350100,3669,9171,55380000,47963
8,1846,55380000,55380100,3669,9171,55410000,47990
8,1847,55410000,55410100,3669,9171,55440000,48012
8,1848,55440000,55440100,3669,9171,55470000,48040
8,1849,55470000,55470100,3669,9171,55500000,48066
8,185,5550000,5550100,3669,9171,5580000,4828
8,1850,55500000,55500100,3669,9171,55530000,48093
8,1851,55530000,55530100,3669,9171,55560000,48119
8,1852,55560000,55560100,3669,9171,55590000,48144
8,1853,55590000,55590100,3669,9171,55620000,48172
8,1854,55620000,55620100,3669,9171,55650000,48195
8,1855,55650000,55650100,3669,9171,55680000,48221
8,1856,55680000,55680100,3669,9171,55710000,48248
8,1857,55710000,55710100,3669,9171,55740000,48274
8,1858,55740000,55740100,3669,9171,55770000,48301
8,1859,55770000,55770100,3669,9171,55800000,48326
8,186,5580000,5580100,3669,9171,5610000,4855
8,1860,55800000,55800100,3669,9171,55830000,48353
8,1861,55830000,55830100,3669,9171,55860000,48378
8,1862,55860000,55860100,3669,9171,55890000,48404
8,1863,55890000,55890100,3669,9171,55920000,48429
8,1864,55920000,55920100,3669,9171,55950000,48456
8,1865,55950000,55950100,3669,9171,55980000,48482
8,1866,55980000,55980100,3669,9171,56010000,48510
8,1867,56010000,56010100,3669,9171,56040000,48534
8,1868,56040000,56040100,3669,9171,56070000,48559
8,1869,56070000,56070100,3669,9171,56100000,48585
8,187,5610000,5610100,3669,9171,5640000,4880
8,1870,56100000,56100100,3669,9171,56130000,48612
8,1871,56130000,56130100,3669,9171,56160000,48638
8,1872,56160000,56160100,3669,9171,56190000,48664
8,1873,56190000,56190100,3669,9171,56220000,48691
8,1874,56220000,56220100,3669,9171,56250000,48717
8,1875,56250000,56250100,3669,9171,56280000,48741
8,1876,56280000,56280100,3669,9171,56310000,48767
8,1877,56310000,56310100,3669,9171,56340000,48794
8,1878,56340000,56340100,3669,9171,56370000,48820
8,1879,56370000,56370100,3669,9171,56400000,48845
8,188,5640000,5640100,3669,9171,5670000,4905
8,1880,56400000,56400100,3669,9171,56430000,48872
8,1881,56430000,56430100,3669,9171,56460000,48899
8,1882,56460000,56460100,3669,9171,56490000,48924
8,1883,56490000,56490100,3669,9171,56520000,48949
8,1884,56520000,56520100,3669,9171,56550000,48975
8,1885,56550000,56550100,3669,9171,56580000,49002
8,1886,56580000,56580100,3669,9171,56610000,49029
8,1887,56610000,56610100,3669,9171,56640000,49053
8,1888,56640000,56640100,3669,9171,56670000,49081
8,1889,56670000,56670100,3669,9171,56700000,49104
8,189,5670000,5670100,3669,9171,5700000,4931
8,1890,56700000,56700100,3669,9171,56730000,49132
8,1891,56730000,56730100,3669,9171,56760000,49157
8,1892,56760000,56760100,3669,9171,56790000,49183
8,1893,56790000,56790100,3669,9171,56820000,49211
8,1894,56820000,56820100,3669,9171,56850000,49236
8,1895,56850000,56850100,3669,9171,56880000,49262
8,1896,56880000,56880100,3669,9171,56910000,49287
8,1897,56910000,56910100,3669,9171,56940000,49313
8,1898,56940000,56940100,3669,9171,56970000,49340
8,1899,56970000,56970100,3669,9171,57000000,49365
8,19,570000,570100,3669,9171,600000,514
8,190,5700000,5700100,3669,9171,5730000,4958
8,1900,57000000,57000100,3669,9171,57030000,49391
8,1901,57030000,57030100,3669,9171,57060000,49419
8,1902,57060000,57060100,3669,9171,57090000,49444
8,1903,57090000,57090100,3669,9171,57120000,49468
8,1904,57120000,57120100,3669,9171,57150000,49495
8,1905,57150000,57150100,3669,9171,57180000,49521
8,1906,57180000,57180100,3669,9171,57210000,49549
8,1907,57210000,57210100,3669,9171,57240000,49573
8,1908,57240000,57240100,3669,9171,57270000,49600
8,1909,57270000,57270100,3669,9171,57300000,49626
8,191,5730000,5730100,3669,9171,5760000,4983
8,1910,57300000,57300100,3669,9171,57330000,49651
8,1911,57330000,57330100,3669,9171,57360000,49676
8,1912,57360000,57360100,3669,9171,57390000,49703
8,1913,57390000,57390100,3669,9171,57420000,49729
8,1914,57420000,57420100,3669,9171,57450000,49756
8,1915,57450000,57450100,3669,9171,57480000,49782
8,1916,57480000,57480100,3669,9171,57510000,49808
8,1917,57510000,57510100,3669,9171,57540000,49833
8,1918,57540000,57540100,3669,9171,57570000,49859
8,1919,57570000,57570100,3669,9171,57600000,49884
8,192,5760000,5760100,3669,9171,5790000,5010
8,1920,57600000,57600100,3669,9171,57630000,49911
8,1921,57630000,57630100,3669,9171,57660000,49938
8,1922,57660000,57660100,3669,9171,57690000,49964
8,1923,57690000,57690100,3669,9171,57720000,49990
8,1924,57720000,57720100,3669,9171,57750000,50013
8,1925,57750000,57750100,3669,9171,57780000,50041
8,1926,57780000,57780100,3669,9171,57810000,50068
8,1927,57810000,57810100,3669,9171,57840000,50092
8,1928,57840000,57840100,3669,9171,57870000,50120
8,1929,57870000,57870100,3669,9171,57900000,50145
8,193,5790000,5790100,3669,9171,5820000,5036
8,1930,57900000,57900100,3669,9171,57930000,50173
8,1931,57930000,57930100,3669,9171,57960000,50196
8,1932,57960000,57960100,3669,9171,57990000,50222
8,1933,57990000,57990100,3669,9171,58020000,50249
8,1934,58020000,58020100,3669,9171,58050000,50275
8,1935,58050000,58050100,3669,9171,58080000,50300
8,1936,58080000,58080100,3669,9171,58110000,50328
8,1937,58110000,58110100,3669,9171,58140000,50354
8,1938,58140000,58140100,3669,9171,58170000,50379
8,1939,58170000,58170100,3669,9171,58200000,50404
8,194,5820000,5820100,3669,9171,5850000,5063
8,1940,58200000,58200100,3669,9171,58230000,50430
8,1941,58230000,58230100,3669,9171,58260000,50458
8,1942,58260000,58260100,3669,9171,58290000,50483
8,1943,58290000,58290100,3669,9171,58320000,50509
8,1944,58320000,58320100,3669,9171,58350000,50535
8,1945,58350000,58350100,3669,9171,58380000,50560
8,1946,58380000,58380100,3669,9171,58410000,50587
8,1947,58410000,58410100,3669,9171,58440000,50612
8,1948,58440000,58440100,3669,9171,58470000,50639
8,1949,58470000,58470100,3669,9171,58500000,50665
8,195,5850000,5850100,3669,9171,5880000,5086
8,1950,58500000,58500100,3669,9171,58530000,50692
8,1951,58530000,58530100,3669,9171,58560000,50717
8,1952,58560000,58560100,3669,9171,58590000,50742
8,1953,58590000,58590100,3669,9171,58620000,50768
8,1954,58620000,58620100,3669,9171,58650000,50795
8,1955,58650000,58650100,3669,9171,58680000,50820
8,1956,58680000,58680100,3669,9171,58710000,50847
8,1957,58710000,58710100,3669,9171,58740000,50873
8,1958,58740000,58740100,3669,9171,58770000,50900
8,1959,58770000,58770100,3669,9171,58800000,50923
8,196,5880000,5880100,3669,9171,5910000,5113
8,1960,58800000,58800100,3669,9171,58830000,50950
8,1961,58830000,58830100,3669,9171,58860000,50977
8,1962,58860000,58860100,3669,9171,58890000,51003
8,1963,58890000,58890100,3669,9171,58920000,51029
8,1964,58920000,58920100,3669,9171,58950000,51054
8,1965,58950000,58950100,3669,9171,58980000,51082
8,1966,58980000,58980100,3669,9171,59010000,51106
8,1967,59010000,59010100,3669,9171,59040000,51131
8,1968,59040000,59040100,3669,9171,59070000,51158
8,1969,59070000,59070100,3669,9171,59100000,51184
8,197,5910000,5910100,3669,9171,5940000,5139
8,1970,59100000,59100100,3669,9171,59130000,51212
8,1971,59130000,59130100,3669,9171,59160000,51237
8,1972,59160000,59160100,3669,9171,59190000,51263
8,1973,59190000,59190100,3669,9171,59220000,51288
8,1974,59220000,59220100,3669,9171,59250000,51314
8,1975,59250000,59250100,3669,9171,59280000,51339
8,1976,59280000,59280100,3669,9171,59310000,51367
8,1977,59310000,59310100,3669,9171,59340000,51392
8,1978,59340000,59340100,3669,9171,59370000,51420
8,1979,59370000,59370100,3669,9171,59400000,51444
8,198,5940000,5940100,3669,9171,5970000,5166
8,1980,59400000,59400100,3669,9171,59430000,51469
8,1981,59430000,59430100,3669,9171,59460000,51497
8,1982,59460000,59460100,3669,9171,59490000,51522
8,1983,59490000,59490100,3669,9171,59520000,51548
8,1984,59520000,59520100,3669,9171,59550000,51574
8,1985,59550000,59550100,3669,9171,59580000,51601
8,1986,59580000,59580100,3669,9171,59610000,51628
8,1987,59610000,59610100,3669,9171,59640000,51651
8,1988,59640000,59640100,3669,9171,59670000,51677
8,1989,59670000,59670100,3669,9171,59700000,51704
8,199,5970000,5970100,3669,9171,6000000,5191
8,1990,59700000,59700100,3669,9171,59730000,51730
8,1991,59730000,59730100,3669,9171,59760000,51756
8,1992,59760000,59760100,3669,9171,59790000,51783
8,1993,59790000,59790100,3669,9171,59820000,51809
8,1994,59820000,59820100,3669,9171,59850000,51834
8,1995,59850000,59850100,3669,9171,59880000,51859
8,1996,59880000,59880100,3669,9171,59910000,51886
8,1997,59910000,59910100,3669,9171,59940000,51912
8,1998,59940000,59940100,3669,9171,59970000,51939
8,1999,59970000,59970100,3669,9171,60000000,51963
8,2,60000,60100,3669,9171,90000,73
8,20,600000,600100,3669,9171,630000,539
8,200,6000000,6000100,3669,9171,6030000,5218
8,2000,60000000,60000100,3669,9171,60030000,51991
8,2001,60030000,60030100,3669,9171,60060000,52015
8,2002,60060000,60060100,3669,9171,60090000,52042
8,2003,60090000,60090100,3669,9171,60120000,52068
8,2004,60120000,60120100,3669,9171,60150000,52093
8,2005,60150000,60150100,3669,9171,60180000,52121
8,2006,60180000,60180100,3669,9171,60210000,52147
8,2007,60210000,60210100,3669,9171,60240000,52172
8,2008,60240000,60240100,3669,9171,60270000,52197
8,2009,60270000,60270100,3669,9171,60300000,52223
8,201,6030000,6030100,3669,9171,6060000,5245
8,2010,60300000,60300100,3669,9171,60330000,52250
8,2011,60330000,60330100,3669,9171,60360000,52276
8,2012,60360000,60360100,3669,9171,60390000,52301
8,2013,60390000,60390100,3669,9171,60420000,52329
8,2014,60420000,60420100,3669,9171,60450000,52355
8,2015,60450000,60450100,3669,9171,60480000,52378
8,2016,60480000,60480100,3669,9171,60510000,52406
8,2017,60510000,60510100,3669,9171,60540000,52431
8,2018,60540000,60540100,3669,9171,60570000,52459
8,2019,60570000,60570100,3669,9171,60600000,52483
8,202,6060000,6060100,3669,9171,6090000,5269
8,2020,60600000,60600100,3669,9171,60630000,52510
8,2021,60630000,60630100,3669,9171,60660000,52537
8,2022,60660000,60660100,3669,9171,60690000,52561
8,2023,60690000,60690100,3669,9171,60720000,52586
8,2024,60720000,60720100,3669,9171,60750000,52613
8,2025,60750000,60750100,3669,9171,60780000,52640
8,2026,60780000,60780100,3669,9171,60810000,52667
8,2027,60810000,60810100,3669,9171,60840000,52692
8,2028,60840000,60840100,3669,9171,60870000,52718
8,2029,60870000,60870100,3669,9171,60900000,52743
8,203,6090000,6090100,3669,9171,6120000,5295
8,2030,60900000,60900100,3669,9171,60930000,52769
8,2031,60930000,60930100,3669,9171,60960000,52795
8,2032,60960000,60960100,3669,9171,60990000,52821
8,2033,60990000,60990100,3669,9171,61020000,52848
8,2034,61020000,61020100,3669,9171,61050000,52874
8,2035,61050000,61050100,3669,9171,61080000,52900
8,2036,61080000,61080100,3669,9171,61110000,52925
8,2037,61110000,61110100,3669,9171,61140000,52951
8,2038,61140000,61140100,3669,9171,61170000,52978
8,2039,61170000,61170100,3669,9171,61200000,53002
8,204,6120000,6120100,3669,9171,6150000,5320
8,2040,61200000,61200100,3669,9171,61230000,53030
8,2041,61230000,61230100,3669,9171,61260000,53056
8,2042,61260000,61260100,3669,9171,61290000,53083
8,2043,61290000,61290100,3669,9171,61320000,53106
8,2044,61320000,61320100,3669,9171,61350000,53132
8,2045,61350000,61350100,3669,9171,61380000,53159
8,2046,61380000,61380100,3669,9171,61410000,53186
8,2047,61410000,61410100,3669,9171,61440000,53211
8,2048,61440000,61440100,3669,9171,61470000,53238
8,2049,61470000,61470100,3669,9171,61500000,53264
8,205,6150000,6150100,3669,9171,6180000,5348
8,2050,61500000,61500100,3669,9171,61530000,53289
8,2051,61530000,61530100,3669,9171,61560000,53315
8,2052,61560000,61560100,3669,9171,61590000,53340
8,2053,61590000,61590100,3669,9171,61620000,53368
8,2054,61620000,61620100,3669,9171,61650000,53393
8,2055,61650000,61650100,3669,9171,61680000,53419
8,2056,61680000,61680100,3669,9171,61710000,53446
8,2057,61710000,61710100,3669,9171,61740000,53470
8,2058,61740000,61740100,3669,9171,61770000,53498
8,2059,61770000,61770100,3669,9171,61800000,53522
8,206,6180000,6180100,3669,9171,6210000,5374
8,2060,61800000,61800100,3669,9171,61830000,53549
8,2061,61830000,61830100,3669,9171,61860000,53576
8,2062,61860000,61860100,3669,9171,61890000,53602
8,2063,61890000,61890100,3669,9171,61920000,53627
8,2064,61920000,61920100,3669,9171,61950000,53652
8,2065,61950000,61950100,3669,9171,61980000,53678
8,2066,61980000,61980100,3669,9171,62010000,53706
8,2067,62010000,62010100,3669,9171,62040000,53730
8,2068,62040000,62040100,3669,9171,62070000,53757
8,2069,62070000,62070100,3669,9171,62100000,53784
8,207,6210000,6210100,3669,9171,6240000,5399
8,2070,62100000,62100100,3669,9171,62130000,53810
8,2071,62130000,62130100,3669,9171,62160000,53834
8,2072,62160000,62160100,3669,9171,62190000,53860
8,2073,62190000,62190100,3669,9171,62220000,53887
8,2074,62220000,62220100,3669,9171,62250000,53913
8,2075,62250000,62250100,3669,9171,62280000,53939
8,2076,62280000,62280100,3669,9171,62310000,53965
8,2077,62310000,62310100,3669,9171,62340000,53992
8,2078,62340000,62340100,3669,9171,62370000,54016
8,2079,62370000,62370100,3669,9171,62400000,54041
8,208,6240000,6240100,3669,9171,6270000,5426
8,2080,62400000,62400100,3669,9171,62430000,54069
8,2081,62430000,62430100,3669,9171,62460000,54095
8,2082,62460000,62460100,3669,9171,62490000,54122
8,2083,62490000,62490100,3669,9171,62520000,54147
8,2084,62520000,62520100,3669,9171,62550000,54173
8,2085,62550000,62550100,3669,9171,62580000,54198
8,2086,62580000,62580100,3669,9171,62610000,54225
8,2087,62610000,62610100,3669,9171,62640000,54249
8,2088,62640000,62640100,3669,9171,62670000,54277
8,2089,62670000,62670100,3669,9171,62700000,54302
8,209,6270000,6270100,3669,9171,6300000,5450
8,2090,62700000,62700100,3669,9171,62730000,54330
8,2091,62730000,62730100,3669,9171,62760000,54356
8,2092,62760000,62760100,3669,9171,62790000,54379
8,2093,62790000,62790100,3669,9171,62820000,54407
8,2094,62820000,62820100,3669,9171,62850000,54432
8,2095,62850000,62850100,3669,9171,62880000,54458
8,2096,62880000,62880100,3669,9171,62910000,54485
8,2097,62910000,62910100,3669,9171,62940000,54511
8,2098,62940000,62940100,3669,9171,62970000,54538
8,2099,62970000,62970100,3669,9171,63000000,54561
8,21,630000,630100,3669,9171,660000,566
8,210,6300000,6300100,3669,9171,6330000,5478
8,2100,63000000,63000100,3669,9171,63030000,54587
8,2101,63030000,63030100,3669,9171,63060000,54615
8,2102,63060000,63060100,3669,9171,63090000,54641
8,2103,63090000,63090100,3669,9171,63120000,54666
8,2104,63120000,63120100,3669,9171,63150000,54693
8,2105,63150000,63150100,3669,9171,63180000,54719
8,2106,63180000,63180100,3669,9171,63210000,54745
8,2107,63210000,63210100,3669,9171,63240000,54769
8,2108,63240000,63240100,3669,9171,63270000,54796
8,2109,63270000,63270100,3669,9171,63300000,54822
8,211,6330000,6330100,3669,9171,6360000,5503
8,2110,63300000,63300100,3669,9171,63330000,54849
8,2111,63330000,63330100,3669,9171,63360000,54874
8,2112,63360000,63360100,3669,9171,63390000,54901
8,2113,63390000,63390100,3669,9171,63420000,54926
8,2114,63420000,63420100,3669,9171,63450000,54952
8,2115,63450000,63450100,3669,9171,63480000,54978
8,2116,63480000,63480100,3669,9171,63510000,55004
8,2117,63510000,63510100,3669,9171,63540000,55031
8,2118,63540000,63540100,3669,9171,63570000,55057
8,2119,63570000,63570100,3669,9171,63600000,55082
8,212,6360000,6360100,3669,9171,6390000,5529
8,2120,63600000,63600100,3669,9171,63630000,55107
8,2121,63630000,63630100,3669,9171,63660000,55134
8,2122,63660000,63660100,3669,9171,63690000,55160
8,2123,63690000,63690100,3669,9171,63720000,55186
8,2124,63720000,63720100,3669,9171,63750000,55212
8,2125,63750000,63750100,3669,9171,63780000,55239
8,2126,63780000,63780100,3669,9171,63810000,55266
8,2127,63810000,63810100,3669,9171,63840000,55288
8,2128,63840000,63840100,3669,9171,63870000,55316
8,2129,63870000,63870100,3669,9171,63900000,55341
8,213,6390000,6390100,3669,9171,6420000,5556
8,2130,63900000,63900100,3669,9171,63930000,55369
8,2131,63930000,63930100,3669,9171,63960000,55394
8,2132,63960000,63960100,3669,9171,63990000,55420
8,2133,63990000,63990100,3669,9171,64020000,55447
8,2134,64020000,64020100,3669,9171,64050000,55471
8,2135,64050000,64050100,3669,9171,64080000,55497
8,2136,64080000,64080100,3669,9171,64110000,55524
8,2137,64110000,64110100,3669,9171,64140000,55550
8,2138,64140000,64140100,3669,9171,64170000,55577
8,2139,64170000,64170100,3669,9171,64200000,55602
8,214,6420000,6420100,3669,9171,6450000,5582
8,2140,64200000,64200100,3669,9171,64230000,55628
8,2141,64230000,64230100,3669,9171,64260000,55654
8,2142,64260000,64260100,3669,9171,64290000,55679
8,2143,64290000,64290100,3669,9171,64320000,55705
8,2144,64320000,64320100,3669,9171,64350000,55731
8,2145,64350000,64350100,3669,9171,64380000,55758
8,2146,64380000,64380100,3669,9171,64410000,55786
8,2147,64410000,64410100,3669,9171,64440000,55810
8,2148,64440000,64440100,3669,9171,64470000,55835
8,2149,64470000,64470100,3669,9171,64500000,55861
8,215,6450000,6450100,3669,9171,6480000,5607
8,2150,64500000,64500100,3669,9171,64530000,55888
8,2151,64530000,64530100,3669,9171,64560000,55913
8,2152,64560000,64560100,3669,9171,64590000,55940
8,2153,64590000,64590100,3669,9171,64620000,55966
8,2154,64620000,64620100,3669,9171,64650000,55993
8,2155,64650000,64650100,3669,9171,64680000,56016
8,2156,64680000,64680100,3669,9171,64710000,56043
8,2157,64710000,64710100,3669,9171,64740000,56070
8,2158,64740000,64740100,3669,9171,64770000,56096
8,2159,64770000,64770100,3669,9171,64800000,56121
8,216,6480000,6480100,3669,9171,6510000,5633
8,2160,64800000,64800100,3669,9171,64830000,56148
8,2161,64830000,64830100,3669,9171,64860000,56175
8,2162,64860000,64860100,3669,9171,64890000,56199
8,2163,64890000,64890100,3669,9171,64920000,56225
8,2164,64920000,64920100,3669,9171,64950000,56250
8,2165,64950000,64950100,3669,9171,64980000,56278
8,2166,64980000,64980100,3669,9171,65010000,56304
8,2167,65010000,65010100,3669,9171,65040000,56329
8,2168,65040000,65040100,3669,9171,65070000,56357
8,2169,65070000,65070100,3669,9171,65100000,56380
8,217,6510000,6510100,3669,9171,6540000,5658
8,2170,65100000,65100100,3669,9171,65130000,56408
8,2171,65130000,65130100,3669,9171,65160000,56433
8,2172,65160000,65160100,3669,9171,65190000,56459
8,2173,65190000,65190100,3669,9171,65220000,56486
8,2174,65220000,65220100,3669,9171,65250000,56512
8,2175,65250000,65250100,3669,9171,65280000,56537
8,2176,65280000,65280100,3669,9171,65310000,56563
8,2177,65310000,65310100,3669,9171,65340000,56588
8,2178,65340000,65340100,3669,9171,65370000,56616
8,2179,65370000,65370100,3669,9171,65400000,56641
8,218,6540000,6540100,3669,9171,6570000,5686
8,2180,65400000,65400100,3669,9171,65430000,56667
8,2181,65430000,65430100,3669,9171,65460000,56695
8,2182,65460000,65460100,3669,9171,65490000,56720
8,2183,65490000,65490100,3669,9171,65520000,56744
8,2184,65520000,65520100,3669,9171,65550000,56770
8,2185,65550000,65550100,3669,9171,65580000,56797
8,2186,65580000,65580100,3669,9171,65610000,56824
8,2187,65610000,65610100,3669,9171,65640000,56849
8,2188,65640000,65640100,3669,9171,65670000,56875
8,2189,65670000,65670100,3669,9171,65700000,56902
8,219,6570000,6570100,3669,9171,6600000,5710
8,2190,65700000,65700100,3669,9171,65730000,56927
8,2191,65730000,65730100,3669,9171,65760000,56952
8,2192,65760000,65760100,3669,9171,65790000,56979
8,2193,65790000,65790100,3669,9171,65820000,57005
8,2194,65820000,65820100,3669,9171,65850000,57032
8,2195,65850000,65850100,3669,9171,65880000,57057
8,2196,65880000,65880100,3669,9171,65910000,57084
8,2197,65910000,65910100,3669,9171,65940000,57108
8,2198,65940000,65940100,3669,9171,65970000,57135
8,2199,65970000,65970100,3669,9171,66000000,57159
8,22,660000,660100,3669,9171,690000,592
8,220,6600000,6600100,3669,9171,6630000,5737
8,2200,66000000,66000100,3669,9171,66030000,57187
8,2201,66030000,66030100,3669,9171,66060000,57214
8,2202,66060000,66060100,3669,9171,66090000,57240
8,2203,66090000,66090100,3669,9171,66120000,57266
8,2204,66120000,66120100,3669,9171,66150000,57289
8,2205,66150000,66150100,3669,9171,66180000,57317
8,2206,66180000,66180100,3669,9171,66210000,57343
8,2207,66210000,66210100,3669,9171,66240000,57368
8,2208,66240000,66240100,3669,9171,66270000,57395
8,2209,66270000,66270100,3669,9171,66300000,57421
8,221,6630000,6630100,3669,9171,6660000,5765
8,2210,66300000,66300100,3669,9171,66330000,57448
8,2211,66330000,66330100,3669,9171,66360000,57472
8,2212,66360000,66360100,3669,9171,66390000,57498
8,2213,66390000,66390100,3669,9171,66420000,57525
8,2214,66420000,66420100,3669,9171,66450000,57551
8,2215,66450000,66450100,3669,9171,66480000,57576
8,2216,66480000,66480100,3669,9171,66510000,57604
8,2217,66510000,66510100,3669,9171,66540000,57629
8,2218,66540000,66540100,3669,9171,66570000,57655
8,2219,66570000,66570100,3669,9171,66600000,57679
8,222,6660000,6660100,3669,9171,6690000,5790
8,2220,66600000,66600100,3669,9171,66630000,57706
8,2221,66630000,66630100,3669,9171,66660000,57733
8,2222,66660000,66660100,3669,9171,66690000,57759
8,2223,66690000,66690100,3669,9171,66720000,57785
8,2224,66720000,66720100,3669,9171,66750000,57811
8,2225,66750000,66750100,3669,9171,66780000,57836
8,2226,66780000,66780100,3669,9171,66810000,57863
8,2227,66810000,66810100,3669,9171,66840000,57888
8,2228,66840000,66840100,3669,9171,66870000,57914
8,2229,66870000,66870100,3669,9171,66900000,57941
8,223,6690000,6690100,3669,9171,6720000,5814
8,2230,66900000,66900100,3669,9171,66930000,57967
8,2231,66930000,66930100,3669,9171,66960000,57993
8,2232,66960000,66960100,3669,9171,66990000,58017
8,2233,66990000,66990100,3669,9171,67020000,58044
8,2234,67020000,67020100,3669,9171,67050000,58071
8,2235,67050000,67050100,3669,9171,67080000,58096
8,2236,67080000,67080100,3669,9171,67110000,58123
8,2237,67110000,67110100,3669,9171,67140000,58149
8,2238,67140000,67140100,3669,9171,67170000,58176
8,2239,67170000,67170100,3669,9171,67200000,58198
8,224,6720000,6720100,3669,9171,6750000,5840
8,2240,67200000,67200100,3669,9171,67230000,58226
8,2241,67230000,67230100,3669,9171,67260000,58252
8,2242,67260000,67260100,3669,9171,67290000,58279
8,2243,67290000,67290100,3669,9171,67320000,58304
8,2244,67320000,67320100,3669,9171,67350000,58330
8,2245,67350000,67350100,3669,9171,67380000,58358
8,2246,67380000,67380100,3669,9171,67410000,58382
8,2247,67410000,67410100,3669,9171,67440000,58407
8,2248,67440000,67440100,3669,9171,67470000,58434
8,2249,67470000,67470100,3669,9171,67500000,58460
8,225,6750000,6750100,3669,9171,6780000,5867
8,2250,67500000,67500100,3669,9171,67530000,58487
8,2251,67530000,67530100,3669,9171,67560000,58513
8,2252,67560000,67560100,3669,9171,67590000,58538
8,2253,67590000,67590100,3669,9171,67620000,58564
8,2254,67620000,67620100,3669,9171,67650000,58589
8,2255,67650000,67650100,3669,9171,67680000,58615
8,2256,67680000,67680100,3669,9171,67710000,58643
8,2257,67710000,67710100,3669,9171,67740000,58668
8,2258,67740000,67740100,3669,9171,67770000,58696
8,2259,67770000,67770100,3669,9171,67800000,58720
8,226,6780000,6780100,3669,9171,6810000,5894
8,2260,67800000,67800100,3669,9171,67830000,58745
8,2261,67830000,67830100,3669,9171,67860000,58772
8,2262,67860000,67860100,3669,9171,67890000,58798
8,2263,67890000,67890100,3669,9171,67920000,58823
8,2264,67920000,67920100,3669,9171,67950000,58850
8,2265,67950000,67950100,3669,9171,67980000,58876
8,2266,67980000,67980100,3669,9171,68010000,58904
8,2267,68010000,68010100,3669,9171,68040000,58927
8,2268,68040000,68040100,3669,9171,68070000,58953
8,2269,68070000,68070100,3669,9171,68100000,58980
8,227,6810000,6810100,3669,9171,6840000,5919
8,2270,68100000,68100100,3669,9171,68130000,59006
8,2271,68130000,68130100,3669,9171,68160000,59032
8,2272,68160000,68160100,3669,9171,68190000,59058
8,2273,68190000,68190100,3669,9171,68220000,59085
8,2274,68220000,68220100,3669,9171,68250000,59109
8,2275,68250000,68250100,3669,9171,68280000,59135
8,2276,68280000,68280100,3669,9171,68310000,59161
8,2277,68310000,68310100,3669,9171,68340000,59188
8,2278,68340000,68340100,3669,9171,68370000,59215
8,2279,68370000,68370100,3669,9171,68400000,59239
8,228,6840000,6840100,3669,9171,6870000,5945
8,2280,68400000,68400100,3669,9171,68430000,59267
8,2281,68430000,68430100,3669,9171,68460000,59291
8,2282,68460000,68460100,3669,9171,68490000,59318
8,2283,68490000,68490100,3669,9171,68520000,59343
8,2284,68520000,68520100,3669,9171,68550000,59369
8,2285,68550000,68550100,3669,9171,68580000,59396
8,2286,68580000,68580100,3669,9171,68610000,59423
8,2287,68610000,68610100,3669,9171,68640000,59447
8,2288,68640000,68640100,3669,9171,68670000,59473
8,2289,68670000,68670100,3669,9171,68700000,59499
8,229,6870000,6870100,3669,9171,6900000,5972
8,2290,68700000,68700100,3669,9171,68730000,59526
8,2291,68730000,68730100,3669,9171,68760000,59552
8,2292,68760000,68760100,3669,9171,68790000,59577
8,2293,68790000,68790100,3669,9171,68820000,59605
8,2294,68820000,68820100,3669,9171,68850000,59630
8,2295,68850000,68850100,3669,9171,68880000,59654
8,2296,68880000,68880100,3669,9171,68910000,59681
8,2297,68910000,68910100,3669,9171,68940000,59707
8,2298,68940000,68940100,3669,9171,68970000,59734
8,2299,68970000,68970100,3669,9171,69000000,59759
8,23,690000,690100,3669,9171,720000,618
8,230,6900000,6900100,3669,9171,6930000,5996
8,2300,69000000,69000100,3669,9171,69030000,59786
8,2301,69030000,69030100,3669,9171,69060000,59813
8,2302,69060000,69060100,3669,9171,69090000,59837
8,2303,69090000,69090100,3669,9171,69120000,59862
8,2304,69120000,69120100,3669,9171,69150000,59889
8,2305,69150000,69150100,3669,9171,69180000,59915
8,2306,69180000,69180100,3669,9171,69210000,59943
8,2307,69210000,69210100,3669,9171,69240000,59967
8,2308,69240000,69240100,3669,9171,69270000,59994
8,2309,69270000,69270100,3669,9171,69300000,60018
8,231,6930000,6930100,3669,9171,6960000,6022
8,2310,69300000,69300100,3669,9171,69330000,60045
8,2311,69330000,69330100,3669,9171,69360000,60071
8,2312,69360000,69360100,3669,9171,69390000,60097
8,2313,69390000,69390100,3669,9171,69420000,60124
8,2314,69420000,69420100,3669,9171,69450000,60150
8,2315,69450000,69450100,3669,9171,69480000,60176
8,2316,69480000,69480100,3669,9171,69510000,60200
8,2317,69510000,69510100,3669,9171,69540000,60227
8,2318,69540000,69540100,3669,9171,69570000,60253
8,2319,69570000,69570100,3669,9171,69600000,60278
8,232,6960000,6960100,3669,9171,6990000,6049
8,2320,69600000,69600100,3669,9171,69630000,60305
8,2321,69630000,69630100,3669,9171,69660000,60332
8,2322,69660000,69660100,3669,9171,69690000,60359
8,2323,69690000,69690100,3669,9171,69720000,60382
8,2324,69720000,69720100,3669,9171,69750000,60408
8,2325,69750000,69750100,3669,9171,69780000,60435
8,2326,69780000,69780100,3669,9171,69810000,60462
8,2327,69810000,69810100,3669,9171,69840000,60486
8,2328,69840000,69840100,3669,9171,69870000,60514
8,2329,69870000,69870100,3669,9171,69900000,60539
8,233,6990000,6990100,3669,9171,7020000,6075
8,2330,69900000,69900100,3669,9171,69930000,60565
8,2331,69930000,69930100,3669,9171,69960000,60590
8,2332,69960000,69960100,3669,9171,69990000,60616
8,2333,69990000,69990100,3669,9171,70020000,60644
8,2334,70020000,70020100,3669,9171,70050000,60669
8,2335,70050000,70050100,3669,9171,70080000,60695
8,2336,70080000,70080100,3669,9171,70110000,60722
8,2337,70110000,70110100,3669,9171,70140000,60746
8,2338,70140000,70140100,3669,9171,70170000,60773
8,2339,70170000,70170100,3669,9171,70200000,60798
8,234,7020000,7020100,3669,9171,7050000,6102
8,2340,70200000,70200100,3669,9171,70230000,60824
8,2341,70230000,70230100,3669,9171,70260000,60852
8,2342,70260000,70260100,3669,9171,70290000,60877
8,2343,70290000,70290100,3669,9171,70320000,60903
8,2344,70320000,70320100,3669,9171,70350000,60928
8,2345,70350000,70350100,3669,9171,70380000,60954
8,2346,70380000,70380100,3669,9171,70410000,60982
8,2347,70410000,70410100,3669,9171,70440000,61006
8,2348,70440000,70440100,3669,9171,70470000,61033
8,2349,70470000,70470100,3669,9171,70500000,61059
8,235,7050000,7050100,3669,9171,7080000,6127
8,2350,70500000,70500100,3669,9171,70530000,61086
8,2351,70530000,70530100,3669,9171,70560000,61109
8,2352,70560000,70560100,3669,9171,70590000,61136
8,2353,70590000,70590100,3669,9171,70620000,61162
8,2354,70620000,70620100,3669,9171,70650000,61189
8,2355,70650000,70650100,3669,9171,70680000,61215
8,2356,70680000,70680100,3669,9171,70710000,61241
8,2357,70710000,70710100,3669,9171,70740000,61268
8,2358,70740000,70740100,3669,9171,70770000,61292
8,2359,70770000,70770100,3669,9171,70800000,61317
8,236,7080000,7080100,3669,9171,7110000,6154
8,2360,70800000,70800100,3669,9171,70830000,61344
8,2361,70830000,70830100,3669,9171,70860000,61371
8,2362,70860000,70860100,3669,9171,70890000,61397
8,2363,70890000,70890100,3669,9171,70920000,61423
8,2364,70920000,70920100,3669,9171,70950000,61448
8,2365,70950000,70950100,3669,9171,70980000,61474
8,2366,70980000,70980100,3669,9171,71010000,61501
8,2367,71010000,71010100,3669,9171,71040000,61525
8,2368,71040000,71040100,3669,9171,71070000,61553
8,2369,71070000,71070100,3669,9171,71100000,61578
8,237,7110000,7110100,3669,9171,7140000,6178
8,2370,71100000,71100100,3669,9171,71130000,61606
8,2371,71130000,71130100,3669,9171,71160000,61631
8,2372,71160000,71160100,3669,9171,71190000,61655
8,2373,71190000,71190100,3669,9171,71220000,61682
8,2374,71220000,71220100,3669,9171,71250000,61708
8,2375,71250000,71250100,3669,9171,71280000,61733
8,2376,71280000,71280100,3669,9171,71310000,61761
8,2377,71310000,71310100,3669,9171,71340000,61787
8,2378,71340000,71340100,3669,9171,71370000,61814
8,2379,71370000,71370100,3669,9171,71400000,61837
8,238,7140000,7140100,3669,9171,7170000,6205
8,2380,71400000,71400100,3669,9171,71430000,61863
8,2381,71430000,71430100,3669,9171,71460000,61891
8,2382,71460000,71460100,3669,9171,71490000,61916
8,2383,71490000,71490100,3669,9171,71520000,61942
8,2384,71520000,71520100,3669,9171,71550000,61968
8,2385,71550000,71550100,3669,9171,71580000,61995
8,2386,71580000,71580100,3669,9171,71610000,62020
8,2387,71610000,71610100,3669,9171,71640000,62045
8,2388,71640000,71640100,3669,9171,71670000,62072
8,2389,71670000,71670100,3669,9171,71700000,62098
8,239,7170000,7170100,3669,9171,7200000,6229
8,2390,71700000,71700100,3669,9171,71730000,62125
8,2391,71730000,71730100,3669,9171,71760000,62150
8,2392,71760000,71760100,3669,9171,71790000,62177
8,2393,71790000,71790100,3669,9171,71820000,62201
8,2394,71820000,71820100,3669,9171,71850000,62228
8,2395,71850000,71850100,3669,9171,71880000,62253
8,2396,71880000,71880100,3669,9171,71910000,62280
8,2397,71910000,71910100,3669,9171,71940000,62306
8,2398,71940000,71940100,3669,9171,71970000,62333
8,2399,71970000,71970100,3669,9171,72000000,62358
8,24,720000,720100,3669,9171,750000,644
8,240,7200000,7200100,3669,9171,7230000,6257
8,2400,72000000,72000100,3669,9171,72030000,62383
8,2401,72030000,72030100,3669,9171,72060000,62410
8,2402,72060000,72060100,3669,9171,72090000,62436
8,2403,72090000,72090100,3669,9171,72120000,62462
8,2404,72120000,72120100,3669,9171,72150000,62487
8,2405,72150000,72150100,3669,9171,72180000,62515
8,2406,72180000,72180100,3669,9171,72210000,62541
8,2407,72210000,72210100,3669,9171,72240000,62564
8,2408,72240000,72240100,3669,9171,72270000,62591
8,2409,72270000,72270100,3669,9171,72300000,62617
8,241,7230000,7230100,3669,9171,7260000,6283
8,2410,72300000,72300100,3669,9171,72330000,62645
8,2411,72330000,72330100,3669,9171,72360000,62670
8,2412,72360000,72360100,3669,9171,72390000,62696
8,2413,72390000,72390100,3669,9171,72420000,62723
8,2414,72420000,72420100,3669,9171,72450000,62747
8,2415,72450000,72450100,3669,9171,72480000,62772
8,2416,72480000,72480100,3669,9171,72510000,62800
8,2417,72510000,72510100,3669,9171,72540000,62825
8,2418,72540000,72540100,3669,9171,72570000,62853
8,2419,72570000,72570100,3669,9171,72600000,62877
8,242,7260000,7260100,3669,9171,7290000,6310
8,2420,72600000,72600100,3669,9171,72630000,62904
8,2421,72630000,72630100,3669,9171,72660000,62930
8,2422,72660000,72660100,3669,9171,72690000,62955
8,2423,72690000,72690100,3669,9171,72720000,62981
8,2424,72720000,72720100,3669,9171,72750000,63007
8,2425,72750000,72750100,3669,9171,72780000,63034
8,2426,72780000,72780100,3669,9171,72810000,63061
8,2427,72810000,72810100,3669,9171,72840000,63086
8,2428,72840000,72840100,3669,9171,72870000,63110
8,2429,72870000,72870100,3669,9171,72900000,63137
8,243,7290000,7290100,3669,9171,7320000,6336
8,2430,72900000,72900100,3669,9171,72930000,63163
8,2431,72930000,72930100,3669,9171,72960000,63189
8,2432,72960000,72960100,3669,9171,72990000,63216
8,2433,72990000,72990100,3669,9171,73020000,63242
8,2434,73020000,73020100,3669,9171,73050000,63269
8,2435,73050000,73050100,3669,9171,73080000,63292
8,2436,73080000,73080100,3669,9171,73110000,63319
8,2437,73110000,73110100,3669,9171,73140000,63345
8,2438,73140000,73140100,3669,9171,73170000,63372
8,2439,73170000,73170100,3669,9171,73200000,63396
8,244,7320000,7320100,3669,9171,7350000,6359
8,2440,73200000,73200100,3669,9171,73230000,63424
8,2441,73230000,73230100,3669,9171,73260000,63450
8,2442,73260000,73260100,3669,9171,73290000,63475
8,2443,73290000,73290100,3669,9171,73320000,63501
8,2444,73320000,73320100,3669,9171,73350000,63526
8,2445,73350000,73350100,3669,9171,73380000,63554
8,2446,73380000,73380100,3669,9171,73410000,63580
8,2447,73410000,73410100,3669,9171,73440000,63605
8,2448,73440000,73440100,3669,9171,73470000,63632
8,2449,73470000,73470100,3669,9171,73500000,63656
8,245,7350000,7350100,3669,9171,7380000,6387
8,2450,73500000,73500100,3669,9171,73530000,63683
8,2451,73530000,73530100,3669,9171,73560000,63709
8,2452,73560000,73560100,3669,9171,73590000,63734
8,2453,73590000,73590100,3669,9171,73620000,63762
8,2454,73620000,73620100,3669,9171,73650000,63788
8,2455,73650000,73650100,3669,9171,73680000,63813
8,2456,73680000,73680100,3669,9171,73710000,63839
8,2457,73710000,73710100,3669,9171,73740000,63864
8,2458,73740000,73740100,3669,9171,73770000,63892
8,2459,73770000,73770100,3669,9171,73800000,63916
8,246,7380000,7380100,3669,9171,7410000,6413
8,2460,73800000,73800100,3669,9171,73830000,63943
8,2461,73830000,73830100,3669,9171,73860000,63970
8,2462,73860000,73860100,3669,9171,73890000,63996
8,2463,73890000,73890100,3669,9171,73920000,64019
8,2464,73920000,73920100,3669,9171,73950000,64046
8,2465,73950000,73950100,3669,9171,73980000,64073
8,2466,73980000,73980100,3669,9171,74010000,64100
8,2467,74010000,74010100,3669,9171,74040000,64125
8,2468,74040000,74040100,3669,9171,74070000,64151
8,2469,74070000,74070100,3669,9171,74100000,64178
8,247,7410000,7410100,3669,9171,7440000,6438
8,2470,74100000,74100100,3669,9171,74130000,64202
8,2471,74130000,74130100,3669,9171,74160000,64228
8,2472,74160000,74160100,3669,9171,74190000,64254
8,2473,74190000,74190100,3669,9171,74220000,64281
8,2474,74220000,74220100,3669,9171,74250000,64307
8,2475,74250000,74250100,3669,9171,74280000,64333
8,2476,74280000,74280100,3669,9171,74310000,64360
8,2477,74310000,74310100,3669,9171,74340000,64384
8,2478,74340000,74340100,3669,9171,74370000,64411
8,2479,74370000,74370100,3669,9171,74400000,64435
8,248,7440000,7440100,3669,9171,7470000,6465
8,2480,74400000,74400100,3669,9171,74430000,64463
8,2481,74430000,74430100,3669,9171,74460000,64489
8,2482,74460000,74460100,3669,9171,74490000,64516
8,2483,74490000,74490100,3669,9171,74520000,64541
8,2484,74520000,74520100,3669,9171,74550000,64565
8,2485,74550000,74550100,3669,9171,74580000,64592
8,2486,74580000,74580100,3669,9171,74610000,64619
8,2487,74610000,74610100,3669,9171,74640000,64644
8,2488,74640000,74640100,3669,9171,74670000,64671
8,2489,74670000,74670100,3669,9171,74700000,64697
8,249,7470000,7470100,3669,9171,7500000,6491
8,2490,74700000,74700100,3669,9171,74730000,64724
8,2491,74730000,74730100,3669,9171,74760000,64748
8,2492,74760000,74760100,3669,9171,74790000,64773
8,2493,74790000,74790100,3669,9171,74820000,64801
8,2494,74820000,74820100,3669,9171,74850000,64826
8,2495,74850000,74850100,3669,9171,74880000,64852
8,2496,74880000,74880100,3669,9171,74910000,64879
8,2497,74910000,74910100,3669,9171,74940000,64905
8,2498,74940000,74940100,3669,9171,74970000,64931
8,2499,74970000,74970100,3669,9171,75000000,64955
8,25,750000,750100,3669,9171,780000,671
8,250,7500000,7500100,3669,9171,7530000,6518
8,2500,75000000,75000100,3669,9171,75030000,64982
8,2501,75030000,75030100,3669,9171,75060000,65009
8,2502,75060000,75060100,3669,9171,75090000,65035
8,2503,75090000,75090100,3669,9171,75120000,65060
8,2504,75120000,75120100,3669,9171,75150000,65087
8,2505,75150000,75150100,3669,9171,75180000,65111
8,2506,75180000,75180100,3669,9171,75210000,65139
8,2507,75210000,75210100,3669,9171,75240000,65163
8,2508,75240000,75240100,3669,9171,75270000,65190
8,2509,75270000,75270100,3669,9171,75300000,65217
8,251,7530000,7530100,3669,9171,7560000,6542
8,2510,75300000,75300100,3669,9171,75330000,65243
8,2511,75330000,75330100,3669,9171,75360000,65269
8,2512,75360000,75360100,3669,9171,75390000,65293
8,2513,75390000,75390100,3669,9171,75420000,65320
8,2514,75420000,75420100,3669,9171,75450000,65346
8,2515,75450000,75450100,3669,9171,75480000,65372
8,2516,75480000,75480100,3669,9171,75510000,65398
8,2517,75510000,75510100,3669,9171,75540000,65425
8,2518,75540000,75540100,3669,9171,75570000,65451
8,2519,75570000,75570100,3669,9171,75600000,65474
8,252,7560000,7560100,3669,9171,7590000,6567
8,2520,75600000,75600100,3669,9171,75630000,65502
8,2521,75630000,75630100,3669,9171,75660000,65528
8,2522,75660000,75660100,3669,9171,75690000,65555
8,2523,75690000,75690100,3669,9171,75720000,65580
8,2524,75720000,75720100,3669,9171,75750000,65606
8,2525,75750000,75750100,3669,9171,75780000,65633
8,2526,75780000,75780100,3669,9171,75810000,65658
8,2527,75810000,75810100,3669,9171,75840000,65682
8,2528,75840000,75840100,3669,9171,75870000,65710
8,2529,75870000,75870100,3669,9171,75900000,65735
8,253,7590000,7590100,3669,9171,7620000,6595
8,2530,75900000,75900100,3669,9171,75930000,65763
8,2531,75930000,75930100,3669,9171,75960000,65789
8,2532,75960000,75960100,3669,9171,75990000,65814
8,2533,75990000,75990100,3669,9171,76020000,65840
8,2534,76020000,76020100,3669,9171,76050000,65865
8,2535,76050000,76050100,3669,9171,76080000,65891
8,2536,76080000,76080100,3669,9171,76110000,65918
8,2537,76110000,76110100,3669,9171,76140000,65944
8,2538,76140000,76140100,3669,9171,76170000,65971
8,2539,76170000,76170100,3669,9171,76200000,65996
8,254,7620000,7620100,3669,9171,7650000,6621
8,2540,76200000,76200100,3669,9171,76230000,66020
8,2541,76230000,76230100,3669,9171,76260000,66048
8,2542,76260000,76260100,3669,9171,76290000,66074
8,2543,76290000,76290100,3669,9171,76320000,66099
8,2544,76320000,76320100,3669,9171,76350000,66126
8,2545,76350000,76350100,3669,9171,76380000,66152
8,2546,76380000,76380100,3669,9171,76410000,66180
8,2547,76410000,76410100,3669,9171,76440000,66202
8,2548,76440000,76440100,3669,9171,76470000,66229
8,2549,76470000,76470100,3669,9171,76500000,66255
8,255,7650000,7650100,3669,9171,7680000,6646
8,2550,76500000,76500100,3669,9171,76530000,66282
8,2551,76530000,76530100,3669,9171,76560000,66307
8,2552,76560000,76560100,3669,9171,76590000,66334
8,2553,76590000,76590100,3669,9171,76620000,66361
8,2554,76620000,76620100,3669,9171,76650000,66385
8,2555,76650000,76650100,3669,9171,76680000,66411
8,2556,76680000,76680100,3669,9171,76710000,66437
8,2557,76710000,76710100,3669,9171,76740000,66464
8,2558,76740000,76740100,3669,9171,76770000,66490
8,2559,76770000,76770100,3669,9171,76800000,66515
8,256,7680000,7680100,3669,9171,7710000,6674
8,2560,76800000,76800100,3669,9171,76830000,66542
8,2561,76830000,76830100,3669,9171,76860000,66567
8,2562,76860000,76860100,3669,9171,76890000,66593
8,2563,76890000,76890100,3669,9171,76920000,66619
8,2564,76920000,76920100,3669,9171,76950000,66645
8,2565,76950000,76950100,3669,9171,76980000,66672
8,2566,76980000,76980100,3669,9171,77010000,66699
8,2567,77010000,77010100,3669,9171,77040000,66723
8,2568,77040000,77040100,3669,9171,77070000,66749
8,2569,77070000,77070100,3669,9171,77100000,66774
8,257,7710000,7710100,3669,9171,7740000,6699
8,2570,77100000,77100100,3669,9171,77130000,66802
8,2571,77130000,77130100,3669,9171,77160000,66827
8,2572,77160000,77160100,3669,9171,77190000,66853
8,2573,77190000,77190100,3669,9171,77220000,66880
8,2574,77220000,77220100,3669,9171,77250000,66906
8,2575,77250000,77250100,3669,9171,77280000,66930
8,2576,77280000,77280100,3669,9171,77310000,66957
8,2577,77310000,77310100,3669,9171,77340000,66983
8,2578,77340000,77340100,3669,9171,77370000,67010
8,2579,77370000,77370100,3669,9171,77400000,67035
8,258,7740000,7740100,3669,9171,7770000,6725
8,2580,77400000,77400100,3669,9171,77430000,67061
8,2581,77430000,77430100,3669,9171,77460000,67089
8,2582,77460000,77460100,3669,9171,77490000,67112
8,2583,77490000,77490100,3669,9171,77520000,67138
8,2584,77520000,77520100,3669,9171,77550000,67164
8,2585,77550000,77550100,3669,9171,77580000,67191
8,2586,77580000,77580100,3669,9171,77610000,67219
8,2587,77610000,77610100,3669,9171,77640000,67243
8,2588,77640000,77640100,3669,9171,77670000,67270
8,2589,77670000,77670100,3669,9171,77700000,67294
8,259,7770000,7770100,3669,9171,7800000,6749
8,2590,77700000,77700100,3669,9171,77730000,67321
8,2591,77730000,77730100,3669,9171,77760000,67346
8,2592,77760000,77760100,3669,9171,77790000,67373
8,2593,77790000,77790100,3669,9171,77820000,67399
8,2594,77820000,77820100,3669,9171,77850000,67426
8,2595,77850000,77850100,3669,9171,77880000,67451
8,2596,77880000,77880100,3669,9171,77910000,67476
8,2597,77910000,77910100,3669,9171,77940000,67503
8,2598,77940000,77940100,3669,9171,77970000,67529
8,2599,77970000,77970100,3669,9171,78000000,67554
8,26,780000,780100,3669,9171,810000,698
8,260,7800000,7800100,3669,9171,7830000,6776
8,2600,78000000,78000100,3669,9171,78030000,67581
8,2601,78030000,78030100,3669,9171,78060000,67608
8,2602,78060000,78060100,3669,9171,78090000,67634
8,2603,78090000,78090100,3669,9171,78120000,67658
8,2604,78120000,78120100,3669,9171,78150000,67683
8,2605,78150000,78150100,3669,9171,78180000,67711
8,2606,78180000,78180100,3669,9171,78210000,67737
8,2607,78210000,78210100,3669,9171,78240000,67762
8,2608,78240000,78240100,3669,9171,78270000,67790
8,2609,78270000,78270100,3669,9171,78300000,67815
8,261,7830000,7830100,3669,9171,7860000,6803
8,2610,78300000,78300100,3669,9171,78330000,67841
8,2611,78330000,78330100,3669,9171,78360000,67866
8,2612,78360000,78360100,3669,9171,78390000,67892
8,2613,78390000,78390100,3669,9171,78420000,67919
8,2614,78420000,78420100,3669,9171,78450000,67945
8,2615,78450000,78450100,3669,9171,78480000,67970
8,2616,78480000,78480100,3669,9171,78510000,67998
8,2617,78510000,78510100,3669,9171,78540000,68021
8,2618,78540000,78540100,3669,9171,78570000,68049
8,2619,78570000,78570100,3669,9171,78600000,68074
8,262,7860000,7860100,3669,9171,7890000,6829
8,2620,78600000,78600100,3669,9171,78630000,68100
8,2621,78630000,78630100,3669,9171,78660000,68128
8,2622,78660000,78660100,3669,9171,78690000,68153
8,2623,78690000,78690100,3669,9171,78720000,68179
8,2624,78720000,78720100,3669,9171,78750000,68203
8,2625,78750000,78750100,3669,9171,78780000,68230
8,2626,78780000,78780100,3669,9171,78810000,68257
8,2627,78810000,78810100,3669,9171,78840000,68282
8,2628,78840000,78840100,3669,9171,78870000,68308
8,2629,78870000,78870100,3669,9171,78900000,68335
8,263,7890000,7890100,3669,9171,7920000,6854
8,2630,78900000,78900100,3669,9171,78930000,68362
8,2631,78930000,78930100,3669,9171,78960000,68385
8,2632,78960000,78960100,3669,9171,78990000,68412
8,2633,78990000,78990100,3669,9171,79020000,68438
8,2634,79020000,79020100,3669,9171,79050000,68465
8,2635,79050000,79050100,3669,9171,79080000,68490
8,2636,79080000,79080100,3669,9171,79110000,68517
8,2637,79110000,79110100,3669,9171,79140000,68543
8,2638,79140000,79140100,3669,9171,79170000,68568
8,2639,79170000,79170100,3669,9171,79200000,68592
8,264,7920000,7920100,3669,9171,7950000,6881
8,2640,79200000,79200100,3669,9171,79230000,68620
8,2641,79230000,79230100,3669,9171,79260000,68647
8,2642,79260000,79260100,3669,9171,79290000,68673
8,2643,79290000,79290100,3669,9171,79320000,68699
8,2644,79320000,79320100,3669,9171,79350000,68724
8,2645,79350000,79350100,3669,9171,79380000,68750
8,2646,79380000,79380100,3669,9171,79410000,68776
8,2647,79410000,79410100,3669,9171,79440000,68801
8,2648,79440000,79440100,3669,9171,79470000,68828
8,2649,79470000,79470100,3669,9171,79500000,68854
8,265,7950000,7950100,3669,9171,7980000,6906
8,2650,79500000,79500100,3669,9171,79530000,68881
8,2651,79530000,79530100,3669,9171,79560000,68907
8,2652,79560000,79560100,3669,9171,79590000,68931
8,2653,79590000,79590100,3669,9171,79620000,68958
8,2654,79620000,79620100,3669,9171,79650000,68984
8,2655,79650000,79650100,3669,9171,79680000,69009
8,2656,79680000,79680100,3669,9171,79710000,69037
8,2657,79710000,79710100,3669,9171,79740000,69062
8,2658,79740000,79740100,3669,9171,79770000,69090
8,2659,79770000,79770100,3669,9171,79800000,69112
8,266,7980000,7980100,3669,9171,8010000,6933
8,2660,79800000,79800100,3669,9171,79830000,69139
8,2661,79830000,79830100,3669,9171,79860000,69166
8,2662,79860000,79860100,3669,9171,79890000,69192
8,2663,79890000,79890100,3669,9171,79920000,69218
8,2664,79920000,79920100,3669,9171,79950000,69244
8,2665,79950000,79950100,3669,9171,79980000,69271
8,2666,79980000,79980100,3669,9171,80010000,69296
8,2667,80010000,80010100,3669,9171,80040000,69321
8,2668,80040000,80040100,3669,9171,80070000,69347
8,2669,80070000,80070100,3669,9171,80100000,69374
8,267,8010000,8010100,3669,9171,8040000,6958
8,2670,80100000,80100100,3669,9171,80130000,69400
8,2671,80130000,80130100,3669,9171,80160000,69426
8,2672,80160000,80160100,3669,9171,80190000,69452
8,2673,80190000,80190100,3669,9171,80220000,69477
8,2674,80220000,80220100,3669,9171,80250000,69504
8,2675,80250000,80250100,3669,9171,80280000,69529
8,2676,80280000,80280100,3669,9171,80310000,69556
8,2677,80310000,80310100,3669,9171,80340000,69582
8,2678,80340000,80340100,3669,9171,80370000,69609
8,2679,80370000,80370100,3669,9171,80400000,69633
8,268,8040000,8040100,3669,9171,8070000,6984
8,2680,80400000,80400100,3669,9171,80430000,69659
8,2681,80430000,80430100,3669,9171,80460000,69685
8,2682,80460000,80460100,3669,9171,80490000,69712
8,2683,80490000,80490100,3669,9171,80520000,69737
8,2684,80520000,80520100,3669,9171,80550000,69763
8,2685,80550000,80550100,3669,9171,80580000,69791
8,2686,80580000,80580100,3669,9171,80610000,69817
8,2687,80610000,80610100,3669,9171,80640000,69840
8,2688,80640000,80640100,3669,9171,80670000,69867
8,2689,80670000,80670100,3669,9171,80700000,69893
8,269,8070000,8070100,3669,9171,8100000,7011
8,2690,80700000,80700100,3669,9171,80730000,69920
8,2691,80730000,80730100,3669,9171,80760000,69946
8,2692,80760000,80760100,3669,9171,80790000,69971
8,2693,80790000,80790100,3669,9171,80820000,69999
8,2694,80820000,80820100,3669,9171,80850000,70022
8,2695,80850000,80850100,3669,9171,80880000,70048
8,2696,80880000,80880100,3669,9171,80910000,70076
8,2697,80910000,80910100,3669,9171,80940000,70101
8,2698,80940000,80940100,3669,9171,80970000,70129
8,2699,80970000,80970100,3669,9171,81000000,70153
8,27,810000,810100,3669,9171,840000,721
8,270,8100000,8100100,3669,9171,8130000,7037
8,2700,81000000,81000100,3669,9171,81030000,70180
8,2701,81030000,81030100,3669,9171,81060000,70205
8,2702,81060000,81060100,3669,9171,81090000,70231
8,2703,81090000,81090100,3669,9171,81120000,70256
8,2704,81120000,81120100,3669,9171,81150000,70283
8,2705,81150000,81150100,3669,9171,81180000,70309
8,2706,81180000,81180100,3669,9171,81210000,70337
8,2707,81210000,81210100,3669,9171,81240000,70362
8,2708,81240000,81240100,3669,9171,81270000,70386
8,2709,81270000,81270100,3669,9171,81300000,70413
8,271,8130000,8130100,3669,9171,8160000,7063
8,2710,81300000,81300100,3669,9171,81330000,70439
8,2711,81330000,81330100,3669,9171,81360000,70465
8,2712,81360000,81360100,3669,9171,81390000,70491
8,2713,81390000,81390100,3669,9171,81420000,70518
8,2714,81420000,81420100,3669,9171,81450000,70544
8,2715,81450000,81450100,3669,9171,81480000,70568
8,2716,81480000,81480100,3669,9171,81510000,70594
8,2717,81510000,81510100,3669,9171,81540000,70621
8,2718,81540000,81540100,3669,9171,81570000,70648
8,2719,81570000,81570100,3669,9171,81600000,70672
8,272,8160000,8160100,3669,9171,8190000,7087
8,2720,81600000,81600100,3669,9171,81630000,70700
8,2721,81630000,81630100,3669,9171,81660000,70726
8,2722,81660000,81660100,3669,9171,81690000,70751
8,2723,81690000,81690100,3669,9171,81720000,70776
8,2724,81720000,81720100,3669,9171,81750000,70802
8,2725,81750000,81750100,3669,9171,81780000,70829
8,2726,81780000,81780100,3669,9171,81810000,70856
8,2727,81810000,81810100,3669,9171,81840000,70880
8,2728,81840000,81840100,3669,9171,81870000,70908
8,2729,81870000,81870100,3669,9171,81900000,70932
8,273,8190000,8190100,3669,9171,8220000,7114
8,2730,81900000,81900100,3669,9171,81930000,70959
8,2731,81930000,81930100,3669,9171,81960000,70985
8,2732,81960000,81960100,3669,9171,81990000,71010
8,2733,81990000,81990100,3669,9171,82020000,71038
8,2734,82020000,82020100,3669,9171,82050000,71063
8,2735,82050000,82050100,3669,9171,82080000,71089
8,2736,82080000,82080100,3669,9171,82110000,71114
8,2737,82110000,82110100,3669,9171,82140000,71140
8,2738,82140000,82140100,3669,9171,82170000,71167
8,2739,82170000,82170100,3669,9171,82200000,71192
8,274,8220000,8220100,3669,9171,8250000,7140
8,2740,82200000,82200100,3669,9171,82230000,71219
8,2741,82230000,82230100,3669,9171,82260000,71246
8,2742,82260000,82260100,3669,9171,82290000,71272
8,2743,82290000,82290100,3669,9171,82320000,71295
8,2744,82320000,82320100,3669,9171,82350000,71322
8,2745,82350000,82350100,3669,9171,82380000,71348
8,2746,82380000,82380100,3669,9171,82410000,71376
8,2747,82410000,82410100,3669,9171,82440000,71400
8,2748,82440000,82440100,3669,9171,82470000,71427
8,2749,82470000,82470100,3669,9171,82500000,71453
8,275,8250000,8250100,3669,9171,8280000,7166
8,2750,82500000,82500100,3669,9171,82530000,71478
8,2751,82530000,82530100,3669,9171,82560000,71504
8,2752,82560000,82560100,3669,9171,82590000,71530
8,2753,82590000,82590100,3669,9171,82620000,71557
8,2754,82620000,82620100,3669,9171,82650000,71583
8,2755,82650000,82650100,3669,9171,82680000,71609
8,2756,82680000,82680100,3669,9171,82710000,71635
8,2757,82710000,82710100,3669,9171,82740000,71660
8,2758,82740000,82740100,3669,9171,82770000,71686
8,2759,82770000,82770100,3669,9171,82800000,71711
8,276,8280000,8280100,3669,9171,8310000,7193
8,2760,82800000,82800100,3669,9171,82830000,71738
8,2761,82830000,82830100,3669,9171,82860000,71765
8,2762,82860000,82860100,3669,9171,82890000,71792
8,2763,82890000,82890100,3669,9171,82920000,71817
8,2764,82920000,82920100,3669,9171,82950000,71841
8,2765,82950000,82950100,3669,9171,82980000,71868
8,2766,82980000,82980100,3669,9171,83010000,71895
8,2767,83010000,83010100,3669,9171,83040000,71919
8,2768,83040000,83040100,3669,9171,83070000,71947
8,2769,83070000,83070100,3669,9171,83100000,71972
8,277,8310000,8310100,3669,9171,8340000,7219
8,2770,83100000,83100100,3669,9171,83130000,72000
8,2771,83130000,83130100,3669,9171,83160000,72023
8,2772,83160000,83160100,3669,9171,83190000,72049
8,2773,83190000,83190100,3669,9171,83220000,72077
8,2774,83220000,83220100,3669,9171,83250000,72102
8,2775,83250000,83250100,3669,9171,83280000,72128
8,2776,83280000,83280100,3669,9171,83310000,72155
8,2777,83310000,83310100,3669,9171,83340000,72181
8,2778,83340000,83340100,3669,9171,83370000,72206
8,2779,83370000,83370100,3669,9171,83400000,72231
8,278,8340000,8340100,3669,9171,8370000,7246
8,2780,83400000,83400100,3669,9171,83430000,72257
8,2781,83430000,83430100,3669,9171,83460000,72285
8,2782,83460000,83460100,3669,9171,83490000,72310
8,2783,83490000,83490100,3669,9171,83520000,72336
8,2784,83520000,83520100,3669,9171,83550000,72363
8,2785,83550000,83550100,3669,9171,83580000,72387
8,2786,83580000,83580100,3669,9171,83610000,72415
8,2787,83610000,83610100,3669,9171,83640000,72439
8,2788,83640000,83640100,3669,9171,83670000,72466
8,2789,83670000,83670100,3669,9171,83700000,72492
8,279,8370000,8370100,3669,9171,8400000,7268
8,2790,83700000,83700100,3669,9171,83730000,72519
8,2791,83730000,83730100,3669,9171,83760000,72544
8,2792,83760000,83760100,3669,9171,83790000,72569
8,2793,83790000,83790100,3669,9171,83820000,72595
8,2794,83820000,83820100,3669,9171,83850000,72622
8,2795,83850000,83850100,3669,9171,83880000,72648
8,2796,83880000,83880100,3669,9171,83910000,72674
8,2797,83910000,83910100,3669,9171,83940000,72701
8,2798,83940000,83940100,3669,9171,83970000,72727
8,2799,83970000,83970100,3669,9171,84000000,72750
8,28,840000,840100,3669,9171,870000,747
8,280,8400000,8400100,3669,9171,8430000,7296
8,2800,84000000,84000100,3669,9171,84030000,72777
8,2801,84030000,84030100,3669,9171,84060000,72804
8,2802,84060000,84060100,3669,9171,84090000,72830
8,2803,84090000,84090100,3669,9171,84120000,72856
8,2804,84120000,84120100,3669,9171,84150000,72881
8,2805,84150000,84150100,3669,9171,84180000,72909
8,2806,84180000,84180100,3669,9171,84210000,72934
8,2807,84210000,84210100,3669,9171,84240000,72958
8,2808,84240000,84240100,3669,9171,84270000,72986
8,2809,84270000,84270100,3669,9171,84300000,73011
8,281,8430000,8430100,3669,9171,8460000,7322
8,2810,84300000,84300100,3669,9171,84330000,73039
8,2811,84330000,84330100,3669,9171,84360000,73064
8,2812,84360000,84360100,3669,9171,84390000,73090
8,2813,84390000,84390100,3669,9171,84420000,73115
8,2814,84420000,84420100,3669,9171,84450000,73141
8,2815,84450000,84450100,3669,9171,84480000,73166
8,2816,84480000,84480100,3669,9171,84510000,73194
8,2817,84510000,84510100,3669,9171,84540000,73220
8,2818,84540000,84540100,3669,9171,84570000,73247
8,2819,84570000,84570100,3669,9171,84600000,73272
8,282,8460000,8460100,3669,9171,8490000,7349
8,2820,84600000,84600100,3669,9171,84630000,73296
8,2821,84630000,84630100,3669,9171,84660000,73324
8,2822,84660000,84660100,3669,9171,84690000,73349
8,2823,84690000,84690100,3669,9171,84720000,73375
8,2824,84720000,84720100,3669,9171,84750000,73401
8,2825,84750000,84750100,3669,9171,84780000,73428
8,2826,84780000,84780100,3669,9171,84810000,73455
8,2827,84810000,84810100,3669,9171,84840000,73478
8,2828,84840000,84840100,3669,9171,84870000,73505
8,2829,84870000,84870100,3669,9171,84900000,73531
8,283,8490000,8490100,3669,9171,8520000,7374
8,2830,84900000,84900100,3669,9171,84930000,73558
8,2831,84930000,84930100,3669,9171,84960000,73583
8,2832,84960000,84960100,3669,9171,84990000,73610
8,2833,84990000,84990100,3669,9171,85020000,73636
8,2834,85020000,85020100,3669,9171,85050000,73661
8,2835,85050000,85050100,3669,9171,85080000,73686
8,2836,85080000,85080100,3669,9171,85110000,73713
8,2837,85110000,85110100,3669,9171,85140000,73739
8,2838,85140000,85140100,3669,9171,85170000,73766
8,2839,85170000,85170100,3669,9171,85200000,73791
8,284,8520000,8520100,3669,9171,8550000,7400
8,2840,85200000,85200100,3669,9171,85230000,73818
8,2841,85230000,85230100,3669,9171,85260000,73843
8,2842,85260000,85260100,3669,9171,85290000,73869
8,2843,85290000,85290100,3669,9171,85320000,73895
8,2844,85320000,85320100,3669,9171,85350000,73920
8,2845,85350000,85350100,3669,9171,85380000,73948
8,2846,85380000,85380100,3669,9171,85410000,73974
8,2847,85410000,85410100,3669,9171,85440000,73999
8,2848,85440000,85440100,3669,9171,85470000,74024
8,2849,85470000,85470100,3669,9171,85500000,74050
8,285,8550000,8550100,3669,9171,8580000,7427
8,2850,85500000,85500100,3669,9171,85530000,74078
8,2851,85530000,85530100,3669,9171,85560000,74103
8,2852,85560000,85560100,3669,9171,85590000,74129
8,2853,85590000,85590100,3669,9171,85620000,74156
8,2854,85620000,85620100,3669,9171,85650000,74182
8,2855,85650000,85650100,3669,9171,85680000,74205
8,2856,85680000,85680100,3669,9171,85710000,74233
8,2857,85710000,85710100,3669,9171,85740000,74258
8,2858,85740000,85740100,3669,9171,85770000,74286
8,2859,85770000,85770100,3669,9171,85800000,74310
8,286,8580000,8580100,3669,9171,8610000,7452
8,2860,85800000,85800100,3669,9171,85830000,74337
8,2861,85830000,85830100,3669,9171,85860000,74365
8,2862,85860000,85860100,3669,9171,85890000,74388
8,2863,85890000,85890100,3669,9171,85920000,74414
8,2864,85920000,85920100,3669,9171,85950000,74440
8,2865,85950000,85950100,3669,9171,85980000,74467
8,2866,85980000,85980100,3669,9171,86010000,74494
8,2867,86010000,86010100,3669,9171,86040000,74519
8,2868,86040000,86040100,3669,9171,86070000,74545
8,2869,86070000,86070100,3669,9171,86100000,74570
8,287,8610000,8610100,3669,9171,8640000,7477
8,2870,86100000,86100100,3669,9171,86130000,74596
8,2871,86130000,86130100,3669,9171,86160000,74622
8,2872,86160000,86160100,3669,9171,86190000,74649
8,2873,86190000,86190100,3669,9171,86220000,74675
8,2874,86220000,86220100,3669,9171,86250000,74702
8,2875,86250000,86250100,3669,9171,86280000,74727
8,2876,86280000,86280100,3669,9171,86310000,74752
8,2877,86310000,86310100,3669,9171,86340000,74778
8,2878,86340000,86340100,3669,9171,86370000,74805
8,2879,86370000,86370100,3669,9171,86400000,74829
8,288,8640000,8640100,3669,9171,8670000,7504
8,2880,86400000,86400100,3669,9171,86430000,74857
8,2881,86430000,86430100,3669,9171,86460000,74883
8,2882,86460000,86460100,3669,9171,86490000,74910
8,2883,86490000,86490100,3669,9171,86520000,74934
8,2884,86520000,86520100,3669,9171,86550000,74959
8,2885,86550000,86550100,3669,9171,86580000,74987
8,2886,86580000,86580100,3669,9171,86610000,75013
8,2887,86610000,86610100,3669,9171,86640000,75038
8,2888,86640000,86640100,3669,9171,86670000,75065
8,2889,86670000,86670100,3669,9171,86700000,75091
8,289,8670000,8670100,3669,9171,8700000,7530
8,2890,86700000,86700100,3669,9171,86730000,75116
8,2891,86730000,86730100,3669,9171,86760000,75142
8,2892,86760000,86760100,3669,9171,86790000,75167
8,2893,86790000,86790100,3669,9171,86820000,75195
8,2894,86820000,86820100,3669,9171,86850000,75221
8,2895,86850000,86850100,3669,9171,86880000,75246
8,2896,86880000,86880100,3669,9171,86910000,75274
8,2897,86910000,86910100,3669,9171,86940000,75297
8,2898,86940000,86940100,3669,9171,86970000,75325
8,2899,86970000,86970100,3669,9171,87000000,75349
8,29,870000,870100,3669,9171,900000,774
8,290,8700000,8700100,3669,9171,8730000,7557
8,2900,87000000,87000100,3669,9171,87030000,75376
8,2901,87030000,87030100,3669,9171,87060000,75403
8,2902,87060000,87060100,3669,9171,87090000,75429
8,2903,87090000,87090100,3669,9171,87120000,75454
8,2904,87120000,87120100,3669,9171,87150000,75479
8,2905,87150000,87150100,3669,9171,87180000,75506
8,2906,87180000,87180100,3669,9171,87210000,75533
8,2907,87210000,87210100,3669,9171,87240000,75558
8,2908,87240000,87240100,3669,9171,87270000,75584
8,2909,87270000,87270100,3669,9171,87300000,75611
8,291,8730000,8730100,3669,9171,8760000,7583
8,2910,87300000,87300100,3669,9171,87330000,75637
8,2911,87330000,87330100,3669,9171,87360000,75661
8,2912,87360000,87360100,3669,9171,87390000,75687
8,2913,87390000,87390100,3669,9171,87420000,75714
8,2914,87420000,87420100,3669,9171,87450000,75740
8,2915,87450000,87450100,3669,9171,87480000,75766
8,2916,87480000,87480100,3669,9171,87510000,75793
8,2917,87510000,87510100,3669,9171,87540000,75819
8,2918,87540000,87540100,3669,9171,87570000,75844
8,2919,87570000,87570100,3669,9171,87600000,75868
8,292,8760000,8760100,3669,9171,8790000,7608
8,2920,87600000,87600100,3669,9171,87630000,75896
8,2921,87630000,87630100,3669,9171,87660000,75922
8,2922,87660000,87660100,3669,9171,87690000,75949
8,2923,87690000,87690100,3669,9171,87720000,75974
8,2924,87720000,87720100,3669,9171,87750000,76000
8,2925,87750000,87750100,3669,9171,87780000,76025
8,2926,87780000,87780100,3669,9171,87810000,76052
8,2927,87810000,87810100,3669,9171,87840000,76077
8,2928,87840000,87840100,3669,9171,87870000,76104
8,2929,87870000,87870100,3669,9171,87900000,76130
8,293,8790000,8790100,3669,9171,8820000,7634
8,2930,87900000,87900100,3669,9171,87930000,76157
8,2931,87930000,87930100,3669,9171,87960000,76183
8,2932,87960000,87960100,3669,9171,87990000,76206
8,2933,87990000,87990100,3669,9171,88020000,76234
8,2934,88020000,88020100,3669,9171,88050000,76259
8,2935,88050000,88050100,3669,9171,88080000,76285
8,2936,88080000,88080100,3669,9171,88110000,76312
8,2937,88110000,88110100,3669,9171,88140000,76338
8,2938,88140000,88140100,3669,9171,88170000,76366
8,2939,88170000,88170100,3669,9171,88200000,76388
8,294,8820000,8820100,3669,9171,8850000,7659
8,2940,88200000,88200100,3669,9171,88230000,76415
8,2941,88230000,88230100,3669,9171,88260000,76442
8,2942,88260000,88260100,3669,9171,88290000,76468
8,2943,88290000,88290100,3669,9171,88320000,76493
8,2944,88320000,88320100,3669,9171,88350000,76520
8,2945,88350000,88350100,3669,9171,88380000,76546
8,2946,88380000,88380100,3669,9171,88410000,76572
8,2947,88410000,88410100,3669,9171,88440000,76596
8,2948,88440000,88440100,3669,9171,88470000,76623
8,2949,88470000,88470100,3669,9171,88500000,76650
8,295,8850000,8850100,3669,9171,8880000,7685
8,2950,88500000,88500100,3669,9171,88530000,76676
8,2951,88530000,88530100,3669,9171,88560000,76702
8,2952,88560000,88560100,3669,9171,88590000,76728
8,2953,88590000,88590100,3669,9171,88620000,76753
8,2954,88620000,88620100,3669,9171,88650000,76779
8,2955,88650000,88650100,3669,9171,88680000,76805
8,2956,88680000,88680100,3669,9171,88710000,76831
8,2957,88710000,88710100,3669,9171,88740000,76858
8,2958,88740000,88740100,3669,9171,88770000,76884
8,2959,88770000,88770100,3669,9171,88800000,76909
8,296,8880000,8880100,3669,9171,8910000,7712
8,2960,88800000,88800100,3669,9171,88830000,76935
8,2961,88830000,88830100,3669,9171,88860000,76961
8,2962,88860000,88860100,3669,9171,88890000,76988
8,2963,88890000,88890100,3669,9171,88920000,77013
8,2964,88920000,88920100,3669,9171,88950000,77039
8,2965,88950000,88950100,3669,9171,88980000,77066
8,2966,88980000,88980100,3669,9171,89010000,77093
8,2967,89010000,89010100,3669,9171,89040000,77115
8,2968,89040000,89040100,3669,9171,89070000,77143
8,2969,89070000,89070100,3669,9171,89100000,77168
8,297,8910000,8910100,3669,9171,8940000,7738
8,2970,89100000,89100100,3669,9171,89130000,77196
8,2971,89130000,89130100,3669,9171,89160000,77222
8,2972,89160000,89160100,3669,9171,89190000,77247
8,2973,89190000,89190100,3669,9171,89220000,77275
8,2974,89220000,89220100,3669,9171,89250000,77298
8,2975,89250000,89250100,3669,9171,89280000,77324
8,2976,89280000,89280100,3669,9171,89310000,77351
8,2977,89310000,89310100,3669,9171,89340000,77377
8,2978,89340000,89340100,3669,9171,89370000,77404
8,2979,89370000,89370100,3669,9171,89400000,77429
8,298,8940000,8940100,3669,9171,8970000,7766
8,2980,89400000,89400100,3669,9171,89430000,77455
8,2981,89430000,89430100,3669,9171,89460000,77481
8,2982,89460000,89460100,3669,9171,89490000,77507
8,2983,89490000,89490100,3669,9171,89520000,77532
8,2984,89520000,89520100,3669,9171,89550000,77559
8,2985,89550000,89550100,3669,9171,89580000,77585
8,2986,89580000,89580100,3669,9171,89610000,77613
8,2987,89610000,89610100,3669,9171,89640000,77637
8,2988,89640000,89640100,3669,9171,89670000,77662
8,2989,89670000,89670100,3669,9171,89700000,77688
8,299,8970000,8970100,3669,9171,9000000,7790
8,2990,89700000,89700100,3669,9171,89730000,77715
8,2991,89730000,89730100,3669,9171,89760000,77740
8,2992,89760000,89760100,3669,9171,89790000,77767
8,2993,89790000,89790100,3669,9171,89820000,77794
8,2994,89820000,89820100,3669,9171,89850000,77820
8,2995,89850000,89850100,3669,9171,89880000,77844
8,2996,89880000,89880100,3669,9171,89910000,77870
8,2997,89910000,89910100,3669,9171,89940000,77897
8,2998,89940000,89940100,3669,9171,89970000,77923
8,2999,89970000,89970100,3669,9171,90000000,77948
8,3,90000,90100,3669,9171,120000,99
8,30,900000,900100,3669,9171,930000,800
8,300,9000000,9000100,3669,9171,9030000,7815
8,3000,90000000,90000100,3669,9171,90030000,77975
8,3001,90030000,90030100,3669,9171,90060000,78002
8,3002,90060000,90060100,3669,9171,90090000,78026
8,3003,90090000,90090100,3669,9171,90120000,78052
8,3004,90120000,90120100,3669,9171,90150000,78078
8,3005,90150000,90150100,3669,9171,90180000,78105
8,3006,90180000,90180100,3669,9171,90210000,78132
8,3007,90210000,90210100,3669,9171,90240000,78156
8,3008,90240000,90240100,3669,9171,90270000,78184
8,3009,90270000,90270100,3669,9171,90300000,78207
8,301,9030000,9030100,3669,9171,9060000,7842
8,3010,90300000,90300100,3669,9171,90330000,78235
8,3011,90330000,90330100,3669,9171,90360000,78260
8,3012,90360000,90360100,3669,9171,90390000,78286
8,3013,90390000,90390100,3669,9171,90420000,78313
8,3014,90420000,90420100,3669,9171,90450000,78339
8,3015,90450000,90450100,3669,9171,90480000,78365
8,3016,90480000,90480100,3669,9171,90510000,78390
8,3017,90510000,90510100,3669,9171,90540000,78416
8,3018,90540000,90540100,3669,9171,90570000,78443
8,3019,90570000,90570100,3669,9171,90600000,78468
8,302,9060000,9060100,3669,9171,9090000,7868
8,3020,90600000,90600100,3669,9171,90630000,78494
8,3021,90630000,90630100,3669,9171,90660000,78522
8,3022,90660000,90660100,3669,9171,90690000,78547
8,3023,90690000,90690100,3669,9171,90720000,78571
8,3024,90720000,90720100,3669,9171,90750000,78597
8,3025,90750000,90750100,3669,9171,90780000,78624
8,3026,90780000,90780100,3669,9171,90810000,78652
8,3027,90810000,90810100,3669,9171,90840000,78676
8,3028,90840000,90840100,3669,9171,90870000,78703
8,3029,90870000,90870100,3669,9171,90900000,78729
8,303,9090000,9090100,3669,9171,9120000,7893
8,3030,90900000,90900100,3669,9171,90930000,78754
8,3031,90930000,90930100,3669,9171,90960000,78779
8,3032,90960000,90960100,3669,9171,90990000,78806
8,3033,90990000,90990100,3669,9171,91020000,78832
8,3034,91020000,91020100,3669,9171,91050000,78859
8,3035,91050000,91050100,3669,9171,91080000,78884
8,3036,91080000,91080100,3669,9171,91110000,78911
8,3037,91110000,91110100,3669,9171,91140000,78936
8,3038,91140000,91140100,3669,9171,91170000,78962
8,3039,91170000,91170100,3669,9171,91200000,78987
8,304,9120000,9120100,3669,9171,9150000,7920
8,3040,91200000,91200100,3669,9171,91230000,79014
8,3041,91230000,91230100,3669,9171,91260000,79041
8,3042,91260000,91260100,3669,9171,91290000,79067
8,3043,91290000,91290100,3669,9171,91320000,79093
8,3044,91320000,91320100,3669,9171,91350000,79116
8,3045,91350000,91350100,3669,9171,91380000,79144
8,3046,91380000,91380100,3669,9171,91410000,79170
8,3047,91410000,91410100,3669,9171,91440000,79195
8,3048,91440000,91440100,3669,9171,91470000,79223
8,3049,91470000,91470100,3669,9171,91500000,79248
8,305,9150000,9150100,3669,9171,9180000,7946
8,3050,91500000,91500100,3669,9171,91530000,79276
8,3051,91530000,91530100,3669,9171,91560000,79299
8,3052,91560000,91560100,3669,9171,91590000,79325
8,3053,91590000,91590100,3669,9171,91620000,79352
8,3054,91620000,91620100,3669,9171,91650000,79378
8,3055,91650000,91650100,3669,9171,91680000,79403
8,3056,91680000,91680100,3669,9171,91710000,79431
8,3057,91710000,91710100,3669,9171,91740000,79456
8,3058,91740000,91740100,3669,9171,91770000,79482
8,3059,91770000,91770100,3669,9171,91800000,79507
8,306,9180000,9180100,3669,9171,9210000,7974
8,3060,91800000,91800100,3669,9171,91830000,79533
8,3061,91830000,91830100,3669,9171,91860000,79561
8,3062,91860000,91860100,3669,9171,91890000,79586
8,3063,91890000,91890100,3669,9171,91920000,79612
8,3064,91920000,91920100,3669,9171,91950000,79638
8,3065,91950000,91950100,3669,9171,91980000,79663
8,3066,91980000,91980100,3669,9171,92010000,79690
8,3067,92010000,92010100,3669,9171,92040000,79715
8,3068,92040000,92040100,3669,9171,92070000,79741
8,3069,92070000,92070100,3669,9171,92100000,79768
8,307,9210000,9210100,3669,9171,9240000,7996
8,3070,92100000,92100100,3669,9171,92130000,79795
8,3071,92130000,92130100,3669,9171,92160000,79820
8,3072,92160000,92160100,3669,9171,92190000,79845
8,3073,92190000,92190100,3669,9171,92220000,79871
8,3074,92220000,92220100,3669,9171,92250000,79898
8,3075,92250000,92250100,3669,9171,92280000,79923
8,3076,92280000,92280100,3669,9171,92310000,79950
8,3077,92310000,92310100,3669,9171,92340000,79976
8,3078,92340000,92340100,3669,9171,92370000,80003
8,3079,92370000,92370100,3669,9171,92400000,80025
8,308,9240000,9240100,3669,9171,9270000,8023
8,309,9270000,9270100,3669,9171,9300000,8050
8,31,930000,930100,3669,9171,960000,826
8,310,9300000,9300100,3669,9171,9330000,8076
8,311,9330000,9330100,3669,9171,9360000,8102
8,312,9360000,9360100,3669,9171,9390000,8128
8,313,9390000,9390100,3669,9171,9420000,8155
8,314,9420000,9420100,3669,9171,9450000,8179
8,315,9450000,9450100,3669,9171,9480000,8205
8,316,9480000,9480100,3669,9171,9510000,8231
8,317,9510000,9510100,3669,9171,9540000,8258
8,318,9540000,9540100,3669,9171,9570000,8284
8,319,9570000,9570100,3669,9171,9600000,8309
8,32,960000,960100,3669,9171,990000,852
8,320,9600000,9600100,3669,9171,9630000,8337
8,321,9630000,9630100,3669,9171,9660000,8361
8,322,9660000,9660100,3669,9171,9690000,8388
8,323,9690000,9690100,3669,9171,9720000,8413
8,324,9720000,9720100,3669,9171,9750000,8439
8,325,9750000,9750100,3669,9171,9780000,8466
8,326,9780000,9780100,3669,9171,9810000,8493
8,327,9810000,9810100,3669,9171,9840000,8517
8,328,9840000,9840100,3669,9171,9870000,8543
8,329,9870000,9870100,3669,9171,9900000,8568
8,33,990000,990100,3669,9171,1020000,879
8,330,9900000,9900100,3669,9171,9930000,8596
8,331,9930000,9930100,3669,9171,9960000,8622
8,332,9960000,9960100,3669,9171,9990000,8647
8,333,9990000,9990100,3669,9171,10020000,8675
8,334,10020000,10020100,3669,9171,10050000,8700
8,335,10050000,10050100,3669,9171,10080000,8724
8,336,10080000,10080100,3669,9171,10110000,8751
8,337,10110000,10110100,3669,9171,10140000,8777
8,338,10140000,10140100,3669,9171,10170000,8804
8,339,10170000,10170100,3669,9171,10200000,8829
8,34,1020000,1020100,3669,9171,1050000,904
8,340,10200000,10200100,3669,9171,10230000,8855
8,341,10230000,10230100,3669,9171,10260000,8883
8,342,10260000,10260100,3669,9171,10290000,8907
8,343,10290000,10290100,3669,9171,10320000,8932
8,344,10320000,10320100,3669,9171,10350000,8959
8,345,10350000,10350100,3669,9171,10380000,8985
8,346,10380000,10380100,3669,9171,10410000,9013
8,347,10410000,10410100,3669,9171,10440000,9037
8,348,10440000,10440100,3669,9171,10470000,9064
8,349,10470000,10470100,3669,9171,10500000,9088
8,35,1050000,1050100,3669,9171,1080000,929
8,350,10500000,10500100,3669,9171,10530000,9115
8,351,10530000,10530100,3669,9171,10560000,9140
8,352,10560000,10560100,3669,9171,10590000,9167
8,353,10590000,10590100,3669,9171,10620000,9194
8,354,10620000,10620100,3669,9171,10650000,9220
8,355,10650000,10650100,3669,9171,10680000,9246
8,356,10680000,10680100,3669,9171,10710000,9270
8,357,10710000,10710100,3669,9171,10740000,9297
8,358,10740000,10740100,3669,9171,10770000,9323
8,359,10770000,10770100,3669,9171,10800000,9348
8,36,1080000,1080100,3669,9171,1110000,956
8,360,10800000,10800100,3669,9171,10830000,9375
8,361,10830000,10830100,3669,9171,10860000,9402
8,362,10860000,10860100,3669,9171,10890000,9428
8,363,10890000,10890100,3669,9171,10920000,9452
8,364,10920000,10920100,3669,9171,10950000,9478
8,365,10950000,10950100,3669,9171,10980000,9505
8,366,10980000,10980100,3669,9171,11010000,9532
8,367,11010000,11010100,3669,9171,11040000,9556
8,368,11040000,11040100,3669,9171,11070000,9584
8,369,11070000,11070100,3669,9171,11100000,9609
8,37,1110000,1110100,3669,9171,1140000,982
8,370,11100000,11100100,3669,9171,11130000,9635
8,371,11130000,11130100,3669,9171,11160000,9660
8,372,11160000,11160100,3669,9171,11190000,9686
8,373,11190000,11190100,3669,9171,11220000,9713
8,374,11220000,11220100,3669,9171,11250000,9739
8,375,11250000,11250100,3669,9171,11280000,9765
8,376,11280000,11280100,3669,9171,11310000,9792
8,377,11310000,11310100,3669,9171,11340000,9816
8,378,11340000,11340100,3669,9171,11370000,9843
8,379,11370000,11370100,3669,9171,11400000,9868
8,38,1140000,1140100,3669,9171,1170000,1009
8,380,11400000,11400100,3669,9171,11430000,9894
8,381,11430000,11430100,3669,9171,11460000,9922
8,382,11460000,11460100,3669,9171,11490000,9947
8,383,11490000,11490100,3669,9171,11520000,9973
8,384,11520000,11520100,3669,9171,11550000,9997
8,385,11550000,11550100,3669,9171,11580000,10024
8,386,11580000,11580100,3669,9171,11610000,10052
8,387,11610000,11610100,3669,9171,11640000,10076
8,388,11640000,11640100,3669,9171,11670000,10103
8,389,11670000,11670100,3669,9171,11700000,10129
8,39,1170000,1170100,3669,9171,1200000,1033
8,390,11700000,11700100,3669,9171,11730000,10156
8,391,11730000,11730100,3669,9171,11760000,10179
8,392,11760000,11760100,3669,9171,11790000,10206
8,393,11790000,11790100,3669,9171,11820000,10232
8,394,11820000,11820100,3669,9171,11850000,10259
8,395,11850000,11850100,3669,9171,11880000,10284
8,396,11880000,11880100,3669,9171,11910000,10311
8,397,11910000,11910100,3669,9171,11940000,10338
8,398,11940000,11940100,3669,9171,11970000,10362
8,399,11970000,11970100,3669,9171,12000000,10387
8,4,120000,120100,3669,9171,150000,124
8,40,1200000,1200100,3669,9171,1230000,1061
8,400,12000000,12000100,3669,9171,12030000,10414
8,401,12030000,12030100,3669,9171,12060000,10441
8,402,12060000,12060100,3669,9171,12090000,10467
8,403,12090000,12090100,3669,9171,12120000,10493
8,404,12120000,12120100,3669,9171,12150000,10518
8,405,12150000,12150100,3669,9171,12180000,10544
8,406,12180000,12180100,3669,9171,12210000,10570
8,407,12210000,12210100,3669,9171,12240000,10595
8,408,12240000,12240100,3669,9171,12270000,10623
8,409,12270000,12270100,3669,9171,12300000,10648
8,41,1230000,1230100,3669,9171,1260000,1085
8,410,12300000,12300100,3669,9171,12330000,10676
8,411,12330000,12330100,3669,9171,12360000,10701
8,412,12360000,12360100,3669,9171,12390000,10725
8,413,12390000,12390100,3669,9171,12420000,10752
8,414,12420000,12420100,3669,9171,12450000,10778
8,415,12450000,12450100,3669,9171,12480000,10803
8,416,12480000,12480100,3669,9171,12510000,10831
8,417,12510000,12510100,3669,9171,12540000,10856
8,418,12540000,12540100,3669,9171,12570000,10884
8,419,12570000,12570100,3669,9171,12600000,10907
8,42,1260000,1260100,3669,9171,1290000,1112
8,420,12600000,12600100,3669,9171,12630000,10933
8,421,12630000,12630100,3669,9171,12660000,10961
8,422,12660000,12660100,3669,9171,12690000,10986
8,423,12690000,12690100,3669,9171,12720000,11012
8,424,12720000,12720100,3669,9171,12750000,11038
8,425,12750000,12750100,3669,9171,12780000,11065
8,426,12780000,12780100,3669,9171,12810000,11090
8,427,12810000,12810100,3669,9171,12840000,11115
8,428,12840000,12840100,3669,9171,12870000,11141
8,429,12870000,12870100,3669,9171,12900000,11168
8,43,1290000,1290100,3669,9171,1320000,1137
8,430,12900000,12900100,3669,9171,12930000,11195
8,431,12930000,12930100,3669,9171,12960000,11220
8,432,12960000,12960100,3669,9171,12990000,11247
8,433,12990000,12990100,3669,9171,13020000,11271
8,434,13020000,13020100,3669,9171,13050000,11298
8,435,13050000,13050100,3669,9171,13080000,11323
8,436,13080000,13080100,3669,9171,13110000,11350
8,437,13110000,13110100,3669,9171,13140000,11376
8,438,13140000,13140100,3669,9171,13170000,11403
8,439,13170000,13170100,3669,9171,13200000,11427
8,44,1320000,1320100,3669,9171,1350000,1163
8,440,13200000,13200100,3669,9171,13230000,11453
8,441,13230000,13230100,3669,9171,13260000,11480
8,442,13260000,13260100,3669,9171,13290000,11506
8,443,13290000,13290100,3669,9171,13320000,11532
8,444,13320000,13320100,3669,9171,13350000,11557
8,445,13350000,13350100,3669,9171,13380000,11585
8,446,13380000,13380100,3669,9171,13410000,11611
8,447,13410000,13410100,3669,9171,13440000,11634
8,448,13440000,13440100,3669,9171,13470000,11661
8,449,13470000,13470100,3669,9171,13500000,11687
8,45,1350000,1350100,3669,9171,1380000,1191
8,450,13500000,13500100,3669,9171,13530000,11714
8,451,13530000,13530100,3669,9171,13560000,11740
8,452,13560000,13560100,3669,9171,13590000,11766
8,453,13590000,13590100,3669,9171,13620000,11793
8,454,13620000,13620100,3669,9171,13650000,11817
8,455,13650000,13650100,3669,9171,13680000,11842
8,456,13680000,13680100,3669,9171,13710000,11870
8,457,13710000,13710100,3669,9171,13740000,11895
8,458,13740000,13740100,3669,9171,13770000,11923
8,459,13770000,13770100,3669,9171,13800000,11947
8,46,1380000,1380100,3669,9171,1410000,1217
8,460,13800000,13800100,3669,9171,13830000,11974
8,461,13830000,13830100,3669,9171,13860000,11999
8,462,13860000,13860100,3669,9171,13890000,12025
8,463,13890000,13890100,3669,9171,13920000,12051
8,464,13920000,13920100,3669,9171,13950000,12077
8,465,13950000,13950100,3669,9171,13980000,12104
8,466,13980000,13980100,3669,9171,14010000,12131
8,467,14010000,14010100,3669,9171,14040000,12156
8,468,14040000,14040100,3669,9171,14070000,12180
8,469,14070000,14070100,3669,9171,14100000,12207
8,47,1410000,1410100,3669,9171,1440000,1242
8,470,14100000,14100100,3669,9171,14130000,12233
8,471,14130000,14130100,3669,9171,14160000,12259
8,472,14160000,14160100,3669,9171,14190000,12285
8,473,14190000,14190100,3669,9171,14220000,12312
8,474,14220000,14220100,3669,9171,14250000,12339
8,475,14250000,14250100,3669,9171,14280000,12362
8,476,14280000,14280100,3669,9171,14310000,12389
8,477,14310000,14310100,3669,9171,14340000,12415
8,478,14340000,14340100,3669,9171,14370000,12442
8,479,14370000,14370100,3669,9171,14400000,12466
8,48,1440000,1440100,3669,9171,1470000,1267
8,480,14400000,14400100,3669,9171,14430000,12494
8,481,14430000,14430100,3669,9171,14460000,12520
8,482,14460000,14460100,3669,9171,14490000,12545
8,483,14490000,14490100,3669,9171,14520000,12570
8,484,14520000,14520100,3669,9171,14550000,12596
8,485,14550000,14550100,3669,9171,14580000,12624
8,486,14580000,14580100,3669,9171,14610000,12650
8,487,14610000,14610100,3669,9171,14640000,12675
8,488,14640000,14640100,3669,9171,14670000,12702
8,489,14670000,14670100,3669,9171,14700000,12726
8,49,1470000,1470100,3669,9171,1500000,1293
8,490,14700000,14700100,3669,9171,14730000,12753
8,491,14730000,14730100,3669,9171,14760000,12779
8,492,14760000,14760100,3669,9171,14790000,12804
8,493,14790000,14790100,3669,9171,14820000,12832
8,494,14820000,14820100,3669,9171,14850000,12857
8,495,14850000,14850100,3669,9171,14880000,12883
8,496,14880000,14880100,3669,9171,14910000,12909
8,497,14910000,14910100,3669,9171,14940000,12934
8,498,14940000,14940100,3669,9171,14970000,12962
8,499,14970000,14970100,3669,9171,15000000,12986
8,5,150000,150100,3669,9171,180000,152
8,50,1500000,1500100,3669,9171,1530000,1320
8,500,15000000,15000100,3669,9171,15030000,13013
8,501,15030000,15030100,3669,9171,15060000,13040
8,502,15060000,15060100,3669,9171,15090000,13066
8,503,15090000,15090100,3669,9171,15120000,13089
8,504,15120000,15120100,3669,9171,15150000,13116
8,505,15150000,15150100,3669,9171,15180000,13142
8,506,15180000,15180100,3669,9171,15210000,13170
8,507,15210000,15210100,3669,9171,15240000,13195
8,508,15240000,15240100,3669,9171,15270000,13221
8,509,15270000,15270100,3669,9171,15300000,13248
8,51,1530000,1530100,3669,9171,1560000,1346
8,510,15300000,15300100,3669,9171,15330000,13272
8,511,15330000,15330100,3669,9171,15360000,13298
8,512,15360000,15360100,3669,9171,15390000,13324
8,513,15390000,15390100,3669,9171,15420000,13351
8,514,15420000,15420100,3669,9171,15450000,13377
8,515,15450000,15450100,3669,9171,15480000,13403
8,516,15480000,15480100,3669,9171,15510000,13429
8,517,15510000,15510100,3669,9171,15540000,13454
8,518,15540000,15540100,3669,9171,15570000,13481
8,519,15570000,15570100,3669,9171,15600000,13505
8,52,1560000,1560100,3669,9171,1590000,1371
8,520,15600000,15600100,3669,9171,15630000,13533
8,521,15630000,15630100,3669,9171,15660000,13559
8,522,15660000,15660100,3669,9171,15690000,13586
8,523,15690000,15690100,3669,9171,15720000,13611
8,524,15720000,15720100,3669,9171,15750000,13635
8,525,15750000,15750100,3669,9171,15780000,13662
8,526,15780000,15780100,3669,9171,15810000,13689
8,527,15810000,15810100,3669,9171,15840000,13713
8,528,15840000,15840100,3669,9171,15870000,13741
8,529,15870000,15870100,3669,9171,15900000,13767
8,53,1590000,1590100,3669,9171,1620000,1399
8,530,15900000,15900100,3669,9171,15930000,13794
8,531,15930000,15930100,3669,9171,15960000,13818
8,532,15960000,15960100,3669,9171,15990000,13843
8,533,15990000,15990100,3669,9171,16020000,13871
8,534,16020000,16020100,3669,9171,16050000,13896
8,535,16050000,16050100,3669,9171,16080000,13922
8,536,16080000,16080100,3669,9171,16110000,13949
8,537,16110000,16110100,3669,9171,16140000,13975
8,538,16140000,16140100,3669,9171,16170000,14000
8,539,16170000,16170100,3669,9171,16200000,14025
8,54,1620000,1620100,3669,9171,1650000,1424
8,540,16200000,16200100,3669,9171,16230000,14052
8,541,16230000,16230100,3669,9171,16260000,14079
8,542,16260000,16260100,3669,9171,16290000,14105
8,543,16290000,16290100,3669,9171,16320000,14130
8,544,16320000,16320100,3669,9171,16350000,14157
8,545,16350000,16350100,3669,9171,16380000,14181
8,546,16380000,16380100,3669,9171,16410000,14209
8,547,16410000,16410100,3669,9171,16440000,14233
8,548,16440000,16440100,3669,9171,16470000,14260
8,549,16470000,16470100,3669,9171,16500000,14286
8,55,1650000,1650100,3669,9171,1680000,1448
8,550,16500000,16500100,3669,9171,16530000,14313
8,551,16530000,16530100,3669,9171,16560000,14339
8,552,16560000,16560100,3669,9171,16590000,14363
8,553,16590000,16590100,3669,9171,16620000,14390
8,554,16620000,16620100,3669,9171,16650000,14416
8,555,16650000,16650100,3669,9171,16680000,14442
8,556,16680000,16680100,3669,9171,16710000,14468
8,557,16710000,16710100,3669,9171,16740000,14495
8,558,16740000,16740100,3669,9171,16770000,14521
8,559,16770000,16770100,3669,9171,16800000,14544
8,56,1680000,1680100,3669,9171,1710000,1476
8,560,16800000,16800100,3669,9171,16830000,14571
8,561,16830000,16830100,3669,9171,16860000,14598
8,562,16860000,16860100,3669,9171,16890000,14625
8,563,16890000,16890100,3669,9171,16920000,14650
8,564,16920000,16920100,3669,9171,16950000,14676
8,565,16950000,16950100,3669,9171,16980000,14703
8,566,16980000,16980100,3669,9171,17010000,14728
8,567,17010000,17010100,3669,9171,17040000,14752
8,568,17040000,17040100,3669,9171,17070000,14780
8,569,17070000,17070100,3669,9171,17100000,14805
8,57,1710000,1710100,3669,9171,1740000,1501
8,570,17100000,17100100,3669,9171,17130000,14833
8,571,17130000,17130100,3669,9171,17160000,14858
8,572,17160000,17160100,3669,9171,17190000,14884
8,573,17190000,17190100,3669,9171,17220000,14910
8,574,17220000,17220100,3669,9171,17250000,14935
8,575,17250000,17250100,3669,9171,17280000,14961
8,576,17280000,17280100,3669,9171,17310000,14988
8,577,17310000,17310100,3669,9171,17340000,15014
8,578,17340000,17340100,3669,9171,17370000,15041
8,579,17370000,17370100,3669,9171,17400000,15066
8,58,1740000,1740100,3669,9171,1770000,1529
8,580,17400000,17400100,3669,9171,17430000,15090
8,581,17430000,17430100,3669,9171,17460000,15118
8,582,17460000,17460100,3669,9171,17490000,15143
8,583,17490000,17490100,3669,9171,17520000,15169
8,584,17520000,17520100,3669,9171,17550000,15196
8,585,17550000,17550100,3669,9171,17580000,15222
8,586,17580000,17580100,3669,9171,17610000,15250
8,587,17610000,17610100,3669,9171,17640000,15272
8,588,17640000,17640100,3669,9171,17670000,15299
8,589,17670000,17670100,3669,9171,17700000,15325
8,59,1770000,1770100,3669,9171,1800000,1553
8,590,17700000,17700100,3669,9171,17730000,15352
8,591,17730000,17730100,3669,9171,17760000,15377
8,592,17760000,17760100,3669,9171,17790000,15404
8,593,17790000,17790100,3669,9171,17820000,15430
8,594,17820000,17820100,3669,9171,17850000,15455
8,595,17850000,17850100,3669,9171,17880000,15481
8,596,17880000,17880100,3669,9171,17910000,15507
8,597,17910000,17910100,3669,9171,17940000,15534
8,598,17940000,17940100,3669,9171,17970000,15560
8,599,17970000,17970100,3669,9171,18000000,15585
8,6,180000,180100,3669,9171,210000,176
8,60,1800000,1800100,3669,9171,1830000,1580
8,600,18000000,18000100,3669,9171,18030000,15612
8,601,18030000,18030100,3669,9171,18060000,15637
8,602,18060000,18060100,3669,9171,18090000,15663
8,603,18090000,18090100,3669,9171,18120000,15689
8,604,18120000,18120100,3669,9171,18150000,15714
8,605,18150000,18150100,3669,9171,18180000,15742
8,606,18180000,18180100,3669,9171,18210000,15769
8,607,18210000,18210100,3669,9171,18240000,15793
8,608,18240000,18240100,3669,9171,18270000,15819
8,609,18270000,18270100,3669,9171,18300000,15844
8,61,1830000,1830100,3669,9171,1860000,1607
8,610,18300000,18300100,3669,9171,18330000,15872
8,611,18330000,18330100,3669,9171,18360000,15897
8,612,18360000,18360100,3669,9171,18390000,15923
8,613,18390000,18390100,3669,9171,18420000,15950
8,614,18420000,18420100,3669,9171,18450000,15976
8,615,18450000,18450100,3669,9171,18480000,15999
8,616,18480000,18480100,3669,9171,18510000,16027
8,617,18510000,18510100,3669,9171,18540000,16053
8,618,18540000,18540100,3669,9171,18570000,16080
8,619,18570000,18570100,3669,9171,18600000,16105
8,62,1860000,1860100,3669,9171,1890000,1631
8,620,18600000,18600100,3669,9171,18630000,16131
8,621,18630000,18630100,3669,9171,18660000,16159
8,622,18660000,18660100,3669,9171,18690000,16182
8,623,18690000,18690100,3669,9171,18720000,16208
8,624,18720000,18720100,3669,9171,18750000,16234
8,625,18750000,18750100,3669,9171,18780000,16261
8,626,18780000,18780100,3669,9171,18810000,16288
8,627,18810000,18810100,3669,9171,18840000,16313
8,628,18840000,18840100,3669,9171,18870000,16340
8,629,18870000,18870100,3669,9171,18900000,16364
8,63,1890000,1890100,3669,9171,1920000,1656
8,630,18900000,18900100,3669,9171,18930000,16391
8,631,18930000,18930100,3669,9171,18960000,16416
8,632,18960000,18960100,3669,9171,18990000,16443
8,633,18990000,18990100,3669,9171,19020000,16469
8,634,19020000,19020100,3669,9171,19050000,16496
8,635,19050000,19050100,3669,9171,19080000,16521
8,636,19080000,19080100,3669,9171,19110000,16546
8,637,19110000,19110100,3669,9171,19140000,16572
8,638,19140000,19140100,3669,9171,19170000,16599
8,639,19170000,19170100,3669,9171,19200000,16624
8,64,1920000,1920100,3669,9171,1950000,1683
8,640,19200000,19200100,3669,9171,19230000,16651
8,641,19230000,19230100,3669,9171,19260000,16678
8,642,19260000,19260100,3669,9171,19290000,16704
8,643,19290000,19290100,3669,9171,19320000,16728
8,644,19320000,19320100,3669,9171,19350000,16753
8,645,19350000,19350100,3669,9171,19380000,16781
8,646,19380000,19380100,3669,9171,19410000,16807
8,647,19410000,19410100,3669,9171,19440000,16832
8,648,19440000,19440100,3669,9171,19470000,16859
8,649,19470000,19470100,3669,9171,19500000,16885
8,65,1950000,1950100,3669,9171,1980000,1709
8,650,19500000,19500100,3669,9171,19530000,16911
8,651,19530000,19530100,3669,9171,19560000,16936
8,652,19560000,19560100,3669,9171,19590000,16962
8,653,19590000,19590100,3669,9171,19620000,16989
8,654,19620000,19620100,3669,9171,19650000,17015
8,655,19650000,19650100,3669,9171,19680000,17040
8,656,19680000,19680100,3669,9171,19710000,17068
8,657,19710000,19710100,3669,9171,19740000,17091
8,658,19740000,19740100,3669,9171,19770000,17119
8,659,19770000,19770100,3669,9171,19800000,17143
8,66,1980000,1980100,3669,9171,2010000,1737
8,660,19800000,19800100,3669,9171,19830000,17170
8,661,19830000,19830100,3669,9171,19860000,17198
8,662,19860000,19860100,3669,9171,19890000,17223
8,663,19890000,19890100,3669,9171,19920000,17249
8,664,19920000,19920100,3669,9171,19950000,17273
8,665,19950000,19950100,3669,9171,19980000,17300
8,666,19980000,19980100,3669,9171,20010000,17327
8,667,20010000,20010100,3669,9171,20040000,17352
8,668,20040000,20040100,3669,9171,20070000,17378
8,669,20070000,20070100,3669,9171,20100000,17405
8,67,2010000,2010100,3669,9171,2040000,1762
8,670,20100000,20100100,3669,9171,20130000,17431
8,671,20130000,20130100,3669,9171,20160000,17455
8,672,20160000,20160100,3669,9171,20190000,17482
8,673,20190000,20190100,3669,9171,20220000,17508
8,674,20220000,20220100,3669,9171,20250000,17535
8,675,20250000,20250100,3669,9171,20280000,17560
8,676,20280000,20280100,3669,9171,20310000,17587
8,677,20310000,20310100,3669,9171,20340000,17613
8,678,20340000,20340100,3669,9171,20370000,17638
8,679,20370000,20370100,3669,9171,20400000,17662
8,68,2040000,2040100,3669,9171,2070000,1788
8,680,20400000,20400100,3669,9171,20430000,17690
8,681,20430000,20430100,3669,9171,20460000,17716
8,682,20460000,20460100,3669,9171,20490000,17743
8,683,20490000,20490100,3669,9171,20520000,17769
8,684,20520000,20520100,3669,9171,20550000,17794
8,685,20550000,20550100,3669,9171,20580000,17820
8,686,20580000,20580100,3669,9171,20610000,17846
8,687,20610000,20610100,3669,9171,20640000,17871
8,688,20640000,20640100,3669,9171,20670000,17898
8,689,20670000,20670100,3669,9171,20700000,17924
8,69,2070000,2070100,3669,9171,2100000,1813
8,690,20700000,20700100,3669,9171,20730000,17951
8,691,20730000,20730100,3669,9171,20760000,17977
8,692,20760000,20760100,3669,9171,20790000,18000
8,693,20790000,20790100,3669,9171,20820000,18028
8,694,20820000,20820100,3669,9171,20850000,18054
8,695,20850000,20850100,3669,9171,20880000,18079
8,696,20880000,20880100,3669,9171,20910000,18107
8,697,20910000,20910100,3669,9171,20940000,18132
8,698,20940000,20940100,3669,9171,20970000,18160
8,699,20970000,20970100,3669,9171,21000000,18182
8,7,210000,210100,3669,9171,240000,201
8,70,2100000,2100100,3669,9171,2130000,1839
8,700,21000000,21000100,3669,9171,21030000,18209
8,701,21030000,21030100,3669,9171,21060000,18236
8,702,21060000,21060100,3669,9171,21090000,18262
8,703,21090000,21090100,3669,9171,21120000,18287
8,704,21120000,21120100,3669,9171,21150000,18314
8,705,21150000,21150100,3669,9171,21180000,18341
8,706,21180000,21180100,3669,9171,21210000,18366
8,707,21210000,21210100,3669,9171,21240000,18391
8,708,21240000,21240100,3669,9171,21270000,18417
8,709,21270000,21270100,3669,9171,21300000,18444
8,71,2130000,2130100,3669,9171,2160000,1865
8,710,21300000,21300100,3669,9171,21330000,18470
8,711,21330000,21330100,3669,9171,21360000,18496
8,712,21360000,21360100,3669,9171,21390000,18522
8,713,21390000,21390100,3669,9171,21420000,18547
8,714,21420000,21420100,3669,9171,21450000,18573
8,715,21450000,21450100,3669,9171,21480000,18599
8,716,21480000,21480100,3669,9171,21510000,18626
8,717,21510000,21510100,3669,9171,21540000,18652
8,718,21540000,21540100,3669,9171,21570000,18679
8,719,21570000,21570100,3669,9171,21600000,18703
8,72,2160000,2160100,3669,9171,2190000,1891
8,720,21600000,21600100,3669,9171,21630000,18729
8,721,21630000,21630100,3669,9171,21660000,18755
8,722,21660000,21660100,3669,9171,21690000,18782
8,723,21690000,21690100,3669,9171,21720000,18807
8,724,21720000,21720100,3669,9171,21750000,18833
8,725,21750000,21750100,3669,9171,21780000,18860
8,726,21780000,21780100,3669,9171,21810000,18887
8,727,21810000,21810100,3669,9171,21840000,18910
8,728,21840000,21840100,3669,9171,21870000,18937
8,729,21870000,21870100,3669,9171,21900000,18963
8,73,2190000,2190100,3669,9171,2220000,1918
8,730,21900000,21900100,3669,9171,21930000,18990
8,731,21930000,21930100,3669,9171,21960000,19016
8,732,21960000,21960100,3669,9171,21990000,19041
8,733,21990000,21990100,3669,9171,22020000,19069
8,734,22020000,22020100,3669,9171,22050000,19092
8,735,22050000,22050100,3669,9171,22080000,19118
8,736,22080000,22080100,3669,9171,22110000,19145
8,737,22110000,22110100,3669,9171,22140000,19171
8,738,22140000,22140100,3669,9171,22170000,19199
8,739,22170000,22170100,3669,9171,22200000,19223
8,74,2220000,2220100,3669,9171,2250000,1944
8,740,22200000,22200100,3669,9171,22230000,19250
8,741,22230000,22230100,3669,9171,22260000,19275
8,742,22260000,22260100,3669,9171,22290000,19301
8,743,22290000,22290100,3669,9171,22320000,19326
8,744,22320000,22320100,3669,9171,22350000,19353
8,745,22350000,22350100,3669,9171,22380000,19379
8,746,22380000,22380100,3669,9171,22410000,19407
8,747,22410000,22410100,3669,9171,22440000,19431
8,748,22440000,22440100,3669,9171,22470000,19456
8,749,22470000,22470100,3669,9171,22500000,19483
8,75,2250000,2250100,3669,9171,2280000,1970
8,750,22500000,22500100,3669,9171,22530000,19509
8,751,22530000,22530100,3669,9171,22560000,19535
8,752,22560000,22560100,3669,9171,22590000,19561
8,753,22590000,22590100,3669,9171,22620000,19588
8,754,22620000,22620100,3669,9171,22650000,19614
8,755,22650000,22650100,3669,9171,22680000,19638
8,756,22680000,22680100,3669,9171,22710000,19664
8,757,22710000,22710100,3669,9171,22740000,19691
8,758,22740000,22740100,3669,9171,22770000,19717
8,759,22770000,22770100,3669,9171,22800000,19742
8,76,2280000,2280100,3669,9171,2310000,1994
8,760,22800000,22800100,3669,9171,22830000,19770
8,761,22830000,22830100,3669,9171,22860000,19796
8,762,22860000,22860100,3669,9171,22890000,19821
8,763,22890000,22890100,3669,9171,22920000,19846
8,764,22920000,22920100,3669,9171,22950000,19872
8,765,22950000,22950100,3669,9171,22980000,19899
8,766,22980000,22980100,3669,9171,23010000,19926
8,767,23010000,23010100,3669,9171,23040000,19950
8,768,23040000,23040100,3669,9171,23070000,19978
8,769,23070000,23070100,3669,9171,23100000,20001
8,77,2310000,2310100,3669,9171,2340000,2021
8,770,23100000,23100100,3669,9171,23130000,20029
8,771,23130000,23130100,3669,9171,23160000,20055
8,772,23160000,23160100,3669,9171,23190000,20080
8,773,23190000,23190100,3669,9171,23220000,20108
8,774,23220000,23220100,3669,9171,23250000,20133
8,775,23250000,23250100,3669,9171,23280000,20159
8,776,23280000,23280100,3669,9171,23310000,20184
8,777,23310000,23310100,3669,9171,23340000,20210
8,778,23340000,23340100,3669,9171,23370000,20237
8,779,23370000,23370100,3669,9171,23400000,20262
8,78,2340000,2340100,3669,9171,2370000,2048
8,780,23400000,23400100,3669,9171,23430000,20288
8,781,23430000,23430100,3669,9171,23460000,20316
8,782,23460000,23460100,3669,9171,23490000,20342
8,783,23490000,23490100,3669,9171,23520000,20365
8,784,23520000,23520100,3669,9171,23550000,20392
8,785,23550000,23550100,3669,9171,23580000,20418
8,786,23580000,23580100,3669,9171,23610000,20446
8,787,23610000,23610100,3669,9171,23640000,20470
8,788,23640000,23640100,3669,9171,23670000,20497
8,789,23670000,23670100,3669,9171,23700000,20523
8,79,2370000,2370100,3669,9171,2400000,2072
8,790,23700000,23700100,3669,9171,23730000,20548
8,791,23730000,23730100,3669,9171,23760000,20573
8,792,23760000,23760100,3669,9171,23790000,20600
8,793,23790000,23790100,3669,9171,23820000,20627
8,794,23820000,23820100,3669,9171,23850000,20653
8,795,23850000,23850100,3669,9171,23880000,20679
8,796,23880000,23880100,3669,9171,23910000,20705
8,797,23910000,23910100,3669,9171,23940000,20730
8,798,23940000,23940100,3669,9171,23970000,20756
8,799,23970000,23970100,3669,9171,24000000,20781
8,8,240000,240100,3669,9171,270000,228
8,80,2400000,2400100,3669,9171,2430000,2100
8,800,24000000,24000100,3669,9171,24030000,20808
8,801,24030000,24030100,3669,9171,24060000,20835
8,802,24060000,24060100,3669,9171,24090000,20861
8,803,24090000,24090100,3669,9171,24120000,20887
8,804,24120000,24120100,3669,9171,24150000,20911
8,805,24150000,24150100,3669,9171,24180000,20938
8,806,24180000,24180100,3669,9171,24210000,20965
8,807,24210000,24210100,3669,9171,24240000,20989
8,808,24240000,24240100,3669,9171,24270000,21017
8,809,24270000,24270100,3669,9171,24300000,21042
8,81,2430000,2430100,3669,9171,2460000,2126
8,810,24300000,24300100,3669,9171,24330000,21070
8,811,24330000,24330100,3669,9171,24360000,21093
8,812,24360000,24360100,3669,9171,24390000,21119
8,813,24390000,24390100,3669,9171,24420000,21146
8,814,24420000,24420100,3669,9171,24450000,21172
8,815,24450000,24450100,3669,9171,24480000,21198
8,816,24480000,24480100,3669,9171,24510000,21225
8,817,24510000,24510100,3669,9171,24540000,21251
8,818,24540000,24540100,3669,9171,24570000,21276
8,819,24570000,24570100,3669,9171,24600000,21301
8,82,2460000,2460100,3669,9171,2490000,2153
8,820,24600000,24600100,3669,9171,24630000,21327
8,821,24630000,24630100,3669,9171,24660000,21355
8,822,24660000,24660100,3669,9171,24690000,21380
8,823,24690000,24690100,3669,9171,24720000,21406
8,824,24720000,24720100,3669,9171,24750000,21432
8,825,24750000,24750100,3669,9171,24780000,21457
8,826,24780000,24780100,3669,9171,24810000,21485
8,827,24810000,24810100,3669,9171,24840000,21509
8,828,24840000,24840100,3669,9171,24870000,21536
8,829,24870000,24870100,3669,9171,24900000,21562
8,83,2490000,2490100,3669,9171,2520000,2176
8,830,24900000,24900100,3669,9171,24930000,21589
8,831,24930000,24930100,3669,9171,24960000,21614
8,832,24960000,24960100,3669,9171,24990000,21639
8,833,24990000,24990100,3669,9171,25020000,21665
8,834,25020000,25020100,3669,9171,25050000,21692
8,835,25050000,25050100,3669,9171,25080000,21717
8,836,25080000,25080100,3669,9171,25110000,21744
8,837,25110000,25110100,3669,9171,25140000,21771
8,838,25140000,25140100,3669,9171,25170000,21797
8,839,25170000,25170100,3669,9171,25200000,21820
8,84,2520000,2520100,3669,9171,2550000,2202
8,840,25200000,25200100,3669,9171,25230000,21847
8,841,25230000,25230100,3669,9171,25260000,21874
8,842,25260000,25260100,3669,9171,25290000,21900
8,843,25290000,25290100,3669,9171,25320000,21926
8,844,25320000,25320100,3669,9171,25350000,21951
8,845,25350000,25350100,3669,9171,25380000,21979
8,846,25380000,25380100,3669,9171,25410000,22003
8,847,25410000,25410100,3669,9171,25440000,22028
8,848,25440000,25440100,3669,9171,25470000,22056
8,849,25470000,25470100,3669,9171,25500000,22081
8,85,2550000,2550100,3669,9171,2580000,2229
8,850,25500000,25500100,3669,9171,25530000,22109
8,851,25530000,25530100,3669,9171,25560000,22134
8,852,25560000,25560100,3669,9171,25590000,22160
8,853,25590000,25590100,3669,9171,25620000,22185
8,854,25620000,25620100,3669,9171,25650000,22211
8,855,25650000,25650100,3669,9171,25680000,22236
8,856,25680000,25680100,3669,9171,25710000,22264
8,857,25710000,25710100,3669,9171,25740000,22289
8,858,25740000,25740100,3669,9171,25770000,22317
8,859,25770000,25770100,3669,9171,25800000,22342
8,86,2580000,2580100,3669,9171,2610000,2256
8,860,25800000,25800100,3669,9171,25830000,22366
8,861,25830000,25830100,3669,9171,25860000,22394
8,862,25860000,25860100,3669,9171,25890000,22419
8,863,25890000,25890100,3669,9171,25920000,22445
8,864,25920000,25920100,3669,9171,25950000,22471
8,865,25950000,25950100,3669,9171,25980000,22498
8,866,25980000,25980100,3669,9171,26010000,22525
8,867,26010000,26010100,3669,9171,26040000,22548
8,868,26040000,26040100,3669,9171,26070000,22574
8,869,26070000,26070100,3669,9171,26100000,22601
8,87,2610000,2610100,3669,9171,2640000,2280
8,870,26100000,26100100,3669,9171,26130000,22628
8,871,26130000,26130100,3669,9171,26160000,22653
8,872,26160000,26160100,3669,9171,26190000,22680
8,873,26190000,26190100,3669,9171,26220000,22706
8,874,26220000,26220100,3669,9171,26250000,22731
8,875,26250000,26250100,3669,9171,26280000,22756
8,876,26280000,26280100,3669,9171,26310000,22783
8,877,26310000,26310100,3669,9171,26340000,22809
8,878,26340000,26340100,3669,9171,26370000,22836
8,879,26370000,26370100,3669,9171,26400000,22860
8,88,2640000,2640100,3669,9171,2670000,2308
8,880,26400000,26400100,3669,9171,26430000,22888
8,881,26430000,26430100,3669,9171,26460000,22913
8,882,26460000,26460100,3669,9171,26490000,22939
8,883,26490000,26490100,3669,9171,26520000,22965
8,884,26520000,26520100,3669,9171,26550000,22990
8,885,26550000,26550100,3669,9171,26580000,23018
8,886,26580000,26580100,3669,9171,26610000,23044
8,887,26610000,26610100,3669,9171,26640000,23069
8,888,26640000,26640100,3669,9171,26670000,23094
8,889,26670000,26670100,3669,9171,26700000,23120
8,89,2670000,2670100,3669,9171,2700000,2334
8,890,26700000,26700100,3669,9171,26730000,23147
8,891,26730000,26730100,3669,9171,26760000,23173
8,892,26760000,26760100,3669,9171,26790000,23199
8,893,26790000,26790100,3669,9171,26820000,23226
8,894,26820000,26820100,3669,9171,26850000,23252
8,895,26850000,26850100,3669,9171,26880000,23275
8,896,26880000,26880100,3669,9171,26910000,23303
8,897,26910000,26910100,3669,9171,26940000,23328
8,898,26940000,26940100,3669,9171,26970000,23356
8,899,26970000,26970100,3669,9171,27000000,23380
8,9,270000,270100,3669,9171,300000,254
8,90,2700000,2700100,3669,9171,2730000,2359
8,900,27000000,27000100,3669,9171,27030000,23407
8,901,27030000,27030100,3669,9171,27060000,23434
8,902,27060000,27060100,3669,9171,27090000,23458
8,903,27090000,27090100,3669,9171,27120000,23484
8,904,27120000,27120100,3669,9171,27150000,23510
8,905,27150000,27150100,3669,9171,27180000,23537
8,906,27180000,27180100,3669,9171,27210000,23564
8,907,27210000,27210100,3669,9171,27240000,23589
8,908,27240000,27240100,3669,9171,27270000,23615
8,909,27270000,27270100,3669,9171,27300000,23640
8,91,2730000,2730100,3669,9171,2760000,2385
8,910,27300000,27300100,3669,9171,27330000,23666
8,911,27330000,27330100,3669,9171,27360000,23692
8,912,27360000,27360100,3669,9171,27390000,23718
8,913,27390000,27390100,3669,9171,27420000,23745
8,914,27420000,27420100,3669,9171,27450000,23772
8,915,27450000,27450100,3669,9171,27480000,23797
8,916,27480000,27480100,3669,9171,27510000,23822
8,917,27510000,27510100,3669,9171,27540000,23848
8,918,27540000,27540100,3669,9171,27570000,23875
8,919,27570000,27570100,3669,9171,27600000,23899
8,92,2760000,2760100,3669,9171,2790000,2410
8,920,27600000,27600100,3669,9171,27630000,23927
8,921,27630000,27630100,3669,9171,27660000,23953
8,922,27660000,27660100,3669,9171,27690000,23980
8,923,27690000,27690100,3669,9171,27720000,24003
8,924,27720000,27720100,3669,9171,27750000,24029
8,925,27750000,27750100,3669,9171,27780000,24057
8,926,27780000,27780100,3669,9171,27810000,24083
8,927,27810000,27810100,3669,9171,27840000,24108
8,928,27840000,27840100,3669,9171,27870000,24135
8,929,27870000,27870100,3669,9171,27900000,24161
8,93,2790000,2790100,3669,9171,2820000,2438
8,930,27900000,27900100,3669,9171,27930000,24186
8,931,27930000,27930100,3669,9171,27960000,24212
8,932,27960000,27960100,3669,9171,27990000,24237
8,933,27990000,27990100,3669,9171,28020000,24265
8,934,28020000,28020100,3669,9171,28050000,24290
8,935,28050000,28050100,3669,9171,28080000,24316
8,936,28080000,28080100,3669,9171,28110000,24344
8,937,28110000,28110100,3669,9171,28140000,24367
8,938,28140000,28140100,3669,9171,28170000,24395
8,939,28170000,28170100,3669,9171,28200000,24419
8,94,2820000,2820100,3669,9171,2850000,2463
8,940,28200000,28200100,3669,9171,28230000,24446
8,941,28230000,28230100,3669,9171,28260000,24473
8,942,28260000,28260100,3669,9171,28290000,24499
8,943,28290000,28290100,3669,9171,28320000,24524
8,944,28320000,28320100,3669,9171,28350000,24549
8,945,28350000,28350100,3669,9171,28380000,24575
8,946,28380000,28380100,3669,9171,28410000,24603
8,947,28410000,28410100,3669,9171,28440000,24628
8,948,28440000,28440100,3669,9171,28470000,24654
8,949,28470000,28470100,3669,9171,28500000,24681
8,95,2850000,2850100,3669,9171,2880000,2489
8,950,28500000,28500100,3669,9171,28530000,24707
8,951,28530000,28530100,3669,9171,28560000,24731
8,952,28560000,28560100,3669,9171,28590000,24757
8,953,28590000,28590100,3669,9171,28620000,24784
8,954,28620000,28620100,3669,9171,28650000,24810
8,955,28650000,28650100,3669,9171,28680000,24836
8,956,28680000,28680100,3669,9171,28710000,24862
8,957,28710000,28710100,3669,9171,28740000,24889
8,958,28740000,28740100,3669,9171,28770000,24914
8,959,28770000,28770100,3669,9171,28800000,24938
8,96,2880000,2880100,3669,9171,2910000,2516
8,960,28800000,28800100,3669,9171,28830000,24966
8,961,28830000,28830100,3669,9171,28860000,24992
8,962,28860000,28860100,3669,9171,28890000,25019
8,963,28890000,28890100,3669,9171,28920000,25044
8,964,28920000,28920100,3669,9171,28950000,25070
8,965,28950000,28950100,3669,9171,28980000,25095
8,966,28980000,28980100,3669,9171,29010000,25122
8,967,29010000,29010100,3669,9171,29040000,25146
8,968,29040000,29040100,3669,9171,29070000,25174
8,969,29070000,29070100,3669,9171,29100000,25200
8,97,2910000,2910100,3669,9171,2940000,2540
8,970,29100000,29100100,3669,9171,29130000,25227
8,971,29130000,29130100,3669,9171,29160000,25253
8,972,29160000,29160100,3669,9171,29190000,25276
8,973,29190000,29190100,3669,9171,29220000,25304
8,974,29220000,29220100,3669,9171,29250000,25329
8,975,29250000,29250100,3669,9171,29280000,25355
8,976,29280000,29280100,3669,9171,29310000,25382
8,977,29310000,29310100,3669,9171,29340000,25408
8,978,29340000,29340100,3669,9171,29370000,25435
8,979,29370000,29370100,3669,9171,29400000,25458
8,98,2940000,2940100,3669,9171,2970000,2567
8,980,29400000,29400100,3669,9171,29430000,25485
8,981,29430000,29430100,3669,9171,29460000,25512
8,982,29460000,29460100,3669,9171,29490000,25538
8,983,29490000,29490100,3669,9171,29520000,25563
8,984,29520000,29520100,3669,9171,29550000,25590
8,985,29550000,29550100,3669,9171,29580000,25616
8,986,29580000,29580100,3669,9171,29610000,25642
8,987,29610000,29610100,3669,9171,29640000,25666
8,988,29640000,29640100,3669,9171,29670000,25693
8,989,29670000,29670100,3669,9171,29700000,25719
8,99,2970000,2970100,3669,9171,3000000,2592
8,990,29700000,29700100,3669,9171,29730000,25746
8,991,29730000,29730100,3669,9171,29760000,25772
8,992,29760000,29760100,3669,9171,29790000,25798
8,993,29790000,29790100,3669,9171,29820000,25823
8,994,29820000,29820100,3669,9171,29850000,25849
8,995,29850000,29850100,3669,9171,29880000,25875
8,996,29880000,29880100,3669,9171,29910000,25901
8,997,29910000,29910100,3669,9171,29940000,25928
8,998,29940000,29940100,3669,9171,29970000,25954
8,999,29970000,29970100,3669,9171,30000000,25979
9,0,0,100,6618,16543,35000,21
9,1,35000,35100,6618,16543,70000,55
9,10,350000,350100,6618,16543,385000,323
9,100,3500000,3500100,6618,16543,3535000,3052
9,1000,35000000,35000100,6618,16543,35035000,30334
9,1001,35035000,35035100,6618,16543,35070000,30371
9,1002,35070000,35070100,6618,16543,35105000,30399
9,1003,35105000,35105100,6618,16543,35140000,30431
9,1004,35140000,35140100,6618,16543,35175000,30458
9,1005,35175000,35175100,6618,16543,35210000,30492
9,1006,35210000,35210100,6618,16543,35245000,30518
9,1007,35245000,35245100,6618,16543,35280000,30552
9,1008,35280000,35280100,6618,16543,35315000,30580
9,1009,35315000,35315100,6618,16543,35350000,30612
9,101,3535000,3535100,6618,16543,3570000,3087
9,1010,35350000,35350100,6618,16543,35385000,30640
9,1011,35385000,35385100,6618,16543,35420000,30673
9,1012,35420000,35420100,6618,16543,35455000,30700
9,1013,35455000,35455100,6618,16543,35490000,30735
9,1014,35490000,35490100,6618,16543,35525000,30763
9,1015,35525000,35525100,6618,16543,35560000,30795
9,1016,35560000,35560100,6618,16543,35595000,30821
9,1017,35595000,35595100,6618,16543,35630000,30854
9,1018,35630000,35630100,6618,16543,35665000,30882
9,1019,35665000,35665100,6618,16543,35700000,30917
9,102,3570000,3570100,6618,16543,3605000,3116
9,1020,35700000,35700100,6618,16543,35735000,30943
9,1021,35735000,35735100,6618,16543,35770000,30978
9,1022,35770000,35770100,6618,16543,35805000,31004
9,1023,35805000,35805100,6618,16543,35840000,31036
9,1024,35840000,35840100,6618,16543,35875000,31063
9,1025,35875000,35875100,6618,16543,35910000,31098
9,1026,35910000,35910100,6618,16543,35945000,31126
9,1027,35945000,35945100,6618,16543,35980000,31159
9,1028,35980000,35980100,6618,16543,36015000,31186
9,1029,36015000,36015100,6618,16543,36050000,31218
9,103,3605000,3605100,6618,16543,3640000,3147
9,1030,36050000,36050100,6618,16543,36085000,31247
9,1031,36085000,36085100,6618,16543,36120000,31280
9,1032,36120000,36120100,6618,16543,36155000,31307
9,1033,36155000,36155100,6618,16543,36190000,31340
9,1034,36190000,36190100,6618,16543,36225000,31367
9,1035,36225000,36225100,6618,16543,36260000,31402
9,1036,36260000,36260100,6618,16543,36295000,31426
9,1037,36295000,36295100,6618,16543,36330000,31463
9,1038,36330000,36330100,6618,16543,36365000,31491
9,1039,36365000,36365100,6618,16543,36400000,31521
9,104,3640000,3640100,6618,16543,3675000,3173
9,1040,36400000,36400100,6618,16543,36435000,31549
9,1041,36435000,36435100,6618,16543,36470000,31582
9,1042,36470000,36470100,6618,16543,36505000,31610
9,1043,36505000,36505100,6618,16543,36540000,31644
9,1044,36540000,36540100,6618,16543,36575000,31671
9,1045,36575000,36575100,6618,16543,36610000,31705
9,1046,36610000,36610100,6618,16543,36645000,31732
9,1047,36645000,36645100,6618,16543,36680000,31764
9,1048,36680000,36680100,6618,16543,36715000,31790
9,1049,36715000,36715100,6618,16543,36750000,31826
9,105,3675000,3675100,6618,16543,3710000,3207
9,1050,36750000,36750100,6618,16543,36785000,31853
9,1051,36785000,36785100,6618,16543,36820000,31887
9,1052,36820000,36820100,6618,16543,36855000,31914
9,1053,36855000,36855100,6618,16543,36890000,31946
9,1054,36890000,36890100,6618,16543,36925000,31974
9,1055,36925000,36925100,6618,16543,36960000,32007
9,1056,36960000,36960100,6618,16543,36995000,32034
9,1057,36995000,36995100,6618,16543,37030000,32068
9,1058,37030000,37030100,6618,16543,37065000,32095
9,1059,37065000,37065100,6618,16543,37100000,32128
9,106,3710000,3710100,6618,16543,3745000,3234
9,1060,37100000,37100100,6618,16543,37135000,32155
9,1061,37135000,37135100,6618,16543,37170000,32190
9,1062,37170000,37170100,6618,16543,37205000,32219
9,1063,37205000,37205100,6618,16543,37240000,32250
9,1064,37240000,37240100,6618,16543,37275000,32276
9,1065,37275000,37275100,6618,16543,37310000,32310
9,1066,37310000,37310100,6618,16543,37345000,32336
9,1067,37345000,37345100,6618,16543,37380000,32372
9,1068,37380000,37380100,6618,16543,37415000,32399
9,1069,37415000,37415100,6618,16543,37450000,32432
9,107,3745000,3745100,6618,16543,3780000,3269
9,1070,37450000,37450100,6618,16543,37485000,32459
9,1071,37485000,37485100,6618,16543,37520000,32492
9,1072,37520000,37520100,6618,16543,37555000,32518
9,1073,37555000,37555100,6618,16543,37590000,32553
9,1074,37590000,37590100,6618,16543,37625000,32582
9,1075,37625000,37625100,6618,16543,37660000,32614
9,1076,37660000,37660100,6618,16543,37695000,32641
9,1077,37695000,37695100,6618,16543,37730000,32673
9,1078,37730000,37730100,6618,16543,37765000,32702
9,1079,37765000,37765100,6618,16543,37800000,32735
9,108,3780000,3780100,6618,16543,3815000,3296
9,1080,37800000,37800100,6618,16543,37835000,32761
9,1081,37835000,37835100,6618,16543,37870000,32796
9,1082,37870000,37870100,6618,16543,37905000,32823
9,1083,37905000,37905100,6618,16543,37940000,32856
9,1084,37940000,37940100,6618,16543,37975000,32882
9,1085,37975000,37975100,6618,16543,38010000,32919
9,1086,38010000,38010100,6618,16543,38045000,32945
9,1087,38045000,38045100,6618,16543,38080000,32977
9,1088,38080000,38080100,6618,16543,38115000,33004
9,1089,38115000,38115100,6618,16543,38150000,33036
9,109,3815000,3815100,6618,16543,3850000,3329
9,1090,38150000,38150100,6618,16543,38185000,33065
9,1091,38185000,38185100,6618,16543,38220000,33099
9,1092,38220000,38220100,6618,16543,38255000,33127
9,1093,38255000,38255100,6618,16543,38290000,33160
9,1094,38290000,38290100,6618,16543,38325000,33187
9,1095,38325000,38325100,6618,16543,38360000,33220
9,1096,38360000,38360100,6618,16543,38395000,33245
9,1097,38395000,38395100,6618,16543,38430000,33281
9,1098,38430000,38430100,6618,16543,38465000,33309
9,1099,38465000,38465100,6618,16543,38500000,33341
9,11,385000,385100,6618,16543,420000,359
9,110,3850000,3850100,6618,16543,3885000,3356
9,1100,38500000,38500100,6618,16543,38535000,33368
9,1101,38535000,38535100,6618,16543,38570000,33402
9,1102,38570000,38570100,6618,16543,38605000,33429
9,1103,38605000,38605100,6618,16543,38640000,33462
9,1104,38640000,38640100,6618,16543,38675000,33490
9,1105,38675000,38675100,6618,16543,38710000,33523
9,1106,38710000,38710100,6618,16543,38745000,33550
9,1107,38745000,38745100,6618,16543,38780000,33584
9,1108,38780000,38780100,6618,16543,38815000,33610
9,1109,38815000,38815100,6618,16543,38850000,33645
9,111,3885000,3885100,6618,16543,3920000,3389
9,1110,38850000,38850100,6618,16543,38885000,33673
9,1111,38885000,38885100,6618,16543,38920000,33705
9,1112,38920000,38920100,6618,16543,38955000,33732
9,1113,38955000,38955100,6618,16543,38990000,33764
9,1114,38990000,38990100,6618,16543,39025000,33792
9,1115,39025000,39025100,6618,16543,39060000,33828
9,1116,39060000,39060100,6618,16543,39095000,33853
9,1117,39095000,39095100,6618,16543,39130000,33888
9,1118,39130000,39130100,6618,16543,39165000,33915
9,1119,39165000,39165100,6618,16543,39200000,33946
9,112,3920000,3920100,6618,16543,3955000,3415
9,1120,39200000,39200100,6618,16543,39235000,33973
9,1121,39235000,39235100,6618,16543,39270000,34008
9,1122,39270000,39270100,6618,16543,39305000,34037
9,1123,39305000,39305100,6618,16543,39340000,34069
9,1124,39340000,39340100,6618,16543,39375000,34096
9,1125,39375000,39375100,6618,16543,39410000,34129
9,1126,39410000,39410100,6618,16543,39445000,34157
9,1127,39445000,39445100,6618,16543,39480000,34190
9,1128,39480000,39480100,6618,16543,39515000,34217
9,1129,39515000,39515100,6618,16543,39550000,34251
9,113,3955000,3955100,6618,16543,3990000,3450
9,1130,39550000,39550100,6618,16543,39585000,34277
9,1131,39585000,39585100,6618,16543,39620000,34312
9,1132,39620000,39620100,6618,16543,39655000,34337
9,1133,39655000,39655100,6618,16543,39690000,34373
9,1134,39690000,39690100,6618,16543,39725000,34401
9,1135,39725000,39725100,6618,16543,39760000,34432
9,1136,39760000,39760100,6618,16543,39795000,34459
9,1137,39795000,39795100,6618,16543,39830000,34492
9,1138,39830000,39830100,6618,16543,39865000,34520
9,1139,39865000,39865100,6618,16543,39900000,34554
9,114,3990000,3990100,6618,16543,4025000,3479
9,1140,39900000,39900100,6618,16543,39935000,34582
9,1141,39935000,39935100,6618,16543,39970000,34615
9,1142,39970000,39970100,6618,16543,40005000,34643
9,1143,40005000,40005100,6618,16543,40040000,34674
9,1144,40040000,40040100,6618,16543,40075000,34700
9,1145,40075000,40075100,6618,16543,40110000,34737
9,1146,40110000,40110100,6618,16543,40145000,34763
9,1147,40145000,40145100,6618,16543,40180000,34797
9,1148,40180000,40180100,6618,16543,40215000,34824
9,1149,40215000,40215100,6618,16543,40250000,34856
9,115,4025000,4025100,6618,16543,4060000,3511
9,1150,40250000,40250100,6618,16543,40285000,34884
9,1151,40285000,40285100,6618,16543,40320000,34918
9,1152,40320000,40320100,6618,16543,40355000,34945
9,1153,40355000,40355100,6618,16543,40390000,34978
9,1154,40390000,40390100,6618,16543,40425000,35005
9,1155,40425000,40425100,6618,16543,40460000,35039
9,1156,40460000,40460100,6618,16543,40495000,35065
9,1157,40495000,40495100,6618,16543,40530000,35100
9,1158,40530000,40530100,6618,16543,40565000,35129
9,1159,40565000,40565100,6618,16543,40600000,35160
9,116,4060000,4060100,6618,16543,4095000,3538
9,1160,40600000,40600100,6618,16543,40635000,35186
9,1161,40635000,40635100,6618,16543,40670000,35220
9,1162,40670000,40670100,6618,16543,40705000,35248
9,1163,40705000,40705100,6618,16543,40740000,35282
9,1164,40740000,40740100,6618,16543,40775000,35309
9,1165,40775000,40775100,6618,16543,40810000,35343
9,1166,40810000,40810100,6618,16543,40845000,35369
9,1167,40845000,40845100,6618,16543,40880000,35402
9,1168,40880000,40880100,6618,16543,40915000,35428
9,1169,40915000,40915100,6618,16543,40950000,35463
9,117,4095000,4095100,6618,16543,4130000,3571
9,1170,40950000,40950100,6618,16543,40985000,35492
9,1171,40985000,40985100,6618,16543,41020000,35524
9,1172,41020000,41020100,6618,16543,41055000,35552
9,1173,41055000,41055100,6618,16543,41090000,35584
9,1174,41090000,41090100,6618,16543,41125000,35612
9,1175,41125000,41125100,6618,16543,41160000,35646
9,1176,41160000,41160100,6618,16543,41195000,35671
9,1177,41195000,41195100,6618,16543,41230000,35706
9,1178,41230000,41230100,6618,16543,41265000,35733
9,1179,41265000,41265100,6618,16543,41300000,35766
9,118,4130000,4130100,6618,16543,4165000,3599
9,1180,41300000,41300100,6618,16543,41335000,35792
9,1181,41335000,41335100,6618,16543,41370000,35829
9,1182,41370000,41370100,6618,16543,41405000,35856
9,1183,41405000,41405100,6618,16543,41440000,35887
9,1184,41440000,41440100,6618,16543,41475000,35915
9,1185,41475000,41475100,6618,16543,41510000,35947
9,1186,41510000,41510100,6618,16543,41545000,35975
9,1187,41545000,41545100,6618,16543,41580000,36009
9,1188,41580000,41580100,6618,16543,41615000,36037
9,1189,41615000,41615100,6618,16543,41650000,36070
9,119,4165000,4165100,6618,16543,4200000,3632
9,1190,41650000,41650100,6618,16543,41685000,36097
9,1191,41685000,41685100,6618,16543,41720000,36130
9,1192,41720000,41720100,6618,16543,41755000,36156
9,1193,41755000,41755100,6618,16543,41790000,36191
9,1194,41790000,41790100,6618,16543,41825000,36219
9,1195,41825000,41825100,6618,16543,41860000,36253
9,1196,41860000,41860100,6618,16543,41895000,36278
9,1197,41895000,41895100,6618,16543,41930000,36312
9,1198,41930000,41930100,6618,16543,41965000,36339
9,1199,41965000,41965100,6618,16543,42000000,36372
9,12,420000,420100,6618,16543,455000,386
9,120,4200000,4200100,6618,16543,4235000,3658
9,1200,42000000,42000100,6618,16543,42035000,36400
9,1201,42035000,42035100,6618,16543,42070000,36433
9,1202,42070000,42070100,6618,16543,42105000,36461
9,1203,42105000,42105100,6618,16543,42140000,36494
9,1204,42140000,42140100,6618,16543,42175000,36520
9,1205,42175000,42175100,6618,16543,42210000,36556
9,1206,42210000,42210100,6618,16543,42245000,36584
9,1207,42245000,42245100,6618,16543,42280000,36615
9,1208,42280000,42280100,6618,16543,42315000,36642
9,1209,42315000,42315100,6618,16543,42350000,36674
9,121,4235000,4235100,6618,16543,4270000,3693
9,1210,42350000,42350100,6618,16543,42385000,36702
9,1211,42385000,42385100,6618,16543,42420000,36738
9,1212,42420000,42420100,6618,16543,42455000,36764
9,1213,42455000,42455100,6618,16543,42490000,36798
9,1214,42490000,42490100,6618,16543,42525000,36825
9,1215,42525000,42525100,6618,16543,42560000,36857
9,1216,42560000,42560100,6618,16543,42595000,36883
9,1217,42595000,42595100,6618,16543,42630000,36919
9,1218,42630000,42630100,6618,16543,42665000,36947
9,1219,42665000,42665100,6618,16543,42700000,36979
9,122,4270000,4270100,6618,16543,4305000,3720
9,1220,42700000,42700100,6618,16543,42735000,37006
9,1221,42735000,42735100,6618,16543,42770000,37039
9,1222,42770000,42770100,6618,16543,42805000,37068
9,1223,42805000,42805100,6618,16543,42840000,37100
9,1224,42840000,42840100,6618,16543,42875000,37127
9,1225,42875000,42875100,6618,16543,42910000,37162
9,1226,42910000,42910100,6618,16543,42945000,37187
9,1227,42945000,42945100,6618,16543,42980000,37222
9,1228,42980000,42980100,6618,16543,43015000,37248
9,1229,43015000,43015100,6618,16543,43050000,37283
9,123,4305000,4305100,6618,16543,4340000,3753
9,1230,43050000,43050100,6618,16543,43085000,37311
9,1231,43085000,43085100,6618,16543,43120000,37342
9,1232,43120000,43120100,6618,16543,43155000,37370
9,1233,43155000,43155100,6618,16543,43190000,37402
9,1234,43190000,43190100,6618,16543,43225000,37430
9,1235,43225000,43225100,6618,16543,43260000,37465
9,1236,43260000,43260100,6618,16543,43295000,37492
9,1237,43295000,43295100,6618,16543,43330000,37525
9,1238,43330000,43330100,6618,16543,43365000,37553
9,1239,43365000,43365100,6618,16543,43400000,37585
9,124,4340000,4340100,6618,16543,4375000,3779
9,1240,43400000,43400100,6618,16543,43435000,37610
9,1241,43435000,43435100,6618,16543,43470000,37647
9,1242,43470000,43470100,6618,16543,43505000,37674
9,1243,43505000,43505100,6618,16543,43540000,37707
9,1244,43540000,43540100,6618,16543,43575000,37734
9,1245,43575000,43575100,6618,16543,43610000,37767
9,1246,43610000,43610100,6618,16543,43645000,37794
9,1247,43645000,43645100,6618,16543,43680000,37828
9,1248,43680000,43680100,6618,16543,43715000,37855
9,1249,43715000,43715100,6618,16543,43750000,37888
9,125,4375000,4375100,6618,16543,4410000,3816
9,1250,43750000,43750100,6618,16543,43785000,37916
9,1251,43785000,43785100,6618,16543,43820000,37949
9,1252,43820000,43820100,6618,16543,43855000,37976
9,1253,43855000,43855100,6618,16543,43890000,38010
9,1254,43890000,43890100,6618,16543,43925000,38039
9,1255,43925000,43925100,6618,16543,43960000,38071
9,1256,43960000,43960100,6618,16543,43995000,38096
9,1257,43995000,43995100,6618,16543,44030000,38130
9,1258,44030000,44030100,6618,16543,44065000,38158
9,1259,44065000,44065100,6618,16543,44100000,38192
9,126,4410000,4410100,6618,16543,4445000,3842
9,1260,44100000,44100100,6618,16543,44135000,38219
9,1261,44135000,44135100,6618,16543,44170000,38254
9,1262,44170000,44170100,6618,16543,44205000,38280
9,1263,44205000,44205100,6618,16543,44240000,38312
9,1264,44240000,44240100,6618,16543,44275000,38338
9,1265,44275000,44275100,6618,16543,44310000,38374
9,1266,44310000,44310100,6618,16543,44345000,38402
9,1267,44345000,44345100,6618,16543,44380000,38434
9,1268,44380000,44380100,6618,16543,44415000,38462
9,1269,44415000,44415100,6618,16543,44450000,38494
9,127,4445000,4445100,6618,16543,4480000,3874
9,1270,44450000,44450100,6618,16543,44485000,38522
9,1271,44485000,44485100,6618,16543,44520000,38556
9,1272,44520000,44520100,6618,16543,44555000,38583
9,1273,44555000,44555100,6618,16543,44590000,38616
9,1274,44590000,44590100,6618,16543,44625000,38643
9,1275,44625000,44625100,6618,16543,44660000,38677
9,1276,44660000,44660100,6618,16543,44695000,38702
9,1277,44695000,44695100,6618,16543,44730000,38739
9,1278,44730000,44730100,6618,16543,44765000,38766
9,1279,44765000,44765100,6618,16543,44800000,38797
9,128,4480000,4480100,6618,16543,4515000,3902
9,1280,44800000,44800100,6618,16543,44835000,38825
9,1281,44835000,44835100,6618,16543,44870000,38857
9,1282,44870000,44870100,6618,16543,44905000,38886
9,1283,44905000,44905100,6618,16543,44940000,38920
9,1284,44940000,44940100,6618,16543,44975000,38947
9,1285,44975000,44975100,6618,16543,45010000,38981
9,1286,45010000,45010100,6618,16543,45045000,39007
9,1287,45045000,45045100,6618,16543,45080000,39040
9,1288,45080000,45080100,6618,16543,45115000,39066
9,1289,45115000,45115100,6618,16543,45150000,39101
9,129,4515000,4515100,6618,16543,4550000,3933
9,1290,45150000,45150100,6618,16543,45185000,39129
9,1291,45185000,45185100,6618,16543,45220000,39163
9,1292,45220000,45220100,6618,16543,45255000,39189
9,1293,45255000,45255100,6618,16543,45290000,39222
9,1294,45290000,45290100,6618,16543,45325000,39250
9,1295,45325000,45325100,6618,16543,45360000,39283
9,1296,45360000,45360100,6618,16543,45395000,39310
9,1297,45395000,45395100,6618,16543,45430000,39343
9,1298,45430000,45430100,6618,16543,45465000,39371
9,1299,45465000,45465100,6618,16543,45500000,39404
9,13,455000,455100,6618,16543,490000,419
9,130,4550000,4550100,6618,16543,4585000,3962
9,1300,45500000,45500100,6618,16543,45535000,39430
9,1301,45535000,45535100,6618,16543,45570000,39466
9,1302,45570000,45570100,6618,16543,45605000,39495
9,1303,45605000,45605100,6618,16543,45640000,39525
9,1304,45640000,45640100,6618,16543,45675000,39552
9,1305,45675000,45675100,6618,16543,45710000,39586
9,1306,45710000,45710100,6618,16543,45745000,39612
9,1307,45745000,45745100,6618,16543,45780000,39648
9,1308,45780000,45780100,6618,16543,45815000,39674
9,1309,45815000,45815100,6618,16543,45850000,39708
9,131,4585000,4585100,6618,16543,4620000,3996
9,1310,45850000,45850100,6618,16543,45885000,39735
9,1311,45885000,45885100,6618,16543,45920000,39767
9,1312,45920000,45920100,6618,16543,45955000,39794
9,1313,45955000,45955100,6618,16543,45990000,39829
9,1314,45990000,45990100,6618,16543,46025000,39857
9,1315,46025000,46025100,6618,16543,46060000,39890
9,1316,46060000,46060100,6618,16543,46095000,39917
9,1317,46095000,46095100,6618,16543,46130000,39949
9,1318,46130000,46130100,6618,16543,46165000,39978
9,1319,46165000,46165100,6618,16543,46200000,40010
9,132,4620000,4620100,6618,16543,4655000,4024
9,1320,46200000,46200100,6618,16543,46235000,40037
9,1321,46235000,46235100,6618,16543,46270000,40072
9,1322,46270000,46270100,6618,16543,46305000,40098
9,1323,46305000,46305100,6618,16543,46340000,40132
9,1324,46340000,46340100,6618,16543,46375000,40158
9,1325,46375000,46375100,6618,16543,46410000,40194
9,1326,46410000,46410100,6618,16543,46445000,40221
9,1327,46445000,46445100,6618,16543,46480000,40253
9,1328,46480000,46480100,6618,16543,46515000,40280
9,1329,46515000,46515100,6618,16543,46550000,40312
9,133,4655000,4655100,6618,16543,4690000,4057
9,1330,46550000,46550100,6618,16543,46585000,40340
9,1331,46585000,46585100,6618,16543,46620000,40375
9,1332,46620000,46620100,6618,16543,46655000,40403
9,1333,46655000,46655100,6618,16543,46690000,40435
9,1334,46690000,46690100,6618,16543,46725000,40463
9,1335,46725000,46725100,6618,16543,46760000,40496
9,1336,46760000,46760100,6618,16543,46795000,40520
9,1337,46795000,46795100,6618,16543,46830000,40557
9,1338,46830000,46830100,6618,16543,46865000,40585
9,1339,46865000,46865100,6618,16543,46900000,40617
9,134,4690000,4690100,6618,16543,4725000,4084
9,1340,46900000,46900100,6618,16543,46935000,40644
9,1341,46935000,46935100,6618,16543,46970000,40677
9,1342,46970000,46970100,6618,16543,47005000,40705
9,1343,47005000,47005100,6618,16543,47040000,40738
9,1344,47040000,47040100,6618,16543,47075000,40765
9,1345,47075000,47075100,6618,16543,47110000,40799
9,1346,47110000,47110100,6618,16543,47145000,40826
9,1347,47145000,47145100,6618,16543,47180000,40859
9,1348,47180000,47180100,6618,16543,47215000,40886
9,1349,47215000,47215100,6618,16543,47250000,40921
9,135,4725000,4725100,6618,16543,4760000,4117
9,1350,47250000,47250100,6618,16543,47285000,40949
9,1351,47285000,47285100,6618,16543,47320000,40981
9,1352,47320000,47320100,6618,16543,47355000,41007
9,1353,47355000,47355100,6618,16543,47390000,41040
9,1354,47390000,47390100,6618,16543,47425000,41068
9,1355,47425000,47425100,6618,16543,47460000,41103
9,1356,47460000,47460100,6618,16543,47495000,41129
9,1357,47495000,47495100,6618,16543,47530000,41164
9,1358,47530000,47530100,6618,16543,47565000,41190
9,1359,47565000,47565100,6618,16543,47600000,41222
9,136,4760000,4760100,6618,16543,4795000,4142
9,1360,47600000,47600100,6618,16543,47635000,41249
9,1361,47635000,47635100,6618,16543,47670000,41284
9,1362,47670000,47670100,6618,16543,47705000,41313
9,1363,47705000,47705100,6618,16543,47740000,41344
9,1364,47740000,47740100,6618,16543,47775000,41372
9,1365,47775000,47775100,6618,16543,47810000,41405
9,1366,47810000,47810100,6618,16543,47845000,41432
9,1367,47845000,47845100,6618,16543,47880000,41466
9,1368,47880000,47880100,6618,16543,47915000,41493
9,1369,47915000,47915100,6618,16543,47950000,41526
9,137,4795000,4795100,6618,16543,4830000,4178
9,1370,47950000,47950100,6618,16543,47985000,41553
9,1371,47985000,47985100,6618,16543,48020000,41588
9,1372,48020000,48020100,6618,16543,48055000,41613
9,1373,48055000,48055100,6618,16543,48090000,41649
9,1374,48090000,48090100,6618,16543,48125000,41676
9,1375,48125000,48125100,6618,16543,48160000,41708
9,1376,48160000,48160100,6618,16543,48195000,41735
9,1377,48195000,48195100,6618,16543,48230000,41767
9,1378,48230000,48230100,6618,16543,48265000,41796
9,1379,48265000,48265100,6618,16543,48300000,41830
9,138,4830000,4830100,6618,16543,4865000,4206
9,1380,48300000,48300100,6618,16543,48335000,41857
9,1381,48335000,48335100,6618,16543,48370000,41891
9,1382,48370000,48370100,6618,16543,48405000,41919
9,1383,48405000,48405100,6618,16543,48440000,41950
9,1384,48440000,48440100,6618,16543,48475000,41976
9,1385,48475000,48475100,6618,16543,48510000,42012
9,1386,48510000,48510100,6618,16543,48545000,42039
9,1387,48545000,48545100,6618,16543,48580000,42073
9,1388,48580000,48580100,6618,16543,48615000,42099
9,1389,48615000,48615100,6618,16543,48650000,42132
9,139,4865000,4865100,6618,16543,4900000,4239
9,1390,48650000,48650100,6618,16543,48685000,42160
9,1391,48685000,48685100,6618,16543,48720000,42193
9,1392,48720000,48720100,6618,16543,48755000,42221
9,1393,48755000,48755100,6618,16543,48790000,42254
9,1394,48790000,48790100,6618,16543,48825000,42281
9,1395,48825000,48825100,6618,16543,48860000,42315
9,1396,48860000,48860100,6618,16543,48895000,42340
9,1397,48895000,48895100,6618,16543,48930000,42376
9,1398,48930000,48930100,6618,16543,48965000,42405
9,1399,48965000,48965100,6618,16543,49000000,42435
9,14,490000,490100,6618,16543,525000,446
9,140,4900000,4900100,6618,16543,4935000,4265
9,1400,49000000,49000100,6618,16543,49035000,42462
9,1401,49035000,49035100,6618,16543,49070000,42496
9,1402,49070000,49070100,6618,16543,49105000,42523
9,1403,49105000,49105100,6618,16543,49140000,42558
9,1404,49140000,49140100,6618,16543,49175000,42585
9,1405,49175000,49175100,6618,16543,49210000,42619
9,1406,49210000,49210100,6618,16543,49245000,42645
9,1407,49245000,49245100,6618,16543,49280000,42677
9,1408,49280000,49280100,6618,16543,49315000,42704
9,1409,49315000,49315100,6618,16543,49350000,42739
9,141,4935000,4935100,6618,16543,4970000,4299
9,1410,49350000,49350100,6618,16543,49385000,42767
9,1411,49385000,49385100,6618,16543,49420000,42800
9,1412,49420000,49420100,6618,16543,49455000,42828
9,1413,49455000,49455100,6618,16543,49490000,42859
9,1414,49490000,49490100,6618,16543,49525000,42888
9,1415,49525000,49525100,6618,16543,49560000,42922
9,1416,49560000,49560100,6618,16543,49595000,42947
9,1417,49595000,49595100,6618,16543,49630000,42982
9,1418,49630000,49630100,6618,16543,49665000,43008
9,1419,49665000,49665100,6618,16543,49700000,43042
9,142,4970000,4970100,6618,16543,5005000,4326
9,1420,49700000,49700100,6618,16543,49735000,43068
9,1421,49735000,49735100,6618,16543,49770000,43104
9,1422,49770000,49770100,6618,16543,49805000,43132
9,1423,49805000,49805100,6618,16543,49840000,43163
9,1424,49840000,49840100,6618,16543,49875000,43190
9,1425,49875000,49875100,6618,16543,49910000,43223
9,1426,49910000,49910100,6618,16543,49945000,43251
9,1427,49945000,49945100,6618,16543,49980000,43285
9,1428,49980000,49980100,6618,16543,50015000,43313
9,1429,50015000,50015100,6618,16543,50050000,43345
9,143,5005000,5005100,6618,16543,5040000,4359
9,1430,50050000,50050100,6618,16543,50085000,43373
9,1431,50085000,50085100,6618,16543,50120000,43406
9,1432,50120000,50120100,6618,16543,50155000,43431
9,1433,50155000,50155100,6618,16543,50190000,43467
9,1434,50190000,50190100,6618,16543,50225000,43495
9,1435,50225000,50225100,6618,16543,50260000,43528
9,1436,50260000,50260100,6618,16543,50295000,43554
9,1437,50295000,50295100,6618,16543,50330000,43588
9,1438,50330000,50330100,6618,16543,50365000,43615
9,1439,50365000,50365100,6618,16543,50400000,43648
9,144,5040000,5040100,6618,16543,5075000,4387
9,1440,50400000,50400100,6618,16543,50435000,43675
9,1441,50435000,50435100,6618,16543,50470000,43709
9,1442,50470000,50470100,6618,16543,50505000,43737
9,1443,50505000,50505100,6618,16543,50540000,43769
9,1444,50540000,50540100,6618,16543,50575000,43796
9,1445,50575000,50575100,6618,16543,50610000,43832
9,1446,50610000,50610100,6618,16543,50645000,43859
9,1447,50645000,50645100,6618,16543,50680000,43891
9,1448,50680000,50680100,6618,16543,50715000,43918
9,1449,50715000,50715100,6618,16543,50750000,43950
9,145,5075000,5075100,6618,16543,5110000,4420
9,1450,50750000,50750100,6618,16543,50785000,43978
9,1451,50785000,50785100,6618,16543,50820000,44013
9,1452,50820000,50820100,6618,16543,50855000,44040
9,1453,50855000,50855100,6618,16543,50890000,44074
9,1454,50890000,50890100,6618,16543,50925000,44100
9,1455,50925000,50925100,6618,16543,50960000,44133
9,1456,50960000,50960100,6618,16543,50995000,44159
9,1457,50995000,50995100,6618,16543,51030000,44194
9,1458,51030000,51030100,6618,16543,51065000,44223
9,1459,51065000,51065100,6618,16543,51100000,44255
9,146,5110000,5110100,6618,16543,5145000,4447
9,1460,51100000,51100100,6618,16543,51135000,44282
9,1461,51135000,51135100,6618,16543,51170000,44315
9,1462,51170000,51170100,6618,16543,51205000,44343
9,1463,51205000,51205100,6618,16543,51240000,44376
9,1464,51240000,51240100,6618,16543,51275000,44403
9,1465,51275000,51275100,6618,16543,51310000,44437
9,1466,51310000,51310100,6618,16543,51345000,44463
9,1467,51345000,51345100,6618,16543,51380000,44498
9,1468,51380000,51380100,6618,16543,51415000,44523
9,1469,51415000,51415100,6618,16543,51450000,44559
9,147,5145000,5145100,6618,16543,5180000,4481
9,1470,51450000,51450100,6618,16543,51485000,44587
9,1471,51485000,51485100,6618,16543,51520000,44618
9,1472,51520000,51520100,6618,16543,51555000,44646
9,1473,51555000,51555100,6618,16543,51590000,44677
9,1474,51590000,51590100,6618,16543,51625000,44706
9,1475,51625000,51625100,6618,16543,51660000,44741
9,1476,51660000,51660100,6618,16543,51695000,44767
9,1477,51695000,51695100,6618,16543,51730000,44801
9,1478,51730000,51730100,6618,16543,51765000,44829
9,1479,51765000,51765100,6618,16543,51800000,44860
9,148,5180000,5180100,6618,16543,5215000,4507
9,1480,51800000,51800100,6618,16543,51835000,44886
9,1481,51835000,51835100,6618,16543,51870000,44923
9,1482,51870000,51870100,6618,16543,51905000,44950
9,1483,51905000,51905100,6618,16543,51940000,44983
9,1484,51940000,51940100,6618,16543,51975000,45009
9,1485,51975000,51975100,6618,16543,52010000,45043
9,1486,52010000,52010100,6618,16543,52045000,45070
9,1487,52045000,52045100,6618,16543,52080000,45103
9,1488,52080000,52080100,6618,16543,52115000,45131
9,1489,52115000,52115100,6618,16543,52150000,45164
9,149,5215000,5215100,6618,16543,5250000,4542
9,1490,52150000,52150100,6618,16543,52185000,45191
9,1491,52185000,52185100,6618,16543,52220000,45225
9,1492,52220000,52220100,6618,16543,52255000,45252
9,1493,52255000,52255100,6618,16543,52290000,45286
9,1494,52290000,52290100,6618,16543,52325000,45315
9,1495,52325000,52325100,6618,16543,52360000,45346
9,1496,52360000,52360100,6618,16543,52395000,45372
9,1497,52395000,52395100,6618,16543,52430000,45406
9,1498,52430000,52430100,6618,16543,52465000,45433
9,1499,52465000,52465100,6618,16543,52500000,45468
9,15,525000,525100,6618,16543,560000,479
9,150,5250000,5250100,6618,16543,5285000,4571
9,1500,52500000,52500100,6618,16543,52535000,45495
9,1501,52535000,52535100,6618,16543,52570000,45529
9,1502,52570000,52570100,6618,16543,52605000,45556
9,1503,52605000,52605100,6618,16543,52640000,45588
9,1504,52640000,52640100,6618,16543,52675000,45614
9,1505,52675000,52675100,6618,16543,52710000,45650
9,1506,52710000,52710100,6618,16543,52745000,45677
9,1507,52745000,52745100,6618,16543,52780000,45710
9,1508,52780000,52780100,6618,16543,52815000,45738
9,1509,52815000,52815100,6618,16543,52850000,45769
9,151,5285000,5285100,6618,16543,5320000,4602
9,1510,52850000,52850100,6618,16543,52885000,45798
9,1511,52885000,52885100,6618,16543,52920000,45832
9,1512,52920000,52920100,6618,16543,52955000,45858
9,1513,52955000,52955100,6618,16543,52990000,45892
9,1514,52990000,52990100,6618,16543,53025000,45919
9,1515,53025000,53025100,6618,16543,53060000,45953
9,1516,53060000,53060100,6618,16543,53095000,45978
9,1517,53095000,53095100,6618,16543,53130000,46014
9,1518,53130000,53130100,6618,16543,53165000,46042
9,1519,53165000,53165100,6618,16543,53200000,46073
9,152,5320000,5320100,6618,16543,5355000,4629
9,1520,53200000,53200100,6618,16543,53235000,46100
9,1521,53235000,53235100,6618,16543,53270000,46133
9,1522,53270000,53270100,6618,16543,53305000,46162
9,1523,53305000,53305100,6618,16543,53340000,46195
9,1524,53340000,53340100,6618,16543,53375000,46223
9,1525,53375000,53375100,6618,16543,53410000,46257
9,1526,53410000,53410100,6618,16543,53445000,46283
9,1527,53445000,53445100,6618,16543,53480000,46316
9,1528,53480000,53480100,6618,16543,53515000,46341
9,1529,53515000,53515100,6618,16543,53550000,46377
9,153,5355000,5355100,6618,16543,5390000,4661
9,1530,53550000,53550100,6618,16543,53585000,46405
9,1531,53585000,53585100,6618,16543,53620000,46438
9,1532,53620000,53620100,6618,16543,53655000,46465
9,1533,53655000,53655100,6618,16543,53690000,46498
9,1534,53690000,53690100,6618,16543,53725000,46525
9,1535,53725000,53725100,6618,16543,53760000,46559
9,1536,53760000,53760100,6618,16543,53795000,46586
9,1537,53795000,53795100,6618,16543,53830000,46619
9,1538,53830000,53830100,6618,16543,53865000,46647
9,1539,53865000,53865100,6618,16543,53900000,46679
9,154,5390000,5390100,6618,16543,5425000,4689
9,1540,53900000,53900100,6618,16543,53935000,46706
9,1541,53935000,53935100,6618,16543,53970000,46742
9,1542,53970000,53970100,6618,16543,54005000,46770
9,1543,54005000,54005100,6618,16543,54040000,46801
9,1544,54040000,54040100,6618,16543,54075000,46828
9,1545,54075000,54075100,6618,16543,54110000,46861
9,1546,54110000,54110100,6618,16543,54145000,46888
9,1547,54145000,54145100,6618,16543,54180000,46924
9,1548,54180000,54180100,6618,16543,54215000,46950
9,1549,54215000,54215100,6618,16543,54250000,46984
9,155,5425000,5425100,6618,16543,5460000,4725
9,1550,54250000,54250100,6618,16543,54285000,47010
9,1551,54285000,54285100,6618,16543,54320000,47043
9,1552,54320000,54320100,6618,16543,54355000,47070
9,1553,54355000,54355100,6618,16543,54390000,47104
9,1554,54390000,54390100,6618,16543,54425000,47133
9,1555,54425000,54425100,6618,16543,54460000,47166
9,1556,54460000,54460100,6618,16543,54495000,47192
9,1557,54495000,54495100,6618,16543,54530000,47225
9,1558,54530000,54530100,6618,16543,54565000,47254
9,1559,54565000,54565100,6618,16543,54600000,47286
9,156,5460000,5460100,6618,16543,5495000,4750
9,1560,54600000,54600100,6618,16543,54635000,47313
9,1561,54635000,54635100,6618,16543,54670000,47347
9,1562,54670000,54670100,6618,16543,54705000,47374
9,1563,54705000,54705100,6618,16543,54740000,47408
9,1564,54740000,54740100,6618,16543,54775000,47433
9,1565,54775000,54775100,6618,16543,54810000,47470
9,1566,54810000,54810100,6618,16543,54845000,47497
9,1567,54845000,54845100,6618,16543,54880000,47528
9,1568,54880000,54880100,6618,16543,54915000,47556
9,1569,54915000,54915100,6618,16543,54950000,47588
9,157,5495000,5495100,6618,16543,5530000,4785
9,1570,54950000,54950100,6618,16543,54985000,47616
9,1571,54985000,54985100,6618,16543,55020000,47651
9,1572,55020000,55020100,6618,16543,55055000,47678
9,1573,55055000,55055100,6618,16543,55090000,47711
9,1574,55090000,55090100,6618,16543,55125000,47739
9,1575,55125000,55125100,6618,16543,55160000,47771
9,1576,55160000,55160100,6618,16543,55195000,47796
9,1577,55195000,55195100,6618,16543,55230000,47833
9,1578,55230000,55230100,6618,16543,55265000,47860
9,1579,55265000,55265100,6618,16543,55300000,47893
9,158,5530000,5530100,6618,16543,5565000,4812
9,1580,55300000,55300100,6618,16543,55335000,47920
9,1581,55335000,55335100,6618,16543,55370000,47953
9,1582,55370000,55370100,6618,16543,55405000,47981
9,1583,55405000,55405100,6618,16543,55440000,48013
9,1584,55440000,55440100,6618,16543,55475000,48041
9,1585,55475000,55475100,6618,16543,55510000,48075
9,1586,55510000,55510100,6618,16543,55545000,48101
9,1587,55545000,55545100,6618,16543,55580000,48135
9,1588,55580000,55580100,6618,16543,55615000,48162
9,1589,55615000,55615100,6618,16543,55650000,48196
9,159,5565000,5565100,6618,16543,5600000,4843
9,1590,55650000,55650100,6618,16543,55685000,48225
9,1591,55685000,55685100,6618,16543,55720000,48257
9,1592,55720000,55720100,6618,16543,55755000,48283
9,1593,55755000,55755100,6618,16543,55790000,48316
9,1594,55790000,55790100,6618,16543,55825000,48343
9,1595,55825000,55825100,6618,16543,55860000,48379
9,1596,55860000,55860100,6618,16543,55895000,48405
9,1597,55895000,55895100,6618,16543,55930000,48439
9,1598,55930000,55930100,6618,16543,55965000,48466
9,1599,55965000,55965100,6618,16543,56000000,48498
9,16,560000,560100,6618,16543,595000,504
9,160,5600000,5600100,6618,16543,5635000,4870
9,1600,56000000,56000100,6618,16543,56035000,48524
9,1601,56035000,56035100,6618,16543,56070000,48560
9,1602,56070000,56070100,6618,16543,56105000,48589
9,1603,56105000,56105100,6618,16543,56140000,48620
9,1604,56140000,56140100,6618,16543,56175000,48648
9,1605,56175000,56175100,6618,16543,56210000,48680
9,1606,56210000,56210100,6618,16543,56245000,48708
9,1607,56245000,56245100,6618,16543,56280000,48742
9,1608,56280000,56280100,6618,16543,56315000,48768
9,1609,56315000,56315100,6618,16543,56350000,48802
9,161,5635000,5635100,6618,16543,5670000,4906
9,1610,56350000,56350100,6618,16543,56385000,48829
9,1611,56385000,56385100,6618,16543,56420000,48863
9,1612,56420000,56420100,6618,16543,56455000,48889
9,1613,56455000,56455100,6618,16543,56490000,48925
9,1614,56490000,56490100,6618,16543,56525000,48952
9,1615,56525000,56525100,6618,16543,56560000,48984
9,1616,56560000,56560100,6618,16543,56595000,49010
9,1617,56595000,56595100,6618,16543,56630000,49043
9,1618,56630000,56630100,6618,16543,56665000,49072
9,1619,56665000,56665100,6618,16543,56700000,49105
9,162,5670000,5670100,6618,16543,5705000,4934
9,1620,56700000,56700100,6618,16543,56735000,49133
9,1621,56735000,56735100,6618,16543,56770000,49167
9,1622,56770000,56770100,6618,16543,56805000,49194
9,1623,56805000,56805100,6618,16543,56840000,49226
9,1624,56840000,56840100,6618,16543,56875000,49252
9,1625,56875000,56875100,6618,16543,56910000,49288
9,1626,56910000,56910100,6618,16543,56945000,49315
9,1627,56945000,56945100,6618,16543,56980000,49348
9,1628,56980000,56980100,6618,16543,57015000,49375
9,1629,57015000,57015100,6618,16543,57050000,49408
9,163,5705000,5705100,6618,16543,5740000,4966
9,1630,57050000,57050100,6618,16543,57085000,49435
9,1631,57085000,57085100,6618,16543,57120000,49469
9,1632,57120000,57120100,6618,16543,57155000,49497
9,1633,57155000,57155100,6618,16543,57190000,49529
9,1634,57190000,57190100,6618,16543,57225000,49557
9,1635,57225000,57225100,6618,16543,57260000,49591
9,1636,57260000,57260100,6618,16543,57295000,49616
9,1637,57295000,57295100,6618,16543,57330000,49652
9,1638,57330000,57330100,6618,16543,57365000,49680
9,1639,57365000,57365100,6618,16543,57400000,49711
9,164,5740000,5740100,6618,16543,5775000,4993
9,1640,57400000,57400100,6618,16543,57435000,49738
9,1641,57435000,57435100,6618,16543,57470000,49771
9,1642,57470000,57470100,6618,16543,57505000,49799
9,1643,57505000,57505100,6618,16543,57540000,49834
9,1644,57540000,57540100,6618,16543,57575000,49860
9,1645,57575000,57575100,6618,16543,57610000,49895
9,1646,57610000,57610100,6618,16543,57645000,49921
9,1647,57645000,57645100,6618,16543,57680000,49953
9,1648,57680000,57680100,6618,16543,57715000,49980
9,1649,57715000,57715100,6618,16543,57750000,50014
9,165,5775000,5775100,6618,16543,5810000,5026
9,1650,57750000,57750100,6618,16543,57785000,50043
9,1651,57785000,57785100,6618,16543,57820000,50076
9,1652,57820000,57820100,6618,16543,57855000,50103
9,1653,57855000,57855100,6618,16543,57890000,50135
9,1654,57890000,57890100,6618,16543,57925000,50164
9,1655,57925000,57925100,6618,16543,57960000,50197
9,1656,57960000,57960100,6618,16543,57995000,50223
9,1657,57995000,57995100,6618,16543,58030000,50258
9,1658,58030000,58030100,6618,16543,58065000,50284
9,1659,58065000,58065100,6618,16543,58100000,50318
9,166,5810000,5810100,6618,16543,5845000,5054
9,1660,58100000,58100100,6618,16543,58135000,50343
9,1661,58135000,58135100,6618,16543,58170000,50380
9,1662,58170000,58170100,6618,16543,58205000,50408
9,1663,58205000,58205100,6618,16543,58240000,50438
9,1664,58240000,58240100,6618,16543,58275000,50466
9,1665,58275000,58275100,6618,16543,58310000,50499
9,1666,58310000,58310100,6618,16543,58345000,50526
9,1667,58345000,58345100,6618,16543,58380000,50561
9,1668,58380000,58380100,6618,16543,58415000,50589
9,1669,58415000,58415100,6618,16543,58450000,50621
9,167,5845000,5845100,6618,16543,5880000,5087
9,1670,58450000,58450100,6618,16543,58485000,50649
9,1671,58485000,58485100,6618,16543,58520000,50681
9,1672,58520000,58520100,6618,16543,58555000,50707
9,1673,58555000,58555100,6618,16543,58590000,50743
9,1674,58590000,58590100,6618,16543,58625000,50770
9,1675,58625000,58625100,6618,16543,58660000,50804
9,1676,58660000,58660100,6618,16543,58695000,50830
9,1677,58695000,58695100,6618,16543,58730000,50863
9,1678,58730000,58730100,6618,16543,58765000,50891
9,1679,58765000,58765100,6618,16543,58800000,50924
9,168,5880000,5880100,6618,16543,5915000,5114
9,1680,58800000,58800100,6618,16543,58835000,50951
9,1681,58835000,58835100,6618,16543,58870000,50985
9,1682,58870000,58870100,6618,16543,58905000,51012
9,1683,58905000,58905100,6618,16543,58940000,51045
9,1684,58940000,58940100,6618,16543,58975000,51072
9,1685,58975000,58975100,6618,16543,59010000,51107
9,1686,59010000,59010100,6618,16543,59045000,51135
9,1687,59045000,59045100,6618,16543,59080000,51167
9,1688,59080000,59080100,6618,16543,59115000,51193
9,1689,59115000,59115100,6618,16543,59150000,51226
9,169,5915000,5915100,6618,16543,5950000,5148
9,1690,59150000,59150100,6618,16543,59185000,51254
9,1691,59185000,59185100,6618,16543,59220000,51289
9,1692,59220000,59220100,6618,16543,59255000,51316
9,1693,59255000,59255100,6618,16543,59290000,51349
9,1694,59290000,59290100,6618,16543,59325000,51376
9,1695,59325000,59325100,6618,16543,59360000,51409
9,1696,59360000,59360100,6618,16543,59395000,51434
9,1697,59395000,59395100,6618,16543,59430000,51470
9,1698,59430000,59430100,6618,16543,59465000,51499
9,1699,59465000,59465100,6618,16543,59500000,51530
9,17,595000,595100,6618,16543,630000,540
9,170,5950000,5950100,6618,16543,5985000,5174
9,1700,59500000,59500100,6618,16543,59535000,51558
9,1701,59535000,59535100,6618,16543,59570000,51591
9,1702,59570000,59570100,6618,16543,59605000,51619
9,1703,59605000,59605100,6618,16543,59640000,51652
9,1704,59640000,59640100,6618,16543,59675000,51678
9,1705,59675000,59675100,6618,16543,59710000,51713
9,1706,59710000,59710100,6618,16543,59745000,51739
9,1707,59745000,59745100,6618,16543,59780000,51773
9,1708,59780000,59780100,6618,16543,59815000,51799
9,1709,59815000,59815100,6618,16543,59850000,51835
9,171,5985000,5985100,6618,16543,6020000,5209
9,1710,59850000,59850100,6618,16543,59885000,51862
9,1711,59885000,59885100,6618,16543,59920000,51894
9,1712,59920000,59920100,6618,16543,59955000,51922
9,1713,59955000,59955100,6618,16543,59990000,51953
9,1714,59990000,59990100,6618,16543,60025000,51982
9,1715,60025000,60025100,6618,16543,60060000,52016
9,1716,60060000,60060100,6618,16543,60095000,52043
9,1717,60095000,60095100,6618,16543,60130000,52077
9,1718,60130000,60130100,6618,16543,60165000,52104
9,1719,60165000,60165100,6618,16543,60200000,52136
9,172,6020000,6020100,6618,16543,6055000,5235
9,1720,60200000,60200100,6618,16543,60235000,52162
9,1721,60235000,60235100,6618,16543,60270000,52198
9,1722,60270000,60270100,6618,16543,60305000,52226
9,1723,60305000,60305100,6618,16543,60340000,52259
9,1724,60340000,60340100,6618,16543,60375000,52285
9,1725,60375000,60375100,6618,16543,60410000,52319
9,1726,60410000,60410100,6618,16543,60445000,52345
9,1727,60445000,60445100,6618,16543,60480000,52379
9,1728,60480000,60480100,6618,16543,60515000,52407
9,1729,60515000,60515100,6618,16543,60550000,52439
9,173,6055000,6055100,6618,16543,6090000,5270
9,1730,60550000,60550100,6618,16543,60585000,52467
9,1731,60585000,60585100,6618,16543,60620000,52501
9,1732,60620000,60620100,6618,16543,60655000,52527
9,1733,60655000,60655100,6618,16543,60690000,52562
9,1734,60690000,60690100,6618,16543,60725000,52591
9,1735,60725000,60725100,6618,16543,60760000,52622
9,1736,60760000,60760100,6618,16543,60795000,52648
9,1737,60795000,60795100,6618,16543,60830000,52681
9,1738,60830000,60830100,6618,16543,60865000,52709
9,1739,60865000,60865100,6618,16543,60900000,52744
9,174,6090000,6090100,6618,16543,6125000,5298
9,1740,60900000,60900100,6618,16543,60935000,52770
9,1741,60935000,60935100,6618,16543,60970000,52805
9,1742,60970000,60970100,6618,16543,61005000,52832
9,1743,61005000,61005100,6618,16543,61040000,52863
9,1744,61040000,61040100,6618,16543,61075000,52890
9,1745,61075000,61075100,6618,16543,61110000,52926
9,1746,61110000,61110100,6618,16543,61145000,52953
9,1747,61145000,61145100,6618,16543,61180000,52986
9,1748,61180000,61180100,6618,16543,61215000,53013
9,1749,61215000,61215100,6618,16543,61250000,53045
9,175,6125000,6125100,6618,16543,6160000,5329
9,1750,61250000,61250100,6618,16543,61285000,53074
9,1751,61285000,61285100,6618,16543,61320000,53107
9,1752,61320000,61320100,6618,16543,61355000,53134
9,1753,61355000,61355100,6618,16543,61390000,53168
9,1754,61390000,61390100,6618,16543,61425000,53194
9,1755,61425000,61425100,6618,16543,61460000,53229
9,1756,61460000,61460100,6618,16543,61495000,53254
9,1757,61495000,61495100,6618,16543,61530000,53290
9,1758,61530000,61530100,6618,16543,61565000,53318
9,1759,61565000,61565100,6618,16543,61600000,53348
9,176,6160000,6160100,6618,16543,6195000,5356
9,1760,61600000,61600100,6618,16543,61635000,53376
9,1761,61635000,61635100,6618,16543,61670000,53409
9,1762,61670000,61670100,6618,16543,61705000,53437
9,1763,61705000,61705100,6618,16543,61740000,53471
9,1764,61740000,61740100,6618,16543,61775000,53499
9,1765,61775000,61775100,6618,16543,61810000,53532
9,1766,61810000,61810100,6618,16543,61845000,53559
9,1767,61845000,61845100,6618,16543,61880000,53592
9,1768,61880000,61880100,6618,16543,61915000,53617
9,1769,61915000,61915100,6618,16543,61950000,53653
9,177,6195000,6195100,6618,16543,6230000,5389
9,1770,61950000,61950100,6618,16543,61985000,53680
9,1771,61985000,61985100,6618,16543,62020000,53714
9,1772,62020000,62020100,6618,16543,62055000,53741
9,1773,62055000,62055100,6618,16543,62090000,53773
9,1774,62090000,62090100,6618,16543,62125000,53801
9,1775,62125000,62125100,6618,16543,62160000,53835
9,1776,62160000,62160100,6618,16543,62195000,53861
9,1777,62195000,62195100,6618,16543,62230000,53895
9,1778,62230000,62230100,6618,16543,62265000,53923
9,1779,62265000,62265100,6618,16543,62300000,53955
9,178,6230000,6230100,6618,16543,6265000,5417
9,1780,62300000,62300100,6618,16543,62335000,53982
9,1781,62335000,62335100,6618,16543,62370000,54017
9,1782,62370000,62370100,6618,16543,62405000,54046
9,1783,62405000,62405100,6618,16543,62440000,54077
9,1784,62440000,62440100,6618,16543,62475000,54103
9,1785,62475000,62475100,6618,16543,62510000,54137
9,1786,62510000,62510100,6618,16543,62545000,54164
9,1787,62545000,62545100,6618,16543,62580000,54199
9,1788,62580000,62580100,6618,16543,62615000,54226
9,1789,62615000,62615100,6618,16543,62650000,54260
9,179,6265000,6265100,6618,16543,6300000,5451
9,1790,62650000,62650100,6618,16543,62685000,54286
9,1791,62685000,62685100,6618,16543,62720000,54319
9,1792,62720000,62720100,6618,16543,62755000,54345
9,1793,62755000,62755100,6618,16543,62790000,54380
9,1794,62790000,62790100,6618,16543,62825000,54409
9,1795,62825000,62825100,6618,16543,62860000,54441
9,1796,62860000,62860100,6618,16543,62895000,54468
9,1797,62895000,62895100,6618,16543,62930000,54501
9,1798,62930000,62930100,6618,16543,62965000,54529
9,1799,62965000,62965100,6618,16543,63000000,54562
9,18,630000,630100,6618,16543,665000,569
9,180,6300000,6300100,6618,16543,6335000,5479
9,1800,63000000,63000100,6618,16543,63035000,54589
9,1801,63035000,63035100,6618,16543,63070000,54623
9,1802,63070000,63070100,6618,16543,63105000,54650
9,1803,63105000,63105100,6618,16543,63140000,54683
9,1804,63140000,63140100,6618,16543,63175000,54709
9,1805,63175000,63175100,6618,16543,63210000,54746
9,1806,63210000,63210100,6618,16543,63245000,54772
9,1807,63245000,63245100,6618,16543,63280000,54804
9,1808,63280000,63280100,6618,16543,63315000,54832
9,1809,63315000,63315100,6618,16543,63350000,54863
9,181,6335000,6335100,6618,16543,6370000,5512
9,1810,63350000,63350100,6618,16543,63385000,54892
9,1811,63385000,63385100,6618,16543,63420000,54927
9,1812,63420000,63420100,6618,16543,63455000,54954
9,1813,63455000,63455100,6618,16543,63490000,54987
9,1814,63490000,63490100,6618,16543,63525000,55014
9,1815,63525000,63525100,6618,16543,63560000,55047
9,1816,63560000,63560100,6618,16543,63595000,55072
9,1817,63595000,63595100,6618,16543,63630000,55108
9,1818,63630000,63630100,6618,16543,63665000,55136
9,1819,63665000,63665100,6618,16543,63700000,55169
9,182,6370000,6370100,6618,16543,6405000,5540
9,1820,63700000,63700100,6618,16543,63735000,55195
9,1821,63735000,63735100,6618,16543,63770000,55229
9,1822,63770000,63770100,6618,16543,63805000,55257
9,1823,63805000,63805100,6618,16543,63840000,55289
9,1824,63840000,63840100,6618,16543,63875000,55317
9,1825,63875000,63875100,6618,16543,63910000,55350
9,1826,63910000,63910100,6618,16543,63945000,55377
9,1827,63945000,63945100,6618,16543,63980000,55411
9,1828,63980000,63980100,6618,16543,64015000,55437
9,1829,64015000,64015100,6618,16543,64050000,55472
9,183,6405000,6405100,6618,16543,6440000,5572
9,1830,64050000,64050100,6618,16543,64085000,55501
9,1831,64085000,64085100,6618,16543,64120000,55532
9,1832,64120000,64120100,6618,16543,64155000,55559
9,1833,64155000,64155100,6618,16543,64190000,55592
9,1834,64190000,64190100,6618,16543,64225000,55619
9,1835,64225000,64225100,6618,16543,64260000,55655
9,1836,64260000,64260100,6618,16543,64295000,55680
9,1837,64295000,64295100,6618,16543,64330000,55715
9,1838,64330000,64330100,6618,16543,64365000,55742
9,1839,64365000,64365100,6618,16543,64400000,55773
9,184,6440000,6440100,6618,16543,6475000,5597
9,1840,64400000,64400100,6618,16543,64435000,55800
9,1841,64435000,64435100,6618,16543,64470000,55836
9,1842,64470000,64470100,6618,16543,64505000,55864
9,1843,64505000,64505100,6618,16543,64540000,55896
9,1844,64540000,64540100,6618,16543,64575000,55924
9,1845,64575000,64575100,6618,16543,64610000,55956
9,1846,64610000,64610100,6618,16543,64645000,55984
9,1847,64645000,64645100,6618,16543,64680000,56017
9,1848,64680000,64680100,6618,16543,64715000,56044
9,1849,64715000,64715100,6618,16543,64750000,56078
9,185,6475000,6475100,6618,16543,6510000,5634
9,1850,64750000,64750100,6618,16543,64785000,56104
9,1851,64785000,64785100,6618,16543,64820000,56139
9,1852,64820000,64820100,6618,16543,64855000,56165
9,1853,64855000,64855100,6618,16543,64890000,56200
9,1854,64890000,64890100,6618,16543,64925000,56228
9,1855,64925000,64925100,6618,16543,64960000,56260
9,1856,64960000,64960100,6618,16543,64995000,56286
9,1857,64995000,64995100,6618,16543,65030000,56319
9,1858,65030000,65030100,6618,16543,65065000,56347
9,1859,65065000,65065100,6618,16543,65100000,56381
9,186,6510000,6510100,6618,16543,6545000,5660
9,1860,65100000,65100100,6618,16543,65135000,56409
9,1861,65135000,65135100,6618,16543,65170000,56442
9,1862,65170000,65170100,6618,16543,65205000,56470
9,1863,65205000,65205100,6618,16543,65240000,56502
9,1864,65240000,65240100,6618,16543,65275000,56527
9,1865,65275000,65275100,6618,16543,65310000,56564
9,1866,65310000,65310100,6618,16543,65345000,56591
9,1867,65345000,65345100,6618,16543,65380000,56624
9,1868,65380000,65380100,6618,16543,65415000,56651
9,1869,65415000,65415100,6618,16543,65450000,56683
9,187,6545000,6545100,6618,16543,6580000,5694
9,1870,65450000,65450100,6618,16543,65485000,56711
9,1871,65485000,65485100,6618,16543,65520000,56745
9,1872,65520000,65520100,6618,16543,65555000,56772
9,1873,65555000,65555100,6618,16543,65590000,56805
9,1874,65590000,65590100,6618,16543,65625000,56833
9,1875,65625000,65625100,6618,16543,65660000,56866
9,1876,65660000,65660100,6618,16543,65695000,56892
9,1877,65695000,65695100,6618,16543,65730000,56928
9,1878,65730000,65730100,6618,16543,65765000,56956
9,1879,65765000,65765100,6618,16543,65800000,56987
9,188,6580000,6580100,6618,16543,6615000,5721
9,1880,65800000,65800100,6618,16543,65835000,57013
9,1881,65835000,65835100,6618,16543,65870000,57047
9,1882,65870000,65870100,6618,16543,65905000,57075
9,1883,65905000,65905100,6618,16543,65940000,57109
9,1884,65940000,65940100,6618,16543,65975000,57136
9,1885,65975000,65975100,6618,16543,66010000,57171
9,1886,66010000,66010100,6618,16543,66045000,57196
9,1887,66045000,66045100,6618,16543,66080000,57229
9,1888,66080000,66080100,6618,16543,66115000,57256
9,1889,66115000,66115100,6618,16543,66150000,57290
9,189,6615000,6615100,6618,16543,6650000,5753
9,1890,66150000,66150100,6618,16543,66185000,57319
9,1891,66185000,66185100,6618,16543,66220000,57351
9,1892,66220000,66220100,6618,16543,66255000,57379
9,1893,66255000,66255100,6618,16543,66290000,57411
9,1894,66290000,66290100,6618,16543,66325000,57439
9,1895,66325000,66325100,6618,16543,66360000,57473
9,1896,66360000,66360100,6618,16543,66395000,57499
9,1897,66395000,66395100,6618,16543,66430000,57533
9,1898,66430000,66430100,6618,16543,66465000,57560
9,1899,66465000,66465100,6618,16543,66500000,57594
9,19,665000,665100,6618,16543,700000,600
9,190,6650000,6650100,6618,16543,6685000,5781
9,1900,66500000,66500100,6618,16543,66535000,57619
9,1901,66535000,66535100,6618,16543,66570000,57656
9,1902,66570000,66570100,6618,16543,66605000,57683
9,1903,66605000,66605100,6618,16543,66640000,57714
9,1904,66640000,66640100,6618,16543,66675000,57742
9,1905,66675000,66675100,6618,16543,66710000,57774
9,1906,66710000,66710100,6618,16543,66745000,57802
9,1907,66745000,66745100,6618,16543,66780000,57837
9,1908,66780000,66780100,6618,16543,66815000,57864
9,1909,66815000,66815100,6618,16543,66850000,57897
9,191,6685000,6685100,6618,16543,6720000,5815
9,1910,66850000,66850100,6618,16543,66885000,57925
9,1911,66885000,66885100,6618,16543,66920000,57957
9,1912,66920000,66920100,6618,16543,66955000,57983
9,1913,66955000,66955100,6618,16543,66990000,58018
9,1914,66990000,66990100,6618,16543,67025000,58046
9,1915,67025000,67025100,6618,16543,67060000,58080
9,1916,67060000,67060100,6618,16543,67095000,58105
9,1917,67095000,67095100,6618,16543,67130000,58139
9,1918,67130000,67130100,6618,16543,67165000,58167
9,1919,67165000,67165100,6618,16543,67200000,58199
9,192,6720000,6720100,6618,16543,6755000,5842
9,1920,67200000,67200100,6618,16543,67235000,58227
9,1921,67235000,67235100,6618,16543,67270000,58261
9,1922,67270000,67270100,6618,16543,67305000,58288
9,1923,67305000,67305100,6618,16543,67340000,58321
9,1924,67340000,67340100,6618,16543,67375000,58347
9,1925,67375000,67375100,6618,16543,67410000,58383
9,1926,67410000,67410100,6618,16543,67445000,58411
9,1927,67445000,67445100,6618,16543,67480000,58442
9,1928,67480000,67480100,6618,16543,67515000,58469
9,1929,67515000,67515100,6618,16543,67550000,58502
9,193,6755000,6755100,6618,16543,6790000,5875
9,1930,67550000,67550100,6618,16543,67585000,58529
9,1931,67585000,67585100,6618,16543,67620000,58565
9,1932,67620000,67620100,6618,16543,67655000,58592
9,1933,67655000,67655100,6618,16543,67690000,58625
9,1934,67690000,67690100,6618,16543,67725000,58652
9,1935,67725000,67725100,6618,16543,67760000,58684
9,1936,67760000,67760100,6618,16543,67795000,58710
9,1937,67795000,67795100,6618,16543,67830000,58746
9,1938,67830000,67830100,6618,16543,67865000,58774
9,1939,67865000,67865100,6618,16543,67900000,58806
9,194,6790000,6790100,6618,16543,6825000,5903
9,1940,67900000,67900100,6618,16543,67935000,58834
9,1941,67935000,67935100,6618,16543,67970000,58866
9,1942,67970000,67970100,6618,16543,68005000,58895
9,1943,68005000,68005100,6618,16543,68040000,58928
9,1944,68040000,68040100,6618,16543,68075000,58954
9,1945,68075000,68075100,6618,16543,68110000,58989
9,1946,68110000,68110100,6618,16543,68145000,59014
9,1947,68145000,68145100,6618,16543,68180000,59049
9,1948,68180000,68180100,6618,16543,68215000,59075
9,1949,68215000,68215100,6618,16543,68250000,59110
9,195,6825000,6825100,6618,16543,6860000,5936
9,1950,68250000,68250100,6618,16543,68285000,59138
9,1951,68285000,68285100,6618,16543,68320000,59170
9,1952,68320000,68320100,6618,16543,68355000,59197
9,1953,68355000,68355100,6618,16543,68390000,59229
9,1954,68390000,68390100,6618,16543,68425000,59258
9,1955,68425000,68425100,6618,16543,68460000,59292
9,1956,68460000,68460100,6618,16543,68495000,59319
9,1957,68495000,68495100,6618,16543,68530000,59352
9,1958,68530000,68530100,6618,16543,68565000,59380
9,1959,68565000,68565100,6618,16543,68600000,59412
9,196,6860000,6860100,6618,16543,6895000,5962
9,1960,68600000,68600100,6618,16543,68635000,59437
9,1961,68635000,68635100,6618,16543,68670000,59474
9,1962,68670000,68670100,6618,16543,68705000,59502
9,1963,68705000,68705100,6618,16543,68740000,59534
9,1964,68740000,68740100,6618,16543,68775000,59561
9,1965,68775000,68775100,6618,16543,68810000,59595
9,1966,68810000,68810100,6618,16543,68845000,59621
9,1967,68845000,68845100,6618,16543,68880000,59655
9,1968,68880000,68880100,6618,16543,68915000,59682
9,1969,68915000,68915100,6618,16543,68950000,59715
9,197,6895000,6895100,6618,16543,6930000,5997
9,1970,68950000,68950100,6618,16543,68985000,59743
9,1971,68985000,68985100,6618,16543,69020000,59776
9,1972,69020000,69020100,6618,16543,69055000,59803
9,1973,69055000,69055100,6618,16543,69090000,59838
9,1974,69090000,69090100,6618,16543,69125000,59866
9,1975,69125000,69125100,6618,16543,69160000,59898
9,1976,69160000,69160100,6618,16543,69195000,59924
9,1977,69195000,69195100,6618,16543,69230000,59957
9,1978,69230000,69230100,6618,16543,69265000,59985
9,1979,69265000,69265100,6618,16543,69300000,60019
9,198,6930000,6930100,6618,16543,6965000,6026
9,1980,69300000,69300100,6618,16543,69335000,60046
9,1981,69335000,69335100,6618,16543,69370000,60081
9,1982,69370000,69370100,6618,16543,69405000,60107
9,1983,69405000,69405100,6618,16543,69440000,60139
9,1984,69440000,69440100,6618,16543,69475000,60166
9,1985,69475000,69475100,6618,16543,69510000,60201
9,1986,69510000,69510100,6618,16543,69545000,60229
9,1987,69545000,69545100,6618,16543,69580000,60262
9,1988,69580000,69580100,6618,16543,69615000,60289
9,1989,69615000,69615100,6618,16543,69650000,60321
9,199,6965000,6965100,6618,16543,7000000,6057
9,1990,69650000,69650100,6618,16543,69685000,60349
9,1991,69685000,69685100,6618,16543,69720000,60383
9,1992,69720000,69720100,6618,16543,69755000,60410
9,1993,69755000,69755100,6618,16543,69790000,60443
9,1994,69790000,69790100,6618,16543,69825000,60470
9,1995,69825000,69825100,6618,16543,69860000,60505
9,1996,69860000,69860100,6618,16543,69895000,60529
9,1997,69895000,69895100,6618,16543,69930000,60566
9,1998,69930000,69930100,6618,16543,69965000,60594
9,1999,69965000,69965100,6618,16543,70000000,60624
9,2,70000,70100,6618,16543,105000,82
9,20,700000,700100,6618,16543,735000,628
9,200,7000000,7000100,6618,16543,7035000,6083
9,2000,70000000,70000100,6618,16543,70035000,60652
9,2001,70035000,70035100,6618,16543,70070000,60684
9,2002,70070000,70070100,6618,16543,70105000,60713
9,2003,70105000,70105100,6618,16543,70140000,60747
9,2004,70140000,70140100,6618,16543,70175000,60774
9,2005,70175000,70175100,6618,16543,70210000,60808
9,2006,70210000,70210100,6618,16543,70245000,60835
9,2007,70245000,70245100,6618,16543,70280000,60867
9,2008,70280000,70280100,6618,16543,70315000,60893
9,2009,70315000,70315100,6618,16543,70350000,60929
9,201,7035000,7035100,6618,16543,7070000,6117
9,2010,70350000,70350100,6618,16543,70385000,60956
9,2011,70385000,70385100,6618,16543,70420000,60990
9,2012,70420000,70420100,6618,16543,70455000,61016
9,2013,70455000,70455100,6618,16543,70490000,61049
9,2014,70490000,70490100,6618,16543,70525000,61077
9,2015,70525000,70525100,6618,16543,70560000,61110
9,2016,70560000,70560100,6618,16543,70595000,61137
9,2017,70595000,70595100,6618,16543,70630000,61171
9,2018,70630000,70630100,6618,16543,70665000,61198
9,2019,70665000,70665100,6618,16543,70700000,61231
9,202,7070000,7070100,6618,16543,7105000,6145
9,2020,70700000,70700100,6618,16543,70735000,61258
9,2021,70735000,70735100,6618,16543,70770000,61293
9,2022,70770000,70770100,6618,16543,70805000,61322
9,2023,70805000,70805100,6618,16543,70840000,61352
9,2024,70840000,70840100,6618,16543,70875000,61379
9,2025,70875000,70875100,6618,16543,70910000,61413
9,2026,70910000,70910100,6618,16543,70945000,61439
9,2027,70945000,70945100,6618,16543,70980000,61475
9,2028,70980000,70980100,6618,16543,71015000,61502
9,2029,71015000,71015100,6618,16543,71050000,61535
9,203,7105000,7105100,6618,16543,7140000,6179
9,2030,71050000,71050100,6618,16543,71085000,61562
9,2031,71085000,71085100,6618,16543,71120000,61595
9,2032,71120000,71120100,6618,16543,71155000,61621
9,2033,71155000,71155100,6618,16543,71190000,61656
9,2034,71190000,71190100,6618,16543,71225000,61684
9,2035,71225000,71225100,6618,16543,71260000,61717
9,2036,71260000,71260100,6618,16543,71295000,61744
9,2037,71295000,71295100,6618,16543,71330000,61776
9,2038,71330000,71330100,6618,16543,71365000,61805
9,2039,71365000,71365100,6618,16543,71400000,61838
9,204,7140000,7140100,6618,16543,7175000,6206
9,2040,71400000,71400100,6618,16543,71435000,61864
9,2041,71435000,71435100,6618,16543,71470000,61899
9,2042,71470000,71470100,6618,16543,71505000,61926
9,2043,71505000,71505100,6618,16543,71540000,61959
9,2044,71540000,71540100,6618,16543,71575000,61985
9,2045,71575000,71575100,6618,16543,71610000,62021
9,2046,71610000,71610100,6618,16543,71645000,62048
9,2047,71645000,71645100,6618,16543,71680000,62080
9,2048,71680000,71680100,6618,16543,71715000,62107
9,2049,71715000,71715100,6618,16543,71750000,62139
9,205,7175000,7175100,6618,16543,7210000,6241
9,2050,71750000,71750100,6618,16543,71785000,62168
9,2051,71785000,71785100,6618,16543,71820000,62202
9,2052,71820000,71820100,6618,16543,71855000,62230
9,2053,71855000,71855100,6618,16543,71890000,62263
9,2054,71890000,71890100,6618,16543,71925000,62290
9,2055,71925000,71925100,6618,16543,71960000,62323
9,2056,71960000,71960100,6618,16543,71995000,62347
9,2057,71995000,71995100,6618,16543,72030000,62384
9,2058,72030000,72030100,6618,16543,72065000,62412
9,2059,72065000,72065100,6618,16543,72100000,62444
9,206,7210000,7210100,6618,16543,7245000,6266
9,2060,72100000,72100100,6618,16543,72135000,62471
9,2061,72135000,72135100,6618,16543,72170000,62505
9,2062,72170000,72170100,6618,16543,72205000,62532
9,2063,72205000,72205100,6618,16543,72240000,62565
9,2064,72240000,72240100,6618,16543,72275000,62593
9,2065,72275000,72275100,6618,16543,72310000,62626
9,2066,72310000,72310100,6618,16543,72345000,62653
9,2067,72345000,72345100,6618,16543,72380000,62686
9,2068,72380000,72380100,6618,16543,72415000,62713
9,2069,72415000,72415100,6618,16543,72450000,62748
9,207,7245000,7245100,6618,16543,7280000,6299
9,2070,72450000,72450100,6618,16543,72485000,62776
9,2071,72485000,72485100,6618,16543,72520000,62808
9,2072,72520000,72520100,6618,16543,72555000,62835
9,2073,72555000,72555100,6618,16543,72590000,62867
9,2074,72590000,72590100,6618,16543,72625000,62895
9,2075,72625000,72625100,6618,16543,72660000,62931
9,2076,72660000,72660100,6618,16543,72695000,62956
9,2077,72695000,72695100,6618,16543,72730000,62991
9,2078,72730000,72730100,6618,16543,72765000,63017
9,2079,72765000,72765100,6618,16543,72800000,63049
9,208,7280000,7280100,6618,16543,7315000,6325
9,2080,72800000,72800100,6618,16543,72835000,63076
9,2081,72835000,72835100,6618,16543,72870000,63111
9,2082,72870000,72870100,6618,16543,72905000,63140
9,2083,72905000,72905100,6618,16543,72940000,63172
9,2084,72940000,72940100,6618,16543,72975000,63199
9,2085,72975000,72975100,6618,16543,73010000,63232
9,2086,73010000,73010100,6618,16543,73045000,63260
9,2087,73045000,73045100,6618,16543,73080000,63293
9,2088,73080000,73080100,6618,16543,73115000,63320
9,2089,73115000,73115100,6618,16543,73150000,63353
9,209,7315000,7315100,6618,16543,7350000,6360
9,2090,73150000,73150100,6618,16543,73185000,63380
9,2091,73185000,73185100,6618,16543,73220000,63415
9,2092,73220000,73220100,6618,16543,73255000,63440
9,2093,73255000,73255100,6618,16543,73290000,63476
9,2094,73290000,73290100,6618,16543,73325000,63504
9,2095,73325000,73325100,6618,16543,73360000,63535
9,2096,73360000,73360100,6618,16543,73395000,63562
9,2097,73395000,73395100,6618,16543,73430000,63595
9,2098,73430000,73430100,6618,16543,73465000,63623
9,2099,73465000,73465100,6618,16543,73500000,63657
9,21,735000,735100,6618,16543,770000,660
9,210,7350000,7350100,6618,16543,7385000,6389
9,2100,73500000,73500100,6618,16543,73535000,63684
9,2101,73535000,73535100,6618,16543,73570000,63718
9,2102,73570000,73570100,6618,16543,73605000,63746
9,2103,73605000,73605100,6618,16543,73640000,63777
9,2104,73640000,73640100,6618,16543,73675000,63803
9,2105,73675000,73675100,6618,16543,73710000,63840
9,2106,73710000,73710100,6618,16543,73745000,63866
9,2107,73745000,73745100,6618,16543,73780000,63900
9,2108,73780000,73780100,6618,16543,73815000,63927
9,2109,73815000,73815100,6618,16543,73850000,63959
9,211,7385000,7385100,6618,16543,7420000,6421
9,2110,73850000,73850100,6618,16543,73885000,63987
9,2111,73885000,73885100,6618,16543,73920000,64020
9,2112,73920000,73920100,6618,16543,73955000,64048
9,2113,73955000,73955100,6618,16543,73990000,64081
9,2114,73990000,73990100,6618,16543,74025000,64108
9,2115,74025000,74025100,6618,16543,74060000,64142
9,2116,74060000,74060100,6618,16543,74095000,64168
9,2117,74095000,74095100,6618,16543,74130000,64203
9,2118,74130000,74130100,6618,16543,74165000,64232
9,2119,74165000,74165100,6618,16543,74200000,64263
9,212,7420000,7420100,6618,16543,7455000,6449
9,2120,74200000,74200100,6618,16543,74235000,64289
9,2121,74235000,74235100,6618,16543,74270000,64323
9,2122,74270000,74270100,6618,16543,74305000,64350
9,2123,74305000,74305100,6618,16543,74340000,64385
9,2124,74340000,74340100,6618,16543,74375000,64412
9,2125,74375000,74375100,6618,16543,74410000,64446
9,2126,74410000,74410100,6618,16543,74445000,64472
9,2127,74445000,74445100,6618,16543,74480000,64505
9,2128,74480000,74480100,6618,16543,74515000,64531
9,2129,74515000,74515100,6618,16543,74550000,64566
9,213,7455000,7455100,6618,16543,7490000,6481
9,2130,74550000,74550100,6618,16543,74585000,64595
9,2131,74585000,74585100,6618,16543,74620000,64627
9,2132,74620000,74620100,6618,16543,74655000,64655
9,2133,74655000,74655100,6618,16543,74690000,64686
9,2134,74690000,74690100,6618,16543,74725000,64715
9,2135,74725000,74725100,6618,16543,74760000,64749
9,2136,74760000,74760100,6618,16543,74795000,64774
9,2137,74795000,74795100,6618,16543,74830000,64809
9,2138,74830000,74830100,6618,16543,74865000,64836
9,2139,74865000,74865100,6618,16543,74900000,64869
9,214,7490000,7490100,6618,16543,7525000,6509
9,2140,74900000,74900100,6618,16543,74935000,64895
9,2141,74935000,74935100,6618,16543,74970000,64932
9,2142,74970000,74970100,6618,16543,75005000,64959
9,2143,75005000,75005100,6618,16543,75040000,64990
9,2144,75040000,75040100,6618,16543,75075000,65017
9,2145,75075000,75075100,6618,16543,75110000,65050
9,2146,75110000,75110100,6618,16543,75145000,65078
9,2147,75145000,75145100,6618,16543,75180000,65112
9,2148,75180000,75180100,6618,16543,75215000,65140
9,2149,75215000,75215100,6618,16543,75250000,65173
9,215,7525000,7525100,6618,16543,7560000,6543
9,2150,75250000,75250100,6618,16543,75285000,65200
9,2151,75285000,75285100,6618,16543,75320000,65233
9,2152,75320000,75320100,6618,16543,75355000,65259
9,2153,75355000,75355100,6618,16543,75390000,65294
9,2154,75390000,75390100,6618,16543,75425000,65322
9,2155,75425000,75425100,6618,16543,75460000,65355
9,2156,75460000,75460100,6618,16543,75495000,65381
9,2157,75495000,75495100,6618,16543,75530000,65415
9,2158,75530000,75530100,6618,16543,75565000,65442
9,2159,75565000,75565100,6618,16543,75600000,65475
9,216,7560000,7560100,6618,16543,7595000,6569
9,2160,75600000,75600100,6618,16543,75635000,65503
9,2161,75635000,75635100,6618,16543,75670000,65536
9,2162,75670000,75670100,6618,16543,75705000,65564
9,2163,75705000,75705100,6618,16543,75740000,65597
9,2164,75740000,75740100,6618,16543,75775000,65623
9,2165,75775000,75775100,6618,16543,75810000,65659
9,2166,75810000,75810100,6618,16543,75845000,65686
9,2167,75845000,75845100,6618,16543,75880000,65718
9,2168,75880000,75880100,6618,16543,75915000,65745
9,2169,75915000,75915100,6618,16543,75950000,65777
9,217,7595000,7595100,6618,16543,7630000,6603
9,2170,75950000,75950100,6618,16543,75985000,65805
9,2171,75985000,75985100,6618,16543,76020000,65841
9,2172,76020000,76020100,6618,16543,76055000,65867
9,2173,76055000,76055100,6618,16543,76090000,65901
9,2174,76090000,76090100,6618,16543,76125000,65928
9,2175,76125000,76125100,6618,16543,76160000,65960
9,2176,76160000,76160100,6618,16543,76195000,65986
9,2177,76195000,76195100,6618,16543,76230000,66021
9,2178,76230000,76230100,6618,16543,76265000,66050
9,2179,76265000,76265100,6618,16543,76300000,66082
9,218,7630000,7630100,6618,16543,7665000,6630
9,2180,76300000,76300100,6618,16543,76335000,66109
9,2181,76335000,76335100,6618,16543,76370000,66142
9,2182,76370000,76370100,6618,16543,76405000,66171
9,2183,76405000,76405100,6618,16543,76440000,66203
9,2184,76440000,76440100,6618,16543,76475000,66230
9,2185,76475000,76475100,6618,16543,76510000,66265
9,2186,76510000,76510100,6618,16543,76545000,66290
9,2187,76545000,76545100,6618,16543,76580000,66325
9,2188,76580000,76580100,6618,16543,76615000,66350
9,2189,76615000,76615100,6618,16543,76650000,66386
9,219,7665000,7665100,6618,16543,7700000,6663
9,2190,76650000,76650100,6618,16543,76685000,66414
9,2191,76685000,76685100,6618,16543,76720000,66445
9,2192,76720000,76720100,6618,16543,76755000,66473
9,2193,76755000,76755100,6618,16543,76790000,66505
9,2194,76790000,76790100,6618,16543,76825000,66533
9,2195,76825000,76825100,6618,16543,76860000,66568
9,2196,76860000,76860100,6618,16543,76895000,66595
9,2197,76895000,76895100,6618,16543,76930000,66628
9,2198,76930000,76930100,6618,16543,76965000,66656
9,2199,76965000,76965100,6618,16543,77000000,66687
9,22,770000,770100,6618,16543,805000,689
9,220,7700000,7700100,6618,16543,7735000,6689
9,2200,77000000,77000100,6618,16543,77035000,66713
9,2201,77035000,77035100,6618,16543,77070000,66750
9,2202,77070000,77070100,6618,16543,77105000,66777
9,2203,77105000,77105100,6618,16543,77140000,66810
9,2204,77140000,77140100,6618,16543,77175000,66837
9,2205,77175000,77175100,6618,16543,77210000,66870
9,2206,77210000,77210100,6618,16543,77245000,66897
9,2207,77245000,77245100,6618,16543,77280000,66931
9,2208,77280000,77280100,6618,16543,77315000,66958
9,2209,77315000,77315100,6618,16543,77350000,66991
9,221,7735000,7735100,6618,16543,7770000,6726
9,2210,77350000,77350100,6618,16543,77385000,67018
9,2211,77385000,77385100,6618,16543,77420000,67052
9,2212,77420000,77420100,6618,16543,77455000,67079
9,2213,77455000,77455100,6618,16543,77490000,67113
9,2214,77490000,77490100,6618,16543,77525000,67142
9,2215,77525000,77525100,6618,16543,77560000,67174
9,2216,77560000,77560100,6618,16543,77595000,67199
9,2217,77595000,77595100,6618,16543,77630000,67233
9,2218,77630000,77630100,6618,16543,77665000,67261
9,2219,77665000,77665100,6618,16543,77700000,67295
9,222,7770000,7770100,6618,16543,7805000,6753
9,2220,77700000,77700100,6618,16543,77735000,67322
9,2221,77735000,77735100,6618,16543,77770000,67356
9,2222,77770000,77770100,6618,16543,77805000,67383
9,2223,77805000,77805100,6618,16543,77840000,67415
9,2224,77840000,77840100,6618,16543,77875000,67441
9,2225,77875000,77875100,6618,16543,77910000,67477
9,2226,77910000,77910100,6618,16543,77945000,67505
9,2227,77945000,77945100,6618,16543,77980000,67537
9,2228,77980000,77980100,6618,16543,78015000,67565
9,2229,78015000,78015100,6618,16543,78050000,67597
9,223,7805000,7805100,6618,16543,7840000,6784
9,2230,78050000,78050100,6618,16543,78085000,67625
9,2231,78085000,78085100,6618,16543,78120000,67659
9,2232,78120000,78120100,6618,16543,78155000,67685
9,2233,78155000,78155100,6618,16543,78190000,67719
9,2234,78190000,78190100,6618,16543,78225000,67746
9,2235,78225000,78225100,6618,16543,78260000,67780
9,2236,78260000,78260100,6618,16543,78295000,67805
9,2237,78295000,78295100,6618,16543,78330000,67842
9,2238,78330000,78330100,6618,16543,78365000,67869
9,2239,78365000,78365100,6618,16543,78400000,67900
9,224,7840000,7840100,6618,16543,7875000,6812
9,2240,78400000,78400100,6618,16543,78435000,67928
9,2241,78435000,78435100,6618,16543,78470000,67960
9,2242,78470000,78470100,6618,16543,78505000,67989
9,2243,78505000,78505100,6618,16543,78540000,68022
9,2244,78540000,78540100,6618,16543,78575000,68050
9,2245,78575000,78575100,6618,16543,78610000,68084
9,2246,78610000,78610100,6618,16543,78645000,68110
9,2247,78645000,78645100,6618,16543,78680000,68143
9,2248,78680000,78680100,6618,16543,78715000,68169
9,2249,78715000,78715100,6618,16543,78750000,68204
9,225,7875000,7875100,6618,16543,7910000,6844
9,2250,78750000,78750100,6618,16543,78785000,68232
9,2251,78785000,78785100,6618,16543,78820000,68266
9,2252,78820000,78820100,6618,16543,78855000,68292
9,2253,78855000,78855100,6618,16543,78890000,68325
9,2254,78890000,78890100,6618,16543,78925000,68352
9,2255,78925000,78925100,6618,16543,78960000,68386
9,2256,78960000,78960100,6618,16543,78995000,68413
9,2257,78995000,78995100,6618,16543,79030000,68446
9,2258,79030000,79030100,6618,16543,79065000,68474
9,2259,79065000,79065100,6618,16543,79100000,68507
9,226,7910000,7910100,6618,16543,7945000,6872
9,2260,79100000,79100100,6618,16543,79135000,68533
9,2261,79135000,79135100,6618,16543,79170000,68569
9,2262,79170000,79170100,6618,16543,79205000,68598
9,2263,79205000,79205100,6618,16543,79240000,68628
9,2264,79240000,79240100,6618,16543,79275000,68655
9,2265,79275000,79275100,6618,16543,79310000,68688
9,2266,79310000,79310100,6618,16543,79345000,68715
9,2267,79345000,79345100,6618,16543,79380000,68751
9,2268,79380000,79380100,6618,16543,79415000,68777
9,2269,79415000,79415100,6618,16543,79450000,68811
9,227,7945000,7945100,6618,16543,7980000,6907
9,2270,79450000,79450100,6618,16543,79485000,68838
9,2271,79485000,79485100,6618,16543,79520000,68870
9,2272,79520000,79520100,6618,16543,79555000,68897
9,2273,79555000,79555100,6618,16543,79590000,68932
9,2274,79590000,79590100,6618,16543,79625000,68960
9,2275,79625000,79625100,6618,16543,79660000,68993
9,2276,79660000,79660100,6618,16543,79695000,69019
9,2277,79695000,79695100,6618,16543,79730000,69052
9,2278,79730000,79730100,6618,16543,79765000,69081
9,2279,79765000,79765100,6618,16543,79800000,69113
9,228,7980000,7980100,6618,16543,8015000,6934
9,2280,79800000,79800100,6618,16543,79835000,69140
9,2281,79835000,79835100,6618,16543,79870000,69175
9,2282,79870000,79870100,6618,16543,79905000,69201
9,2283,79905000,79905100,6618,16543,79940000,69235
9,2284,79940000,79940100,6618,16543,79975000,69261
9,2285,79975000,79975100,6618,16543,80010000,69297
9,2286,80010000,80010100,6618,16543,80045000,69324
9,2287,80045000,80045100,6618,16543,80080000,69355
9,2288,80080000,80080100,6618,16543,80115000,69383
9,2289,80115000,80115100,6618,16543,80150000,69415
9,229,8015000,8015100,6618,16543,8050000,6967
9,2290,80150000,80150100,6618,16543,80185000,69443
9,2291,80185000,80185100,6618,16543,80220000,69478
9,2292,80220000,80220100,6618,16543,80255000,69506
9,2293,80255000,80255100,6618,16543,80290000,69538
9,2294,80290000,80290100,6618,16543,80325000,69566
9,2295,80325000,80325100,6618,16543,80360000,69599
9,2296,80360000,80360100,6618,16543,80395000,69623
9,2297,80395000,80395100,6618,16543,80430000,69660
9,2298,80430000,80430100,6618,16543,80465000,69687
9,2299,80465000,80465100,6618,16543,80500000,69720
9,23,805000,805100,6618,16543,840000,722
9,230,8050000,8050100,6618,16543,8085000,6994
9,2300,80500000,80500100,6618,16543,80535000,69747
9,2301,80535000,80535100,6618,16543,80570000,69780
9,2302,80570000,80570100,6618,16543,80605000,69808
9,2303,80605000,80605100,6618,16543,80640000,69841
9,2304,80640000,80640100,6618,16543,80675000,69868
9,2305,80675000,80675100,6618,16543,80710000,69902
9,2306,80710000,80710100,6618,16543,80745000,69929
9,2307,80745000,80745100,6618,16543,80780000,69962
9,2308,80780000,80780100,6618,16543,80815000,69989
9,2309,80815000,80815100,6618,16543,80850000,70023
9,231,8085000,8085100,6618,16543,8120000,7027
9,2310,80850000,80850100,6618,16543,80885000,70052
9,2311,80885000,80885100,6618,16543,80920000,70084
9,2312,80920000,80920100,6618,16543,80955000,70110
9,2313,80955000,80955100,6618,16543,80990000,70143
9,2314,80990000,80990100,6618,16543,81025000,70171
9,2315,81025000,81025100,6618,16543,81060000,70206
9,2316,81060000,81060100,6618,16543,81095000,70232
9,2317,81095000,81095100,6618,16543,81130000,70267
9,2318,81130000,81130100,6618,16543,81165000,70293
9,2319,81165000,81165100,6618,16543,81200000,70325
9,232,8120000,8120100,6618,16543,8155000,7053
9,2320,81200000,81200100,6618,16543,81235000,70351
9,2321,81235000,81235100,6618,16543,81270000,70387
9,2322,81270000,81270100,6618,16543,81305000,70416
9,2323,81305000,81305100,6618,16543,81340000,70447
9,2324,81340000,81340100,6618,16543,81375000,70475
9,2325,81375000,81375100,6618,16543,81410000,70508
9,2326,81410000,81410100,6618,16543,81445000,70535
9,2327,81445000,81445100,6618,16543,81480000,70569
9,2328,81480000,81480100,6618,16543,81515000,70596
9,2329,81515000,81515100,6618,16543,81550000,70629
9,233,8155000,8155100,6618,16543,8190000,7088
9,2330,81550000,81550100,6618,16543,81585000,70656
9,2331,81585000,81585100,6618,16543,81620000,70690
9,2332,81620000,81620100,6618,16543,81655000,70716
9,2333,81655000,81655100,6618,16543,81690000,70752
9,2334,81690000,81690100,6618,16543,81725000,70779
9,2335,81725000,81725100,6618,16543,81760000,70811
9,2336,81760000,81760100,6618,16543,81795000,70838
9,2337,81795000,81795100,6618,16543,81830000,70870
9,2338,81830000,81830100,6618,16543,81865000,70899
9,2339,81865000,81865100,6618,16543,81900000,70933
9,234,8190000,8190100,6618,16543,8225000,7116
9,2340,81900000,81900100,6618,16543,81935000,70960
9,2341,81935000,81935100,6618,16543,81970000,70994
9,2342,81970000,81970100,6618,16543,82005000,71021
9,2343,82005000,82005100,6618,16543,82040000,71053
9,2344,82040000,82040100,6618,16543,82075000,71079
9,2345,82075000,82075100,6618,16543,82110000,71115
9,2346,82110000,82110100,6618,16543,82145000,71142
9,2347,82145000,82145100,6618,16543,82180000,71176
9,2348,82180000,82180100,6618,16543,82215000,71202
9,2349,82215000,82215100,6618,16543,82250000,71235
9,235,8225000,8225100,6618,16543,8260000,7150
9,2350,82250000,82250100,6618,16543,82285000,71263
9,2351,82285000,82285100,6618,16543,82320000,71296
9,2352,82320000,82320100,6618,16543,82355000,71324
9,2353,82355000,82355100,6618,16543,82390000,71356
9,2354,82390000,82390100,6618,16543,82425000,71384
9,2355,82425000,82425100,6618,16543,82460000,71418
9,2356,82460000,82460100,6618,16543,82495000,71443
9,2357,82495000,82495100,6618,16543,82530000,71479
9,2358,82530000,82530100,6618,16543,82565000,71508
9,2359,82565000,82565100,6618,16543,82600000,71538
9,236,8260000,8260100,6618,16543,8295000,7175
9,2360,82600000,82600100,6618,16543,82635000,71565
9,2361,82635000,82635100,6618,16543,82670000,71599
9,2362,82670000,82670100,6618,16543,82705000,71626
9,2363,82705000,82705100,6618,16543,82740000,71661
9,2364,82740000,82740100,6618,16543,82775000,71687
9,2365,82775000,82775100,6618,16543,82810000,71722
9,2366,82810000,82810100,6618,16543,82845000,71748
9,2367,82845000,82845100,6618,16543,82880000,71780
9,2368,82880000,82880100,6618,16543,82915000,71807
9,2369,82915000,82915100,6618,16543,82950000,71842
9,237,8295000,8295100,6618,16543,8330000,7209
9,2370,82950000,82950100,6618,16543,82985000,71870
9,2371,82985000,82985100,6618,16543,83020000,71903
9,2372,83020000,83020100,6618,16543,83055000,71931
9,2373,83055000,83055100,6618,16543,83090000,71962
9,2374,83090000,83090100,6618,16543,83125000,71991
9,2375,83125000,83125100,6618,16543,83160000,72024
9,2376,83160000,83160100,6618,16543,83195000,72050
9,2377,83195000,83195100,6618,16543,83230000,72085
9,2378,83230000,83230100,6618,16543,83265000,72111
9,2379,83265000,83265100,6618,16543,83300000,72145
9,238,8330000,8330100,6618,16543,8365000,7237
9,2380,83300000,83300100,6618,16543,83335000,72171
9,2381,83335000,83335100,6618,16543,83370000,72207
9,2382,83370000,83370100,6618,16543,83405000,72235
9,2383,83405000,83405100,6618,16543,83440000,72266
9,2384,83440000,83440100,6618,16543,83475000,72293
9,2385,83475000,83475100,6618,16543,83510000,72326
9,2386,83510000,83510100,6618,16543,83545000,72353
9,2387,83545000,83545100,6618,16543,83580000,72388
9,2388,83580000,83580100,6618,16543,83615000,72416
9,2389,83615000,83615100,6618,16543,83650000,72448
9,239,8365000,8365100,6618,16543,8400000,7269
9,2390,83650000,83650100,6618,16543,83685000,72476
9,2391,83685000,83685100,6618,16543,83720000,72509
9,2392,83720000,83720100,6618,16543,83755000,72534
9,2393,83755000,83755100,6618,16543,83790000,72570
9,2394,83790000,83790100,6618,16543,83825000,72598
9,2395,83825000,83825100,6618,16543,83860000,72631
9,2396,83860000,83860100,6618,16543,83895000,72657
9,2397,83895000,83895100,6618,16543,83930000,72690
9,2398,83930000,83930100,6618,16543,83965000,72718
9,2399,83965000,83965100,6618,16543,84000000,72751
9,24,840000,840100,6618,16543,875000,748
9,240,8400000,8400100,6618,16543,8435000,7297
9,2400,84000000,84000100,6618,16543,84035000,72778
9,2401,84035000,84035100,6618,16543,84070000,72812
9,2402,84070000,84070100,6618,16543,84105000,72840
9,2403,84105000,84105100,6618,16543,84140000,72872
9,2404,84140000,84140100,6618,16543,84175000,72899
9,2405,84175000,84175100,6618,16543,84210000,72935
9,2406,84210000,84210100,6618,16543,84245000,72962
9,2407,84245000,84245100,6618,16543,84280000,72994
9,2408,84280000,84280100,6618,16543,84315000,73020
9,2409,84315000,84315100,6618,16543,84350000,73053
9,241,8435000,8435100,6618,16543,8470000,7330
9,2410,84350000,84350100,6618,16543,84385000,73081
9,2411,84385000,84385100,6618,16543,84420000,73116
9,2412,84420000,84420100,6618,16543,84455000,73143
9,2413,84455000,84455100,6618,16543,84490000,73177
9,2414,84490000,84490100,6618,16543,84525000,73203
9,2415,84525000,84525100,6618,16543,84560000,73236
9,2416,84560000,84560100,6618,16543,84595000,73262
9,2417,84595000,84595100,6618,16543,84630000,73297
9,2418,84630000,84630100,6618,16543,84665000,73326
9,2419,84665000,84665100,6618,16543,84700000,73357
9,242,8470000,8470100,6618,16543,8505000,7358
9,2420,84700000,84700100,6618,16543,84735000,73385
9,2421,84735000,84735100,6618,16543,84770000,73418
9,2422,84770000,84770100,6618,16543,84805000,73446
9,2423,84805000,84805100,6618,16543,84840000,73479
9,2424,84840000,84840100,6618,16543,84875000,73506
9,2425,84875000,84875100,6618,16543,84910000,73540
9,2426,84910000,84910100,6618,16543,84945000,73566
9,2427,84945000,84945100,6618,16543,84980000,73601
9,2428,84980000,84980100,6618,16543,85015000,73626
9,2429,85015000,85015100,6618,16543,85050000,73662
9,243,8505000,8505100,6618,16543,8540000,7391
9,2430,85050000,85050100,6618,16543,85085000,73689
9,2431,85085000,85085100,6618,16543,85120000,73721
9,2432,85120000,85120100,6618,16543,85155000,73749
9,2433,85155000,85155100,6618,16543,85190000,73780
9,2434,85190000,85190100,6618,16543,85225000,73809
9,2435,85225000,85225100,6618,16543,85260000,73844
9,2436,85260000,85260100,6618,16543,85295000,73870
9,2437,85295000,85295100,6618,16543,85330000,73904
9,2438,85330000,85330100,6618,16543,85365000,73932
9,2439,85365000,85365100,6618,16543,85400000,73963
9,244,8540000,8540100,6618,16543,8575000,7417
9,2440,85400000,85400100,6618,16543,85435000,73989
9,2441,85435000,85435100,6618,16543,85470000,74025
9,2442,85470000,85470100,6618,16543,85505000,74053
9,2443,85505000,85505100,6618,16543,85540000,74086
9,2444,85540000,85540100,6618,16543,85575000,74112
9,2445,85575000,85575100,6618,16543,85610000,74146
9,2446,85610000,85610100,6618,16543,85645000,74173
9,2447,85645000,85645100,6618,16543,85680000,74206
9,2448,85680000,85680100,6618,16543,85715000,74234
9,2449,85715000,85715100,6618,16543,85750000,74267
9,245,8575000,8575100,6618,16543,8610000,7453
9,2450,85750000,85750100,6618,16543,85785000,74294
9,2451,85785000,85785100,6618,16543,85820000,74328
9,2452,85820000,85820100,6618,16543,85855000,74354
9,2453,85855000,85855100,6618,16543,85890000,74389
9,2454,85890000,85890100,6618,16543,85925000,74418
9,2455,85925000,85925100,6618,16543,85960000,74449
9,2456,85960000,85960100,6618,16543,85995000,74475
9,2457,85995000,85995100,6618,16543,86030000,74509
9,2458,86030000,86030100,6618,16543,86065000,74536
9,2459,86065000,86065100,6618,16543,86100000,74571
9,246,8610000,8610100,6618,16543,8645000,7481
9,2460,86100000,86100100,6618,16543,86135000,74598
9,2461,86135000,86135100,6618,16543,86170000,74632
9,2462,86170000,86170100,6618,16543,86205000,74659
9,2463,86205000,86205100,6618,16543,86240000,74690
9,2464,86240000,86240100,6618,16543,86275000,74717
9,2465,86275000,86275100,6618,16543,86310000,74753
9,2466,86310000,86310100,6618,16543,86345000,74780
9,2467,86345000,86345100,6618,16543,86380000,74813
9,2468,86380000,86380100,6618,16543,86415000,74841
9,2469,86415000,86415100,6618,16543,86450000,74872
9,247,8645000,8645100,6618,16543,8680000,7512
9,2470,86450000,86450100,6618,16543,86485000,74901
9,2471,86485000,86485100,6618,16543,86520000,74935
9,2472,86520000,86520100,6618,16543,86555000,74961
9,2473,86555000,86555100,6618,16543,86590000,74995
9,2474,86590000,86590100,6618,16543,86625000,75021
9,2475,86625000,86625100,6618,16543,86660000,75056
9,2476,86660000,86660100,6618,16543,86695000,75081
9,2477,86695000,86695100,6618,16543,86730000,75117
9,2478,86730000,86730100,6618,16543,86765000,75145
9,2479,86765000,86765100,6618,16543,86800000,75176
9,248,8680000,8680100,6618,16543,8715000,7539
9,2480,86800000,86800100,6618,16543,86835000,75203
9,2481,86835000,86835100,6618,16543,86870000,75236
9,2482,86870000,86870100,6618,16543,86905000,75265
9,2483,86905000,86905100,6618,16543,86940000,75298
9,2484,86940000,86940100,6618,16543,86975000,75326
9,2485,86975000,86975100,6618,16543,87010000,75359
9,2486,87010000,87010100,6618,16543,87045000,75386
9,2487,87045000,87045100,6618,16543,87080000,75419
9,2488,87080000,87080100,6618,16543,87115000,75444
9,2489,87115000,87115100,6618,16543,87150000,75480
9,249,8715000,8715100,6618,16543,8750000,7572
9,2490,87150000,87150100,6618,16543,87185000,75508
9,2491,87185000,87185100,6618,16543,87220000,75541
9,2492,87220000,87220100,6618,16543,87255000,75568
9,2493,87255000,87255100,6618,16543,87290000,75601
9,2494,87290000,87290100,6618,16543,87325000,75628
9,2495,87325000,87325100,6618,16543,87360000,75662
9,2496,87360000,87360100,6618,16543,87395000,75688
9,2497,87395000,87395100,6618,16543,87430000,75722
9,2498,87430000,87430100,6618,16543,87465000,75750
9,2499,87465000,87465100,6618,16543,87500000,75782
9,25,875000,875100,6618,16543,910000,783
9,250,8750000,8750100,6618,16543,8785000,7599
9,2500,87500000,87500100,6618,16543,87535000,75809
9,2501,87535000,87535100,6618,16543,87570000,75845
9,2502,87570000,87570100,6618,16543,87605000,75873
9,2503,87605000,87605100,6618,16543,87640000,75904
9,2504,87640000,87640100,6618,16543,87675000,75931
9,2505,87675000,87675100,6618,16543,87710000,75964
9,2506,87710000,87710100,6618,16543,87745000,75991
9,2507,87745000,87745100,6618,16543,87780000,76026
9,2508,87780000,87780100,6618,16543,87815000,76053
9,2509,87815000,87815100,6618,16543,87850000,76087
9,251,8785000,8785100,6618,16543,8820000,7635
9,2510,87850000,87850100,6618,16543,87885000,76113
9,2511,87885000,87885100,6618,16543,87920000,76146
9,2512,87920000,87920100,6618,16543,87955000,76173
9,2513,87955000,87955100,6618,16543,87990000,76207
9,2514,87990000,87990100,6618,16543,88025000,76236
9,2515,88025000,88025100,6618,16543,88060000,76269
9,2516,88060000,88060100,6618,16543,88095000,76295
9,2517,88095000,88095100,6618,16543,88130000,76328
9,2518,88130000,88130100,6618,16543,88165000,76356
9,2519,88165000,88165100,6618,16543,88200000,76389
9,252,8820000,8820100,6618,16543,8855000,7661
9,2520,88200000,88200100,6618,16543,88235000,76416
9,2521,88235000,88235100,6618,16543,88270000,76450
9,2522,88270000,88270100,6618,16543,88305000,76477
9,2523,88305000,88305100,6618,16543,88340000,76511
9,2524,88340000,88340100,6618,16543,88375000,76536
9,2525,88375000,88375100,6618,16543,88410000,76573
9,2526,88410000,88410100,6618,16543,88445000,76600
9,2527,88445000,88445100,6618,16543,88480000,76631
9,2528,88480000,88480100,6618,16543,88515000,76659
9,2529,88515000,88515100,6618,16543,88550000,76690
9,253,8855000,8855100,6618,16543,8890000,7695
9,2530,88550000,88550100,6618,16543,88585000,76719
9,2531,88585000,88585100,6618,16543,88620000,76754
9,2532,88620000,88620100,6618,16543,88655000,76781
9,2533,88655000,88655100,6618,16543,88690000,76814
9,2534,88690000,88690100,6618,16543,88725000,76842
9,2535,88725000,88725100,6618,16543,88760000,76874
9,2536,88760000,88760100,6618,16543,88795000,76899
9,2537,88795000,88795100,6618,16543,88830000,76936
9,2538,88830000,88830100,6618,16543,88865000,76963
9,2539,88865000,88865100,6618,16543,88900000,76996
9,254,8890000,8890100,6618,16543,8925000,7722
9,2540,88900000,88900100,6618,16543,88935000,77022
9,2541,88935000,88935100,6618,16543,88970000,77056
9,2542,88970000,88970100,6618,16543,89005000,77084
9,2543,89005000,89005100,6618,16543,89040000,77116
9,2544,89040000,89040100,6618,16543,89075000,77144
9,2545,89075000,89075100,6618,16543,89110000,77178
9,2546,89110000,89110100,6618,16543,89145000,77204
9,2547,89145000,89145100,6618,16543,89180000,77238
9,2548,89180000,89180100,6618,16543,89215000,77265
9,2549,89215000,89215100,6618,16543,89250000,77299
9,255,8925000,8925100,6618,16543,8960000,7754
9,2550,89250000,89250100,6618,16543,89285000,77328
9,2551,89285000,89285100,6618,16543,89320000,77359
9,2552,89320000,89320100,6618,16543,89355000,77386
9,2553,89355000,89355100,6618,16543,89390000,77419
9,2554,89390000,89390100,6618,16543,89425000,77446
9,2555,89425000,89425100,6618,16543,89460000,77482
9,2556,89460000,89460100,6618,16543,89495000,77508
9,2557,89495000,89495100,6618,16543,89530000,77542
9,2558,89530000,89530100,6618,16543,89565000,77569
9,2559,89565000,89565100,6618,16543,89600000,77601
9,256,8960000,8960100,6618,16543,8995000,7780
9,2560,89600000,89600100,6618,16543,89635000,77627
9,2561,89635000,89635100,6618,16543,89670000,77663
9,2562,89670000,89670100,6618,16543,89705000,77691
9,2563,89705000,89705100,6618,16543,89740000,77723
9,2564,89740000,89740100,6618,16543,89775000,77751
9,2565,89775000,89775100,6618,16543,89810000,77783
9,2566,89810000,89810100,6618,16543,89845000,77811
9,2567,89845000,89845100,6618,16543,89880000,77845
9,2568,89880000,89880100,6618,16543,89915000,77871
9,2569,89915000,89915100,6618,16543,89950000,77905
9,257,8995000,8995100,6618,16543,9030000,7816
9,2570,89950000,89950100,6618,16543,89985000,77932
9,2571,89985000,89985100,6618,16543,90020000,77966
9,2572,90020000,90020100,6618,16543,90055000,77992
9,2573,90055000,90055100,6618,16543,90090000,78027
9,2574,90090000,90090100,6618,16543,90125000,78055
9,2575,90125000,90125100,6618,16543,90160000,78087
9,2576,90160000,90160100,6618,16543,90195000,78113
9,2577,90195000,90195100,6618,16543,90230000,78146
9,2578,90230000,90230100,6618,16543,90265000,78175
9,2579,90265000,90265100,6618,16543,90300000,78208
9,258,9030000,9030100,6618,16543,9065000,7844
9,2580,90300000,90300100,6618,16543,90335000,78236
9,2581,90335000,90335100,6618,16543,90370000,78270
9,2582,90370000,90370100,6618,16543,90405000,78297
9,2583,90405000,90405100,6618,16543,90440000,78329
9,2584,90440000,90440100,6618,16543,90475000,78354
9,2585,90475000,90475100,6618,16543,90510000,78391
9,2586,90510000,90510100,6618,16543,90545000,78418
9,2587,90545000,90545100,6618,16543,90580000,78451
9,2588,90580000,90580100,6618,16543,90615000,78478
9,2589,90615000,90615100,6618,16543,90650000,78511
9,259,9065000,9065100,6618,16543,9100000,7876
9,2590,90650000,90650100,6618,16543,90685000,78538
9,2591,90685000,90685100,6618,16543,90720000,78572
9,2592,90720000,90720100,6618,16543,90755000,78600
9,2593,90755000,90755100,6618,16543,90790000,78632
9,2594,90790000,90790100,6618,16543,90825000,78660
9,2595,90825000,90825100,6618,16543,90860000,78693
9,2596,90860000,90860100,6618,16543,90895000,78719
9,2597,90895000,90895100,6618,16543,90930000,78755
9,2598,90930000,90930100,6618,16543,90965000,78783
9,2599,90965000,90965100,6618,16543,91000000,78814
9,26,910000,910100,6618,16543,945000,809
9,260,9100000,9100100,6618,16543,9135000,7904
9,2600,91000000,91000100,6618,16543,91035000,78841
9,2601,91035000,91035100,6618,16543,91070000,78874
9,2602,91070000,91070100,6618,16543,91105000,78902
9,2603,91105000,91105100,6618,16543,91140000,78937
9,2604,91140000,91140100,6618,16543,91175000,78963
9,2605,91175000,91175100,6618,16543,91210000,78998
9,2606,91210000,91210100,6618,16543,91245000,79023
9,2607,91245000,91245100,6618,16543,91280000,79056
9,2608,91280000,91280100,6618,16543,91315000,79083
9,2609,91315000,91315100,6618,16543,91350000,79117
9,261,9135000,9135100,6618,16543,9170000,7936
9,2610,91350000,91350100,6618,16543,91385000,79146
9,2611,91385000,91385100,6618,16543,91420000,79179
9,2612,91420000,91420100,6618,16543,91455000,79206
9,2613,91455000,91455100,6618,16543,91490000,79238
9,2614,91490000,91490100,6618,16543,91525000,79267
9,2615,91525000,91525100,6618,16543,91560000,79300
9,2616,91560000,91560100,6618,16543,91595000,79326
9,2617,91595000,91595100,6618,16543,91630000,79360
9,2618,91630000,91630100,6618,16543,91665000,79387
9,2619,91665000,91665100,6618,16543,91700000,79421
9,262,9170000,9170100,6618,16543,9205000,7965
9,2620,91700000,91700100,6618,16543,91735000,79446
9,2621,91735000,91735100,6618,16543,91770000,79483
9,2622,91770000,91770100,6618,16543,91805000,79511
9,2623,91805000,91805100,6618,16543,91840000,79541
9,2624,91840000,91840100,6618,16543,91875000,79569
9,2625,91875000,91875100,6618,16543,91910000,79602
9,2626,91910000,91910100,6618,16543,91945000,79629
9,2627,91945000,91945100,6618,16543,91980000,79664
9,2628,91980000,91980100,6618,16543,92015000,79691
9,2629,92015000,92015100,6618,16543,92050000,79724
9,263,9205000,9205100,6618,16543,9240000,7997
9,2630,92050000,92050100,6618,16543,92085000,79752
9,2631,92085000,92085100,6618,16543,92120000,79784
9,2632,92120000,92120100,6618,16543,92155000,79810
9,2633,92155000,92155100,6618,16543,92190000,79846
9,2634,92190000,92190100,6618,16543,92225000,79873
9,2635,92225000,92225100,6618,16543,92260000,79907
9,2636,92260000,92260100,6618,16543,92295000,79933
9,2637,92295000,92295100,6618,16543,92330000,79966
9,2638,92330000,92330100,6618,16543,92365000,79994
9,2639,92365000,92365100,6618,16543,92400000,80026
9,264,9240000,9240100,6618,16543,9275000,8024
9,265,9275000,9275100,6618,16543,9310000,8059
9,266,9310000,9310100,6618,16543,9345000,8084
9,267,9345000,9345100,6618,16543,9380000,8119
9,268,9380000,9380100,6618,16543,9415000,8145
9,269,9415000,9415100,6618,16543,9450000,8180
9,27,945000,945100,6618,16543,980000,843
9,270,9450000,9450100,6618,16543,9485000,8208
9,271,9485000,9485100,6618,16543,9520000,8240
9,272,9520000,9520100,6618,16543,9555000,8267
9,273,9555000,9555100,6618,16543,9590000,8299
9,274,9590000,9590100,6618,16543,9625000,8327
9,275,9625000,9625100,6618,16543,9660000,8362
9,276,9660000,9660100,6618,16543,9695000,8389
9,277,9695000,9695100,6618,16543,9730000,8422
9,278,9730000,9730100,6618,16543,9765000,8450
9,279,9765000,9765100,6618,16543,9800000,8482
9,28,980000,980100,6618,16543,1015000,869
9,280,9800000,9800100,6618,16543,9835000,8507
9,281,9835000,9835100,6618,16543,9870000,8544
9,282,9870000,9870100,6618,16543,9905000,8572
9,283,9905000,9905100,6618,16543,9940000,8604
9,284,9940000,9940100,6618,16543,9975000,8631
9,285,9975000,9975100,6618,16543,10010000,8664
9,286,10010000,10010100,6618,16543,10045000,8691
9,287,10045000,10045100,6618,16543,10080000,8725
9,288,10080000,10080100,6618,16543,10115000,8752
9,289,10115000,10115100,6618,16543,10150000,8785
9,29,1015000,1015100,6618,16543,1050000,905
9,290,10150000,10150100,6618,16543,10185000,8813
9,291,10185000,10185100,6618,16543,10220000,8846
9,292,10220000,10220100,6618,16543,10255000,8873
9,293,10255000,10255100,6618,16543,10290000,8908
9,294,10290000,10290100,6618,16543,10325000,8936
9,295,10325000,10325100,6618,16543,10360000,8968
9,296,10360000,10360100,6618,16543,10395000,8993
9,297,10395000,10395100,6618,16543,10430000,9027
9,298,10430000,10430100,6618,16543,10465000,9055
9,299,10465000,10465100,6618,16543,10500000,9089
9,3,105000,105100,6618,16543,140000,115
9,30,1050000,1050100,6618,16543,1085000,932
9,300,10500000,10500100,6618,16543,10535000,9116
9,301,10535000,10535100,6618,16543,10570000,9151
9,302,10570000,10570100,6618,16543,10605000,9177
9,303,10605000,10605100,6618,16543,10640000,9209
9,304,10640000,10640100,6618,16543,10675000,9236
9,305,10675000,10675100,6618,16543,10710000,9271
9,306,10710000,10710100,6618,16543,10745000,9299
9,307,10745000,10745100,6618,16543,10780000,9331
9,308,10780000,10780100,6618,16543,10815000,9359
9,309,10815000,10815100,6618,16543,10850000,9391
9,31,1085000,1085100,6618,16543,1120000,964
9,310,10850000,10850100,6618,16543,10885000,9419
9,311,10885000,10885100,6618,16543,10920000,9453
9,312,10920000,10920100,6618,16543,10955000,9480
9,313,10955000,10955100,6618,16543,10990000,9513
9,314,10990000,10990100,6618,16543,11025000,9540
9,315,11025000,11025100,6618,16543,11060000,9575
9,316,11060000,11060100,6618,16543,11095000,9599
9,317,11095000,11095100,6618,16543,11130000,9636
9,318,11130000,11130100,6618,16543,11165000,9663
9,319,11165000,11165100,6618,16543,11200000,9694
9,32,1120000,1120100,6618,16543,1155000,991
9,320,11200000,11200100,6618,16543,11235000,9722
9,321,11235000,11235100,6618,16543,11270000,9754
9,322,11270000,11270100,6618,16543,11305000,9783
9,323,11305000,11305100,6618,16543,11340000,9817
9,324,11340000,11340100,6618,16543,11375000,9844
9,325,11375000,11375100,6618,16543,11410000,9878
9,326,11410000,11410100,6618,16543,11445000,9905
9,327,11445000,11445100,6618,16543,11480000,9937
9,328,11480000,11480100,6618,16543,11515000,9963
9,329,11515000,11515100,6618,16543,11550000,9998
9,33,1155000,1155100,6618,16543,1190000,1023
9,330,11550000,11550100,6618,16543,11585000,10026
9,331,11585000,11585100,6618,16543,11620000,10060
9,332,11620000,11620100,6618,16543,11655000,10086
9,333,11655000,11655100,6618,16543,11690000,10119
9,334,11690000,11690100,6618,16543,11725000,10147
9,335,11725000,11725100,6618,16543,11760000,10180
9,336,11760000,11760100,6618,16543,11795000,10207
9,337,11795000,11795100,6618,16543,11830000,10241
9,338,11830000,11830100,6618,16543,11865000,10268
9,339,11865000,11865100,6618,16543,11900000,10301
9,34,1190000,1190100,6618,16543,1225000,1052
9,340,11900000,11900100,6618,16543,11935000,10327
9,341,11935000,11935100,6618,16543,11970000,10363
9,342,11970000,11970100,6618,16543,12005000,10392
9,343,12005000,12005100,6618,16543,12040000,10422
9,344,12040000,12040100,6618,16543,12075000,10449
9,345,12075000,12075100,6618,16543,12110000,10483
9,346,12110000,12110100,6618,16543,12145000,10509
9,347,12145000,12145100,6618,16543,12180000,10545
9,348,12180000,12180100,6618,16543,12215000,10572
9,349,12215000,12215100,6618,16543,12250000,10605
9,35,1225000,1225100,6618,16543,1260000,1086
9,350,12250000,12250100,6618,16543,12285000,10632
9,351,12285000,12285100,6618,16543,12320000,10664
9,352,12320000,12320100,6618,16543,12355000,10691
9,353,12355000,12355100,6618,16543,12390000,10726
9,354,12390000,12390100,6618,16543,12425000,10754
9,355,12425000,12425100,6618,16543,12460000,10787
9,356,12460000,12460100,6618,16543,12495000,10814
9,357,12495000,12495100,6618,16543,12530000,10846
9,358,12530000,12530100,6618,16543,12565000,10875
9,359,12565000,12565100,6618,16543,12600000,10908
9,36,1260000,1260100,6618,16543,1295000,1113
9,360,12600000,12600100,6618,16543,12635000,10934
9,361,12635000,12635100,6618,16543,12670000,10969
9,362,12670000,12670100,6618,16543,12705000,10995
9,363,12705000,12705100,6618,16543,12740000,11029
9,364,12740000,12740100,6618,16543,12775000,11055
9,365,12775000,12775100,6618,16543,12810000,11091
9,366,12810000,12810100,6618,16543,12845000,11118
9,367,12845000,12845100,6618,16543,12880000,11150
9,368,12880000,12880100,6618,16543,12915000,11177
9,369,12915000,12915100,6618,16543,12950000,11209
9,37,1295000,1295100,6618,16543,1330000,1147
9,370,12950000,12950100,6618,16543,12985000,11238
9,371,12985000,12985100,6618,16543,13020000,11272
9,372,13020000,13020100,6618,16543,13055000,11300
9,373,13055000,13055100,6618,16543,13090000,11332
9,374,13090000,13090100,6618,16543,13125000,11360
9,375,13125000,13125100,6618,16543,13160000,11393
9,376,13160000,13160100,6618,16543,13195000,11417
9,377,13195000,13195100,6618,16543,13230000,11454
9,378,13230000,13230100,6618,16543,13265000,11482
9,379,13265000,13265100,6618,16543,13300000,11514
9,38,1330000,1330100,6618,16543,1365000,1174
9,380,13300000,13300100,6618,16543,13335000,11541
9,381,13335000,13335100,6618,16543,13370000,11575
9,382,13370000,13370100,6618,16543,13405000,11602
9,383,13405000,13405100,6618,16543,13440000,11635
9,384,13440000,13440100,6618,16543,13475000,11662
9,385,13475000,13475100,6618,16543,13510000,11696
9,386,13510000,13510100,6618,16543,13545000,11723
9,387,13545000,13545100,6618,16543,13580000,11756
9,388,13580000,13580100,6618,16543,13615000,11783
9,389,13615000,13615100,6618,16543,13650000,11818
9,39,1365000,1365100,6618,16543,1400000,1206
9,390,13650000,13650100,6618,16543,13685000,11846
9,391,13685000,13685100,6618,16543,13720000,11878
9,392,13720000,13720100,6618,16543,13755000,11905
9,393,13755000,13755100,6618,16543,13790000,11937
9,394,13790000,13790100,6618,16543,13825000,11965
9,395,13825000,13825100,6618,16543,13860000,12000
9,396,13860000,13860100,6618,16543,13895000,12026
9,397,13895000,13895100,6618,16543,13930000,12061
9,398,13930000,13930100,6618,16543,13965000,12087
9,399,13965000,13965100,6618,16543,14000000,12119
9,4,140000,140100,6618,16543,175000,142
9,40,1400000,1400100,6618,16543,1435000,1232
9,400,14000000,14000100,6618,16543,14035000,12146
9,401,14035000,14035100,6618,16543,14070000,12181
9,402,14070000,14070100,6618,16543,14105000,12210
9,403,14105000,14105100,6618,16543,14140000,12242
9,404,14140000,14140100,6618,16543,14175000,12269
9,405,14175000,14175100,6618,16543,14210000,12302
9,406,14210000,14210100,6618,16543,14245000,12329
9,407,14245000,14245100,6618,16543,14280000,12363
9,408,14280000,14280100,6618,16543,14315000,12390
9,409,14315000,14315100,6618,16543,14350000,12423
9,41,1435000,1435100,6618,16543,1470000,1268
9,410,14350000,14350100,6618,16543,14385000,12450
9,411,14385000,14385100,6618,16543,14420000,12485
9,412,14420000,14420100,6618,16543,14455000,12510
9,413,14455000,14455100,6618,16543,14490000,12546
9,414,14490000,14490100,6618,16543,14525000,12574
9,415,14525000,14525100,6618,16543,14560000,12605
9,416,14560000,14560100,6618,16543,14595000,12632
9,417,14595000,14595100,6618,16543,14630000,12664
9,418,14630000,14630100,6618,16543,14665000,12693
9,419,14665000,14665100,6618,16543,14700000,12727
9,42,1470000,1470100,6618,16543,1505000,1296
9,420,14700000,14700100,6618,16543,14735000,12754
9,421,14735000,14735100,6618,16543,14770000,12788
9,422,14770000,14770100,6618,16543,14805000,12816
9,423,14805000,14805100,6618,16543,14840000,12847
9,424,14840000,14840100,6618,16543,14875000,12873
9,425,14875000,14875100,6618,16543,14910000,12910
9,426,14910000,14910100,6618,16543,14945000,12936
9,427,14945000,14945100,6618,16543,14980000,12970
9,428,14980000,14980100,6618,16543,15015000,12996
9,429,15015000,15015100,6618,16543,15050000,13029
9,43,1505000,1505100,6618,16543,1540000,1328
9,430,15050000,15050100,6618,16543,15085000,13057
9,431,15085000,15085100,6618,16543,15120000,13090
9,432,15120000,15120100,6618,16543,15155000,13118
9,433,15155000,15155100,6618,16543,15190000,13151
9,434,15190000,15190100,6618,16543,15225000,13178
9,435,15225000,15225100,6618,16543,15260000,13212
9,436,15260000,15260100,6618,16543,15295000,13238
9,437,15295000,15295100,6618,16543,15330000,13273
9,438,15330000,15330100,6618,16543,15365000,13302
9,439,15365000,15365100,6618,16543,15400000,13332
9,44,1540000,1540100,6618,16543,1575000,1355
9,440,15400000,15400100,6618,16543,15435000,13359
9,441,15435000,15435100,6618,16543,15470000,13393
9,442,15470000,15470100,6618,16543,15505000,13420
9,443,15505000,15505100,6618,16543,15540000,13455
9,444,15540000,15540100,6618,16543,15575000,13482
9,445,15575000,15575100,6618,16543,15610000,13516
9,446,15610000,15610100,6618,16543,15645000,13542
9,447,15645000,15645100,6618,16543,15680000,13575
9,448,15680000,15680100,6618,16543,15715000,13601
9,449,15715000,15715100,6618,16543,15750000,13636
9,45,1575000,1575100,6618,16543,1610000,1389
9,450,15750000,15750100,6618,16543,15785000,13664
9,451,15785000,15785100,6618,16543,15820000,13697
9,452,15820000,15820100,6618,16543,15855000,13725
9,453,15855000,15855100,6618,16543,15890000,13756
9,454,15890000,15890100,6618,16543,15925000,13785
9,455,15925000,15925100,6618,16543,15960000,13819
9,456,15960000,15960100,6618,16543,15995000,13844
9,457,15995000,15995100,6618,16543,16030000,13879
9,458,16030000,16030100,6618,16543,16065000,13906
9,459,16065000,16065100,6618,16543,16100000,13939
9,46,1610000,1610100,6618,16543,1645000,1415
9,460,16100000,16100100,6618,16543,16135000,13965
9,461,16135000,16135100,6618,16543,16170000,14001
9,462,16170000,16170100,6618,16543,16205000,14029
9,463,16205000,16205100,6618,16543,16240000,14060
9,464,16240000,16240100,6618,16543,16275000,14087
9,465,16275000,16275100,6618,16543,16310000,14120
9,466,16310000,16310100,6618,16543,16345000,14148
9,467,16345000,16345100,6618,16543,16380000,14182
9,468,16380000,16380100,6618,16543,16415000,14210
9,469,16415000,16415100,6618,16543,16450000,14243
9,47,1645000,1645100,6618,16543,1680000,1449
9,470,16450000,16450100,6618,16543,16485000,14270
9,471,16485000,16485100,6618,16543,16520000,14303
9,472,16520000,16520100,6618,16543,16555000,14328
9,473,16555000,16555100,6618,16543,16590000,14364
9,474,16590000,16590100,6618,16543,16625000,14392
9,475,16625000,16625100,6618,16543,16660000,14425
9,476,16660000,16660100,6618,16543,16695000,14451
9,477,16695000,16695100,6618,16543,16730000,14485
9,478,16730000,16730100,6618,16543,16765000,14512
9,479,16765000,16765100,6618,16543,16800000,14545
9,48,1680000,1680100,6618,16543,1715000,1477
9,480,16800000,16800100,6618,16543,16835000,14573
9,481,16835000,16835100,6618,16543,16870000,14606
9,482,16870000,16870100,6618,16543,16905000,14634
9,483,16905000,16905100,6618,16543,16940000,14666
9,484,16940000,16940100,6618,16543,16975000,14693
9,485,16975000,16975100,6618,16543,17010000,14729
9,486,17010000,17010100,6618,16543,17045000,14756
9,487,17045000,17045100,6618,16543,17080000,14788
9,488,17080000,17080100,6618,16543,17115000,14815
9,489,17115000,17115100,6618,16543,17150000,14847
9,49,1715000,1715100,6618,16543,1750000,1509
9,490,17150000,17150100,6618,16543,17185000,14875
9,491,17185000,17185100,6618,16543,17220000,14911
9,492,17220000,17220100,6618,16543,17255000,14937
9,493,17255000,17255100,6618,16543,17290000,14971
9,494,17290000,17290100,6618,16543,17325000,14997
9,495,17325000,17325100,6618,16543,17360000,15030
9,496,17360000,17360100,6618,16543,17395000,15056
9,497,17395000,17395100,6618,16543,17430000,15091
9,498,17430000,17430100,6618,16543,17465000,15120
9,499,17465000,17465100,6618,16543,17500000,15152
9,5,175000,175100,6618,16543,210000,177
9,50,1750000,1750100,6618,16543,1785000,1537
9,500,17500000,17500100,6618,16543,17535000,15179
9,501,17535000,17535100,6618,16543,17570000,15212
9,502,17570000,17570100,6618,16543,17605000,15241
9,503,17605000,17605100,6618,16543,17640000,15273
9,504,17640000,17640100,6618,16543,17675000,15300
9,505,17675000,17675100,6618,16543,17710000,15334
9,506,17710000,17710100,6618,16543,17745000,15360
9,507,17745000,17745100,6618,16543,17780000,15395
9,508,17780000,17780100,6618,16543,17815000,15420
9,509,17815000,17815100,6618,16543,17850000,15456
9,51,1785000,1785100,6618,16543,1820000,1571
9,510,17850000,17850100,6618,16543,17885000,15484
9,511,17885000,17885100,6618,16543,17920000,15515
9,512,17920000,17920100,6618,16543,17955000,15543
9,513,17955000,17955100,6618,16543,17990000,15575
9,514,17990000,17990100,6618,16543,18025000,15603
9,515,18025000,18025100,6618,16543,18060000,15638
9,516,18060000,18060100,6618,16543,18095000,15664
9,517,18095000,18095100,6618,16543,18130000,15698
9,518,18130000,18130100,6618,16543,18165000,15726
9,519,18165000,18165100,6618,16543,18200000,15757
9,52,1820000,1820100,6618,16543,1855000,1597
9,520,18200000,18200100,6618,16543,18235000,15783
9,521,18235000,18235100,6618,16543,18270000,15820
9,522,18270000,18270100,6618,16543,18305000,15847
9,523,18305000,18305100,6618,16543,18340000,15880
9,524,18340000,18340100,6618,16543,18375000,15907
9,525,18375000,18375100,6618,16543,18410000,15940
9,526,18410000,18410100,6618,16543,18445000,15967
9,527,18445000,18445100,6618,16543,18480000,16000
9,528,18480000,18480100,6618,16543,18515000,16028
9,529,18515000,18515100,6618,16543,18550000,16061
9,53,1855000,1855100,6618,16543,1890000,1632
9,530,18550000,18550100,6618,16543,18585000,16088
9,531,18585000,18585100,6618,16543,18620000,16122
9,532,18620000,18620100,6618,16543,18655000,16149
9,533,18655000,18655100,6618,16543,18690000,16183
9,534,18690000,18690100,6618,16543,18725000,16212
9,535,18725000,18725100,6618,16543,18760000,16244
9,536,18760000,18760100,6618,16543,18795000,16269
9,537,18795000,18795100,6618,16543,18830000,16303
9,538,18830000,18830100,6618,16543,18865000,16330
9,539,18865000,18865100,6618,16543,18900000,16365
9,54,1890000,1890100,6618,16543,1925000,1660
9,540,18900000,18900100,6618,16543,18935000,16392
9,541,18935000,18935100,6618,16543,18970000,16426
9,542,18970000,18970100,6618,16543,19005000,16453
9,543,19005000,19005100,6618,16543,19040000,16485
9,544,19040000,19040100,6618,16543,19075000,16511
9,545,19075000,19075100,6618,16543,19110000,16547
9,546,19110000,19110100,6618,16543,19145000,16575
9,547,19145000,19145100,6618,16543,19180000,16607
9,548,19180000,19180100,6618,16543,19215000,16635
9,549,19215000,19215100,6618,16543,19250000,16666
9,55,1925000,1925100,6618,16543,1960000,1692
9,550,19250000,19250100,6618,16543,19285000,16695
9,551,19285000,19285100,6618,16543,19320000,16729
9,552,19320000,19320100,6618,16543,19355000,16755
9,553,19355000,19355100,6618,16543,19390000,16789
9,554,19390000,19390100,6618,16543,19425000,16816
9,555,19425000,19425100,6618,16543,19460000,16850
9,556,19460000,19460100,6618,16543,19495000,16875
9,557,19495000,19495100,6618,16543,19530000,16912
9,558,19530000,19530100,6618,16543,19565000,16939
9,559,19565000,19565100,6618,16543,19600000,16970
9,56,1960000,1960100,6618,16543,1995000,1718
9,560,19600000,19600100,6618,16543,19635000,16997
9,561,19635000,19635100,6618,16543,19670000,17030
9,562,19670000,19670100,6618,16543,19705000,17059
9,563,19705000,19705100,6618,16543,19740000,17092
9,564,19740000,19740100,6618,16543,19775000,17120
9,565,19775000,19775100,6618,16543,19810000,17154
9,566,19810000,19810100,6618,16543,19845000,17180
9,567,19845000,19845100,6618,16543,19880000,17213
9,568,19880000,19880100,6618,16543,19915000,17239
9,569,19915000,19915100,6618,16543,19950000,17274
9,57,1995000,1995100,6618,16543,2030000,1751
9,570,19950000,19950100,6618,16543,19985000,17302
9,571,19985000,19985100,6618,16543,20020000,17335
9,572,20020000,20020100,6618,16543,20055000,17362
9,573,20055000,20055100,6618,16543,20090000,17395
9,574,20090000,20090100,6618,16543,20125000,17422
9,575,20125000,20125100,6618,16543,20160000,17456
9,576,20160000,20160100,6618,16543,20195000,17483
9,577,20195000,20195100,6618,16543,20230000,17516
9,578,20230000,20230100,6618,16543,20265000,17544
9,579,20265000,20265100,6618,16543,20300000,17577
9,58,2030000,2030100,6618,16543,2065000,1779
9,580,20300000,20300100,6618,16543,20335000,17603
9,581,20335000,20335100,6618,16543,20370000,17639
9,582,20370000,20370100,6618,16543,20405000,17667
9,583,20405000,20405100,6618,16543,20440000,17698
9,584,20440000,20440100,6618,16543,20475000,17725
9,585,20475000,20475100,6618,16543,20510000,17758
9,586,20510000,20510100,6618,16543,20545000,17785
9,587,20545000,20545100,6618,16543,20580000,17821
9,588,20580000,20580100,6618,16543,20615000,17847
9,589,20615000,20615100,6618,16543,20650000,17881
9,59,2065000,2065100,6618,16543,2100000,1814
9,590,20650000,20650100,6618,16543,20685000,17908
9,591,20685000,20685100,6618,16543,20720000,17940
9,592,20720000,20720100,6618,16543,20755000,17967
9,593,20755000,20755100,6618,16543,20790000,18001
9,594,20790000,20790100,6618,16543,20825000,18030
9,595,20825000,20825100,6618,16543,20860000,18063
9,596,20860000,20860100,6618,16543,20895000,18089
9,597,20895000,20895100,6618,16543,20930000,18122
9,598,20930000,20930100,6618,16543,20965000,18151
9,599,20965000,20965100,6618,16543,21000000,18183
9,6,210000,210100,6618,16543,245000,205
9,60,2100000,2100100,6618,16543,2135000,1840
9,600,21000000,21000100,6618,16543,21035000,18210
9,601,21035000,21035100,6618,16543,21070000,18245
9,602,21070000,21070100,6618,16543,21105000,18271
9,603,21105000,21105100,6618,16543,21140000,18305
9,604,21140000,21140100,6618,16543,21175000,18330
9,605,21175000,21175100,6618,16543,21210000,18367
9,606,21210000,21210100,6618,16543,21245000,18394
9,607,21245000,21245100,6618,16543,21280000,18425
9,608,21280000,21280100,6618,16543,21315000,18453
9,609,21315000,21315100,6618,16543,21350000,18485
9,61,2135000,2135100,6618,16543,2170000,1875
9,610,21350000,21350100,6618,16543,21385000,18513
9,611,21385000,21385100,6618,16543,21420000,18548
9,612,21420000,21420100,6618,16543,21455000,18576
9,613,21455000,21455100,6618,16543,21490000,18608
9,614,21490000,21490100,6618,16543,21525000,18636
9,615,21525000,21525100,6618,16543,21560000,18668
9,616,21560000,21560100,6618,16543,21595000,18693
9,617,21595000,21595100,6618,16543,21630000,18730
9,618,21630000,21630100,6618,16543,21665000,18757
9,619,21665000,21665100,6618,16543,21700000,18790
9,62,2170000,2170100,6618,16543,2205000,1902
9,620,21700000,21700100,6618,16543,21735000,18817
9,621,21735000,21735100,6618,16543,21770000,18850
9,622,21770000,21770100,6618,16543,21805000,18878
9,623,21805000,21805100,6618,16543,21840000,18911
9,624,21840000,21840100,6618,16543,21875000,18938
9,625,21875000,21875100,6618,16543,21910000,18972
9,626,21910000,21910100,6618,16543,21945000,18998
9,627,21945000,21945100,6618,16543,21980000,19032
9,628,21980000,21980100,6618,16543,22015000,19059
9,629,22015000,22015100,6618,16543,22050000,19093
9,63,2205000,2205100,6618,16543,2240000,1933
9,630,22050000,22050100,6618,16543,22085000,19122
9,631,22085000,22085100,6618,16543,22120000,19154
9,632,22120000,22120100,6618,16543,22155000,19180
9,633,22155000,22155100,6618,16543,22190000,19213
9,634,22190000,22190100,6618,16543,22225000,19241
9,635,22225000,22225100,6618,16543,22260000,19276
9,636,22260000,22260100,6618,16543,22295000,19302
9,637,22295000,22295100,6618,16543,22330000,19336
9,638,22330000,22330100,6618,16543,22365000,19363
9,639,22365000,22365100,6618,16543,22400000,19395
9,64,2240000,2240100,6618,16543,2275000,1960
9,640,22400000,22400100,6618,16543,22435000,19421
9,641,22435000,22435100,6618,16543,22470000,19457
9,642,22470000,22470100,6618,16543,22505000,19486
9,643,22505000,22505100,6618,16543,22540000,19517
9,644,22540000,22540100,6618,16543,22575000,19545
9,645,22575000,22575100,6618,16543,22610000,19578
9,646,22610000,22610100,6618,16543,22645000,19605
9,647,22645000,22645100,6618,16543,22680000,19639
9,648,22680000,22680100,6618,16543,22715000,19665
9,649,22715000,22715100,6618,16543,22750000,19699
9,65,2275000,2275100,6618,16543,2310000,1995
9,650,22750000,22750100,6618,16543,22785000,19726
9,651,22785000,22785100,6618,16543,22820000,19760
9,652,22820000,22820100,6618,16543,22855000,19786
9,653,22855000,22855100,6618,16543,22890000,19822
9,654,22890000,22890100,6618,16543,22925000,19849
9,655,22925000,22925100,6618,16543,22960000,19881
9,656,22960000,22960100,6618,16543,22995000,19908
9,657,22995000,22995100,6618,16543,23030000,19940
9,658,23030000,23030100,6618,16543,23065000,19969
9,659,23065000,23065100,6618,16543,23100000,20002
9,66,2310000,2310100,6618,16543,2345000,2023
9,660,23100000,23100100,6618,16543,23135000,20030
9,661,23135000,23135100,6618,16543,23170000,20064
9,662,23170000,23170100,6618,16543,23205000,20091
9,663,23205000,23205100,6618,16543,23240000,20123
9,664,23240000,23240100,6618,16543,23275000,20149
9,665,23275000,23275100,6618,16543,23310000,20185
9,666,23310000,23310100,6618,16543,23345000,20212
9,667,23345000,23345100,6618,16543,23380000,20246
9,668,23380000,23380100,6618,16543,23415000,20272
9,669,23415000,23415100,6618,16543,23450000,20305
9,67,2345000,2345100,6618,16543,2380000,2056
9,670,23450000,23450100,6618,16543,23485000,20332
9,671,23485000,23485100,6618,16543,23520000,20366
9,672,23520000,23520100,6618,16543,23555000,20394
9,673,23555000,23555100,6618,16543,23590000,20426
9,674,23590000,23590100,6618,16543,23625000,20454
9,675,23625000,23625100,6618,16543,23660000,20488
9,676,23660000,23660100,6618,16543,23695000,20513
9,677,23695000,23695100,6618,16543,23730000,20549
9,678,23730000,23730100,6618,16543,23765000,20578
9,679,23765000,23765100,6618,16543,23800000,20608
9,68,2380000,2380100,6618,16543,2415000,2083
9,680,23800000,23800100,6618,16543,23835000,20635
9,681,23835000,23835100,6618,16543,23870000,20668
9,682,23870000,23870100,6618,16543,23905000,20696
9,683,23905000,23905100,6618,16543,23940000,20731
9,684,23940000,23940100,6618,16543,23975000,20757
9,685,23975000,23975100,6618,16543,24010000,20792
9,686,24010000,24010100,6618,16543,24045000,20818
9,687,24045000,24045100,6618,16543,24080000,20850
9,688,24080000,24080100,6618,16543,24115000,20877
9,689,24115000,24115100,6618,16543,24150000,20912
9,69,2415000,2415100,6618,16543,2450000,2115
9,690,24150000,24150100,6618,16543,24185000,20940
9,691,24185000,24185100,6618,16543,24220000,20973
9,692,24220000,24220100,6618,16543,24255000,21000
9,693,24255000,24255100,6618,16543,24290000,21032
9,694,24290000,24290100,6618,16543,24325000,21061
9,695,24325000,24325100,6618,16543,24360000,21094
9,696,24360000,24360100,6618,16543,24395000,21120
9,697,24395000,24395100,6618,16543,24430000,21155
9,698,24430000,24430100,6618,16543,24465000,21181
9,699,24465000,24465100,6618,16543,24500000,21215
9,7,245000,245100,6618,16543,280000,237
9,70,2450000,2450100,6618,16543,2485000,2144
9,700,24500000,24500100,6618,16543,24535000,21241
9,701,24535000,24535100,6618,16543,24570000,21277
9,702,24570000,24570100,6618,16543,24605000,21305
9,703,24605000,24605100,6618,16543,24640000,21335
9,704,24640000,24640100,6618,16543,24675000,21363
9,705,24675000,24675100,6618,16543,24710000,21396
9,706,24710000,24710100,6618,16543,24745000,21423
9,707,24745000,24745100,6618,16543,24780000,21458
9,708,24780000,24780100,6618,16543,24815000,21486
9,709,24815000,24815100,6618,16543,24850000,21518
9,71,2485000,2485100,6618,16543,2520000,2177
9,710,24850000,24850100,6618,16543,24885000,21546
9,711,24885000,24885100,6618,16543,24920000,21579
9,712,24920000,24920100,6618,16543,24955000,21604
9,713,24955000,24955100,6618,16543,24990000,21640
9,714,24990000,24990100,6618,16543,25025000,21667
9,715,25025000,25025100,6618,16543,25060000,21701
9,716,25060000,25060100,6618,16543,25095000,21727
9,717,25095000,25095100,6618,16543,25130000,21760
9,718,25130000,25130100,6618,16543,25165000,21788
9,719,25165000,25165100,6618,16543,25200000,21821
9,72,2520000,2520100,6618,16543,2555000,2204
9,720,25200000,25200100,6618,16543,25235000,21848
9,721,25235000,25235100,6618,16543,25270000,21882
9,722,25270000,25270100,6618,16543,25305000,21910
9,723,25305000,25305100,6618,16543,25340000,21942
9,724,25340000,25340100,6618,16543,25375000,21969
9,725,25375000,25375100,6618,16543,25410000,22004
9,726,25410000,25410100,6618,16543,25445000,22032
9,727,25445000,25445100,6618,16543,25480000,22064
9,728,25480000,25480100,6618,16543,25515000,22090
9,729,25515000,25515100,6618,16543,25550000,22123
9,73,2555000,2555100,6618,16543,2590000,2238
9,730,25550000,25550100,6618,16543,25585000,22151
9,731,25585000,25585100,6618,16543,25620000,22186
9,732,25620000,25620100,6618,16543,25655000,22213
9,733,25655000,25655100,6618,16543,25690000,22247
9,734,25690000,25690100,6618,16543,25725000,22273
9,735,25725000,25725100,6618,16543,25760000,22306
9,736,25760000,25760100,6618,16543,25795000,22331
9,737,25795000,25795100,6618,16543,25830000,22367
9,738,25830000,25830100,6618,16543,25865000,22396
9,739,25865000,25865100,6618,16543,25900000,22427
9,74,2590000,2590100,6618,16543,2625000,2264
9,740,25900000,25900100,6618,16543,25935000,22455
9,741,25935000,25935100,6618,16543,25970000,22488
9,742,25970000,25970100,6618,16543,26005000,22516
9,743,26005000,26005100,6618,16543,26040000,22549
9,744,26040000,26040100,6618,16543,26075000,22576
9,745,26075000,26075100,6618,16543,26110000,22610
9,746,26110000,26110100,6618,16543,26145000,22636
9,747,26145000,26145100,6618,16543,26180000,22670
9,748,26180000,26180100,6618,16543,26215000,22696
9,749,26215000,26215100,6618,16543,26250000,22732
9,75,2625000,2625100,6618,16543,2660000,2299
9,750,26250000,26250100,6618,16543,26285000,22759
9,751,26285000,26285100,6618,16543,26320000,22791
9,752,26320000,26320100,6618,16543,26355000,22819
9,753,26355000,26355100,6618,16543,26390000,22850
9,754,26390000,26390100,6618,16543,26425000,22879
9,755,26425000,26425100,6618,16543,26460000,22914
9,756,26460000,26460100,6618,16543,26495000,22940
9,757,26495000,26495100,6618,16543,26530000,22974
9,758,26530000,26530100,6618,16543,26565000,23001
9,759,26565000,26565100,6618,16543,26600000,23033
9,76,2660000,2660100,6618,16543,2695000,2323
9,760,26600000,26600100,6618,16543,26635000,23059
9,761,26635000,26635100,6618,16543,26670000,23095
9,762,26670000,26670100,6618,16543,26705000,23123
9,763,26705000,26705100,6618,16543,26740000,23156
9,764,26740000,26740100,6618,16543,26775000,23182
9,765,26775000,26775100,6618,16543,26810000,23216
9,766,26810000,26810100,6618,16543,26845000,23243
9,767,26845000,26845100,6618,16543,26880000,23276
9,768,26880000,26880100,6618,16543,26915000,23304
9,769,26915000,26915100,6618,16543,26950000,23336
9,77,2695000,2695100,6618,16543,2730000,2360
9,770,26950000,26950100,6618,16543,26985000,23364
9,771,26985000,26985100,6618,16543,27020000,23398
9,772,27020000,27020100,6618,16543,27055000,23424
9,773,27055000,27055100,6618,16543,27090000,23459
9,774,27090000,27090100,6618,16543,27125000,23488
9,775,27125000,27125100,6618,16543,27160000,23519
9,776,27160000,27160100,6618,16543,27195000,23545
9,777,27195000,27195100,6618,16543,27230000,23579
9,778,27230000,27230100,6618,16543,27265000,23606
9,779,27265000,27265100,6618,16543,27300000,23641
9,78,2730000,2730100,6618,16543,2765000,2388
9,780,27300000,27300100,6618,16543,27335000,23667
9,781,27335000,27335100,6618,16543,27370000,23702
9,782,27370000,27370100,6618,16543,27405000,23729
9,783,27405000,27405100,6618,16543,27440000,23760
9,784,27440000,27440100,6618,16543,27475000,23787
9,785,27475000,27475100,6618,16543,27510000,23823
9,786,27510000,27510100,6618,16543,27545000,23850
9,787,27545000,27545100,6618,16543,27580000,23883
9,788,27580000,27580100,6618,16543,27615000,23911
9,789,27615000,27615100,6618,16543,27650000,23942
9,79,2765000,2765100,6618,16543,2800000,2418
9,790,27650000,27650100,6618,16543,27685000,23971
9,791,27685000,27685100,6618,16543,27720000,24004
9,792,27720000,27720100,6618,16543,27755000,24031
9,793,27755000,27755100,6618,16543,27790000,24065
9,794,27790000,27790100,6618,16543,27825000,24091
9,795,27825000,27825100,6618,16543,27860000,24126
9,796,27860000,27860100,6618,16543,27895000,24151
9,797,27895000,27895100,6618,16543,27930000,24187
9,798,27930000,27930100,6618,16543,27965000,24215
9,799,27965000,27965100,6618,16543,28000000,24246
9,8,280000,280100,6618,16543,315000,263
9,80,2800000,2800100,6618,16543,2835000,2446
9,800,28000000,28000100,6618,16543,28035000,24273
9,801,28035000,28035100,6618,16543,28070000,24306
9,802,28070000,28070100,6618,16543,28105000,24334
9,803,28105000,28105100,6618,16543,28140000,24368
9,804,28140000,28140100,6618,16543,28175000,24396
9,805,28175000,28175100,6618,16543,28210000,24429
9,806,28210000,28210100,6618,16543,28245000,24456
9,807,28245000,28245100,6618,16543,28280000,24489
9,808,28280000,28280100,6618,16543,28315000,24514
9,809,28315000,28315100,6618,16543,28350000,24550
9,81,2835000,2835100,6618,16543,2870000,2479
9,810,28350000,28350100,6618,16543,28385000,24578
9,811,28385000,28385100,6618,16543,28420000,24611
9,812,28420000,28420100,6618,16543,28455000,24638
9,813,28455000,28455100,6618,16543,28490000,24670
9,814,28490000,28490100,6618,16543,28525000,24698
9,815,28525000,28525100,6618,16543,28560000,24732
9,816,28560000,28560100,6618,16543,28595000,24758
9,817,28595000,28595100,6618,16543,28630000,24792
9,818,28630000,28630100,6618,16543,28665000,24820
9,819,28665000,28665100,6618,16543,28700000,24852
9,82,2870000,2870100,6618,16543,2905000,2507
9,820,28700000,28700100,6618,16543,28735000,24879
9,821,28735000,28735100,6618,16543,28770000,24915
9,822,28770000,28770100,6618,16543,28805000,24943
9,823,28805000,28805100,6618,16543,28840000,24974
9,824,28840000,28840100,6618,16543,28875000,25000
9,825,28875000,28875100,6618,16543,28910000,25034
9,826,28910000,28910100,6618,16543,28945000,25061
9,827,28945000,28945100,6618,16543,28980000,25096
9,828,28980000,28980100,6618,16543,29015000,25123
9,829,29015000,29015100,6618,16543,29050000,25157
9,83,2905000,2905100,6618,16543,2940000,2541
9,830,29050000,29050100,6618,16543,29085000,25183
9,831,29085000,29085100,6618,16543,29120000,25216
9,832,29120000,29120100,6618,16543,29155000,25243
9,833,29155000,29155100,6618,16543,29190000,25277
9,834,29190000,29190100,6618,16543,29225000,25306
9,835,29225000,29225100,6618,16543,29260000,25338
9,836,29260000,29260100,6618,16543,29295000,25365
9,837,29295000,29295100,6618,16543,29330000,25398
9,838,29330000,29330100,6618,16543,29365000,25426
9,839,29365000,29365100,6618,16543,29400000,25459
9,84,2940000,2940100,6618,16543,2975000,2569
9,840,29400000,29400100,6618,16543,29435000,25486
9,841,29435000,29435100,6618,16543,29470000,25520
9,842,29470000,29470100,6618,16543,29505000,25547
9,843,29505000,29505100,6618,16543,29540000,25581
9,844,29540000,29540100,6618,16543,29575000,25606
9,845,29575000,29575100,6618,16543,29610000,25643
9,846,29610000,29610100,6618,16543,29645000,25669
9,847,29645000,29645100,6618,16543,29680000,25701
9,848,29680000,29680100,6618,16543,29715000,25729
9,849,29715000,29715100,6618,16543,29750000,25760
9,85,2975000,2975100,6618,16543,3010000,2602
9,850,29750000,29750100,6618,16543,29785000,25789
9,851,29785000,29785100,6618,16543,29820000,25824
9,852,29820000,29820100,6618,16543,29855000,25851
9,853,29855000,29855100,6618,16543,29890000,25884
9,854,29890000,29890100,6618,16543,29925000,25912
9,855,29925000,29925100,6618,16543,29960000,25944
9,856,29960000,29960100,6618,16543,29995000,25969
9,857,29995000,29995100,6618,16543,30030000,26005
9,858,30030000,30030100,6618,16543,30065000,26033
9,859,30065000,30065100,6618,16543,30100000,26066
9,86,3010000,3010100,6618,16543,3045000,2629
9,860,30100000,30100100,6618,16543,30135000,26092
9,861,30135000,30135100,6618,16543,30170000,26126
9,862,30170000,30170100,6618,16543,30205000,26154
9,863,30205000,30205100,6618,16543,30240000,26186
9,864,30240000,30240100,6618,16543,30275000,26214
9,865,30275000,30275100,6618,16543,30310000,26248
9,866,30310000,30310100,6618,16543,30345000,26274
9,867,30345000,30345100,6618,16543,30380000,26308
9,868,30380000,30380100,6618,16543,30415000,26334
9,869,30415000,30415100,6618,16543,30450000,26369
9,87,3045000,3045100,6618,16543,3080000,2661
9,870,30450000,30450100,6618,16543,30485000,26398
9,871,30485000,30485100,6618,16543,30520000,26429
9,872,30520000,30520100,6618,16543,30555000,26456
9,873,30555000,30555100,6618,16543,30590000,26489
9,874,30590000,30590100,6618,16543,30625000,26516
9,875,30625000,30625100,6618,16543,30660000,26552
9,876,30660000,30660100,6618,16543,30695000,26578
9,877,30695000,30695100,6618,16543,30730000,26612
9,878,30730000,30730100,6618,16543,30765000,26639
9,879,30765000,30765100,6618,16543,30800000,26670
9,88,3080000,3080100,6618,16543,3115000,2687
9,880,30800000,30800100,6618,16543,30835000,26697
9,881,30835000,30835100,6618,16543,30870000,26733
9,882,30870000,30870100,6618,16543,30905000,26761
9,883,30905000,30905100,6618,16543,30940000,26793
9,884,30940000,30940100,6618,16543,30975000,26821
9,885,30975000,30975100,6618,16543,31010000,26853
9,886,31010000,31010100,6618,16543,31045000,26881
9,887,31045000,31045100,6618,16543,31080000,26915
9,888,31080000,31080100,6618,16543,31115000,26941
9,889,31115000,31115100,6618,16543,31150000,26975
9,89,3115000,3115100,6618,16543,3150000,2723
9,890,31150000,31150100,6618,16543,31185000,27001
9,891,31185000,31185100,6618,16543,31220000,27036
9,892,31220000,31220100,6618,16543,31255000,27062
9,893,31255000,31255100,6618,16543,31290000,27097
9,894,31290000,31290100,6618,16543,31325000,27125
9,895,31325000,31325100,6618,16543,31360000,27157
9,896,31360000,31360100,6618,16543,31395000,27183
9,897,31395000,31395100,6618,16543,31430000,27216
9,898,31430000,31430100,6618,16543,31465000,27245
9,899,31465000,31465100,6618,16543,31500000,27278
9,9,315000,315100,6618,16543,350000,296
9,90,3150000,3150100,6618,16543,3185000,2750
9,900,31500000,31500100,6618,16543,31535000,27306
9,901,31535000,31535100,6618,16543,31570000,27339
9,902,31570000,31570100,6618,16543,31605000,27367
9,903,31605000,31605100,6618,16543,31640000,27399
9,904,31640000,31640100,6618,16543,31675000,27424
9,905,31675000,31675100,6618,16543,31710000,27461
9,906,31710000,31710100,6618,16543,31745000,27488
9,907,31745000,31745100,6618,16543,31780000,27521
9,908,31780000,31780100,6618,16543,31815000,27548
9,909,31815000,31815100,6618,16543,31850000,27581
9,91,3185000,3185100,6618,16543,3220000,2784
9,910,31850000,31850100,6618,16543,31885000,27608
9,911,31885000,31885100,6618,16543,31920000,27642
9,912,31920000,31920100,6618,16543,31955000,27669
9,913,31955000,31955100,6618,16543,31990000,27702
9,914,31990000,31990100,6618,16543,32025000,27730
9,915,32025000,32025100,6618,16543,32060000,27763
9,916,32060000,32060100,6618,16543,32095000,27789
9,917,32095000,32095100,6618,16543,32130000,27825
9,918,32130000,32130100,6618,16543,32165000,27853
9,919,32165000,32165100,6618,16543,32200000,27884
9,92,3220000,3220100,6618,16543,3255000,2811
9,920,32200000,32200100,6618,16543,32235000,27911
9,921,32235000,32235100,6618,16543,32270000,27944
9,922,32270000,32270100,6618,16543,32305000,27972
9,923,32305000,32305100,6618,16543,32340000,28006
9,924,32340000,32340100,6618,16543,32375000,28033
9,925,32375000,32375100,6618,16543,32410000,28068
9,926,32410000,32410100,6618,16543,32445000,28093
9,927,32445000,32445100,6618,16543,32480000,28126
9,928,32480000,32480100,6618,16543,32515000,28153
9,929,32515000,32515100,6618,16543,32550000,28187
9,93,3255000,3255100,6618,16543,3290000,2843
9,930,32550000,32550100,6618,16543,32585000,28216
9,931,32585000,32585100,6618,16543,32620000,28249
9,932,32620000,32620100,6618,16543,32655000,28276
9,933,32655000,32655100,6618,16543,32690000,28308
9,934,32690000,32690100,6618,16543,32725000,28336
9,935,32725000,32725100,6618,16543,32760000,28370
9,936,32760000,32760100,6618,16543,32795000,28396
9,937,32795000,32795100,6618,16543,32830000,28430
9,938,32830000,32830100,6618,16543,32865000,28457
9,939,32865000,32865100,6618,16543,32900000,28491
9,94,3290000,3290100,6618,16543,3325000,2871
9,940,32900000,32900100,6618,16543,32935000,28516
9,941,32935000,32935100,6618,16543,32970000,28553
9,942,32970000,32970100,6618,16543,33005000,28581
9,943,33005000,33005100,6618,16543,33040000,28611
9,944,33040000,33040100,6618,16543,33075000,28639
9,945,33075000,33075100,6618,16543,33110000,28671
9,946,33110000,33110100,6618,16543,33145000,28699
9,947,33145000,33145100,6618,16543,33180000,28734
9,948,33180000,33180100,6618,16543,33215000,28761
9,949,33215000,33215100,6618,16543,33250000,28794
9,95,3325000,3325100,6618,16543,3360000,2905
9,950,33250000,33250100,6618,16543,33285000,28822
9,951,33285000,33285100,6618,16543,33320000,28854
9,952,33320000,33320100,6618,16543,33355000,28880
9,953,33355000,33355100,6618,16543,33390000,28916
9,954,33390000,33390100,6618,16543,33425000,28943
9,955,33425000,33425100,6618,16543,33460000,28977
9,956,33460000,33460100,6618,16543,33495000,29002
9,957,33495000,33495100,6618,16543,33530000,29036
9,958,33530000,33530100,6618,16543,33565000,29064
9,959,33565000,33565100,6618,16543,33600000,29096
9,96,3360000,3360100,6618,16543,3395000,2931
9,960,33600000,33600100,6618,16543,33635000,29124
9,961,33635000,33635100,6618,16543,33670000,29158
9,962,33670000,33670100,6618,16543,33705000,29185
9,963,33705000,33705100,6618,16543,33740000,29218
9,964,33740000,33740100,6618,16543,33775000,29245
9,965,33775000,33775100,6618,16543,33810000,29280
9,966,33810000,33810100,6618,16543,33845000,29308
9,967,33845000,33845100,6618,16543,33880000,29339
9,968,33880000,33880100,6618,16543,33915000,29366
9,969,33915000,33915100,6618,16543,33950000,29399
9,97,3395000,3395100,6618,16543,3430000,2965
9,970,33950000,33950100,6618,16543,33985000,29426
9,971,33985000,33985100,6618,16543,34020000,29462
9,972,34020000,34020100,6618,16543,34055000,29489
9,973,34055000,34055100,6618,16543,34090000,29522
9,974,34090000,34090100,6618,16543,34125000,29549
9,975,34125000,34125100,6618,16543,34160000,29582
9,976,34160000,34160100,6618,16543,34195000,29607
9,977,34195000,34195100,6618,16543,34230000,29643
9,978,34230000,34230100,6618,16543,34265000,29671
9,979,34265000,34265100,6618,16543,34300000,29703
9,98,3430000,3430100,6618,16543,3465000,2992
9,980,34300000,34300100,6618,16543,34335000,29731
9,981,34335000,34335100,6618,16543,34370000,29763
9,982,34370000,34370100,6618,16543,34405000,29792
9,983,34405000,34405100,6618,16543,34440000,29825
9,984,34440000,34440100,6618,16543,34475000,29851
9,985,34475000,34475100,6618,16543,34510000,29886
9,986,34510000,34510100,6618,16543,34545000,29912
9,987,34545000,34545100,6618,16543,34580000,29946
9,988,34580000,34580100,6618,16543,34615000,29972
9,989,34615000,34615100,6618,16543,34650000,30007
9,99,3465000,3465100,6618,16543,3500000,3025
9,990,34650000,34650100,6618,16543,34685000,30035
9,991,34685000,34685100,6618,16543,34720000,30067
9,992,34720000,34720100,6618,16543,34755000,30094
9,993,34755000,34755100,6618,16543,34790000,30126
9,994,34790000,34790100,6618,16543,34825000,30155
9,995,34825000,34825100,6618,16543,34860000,30189
9,996,34860000,34860100,6618,16543,34895000,30216
9,997,34895000,34895100,6618,16543,34930000,30250
9,998,34930000,34930100,6618,16543,34965000,30277
9,999,34965000,34965100,6618,16543,35000000,30309
