Task ID,Job ID,Arrival min,Arrival max,Cost min,Cost max,Deadline,Priority
0,0,0,50,4,6,1000,0
0,1,1000,1050,4,6,2000,1
0,10,10000,10050,4,6,11000,17
0,100,100000,100050,4,6,101000,182
0,1000,1000000,1000050,4,6,1001000,1842
0,1001,1001000,1001050,4,6,1002000,1843
0,1002,1002000,1002050,4,6,1003000,1846
0,1003,1003000,1003050,4,6,1004000,1847
0,1004,1004000,1004050,4,6,1005000,1849
0,1005,1005000,1005050,4,6,1006000,1850
0,1006,1006000,1006050,4,6,1007000,1852
0,1007,1007000,1007050,4,6,1008000,1853
0,1008,1008000,1008050,4,6,1009000,1856
0,1009,1009000,1009050,4,6,1010000,1857
0,101,101000,101050,4,6,102000,183
0,1010,1010000,1010050,4,6,1011000,1860
0,1011,1011000,1011050,4,6,1012000,1861
0,1012,1012000,1012050,4,6,1013000,1863
0,1013,1013000,1013050,4,6,1014000,1864
0,1014,1014000,1014050,4,6,1015000,1867
0,1015,1015000,1015050,4,6,1016000,1868
0,1016,1016000,1016050,4,6,1017000,1870
0,1017,1017000,1017050,4,6,1018000,1871
0,1018,1018000,1018050,4,6,1019000,1873
0,1019,1019000,1019050,4,6,1020000,1874
0,102,102000,102050,4,6,103000,186
0,1020,1020000,1020050,4,6,1021000,1879
0,1021,1021000,1021050,4,6,1022000,1880
0,1022,1022000,1022050,4,6,1023000,1882
0,1023,1023000,1023050,4,6,1024000,1883
0,1024,1024000,1024050,4,6,1025000,1885
0,1025,1025000,1025050,4,6,1026000,1886
0,1026,1026000,1026050,4,6,1027000,1889
0,1027,1027000,1027050,4,6,1028000,1890
0,1028,1028000,1028050,4,6,1029000,1892
0,1029,1029000,1029050,4,6,1030000,1893
0,103,103000,103050,4,6,104000,187
0,1030,1030000,1030050,4,6,1031000,1896
0,1031,1031000,1031050,4,6,1032000,1897
0,1032,1032000,1032050,4,6,1033000,1900
0,1033,1033000,1033050,4,6,1034000,1901
0,1034,1034000,1034050,4,6,1035000,1903
0,1035,1035000,1035050,4,6,1036000,1904
0,1036,1036000,1036050,4,6,1037000,1906
0,1037,1037000,1037050,4,6,1038000,1907
0,1038,1038000,1038050,4,6,1039000,1910
0,1039,1039000,1039050,4,6,1040000,1911
0,104,104000,104050,4,6,105000,189
0,1040,1040000,1040050,4,6,1041000,1915
0,1041,1041000,1041050,4,6,1042000,1916
0,1042,1042000,1042050,4,6,1043000,1918
0,1043,1043000,1043050,4,6,1044000,1919
0,1044,1044000,1044050,4,6,1045000,1922
0,1045,1045000,1045050,4,6,1046000,1923
0,1046,1046000,1046050,4,6,1047000,1925
0,1047,1047000,1047050,4,6,1048000,1926
0,1048,1048000,1048050,4,6,1049000,1928
0,1049,1049000,1049050,4,6,1050000,1929
0,105,105000,105050,4,6,106000,190
0,1050,1050000,1050050,4,6,1051000,1934
0,1051,1051000,1051050,4,6,1052000,1935
0,1052,1052000,1052050,4,6,1053000,1937
0,1053,1053000,1053050,4,6,1054000,1938
0,1054,1054000,1054050,4,6,1055000,1940
0,1055,1055000,1055050,4,6,1056000,1941
0,1056,1056000,1056050,4,6,1057000,1944
0,1057,1057000,1057050,4,6,1058000,1945
0,1058,1058000,1058050,4,6,1059000,1947
0,1059,1059000,1059050,4,6,1060000,1948
0,106,106000,106050,4,6,107000,192
0,1060,1060000,1060050,4,6,1061000,1951
0,1061,1061000,1061050,4,6,1062000,1952
0,1062,1062000,1062050,4,6,1063000,1955
0,1063,1063000,1063050,4,6,1064000,1956
0,1064,1064000,1064050,4,6,1065000,1958
0,1065,1065000,1065050,4,6,1066000,1959
0,1066,1066000,1066050,4,6,1067000,1961
0,1067,1067000,1067050,4,6,1068000,1962
0,1068,1068000,1068050,4,6,1069000,1965
0,1069,1069000,1069050,4,6,1070000,1966
0,107,107000,107050,4,6,108000,193
0,1070,1070000,1070050,4,6,1071000,1969
0,1071,1071000,1071050,4,6,1072000,1970
0,1072,1072000,1072050,4,6,1073000,1972
0,1073,1073000,1073050,4,6,1074000,1973
0,1074,1074000,1074050,4,6,1075000,1976
0,1075,1075000,1075050,4,6,1076000,1977
0,1076,1076000,1076050,4,6,1077000,1979
0,1077,1077000,1077050,4,6,1078000,1980
0,1078,1078000,1078050,4,6,1079000,1982
0,1079,1079000,1079050,4,6,1080000,1983
0,108,108000,108050,4,6,109000,196
0,1080,1080000,1080050,4,6,1081000,1989
0,1081,1081000,1081050,4,6,1082000,1990
0,1082,1082000,1082050,4,6,1083000,1992
0,1083,1083000,1083050,4,6,1084000,1993
0,1084,1084000,1084050,4,6,1085000,1995
0,1085,1085000,1085050,4,6,1086000,1996
0,1086,1086000,1086050,4,6,1087000,1999
0,1087,1087000,1087050,4,6,1088000,2000
0,1088,1088000,1088050,4,6,1089000,2002
0,1089,1089000,1089050,4,6,1090000,2003
0,109,109000,109050,4,6,110000,197
0,1090,1090000,1090050,4,6,1091000,2006
0,1091,1091000,1091050,4,6,1092000,2007
0,1092,1092000,1092050,4,6,1093000,2010
0,1093,1093000,1093050,4,6,1094000,2011
0,1094,1094000,1094050,4,6,1095000,2013
0,1095,1095000,1095050,4,6,1096000,2014
0,1096,1096000,1096050,4,6,1097000,2016
0,1097,1097000,1097050,4,6,1098000,2017
0,1098,1098000,1098050,4,6,1099000,2020
0,1099,1099000,1099050,4,6,1100000,2021
0,11,11000,11050,4,6,12000,18
0,110,110000,110050,4,6,111000,200
0,1100,1100000,1100050,4,6,1101000,2025
0,1101,1101000,1101050,4,6,1102000,2026
0,1102,1102000,1102050,4,6,1103000,2028
0,1103,1103000,1103050,4,6,1104000,2029
0,1104,1104000,1104050,4,6,1105000,2032
0,1105,1105000,1105050,4,6,1106000,2033
0,1106,1106000,1106050,4,6,1107000,2035
0,1107,1107000,1107050,4,6,1108000,2036
0,1108,1108000,1108050,4,6,1109000,2038
0,1109,1109000,1109050,4,6,1110000,2039
0,111,111000,111050,4,6,112000,201
0,1110,1110000,1110050,4,6,1111000,2044
0,1111,1111000,1111050,4,6,1112000,2045
0,1112,1112000,1112050,4,6,1113000,2047
0,1113,1113000,1113050,4,6,1114000,2048
0,1114,1114000,1114050,4,6,1115000,2050
0,1115,1115000,1115050,4,6,1116000,2051
0,1116,1116000,1116050,4,6,1117000,2054
0,1117,1117000,1117050,4,6,1118000,2055
0,1118,1118000,1118050,4,6,1119000,2057
0,1119,1119000,1119050,4,6,1120000,2058
0,112,112000,112050,4,6,113000,203
0,1120,1120000,1120050,4,6,1121000,2062
0,1121,1121000,1121050,4,6,1122000,2063
0,1122,1122000,1122050,4,6,1123000,2066
0,1123,1123000,1123050,4,6,1124000,2067
0,1124,1124000,1124050,4,6,1125000,2069
0,1125,1125000,1125050,4,6,1126000,2070
0,1126,1126000,1126050,4,6,1127000,2072
0,1127,1127000,1127050,4,6,1128000,2073
0,1128,1128000,1128050,4,6,1129000,2076
0,1129,1129000,1129050,4,6,1130000,2077
0,113,113000,113050,4,6,114000,204
0,1130,1130000,1130050,4,6,1131000,2080
0,1131,1131000,1131050,4,6,1132000,2081
0,1132,1132000,1132050,4,6,1133000,2083
0,1133,1133000,1133050,4,6,1134000,2084
0,1134,1134000,1134050,4,6,1135000,2087
0,1135,1135000,1135050,4,6,1136000,2088
0,1136,1136000,1136050,4,6,1137000,2090
0,1137,1137000,1137050,4,6,1138000,2091
0,1138,1138000,1138050,4,6,1139000,2093
0,1139,1139000,1139050,4,6,1140000,2094
0,114,114000,114050,4,6,115000,207
0,1140,1140000,1140050,4,6,1141000,2099
0,1141,1141000,1141050,4,6,1142000,2100
0,1142,1142000,1142050,4,6,1143000,2102
0,1143,1143000,1143050,4,6,1144000,2103
0,1144,1144000,1144050,4,6,1145000,2105
0,1145,1145000,1145050,4,6,1146000,2106
0,1146,1146000,1146050,4,6,1147000,2109
0,1147,1147000,1147050,4,6,1148000,2110
0,1148,1148000,1148050,4,6,1149000,2112
0,1149,1149000,1149050,4,6,1150000,2113
0,115,115000,115050,4,6,116000,208
0,1150,1150000,1150050,4,6,1151000,2116
0,1151,1151000,1151050,4,6,1152000,2117
0,1152,1152000,1152050,4,6,1153000,2120
0,1153,1153000,1153050,4,6,1154000,2121
0,1154,1154000,1154050,4,6,1155000,2123
0,1155,1155000,1155050,4,6,1156000,2124
0,1156,1156000,1156050,4,6,1157000,2126
0,1157,1157000,1157050,4,6,1158000,2127
0,1158,1158000,1158050,4,6,1159000,2130
0,1159,1159000,1159050,4,6,1160000,2131
0,116,116000,116050,4,6,117000,210
0,1160,1160000,1160050,4,6,1161000,2135
0,1161,1161000,1161050,4,6,1162000,2136
0,1162,1162000,1162050,4,6,1163000,2138
0,1163,1163000,1163050,4,6,1164000,2139
0,1164,1164000,1164050,4,6,1165000,2142
0,1165,1165000,1165050,4,6,1166000,2143
0,1166,1166000,1166050,4,6,1167000,2145
0,1167,1167000,1167050,4,6,1168000,2146
0,1168,1168000,1168050,4,6,1169000,2148
0,1169,1169000,1169050,4,6,1170000,2149
0,117,117000,117050,4,6,118000,211
0,1170,1170000,1170050,4,6,1171000,2154
0,1171,1171000,1171050,4,6,1172000,2155
0,1172,1172000,1172050,4,6,1173000,2157
0,1173,1173000,1173050,4,6,1174000,2158
0,1174,1174000,1174050,4,6,1175000,2160
0,1175,1175000,1175050,4,6,1176000,2161
0,1176,1176000,1176050,4,6,1177000,2164
0,1177,1177000,1177050,4,6,1178000,2165
0,1178,1178000,1178050,4,6,1179000,2167
0,1179,1179000,1179050,4,6,1180000,2168
0,118,118000,118050,4,6,119000,213
0,1180,1180000,1180050,4,6,1181000,2171
0,1181,1181000,1181050,4,6,1182000,2172
0,1182,1182000,1182050,4,6,1183000,2175
0,1183,1183000,1183050,4,6,1184000,2176
0,1184,1184000,1184050,4,6,1185000,2178
0,1185,1185000,1185050,4,6,1186000,2179
0,1186,1186000,1186050,4,6,1187000,2181
0,1187,1187000,1187050,4,6,1188000,2182
0,1188,1188000,1188050,4,6,1189000,2185
0,1189,1189000,1189050,4,6,1190000,2186
0,119,119000,119050,4,6,120000,214
0,1190,1190000,1190050,4,6,1191000,2189
0,1191,1191000,1191050,4,6,1192000,2190
0,1192,1192000,1192050,4,6,1193000,2192
0,1193,1193000,1193050,4,6,1194000,2193
0,1194,1194000,1194050,4,6,1195000,2196
0,1195,1195000,1195050,4,6,1196000,2197
0,1196,1196000,1196050,4,6,1197000,2199
0,1197,1197000,1197050,4,6,1198000,2200
0,1198,1198000,1198050,4,6,1199000,2202
0,1199,1199000,1199050,4,6,1200000,2203
0,12,12000,12050,4,6,13000,21
0,120,120000,120050,4,6,121000,220
0,1200,1200000,1200050,4,6,1201000,2212
0,1201,1201000,1201050,4,6,1202000,2213
0,1202,1202000,1202050,4,6,1203000,2215
0,1203,1203000,1203050,4,6,1204000,2216
0,1204,1204000,1204050,4,6,1205000,2218
0,1205,1205000,1205050,4,6,1206000,2219
0,1206,1206000,1206050,4,6,1207000,2222
0,1207,1207000,1207050,4,6,1208000,2223
0,1208,1208000,1208050,4,6,1209000,2225
0,1209,1209000,1209050,4,6,1210000,2226
0,121,121000,121050,4,6,122000,221
0,1210,1210000,1210050,4,6,1211000,2229
0,1211,1211000,1211050,4,6,1212000,2230
0,1212,1212000,1212050,4,6,1213000,2233
0,1213,1213000,1213050,4,6,1214000,2234
0,1214,1214000,1214050,4,6,1215000,2236
0,1215,1215000,1215050,4,6,1216000,2237
0,1216,1216000,1216050,4,6,1217000,2239
0,1217,1217000,1217050,4,6,1218000,2240
0,1218,1218000,1218050,4,6,1219000,2243
0,1219,1219000,1219050,4,6,1220000,2244
0,122,122000,122050,4,6,123000,223
0,1220,1220000,1220050,4,6,1221000,2247
0,1221,1221000,1221050,4,6,1222000,2248
0,1222,1222000,1222050,4,6,1223000,2250
0,1223,1223000,1223050,4,6,1224000,2251
0,1224,1224000,1224050,4,6,1225000,2254
0,1225,1225000,1225050,4,6,1226000,2255
0,1226,1226000,1226050,4,6,1227000,2257
0,1227,1227000,1227050,4,6,1228000,2258
0,1228,1228000,1228050,4,6,1229000,2260
0,1229,1229000,1229050,4,6,1230000,2261
0,123,123000,123050,4,6,124000,224
0,1230,1230000,1230050,4,6,1231000,2266
0,1231,1231000,1231050,4,6,1232000,2267
0,1232,1232000,1232050,4,6,1233000,2269
0,1233,1233000,1233050,4,6,1234000,2270
0,1234,1234000,1234050,4,6,1235000,2272
0,1235,1235000,1235050,4,6,1236000,2273
0,1236,1236000,1236050,4,6,1237000,2276
0,1237,1237000,1237050,4,6,1238000,2277
0,1238,1238000,1238050,4,6,1239000,2279
0,1239,1239000,1239050,4,6,1240000,2280
0,124,124000,124050,4,6,125000,226
0,1240,1240000,1240050,4,6,1241000,2284
0,1241,1241000,1241050,4,6,1242000,2285
0,1242,1242000,1242050,4,6,1243000,2288
0,1243,1243000,1243050,4,6,1244000,2289
0,1244,1244000,1244050,4,6,1245000,2291
0,1245,1245000,1245050,4,6,1246000,2292
0,1246,1246000,1246050,4,6,1247000,2294
0,1247,1247000,1247050,4,6,1248000,2295
0,1248,1248000,1248050,4,6,1249000,2298
0,1249,1249000,1249050,4,6,1250000,2299
0,125,125000,125050,4,6,126000,227
0,1250,1250000,1250050,4,6,1251000,2302
0,1251,1251000,1251050,4,6,1252000,2303
0,1252,1252000,1252050,4,6,1253000,2305
0,1253,1253000,1253050,4,6,1254000,2306
0,1254,1254000,1254050,4,6,1255000,2309
0,1255,1255000,1255050,4,6,1256000,2310
0,1256,1256000,1256050,4,6,1257000,2312
0,1257,1257000,1257050,4,6,1258000,2313
0,1258,1258000,1258050,4,6,1259000,2315
0,1259,1259000,1259050,4,6,1260000,2316
0,126,126000,126050,4,6,127000,230
0,1260,1260000,1260050,4,6,1261000,2321
0,1261,1261000,1261050,4,6,1262000,2322
0,1262,1262000,1262050,4,6,1263000,2324
0,1263,1263000,1263050,4,6,1264000,2325
0,1264,1264000,1264050,4,6,1265000,2327
0,1265,1265000,1265050,4,6,1266000,2328
0,1266,1266000,1266050,4,6,1267000,2331
0,1267,1267000,1267050,4,6,1268000,2332
0,1268,1268000,1268050,4,6,1269000,2334
0,1269,1269000,1269050,4,6,1270000,2335
0,127,127000,127050,4,6,128000,231
0,1270,1270000,1270050,4,6,1271000,2338
0,1271,1271000,1271050,4,6,1272000,2339
0,1272,1272000,1272050,4,6,1273000,2342
0,1273,1273000,1273050,4,6,1274000,2343
0,1274,1274000,1274050,4,6,1275000,2345
0,1275,1275000,1275050,4,6,1276000,2346
0,1276,1276000,1276050,4,6,1277000,2348
0,1277,1277000,1277050,4,6,1278000,2349
0,1278,1278000,1278050,4,6,1279000,2352
0,1279,1279000,1279050,4,6,1280000,2353
0,128,128000,128050,4,6,129000,233
0,1280,1280000,1280050,4,6,1281000,2357
0,1281,1281000,1281050,4,6,1282000,2358
0,1282,1282000,1282050,4,6,1283000,2360
0,1283,1283000,1283050,4,6,1284000,2361
0,1284,1284000,1284050,4,6,1285000,2364
0,1285,1285000,1285050,4,6,1286000,2365
0,1286,1286000,1286050,4,6,1287000,2367
0,1287,1287000,1287050,4,6,1288000,2368
0,1288,1288000,1288050,4,6,1289000,2370
0,1289,1289000,1289050,4,6,1290000,2371
0,129,129000,129050,4,6,130000,234
0,1290,1290000,1290050,4,6,1291000,2376
0,1291,1291000,1291050,4,6,1292000,2377
0,1292,1292000,1292050,4,6,1293000,2379
0,1293,1293000,1293050,4,6,1294000,2380
0,1294,1294000,1294050,4,6,1295000,2382
0,1295,1295000,1295050,4,6,1296000,2383
0,1296,1296000,1296050,4,6,1297000,2386
0,1297,1297000,1297050,4,6,1298000,2387
0,1298,1298000,1298050,4,6,1299000,2389
0,1299,1299000,1299050,4,6,1300000,2390
0,13,13000,13050,4,6,14000,22
0,130,130000,130050,4,6,131000,237
0,1300,1300000,1300050,4,6,1301000,2394
0,1301,1301000,1301050,4,6,1302000,2395
0,1302,1302000,1302050,4,6,1303000,2398
0,1303,1303000,1303050,4,6,1304000,2399
0,1304,1304000,1304050,4,6,1305000,2401
0,1305,1305000,1305050,4,6,1306000,2402
0,1306,1306000,1306050,4,6,1307000,2404
0,1307,1307000,1307050,4,6,1308000,2405
0,1308,1308000,1308050,4,6,1309000,2408
0,1309,1309000,1309050,4,6,1310000,2409
0,131,131000,131050,4,6,132000,238
0,1310,1310000,1310050,4,6,1311000,2412
0,1311,1311000,1311050,4,6,1312000,2413
0,1312,1312000,1312050,4,6,1313000,2415
0,1313,1313000,1313050,4,6,1314000,2416
0,1314,1314000,1314050,4,6,1315000,2419
0,1315,1315000,1315050,4,6,1316000,2420
0,1316,1316000,1316050,4,6,1317000,2422
0,1317,1317000,1317050,4,6,1318000,2423
0,1318,1318000,1318050,4,6,1319000,2425
0,1319,1319000,1319050,4,6,1320000,2426
0,132,132000,132050,4,6,133000,241
0,1320,1320000,1320050,4,6,1321000,2432
0,1321,1321000,1321050,4,6,1322000,2433
0,1322,1322000,1322050,4,6,1323000,2435
0,1323,1323000,1323050,4,6,1324000,2436
0,1324,1324000,1324050,4,6,1325000,2438
0,1325,1325000,1325050,4,6,1326000,2439
0,1326,1326000,1326050,4,6,1327000,2442
0,1327,1327000,1327050,4,6,1328000,2443
0,1328,1328000,1328050,4,6,1329000,2445
0,1329,1329000,1329050,4,6,1330000,2446
0,133,133000,133050,4,6,134000,242
0,1330,1330000,1330050,4,6,1331000,2449
0,1331,1331000,1331050,4,6,1332000,2450
0,1332,1332000,1332050,4,6,1333000,2453
0,1333,1333000,1333050,4,6,1334000,2454
0,1334,1334000,1334050,4,6,1335000,2456
0,1335,1335000,1335050,4,6,1336000,2457
0,1336,1336000,1336050,4,6,1337000,2459
0,1337,1337000,1337050,4,6,1338000,2460
0,1338,1338000,1338050,4,6,1339000,2463
0,1339,1339000,1339050,4,6,1340000,2464
0,134,134000,134050,4,6,135000,244
0,1340,1340000,1340050,4,6,1341000,2467
0,1341,1341000,1341050,4,6,1342000,2468
0,1342,1342000,1342050,4,6,1343000,2470
0,1343,1343000,1343050,4,6,1344000,2471
0,1344,1344000,1344050,4,6,1345000,2474
0,1345,1345000,1345050,4,6,1346000,2475
0,1346,1346000,1346050,4,6,1347000,2477
0,1347,1347000,1347050,4,6,1348000,2478
0,1348,1348000,1348050,4,6,1349000,2480
0,1349,1349000,1349050,4,6,1350000,2481
0,135,135000,135050,4,6,136000,245
0,1350,1350000,1350050,4,6,1351000,2486
0,1351,1351000,1351050,4,6,1352000,2487
0,1352,1352000,1352050,4,6,1353000,2489
0,1353,1353000,1353050,4,6,1354000,2490
0,1354,1354000,1354050,4,6,1355000,2492
0,1355,1355000,1355050,4,6,1356000,2493
0,1356,1356000,1356050,4,6,1357000,2496
0,1357,1357000,1357050,4,6,1358000,2497
0,1358,1358000,1358050,4,6,1359000,2499
0,1359,1359000,1359050,4,6,1360000,2500
0,136,136000,136050,4,6,137000,247
0,1360,1360000,1360050,4,6,1361000,2504
0,1361,1361000,1361050,4,6,1362000,2505
0,1362,1362000,1362050,4,6,1363000,2508
0,1363,1363000,1363050,4,6,1364000,2509
0,1364,1364000,1364050,4,6,1365000,2511
0,1365,1365000,1365050,4,6,1366000,2512
0,1366,1366000,1366050,4,6,1367000,2514
0,1367,1367000,1367050,4,6,1368000,2515
0,1368,1368000,1368050,4,6,1369000,2518
0,1369,1369000,1369050,4,6,1370000,2519
0,137,137000,137050,4,6,138000,248
0,1370,1370000,1370050,4,6,1371000,2522
0,1371,1371000,1371050,4,6,1372000,2523
0,1372,1372000,1372050,4,6,1373000,2525
0,1373,1373000,1373050,4,6,1374000,2526
0,1374,1374000,1374050,4,6,1375000,2529
0,1375,1375000,1375050,4,6,1376000,2530
0,1376,1376000,1376050,4,6,1377000,2532
0,1377,1377000,1377050,4,6,1378000,2533
0,1378,1378000,1378050,4,6,1379000,2535
0,1379,1379000,1379050,4,6,1380000,2536
0,138,138000,138050,4,6,139000,251
0,1380,1380000,1380050,4,6,1381000,2541
0,1381,1381000,1381050,4,6,1382000,2542
0,1382,1382000,1382050,4,6,1383000,2544
0,1383,1383000,1383050,4,6,1384000,2545
0,1384,1384000,1384050,4,6,1385000,2547
0,1385,1385000,1385050,4,6,1386000,2548
0,1386,1386000,1386050,4,6,1387000,2551
0,1387,1387000,1387050,4,6,1388000,2552
0,1388,1388000,1388050,4,6,1389000,2554
0,1389,1389000,1389050,4,6,1390000,2555
0,139,139000,139050,4,6,140000,252
0,1390,1390000,1390050,4,6,1391000,2558
0,1391,1391000,1391050,4,6,1392000,2559
0,1392,1392000,1392050,4,6,1393000,2562
0,1393,1393000,1393050,4,6,1394000,2563
0,1394,1394000,1394050,4,6,1395000,2565
0,1395,1395000,1395050,4,6,1396000,2566
0,1396,1396000,1396050,4,6,1397000,2568
0,1397,1397000,1397050,4,6,1398000,2569
0,1398,1398000,1398050,4,6,1399000,2572
0,1399,1399000,1399050,4,6,1400000,2573
0,14,14000,14050,4,6,15000,24
0,140,140000,140050,4,6,141000,255
0,1400,1400000,1400050,4,6,1401000,2579
0,1401,1401000,1401050,4,6,1402000,2580
0,1402,1402000,1402050,4,6,1403000,2582
0,1403,1403000,1403050,4,6,1404000,2583
0,1404,1404000,1404050,4,6,1405000,2586
0,1405,1405000,1405050,4,6,1406000,2587
0,1406,1406000,1406050,4,6,1407000,2589
0,1407,1407000,1407050,4,6,1408000,2590
0,1408,1408000,1408050,4,6,1409000,2592
0,1409,1409000,1409050,4,6,1410000,2593
0,141,141000,141050,4,6,142000,256
0,1410,1410000,1410050,4,6,1411000,2598
0,1411,1411000,1411050,4,6,1412000,2599
0,1412,1412000,1412050,4,6,1413000,2601
0,1413,1413000,1413050,4,6,1414000,2602
0,1414,1414000,1414050,4,6,1415000,2604
0,1415,1415000,1415050,4,6,1416000,2605
0,1416,1416000,1416050,4,6,1417000,2608
0,1417,1417000,1417050,4,6,1418000,2609
0,1418,1418000,1418050,4,6,1419000,2611
0,1419,1419000,1419050,4,6,1420000,2612
0,142,142000,142050,4,6,143000,258
0,1420,1420000,1420050,4,6,1421000,2615
0,1421,1421000,1421050,4,6,1422000,2616
0,1422,1422000,1422050,4,6,1423000,2619
0,1423,1423000,1423050,4,6,1424000,2620
0,1424,1424000,1424050,4,6,1425000,2622
0,1425,1425000,1425050,4,6,1426000,2623
0,1426,1426000,1426050,4,6,1427000,2625
0,1427,1427000,1427050,4,6,1428000,2626
0,1428,1428000,1428050,4,6,1429000,2629
0,1429,1429000,1429050,4,6,1430000,2630
0,143,143000,143050,4,6,144000,259
0,1430,1430000,1430050,4,6,1431000,2633
0,1431,1431000,1431050,4,6,1432000,2634
0,1432,1432000,1432050,4,6,1433000,2636
0,1433,1433000,1433050,4,6,1434000,2637
0,1434,1434000,1434050,4,6,1435000,2640
0,1435,1435000,1435050,4,6,1436000,2641
0,1436,1436000,1436050,4,6,1437000,2643
0,1437,1437000,1437050,4,6,1438000,2644
0,1438,1438000,1438050,4,6,1439000,2646
0,1439,1439000,1439050,4,6,1440000,2647
0,144,144000,144050,4,6,145000,262
0,1440,1440000,1440050,4,6,1441000,2653
0,1441,1441000,1441050,4,6,1442000,2654
0,1442,1442000,1442050,4,6,1443000,2656
0,1443,1443000,1443050,4,6,1444000,2657
0,1444,1444000,1444050,4,6,1445000,2659
0,1445,1445000,1445050,4,6,1446000,2660
0,1446,1446000,1446050,4,6,1447000,2663
0,1447,1447000,1447050,4,6,1448000,2664
0,1448,1448000,1448050,4,6,1449000,2666
0,1449,1449000,1449050,4,6,1450000,2667
0,145,145000,145050,4,6,146000,263
0,1450,1450000,1450050,4,6,1451000,2670
0,1451,1451000,1451050,4,6,1452000,2671
0,1452,1452000,1452050,4,6,1453000,2674
0,1453,1453000,1453050,4,6,1454000,2675
0,1454,1454000,1454050,4,6,1455000,2677
0,1455,1455000,1455050,4,6,1456000,2678
0,1456,1456000,1456050,4,6,1457000,2680
0,1457,1457000,1457050,4,6,1458000,2681
0,1458,1458000,1458050,4,6,1459000,2684
0,1459,1459000,1459050,4,6,1460000,2685
0,146,146000,146050,4,6,147000,265
0,1460,1460000,1460050,4,6,1461000,2688
0,1461,1461000,1461050,4,6,1462000,2689
0,1462,1462000,1462050,4,6,1463000,2691
0,1463,1463000,1463050,4,6,1464000,2692
0,1464,1464000,1464050,4,6,1465000,2695
0,1465,1465000,1465050,4,6,1466000,2696
0,1466,1466000,1466050,4,6,1467000,2698
0,1467,1467000,1467050,4,6,1468000,2699
0,1468,1468000,1468050,4,6,1469000,2701
0,1469,1469000,1469050,4,6,1470000,2702
0,147,147000,147050,4,6,148000,266
0,1470,1470000,1470050,4,6,1471000,2707
0,1471,1471000,1471050,4,6,1472000,2708
0,1472,1472000,1472050,4,6,1473000,2710
0,1473,1473000,1473050,4,6,1474000,2711
0,1474,1474000,1474050,4,6,1475000,2713
0,1475,1475000,1475050,4,6,1476000,2714
0,1476,1476000,1476050,4,6,1477000,2717
0,1477,1477000,1477050,4,6,1478000,2718
0,1478,1478000,1478050,4,6,1479000,2720
0,1479,1479000,1479050,4,6,1480000,2721
0,148,148000,148050,4,6,149000,268
0,1480,1480000,1480050,4,6,1481000,2725
0,1481,1481000,1481050,4,6,1482000,2726
0,1482,1482000,1482050,4,6,1483000,2729
0,1483,1483000,1483050,4,6,1484000,2730
0,1484,1484000,1484050,4,6,1485000,2732
0,1485,1485000,1485050,4,6,1486000,2733
0,1486,1486000,1486050,4,6,1487000,2735
0,1487,1487000,1487050,4,6,1488000,2736
0,1488,1488000,1488050,4,6,1489000,2739
0,1489,1489000,1489050,4,6,1490000,2740
0,149,149000,149050,4,6,150000,269
0,1490,1490000,1490050,4,6,1491000,2743
0,1491,1491000,1491050,4,6,1492000,2744
0,1492,1492000,1492050,4,6,1493000,2746
0,1493,1493000,1493050,4,6,1494000,2747
0,1494,1494000,1494050,4,6,1495000,2750
0,1495,1495000,1495050,4,6,1496000,2751
0,1496,1496000,1496050,4,6,1497000,2753
0,1497,1497000,1497050,4,6,1498000,2754
0,1498,1498000,1498050,4,6,1499000,2756
0,1499,1499000,1499050,4,6,1500000,2757
0,15,15000,15050,4,6,16000,25
0,150,150000,150050,4,6,151000,274
0,1500,1500000,1500050,4,6,1501000,2764
0,1501,1501000,1501050,4,6,1502000,2765
0,1502,1502000,1502050,4,6,1503000,2767
0,1503,1503000,1503050,4,6,1504000,2768
0,1504,1504000,1504050,4,6,1505000,2770
0,1505,1505000,1505050,4,6,1506000,2771
0,1506,1506000,1506050,4,6,1507000,2774
0,1507,1507000,1507050,4,6,1508000,2775
0,1508,1508000,1508050,4,6,1509000,2777
0,1509,1509000,1509050,4,6,1510000,2778
0,151,151000,151050,4,6,152000,275
0,1510,1510000,1510050,4,6,1511000,2781
0,1511,1511000,1511050,4,6,1512000,2782
0,1512,1512000,1512050,4,6,1513000,2785
0,1513,1513000,1513050,4,6,1514000,2786
0,1514,1514000,1514050,4,6,1515000,2788
0,1515,1515000,1515050,4,6,1516000,2789
0,1516,1516000,1516050,4,6,1517000,2791
0,1517,1517000,1517050,4,6,1518000,2792
0,1518,1518000,1518050,4,6,1519000,2795
0,1519,1519000,1519050,4,6,1520000,2796
0,152,152000,152050,4,6,153000,277
0,1520,1520000,1520050,4,6,1521000,2800
0,1521,1521000,1521050,4,6,1522000,2801
0,1522,1522000,1522050,4,6,1523000,2803
0,1523,1523000,1523050,4,6,1524000,2804
0,1524,1524000,1524050,4,6,1525000,2807
0,1525,1525000,1525050,4,6,1526000,2808
0,1526,1526000,1526050,4,6,1527000,2810
0,1527,1527000,1527050,4,6,1528000,2811
0,1528,1528000,1528050,4,6,1529000,2813
0,1529,1529000,1529050,4,6,1530000,2814
0,153,153000,153050,4,6,154000,278
0,1530,1530000,1530050,4,6,1531000,2819
0,1531,1531000,1531050,4,6,1532000,2820
0,1532,1532000,1532050,4,6,1533000,2822
0,1533,1533000,1533050,4,6,1534000,2823
0,1534,1534000,1534050,4,6,1535000,2825
0,1535,1535000,1535050,4,6,1536000,2826
0,1536,1536000,1536050,4,6,1537000,2829
0,1537,1537000,1537050,4,6,1538000,2830
0,1538,1538000,1538050,4,6,1539000,2832
0,1539,1539000,1539050,4,6,1540000,2833
0,154,154000,154050,4,6,155000,280
0,1540,1540000,1540050,4,6,1541000,2836
0,1541,1541000,1541050,4,6,1542000,2837
0,1542,1542000,1542050,4,6,1543000,2840
0,1543,1543000,1543050,4,6,1544000,2841
0,1544,1544000,1544050,4,6,1545000,2843
0,1545,1545000,1545050,4,6,1546000,2844
0,1546,1546000,1546050,4,6,1547000,2846
0,1547,1547000,1547050,4,6,1548000,2847
0,1548,1548000,1548050,4,6,1549000,2850
0,1549,1549000,1549050,4,6,1550000,2851
0,155,155000,155050,4,6,156000,281
0,1550,1550000,1550050,4,6,1551000,2854
0,1551,1551000,1551050,4,6,1552000,2855
0,1552,1552000,1552050,4,6,1553000,2857
0,1553,1553000,1553050,4,6,1554000,2858
0,1554,1554000,1554050,4,6,1555000,2861
0,1555,1555000,1555050,4,6,1556000,2862
0,1556,1556000,1556050,4,6,1557000,2864
0,1557,1557000,1557050,4,6,1558000,2865
0,1558,1558000,1558050,4,6,1559000,2867
0,1559,1559000,1559050,4,6,1560000,2868
0,156,156000,156050,4,6,157000,284
0,1560,1560000,1560050,4,6,1561000,2874
0,1561,1561000,1561050,4,6,1562000,2875
0,1562,1562000,1562050,4,6,1563000,2877
0,1563,1563000,1563050,4,6,1564000,2878
0,1564,1564000,1564050,4,6,1565000,2880
0,1565,1565000,1565050,4,6,1566000,2881
0,1566,1566000,1566050,4,6,1567000,2884
0,1567,1567000,1567050,4,6,1568000,2885
0,1568,1568000,1568050,4,6,1569000,2887
0,1569,1569000,1569050,4,6,1570000,2888
0,157,157000,157050,4,6,158000,285
0,1570,1570000,1570050,4,6,1571000,2891
0,1571,1571000,1571050,4,6,1572000,2892
0,1572,1572000,1572050,4,6,1573000,2895
0,1573,1573000,1573050,4,6,1574000,2896
0,1574,1574000,1574050,4,6,1575000,2898
0,1575,1575000,1575050,4,6,1576000,2899
0,1576,1576000,1576050,4,6,1577000,2901
0,1577,1577000,1577050,4,6,1578000,2902
0,1578,1578000,1578050,4,6,1579000,2905
0,1579,1579000,1579050,4,6,1580000,2906
0,158,158000,158050,4,6,159000,287
0,1580,1580000,1580050,4,6,1581000,2909
0,1581,1581000,1581050,4,6,1582000,2910
0,1582,1582000,1582050,4,6,1583000,2912
0,1583,1583000,1583050,4,6,1584000,2913
0,1584,1584000,1584050,4,6,1585000,2916
0,1585,1585000,1585050,4,6,1586000,2917
0,1586,1586000,1586050,4,6,1587000,2919
0,1587,1587000,1587050,4,6,1588000,2920
0,1588,1588000,1588050,4,6,1589000,2922
0,1589,1589000,1589050,4,6,1590000,2923
0,159,159000,159050,4,6,160000,288
0,1590,1590000,1590050,4,6,1591000,2928
0,1591,1591000,1591050,4,6,1592000,2929
0,1592,1592000,1592050,4,6,1593000,2931
0,1593,1593000,1593050,4,6,1594000,2932
0,1594,1594000,1594050,4,6,1595000,2934
0,1595,1595000,1595050,4,6,1596000,2935
0,1596,1596000,1596050,4,6,1597000,2938
0,1597,1597000,1597050,4,6,1598000,2939
0,1598,1598000,1598050,4,6,1599000,2941
0,1599,1599000,1599050,4,6,1600000,2942
0,16,16000,16050,4,6,17000,27
0,160,160000,160050,4,6,161000,292
0,1600,1600000,1600050,4,6,1601000,2948
0,1601,1601000,1601050,4,6,1602000,2949
0,1602,1602000,1602050,4,6,1603000,2952
0,1603,1603000,1603050,4,6,1604000,2953
0,1604,1604000,1604050,4,6,1605000,2955
0,1605,1605000,1605050,4,6,1606000,2956
0,1606,1606000,1606050,4,6,1607000,2958
0,1607,1607000,1607050,4,6,1608000,2959
0,1608,1608000,1608050,4,6,1609000,2962
0,1609,1609000,1609050,4,6,1610000,2963
0,161,161000,161050,4,6,162000,293
0,1610,1610000,1610050,4,6,1611000,2966
0,1611,1611000,1611050,4,6,1612000,2967
0,1612,1612000,1612050,4,6,1613000,2969
0,1613,1613000,1613050,4,6,1614000,2970
0,1614,1614000,1614050,4,6,1615000,2973
0,1615,1615000,1615050,4,6,1616000,2974
0,1616,1616000,1616050,4,6,1617000,2976
0,1617,1617000,1617050,4,6,1618000,2977
0,1618,1618000,1618050,4,6,1619000,2979
0,1619,1619000,1619050,4,6,1620000,2980
0,162,162000,162050,4,6,163000,296
0,1620,1620000,1620050,4,6,1621000,2985
0,1621,1621000,1621050,4,6,1622000,2986
0,1622,1622000,1622050,4,6,1623000,2988
0,1623,1623000,1623050,4,6,1624000,2989
0,1624,1624000,1624050,4,6,1625000,2991
0,1625,1625000,1625050,4,6,1626000,2992
0,1626,1626000,1626050,4,6,1627000,2995
0,1627,1627000,1627050,4,6,1628000,2996
0,1628,1628000,1628050,4,6,1629000,2998
0,1629,1629000,1629050,4,6,1630000,2999
0,163,163000,163050,4,6,164000,297
0,1630,1630000,1630050,4,6,1631000,3002
0,1631,1631000,1631050,4,6,1632000,3003
0,1632,1632000,1632050,4,6,1633000,3006
0,1633,1633000,1633050,4,6,1634000,3007
0,1634,1634000,1634050,4,6,1635000,3009
0,1635,1635000,1635050,4,6,1636000,3010
0,1636,1636000,1636050,4,6,1637000,3012
0,1637,1637000,1637050,4,6,1638000,3013
0,1638,1638000,1638050,4,6,1639000,3016
0,1639,1639000,1639050,4,6,1640000,3017
0,164,164000,164050,4,6,165000,299
0,1640,1640000,1640050,4,6,1641000,3021
0,1641,1641000,1641050,4,6,1642000,3022
0,1642,1642000,1642050,4,6,1643000,3024
0,1643,1643000,1643050,4,6,1644000,3025
0,1644,1644000,1644050,4,6,1645000,3028
0,1645,1645000,1645050,4,6,1646000,3029
0,1646,1646000,1646050,4,6,1647000,3031
0,1647,1647000,1647050,4,6,1648000,3032
0,1648,1648000,1648050,4,6,1649000,3034
0,1649,1649000,1649050,4,6,1650000,3035
0,165,165000,165050,4,6,166000,300
0,1650,1650000,1650050,4,6,1651000,3040
0,1651,1651000,1651050,4,6,1652000,3041
0,1652,1652000,1652050,4,6,1653000,3043
0,1653,1653000,1653050,4,6,1654000,3044
0,1654,1654000,1654050,4,6,1655000,3046
0,1655,1655000,1655050,4,6,1656000,3047
0,1656,1656000,1656050,4,6,1657000,3050
0,1657,1657000,1657050,4,6,1658000,3051
0,1658,1658000,1658050,4,6,1659000,3053
0,1659,1659000,1659050,4,6,1660000,3054
0,166,166000,166050,4,6,167000,302
0,1660,1660000,1660050,4,6,1661000,3057
0,1661,1661000,1661050,4,6,1662000,3058
0,1662,1662000,1662050,4,6,1663000,3061
0,1663,1663000,1663050,4,6,1664000,3062
0,1664,1664000,1664050,4,6,1665000,3064
0,1665,1665000,1665050,4,6,1666000,3065
0,1666,1666000,1666050,4,6,1667000,3067
0,1667,1667000,1667050,4,6,1668000,3068
0,1668,1668000,1668050,4,6,1669000,3071
0,1669,1669000,1669050,4,6,1670000,3072
0,167,167000,167050,4,6,168000,303
0,1670,1670000,1670050,4,6,1671000,3075
0,1671,1671000,1671050,4,6,1672000,3076
0,1672,1672000,1672050,4,6,1673000,3078
0,1673,1673000,1673050,4,6,1674000,3079
0,1674,1674000,1674050,4,6,1675000,3082
0,1675,1675000,1675050,4,6,1676000,3083
0,1676,1676000,1676050,4,6,1677000,3085
0,1677,1677000,1677050,4,6,1678000,3086
0,1678,1678000,1678050,4,6,1679000,3088
0,1679,1679000,1679050,4,6,1680000,3089
0,168,168000,168050,4,6,169000,306
0,1680,1680000,1680050,4,6,1681000,3095
0,1681,1681000,1681050,4,6,1682000,3096
0,1682,1682000,1682050,4,6,1683000,3098
0,1683,1683000,1683050,4,6,1684000,3099
0,1684,1684000,1684050,4,6,1685000,3101
0,1685,1685000,1685050,4,6,1686000,3102
0,1686,1686000,1686050,4,6,1687000,3105
0,1687,1687000,1687050,4,6,1688000,3106
0,1688,1688000,1688050,4,6,1689000,3108
0,1689,1689000,1689050,4,6,1690000,3109
0,169,169000,169050,4,6,170000,307
0,1690,1690000,1690050,4,6,1691000,3112
0,1691,1691000,1691050,4,6,1692000,3113
0,1692,1692000,1692050,4,6,1693000,3116
0,1693,1693000,1693050,4,6,1694000,3117
0,1694,1694000,1694050,4,6,1695000,3119
0,1695,1695000,1695050,4,6,1696000,3120
0,1696,1696000,1696050,4,6,1697000,3122
0,1697,1697000,1697050,4,6,1698000,3123
0,1698,1698000,1698050,4,6,1699000,3126
0,1699,1699000,1699050,4,6,1700000,3127
0,17,17000,17050,4,6,18000,28
0,170,170000,170050,4,6,171000,310
0,1700,1700000,1700050,4,6,1701000,3131
0,1701,1701000,1701050,4,6,1702000,3132
0,1702,1702000,1702050,4,6,1703000,3134
0,1703,1703000,1703050,4,6,1704000,3135
0,1704,1704000,1704050,4,6,1705000,3138
0,1705,1705000,1705050,4,6,1706000,3139
0,1706,1706000,1706050,4,6,1707000,3141
0,1707,1707000,1707050,4,6,1708000,3142
0,1708,1708000,1708050,4,6,1709000,3144
0,1709,1709000,1709050,4,6,1710000,3145
0,171,171000,171050,4,6,172000,311
0,1710,1710000,1710050,4,6,1711000,3150
0,1711,1711000,1711050,4,6,1712000,3151
0,1712,1712000,1712050,4,6,1713000,3153
0,1713,1713000,1713050,4,6,1714000,3154
0,1714,1714000,1714050,4,6,1715000,3156
0,1715,1715000,1715050,4,6,1716000,3157
0,1716,1716000,1716050,4,6,1717000,3160
0,1717,1717000,1717050,4,6,1718000,3161
0,1718,1718000,1718050,4,6,1719000,3163
0,1719,1719000,1719050,4,6,1720000,3164
0,172,172000,172050,4,6,173000,313
0,1720,1720000,1720050,4,6,1721000,3168
0,1721,1721000,1721050,4,6,1722000,3169
0,1722,1722000,1722050,4,6,1723000,3172
0,1723,1723000,1723050,4,6,1724000,3173
0,1724,1724000,1724050,4,6,1725000,3175
0,1725,1725000,1725050,4,6,1726000,3176
0,1726,1726000,1726050,4,6,1727000,3178
0,1727,1727000,1727050,4,6,1728000,3179
0,1728,1728000,1728050,4,6,1729000,3182
0,1729,1729000,1729050,4,6,1730000,3183
0,173,173000,173050,4,6,174000,314
0,1730,1730000,1730050,4,6,1731000,3186
0,1731,1731000,1731050,4,6,1732000,3187
0,1732,1732000,1732050,4,6,1733000,3189
0,1733,1733000,1733050,4,6,1734000,3190
0,1734,1734000,1734050,4,6,1735000,3193
0,1735,1735000,1735050,4,6,1736000,3194
0,1736,1736000,1736050,4,6,1737000,3196
0,1737,1737000,1737050,4,6,1738000,3197
0,1738,1738000,1738050,4,6,1739000,3199
0,1739,1739000,1739050,4,6,1740000,3200
0,174,174000,174050,4,6,175000,317
0,1740,1740000,1740050,4,6,1741000,3205
0,1741,1741000,1741050,4,6,1742000,3206
0,1742,1742000,1742050,4,6,1743000,3208
0,1743,1743000,1743050,4,6,1744000,3209
0,1744,1744000,1744050,4,6,1745000,3211
0,1745,1745000,1745050,4,6,1746000,3212
0,1746,1746000,1746050,4,6,1747000,3215
0,1747,1747000,1747050,4,6,1748000,3216
0,1748,1748000,1748050,4,6,1749000,3218
0,1749,1749000,1749050,4,6,1750000,3219
0,175,175000,175050,4,6,176000,318
0,1750,1750000,1750050,4,6,1751000,3222
0,1751,1751000,1751050,4,6,1752000,3223
0,1752,1752000,1752050,4,6,1753000,3226
0,1753,1753000,1753050,4,6,1754000,3227
0,1754,1754000,1754050,4,6,1755000,3229
0,1755,1755000,1755050,4,6,1756000,3230
0,1756,1756000,1756050,4,6,1757000,3232
0,1757,1757000,1757050,4,6,1758000,3233
0,1758,1758000,1758050,4,6,1759000,3236
0,1759,1759000,1759050,4,6,1760000,3237
0,176,176000,176050,4,6,177000,320
0,1760,1760000,1760050,4,6,1761000,3241
0,1761,1761000,1761050,4,6,1762000,3242
0,1762,1762000,1762050,4,6,1763000,3244
0,1763,1763000,1763050,4,6,1764000,3245
0,1764,1764000,1764050,4,6,1765000,3248
0,1765,1765000,1765050,4,6,1766000,3249
0,1766,1766000,1766050,4,6,1767000,3251
0,1767,1767000,1767050,4,6,1768000,3252
0,1768,1768000,1768050,4,6,1769000,3254
0,1769,1769000,1769050,4,6,1770000,3255
0,177,177000,177050,4,6,178000,321
0,1770,1770000,1770050,4,6,1771000,3260
0,1771,1771000,1771050,4,6,1772000,3261
0,1772,1772000,1772050,4,6,1773000,3263
0,1773,1773000,1773050,4,6,1774000,3264
0,1774,1774000,1774050,4,6,1775000,3266
0,1775,1775000,1775050,4,6,1776000,3267
0,1776,1776000,1776050,4,6,1777000,3270
0,1777,1777000,1777050,4,6,1778000,3271
0,1778,1778000,1778050,4,6,1779000,3273
0,1779,1779000,1779050,4,6,1780000,3274
0,178,178000,178050,4,6,179000,323
0,1780,1780000,1780050,4,6,1781000,3277
0,1781,1781000,1781050,4,6,1782000,3278
0,1782,1782000,1782050,4,6,1783000,3281
0,1783,1783000,1783050,4,6,1784000,3282
0,1784,1784000,1784050,4,6,1785000,3284
0,1785,1785000,1785050,4,6,1786000,3285
0,1786,1786000,1786050,4,6,1787000,3287
0,1787,1787000,1787050,4,6,1788000,3288
0,1788,1788000,1788050,4,6,1789000,3291
0,1789,1789000,1789050,4,6,1790000,3292
0,179,179000,179050,4,6,180000,324
0,1790,1790000,1790050,4,6,1791000,3295
0,1791,1791000,1791050,4,6,1792000,3296
0,1792,1792000,1792050,4,6,1793000,3298
0,1793,1793000,1793050,4,6,1794000,3299
0,1794,1794000,1794050,4,6,1795000,3302
0,1795,1795000,1795050,4,6,1796000,3303
0,1796,1796000,1796050,4,6,1797000,3305
0,1797,1797000,1797050,4,6,1798000,3306
0,1798,1798000,1798050,4,6,1799000,3308
0,1799,1799000,1799050,4,6,1800000,3309
0,18,18000,18050,4,6,19000,31
0,180,180000,180050,4,6,181000,329
0,1800,1800000,1800050,4,6,1801000,3318
0,1801,1801000,1801050,4,6,1802000,3319
0,1802,1802000,1802050,4,6,1803000,3321
0,1803,1803000,1803050,4,6,1804000,3322
0,1804,1804000,1804050,4,6,1805000,3324
0,1805,1805000,1805050,4,6,1806000,3325
0,1806,1806000,1806050,4,6,1807000,3328
0,1807,1807000,1807050,4,6,1808000,3329
0,1808,1808000,1808050,4,6,1809000,3331
0,1809,1809000,1809050,4,6,1810000,3332
0,181,181000,181050,4,6,182000,330
0,1810,1810000,1810050,4,6,1811000,3335
0,1811,1811000,1811050,4,6,1812000,3336
0,1812,1812000,1812050,4,6,1813000,3339
0,1813,1813000,1813050,4,6,1814000,3340
0,1814,1814000,1814050,4,6,1815000,3342
0,1815,1815000,1815050,4,6,1816000,3343
0,1816,1816000,1816050,4,6,1817000,3345
0,1817,1817000,1817050,4,6,1818000,3346
0,1818,1818000,1818050,4,6,1819000,3349
0,1819,1819000,1819050,4,6,1820000,3350
0,182,182000,182050,4,6,183000,332
0,1820,1820000,1820050,4,6,1821000,3353
0,1821,1821000,1821050,4,6,1822000,3354
0,1822,1822000,1822050,4,6,1823000,3356
0,1823,1823000,1823050,4,6,1824000,3357
0,1824,1824000,1824050,4,6,1825000,3360
0,1825,1825000,1825050,4,6,1826000,3361
0,1826,1826000,1826050,4,6,1827000,3363
0,1827,1827000,1827050,4,6,1828000,3364
0,1828,1828000,1828050,4,6,1829000,3366
0,1829,1829000,1829050,4,6,1830000,3367
0,183,183000,183050,4,6,184000,333
0,1830,1830000,1830050,4,6,1831000,3372
0,1831,1831000,1831050,4,6,1832000,3373
0,1832,1832000,1832050,4,6,1833000,3375
0,1833,1833000,1833050,4,6,1834000,3376
0,1834,1834000,1834050,4,6,1835000,3378
0,1835,1835000,1835050,4,6,1836000,3379
0,1836,1836000,1836050,4,6,1837000,3382
0,1837,1837000,1837050,4,6,1838000,3383
0,1838,1838000,1838050,4,6,1839000,3385
0,1839,1839000,1839050,4,6,1840000,3386
0,184,184000,184050,4,6,185000,335
0,1840,1840000,1840050,4,6,1841000,3390
0,1841,1841000,1841050,4,6,1842000,3391
0,1842,1842000,1842050,4,6,1843000,3394
0,1843,1843000,1843050,4,6,1844000,3395
0,1844,1844000,1844050,4,6,1845000,3397
0,1845,1845000,1845050,4,6,1846000,3398
0,1846,1846000,1846050,4,6,1847000,3400
0,1847,1847000,1847050,4,6,1848000,3401
0,1848,1848000,1848050,4,6,1849000,3404
0,1849,1849000,1849050,4,6,1850000,3405
0,185,185000,185050,4,6,186000,336
0,1850,1850000,1850050,4,6,1851000,3408
0,1851,1851000,1851050,4,6,1852000,3409
0,1852,1852000,1852050,4,6,1853000,3411
0,1853,1853000,1853050,4,6,1854000,3412
0,1854,1854000,1854050,4,6,1855000,3415
0,1855,1855000,1855050,4,6,1856000,3416
0,1856,1856000,1856050,4,6,1857000,3418
0,1857,1857000,1857050,4,6,1858000,3419
0,1858,1858000,1858050,4,6,1859000,3421
0,1859,1859000,1859050,4,6,1860000,3422
0,186,186000,186050,4,6,187000,339
0,1860,1860000,1860050,4,6,1861000,3427
0,1861,1861000,1861050,4,6,1862000,3428
0,1862,1862000,1862050,4,6,1863000,3430
0,1863,1863000,1863050,4,6,1864000,3431
0,1864,1864000,1864050,4,6,1865000,3433
0,1865,1865000,1865050,4,6,1866000,3434
0,1866,1866000,1866050,4,6,1867000,3437
0,1867,1867000,1867050,4,6,1868000,3438
0,1868,1868000,1868050,4,6,1869000,3440
0,1869,1869000,1869050,4,6,1870000,3441
0,187,187000,187050,4,6,188000,340
0,1870,1870000,1870050,4,6,1871000,3444
0,1871,1871000,1871050,4,6,1872000,3445
0,1872,1872000,1872050,4,6,1873000,3448
0,1873,1873000,1873050,4,6,1874000,3449
0,1874,1874000,1874050,4,6,1875000,3451
0,1875,1875000,1875050,4,6,1876000,3452
0,1876,1876000,1876050,4,6,1877000,3454
0,1877,1877000,1877050,4,6,1878000,3455
0,1878,1878000,1878050,4,6,1879000,3458
0,1879,1879000,1879050,4,6,1880000,3459
0,188,188000,188050,4,6,189000,342
0,1880,1880000,1880050,4,6,1881000,3463
0,1881,1881000,1881050,4,6,1882000,3464
0,1882,1882000,1882050,4,6,1883000,3466
0,1883,1883000,1883050,4,6,1884000,3467
0,1884,1884000,1884050,4,6,1885000,3470
0,1885,1885000,1885050,4,6,1886000,3471
0,1886,1886000,1886050,4,6,1887000,3473
0,1887,1887000,1887050,4,6,1888000,3474
0,1888,1888000,1888050,4,6,1889000,3476
0,1889,1889000,1889050,4,6,1890000,3477
0,189,189000,189050,4,6,190000,343
0,1890,1890000,1890050,4,6,1891000,3482
0,1891,1891000,1891050,4,6,1892000,3483
0,1892,1892000,1892050,4,6,1893000,3485
0,1893,1893000,1893050,4,6,1894000,3486
0,1894,1894000,1894050,4,6,1895000,3488
0,1895,1895000,1895050,4,6,1896000,3489
0,1896,1896000,1896050,4,6,1897000,3492
0,1897,1897000,1897050,4,6,1898000,3493
0,1898,1898000,1898050,4,6,1899000,3495
0,1899,1899000,1899050,4,6,1900000,3496
0,19,19000,19050,4,6,20000,32
0,190,190000,190050,4,6,191000,346
0,1900,1900000,1900050,4,6,1901000,3500
0,1901,1901000,1901050,4,6,1902000,3501
0,1902,1902000,1902050,4,6,1903000,3504
0,1903,1903000,1903050,4,6,1904000,3505
0,1904,1904000,1904050,4,6,1905000,3507
0,1905,1905000,1905050,4,6,1906000,3508
0,1906,1906000,1906050,4,6,1907000,3510
0,1907,1907000,1907050,4,6,1908000,3511
0,1908,1908000,1908050,4,6,1909000,3514
0,1909,1909000,1909050,4,6,1910000,3515
0,191,191000,191050,4,6,192000,347
0,1910,1910000,1910050,4,6,1911000,3518
0,1911,1911000,1911050,4,6,1912000,3519
0,1912,1912000,1912050,4,6,1913000,3521
0,1913,1913000,1913050,4,6,1914000,3522
0,1914,1914000,1914050,4,6,1915000,3525
0,1915,1915000,1915050,4,6,1916000,3526
0,1916,1916000,1916050,4,6,1917000,3528
0,1917,1917000,1917050,4,6,1918000,3529
0,1918,1918000,1918050,4,6,1919000,3531
0,1919,1919000,1919050,4,6,1920000,3532
0,192,192000,192050,4,6,193000,350
0,1920,1920000,1920050,4,6,1921000,3538
0,1921,1921000,1921050,4,6,1922000,3539
0,1922,1922000,1922050,4,6,1923000,3541
0,1923,1923000,1923050,4,6,1924000,3542
0,1924,1924000,1924050,4,6,1925000,3544
0,1925,1925000,1925050,4,6,1926000,3545
0,1926,1926000,1926050,4,6,1927000,3548
0,1927,1927000,1927050,4,6,1928000,3549
0,1928,1928000,1928050,4,6,1929000,3551
0,1929,1929000,1929050,4,6,1930000,3552
0,193,193000,193050,4,6,194000,351
0,1930,1930000,1930050,4,6,1931000,3555
0,1931,1931000,1931050,4,6,1932000,3556
0,1932,1932000,1932050,4,6,1933000,3559
0,1933,1933000,1933050,4,6,1934000,3560
0,1934,1934000,1934050,4,6,1935000,3562
0,1935,1935000,1935050,4,6,1936000,3563
0,1936,1936000,1936050,4,6,1937000,3565
0,1937,1937000,1937050,4,6,1938000,3566
0,1938,1938000,1938050,4,6,1939000,3569
0,1939,1939000,1939050,4,6,1940000,3570
0,194,194000,194050,4,6,195000,353
0,1940,1940000,1940050,4,6,1941000,3573
0,1941,1941000,1941050,4,6,1942000,3574
0,1942,1942000,1942050,4,6,1943000,3576
0,1943,1943000,1943050,4,6,1944000,3577
0,1944,1944000,1944050,4,6,1945000,3580
0,1945,1945000,1945050,4,6,1946000,3581
0,1946,1946000,1946050,4,6,1947000,3583
0,1947,1947000,1947050,4,6,1948000,3584
0,1948,1948000,1948050,4,6,1949000,3586
0,1949,1949000,1949050,4,6,1950000,3587
0,195,195000,195050,4,6,196000,354
0,1950,1950000,1950050,4,6,1951000,3592
0,1951,1951000,1951050,4,6,1952000,3593
0,1952,1952000,1952050,4,6,1953000,3595
0,1953,1953000,1953050,4,6,1954000,3596
0,1954,1954000,1954050,4,6,1955000,3598
0,1955,1955000,1955050,4,6,1956000,3599
0,1956,1956000,1956050,4,6,1957000,3602
0,1957,1957000,1957050,4,6,1958000,3603
0,1958,1958000,1958050,4,6,1959000,3605
0,1959,1959000,1959050,4,6,1960000,3606
0,196,196000,196050,4,6,197000,356
0,1960,1960000,1960050,4,6,1961000,3610
0,1961,1961000,1961050,4,6,1962000,3611
0,1962,1962000,1962050,4,6,1963000,3614
0,1963,1963000,1963050,4,6,1964000,3615
0,1964,1964000,1964050,4,6,1965000,3617
0,1965,1965000,1965050,4,6,1966000,3618
0,1966,1966000,1966050,4,6,1967000,3620
0,1967,1967000,1967050,4,6,1968000,3621
0,1968,1968000,1968050,4,6,1969000,3624
0,1969,1969000,1969050,4,6,1970000,3625
0,197,197000,197050,4,6,198000,357
0,1970,1970000,1970050,4,6,1971000,3628
0,1971,1971000,1971050,4,6,1972000,3629
0,1972,1972000,1972050,4,6,1973000,3631
0,1973,1973000,1973050,4,6,1974000,3632
0,1974,1974000,1974050,4,6,1975000,3635
0,1975,1975000,1975050,4,6,1976000,3636
0,1976,1976000,1976050,4,6,1977000,3638
0,1977,1977000,1977050,4,6,1978000,3639
0,1978,1978000,1978050,4,6,1979000,3641
0,1979,1979000,1979050,4,6,1980000,3642
0,198,198000,198050,4,6,199000,360
0,1980,1980000,1980050,4,6,1981000,3647
0,1981,1981000,1981050,4,6,1982000,3648
0,1982,1982000,1982050,4,6,1983000,3650
0,1983,1983000,1983050,4,6,1984000,3651
0,1984,1984000,1984050,4,6,1985000,3653
0,1985,1985000,1985050,4,6,1986000,3654
0,1986,1986000,1986050,4,6,1987000,3657
0,1987,1987000,1987050,4,6,1988000,3658
0,1988,1988000,1988050,4,6,1989000,3660
0,1989,1989000,1989050,4,6,1990000,3661
0,199,199000,199050,4,6,200000,361
0,1990,1990000,1990050,4,6,1991000,3664
0,1991,1991000,1991050,4,6,1992000,3665
0,1992,1992000,1992050,4,6,1993000,3668
0,1993,1993000,1993050,4,6,1994000,3669
0,1994,1994000,1994050,4,6,1995000,3671
0,1995,1995000,1995050,4,6,1996000,3672
0,1996,1996000,1996050,4,6,1997000,3674
0,1997,1997000,1997050,4,6,1998000,3675
0,1998,1998000,1998050,4,6,1999000,3678
0,1999,1999000,1999050,4,6,2000000,3679
0,2,2000,2050,4,6,3000,3
0,20,20000,20050,4,6,21000,35
0,200,200000,200050,4,6,201000,367
0,2000,2000000,2000050,4,6,2001000,3686
0,2001,2001000,2001050,4,6,2002000,3687
0,2002,2002000,2002050,4,6,2003000,3689
0,2003,2003000,2003050,4,6,2004000,3690
0,2004,2004000,2004050,4,6,2005000,3693
0,2005,2005000,2005050,4,6,2006000,3694
0,2006,2006000,2006050,4,6,2007000,3696
0,2007,2007000,2007050,4,6,2008000,3697
0,2008,2008000,2008050,4,6,2009000,3699
0,2009,2009000,2009050,4,6,2010000,3700
0,201,201000,201050,4,6,202000,368
0,2010,2010000,2010050,4,6,2011000,3705
0,2011,2011000,2011050,4,6,2012000,3706
0,2012,2012000,2012050,4,6,2013000,3708
0,2013,2013000,2013050,4,6,2014000,3709
0,2014,2014000,2014050,4,6,2015000,3711
0,2015,2015000,2015050,4,6,2016000,3712
0,2016,2016000,2016050,4,6,2017000,3715
0,2017,2017000,2017050,4,6,2018000,3716
0,2018,2018000,2018050,4,6,2019000,3718
0,2019,2019000,2019050,4,6,2020000,3719
0,202,202000,202050,4,6,203000,370
0,2020,2020000,2020050,4,6,2021000,3722
0,2021,2021000,2021050,4,6,2022000,3723
0,2022,2022000,2022050,4,6,2023000,3726
0,2023,2023000,2023050,4,6,2024000,3727
0,2024,2024000,2024050,4,6,2025000,3729
0,2025,2025000,2025050,4,6,2026000,3730
0,2026,2026000,2026050,4,6,2027000,3732
0,2027,2027000,2027050,4,6,2028000,3733
0,2028,2028000,2028050,4,6,2029000,3736
0,2029,2029000,2029050,4,6,2030000,3737
0,203,203000,203050,4,6,204000,371
0,2030,2030000,2030050,4,6,2031000,3740
0,2031,2031000,2031050,4,6,2032000,3741
0,2032,2032000,2032050,4,6,2033000,3743
0,2033,2033000,2033050,4,6,2034000,3744
0,2034,2034000,2034050,4,6,2035000,3747
0,2035,2035000,2035050,4,6,2036000,3748
0,2036,2036000,2036050,4,6,2037000,3750
0,2037,2037000,2037050,4,6,2038000,3751
0,2038,2038000,2038050,4,6,2039000,3753
0,2039,2039000,2039050,4,6,2040000,3754
0,204,204000,204050,4,6,205000,374
0,2040,2040000,2040050,4,6,2041000,3760
0,2041,2041000,2041050,4,6,2042000,3761
0,2042,2042000,2042050,4,6,2043000,3763
0,2043,2043000,2043050,4,6,2044000,3764
0,2044,2044000,2044050,4,6,2045000,3766
0,2045,2045000,2045050,4,6,2046000,3767
0,2046,2046000,2046050,4,6,2047000,3770
0,2047,2047000,2047050,4,6,2048000,3771
0,2048,2048000,2048050,4,6,2049000,3773
0,2049,2049000,2049050,4,6,2050000,3774
0,205,205000,205050,4,6,206000,375
0,2050,2050000,2050050,4,6,2051000,3777
0,2051,2051000,2051050,4,6,2052000,3778
0,2052,2052000,2052050,4,6,2053000,3781
0,2053,2053000,2053050,4,6,2054000,3782
0,2054,2054000,2054050,4,6,2055000,3784
0,2055,2055000,2055050,4,6,2056000,3785
0,2056,2056000,2056050,4,6,2057000,3787
0,2057,2057000,2057050,4,6,2058000,3788
0,2058,2058000,2058050,4,6,2059000,3791
0,2059,2059000,2059050,4,6,2060000,3792
0,206,206000,206050,4,6,207000,377
0,2060,2060000,2060050,4,6,2061000,3795
0,2061,2061000,2061050,4,6,2062000,3796
0,2062,2062000,2062050,4,6,2063000,3798
0,2063,2063000,2063050,4,6,2064000,3799
0,2064,2064000,2064050,4,6,2065000,3802
0,2065,2065000,2065050,4,6,2066000,3803
0,2066,2066000,2066050,4,6,2067000,3805
0,2067,2067000,2067050,4,6,2068000,3806
0,2068,2068000,2068050,4,6,2069000,3808
0,2069,2069000,2069050,4,6,2070000,3809
0,207,207000,207050,4,6,208000,378
0,2070,2070000,2070050,4,6,2071000,3814
0,2071,2071000,2071050,4,6,2072000,3815
0,2072,2072000,2072050,4,6,2073000,3817
0,2073,2073000,2073050,4,6,2074000,3818
0,2074,2074000,2074050,4,6,2075000,3820
0,2075,2075000,2075050,4,6,2076000,3821
0,2076,2076000,2076050,4,6,2077000,3824
0,2077,2077000,2077050,4,6,2078000,3825
0,2078,2078000,2078050,4,6,2079000,3827
0,2079,2079000,2079050,4,6,2080000,3828
0,208,208000,208050,4,6,209000,380
0,2080,2080000,2080050,4,6,2081000,3832
0,2081,2081000,2081050,4,6,2082000,3833
0,2082,2082000,2082050,4,6,2083000,3836
0,2083,2083000,2083050,4,6,2084000,3837
0,2084,2084000,2084050,4,6,2085000,3839
0,2085,2085000,2085050,4,6,2086000,3840
0,2086,2086000,2086050,4,6,2087000,3842
0,2087,2087000,2087050,4,6,2088000,3843
0,2088,2088000,2088050,4,6,2089000,3846
0,2089,2089000,2089050,4,6,2090000,3847
0,209,209000,209050,4,6,210000,381
0,2090,2090000,2090050,4,6,2091000,3850
0,2091,2091000,2091050,4,6,2092000,3851
0,2092,2092000,2092050,4,6,2093000,3853
0,2093,2093000,2093050,4,6,2094000,3854
0,2094,2094000,2094050,4,6,2095000,3857
0,2095,2095000,2095050,4,6,2096000,3858
0,2096,2096000,2096050,4,6,2097000,3860
0,2097,2097000,2097050,4,6,2098000,3861
0,2098,2098000,2098050,4,6,2099000,3863
0,2099,2099000,2099050,4,6,2100000,3864
0,21,21000,21050,4,6,22000,36
0,210,210000,210050,4,6,211000,386
0,2100,2100000,2100050,4,6,2101000,3870
0,2101,2101000,2101050,4,6,2102000,3871
0,2102,2102000,2102050,4,6,2103000,3873
0,2103,2103000,2103050,4,6,2104000,3874
0,2104,2104000,2104050,4,6,2105000,3876
0,2105,2105000,2105050,4,6,2106000,3877
0,2106,2106000,2106050,4,6,2107000,3880
0,2107,2107000,2107050,4,6,2108000,3881
0,2108,2108000,2108050,4,6,2109000,3883
0,2109,2109000,2109050,4,6,2110000,3884
0,211,211000,211050,4,6,212000,387
0,2110,2110000,2110050,4,6,2111000,3887
0,2111,2111000,2111050,4,6,2112000,3888
0,2112,2112000,2112050,4,6,2113000,3891
0,2113,2113000,2113050,4,6,2114000,3892
0,2114,2114000,2114050,4,6,2115000,3894
0,2115,2115000,2115050,4,6,2116000,3895
0,2116,2116000,2116050,4,6,2117000,3897
0,2117,2117000,2117050,4,6,2118000,3898
0,2118,2118000,2118050,4,6,2119000,3901
0,2119,2119000,2119050,4,6,2120000,3902
0,212,212000,212050,4,6,213000,389
0,2120,2120000,2120050,4,6,2121000,3906
0,2121,2121000,2121050,4,6,2122000,3907
0,2122,2122000,2122050,4,6,2123000,3909
0,2123,2123000,2123050,4,6,2124000,3910
0,2124,2124000,2124050,4,6,2125000,3913
0,2125,2125000,2125050,4,6,2126000,3914
0,2126,2126000,2126050,4,6,2127000,3916
0,2127,2127000,2127050,4,6,2128000,3917
0,2128,2128000,2128050,4,6,2129000,3919
0,2129,2129000,2129050,4,6,2130000,3920
0,213,213000,213050,4,6,214000,390
0,2130,2130000,2130050,4,6,2131000,3925
0,2131,2131000,2131050,4,6,2132000,3926
0,2132,2132000,2132050,4,6,2133000,3928
0,2133,2133000,2133050,4,6,2134000,3929
0,2134,2134000,2134050,4,6,2135000,3931
0,2135,2135000,2135050,4,6,2136000,3932
0,2136,2136000,2136050,4,6,2137000,3935
0,2137,2137000,2137050,4,6,2138000,3936
0,2138,2138000,2138050,4,6,2139000,3938
0,2139,2139000,2139050,4,6,2140000,3939
0,214,214000,214050,4,6,215000,392
0,2140,2140000,2140050,4,6,2141000,3942
0,2141,2141000,2141050,4,6,2142000,3943
0,2142,2142000,2142050,4,6,2143000,3946
0,2143,2143000,2143050,4,6,2144000,3947
0,2144,2144000,2144050,4,6,2145000,3949
0,2145,2145000,2145050,4,6,2146000,3950
0,2146,2146000,2146050,4,6,2147000,3952
0,2147,2147000,2147050,4,6,2148000,3953
0,2148,2148000,2148050,4,6,2149000,3956
0,2149,2149000,2149050,4,6,2150000,3957
0,215,215000,215050,4,6,216000,393
0,2150,2150000,2150050,4,6,2151000,3960
0,2151,2151000,2151050,4,6,2152000,3961
0,2152,2152000,2152050,4,6,2153000,3963
0,2153,2153000,2153050,4,6,2154000,3964
0,2154,2154000,2154050,4,6,2155000,3967
0,2155,2155000,2155050,4,6,2156000,3968
0,2156,2156000,2156050,4,6,2157000,3970
0,2157,2157000,2157050,4,6,2158000,3971
0,2158,2158000,2158050,4,6,2159000,3973
0,2159,2159000,2159050,4,6,2160000,3974
0,216,216000,216050,4,6,217000,396
0,2160,2160000,2160050,4,6,2161000,3980
0,2161,2161000,2161050,4,6,2162000,3981
0,2162,2162000,2162050,4,6,2163000,3983
0,2163,2163000,2163050,4,6,2164000,3984
0,2164,2164000,2164050,4,6,2165000,3986
0,2165,2165000,2165050,4,6,2166000,3987
0,2166,2166000,2166050,4,6,2167000,3990
0,2167,2167000,2167050,4,6,2168000,3991
0,2168,2168000,2168050,4,6,2169000,3993
0,2169,2169000,2169050,4,6,2170000,3994
0,217,217000,217050,4,6,218000,397
0,2170,2170000,2170050,4,6,2171000,3997
0,2171,2171000,2171050,4,6,2172000,3998
0,2172,2172000,2172050,4,6,2173000,4001
0,2173,2173000,2173050,4,6,2174000,4002
0,2174,2174000,2174050,4,6,2175000,4004
0,2175,2175000,2175050,4,6,2176000,4005
0,2176,2176000,2176050,4,6,2177000,4007
0,2177,2177000,2177050,4,6,2178000,4008
0,2178,2178000,2178050,4,6,2179000,4011
0,2179,2179000,2179050,4,6,2180000,4012
0,218,218000,218050,4,6,219000,399
0,2180,2180000,2180050,4,6,2181000,4015
0,2181,2181000,2181050,4,6,2182000,4016
0,2182,2182000,2182050,4,6,2183000,4018
0,2183,2183000,2183050,4,6,2184000,4019
0,2184,2184000,2184050,4,6,2185000,4022
0,2185,2185000,2185050,4,6,2186000,4023
0,2186,2186000,2186050,4,6,2187000,4025
0,2187,2187000,2187050,4,6,2188000,4026
0,2188,2188000,2188050,4,6,2189000,4028
0,2189,2189000,2189050,4,6,2190000,4029
0,219,219000,219050,4,6,220000,400
0,2190,2190000,2190050,4,6,2191000,4034
0,2191,2191000,2191050,4,6,2192000,4035
0,2192,2192000,2192050,4,6,2193000,4037
0,2193,2193000,2193050,4,6,2194000,4038
0,2194,2194000,2194050,4,6,2195000,4040
0,2195,2195000,2195050,4,6,2196000,4041
0,2196,2196000,2196050,4,6,2197000,4044
0,2197,2197000,2197050,4,6,2198000,4045
0,2198,2198000,2198050,4,6,2199000,4047
0,2199,2199000,2199050,4,6,2200000,4048
0,22,22000,22050,4,6,23000,38
0,220,220000,220050,4,6,221000,403
0,2200,2200000,2200050,4,6,2201000,4054
0,2201,2201000,2201050,4,6,2202000,4055
0,2202,2202000,2202050,4,6,2203000,4058
0,2203,2203000,2203050,4,6,2204000,4059
0,2204,2204000,2204050,4,6,2205000,4061
0,2205,2205000,2205050,4,6,2206000,4062
0,2206,2206000,2206050,4,6,2207000,4064
0,2207,2207000,2207050,4,6,2208000,4065
0,2208,2208000,2208050,4,6,2209000,4068
0,2209,2209000,2209050,4,6,2210000,4069
0,221,221000,221050,4,6,222000,404
0,2210,2210000,2210050,4,6,2211000,4072
0,2211,2211000,2211050,4,6,2212000,4073
0,2212,2212000,2212050,4,6,2213000,4075
0,2213,2213000,2213050,4,6,2214000,4076
0,2214,2214000,2214050,4,6,2215000,4079
0,2215,2215000,2215050,4,6,2216000,4080
0,2216,2216000,2216050,4,6,2217000,4082
0,2217,2217000,2217050,4,6,2218000,4083
0,2218,2218000,2218050,4,6,2219000,4085
0,2219,2219000,2219050,4,6,2220000,4086
0,222,222000,222050,4,6,223000,407
0,2220,2220000,2220050,4,6,2221000,4091
0,2221,2221000,2221050,4,6,2222000,4092
0,2222,2222000,2222050,4,6,2223000,4094
0,2223,2223000,2223050,4,6,2224000,4095
0,2224,2224000,2224050,4,6,2225000,4097
0,2225,2225000,2225050,4,6,2226000,4098
0,2226,2226000,2226050,4,6,2227000,4101
0,2227,2227000,2227050,4,6,2228000,4102
0,2228,2228000,2228050,4,6,2229000,4104
0,2229,2229000,2229050,4,6,2230000,4105
0,223,223000,223050,4,6,224000,408
0,2230,2230000,2230050,4,6,2231000,4108
0,2231,2231000,2231050,4,6,2232000,4109
0,2232,2232000,2232050,4,6,2233000,4112
0,2233,2233000,2233050,4,6,2234000,4113
0,2234,2234000,2234050,4,6,2235000,4115
0,2235,2235000,2235050,4,6,2236000,4116
0,2236,2236000,2236050,4,6,2237000,4118
0,2237,2237000,2237050,4,6,2238000,4119
0,2238,2238000,2238050,4,6,2239000,4122
0,2239,2239000,2239050,4,6,2240000,4123
0,224,224000,224050,4,6,225000,410
0,2240,2240000,2240050,4,6,2241000,4127
0,2241,2241000,2241050,4,6,2242000,4128
0,2242,2242000,2242050,4,6,2243000,4130
0,2243,2243000,2243050,4,6,2244000,4131
0,2244,2244000,2244050,4,6,2245000,4134
0,2245,2245000,2245050,4,6,2246000,4135
0,2246,2246000,2246050,4,6,2247000,4137
0,2247,2247000,2247050,4,6,2248000,4138
0,2248,2248000,2248050,4,6,2249000,4140
0,2249,2249000,2249050,4,6,2250000,4141
0,225,225000,225050,4,6,226000,411
0,2250,2250000,2250050,4,6,2251000,4146
0,2251,2251000,2251050,4,6,2252000,4147
0,2252,2252000,2252050,4,6,2253000,4149
0,2253,2253000,2253050,4,6,2254000,4150
0,2254,2254000,2254050,4,6,2255000,4152
0,2255,2255000,2255050,4,6,2256000,4153
0,2256,2256000,2256050,4,6,2257000,4156
0,2257,2257000,2257050,4,6,2258000,4157
0,2258,2258000,2258050,4,6,2259000,4159
0,2259,2259000,2259050,4,6,2260000,4160
0,226,226000,226050,4,6,227000,413
0,2260,2260000,2260050,4,6,2261000,4163
0,2261,2261000,2261050,4,6,2262000,4164
0,2262,2262000,2262050,4,6,2263000,4167
0,2263,2263000,2263050,4,6,2264000,4168
0,2264,2264000,2264050,4,6,2265000,4170
0,2265,2265000,2265050,4,6,2266000,4171
0,2266,2266000,2266050,4,6,2267000,4173
0,2267,2267000,2267050,4,6,2268000,4174
0,2268,2268000,2268050,4,6,2269000,4177
0,2269,2269000,2269050,4,6,2270000,4178
0,227,227000,227050,4,6,228000,414
0,2270,2270000,2270050,4,6,2271000,4181
0,2271,2271000,2271050,4,6,2272000,4182
0,2272,2272000,2272050,4,6,2273000,4184
0,2273,2273000,2273050,4,6,2274000,4185
0,2274,2274000,2274050,4,6,2275000,4188
0,2275,2275000,2275050,4,6,2276000,4189
0,2276,2276000,2276050,4,6,2277000,4191
0,2277,2277000,2277050,4,6,2278000,4192
0,2278,2278000,2278050,4,6,2279000,4194
0,2279,2279000,2279050,4,6,2280000,4195
0,228,228000,228050,4,6,229000,417
0,2280,2280000,2280050,4,6,2281000,4201
0,2281,2281000,2281050,4,6,2282000,4202
0,2282,2282000,2282050,4,6,2283000,4204
0,2283,2283000,2283050,4,6,2284000,4205
0,2284,2284000,2284050,4,6,2285000,4207
0,2285,2285000,2285050,4,6,2286000,4208
0,2286,2286000,2286050,4,6,2287000,4211
0,2287,2287000,2287050,4,6,2288000,4212
0,2288,2288000,2288050,4,6,2289000,4214
0,2289,2289000,2289050,4,6,2290000,4215
0,229,229000,229050,4,6,230000,418
0,2290,2290000,2290050,4,6,2291000,4218
0,2291,2291000,2291050,4,6,2292000,4219
0,2292,2292000,2292050,4,6,2293000,4222
0,2293,2293000,2293050,4,6,2294000,4223
0,2294,2294000,2294050,4,6,2295000,4225
0,2295,2295000,2295050,4,6,2296000,4226
0,2296,2296000,2296050,4,6,2297000,4228
0,2297,2297000,2297050,4,6,2298000,4229
0,2298,2298000,2298050,4,6,2299000,4232
0,2299,2299000,2299050,4,6,2300000,4233
0,23,23000,23050,4,6,24000,39
0,230,230000,230050,4,6,231000,421
0,2300,2300000,2300050,4,6,2301000,4237
0,2301,2301000,2301050,4,6,2302000,4238
0,2302,2302000,2302050,4,6,2303000,4240
0,2303,2303000,2303050,4,6,2304000,4241
0,2304,2304000,2304050,4,6,2305000,4244
0,2305,2305000,2305050,4,6,2306000,4245
0,2306,2306000,2306050,4,6,2307000,4247
0,2307,2307000,2307050,4,6,2308000,4248
0,2308,2308000,2308050,4,6,2309000,4250
0,2309,2309000,2309050,4,6,2310000,4251
0,231,231000,231050,4,6,232000,422
0,2310,2310000,2310050,4,6,2311000,4256
0,2311,2311000,2311050,4,6,2312000,4257
0,2312,2312000,2312050,4,6,2313000,4259
0,2313,2313000,2313050,4,6,2314000,4260
0,2314,2314000,2314050,4,6,2315000,4262
0,2315,2315000,2315050,4,6,2316000,4263
0,2316,2316000,2316050,4,6,2317000,4266
0,2317,2317000,2317050,4,6,2318000,4267
0,2318,2318000,2318050,4,6,2319000,4269
0,2319,2319000,2319050,4,6,2320000,4270
0,232,232000,232050,4,6,233000,424
0,2320,2320000,2320050,4,6,2321000,4274
0,2321,2321000,2321050,4,6,2322000,4275
0,2322,2322000,2322050,4,6,2323000,4278
0,2323,2323000,2323050,4,6,2324000,4279
0,2324,2324000,2324050,4,6,2325000,4281
0,2325,2325000,2325050,4,6,2326000,4282
0,2326,2326000,2326050,4,6,2327000,4284
0,2327,2327000,2327050,4,6,2328000,4285
0,2328,2328000,2328050,4,6,2329000,4288
0,2329,2329000,2329050,4,6,2330000,4289
0,233,233000,233050,4,6,234000,425
0,2330,2330000,2330050,4,6,2331000,4292
0,2331,2331000,2331050,4,6,2332000,4293
0,2332,2332000,2332050,4,6,2333000,4295
0,2333,2333000,2333050,4,6,2334000,4296
0,2334,2334000,2334050,4,6,2335000,4299
0,2335,2335000,2335050,4,6,2336000,4300
0,2336,2336000,2336050,4,6,2337000,4302
0,2337,2337000,2337050,4,6,2338000,4303
0,2338,2338000,2338050,4,6,2339000,4305
0,2339,2339000,2339050,4,6,2340000,4306
0,234,234000,234050,4,6,235000,428
0,2340,2340000,2340050,4,6,2341000,4311
0,2341,2341000,2341050,4,6,2342000,4312
0,2342,2342000,2342050,4,6,2343000,4314
0,2343,2343000,2343050,4,6,2344000,4315
0,2344,2344000,2344050,4,6,2345000,4317
0,2345,2345000,2345050,4,6,2346000,4318
0,2346,2346000,2346050,4,6,2347000,4321
0,2347,2347000,2347050,4,6,2348000,4322
0,2348,2348000,2348050,4,6,2349000,4324
0,2349,2349000,2349050,4,6,2350000,4325
0,235,235000,235050,4,6,236000,429
0,2350,2350000,2350050,4,6,2351000,4328
0,2351,2351000,2351050,4,6,2352000,4329
0,2352,2352000,2352050,4,6,2353000,4332
0,2353,2353000,2353050,4,6,2354000,4333
0,2354,2354000,2354050,4,6,2355000,4335
0,2355,2355000,2355050,4,6,2356000,4336
0,2356,2356000,2356050,4,6,2357000,4338
0,2357,2357000,2357050,4,6,2358000,4339
0,2358,2358000,2358050,4,6,2359000,4342
0,2359,2359000,2359050,4,6,2360000,4343
0,236,236000,236050,4,6,237000,431
0,2360,2360000,2360050,4,6,2361000,4347
0,2361,2361000,2361050,4,6,2362000,4348
0,2362,2362000,2362050,4,6,2363000,4350
0,2363,2363000,2363050,4,6,2364000,4351
0,2364,2364000,2364050,4,6,2365000,4354
0,2365,2365000,2365050,4,6,2366000,4355
0,2366,2366000,2366050,4,6,2367000,4357
0,2367,2367000,2367050,4,6,2368000,4358
0,2368,2368000,2368050,4,6,2369000,4360
0,2369,2369000,2369050,4,6,2370000,4361
0,237,237000,237050,4,6,238000,432
0,2370,2370000,2370050,4,6,2371000,4366
0,2371,2371000,2371050,4,6,2372000,4367
0,2372,2372000,2372050,4,6,2373000,4369
0,2373,2373000,2373050,4,6,2374000,4370
0,2374,2374000,2374050,4,6,2375000,4372
0,2375,2375000,2375050,4,6,2376000,4373
0,2376,2376000,2376050,4,6,2377000,4376
0,2377,2377000,2377050,4,6,2378000,4377
0,2378,2378000,2378050,4,6,2379000,4379
0,2379,2379000,2379050,4,6,2380000,4380
0,238,238000,238050,4,6,239000,434
0,2380,2380000,2380050,4,6,2381000,4383
0,2381,2381000,2381050,4,6,2382000,4384
0,2382,2382000,2382050,4,6,2383000,4387
0,2383,2383000,2383050,4,6,2384000,4388
0,2384,2384000,2384050,4,6,2385000,4390
0,2385,2385000,2385050,4,6,2386000,4391
0,2386,2386000,2386050,4,6,2387000,4393
0,2387,2387000,2387050,4,6,2388000,4394
0,2388,2388000,2388050,4,6,2389000,4397
0,2389,2389000,2389050,4,6,2390000,4398
0,239,239000,239050,4,6,240000,435
0,2390,2390000,2390050,4,6,2391000,4401
0,2391,2391000,2391050,4,6,2392000,4402
0,2392,2392000,2392050,4,6,2393000,4404
0,2393,2393000,2393050,4,6,2394000,4405
0,2394,2394000,2394050,4,6,2395000,4408
0,2395,2395000,2395050,4,6,2396000,4409
0,2396,2396000,2396050,4,6,2397000,4411
0,2397,2397000,2397050,4,6,2398000,4412
0,2398,2398000,2398050,4,6,2399000,4414
0,2399,2399000,2399050,4,6,2400000,4415
0,24,24000,24050,4,6,25000,42
0,240,240000,240050,4,6,241000,441
0,2400,2400000,2400050,4,6,2401000,4424
0,2401,2401000,2401050,4,6,2402000,4425
0,2402,2402000,2402050,4,6,2403000,4427
0,2403,2403000,2403050,4,6,2404000,4428
0,2404,2404000,2404050,4,6,2405000,4430
0,2405,2405000,2405050,4,6,2406000,4431
0,2406,2406000,2406050,4,6,2407000,4434
0,2407,2407000,2407050,4,6,2408000,4435
0,2408,2408000,2408050,4,6,2409000,4437
0,2409,2409000,2409050,4,6,2410000,4438
0,241,241000,241050,4,6,242000,442
0,2410,2410000,2410050,4,6,2411000,4441
0,2411,2411000,2411050,4,6,2412000,4442
0,2412,2412000,2412050,4,6,2413000,4445
0,2413,2413000,2413050,4,6,2414000,4446
0,2414,2414000,2414050,4,6,2415000,4448
0,2415,2415000,2415050,4,6,2416000,4449
0,2416,2416000,2416050,4,6,2417000,4451
0,2417,2417000,2417050,4,6,2418000,4452
0,2418,2418000,2418050,4,6,2419000,4455
0,2419,2419000,2419050,4,6,2420000,4456
0,242,242000,242050,4,6,243000,444
0,2420,2420000,2420050,4,6,2421000,4459
0,2421,2421000,2421050,4,6,2422000,4460
0,2422,2422000,2422050,4,6,2423000,4462
0,2423,2423000,2423050,4,6,2424000,4463
0,2424,2424000,2424050,4,6,2425000,4466
0,2425,2425000,2425050,4,6,2426000,4467
0,2426,2426000,2426050,4,6,2427000,4469
0,2427,2427000,2427050,4,6,2428000,4470
0,2428,2428000,2428050,4,6,2429000,4472
0,2429,2429000,2429050,4,6,2430000,4473
0,243,243000,243050,4,6,244000,445
0,2430,2430000,2430050,4,6,2431000,4478
0,2431,2431000,2431050,4,6,2432000,4479
0,2432,2432000,2432050,4,6,2433000,4481
0,2433,2433000,2433050,4,6,2434000,4482
0,2434,2434000,2434050,4,6,2435000,4484
0,2435,2435000,2435050,4,6,2436000,4485
0,2436,2436000,2436050,4,6,2437000,4488
0,2437,2437000,2437050,4,6,2438000,4489
0,2438,2438000,2438050,4,6,2439000,4491
0,2439,2439000,2439050,4,6,2440000,4492
0,244,244000,244050,4,6,245000,447
0,2440,2440000,2440050,4,6,2441000,4496
0,2441,2441000,2441050,4,6,2442000,4497
0,2442,2442000,2442050,4,6,2443000,4500
0,2443,2443000,2443050,4,6,2444000,4501
0,2444,2444000,2444050,4,6,2445000,4503
0,2445,2445000,2445050,4,6,2446000,4504
0,2446,2446000,2446050,4,6,2447000,4506
0,2447,2447000,2447050,4,6,2448000,4507
0,2448,2448000,2448050,4,6,2449000,4510
0,2449,2449000,2449050,4,6,2450000,4511
0,245,245000,245050,4,6,246000,448
0,2450,2450000,2450050,4,6,2451000,4514
0,2451,2451000,2451050,4,6,2452000,4515
0,2452,2452000,2452050,4,6,2453000,4517
0,2453,2453000,2453050,4,6,2454000,4518
0,2454,2454000,2454050,4,6,2455000,4521
0,2455,2455000,2455050,4,6,2456000,4522
0,2456,2456000,2456050,4,6,2457000,4524
0,2457,2457000,2457050,4,6,2458000,4525
0,2458,2458000,2458050,4,6,2459000,4527
0,2459,2459000,2459050,4,6,2460000,4528
0,246,246000,246050,4,6,247000,451
0,2460,2460000,2460050,4,6,2461000,4533
0,2461,2461000,2461050,4,6,2462000,4534
0,2462,2462000,2462050,4,6,2463000,4536
0,2463,2463000,2463050,4,6,2464000,4537
0,2464,2464000,2464050,4,6,2465000,4539
0,2465,2465000,2465050,4,6,2466000,4540
0,2466,2466000,2466050,4,6,2467000,4543
0,2467,2467000,2467050,4,6,2468000,4544
0,2468,2468000,2468050,4,6,2469000,4546
0,2469,2469000,2469050,4,6,2470000,4547
0,247,247000,247050,4,6,248000,452
0,2470,2470000,2470050,4,6,2471000,4550
0,2471,2471000,2471050,4,6,2472000,4551
0,2472,2472000,2472050,4,6,2473000,4554
0,2473,2473000,2473050,4,6,2474000,4555
0,2474,2474000,2474050,4,6,2475000,4557
0,2475,2475000,2475050,4,6,2476000,4558
0,2476,2476000,2476050,4,6,2477000,4560
0,2477,2477000,2477050,4,6,2478000,4561
0,2478,2478000,2478050,4,6,2479000,4564
0,2479,2479000,2479050,4,6,2480000,4565
0,248,248000,248050,4,6,249000,454
0,2480,2480000,2480050,4,6,2481000,4569
0,2481,2481000,2481050,4,6,2482000,4570
0,2482,2482000,2482050,4,6,2483000,4572
0,2483,2483000,2483050,4,6,2484000,4573
0,2484,2484000,2484050,4,6,2485000,4576
0,2485,2485000,2485050,4,6,2486000,4577
0,2486,2486000,2486050,4,6,2487000,4579
0,2487,2487000,2487050,4,6,2488000,4580
0,2488,2488000,2488050,4,6,2489000,4582
0,2489,2489000,2489050,4,6,2490000,4583
0,249,249000,249050,4,6,250000,455
0,2490,2490000,2490050,4,6,2491000,4588
0,2491,2491000,2491050,4,6,2492000,4589
0,2492,2492000,2492050,4,6,2493000,4591
0,2493,2493000,2493050,4,6,2494000,4592
0,2494,2494000,2494050,4,6,2495000,4594
0,2495,2495000,2495050,4,6,2496000,4595
0,2496,2496000,2496050,4,6,2497000,4598
0,2497,2497000,2497050,4,6,2498000,4599
0,2498,2498000,2498050,4,6,2499000,4601
0,2499,2499000,2499050,4,6,2500000,4602
0,25,25000,25050,4,6,26000,43
0,250,250000,250050,4,6,251000,458
0,2500,2500000,2500050,4,6,2501000,4607
0,2501,2501000,2501050,4,6,2502000,4608
0,2502,2502000,2502050,4,6,2503000,4611
0,2503,2503000,2503050,4,6,2504000,4612
0,2504,2504000,2504050,4,6,2505000,4614
0,2505,2505000,2505050,4,6,2506000,4615
0,2506,2506000,2506050,4,6,2507000,4617
0,2507,2507000,2507050,4,6,2508000,4618
0,2508,2508000,2508050,4,6,2509000,4621
0,2509,2509000,2509050,4,6,2510000,4622
0,251,251000,251050,4,6,252000,459
0,2510,2510000,2510050,4,6,2511000,4625
0,2511,2511000,2511050,4,6,2512000,4626
0,2512,2512000,2512050,4,6,2513000,4628
0,2513,2513000,2513050,4,6,2514000,4629
0,2514,2514000,2514050,4,6,2515000,4632
0,2515,2515000,2515050,4,6,2516000,4633
0,2516,2516000,2516050,4,6,2517000,4635
0,2517,2517000,2517050,4,6,2518000,4636
0,2518,2518000,2518050,4,6,2519000,4638
0,2519,2519000,2519050,4,6,2520000,4639
0,252,252000,252050,4,6,253000,462
0,2520,2520000,2520050,4,6,2521000,4645
0,2521,2521000,2521050,4,6,2522000,4646
0,2522,2522000,2522050,4,6,2523000,4648
0,2523,2523000,2523050,4,6,2524000,4649
0,2524,2524000,2524050,4,6,2525000,4651
0,2525,2525000,2525050,4,6,2526000,4652
0,2526,2526000,2526050,4,6,2527000,4655
0,2527,2527000,2527050,4,6,2528000,4656
0,2528,2528000,2528050,4,6,2529000,4658
0,2529,2529000,2529050,4,6,2530000,4659
0,253,253000,253050,4,6,254000,463
0,2530,2530000,2530050,4,6,2531000,4662
0,2531,2531000,2531050,4,6,2532000,4663
0,2532,2532000,2532050,4,6,2533000,4666
0,2533,2533000,2533050,4,6,2534000,4667
0,2534,2534000,2534050,4,6,2535000,4669
0,2535,2535000,2535050,4,6,2536000,4670
0,2536,2536000,2536050,4,6,2537000,4672
0,2537,2537000,2537050,4,6,2538000,4673
0,2538,2538000,2538050,4,6,2539000,4676
0,2539,2539000,2539050,4,6,2540000,4677
0,254,254000,254050,4,6,255000,465
0,2540,2540000,2540050,4,6,2541000,4680
0,2541,2541000,2541050,4,6,2542000,4681
0,2542,2542000,2542050,4,6,2543000,4683
0,2543,2543000,2543050,4,6,2544000,4684
0,2544,2544000,2544050,4,6,2545000,4687
0,2545,2545000,2545050,4,6,2546000,4688
0,2546,2546000,2546050,4,6,2547000,4690
0,2547,2547000,2547050,4,6,2548000,4691
0,2548,2548000,2548050,4,6,2549000,4693
0,2549,2549000,2549050,4,6,2550000,4694
0,255,255000,255050,4,6,256000,466
0,2550,2550000,2550050,4,6,2551000,4699
0,2551,2551000,2551050,4,6,2552000,4700
0,2552,2552000,2552050,4,6,2553000,4702
0,2553,2553000,2553050,4,6,2554000,4703
0,2554,2554000,2554050,4,6,2555000,4705
0,2555,2555000,2555050,4,6,2556000,4706
0,2556,2556000,2556050,4,6,2557000,4709
0,2557,2557000,2557050,4,6,2558000,4710
0,2558,2558000,2558050,4,6,2559000,4712
0,2559,2559000,2559050,4,6,2560000,4713
0,256,256000,256050,4,6,257000,468
0,2560,2560000,2560050,4,6,2561000,4717
0,2561,2561000,2561050,4,6,2562000,4718
0,2562,2562000,2562050,4,6,2563000,4721
0,2563,2563000,2563050,4,6,2564000,4722
0,2564,2564000,2564050,4,6,2565000,4724
0,2565,2565000,2565050,4,6,2566000,4725
0,2566,2566000,2566050,4,6,2567000,4727
0,2567,2567000,2567050,4,6,2568000,4728
0,2568,2568000,2568050,4,6,2569000,4731
0,2569,2569000,2569050,4,6,2570000,4732
0,257,257000,257050,4,6,258000,469
0,2570,2570000,2570050,4,6,2571000,4735
0,2571,2571000,2571050,4,6,2572000,4736
0,2572,2572000,2572050,4,6,2573000,4738
0,2573,2573000,2573050,4,6,2574000,4739
0,2574,2574000,2574050,4,6,2575000,4742
0,2575,2575000,2575050,4,6,2576000,4743
0,2576,2576000,2576050,4,6,2577000,4745
0,2577,2577000,2577050,4,6,2578000,4746
0,2578,2578000,2578050,4,6,2579000,4748
0,2579,2579000,2579050,4,6,2580000,4749
0,258,258000,258050,4,6,259000,472
0,2580,2580000,2580050,4,6,2581000,4754
0,2581,2581000,2581050,4,6,2582000,4755
0,2582,2582000,2582050,4,6,2583000,4757
0,2583,2583000,2583050,4,6,2584000,4758
0,2584,2584000,2584050,4,6,2585000,4760
0,2585,2585000,2585050,4,6,2586000,4761
0,2586,2586000,2586050,4,6,2587000,4764
0,2587,2587000,2587050,4,6,2588000,4765
0,2588,2588000,2588050,4,6,2589000,4767
0,2589,2589000,2589050,4,6,2590000,4768
0,259,259000,259050,4,6,260000,473
0,2590,2590000,2590050,4,6,2591000,4771
0,2591,2591000,2591050,4,6,2592000,4772
0,2592,2592000,2592050,4,6,2593000,4775
0,2593,2593000,2593050,4,6,2594000,4776
0,2594,2594000,2594050,4,6,2595000,4778
0,2595,2595000,2595050,4,6,2596000,4779
0,2596,2596000,2596050,4,6,2597000,4781
0,2597,2597000,2597050,4,6,2598000,4782
0,2598,2598000,2598050,4,6,2599000,4785
0,2599,2599000,2599050,4,6,2600000,4786
0,26,26000,26050,4,6,27000,45
0,260,260000,260050,4,6,261000,476
0,2600,2600000,2600050,4,6,2601000,4792
0,2601,2601000,2601050,4,6,2602000,4793
0,2602,2602000,2602050,4,6,2603000,4795
0,2603,2603000,2603050,4,6,2604000,4796
0,2604,2604000,2604050,4,6,2605000,4799
0,2605,2605000,2605050,4,6,2606000,4800
0,2606,2606000,2606050,4,6,2607000,4802
0,2607,2607000,2607050,4,6,2608000,4803
0,2608,2608000,2608050,4,6,2609000,4805
0,2609,2609000,2609050,4,6,2610000,4806
0,261,261000,261050,4,6,262000,477
0,2610,2610000,2610050,4,6,2611000,4811
0,2611,2611000,2611050,4,6,2612000,4812
0,2612,2612000,2612050,4,6,2613000,4814
0,2613,2613000,2613050,4,6,2614000,4815
0,2614,2614000,2614050,4,6,2615000,4817
0,2615,2615000,2615050,4,6,2616000,4818
0,2616,2616000,2616050,4,6,2617000,4821
0,2617,2617000,2617050,4,6,2618000,4822
0,2618,2618000,2618050,4,6,2619000,4824
0,2619,2619000,2619050,4,6,2620000,4825
0,262,262000,262050,4,6,263000,479
0,2620,2620000,2620050,4,6,2621000,4828
0,2621,2621000,2621050,4,6,2622000,4829
0,2622,2622000,2622050,4,6,2623000,4832
0,2623,2623000,2623050,4,6,2624000,4833
0,2624,2624000,2624050,4,6,2625000,4835
0,2625,2625000,2625050,4,6,2626000,4836
0,2626,2626000,2626050,4,6,2627000,4838
0,2627,2627000,2627050,4,6,2628000,4839
0,2628,2628000,2628050,4,6,2629000,4842
0,2629,2629000,2629050,4,6,2630000,4843
0,263,263000,263050,4,6,264000,480
0,2630,2630000,2630050,4,6,2631000,4846
0,2631,2631000,2631050,4,6,2632000,4847
0,2632,2632000,2632050,4,6,2633000,4849
0,2633,2633000,2633050,4,6,2634000,4850
0,2634,2634000,2634050,4,6,2635000,4853
0,2635,2635000,2635050,4,6,2636000,4854
0,2636,2636000,2636050,4,6,2637000,4856
0,2637,2637000,2637050,4,6,2638000,4857
0,2638,2638000,2638050,4,6,2639000,4859
0,2639,2639000,2639050,4,6,2640000,4860
0,264,264000,264050,4,6,265000,483
0,2640,2640000,2640050,4,6,2641000,4866
0,2641,2641000,2641050,4,6,2642000,4867
0,2642,2642000,2642050,4,6,2643000,4869
0,2643,2643000,2643050,4,6,2644000,4870
0,2644,2644000,2644050,4,6,2645000,4872
0,2645,2645000,2645050,4,6,2646000,4873
0,2646,2646000,2646050,4,6,2647000,4876
0,2647,2647000,2647050,4,6,2648000,4877
0,2648,2648000,2648050,4,6,2649000,4879
0,2649,2649000,2649050,4,6,2650000,4880
0,265,265000,265050,4,6,266000,484
0,2650,2650000,2650050,4,6,2651000,4883
0,2651,2651000,2651050,4,6,2652000,4884
0,2652,2652000,2652050,4,6,2653000,4887
0,2653,2653000,2653050,4,6,2654000,4888
0,2654,2654000,2654050,4,6,2655000,4890
0,2655,2655000,2655050,4,6,2656000,4891
0,2656,2656000,2656050,4,6,2657000,4893
0,2657,2657000,2657050,4,6,2658000,4894
0,2658,2658000,2658050,4,6,2659000,4897
0,2659,2659000,2659050,4,6,2660000,4898
0,266,266000,266050,4,6,267000,486
0,2660,2660000,2660050,4,6,2661000,4901
0,2661,2661000,2661050,4,6,2662000,4902
0,2662,2662000,2662050,4,6,2663000,4904
0,2663,2663000,2663050,4,6,2664000,4905
0,2664,2664000,2664050,4,6,2665000,4908
0,2665,2665000,2665050,4,6,2666000,4909
0,2666,2666000,2666050,4,6,2667000,4911
0,2667,2667000,2667050,4,6,2668000,4912
0,2668,2668000,2668050,4,6,2669000,4914
0,2669,2669000,2669050,4,6,2670000,4915
0,267,267000,267050,4,6,268000,487
0,2670,2670000,2670050,4,6,2671000,4920
0,2671,2671000,2671050,4,6,2672000,4921
0,2672,2672000,2672050,4,6,2673000,4923
0,2673,2673000,2673050,4,6,2674000,4924
0,2674,2674000,2674050,4,6,2675000,4926
0,2675,2675000,2675050,4,6,2676000,4927
0,2676,2676000,2676050,4,6,2677000,4930
0,2677,2677000,2677050,4,6,2678000,4931
0,2678,2678000,2678050,4,6,2679000,4933
0,2679,2679000,2679050,4,6,2680000,4934
0,268,268000,268050,4,6,269000,489
0,2680,2680000,2680050,4,6,2681000,4938
0,2681,2681000,2681050,4,6,2682000,4939
0,2682,2682000,2682050,4,6,2683000,4942
0,2683,2683000,2683050,4,6,2684000,4943
0,2684,2684000,2684050,4,6,2685000,4945
0,2685,2685000,2685050,4,6,2686000,4946
0,2686,2686000,2686050,4,6,2687000,4948
0,2687,2687000,2687050,4,6,2688000,4949
0,2688,2688000,2688050,4,6,2689000,4952
0,2689,2689000,2689050,4,6,2690000,4953
0,269,269000,269050,4,6,270000,490
0,2690,2690000,2690050,4,6,2691000,4956
0,2691,2691000,2691050,4,6,2692000,4957
0,2692,2692000,2692050,4,6,2693000,4959
0,2693,2693000,2693050,4,6,2694000,4960
0,2694,2694000,2694050,4,6,2695000,4963
0,2695,2695000,2695050,4,6,2696000,4964
0,2696,2696000,2696050,4,6,2697000,4966
0,2697,2697000,2697050,4,6,2698000,4967
0,2698,2698000,2698050,4,6,2699000,4969
0,2699,2699000,2699050,4,6,2700000,4970
0,27,27000,27050,4,6,28000,46
0,270,270000,270050,4,6,271000,495
0,2700,2700000,2700050,4,6,2701000,4976
0,2701,2701000,2701050,4,6,2702000,4977
0,2702,2702000,2702050,4,6,2703000,4979
0,2703,2703000,2703050,4,6,2704000,4980
0,2704,2704000,2704050,4,6,2705000,4982
0,2705,2705000,2705050,4,6,2706000,4983
0,2706,2706000,2706050,4,6,2707000,4986
0,2707,2707000,2707050,4,6,2708000,4987
0,2708,2708000,2708050,4,6,2709000,4989
0,2709,2709000,2709050,4,6,2710000,4990
0,271,271000,271050,4,6,272000,496
0,2710,2710000,2710050,4,6,2711000,4993
0,2711,2711000,2711050,4,6,2712000,4994
0,2712,2712000,2712050,4,6,2713000,4997
0,2713,2713000,2713050,4,6,2714000,4998
0,2714,2714000,2714050,4,6,2715000,5000
0,2715,2715000,2715050,4,6,2716000,5001
0,2716,2716000,2716050,4,6,2717000,5003
0,2717,2717000,2717050,4,6,2718000,5004
0,2718,2718000,2718050,4,6,2719000,5007
0,2719,2719000,2719050,4,6,2720000,5008
0,272,272000,272050,4,6,273000,498
0,2720,2720000,2720050,4,6,2721000,5012
0,2721,2721000,2721050,4,6,2722000,5013
0,2722,2722000,2722050,4,6,2723000,5015
0,2723,2723000,2723050,4,6,2724000,5016
0,2724,2724000,2724050,4,6,2725000,5019
0,2725,2725000,2725050,4,6,2726000,5020
0,2726,2726000,2726050,4,6,2727000,5022
0,2727,2727000,2727050,4,6,2728000,5023
0,2728,2728000,2728050,4,6,2729000,5025
0,2729,2729000,2729050,4,6,2730000,5026
0,273,273000,273050,4,6,274000,499
0,2730,2730000,2730050,4,6,2731000,5031
0,2731,2731000,2731050,4,6,2732000,5032
0,2732,2732000,2732050,4,6,2733000,5034
0,2733,2733000,2733050,4,6,2734000,5035
0,2734,2734000,2734050,4,6,2735000,5037
0,2735,2735000,2735050,4,6,2736000,5038
0,2736,2736000,2736050,4,6,2737000,5041
0,2737,2737000,2737050,4,6,2738000,5042
0,2738,2738000,2738050,4,6,2739000,5044
0,2739,2739000,2739050,4,6,2740000,5045
0,274,274000,274050,4,6,275000,501
0,2740,2740000,2740050,4,6,2741000,5048
0,2741,2741000,2741050,4,6,2742000,5049
0,2742,2742000,2742050,4,6,2743000,5052
0,2743,2743000,2743050,4,6,2744000,5053
0,2744,2744000,2744050,4,6,2745000,5055
0,2745,2745000,2745050,4,6,2746000,5056
0,2746,2746000,2746050,4,6,2747000,5058
0,2747,2747000,2747050,4,6,2748000,5059
0,2748,2748000,2748050,4,6,2749000,5062
0,2749,2749000,2749050,4,6,2750000,5063
0,275,275000,275050,4,6,276000,502
0,2750,2750000,2750050,4,6,2751000,5066
0,2751,2751000,2751050,4,6,2752000,5067
0,2752,2752000,2752050,4,6,2753000,5069
0,2753,2753000,2753050,4,6,2754000,5070
0,2754,2754000,2754050,4,6,2755000,5073
0,2755,2755000,2755050,4,6,2756000,5074
0,2756,2756000,2756050,4,6,2757000,5076
0,2757,2757000,2757050,4,6,2758000,5077
0,2758,2758000,2758050,4,6,2759000,5079
0,2759,2759000,2759050,4,6,2760000,5080
0,276,276000,276050,4,6,277000,505
0,2760,2760000,2760050,4,6,2761000,5086
0,2761,2761000,2761050,4,6,2762000,5087
0,2762,2762000,2762050,4,6,2763000,5089
0,2763,2763000,2763050,4,6,2764000,5090
0,2764,2764000,2764050,4,6,2765000,5092
0,2765,2765000,2765050,4,6,2766000,5093
0,2766,2766000,2766050,4,6,2767000,5096
0,2767,2767000,2767050,4,6,2768000,5097
0,2768,2768000,2768050,4,6,2769000,5099
0,2769,2769000,2769050,4,6,2770000,5100
0,277,277000,277050,4,6,278000,506
0,2770,2770000,2770050,4,6,2771000,5103
0,2771,2771000,2771050,4,6,2772000,5104
0,2772,2772000,2772050,4,6,2773000,5107
0,2773,2773000,2773050,4,6,2774000,5108
0,2774,2774000,2774050,4,6,2775000,5110
0,2775,2775000,2775050,4,6,2776000,5111
0,2776,2776000,2776050,4,6,2777000,5113
0,2777,2777000,2777050,4,6,2778000,5114
0,2778,2778000,2778050,4,6,2779000,5117
0,2779,2779000,2779050,4,6,2780000,5118
0,278,278000,278050,4,6,279000,508
0,2780,2780000,2780050,4,6,2781000,5121
0,2781,2781000,2781050,4,6,2782000,5122
0,2782,2782000,2782050,4,6,2783000,5124
0,2783,2783000,2783050,4,6,2784000,5125
0,2784,2784000,2784050,4,6,2785000,5128
0,2785,2785000,2785050,4,6,2786000,5129
0,2786,2786000,2786050,4,6,2787000,5131
0,2787,2787000,2787050,4,6,2788000,5132
0,2788,2788000,2788050,4,6,2789000,5134
0,2789,2789000,2789050,4,6,2790000,5135
0,279,279000,279050,4,6,280000,509
0,2790,2790000,2790050,4,6,2791000,5140
0,2791,2791000,2791050,4,6,2792000,5141
0,2792,2792000,2792050,4,6,2793000,5143
0,2793,2793000,2793050,4,6,2794000,5144
0,2794,2794000,2794050,4,6,2795000,5146
0,2795,2795000,2795050,4,6,2796000,5147
0,2796,2796000,2796050,4,6,2797000,5150
0,2797,2797000,2797050,4,6,2798000,5151
0,2798,2798000,2798050,4,6,2799000,5153
0,2799,2799000,2799050,4,6,2800000,5154
0,28,28000,28050,4,6,29000,48
0,280,280000,280050,4,6,281000,513
0,2800,2800000,2800050,4,6,2801000,5160
0,2801,2801000,2801050,4,6,2802000,5161
0,2802,2802000,2802050,4,6,2803000,5164
0,2803,2803000,2803050,4,6,2804000,5165
0,2804,2804000,2804050,4,6,2805000,5167
0,2805,2805000,2805050,4,6,2806000,5168
0,2806,2806000,2806050,4,6,2807000,5170
0,2807,2807000,2807050,4,6,2808000,5171
0,2808,2808000,2808050,4,6,2809000,5174
0,2809,2809000,2809050,4,6,2810000,5175
0,281,281000,281050,4,6,282000,514
0,2810,2810000,2810050,4,6,2811000,5178
0,2811,2811000,2811050,4,6,2812000,5179
0,2812,2812000,2812050,4,6,2813000,5181
0,2813,2813000,2813050,4,6,2814000,5182
0,2814,2814000,2814050,4,6,2815000,5185
0,2815,2815000,2815050,4,6,2816000,5186
0,2816,2816000,2816050,4,6,2817000,5188
0,2817,2817000,2817050,4,6,2818000,5189
0,2818,2818000,2818050,4,6,2819000,5191
0,2819,2819000,2819050,4,6,2820000,5192
0,282,282000,282050,4,6,283000,517
0,2820,2820000,2820050,4,6,2821000,5197
0,2821,2821000,2821050,4,6,2822000,5198
0,2822,2822000,2822050,4,6,2823000,5200
0,2823,2823000,2823050,4,6,2824000,5201
0,2824,2824000,2824050,4,6,2825000,5203
0,2825,2825000,2825050,4,6,2826000,5204
0,2826,2826000,2826050,4,6,2827000,5207
0,2827,2827000,2827050,4,6,2828000,5208
0,2828,2828000,2828050,4,6,2829000,5210
0,2829,2829000,2829050,4,6,2830000,5211
0,283,283000,283050,4,6,284000,518
0,2830,2830000,2830050,4,6,2831000,5214
0,2831,2831000,2831050,4,6,2832000,5215
0,2832,2832000,2832050,4,6,2833000,5218
0,2833,2833000,2833050,4,6,2834000,5219
0,2834,2834000,2834050,4,6,2835000,5221
0,2835,2835000,2835050,4,6,2836000,5222
0,2836,2836000,2836050,4,6,2837000,5224
0,2837,2837000,2837050,4,6,2838000,5225
0,2838,2838000,2838050,4,6,2839000,5228
0,2839,2839000,2839050,4,6,2840000,5229
0,284,284000,284050,4,6,285000,520
0,2840,2840000,2840050,4,6,2841000,5233
0,2841,2841000,2841050,4,6,2842000,5234
0,2842,2842000,2842050,4,6,2843000,5236
0,2843,2843000,2843050,4,6,2844000,5237
0,2844,2844000,2844050,4,6,2845000,5240
0,2845,2845000,2845050,4,6,2846000,5241
0,2846,2846000,2846050,4,6,2847000,5243
0,2847,2847000,2847050,4,6,2848000,5244
0,2848,2848000,2848050,4,6,2849000,5246
0,2849,2849000,2849050,4,6,2850000,5247
0,285,285000,285050,4,6,286000,521
0,2850,2850000,2850050,4,6,2851000,5252
0,2851,2851000,2851050,4,6,2852000,5253
0,2852,2852000,2852050,4,6,2853000,5255
0,2853,2853000,2853050,4,6,2854000,5256
0,2854,2854000,2854050,4,6,2855000,5258
0,2855,2855000,2855050,4,6,2856000,5259
0,2856,2856000,2856050,4,6,2857000,5262
0,2857,2857000,2857050,4,6,2858000,5263
0,2858,2858000,2858050,4,6,2859000,5265
0,2859,2859000,2859050,4,6,2860000,5266
0,286,286000,286050,4,6,287000,523
0,2860,2860000,2860050,4,6,2861000,5269
0,2861,2861000,2861050,4,6,2862000,5270
0,2862,2862000,2862050,4,6,2863000,5273
0,2863,2863000,2863050,4,6,2864000,5274
0,2864,2864000,2864050,4,6,2865000,5276
0,2865,2865000,2865050,4,6,2866000,5277
0,2866,2866000,2866050,4,6,2867000,5279
0,2867,2867000,2867050,4,6,2868000,5280
0,2868,2868000,2868050,4,6,2869000,5283
0,2869,2869000,2869050,4,6,2870000,5284
0,287,287000,287050,4,6,288000,524
0,2870,2870000,2870050,4,6,2871000,5287
0,2871,2871000,2871050,4,6,2872000,5288
0,2872,2872000,2872050,4,6,2873000,5290
0,2873,2873000,2873050,4,6,2874000,5291
0,2874,2874000,2874050,4,6,2875000,5294
0,2875,2875000,2875050,4,6,2876000,5295
0,2876,2876000,2876050,4,6,2877000,5297
0,2877,2877000,2877050,4,6,2878000,5298
0,2878,2878000,2878050,4,6,2879000,5300
0,2879,2879000,2879050,4,6,2880000,5301
0,288,288000,288050,4,6,289000,527
0,2880,2880000,2880050,4,6,2881000,5307
0,2881,2881000,2881050,4,6,2882000,5308
0,2882,2882000,2882050,4,6,2883000,5310
0,2883,2883000,2883050,4,6,2884000,5311
0,2884,2884000,2884050,4,6,2885000,5313
0,2885,2885000,2885050,4,6,2886000,5314
0,2886,2886000,2886050,4,6,2887000,5317
0,2887,2887000,2887050,4,6,2888000,5318
0,2888,2888000,2888050,4,6,2889000,5320
0,2889,2889000,2889050,4,6,2890000,5321
0,289,289000,289050,4,6,290000,528
0,2890,2890000,2890050,4,6,2891000,5324
0,2891,2891000,2891050,4,6,2892000,5325
0,2892,2892000,2892050,4,6,2893000,5328
0,2893,2893000,2893050,4,6,2894000,5329
0,2894,2894000,2894050,4,6,2895000,5331
0,2895,2895000,2895050,4,6,2896000,5332
0,2896,2896000,2896050,4,6,2897000,5334
0,2897,2897000,2897050,4,6,2898000,5335
0,2898,2898000,2898050,4,6,2899000,5338
0,2899,2899000,2899050,4,6,2900000,5339
0,29,29000,29050,4,6,30000,49
0,290,290000,290050,4,6,291000,531
0,2900,2900000,2900050,4,6,2901000,5343
0,2901,2901000,2901050,4,6,2902000,5344
0,2902,2902000,2902050,4,6,2903000,5346
0,2903,2903000,2903050,4,6,2904000,5347
0,2904,2904000,2904050,4,6,2905000,5350
0,2905,2905000,2905050,4,6,2906000,5351
0,2906,2906000,2906050,4,6,2907000,5353
0,2907,2907000,2907050,4,6,2908000,5354
0,2908,2908000,2908050,4,6,2909000,5356
0,2909,2909000,2909050,4,6,2910000,5357
0,291,291000,291050,4,6,292000,532
0,2910,2910000,2910050,4,6,2911000,5362
0,2911,2911000,2911050,4,6,2912000,5363
0,2912,2912000,2912050,4,6,2913000,5365
0,2913,2913000,2913050,4,6,2914000,5366
0,2914,2914000,2914050,4,6,2915000,5368
0,2915,2915000,2915050,4,6,2916000,5369
0,2916,2916000,2916050,4,6,2917000,5372
0,2917,2917000,2917050,4,6,2918000,5373
0,2918,2918000,2918050,4,6,2919000,5375
0,2919,2919000,2919050,4,6,2920000,5376
0,292,292000,292050,4,6,293000,534
0,2920,2920000,2920050,4,6,2921000,5380
0,2921,2921000,2921050,4,6,2922000,5381
0,2922,2922000,2922050,4,6,2923000,5384
0,2923,2923000,2923050,4,6,2924000,5385
0,2924,2924000,2924050,4,6,2925000,5387
0,2925,2925000,2925050,4,6,2926000,5388
0,2926,2926000,2926050,4,6,2927000,5390
0,2927,2927000,2927050,4,6,2928000,5391
0,2928,2928000,2928050,4,6,2929000,5394
0,2929,2929000,2929050,4,6,2930000,5395
0,293,293000,293050,4,6,294000,535
0,2930,2930000,2930050,4,6,2931000,5398
0,2931,2931000,2931050,4,6,2932000,5399
0,2932,2932000,2932050,4,6,2933000,5401
0,2933,2933000,2933050,4,6,2934000,5402
0,2934,2934000,2934050,4,6,2935000,5405
0,2935,2935000,2935050,4,6,2936000,5406
0,2936,2936000,2936050,4,6,2937000,5408
0,2937,2937000,2937050,4,6,2938000,5409
0,2938,2938000,2938050,4,6,2939000,5411
0,2939,2939000,2939050,4,6,2940000,5412
0,294,294000,294050,4,6,295000,538
0,2940,2940000,2940050,4,6,2941000,5417
0,2941,2941000,2941050,4,6,2942000,5418
0,2942,2942000,2942050,4,6,2943000,5420
0,2943,2943000,2943050,4,6,2944000,5421
0,2944,2944000,2944050,4,6,2945000,5423
0,2945,2945000,2945050,4,6,2946000,5424
0,2946,2946000,2946050,4,6,2947000,5427
0,2947,2947000,2947050,4,6,2948000,5428
0,2948,2948000,2948050,4,6,2949000,5430
0,2949,2949000,2949050,4,6,2950000,5431
0,295,295000,295050,4,6,296000,539
0,2950,2950000,2950050,4,6,2951000,5434
0,2951,2951000,2951050,4,6,2952000,5435
0,2952,2952000,2952050,4,6,2953000,5438
0,2953,2953000,2953050,4,6,2954000,5439
0,2954,2954000,2954050,4,6,2955000,5441
0,2955,2955000,2955050,4,6,2956000,5442
0,2956,2956000,2956050,4,6,2957000,5444
0,2957,2957000,2957050,4,6,2958000,5445
0,2958,2958000,2958050,4,6,2959000,5448
0,2959,2959000,2959050,4,6,2960000,5449
0,296,296000,296050,4,6,297000,541
0,2960,2960000,2960050,4,6,2961000,5453
0,2961,2961000,2961050,4,6,2962000,5454
0,2962,2962000,2962050,4,6,2963000,5456
0,2963,2963000,2963050,4,6,2964000,5457
0,2964,2964000,2964050,4,6,2965000,5460
0,2965,2965000,2965050,4,6,2966000,5461
0,2966,2966000,2966050,4,6,2967000,5463
0,2967,2967000,2967050,4,6,2968000,5464
0,2968,2968000,2968050,4,6,2969000,5466
0,2969,2969000,2969050,4,6,2970000,5467
0,297,297000,297050,4,6,298000,542
0,2970,2970000,2970050,4,6,2971000,5472
0,2971,2971000,2971050,4,6,2972000,5473
0,2972,2972000,2972050,4,6,2973000,5475
0,2973,2973000,2973050,4,6,2974000,5476
0,2974,2974000,2974050,4,6,2975000,5478
0,2975,2975000,2975050,4,6,2976000,5479
0,2976,2976000,2976050,4,6,2977000,5482
0,2977,2977000,2977050,4,6,2978000,5483
0,2978,2978000,2978050,4,6,2979000,5485
0,2979,2979000,2979050,4,6,2980000,5486
0,298,298000,298050,4,6,299000,544
0,2980,2980000,2980050,4,6,2981000,5489
0,2981,2981000,2981050,4,6,2982000,5490
0,2982,2982000,2982050,4,6,2983000,5493
0,2983,2983000,2983050,4,6,2984000,5494
0,2984,2984000,2984050,4,6,2985000,5496
0,2985,2985000,2985050,4,6,2986000,5497
0,2986,2986000,2986050,4,6,2987000,5499
0,2987,2987000,2987050,4,6,2988000,5500
0,2988,2988000,2988050,4,6,2989000,5503
0,2989,2989000,2989050,4,6,2990000,5504
0,299,299000,299050,4,6,300000,545
0,2990,2990000,2990050,4,6,2991000,5507
0,2991,2991000,2991050,4,6,2992000,5508
0,2992,2992000,2992050,4,6,2993000,5510
0,2993,2993000,2993050,4,6,2994000,5511
0,2994,2994000,2994050,4,6,2995000,5514
0,2995,2995000,2995050,4,6,2996000,5515
0,2996,2996000,2996050,4,6,2997000,5517
0,2997,2997000,2997050,4,6,2998000,5518
0,2998,2998000,2998050,4,6,2999000,5520
0,2999,2999000,2999050,4,6,3000000,5521
0,3,3000,3050,4,6,4000,4
0,30,30000,30050,4,6,31000,54
0,300,300000,300050,4,6,301000,551
0,301,301000,301050,4,6,302000,552
0,302,302000,302050,4,6,303000,554
0,303,303000,303050,4,6,304000,555
0,304,304000,304050,4,6,305000,557
0,305,305000,305050,4,6,306000,558
0,306,306000,306050,4,6,307000,561
0,307,307000,307050,4,6,308000,562
0,308,308000,308050,4,6,309000,564
0,309,309000,309050,4,6,310000,565
0,31,31000,31050,4,6,32000,55
0,310,310000,310050,4,6,311000,568
0,311,311000,311050,4,6,312000,569
0,312,312000,312050,4,6,313000,572
0,313,313000,313050,4,6,314000,573
0,314,314000,314050,4,6,315000,575
0,315,315000,315050,4,6,316000,576
0,316,316000,316050,4,6,317000,578
0,317,317000,317050,4,6,318000,579
0,318,318000,318050,4,6,319000,582
0,319,319000,319050,4,6,320000,583
0,32,32000,32050,4,6,33000,57
0,320,320000,320050,4,6,321000,587
0,321,321000,321050,4,6,322000,588
0,322,322000,322050,4,6,323000,590
0,323,323000,323050,4,6,324000,591
0,324,324000,324050,4,6,325000,594
0,325,325000,325050,4,6,326000,595
0,326,326000,326050,4,6,327000,597
0,327,327000,327050,4,6,328000,598
0,328,328000,328050,4,6,329000,600
0,329,329000,329050,4,6,330000,601
0,33,33000,33050,4,6,34000,58
0,330,330000,330050,4,6,331000,606
0,331,331000,331050,4,6,332000,607
0,332,332000,332050,4,6,333000,609
0,333,333000,333050,4,6,334000,610
0,334,334000,334050,4,6,335000,612
0,335,335000,335050,4,6,336000,613
0,336,336000,336050,4,6,337000,616
0,337,337000,337050,4,6,338000,617
0,338,338000,338050,4,6,339000,619
0,339,339000,339050,4,6,340000,620
0,34,34000,34050,4,6,35000,60
0,340,340000,340050,4,6,341000,623
0,341,341000,341050,4,6,342000,624
0,342,342000,342050,4,6,343000,627
0,343,343000,343050,4,6,344000,628
0,344,344000,344050,4,6,345000,630
0,345,345000,345050,4,6,346000,631
0,346,346000,346050,4,6,347000,633
0,347,347000,347050,4,6,348000,634
0,348,348000,348050,4,6,349000,637
0,349,349000,349050,4,6,350000,638
0,35,35000,35050,4,6,36000,61
0,350,350000,350050,4,6,351000,641
0,351,351000,351050,4,6,352000,642
0,352,352000,352050,4,6,353000,644
0,353,353000,353050,4,6,354000,645
0,354,354000,354050,4,6,355000,648
0,355,355000,355050,4,6,356000,649
0,356,356000,356050,4,6,357000,651
0,357,357000,357050,4,6,358000,652
0,358,358000,358050,4,6,359000,654
0,359,359000,359050,4,6,360000,655
0,36,36000,36050,4,6,37000,64
0,360,360000,360050,4,6,361000,661
0,361,361000,361050,4,6,362000,662
0,362,362000,362050,4,6,363000,664
0,363,363000,363050,4,6,364000,665
0,364,364000,364050,4,6,365000,667
0,365,365000,365050,4,6,366000,668
0,366,366000,366050,4,6,367000,671
0,367,367000,367050,4,6,368000,672
0,368,368000,368050,4,6,369000,674
0,369,369000,369050,4,6,370000,675
0,37,37000,37050,4,6,38000,65
0,370,370000,370050,4,6,371000,678
0,371,371000,371050,4,6,372000,679
0,372,372000,372050,4,6,373000,682
0,373,373000,373050,4,6,374000,683
0,374,374000,374050,4,6,375000,685
0,375,375000,375050,4,6,376000,686
0,376,376000,376050,4,6,377000,688
0,377,377000,377050,4,6,378000,689
0,378,378000,378050,4,6,379000,692
0,379,379000,379050,4,6,380000,693
0,38,38000,38050,4,6,39000,67
0,380,380000,380050,4,6,381000,696
0,381,381000,381050,4,6,382000,697
0,382,382000,382050,4,6,383000,699
0,383,383000,383050,4,6,384000,700
0,384,384000,384050,4,6,385000,703
0,385,385000,385050,4,6,386000,704
0,386,386000,386050,4,6,387000,706
0,387,387000,387050,4,6,388000,707
0,388,388000,388050,4,6,389000,709
0,389,389000,389050,4,6,390000,710
0,39,39000,39050,4,6,40000,68
0,390,390000,390050,4,6,391000,715
0,391,391000,391050,4,6,392000,716
0,392,392000,392050,4,6,393000,718
0,393,393000,393050,4,6,394000,719
0,394,394000,394050,4,6,395000,721
0,395,395000,395050,4,6,396000,722
0,396,396000,396050,4,6,397000,725
0,397,397000,397050,4,6,398000,726
0,398,398000,398050,4,6,399000,728
0,399,399000,399050,4,6,400000,729
0,4,4000,4050,4,6,5000,6
0,40,40000,40050,4,6,41000,72
0,400,400000,400050,4,6,401000,735
0,401,401000,401050,4,6,402000,736
0,402,402000,402050,4,6,403000,739
0,403,403000,403050,4,6,404000,740
0,404,404000,404050,4,6,405000,742
0,405,405000,405050,4,6,406000,743
0,406,406000,406050,4,6,407000,745
0,407,407000,407050,4,6,408000,746
0,408,408000,408050,4,6,409000,749
0,409,409000,409050,4,6,410000,750
0,41,41000,41050,4,6,42000,73
0,410,410000,410050,4,6,411000,753
0,411,411000,411050,4,6,412000,754
0,412,412000,412050,4,6,413000,756
0,413,413000,413050,4,6,414000,757
0,414,414000,414050,4,6,415000,760
0,415,415000,415050,4,6,416000,761
0,416,416000,416050,4,6,417000,763
0,417,417000,417050,4,6,418000,764
0,418,418000,418050,4,6,419000,766
0,419,419000,419050,4,6,420000,767
0,42,42000,42050,4,6,43000,76
0,420,420000,420050,4,6,421000,772
0,421,421000,421050,4,6,422000,773
0,422,422000,422050,4,6,423000,775
0,423,423000,423050,4,6,424000,776
0,424,424000,424050,4,6,425000,778
0,425,425000,425050,4,6,426000,779
0,426,426000,426050,4,6,427000,782
0,427,427000,427050,4,6,428000,783
0,428,428000,428050,4,6,429000,785
0,429,429000,429050,4,6,430000,786
0,43,43000,43050,4,6,44000,77
0,430,430000,430050,4,6,431000,789
0,431,431000,431050,4,6,432000,790
0,432,432000,432050,4,6,433000,793
0,433,433000,433050,4,6,434000,794
0,434,434000,434050,4,6,435000,796
0,435,435000,435050,4,6,436000,797
0,436,436000,436050,4,6,437000,799
0,437,437000,437050,4,6,438000,800
0,438,438000,438050,4,6,439000,803
0,439,439000,439050,4,6,440000,804
0,44,44000,44050,4,6,45000,79
0,440,440000,440050,4,6,441000,808
0,441,441000,441050,4,6,442000,809
0,442,442000,442050,4,6,443000,811
0,443,443000,443050,4,6,444000,812
0,444,444000,444050,4,6,445000,815
0,445,445000,445050,4,6,446000,816
0,446,446000,446050,4,6,447000,818
0,447,447000,447050,4,6,448000,819
0,448,448000,448050,4,6,449000,821
0,449,449000,449050,4,6,450000,822
0,45,45000,45050,4,6,46000,80
0,450,450000,450050,4,6,451000,827
0,451,451000,451050,4,6,452000,828
0,452,452000,452050,4,6,453000,830
0,453,453000,453050,4,6,454000,831
0,454,454000,454050,4,6,455000,833
0,455,455000,455050,4,6,456000,834
0,456,456000,456050,4,6,457000,837
0,457,457000,457050,4,6,458000,838
0,458,458000,458050,4,6,459000,840
0,459,459000,459050,4,6,460000,841
0,46,46000,46050,4,6,47000,82
0,460,460000,460050,4,6,461000,844
0,461,461000,461050,4,6,462000,845
0,462,462000,462050,4,6,463000,848
0,463,463000,463050,4,6,464000,849
0,464,464000,464050,4,6,465000,851
0,465,465000,465050,4,6,466000,852
0,466,466000,466050,4,6,467000,854
0,467,467000,467050,4,6,468000,855
0,468,468000,468050,4,6,469000,858
0,469,469000,469050,4,6,470000,859
0,47,47000,47050,4,6,48000,83
0,470,470000,470050,4,6,471000,862
0,471,471000,471050,4,6,472000,863
0,472,472000,472050,4,6,473000,865
0,473,473000,473050,4,6,474000,866
0,474,474000,474050,4,6,475000,869
0,475,475000,475050,4,6,476000,870
0,476,476000,476050,4,6,477000,872
0,477,477000,477050,4,6,478000,873
0,478,478000,478050,4,6,479000,875
0,479,479000,479050,4,6,480000,876
0,48,48000,48050,4,6,49000,86
0,480,480000,480050,4,6,481000,882
0,481,481000,481050,4,6,482000,883
0,482,482000,482050,4,6,483000,885
0,483,483000,483050,4,6,484000,886
0,484,484000,484050,4,6,485000,888
0,485,485000,485050,4,6,486000,889
0,486,486000,486050,4,6,487000,892
0,487,487000,487050,4,6,488000,893
0,488,488000,488050,4,6,489000,895
0,489,489000,489050,4,6,490000,896
0,49,49000,49050,4,6,50000,87
0,490,490000,490050,4,6,491000,899
0,491,491000,491050,4,6,492000,900
0,492,492000,492050,4,6,493000,903
0,493,493000,493050,4,6,494000,904
0,494,494000,494050,4,6,495000,906
0,495,495000,495050,4,6,496000,907
0,496,496000,496050,4,6,497000,909
0,497,497000,497050,4,6,498000,910
0,498,498000,498050,4,6,499000,913
0,499,499000,499050,4,6,500000,914
0,5,5000,5050,4,6,6000,7
0,50,50000,50050,4,6,51000,90
0,500,500000,500050,4,6,501000,919
0,501,501000,501050,4,6,502000,920
0,502,502000,502050,4,6,503000,922
0,503,503000,503050,4,6,504000,923
0,504,504000,504050,4,6,505000,926
0,505,505000,505050,4,6,506000,927
0,506,506000,506050,4,6,507000,929
0,507,507000,507050,4,6,508000,930
0,508,508000,508050,4,6,509000,932
0,509,509000,509050,4,6,510000,933
0,51,51000,51050,4,6,52000,91
0,510,510000,510050,4,6,511000,938
0,511,511000,511050,4,6,512000,939
0,512,512000,512050,4,6,513000,941
0,513,513000,513050,4,6,514000,942
0,514,514000,514050,4,6,515000,944
0,515,515000,515050,4,6,516000,945
0,516,516000,516050,4,6,517000,948
0,517,517000,517050,4,6,518000,949
0,518,518000,518050,4,6,519000,951
0,519,519000,519050,4,6,520000,952
0,52,52000,52050,4,6,53000,93
0,520,520000,520050,4,6,521000,956
0,521,521000,521050,4,6,522000,957
0,522,522000,522050,4,6,523000,960
0,523,523000,523050,4,6,524000,961
0,524,524000,524050,4,6,525000,963
0,525,525000,525050,4,6,526000,964
0,526,526000,526050,4,6,527000,966
0,527,527000,527050,4,6,528000,967
0,528,528000,528050,4,6,529000,970
0,529,529000,529050,4,6,530000,971
0,53,53000,53050,4,6,54000,94
0,530,530000,530050,4,6,531000,974
0,531,531000,531050,4,6,532000,975
0,532,532000,532050,4,6,533000,977
0,533,533000,533050,4,6,534000,978
0,534,534000,534050,4,6,535000,981
0,535,535000,535050,4,6,536000,982
0,536,536000,536050,4,6,537000,984
0,537,537000,537050,4,6,538000,985
0,538,538000,538050,4,6,539000,987
0,539,539000,539050,4,6,540000,988
0,54,54000,54050,4,6,55000,97
0,540,540000,540050,4,6,541000,993
0,541,541000,541050,4,6,542000,994
0,542,542000,542050,4,6,543000,996
0,543,543000,543050,4,6,544000,997
0,544,544000,544050,4,6,545000,999
0,545,545000,545050,4,6,546000,1000
0,546,546000,546050,4,6,547000,1003
0,547,547000,547050,4,6,548000,1004
0,548,548000,548050,4,6,549000,1006
0,549,549000,549050,4,6,550000,1007
0,55,55000,55050,4,6,56000,98
0,550,550000,550050,4,6,551000,1010
0,551,551000,551050,4,6,552000,1011
0,552,552000,552050,4,6,553000,1014
0,553,553000,553050,4,6,554000,1015
0,554,554000,554050,4,6,555000,1017
0,555,555000,555050,4,6,556000,1018
0,556,556000,556050,4,6,557000,1020
0,557,557000,557050,4,6,558000,1021
0,558,558000,558050,4,6,559000,1024
0,559,559000,559050,4,6,560000,1025
0,56,56000,56050,4,6,57000,100
0,560,560000,560050,4,6,561000,1029
0,561,561000,561050,4,6,562000,1030
0,562,562000,562050,4,6,563000,1032
0,563,563000,563050,4,6,564000,1033
0,564,564000,564050,4,6,565000,1036
0,565,565000,565050,4,6,566000,1037
0,566,566000,566050,4,6,567000,1039
0,567,567000,567050,4,6,568000,1040
0,568,568000,568050,4,6,569000,1042
0,569,569000,569050,4,6,570000,1043
0,57,57000,57050,4,6,58000,101
0,570,570000,570050,4,6,571000,1048
0,571,571000,571050,4,6,572000,1049
0,572,572000,572050,4,6,573000,1051
0,573,573000,573050,4,6,574000,1052
0,574,574000,574050,4,6,575000,1054
0,575,575000,575050,4,6,576000,1055
0,576,576000,576050,4,6,577000,1058
0,577,577000,577050,4,6,578000,1059
0,578,578000,578050,4,6,579000,1061
0,579,579000,579050,4,6,580000,1062
0,58,58000,58050,4,6,59000,103
0,580,580000,580050,4,6,581000,1065
0,581,581000,581050,4,6,582000,1066
0,582,582000,582050,4,6,583000,1069
0,583,583000,583050,4,6,584000,1070
0,584,584000,584050,4,6,585000,1072
0,585,585000,585050,4,6,586000,1073
0,586,586000,586050,4,6,587000,1075
0,587,587000,587050,4,6,588000,1076
0,588,588000,588050,4,6,589000,1079
0,589,589000,589050,4,6,590000,1080
0,59,59000,59050,4,6,60000,104
0,590,590000,590050,4,6,591000,1083
0,591,591000,591050,4,6,592000,1084
0,592,592000,592050,4,6,593000,1086
0,593,593000,593050,4,6,594000,1087
0,594,594000,594050,4,6,595000,1090
0,595,595000,595050,4,6,596000,1091
0,596,596000,596050,4,6,597000,1093
0,597,597000,597050,4,6,598000,1094
0,598,598000,598050,4,6,599000,1096
0,599,599000,599050,4,6,600000,1097
0,6,6000,6050,4,6,7000,10
0,60,60000,60050,4,6,61000,109
0,600,600000,600050,4,6,601000,1106
0,601,601000,601050,4,6,602000,1107
0,602,602000,602050,4,6,603000,1109
0,603,603000,603050,4,6,604000,1110
0,604,604000,604050,4,6,605000,1112
0,605,605000,605050,4,6,606000,1113
0,606,606000,606050,4,6,607000,1116
0,607,607000,607050,4,6,608000,1117
0,608,608000,608050,4,6,609000,1119
0,609,609000,609050,4,6,610000,1120
0,61,61000,61050,4,6,62000,110
0,610,610000,610050,4,6,611000,1123
0,611,611000,611050,4,6,612000,1124
0,612,612000,612050,4,6,613000,1127
0,613,613000,613050,4,6,614000,1128
0,614,614000,614050,4,6,615000,1130
0,615,615000,615050,4,6,616000,1131
0,616,616000,616050,4,6,617000,1133
0,617,617000,617050,4,6,618000,1134
0,618,618000,618050,4,6,619000,1137
0,619,619000,619050,4,6,620000,1138
0,62,62000,62050,4,6,63000,112
0,620,620000,620050,4,6,621000,1141
0,621,621000,621050,4,6,622000,1142
0,622,622000,622050,4,6,623000,1144
0,623,623000,623050,4,6,624000,1145
0,624,624000,624050,4,6,625000,1148
0,625,625000,625050,4,6,626000,1149
0,626,626000,626050,4,6,627000,1151
0,627,627000,627050,4,6,628000,1152
0,628,628000,628050,4,6,629000,1154
0,629,629000,629050,4,6,630000,1155
0,63,63000,63050,4,6,64000,113
0,630,630000,630050,4,6,631000,1160
0,631,631000,631050,4,6,632000,1161
0,632,632000,632050,4,6,633000,1163
0,633,633000,633050,4,6,634000,1164
0,634,634000,634050,4,6,635000,1166
0,635,635000,635050,4,6,636000,1167
0,636,636000,636050,4,6,637000,1170
0,637,637000,637050,4,6,638000,1171
0,638,638000,638050,4,6,639000,1173
0,639,639000,639050,4,6,640000,1174
0,64,64000,64050,4,6,65000,115
0,640,640000,640050,4,6,641000,1178
0,641,641000,641050,4,6,642000,1179
0,642,642000,642050,4,6,643000,1182
0,643,643000,643050,4,6,644000,1183
0,644,644000,644050,4,6,645000,1185
0,645,645000,645050,4,6,646000,1186
0,646,646000,646050,4,6,647000,1188
0,647,647000,647050,4,6,648000,1189
0,648,648000,648050,4,6,649000,1192
0,649,649000,649050,4,6,650000,1193
0,65,65000,65050,4,6,66000,116
0,650,650000,650050,4,6,651000,1196
0,651,651000,651050,4,6,652000,1197
0,652,652000,652050,4,6,653000,1199
0,653,653000,653050,4,6,654000,1200
0,654,654000,654050,4,6,655000,1203
0,655,655000,655050,4,6,656000,1204
0,656,656000,656050,4,6,657000,1206
0,657,657000,657050,4,6,658000,1207
0,658,658000,658050,4,6,659000,1209
0,659,659000,659050,4,6,660000,1210
0,66,66000,66050,4,6,67000,119
0,660,660000,660050,4,6,661000,1215
0,661,661000,661050,4,6,662000,1216
0,662,662000,662050,4,6,663000,1218
0,663,663000,663050,4,6,664000,1219
0,664,664000,664050,4,6,665000,1221
0,665,665000,665050,4,6,666000,1222
0,666,666000,666050,4,6,667000,1225
0,667,667000,667050,4,6,668000,1226
0,668,668000,668050,4,6,669000,1228
0,669,669000,669050,4,6,670000,1229
0,67,67000,67050,4,6,68000,120
0,670,670000,670050,4,6,671000,1232
0,671,671000,671050,4,6,672000,1233
0,672,672000,672050,4,6,673000,1236
0,673,673000,673050,4,6,674000,1237
0,674,674000,674050,4,6,675000,1239
0,675,675000,675050,4,6,676000,1240
0,676,676000,676050,4,6,677000,1242
0,677,677000,677050,4,6,678000,1243
0,678,678000,678050,4,6,679000,1246
0,679,679000,679050,4,6,680000,1247
0,68,68000,68050,4,6,69000,122
0,680,680000,680050,4,6,681000,1251
0,681,681000,681050,4,6,682000,1252
0,682,682000,682050,4,6,683000,1254
0,683,683000,683050,4,6,684000,1255
0,684,684000,684050,4,6,685000,1258
0,685,685000,685050,4,6,686000,1259
0,686,686000,686050,4,6,687000,1261
0,687,687000,687050,4,6,688000,1262
0,688,688000,688050,4,6,689000,1264
0,689,689000,689050,4,6,690000,1265
0,69,69000,69050,4,6,70000,123
0,690,690000,690050,4,6,691000,1270
0,691,691000,691050,4,6,692000,1271
0,692,692000,692050,4,6,693000,1273
0,693,693000,693050,4,6,694000,1274
0,694,694000,694050,4,6,695000,1276
0,695,695000,695050,4,6,696000,1277
0,696,696000,696050,4,6,697000,1280
0,697,697000,697050,4,6,698000,1281
0,698,698000,698050,4,6,699000,1283
0,699,699000,699050,4,6,700000,1284
0,7,7000,7050,4,6,8000,11
0,70,70000,70050,4,6,71000,126
0,700,700000,700050,4,6,701000,1288
0,701,701000,701050,4,6,702000,1289
0,702,702000,702050,4,6,703000,1292
0,703,703000,703050,4,6,704000,1293
0,704,704000,704050,4,6,705000,1295
0,705,705000,705050,4,6,706000,1296
0,706,706000,706050,4,6,707000,1298
0,707,707000,707050,4,6,708000,1299
0,708,708000,708050,4,6,709000,1302
0,709,709000,709050,4,6,710000,1303
0,71,71000,71050,4,6,72000,127
0,710,710000,710050,4,6,711000,1306
0,711,711000,711050,4,6,712000,1307
0,712,712000,712050,4,6,713000,1309
0,713,713000,713050,4,6,714000,1310
0,714,714000,714050,4,6,715000,1313
0,715,715000,715050,4,6,716000,1314
0,716,716000,716050,4,6,717000,1316
0,717,717000,717050,4,6,718000,1317
0,718,718000,718050,4,6,719000,1319
0,719,719000,719050,4,6,720000,1320
0,72,72000,72050,4,6,73000,130
0,720,720000,720050,4,6,721000,1326
0,721,721000,721050,4,6,722000,1327
0,722,722000,722050,4,6,723000,1329
0,723,723000,723050,4,6,724000,1330
0,724,724000,724050,4,6,725000,1332
0,725,725000,725050,4,6,726000,1333
0,726,726000,726050,4,6,727000,1336
0,727,727000,727050,4,6,728000,1337
0,728,728000,728050,4,6,729000,1339
0,729,729000,729050,4,6,730000,1340
0,73,73000,73050,4,6,74000,131
0,730,730000,730050,4,6,731000,1343
0,731,731000,731050,4,6,732000,1344
0,732,732000,732050,4,6,733000,1347
0,733,733000,733050,4,6,734000,1348
0,734,734000,734050,4,6,735000,1350
0,735,735000,735050,4,6,736000,1351
0,736,736000,736050,4,6,737000,1353
0,737,737000,737050,4,6,738000,1354
0,738,738000,738050,4,6,739000,1357
0,739,739000,739050,4,6,740000,1358
0,74,74000,74050,4,6,75000,133
0,740,740000,740050,4,6,741000,1361
0,741,741000,741050,4,6,742000,1362
0,742,742000,742050,4,6,743000,1364
0,743,743000,743050,4,6,744000,1365
0,744,744000,744050,4,6,745000,1368
0,745,745000,745050,4,6,746000,1369
0,746,746000,746050,4,6,747000,1371
0,747,747000,747050,4,6,748000,1372
0,748,748000,748050,4,6,749000,1374
0,749,749000,749050,4,6,750000,1375
0,75,75000,75050,4,6,76000,134
0,750,750000,750050,4,6,751000,1380
0,751,751000,751050,4,6,752000,1381
0,752,752000,752050,4,6,753000,1383
0,753,753000,753050,4,6,754000,1384
0,754,754000,754050,4,6,755000,1386
0,755,755000,755050,4,6,756000,1387
0,756,756000,756050,4,6,757000,1390
0,757,757000,757050,4,6,758000,1391
0,758,758000,758050,4,6,759000,1393
0,759,759000,759050,4,6,760000,1394
0,76,76000,76050,4,6,77000,136
0,760,760000,760050,4,6,761000,1398
0,761,761000,761050,4,6,762000,1399
0,762,762000,762050,4,6,763000,1402
0,763,763000,763050,4,6,764000,1403
0,764,764000,764050,4,6,765000,1405
0,765,765000,765050,4,6,766000,1406
0,766,766000,766050,4,6,767000,1408
0,767,767000,767050,4,6,768000,1409
0,768,768000,768050,4,6,769000,1412
0,769,769000,769050,4,6,770000,1413
0,77,77000,77050,4,6,78000,137
0,770,770000,770050,4,6,771000,1416
0,771,771000,771050,4,6,772000,1417
0,772,772000,772050,4,6,773000,1419
0,773,773000,773050,4,6,774000,1420
0,774,774000,774050,4,6,775000,1423
0,775,775000,775050,4,6,776000,1424
0,776,776000,776050,4,6,777000,1426
0,777,777000,777050,4,6,778000,1427
0,778,778000,778050,4,6,779000,1429
0,779,779000,779050,4,6,780000,1430
0,78,78000,78050,4,6,79000,140
0,780,780000,780050,4,6,781000,1435
0,781,781000,781050,4,6,782000,1436
0,782,782000,782050,4,6,783000,1438
0,783,783000,783050,4,6,784000,1439
0,784,784000,784050,4,6,785000,1441
0,785,785000,785050,4,6,786000,1442
0,786,786000,786050,4,6,787000,1445
0,787,787000,787050,4,6,788000,1446
0,788,788000,788050,4,6,789000,1448
0,789,789000,789050,4,6,790000,1449
0,79,79000,79050,4,6,80000,141
0,790,790000,790050,4,6,791000,1452
0,791,791000,791050,4,6,792000,1453
0,792,792000,792050,4,6,793000,1456
0,793,793000,793050,4,6,794000,1457
0,794,794000,794050,4,6,795000,1459
0,795,795000,795050,4,6,796000,1460
0,796,796000,796050,4,6,797000,1462
0,797,797000,797050,4,6,798000,1463
0,798,798000,798050,4,6,799000,1466
0,799,799000,799050,4,6,800000,1467
0,8,8000,8050,4,6,9000,13
0,80,80000,80050,4,6,81000,145
0,800,800000,800050,4,6,801000,1473
0,801,801000,801050,4,6,802000,1474
0,802,802000,802050,4,6,803000,1476
0,803,803000,803050,4,6,804000,1477
0,804,804000,804050,4,6,805000,1480
0,805,805000,805050,4,6,806000,1481
0,806,806000,806050,4,6,807000,1483
0,807,807000,807050,4,6,808000,1484
0,808,808000,808050,4,6,809000,1486
0,809,809000,809050,4,6,810000,1487
0,81,81000,81050,4,6,82000,146
0,810,810000,810050,4,6,811000,1492
0,811,811000,811050,4,6,812000,1493
0,812,812000,812050,4,6,813000,1495
0,813,813000,813050,4,6,814000,1496
0,814,814000,814050,4,6,815000,1498
0,815,815000,815050,4,6,816000,1499
0,816,816000,816050,4,6,817000,1502
0,817,817000,817050,4,6,818000,1503
0,818,818000,818050,4,6,819000,1505
0,819,819000,819050,4,6,820000,1506
0,82,82000,82050,4,6,83000,148
0,820,820000,820050,4,6,821000,1509
0,821,821000,821050,4,6,822000,1510
0,822,822000,822050,4,6,823000,1513
0,823,823000,823050,4,6,824000,1514
0,824,824000,824050,4,6,825000,1516
0,825,825000,825050,4,6,826000,1517
0,826,826000,826050,4,6,827000,1519
0,827,827000,827050,4,6,828000,1520
0,828,828000,828050,4,6,829000,1523
0,829,829000,829050,4,6,830000,1524
0,83,83000,83050,4,6,84000,149
0,830,830000,830050,4,6,831000,1527
0,831,831000,831050,4,6,832000,1528
0,832,832000,832050,4,6,833000,1530
0,833,833000,833050,4,6,834000,1531
0,834,834000,834050,4,6,835000,1534
0,835,835000,835050,4,6,836000,1535
0,836,836000,836050,4,6,837000,1537
0,837,837000,837050,4,6,838000,1538
0,838,838000,838050,4,6,839000,1540
0,839,839000,839050,4,6,840000,1541
0,84,84000,84050,4,6,85000,152
0,840,840000,840050,4,6,841000,1547
0,841,841000,841050,4,6,842000,1548
0,842,842000,842050,4,6,843000,1550
0,843,843000,843050,4,6,844000,1551
0,844,844000,844050,4,6,845000,1553
0,845,845000,845050,4,6,846000,1554
0,846,846000,846050,4,6,847000,1557
0,847,847000,847050,4,6,848000,1558
0,848,848000,848050,4,6,849000,1560
0,849,849000,849050,4,6,850000,1561
0,85,85000,85050,4,6,86000,153
0,850,850000,850050,4,6,851000,1564
0,851,851000,851050,4,6,852000,1565
0,852,852000,852050,4,6,853000,1568
0,853,853000,853050,4,6,854000,1569
0,854,854000,854050,4,6,855000,1571
0,855,855000,855050,4,6,856000,1572
0,856,856000,856050,4,6,857000,1574
0,857,857000,857050,4,6,858000,1575
0,858,858000,858050,4,6,859000,1578
0,859,859000,859050,4,6,860000,1579
0,86,86000,86050,4,6,87000,155
0,860,860000,860050,4,6,861000,1582
0,861,861000,861050,4,6,862000,1583
0,862,862000,862050,4,6,863000,1585
0,863,863000,863050,4,6,864000,1586
0,864,864000,864050,4,6,865000,1589
0,865,865000,865050,4,6,866000,1590
0,866,866000,866050,4,6,867000,1592
0,867,867000,867050,4,6,868000,1593
0,868,868000,868050,4,6,869000,1595
0,869,869000,869050,4,6,870000,1596
0,87,87000,87050,4,6,88000,156
0,870,870000,870050,4,6,871000,1601
0,871,871000,871050,4,6,872000,1602
0,872,872000,872050,4,6,873000,1604
0,873,873000,873050,4,6,874000,1605
0,874,874000,874050,4,6,875000,1607
0,875,875000,875050,4,6,876000,1608
0,876,876000,876050,4,6,877000,1611
0,877,877000,877050,4,6,878000,1612
0,878,878000,878050,4,6,879000,1614
0,879,879000,879050,4,6,880000,1615
0,88,88000,88050,4,6,89000,158
0,880,880000,880050,4,6,881000,1619
0,881,881000,881050,4,6,882000,1620
0,882,882000,882050,4,6,883000,1623
0,883,883000,883050,4,6,884000,1624
0,884,884000,884050,4,6,885000,1626
0,885,885000,885050,4,6,886000,1627
0,886,886000,886050,4,6,887000,1629
0,887,887000,887050,4,6,888000,1630
0,888,888000,888050,4,6,889000,1633
0,889,889000,889050,4,6,890000,1634
0,89,89000,89050,4,6,90000,159
0,890,890000,890050,4,6,891000,1637
0,891,891000,891050,4,6,892000,1638
0,892,892000,892050,4,6,893000,1640
0,893,893000,893050,4,6,894000,1641
0,894,894000,894050,4,6,895000,1644
0,895,895000,895050,4,6,896000,1645
0,896,896000,896050,4,6,897000,1647
0,897,897000,897050,4,6,898000,1648
0,898,898000,898050,4,6,899000,1650
0,899,899000,899050,4,6,900000,1651
0,9,9000,9050,4,6,10000,14
0,90,90000,90050,4,6,91000,164
0,900,900000,900050,4,6,901000,1657
0,901,901000,901050,4,6,902000,1658
0,902,902000,902050,4,6,903000,1660
0,903,903000,903050,4,6,904000,1661
0,904,904000,904050,4,6,905000,1663
0,905,905000,905050,4,6,906000,1664
0,906,906000,906050,4,6,907000,1667
0,907,907000,907050,4,6,908000,1668
0,908,908000,908050,4,6,909000,1670
0,909,909000,909050,4,6,910000,1671
0,91,91000,91050,4,6,92000,165
0,910,910000,910050,4,6,911000,1674
0,911,911000,911050,4,6,912000,1675
0,912,912000,912050,4,6,913000,1678
0,913,913000,913050,4,6,914000,1679
0,914,914000,914050,4,6,915000,1681
0,915,915000,915050,4,6,916000,1682
0,916,916000,916050,4,6,917000,1684
0,917,917000,917050,4,6,918000,1685
0,918,918000,918050,4,6,919000,1688
0,919,919000,919050,4,6,920000,1689
0,92,92000,92050,4,6,93000,167
0,920,920000,920050,4,6,921000,1693
0,921,921000,921050,4,6,922000,1694
0,922,922000,922050,4,6,923000,1696
0,923,923000,923050,4,6,924000,1697
0,924,924000,924050,4,6,925000,1700
0,925,925000,925050,4,6,926000,1701
0,926,926000,926050,4,6,927000,1703
0,927,927000,927050,4,6,928000,1704
0,928,928000,928050,4,6,929000,1706
0,929,929000,929050,4,6,930000,1707
0,93,93000,93050,4,6,94000,168
0,930,930000,930050,4,6,931000,1712
0,931,931000,931050,4,6,932000,1713
0,932,932000,932050,4,6,933000,1715
0,933,933000,933050,4,6,934000,1716
0,934,934000,934050,4,6,935000,1718
0,935,935000,935050,4,6,936000,1719
0,936,936000,936050,4,6,937000,1722
0,937,937000,937050,4,6,938000,1723
0,938,938000,938050,4,6,939000,1725
0,939,939000,939050,4,6,940000,1726
0,94,94000,94050,4,6,95000,170
0,940,940000,940050,4,6,941000,1729
0,941,941000,941050,4,6,942000,1730
0,942,942000,942050,4,6,943000,1733
0,943,943000,943050,4,6,944000,1734
0,944,944000,944050,4,6,945000,1736
0,945,945000,945050,4,6,946000,1737
0,946,946000,946050,4,6,947000,1739
0,947,947000,947050,4,6,948000,1740
0,948,948000,948050,4,6,949000,1743
0,949,949000,949050,4,6,950000,1744
0,95,95000,95050,4,6,96000,171
0,950,950000,950050,4,6,951000,1747
0,951,951000,951050,4,6,952000,1748
0,952,952000,952050,4,6,953000,1750
0,953,953000,953050,4,6,954000,1751
0,954,954000,954050,4,6,955000,1754
0,955,955000,955050,4,6,956000,1755
0,956,956000,956050,4,6,957000,1757
0,957,957000,957050,4,6,958000,1758
0,958,958000,958050,4,6,959000,1760
0,959,959000,959050,4,6,960000,1761
0,96,96000,96050,4,6,97000,174
0,960,960000,960050,4,6,961000,1767
0,961,961000,961050,4,6,962000,1768
0,962,962000,962050,4,6,963000,1770
0,963,963000,963050,4,6,964000,1771
0,964,964000,964050,4,6,965000,1773
0,965,965000,965050,4,6,966000,1774
0,966,966000,966050,4,6,967000,1777
0,967,967000,967050,4,6,968000,1778
0,968,968000,968050,4,6,969000,1780
0,969,969000,969050,4,6,970000,1781
0,97,97000,97050,4,6,98000,175
0,970,970000,970050,4,6,971000,1784
0,971,971000,971050,4,6,972000,1785
0,972,972000,972050,4,6,973000,1788
0,973,973000,973050,4,6,974000,1789
0,974,974000,974050,4,6,975000,1791
0,975,975000,975050,4,6,976000,1792
0,976,976000,976050,4,6,977000,1794
0,977,977000,977050,4,6,978000,1795
0,978,978000,978050,4,6,979000,1798
0,979,979000,979050,4,6,980000,1799
0,98,98000,98050,4,6,99000,177
0,980,980000,980050,4,6,981000,1802
0,981,981000,981050,4,6,982000,1803
0,982,982000,982050,4,6,983000,1805
0,983,983000,983050,4,6,984000,1806
0,984,984000,984050,4,6,985000,1809
0,985,985000,985050,4,6,986000,1810
0,986,986000,986050,4,6,987000,1812
0,987,987000,987050,4,6,988000,1813
0,988,988000,988050,4,6,989000,1815
0,989,989000,989050,4,6,990000,1816
0,99,99000,99050,4,6,100000,178
0,990,990000,990050,4,6,991000,1821
0,991,991000,991050,4,6,992000,1822
0,992,992000,992050,4,6,993000,1824
0,993,993000,993050,4,6,994000,1825
0,994,994000,994050,4,6,995000,1827
0,995,995000,995050,4,6,996000,1828
0,996,996000,996050,4,6,997000,1831
0,997,997000,997050,4,6,998000,1832
0,998,998000,998050,4,6,999000,1834
0,999,999000,999050,4,6,1000000,1835
1,0,0,100,26,43,2000,2
1,1,2000,2100,26,43,4000,5
1,10,20000,20100,26,43,22000,37
1,100,200000,200100,26,43,202000,369
1,1000,2000000,2000100,26,43,2002000,3688
1,1001,2002000,2002100,26,43,2004000,3691
1,1002,2004000,2004100,26,43,2006000,3695
1,1003,2006000,2006100,26,43,2008000,3698
1,1004,2008000,2008100,26,43,2010000,3701
1,1005,2010000,2010100,26,43,2012000,3707
1,1006,2012000,2012100,26,43,2014000,3710
1,1007,2014000,2014100,26,43,2016000,3713
1,1008,2016000,2016100,26,43,2018000,3717
1,1009,2018000,2018100,26,43,2020000,3720
1,101,202000,202100,26,43,204000,372
1,1010,2020000,2020100,26,43,2022000,3724
1,1011,2022000,2022100,26,43,2024000,3728
1,1012,2024000,2024100,26,43,2026000,3731
1,1013,2026000,2026100,26,43,2028000,3734
1,1014,2028000,2028100,26,43,2030000,3738
1,1015,2030000,2030100,26,43,2032000,3742
1,1016,2032000,2032100,26,43,2034000,3745
1,1017,2034000,2034100,26,43,2036000,3749
1,1018,2036000,2036100,26,43,2038000,3752
1,1019,2038000,2038100,26,43,2040000,3755
1,102,204000,204100,26,43,206000,376
1,1020,2040000,2040100,26,43,2042000,3762
1,1021,2042000,2042100,26,43,2044000,3765
1,1022,2044000,2044100,26,43,2046000,3768
1,1023,2046000,2046100,26,43,2048000,3772
1,1024,2048000,2048100,26,43,2050000,3775
1,1025,2050000,2050100,26,43,2052000,3779
1,1026,2052000,2052100,26,43,2054000,3783
1,1027,2054000,2054100,26,43,2056000,3786
1,1028,2056000,2056100,26,43,2058000,3789
1,1029,2058000,2058100,26,43,2060000,3793
1,103,206000,206100,26,43,208000,379
1,1030,2060000,2060100,26,43,2062000,3797
1,1031,2062000,2062100,26,43,2064000,3800
1,1032,2064000,2064100,26,43,2066000,3804
1,1033,2066000,2066100,26,43,2068000,3807
1,1034,2068000,2068100,26,43,2070000,3810
1,1035,2070000,2070100,26,43,2072000,3816
1,1036,2072000,2072100,26,43,2074000,3819
1,1037,2074000,2074100,26,43,2076000,3822
1,1038,2076000,2076100,26,43,2078000,3826
1,1039,2078000,2078100,26,43,2080000,3829
1,104,208000,208100,26,43,210000,382
1,1040,2080000,2080100,26,43,2082000,3834
1,1041,2082000,2082100,26,43,2084000,3838
1,1042,2084000,2084100,26,43,2086000,3841
1,1043,2086000,2086100,26,43,2088000,3844
1,1044,2088000,2088100,26,43,2090000,3848
1,1045,2090000,2090100,26,43,2092000,3852
1,1046,2092000,2092100,26,43,2094000,3855
1,1047,2094000,2094100,26,43,2096000,3859
1,1048,2096000,2096100,26,43,2098000,3862
1,1049,2098000,2098100,26,43,2100000,3865
1,105,210000,210100,26,43,212000,388
1,1050,2100000,2100100,26,43,2102000,3872
1,1051,2102000,2102100,26,43,2104000,3875
1,1052,2104000,2104100,26,43,2106000,3878
1,1053,2106000,2106100,26,43,2108000,3882
1,1054,2108000,2108100,26,43,2110000,3885
1,1055,2110000,2110100,26,43,2112000,3889
1,1056,2112000,2112100,26,43,2114000,3893
1,1057,2114000,2114100,26,43,2116000,3896
1,1058,2116000,2116100,26,43,2118000,3899
1,1059,2118000,2118100,26,43,2120000,3903
1,106,212000,212100,26,43,214000,391
1,1060,2120000,2120100,26,43,2122000,3908
1,1061,2122000,2122100,26,43,2124000,3911
1,1062,2124000,2124100,26,43,2126000,3915
1,1063,2126000,2126100,26,43,2128000,3918
1,1064,2128000,2128100,26,43,2130000,3921
1,1065,2130000,2130100,26,43,2132000,3927
1,1066,2132000,2132100,26,43,2134000,3930
1,1067,2134000,2134100,26,43,2136000,3933
1,1068,2136000,2136100,26,43,2138000,3937
1,1069,2138000,2138100,26,43,2140000,3940
1,107,214000,214100,26,43,216000,394
1,1070,2140000,2140100,26,43,2142000,3944
1,1071,2142000,2142100,26,43,2144000,3948
1,1072,2144000,2144100,26,43,2146000,3951
1,1073,2146000,2146100,26,43,2148000,3954
1,1074,2148000,2148100,26,43,2150000,3958
1,1075,2150000,2150100,26,43,2152000,3962
1,1076,2152000,2152100,26,43,2154000,3965
1,1077,2154000,2154100,26,43,2156000,3969
1,1078,2156000,2156100,26,43,2158000,3972
1,1079,2158000,2158100,26,43,2160000,3975
1,108,216000,216100,26,43,218000,398
1,1080,2160000,2160100,26,43,2162000,3982
1,1081,2162000,2162100,26,43,2164000,3985
1,1082,2164000,2164100,26,43,2166000,3988
1,1083,2166000,2166100,26,43,2168000,3992
1,1084,2168000,2168100,26,43,2170000,3995
1,1085,2170000,2170100,26,43,2172000,3999
1,1086,2172000,2172100,26,43,2174000,4003
1,1087,2174000,2174100,26,43,2176000,4006
1,1088,2176000,2176100,26,43,2178000,4009
1,1089,2178000,2178100,26,43,2180000,4013
1,109,218000,218100,26,43,220000,401
1,1090,2180000,2180100,26,43,2182000,4017
1,1091,2182000,2182100,26,43,2184000,4020
1,1092,2184000,2184100,26,43,2186000,4024
1,1093,2186000,2186100,26,43,2188000,4027
1,1094,2188000,2188100,26,43,2190000,4030
1,1095,2190000,2190100,26,43,2192000,4036
1,1096,2192000,2192100,26,43,2194000,4039
1,1097,2194000,2194100,26,43,2196000,4042
1,1098,2196000,2196100,26,43,2198000,4046
1,1099,2198000,2198100,26,43,2200000,4049
1,11,22000,22100,26,43,24000,40
1,110,220000,220100,26,43,222000,405
1,1100,2200000,2200100,26,43,2202000,4056
1,1101,2202000,2202100,26,43,2204000,4060
1,1102,2204000,2204100,26,43,2206000,4063
1,1103,2206000,2206100,26,43,2208000,4066
1,1104,2208000,2208100,26,43,2210000,4070
1,1105,2210000,2210100,26,43,2212000,4074
1,1106,2212000,2212100,26,43,2214000,4077
1,1107,2214000,2214100,26,43,2216000,4081
1,1108,2216000,2216100,26,43,2218000,4084
1,1109,2218000,2218100,26,43,2220000,4087
1,111,222000,222100,26,43,224000,409
1,1110,2220000,2220100,26,43,2222000,4093
1,1111,2222000,2222100,26,43,2224000,4096
1,1112,2224000,2224100,26,43,2226000,4099
1,1113,2226000,2226100,26,43,2228000,4103
1,1114,2228000,2228100,26,43,2230000,4106
1,1115,2230000,2230100,26,43,2232000,4110
1,1116,2232000,2232100,26,43,2234000,4114
1,1117,2234000,2234100,26,43,2236000,4117
1,1118,2236000,2236100,26,43,2238000,4120
1,1119,2238000,2238100,26,43,2240000,4124
1,112,224000,224100,26,43,226000,412
1,1120,2240000,2240100,26,43,2242000,4129
1,1121,2242000,2242100,26,43,2244000,4132
1,1122,2244000,2244100,26,43,2246000,4136
1,1123,2246000,2246100,26,43,2248000,4139
1,1124,2248000,2248100,26,43,2250000,4142
1,1125,2250000,2250100,26,43,2252000,4148
1,1126,2252000,2252100,26,43,2254000,4151
1,1127,2254000,2254100,26,43,2256000,4154
1,1128,2256000,2256100,26,43,2258000,4158
1,1129,2258000,2258100,26,43,2260000,4161
1,113,226000,226100,26,43,228000,415
1,1130,2260000,2260100,26,43,2262000,4165
1,1131,2262000,2262100,26,43,2264000,4169
1,1132,2264000,2264100,26,43,2266000,4172
1,1133,2266000,2266100,26,43,2268000,4175
1,1134,2268000,2268100,26,43,2270000,4179
1,1135,2270000,2270100,26,43,2272000,4183
1,1136,2272000,2272100,26,43,2274000,4186
1,1137,2274000,2274100,26,43,2276000,4190
1,1138,2276000,2276100,26,43,2278000,4193
1,1139,2278000,2278100,26,43,2280000,4196
1,114,228000,228100,26,43,230000,419
1,1140,2280000,2280100,26,43,2282000,4203
1,1141,2282000,2282100,26,43,2284000,4206
1,1142,2284000,2284100,26,43,2286000,4209
1,1143,2286000,2286100,26,43,2288000,4213
1,1144,2288000,2288100,26,43,2290000,4216
1,1145,2290000,2290100,26,43,2292000,4220
1,1146,2292000,2292100,26,43,2294000,4224
1,1147,2294000,2294100,26,43,2296000,4227
1,1148,2296000,2296100,26,43,2298000,4230
1,1149,2298000,2298100,26,43,2300000,4234
1,115,230000,230100,26,43,232000,423
1,1150,2300000,2300100,26,43,2302000,4239
1,1151,2302000,2302100,26,43,2304000,4242
1,1152,2304000,2304100,26,43,2306000,4246
1,1153,2306000,2306100,26,43,2308000,4249
1,1154,2308000,2308100,26,43,2310000,4252
1,1155,2310000,2310100,26,43,2312000,4258
1,1156,2312000,2312100,26,43,2314000,4261
1,1157,2314000,2314100,26,43,2316000,4264
1,1158,2316000,2316100,26,43,2318000,4268
1,1159,2318000,2318100,26,43,2320000,4271
1,116,232000,232100,26,43,234000,426
1,1160,2320000,2320100,26,43,2322000,4276
1,1161,2322000,2322100,26,43,2324000,4280
1,1162,2324000,2324100,26,43,2326000,4283
1,1163,2326000,2326100,26,43,2328000,4286
1,1164,2328000,2328100,26,43,2330000,4290
1,1165,2330000,2330100,26,43,2332000,4294
1,1166,2332000,2332100,26,43,2334000,4297
1,1167,2334000,2334100,26,43,2336000,4301
1,1168,2336000,2336100,26,43,2338000,4304
1,1169,2338000,2338100,26,43,2340000,4307
1,117,234000,234100,26,43,236000,430
1,1170,2340000,2340100,26,43,2342000,4313
1,1171,2342000,2342100,26,43,2344000,4316
1,1172,2344000,2344100,26,43,2346000,4319
1,1173,2346000,2346100,26,43,2348000,4323
1,1174,2348000,2348100,26,43,2350000,4326
1,1175,2350000,2350100,26,43,2352000,4330
1,1176,2352000,2352100,26,43,2354000,4334
1,1177,2354000,2354100,26,43,2356000,4337
1,1178,2356000,2356100,26,43,2358000,4340
1,1179,2358000,2358100,26,43,2360000,4344
1,118,236000,236100,26,43,238000,433
1,1180,2360000,2360100,26,43,2362000,4349
1,1181,2362000,2362100,26,43,2364000,4352
1,1182,2364000,2364100,26,43,2366000,4356
1,1183,2366000,2366100,26,43,2368000,4359
1,1184,2368000,2368100,26,43,2370000,4362
1,1185,2370000,2370100,26,43,2372000,4368
1,1186,2372000,2372100,26,43,2374000,4371
1,1187,2374000,2374100,26,43,2376000,4374
1,1188,2376000,2376100,26,43,2378000,4378
1,1189,2378000,2378100,26,43,2380000,4381
1,119,238000,238100,26,43,240000,436
1,1190,2380000,2380100,26,43,2382000,4385
1,1191,2382000,2382100,26,43,2384000,4389
1,1192,2384000,2384100,26,43,2386000,4392
1,1193,2386000,2386100,26,43,2388000,4395
1,1194,2388000,2388100,26,43,2390000,4399
1,1195,2390000,2390100,26,43,2392000,4403
1,1196,2392000,2392100,26,43,2394000,4406
1,1197,2394000,2394100,26,43,2396000,4410
1,1198,2396000,2396100,26,43,2398000,4413
1,1199,2398000,2398100,26,43,2400000,4416
1,12,24000,24100,26,43,26000,44
1,120,240000,240100,26,43,242000,443
1,1200,2400000,2400100,26,43,2402000,4426
1,1201,2402000,2402100,26,43,2404000,4429
1,1202,2404000,2404100,26,43,2406000,4432
1,1203,2406000,2406100,26,43,2408000,4436
1,1204,2408000,2408100,26,43,2410000,4439
1,1205,2410000,2410100,26,43,2412000,4443
1,1206,2412000,2412100,26,43,2414000,4447
1,1207,2414000,2414100,26,43,2416000,4450
1,1208,2416000,2416100,26,43,2418000,4453
1,1209,2418000,2418100,26,43,2420000,4457
1,121,242000,242100,26,43,244000,446
1,1210,2420000,2420100,26,43,2422000,4461
1,1211,2422000,2422100,26,43,2424000,4464
1,1212,2424000,2424100,26,43,2426000,4468
1,1213,2426000,2426100,26,43,2428000,4471
1,1214,2428000,2428100,26,43,2430000,4474
1,1215,2430000,2430100,26,43,2432000,4480
1,1216,2432000,2432100,26,43,2434000,4483
1,1217,2434000,2434100,26,43,2436000,4486
1,1218,2436000,2436100,26,43,2438000,4490
1,1219,2438000,2438100,26,43,2440000,4493
1,122,244000,244100,26,43,246000,449
1,1220,2440000,2440100,26,43,2442000,4498
1,1221,2442000,2442100,26,43,2444000,4502
1,1222,2444000,2444100,26,43,2446000,4505
1,1223,2446000,2446100,26,43,2448000,4508
1,1224,2448000,2448100,26,43,2450000,4512
1,1225,2450000,2450100,26,43,2452000,4516
1,1226,2452000,2452100,26,43,2454000,4519
1,1227,2454000,2454100,26,43,2456000,4523
1,1228,2456000,2456100,26,43,2458000,4526
1,1229,2458000,2458100,26,43,2460000,4529
1,123,246000,246100,26,43,248000,453
1,1230,2460000,2460100,26,43,2462000,4535
1,1231,2462000,2462100,26,43,2464000,4538
1,1232,2464000,2464100,26,43,2466000,4541
1,1233,2466000,2466100,26,43,2468000,4545
1,1234,2468000,2468100,26,43,2470000,4548
1,1235,2470000,2470100,26,43,2472000,4552
1,1236,2472000,2472100,26,43,2474000,4556
1,1237,2474000,2474100,26,43,2476000,4559
1,1238,2476000,2476100,26,43,2478000,4562
1,1239,2478000,2478100,26,43,2480000,4566
1,124,248000,248100,26,43,250000,456
1,1240,2480000,2480100,26,43,2482000,4571
1,1241,2482000,2482100,26,43,2484000,4574
1,1242,2484000,2484100,26,43,2486000,4578
1,1243,2486000,2486100,26,43,2488000,4581
1,1244,2488000,2488100,26,43,2490000,4584
1,1245,2490000,2490100,26,43,2492000,4590
1,1246,2492000,2492100,26,43,2494000,4593
1,1247,2494000,2494100,26,43,2496000,4596
1,1248,2496000,2496100,26,43,2498000,4600
1,1249,2498000,2498100,26,43,2500000,4603
1,125,250000,250100,26,43,252000,460
1,1250,2500000,2500100,26,43,2502000,4609
1,1251,2502000,2502100,26,43,2504000,4613
1,1252,2504000,2504100,26,43,2506000,4616
1,1253,2506000,2506100,26,43,2508000,4619
1,1254,2508000,2508100,26,43,2510000,4623
1,1255,2510000,2510100,26,43,2512000,4627
1,1256,2512000,2512100,26,43,2514000,4630
1,1257,2514000,2514100,26,43,2516000,4634
1,1258,2516000,2516100,26,43,2518000,4637
1,1259,2518000,2518100,26,43,2520000,4640
1,126,252000,252100,26,43,254000,464
1,1260,2520000,2520100,26,43,2522000,4647
1,1261,2522000,2522100,26,43,2524000,4650
1,1262,2524000,2524100,26,43,2526000,4653
1,1263,2526000,2526100,26,43,2528000,4657
1,1264,2528000,2528100,26,43,2530000,4660
1,1265,2530000,2530100,26,43,2532000,4664
1,1266,2532000,2532100,26,43,2534000,4668
1,1267,2534000,2534100,26,43,2536000,4671
1,1268,2536000,2536100,26,43,2538000,4674
1,1269,2538000,2538100,26,43,2540000,4678
1,127,254000,254100,26,43,256000,467
1,1270,2540000,2540100,26,43,2542000,4682
1,1271,2542000,2542100,26,43,2544000,4685
1,1272,2544000,2544100,26,43,2546000,4689
1,1273,2546000,2546100,26,43,2548000,4692
1,1274,2548000,2548100,26,43,2550000,4695
1,1275,2550000,2550100,26,43,2552000,4701
1,1276,2552000,2552100,26,43,2554000,4704
1,1277,2554000,2554100,26,43,2556000,4707
1,1278,2556000,2556100,26,43,2558000,4711
1,1279,2558000,2558100,26,43,2560000,4714
1,128,256000,256100,26,43,258000,470
1,1280,2560000,2560100,26,43,2562000,4719
1,1281,2562000,2562100,26,43,2564000,4723
1,1282,2564000,2564100,26,43,2566000,4726
1,1283,2566000,2566100,26,43,2568000,4729
1,1284,2568000,2568100,26,43,2570000,4733
1,1285,2570000,2570100,26,43,2572000,4737
1,1286,2572000,2572100,26,43,2574000,4740
1,1287,2574000,2574100,26,43,2576000,4744
1,1288,2576000,2576100,26,43,2578000,4747
1,1289,2578000,2578100,26,43,2580000,4750
1,129,258000,258100,26,43,260000,474
1,1290,2580000,2580100,26,43,2582000,4756
1,1291,2582000,2582100,26,43,2584000,4759
1,1292,2584000,2584100,26,43,2586000,4762
1,1293,2586000,2586100,26,43,2588000,4766
1,1294,2588000,2588100,26,43,2590000,4769
1,1295,2590000,2590100,26,43,2592000,4773
1,1296,2592000,2592100,26,43,2594000,4777
1,1297,2594000,2594100,26,43,2596000,4780
1,1298,2596000,2596100,26,43,2598000,4783
1,1299,2598000,2598100,26,43,2600000,4787
1,13,26000,26100,26,43,28000,47
1,130,260000,260100,26,43,262000,478
1,1300,2600000,2600100,26,43,2602000,4794
1,1301,2602000,2602100,26,43,2604000,4797
1,1302,2604000,2604100,26,43,2606000,4801
1,1303,2606000,2606100,26,43,2608000,4804
1,1304,2608000,2608100,26,43,2610000,4807
1,1305,2610000,2610100,26,43,2612000,4813
1,1306,2612000,2612100,26,43,2614000,4816
1,1307,2614000,2614100,26,43,2616000,4819
1,1308,2616000,2616100,26,43,2618000,4823
1,1309,2618000,2618100,26,43,2620000,4826
1,131,262000,262100,26,43,264000,481
1,1310,2620000,2620100,26,43,2622000,4830
1,1311,2622000,2622100,26,43,2624000,4834
1,1312,2624000,2624100,26,43,2626000,4837
1,1313,2626000,2626100,26,43,2628000,4840
1,1314,2628000,2628100,26,43,2630000,4844
1,1315,2630000,2630100,26,43,2632000,4848
1,1316,2632000,2632100,26,43,2634000,4851
1,1317,2634000,2634100,26,43,2636000,4855
1,1318,2636000,2636100,26,43,2638000,4858
1,1319,2638000,2638100,26,43,2640000,4861
1,132,264000,264100,26,43,266000,485
1,1320,2640000,2640100,26,43,2642000,4868
1,1321,2642000,2642100,26,43,2644000,4871
1,1322,2644000,2644100,26,43,2646000,4874
1,1323,2646000,2646100,26,43,2648000,4878
1,1324,2648000,2648100,26,43,2650000,4881
1,1325,2650000,2650100,26,43,2652000,4885
1,1326,2652000,2652100,26,43,2654000,4889
1,1327,2654000,2654100,26,43,2656000,4892
1,1328,2656000,2656100,26,43,2658000,4895
1,1329,2658000,2658100,26,43,2660000,4899
1,133,266000,266100,26,43,268000,488
1,1330,2660000,2660100,26,43,2662000,4903
1,1331,2662000,2662100,26,43,2664000,4906
1,1332,2664000,2664100,26,43,2666000,4910
1,1333,2666000,2666100,26,43,2668000,4913
1,1334,2668000,2668100,26,43,2670000,4916
1,1335,2670000,2670100,26,43,2672000,4922
1,1336,2672000,2672100,26,43,2674000,4925
1,1337,2674000,2674100,26,43,2676000,4928
1,1338,2676000,2676100,26,43,2678000,4932
1,1339,2678000,2678100,26,43,2680000,4935
1,134,268000,268100,26,43,270000,491
1,1340,2680000,2680100,26,43,2682000,4940
1,1341,2682000,2682100,26,43,2684000,4944
1,1342,2684000,2684100,26,43,2686000,4947
1,1343,2686000,2686100,26,43,2688000,4950
1,1344,2688000,2688100,26,43,2690000,4954
1,1345,2690000,2690100,26,43,2692000,4958
1,1346,2692000,2692100,26,43,2694000,4961
1,1347,2694000,2694100,26,43,2696000,4965
1,1348,2696000,2696100,26,43,2698000,4968
1,1349,2698000,2698100,26,43,2700000,4971
1,135,270000,270100,26,43,272000,497
1,1350,2700000,2700100,26,43,2702000,4978
1,1351,2702000,2702100,26,43,2704000,4981
1,1352,2704000,2704100,26,43,2706000,4984
1,1353,2706000,2706100,26,43,2708000,4988
1,1354,2708000,2708100,26,43,2710000,4991
1,1355,2710000,2710100,26,43,2712000,4995
1,1356,2712000,2712100,26,43,2714000,4999
1,1357,2714000,2714100,26,43,2716000,5002
1,1358,2716000,2716100,26,43,2718000,5005
1,1359,2718000,2718100,26,43,2720000,5009
1,136,272000,272100,26,43,274000,500
1,1360,2720000,2720100,26,43,2722000,5014
1,1361,2722000,2722100,26,43,2724000,5017
1,1362,2724000,2724100,26,43,2726000,5021
1,1363,2726000,2726100,26,43,2728000,5024
1,1364,2728000,2728100,26,43,2730000,5027
1,1365,2730000,2730100,26,43,2732000,5033
1,1366,2732000,2732100,26,43,2734000,5036
1,1367,2734000,2734100,26,43,2736000,5039
1,1368,2736000,2736100,26,43,2738000,5043
1,1369,2738000,2738100,26,43,2740000,5046
1,137,274000,274100,26,43,276000,503
1,1370,2740000,2740100,26,43,2742000,5050
1,1371,2742000,2742100,26,43,2744000,5054
1,1372,2744000,2744100,26,43,2746000,5057
1,1373,2746000,2746100,26,43,2748000,5060
1,1374,2748000,2748100,26,43,2750000,5064
1,1375,2750000,2750100,26,43,2752000,5068
1,1376,2752000,2752100,26,43,2754000,5071
1,1377,2754000,2754100,26,43,2756000,5075
1,1378,2756000,2756100,26,43,2758000,5078
1,1379,2758000,2758100,26,43,2760000,5081
1,138,276000,276100,26,43,278000,507
1,1380,2760000,2760100,26,43,2762000,5088
1,1381,2762000,2762100,26,43,2764000,5091
1,1382,2764000,2764100,26,43,2766000,5094
1,1383,2766000,2766100,26,43,2768000,5098
1,1384,2768000,2768100,26,43,2770000,5101
1,1385,2770000,2770100,26,43,2772000,5105
1,1386,2772000,2772100,26,43,2774000,5109
1,1387,2774000,2774100,26,43,2776000,5112
1,1388,2776000,2776100,26,43,2778000,5115
1,1389,2778000,2778100,26,43,2780000,5119
1,139,278000,278100,26,43,280000,510
1,1390,2780000,2780100,26,43,2782000,5123
1,1391,2782000,2782100,26,43,2784000,5126
1,1392,2784000,2784100,26,43,2786000,5130
1,1393,2786000,2786100,26,43,2788000,5133
1,1394,2788000,2788100,26,43,2790000,5136
1,1395,2790000,2790100,26,43,2792000,5142
1,1396,2792000,2792100,26,43,2794000,5145
1,1397,2794000,2794100,26,43,2796000,5148
1,1398,2796000,2796100,26,43,2798000,5152
1,1399,2798000,2798100,26,43,2800000,5155
1,14,28000,28100,26,43,30000,50
1,140,280000,280100,26,43,282000,515
1,1400,2800000,2800100,26,43,2802000,5162
1,1401,2802000,2802100,26,43,2804000,5166
1,1402,2804000,2804100,26,43,2806000,5169
1,1403,2806000,2806100,26,43,2808000,5172
1,1404,2808000,2808100,26,43,2810000,5176
1,1405,2810000,2810100,26,43,2812000,5180
1,1406,2812000,2812100,26,43,2814000,5183
1,1407,2814000,2814100,26,43,2816000,5187
1,1408,2816000,2816100,26,43,2818000,5190
1,1409,2818000,2818100,26,43,2820000,5193
1,141,282000,282100,26,43,284000,519
1,1410,2820000,2820100,26,43,2822000,5199
1,1411,2822000,2822100,26,43,2824000,5202
1,1412,2824000,2824100,26,43,2826000,5205
1,1413,2826000,2826100,26,43,2828000,5209
1,1414,2828000,2828100,26,43,2830000,5212
1,1415,2830000,2830100,26,43,2832000,5216
1,1416,2832000,2832100,26,43,2834000,5220
1,1417,2834000,2834100,26,43,2836000,5223
1,1418,2836000,2836100,26,43,2838000,5226
1,1419,2838000,2838100,26,43,2840000,5230
1,142,284000,284100,26,43,286000,522
1,1420,2840000,2840100,26,43,2842000,5235
1,1421,2842000,2842100,26,43,2844000,5238
1,1422,2844000,2844100,26,43,2846000,5242
1,1423,2846000,2846100,26,43,2848000,5245
1,1424,2848000,2848100,26,43,2850000,5248
1,1425,2850000,2850100,26,43,2852000,5254
1,1426,2852000,2852100,26,43,2854000,5257
1,1427,2854000,2854100,26,43,2856000,5260
1,1428,2856000,2856100,26,43,2858000,5264
1,1429,2858000,2858100,26,43,2860000,5267
1,143,286000,286100,26,43,288000,525
1,1430,2860000,2860100,26,43,2862000,5271
1,1431,2862000,2862100,26,43,2864000,5275
1,1432,2864000,2864100,26,43,2866000,5278
1,1433,2866000,2866100,26,43,2868000,5281
1,1434,2868000,2868100,26,43,2870000,5285
1,1435,2870000,2870100,26,43,2872000,5289
1,1436,2872000,2872100,26,43,2874000,5292
1,1437,2874000,2874100,26,43,2876000,5296
1,1438,2876000,2876100,26,43,2878000,5299
1,1439,2878000,2878100,26,43,2880000,5302
1,144,288000,288100,26,43,290000,529
1,1440,2880000,2880100,26,43,2882000,5309
1,1441,2882000,2882100,26,43,2884000,5312
1,1442,2884000,2884100,26,43,2886000,5315
1,1443,2886000,2886100,26,43,2888000,5319
1,1444,2888000,2888100,26,43,2890000,5322
1,1445,2890000,2890100,26,43,2892000,5326
1,1446,2892000,2892100,26,43,2894000,5330
1,1447,2894000,2894100,26,43,2896000,5333
1,1448,2896000,2896100,26,43,2898000,5336
1,1449,2898000,2898100,26,43,2900000,5340
1,145,290000,290100,26,43,292000,533
1,1450,2900000,2900100,26,43,2902000,5345
1,1451,2902000,2902100,26,43,2904000,5348
1,1452,2904000,2904100,26,43,2906000,5352
1,1453,2906000,2906100,26,43,2908000,5355
1,1454,2908000,2908100,26,43,2910000,5358
1,1455,2910000,2910100,26,43,2912000,5364
1,1456,2912000,2912100,26,43,2914000,5367
1,1457,2914000,2914100,26,43,2916000,5370
1,1458,2916000,2916100,26,43,2918000,5374
1,1459,2918000,2918100,26,43,2920000,5377
1,146,292000,292100,26,43,294000,536
1,1460,2920000,2920100,26,43,2922000,5382
1,1461,2922000,2922100,26,43,2924000,5386
1,1462,2924000,2924100,26,43,2926000,5389
1,1463,2926000,2926100,26,43,2928000,5392
1,1464,2928000,2928100,26,43,2930000,5396
1,1465,2930000,2930100,26,43,2932000,5400
1,1466,2932000,2932100,26,43,2934000,5403
1,1467,2934000,2934100,26,43,2936000,5407
1,1468,2936000,2936100,26,43,2938000,5410
1,1469,2938000,2938100,26,43,2940000,5413
1,147,294000,294100,26,43,296000,540
1,1470,2940000,2940100,26,43,2942000,5419
1,1471,2942000,2942100,26,43,2944000,5422
1,1472,2944000,2944100,26,43,2946000,5425
1,1473,2946000,2946100,26,43,2948000,5429
1,1474,2948000,2948100,26,43,2950000,5432
1,1475,2950000,2950100,26,43,2952000,5436
1,1476,2952000,2952100,26,43,2954000,5440
1,1477,2954000,2954100,26,43,2956000,5443
1,1478,2956000,2956100,26,43,2958000,5446
1,1479,2958000,2958100,26,43,2960000,5450
1,148,296000,296100,26,43,298000,543
1,1480,2960000,2960100,26,43,2962000,5455
1,1481,2962000,2962100,26,43,2964000,5458
1,1482,2964000,2964100,26,43,2966000,5462
1,1483,2966000,2966100,26,43,2968000,5465
1,1484,2968000,2968100,26,43,2970000,5468
1,1485,2970000,2970100,26,43,2972000,5474
1,1486,2972000,2972100,26,43,2974000,5477
1,1487,2974000,2974100,26,43,2976000,5480
1,1488,2976000,2976100,26,43,2978000,5484
1,1489,2978000,2978100,26,43,2980000,5487
1,149,298000,298100,26,43,300000,546
1,1490,2980000,2980100,26,43,2982000,5491
1,1491,2982000,2982100,26,43,2984000,5495
1,1492,2984000,2984100,26,43,2986000,5498
1,1493,2986000,2986100,26,43,2988000,5501
1,1494,2988000,2988100,26,43,2990000,5505
1,1495,2990000,2990100,26,43,2992000,5509
1,1496,2992000,2992100,26,43,2994000,5512
1,1497,2994000,2994100,26,43,2996000,5516
1,1498,2996000,2996100,26,43,2998000,5519
1,1499,2998000,2998100,26,43,3000000,5522
1,15,30000,30100,26,43,32000,56
1,150,300000,300100,26,43,302000,553
1,151,302000,302100,26,43,304000,556
1,152,304000,304100,26,43,306000,559
1,153,306000,306100,26,43,308000,563
1,154,308000,308100,26,43,310000,566
1,155,310000,310100,26,43,312000,570
1,156,312000,312100,26,43,314000,574
1,157,314000,314100,26,43,316000,577
1,158,316000,316100,26,43,318000,580
1,159,318000,318100,26,43,320000,584
1,16,32000,32100,26,43,34000,59
1,160,320000,320100,26,43,322000,589
1,161,322000,322100,26,43,324000,592
1,162,324000,324100,26,43,326000,596
1,163,326000,326100,26,43,328000,599
1,164,328000,328100,26,43,330000,602
1,165,330000,330100,26,43,332000,608
1,166,332000,332100,26,43,334000,611
1,167,334000,334100,26,43,336000,614
1,168,336000,336100,26,43,338000,618
1,169,338000,338100,26,43,340000,621
1,17,34000,34100,26,43,36000,62
1,170,340000,340100,26,43,342000,625
1,171,342000,342100,26,43,344000,629
1,172,344000,344100,26,43,346000,632
1,173,346000,346100,26,43,348000,635
1,174,348000,348100,26,43,350000,639
1,175,350000,350100,26,43,352000,643
1,176,352000,352100,26,43,354000,646
1,177,354000,354100,26,43,356000,650
1,178,356000,356100,26,43,358000,653
1,179,358000,358100,26,43,360000,656
1,18,36000,36100,26,43,38000,66
1,180,360000,360100,26,43,362000,663
1,181,362000,362100,26,43,364000,666
1,182,364000,364100,26,43,366000,669
1,183,366000,366100,26,43,368000,673
1,184,368000,368100,26,43,370000,676
1,185,370000,370100,26,43,372000,680
1,186,372000,372100,26,43,374000,684
1,187,374000,374100,26,43,376000,687
1,188,376000,376100,26,43,378000,690
1,189,378000,378100,26,43,380000,694
1,19,38000,38100,26,43,40000,69
1,190,380000,380100,26,43,382000,698
1,191,382000,382100,26,43,384000,701
1,192,384000,384100,26,43,386000,705
1,193,386000,386100,26,43,388000,708
1,194,388000,388100,26,43,390000,711
1,195,390000,390100,26,43,392000,717
1,196,392000,392100,26,43,394000,720
1,197,394000,394100,26,43,396000,723
1,198,396000,396100,26,43,398000,727
1,199,398000,398100,26,43,400000,730
1,2,4000,4100,26,43,6000,8
1,20,40000,40100,26,43,42000,74
1,200,400000,400100,26,43,402000,737
1,201,402000,402100,26,43,404000,741
1,202,404000,404100,26,43,406000,744
1,203,406000,406100,26,43,408000,747
1,204,408000,408100,26,43,410000,751
1,205,410000,410100,26,43,412000,755
1,206,412000,412100,26,43,414000,758
1,207,414000,414100,26,43,416000,762
1,208,416000,416100,26,43,418000,765
1,209,418000,418100,26,43,420000,768
1,21,42000,42100,26,43,44000,78
1,210,420000,420100,26,43,422000,774
1,211,422000,422100,26,43,424000,777
1,212,424000,424100,26,43,426000,780
1,213,426000,426100,26,43,428000,784
1,214,428000,428100,26,43,430000,787
1,215,430000,430100,26,43,432000,791
1,216,432000,432100,26,43,434000,795
1,217,434000,434100,26,43,436000,798
1,218,436000,436100,26,43,438000,801
1,219,438000,438100,26,43,440000,805
1,22,44000,44100,26,43,46000,81
1,220,440000,440100,26,43,442000,810
1,221,442000,442100,26,43,444000,813
1,222,444000,444100,26,43,446000,817
1,223,446000,446100,26,43,448000,820
1,224,448000,448100,26,43,450000,823
1,225,450000,450100,26,43,452000,829
1,226,452000,452100,26,43,454000,832
1,227,454000,454100,26,43,456000,835
1,228,456000,456100,26,43,458000,839
1,229,458000,458100,26,43,460000,842
1,23,46000,46100,26,43,48000,84
1,230,460000,460100,26,43,462000,846
1,231,462000,462100,26,43,464000,850
1,232,464000,464100,26,43,466000,853
1,233,466000,466100,26,43,468000,856
1,234,468000,468100,26,43,470000,860
1,235,470000,470100,26,43,472000,864
1,236,472000,472100,26,43,474000,867
1,237,474000,474100,26,43,476000,871
1,238,476000,476100,26,43,478000,874
1,239,478000,478100,26,43,480000,877
1,24,48000,48100,26,43,50000,88
1,240,480000,480100,26,43,482000,884
1,241,482000,482100,26,43,484000,887
1,242,484000,484100,26,43,486000,890
1,243,486000,486100,26,43,488000,894
1,244,488000,488100,26,43,490000,897
1,245,490000,490100,26,43,492000,901
1,246,492000,492100,26,43,494000,905
1,247,494000,494100,26,43,496000,908
1,248,496000,496100,26,43,498000,911
1,249,498000,498100,26,43,500000,915
1,25,50000,50100,26,43,52000,92
1,250,500000,500100,26,43,502000,921
1,251,502000,502100,26,43,504000,924
1,252,504000,504100,26,43,506000,928
1,253,506000,506100,26,43,508000,931
1,254,508000,508100,26,43,510000,934
1,255,510000,510100,26,43,512000,940
1,256,512000,512100,26,43,514000,943
1,257,514000,514100,26,43,516000,946
1,258,516000,516100,26,43,518000,950
1,259,518000,518100,26,43,520000,953
1,26,52000,52100,26,43,54000,95
1,260,520000,520100,26,43,522000,958
1,261,522000,522100,26,43,524000,962
1,262,524000,524100,26,43,526000,965
1,263,526000,526100,26,43,528000,968
1,264,528000,528100,26,43,530000,972
1,265,530000,530100,26,43,532000,976
1,266,532000,532100,26,43,534000,979
1,267,534000,534100,26,43,536000,983
1,268,536000,536100,26,43,538000,986
1,269,538000,538100,26,43,540000,989
1,27,54000,54100,26,43,56000,99
1,270,540000,540100,26,43,542000,995
1,271,542000,542100,26,43,544000,998
1,272,544000,544100,26,43,546000,1001
1,273,546000,546100,26,43,548000,1005
1,274,548000,548100,26,43,550000,1008
1,275,550000,550100,26,43,552000,1012
1,276,552000,552100,26,43,554000,1016
1,277,554000,554100,26,43,556000,1019
1,278,556000,556100,26,43,558000,1022
1,279,558000,558100,26,43,560000,1026
1,28,56000,56100,26,43,58000,102
1,280,560000,560100,26,43,562000,1031
1,281,562000,562100,26,43,564000,1034
1,282,564000,564100,26,43,566000,1038
1,283,566000,566100,26,43,568000,1041
1,284,568000,568100,26,43,570000,1044
1,285,570000,570100,26,43,572000,1050
1,286,572000,572100,26,43,574000,1053
1,287,574000,574100,26,43,576000,1056
1,288,576000,576100,26,43,578000,1060
1,289,578000,578100,26,43,580000,1063
1,29,58000,58100,26,43,60000,105
1,290,580000,580100,26,43,582000,1067
1,291,582000,582100,26,43,584000,1071
1,292,584000,584100,26,43,586000,1074
1,293,586000,586100,26,43,588000,1077
1,294,588000,588100,26,43,590000,1081
1,295,590000,590100,26,43,592000,1085
1,296,592000,592100,26,43,594000,1088
1,297,594000,594100,26,43,596000,1092
1,298,596000,596100,26,43,598000,1095
1,299,598000,598100,26,43,600000,1098
1,3,6000,6100,26,43,8000,12
1,30,60000,60100,26,43,62000,111
1,300,600000,600100,26,43,602000,1108
1,301,602000,602100,26,43,604000,1111
1,302,604000,604100,26,43,606000,1114
1,303,606000,606100,26,43,608000,1118
1,304,608000,608100,26,43,610000,1121
1,305,610000,610100,26,43,612000,1125
1,306,612000,612100,26,43,614000,1129
1,307,614000,614100,26,43,616000,1132
1,308,616000,616100,26,43,618000,1135
1,309,618000,618100,26,43,620000,1139
1,31,62000,62100,26,43,64000,114
1,310,620000,620100,26,43,622000,1143
1,311,622000,622100,26,43,624000,1146
1,312,624000,624100,26,43,626000,1150
1,313,626000,626100,26,43,628000,1153
1,314,628000,628100,26,43,630000,1156
1,315,630000,630100,26,43,632000,1162
1,316,632000,632100,26,43,634000,1165
1,317,634000,634100,26,43,636000,1168
1,318,636000,636100,26,43,638000,1172
1,319,638000,638100,26,43,640000,1175
1,32,64000,64100,26,43,66000,117
1,320,640000,640100,26,43,642000,1180
1,321,642000,642100,26,43,644000,1184
1,322,644000,644100,26,43,646000,1187
1,323,646000,646100,26,43,648000,1190
1,324,648000,648100,26,43,650000,1194
1,325,650000,650100,26,43,652000,1198
1,326,652000,652100,26,43,654000,1201
1,327,654000,654100,26,43,656000,1205
1,328,656000,656100,26,43,658000,1208
1,329,658000,658100,26,43,660000,1211
1,33,66000,66100,26,43,68000,121
1,330,660000,660100,26,43,662000,1217
1,331,662000,662100,26,43,664000,1220
1,332,664000,664100,26,43,666000,1223
1,333,666000,666100,26,43,668000,1227
1,334,668000,668100,26,43,670000,1230
1,335,670000,670100,26,43,672000,1234
1,336,672000,672100,26,43,674000,1238
1,337,674000,674100,26,43,676000,1241
1,338,676000,676100,26,43,678000,1244
1,339,678000,678100,26,43,680000,1248
1,34,68000,68100,26,43,70000,124
1,340,680000,680100,26,43,682000,1253
1,341,682000,682100,26,43,684000,1256
1,342,684000,684100,26,43,686000,1260
1,343,686000,686100,26,43,688000,1263
1,344,688000,688100,26,43,690000,1266
1,345,690000,690100,26,43,692000,1272
1,346,692000,692100,26,43,694000,1275
1,347,694000,694100,26,43,696000,1278
1,348,696000,696100,26,43,698000,1282
1,349,698000,698100,26,43,700000,1285
1,35,70000,70100,26,43,72000,128
1,350,700000,700100,26,43,702000,1290
1,351,702000,702100,26,43,704000,1294
1,352,704000,704100,26,43,706000,1297
1,353,706000,706100,26,43,708000,1300
1,354,708000,708100,26,43,710000,1304
1,355,710000,710100,26,43,712000,1308
1,356,712000,712100,26,43,714000,1311
1,357,714000,714100,26,43,716000,1315
1,358,716000,716100,26,43,718000,1318
1,359,718000,718100,26,43,720000,1321
1,36,72000,72100,26,43,74000,132
1,360,720000,720100,26,43,722000,1328
1,361,722000,722100,26,43,724000,1331
1,362,724000,724100,26,43,726000,1334
1,363,726000,726100,26,43,728000,1338
1,364,728000,728100,26,43,730000,1341
1,365,730000,730100,26,43,732000,1345
1,366,732000,732100,26,43,734000,1349
1,367,734000,734100,26,43,736000,1352
1,368,736000,736100,26,43,738000,1355
1,369,738000,738100,26,43,740000,1359
1,37,74000,74100,26,43,76000,135
1,370,740000,740100,26,43,742000,1363
1,371,742000,742100,26,43,744000,1366
1,372,744000,744100,26,43,746000,1370
1,373,746000,746100,26,43,748000,1373
1,374,748000,748100,26,43,750000,1376
1,375,750000,750100,26,43,752000,1382
1,376,752000,752100,26,43,754000,1385
1,377,754000,754100,26,43,756000,1388
1,378,756000,756100,26,43,758000,1392
1,379,758000,758100,26,43,760000,1395
1,38,76000,76100,26,43,78000,138
1,380,760000,760100,26,43,762000,1400
1,381,762000,762100,26,43,764000,1404
1,382,764000,764100,26,43,766000,1407
1,383,766000,766100,26,43,768000,1410
1,384,768000,768100,26,43,770000,1414
1,385,770000,770100,26,43,772000,1418
1,386,772000,772100,26,43,774000,1421
1,387,774000,774100,26,43,776000,1425
1,388,776000,776100,26,43,778000,1428
1,389,778000,778100,26,43,780000,1431
1,39,78000,78100,26,43,80000,142
1,390,780000,780100,26,43,782000,1437
1,391,782000,782100,26,43,784000,1440
1,392,784000,784100,26,43,786000,1443
1,393,786000,786100,26,43,788000,1447
1,394,788000,788100,26,43,790000,1450
1,395,790000,790100,26,43,792000,1454
1,396,792000,792100,26,43,794000,1458
1,397,794000,794100,26,43,796000,1461
1,398,796000,796100,26,43,798000,1464
1,399,798000,798100,26,43,800000,1468
1,4,8000,8100,26,43,10000,15
1,40,80000,80100,26,43,82000,147
1,400,800000,800100,26,43,802000,1475
1,401,802000,802100,26,43,804000,1478
1,402,804000,804100,26,43,806000,1482
1,403,806000,806100,26,43,808000,1485
1,404,808000,808100,26,43,810000,1488
1,405,810000,810100,26,43,812000,1494
1,406,812000,812100,26,43,814000,1497
1,407,814000,814100,26,43,816000,1500
1,408,816000,816100,26,43,818000,1504
1,409,818000,818100,26,43,820000,1507
1,41,82000,82100,26,43,84000,150
1,410,820000,820100,26,43,822000,1511
1,411,822000,822100,26,43,824000,1515
1,412,824000,824100,26,43,826000,1518
1,413,826000,826100,26,43,828000,1521
1,414,828000,828100,26,43,830000,1525
1,415,830000,830100,26,43,832000,1529
1,416,832000,832100,26,43,834000,1532
1,417,834000,834100,26,43,836000,1536
1,418,836000,836100,26,43,838000,1539
1,419,838000,838100,26,43,840000,1542
1,42,84000,84100,26,43,86000,154
1,420,840000,840100,26,43,842000,1549
1,421,842000,842100,26,43,844000,1552
1,422,844000,844100,26,43,846000,1555
1,423,846000,846100,26,43,848000,1559
1,424,848000,848100,26,43,850000,1562
1,425,850000,850100,26,43,852000,1566
1,426,852000,852100,26,43,854000,1570
1,427,854000,854100,26,43,856000,1573
1,428,856000,856100,26,43,858000,1576
1,429,858000,858100,26,43,860000,1580
1,43,86000,86100,26,43,88000,157
1,430,860000,860100,26,43,862000,1584
1,431,862000,862100,26,43,864000,1587
1,432,864000,864100,26,43,866000,1591
1,433,866000,866100,26,43,868000,1594
1,434,868000,868100,26,43,870000,1597
1,435,870000,870100,26,43,872000,1603
1,436,872000,872100,26,43,874000,1606
1,437,874000,874100,26,43,876000,1609
1,438,876000,876100,26,43,878000,1613
1,439,878000,878100,26,43,880000,1616
1,44,88000,88100,26,43,90000,160
1,440,880000,880100,26,43,882000,1621
1,441,882000,882100,26,43,884000,1625
1,442,884000,884100,26,43,886000,1628
1,443,886000,886100,26,43,888000,1631
1,444,888000,888100,26,43,890000,1635
1,445,890000,890100,26,43,892000,1639
1,446,892000,892100,26,43,894000,1642
1,447,894000,894100,26,43,896000,1646
1,448,896000,896100,26,43,898000,1649
1,449,898000,898100,26,43,900000,1652
1,45,90000,90100,26,43,92000,166
1,450,900000,900100,26,43,902000,1659
1,451,902000,902100,26,43,904000,1662
1,452,904000,904100,26,43,906000,1665
1,453,906000,906100,26,43,908000,1669
1,454,908000,908100,26,43,910000,1672
1,455,910000,910100,26,43,912000,1676
1,456,912000,912100,26,43,914000,1680
1,457,914000,914100,26,43,916000,1683
1,458,916000,916100,26,43,918000,1686
1,459,918000,918100,26,43,920000,1690
1,46,92000,92100,26,43,94000,169
1,460,920000,920100,26,43,922000,1695
1,461,922000,922100,26,43,924000,1698
1,462,924000,924100,26,43,926000,1702
1,463,926000,926100,26,43,928000,1705
1,464,928000,928100,26,43,930000,1708
1,465,930000,930100,26,43,932000,1714
1,466,932000,932100,26,43,934000,1717
1,467,934000,934100,26,43,936000,1720
1,468,936000,936100,26,43,938000,1724
1,469,938000,938100,26,43,940000,1727
1,47,94000,94100,26,43,96000,172
1,470,940000,940100,26,43,942000,1731
1,471,942000,942100,26,43,944000,1735
1,472,944000,944100,26,43,946000,1738
1,473,946000,946100,26,43,948000,1741
1,474,948000,948100,26,43,950000,1745
1,475,950000,950100,26,43,952000,1749
1,476,952000,952100,26,43,954000,1752
1,477,954000,954100,26,43,956000,1756
1,478,956000,956100,26,43,958000,1759
1,479,958000,958100,26,43,960000,1762
1,48,96000,96100,26,43,98000,176
1,480,960000,960100,26,43,962000,1769
1,481,962000,962100,26,43,964000,1772
1,482,964000,964100,26,43,966000,1775
1,483,966000,966100,26,43,968000,1779
1,484,968000,968100,26,43,970000,1782
1,485,970000,970100,26,43,972000,1786
1,486,972000,972100,26,43,974000,1790
1,487,974000,974100,26,43,976000,1793
1,488,976000,976100,26,43,978000,1796
1,489,978000,978100,26,43,980000,1800
1,49,98000,98100,26,43,100000,179
1,490,980000,980100,26,43,982000,1804
1,491,982000,982100,26,43,984000,1807
1,492,984000,984100,26,43,986000,1811
1,493,986000,986100,26,43,988000,1814
1,494,988000,988100,26,43,990000,1817
1,495,990000,990100,26,43,992000,1823
1,496,992000,992100,26,43,994000,1826
1,497,994000,994100,26,43,996000,1829
1,498,996000,996100,26,43,998000,1833
1,499,998000,998100,26,43,1000000,1836
1,5,10000,10100,26,43,12000,19
1,50,100000,100100,26,43,102000,184
1,500,1000000,1000100,26,43,1002000,1844
1,501,1002000,1002100,26,43,1004000,1848
1,502,1004000,1004100,26,43,1006000,1851
1,503,1006000,1006100,26,43,1008000,1854
1,504,1008000,1008100,26,43,1010000,1858
1,505,1010000,1010100,26,43,1012000,1862
1,506,1012000,1012100,26,43,1014000,1865
1,507,1014000,1014100,26,43,1016000,1869
1,508,1016000,1016100,26,43,1018000,1872
1,509,1018000,1018100,26,43,1020000,1875
1,51,102000,102100,26,43,104000,188
1,510,1020000,1020100,26,43,1022000,1881
1,511,1022000,1022100,26,43,1024000,1884
1,512,1024000,1024100,26,43,1026000,1887
1,513,1026000,1026100,26,43,1028000,1891
1,514,1028000,1028100,26,43,1030000,1894
1,515,1030000,1030100,26,43,1032000,1898
1,516,1032000,1032100,26,43,1034000,1902
1,517,1034000,1034100,26,43,1036000,1905
1,518,1036000,1036100,26,43,1038000,1908
1,519,1038000,1038100,26,43,1040000,1912
1,52,104000,104100,26,43,106000,191
1,520,1040000,1040100,26,43,1042000,1917
1,521,1042000,1042100,26,43,1044000,1920
1,522,1044000,1044100,26,43,1046000,1924
1,523,1046000,1046100,26,43,1048000,1927
1,524,1048000,1048100,26,43,1050000,1930
1,525,1050000,1050100,26,43,1052000,1936
1,526,1052000,1052100,26,43,1054000,1939
1,527,1054000,1054100,26,43,1056000,1942
1,528,1056000,1056100,26,43,1058000,1946
1,529,1058000,1058100,26,43,1060000,1949
1,53,106000,106100,26,43,108000,194
1,530,1060000,1060100,26,43,1062000,1953
1,531,1062000,1062100,26,43,1064000,1957
1,532,1064000,1064100,26,43,1066000,1960
1,533,1066000,1066100,26,43,1068000,1963
1,534,1068000,1068100,26,43,1070000,1967
1,535,1070000,1070100,26,43,1072000,1971
1,536,1072000,1072100,26,43,1074000,1974
1,537,1074000,1074100,26,43,1076000,1978
1,538,1076000,1076100,26,43,1078000,1981
1,539,1078000,1078100,26,43,1080000,1984
1,54,108000,108100,26,43,110000,198
1,540,1080000,1080100,26,43,1082000,1991
1,541,1082000,1082100,26,43,1084000,1994
1,542,1084000,1084100,26,43,1086000,1997
1,543,1086000,1086100,26,43,1088000,2001
1,544,1088000,1088100,26,43,1090000,2004
1,545,1090000,1090100,26,43,1092000,2008
1,546,1092000,1092100,26,43,1094000,2012
1,547,1094000,1094100,26,43,1096000,2015
1,548,1096000,1096100,26,43,1098000,2018
1,549,1098000,1098100,26,43,1100000,2022
1,55,110000,110100,26,43,112000,202
1,550,1100000,1100100,26,43,1102000,2027
1,551,1102000,1102100,26,43,1104000,2030
1,552,1104000,1104100,26,43,1106000,2034
1,553,1106000,1106100,26,43,1108000,2037
1,554,1108000,1108100,26,43,1110000,2040
1,555,1110000,1110100,26,43,1112000,2046
1,556,1112000,1112100,26,43,1114000,2049
1,557,1114000,1114100,26,43,1116000,2052
1,558,1116000,1116100,26,43,1118000,2056
1,559,1118000,1118100,26,43,1120000,2059
1,56,112000,112100,26,43,114000,205
1,560,1120000,1120100,26,43,1122000,2064
1,561,1122000,1122100,26,43,1124000,2068
1,562,1124000,1124100,26,43,1126000,2071
1,563,1126000,1126100,26,43,1128000,2074
1,564,1128000,1128100,26,43,1130000,2078
1,565,1130000,1130100,26,43,1132000,2082
1,566,1132000,1132100,26,43,1134000,2085
1,567,1134000,1134100,26,43,1136000,2089
1,568,1136000,1136100,26,43,1138000,2092
1,569,1138000,1138100,26,43,1140000,2095
1,57,114000,114100,26,43,116000,209
1,570,1140000,1140100,26,43,1142000,2101
1,571,1142000,1142100,26,43,1144000,2104
1,572,1144000,1144100,26,43,1146000,2107
1,573,1146000,1146100,26,43,1148000,2111
1,574,1148000,1148100,26,43,1150000,2114
1,575,1150000,1150100,26,43,1152000,2118
1,576,1152000,1152100,26,43,1154000,2122
1,577,1154000,1154100,26,43,1156000,2125
1,578,1156000,1156100,26,43,1158000,2128
1,579,1158000,1158100,26,43,1160000,2132
1,58,116000,116100,26,43,118000,212
1,580,1160000,1160100,26,43,1162000,2137
1,581,1162000,1162100,26,43,1164000,2140
1,582,1164000,1164100,26,43,1166000,2144
1,583,1166000,1166100,26,43,1168000,2147
1,584,1168000,1168100,26,43,1170000,2150
1,585,1170000,1170100,26,43,1172000,2156
1,586,1172000,1172100,26,43,1174000,2159
1,587,1174000,1174100,26,43,1176000,2162
1,588,1176000,1176100,26,43,1178000,2166
1,589,1178000,1178100,26,43,1180000,2169
1,59,118000,118100,26,43,120000,215
1,590,1180000,1180100,26,43,1182000,2173
1,591,1182000,1182100,26,43,1184000,2177
1,592,1184000,1184100,26,43,1186000,2180
1,593,1186000,1186100,26,43,1188000,2183
1,594,1188000,1188100,26,43,1190000,2187
1,595,1190000,1190100,26,43,1192000,2191
1,596,1192000,1192100,26,43,1194000,2194
1,597,1194000,1194100,26,43,1196000,2198
1,598,1196000,1196100,26,43,1198000,2201
1,599,1198000,1198100,26,43,1200000,2204
1,6,12000,12100,26,43,14000,23
1,60,120000,120100,26,43,122000,222
1,600,1200000,1200100,26,43,1202000,2214
1,601,1202000,1202100,26,43,1204000,2217
1,602,1204000,1204100,26,43,1206000,2220
1,603,1206000,1206100,26,43,1208000,2224
1,604,1208000,1208100,26,43,1210000,2227
1,605,1210000,1210100,26,43,1212000,2231
1,606,1212000,1212100,26,43,1214000,2235
1,607,1214000,1214100,26,43,1216000,2238
1,608,1216000,1216100,26,43,1218000,2241
1,609,1218000,1218100,26,43,1220000,2245
1,61,122000,122100,26,43,124000,225
1,610,1220000,1220100,26,43,1222000,2249
1,611,1222000,1222100,26,43,1224000,2252
1,612,1224000,1224100,26,43,1226000,2256
1,613,1226000,1226100,26,43,1228000,2259
1,614,1228000,1228100,26,43,1230000,2262
1,615,1230000,1230100,26,43,1232000,2268
1,616,1232000,1232100,26,43,1234000,2271
1,617,1234000,1234100,26,43,1236000,2274
1,618,1236000,1236100,26,43,1238000,2278
1,619,1238000,1238100,26,43,1240000,2281
1,62,124000,124100,26,43,126000,228
1,620,1240000,1240100,26,43,1242000,2286
1,621,1242000,1242100,26,43,1244000,2290
1,622,1244000,1244100,26,43,1246000,2293
1,623,1246000,1246100,26,43,1248000,2296
1,624,1248000,1248100,26,43,1250000,2300
1,625,1250000,1250100,26,43,1252000,2304
1,626,1252000,1252100,26,43,1254000,2307
1,627,1254000,1254100,26,43,1256000,2311
1,628,1256000,1256100,26,43,1258000,2314
1,629,1258000,1258100,26,43,1260000,2317
1,63,126000,126100,26,43,128000,232
1,630,1260000,1260100,26,43,1262000,2323
1,631,1262000,1262100,26,43,1264000,2326
1,632,1264000,1264100,26,43,1266000,2329
1,633,1266000,1266100,26,43,1268000,2333
1,634,1268000,1268100,26,43,1270000,2336
1,635,1270000,1270100,26,43,1272000,2340
1,636,1272000,1272100,26,43,1274000,2344
1,637,1274000,1274100,26,43,1276000,2347
1,638,1276000,1276100,26,43,1278000,2350
1,639,1278000,1278100,26,43,1280000,2354
1,64,128000,128100,26,43,130000,235
1,640,1280000,1280100,26,43,1282000,2359
1,641,1282000,1282100,26,43,1284000,2362
1,642,1284000,1284100,26,43,1286000,2366
1,643,1286000,1286100,26,43,1288000,2369
1,644,1288000,1288100,26,43,1290000,2372
1,645,1290000,1290100,26,43,1292000,2378
1,646,1292000,1292100,26,43,1294000,2381
1,647,1294000,1294100,26,43,1296000,2384
1,648,1296000,1296100,26,43,1298000,2388
1,649,1298000,1298100,26,43,1300000,2391
1,65,130000,130100,26,43,132000,239
1,650,1300000,1300100,26,43,1302000,2396
1,651,1302000,1302100,26,43,1304000,2400
1,652,1304000,1304100,26,43,1306000,2403
1,653,1306000,1306100,26,43,1308000,2406
1,654,1308000,1308100,26,43,1310000,2410
1,655,1310000,1310100,26,43,1312000,2414
1,656,1312000,1312100,26,43,1314000,2417
1,657,1314000,1314100,26,43,1316000,2421
1,658,1316000,1316100,26,43,1318000,2424
1,659,1318000,1318100,26,43,1320000,2427
1,66,132000,132100,26,43,134000,243
1,660,1320000,1320100,26,43,1322000,2434
1,661,1322000,1322100,26,43,1324000,2437
1,662,1324000,1324100,26,43,1326000,2440
1,663,1326000,1326100,26,43,1328000,2444
1,664,1328000,1328100,26,43,1330000,2447
1,665,1330000,1330100,26,43,1332000,2451
1,666,1332000,1332100,26,43,1334000,2455
1,667,1334000,1334100,26,43,1336000,2458
1,668,1336000,1336100,26,43,1338000,2461
1,669,1338000,1338100,26,43,1340000,2465
1,67,134000,134100,26,43,136000,246
1,670,1340000,1340100,26,43,1342000,2469
1,671,1342000,1342100,26,43,1344000,2472
1,672,1344000,1344100,26,43,1346000,2476
1,673,1346000,1346100,26,43,1348000,2479
1,674,1348000,1348100,26,43,1350000,2482
1,675,1350000,1350100,26,43,1352000,2488
1,676,1352000,1352100,26,43,1354000,2491
1,677,1354000,1354100,26,43,1356000,2494
1,678,1356000,1356100,26,43,1358000,2498
1,679,1358000,1358100,26,43,1360000,2501
1,68,136000,136100,26,43,138000,249
1,680,1360000,1360100,26,43,1362000,2506
1,681,1362000,1362100,26,43,1364000,2510
1,682,1364000,1364100,26,43,1366000,2513
1,683,1366000,1366100,26,43,1368000,2516
1,684,1368000,1368100,26,43,1370000,2520
1,685,1370000,1370100,26,43,1372000,2524
1,686,1372000,1372100,26,43,1374000,2527
1,687,1374000,1374100,26,43,1376000,2531
1,688,1376000,1376100,26,43,1378000,2534
1,689,1378000,1378100,26,43,1380000,2537
1,69,138000,138100,26,43,140000,253
1,690,1380000,1380100,26,43,1382000,2543
1,691,1382000,1382100,26,43,1384000,2546
1,692,1384000,1384100,26,43,1386000,2549
1,693,1386000,1386100,26,43,1388000,2553
1,694,1388000,1388100,26,43,1390000,2556
1,695,1390000,1390100,26,43,1392000,2560
1,696,1392000,1392100,26,43,1394000,2564
1,697,1394000,1394100,26,43,1396000,2567
1,698,1396000,1396100,26,43,1398000,2570
1,699,1398000,1398100,26,43,1400000,2574
1,7,14000,14100,26,43,16000,26
1,70,140000,140100,26,43,142000,257
1,700,1400000,1400100,26,43,1402000,2581
1,701,1402000,1402100,26,43,1404000,2584
1,702,1404000,1404100,26,43,1406000,2588
1,703,1406000,1406100,26,43,1408000,2591
1,704,1408000,1408100,26,43,1410000,2594
1,705,1410000,1410100,26,43,1412000,2600
1,706,1412000,1412100,26,43,1414000,2603
1,707,1414000,1414100,26,43,1416000,2606
1,708,1416000,1416100,26,43,1418000,2610
1,709,1418000,1418100,26,43,1420000,2613
1,71,142000,142100,26,43,144000,260
1,710,1420000,1420100,26,43,1422000,2617
1,711,1422000,1422100,26,43,1424000,2621
1,712,1424000,1424100,26,43,1426000,2624
1,713,1426000,1426100,26,43,1428000,2627
1,714,1428000,1428100,26,43,1430000,2631
1,715,1430000,1430100,26,43,1432000,2635
1,716,1432000,1432100,26,43,1434000,2638
1,717,1434000,1434100,26,43,1436000,2642
1,718,1436000,1436100,26,43,1438000,2645
1,719,1438000,1438100,26,43,1440000,2648
1,72,144000,144100,26,43,146000,264
1,720,1440000,1440100,26,43,1442000,2655
1,721,1442000,1442100,26,43,1444000,2658
1,722,1444000,1444100,26,43,1446000,2661
1,723,1446000,1446100,26,43,1448000,2665
1,724,1448000,1448100,26,43,1450000,2668
1,725,1450000,1450100,26,43,1452000,2672
1,726,1452000,1452100,26,43,1454000,2676
1,727,1454000,1454100,26,43,1456000,2679
1,728,1456000,1456100,26,43,1458000,2682
1,729,1458000,1458100,26,43,1460000,2686
1,73,146000,146100,26,43,148000,267
1,730,1460000,1460100,26,43,1462000,2690
1,731,1462000,1462100,26,43,1464000,2693
1,732,1464000,1464100,26,43,1466000,2697
1,733,1466000,1466100,26,43,1468000,2700
1,734,1468000,1468100,26,43,1470000,2703
1,735,1470000,1470100,26,43,1472000,2709
1,736,1472000,1472100,26,43,1474000,2712
1,737,1474000,1474100,26,43,1476000,2715
1,738,1476000,1476100,26,43,1478000,2719
1,739,1478000,1478100,26,43,1480000,2722
1,74,148000,148100,26,43,150000,270
1,740,1480000,1480100,26,43,1482000,2727
1,741,1482000,1482100,26,43,1484000,2731
1,742,1484000,1484100,26,43,1486000,2734
1,743,1486000,1486100,26,43,1488000,2737
1,744,1488000,1488100,26,43,1490000,2741
1,745,1490000,1490100,26,43,1492000,2745
1,746,1492000,1492100,26,43,1494000,2748
1,747,1494000,1494100,26,43,1496000,2752
1,748,1496000,1496100,26,43,1498000,2755
1,749,1498000,1498100,26,43,1500000,2758
1,75,150000,150100,26,43,152000,276
1,750,1500000,1500100,26,43,1502000,2766
1,751,1502000,1502100,26,43,1504000,2769
1,752,1504000,1504100,26,43,1506000,2772
1,753,1506000,1506100,26,43,1508000,2776
1,754,1508000,1508100,26,43,1510000,2779
1,755,1510000,1510100,26,43,1512000,2783
1,756,1512000,1512100,26,43,1514000,2787
1,757,1514000,1514100,26,43,1516000,2790
1,758,1516000,1516100,26,43,1518000,2793
1,759,1518000,1518100,26,43,1520000,2797
1,76,152000,152100,26,43,154000,279
1,760,1520000,1520100,26,43,1522000,2802
1,761,1522000,1522100,26,43,1524000,2805
1,762,1524000,1524100,26,43,1526000,2809
1,763,1526000,1526100,26,43,1528000,2812
1,764,1528000,1528100,26,43,1530000,2815
1,765,1530000,1530100,26,43,1532000,2821
1,766,1532000,1532100,26,43,1534000,2824
1,767,1534000,1534100,26,43,1536000,2827
1,768,1536000,1536100,26,43,1538000,2831
1,769,1538000,1538100,26,43,1540000,2834
1,77,154000,154100,26,43,156000,282
1,770,1540000,1540100,26,43,1542000,2838
1,771,1542000,1542100,26,43,1544000,2842
1,772,1544000,1544100,26,43,1546000,2845
1,773,1546000,1546100,26,43,1548000,2848
1,774,1548000,1548100,26,43,1550000,2852
1,775,1550000,1550100,26,43,1552000,2856
1,776,1552000,1552100,26,43,1554000,2859
1,777,1554000,1554100,26,43,1556000,2863
1,778,1556000,1556100,26,43,1558000,2866
1,779,1558000,1558100,26,43,1560000,2869
1,78,156000,156100,26,43,158000,286
1,780,1560000,1560100,26,43,1562000,2876
1,781,1562000,1562100,26,43,1564000,2879
1,782,1564000,1564100,26,43,1566000,2882
1,783,1566000,1566100,26,43,1568000,2886
1,784,1568000,1568100,26,43,1570000,2889
1,785,1570000,1570100,26,43,1572000,2893
1,786,1572000,1572100,26,43,1574000,2897
1,787,1574000,1574100,26,43,1576000,2900
1,788,1576000,1576100,26,43,1578000,2903
1,789,1578000,1578100,26,43,1580000,2907
1,79,158000,158100,26,43,160000,289
1,790,1580000,1580100,26,43,1582000,2911
1,791,1582000,1582100,26,43,1584000,2914
1,792,1584000,1584100,26,43,1586000,2918
1,793,1586000,1586100,26,43,1588000,2921
1,794,1588000,1588100,26,43,1590000,2924
1,795,1590000,1590100,26,43,1592000,2930
1,796,1592000,1592100,26,43,1594000,2933
1,797,1594000,1594100,26,43,1596000,2936
1,798,1596000,1596100,26,43,1598000,2940
1,799,1598000,1598100,26,43,1600000,2943
1,8,16000,16100,26,43,18000,29
1,80,160000,160100,26,43,162000,294
1,800,1600000,1600100,26,43,1602000,2950
1,801,1602000,1602100,26,43,1604000,2954
1,802,1604000,1604100,26,43,1606000,2957
1,803,1606000,1606100,26,43,1608000,2960
1,804,1608000,1608100,26,43,1610000,2964
1,805,1610000,1610100,26,43,1612000,2968
1,806,1612000,1612100,26,43,1614000,2971
1,807,1614000,1614100,26,43,1616000,2975
1,808,1616000,1616100,26,43,1618000,2978
1,809,1618000,1618100,26,43,1620000,2981
1,81,162000,162100,26,43,164000,298
1,810,1620000,1620100,26,43,1622000,2987
1,811,1622000,1622100,26,43,1624000,2990
1,812,1624000,1624100,26,43,1626000,2993
1,813,1626000,1626100,26,43,1628000,2997
1,814,1628000,1628100,26,43,1630000,3000
1,815,1630000,1630100,26,43,1632000,3004
1,816,1632000,1632100,26,43,1634000,3008
1,817,1634000,1634100,26,43,1636000,3011
1,818,1636000,1636100,26,43,1638000,3014
1,819,1638000,1638100,26,43,1640000,3018
1,82,164000,164100,26,43,166000,301
1,820,1640000,1640100,26,43,1642000,3023
1,821,1642000,1642100,26,43,1644000,3026
1,822,1644000,1644100,26,43,1646000,3030
1,823,1646000,1646100,26,43,1648000,3033
1,824,1648000,1648100,26,43,1650000,3036
1,825,1650000,1650100,26,43,1652000,3042
1,826,1652000,1652100,26,43,1654000,3045
1,827,1654000,1654100,26,43,1656000,3048
1,828,1656000,1656100,26,43,1658000,3052
1,829,1658000,1658100,26,43,1660000,3055
1,83,166000,166100,26,43,168000,304
1,830,1660000,1660100,26,43,1662000,3059
1,831,1662000,1662100,26,43,1664000,3063
1,832,1664000,1664100,26,43,1666000,3066
1,833,1666000,1666100,26,43,1668000,3069
1,834,1668000,1668100,26,43,1670000,3073
1,835,1670000,1670100,26,43,1672000,3077
1,836,1672000,1672100,26,43,1674000,3080
1,837,1674000,1674100,26,43,1676000,3084
1,838,1676000,1676100,26,43,1678000,3087
1,839,1678000,1678100,26,43,1680000,3090
1,84,168000,168100,26,43,170000,308
1,840,1680000,1680100,26,43,1682000,3097
1,841,1682000,1682100,26,43,1684000,3100
1,842,1684000,1684100,26,43,1686000,3103
1,843,1686000,1686100,26,43,1688000,3107
1,844,1688000,1688100,26,43,1690000,3110
1,845,1690000,1690100,26,43,1692000,3114
1,846,1692000,1692100,26,43,1694000,3118
1,847,1694000,1694100,26,43,1696000,3121
1,848,1696000,1696100,26,43,1698000,3124
1,849,1698000,1698100,26,43,1700000,3128
1,85,170000,170100,26,43,172000,312
1,850,1700000,1700100,26,43,1702000,3133
1,851,1702000,1702100,26,43,1704000,3136
1,852,1704000,1704100,26,43,1706000,3140
1,853,1706000,1706100,26,43,1708000,3143
1,854,1708000,1708100,26,43,1710000,3146
1,855,1710000,1710100,26,43,1712000,3152
1,856,1712000,1712100,26,43,1714000,3155
1,857,1714000,1714100,26,43,1716000,3158
1,858,1716000,1716100,26,43,1718000,3162
1,859,1718000,1718100,26,43,1720000,3165
1,86,172000,172100,26,43,174000,315
1,860,1720000,1720100,26,43,1722000,3170
1,861,1722000,1722100,26,43,1724000,3174
1,862,1724000,1724100,26,43,1726000,3177
1,863,1726000,1726100,26,43,1728000,3180
1,864,1728000,1728100,26,43,1730000,3184
1,865,1730000,1730100,26,43,1732000,3188
1,866,1732000,1732100,26,43,1734000,3191
1,867,1734000,1734100,26,43,1736000,3195
1,868,1736000,1736100,26,43,1738000,3198
1,869,1738000,1738100,26,43,1740000,3201
1,87,174000,174100,26,43,176000,319
1,870,1740000,1740100,26,43,1742000,3207
1,871,1742000,1742100,26,43,1744000,3210
1,872,1744000,1744100,26,43,1746000,3213
1,873,1746000,1746100,26,43,1748000,3217
1,874,1748000,1748100,26,43,1750000,3220
1,875,1750000,1750100,26,43,1752000,3224
1,876,1752000,1752100,26,43,1754000,3228
1,877,1754000,1754100,26,43,1756000,3231
1,878,1756000,1756100,26,43,1758000,3234
1,879,1758000,1758100,26,43,1760000,3238
1,88,176000,176100,26,43,178000,322
1,880,1760000,1760100,26,43,1762000,3243
1,881,1762000,1762100,26,43,1764000,3246
1,882,1764000,1764100,26,43,1766000,3250
1,883,1766000,1766100,26,43,1768000,3253
1,884,1768000,1768100,26,43,1770000,3256
1,885,1770000,1770100,26,43,1772000,3262
1,886,1772000,1772100,26,43,1774000,3265
1,887,1774000,1774100,26,43,1776000,3268
1,888,1776000,1776100,26,43,1778000,3272
1,889,1778000,1778100,26,43,1780000,3275
1,89,178000,178100,26,43,180000,325
1,890,1780000,1780100,26,43,1782000,3279
1,891,1782000,1782100,26,43,1784000,3283
1,892,1784000,1784100,26,43,1786000,3286
1,893,1786000,1786100,26,43,1788000,3289
1,894,1788000,1788100,26,43,1790000,3293
1,895,1790000,1790100,26,43,1792000,3297
1,896,1792000,1792100,26,43,1794000,3300
1,897,1794000,1794100,26,43,1796000,3304
1,898,1796000,1796100,26,43,1798000,3307
1,899,1798000,1798100,26,43,1800000,3310
1,9,18000,18100,26,43,20000,33
1,90,180000,180100,26,43,182000,331
1,900,1800000,1800100,26,43,1802000,3320
1,901,1802000,1802100,26,43,1804000,3323
1,902,1804000,1804100,26,43,1806000,3326
1,903,1806000,1806100,26,43,1808000,3330
1,904,1808000,1808100,26,43,1810000,3333
1,905,1810000,1810100,26,43,1812000,3337
1,906,1812000,1812100,26,43,1814000,3341
1,907,1814000,1814100,26,43,1816000,3344
1,908,1816000,1816100,26,43,1818000,3347
1,909,1818000,1818100,26,43,1820000,3351
1,91,182000,182100,26,43,184000,334
1,910,1820000,1820100,26,43,1822000,3355
1,911,1822000,1822100,26,43,1824000,3358
1,912,1824000,1824100,26,43,1826000,3362
1,913,1826000,1826100,26,43,1828000,3365
1,914,1828000,1828100,26,43,1830000,3368
1,915,1830000,1830100,26,43,1832000,3374
1,916,1832000,1832100,26,43,1834000,3377
1,917,1834000,1834100,26,43,1836000,3380
1,918,1836000,1836100,26,43,1838000,3384
1,919,1838000,1838100,26,43,1840000,3387
1,92,184000,184100,26,43,186000,337
1,920,1840000,1840100,26,43,1842000,3392
1,921,1842000,1842100,26,43,1844000,3396
1,922,1844000,1844100,26,43,1846000,3399
1,923,1846000,1846100,26,43,1848000,3402
1,924,1848000,1848100,26,43,1850000,3406
1,925,1850000,1850100,26,43,1852000,3410
1,926,1852000,1852100,26,43,1854000,3413
1,927,1854000,1854100,26,43,1856000,3417
1,928,1856000,1856100,26,43,1858000,3420
1,929,1858000,1858100,26,43,1860000,3423
1,93,186000,186100,26,43,188000,341
1,930,1860000,1860100,26,43,1862000,3429
1,931,1862000,1862100,26,43,1864000,3432
1,932,1864000,1864100,26,43,1866000,3435
1,933,1866000,1866100,26,43,1868000,3439
1,934,1868000,1868100,26,43,1870000,3442
1,935,1870000,1870100,26,43,1872000,3446
1,936,1872000,1872100,26,43,1874000,3450
1,937,1874000,1874100,26,43,1876000,3453
1,938,1876000,1876100,26,43,1878000,3456
1,939,1878000,1878100,26,43,1880000,3460
1,94,188000,188100,26,43,190000,344
1,940,1880000,1880100,26,43,1882000,3465
1,941,1882000,1882100,26,43,1884000,3468
1,942,1884000,1884100,26,43,1886000,3472
1,943,1886000,1886100,26,43,1888000,3475
1,944,1888000,1888100,26,43,1890000,3478
1,945,1890000,1890100,26,43,1892000,3484
1,946,1892000,1892100,26,43,1894000,3487
1,947,1894000,1894100,26,43,1896000,3490
1,948,1896000,1896100,26,43,1898000,3494
1,949,1898000,1898100,26,43,1900000,3497
1,95,190000,190100,26,43,192000,348
1,950,1900000,1900100,26,43,1902000,3502
1,951,1902000,1902100,26,43,1904000,3506
1,952,1904000,1904100,26,43,1906000,3509
1,953,1906000,1906100,26,43,1908000,3512
1,954,1908000,1908100,26,43,1910000,3516
1,955,1910000,1910100,26,43,1912000,3520
1,956,1912000,1912100,26,43,1914000,3523
1,957,1914000,1914100,26,43,1916000,3527
1,958,1916000,1916100,26,43,1918000,3530
1,959,1918000,1918100,26,43,1920000,3533
1,96,192000,192100,26,43,194000,352
1,960,1920000,1920100,26,43,1922000,3540
1,961,1922000,1922100,26,43,1924000,3543
1,962,1924000,1924100,26,43,1926000,3546
1,963,1926000,1926100,26,43,1928000,3550
1,964,1928000,1928100,26,43,1930000,3553
1,965,1930000,1930100,26,43,1932000,3557
1,966,1932000,1932100,26,43,1934000,3561
1,967,1934000,1934100,26,43,1936000,3564
1,968,1936000,1936100,26,43,1938000,3567
1,969,1938000,1938100,26,43,1940000,3571
1,97,194000,194100,26,43,196000,355
1,970,1940000,1940100,26,43,1942000,3575
1,971,1942000,1942100,26,43,1944000,3578
1,972,1944000,1944100,26,43,1946000,3582
1,973,1946000,1946100,26,43,1948000,3585
1,974,1948000,1948100,26,43,1950000,3588
1,975,1950000,1950100,26,43,1952000,3594
1,976,1952000,1952100,26,43,1954000,3597
1,977,1954000,1954100,26,43,1956000,3600
1,978,1956000,1956100,26,43,1958000,3604
1,979,1958000,1958100,26,43,1960000,3607
1,98,196000,196100,26,43,198000,358
1,980,1960000,1960100,26,43,1962000,3612
1,981,1962000,1962100,26,43,1964000,3616
1,982,1964000,1964100,26,43,1966000,3619
1,983,1966000,1966100,26,43,1968000,3622
1,984,1968000,1968100,26,43,1970000,3626
1,985,1970000,1970100,26,43,1972000,3630
1,986,1972000,1972100,26,43,1974000,3633
1,987,1974000,1974100,26,43,1976000,3637
1,988,1976000,1976100,26,43,1978000,3640
1,989,1978000,1978100,26,43,1980000,3643
1,99,198000,198100,26,43,200000,362
1,990,1980000,1980100,26,43,1982000,3649
1,991,1982000,1982100,26,43,1984000,3652
1,992,1984000,1984100,26,43,1986000,3655
1,993,1986000,1986100,26,43,1988000,3659
1,994,1988000,1988100,26,43,1990000,3662
1,995,1990000,1990100,26,43,1992000,3666
1,996,1992000,1992100,26,43,1994000,3670
1,997,1994000,1994100,26,43,1996000,3673
1,998,1996000,1996100,26,43,1998000,3676
1,999,1998000,1998100,26,43,2000000,3680
2,0,0,300,322,536,6000,9
2,1,6000,6300,322,536,12000,20
2,10,60000,60300,322,536,66000,118
2,100,600000,600300,322,536,606000,1115
2,101,606000,606300,322,536,612000,1126
2,102,612000,612300,322,536,618000,1136
2,103,618000,618300,322,536,624000,1147
2,104,624000,624300,322,536,630000,1157
2,105,630000,630300,322,536,636000,1169
2,106,636000,636300,322,536,642000,1181
2,107,642000,642300,322,536,648000,1191
2,108,648000,648300,322,536,654000,1202
2,109,654000,654300,322,536,660000,1212
2,11,66000,66300,322,536,72000,129
2,110,660000,660300,322,536,666000,1224
2,111,666000,666300,322,536,672000,1235
2,112,672000,672300,322,536,678000,1245
2,113,678000,678300,322,536,684000,1257
2,114,684000,684300,322,536,690000,1267
2,115,690000,690300,322,536,696000,1279
2,116,696000,696300,322,536,702000,1291
2,117,702000,702300,322,536,708000,1301
2,118,708000,708300,322,536,714000,1312
2,119,714000,714300,322,536,720000,1322
2,12,72000,72300,322,536,78000,139
2,120,720000,720300,322,536,726000,1335
2,121,726000,726300,322,536,732000,1346
2,122,732000,732300,322,536,738000,1356
2,123,738000,738300,322,536,744000,1367
2,124,744000,744300,322,536,750000,1377
2,125,750000,750300,322,536,756000,1389
2,126,756000,756300,322,536,762000,1401
2,127,762000,762300,322,536,768000,1411
2,128,768000,768300,322,536,774000,1422
2,129,774000,774300,322,536,780000,1432
2,13,78000,78300,322,536,84000,151
2,130,780000,780300,322,536,786000,1444
2,131,786000,786300,322,536,792000,1455
2,132,792000,792300,322,536,798000,1465
2,133,798000,798300,322,536,804000,1479
2,134,804000,804300,322,536,810000,1489
2,135,810000,810300,322,536,816000,1501
2,136,816000,816300,322,536,822000,1512
2,137,822000,822300,322,536,828000,1522
2,138,828000,828300,322,536,834000,1533
2,139,834000,834300,322,536,840000,1543
2,14,84000,84300,322,536,90000,161
2,140,840000,840300,322,536,846000,1556
2,141,846000,846300,322,536,852000,1567
2,142,852000,852300,322,536,858000,1577
2,143,858000,858300,322,536,864000,1588
2,144,864000,864300,322,536,870000,1598
2,145,870000,870300,322,536,876000,1610
2,146,876000,876300,322,536,882000,1622
2,147,882000,882300,322,536,888000,1632
2,148,888000,888300,322,536,894000,1643
2,149,894000,894300,322,536,900000,1653
2,15,90000,90300,322,536,96000,173
2,150,900000,900300,322,536,906000,1666
2,151,906000,906300,322,536,912000,1677
2,152,912000,912300,322,536,918000,1687
2,153,918000,918300,322,536,924000,1699
2,154,924000,924300,322,536,930000,1709
2,155,930000,930300,322,536,936000,1721
2,156,936000,936300,322,536,942000,1732
2,157,942000,942300,322,536,948000,1742
2,158,948000,948300,322,536,954000,1753
2,159,954000,954300,322,536,960000,1763
2,16,96000,96300,322,536,102000,185
2,160,960000,960300,322,536,966000,1776
2,161,966000,966300,322,536,972000,1787
2,162,972000,972300,322,536,978000,1797
2,163,978000,978300,322,536,984000,1808
2,164,984000,984300,322,536,990000,1818
2,165,990000,990300,322,536,996000,1830
2,166,996000,996300,322,536,1002000,1845
2,167,1002000,1002300,322,536,1008000,1855
2,168,1008000,1008300,322,536,1014000,1866
2,169,1014000,1014300,322,536,1020000,1876
2,17,102000,102300,322,536,108000,195
2,170,1020000,1020300,322,536,1026000,1888
2,171,1026000,1026300,322,536,1032000,1899
2,172,1032000,1032300,322,536,1038000,1909
2,173,1038000,1038300,322,536,1044000,1921
2,174,1044000,1044300,322,536,1050000,1931
2,175,1050000,1050300,322,536,1056000,1943
2,176,1056000,1056300,322,536,1062000,1954
2,177,1062000,1062300,322,536,1068000,1964
2,178,1068000,1068300,322,536,1074000,1975
2,179,1074000,1074300,322,536,1080000,1985
2,18,108000,108300,322,536,114000,206
2,180,1080000,1080300,322,536,1086000,1998
2,181,1086000,1086300,322,536,1092000,2009
2,182,1092000,1092300,322,536,1098000,2019
2,183,1098000,1098300,322,536,1104000,2031
2,184,1104000,1104300,322,536,1110000,2041
2,185,1110000,1110300,322,536,1116000,2053
2,186,1116000,1116300,322,536,1122000,2065
2,187,1122000,1122300,322,536,1128000,2075
2,188,1128000,1128300,322,536,1134000,2086
2,189,1134000,1134300,322,536,1140000,2096
2,19,114000,114300,322,536,120000,216
2,190,1140000,1140300,322,536,1146000,2108
2,191,1146000,1146300,322,536,1152000,2119
2,192,1152000,1152300,322,536,1158000,2129
2,193,1158000,1158300,322,536,1164000,2141
2,194,1164000,1164300,322,536,1170000,2151
2,195,1170000,1170300,322,536,1176000,2163
2,196,1176000,1176300,322,536,1182000,2174
2,197,1182000,1182300,322,536,1188000,2184
2,198,1188000,1188300,322,536,1194000,2195
2,199,1194000,1194300,322,536,1200000,2205
2,2,12000,12300,322,536,18000,30
2,20,120000,120300,322,536,126000,229
2,200,1200000,1200300,322,536,1206000,2221
2,201,1206000,1206300,322,536,1212000,2232
2,202,1212000,1212300,322,536,1218000,2242
2,203,1218000,1218300,322,536,1224000,2253
2,204,1224000,1224300,322,536,1230000,2263
2,205,1230000,1230300,322,536,1236000,2275
2,206,1236000,1236300,322,536,1242000,2287
2,207,1242000,1242300,322,536,1248000,2297
2,208,1248000,1248300,322,536,1254000,2308
2,209,1254000,1254300,322,536,1260000,2318
2,21,126000,126300,322,536,132000,240
2,210,1260000,1260300,322,536,1266000,2330
2,211,1266000,1266300,322,536,1272000,2341
2,212,1272000,1272300,322,536,1278000,2351
2,213,1278000,1278300,322,536,1284000,2363
2,214,1284000,1284300,322,536,1290000,2373
2,215,1290000,1290300,322,536,1296000,2385
2,216,1296000,1296300,322,536,1302000,2397
2,217,1302000,1302300,322,536,1308000,2407
2,218,1308000,1308300,322,536,1314000,2418
2,219,1314000,1314300,322,536,1320000,2428
2,22,132000,132300,322,536,138000,250
2,220,1320000,1320300,322,536,1326000,2441
2,221,1326000,1326300,322,536,1332000,2452
2,222,1332000,1332300,322,536,1338000,2462
2,223,1338000,1338300,322,536,1344000,2473
2,224,1344000,1344300,322,536,1350000,2483
2,225,1350000,1350300,322,536,1356000,2495
2,226,1356000,1356300,322,536,1362000,2507
2,227,1362000,1362300,322,536,1368000,2517
2,228,1368000,1368300,322,536,1374000,2528
2,229,1374000,1374300,322,536,1380000,2538
2,23,138000,138300,322,536,144000,261
2,230,1380000,1380300,322,536,1386000,2550
2,231,1386000,1386300,322,536,1392000,2561
2,232,1392000,1392300,322,536,1398000,2571
2,233,1398000,1398300,322,536,1404000,2585
2,234,1404000,1404300,322,536,1410000,2595
2,235,1410000,1410300,322,536,1416000,2607
2,236,1416000,1416300,322,536,1422000,2618
2,237,1422000,1422300,322,536,1428000,2628
2,238,1428000,1428300,322,536,1434000,2639
2,239,1434000,1434300,322,536,1440000,2649
2,24,144000,144300,322,536,150000,271
2,240,1440000,1440300,322,536,1446000,2662
2,241,1446000,1446300,322,536,1452000,2673
2,242,1452000,1452300,322,536,1458000,2683
2,243,1458000,1458300,322,536,1464000,2694
2,244,1464000,1464300,322,536,1470000,2704
2,245,1470000,1470300,322,536,1476000,2716
2,246,1476000,1476300,322,536,1482000,2728
2,247,1482000,1482300,322,536,1488000,2738
2,248,1488000,1488300,322,536,1494000,2749
2,249,1494000,1494300,322,536,1500000,2759
2,25,150000,150300,322,536,156000,283
2,250,1500000,1500300,322,536,1506000,2773
2,251,1506000,1506300,322,536,1512000,2784
2,252,1512000,1512300,322,536,1518000,2794
2,253,1518000,1518300,322,536,1524000,2806
2,254,1524000,1524300,322,536,1530000,2816
2,255,1530000,1530300,322,536,1536000,2828
2,256,1536000,1536300,322,536,1542000,2839
2,257,1542000,1542300,322,536,1548000,2849
2,258,1548000,1548300,322,536,1554000,2860
2,259,1554000,1554300,322,536,1560000,2870
2,26,156000,156300,322,536,162000,295
2,260,1560000,1560300,322,536,1566000,2883
2,261,1566000,1566300,322,536,1572000,2894
2,262,1572000,1572300,322,536,1578000,2904
2,263,1578000,1578300,322,536,1584000,2915
2,264,1584000,1584300,322,536,1590000,2925
2,265,1590000,1590300,322,536,1596000,2937
2,266,1596000,1596300,322,536,1602000,2951
2,267,1602000,1602300,322,536,1608000,2961
2,268,1608000,1608300,322,536,1614000,2972
2,269,1614000,1614300,322,536,1620000,2982
2,27,162000,162300,322,536,168000,305
2,270,1620000,1620300,322,536,1626000,2994
2,271,1626000,1626300,322,536,1632000,3005
2,272,1632000,1632300,322,536,1638000,3015
2,273,1638000,1638300,322,536,1644000,3027
2,274,1644000,1644300,322,536,1650000,3037
2,275,1650000,1650300,322,536,1656000,3049
2,276,1656000,1656300,322,536,1662000,3060
2,277,1662000,1662300,322,536,1668000,3070
2,278,1668000,1668300,322,536,1674000,3081
2,279,1674000,1674300,322,536,1680000,3091
2,28,168000,168300,322,536,174000,316
2,280,1680000,1680300,322,536,1686000,3104
2,281,1686000,1686300,322,536,1692000,3115
2,282,1692000,1692300,322,536,1698000,3125
2,283,1698000,1698300,322,536,1704000,3137
2,284,1704000,1704300,322,536,1710000,3147
2,285,1710000,1710300,322,536,1716000,3159
2,286,1716000,1716300,322,536,1722000,3171
2,287,1722000,1722300,322,536,1728000,3181
2,288,1728000,1728300,322,536,1734000,3192
2,289,1734000,1734300,322,536,1740000,3202
2,29,174000,174300,322,536,180000,326
2,290,1740000,1740300,322,536,1746000,3214
2,291,1746000,1746300,322,536,1752000,3225
2,292,1752000,1752300,322,536,1758000,3235
2,293,1758000,1758300,322,536,1764000,3247
2,294,1764000,1764300,322,536,1770000,3257
2,295,1770000,1770300,322,536,1776000,3269
2,296,1776000,1776300,322,536,1782000,3280
2,297,1782000,1782300,322,536,1788000,3290
2,298,1788000,1788300,322,536,1794000,3301
2,299,1794000,1794300,322,536,1800000,3311
2,3,18000,18300,322,536,24000,41
2,30,180000,180300,322,536,186000,338
2,300,1800000,1800300,322,536,1806000,3327
2,301,1806000,1806300,322,536,1812000,3338
2,302,1812000,1812300,322,536,1818000,3348
2,303,1818000,1818300,322,536,1824000,3359
2,304,1824000,1824300,322,536,1830000,3369
2,305,1830000,1830300,322,536,1836000,3381
2,306,1836000,1836300,322,536,1842000,3393
2,307,1842000,1842300,322,536,1848000,3403
2,308,1848000,1848300,322,536,1854000,3414
2,309,1854000,1854300,322,536,1860000,3424
2,31,186000,186300,322,536,192000,349
2,310,1860000,1860300,322,536,1866000,3436
2,311,1866000,1866300,322,536,1872000,3447
2,312,1872000,1872300,322,536,1878000,3457
2,313,1878000,1878300,322,536,1884000,3469
2,314,1884000,1884300,322,536,1890000,3479
2,315,1890000,1890300,322,536,1896000,3491
2,316,1896000,1896300,322,536,1902000,3503
2,317,1902000,1902300,322,536,1908000,3513
2,318,1908000,1908300,322,536,1914000,3524
2,319,1914000,1914300,322,536,1920000,3534
2,32,192000,192300,322,536,198000,359
2,320,1920000,1920300,322,536,1926000,3547
2,321,1926000,1926300,322,536,1932000,3558
2,322,1932000,1932300,322,536,1938000,3568
2,323,1938000,1938300,322,536,1944000,3579
2,324,1944000,1944300,322,536,1950000,3589
2,325,1950000,1950300,322,536,1956000,3601
2,326,1956000,1956300,322,536,1962000,3613
2,327,1962000,1962300,322,536,1968000,3623
2,328,1968000,1968300,322,536,1974000,3634
2,329,1974000,1974300,322,536,1980000,3644
2,33,198000,198300,322,536,204000,373
2,330,1980000,1980300,322,536,1986000,3656
2,331,1986000,1986300,322,536,1992000,3667
2,332,1992000,1992300,322,536,1998000,3677
2,333,1998000,1998300,322,536,2004000,3692
2,334,2004000,2004300,322,536,2010000,3702
2,335,2010000,2010300,322,536,2016000,3714
2,336,2016000,2016300,322,536,2022000,3725
2,337,2022000,2022300,322,536,2028000,3735
2,338,2028000,2028300,322,536,2034000,3746
2,339,2034000,2034300,322,536,2040000,3756
2,34,204000,204300,322,536,210000,383
2,340,2040000,2040300,322,536,2046000,3769
2,341,2046000,2046300,322,536,2052000,3780
2,342,2052000,2052300,322,536,2058000,3790
2,343,2058000,2058300,322,536,2064000,3801
2,344,2064000,2064300,322,536,2070000,3811
2,345,2070000,2070300,322,536,2076000,3823
2,346,2076000,2076300,322,536,2082000,3835
2,347,2082000,2082300,322,536,2088000,3845
2,348,2088000,2088300,322,536,2094000,3856
2,349,2094000,2094300,322,536,2100000,3866
2,35,210000,210300,322,536,216000,395
2,350,2100000,2100300,322,536,2106000,3879
2,351,2106000,2106300,322,536,2112000,3890
2,352,2112000,2112300,322,536,2118000,3900
2,353,2118000,2118300,322,536,2124000,3912
2,354,2124000,2124300,322,536,2130000,3922
2,355,2130000,2130300,322,536,2136000,3934
2,356,2136000,2136300,322,536,2142000,3945
2,357,2142000,2142300,322,536,2148000,3955
2,358,2148000,2148300,322,536,2154000,3966
2,359,2154000,2154300,322,536,2160000,3976
2,36,216000,216300,322,536,222000,406
2,360,2160000,2160300,322,536,2166000,3989
2,361,2166000,2166300,322,536,2172000,4000
2,362,2172000,2172300,322,536,2178000,4010
2,363,2178000,2178300,322,536,2184000,4021
2,364,2184000,2184300,322,536,2190000,4031
2,365,2190000,2190300,322,536,2196000,4043
2,366,2196000,2196300,322,536,2202000,4057
2,367,2202000,2202300,322,536,2208000,4067
2,368,2208000,2208300,322,536,2214000,4078
2,369,2214000,2214300,322,536,2220000,4088
2,37,222000,222300,322,536,228000,416
2,370,2220000,2220300,322,536,2226000,4100
2,371,2226000,2226300,322,536,2232000,4111
2,372,2232000,2232300,322,536,2238000,4121
2,373,2238000,2238300,322,536,2244000,4133
2,374,2244000,2244300,322,536,2250000,4143
2,375,2250000,2250300,322,536,2256000,4155
2,376,2256000,2256300,322,536,2262000,4166
2,377,2262000,2262300,322,536,2268000,4176
2,378,2268000,2268300,322,536,2274000,4187
2,379,2274000,2274300,322,536,2280000,4197
2,38,228000,228300,322,536,234000,427
2,380,2280000,2280300,322,536,2286000,4210
2,381,2286000,2286300,322,536,2292000,4221
2,382,2292000,2292300,322,536,2298000,4231
2,383,2298000,2298300,322,536,2304000,4243
2,384,2304000,2304300,322,536,2310000,4253
2,385,2310000,2310300,322,536,2316000,4265
2,386,2316000,2316300,322,536,2322000,4277
2,387,2322000,2322300,322,536,2328000,4287
2,388,2328000,2328300,322,536,2334000,4298
2,389,2334000,2334300,322,536,2340000,4308
2,39,234000,234300,322,536,240000,437
2,390,2340000,2340300,322,536,2346000,4320
2,391,2346000,2346300,322,536,2352000,4331
2,392,2352000,2352300,322,536,2358000,4341
2,393,2358000,2358300,322,536,2364000,4353
2,394,2364000,2364300,322,536,2370000,4363
2,395,2370000,2370300,322,536,2376000,4375
2,396,2376000,2376300,322,536,2382000,4386
2,397,2382000,2382300,322,536,2388000,4396
2,398,2388000,2388300,322,536,2394000,4407
2,399,2394000,2394300,322,536,2400000,4417
2,4,24000,24300,322,536,30000,51
2,40,240000,240300,322,536,246000,450
2,400,2400000,2400300,322,536,2406000,4433
2,401,2406000,2406300,322,536,2412000,4444
2,402,2412000,2412300,322,536,2418000,4454
2,403,2418000,2418300,322,536,2424000,4465
2,404,2424000,2424300,322,536,2430000,4475
2,405,2430000,2430300,322,536,2436000,4487
2,406,2436000,2436300,322,536,2442000,4499
2,407,2442000,2442300,322,536,2448000,4509
2,408,2448000,2448300,322,536,2454000,4520
2,409,2454000,2454300,322,536,2460000,4530
2,41,246000,246300,322,536,252000,461
2,410,2460000,2460300,322,536,2466000,4542
2,411,2466000,2466300,322,536,2472000,4553
2,412,2472000,2472300,322,536,2478000,4563
2,413,2478000,2478300,322,536,2484000,4575
2,414,2484000,2484300,322,536,2490000,4585
2,415,2490000,2490300,322,536,2496000,4597
2,416,2496000,2496300,322,536,2502000,4610
2,417,2502000,2502300,322,536,2508000,4620
2,418,2508000,2508300,322,536,2514000,4631
2,419,2514000,2514300,322,536,2520000,4641
2,42,252000,252300,322,536,258000,471
2,420,2520000,2520300,322,536,2526000,4654
2,421,2526000,2526300,322,536,2532000,4665
2,422,2532000,2532300,322,536,2538000,4675
2,423,2538000,2538300,322,536,2544000,4686
2,424,2544000,2544300,322,536,2550000,4696
2,425,2550000,2550300,322,536,2556000,4708
2,426,2556000,2556300,322,536,2562000,4720
2,427,2562000,2562300,322,536,2568000,4730
2,428,2568000,2568300,322,536,2574000,4741
2,429,2574000,2574300,322,536,2580000,4751
2,43,258000,258300,322,536,264000,482
2,430,2580000,2580300,322,536,2586000,4763
2,431,2586000,2586300,322,536,2592000,4774
2,432,2592000,2592300,322,536,2598000,4784
2,433,2598000,2598300,322,536,2604000,4798
2,434,2604000,2604300,322,536,2610000,4808
2,435,2610000,2610300,322,536,2616000,4820
2,436,2616000,2616300,322,536,2622000,4831
2,437,2622000,2622300,322,536,2628000,4841
2,438,2628000,2628300,322,536,2634000,4852
2,439,2634000,2634300,322,536,2640000,4862
2,44,264000,264300,322,536,270000,492
2,440,2640000,2640300,322,536,2646000,4875
2,441,2646000,2646300,322,536,2652000,4886
2,442,2652000,2652300,322,536,2658000,4896
2,443,2658000,2658300,322,536,2664000,4907
2,444,2664000,2664300,322,536,2670000,4917
2,445,2670000,2670300,322,536,2676000,4929
2,446,2676000,2676300,322,536,2682000,4941
2,447,2682000,2682300,322,536,2688000,4951
2,448,2688000,2688300,322,536,2694000,4962
2,449,2694000,2694300,322,536,2700000,4972
2,45,270000,270300,322,536,276000,504
2,450,2700000,2700300,322,536,2706000,4985
2,451,2706000,2706300,322,536,2712000,4996
2,452,2712000,2712300,322,536,2718000,5006
2,453,2718000,2718300,322,536,2724000,5018
2,454,2724000,2724300,322,536,2730000,5028
2,455,2730000,2730300,322,536,2736000,5040
2,456,2736000,2736300,322,536,2742000,5051
2,457,2742000,2742300,322,536,2748000,5061
2,458,2748000,2748300,322,536,2754000,5072
2,459,2754000,2754300,322,536,2760000,5082
2,46,276000,276300,322,536,282000,516
2,460,2760000,2760300,322,536,2766000,5095
2,461,2766000,2766300,322,536,2772000,5106
2,462,2772000,2772300,322,536,2778000,5116
2,463,2778000,2778300,322,536,2784000,5127
2,464,2784000,2784300,322,536,2790000,5137
2,465,2790000,2790300,322,536,2796000,5149
2,466,2796000,2796300,322,536,2802000,5163
2,467,2802000,2802300,322,536,2808000,5173
2,468,2808000,2808300,322,536,2814000,5184
2,469,2814000,2814300,322,536,2820000,5194
2,47,282000,282300,322,536,288000,526
2,470,2820000,2820300,322,536,2826000,5206
2,471,2826000,2826300,322,536,2832000,5217
2,472,2832000,2832300,322,536,2838000,5227
2,473,2838000,2838300,322,536,2844000,5239
2,474,2844000,2844300,322,536,2850000,5249
2,475,2850000,2850300,322,536,2856000,5261
2,476,2856000,2856300,322,536,2862000,5272
2,477,2862000,2862300,322,536,2868000,5282
2,478,2868000,2868300,322,536,2874000,5293
2,479,2874000,2874300,322,536,2880000,5303
2,48,288000,288300,322,536,294000,537
2,480,2880000,2880300,322,536,2886000,5316
2,481,2886000,2886300,322,536,2892000,5327
2,482,2892000,2892300,322,536,2898000,5337
2,483,2898000,2898300,322,536,2904000,5349
2,484,2904000,2904300,322,536,2910000,5359
2,485,2910000,2910300,322,536,2916000,5371
2,486,2916000,2916300,322,536,2922000,5383
2,487,2922000,2922300,322,536,2928000,5393
2,488,2928000,2928300,322,536,2934000,5404
2,489,2934000,2934300,322,536,2940000,5414
2,49,294000,294300,322,536,300000,547
2,490,2940000,2940300,322,536,2946000,5426
2,491,2946000,2946300,322,536,2952000,5437
2,492,2952000,2952300,322,536,2958000,5447
2,493,2958000,2958300,322,536,2964000,5459
2,494,2964000,2964300,322,536,2970000,5469
2,495,2970000,2970300,322,536,2976000,5481
2,496,2976000,2976300,322,536,2982000,5492
2,497,2982000,2982300,322,536,2988000,5502
2,498,2988000,2988300,322,536,2994000,5513
2,499,2994000,2994300,322,536,3000000,5523
2,5,30000,30300,322,536,36000,63
2,50,300000,300300,322,536,306000,560
2,51,306000,306300,322,536,312000,571
2,52,312000,312300,322,536,318000,581
2,53,318000,318300,322,536,324000,593
2,54,324000,324300,322,536,330000,603
2,55,330000,330300,322,536,336000,615
2,56,336000,336300,322,536,342000,626
2,57,342000,342300,322,536,348000,636
2,58,348000,348300,322,536,354000,647
2,59,354000,354300,322,536,360000,657
2,6,36000,36300,322,536,42000,75
2,60,360000,360300,322,536,366000,670
2,61,366000,366300,322,536,372000,681
2,62,372000,372300,322,536,378000,691
2,63,378000,378300,322,536,384000,702
2,64,384000,384300,322,536,390000,712
2,65,390000,390300,322,536,396000,724
2,66,396000,396300,322,536,402000,738
2,67,402000,402300,322,536,408000,748
2,68,408000,408300,322,536,414000,759
2,69,414000,414300,322,536,420000,769
2,7,42000,42300,322,536,48000,85
2,70,420000,420300,322,536,426000,781
2,71,426000,426300,322,536,432000,792
2,72,432000,432300,322,536,438000,802
2,73,438000,438300,322,536,444000,814
2,74,444000,444300,322,536,450000,824
2,75,450000,450300,322,536,456000,836
2,76,456000,456300,322,536,462000,847
2,77,462000,462300,322,536,468000,857
2,78,468000,468300,322,536,474000,868
2,79,474000,474300,322,536,480000,878
2,8,48000,48300,322,536,54000,96
2,80,480000,480300,322,536,486000,891
2,81,486000,486300,322,536,492000,902
2,82,492000,492300,322,536,498000,912
2,83,498000,498300,322,536,504000,925
2,84,504000,504300,322,536,510000,935
2,85,510000,510300,322,536,516000,947
2,86,516000,516300,322,536,522000,959
2,87,522000,522300,322,536,528000,969
2,88,528000,528300,322,536,534000,980
2,89,534000,534300,322,536,540000,990
2,9,54000,54300,322,536,60000,106
2,90,540000,540300,322,536,546000,1002
2,91,546000,546300,322,536,552000,1013
2,92,552000,552300,322,536,558000,1023
2,93,558000,558300,322,536,564000,1035
2,94,564000,564300,322,536,570000,1045
2,95,570000,570300,322,536,576000,1057
2,96,576000,576300,322,536,582000,1068
2,97,582000,582300,322,536,588000,1078
2,98,588000,588300,322,536,594000,1089
2,99,594000,594300,322,536,600000,1099
3,0,0,500,837,1394,10000,16
3,1,10000,10500,837,1394,20000,34
3,10,100000,100500,837,1394,110000,199
3,100,1000000,1000500,837,1394,1010000,1859
3,101,1010000,1010500,837,1394,1020000,1877
3,102,1020000,1020500,837,1394,1030000,1895
3,103,1030000,1030500,837,1394,1040000,1913
3,104,1040000,1040500,837,1394,1050000,1932
3,105,1050000,1050500,837,1394,1060000,1950
3,106,1060000,1060500,837,1394,1070000,1968
3,107,1070000,1070500,837,1394,1080000,1986
3,108,1080000,1080500,837,1394,1090000,2005
3,109,1090000,1090500,837,1394,1100000,2023
3,11,110000,110500,837,1394,120000,217
3,110,1100000,1100500,837,1394,1110000,2042
3,111,1110000,1110500,837,1394,1120000,2060
3,112,1120000,1120500,837,1394,1130000,2079
3,113,1130000,1130500,837,1394,1140000,2097
3,114,1140000,1140500,837,1394,1150000,2115
3,115,1150000,1150500,837,1394,1160000,2133
3,116,1160000,1160500,837,1394,1170000,2152
3,117,1170000,1170500,837,1394,1180000,2170
3,118,1180000,1180500,837,1394,1190000,2188
3,119,1190000,1190500,837,1394,1200000,2206
3,12,120000,120500,837,1394,130000,236
3,120,1200000,1200500,837,1394,1210000,2228
3,121,1210000,1210500,837,1394,1220000,2246
3,122,1220000,1220500,837,1394,1230000,2264
3,123,1230000,1230500,837,1394,1240000,2282
3,124,1240000,1240500,837,1394,1250000,2301
3,125,1250000,1250500,837,1394,1260000,2319
3,126,1260000,1260500,837,1394,1270000,2337
3,127,1270000,1270500,837,1394,1280000,2355
3,128,1280000,1280500,837,1394,1290000,2374
3,129,1290000,1290500,837,1394,1300000,2392
3,13,130000,130500,837,1394,140000,254
3,130,1300000,1300500,837,1394,1310000,2411
3,131,1310000,1310500,837,1394,1320000,2429
3,132,1320000,1320500,837,1394,1330000,2448
3,133,1330000,1330500,837,1394,1340000,2466
3,134,1340000,1340500,837,1394,1350000,2484
3,135,1350000,1350500,837,1394,1360000,2502
3,136,1360000,1360500,837,1394,1370000,2521
3,137,1370000,1370500,837,1394,1380000,2539
3,138,1380000,1380500,837,1394,1390000,2557
3,139,1390000,1390500,837,1394,1400000,2575
3,14,140000,140500,837,1394,150000,272
3,140,1400000,1400500,837,1394,1410000,2596
3,141,1410000,1410500,837,1394,1420000,2614
3,142,1420000,1420500,837,1394,1430000,2632
3,143,1430000,1430500,837,1394,1440000,2650
3,144,1440000,1440500,837,1394,1450000,2669
3,145,1450000,1450500,837,1394,1460000,2687
3,146,1460000,1460500,837,1394,1470000,2705
3,147,1470000,1470500,837,1394,1480000,2723
3,148,1480000,1480500,837,1394,1490000,2742
3,149,1490000,1490500,837,1394,1500000,2760
3,15,150000,150500,837,1394,160000,290
3,150,1500000,1500500,837,1394,1510000,2780
3,151,1510000,1510500,837,1394,1520000,2798
3,152,1520000,1520500,837,1394,1530000,2817
3,153,1530000,1530500,837,1394,1540000,2835
3,154,1540000,1540500,837,1394,1550000,2853
3,155,1550000,1550500,837,1394,1560000,2871
3,156,1560000,1560500,837,1394,1570000,2890
3,157,1570000,1570500,837,1394,1580000,2908
3,158,1580000,1580500,837,1394,1590000,2926
3,159,1590000,1590500,837,1394,1600000,2944
3,16,160000,160500,837,1394,170000,309
3,160,1600000,1600500,837,1394,1610000,2965
3,161,1610000,1610500,837,1394,1620000,2983
3,162,1620000,1620500,837,1394,1630000,3001
3,163,1630000,1630500,837,1394,1640000,3019
3,164,1640000,1640500,837,1394,1650000,3038
3,165,1650000,1650500,837,1394,1660000,3056
3,166,1660000,1660500,837,1394,1670000,3074
3,167,1670000,1670500,837,1394,1680000,3092
3,168,1680000,1680500,837,1394,1690000,3111
3,169,1690000,1690500,837,1394,1700000,3129
3,17,170000,170500,837,1394,180000,327
3,170,1700000,1700500,837,1394,1710000,3148
3,171,1710000,1710500,837,1394,1720000,3166
3,172,1720000,1720500,837,1394,1730000,3185
3,173,1730000,1730500,837,1394,1740000,3203
3,174,1740000,1740500,837,1394,1750000,3221
3,175,1750000,1750500,837,1394,1760000,3239
3,176,1760000,1760500,837,1394,1770000,3258
3,177,1770000,1770500,837,1394,1780000,3276
3,178,1780000,1780500,837,1394,1790000,3294
3,179,1790000,1790500,837,1394,1800000,3312
3,18,180000,180500,837,1394,190000,345
3,180,1800000,1800500,837,1394,1810000,3334
3,181,1810000,1810500,837,1394,1820000,3352
3,182,1820000,1820500,837,1394,1830000,3370
3,183,1830000,1830500,837,1394,1840000,3388
3,184,1840000,1840500,837,1394,1850000,3407
3,185,1850000,1850500,837,1394,1860000,3425
3,186,1860000,1860500,837,1394,1870000,3443
3,187,1870000,1870500,837,1394,1880000,3461
3,188,1880000,1880500,837,1394,1890000,3480
3,189,1890000,1890500,837,1394,1900000,3498
3,19,190000,190500,837,1394,200000,363
3,190,1900000,1900500,837,1394,1910000,3517
3,191,1910000,1910500,837,1394,1920000,3535
3,192,1920000,1920500,837,1394,1930000,3554
3,193,1930000,1930500,837,1394,1940000,3572
3,194,1940000,1940500,837,1394,1950000,3590
3,195,1950000,1950500,837,1394,1960000,3608
3,196,1960000,1960500,837,1394,1970000,3627
3,197,1970000,1970500,837,1394,1980000,3645
3,198,1980000,1980500,837,1394,1990000,3663
3,199,1990000,1990500,837,1394,2000000,3681
3,2,20000,20500,837,1394,30000,52
3,20,200000,200500,837,1394,210000,384
3,200,2000000,2000500,837,1394,2010000,3703
3,201,2010000,2010500,837,1394,2020000,3721
3,202,2020000,2020500,837,1394,2030000,3739
3,203,2030000,2030500,837,1394,2040000,3757
3,204,2040000,2040500,837,1394,2050000,3776
3,205,2050000,2050500,837,1394,2060000,3794
3,206,2060000,2060500,837,1394,2070000,3812
3,207,2070000,2070500,837,1394,2080000,3830
3,208,2080000,2080500,837,1394,2090000,3849
3,209,2090000,2090500,837,1394,2100000,3867
3,21,210000,210500,837,1394,220000,402
3,210,2100000,2100500,837,1394,2110000,3886
3,211,2110000,2110500,837,1394,2120000,3904
3,212,2120000,2120500,837,1394,2130000,3923
3,213,2130000,2130500,837,1394,2140000,3941
3,214,2140000,2140500,837,1394,2150000,3959
3,215,2150000,2150500,837,1394,2160000,3977
3,216,2160000,2160500,837,1394,2170000,3996
3,217,2170000,2170500,837,1394,2180000,4014
3,218,2180000,2180500,837,1394,2190000,4032
3,219,2190000,2190500,837,1394,2200000,4050
3,22,220000,220500,837,1394,230000,420
3,220,2200000,2200500,837,1394,2210000,4071
3,221,2210000,2210500,837,1394,2220000,4089
3,222,2220000,2220500,837,1394,2230000,4107
3,223,2230000,2230500,837,1394,2240000,4125
3,224,2240000,2240500,837,1394,2250000,4144
3,225,2250000,2250500,837,1394,2260000,4162
3,226,2260000,2260500,837,1394,2270000,4180
3,227,2270000,2270500,837,1394,2280000,4198
3,228,2280000,2280500,837,1394,2290000,4217
3,229,2290000,2290500,837,1394,2300000,4235
3,23,230000,230500,837,1394,240000,438
3,230,2300000,2300500,837,1394,2310000,4254
3,231,2310000,2310500,837,1394,2320000,4272
3,232,2320000,2320500,837,1394,2330000,4291
3,233,2330000,2330500,837,1394,2340000,4309
3,234,2340000,2340500,837,1394,2350000,4327
3,235,2350000,2350500,837,1394,2360000,4345
3,236,2360000,2360500,837,1394,2370000,4364
3,237,2370000,2370500,837,1394,2380000,4382
3,238,2380000,2380500,837,1394,2390000,4400
3,239,2390000,2390500,837,1394,2400000,4418
3,24,240000,240500,837,1394,250000,457
3,240,2400000,2400500,837,1394,2410000,4440
3,241,2410000,2410500,837,1394,2420000,4458
3,242,2420000,2420500,837,1394,2430000,4476
3,243,2430000,2430500,837,1394,2440000,4494
3,244,2440000,2440500,837,1394,2450000,4513
3,245,2450000,2450500,837,1394,2460000,4531
3,246,2460000,2460500,837,1394,2470000,4549
3,247,2470000,2470500,837,1394,2480000,4567
3,248,2480000,2480500,837,1394,2490000,4586
3,249,2490000,2490500,837,1394,2500000,4604
3,25,250000,250500,837,1394,260000,475
3,250,2500000,2500500,837,1394,2510000,4624
3,251,2510000,2510500,837,1394,2520000,4642
3,252,2520000,2520500,837,1394,2530000,4661
3,253,2530000,2530500,837,1394,2540000,4679
3,254,2540000,2540500,837,1394,2550000,4697
3,255,2550000,2550500,837,1394,2560000,4715
3,256,2560000,2560500,837,1394,2570000,4734
3,257,2570000,2570500,837,1394,2580000,4752
3,258,2580000,2580500,837,1394,2590000,4770
3,259,2590000,2590500,837,1394,2600000,4788
3,26,260000,260500,837,1394,270000,493
3,260,2600000,2600500,837,1394,2610000,4809
3,261,2610000,2610500,837,1394,2620000,4827
3,262,2620000,2620500,837,1394,2630000,4845
3,263,2630000,2630500,837,1394,2640000,4863
3,264,2640000,2640500,837,1394,2650000,4882
3,265,2650000,2650500,837,1394,2660000,4900
3,266,2660000,2660500,837,1394,2670000,4918
3,267,2670000,2670500,837,1394,2680000,4936
3,268,2680000,2680500,837,1394,2690000,4955
3,269,2690000,2690500,837,1394,2700000,4973
3,27,270000,270500,837,1394,280000,511
3,270,2700000,2700500,837,1394,2710000,4992
3,271,2710000,2710500,837,1394,2720000,5010
3,272,2720000,2720500,837,1394,2730000,5029
3,273,2730000,2730500,837,1394,2740000,5047
3,274,2740000,2740500,837,1394,2750000,5065
3,275,2750000,2750500,837,1394,2760000,5083
3,276,2760000,2760500,837,1394,2770000,5102
3,277,2770000,2770500,837,1394,2780000,5120
3,278,2780000,2780500,837,1394,2790000,5138
3,279,2790000,2790500,837,1394,2800000,5156
3,28,280000,280500,837,1394,290000,530
3,280,2800000,2800500,837,1394,2810000,5177
3,281,2810000,2810500,837,1394,2820000,5195
3,282,2820000,2820500,837,1394,2830000,5213
3,283,2830000,2830500,837,1394,2840000,5231
3,284,2840000,2840500,837,1394,2850000,5250
3,285,2850000,2850500,837,1394,2860000,5268
3,286,2860000,2860500,837,1394,2870000,5286
3,287,2870000,2870500,837,1394,2880000,5304
3,288,2880000,2880500,837,1394,2890000,5323
3,289,2890000,2890500,837,1394,2900000,5341
3,29,290000,290500,837,1394,300000,548
3,290,2900000,2900500,837,1394,2910000,5360
3,291,2910000,2910500,837,1394,2920000,5378
3,292,2920000,2920500,837,1394,2930000,5397
3,293,2930000,2930500,837,1394,2940000,5415
3,294,2940000,2940500,837,1394,2950000,5433
3,295,2950000,2950500,837,1394,2960000,5451
3,296,2960000,2960500,837,1394,2970000,5470
3,297,2970000,2970500,837,1394,2980000,5488
3,298,2980000,2980500,837,1394,2990000,5506
3,299,2990000,2990500,837,1394,3000000,5524
3,3,30000,30500,837,1394,40000,70
3,30,300000,300500,837,1394,310000,567
3,31,310000,310500,837,1394,320000,585
3,32,320000,320500,837,1394,330000,604
3,33,330000,330500,837,1394,340000,622
3,34,340000,340500,837,1394,350000,640
3,35,350000,350500,837,1394,360000,658
3,36,360000,360500,837,1394,370000,677
3,37,370000,370500,837,1394,380000,695
3,38,380000,380500,837,1394,390000,713
3,39,390000,390500,837,1394,400000,731
3,4,40000,40500,837,1394,50000,89
3,40,400000,400500,837,1394,410000,752
3,41,410000,410500,837,1394,420000,770
3,42,420000,420500,837,1394,430000,788
3,43,430000,430500,837,1394,440000,806
3,44,440000,440500,837,1394,450000,825
3,45,450000,450500,837,1394,460000,843
3,46,460000,460500,837,1394,470000,861
3,47,470000,470500,837,1394,480000,879
3,48,480000,480500,837,1394,490000,898
3,49,490000,490500,837,1394,500000,916
3,5,50000,50500,837,1394,60000,107
3,50,500000,500500,837,1394,510000,936
3,51,510000,510500,837,1394,520000,954
3,52,520000,520500,837,1394,530000,973
3,53,530000,530500,837,1394,540000,991
3,54,540000,540500,837,1394,550000,1009
3,55,550000,550500,837,1394,560000,1027
3,56,560000,560500,837,1394,570000,1046
3,57,570000,570500,837,1394,580000,1064
3,58,580000,580500,837,1394,590000,1082
3,59,590000,590500,837,1394,600000,1100
3,6,60000,60500,837,1394,70000,125
3,60,600000,600500,837,1394,610000,1122
3,61,610000,610500,837,1394,620000,1140
3,62,620000,620500,837,1394,630000,1158
3,63,630000,630500,837,1394,640000,1176
3,64,640000,640500,837,1394,650000,1195
3,65,650000,650500,837,1394,660000,1213
3,66,660000,660500,837,1394,670000,1231
3,67,670000,670500,837,1394,680000,1249
3,68,680000,680500,837,1394,690000,1268
3,69,690000,690500,837,1394,700000,1286
3,7,70000,70500,837,1394,80000,143
3,70,700000,700500,837,1394,710000,1305
3,71,710000,710500,837,1394,720000,1323
3,72,720000,720500,837,1394,730000,1342
3,73,730000,730500,837,1394,740000,1360
3,74,740000,740500,837,1394,750000,1378
3,75,750000,750500,837,1394,760000,1396
3,76,760000,760500,837,1394,770000,1415
3,77,770000,770500,837,1394,780000,1433
3,78,780000,780500,837,1394,790000,1451
3,79,790000,790500,837,1394,800000,1469
3,8,80000,80500,837,1394,90000,162
3,80,800000,800500,837,1394,810000,1490
3,81,810000,810500,837,1394,820000,1508
3,82,820000,820500,837,1394,830000,1526
3,83,830000,830500,837,1394,840000,1544
3,84,840000,840500,837,1394,850000,1563
3,85,850000,850500,837,1394,860000,1581
3,86,860000,860500,837,1394,870000,1599
3,87,870000,870500,837,1394,880000,1617
3,88,880000,880500,837,1394,890000,1636
3,89,890000,890500,837,1394,900000,1654
3,9,90000,90500,837,1394,100000,180
3,90,900000,900500,837,1394,910000,1673
3,91,910000,910500,837,1394,920000,1691
3,92,920000,920500,837,1394,930000,1710
3,93,930000,930500,837,1394,940000,1728
3,94,940000,940500,837,1394,950000,1746
3,95,950000,950500,837,1394,960000,1764
3,96,960000,960500,837,1394,970000,1783
3,97,970000,970500,837,1394,980000,1801
3,98,980000,980500,837,1394,990000,1819
3,99,990000,990500,837,1394,1000000,1837
4,0,0,1500,148,246,30000,53
4,1,30000,31500,148,246,60000,108
4,10,300000,301500,148,246,330000,605
4,11,330000,331500,148,246,360000,659
4,12,360000,361500,148,246,390000,714
4,13,390000,391500,148,246,420000,771
4,14,420000,421500,148,246,450000,826
4,15,450000,451500,148,246,480000,880
4,16,480000,481500,148,246,510000,937
4,17,510000,511500,148,246,540000,992
4,18,540000,541500,148,246,570000,1047
4,19,570000,571500,148,246,600000,1101
4,2,60000,61500,148,246,90000,163
4,20,600000,601500,148,246,630000,1159
4,21,630000,631500,148,246,660000,1214
4,22,660000,661500,148,246,690000,1269
4,23,690000,691500,148,246,720000,1324
4,24,720000,721500,148,246,750000,1379
4,25,750000,751500,148,246,780000,1434
4,26,780000,781500,148,246,810000,1491
4,27,810000,811500,148,246,840000,1545
4,28,840000,841500,148,246,870000,1600
4,29,870000,871500,148,246,900000,1655
4,3,90000,91500,148,246,120000,218
4,30,900000,901500,148,246,930000,1711
4,31,930000,931500,148,246,960000,1765
4,32,960000,961500,148,246,990000,1820
4,33,990000,991500,148,246,1020000,1878
4,34,1020000,1021500,148,246,1050000,1933
4,35,1050000,1051500,148,246,1080000,1987
4,36,1080000,1081500,148,246,1110000,2043
4,37,1110000,1111500,148,246,1140000,2098
4,38,1140000,1141500,148,246,1170000,2153
4,39,1170000,1171500,148,246,1200000,2207
4,4,120000,121500,148,246,150000,273
4,40,1200000,1201500,148,246,1230000,2265
4,41,1230000,1231500,148,246,1260000,2320
4,42,1260000,1261500,148,246,1290000,2375
4,43,1290000,1291500,148,246,1320000,2430
4,44,1320000,1321500,148,246,1350000,2485
4,45,1350000,1351500,148,246,1380000,2540
4,46,1380000,1381500,148,246,1410000,2597
4,47,1410000,1411500,148,246,1440000,2651
4,48,1440000,1441500,148,246,1470000,2706
4,49,1470000,1471500,148,246,1500000,2761
4,5,150000,151500,148,246,180000,328
4,50,1500000,1501500,148,246,1530000,2818
4,51,1530000,1531500,148,246,1560000,2872
4,52,1560000,1561500,148,246,1590000,2927
4,53,1590000,1591500,148,246,1620000,2984
4,54,1620000,1621500,148,246,1650000,3039
4,55,1650000,1651500,148,246,1680000,3093
4,56,1680000,1681500,148,246,1710000,3149
4,57,1710000,1711500,148,246,1740000,3204
4,58,1740000,1741500,148,246,1770000,3259
4,59,1770000,1771500,148,246,1800000,3313
4,6,180000,181500,148,246,210000,385
4,60,1800000,1801500,148,246,1830000,3371
4,61,1830000,1831500,148,246,1860000,3426
4,62,1860000,1861500,148,246,1890000,3481
4,63,1890000,1891500,148,246,1920000,3536
4,64,1920000,1921500,148,246,1950000,3591
4,65,1950000,1951500,148,246,1980000,3646
4,66,1980000,1981500,148,246,2010000,3704
4,67,2010000,2011500,148,246,2040000,3758
4,68,2040000,2041500,148,246,2070000,3813
4,69,2070000,2071500,148,246,2100000,3868
4,7,210000,211500,148,246,240000,439
4,70,2100000,2101500,148,246,2130000,3924
4,71,2130000,2131500,148,246,2160000,3978
4,72,2160000,2161500,148,246,2190000,4033
4,73,2190000,2191500,148,246,2220000,4090
4,74,2220000,2221500,148,246,2250000,4145
4,75,2250000,2251500,148,246,2280000,4199
4,76,2280000,2281500,148,246,2310000,4255
4,77,2310000,2311500,148,246,2340000,4310
4,78,2340000,2341500,148,246,2370000,4365
4,79,2370000,2371500,148,246,2400000,4419
4,8,240000,241500,148,246,270000,494
4,80,2400000,2401500,148,246,2430000,4477
4,81,2430000,2431500,148,246,2460000,4532
4,82,2460000,2461500,148,246,2490000,4587
4,83,2490000,2491500,148,246,2520000,4643
4,84,2520000,2521500,148,246,2550000,4698
4,85,2550000,2551500,148,246,2580000,4753
4,86,2580000,2581500,148,246,2610000,4810
4,87,2610000,2611500,148,246,2640000,4864
4,88,2640000,2641500,148,246,2670000,4919
4,89,2670000,2671500,148,246,2700000,4974
4,9,270000,271500,148,246,300000,549
4,90,2700000,2701500,148,246,2730000,5030
4,91,2730000,2731500,148,246,2760000,5084
4,92,2760000,2761500,148,246,2790000,5139
4,93,2790000,2791500,148,246,2820000,5196
4,94,2820000,2821500,148,246,2850000,5251
4,95,2850000,2851500,148,246,2880000,5305
4,96,2880000,2881500,148,246,2910000,5361
4,97,2910000,2911500,148,246,2940000,5416
4,98,2940000,2941500,148,246,2970000,5471
4,99,2970000,2971500,148,246,3000000,5525
5,0,0,2000,630,1050,40000,71
5,1,40000,42000,630,1050,80000,144
5,10,400000,402000,630,1050,440000,807
5,11,440000,442000,630,1050,480000,881
5,12,480000,482000,630,1050,520000,955
5,13,520000,522000,630,1050,560000,1028
5,14,560000,562000,630,1050,600000,1102
5,15,600000,602000,630,1050,640000,1177
5,16,640000,642000,630,1050,680000,1250
5,17,680000,682000,630,1050,720000,1325
5,18,720000,722000,630,1050,760000,1397
5,19,760000,762000,630,1050,800000,1470
5,2,80000,82000,630,1050,120000,219
5,20,800000,802000,630,1050,840000,1546
5,21,840000,842000,630,1050,880000,1618
5,22,880000,882000,630,1050,920000,1692
5,23,920000,922000,630,1050,960000,1766
5,24,960000,962000,630,1050,1000000,1838
5,25,1000000,1002000,630,1050,1040000,1914
5,26,1040000,1042000,630,1050,1080000,1988
5,27,1080000,1082000,630,1050,1120000,2061
5,28,1120000,1122000,630,1050,1160000,2134
5,29,1160000,1162000,630,1050,1200000,2208
5,3,120000,122000,630,1050,160000,291
5,30,1200000,1202000,630,1050,1240000,2283
5,31,1240000,1242000,630,1050,1280000,2356
5,32,1280000,1282000,630,1050,1320000,2431
5,33,1320000,1322000,630,1050,1360000,2503
5,34,1360000,1362000,630,1050,1400000,2576
5,35,1400000,1402000,630,1050,1440000,2652
5,36,1440000,1442000,630,1050,1480000,2724
5,37,1480000,1482000,630,1050,1520000,2799
5,38,1520000,1522000,630,1050,1560000,2873
5,39,1560000,1562000,630,1050,1600000,2945
5,4,160000,162000,630,1050,200000,364
5,40,1600000,1602000,630,1050,1640000,3020
5,41,1640000,1642000,630,1050,1680000,3094
5,42,1680000,1682000,630,1050,1720000,3167
5,43,1720000,1722000,630,1050,1760000,3240
5,44,1760000,1762000,630,1050,1800000,3314
5,45,1800000,1802000,630,1050,1840000,3389
5,46,1840000,1842000,630,1050,1880000,3462
5,47,1880000,1882000,630,1050,1920000,3537
5,48,1920000,1922000,630,1050,1960000,3609
5,49,1960000,1962000,630,1050,2000000,3682
5,5,200000,202000,630,1050,240000,440
5,50,2000000,2002000,630,1050,2040000,3759
5,51,2040000,2042000,630,1050,2080000,3831
5,52,2080000,2082000,630,1050,2120000,3905
5,53,2120000,2122000,630,1050,2160000,3979
5,54,2160000,2162000,630,1050,2200000,4051
5,55,2200000,2202000,630,1050,2240000,4126
5,56,2240000,2242000,630,1050,2280000,4200
5,57,2280000,2282000,630,1050,2320000,4273
5,58,2320000,2322000,630,1050,2360000,4346
5,59,2360000,2362000,630,1050,2400000,4420
5,6,240000,242000,630,1050,280000,512
5,60,2400000,2402000,630,1050,2440000,4495
5,61,2440000,2442000,630,1050,2480000,4568
5,62,2480000,2482000,630,1050,2520000,4644
5,63,2520000,2522000,630,1050,2560000,4716
5,64,2560000,2562000,630,1050,2600000,4789
5,65,2600000,2602000,630,1050,2640000,4865
5,66,2640000,2642000,630,1050,2680000,4937
5,67,2680000,2682000,630,1050,2720000,5011
5,68,2720000,2722000,630,1050,2760000,5085
5,69,2760000,2762000,630,1050,2800000,5157
5,7,280000,282000,630,1050,320000,586
5,70,2800000,2802000,630,1050,2840000,5232
5,71,2840000,2842000,630,1050,2880000,5306
5,72,2880000,2882000,630,1050,2920000,5379
5,73,2920000,2922000,630,1050,2960000,5452
5,74,2960000,2962000,630,1050,3000000,5526
5,8,320000,322000,630,1050,360000,660
5,9,360000,362000,630,1050,400000,732
6,0,0,5000,3839,6398,100000,181
6,1,100000,105000,3839,6398,200000,365
6,10,1000000,1005000,3839,6398,1100000,2024
6,11,1100000,1105000,3839,6398,1200000,2209
6,12,1200000,1205000,3839,6398,1300000,2393
6,13,1300000,1305000,3839,6398,1400000,2577
6,14,1400000,1405000,3839,6398,1500000,2762
6,15,1500000,1505000,3839,6398,1600000,2946
6,16,1600000,1605000,3839,6398,1700000,3130
6,17,1700000,1705000,3839,6398,1800000,3315
6,18,1800000,1805000,3839,6398,1900000,3499
6,19,1900000,1905000,3839,6398,2000000,3683
6,2,200000,205000,3839,6398,300000,550
6,20,2000000,2005000,3839,6398,2100000,3869
6,21,2100000,2105000,3839,6398,2200000,4052
6,22,2200000,2205000,3839,6398,2300000,4236
6,23,2300000,2305000,3839,6398,2400000,4421
6,24,2400000,2405000,3839,6398,2500000,4605
6,25,2500000,2505000,3839,6398,2600000,4790
6,26,2600000,2605000,3839,6398,2700000,4975
6,27,2700000,2705000,3839,6398,2800000,5158
6,28,2800000,2805000,3839,6398,2900000,5342
6,29,2900000,2905000,3839,6398,3000000,5527
6,3,300000,305000,3839,6398,400000,733
6,4,400000,405000,3839,6398,500000,917
6,5,500000,505000,3839,6398,600000,1103
6,6,600000,605000,3839,6398,700000,1287
6,7,700000,705000,3839,6398,800000,1471
6,8,800000,805000,3839,6398,900000,1656
6,9,900000,905000,3839,6398,1000000,1839
7,0,0,10000,2192,3653,200000,366
7,1,200000,210000,2192,3653,400000,734
7,10,2000000,2010000,2192,3653,2200000,4053
7,11,2200000,2210000,2192,3653,2400000,4422
7,12,2400000,2410000,2192,3653,2600000,4791
7,13,2600000,2610000,2192,3653,2800000,5159
7,14,2800000,2810000,2192,3653,3000000,5528
7,2,400000,410000,2192,3653,600000,1104
7,3,600000,610000,2192,3653,800000,1472
7,4,800000,810000,2192,3653,1000000,1840
7,5,1000000,1010000,2192,3653,1200000,2210
7,6,1200000,1210000,2192,3653,1400000,2578
7,7,1400000,1410000,2192,3653,1600000,2947
7,8,1600000,1610000,2192,3653,1800000,3316
7,9,1800000,1810000,2192,3653,2000000,3684
8,0,0,25000,557,928,500000,918
8,1,500000,525000,557,928,1000000,1841
8,2,1000000,1025000,557,928,1500000,2763
8,3,1500000,1525000,557,928,2000000,3685
8,4,2000000,2025000,557,928,2500000,4606
8,5,2500000,2525000,557,928,3000000,5529
9,0,0,30000,9073,15121,600000,1105
9,1,600000,630000,9073,15121,1200000,2211
9,2,1200000,1230000,9073,15121,1800000,3317
9,3,1800000,1830000,9073,15121,2400000,4423
9,4,2400000,2430000,9073,15121,3000000,5530
