Task ID,Job ID,Arrival min,Arrival max,Cost min,Cost max,Deadline,Priority
0,0,0,1000,2889,4815,10000,0
0,1,10000,11000,2889,4815,20000,5
0,10,100000,101000,2889,4815,110000,67
0,11,110000,111000,2889,4815,120000,71
0,2,20000,21000,2889,4815,30000,12
0,3,30000,31000,2889,4815,40000,18
0,4,40000,41000,2889,4815,50000,27
0,5,50000,51000,2889,4815,60000,31
0,6,60000,61000,2889,4815,70000,40
0,7,70000,71000,2889,4815,80000,45
0,8,80000,81000,2889,4815,90000,53
0,9,90000,91000,2889,4815,100000,59
1,0,0,1000,1442,2402,10000,1
1,1,10000,11000,1442,2402,20000,6
1,10,100000,101000,1442,2402,110000,68
1,11,110000,111000,1442,2402,120000,72
1,2,20000,21000,1442,2402,30000,13
1,3,30000,31000,1442,2402,40000,19
1,4,40000,41000,1442,2402,50000,28
1,5,50000,51000,1442,2402,60000,32
1,6,60000,61000,1442,2402,70000,41
1,7,70000,71000,1442,2402,80000,46
1,8,80000,81000,1442,2402,90000,54
1,9,90000,91000,1442,2402,100000,60
2,0,0,1000,1862,3103,10000,2
2,1,10000,11000,1862,3103,20000,7
2,10,100000,101000,1862,3103,110000,69
2,11,110000,111000,1862,3103,120000,73
2,2,20000,21000,1862,3103,30000,14
2,3,30000,31000,1862,3103,40000,20
2,4,40000,41000,1862,3103,50000,29
2,5,50000,51000,1862,3103,60000,33
2,6,60000,61000,1862,3103,70000,42
2,7,70000,71000,1862,3103,80000,47
2,8,80000,81000,1862,3103,90000,55
2,9,90000,91000,1862,3103,100000,61
3,0,0,1000,1553,2588,10000,3
3,1,10000,11000,1553,2588,20000,8
3,10,100000,101000,1553,2588,110000,70
3,11,110000,111000,1553,2588,120000,74
3,2,20000,21000,1553,2588,30000,15
3,3,30000,31000,1553,2588,40000,21
3,4,40000,41000,1553,2588,50000,30
3,5,50000,51000,1553,2588,60000,34
3,6,60000,61000,1553,2588,70000,43
3,7,70000,71000,1553,2588,80000,48
3,8,80000,81000,1553,2588,90000,56
3,9,90000,91000,1553,2588,100000,62
4,0,0,1500,4176,6959,15000,4
4,1,15000,16500,4176,6959,30000,16
4,2,30000,31500,4176,6959,45000,26
4,3,45000,46500,4176,6959,60000,35
4,4,60000,61500,4176,6959,75000,44
4,5,75000,76500,4176,6959,90000,57
4,6,90000,91500,4176,6959,105000,66
4,7,105000,106500,4176,6959,120000,75
5,0,0,2000,3541,5901,20000,9
5,1,20000,22000,3541,5901,40000,22
5,2,40000,42000,3541,5901,60000,36
5,3,60000,62000,3541,5901,80000,49
5,4,80000,82000,3541,5901,100000,63
5,5,100000,102000,3541,5901,120000,76
6,0,0,2000,2180,3632,20000,10
6,1,20000,22000,2180,3632,40000,23
6,2,40000,42000,2180,3632,60000,37
6,3,60000,62000,2180,3632,80000,50
6,4,80000,82000,2180,3632,100000,64
6,5,100000,102000,2180,3632,120000,77
7,0,0,2000,2187,3644,20000,11
7,1,20000,22000,2187,3644,40000,24
7,2,40000,42000,2187,3644,60000,38
7,3,60000,62000,2187,3644,80000,51
7,4,80000,82000,2187,3644,100000,65
7,5,100000,102000,2187,3644,120000,78
8,0,0,3000,2720,4533,30000,17
8,1,30000,33000,2720,4533,60000,39
8,2,60000,63000,2720,4533,90000,58
8,3,90000,93000,2720,4533,120000,79
9,0,0,4000,5648,9412,40000,25
9,1,40000,44000,5648,9412,80000,52
9,2,80000,84000,5648,9412,120000,80
