Task ID,Job ID,Arrival min,Arrival max,Cost min,Cost max,Deadline,Priority
0,0,0,0,5697,9494,10000,0
0,1,10000,10000,5697,9494,20000,2
0,10,100000,100000,5697,9494,110000,42
0,100,1000000,1000000,5697,9494,1010000,437
0,1000,10000000,10000000,5697,9494,10010000,4390
0,1001,10010000,10010000,5697,9494,10020000,4396
0,1002,10020000,10020000,5697,9494,10030000,4401
0,1003,10030000,10030000,5697,9494,10040000,4403
0,1004,10040000,10040000,5697,9494,10050000,4409
0,1005,10050000,10050000,5697,9494,10060000,4412
0,1006,10060000,10060000,5697,9494,10070000,4418
0,1007,10070000,10070000,5697,9494,10080000,4420
0,1008,10080000,10080000,5697,9494,10090000,4428
0,1009,10090000,10090000,5697,9494,10100000,4430
0,101,1010000,1010000,5697,9494,1020000,441
0,1010,10100000,10100000,5697,9494,10110000,4434
0,1011,10110000,10110000,5697,9494,10120000,4439
0,1012,10120000,10120000,5697,9494,10130000,4445
0,1013,10130000,10130000,5697,9494,10140000,4447
0,1014,10140000,10140000,5697,9494,10150000,4452
0,1015,10150000,10150000,5697,9494,10160000,4456
0,1016,10160000,10160000,5697,9494,10170000,4461
0,1017,10170000,10170000,5697,9494,10180000,4466
0,1018,10180000,10180000,5697,9494,10190000,4472
0,1019,10190000,10190000,5697,9494,10200000,4474
0,102,1020000,1020000,5697,9494,1030000,446
0,1020,10200000,10200000,5697,9494,10210000,4479
0,1021,10210000,10210000,5697,9494,10220000,4481
0,1022,10220000,10220000,5697,9494,10230000,4487
0,1023,10230000,10230000,5697,9494,10240000,4492
0,1024,10240000,10240000,5697,9494,10250000,4497
0,1025,10250000,10250000,5697,9494,10260000,4501
0,1026,10260000,10260000,5697,9494,10270000,4506
0,1027,10270000,10270000,5697,9494,10280000,4508
0,1028,10280000,10280000,5697,9494,10290000,4514
0,1029,10290000,10290000,5697,9494,10300000,4519
0,103,1030000,1030000,5697,9494,1040000,448
0,1030,10300000,10300000,5697,9494,10310000,4523
0,1031,10310000,10310000,5697,9494,10320000,4525
0,1032,10320000,10320000,5697,9494,10330000,4533
0,1033,10330000,10330000,5697,9494,10340000,4535
0,1034,10340000,10340000,5697,9494,10350000,4541
0,1035,10350000,10350000,5697,9494,10360000,4544
0,1036,10360000,10360000,5697,9494,10370000,4550
0,1037,10370000,10370000,5697,9494,10380000,4552
0,1038,10380000,10380000,5697,9494,10390000,4557
0,1039,10390000,10390000,5697,9494,10400000,4563
0,104,1040000,1040000,5697,9494,1050000,455
0,1040,10400000,10400000,5697,9494,10410000,4568
0,1041,10410000,10410000,5697,9494,10420000,4571
0,1042,10420000,10420000,5697,9494,10430000,4575
0,1043,10430000,10430000,5697,9494,10440000,4579
0,1044,10440000,10440000,5697,9494,10450000,4584
0,1045,10450000,10450000,5697,9494,10460000,4588
0,1046,10460000,10460000,5697,9494,10470000,4594
0,1047,10470000,10470000,5697,9494,10480000,4597
0,1048,10480000,10480000,5697,9494,10490000,4602
0,1049,10490000,10490000,5697,9494,10500000,4604
0,105,1050000,1050000,5697,9494,1060000,460
0,1050,10500000,10500000,5697,9494,10510000,4613
0,1051,10510000,10510000,5697,9494,10520000,4615
0,1052,10520000,10520000,5697,9494,10530000,4619
0,1053,10530000,10530000,5697,9494,10540000,4624
0,1054,10540000,10540000,5697,9494,10550000,4628
0,1055,10550000,10550000,5697,9494,10560000,4630
0,1056,10560000,10560000,5697,9494,10570000,4638
0,1057,10570000,10570000,5697,9494,10580000,4642
0,1058,10580000,10580000,5697,9494,10590000,4646
0,1059,10590000,10590000,5697,9494,10600000,4649
0,106,1060000,1060000,5697,9494,1070000,464
0,1060,10600000,10600000,5697,9494,10610000,4655
0,1061,10610000,10610000,5697,9494,10620000,4659
0,1062,10620000,10620000,5697,9494,10630000,4664
0,1063,10630000,10630000,5697,9494,10640000,4666
0,1064,10640000,10640000,5697,9494,10650000,4673
0,1065,10650000,10650000,5697,9494,10660000,4676
0,1066,10660000,10660000,5697,9494,10670000,4680
0,1067,10670000,10670000,5697,9494,10680000,4686
0,1068,10680000,10680000,5697,9494,10690000,4691
0,1069,10690000,10690000,5697,9494,10700000,4693
0,107,1070000,1070000,5697,9494,1080000,466
0,1070,10700000,10700000,5697,9494,10710000,4697
0,1071,10710000,10710000,5697,9494,10720000,4702
0,1072,10720000,10720000,5697,9494,10730000,4709
0,1073,10730000,10730000,5697,9494,10740000,4711
0,1074,10740000,10740000,5697,9494,10750000,4718
0,1075,10750000,10750000,5697,9494,10760000,4720
0,1076,10760000,10760000,5697,9494,10770000,4724
0,1077,10770000,10770000,5697,9494,10780000,4727
0,1078,10780000,10780000,5697,9494,10790000,4735
0,1079,10790000,10790000,5697,9494,10800000,4737
0,108,1080000,1080000,5697,9494,1090000,473
0,1080,10800000,10800000,5697,9494,10810000,4743
0,1081,10810000,10810000,5697,9494,10820000,4747
0,1082,10820000,10820000,5697,9494,10830000,4751
0,1083,10830000,10830000,5697,9494,10840000,4756
0,1084,10840000,10840000,5697,9494,10850000,4760
0,1085,10850000,10850000,5697,9494,10860000,4764
0,1086,10860000,10860000,5697,9494,10870000,4769
0,1087,10870000,10870000,5697,9494,10880000,4771
0,1088,10880000,10880000,5697,9494,10890000,4778
0,1089,10890000,10890000,5697,9494,10900000,4783
0,109,1090000,1090000,5697,9494,1100000,475
0,1090,10900000,10900000,5697,9494,10910000,4787
0,1091,10910000,10910000,5697,9494,10920000,4789
0,1092,10920000,10920000,5697,9494,10930000,4796
0,1093,10930000,10930000,5697,9494,10940000,4798
0,1094,10940000,10940000,5697,9494,10950000,4804
0,1095,10950000,10950000,5697,9494,10960000,4809
0,1096,10960000,10960000,5697,9494,10970000,4814
0,1097,10970000,10970000,5697,9494,10980000,4816
0,1098,10980000,10980000,5697,9494,10990000,4821
0,1099,10990000,10990000,5697,9494,11000000,4825
0,11,110000,110000,5697,9494,120000,46
0,110,1100000,1100000,5697,9494,1110000,481
0,1100,11000000,11000000,5697,9494,11010000,4831
0,1101,11010000,11010000,5697,9494,11020000,4834
0,1102,11020000,11020000,5697,9494,11030000,4840
0,1103,11030000,11030000,5697,9494,11040000,4842
0,1104,11040000,11040000,5697,9494,11050000,4848
0,1105,11050000,11050000,5697,9494,11060000,4852
0,1106,11060000,11060000,5697,9494,11070000,4858
0,1107,11070000,11070000,5697,9494,11080000,4861
0,1108,11080000,11080000,5697,9494,11090000,4865
0,1109,11090000,11090000,5697,9494,11100000,4869
0,111,1110000,1110000,5697,9494,1120000,484
0,1110,11100000,11100000,5697,9494,11110000,4874
0,1111,11110000,11110000,5697,9494,11120000,4878
0,1112,11120000,11120000,5697,9494,11130000,4883
0,1113,11130000,11130000,5697,9494,11140000,4888
0,1114,11140000,11140000,5697,9494,11150000,4892
0,1115,11150000,11150000,5697,9494,11160000,4894
0,1116,11160000,11160000,5697,9494,11170000,4903
0,1117,11170000,11170000,5697,9494,11180000,4905
0,1118,11180000,11180000,5697,9494,11190000,4909
0,1119,11190000,11190000,5697,9494,11200000,4912
0,112,1120000,1120000,5697,9494,1130000,491
0,1120,11200000,11200000,5697,9494,11210000,4919
0,1121,11210000,11210000,5697,9494,11220000,4921
0,1122,11220000,11220000,5697,9494,11230000,4928
0,1123,11230000,11230000,5697,9494,11240000,4932
0,1124,11240000,11240000,5697,9494,11250000,4936
0,1125,11250000,11250000,5697,9494,11260000,4939
0,1126,11260000,11260000,5697,9494,11270000,4943
0,1127,11270000,11270000,5697,9494,11280000,4949
0,1128,11280000,11280000,5697,9494,11290000,4955
0,1129,11290000,11290000,5697,9494,11300000,4957
0,113,1130000,1130000,5697,9494,1140000,493
0,1130,11300000,11300000,5697,9494,11310000,4963
0,1131,11310000,11310000,5697,9494,11320000,4966
0,1132,11320000,11320000,5697,9494,11330000,4970
0,1133,11330000,11330000,5697,9494,11340000,4974
0,1134,11340000,11340000,5697,9494,11350000,4981
0,1135,11350000,11350000,5697,9494,11360000,4983
0,1136,11360000,11360000,5697,9494,11370000,4988
0,1137,11370000,11370000,5697,9494,11380000,4993
0,1138,11380000,11380000,5697,9494,11390000,4999
0,1139,11390000,11390000,5697,9494,11400000,5001
0,114,1140000,1140000,5697,9494,1150000,498
0,1140,11400000,11400000,5697,9494,11410000,5006
0,1141,11410000,11410000,5697,9494,11420000,5010
0,1142,11420000,11420000,5697,9494,11430000,5014
0,1143,11430000,11430000,5697,9494,11440000,5017
0,1144,11440000,11440000,5697,9494,11450000,5026
0,1145,11450000,11450000,5697,9494,11460000,5028
0,1146,11460000,11460000,5697,9494,11470000,5033
0,1147,11470000,11470000,5697,9494,11480000,5035
0,1148,11480000,11480000,5697,9494,11490000,5041
0,1149,11490000,11490000,5697,9494,11500000,5046
0,115,1150000,1150000,5697,9494,1160000,504
0,1150,11500000,11500000,5697,9494,11510000,5050
0,1151,11510000,11510000,5697,9494,11520000,5054
0,1152,11520000,11520000,5697,9494,11530000,5060
0,1153,11530000,11530000,5697,9494,11540000,5062
0,1154,11540000,11540000,5697,9494,11550000,5066
0,1155,11550000,11550000,5697,9494,11560000,5073
0,1156,11560000,11560000,5697,9494,11570000,5077
0,1157,11570000,11570000,5697,9494,11580000,5079
0,1158,11580000,11580000,5697,9494,11590000,5086
0,1159,11590000,11590000,5697,9494,11600000,5088
0,116,1160000,1160000,5697,9494,1170000,508
0,1160,11600000,11600000,5697,9494,11610000,5095
0,1161,11610000,11610000,5697,9494,11620000,5098
0,1162,11620000,11620000,5697,9494,11630000,5104
0,1163,11630000,11630000,5697,9494,11640000,5106
0,1164,11640000,11640000,5697,9494,11650000,5111
0,1165,11650000,11650000,5697,9494,11660000,5115
0,1166,11660000,11660000,5697,9494,11670000,5121
0,1167,11670000,11670000,5697,9494,11680000,5124
0,1168,11680000,11680000,5697,9494,11690000,5129
0,1169,11690000,11690000,5697,9494,11700000,5133
0,117,1170000,1170000,5697,9494,1180000,511
0,1170,11700000,11700000,5697,9494,11710000,5138
0,1171,11710000,11710000,5697,9494,11720000,5142
0,1172,11720000,11720000,5697,9494,11730000,5148
0,1173,11730000,11730000,5697,9494,11740000,5151
0,1174,11740000,11740000,5697,9494,11750000,5155
0,1175,11750000,11750000,5697,9494,11760000,5157
0,1176,11760000,11760000,5697,9494,11770000,5165
0,1177,11770000,11770000,5697,9494,11780000,5169
0,1178,11780000,11780000,5697,9494,11790000,5173
0,1179,11790000,11790000,5697,9494,11800000,5178
0,118,1180000,1180000,5697,9494,1190000,515
0,1180,11800000,11800000,5697,9494,11810000,5182
0,1181,11810000,11810000,5697,9494,11820000,5184
0,1182,11820000,11820000,5697,9494,11830000,5191
0,1183,11830000,11830000,5697,9494,11840000,5195
0,1184,11840000,11840000,5697,9494,11850000,5200
0,1185,11850000,11850000,5697,9494,11860000,5203
0,1186,11860000,11860000,5697,9494,11870000,5209
0,1187,11870000,11870000,5697,9494,11880000,5211
0,1188,11880000,11880000,5697,9494,11890000,5218
0,1189,11890000,11890000,5697,9494,11900000,5220
0,119,1190000,1190000,5697,9494,1200000,519
0,1190,11900000,11900000,5697,9494,11910000,5226
0,1191,11910000,11910000,5697,9494,11920000,5229
0,1192,11920000,11920000,5697,9494,11930000,5234
0,1193,11930000,11930000,5697,9494,11940000,5240
0,1194,11940000,11940000,5697,9494,11950000,5245
0,1195,11950000,11950000,5697,9494,11960000,5247
0,1196,11960000,11960000,5697,9494,11970000,5251
0,1197,11970000,11970000,5697,9494,11980000,5256
0,1198,11980000,11980000,5697,9494,11990000,5260
0,1199,11990000,11990000,5697,9494,12000000,5264
0,12,120000,120000,5697,9494,130000,51
0,120,1200000,1200000,5697,9494,1210000,525
0,1200,12000000,12000000,5697,9494,12010000,5272
0,1201,12010000,12010000,5697,9494,12020000,5274
0,1202,12020000,12020000,5697,9494,12030000,5278
0,1203,12030000,12030000,5697,9494,12040000,5281
0,1204,12040000,12040000,5697,9494,12050000,5289
0,1205,12050000,12050000,5697,9494,12060000,5291
0,1206,12060000,12060000,5697,9494,12070000,5296
0,1207,12070000,12070000,5697,9494,12080000,5300
0,1208,12080000,12080000,5697,9494,12090000,5305
0,1209,12090000,12090000,5697,9494,12100000,5308
0,121,1210000,1210000,5697,9494,1220000,529
0,1210,12100000,12100000,5697,9494,12110000,5314
0,1211,12110000,12110000,5697,9494,12120000,5318
0,1212,12120000,12120000,5697,9494,12130000,5323
0,1213,12130000,12130000,5697,9494,12140000,5325
0,1214,12140000,12140000,5697,9494,12150000,5331
0,1215,12150000,12150000,5697,9494,12160000,5336
0,1216,12160000,12160000,5697,9494,12170000,5341
0,1217,12170000,12170000,5697,9494,12180000,5343
0,1218,12180000,12180000,5697,9494,12190000,5350
0,1219,12190000,12190000,5697,9494,12200000,5352
0,122,1220000,1220000,5697,9494,1230000,535
0,1220,12200000,12200000,5697,9494,12210000,5356
0,1221,12210000,12210000,5697,9494,12220000,5363
0,1222,12220000,12220000,5697,9494,12230000,5367
0,1223,12230000,12230000,5697,9494,12240000,5369
0,1224,12240000,12240000,5697,9494,12250000,5375
0,1225,12250000,12250000,5697,9494,12260000,5379
0,1226,12260000,12260000,5697,9494,12270000,5385
0,1227,12270000,12270000,5697,9494,12280000,5388
0,1228,12280000,12280000,5697,9494,12290000,5394
0,1229,12290000,12290000,5697,9494,12300000,5396
0,123,1230000,1230000,5697,9494,1240000,538
0,1230,12300000,12300000,5697,9494,12310000,5401
0,1231,12310000,12310000,5697,9494,12320000,5403
0,1232,12320000,12320000,5697,9494,12330000,5412
0,1233,12330000,12330000,5697,9494,12340000,5415
0,1234,12340000,12340000,5697,9494,12350000,5419
0,1235,12350000,12350000,5697,9494,12360000,5423
0,1236,12360000,12360000,5697,9494,12370000,5428
0,1237,12370000,12370000,5697,9494,12380000,5432
0,1238,12380000,12380000,5697,9494,12390000,5436
0,1239,12390000,12390000,5697,9494,12400000,5441
0,124,1240000,1240000,5697,9494,1250000,542
0,1240,12400000,12400000,5697,9494,12410000,5446
0,1241,12410000,12410000,5697,9494,12420000,5448
0,1242,12420000,12420000,5697,9494,12430000,5455
0,1243,12430000,12430000,5697,9494,12440000,5459
0,1244,12440000,12440000,5697,9494,12450000,5463
0,1245,12450000,12450000,5697,9494,12460000,5466
0,1246,12460000,12460000,5697,9494,12470000,5472
0,1247,12470000,12470000,5697,9494,12480000,5474
0,1248,12480000,12480000,5697,9494,12490000,5482
0,1249,12490000,12490000,5697,9494,12500000,5486
0,125,1250000,1250000,5697,9494,1260000,544
0,1250,12500000,12500000,5697,9494,12510000,5490
0,1251,12510000,12510000,5697,9494,12520000,5493
0,1252,12520000,12520000,5697,9494,12530000,5497
0,1253,12530000,12530000,5697,9494,12540000,5501
0,1254,12540000,12540000,5697,9494,12550000,5508
0,1255,12550000,12550000,5697,9494,12560000,5510
0,1256,12560000,12560000,5697,9494,12570000,5517
0,1257,12570000,12570000,5697,9494,12580000,5520
0,1258,12580000,12580000,5697,9494,12590000,5524
0,1259,12590000,12590000,5697,9494,12600000,5528
0,126,1260000,1260000,5697,9494,1270000,553
0,1260,12600000,12600000,5697,9494,12610000,5535
0,1261,12610000,12610000,5697,9494,12620000,5537
0,1262,12620000,12620000,5697,9494,12630000,5541
0,1263,12630000,12630000,5697,9494,12640000,5546
0,1264,12640000,12640000,5697,9494,12650000,5551
0,1265,12650000,12650000,5697,9494,12660000,5555
0,1266,12660000,12660000,5697,9494,12670000,5560
0,1267,12670000,12670000,5697,9494,12680000,5564
0,1268,12680000,12680000,5697,9494,12690000,5568
0,1269,12690000,12690000,5697,9494,12700000,5571
0,127,1270000,1270000,5697,9494,1280000,555
0,1270,12700000,12700000,5697,9494,12710000,5579
0,1271,12710000,12710000,5697,9494,12720000,5581
0,1272,12720000,12720000,5697,9494,12730000,5587
0,1273,12730000,12730000,5697,9494,12740000,5589
0,1274,12740000,12740000,5697,9494,12750000,5595
0,1275,12750000,12750000,5697,9494,12760000,5598
0,1276,12760000,12760000,5697,9494,12770000,5604
0,1277,12770000,12770000,5697,9494,12780000,5608
0,1278,12780000,12780000,5697,9494,12790000,5613
0,1279,12790000,12790000,5697,9494,12800000,5615
0,128,1280000,1280000,5697,9494,1290000,560
0,1280,12800000,12800000,5697,9494,12810000,5620
0,1281,12810000,12810000,5697,9494,12820000,5627
0,1282,12820000,12820000,5697,9494,12830000,5631
0,1283,12830000,12830000,5697,9494,12840000,5633
0,1284,12840000,12840000,5697,9494,12850000,5640
0,1285,12850000,12850000,5697,9494,12860000,5642
0,1286,12860000,12860000,5697,9494,12870000,5646
0,1287,12870000,12870000,5697,9494,12880000,5651
0,1288,12880000,12880000,5697,9494,12890000,5658
0,1289,12890000,12890000,5697,9494,12900000,5660
0,129,1290000,1290000,5697,9494,1300000,565
0,1290,12900000,12900000,5697,9494,12910000,5665
0,1291,12910000,12910000,5697,9494,12920000,5669
0,1292,12920000,12920000,5697,9494,12930000,5675
0,1293,12930000,12930000,5697,9494,12940000,5678
0,1294,12940000,12940000,5697,9494,12950000,5682
0,1295,12950000,12950000,5697,9494,12960000,5686
0,1296,12960000,12960000,5697,9494,12970000,5692
0,1297,12970000,12970000,5697,9494,12980000,5694
0,1298,12980000,12980000,5697,9494,12990000,5702
0,1299,12990000,12990000,5697,9494,13000000,5705
0,13,130000,130000,5697,9494,140000,53
0,130,1300000,1300000,5697,9494,1310000,569
0,1300,13000000,13000000,5697,9494,13010000,5709
0,1301,13010000,13010000,5697,9494,13020000,5711
0,1302,13020000,13020000,5697,9494,13030000,5718
0,1303,13030000,13030000,5697,9494,13040000,5722
0,1304,13040000,13040000,5697,9494,13050000,5727
0,1305,13050000,13050000,5697,9494,13060000,5732
0,1306,13060000,13060000,5697,9494,13070000,5736
0,1307,13070000,13070000,5697,9494,13080000,5738
0,1308,13080000,13080000,5697,9494,13090000,5743
0,1309,13090000,13090000,5697,9494,13100000,5749
0,131,1310000,1310000,5697,9494,1320000,571
0,1310,13100000,13100000,5697,9494,13110000,5753
0,1311,13110000,13110000,5697,9494,13120000,5756
0,1312,13120000,13120000,5697,9494,13130000,5763
0,1313,13130000,13130000,5697,9494,13140000,5765
0,1314,13140000,13140000,5697,9494,13150000,5772
0,1315,13150000,13150000,5697,9494,13160000,5774
0,1316,13160000,13160000,5697,9494,13170000,5780
0,1317,13170000,13170000,5697,9494,13180000,5783
0,1318,13180000,13180000,5697,9494,13190000,5787
0,1319,13190000,13190000,5697,9494,13200000,5791
0,132,1320000,1320000,5697,9494,1330000,578
0,1320,13200000,13200000,5697,9494,13210000,5799
0,1321,13210000,13210000,5697,9494,13220000,5801
0,1322,13220000,13220000,5697,9494,13230000,5805
0,1323,13230000,13230000,5697,9494,13240000,5810
0,1324,13240000,13240000,5697,9494,13250000,5814
0,1325,13250000,13250000,5697,9494,13260000,5818
0,1326,13260000,13260000,5697,9494,13270000,5825
0,1327,13270000,13270000,5697,9494,13280000,5827
0,1328,13280000,13280000,5697,9494,13290000,5832
0,1329,13290000,13290000,5697,9494,13300000,5835
0,133,1330000,1330000,5697,9494,1340000,582
0,1330,13300000,13300000,5697,9494,13310000,5841
0,1331,13310000,13310000,5697,9494,13320000,5845
0,1332,13320000,13320000,5697,9494,13330000,5850
0,1333,13330000,13330000,5697,9494,13340000,5854
0,1334,13340000,13340000,5697,9494,13350000,5858
0,1335,13350000,13350000,5697,9494,13360000,5861
0,1336,13360000,13360000,5697,9494,13370000,5868
0,1337,13370000,13370000,5697,9494,13380000,5872
0,1338,13380000,13380000,5697,9494,13390000,5877
0,1339,13390000,13390000,5697,9494,13400000,5879
0,134,1340000,1340000,5697,9494,1350000,586
0,1340,13400000,13400000,5697,9494,13410000,5885
0,1341,13410000,13410000,5697,9494,13420000,5888
0,1342,13420000,13420000,5697,9494,13430000,5894
0,1343,13430000,13430000,5697,9494,13440000,5896
0,1344,13440000,13440000,5697,9494,13450000,5904
0,1345,13450000,13450000,5697,9494,13460000,5906
0,1346,13460000,13460000,5697,9494,13470000,5910
0,1347,13470000,13470000,5697,9494,13480000,5917
0,1348,13480000,13480000,5697,9494,13490000,5921
0,1349,13490000,13490000,5697,9494,13500000,5923
0,135,1350000,1350000,5697,9494,1360000,589
0,1350,13500000,13500000,5697,9494,13510000,5928
0,1351,13510000,13510000,5697,9494,13520000,5932
0,1352,13520000,13520000,5697,9494,13530000,5937
0,1353,13530000,13530000,5697,9494,13540000,5942
0,1354,13540000,13540000,5697,9494,13550000,5948
0,1355,13550000,13550000,5697,9494,13560000,5950
0,1356,13560000,13560000,5697,9494,13570000,5955
0,1357,13570000,13570000,5697,9494,13580000,5957
0,1358,13580000,13580000,5697,9494,13590000,5965
0,1359,13590000,13590000,5697,9494,13600000,5968
0,136,1360000,1360000,5697,9494,1370000,596
0,1360,13600000,13600000,5697,9494,13610000,5973
0,1361,13610000,13610000,5697,9494,13620000,5977
0,1362,13620000,13620000,5697,9494,13630000,5982
0,1363,13630000,13630000,5697,9494,13640000,5984
0,1364,13640000,13640000,5697,9494,13650000,5990
0,1365,13650000,13650000,5697,9494,13660000,5995
0,1366,13660000,13660000,5697,9494,13670000,5999
0,1367,13670000,13670000,5697,9494,13680000,6001
0,1368,13680000,13680000,5697,9494,13690000,6009
0,1369,13690000,13690000,5697,9494,13700000,6013
0,137,1370000,1370000,5697,9494,1380000,600
0,1370,13700000,13700000,5697,9494,13710000,6017
0,1371,13710000,13710000,5697,9494,13720000,6020
0,1372,13720000,13720000,5697,9494,13730000,6026
0,1373,13730000,13730000,5697,9494,13740000,6028
0,1374,13740000,13740000,5697,9494,13750000,6033
0,1375,13750000,13750000,5697,9494,13760000,6039
0,1376,13760000,13760000,5697,9494,13770000,6044
0,1377,13770000,13770000,5697,9494,13780000,6047
0,1378,13780000,13780000,5697,9494,13790000,6051
0,1379,13790000,13790000,5697,9494,13800000,6055
0,138,1380000,1380000,5697,9494,1390000,605
0,1380,13800000,13800000,5697,9494,13810000,6062
0,1381,13810000,13810000,5697,9494,13820000,6064
0,1382,13820000,13820000,5697,9494,13830000,6070
0,1383,13830000,13830000,5697,9494,13840000,6073
0,1384,13840000,13840000,5697,9494,13850000,6078
0,1385,13850000,13850000,5697,9494,13860000,6080
0,1386,13860000,13860000,5697,9494,13870000,6089
0,1387,13870000,13870000,5697,9494,13880000,6091
0,1388,13880000,13880000,5697,9494,13890000,6095
0,1389,13890000,13890000,5697,9494,13900000,6100
0,139,1390000,1390000,5697,9494,1400000,607
0,1390,13900000,13900000,5697,9494,13910000,6104
0,1391,13910000,13910000,5697,9494,13920000,6108
0,1392,13920000,13920000,5697,9494,13930000,6114
0,1393,13930000,13930000,5697,9494,13940000,6118
0,1394,13940000,13940000,5697,9494,13950000,6122
0,1395,13950000,13950000,5697,9494,13960000,6125
0,1396,13960000,13960000,5697,9494,13970000,6131
0,1397,13970000,13970000,5697,9494,13980000,6135
0,1398,13980000,13980000,5697,9494,13990000,6140
0,1399,13990000,13990000,5697,9494,14000000,6142
0,14,140000,140000,5697,9494,150000,59
0,140,1400000,1400000,5697,9494,1410000,613
0,1400,14000000,14000000,5697,9494,14010000,6149
0,1401,14010000,14010000,5697,9494,14020000,6152
0,1402,14020000,14020000,5697,9494,14030000,6158
0,1403,14030000,14030000,5697,9494,14040000,6162
0,1404,14040000,14040000,5697,9494,14050000,6167
0,1405,14050000,14050000,5697,9494,14060000,6169
0,1406,14060000,14060000,5697,9494,14070000,6173
0,1407,14070000,14070000,5697,9494,14080000,6178
0,1408,14080000,14080000,5697,9494,14090000,6185
0,1409,14090000,14090000,5697,9494,14100000,6187
0,141,1410000,1410000,5697,9494,1420000,616
0,1410,14100000,14100000,5697,9494,14110000,6194
0,1411,14110000,14110000,5697,9494,14120000,6196
0,1412,14120000,14120000,5697,9494,14130000,6200
0,1413,14130000,14130000,5697,9494,14140000,6205
0,1414,14140000,14140000,5697,9494,14150000,6211
0,1415,14150000,14150000,5697,9494,14160000,6213
0,1416,14160000,14160000,5697,9494,14170000,6219
0,1417,14170000,14170000,5697,9494,14180000,6223
0,1418,14180000,14180000,5697,9494,14190000,6227
0,1419,14190000,14190000,5697,9494,14200000,6232
0,142,1420000,1420000,5697,9494,1430000,620
0,1420,14200000,14200000,5697,9494,14210000,6236
0,1421,14210000,14210000,5697,9494,14220000,6240
0,1422,14220000,14220000,5697,9494,14230000,6245
0,1423,14230000,14230000,5697,9494,14240000,6247
0,1424,14240000,14240000,5697,9494,14250000,6256
0,1425,14250000,14250000,5697,9494,14260000,6259
0,1426,14260000,14260000,5697,9494,14270000,6263
0,1427,14270000,14270000,5697,9494,14280000,6265
0,1428,14280000,14280000,5697,9494,14290000,6272
0,1429,14290000,14290000,5697,9494,14300000,6274
0,143,1430000,1430000,5697,9494,1440000,626
0,1430,14300000,14300000,5697,9494,14310000,6280
0,1431,14310000,14310000,5697,9494,14320000,6285
0,1432,14320000,14320000,5697,9494,14330000,6290
0,1433,14330000,14330000,5697,9494,14340000,6292
0,1434,14340000,14340000,5697,9494,14350000,6297
0,1435,14350000,14350000,5697,9494,14360000,6303
0,1436,14360000,14360000,5697,9494,14370000,6307
0,1437,14370000,14370000,5697,9494,14380000,6310
0,1438,14380000,14380000,5697,9494,14390000,6316
0,1439,14390000,14390000,5697,9494,14400000,6318
0,144,1440000,1440000,5697,9494,1450000,632
0,1440,14400000,14400000,5697,9494,14410000,6324
0,1441,14410000,14410000,5697,9494,14420000,6328
0,1442,14420000,14420000,5697,9494,14430000,6334
0,1443,14430000,14430000,5697,9494,14440000,6337
0,1444,14440000,14440000,5697,9494,14450000,6341
0,1445,14450000,14450000,5697,9494,14460000,6345
0,1446,14460000,14460000,5697,9494,14470000,6352
0,1447,14470000,14470000,5697,9494,14480000,6354
0,1448,14480000,14480000,5697,9494,14490000,6359
0,1449,14490000,14490000,5697,9494,14500000,6364
0,145,1450000,1450000,5697,9494,1460000,634
0,1450,14500000,14500000,5697,9494,14510000,6368
0,1451,14510000,14510000,5697,9494,14520000,6370
0,1452,14520000,14520000,5697,9494,14530000,6379
0,1453,14530000,14530000,5697,9494,14540000,6381
0,1454,14540000,14540000,5697,9494,14550000,6385
0,1455,14550000,14550000,5697,9494,14560000,6388
0,1456,14560000,14560000,5697,9494,14570000,6395
0,1457,14570000,14570000,5697,9494,14580000,6399
0,1458,14580000,14580000,5697,9494,14590000,6404
0,1459,14590000,14590000,5697,9494,14600000,6408
0,146,1460000,1460000,5697,9494,1470000,638
0,1460,14600000,14600000,5697,9494,14610000,6412
0,1461,14610000,14610000,5697,9494,14620000,6415
0,1462,14620000,14620000,5697,9494,14630000,6419
0,1463,14630000,14630000,5697,9494,14640000,6425
0,1464,14640000,14640000,5697,9494,14650000,6431
0,1465,14650000,14650000,5697,9494,14660000,6433
0,1466,14660000,14660000,5697,9494,14670000,6439
0,1467,14670000,14670000,5697,9494,14680000,6442
0,1468,14680000,14680000,5697,9494,14690000,6448
0,1469,14690000,14690000,5697,9494,14700000,6450
0,147,1470000,1470000,5697,9494,1480000,643
0,1470,14700000,14700000,5697,9494,14710000,6457
0,1471,14710000,14710000,5697,9494,14720000,6459
0,1472,14720000,14720000,5697,9494,14730000,6464
0,1473,14730000,14730000,5697,9494,14740000,6469
0,1474,14740000,14740000,5697,9494,14750000,6475
0,1475,14750000,14750000,5697,9494,14760000,6477
0,1476,14760000,14760000,5697,9494,14770000,6482
0,1477,14770000,14770000,5697,9494,14780000,6486
0,1478,14780000,14780000,5697,9494,14790000,6490
0,1479,14790000,14790000,5697,9494,14800000,6495
0,148,1480000,1480000,5697,9494,1490000,649
0,1480,14800000,14800000,5697,9494,14810000,6502
0,1481,14810000,14810000,5697,9494,14820000,6504
0,1482,14820000,14820000,5697,9494,14830000,6509
0,1483,14830000,14830000,5697,9494,14840000,6511
0,1484,14840000,14840000,5697,9494,14850000,6517
0,1485,14850000,14850000,5697,9494,14860000,6522
0,1486,14860000,14860000,5697,9494,14870000,6526
0,1487,14870000,14870000,5697,9494,14880000,6530
0,1488,14880000,14880000,5697,9494,14890000,6536
0,1489,14890000,14890000,5697,9494,14900000,6538
0,149,1490000,1490000,5697,9494,1500000,651
0,1490,14900000,14900000,5697,9494,14910000,6544
0,1491,14910000,14910000,5697,9494,14920000,6549
0,1492,14920000,14920000,5697,9494,14930000,6553
0,1493,14930000,14930000,5697,9494,14940000,6555
0,1494,14940000,14940000,5697,9494,14950000,6562
0,1495,14950000,14950000,5697,9494,14960000,6564
0,1496,14960000,14960000,5697,9494,14970000,6571
0,1497,14970000,14970000,5697,9494,14980000,6574
0,1498,14980000,14980000,5697,9494,14990000,6580
0,1499,14990000,14990000,5697,9494,15000000,6582
0,15,150000,150000,5697,9494,160000,62
0,150,1500000,1500000,5697,9494,1510000,658
0,1500,15000000,15000000,5697,9494,15010000,6587
0,1501,15010000,15010000,5697,9494,15020000,6593
0,1502,15020000,15020000,5697,9494,15030000,6597
0,1503,15030000,15030000,5697,9494,15040000,6600
0,1504,15040000,15040000,5697,9494,15050000,6605
0,1505,15050000,15050000,5697,9494,15060000,6609
0,1506,15060000,15060000,5697,9494,15070000,6614
0,1507,15070000,15070000,5697,9494,15080000,6618
0,1508,15080000,15080000,5697,9494,15090000,6624
0,1509,15090000,15090000,5697,9494,15100000,6627
0,151,1510000,1510000,5697,9494,1520000,660
0,1510,15100000,15100000,5697,9494,15110000,6631
0,1511,15110000,15110000,5697,9494,15120000,6633
0,1512,15120000,15120000,5697,9494,15130000,6643
0,1513,15130000,15130000,5697,9494,15140000,6645
0,1514,15140000,15140000,5697,9494,15150000,6649
0,1515,15150000,15150000,5697,9494,15160000,6654
0,1516,15160000,15160000,5697,9494,15170000,6658
0,1517,15170000,15170000,5697,9494,15180000,6660
0,1518,15180000,15180000,5697,9494,15190000,6667
0,1519,15190000,15190000,5697,9494,15200000,6671
0,152,1520000,1520000,5697,9494,1530000,665
0,1520,15200000,15200000,5697,9494,15210000,6676
0,1521,15210000,15210000,5697,9494,15220000,6679
0,1522,15220000,15220000,5697,9494,15230000,6685
0,1523,15230000,15230000,5697,9494,15240000,6689
0,1524,15240000,15240000,5697,9494,15250000,6694
0,1525,15250000,15250000,5697,9494,15260000,6696
0,1526,15260000,15260000,5697,9494,15270000,6702
0,1527,15270000,15270000,5697,9494,15280000,6705
0,1528,15280000,15280000,5697,9494,15290000,6710
0,1529,15290000,15290000,5697,9494,15300000,6716
0,153,1530000,1530000,5697,9494,1540000,668
0,1530,15300000,15300000,5697,9494,15310000,6721
0,1531,15310000,15310000,5697,9494,15320000,6723
0,1532,15320000,15320000,5697,9494,15330000,6727
0,1533,15330000,15330000,5697,9494,15340000,6732
0,1534,15340000,15340000,5697,9494,15350000,6738
0,1535,15350000,15350000,5697,9494,15360000,6740
0,1536,15360000,15360000,5697,9494,15370000,6748
0,1537,15370000,15370000,5697,9494,15380000,6750
0,1538,15380000,15380000,5697,9494,15390000,6754
0,1539,15390000,15390000,5697,9494,15400000,6757
0,154,1540000,1540000,5697,9494,1550000,676
0,1540,15400000,15400000,5697,9494,15410000,6765
0,1541,15410000,15410000,5697,9494,15420000,6767
0,1542,15420000,15420000,5697,9494,15430000,6772
0,1543,15430000,15430000,5697,9494,15440000,6776
0,1544,15440000,15440000,5697,9494,15450000,6781
0,1545,15450000,15450000,5697,9494,15460000,6786
0,1546,15460000,15460000,5697,9494,15470000,6790
0,1547,15470000,15470000,5697,9494,15480000,6794
0,1548,15480000,15480000,5697,9494,15490000,6799
0,1549,15490000,15490000,5697,9494,15500000,6801
0,155,1550000,1550000,5697,9494,1560000,678
0,1550,15500000,15500000,5697,9494,15510000,6807
0,1551,15510000,15510000,5697,9494,15520000,6812
0,1552,15520000,15520000,5697,9494,15530000,6817
0,1553,15530000,15530000,5697,9494,15540000,6819
0,1554,15540000,15540000,5697,9494,15550000,6826
0,1555,15550000,15550000,5697,9494,15560000,6828
0,1556,15560000,15560000,5697,9494,15570000,6834
0,1557,15570000,15570000,5697,9494,15580000,6839
0,1558,15580000,15580000,5697,9494,15590000,6843
0,1559,15590000,15590000,5697,9494,15600000,6845
0,156,1560000,1560000,5697,9494,1570000,683
0,1560,15600000,15600000,5697,9494,15610000,6851
0,1561,15610000,15610000,5697,9494,15620000,6855
0,1562,15620000,15620000,5697,9494,15630000,6861
0,1563,15630000,15630000,5697,9494,15640000,6864
0,1564,15640000,15640000,5697,9494,15650000,6870
0,1565,15650000,15650000,5697,9494,15660000,6872
0,1566,15660000,15660000,5697,9494,15670000,6877
0,1567,15670000,15670000,5697,9494,15680000,6881
0,1568,15680000,15680000,5697,9494,15690000,6888
0,1569,15690000,15690000,5697,9494,15700000,6891
0,157,1570000,1570000,5697,9494,1580000,687
0,1570,15700000,15700000,5697,9494,15710000,6895
0,1571,15710000,15710000,5697,9494,15720000,6899
0,1572,15720000,15720000,5697,9494,15730000,6904
0,1573,15730000,15730000,5697,9494,15740000,6908
0,1574,15740000,15740000,5697,9494,15750000,6912
0,1575,15750000,15750000,5697,9494,15760000,6917
0,1576,15760000,15760000,5697,9494,15770000,6922
0,1577,15770000,15770000,5697,9494,15780000,6924
0,1578,15780000,15780000,5697,9494,15790000,6933
0,1579,15790000,15790000,5697,9494,15800000,6935
0,158,1580000,1580000,5697,9494,1590000,691
0,1580,15800000,15800000,5697,9494,15810000,6939
0,1581,15810000,15810000,5697,9494,15820000,6942
0,1582,15820000,15820000,5697,9494,15830000,6948
0,1583,15830000,15830000,5697,9494,15840000,6950
0,1584,15840000,15840000,5697,9494,15850000,6958
0,1585,15850000,15850000,5697,9494,15860000,6962
0,1586,15860000,15860000,5697,9494,15870000,6966
0,1587,15870000,15870000,5697,9494,15880000,6969
0,1588,15880000,15880000,5697,9494,15890000,6973
0,1589,15890000,15890000,5697,9494,15900000,6979
0,159,1590000,1590000,5697,9494,1600000,696
0,1590,15900000,15900000,5697,9494,15910000,6984
0,1591,15910000,15910000,5697,9494,15920000,6986
0,1592,15920000,15920000,5697,9494,15930000,6993
0,1593,15930000,15930000,5697,9494,15940000,6996
0,1594,15940000,15940000,5697,9494,15950000,7000
0,1595,15950000,15950000,5697,9494,15960000,7004
0,1596,15960000,15960000,5697,9494,15970000,7011
0,1597,15970000,15970000,5697,9494,15980000,7013
0,1598,15980000,15980000,5697,9494,15990000,7017
0,1599,15990000,15990000,5697,9494,16000000,7022
0,16,160000,160000,5697,9494,170000,69
0,160,1600000,1600000,5697,9494,1610000,701
0,1600,16000000,16000000,5697,9494,16010000,7029
0,1601,16010000,16010000,5697,9494,16020000,7031
0,1602,16020000,16020000,5697,9494,16030000,7036
0,1603,16030000,16030000,5697,9494,16040000,7040
0,1604,16040000,16040000,5697,9494,16050000,7044
0,1605,16050000,16050000,5697,9494,16060000,7047
0,1606,16060000,16060000,5697,9494,16070000,7055
0,1607,16070000,16070000,5697,9494,16080000,7057
0,1608,16080000,16080000,5697,9494,16090000,7063
0,1609,16090000,16090000,5697,9494,16100000,7065
0,161,1610000,1610000,5697,9494,1620000,705
0,1610,16100000,16100000,5697,9494,16110000,7071
0,1611,16110000,16110000,5697,9494,16120000,7076
0,1612,16120000,16120000,5697,9494,16130000,7080
0,1613,16130000,16130000,5697,9494,16140000,7084
0,1614,16140000,16140000,5697,9494,16150000,7089
0,1615,16150000,16150000,5697,9494,16160000,7091
0,1616,16160000,16160000,5697,9494,16170000,7096
0,1617,16170000,16170000,5697,9494,16180000,7103
0,1618,16180000,16180000,5697,9494,16190000,7107
0,1619,16190000,16190000,5697,9494,16200000,7109
0,162,1620000,1620000,5697,9494,1630000,710
0,1620,16200000,16200000,5697,9494,16210000,7116
0,1621,16210000,16210000,5697,9494,16220000,7118
0,1622,16220000,16220000,5697,9494,16230000,7124
0,1623,16230000,16230000,5697,9494,16240000,7127
0,1624,16240000,16240000,5697,9494,16250000,7134
0,1625,16250000,16250000,5697,9494,16260000,7136
0,1626,16260000,16260000,5697,9494,16270000,7141
0,1627,16270000,16270000,5697,9494,16280000,7145
0,1628,16280000,16280000,5697,9494,16290000,7151
0,1629,16290000,16290000,5697,9494,16300000,7154
0,163,1630000,1630000,5697,9494,1640000,712
0,1630,16300000,16300000,5697,9494,16310000,7158
0,1631,16310000,16310000,5697,9494,16320000,7162
0,1632,16320000,16320000,5697,9494,16330000,7168
0,1633,16330000,16330000,5697,9494,16340000,7172
0,1634,16340000,16340000,5697,9494,16350000,7178
0,1635,16350000,16350000,5697,9494,16360000,7181
0,1636,16360000,16360000,5697,9494,16370000,7185
0,1637,16370000,16370000,5697,9494,16380000,7187
0,1638,16380000,16380000,5697,9494,16390000,7194
0,1639,16390000,16390000,5697,9494,16400000,7198
0,164,1640000,1640000,5697,9494,1650000,718
0,1640,16400000,16400000,5697,9494,16410000,7203
0,1641,16410000,16410000,5697,9494,16420000,7208
0,1642,16420000,16420000,5697,9494,16430000,7212
0,1643,16430000,16430000,5697,9494,16440000,7214
0,1644,16440000,16440000,5697,9494,16450000,7221
0,1645,16450000,16450000,5697,9494,16460000,7225
0,1646,16460000,16460000,5697,9494,16470000,7229
0,1647,16470000,16470000,5697,9494,16480000,7232
0,1648,16480000,16480000,5697,9494,16490000,7239
0,1649,16490000,16490000,5697,9494,16500000,7241
0,165,1650000,1650000,5697,9494,1660000,723
0,1650,16500000,16500000,5697,9494,16510000,7248
0,1651,16510000,16510000,5697,9494,16520000,7250
0,1652,16520000,16520000,5697,9494,16530000,7256
0,1653,16530000,16530000,5697,9494,16540000,7259
0,1654,16540000,16540000,5697,9494,16550000,7263
0,1655,16550000,16550000,5697,9494,16560000,7269
0,1656,16560000,16560000,5697,9494,16570000,7275
0,1657,16570000,16570000,5697,9494,16580000,7277
0,1658,16580000,16580000,5697,9494,16590000,7281
0,1659,16590000,16590000,5697,9494,16600000,7286
0,166,1660000,1660000,5697,9494,1670000,727
0,1660,16600000,16600000,5697,9494,16610000,7290
0,1661,16610000,16610000,5697,9494,16620000,7294
0,1662,16620000,16620000,5697,9494,16630000,7301
0,1663,16630000,16630000,5697,9494,16640000,7303
0,1664,16640000,16640000,5697,9494,16650000,7308
0,1665,16650000,16650000,5697,9494,16660000,7311
0,1666,16660000,16660000,5697,9494,16670000,7319
0,1667,16670000,16670000,5697,9494,16680000,7321
0,1668,16680000,16680000,5697,9494,16690000,7326
0,1669,16690000,16690000,5697,9494,16700000,7330
0,167,1670000,1670000,5697,9494,1680000,729
0,1670,16700000,16700000,5697,9494,16710000,7334
0,1671,16710000,16710000,5697,9494,16720000,7337
0,1672,16720000,16720000,5697,9494,16730000,7344
0,1673,16730000,16730000,5697,9494,16740000,7348
0,1674,16740000,16740000,5697,9494,16750000,7353
0,1675,16750000,16750000,5697,9494,16760000,7355
0,1676,16760000,16760000,5697,9494,16770000,7361
0,1677,16770000,16770000,5697,9494,16780000,7366
0,1678,16780000,16780000,5697,9494,16790000,7370
0,1679,16790000,16790000,5697,9494,16800000,7372
0,168,1680000,1680000,5697,9494,1690000,737
0,1680,16800000,16800000,5697,9494,16810000,7380
0,1681,16810000,16810000,5697,9494,16820000,7382
0,1682,16820000,16820000,5697,9494,16830000,7386
0,1683,16830000,16830000,5697,9494,16840000,7393
0,1684,16840000,16840000,5697,9494,16850000,7397
0,1685,16850000,16850000,5697,9494,16860000,7399
0,1686,16860000,16860000,5697,9494,16870000,7404
0,1687,16870000,16870000,5697,9494,16880000,7408
0,1688,16880000,16880000,5697,9494,16890000,7415
0,1689,16890000,16890000,5697,9494,16900000,7418
0,169,1690000,1690000,5697,9494,1700000,739
0,1690,16900000,16900000,5697,9494,16910000,7424
0,1691,16910000,16910000,5697,9494,16920000,7426
0,1692,16920000,16920000,5697,9494,16930000,7431
0,1693,16930000,16930000,5697,9494,16940000,7433
0,1694,16940000,16940000,5697,9494,16950000,7441
0,1695,16950000,16950000,5697,9494,16960000,7444
0,1696,16960000,16960000,5697,9494,16970000,7449
0,1697,16970000,16970000,5697,9494,16980000,7453
0,1698,16980000,16980000,5697,9494,16990000,7458
0,1699,16990000,16990000,5697,9494,17000000,7462
0,17,170000,170000,5697,9494,180000,73
0,170,1700000,1700000,5697,9494,1710000,745
0,1700,17000000,17000000,5697,9494,17010000,7466
0,1701,17010000,17010000,5697,9494,17020000,7471
0,1702,17020000,17020000,5697,9494,17030000,7475
0,1703,17030000,17030000,5697,9494,17040000,7477
0,1704,17040000,17040000,5697,9494,17050000,7485
0,1705,17050000,17050000,5697,9494,17060000,7489
0,1706,17060000,17060000,5697,9494,17070000,7493
0,1707,17070000,17070000,5697,9494,17080000,7496
0,1708,17080000,17080000,5697,9494,17090000,7502
0,1709,17090000,17090000,5697,9494,17100000,7504
0,171,1710000,1710000,5697,9494,1720000,750
0,1710,17100000,17100000,5697,9494,17110000,7511
0,1711,17110000,17110000,5697,9494,17120000,7515
0,1712,17120000,17120000,5697,9494,17130000,7520
0,1713,17130000,17130000,5697,9494,17140000,7523
0,1714,17140000,17140000,5697,9494,17150000,7527
0,1715,17150000,17150000,5697,9494,17160000,7531
0,1716,17160000,17160000,5697,9494,17170000,7538
0,1717,17170000,17170000,5697,9494,17180000,7540
0,1718,17180000,17180000,5697,9494,17190000,7546
0,1719,17190000,17190000,5697,9494,17200000,7549
0,172,1720000,1720000,5697,9494,1730000,754
0,1720,17200000,17200000,5697,9494,17210000,7554
0,1721,17210000,17210000,5697,9494,17220000,7558
0,1722,17220000,17220000,5697,9494,17230000,7565
0,1723,17230000,17230000,5697,9494,17240000,7567
0,1724,17240000,17240000,5697,9494,17250000,7571
0,1725,17250000,17250000,5697,9494,17260000,7576
0,1726,17260000,17260000,5697,9494,17270000,7580
0,1727,17270000,17270000,5697,9494,17280000,7584
0,1728,17280000,17280000,5697,9494,17290000,7590
0,1729,17290000,17290000,5697,9494,17300000,7594
0,173,1730000,1730000,5697,9494,1740000,756
0,1730,17300000,17300000,5697,9494,17310000,7598
0,1731,17310000,17310000,5697,9494,17320000,7601
0,1732,17320000,17320000,5697,9494,17330000,7609
0,1733,17330000,17330000,5697,9494,17340000,7611
0,1734,17340000,17340000,5697,9494,17350000,7616
0,1735,17350000,17350000,5697,9494,17360000,7618
0,1736,17360000,17360000,5697,9494,17370000,7625
0,1737,17370000,17370000,5697,9494,17380000,7628
0,1738,17380000,17380000,5697,9494,17390000,7634
0,1739,17390000,17390000,5697,9494,17400000,7638
0,174,1740000,1740000,5697,9494,1750000,761
0,1740,17400000,17400000,5697,9494,17410000,7643
0,1741,17410000,17410000,5697,9494,17420000,7645
0,1742,17420000,17420000,5697,9494,17430000,7649
0,1743,17430000,17430000,5697,9494,17440000,7656
0,1744,17440000,17440000,5697,9494,17450000,7661
0,1745,17450000,17450000,5697,9494,17460000,7663
0,1746,17460000,17460000,5697,9494,17470000,7670
0,1747,17470000,17470000,5697,9494,17480000,7672
0,1748,17480000,17480000,5697,9494,17490000,7676
0,1749,17490000,17490000,5697,9494,17500000,7681
0,175,1750000,1750000,5697,9494,1760000,765
0,1750,17500000,17500000,5697,9494,17510000,7687
0,1751,17510000,17510000,5697,9494,17520000,7689
0,1752,17520000,17520000,5697,9494,17530000,7695
0,1753,17530000,17530000,5697,9494,17540000,7699
0,1754,17540000,17540000,5697,9494,17550000,7705
0,1755,17550000,17550000,5697,9494,17560000,7708
0,1756,17560000,17560000,5697,9494,17570000,7712
0,1757,17570000,17570000,5697,9494,17580000,7716
0,1758,17580000,17580000,5697,9494,17590000,7721
0,1759,17590000,17590000,5697,9494,17600000,7723
0,176,1760000,1760000,5697,9494,1770000,772
0,1760,17600000,17600000,5697,9494,17610000,7732
0,1761,17610000,17610000,5697,9494,17620000,7735
0,1762,17620000,17620000,5697,9494,17630000,7739
0,1763,17630000,17630000,5697,9494,17640000,7741
0,1764,17640000,17640000,5697,9494,17650000,7748
0,1765,17650000,17650000,5697,9494,17660000,7752
0,1766,17660000,17660000,5697,9494,17670000,7756
0,1767,17670000,17670000,5697,9494,17680000,7761
0,1768,17680000,17680000,5697,9494,17690000,7766
0,1769,17690000,17690000,5697,9494,17700000,7768
0,177,1770000,1770000,5697,9494,1780000,775
0,1770,17700000,17700000,5697,9494,17710000,7773
0,1771,17710000,17710000,5697,9494,17720000,7779
0,1772,17720000,17720000,5697,9494,17730000,7783
0,1773,17730000,17730000,5697,9494,17740000,7786
0,1774,17740000,17740000,5697,9494,17750000,7792
0,1775,17750000,17750000,5697,9494,17760000,7794
0,1776,17760000,17760000,5697,9494,17770000,7802
0,1777,17770000,17770000,5697,9494,17780000,7804
0,1778,17780000,17780000,5697,9494,17790000,7810
0,1779,17790000,17790000,5697,9494,17800000,7813
0,178,1780000,1780000,5697,9494,1790000,781
0,1780,17800000,17800000,5697,9494,17810000,7817
0,1781,17810000,17810000,5697,9494,17820000,7821
0,1782,17820000,17820000,5697,9494,17830000,7828
0,1783,17830000,17830000,5697,9494,17840000,7830
0,1784,17840000,17840000,5697,9494,17850000,7835
0,1785,17850000,17850000,5697,9494,17860000,7840
0,1786,17860000,17860000,5697,9494,17870000,7844
0,1787,17870000,17870000,5697,9494,17880000,7848
0,1788,17880000,17880000,5697,9494,17890000,7855
0,1789,17890000,17890000,5697,9494,17900000,7857
0,179,1790000,1790000,5697,9494,1800000,783
0,1790,17900000,17900000,5697,9494,17910000,7861
0,1791,17910000,17910000,5697,9494,17920000,7864
0,1792,17920000,17920000,5697,9494,17930000,7871
0,1793,17930000,17930000,5697,9494,17940000,7875
0,1794,17940000,17940000,5697,9494,17950000,7880
0,1795,17950000,17950000,5697,9494,17960000,7884
0,1796,17960000,17960000,5697,9494,17970000,7888
0,1797,17970000,17970000,5697,9494,17980000,7891
0,1798,17980000,17980000,5697,9494,17990000,7897
0,1799,17990000,17990000,5697,9494,18000000,7901
0,18,180000,180000,5697,9494,190000,78
0,180,1800000,1800000,5697,9494,1810000,788
0,1800,18000000,18000000,5697,9494,18010000,7907
0,1801,18010000,18010000,5697,9494,18020000,7909
0,1802,18020000,18020000,5697,9494,18030000,7915
0,1803,18030000,18030000,5697,9494,18040000,7918
0,1804,18040000,18040000,5697,9494,18050000,7924
0,1805,18050000,18050000,5697,9494,18060000,7926
0,1806,18060000,18060000,5697,9494,18070000,7933
0,1807,18070000,18070000,5697,9494,18080000,7935
0,1808,18080000,18080000,5697,9494,18090000,7940
0,1809,18090000,18090000,5697,9494,18100000,7947
0,181,1810000,1810000,5697,9494,1820000,792
0,1810,18100000,18100000,5697,9494,18110000,7951
0,1811,18110000,18110000,5697,9494,18120000,7953
0,1812,18120000,18120000,5697,9494,18130000,7958
0,1813,18130000,18130000,5697,9494,18140000,7962
0,1814,18140000,18140000,5697,9494,18150000,7966
0,1815,18150000,18150000,5697,9494,18160000,7971
0,1816,18160000,18160000,5697,9494,18170000,7978
0,1817,18170000,18170000,5697,9494,18180000,7980
0,1818,18180000,18180000,5697,9494,18190000,7985
0,1819,18190000,18190000,5697,9494,18200000,7987
0,182,1820000,1820000,5697,9494,1830000,798
0,1820,18200000,18200000,5697,9494,18210000,7995
0,1821,18210000,18210000,5697,9494,18220000,7998
0,1822,18220000,18220000,5697,9494,18230000,8002
0,1823,18230000,18230000,5697,9494,18240000,8006
0,1824,18240000,18240000,5697,9494,18250000,8012
0,1825,18250000,18250000,5697,9494,18260000,8014
0,1826,18260000,18260000,5697,9494,18270000,8020
0,1827,18270000,18270000,5697,9494,18280000,8025
0,1828,18280000,18280000,5697,9494,18290000,8029
0,1829,18290000,18290000,5697,9494,18300000,8031
0,183,1830000,1830000,5697,9494,1840000,801
0,1830,18300000,18300000,5697,9494,18310000,8038
0,1831,18310000,18310000,5697,9494,18320000,8042
0,1832,18320000,18320000,5697,9494,18330000,8047
0,1833,18330000,18330000,5697,9494,18340000,8050
0,1834,18340000,18340000,5697,9494,18350000,8056
0,1835,18350000,18350000,5697,9494,18360000,8058
0,1836,18360000,18360000,5697,9494,18370000,8063
0,1837,18370000,18370000,5697,9494,18380000,8069
0,1838,18380000,18380000,5697,9494,18390000,8073
0,1839,18390000,18390000,5697,9494,18400000,8076
0,184,1840000,1840000,5697,9494,1850000,806
0,1840,18400000,18400000,5697,9494,18410000,8081
0,1841,18410000,18410000,5697,9494,18420000,8085
0,1842,18420000,18420000,5697,9494,18430000,8092
0,1843,18430000,18430000,5697,9494,18440000,8094
0,1844,18440000,18440000,5697,9494,18450000,8100
0,1845,18450000,18450000,5697,9494,18460000,8103
0,1846,18460000,18460000,5697,9494,18470000,8107
0,1847,18470000,18470000,5697,9494,18480000,8109
0,185,1850000,1850000,5697,9494,1860000,810
0,186,1860000,1860000,5697,9494,1870000,815
0,187,1870000,1870000,5697,9494,1880000,819
0,188,1880000,1880000,5697,9494,1890000,823
0,189,1890000,1890000,5697,9494,1900000,828
0,19,190000,190000,5697,9494,200000,80
0,190,1900000,1900000,5697,9494,1910000,832
0,191,1910000,1910000,5697,9494,1920000,834
0,192,1920000,1920000,5697,9494,1930000,844
0,193,1930000,1930000,5697,9494,1940000,846
0,194,1940000,1940000,5697,9494,1950000,850
0,195,1950000,1950000,5697,9494,1960000,853
0,196,1960000,1960000,5697,9494,1970000,859
0,197,1970000,1970000,5697,9494,1980000,861
0,198,1980000,1980000,5697,9494,1990000,868
0,199,1990000,1990000,5697,9494,2000000,872
0,2,20000,20000,5697,9494,30000,6
0,20,200000,200000,5697,9494,210000,84
0,200,2000000,2000000,5697,9494,2010000,877
0,201,2010000,2010000,5697,9494,2020000,880
0,202,2020000,2020000,5697,9494,2030000,884
0,203,2030000,2030000,5697,9494,2040000,890
0,204,2040000,2040000,5697,9494,2050000,895
0,205,2050000,2050000,5697,9494,2060000,897
0,206,2060000,2060000,5697,9494,2070000,903
0,207,2070000,2070000,5697,9494,2080000,906
0,208,2080000,2080000,5697,9494,2090000,911
0,209,2090000,2090000,5697,9494,2100000,915
0,21,210000,210000,5697,9494,220000,89
0,210,2100000,2100000,5697,9494,2110000,922
0,211,2110000,2110000,5697,9494,2120000,924
0,212,2120000,2120000,5697,9494,2130000,928
0,213,2130000,2130000,5697,9494,2140000,933
0,214,2140000,2140000,5697,9494,2150000,939
0,215,2150000,2150000,5697,9494,2160000,941
0,216,2160000,2160000,5697,9494,2170000,947
0,217,2170000,2170000,5697,9494,2180000,951
0,218,2180000,2180000,5697,9494,2190000,955
0,219,2190000,2190000,5697,9494,2200000,958
0,22,220000,220000,5697,9494,230000,95
0,220,2200000,2200000,5697,9494,2210000,966
0,221,2210000,2210000,5697,9494,2220000,968
0,222,2220000,2220000,5697,9494,2230000,973
0,223,2230000,2230000,5697,9494,2240000,975
0,224,2240000,2240000,5697,9494,2250000,982
0,225,2250000,2250000,5697,9494,2260000,987
0,226,2260000,2260000,5697,9494,2270000,991
0,227,2270000,2270000,5697,9494,2280000,995
0,228,2280000,2280000,5697,9494,2290000,1000
0,229,2290000,2290000,5697,9494,2300000,1002
0,23,230000,230000,5697,9494,240000,97
0,230,2300000,2300000,5697,9494,2310000,1006
0,231,2310000,2310000,5697,9494,2320000,1013
0,232,2320000,2320000,5697,9494,2330000,1018
0,233,2330000,2330000,5697,9494,2340000,1020
0,234,2340000,2340000,5697,9494,2350000,1027
0,235,2350000,2350000,5697,9494,2360000,1029
0,236,2360000,2360000,5697,9494,2370000,1035
0,237,2370000,2370000,5697,9494,2380000,1038
0,238,2380000,2380000,5697,9494,2390000,1044
0,239,2390000,2390000,5697,9494,2400000,1046
0,24,240000,240000,5697,9494,250000,105
0,240,2400000,2400000,5697,9494,2410000,1052
0,241,2410000,2410000,5697,9494,2420000,1056
0,242,2420000,2420000,5697,9494,2430000,1062
0,243,2430000,2430000,5697,9494,2440000,1065
0,244,2440000,2440000,5697,9494,2450000,1069
0,245,2450000,2450000,5697,9494,2460000,1073
0,246,2460000,2460000,5697,9494,2470000,1078
0,247,2470000,2470000,5697,9494,2480000,1082
0,248,2480000,2480000,5697,9494,2490000,1089
0,249,2490000,2490000,5697,9494,2500000,1092
0,25,250000,250000,5697,9494,260000,107
0,250,2500000,2500000,5697,9494,2510000,1096
0,251,2510000,2510000,5697,9494,2520000,1098
0,252,2520000,2520000,5697,9494,2530000,1105
0,253,2530000,2530000,5697,9494,2540000,1109
0,254,2540000,2540000,5697,9494,2550000,1113
0,255,2550000,2550000,5697,9494,2560000,1118
0,256,2560000,2560000,5697,9494,2570000,1123
0,257,2570000,2570000,5697,9494,2580000,1125
0,258,2580000,2580000,5697,9494,2590000,1132
0,259,2590000,2590000,5697,9494,2600000,1136
0,26,260000,260000,5697,9494,270000,111
0,260,2600000,2600000,5697,9494,2610000,1140
0,261,2610000,2610000,5697,9494,2620000,1143
0,262,2620000,2620000,5697,9494,2630000,1149
0,263,2630000,2630000,5697,9494,2640000,1151
0,264,2640000,2640000,5697,9494,2650000,1159
0,265,2650000,2650000,5697,9494,2660000,1161
0,266,2660000,2660000,5697,9494,2670000,1167
0,267,2670000,2670000,5697,9494,2680000,1170
0,268,2680000,2680000,5697,9494,2690000,1174
0,269,2690000,2690000,5697,9494,2700000,1180
0,27,270000,270000,5697,9494,280000,116
0,270,2700000,2700000,5697,9494,2710000,1185
0,271,2710000,2710000,5697,9494,2720000,1187
0,272,2720000,2720000,5697,9494,2730000,1192
0,273,2730000,2730000,5697,9494,2740000,1197
0,274,2740000,2740000,5697,9494,2750000,1201
0,275,2750000,2750000,5697,9494,2760000,1205
0,276,2760000,2760000,5697,9494,2770000,1212
0,277,2770000,2770000,5697,9494,2780000,1214
0,278,2780000,2780000,5697,9494,2790000,1218
0,279,2790000,2790000,5697,9494,2800000,1221
0,28,280000,280000,5697,9494,290000,122
0,280,2800000,2800000,5697,9494,2810000,1230
0,281,2810000,2810000,5697,9494,2820000,1232
0,282,2820000,2820000,5697,9494,2830000,1237
0,283,2830000,2830000,5697,9494,2840000,1241
0,284,2840000,2840000,5697,9494,2850000,1245
0,285,2850000,2850000,5697,9494,2860000,1248
0,286,2860000,2860000,5697,9494,2870000,1254
0,287,2870000,2870000,5697,9494,2880000,1258
0,288,2880000,2880000,5697,9494,2890000,1264
0,289,2890000,2890000,5697,9494,2900000,1266
0,29,290000,290000,5697,9494,300000,124
0,290,2900000,2900000,5697,9494,2910000,1272
0,291,2910000,2910000,5697,9494,2920000,1277
0,292,2920000,2920000,5697,9494,2930000,1281
0,293,2930000,2930000,5697,9494,2940000,1283
0,294,2940000,2940000,5697,9494,2950000,1290
0,295,2950000,2950000,5697,9494,2960000,1292
0,296,2960000,2960000,5697,9494,2970000,1297
0,297,2970000,2970000,5697,9494,2980000,1304
0,298,2980000,2980000,5697,9494,2990000,1308
0,299,2990000,2990000,5697,9494,3000000,1310
0,3,30000,30000,5697,9494,40000,11
0,30,300000,300000,5697,9494,310000,129
0,300,3000000,3000000,5697,9494,3010000,1315
0,301,3010000,3010000,5697,9494,3020000,1319
0,302,3020000,3020000,5697,9494,3030000,1325
0,303,3030000,3030000,5697,9494,3040000,1328
0,304,3040000,3040000,5697,9494,3050000,1335
0,305,3050000,3050000,5697,9494,3060000,1337
0,306,3060000,3060000,5697,9494,3070000,1342
0,307,3070000,3070000,5697,9494,3080000,1344
0,308,3080000,3080000,5697,9494,3090000,1352
0,309,3090000,3090000,5697,9494,3100000,1355
0,31,310000,310000,5697,9494,320000,133
0,310,3100000,3100000,5697,9494,3110000,1359
0,311,3110000,3110000,5697,9494,3120000,1363
0,312,3120000,3120000,5697,9494,3130000,1369
0,313,3130000,3130000,5697,9494,3140000,1373
0,314,3140000,3140000,5697,9494,3150000,1377
0,315,3150000,3150000,5697,9494,3160000,1382
0,316,3160000,3160000,5697,9494,3170000,1386
0,317,3170000,3170000,5697,9494,3180000,1388
0,318,3180000,3180000,5697,9494,3190000,1395
0,319,3190000,3190000,5697,9494,3200000,1399
0,32,320000,320000,5697,9494,330000,138
0,320,3200000,3200000,5697,9494,3210000,1404
0,321,3210000,3210000,5697,9494,3220000,1407
0,322,3220000,3220000,5697,9494,3230000,1413
0,323,3230000,3230000,5697,9494,3240000,1415
0,324,3240000,3240000,5697,9494,3250000,1422
0,325,3250000,3250000,5697,9494,3260000,1426
0,326,3260000,3260000,5697,9494,3270000,1430
0,327,3270000,3270000,5697,9494,3280000,1433
0,328,3280000,3280000,5697,9494,3290000,1438
0,329,3290000,3290000,5697,9494,3300000,1442
0,33,330000,330000,5697,9494,340000,143
0,330,3300000,3300000,5697,9494,3310000,1449
0,331,3310000,3310000,5697,9494,3320000,1451
0,332,3320000,3320000,5697,9494,3330000,1457
0,333,3330000,3330000,5697,9494,3340000,1460
0,334,3340000,3340000,5697,9494,3350000,1464
0,335,3350000,3350000,5697,9494,3360000,1468
0,336,3360000,3360000,5697,9494,3370000,1476
0,337,3370000,3370000,5697,9494,3380000,1478
0,338,3380000,3380000,5697,9494,3390000,1482
0,339,3390000,3390000,5697,9494,3400000,1487
0,34,340000,340000,5697,9494,350000,147
0,340,3400000,3400000,5697,9494,3410000,1491
0,341,3410000,3410000,5697,9494,3420000,1495
0,342,3420000,3420000,5697,9494,3430000,1500
0,343,3430000,3430000,5697,9494,3440000,1504
0,344,3440000,3440000,5697,9494,3450000,1509
0,345,3450000,3450000,5697,9494,3460000,1512
0,346,3460000,3460000,5697,9494,3470000,1520
0,347,3470000,3470000,5697,9494,3480000,1522
0,348,3480000,3480000,5697,9494,3490000,1527
0,349,3490000,3490000,5697,9494,3500000,1529
0,35,350000,350000,5697,9494,360000,151
0,350,3500000,3500000,5697,9494,3510000,1535
0,351,3510000,3510000,5697,9494,3520000,1538
0,352,3520000,3520000,5697,9494,3530000,1545
0,353,3530000,3530000,5697,9494,3540000,1549
0,354,3540000,3540000,5697,9494,3550000,1554
0,355,3550000,3550000,5697,9494,3560000,1556
0,356,3560000,3560000,5697,9494,3570000,1560
0,357,3570000,3570000,5697,9494,3580000,1567
0,358,3580000,3580000,5697,9494,3590000,1571
0,359,3590000,3590000,5697,9494,3600000,1573
0,36,360000,360000,5697,9494,370000,156
0,360,3600000,3600000,5697,9494,3610000,1581
0,361,3610000,3610000,5697,9494,3620000,1583
0,362,3620000,3620000,5697,9494,3630000,1587
0,363,3630000,3630000,5697,9494,3640000,1592
0,364,3640000,3640000,5697,9494,3650000,1598
0,365,3650000,3650000,5697,9494,3660000,1600
0,366,3660000,3660000,5697,9494,3670000,1605
0,367,3670000,3670000,5697,9494,3680000,1609
0,368,3680000,3680000,5697,9494,3690000,1616
0,369,3690000,3690000,5697,9494,3700000,1619
0,37,370000,370000,5697,9494,380000,158
0,370,3700000,3700000,5697,9494,3710000,1623
0,371,3710000,3710000,5697,9494,3720000,1627
0,372,3720000,3720000,5697,9494,3730000,1632
0,373,3730000,3730000,5697,9494,3740000,1634
0,374,3740000,3740000,5697,9494,3750000,1642
0,375,3750000,3750000,5697,9494,3760000,1645
0,376,3760000,3760000,5697,9494,3770000,1650
0,377,3770000,3770000,5697,9494,3780000,1652
0,378,3780000,3780000,5697,9494,3790000,1659
0,379,3790000,3790000,5697,9494,3800000,1663
0,38,380000,380000,5697,9494,390000,166
0,380,3800000,3800000,5697,9494,3810000,1667
0,381,3810000,3810000,5697,9494,3820000,1672
0,382,3820000,3820000,5697,9494,3830000,1676
0,383,3830000,3830000,5697,9494,3840000,1678
0,384,3840000,3840000,5697,9494,3850000,1684
0,385,3850000,3850000,5697,9494,3860000,1690
0,386,3860000,3860000,5697,9494,3870000,1694
0,387,3870000,3870000,5697,9494,3880000,1697
0,388,3880000,3880000,5697,9494,3890000,1703
0,389,3890000,3890000,5697,9494,3900000,1705
0,39,390000,390000,5697,9494,400000,169
0,390,3900000,3900000,5697,9494,3910000,1712
0,391,3910000,3910000,5697,9494,3920000,1714
0,392,3920000,3920000,5697,9494,3930000,1721
0,393,3930000,3930000,5697,9494,3940000,1724
0,394,3940000,3940000,5697,9494,3950000,1728
0,395,3950000,3950000,5697,9494,3960000,1732
0,396,3960000,3960000,5697,9494,3970000,1739
0,397,3970000,3970000,5697,9494,3980000,1741
0,398,3980000,3980000,5697,9494,3990000,1745
0,399,3990000,3990000,5697,9494,4000000,1750
0,4,40000,40000,5697,9494,50000,15
0,40,400000,400000,5697,9494,410000,174
0,400,4000000,4000000,5697,9494,4010000,1755
0,401,4010000,4010000,5697,9494,4020000,1759
0,402,4020000,4020000,5697,9494,4030000,1766
0,403,4030000,4030000,5697,9494,4040000,1768
0,404,4040000,4040000,5697,9494,4050000,1772
0,405,4050000,4050000,5697,9494,4060000,1775
0,406,4060000,4060000,5697,9494,4070000,1781
0,407,4070000,4070000,5697,9494,4080000,1785
0,408,4080000,4080000,5697,9494,4090000,1791
0,409,4090000,4090000,5697,9494,4100000,1795
0,41,410000,410000,5697,9494,420000,176
0,410,4100000,4100000,5697,9494,4110000,1799
0,411,4110000,4110000,5697,9494,4120000,1802
0,412,4120000,4120000,5697,9494,4130000,1808
0,413,4130000,4130000,5697,9494,4140000,1812
0,414,4140000,4140000,5697,9494,4150000,1817
0,415,4150000,4150000,5697,9494,4160000,1819
0,416,4160000,4160000,5697,9494,4170000,1826
0,417,4170000,4170000,5697,9494,4180000,1829
0,418,4180000,4180000,5697,9494,4190000,1835
0,419,4190000,4190000,5697,9494,4200000,1837
0,42,420000,420000,5697,9494,430000,183
0,420,4200000,4200000,5697,9494,4210000,1844
0,421,4210000,4210000,5697,9494,4220000,1846
0,422,4220000,4220000,5697,9494,4230000,1850
0,423,4230000,4230000,5697,9494,4240000,1857
0,424,4240000,4240000,5697,9494,4250000,1862
0,425,4250000,4250000,5697,9494,4260000,1864
0,426,4260000,4260000,5697,9494,4270000,1869
0,427,4270000,4270000,5697,9494,4280000,1873
0,428,4280000,4280000,5697,9494,4290000,1877
0,429,4290000,4290000,5697,9494,4300000,1882
0,43,430000,430000,5697,9494,440000,185
0,430,4300000,4300000,5697,9494,4310000,1888
0,431,4310000,4310000,5697,9494,4320000,1890
0,432,4320000,4320000,5697,9494,4330000,1896
0,433,4330000,4330000,5697,9494,4340000,1898
0,434,4340000,4340000,5697,9494,4350000,1906
0,435,4350000,4350000,5697,9494,4360000,1909
0,436,4360000,4360000,5697,9494,4370000,1913
0,437,4370000,4370000,5697,9494,4380000,1917
0,438,4380000,4380000,5697,9494,4390000,1922
0,439,4390000,4390000,5697,9494,4400000,1924
0,44,440000,440000,5697,9494,450000,191
0,440,4400000,4400000,5697,9494,4410000,1931
0,441,4410000,4410000,5697,9494,4420000,1936
0,442,4420000,4420000,5697,9494,4430000,1940
0,443,4430000,4430000,5697,9494,4440000,1942
0,444,4440000,4440000,5697,9494,4450000,1949
0,445,4450000,4450000,5697,9494,4460000,1953
0,446,4460000,4460000,5697,9494,4470000,1957
0,447,4470000,4470000,5697,9494,4480000,1960
0,448,4480000,4480000,5697,9494,4490000,1967
0,449,4490000,4490000,5697,9494,4500000,1969
0,45,450000,450000,5697,9494,460000,196
0,450,4500000,4500000,5697,9494,4510000,1974
0,451,4510000,4510000,5697,9494,4520000,1980
0,452,4520000,4520000,5697,9494,4530000,1984
0,453,4530000,4530000,5697,9494,4540000,1987
0,454,4540000,4540000,5697,9494,4550000,1991
0,455,4550000,4550000,5697,9494,4560000,1995
0,456,4560000,4560000,5697,9494,4570000,2003
0,457,4570000,4570000,5697,9494,4580000,2005
0,458,4580000,4580000,5697,9494,4590000,2011
0,459,4590000,4590000,5697,9494,4600000,2014
0,46,460000,460000,5697,9494,470000,200
0,460,4600000,4600000,5697,9494,4610000,2018
0,461,4610000,4610000,5697,9494,4620000,2020
0,462,4620000,4620000,5697,9494,4630000,2029
0,463,4630000,4630000,5697,9494,4640000,2031
0,464,4640000,4640000,5697,9494,4650000,2036
0,465,4650000,4650000,5697,9494,4660000,2041
0,466,4660000,4660000,5697,9494,4670000,2045
0,467,4670000,4670000,5697,9494,4680000,2049
0,468,4680000,4680000,5697,9494,4690000,2054
0,469,4690000,4690000,5697,9494,4700000,2058
0,47,470000,470000,5697,9494,480000,202
0,470,4700000,4700000,5697,9494,4710000,2062
0,471,4710000,4710000,5697,9494,4720000,2065
0,472,4720000,4720000,5697,9494,4730000,2072
0,473,4730000,4730000,5697,9494,4740000,2076
0,474,4740000,4740000,5697,9494,4750000,2081
0,475,4750000,4750000,5697,9494,4760000,2083
0,476,4760000,4760000,5697,9494,4770000,2089
0,477,4770000,4770000,5697,9494,4780000,2092
0,478,4780000,4780000,5697,9494,4790000,2098
0,479,4790000,4790000,5697,9494,4800000,2102
0,48,480000,480000,5697,9494,490000,208
0,480,4800000,4800000,5697,9494,4810000,2108
0,481,4810000,4810000,5697,9494,4820000,2110
0,482,4820000,4820000,5697,9494,4830000,2114
0,483,4830000,4830000,5697,9494,4840000,2119
0,484,4840000,4840000,5697,9494,4850000,2125
0,485,4850000,4850000,5697,9494,4860000,2127
0,486,4860000,4860000,5697,9494,4870000,2134
0,487,4870000,4870000,5697,9494,4880000,2136
0,488,4880000,4880000,5697,9494,4890000,2141
0,489,4890000,4890000,5697,9494,4900000,2146
0,49,490000,490000,5697,9494,500000,214
0,490,4900000,4900000,5697,9494,4910000,2152
0,491,4910000,4910000,5697,9494,4920000,2154
0,492,4920000,4920000,5697,9494,4930000,2159
0,493,4930000,4930000,5697,9494,4940000,2163
0,494,4940000,4940000,5697,9494,4950000,2167
0,495,4950000,4950000,5697,9494,4960000,2172
0,496,4960000,4960000,5697,9494,4970000,2177
0,497,4970000,4970000,5697,9494,4980000,2181
0,498,4980000,4980000,5697,9494,4990000,2186
0,499,4990000,4990000,5697,9494,5000000,2188
0,5,50000,50000,5697,9494,60000,19
0,50,500000,500000,5697,9494,510000,218
0,500,5000000,5000000,5697,9494,5010000,2196
0,501,5010000,5010000,5697,9494,5020000,2199
0,502,5020000,5020000,5697,9494,5030000,2203
0,503,5030000,5030000,5697,9494,5040000,2205
0,504,5040000,5040000,5697,9494,5050000,2213
0,505,5050000,5050000,5697,9494,5060000,2215
0,506,5060000,5060000,5697,9494,5070000,2221
0,507,5070000,5070000,5697,9494,5080000,2226
0,508,5080000,5080000,5697,9494,5090000,2230
0,509,5090000,5090000,5697,9494,5100000,2232
0,51,510000,510000,5697,9494,520000,221
0,510,5100000,5100000,5697,9494,5110000,2237
0,511,5110000,5110000,5697,9494,5120000,2243
0,512,5120000,5120000,5697,9494,5130000,2248
0,513,5130000,5130000,5697,9494,5140000,2251
0,514,5140000,5140000,5697,9494,5150000,2257
0,515,5150000,5150000,5697,9494,5160000,2259
0,516,5160000,5160000,5697,9494,5170000,2264
0,517,5170000,5170000,5697,9494,5180000,2268
0,518,5180000,5180000,5697,9494,5190000,2274
0,519,5190000,5190000,5697,9494,5200000,2277
0,52,520000,520000,5697,9494,530000,227
0,520,5200000,5200000,5697,9494,5210000,2282
0,521,5210000,5210000,5697,9494,5220000,2286
0,522,5220000,5220000,5697,9494,5230000,2293
0,523,5230000,5230000,5697,9494,5240000,2295
0,524,5240000,5240000,5697,9494,5250000,2299
0,525,5250000,5250000,5697,9494,5260000,2304
0,526,5260000,5260000,5697,9494,5270000,2308
0,527,5270000,5270000,5697,9494,5280000,2310
0,528,5280000,5280000,5697,9494,5290000,2320
0,529,5290000,5290000,5697,9494,5300000,2322
0,53,530000,530000,5697,9494,540000,229
0,530,5300000,5300000,5697,9494,5310000,2326
0,531,5310000,5310000,5697,9494,5320000,2329
0,532,5320000,5320000,5697,9494,5330000,2335
0,533,5330000,5330000,5697,9494,5340000,2339
0,534,5340000,5340000,5697,9494,5350000,2344
0,535,5350000,5350000,5697,9494,5360000,2348
0,536,5360000,5360000,5697,9494,5370000,2353
0,537,5370000,5370000,5697,9494,5380000,2356
0,538,5380000,5380000,5697,9494,5390000,2360
0,539,5390000,5390000,5697,9494,5400000,2366
0,54,540000,540000,5697,9494,550000,234
0,540,5400000,5400000,5697,9494,5410000,2371
0,541,5410000,5410000,5697,9494,5420000,2373
0,542,5420000,5420000,5697,9494,5430000,2379
0,543,5430000,5430000,5697,9494,5440000,2382
0,544,5440000,5440000,5697,9494,5450000,2389
0,545,5450000,5450000,5697,9494,5460000,2391
0,546,5460000,5460000,5697,9494,5470000,2398
0,547,5470000,5470000,5697,9494,5480000,2400
0,548,5480000,5480000,5697,9494,5490000,2404
0,549,5490000,5490000,5697,9494,5500000,2409
0,55,550000,550000,5697,9494,560000,238
0,550,5500000,5500000,5697,9494,5510000,2415
0,551,5510000,5510000,5697,9494,5520000,2417
0,552,5520000,5520000,5697,9494,5530000,2423
0,553,5530000,5530000,5697,9494,5540000,2427
0,554,5540000,5540000,5697,9494,5550000,2431
0,555,5550000,5550000,5697,9494,5560000,2436
0,556,5560000,5560000,5697,9494,5570000,2442
0,557,5570000,5570000,5697,9494,5580000,2444
0,558,5580000,5580000,5697,9494,5590000,2449
0,559,5590000,5590000,5697,9494,5600000,2451
0,56,560000,560000,5697,9494,570000,245
0,560,5600000,5600000,5697,9494,5610000,2458
0,561,5610000,5610000,5697,9494,5620000,2463
0,562,5620000,5620000,5697,9494,5630000,2467
0,563,5630000,5630000,5697,9494,5640000,2471
0,564,5640000,5640000,5697,9494,5650000,2476
0,565,5650000,5650000,5697,9494,5660000,2478
0,566,5660000,5660000,5697,9494,5670000,2484
0,567,5670000,5670000,5697,9494,5680000,2489
0,568,5680000,5680000,5697,9494,5690000,2494
0,569,5690000,5690000,5697,9494,5700000,2496
0,57,570000,570000,5697,9494,580000,248
0,570,5700000,5700000,5697,9494,5710000,2503
0,571,5710000,5710000,5697,9494,5720000,2505
0,572,5720000,5720000,5697,9494,5730000,2511
0,573,5730000,5730000,5697,9494,5740000,2514
0,574,5740000,5740000,5697,9494,5750000,2520
0,575,5750000,5750000,5697,9494,5760000,2522
0,576,5760000,5760000,5697,9494,5770000,2528
0,577,5770000,5770000,5697,9494,5780000,2534
0,578,5780000,5780000,5697,9494,5790000,2538
0,579,5790000,5790000,5697,9494,5800000,2541
0,58,580000,580000,5697,9494,590000,252
0,580,5800000,5800000,5697,9494,5810000,2545
0,581,5810000,5810000,5697,9494,5820000,2549
0,582,5820000,5820000,5697,9494,5830000,2554
0,583,5830000,5830000,5697,9494,5840000,2558
0,584,5840000,5840000,5697,9494,5850000,2565
0,585,5850000,5850000,5697,9494,5860000,2568
0,586,5860000,5860000,5697,9494,5870000,2572
0,587,5870000,5870000,5697,9494,5880000,2574
0,588,5880000,5880000,5697,9494,5890000,2583
0,589,5890000,5890000,5697,9494,5900000,2585
0,59,590000,590000,5697,9494,600000,256
0,590,5900000,5900000,5697,9494,5910000,2589
0,591,5910000,5910000,5697,9494,5920000,2594
0,592,5920000,5920000,5697,9494,5930000,2599
0,593,5930000,5930000,5697,9494,5940000,2601
0,594,5940000,5940000,5697,9494,5950000,2608
0,595,5950000,5950000,5697,9494,5960000,2612
0,596,5960000,5960000,5697,9494,5970000,2616
0,597,5970000,5970000,5697,9494,5980000,2619
0,598,5980000,5980000,5697,9494,5990000,2625
0,599,5990000,5990000,5697,9494,6000000,2629
0,6,60000,60000,5697,9494,70000,24
0,60,600000,600000,5697,9494,610000,263
0,600,6000000,6000000,5697,9494,6010000,2635
0,601,6010000,6010000,5697,9494,6020000,2637
0,602,6020000,6020000,5697,9494,6030000,2643
0,603,6030000,6030000,5697,9494,6040000,2646
0,604,6040000,6040000,5697,9494,6050000,2650
0,605,6050000,6050000,5697,9494,6060000,2656
0,606,6060000,6060000,5697,9494,6070000,2661
0,607,6070000,6070000,5697,9494,6080000,2663
0,608,6080000,6080000,5697,9494,6090000,2668
0,609,6090000,6090000,5697,9494,6100000,2673
0,61,610000,610000,5697,9494,620000,265
0,610,6100000,6100000,5697,9494,6110000,2679
0,611,6110000,6110000,5697,9494,6120000,2681
0,612,6120000,6120000,5697,9494,6130000,2688
0,613,6130000,6130000,5697,9494,6140000,2690
0,614,6140000,6140000,5697,9494,6150000,2694
0,615,6150000,6150000,5697,9494,6160000,2697
0,616,6160000,6160000,5697,9494,6170000,2706
0,617,6170000,6170000,5697,9494,6180000,2708
0,618,6180000,6180000,5697,9494,6190000,2713
0,619,6190000,6190000,5697,9494,6200000,2717
0,62,620000,620000,5697,9494,630000,269
0,620,6200000,6200000,5697,9494,6210000,2721
0,621,6210000,6210000,5697,9494,6220000,2726
0,622,6220000,6220000,5697,9494,6230000,2730
0,623,6230000,6230000,5697,9494,6240000,2734
0,624,6240000,6240000,5697,9494,6250000,2740
0,625,6250000,6250000,5697,9494,6260000,2742
0,626,6260000,6260000,5697,9494,6270000,2748
0,627,6270000,6270000,5697,9494,6280000,2753
0,628,6280000,6280000,5697,9494,6290000,2757
0,629,6290000,6290000,5697,9494,6300000,2759
0,63,630000,630000,5697,9494,640000,274
0,630,6300000,6300000,5697,9494,6310000,2766
0,631,6310000,6310000,5697,9494,6320000,2768
0,632,6320000,6320000,5697,9494,6330000,2775
0,633,6330000,6330000,5697,9494,6340000,2780
0,634,6340000,6340000,5697,9494,6350000,2784
0,635,6350000,6350000,5697,9494,6360000,2786
0,636,6360000,6360000,5697,9494,6370000,2791
0,637,6370000,6370000,5697,9494,6380000,2795
0,638,6380000,6380000,5697,9494,6390000,2801
0,639,6390000,6390000,5697,9494,6400000,2804
0,64,640000,640000,5697,9494,650000,279
0,640,6400000,6400000,5697,9494,6410000,2811
0,641,6410000,6410000,5697,9494,6420000,2813
0,642,6420000,6420000,5697,9494,6430000,2818
0,643,6430000,6430000,5697,9494,6440000,2822
0,644,6440000,6440000,5697,9494,6450000,2828
0,645,6450000,6450000,5697,9494,6460000,2831
0,646,6460000,6460000,5697,9494,6470000,2835
0,647,6470000,6470000,5697,9494,6480000,2839
0,648,6480000,6480000,5697,9494,6490000,2845
0,649,6490000,6490000,5697,9494,6500000,2849
0,65,650000,650000,5697,9494,660000,281
0,650,6500000,6500000,5697,9494,6510000,2853
0,651,6510000,6510000,5697,9494,6520000,2858
0,652,6520000,6520000,5697,9494,6530000,2862
0,653,6530000,6530000,5697,9494,6540000,2864
0,654,6540000,6540000,5697,9494,6550000,2873
0,655,6550000,6550000,5697,9494,6560000,2875
0,656,6560000,6560000,5697,9494,6570000,2880
0,657,6570000,6570000,5697,9494,6580000,2883
0,658,6580000,6580000,5697,9494,6590000,2889
0,659,6590000,6590000,5697,9494,6600000,2891
0,66,660000,660000,5697,9494,670000,290
0,660,6600000,6600000,5697,9494,6610000,2898
0,661,6610000,6610000,5697,9494,6620000,2902
0,662,6620000,6620000,5697,9494,6630000,2906
0,663,6630000,6630000,5697,9494,6640000,2909
0,664,6640000,6640000,5697,9494,6650000,2914
0,665,6650000,6650000,5697,9494,6660000,2920
0,666,6660000,6660000,5697,9494,6670000,2925
0,667,6670000,6670000,5697,9494,6680000,2927
0,668,6680000,6680000,5697,9494,6690000,2933
0,669,6690000,6690000,5697,9494,6700000,2936
0,67,670000,670000,5697,9494,680000,292
0,670,6700000,6700000,5697,9494,6710000,2940
0,671,6710000,6710000,5697,9494,6720000,2944
0,672,6720000,6720000,5697,9494,6730000,2952
0,673,6730000,6730000,5697,9494,6740000,2954
0,674,6740000,6740000,5697,9494,6750000,2958
0,675,6750000,6750000,5697,9494,6760000,2963
0,676,6760000,6760000,5697,9494,6770000,2969
0,677,6770000,6770000,5697,9494,6780000,2971
0,678,6780000,6780000,5697,9494,6790000,2976
0,679,6790000,6790000,5697,9494,6800000,2980
0,68,680000,680000,5697,9494,690000,296
0,680,6800000,6800000,5697,9494,6810000,2985
0,681,6810000,6810000,5697,9494,6820000,2988
0,682,6820000,6820000,5697,9494,6830000,2996
0,683,6830000,6830000,5697,9494,6840000,2998
0,684,6840000,6840000,5697,9494,6850000,3003
0,685,6850000,6850000,5697,9494,6860000,3005
0,686,6860000,6860000,5697,9494,6870000,3011
0,687,6870000,6870000,5697,9494,6880000,3016
0,688,6880000,6880000,5697,9494,6890000,3021
0,689,6890000,6890000,5697,9494,6900000,3025
0,69,690000,690000,5697,9494,700000,299
0,690,6900000,6900000,5697,9494,6910000,3030
0,691,6910000,6910000,5697,9494,6920000,3032
0,692,6920000,6920000,5697,9494,6930000,3036
0,693,6930000,6930000,5697,9494,6940000,3043
0,694,6940000,6940000,5697,9494,6950000,3047
0,695,6950000,6950000,5697,9494,6960000,3049
0,696,6960000,6960000,5697,9494,6970000,3057
0,697,6970000,6970000,5697,9494,6980000,3059
0,698,6980000,6980000,5697,9494,6990000,3065
0,699,6990000,6990000,5697,9494,7000000,3068
0,7,70000,70000,5697,9494,80000,28
0,70,700000,700000,5697,9494,710000,305
0,700,7000000,7000000,5697,9494,7010000,3074
0,701,7010000,7010000,5697,9494,7020000,3076
0,702,7020000,7020000,5697,9494,7030000,3081
0,703,7030000,7030000,5697,9494,7040000,3085
0,704,7040000,7040000,5697,9494,7050000,3092
0,705,7050000,7050000,5697,9494,7060000,3095
0,706,7060000,7060000,5697,9494,7070000,3099
0,707,7070000,7070000,5697,9494,7080000,3103
0,708,7080000,7080000,5697,9494,7090000,3108
0,709,7090000,7090000,5697,9494,7100000,3112
0,71,710000,710000,5697,9494,720000,309
0,710,7100000,7100000,5697,9494,7110000,3118
0,711,7110000,7110000,5697,9494,7120000,3121
0,712,7120000,7120000,5697,9494,7130000,3126
0,713,7130000,7130000,5697,9494,7140000,3128
0,714,7140000,7140000,5697,9494,7150000,3135
0,715,7150000,7150000,5697,9494,7160000,3139
0,716,7160000,7160000,5697,9494,7170000,3143
0,717,7170000,7170000,5697,9494,7180000,3148
0,718,7180000,7180000,5697,9494,7190000,3152
0,719,7190000,7190000,5697,9494,7200000,3154
0,72,720000,720000,5697,9494,730000,315
0,720,7200000,7200000,5697,9494,7210000,3162
0,721,7210000,7210000,5697,9494,7220000,3166
0,722,7220000,7220000,5697,9494,7230000,3170
0,723,7230000,7230000,5697,9494,7240000,3173
0,724,7240000,7240000,5697,9494,7250000,3179
0,725,7250000,7250000,5697,9494,7260000,3181
0,726,7260000,7260000,5697,9494,7270000,3188
0,727,7270000,7270000,5697,9494,7280000,3190
0,728,7280000,7280000,5697,9494,7290000,3197
0,729,7290000,7290000,5697,9494,7300000,3200
0,73,730000,730000,5697,9494,740000,319
0,730,7300000,7300000,5697,9494,7310000,3204
0,731,7310000,7310000,5697,9494,7320000,3210
0,732,7320000,7320000,5697,9494,7330000,3215
0,733,7330000,7330000,5697,9494,7340000,3217
0,734,7340000,7340000,5697,9494,7350000,3221
0,735,7350000,7350000,5697,9494,7360000,3226
0,736,7360000,7360000,5697,9494,7370000,3231
0,737,7370000,7370000,5697,9494,7380000,3235
0,738,7380000,7380000,5697,9494,7390000,3242
0,739,7390000,7390000,5697,9494,7400000,3244
0,74,740000,740000,5697,9494,750000,323
0,740,7400000,7400000,5697,9494,7410000,3248
0,741,7410000,7410000,5697,9494,7420000,3251
0,742,7420000,7420000,5697,9494,7430000,3259
0,743,7430000,7430000,5697,9494,7440000,3261
0,744,7440000,7440000,5697,9494,7450000,3267
0,745,7450000,7450000,5697,9494,7460000,3271
0,746,7460000,7460000,5697,9494,7470000,3275
0,747,7470000,7470000,5697,9494,7480000,3278
0,748,7480000,7480000,5697,9494,7490000,3284
0,749,7490000,7490000,5697,9494,7500000,3288
0,75,750000,750000,5697,9494,760000,326
0,750,7500000,7500000,5697,9494,7510000,3293
0,751,7510000,7510000,5697,9494,7520000,3295
0,752,7520000,7520000,5697,9494,7530000,3302
0,753,7530000,7530000,5697,9494,7540000,3307
0,754,7540000,7540000,5697,9494,7550000,3311
0,755,7550000,7550000,5697,9494,7560000,3313
0,756,7560000,7560000,5697,9494,7570000,3320
0,757,7570000,7570000,5697,9494,7580000,3322
0,758,7580000,7580000,5697,9494,7590000,3326
0,759,7590000,7590000,5697,9494,7600000,3333
0,76,760000,760000,5697,9494,770000,330
0,760,7600000,7600000,5697,9494,7610000,3338
0,761,7610000,7610000,5697,9494,7620000,3340
0,762,7620000,7620000,5697,9494,7630000,3345
0,763,7630000,7630000,5697,9494,7640000,3349
0,764,7640000,7640000,5697,9494,7650000,3355
0,765,7650000,7650000,5697,9494,7660000,3358
0,766,7660000,7660000,5697,9494,7670000,3364
0,767,7670000,7670000,5697,9494,7680000,3366
0,768,7680000,7680000,5697,9494,7690000,3372
0,769,7690000,7690000,5697,9494,7700000,3374
0,77,770000,770000,5697,9494,780000,336
0,770,7700000,7700000,5697,9494,7710000,3382
0,771,7710000,7710000,5697,9494,7720000,3385
0,772,7720000,7720000,5697,9494,7730000,3389
0,773,7730000,7730000,5697,9494,7740000,3393
0,774,7740000,7740000,5697,9494,7750000,3398
0,775,7750000,7750000,5697,9494,7760000,3402
0,776,7760000,7760000,5697,9494,7770000,3407
0,777,7770000,7770000,5697,9494,7780000,3412
0,778,7780000,7780000,5697,9494,7790000,3416
0,779,7790000,7790000,5697,9494,7800000,3418
0,78,780000,780000,5697,9494,790000,341
0,780,7800000,7800000,5697,9494,7810000,3425
0,781,7810000,7810000,5697,9494,7820000,3429
0,782,7820000,7820000,5697,9494,7830000,3433
0,783,7830000,7830000,5697,9494,7840000,3436
0,784,7840000,7840000,5697,9494,7850000,3443
0,785,7850000,7850000,5697,9494,7860000,3445
0,786,7860000,7860000,5697,9494,7870000,3452
0,787,7870000,7870000,5697,9494,7880000,3456
0,788,7880000,7880000,5697,9494,7890000,3460
0,789,7890000,7890000,5697,9494,7900000,3463
0,79,790000,790000,5697,9494,800000,343
0,790,7900000,7900000,5697,9494,7910000,3467
0,791,7910000,7910000,5697,9494,7920000,3471
0,792,7920000,7920000,5697,9494,7930000,3479
0,793,7930000,7930000,5697,9494,7940000,3481
0,794,7940000,7940000,5697,9494,7950000,3487
0,795,7950000,7950000,5697,9494,7960000,3490
0,796,7960000,7960000,5697,9494,7970000,3494
0,797,7970000,7970000,5697,9494,7980000,3498
0,798,7980000,7980000,5697,9494,7990000,3505
0,799,7990000,7990000,5697,9494,8000000,3507
0,8,80000,80000,5697,9494,90000,33
0,80,800000,800000,5697,9494,810000,350
0,800,8000000,8000000,5697,9494,8010000,3512
0,801,8010000,8010000,5697,9494,8020000,3517
0,802,8020000,8020000,5697,9494,8030000,3521
0,803,8030000,8030000,5697,9494,8040000,3525
0,804,8040000,8040000,5697,9494,8050000,3530
0,805,8050000,8050000,5697,9494,8060000,3534
0,806,8060000,8060000,5697,9494,8070000,3538
0,807,8070000,8070000,5697,9494,8080000,3541
0,808,8080000,8080000,5697,9494,8090000,3550
0,809,8090000,8090000,5697,9494,8100000,3552
0,81,810000,810000,5697,9494,820000,353
0,810,8100000,8100000,5697,9494,8110000,3557
0,811,8110000,8110000,5697,9494,8120000,3559
0,812,8120000,8120000,5697,9494,8130000,3565
0,813,8130000,8130000,5697,9494,8140000,3568
0,814,8140000,8140000,5697,9494,8150000,3574
0,815,8150000,8150000,5697,9494,8160000,3578
0,816,8160000,8160000,5697,9494,8170000,3584
0,817,8170000,8170000,5697,9494,8180000,3586
0,818,8180000,8180000,5697,9494,8190000,3590
0,819,8190000,8190000,5697,9494,8200000,3597
0,82,820000,820000,5697,9494,830000,359
0,820,8200000,8200000,5697,9494,8210000,3601
0,821,8210000,8210000,5697,9494,8220000,3603
0,822,8220000,8220000,5697,9494,8230000,3610
0,823,8230000,8230000,5697,9494,8240000,3612
0,824,8240000,8240000,5697,9494,8250000,3617
0,825,8250000,8250000,5697,9494,8260000,3622
0,826,8260000,8260000,5697,9494,8270000,3628
0,827,8270000,8270000,5697,9494,8280000,3630
0,828,8280000,8280000,5697,9494,8290000,3635
0,829,8290000,8290000,5697,9494,8300000,3639
0,83,830000,830000,5697,9494,840000,361
0,830,8300000,8300000,5697,9494,8310000,3645
0,831,8310000,8310000,5697,9494,8320000,3648
0,832,8320000,8320000,5697,9494,8330000,3653
0,833,8330000,8330000,5697,9494,8340000,3657
0,834,8340000,8340000,5697,9494,8350000,3662
0,835,8350000,8350000,5697,9494,8360000,3664
0,836,8360000,8360000,5697,9494,8370000,3672
0,837,8370000,8370000,5697,9494,8380000,3675
0,838,8380000,8380000,5697,9494,8390000,3679
0,839,8390000,8390000,5697,9494,8400000,3681
0,84,840000,840000,5697,9494,850000,368
0,840,8400000,8400000,5697,9494,8410000,3689
0,841,8410000,8410000,5697,9494,8420000,3693
0,842,8420000,8420000,5697,9494,8430000,3697
0,843,8430000,8430000,5697,9494,8440000,3702
0,844,8440000,8440000,5697,9494,8450000,3706
0,845,8450000,8450000,5697,9494,8460000,3708
0,846,8460000,8460000,5697,9494,8470000,3713
0,847,8470000,8470000,5697,9494,8480000,3719
0,848,8480000,8480000,5697,9494,8490000,3724
0,849,8490000,8490000,5697,9494,8500000,3727
0,85,850000,850000,5697,9494,860000,370
0,850,8500000,8500000,5697,9494,8510000,3733
0,851,8510000,8510000,5697,9494,8520000,3735
0,852,8520000,8520000,5697,9494,8530000,3742
0,853,8530000,8530000,5697,9494,8540000,3744
0,854,8540000,8540000,5697,9494,8550000,3750
0,855,8550000,8550000,5697,9494,8560000,3753
0,856,8560000,8560000,5697,9494,8570000,3758
0,857,8570000,8570000,5697,9494,8580000,3762
0,858,8580000,8580000,5697,9494,8590000,3769
0,859,8590000,8590000,5697,9494,8600000,3771
0,86,860000,860000,5697,9494,870000,374
0,860,8600000,8600000,5697,9494,8610000,3775
0,861,8610000,8610000,5697,9494,8620000,3780
0,862,8620000,8620000,5697,9494,8630000,3784
0,863,8630000,8630000,5697,9494,8640000,3788
0,864,8640000,8640000,5697,9494,8650000,3796
0,865,8650000,8650000,5697,9494,8660000,3798
0,866,8660000,8660000,5697,9494,8670000,3802
0,867,8670000,8670000,5697,9494,8680000,3805
0,868,8680000,8680000,5697,9494,8690000,3811
0,869,8690000,8690000,5697,9494,8700000,3815
0,87,870000,870000,5697,9494,880000,379
0,870,8700000,8700000,5697,9494,8710000,3820
0,871,8710000,8710000,5697,9494,8720000,3824
0,872,8720000,8720000,5697,9494,8730000,3829
0,873,8730000,8730000,5697,9494,8740000,3832
0,874,8740000,8740000,5697,9494,8750000,3838
0,875,8750000,8750000,5697,9494,8760000,3842
0,876,8760000,8760000,5697,9494,8770000,3847
0,877,8770000,8770000,5697,9494,8780000,3849
0,878,8780000,8780000,5697,9494,8790000,3855
0,879,8790000,8790000,5697,9494,8800000,3858
0,88,880000,880000,5697,9494,890000,386
0,880,8800000,8800000,5697,9494,8810000,3865
0,881,8810000,8810000,5697,9494,8820000,3867
0,882,8820000,8820000,5697,9494,8830000,3874
0,883,8830000,8830000,5697,9494,8840000,3876
0,884,8840000,8840000,5697,9494,8850000,3880
0,885,8850000,8850000,5697,9494,8860000,3887
0,886,8860000,8860000,5697,9494,8870000,3891
0,887,8870000,8870000,5697,9494,8880000,3893
0,888,8880000,8880000,5697,9494,8890000,3899
0,889,8890000,8890000,5697,9494,8900000,3903
0,89,890000,890000,5697,9494,900000,388
0,890,8900000,8900000,5697,9494,8910000,3907
0,891,8910000,8910000,5697,9494,8920000,3912
0,892,8920000,8920000,5697,9494,8930000,3918
0,893,8930000,8930000,5697,9494,8940000,3920
0,894,8940000,8940000,5697,9494,8950000,3925
0,895,8950000,8950000,5697,9494,8960000,3927
0,896,8960000,8960000,5697,9494,8970000,3936
0,897,8970000,8970000,5697,9494,8980000,3939
0,898,8980000,8980000,5697,9494,8990000,3943
0,899,8990000,8990000,5697,9494,9000000,3947
0,9,90000,90000,5697,9494,100000,36
0,90,900000,900000,5697,9494,910000,393
0,900,9000000,9000000,5697,9494,9010000,3952
0,901,9010000,9010000,5697,9494,9020000,3954
0,902,9020000,9020000,5697,9494,9030000,3960
0,903,9030000,9030000,5697,9494,9040000,3965
0,904,9040000,9040000,5697,9494,9050000,3970
0,905,9050000,9050000,5697,9494,9060000,3972
0,906,9060000,9060000,5697,9494,9070000,3979
0,907,9070000,9070000,5697,9494,9080000,3983
0,908,9080000,9080000,5697,9494,9090000,3987
0,909,9090000,9090000,5697,9494,9100000,3990
0,91,910000,910000,5697,9494,920000,397
0,910,9100000,9100000,5697,9494,9110000,3996
0,911,9110000,9110000,5697,9494,9120000,3998
0,912,9120000,9120000,5697,9494,9130000,4004
0,913,9130000,9130000,5697,9494,9140000,4010
0,914,9140000,9140000,5697,9494,9150000,4014
0,915,9150000,9150000,5697,9494,9160000,4017
0,916,9160000,9160000,5697,9494,9170000,4021
0,917,9170000,9170000,5697,9494,9180000,4025
0,918,9180000,9180000,5697,9494,9190000,4032
0,919,9190000,9190000,5697,9494,9200000,4034
0,92,920000,920000,5697,9494,930000,401
0,920,9200000,9200000,5697,9494,9210000,4041
0,921,9210000,9210000,5697,9494,9220000,4044
0,922,9220000,9220000,5697,9494,9230000,4048
0,923,9230000,9230000,5697,9494,9240000,4050
0,924,9240000,9240000,5697,9494,9250000,4059
0,925,9250000,9250000,5697,9494,9260000,4061
0,926,9260000,9260000,5697,9494,9270000,4065
0,927,9270000,9270000,5697,9494,9280000,4070
0,928,9280000,9280000,5697,9494,9290000,4075
0,929,9290000,9290000,5697,9494,9300000,4079
0,93,930000,930000,5697,9494,940000,406
0,930,9300000,9300000,5697,9494,9310000,4084
0,931,9310000,9310000,5697,9494,9320000,4088
0,932,9320000,9320000,5697,9494,9330000,4092
0,933,9330000,9330000,5697,9494,9340000,4095
0,934,9340000,9340000,5697,9494,9350000,4101
0,935,9350000,9350000,5697,9494,9360000,4105
0,936,9360000,9360000,5697,9494,9370000,4111
0,937,9370000,9370000,5697,9494,9380000,4113
0,938,9380000,9380000,5697,9494,9390000,4119
0,939,9390000,9390000,5697,9494,9400000,4122
0,94,940000,940000,5697,9494,950000,412
0,940,9400000,9400000,5697,9494,9410000,4128
0,941,9410000,9410000,5697,9494,9420000,4132
0,942,9420000,9420000,5697,9494,9430000,4137
0,943,9430000,9430000,5697,9494,9440000,4139
0,944,9440000,9440000,5697,9494,9450000,4144
0,945,9450000,9450000,5697,9494,9460000,4149
0,946,9460000,9460000,5697,9494,9470000,4155
0,947,9470000,9470000,5697,9494,9480000,4157
0,948,9480000,9480000,5697,9494,9490000,4164
0,949,9490000,9490000,5697,9494,9500000,4166
0,95,950000,950000,5697,9494,960000,414
0,950,9500000,9500000,5697,9494,9510000,4170
0,951,9510000,9510000,5697,9494,9520000,4175
0,952,9520000,9520000,5697,9494,9530000,4182
0,953,9530000,9530000,5697,9494,9540000,4184
0,954,9540000,9540000,5697,9494,9550000,4189
0,955,9550000,9550000,5697,9494,9560000,4193
0,956,9560000,9560000,5697,9494,9570000,4197
0,957,9570000,9570000,5697,9494,9580000,4202
0,958,9580000,9580000,5697,9494,9590000,4206
0,959,9590000,9590000,5697,9494,9600000,4210
0,96,960000,960000,5697,9494,970000,420
0,960,9600000,9600000,5697,9494,9610000,4216
0,961,9610000,9610000,5697,9494,9620000,4218
0,962,9620000,9620000,5697,9494,9630000,4226
0,963,9630000,9630000,5697,9494,9640000,4229
0,964,9640000,9640000,5697,9494,9650000,4233
0,965,9650000,9650000,5697,9494,9660000,4235
0,966,9660000,9660000,5697,9494,9670000,4242
0,967,9670000,9670000,5697,9494,9680000,4244
0,968,9680000,9680000,5697,9494,9690000,4251
0,969,9690000,9690000,5697,9494,9700000,4256
0,97,970000,970000,5697,9494,980000,422
0,970,9700000,9700000,5697,9494,9710000,4260
0,971,9710000,9710000,5697,9494,9720000,4262
0,972,9720000,9720000,5697,9494,9730000,4267
0,973,9730000,9730000,5697,9494,9740000,4273
0,974,9740000,9740000,5697,9494,9750000,4277
0,975,9750000,9750000,5697,9494,9760000,4280
0,976,9760000,9760000,5697,9494,9770000,4287
0,977,9770000,9770000,5697,9494,9780000,4289
0,978,9780000,9780000,5697,9494,9790000,4294
0,979,9790000,9790000,5697,9494,9800000,4298
0,98,980000,980000,5697,9494,990000,428
0,980,9800000,9800000,5697,9494,9810000,4304
0,981,9810000,9810000,5697,9494,9820000,4307
0,982,9820000,9820000,5697,9494,9830000,4311
0,983,9830000,9830000,5697,9494,9840000,4315
0,984,9840000,9840000,5697,9494,9850000,4323
0,985,9850000,9850000,5697,9494,9860000,4325
0,986,9860000,9860000,5697,9494,9870000,4329
0,987,9870000,9870000,5697,9494,9880000,4334
0,988,9880000,9880000,5697,9494,9890000,4338
0,989,9890000,9890000,5697,9494,9900000,4340
0,99,990000,990000,5697,9494,1000000,433
0,990,9900000,9900000,5697,9494,9910000,4349
0,991,9910000,9910000,5697,9494,9920000,4351
0,992,9920000,9920000,5697,9494,9930000,4356
0,993,9930000,9930000,5697,9494,9940000,4359
0,994,9940000,9940000,5697,9494,9950000,4365
0,995,9950000,9950000,5697,9494,9960000,4369
0,996,9960000,9960000,5697,9494,9970000,4374
0,997,9970000,9970000,5697,9494,9980000,4378
0,998,9980000,9980000,5697,9494,9990000,4382
0,999,9990000,9990000,5697,9494,10000000,4385
1,0,0,0,725,1208,10000,1
1,1,10000,10000,725,1208,20000,3
1,10,100000,100000,725,1208,110000,43
1,100,1000000,1000000,725,1208,1010000,438
1,1000,10000000,10000000,725,1208,10010000,4391
1,1001,10010000,10010000,725,1208,10020000,4397
1,1002,10020000,10020000,725,1208,10030000,4402
1,1003,10030000,10030000,725,1208,10040000,4404
1,1004,10040000,10040000,725,1208,10050000,4410
1,1005,10050000,10050000,725,1208,10060000,4413
1,1006,10060000,10060000,725,1208,10070000,4419
1,1007,10070000,10070000,725,1208,10080000,4421
1,1008,10080000,10080000,725,1208,10090000,4429
1,1009,10090000,10090000,725,1208,10100000,4431
1,101,1010000,1010000,725,1208,1020000,442
1,1010,10100000,10100000,725,1208,10110000,4435
1,1011,10110000,10110000,725,1208,10120000,4440
1,1012,10120000,10120000,725,1208,10130000,4446
1,1013,10130000,10130000,725,1208,10140000,4448
1,1014,10140000,10140000,725,1208,10150000,4453
1,1015,10150000,10150000,725,1208,10160000,4457
1,1016,10160000,10160000,725,1208,10170000,4462
1,1017,10170000,10170000,725,1208,10180000,4467
1,1018,10180000,10180000,725,1208,10190000,4473
1,1019,10190000,10190000,725,1208,10200000,4475
1,102,1020000,1020000,725,1208,1030000,447
1,1020,10200000,10200000,725,1208,10210000,4480
1,1021,10210000,10210000,725,1208,10220000,4482
1,1022,10220000,10220000,725,1208,10230000,4488
1,1023,10230000,10230000,725,1208,10240000,4493
1,1024,10240000,10240000,725,1208,10250000,4498
1,1025,10250000,10250000,725,1208,10260000,4502
1,1026,10260000,10260000,725,1208,10270000,4507
1,1027,10270000,10270000,725,1208,10280000,4509
1,1028,10280000,10280000,725,1208,10290000,4515
1,1029,10290000,10290000,725,1208,10300000,4520
1,103,1030000,1030000,725,1208,1040000,449
1,1030,10300000,10300000,725,1208,10310000,4524
1,1031,10310000,10310000,725,1208,10320000,4526
1,1032,10320000,10320000,725,1208,10330000,4534
1,1033,10330000,10330000,725,1208,10340000,4536
1,1034,10340000,10340000,725,1208,10350000,4542
1,1035,10350000,10350000,725,1208,10360000,4545
1,1036,10360000,10360000,725,1208,10370000,4551
1,1037,10370000,10370000,725,1208,10380000,4553
1,1038,10380000,10380000,725,1208,10390000,4558
1,1039,10390000,10390000,725,1208,10400000,4564
1,104,1040000,1040000,725,1208,1050000,456
1,1040,10400000,10400000,725,1208,10410000,4569
1,1041,10410000,10410000,725,1208,10420000,4572
1,1042,10420000,10420000,725,1208,10430000,4576
1,1043,10430000,10430000,725,1208,10440000,4580
1,1044,10440000,10440000,725,1208,10450000,4585
1,1045,10450000,10450000,725,1208,10460000,4589
1,1046,10460000,10460000,725,1208,10470000,4595
1,1047,10470000,10470000,725,1208,10480000,4598
1,1048,10480000,10480000,725,1208,10490000,4603
1,1049,10490000,10490000,725,1208,10500000,4605
1,105,1050000,1050000,725,1208,1060000,461
1,1050,10500000,10500000,725,1208,10510000,4614
1,1051,10510000,10510000,725,1208,10520000,4616
1,1052,10520000,10520000,725,1208,10530000,4620
1,1053,10530000,10530000,725,1208,10540000,4625
1,1054,10540000,10540000,725,1208,10550000,4629
1,1055,10550000,10550000,725,1208,10560000,4631
1,1056,10560000,10560000,725,1208,10570000,4639
1,1057,10570000,10570000,725,1208,10580000,4643
1,1058,10580000,10580000,725,1208,10590000,4647
1,1059,10590000,10590000,725,1208,10600000,4650
1,106,1060000,1060000,725,1208,1070000,465
1,1060,10600000,10600000,725,1208,10610000,4656
1,1061,10610000,10610000,725,1208,10620000,4660
1,1062,10620000,10620000,725,1208,10630000,4665
1,1063,10630000,10630000,725,1208,10640000,4667
1,1064,10640000,10640000,725,1208,10650000,4674
1,1065,10650000,10650000,725,1208,10660000,4677
1,1066,10660000,10660000,725,1208,10670000,4681
1,1067,10670000,10670000,725,1208,10680000,4687
1,1068,10680000,10680000,725,1208,10690000,4692
1,1069,10690000,10690000,725,1208,10700000,4694
1,107,1070000,1070000,725,1208,1080000,467
1,1070,10700000,10700000,725,1208,10710000,4698
1,1071,10710000,10710000,725,1208,10720000,4703
1,1072,10720000,10720000,725,1208,10730000,4710
1,1073,10730000,10730000,725,1208,10740000,4712
1,1074,10740000,10740000,725,1208,10750000,4719
1,1075,10750000,10750000,725,1208,10760000,4721
1,1076,10760000,10760000,725,1208,10770000,4725
1,1077,10770000,10770000,725,1208,10780000,4728
1,1078,10780000,10780000,725,1208,10790000,4736
1,1079,10790000,10790000,725,1208,10800000,4738
1,108,1080000,1080000,725,1208,1090000,474
1,1080,10800000,10800000,725,1208,10810000,4744
1,1081,10810000,10810000,725,1208,10820000,4748
1,1082,10820000,10820000,725,1208,10830000,4752
1,1083,10830000,10830000,725,1208,10840000,4757
1,1084,10840000,10840000,725,1208,10850000,4761
1,1085,10850000,10850000,725,1208,10860000,4765
1,1086,10860000,10860000,725,1208,10870000,4770
1,1087,10870000,10870000,725,1208,10880000,4772
1,1088,10880000,10880000,725,1208,10890000,4779
1,1089,10890000,10890000,725,1208,10900000,4784
1,109,1090000,1090000,725,1208,1100000,476
1,1090,10900000,10900000,725,1208,10910000,4788
1,1091,10910000,10910000,725,1208,10920000,4790
1,1092,10920000,10920000,725,1208,10930000,4797
1,1093,10930000,10930000,725,1208,10940000,4799
1,1094,10940000,10940000,725,1208,10950000,4805
1,1095,10950000,10950000,725,1208,10960000,4810
1,1096,10960000,10960000,725,1208,10970000,4815
1,1097,10970000,10970000,725,1208,10980000,4817
1,1098,10980000,10980000,725,1208,10990000,4822
1,1099,10990000,10990000,725,1208,11000000,4826
1,11,110000,110000,725,1208,120000,47
1,110,1100000,1100000,725,1208,1110000,482
1,1100,11000000,11000000,725,1208,11010000,4832
1,1101,11010000,11010000,725,1208,11020000,4835
1,1102,11020000,11020000,725,1208,11030000,4841
1,1103,11030000,11030000,725,1208,11040000,4843
1,1104,11040000,11040000,725,1208,11050000,4849
1,1105,11050000,11050000,725,1208,11060000,4853
1,1106,11060000,11060000,725,1208,11070000,4859
1,1107,11070000,11070000,725,1208,11080000,4862
1,1108,11080000,11080000,725,1208,11090000,4866
1,1109,11090000,11090000,725,1208,11100000,4870
1,111,1110000,1110000,725,1208,1120000,485
1,1110,11100000,11100000,725,1208,11110000,4875
1,1111,11110000,11110000,725,1208,11120000,4879
1,1112,11120000,11120000,725,1208,11130000,4884
1,1113,11130000,11130000,725,1208,11140000,4889
1,1114,11140000,11140000,725,1208,11150000,4893
1,1115,11150000,11150000,725,1208,11160000,4895
1,1116,11160000,11160000,725,1208,11170000,4904
1,1117,11170000,11170000,725,1208,11180000,4906
1,1118,11180000,11180000,725,1208,11190000,4910
1,1119,11190000,11190000,725,1208,11200000,4913
1,112,1120000,1120000,725,1208,1130000,492
1,1120,11200000,11200000,725,1208,11210000,4920
1,1121,11210000,11210000,725,1208,11220000,4922
1,1122,11220000,11220000,725,1208,11230000,4929
1,1123,11230000,11230000,725,1208,11240000,4933
1,1124,11240000,11240000,725,1208,11250000,4937
1,1125,11250000,11250000,725,1208,11260000,4940
1,1126,11260000,11260000,725,1208,11270000,4944
1,1127,11270000,11270000,725,1208,11280000,4950
1,1128,11280000,11280000,725,1208,11290000,4956
1,1129,11290000,11290000,725,1208,11300000,4958
1,113,1130000,1130000,725,1208,1140000,494
1,1130,11300000,11300000,725,1208,11310000,4964
1,1131,11310000,11310000,725,1208,11320000,4967
1,1132,11320000,11320000,725,1208,11330000,4971
1,1133,11330000,11330000,725,1208,11340000,4975
1,1134,11340000,11340000,725,1208,11350000,4982
1,1135,11350000,11350000,725,1208,11360000,4984
1,1136,11360000,11360000,725,1208,11370000,4989
1,1137,11370000,11370000,725,1208,11380000,4994
1,1138,11380000,11380000,725,1208,11390000,5000
1,1139,11390000,11390000,725,1208,11400000,5002
1,114,1140000,1140000,725,1208,1150000,499
1,1140,11400000,11400000,725,1208,11410000,5007
1,1141,11410000,11410000,725,1208,11420000,5011
1,1142,11420000,11420000,725,1208,11430000,5015
1,1143,11430000,11430000,725,1208,11440000,5018
1,1144,11440000,11440000,725,1208,11450000,5027
1,1145,11450000,11450000,725,1208,11460000,5029
1,1146,11460000,11460000,725,1208,11470000,5034
1,1147,11470000,11470000,725,1208,11480000,5036
1,1148,11480000,11480000,725,1208,11490000,5042
1,1149,11490000,11490000,725,1208,11500000,5047
1,115,1150000,1150000,725,1208,1160000,505
1,1150,11500000,11500000,725,1208,11510000,5051
1,1151,11510000,11510000,725,1208,11520000,5055
1,1152,11520000,11520000,725,1208,11530000,5061
1,1153,11530000,11530000,725,1208,11540000,5063
1,1154,11540000,11540000,725,1208,11550000,5067
1,1155,11550000,11550000,725,1208,11560000,5074
1,1156,11560000,11560000,725,1208,11570000,5078
1,1157,11570000,11570000,725,1208,11580000,5080
1,1158,11580000,11580000,725,1208,11590000,5087
1,1159,11590000,11590000,725,1208,11600000,5089
1,116,1160000,1160000,725,1208,1170000,509
1,1160,11600000,11600000,725,1208,11610000,5096
1,1161,11610000,11610000,725,1208,11620000,5099
1,1162,11620000,11620000,725,1208,11630000,5105
1,1163,11630000,11630000,725,1208,11640000,5107
1,1164,11640000,11640000,725,1208,11650000,5112
1,1165,11650000,11650000,725,1208,11660000,5116
1,1166,11660000,11660000,725,1208,11670000,5122
1,1167,11670000,11670000,725,1208,11680000,5125
1,1168,11680000,11680000,725,1208,11690000,5130
1,1169,11690000,11690000,725,1208,11700000,5134
1,117,1170000,1170000,725,1208,1180000,512
1,1170,11700000,11700000,725,1208,11710000,5139
1,1171,11710000,11710000,725,1208,11720000,5143
1,1172,11720000,11720000,725,1208,11730000,5149
1,1173,11730000,11730000,725,1208,11740000,5152
1,1174,11740000,11740000,725,1208,11750000,5156
1,1175,11750000,11750000,725,1208,11760000,5158
1,1176,11760000,11760000,725,1208,11770000,5166
1,1177,11770000,11770000,725,1208,11780000,5170
1,1178,11780000,11780000,725,1208,11790000,5174
1,1179,11790000,11790000,725,1208,11800000,5179
1,118,1180000,1180000,725,1208,1190000,516
1,1180,11800000,11800000,725,1208,11810000,5183
1,1181,11810000,11810000,725,1208,11820000,5185
1,1182,11820000,11820000,725,1208,11830000,5192
1,1183,11830000,11830000,725,1208,11840000,5196
1,1184,11840000,11840000,725,1208,11850000,5201
1,1185,11850000,11850000,725,1208,11860000,5204
1,1186,11860000,11860000,725,1208,11870000,5210
1,1187,11870000,11870000,725,1208,11880000,5212
1,1188,11880000,11880000,725,1208,11890000,5219
1,1189,11890000,11890000,725,1208,11900000,5221
1,119,1190000,1190000,725,1208,1200000,520
1,1190,11900000,11900000,725,1208,11910000,5227
1,1191,11910000,11910000,725,1208,11920000,5230
1,1192,11920000,11920000,725,1208,11930000,5235
1,1193,11930000,11930000,725,1208,11940000,5241
1,1194,11940000,11940000,725,1208,11950000,5246
1,1195,11950000,11950000,725,1208,11960000,5248
1,1196,11960000,11960000,725,1208,11970000,5252
1,1197,11970000,11970000,725,1208,11980000,5257
1,1198,11980000,11980000,725,1208,11990000,5261
1,1199,11990000,11990000,725,1208,12000000,5265
1,12,120000,120000,725,1208,130000,52
1,120,1200000,1200000,725,1208,1210000,526
1,1200,12000000,12000000,725,1208,12010000,5273
1,1201,12010000,12010000,725,1208,12020000,5275
1,1202,12020000,12020000,725,1208,12030000,5279
1,1203,12030000,12030000,725,1208,12040000,5282
1,1204,12040000,12040000,725,1208,12050000,5290
1,1205,12050000,12050000,725,1208,12060000,5292
1,1206,12060000,12060000,725,1208,12070000,5297
1,1207,12070000,12070000,725,1208,12080000,5301
1,1208,12080000,12080000,725,1208,12090000,5306
1,1209,12090000,12090000,725,1208,12100000,5309
1,121,1210000,1210000,725,1208,1220000,530
1,1210,12100000,12100000,725,1208,12110000,5315
1,1211,12110000,12110000,725,1208,12120000,5319
1,1212,12120000,12120000,725,1208,12130000,5324
1,1213,12130000,12130000,725,1208,12140000,5326
1,1214,12140000,12140000,725,1208,12150000,5332
1,1215,12150000,12150000,725,1208,12160000,5337
1,1216,12160000,12160000,725,1208,12170000,5342
1,1217,12170000,12170000,725,1208,12180000,5344
1,1218,12180000,12180000,725,1208,12190000,5351
1,1219,12190000,12190000,725,1208,12200000,5353
1,122,1220000,1220000,725,1208,1230000,536
1,1220,12200000,12200000,725,1208,12210000,5357
1,1221,12210000,12210000,725,1208,12220000,5364
1,1222,12220000,12220000,725,1208,12230000,5368
1,1223,12230000,12230000,725,1208,12240000,5370
1,1224,12240000,12240000,725,1208,12250000,5376
1,1225,12250000,12250000,725,1208,12260000,5380
1,1226,12260000,12260000,725,1208,12270000,5386
1,1227,12270000,12270000,725,1208,12280000,5389
1,1228,12280000,12280000,725,1208,12290000,5395
1,1229,12290000,12290000,725,1208,12300000,5397
1,123,1230000,1230000,725,1208,1240000,539
1,1230,12300000,12300000,725,1208,12310000,5402
1,1231,12310000,12310000,725,1208,12320000,5404
1,1232,12320000,12320000,725,1208,12330000,5413
1,1233,12330000,12330000,725,1208,12340000,5416
1,1234,12340000,12340000,725,1208,12350000,5420
1,1235,12350000,12350000,725,1208,12360000,5424
1,1236,12360000,12360000,725,1208,12370000,5429
1,1237,12370000,12370000,725,1208,12380000,5433
1,1238,12380000,12380000,725,1208,12390000,5437
1,1239,12390000,12390000,725,1208,12400000,5442
1,124,1240000,1240000,725,1208,1250000,543
1,1240,12400000,12400000,725,1208,12410000,5447
1,1241,12410000,12410000,725,1208,12420000,5449
1,1242,12420000,12420000,725,1208,12430000,5456
1,1243,12430000,12430000,725,1208,12440000,5460
1,1244,12440000,12440000,725,1208,12450000,5464
1,1245,12450000,12450000,725,1208,12460000,5467
1,1246,12460000,12460000,725,1208,12470000,5473
1,1247,12470000,12470000,725,1208,12480000,5475
1,1248,12480000,12480000,725,1208,12490000,5483
1,1249,12490000,12490000,725,1208,12500000,5487
1,125,1250000,1250000,725,1208,1260000,545
1,1250,12500000,12500000,725,1208,12510000,5491
1,1251,12510000,12510000,725,1208,12520000,5494
1,1252,12520000,12520000,725,1208,12530000,5498
1,1253,12530000,12530000,725,1208,12540000,5502
1,1254,12540000,12540000,725,1208,12550000,5509
1,1255,12550000,12550000,725,1208,12560000,5511
1,1256,12560000,12560000,725,1208,12570000,5518
1,1257,12570000,12570000,725,1208,12580000,5521
1,1258,12580000,12580000,725,1208,12590000,5525
1,1259,12590000,12590000,725,1208,12600000,5529
1,126,1260000,1260000,725,1208,1270000,554
1,1260,12600000,12600000,725,1208,12610000,5536
1,1261,12610000,12610000,725,1208,12620000,5538
1,1262,12620000,12620000,725,1208,12630000,5542
1,1263,12630000,12630000,725,1208,12640000,5547
1,1264,12640000,12640000,725,1208,12650000,5552
1,1265,12650000,12650000,725,1208,12660000,5556
1,1266,12660000,12660000,725,1208,12670000,5561
1,1267,12670000,12670000,725,1208,12680000,5565
1,1268,12680000,12680000,725,1208,12690000,5569
1,1269,12690000,12690000,725,1208,12700000,5572
1,127,1270000,1270000,725,1208,1280000,556
1,1270,12700000,12700000,725,1208,12710000,5580
1,1271,12710000,12710000,725,1208,12720000,5582
1,1272,12720000,12720000,725,1208,12730000,5588
1,1273,12730000,12730000,725,1208,12740000,5590
1,1274,12740000,12740000,725,1208,12750000,5596
1,1275,12750000,12750000,725,1208,12760000,5599
1,1276,12760000,12760000,725,1208,12770000,5605
1,1277,12770000,12770000,725,1208,12780000,5609
1,1278,12780000,12780000,725,1208,12790000,5614
1,1279,12790000,12790000,725,1208,12800000,5616
1,128,1280000,1280000,725,1208,1290000,561
1,1280,12800000,12800000,725,1208,12810000,5621
1,1281,12810000,12810000,725,1208,12820000,5628
1,1282,12820000,12820000,725,1208,12830000,5632
1,1283,12830000,12830000,725,1208,12840000,5634
1,1284,12840000,12840000,725,1208,12850000,5641
1,1285,12850000,12850000,725,1208,12860000,5643
1,1286,12860000,12860000,725,1208,12870000,5647
1,1287,12870000,12870000,725,1208,12880000,5652
1,1288,12880000,12880000,725,1208,12890000,5659
1,1289,12890000,12890000,725,1208,12900000,5661
1,129,1290000,1290000,725,1208,1300000,566
1,1290,12900000,12900000,725,1208,12910000,5666
1,1291,12910000,12910000,725,1208,12920000,5670
1,1292,12920000,12920000,725,1208,12930000,5676
1,1293,12930000,12930000,725,1208,12940000,5679
1,1294,12940000,12940000,725,1208,12950000,5683
1,1295,12950000,12950000,725,1208,12960000,5687
1,1296,12960000,12960000,725,1208,12970000,5693
1,1297,12970000,12970000,725,1208,12980000,5695
1,1298,12980000,12980000,725,1208,12990000,5703
1,1299,12990000,12990000,725,1208,13000000,5706
1,13,130000,130000,725,1208,140000,54
1,130,1300000,1300000,725,1208,1310000,570
1,1300,13000000,13000000,725,1208,13010000,5710
1,1301,13010000,13010000,725,1208,13020000,5712
1,1302,13020000,13020000,725,1208,13030000,5719
1,1303,13030000,13030000,725,1208,13040000,5723
1,1304,13040000,13040000,725,1208,13050000,5728
1,1305,13050000,13050000,725,1208,13060000,5733
1,1306,13060000,13060000,725,1208,13070000,5737
1,1307,13070000,13070000,725,1208,13080000,5739
1,1308,13080000,13080000,725,1208,13090000,5744
1,1309,13090000,13090000,725,1208,13100000,5750
1,131,1310000,1310000,725,1208,1320000,572
1,1310,13100000,13100000,725,1208,13110000,5754
1,1311,13110000,13110000,725,1208,13120000,5757
1,1312,13120000,13120000,725,1208,13130000,5764
1,1313,13130000,13130000,725,1208,13140000,5766
1,1314,13140000,13140000,725,1208,13150000,5773
1,1315,13150000,13150000,725,1208,13160000,5775
1,1316,13160000,13160000,725,1208,13170000,5781
1,1317,13170000,13170000,725,1208,13180000,5784
1,1318,13180000,13180000,725,1208,13190000,5788
1,1319,13190000,13190000,725,1208,13200000,5792
1,132,1320000,1320000,725,1208,1330000,579
1,1320,13200000,13200000,725,1208,13210000,5800
1,1321,13210000,13210000,725,1208,13220000,5802
1,1322,13220000,13220000,725,1208,13230000,5806
1,1323,13230000,13230000,725,1208,13240000,5811
1,1324,13240000,13240000,725,1208,13250000,5815
1,1325,13250000,13250000,725,1208,13260000,5819
1,1326,13260000,13260000,725,1208,13270000,5826
1,1327,13270000,13270000,725,1208,13280000,5828
1,1328,13280000,13280000,725,1208,13290000,5833
1,1329,13290000,13290000,725,1208,13300000,5836
1,133,1330000,1330000,725,1208,1340000,583
1,1330,13300000,13300000,725,1208,13310000,5842
1,1331,13310000,13310000,725,1208,13320000,5846
1,1332,13320000,13320000,725,1208,13330000,5851
1,1333,13330000,13330000,725,1208,13340000,5855
1,1334,13340000,13340000,725,1208,13350000,5859
1,1335,13350000,13350000,725,1208,13360000,5862
1,1336,13360000,13360000,725,1208,13370000,5869
1,1337,13370000,13370000,725,1208,13380000,5873
1,1338,13380000,13380000,725,1208,13390000,5878
1,1339,13390000,13390000,725,1208,13400000,5880
1,134,1340000,1340000,725,1208,1350000,587
1,1340,13400000,13400000,725,1208,13410000,5886
1,1341,13410000,13410000,725,1208,13420000,5889
1,1342,13420000,13420000,725,1208,13430000,5895
1,1343,13430000,13430000,725,1208,13440000,5897
1,1344,13440000,13440000,725,1208,13450000,5905
1,1345,13450000,13450000,725,1208,13460000,5907
1,1346,13460000,13460000,725,1208,13470000,5911
1,1347,13470000,13470000,725,1208,13480000,5918
1,1348,13480000,13480000,725,1208,13490000,5922
1,1349,13490000,13490000,725,1208,13500000,5924
1,135,1350000,1350000,725,1208,1360000,590
1,1350,13500000,13500000,725,1208,13510000,5929
1,1351,13510000,13510000,725,1208,13520000,5933
1,1352,13520000,13520000,725,1208,13530000,5938
1,1353,13530000,13530000,725,1208,13540000,5943
1,1354,13540000,13540000,725,1208,13550000,5949
1,1355,13550000,13550000,725,1208,13560000,5951
1,1356,13560000,13560000,725,1208,13570000,5956
1,1357,13570000,13570000,725,1208,13580000,5958
1,1358,13580000,13580000,725,1208,13590000,5966
1,1359,13590000,13590000,725,1208,13600000,5969
1,136,1360000,1360000,725,1208,1370000,597
1,1360,13600000,13600000,725,1208,13610000,5974
1,1361,13610000,13610000,725,1208,13620000,5978
1,1362,13620000,13620000,725,1208,13630000,5983
1,1363,13630000,13630000,725,1208,13640000,5985
1,1364,13640000,13640000,725,1208,13650000,5991
1,1365,13650000,13650000,725,1208,13660000,5996
1,1366,13660000,13660000,725,1208,13670000,6000
1,1367,13670000,13670000,725,1208,13680000,6002
1,1368,13680000,13680000,725,1208,13690000,6010
1,1369,13690000,13690000,725,1208,13700000,6014
1,137,1370000,1370000,725,1208,1380000,601
1,1370,13700000,13700000,725,1208,13710000,6018
1,1371,13710000,13710000,725,1208,13720000,6021
1,1372,13720000,13720000,725,1208,13730000,6027
1,1373,13730000,13730000,725,1208,13740000,6029
1,1374,13740000,13740000,725,1208,13750000,6034
1,1375,13750000,13750000,725,1208,13760000,6040
1,1376,13760000,13760000,725,1208,13770000,6045
1,1377,13770000,13770000,725,1208,13780000,6048
1,1378,13780000,13780000,725,1208,13790000,6052
1,1379,13790000,13790000,725,1208,13800000,6056
1,138,1380000,1380000,725,1208,1390000,606
1,1380,13800000,13800000,725,1208,13810000,6063
1,1381,13810000,13810000,725,1208,13820000,6065
1,1382,13820000,13820000,725,1208,13830000,6071
1,1383,13830000,13830000,725,1208,13840000,6074
1,1384,13840000,13840000,725,1208,13850000,6079
1,1385,13850000,13850000,725,1208,13860000,6081
1,1386,13860000,13860000,725,1208,13870000,6090
1,1387,13870000,13870000,725,1208,13880000,6092
1,1388,13880000,13880000,725,1208,13890000,6096
1,1389,13890000,13890000,725,1208,13900000,6101
1,139,1390000,1390000,725,1208,1400000,608
1,1390,13900000,13900000,725,1208,13910000,6105
1,1391,13910000,13910000,725,1208,13920000,6109
1,1392,13920000,13920000,725,1208,13930000,6115
1,1393,13930000,13930000,725,1208,13940000,6119
1,1394,13940000,13940000,725,1208,13950000,6123
1,1395,13950000,13950000,725,1208,13960000,6126
1,1396,13960000,13960000,725,1208,13970000,6132
1,1397,13970000,13970000,725,1208,13980000,6136
1,1398,13980000,13980000,725,1208,13990000,6141
1,1399,13990000,13990000,725,1208,14000000,6143
1,14,140000,140000,725,1208,150000,60
1,140,1400000,1400000,725,1208,1410000,614
1,1400,14000000,14000000,725,1208,14010000,6150
1,1401,14010000,14010000,725,1208,14020000,6153
1,1402,14020000,14020000,725,1208,14030000,6159
1,1403,14030000,14030000,725,1208,14040000,6163
1,1404,14040000,14040000,725,1208,14050000,6168
1,1405,14050000,14050000,725,1208,14060000,6170
1,1406,14060000,14060000,725,1208,14070000,6174
1,1407,14070000,14070000,725,1208,14080000,6179
1,1408,14080000,14080000,725,1208,14090000,6186
1,1409,14090000,14090000,725,1208,14100000,6188
1,141,1410000,1410000,725,1208,1420000,617
1,1410,14100000,14100000,725,1208,14110000,6195
1,1411,14110000,14110000,725,1208,14120000,6197
1,1412,14120000,14120000,725,1208,14130000,6201
1,1413,14130000,14130000,725,1208,14140000,6206
1,1414,14140000,14140000,725,1208,14150000,6212
1,1415,14150000,14150000,725,1208,14160000,6214
1,1416,14160000,14160000,725,1208,14170000,6220
1,1417,14170000,14170000,725,1208,14180000,6224
1,1418,14180000,14180000,725,1208,14190000,6228
1,1419,14190000,14190000,725,1208,14200000,6233
1,142,1420000,1420000,725,1208,1430000,621
1,1420,14200000,14200000,725,1208,14210000,6237
1,1421,14210000,14210000,725,1208,14220000,6241
1,1422,14220000,14220000,725,1208,14230000,6246
1,1423,14230000,14230000,725,1208,14240000,6248
1,1424,14240000,14240000,725,1208,14250000,6257
1,1425,14250000,14250000,725,1208,14260000,6260
1,1426,14260000,14260000,725,1208,14270000,6264
1,1427,14270000,14270000,725,1208,14280000,6266
1,1428,14280000,14280000,725,1208,14290000,6273
1,1429,14290000,14290000,725,1208,14300000,6275
1,143,1430000,1430000,725,1208,1440000,627
1,1430,14300000,14300000,725,1208,14310000,6281
1,1431,14310000,14310000,725,1208,14320000,6286
1,1432,14320000,14320000,725,1208,14330000,6291
1,1433,14330000,14330000,725,1208,14340000,6293
1,1434,14340000,14340000,725,1208,14350000,6298
1,1435,14350000,14350000,725,1208,14360000,6304
1,1436,14360000,14360000,725,1208,14370000,6308
1,1437,14370000,14370000,725,1208,14380000,6311
1,1438,14380000,14380000,725,1208,14390000,6317
1,1439,14390000,14390000,725,1208,14400000,6319
1,144,1440000,1440000,725,1208,1450000,633
1,1440,14400000,14400000,725,1208,14410000,6325
1,1441,14410000,14410000,725,1208,14420000,6329
1,1442,14420000,14420000,725,1208,14430000,6335
1,1443,14430000,14430000,725,1208,14440000,6338
1,1444,14440000,14440000,725,1208,14450000,6342
1,1445,14450000,14450000,725,1208,14460000,6346
1,1446,14460000,14460000,725,1208,14470000,6353
1,1447,14470000,14470000,725,1208,14480000,6355
1,1448,14480000,14480000,725,1208,14490000,6360
1,1449,14490000,14490000,725,1208,14500000,6365
1,145,1450000,1450000,725,1208,1460000,635
1,1450,14500000,14500000,725,1208,14510000,6369
1,1451,14510000,14510000,725,1208,14520000,6371
1,1452,14520000,14520000,725,1208,14530000,6380
1,1453,14530000,14530000,725,1208,14540000,6382
1,1454,14540000,14540000,725,1208,14550000,6386
1,1455,14550000,14550000,725,1208,14560000,6389
1,1456,14560000,14560000,725,1208,14570000,6396
1,1457,14570000,14570000,725,1208,14580000,6400
1,1458,14580000,14580000,725,1208,14590000,6405
1,1459,14590000,14590000,725,1208,14600000,6409
1,146,1460000,1460000,725,1208,1470000,639
1,1460,14600000,14600000,725,1208,14610000,6413
1,1461,14610000,14610000,725,1208,14620000,6416
1,1462,14620000,14620000,725,1208,14630000,6420
1,1463,14630000,14630000,725,1208,14640000,6426
1,1464,14640000,14640000,725,1208,14650000,6432
1,1465,14650000,14650000,725,1208,14660000,6434
1,1466,14660000,14660000,725,1208,14670000,6440
1,1467,14670000,14670000,725,1208,14680000,6443
1,1468,14680000,14680000,725,1208,14690000,6449
1,1469,14690000,14690000,725,1208,14700000,6451
1,147,1470000,1470000,725,1208,1480000,644
1,1470,14700000,14700000,725,1208,14710000,6458
1,1471,14710000,14710000,725,1208,14720000,6460
1,1472,14720000,14720000,725,1208,14730000,6465
1,1473,14730000,14730000,725,1208,14740000,6470
1,1474,14740000,14740000,725,1208,14750000,6476
1,1475,14750000,14750000,725,1208,14760000,6478
1,1476,14760000,14760000,725,1208,14770000,6483
1,1477,14770000,14770000,725,1208,14780000,6487
1,1478,14780000,14780000,725,1208,14790000,6491
1,1479,14790000,14790000,725,1208,14800000,6496
1,148,1480000,1480000,725,1208,1490000,650
1,1480,14800000,14800000,725,1208,14810000,6503
1,1481,14810000,14810000,725,1208,14820000,6505
1,1482,14820000,14820000,725,1208,14830000,6510
1,1483,14830000,14830000,725,1208,14840000,6512
1,1484,14840000,14840000,725,1208,14850000,6518
1,1485,14850000,14850000,725,1208,14860000,6523
1,1486,14860000,14860000,725,1208,14870000,6527
1,1487,14870000,14870000,725,1208,14880000,6531
1,1488,14880000,14880000,725,1208,14890000,6537
1,1489,14890000,14890000,725,1208,14900000,6539
1,149,1490000,1490000,725,1208,1500000,652
1,1490,14900000,14900000,725,1208,14910000,6545
1,1491,14910000,14910000,725,1208,14920000,6550
1,1492,14920000,14920000,725,1208,14930000,6554
1,1493,14930000,14930000,725,1208,14940000,6556
1,1494,14940000,14940000,725,1208,14950000,6563
1,1495,14950000,14950000,725,1208,14960000,6565
1,1496,14960000,14960000,725,1208,14970000,6572
1,1497,14970000,14970000,725,1208,14980000,6575
1,1498,14980000,14980000,725,1208,14990000,6581
1,1499,14990000,14990000,725,1208,15000000,6583
1,15,150000,150000,725,1208,160000,63
1,150,1500000,1500000,725,1208,1510000,659
1,1500,15000000,15000000,725,1208,15010000,6588
1,1501,15010000,15010000,725,1208,15020000,6594
1,1502,15020000,15020000,725,1208,15030000,6598
1,1503,15030000,15030000,725,1208,15040000,6601
1,1504,15040000,15040000,725,1208,15050000,6606
1,1505,15050000,15050000,725,1208,15060000,6610
1,1506,15060000,15060000,725,1208,15070000,6615
1,1507,15070000,15070000,725,1208,15080000,6619
1,1508,15080000,15080000,725,1208,15090000,6625
1,1509,15090000,15090000,725,1208,15100000,6628
1,151,1510000,1510000,725,1208,1520000,661
1,1510,15100000,15100000,725,1208,15110000,6632
1,1511,15110000,15110000,725,1208,15120000,6634
1,1512,15120000,15120000,725,1208,15130000,6644
1,1513,15130000,15130000,725,1208,15140000,6646
1,1514,15140000,15140000,725,1208,15150000,6650
1,1515,15150000,15150000,725,1208,15160000,6655
1,1516,15160000,15160000,725,1208,15170000,6659
1,1517,15170000,15170000,725,1208,15180000,6661
1,1518,15180000,15180000,725,1208,15190000,6668
1,1519,15190000,15190000,725,1208,15200000,6672
1,152,1520000,1520000,725,1208,1530000,666
1,1520,15200000,15200000,725,1208,15210000,6677
1,1521,15210000,15210000,725,1208,15220000,6680
1,1522,15220000,15220000,725,1208,15230000,6686
1,1523,15230000,15230000,725,1208,15240000,6690
1,1524,15240000,15240000,725,1208,15250000,6695
1,1525,15250000,15250000,725,1208,15260000,6697
1,1526,15260000,15260000,725,1208,15270000,6703
1,1527,15270000,15270000,725,1208,15280000,6706
1,1528,15280000,15280000,725,1208,15290000,6711
1,1529,15290000,15290000,725,1208,15300000,6717
1,153,1530000,1530000,725,1208,1540000,669
1,1530,15300000,15300000,725,1208,15310000,6722
1,1531,15310000,15310000,725,1208,15320000,6724
1,1532,15320000,15320000,725,1208,15330000,6728
1,1533,15330000,15330000,725,1208,15340000,6733
1,1534,15340000,15340000,725,1208,15350000,6739
1,1535,15350000,15350000,725,1208,15360000,6741
1,1536,15360000,15360000,725,1208,15370000,6749
1,1537,15370000,15370000,725,1208,15380000,6751
1,1538,15380000,15380000,725,1208,15390000,6755
1,1539,15390000,15390000,725,1208,15400000,6758
1,154,1540000,1540000,725,1208,1550000,677
1,1540,15400000,15400000,725,1208,15410000,6766
1,1541,15410000,15410000,725,1208,15420000,6768
1,1542,15420000,15420000,725,1208,15430000,6773
1,1543,15430000,15430000,725,1208,15440000,6777
1,1544,15440000,15440000,725,1208,15450000,6782
1,1545,15450000,15450000,725,1208,15460000,6787
1,1546,15460000,15460000,725,1208,15470000,6791
1,1547,15470000,15470000,725,1208,15480000,6795
1,1548,15480000,15480000,725,1208,15490000,6800
1,1549,15490000,15490000,725,1208,15500000,6802
1,155,1550000,1550000,725,1208,1560000,679
1,1550,15500000,15500000,725,1208,15510000,6808
1,1551,15510000,15510000,725,1208,15520000,6813
1,1552,15520000,15520000,725,1208,15530000,6818
1,1553,15530000,15530000,725,1208,15540000,6820
1,1554,15540000,15540000,725,1208,15550000,6827
1,1555,15550000,15550000,725,1208,15560000,6829
1,1556,15560000,15560000,725,1208,15570000,6835
1,1557,15570000,15570000,725,1208,15580000,6840
1,1558,15580000,15580000,725,1208,15590000,6844
1,1559,15590000,15590000,725,1208,15600000,6846
1,156,1560000,1560000,725,1208,1570000,684
1,1560,15600000,15600000,725,1208,15610000,6852
1,1561,15610000,15610000,725,1208,15620000,6856
1,1562,15620000,15620000,725,1208,15630000,6862
1,1563,15630000,15630000,725,1208,15640000,6865
1,1564,15640000,15640000,725,1208,15650000,6871
1,1565,15650000,15650000,725,1208,15660000,6873
1,1566,15660000,15660000,725,1208,15670000,6878
1,1567,15670000,15670000,725,1208,15680000,6882
1,1568,15680000,15680000,725,1208,15690000,6889
1,1569,15690000,15690000,725,1208,15700000,6892
1,157,1570000,1570000,725,1208,1580000,688
1,1570,15700000,15700000,725,1208,15710000,6896
1,1571,15710000,15710000,725,1208,15720000,6900
1,1572,15720000,15720000,725,1208,15730000,6905
1,1573,15730000,15730000,725,1208,15740000,6909
1,1574,15740000,15740000,725,1208,15750000,6913
1,1575,15750000,15750000,725,1208,15760000,6918
1,1576,15760000,15760000,725,1208,15770000,6923
1,1577,15770000,15770000,725,1208,15780000,6925
1,1578,15780000,15780000,725,1208,15790000,6934
1,1579,15790000,15790000,725,1208,15800000,6936
1,158,1580000,1580000,725,1208,1590000,692
1,1580,15800000,15800000,725,1208,15810000,6940
1,1581,15810000,15810000,725,1208,15820000,6943
1,1582,15820000,15820000,725,1208,15830000,6949
1,1583,15830000,15830000,725,1208,15840000,6951
1,1584,15840000,15840000,725,1208,15850000,6959
1,1585,15850000,15850000,725,1208,15860000,6963
1,1586,15860000,15860000,725,1208,15870000,6967
1,1587,15870000,15870000,725,1208,15880000,6970
1,1588,15880000,15880000,725,1208,15890000,6974
1,1589,15890000,15890000,725,1208,15900000,6980
1,159,1590000,1590000,725,1208,1600000,697
1,1590,15900000,15900000,725,1208,15910000,6985
1,1591,15910000,15910000,725,1208,15920000,6987
1,1592,15920000,15920000,725,1208,15930000,6994
1,1593,15930000,15930000,725,1208,15940000,6997
1,1594,15940000,15940000,725,1208,15950000,7001
1,1595,15950000,15950000,725,1208,15960000,7005
1,1596,15960000,15960000,725,1208,15970000,7012
1,1597,15970000,15970000,725,1208,15980000,7014
1,1598,15980000,15980000,725,1208,15990000,7018
1,1599,15990000,15990000,725,1208,16000000,7023
1,16,160000,160000,725,1208,170000,70
1,160,1600000,1600000,725,1208,1610000,702
1,1600,16000000,16000000,725,1208,16010000,7030
1,1601,16010000,16010000,725,1208,16020000,7032
1,1602,16020000,16020000,725,1208,16030000,7037
1,1603,16030000,16030000,725,1208,16040000,7041
1,1604,16040000,16040000,725,1208,16050000,7045
1,1605,16050000,16050000,725,1208,16060000,7048
1,1606,16060000,16060000,725,1208,16070000,7056
1,1607,16070000,16070000,725,1208,16080000,7058
1,1608,16080000,16080000,725,1208,16090000,7064
1,1609,16090000,16090000,725,1208,16100000,7066
1,161,1610000,1610000,725,1208,1620000,706
1,1610,16100000,16100000,725,1208,16110000,7072
1,1611,16110000,16110000,725,1208,16120000,7077
1,1612,16120000,16120000,725,1208,16130000,7081
1,1613,16130000,16130000,725,1208,16140000,7085
1,1614,16140000,16140000,725,1208,16150000,7090
1,1615,16150000,16150000,725,1208,16160000,7092
1,1616,16160000,16160000,725,1208,16170000,7097
1,1617,16170000,16170000,725,1208,16180000,7104
1,1618,16180000,16180000,725,1208,16190000,7108
1,1619,16190000,16190000,725,1208,16200000,7110
1,162,1620000,1620000,725,1208,1630000,711
1,1620,16200000,16200000,725,1208,16210000,7117
1,1621,16210000,16210000,725,1208,16220000,7119
1,1622,16220000,16220000,725,1208,16230000,7125
1,1623,16230000,16230000,725,1208,16240000,7128
1,1624,16240000,16240000,725,1208,16250000,7135
1,1625,16250000,16250000,725,1208,16260000,7137
1,1626,16260000,16260000,725,1208,16270000,7142
1,1627,16270000,16270000,725,1208,16280000,7146
1,1628,16280000,16280000,725,1208,16290000,7152
1,1629,16290000,16290000,725,1208,16300000,7155
1,163,1630000,1630000,725,1208,1640000,713
1,1630,16300000,16300000,725,1208,16310000,7159
1,1631,16310000,16310000,725,1208,16320000,7163
1,1632,16320000,16320000,725,1208,16330000,7169
1,1633,16330000,16330000,725,1208,16340000,7173
1,1634,16340000,16340000,725,1208,16350000,7179
1,1635,16350000,16350000,725,1208,16360000,7182
1,1636,16360000,16360000,725,1208,16370000,7186
1,1637,16370000,16370000,725,1208,16380000,7188
1,1638,16380000,16380000,725,1208,16390000,7195
1,1639,16390000,16390000,725,1208,16400000,7199
1,164,1640000,1640000,725,1208,1650000,719
1,1640,16400000,16400000,725,1208,16410000,7204
1,1641,16410000,16410000,725,1208,16420000,7209
1,1642,16420000,16420000,725,1208,16430000,7213
1,1643,16430000,16430000,725,1208,16440000,7215
1,1644,16440000,16440000,725,1208,16450000,7222
1,1645,16450000,16450000,725,1208,16460000,7226
1,1646,16460000,16460000,725,1208,16470000,7230
1,1647,16470000,16470000,725,1208,16480000,7233
1,1648,16480000,16480000,725,1208,16490000,7240
1,1649,16490000,16490000,725,1208,16500000,7242
1,165,1650000,1650000,725,1208,1660000,724
1,1650,16500000,16500000,725,1208,16510000,7249
1,1651,16510000,16510000,725,1208,16520000,7251
1,1652,16520000,16520000,725,1208,16530000,7257
1,1653,16530000,16530000,725,1208,16540000,7260
1,1654,16540000,16540000,725,1208,16550000,7264
1,1655,16550000,16550000,725,1208,16560000,7270
1,1656,16560000,16560000,725,1208,16570000,7276
1,1657,16570000,16570000,725,1208,16580000,7278
1,1658,16580000,16580000,725,1208,16590000,7282
1,1659,16590000,16590000,725,1208,16600000,7287
1,166,1660000,1660000,725,1208,1670000,728
1,1660,16600000,16600000,725,1208,16610000,7291
1,1661,16610000,16610000,725,1208,16620000,7295
1,1662,16620000,16620000,725,1208,16630000,7302
1,1663,16630000,16630000,725,1208,16640000,7304
1,1664,16640000,16640000,725,1208,16650000,7309
1,1665,16650000,16650000,725,1208,16660000,7312
1,1666,16660000,16660000,725,1208,16670000,7320
1,1667,16670000,16670000,725,1208,16680000,7322
1,1668,16680000,16680000,725,1208,16690000,7327
1,1669,16690000,16690000,725,1208,16700000,7331
1,167,1670000,1670000,725,1208,1680000,730
1,1670,16700000,16700000,725,1208,16710000,7335
1,1671,16710000,16710000,725,1208,16720000,7338
1,1672,16720000,16720000,725,1208,16730000,7345
1,1673,16730000,16730000,725,1208,16740000,7349
1,1674,16740000,16740000,725,1208,16750000,7354
1,1675,16750000,16750000,725,1208,16760000,7356
1,1676,16760000,16760000,725,1208,16770000,7362
1,1677,16770000,16770000,725,1208,16780000,7367
1,1678,16780000,16780000,725,1208,16790000,7371
1,1679,16790000,16790000,725,1208,16800000,7373
1,168,1680000,1680000,725,1208,1690000,738
1,1680,16800000,16800000,725,1208,16810000,7381
1,1681,16810000,16810000,725,1208,16820000,7383
1,1682,16820000,16820000,725,1208,16830000,7387
1,1683,16830000,16830000,725,1208,16840000,7394
1,1684,16840000,16840000,725,1208,16850000,7398
1,1685,16850000,16850000,725,1208,16860000,7400
1,1686,16860000,16860000,725,1208,16870000,7405
1,1687,16870000,16870000,725,1208,16880000,7409
1,1688,16880000,16880000,725,1208,16890000,7416
1,1689,16890000,16890000,725,1208,16900000,7419
1,169,1690000,1690000,725,1208,1700000,740
1,1690,16900000,16900000,725,1208,16910000,7425
1,1691,16910000,16910000,725,1208,16920000,7427
1,1692,16920000,16920000,725,1208,16930000,7432
1,1693,16930000,16930000,725,1208,16940000,7434
1,1694,16940000,16940000,725,1208,16950000,7442
1,1695,16950000,16950000,725,1208,16960000,7445
1,1696,16960000,16960000,725,1208,16970000,7450
1,1697,16970000,16970000,725,1208,16980000,7454
1,1698,16980000,16980000,725,1208,16990000,7459
1,1699,16990000,16990000,725,1208,17000000,7463
1,17,170000,170000,725,1208,180000,74
1,170,1700000,1700000,725,1208,1710000,746
1,1700,17000000,17000000,725,1208,17010000,7467
1,1701,17010000,17010000,725,1208,17020000,7472
1,1702,17020000,17020000,725,1208,17030000,7476
1,1703,17030000,17030000,725,1208,17040000,7478
1,1704,17040000,17040000,725,1208,17050000,7486
1,1705,17050000,17050000,725,1208,17060000,7490
1,1706,17060000,17060000,725,1208,17070000,7494
1,1707,17070000,17070000,725,1208,17080000,7497
1,1708,17080000,17080000,725,1208,17090000,7503
1,1709,17090000,17090000,725,1208,17100000,7505
1,171,1710000,1710000,725,1208,1720000,751
1,1710,17100000,17100000,725,1208,17110000,7512
1,1711,17110000,17110000,725,1208,17120000,7516
1,1712,17120000,17120000,725,1208,17130000,7521
1,1713,17130000,17130000,725,1208,17140000,7524
1,1714,17140000,17140000,725,1208,17150000,7528
1,1715,17150000,17150000,725,1208,17160000,7532
1,1716,17160000,17160000,725,1208,17170000,7539
1,1717,17170000,17170000,725,1208,17180000,7541
1,1718,17180000,17180000,725,1208,17190000,7547
1,1719,17190000,17190000,725,1208,17200000,7550
1,172,1720000,1720000,725,1208,1730000,755
1,1720,17200000,17200000,725,1208,17210000,7555
1,1721,17210000,17210000,725,1208,17220000,7559
1,1722,17220000,17220000,725,1208,17230000,7566
1,1723,17230000,17230000,725,1208,17240000,7568
1,1724,17240000,17240000,725,1208,17250000,7572
1,1725,17250000,17250000,725,1208,17260000,7577
1,1726,17260000,17260000,725,1208,17270000,7581
1,1727,17270000,17270000,725,1208,17280000,7585
1,1728,17280000,17280000,725,1208,17290000,7591
1,1729,17290000,17290000,725,1208,17300000,7595
1,173,1730000,1730000,725,1208,1740000,757
1,1730,17300000,17300000,725,1208,17310000,7599
1,1731,17310000,17310000,725,1208,17320000,7602
1,1732,17320000,17320000,725,1208,17330000,7610
1,1733,17330000,17330000,725,1208,17340000,7612
1,1734,17340000,17340000,725,1208,17350000,7617
1,1735,17350000,17350000,725,1208,17360000,7619
1,1736,17360000,17360000,725,1208,17370000,7626
1,1737,17370000,17370000,725,1208,17380000,7629
1,1738,17380000,17380000,725,1208,17390000,7635
1,1739,17390000,17390000,725,1208,17400000,7639
1,174,1740000,1740000,725,1208,1750000,762
1,1740,17400000,17400000,725,1208,17410000,7644
1,1741,17410000,17410000,725,1208,17420000,7646
1,1742,17420000,17420000,725,1208,17430000,7650
1,1743,17430000,17430000,725,1208,17440000,7657
1,1744,17440000,17440000,725,1208,17450000,7662
1,1745,17450000,17450000,725,1208,17460000,7664
1,1746,17460000,17460000,725,1208,17470000,7671
1,1747,17470000,17470000,725,1208,17480000,7673
1,1748,17480000,17480000,725,1208,17490000,7677
1,1749,17490000,17490000,725,1208,17500000,7682
1,175,1750000,1750000,725,1208,1760000,766
1,1750,17500000,17500000,725,1208,17510000,7688
1,1751,17510000,17510000,725,1208,17520000,7690
1,1752,17520000,17520000,725,1208,17530000,7696
1,1753,17530000,17530000,725,1208,17540000,7700
1,1754,17540000,17540000,725,1208,17550000,7706
1,1755,17550000,17550000,725,1208,17560000,7709
1,1756,17560000,17560000,725,1208,17570000,7713
1,1757,17570000,17570000,725,1208,17580000,7717
1,1758,17580000,17580000,725,1208,17590000,7722
1,1759,17590000,17590000,725,1208,17600000,7724
1,176,1760000,1760000,725,1208,1770000,773
1,1760,17600000,17600000,725,1208,17610000,7733
1,1761,17610000,17610000,725,1208,17620000,7736
1,1762,17620000,17620000,725,1208,17630000,7740
1,1763,17630000,17630000,725,1208,17640000,7742
1,1764,17640000,17640000,725,1208,17650000,7749
1,1765,17650000,17650000,725,1208,17660000,7753
1,1766,17660000,17660000,725,1208,17670000,7757
1,1767,17670000,17670000,725,1208,17680000,7762
1,1768,17680000,17680000,725,1208,17690000,7767
1,1769,17690000,17690000,725,1208,17700000,7769
1,177,1770000,1770000,725,1208,1780000,776
1,1770,17700000,17700000,725,1208,17710000,7774
1,1771,17710000,17710000,725,1208,17720000,7780
1,1772,17720000,17720000,725,1208,17730000,7784
1,1773,17730000,17730000,725,1208,17740000,7787
1,1774,17740000,17740000,725,1208,17750000,7793
1,1775,17750000,17750000,725,1208,17760000,7795
1,1776,17760000,17760000,725,1208,17770000,7803
1,1777,17770000,17770000,725,1208,17780000,7805
1,1778,17780000,17780000,725,1208,17790000,7811
1,1779,17790000,17790000,725,1208,17800000,7814
1,178,1780000,1780000,725,1208,1790000,782
1,1780,17800000,17800000,725,1208,17810000,7818
1,1781,17810000,17810000,725,1208,17820000,7822
1,1782,17820000,17820000,725,1208,17830000,7829
1,1783,17830000,17830000,725,1208,17840000,7831
1,1784,17840000,17840000,725,1208,17850000,7836
1,1785,17850000,17850000,725,1208,17860000,7841
1,1786,17860000,17860000,725,1208,17870000,7845
1,1787,17870000,17870000,725,1208,17880000,7849
1,1788,17880000,17880000,725,1208,17890000,7856
1,1789,17890000,17890000,725,1208,17900000,7858
1,179,1790000,1790000,725,1208,1800000,784
1,1790,17900000,17900000,725,1208,17910000,7862
1,1791,17910000,17910000,725,1208,17920000,7865
1,1792,17920000,17920000,725,1208,17930000,7872
1,1793,17930000,17930000,725,1208,17940000,7876
1,1794,17940000,17940000,725,1208,17950000,7881
1,1795,17950000,17950000,725,1208,17960000,7885
1,1796,17960000,17960000,725,1208,17970000,7889
1,1797,17970000,17970000,725,1208,17980000,7892
1,1798,17980000,17980000,725,1208,17990000,7898
1,1799,17990000,17990000,725,1208,18000000,7902
1,18,180000,180000,725,1208,190000,79
1,180,1800000,1800000,725,1208,1810000,789
1,1800,18000000,18000000,725,1208,18010000,7908
1,1801,18010000,18010000,725,1208,18020000,7910
1,1802,18020000,18020000,725,1208,18030000,7916
1,1803,18030000,18030000,725,1208,18040000,7919
1,1804,18040000,18040000,725,1208,18050000,7925
1,1805,18050000,18050000,725,1208,18060000,7927
1,1806,18060000,18060000,725,1208,18070000,7934
1,1807,18070000,18070000,725,1208,18080000,7936
1,1808,18080000,18080000,725,1208,18090000,7941
1,1809,18090000,18090000,725,1208,18100000,7948
1,181,1810000,1810000,725,1208,1820000,793
1,1810,18100000,18100000,725,1208,18110000,7952
1,1811,18110000,18110000,725,1208,18120000,7954
1,1812,18120000,18120000,725,1208,18130000,7959
1,1813,18130000,18130000,725,1208,18140000,7963
1,1814,18140000,18140000,725,1208,18150000,7967
1,1815,18150000,18150000,725,1208,18160000,7972
1,1816,18160000,18160000,725,1208,18170000,7979
1,1817,18170000,18170000,725,1208,18180000,7981
1,1818,18180000,18180000,725,1208,18190000,7986
1,1819,18190000,18190000,725,1208,18200000,7988
1,182,1820000,1820000,725,1208,1830000,799
1,1820,18200000,18200000,725,1208,18210000,7996
1,1821,18210000,18210000,725,1208,18220000,7999
1,1822,18220000,18220000,725,1208,18230000,8003
1,1823,18230000,18230000,725,1208,18240000,8007
1,1824,18240000,18240000,725,1208,18250000,8013
1,1825,18250000,18250000,725,1208,18260000,8015
1,1826,18260000,18260000,725,1208,18270000,8021
1,1827,18270000,18270000,725,1208,18280000,8026
1,1828,18280000,18280000,725,1208,18290000,8030
1,1829,18290000,18290000,725,1208,18300000,8032
1,183,1830000,1830000,725,1208,1840000,802
1,1830,18300000,18300000,725,1208,18310000,8039
1,1831,18310000,18310000,725,1208,18320000,8043
1,1832,18320000,18320000,725,1208,18330000,8048
1,1833,18330000,18330000,725,1208,18340000,8051
1,1834,18340000,18340000,725,1208,18350000,8057
1,1835,18350000,18350000,725,1208,18360000,8059
1,1836,18360000,18360000,725,1208,18370000,8064
1,1837,18370000,18370000,725,1208,18380000,8070
1,1838,18380000,18380000,725,1208,18390000,8074
1,1839,18390000,18390000,725,1208,18400000,8077
1,184,1840000,1840000,725,1208,1850000,807
1,1840,18400000,18400000,725,1208,18410000,8082
1,1841,18410000,18410000,725,1208,18420000,8086
1,1842,18420000,18420000,725,1208,18430000,8093
1,1843,18430000,18430000,725,1208,18440000,8095
1,1844,18440000,18440000,725,1208,18450000,8101
1,1845,18450000,18450000,725,1208,18460000,8104
1,1846,18460000,18460000,725,1208,18470000,8108
1,1847,18470000,18470000,725,1208,18480000,8110
1,185,1850000,1850000,725,1208,1860000,811
1,186,1860000,1860000,725,1208,1870000,816
1,187,1870000,1870000,725,1208,1880000,820
1,188,1880000,1880000,725,1208,1890000,824
1,189,1890000,1890000,725,1208,1900000,829
1,19,190000,190000,725,1208,200000,81
1,190,1900000,1900000,725,1208,1910000,833
1,191,1910000,1910000,725,1208,1920000,835
1,192,1920000,1920000,725,1208,1930000,845
1,193,1930000,1930000,725,1208,1940000,847
1,194,1940000,1940000,725,1208,1950000,851
1,195,1950000,1950000,725,1208,1960000,854
1,196,1960000,1960000,725,1208,1970000,860
1,197,1970000,1970000,725,1208,1980000,862
1,198,1980000,1980000,725,1208,1990000,869
1,199,1990000,1990000,725,1208,2000000,873
1,2,20000,20000,725,1208,30000,7
1,20,200000,200000,725,1208,210000,85
1,200,2000000,2000000,725,1208,2010000,878
1,201,2010000,2010000,725,1208,2020000,881
1,202,2020000,2020000,725,1208,2030000,885
1,203,2030000,2030000,725,1208,2040000,891
1,204,2040000,2040000,725,1208,2050000,896
1,205,2050000,2050000,725,1208,2060000,898
1,206,2060000,2060000,725,1208,2070000,904
1,207,2070000,2070000,725,1208,2080000,907
1,208,2080000,2080000,725,1208,2090000,912
1,209,2090000,2090000,725,1208,2100000,916
1,21,210000,210000,725,1208,220000,90
1,210,2100000,2100000,725,1208,2110000,923
1,211,2110000,2110000,725,1208,2120000,925
1,212,2120000,2120000,725,1208,2130000,929
1,213,2130000,2130000,725,1208,2140000,934
1,214,2140000,2140000,725,1208,2150000,940
1,215,2150000,2150000,725,1208,2160000,942
1,216,2160000,2160000,725,1208,2170000,948
1,217,2170000,2170000,725,1208,2180000,952
1,218,2180000,2180000,725,1208,2190000,956
1,219,2190000,2190000,725,1208,2200000,959
1,22,220000,220000,725,1208,230000,96
1,220,2200000,2200000,725,1208,2210000,967
1,221,2210000,2210000,725,1208,2220000,969
1,222,2220000,2220000,725,1208,2230000,974
1,223,2230000,2230000,725,1208,2240000,976
1,224,2240000,2240000,725,1208,2250000,983
1,225,2250000,2250000,725,1208,2260000,988
1,226,2260000,2260000,725,1208,2270000,992
1,227,2270000,2270000,725,1208,2280000,996
1,228,2280000,2280000,725,1208,2290000,1001
1,229,2290000,2290000,725,1208,2300000,1003
1,23,230000,230000,725,1208,240000,98
1,230,2300000,2300000,725,1208,2310000,1007
1,231,2310000,2310000,725,1208,2320000,1014
1,232,2320000,2320000,725,1208,2330000,1019
1,233,2330000,2330000,725,1208,2340000,1021
1,234,2340000,2340000,725,1208,2350000,1028
1,235,2350000,2350000,725,1208,2360000,1030
1,236,2360000,2360000,725,1208,2370000,1036
1,237,2370000,2370000,725,1208,2380000,1039
1,238,2380000,2380000,725,1208,2390000,1045
1,239,2390000,2390000,725,1208,2400000,1047
1,24,240000,240000,725,1208,250000,106
1,240,2400000,2400000,725,1208,2410000,1053
1,241,2410000,2410000,725,1208,2420000,1057
1,242,2420000,2420000,725,1208,2430000,1063
1,243,2430000,2430000,725,1208,2440000,1066
1,244,2440000,2440000,725,1208,2450000,1070
1,245,2450000,2450000,725,1208,2460000,1074
1,246,2460000,2460000,725,1208,2470000,1079
1,247,2470000,2470000,725,1208,2480000,1083
1,248,2480000,2480000,725,1208,2490000,1090
1,249,2490000,2490000,725,1208,2500000,1093
1,25,250000,250000,725,1208,260000,108
1,250,2500000,2500000,725,1208,2510000,1097
1,251,2510000,2510000,725,1208,2520000,1099
1,252,2520000,2520000,725,1208,2530000,1106
1,253,2530000,2530000,725,1208,2540000,1110
1,254,2540000,2540000,725,1208,2550000,1114
1,255,2550000,2550000,725,1208,2560000,1119
1,256,2560000,2560000,725,1208,2570000,1124
1,257,2570000,2570000,725,1208,2580000,1126
1,258,2580000,2580000,725,1208,2590000,1133
1,259,2590000,2590000,725,1208,2600000,1137
1,26,260000,260000,725,1208,270000,112
1,260,2600000,2600000,725,1208,2610000,1141
1,261,2610000,2610000,725,1208,2620000,1144
1,262,2620000,2620000,725,1208,2630000,1150
1,263,2630000,2630000,725,1208,2640000,1152
1,264,2640000,2640000,725,1208,2650000,1160
1,265,2650000,2650000,725,1208,2660000,1162
1,266,2660000,2660000,725,1208,2670000,1168
1,267,2670000,2670000,725,1208,2680000,1171
1,268,2680000,2680000,725,1208,2690000,1175
1,269,2690000,2690000,725,1208,2700000,1181
1,27,270000,270000,725,1208,280000,117
1,270,2700000,2700000,725,1208,2710000,1186
1,271,2710000,2710000,725,1208,2720000,1188
1,272,2720000,2720000,725,1208,2730000,1193
1,273,2730000,2730000,725,1208,2740000,1198
1,274,2740000,2740000,725,1208,2750000,1202
1,275,2750000,2750000,725,1208,2760000,1206
1,276,2760000,2760000,725,1208,2770000,1213
1,277,2770000,2770000,725,1208,2780000,1215
1,278,2780000,2780000,725,1208,2790000,1219
1,279,2790000,2790000,725,1208,2800000,1222
1,28,280000,280000,725,1208,290000,123
1,280,2800000,2800000,725,1208,2810000,1231
1,281,2810000,2810000,725,1208,2820000,1233
1,282,2820000,2820000,725,1208,2830000,1238
1,283,2830000,2830000,725,1208,2840000,1242
1,284,2840000,2840000,725,1208,2850000,1246
1,285,2850000,2850000,725,1208,2860000,1249
1,286,2860000,2860000,725,1208,2870000,1255
1,287,2870000,2870000,725,1208,2880000,1259
1,288,2880000,2880000,725,1208,2890000,1265
1,289,2890000,2890000,725,1208,2900000,1267
1,29,290000,290000,725,1208,300000,125
1,290,2900000,2900000,725,1208,2910000,1273
1,291,2910000,2910000,725,1208,2920000,1278
1,292,2920000,2920000,725,1208,2930000,1282
1,293,2930000,2930000,725,1208,2940000,1284
1,294,2940000,2940000,725,1208,2950000,1291
1,295,2950000,2950000,725,1208,2960000,1293
1,296,2960000,2960000,725,1208,2970000,1298
1,297,2970000,2970000,725,1208,2980000,1305
1,298,2980000,2980000,725,1208,2990000,1309
1,299,2990000,2990000,725,1208,3000000,1311
1,3,30000,30000,725,1208,40000,12
1,30,300000,300000,725,1208,310000,130
1,300,3000000,3000000,725,1208,3010000,1316
1,301,3010000,3010000,725,1208,3020000,1320
1,302,3020000,3020000,725,1208,3030000,1326
1,303,3030000,3030000,725,1208,3040000,1329
1,304,3040000,3040000,725,1208,3050000,1336
1,305,3050000,3050000,725,1208,3060000,1338
1,306,3060000,3060000,725,1208,3070000,1343
1,307,3070000,3070000,725,1208,3080000,1345
1,308,3080000,3080000,725,1208,3090000,1353
1,309,3090000,3090000,725,1208,3100000,1356
1,31,310000,310000,725,1208,320000,134
1,310,3100000,3100000,725,1208,3110000,1360
1,311,3110000,3110000,725,1208,3120000,1364
1,312,3120000,3120000,725,1208,3130000,1370
1,313,3130000,3130000,725,1208,3140000,1374
1,314,3140000,3140000,725,1208,3150000,1378
1,315,3150000,3150000,725,1208,3160000,1383
1,316,3160000,3160000,725,1208,3170000,1387
1,317,3170000,3170000,725,1208,3180000,1389
1,318,3180000,3180000,725,1208,3190000,1396
1,319,3190000,3190000,725,1208,3200000,1400
1,32,320000,320000,725,1208,330000,139
1,320,3200000,3200000,725,1208,3210000,1405
1,321,3210000,3210000,725,1208,3220000,1408
1,322,3220000,3220000,725,1208,3230000,1414
1,323,3230000,3230000,725,1208,3240000,1416
1,324,3240000,3240000,725,1208,3250000,1423
1,325,3250000,3250000,725,1208,3260000,1427
1,326,3260000,3260000,725,1208,3270000,1431
1,327,3270000,3270000,725,1208,3280000,1434
1,328,3280000,3280000,725,1208,3290000,1439
1,329,3290000,3290000,725,1208,3300000,1443
1,33,330000,330000,725,1208,340000,144
1,330,3300000,3300000,725,1208,3310000,1450
1,331,3310000,3310000,725,1208,3320000,1452
1,332,3320000,3320000,725,1208,3330000,1458
1,333,3330000,3330000,725,1208,3340000,1461
1,334,3340000,3340000,725,1208,3350000,1465
1,335,3350000,3350000,725,1208,3360000,1469
1,336,3360000,3360000,725,1208,3370000,1477
1,337,3370000,3370000,725,1208,3380000,1479
1,338,3380000,3380000,725,1208,3390000,1483
1,339,3390000,3390000,725,1208,3400000,1488
1,34,340000,340000,725,1208,350000,148
1,340,3400000,3400000,725,1208,3410000,1492
1,341,3410000,3410000,725,1208,3420000,1496
1,342,3420000,3420000,725,1208,3430000,1501
1,343,3430000,3430000,725,1208,3440000,1505
1,344,3440000,3440000,725,1208,3450000,1510
1,345,3450000,3450000,725,1208,3460000,1513
1,346,3460000,3460000,725,1208,3470000,1521
1,347,3470000,3470000,725,1208,3480000,1523
1,348,3480000,3480000,725,1208,3490000,1528
1,349,3490000,3490000,725,1208,3500000,1530
1,35,350000,350000,725,1208,360000,152
1,350,3500000,3500000,725,1208,3510000,1536
1,351,3510000,3510000,725,1208,3520000,1539
1,352,3520000,3520000,725,1208,3530000,1546
1,353,3530000,3530000,725,1208,3540000,1550
1,354,3540000,3540000,725,1208,3550000,1555
1,355,3550000,3550000,725,1208,3560000,1557
1,356,3560000,3560000,725,1208,3570000,1561
1,357,3570000,3570000,725,1208,3580000,1568
1,358,3580000,3580000,725,1208,3590000,1572
1,359,3590000,3590000,725,1208,3600000,1574
1,36,360000,360000,725,1208,370000,157
1,360,3600000,3600000,725,1208,3610000,1582
1,361,3610000,3610000,725,1208,3620000,1584
1,362,3620000,3620000,725,1208,3630000,1588
1,363,3630000,3630000,725,1208,3640000,1593
1,364,3640000,3640000,725,1208,3650000,1599
1,365,3650000,3650000,725,1208,3660000,1601
1,366,3660000,3660000,725,1208,3670000,1606
1,367,3670000,3670000,725,1208,3680000,1610
1,368,3680000,3680000,725,1208,3690000,1617
1,369,3690000,3690000,725,1208,3700000,1620
1,37,370000,370000,725,1208,380000,159
1,370,3700000,3700000,725,1208,3710000,1624
1,371,3710000,3710000,725,1208,3720000,1628
1,372,3720000,3720000,725,1208,3730000,1633
1,373,3730000,3730000,725,1208,3740000,1635
1,374,3740000,3740000,725,1208,3750000,1643
1,375,3750000,3750000,725,1208,3760000,1646
1,376,3760000,3760000,725,1208,3770000,1651
1,377,3770000,3770000,725,1208,3780000,1653
1,378,3780000,3780000,725,1208,3790000,1660
1,379,3790000,3790000,725,1208,3800000,1664
1,38,380000,380000,725,1208,390000,167
1,380,3800000,3800000,725,1208,3810000,1668
1,381,3810000,3810000,725,1208,3820000,1673
1,382,3820000,3820000,725,1208,3830000,1677
1,383,3830000,3830000,725,1208,3840000,1679
1,384,3840000,3840000,725,1208,3850000,1685
1,385,3850000,3850000,725,1208,3860000,1691
1,386,3860000,3860000,725,1208,3870000,1695
1,387,3870000,3870000,725,1208,3880000,1698
1,388,3880000,3880000,725,1208,3890000,1704
1,389,3890000,3890000,725,1208,3900000,1706
1,39,390000,390000,725,1208,400000,170
1,390,3900000,3900000,725,1208,3910000,1713
1,391,3910000,3910000,725,1208,3920000,1715
1,392,3920000,3920000,725,1208,3930000,1722
1,393,3930000,3930000,725,1208,3940000,1725
1,394,3940000,3940000,725,1208,3950000,1729
1,395,3950000,3950000,725,1208,3960000,1733
1,396,3960000,3960000,725,1208,3970000,1740
1,397,3970000,3970000,725,1208,3980000,1742
1,398,3980000,3980000,725,1208,3990000,1746
1,399,3990000,3990000,725,1208,4000000,1751
1,4,40000,40000,725,1208,50000,16
1,40,400000,400000,725,1208,410000,175
1,400,4000000,4000000,725,1208,4010000,1756
1,401,4010000,4010000,725,1208,4020000,1760
1,402,4020000,4020000,725,1208,4030000,1767
1,403,4030000,4030000,725,1208,4040000,1769
1,404,4040000,4040000,725,1208,4050000,1773
1,405,4050000,4050000,725,1208,4060000,1776
1,406,4060000,4060000,725,1208,4070000,1782
1,407,4070000,4070000,725,1208,4080000,1786
1,408,4080000,4080000,725,1208,4090000,1792
1,409,4090000,4090000,725,1208,4100000,1796
1,41,410000,410000,725,1208,420000,177
1,410,4100000,4100000,725,1208,4110000,1800
1,411,4110000,4110000,725,1208,4120000,1803
1,412,4120000,4120000,725,1208,4130000,1809
1,413,4130000,4130000,725,1208,4140000,1813
1,414,4140000,4140000,725,1208,4150000,1818
1,415,4150000,4150000,725,1208,4160000,1820
1,416,4160000,4160000,725,1208,4170000,1827
1,417,4170000,4170000,725,1208,4180000,1830
1,418,4180000,4180000,725,1208,4190000,1836
1,419,4190000,4190000,725,1208,4200000,1838
1,42,420000,420000,725,1208,430000,184
1,420,4200000,4200000,725,1208,4210000,1845
1,421,4210000,4210000,725,1208,4220000,1847
1,422,4220000,4220000,725,1208,4230000,1851
1,423,4230000,4230000,725,1208,4240000,1858
1,424,4240000,4240000,725,1208,4250000,1863
1,425,4250000,4250000,725,1208,4260000,1865
1,426,4260000,4260000,725,1208,4270000,1870
1,427,4270000,4270000,725,1208,4280000,1874
1,428,4280000,4280000,725,1208,4290000,1878
1,429,4290000,4290000,725,1208,4300000,1883
1,43,430000,430000,725,1208,440000,186
1,430,4300000,4300000,725,1208,4310000,1889
1,431,4310000,4310000,725,1208,4320000,1891
1,432,4320000,4320000,725,1208,4330000,1897
1,433,4330000,4330000,725,1208,4340000,1899
1,434,4340000,4340000,725,1208,4350000,1907
1,435,4350000,4350000,725,1208,4360000,1910
1,436,4360000,4360000,725,1208,4370000,1914
1,437,4370000,4370000,725,1208,4380000,1918
1,438,4380000,4380000,725,1208,4390000,1923
1,439,4390000,4390000,725,1208,4400000,1925
1,44,440000,440000,725,1208,450000,192
1,440,4400000,4400000,725,1208,4410000,1932
1,441,4410000,4410000,725,1208,4420000,1937
1,442,4420000,4420000,725,1208,4430000,1941
1,443,4430000,4430000,725,1208,4440000,1943
1,444,4440000,4440000,725,1208,4450000,1950
1,445,4450000,4450000,725,1208,4460000,1954
1,446,4460000,4460000,725,1208,4470000,1958
1,447,4470000,4470000,725,1208,4480000,1961
1,448,4480000,4480000,725,1208,4490000,1968
1,449,4490000,4490000,725,1208,4500000,1970
1,45,450000,450000,725,1208,460000,197
1,450,4500000,4500000,725,1208,4510000,1975
1,451,4510000,4510000,725,1208,4520000,1981
1,452,4520000,4520000,725,1208,4530000,1985
1,453,4530000,4530000,725,1208,4540000,1988
1,454,4540000,4540000,725,1208,4550000,1992
1,455,4550000,4550000,725,1208,4560000,1996
1,456,4560000,4560000,725,1208,4570000,2004
1,457,4570000,4570000,725,1208,4580000,2006
1,458,4580000,4580000,725,1208,4590000,2012
1,459,4590000,4590000,725,1208,4600000,2015
1,46,460000,460000,725,1208,470000,201
1,460,4600000,4600000,725,1208,4610000,2019
1,461,4610000,4610000,725,1208,4620000,2021
1,462,4620000,4620000,725,1208,4630000,2030
1,463,4630000,4630000,725,1208,4640000,2032
1,464,4640000,4640000,725,1208,4650000,2037
1,465,4650000,4650000,725,1208,4660000,2042
1,466,4660000,4660000,725,1208,4670000,2046
1,467,4670000,4670000,725,1208,4680000,2050
1,468,4680000,4680000,725,1208,4690000,2055
1,469,4690000,4690000,725,1208,4700000,2059
1,47,470000,470000,725,1208,480000,203
1,470,4700000,4700000,725,1208,4710000,2063
1,471,4710000,4710000,725,1208,4720000,2066
1,472,4720000,4720000,725,1208,4730000,2073
1,473,4730000,4730000,725,1208,4740000,2077
1,474,4740000,4740000,725,1208,4750000,2082
1,475,4750000,4750000,725,1208,4760000,2084
1,476,4760000,4760000,725,1208,4770000,2090
1,477,4770000,4770000,725,1208,4780000,2093
1,478,4780000,4780000,725,1208,4790000,2099
1,479,4790000,4790000,725,1208,4800000,2103
1,48,480000,480000,725,1208,490000,209
1,480,4800000,4800000,725,1208,4810000,2109
1,481,4810000,4810000,725,1208,4820000,2111
1,482,4820000,4820000,725,1208,4830000,2115
1,483,4830000,4830000,725,1208,4840000,2120
1,484,4840000,4840000,725,1208,4850000,2126
1,485,4850000,4850000,725,1208,4860000,2128
1,486,4860000,4860000,725,1208,4870000,2135
1,487,4870000,4870000,725,1208,4880000,2137
1,488,4880000,4880000,725,1208,4890000,2142
1,489,4890000,4890000,725,1208,4900000,2147
1,49,490000,490000,725,1208,500000,215
1,490,4900000,4900000,725,1208,4910000,2153
1,491,4910000,4910000,725,1208,4920000,2155
1,492,4920000,4920000,725,1208,4930000,2160
1,493,4930000,4930000,725,1208,4940000,2164
1,494,4940000,4940000,725,1208,4950000,2168
1,495,4950000,4950000,725,1208,4960000,2173
1,496,4960000,4960000,725,1208,4970000,2178
1,497,4970000,4970000,725,1208,4980000,2182
1,498,4980000,4980000,725,1208,4990000,2187
1,499,4990000,4990000,725,1208,5000000,2189
1,5,50000,50000,725,1208,60000,20
1,50,500000,500000,725,1208,510000,219
1,500,5000000,5000000,725,1208,5010000,2197
1,501,5010000,5010000,725,1208,5020000,2200
1,502,5020000,5020000,725,1208,5030000,2204
1,503,5030000,5030000,725,1208,5040000,2206
1,504,5040000,5040000,725,1208,5050000,2214
1,505,5050000,5050000,725,1208,5060000,2216
1,506,5060000,5060000,725,1208,5070000,2222
1,507,5070000,5070000,725,1208,5080000,2227
1,508,5080000,5080000,725,1208,5090000,2231
1,509,5090000,5090000,725,1208,5100000,2233
1,51,510000,510000,725,1208,520000,222
1,510,5100000,5100000,725,1208,5110000,2238
1,511,5110000,5110000,725,1208,5120000,2244
1,512,5120000,5120000,725,1208,5130000,2249
1,513,5130000,5130000,725,1208,5140000,2252
1,514,5140000,5140000,725,1208,5150000,2258
1,515,5150000,5150000,725,1208,5160000,2260
1,516,5160000,5160000,725,1208,5170000,2265
1,517,5170000,5170000,725,1208,5180000,2269
1,518,5180000,5180000,725,1208,5190000,2275
1,519,5190000,5190000,725,1208,5200000,2278
1,52,520000,520000,725,1208,530000,228
1,520,5200000,5200000,725,1208,5210000,2283
1,521,5210000,5210000,725,1208,5220000,2287
1,522,5220000,5220000,725,1208,5230000,2294
1,523,5230000,5230000,725,1208,5240000,2296
1,524,5240000,5240000,725,1208,5250000,2300
1,525,5250000,5250000,725,1208,5260000,2305
1,526,5260000,5260000,725,1208,5270000,2309
1,527,5270000,5270000,725,1208,5280000,2311
1,528,5280000,5280000,725,1208,5290000,2321
1,529,5290000,5290000,725,1208,5300000,2323
1,53,530000,530000,725,1208,540000,230
1,530,5300000,5300000,725,1208,5310000,2327
1,531,5310000,5310000,725,1208,5320000,2330
1,532,5320000,5320000,725,1208,5330000,2336
1,533,5330000,5330000,725,1208,5340000,2340
1,534,5340000,5340000,725,1208,5350000,2345
1,535,5350000,5350000,725,1208,5360000,2349
1,536,5360000,5360000,725,1208,5370000,2354
1,537,5370000,5370000,725,1208,5380000,2357
1,538,5380000,5380000,725,1208,5390000,2361
1,539,5390000,5390000,725,1208,5400000,2367
1,54,540000,540000,725,1208,550000,235
1,540,5400000,5400000,725,1208,5410000,2372
1,541,5410000,5410000,725,1208,5420000,2374
1,542,5420000,5420000,725,1208,5430000,2380
1,543,5430000,5430000,725,1208,5440000,2383
1,544,5440000,5440000,725,1208,5450000,2390
1,545,5450000,5450000,725,1208,5460000,2392
1,546,5460000,5460000,725,1208,5470000,2399
1,547,5470000,5470000,725,1208,5480000,2401
1,548,5480000,5480000,725,1208,5490000,2405
1,549,5490000,5490000,725,1208,5500000,2410
1,55,550000,550000,725,1208,560000,239
1,550,5500000,5500000,725,1208,5510000,2416
1,551,5510000,5510000,725,1208,5520000,2418
1,552,5520000,5520000,725,1208,5530000,2424
1,553,5530000,5530000,725,1208,5540000,2428
1,554,5540000,5540000,725,1208,5550000,2432
1,555,5550000,5550000,725,1208,5560000,2437
1,556,5560000,5560000,725,1208,5570000,2443
1,557,5570000,5570000,725,1208,5580000,2445
1,558,5580000,5580000,725,1208,5590000,2450
1,559,5590000,5590000,725,1208,5600000,2452
1,56,560000,560000,725,1208,570000,246
1,560,5600000,5600000,725,1208,5610000,2459
1,561,5610000,5610000,725,1208,5620000,2464
1,562,5620000,5620000,725,1208,5630000,2468
1,563,5630000,5630000,725,1208,5640000,2472
1,564,5640000,5640000,725,1208,5650000,2477
1,565,5650000,5650000,725,1208,5660000,2479
1,566,5660000,5660000,725,1208,5670000,2485
1,567,5670000,5670000,725,1208,5680000,2490
1,568,5680000,5680000,725,1208,5690000,2495
1,569,5690000,5690000,725,1208,5700000,2497
1,57,570000,570000,725,1208,580000,249
1,570,5700000,5700000,725,1208,5710000,2504
1,571,5710000,5710000,725,1208,5720000,2506
1,572,5720000,5720000,725,1208,5730000,2512
1,573,5730000,5730000,725,1208,5740000,2515
1,574,5740000,5740000,725,1208,5750000,2521
1,575,5750000,5750000,725,1208,5760000,2523
1,576,5760000,5760000,725,1208,5770000,2529
1,577,5770000,5770000,725,1208,5780000,2535
1,578,5780000,5780000,725,1208,5790000,2539
1,579,5790000,5790000,725,1208,5800000,2542
1,58,580000,580000,725,1208,590000,253
1,580,5800000,5800000,725,1208,5810000,2546
1,581,5810000,5810000,725,1208,5820000,2550
1,582,5820000,5820000,725,1208,5830000,2555
1,583,5830000,5830000,725,1208,5840000,2559
1,584,5840000,5840000,725,1208,5850000,2566
1,585,5850000,5850000,725,1208,5860000,2569
1,586,5860000,5860000,725,1208,5870000,2573
1,587,5870000,5870000,725,1208,5880000,2575
1,588,5880000,5880000,725,1208,5890000,2584
1,589,5890000,5890000,725,1208,5900000,2586
1,59,590000,590000,725,1208,600000,257
1,590,5900000,5900000,725,1208,5910000,2590
1,591,5910000,5910000,725,1208,5920000,2595
1,592,5920000,5920000,725,1208,5930000,2600
1,593,5930000,5930000,725,1208,5940000,2602
1,594,5940000,5940000,725,1208,5950000,2609
1,595,5950000,5950000,725,1208,5960000,2613
1,596,5960000,5960000,725,1208,5970000,2617
1,597,5970000,5970000,725,1208,5980000,2620
1,598,5980000,5980000,725,1208,5990000,2626
1,599,5990000,5990000,725,1208,6000000,2630
1,6,60000,60000,725,1208,70000,25
1,60,600000,600000,725,1208,610000,264
1,600,6000000,6000000,725,1208,6010000,2636
1,601,6010000,6010000,725,1208,6020000,2638
1,602,6020000,6020000,725,1208,6030000,2644
1,603,6030000,6030000,725,1208,6040000,2647
1,604,6040000,6040000,725,1208,6050000,2651
1,605,6050000,6050000,725,1208,6060000,2657
1,606,6060000,6060000,725,1208,6070000,2662
1,607,6070000,6070000,725,1208,6080000,2664
1,608,6080000,6080000,725,1208,6090000,2669
1,609,6090000,6090000,725,1208,6100000,2674
1,61,610000,610000,725,1208,620000,266
1,610,6100000,6100000,725,1208,6110000,2680
1,611,6110000,6110000,725,1208,6120000,2682
1,612,6120000,6120000,725,1208,6130000,2689
1,613,6130000,6130000,725,1208,6140000,2691
1,614,6140000,6140000,725,1208,6150000,2695
1,615,6150000,6150000,725,1208,6160000,2698
1,616,6160000,6160000,725,1208,6170000,2707
1,617,6170000,6170000,725,1208,6180000,2709
1,618,6180000,6180000,725,1208,6190000,2714
1,619,6190000,6190000,725,1208,6200000,2718
1,62,620000,620000,725,1208,630000,270
1,620,6200000,6200000,725,1208,6210000,2722
1,621,6210000,6210000,725,1208,6220000,2727
1,622,6220000,6220000,725,1208,6230000,2731
1,623,6230000,6230000,725,1208,6240000,2735
1,624,6240000,6240000,725,1208,6250000,2741
1,625,6250000,6250000,725,1208,6260000,2743
1,626,6260000,6260000,725,1208,6270000,2749
1,627,6270000,6270000,725,1208,6280000,2754
1,628,6280000,6280000,725,1208,6290000,2758
1,629,6290000,6290000,725,1208,6300000,2760
1,63,630000,630000,725,1208,640000,275
1,630,6300000,6300000,725,1208,6310000,2767
1,631,6310000,6310000,725,1208,6320000,2769
1,632,6320000,6320000,725,1208,6330000,2776
1,633,6330000,6330000,725,1208,6340000,2781
1,634,6340000,6340000,725,1208,6350000,2785
1,635,6350000,6350000,725,1208,6360000,2787
1,636,6360000,6360000,725,1208,6370000,2792
1,637,6370000,6370000,725,1208,6380000,2796
1,638,6380000,6380000,725,1208,6390000,2802
1,639,6390000,6390000,725,1208,6400000,2805
1,64,640000,640000,725,1208,650000,280
1,640,6400000,6400000,725,1208,6410000,2812
1,641,6410000,6410000,725,1208,6420000,2814
1,642,6420000,6420000,725,1208,6430000,2819
1,643,6430000,6430000,725,1208,6440000,2823
1,644,6440000,6440000,725,1208,6450000,2829
1,645,6450000,6450000,725,1208,6460000,2832
1,646,6460000,6460000,725,1208,6470000,2836
1,647,6470000,6470000,725,1208,6480000,2840
1,648,6480000,6480000,725,1208,6490000,2846
1,649,6490000,6490000,725,1208,6500000,2850
1,65,650000,650000,725,1208,660000,282
1,650,6500000,6500000,725,1208,6510000,2854
1,651,6510000,6510000,725,1208,6520000,2859
1,652,6520000,6520000,725,1208,6530000,2863
1,653,6530000,6530000,725,1208,6540000,2865
1,654,6540000,6540000,725,1208,6550000,2874
1,655,6550000,6550000,725,1208,6560000,2876
1,656,6560000,6560000,725,1208,6570000,2881
1,657,6570000,6570000,725,1208,6580000,2884
1,658,6580000,6580000,725,1208,6590000,2890
1,659,6590000,6590000,725,1208,6600000,2892
1,66,660000,660000,725,1208,670000,291
1,660,6600000,6600000,725,1208,6610000,2899
1,661,6610000,6610000,725,1208,6620000,2903
1,662,6620000,6620000,725,1208,6630000,2907
1,663,6630000,6630000,725,1208,6640000,2910
1,664,6640000,6640000,725,1208,6650000,2915
1,665,6650000,6650000,725,1208,6660000,2921
1,666,6660000,6660000,725,1208,6670000,2926
1,667,6670000,6670000,725,1208,6680000,2928
1,668,6680000,6680000,725,1208,6690000,2934
1,669,6690000,6690000,725,1208,6700000,2937
1,67,670000,670000,725,1208,680000,293
1,670,6700000,6700000,725,1208,6710000,2941
1,671,6710000,6710000,725,1208,6720000,2945
1,672,6720000,6720000,725,1208,6730000,2953
1,673,6730000,6730000,725,1208,6740000,2955
1,674,6740000,6740000,725,1208,6750000,2959
1,675,6750000,6750000,725,1208,6760000,2964
1,676,6760000,6760000,725,1208,6770000,2970
1,677,6770000,6770000,725,1208,6780000,2972
1,678,6780000,6780000,725,1208,6790000,2977
1,679,6790000,6790000,725,1208,6800000,2981
1,68,680000,680000,725,1208,690000,297
1,680,6800000,6800000,725,1208,6810000,2986
1,681,6810000,6810000,725,1208,6820000,2989
1,682,6820000,6820000,725,1208,6830000,2997
1,683,6830000,6830000,725,1208,6840000,2999
1,684,6840000,6840000,725,1208,6850000,3004
1,685,6850000,6850000,725,1208,6860000,3006
1,686,6860000,6860000,725,1208,6870000,3012
1,687,6870000,6870000,725,1208,6880000,3017
1,688,6880000,6880000,725,1208,6890000,3022
1,689,6890000,6890000,725,1208,6900000,3026
1,69,690000,690000,725,1208,700000,300
1,690,6900000,6900000,725,1208,6910000,3031
1,691,6910000,6910000,725,1208,6920000,3033
1,692,6920000,6920000,725,1208,6930000,3037
1,693,6930000,6930000,725,1208,6940000,3044
1,694,6940000,6940000,725,1208,6950000,3048
1,695,6950000,6950000,725,1208,6960000,3050
1,696,6960000,6960000,725,1208,6970000,3058
1,697,6970000,6970000,725,1208,6980000,3060
1,698,6980000,6980000,725,1208,6990000,3066
1,699,6990000,6990000,725,1208,7000000,3069
1,7,70000,70000,725,1208,80000,29
1,70,700000,700000,725,1208,710000,306
1,700,7000000,7000000,725,1208,7010000,3075
1,701,7010000,7010000,725,1208,7020000,3077
1,702,7020000,7020000,725,1208,7030000,3082
1,703,7030000,7030000,725,1208,7040000,3086
1,704,7040000,7040000,725,1208,7050000,3093
1,705,7050000,7050000,725,1208,7060000,3096
1,706,7060000,7060000,725,1208,7070000,3100
1,707,7070000,7070000,725,1208,7080000,3104
1,708,7080000,7080000,725,1208,7090000,3109
1,709,7090000,7090000,725,1208,7100000,3113
1,71,710000,710000,725,1208,720000,310
1,710,7100000,7100000,725,1208,7110000,3119
1,711,7110000,7110000,725,1208,7120000,3122
1,712,7120000,7120000,725,1208,7130000,3127
1,713,7130000,7130000,725,1208,7140000,3129
1,714,7140000,7140000,725,1208,7150000,3136
1,715,7150000,7150000,725,1208,7160000,3140
1,716,7160000,7160000,725,1208,7170000,3144
1,717,7170000,7170000,725,1208,7180000,3149
1,718,7180000,7180000,725,1208,7190000,3153
1,719,7190000,7190000,725,1208,7200000,3155
1,72,720000,720000,725,1208,730000,316
1,720,7200000,7200000,725,1208,7210000,3163
1,721,7210000,7210000,725,1208,7220000,3167
1,722,7220000,7220000,725,1208,7230000,3171
1,723,7230000,7230000,725,1208,7240000,3174
1,724,7240000,7240000,725,1208,7250000,3180
1,725,7250000,7250000,725,1208,7260000,3182
1,726,7260000,7260000,725,1208,7270000,3189
1,727,7270000,7270000,725,1208,7280000,3191
1,728,7280000,7280000,725,1208,7290000,3198
1,729,7290000,7290000,725,1208,7300000,3201
1,73,730000,730000,725,1208,740000,320
1,730,7300000,7300000,725,1208,7310000,3205
1,731,7310000,7310000,725,1208,7320000,3211
1,732,7320000,7320000,725,1208,7330000,3216
1,733,7330000,7330000,725,1208,7340000,3218
1,734,7340000,7340000,725,1208,7350000,3222
1,735,7350000,7350000,725,1208,7360000,3227
1,736,7360000,7360000,725,1208,7370000,3232
1,737,7370000,7370000,725,1208,7380000,3236
1,738,7380000,7380000,725,1208,7390000,3243
1,739,7390000,7390000,725,1208,7400000,3245
1,74,740000,740000,725,1208,750000,324
1,740,7400000,7400000,725,1208,7410000,3249
1,741,7410000,7410000,725,1208,7420000,3252
1,742,7420000,7420000,725,1208,7430000,3260
1,743,7430000,7430000,725,1208,7440000,3262
1,744,7440000,7440000,725,1208,7450000,3268
1,745,7450000,7450000,725,1208,7460000,3272
1,746,7460000,7460000,725,1208,7470000,3276
1,747,7470000,7470000,725,1208,7480000,3279
1,748,7480000,7480000,725,1208,7490000,3285
1,749,7490000,7490000,725,1208,7500000,3289
1,75,750000,750000,725,1208,760000,327
1,750,7500000,7500000,725,1208,7510000,3294
1,751,7510000,7510000,725,1208,7520000,3296
1,752,7520000,7520000,725,1208,7530000,3303
1,753,7530000,7530000,725,1208,7540000,3308
1,754,7540000,7540000,725,1208,7550000,3312
1,755,7550000,7550000,725,1208,7560000,3314
1,756,7560000,7560000,725,1208,7570000,3321
1,757,7570000,7570000,725,1208,7580000,3323
1,758,7580000,7580000,725,1208,7590000,3327
1,759,7590000,7590000,725,1208,7600000,3334
1,76,760000,760000,725,1208,770000,331
1,760,7600000,7600000,725,1208,7610000,3339
1,761,7610000,7610000,725,1208,7620000,3341
1,762,7620000,7620000,725,1208,7630000,3346
1,763,7630000,7630000,725,1208,7640000,3350
1,764,7640000,7640000,725,1208,7650000,3356
1,765,7650000,7650000,725,1208,7660000,3359
1,766,7660000,7660000,725,1208,7670000,3365
1,767,7670000,7670000,725,1208,7680000,3367
1,768,7680000,7680000,725,1208,7690000,3373
1,769,7690000,7690000,725,1208,7700000,3375
1,77,770000,770000,725,1208,780000,337
1,770,7700000,7700000,725,1208,7710000,3383
1,771,7710000,7710000,725,1208,7720000,3386
1,772,7720000,7720000,725,1208,7730000,3390
1,773,7730000,7730000,725,1208,7740000,3394
1,774,7740000,7740000,725,1208,7750000,3399
1,775,7750000,7750000,725,1208,7760000,3403
1,776,7760000,7760000,725,1208,7770000,3408
1,777,7770000,7770000,725,1208,7780000,3413
1,778,7780000,7780000,725,1208,7790000,3417
1,779,7790000,7790000,725,1208,7800000,3419
1,78,780000,780000,725,1208,790000,342
1,780,7800000,7800000,725,1208,7810000,3426
1,781,7810000,7810000,725,1208,7820000,3430
1,782,7820000,7820000,725,1208,7830000,3434
1,783,7830000,7830000,725,1208,7840000,3437
1,784,7840000,7840000,725,1208,7850000,3444
1,785,7850000,7850000,725,1208,7860000,3446
1,786,7860000,7860000,725,1208,7870000,3453
1,787,7870000,7870000,725,1208,7880000,3457
1,788,7880000,7880000,725,1208,7890000,3461
1,789,7890000,7890000,725,1208,7900000,3464
1,79,790000,790000,725,1208,800000,344
1,790,7900000,7900000,725,1208,7910000,3468
1,791,7910000,7910000,725,1208,7920000,3472
1,792,7920000,7920000,725,1208,7930000,3480
1,793,7930000,7930000,725,1208,7940000,3482
1,794,7940000,7940000,725,1208,7950000,3488
1,795,7950000,7950000,725,1208,7960000,3491
1,796,7960000,7960000,725,1208,7970000,3495
1,797,7970000,7970000,725,1208,7980000,3499
1,798,7980000,7980000,725,1208,7990000,3506
1,799,7990000,7990000,725,1208,8000000,3508
1,8,80000,80000,725,1208,90000,34
1,80,800000,800000,725,1208,810000,351
1,800,8000000,8000000,725,1208,8010000,3513
1,801,8010000,8010000,725,1208,8020000,3518
1,802,8020000,8020000,725,1208,8030000,3522
1,803,8030000,8030000,725,1208,8040000,3526
1,804,8040000,8040000,725,1208,8050000,3531
1,805,8050000,8050000,725,1208,8060000,3535
1,806,8060000,8060000,725,1208,8070000,3539
1,807,8070000,8070000,725,1208,8080000,3542
1,808,8080000,8080000,725,1208,8090000,3551
1,809,8090000,8090000,725,1208,8100000,3553
1,81,810000,810000,725,1208,820000,354
1,810,8100000,8100000,725,1208,8110000,3558
1,811,8110000,8110000,725,1208,8120000,3560
1,812,8120000,8120000,725,1208,8130000,3566
1,813,8130000,8130000,725,1208,8140000,3569
1,814,8140000,8140000,725,1208,8150000,3575
1,815,8150000,8150000,725,1208,8160000,3579
1,816,8160000,8160000,725,1208,8170000,3585
1,817,8170000,8170000,725,1208,8180000,3587
1,818,8180000,8180000,725,1208,8190000,3591
1,819,8190000,8190000,725,1208,8200000,3598
1,82,820000,820000,725,1208,830000,360
1,820,8200000,8200000,725,1208,8210000,3602
1,821,8210000,8210000,725,1208,8220000,3604
1,822,8220000,8220000,725,1208,8230000,3611
1,823,8230000,8230000,725,1208,8240000,3613
1,824,8240000,8240000,725,1208,8250000,3618
1,825,8250000,8250000,725,1208,8260000,3623
1,826,8260000,8260000,725,1208,8270000,3629
1,827,8270000,8270000,725,1208,8280000,3631
1,828,8280000,8280000,725,1208,8290000,3636
1,829,8290000,8290000,725,1208,8300000,3640
1,83,830000,830000,725,1208,840000,362
1,830,8300000,8300000,725,1208,8310000,3646
1,831,8310000,8310000,725,1208,8320000,3649
1,832,8320000,8320000,725,1208,8330000,3654
1,833,8330000,8330000,725,1208,8340000,3658
1,834,8340000,8340000,725,1208,8350000,3663
1,835,8350000,8350000,725,1208,8360000,3665
1,836,8360000,8360000,725,1208,8370000,3673
1,837,8370000,8370000,725,1208,8380000,3676
1,838,8380000,8380000,725,1208,8390000,3680
1,839,8390000,8390000,725,1208,8400000,3682
1,84,840000,840000,725,1208,850000,369
1,840,8400000,8400000,725,1208,8410000,3690
1,841,8410000,8410000,725,1208,8420000,3694
1,842,8420000,8420000,725,1208,8430000,3698
1,843,8430000,8430000,725,1208,8440000,3703
1,844,8440000,8440000,725,1208,8450000,3707
1,845,8450000,8450000,725,1208,8460000,3709
1,846,8460000,8460000,725,1208,8470000,3714
1,847,8470000,8470000,725,1208,8480000,3720
1,848,8480000,8480000,725,1208,8490000,3725
1,849,8490000,8490000,725,1208,8500000,3728
1,85,850000,850000,725,1208,860000,371
1,850,8500000,8500000,725,1208,8510000,3734
1,851,8510000,8510000,725,1208,8520000,3736
1,852,8520000,8520000,725,1208,8530000,3743
1,853,8530000,8530000,725,1208,8540000,3745
1,854,8540000,8540000,725,1208,8550000,3751
1,855,8550000,8550000,725,1208,8560000,3754
1,856,8560000,8560000,725,1208,8570000,3759
1,857,8570000,8570000,725,1208,8580000,3763
1,858,8580000,8580000,725,1208,8590000,3770
1,859,8590000,8590000,725,1208,8600000,3772
1,86,860000,860000,725,1208,870000,375
1,860,8600000,8600000,725,1208,8610000,3776
1,861,8610000,8610000,725,1208,8620000,3781
1,862,8620000,8620000,725,1208,8630000,3785
1,863,8630000,8630000,725,1208,8640000,3789
1,864,8640000,8640000,725,1208,8650000,3797
1,865,8650000,8650000,725,1208,8660000,3799
1,866,8660000,8660000,725,1208,8670000,3803
1,867,8670000,8670000,725,1208,8680000,3806
1,868,8680000,8680000,725,1208,8690000,3812
1,869,8690000,8690000,725,1208,8700000,3816
1,87,870000,870000,725,1208,880000,380
1,870,8700000,8700000,725,1208,8710000,3821
1,871,8710000,8710000,725,1208,8720000,3825
1,872,8720000,8720000,725,1208,8730000,3830
1,873,8730000,8730000,725,1208,8740000,3833
1,874,8740000,8740000,725,1208,8750000,3839
1,875,8750000,8750000,725,1208,8760000,3843
1,876,8760000,8760000,725,1208,8770000,3848
1,877,8770000,8770000,725,1208,8780000,3850
1,878,8780000,8780000,725,1208,8790000,3856
1,879,8790000,8790000,725,1208,8800000,3859
1,88,880000,880000,725,1208,890000,387
1,880,8800000,8800000,725,1208,8810000,3866
1,881,8810000,8810000,725,1208,8820000,3868
1,882,8820000,8820000,725,1208,8830000,3875
1,883,8830000,8830000,725,1208,8840000,3877
1,884,8840000,8840000,725,1208,8850000,3881
1,885,8850000,8850000,725,1208,8860000,3888
1,886,8860000,8860000,725,1208,8870000,3892
1,887,8870000,8870000,725,1208,8880000,3894
1,888,8880000,8880000,725,1208,8890000,3900
1,889,8890000,8890000,725,1208,8900000,3904
1,89,890000,890000,725,1208,900000,389
1,890,8900000,8900000,725,1208,8910000,3908
1,891,8910000,8910000,725,1208,8920000,3913
1,892,8920000,8920000,725,1208,8930000,3919
1,893,8930000,8930000,725,1208,8940000,3921
1,894,8940000,8940000,725,1208,8950000,3926
1,895,8950000,8950000,725,1208,8960000,3928
1,896,8960000,8960000,725,1208,8970000,3937
1,897,8970000,8970000,725,1208,8980000,3940
1,898,8980000,8980000,725,1208,8990000,3944
1,899,8990000,8990000,725,1208,9000000,3948
1,9,90000,90000,725,1208,100000,37
1,90,900000,900000,725,1208,910000,394
1,900,9000000,9000000,725,1208,9010000,3953
1,901,9010000,9010000,725,1208,9020000,3955
1,902,9020000,9020000,725,1208,9030000,3961
1,903,9030000,9030000,725,1208,9040000,3966
1,904,9040000,9040000,725,1208,9050000,3971
1,905,9050000,9050000,725,1208,9060000,3973
1,906,9060000,9060000,725,1208,9070000,3980
1,907,9070000,9070000,725,1208,9080000,3984
1,908,9080000,9080000,725,1208,9090000,3988
1,909,9090000,9090000,725,1208,9100000,3991
1,91,910000,910000,725,1208,920000,398
1,910,9100000,9100000,725,1208,9110000,3997
1,911,9110000,9110000,725,1208,9120000,3999
1,912,9120000,9120000,725,1208,9130000,4005
1,913,9130000,9130000,725,1208,9140000,4011
1,914,9140000,9140000,725,1208,9150000,4015
1,915,9150000,9150000,725,1208,9160000,4018
1,916,9160000,9160000,725,1208,9170000,4022
1,917,9170000,9170000,725,1208,9180000,4026
1,918,9180000,9180000,725,1208,9190000,4033
1,919,9190000,9190000,725,1208,9200000,4035
1,92,920000,920000,725,1208,930000,402
1,920,9200000,9200000,725,1208,9210000,4042
1,921,9210000,9210000,725,1208,9220000,4045
1,922,9220000,9220000,725,1208,9230000,4049
1,923,9230000,9230000,725,1208,9240000,4051
1,924,9240000,9240000,725,1208,9250000,4060
1,925,9250000,9250000,725,1208,9260000,4062
1,926,9260000,9260000,725,1208,9270000,4066
1,927,9270000,9270000,725,1208,9280000,4071
1,928,9280000,9280000,725,1208,9290000,4076
1,929,9290000,9290000,725,1208,9300000,4080
1,93,930000,930000,725,1208,940000,407
1,930,9300000,9300000,725,1208,9310000,4085
1,931,9310000,9310000,725,1208,9320000,4089
1,932,9320000,9320000,725,1208,9330000,4093
1,933,9330000,9330000,725,1208,9340000,4096
1,934,9340000,9340000,725,1208,9350000,4102
1,935,9350000,9350000,725,1208,9360000,4106
1,936,9360000,9360000,725,1208,9370000,4112
1,937,9370000,9370000,725,1208,9380000,4114
1,938,9380000,9380000,725,1208,9390000,4120
1,939,9390000,9390000,725,1208,9400000,4123
1,94,940000,940000,725,1208,950000,413
1,940,9400000,9400000,725,1208,9410000,4129
1,941,9410000,9410000,725,1208,9420000,4133
1,942,9420000,9420000,725,1208,9430000,4138
1,943,9430000,9430000,725,1208,9440000,4140
1,944,9440000,9440000,725,1208,9450000,4145
1,945,9450000,9450000,725,1208,9460000,4150
1,946,9460000,9460000,725,1208,9470000,4156
1,947,9470000,9470000,725,1208,9480000,4158
1,948,9480000,9480000,725,1208,9490000,4165
1,949,9490000,9490000,725,1208,9500000,4167
1,95,950000,950000,725,1208,960000,415
1,950,9500000,9500000,725,1208,9510000,4171
1,951,9510000,9510000,725,1208,9520000,4176
1,952,9520000,9520000,725,1208,9530000,4183
1,953,9530000,9530000,725,1208,9540000,4185
1,954,9540000,9540000,725,1208,9550000,4190
1,955,9550000,9550000,725,1208,9560000,4194
1,956,9560000,9560000,725,1208,9570000,4198
1,957,9570000,9570000,725,1208,9580000,4203
1,958,9580000,9580000,725,1208,9590000,4207
1,959,9590000,9590000,725,1208,9600000,4211
1,96,960000,960000,725,1208,970000,421
1,960,9600000,9600000,725,1208,9610000,4217
1,961,9610000,9610000,725,1208,9620000,4219
1,962,9620000,9620000,725,1208,9630000,4227
1,963,9630000,9630000,725,1208,9640000,4230
1,964,9640000,9640000,725,1208,9650000,4234
1,965,9650000,9650000,725,1208,9660000,4236
1,966,9660000,9660000,725,1208,9670000,4243
1,967,9670000,9670000,725,1208,9680000,4245
1,968,9680000,9680000,725,1208,9690000,4252
1,969,9690000,9690000,725,1208,9700000,4257
1,97,970000,970000,725,1208,980000,423
1,970,9700000,9700000,725,1208,9710000,4261
1,971,9710000,9710000,725,1208,9720000,4263
1,972,9720000,9720000,725,1208,9730000,4268
1,973,9730000,9730000,725,1208,9740000,4274
1,974,9740000,9740000,725,1208,9750000,4278
1,975,9750000,9750000,725,1208,9760000,4281
1,976,9760000,9760000,725,1208,9770000,4288
1,977,9770000,9770000,725,1208,9780000,4290
1,978,9780000,9780000,725,1208,9790000,4295
1,979,9790000,9790000,725,1208,9800000,4299
1,98,980000,980000,725,1208,990000,429
1,980,9800000,9800000,725,1208,9810000,4305
1,981,9810000,9810000,725,1208,9820000,4308
1,982,9820000,9820000,725,1208,9830000,4312
1,983,9830000,9830000,725,1208,9840000,4316
1,984,9840000,9840000,725,1208,9850000,4324
1,985,9850000,9850000,725,1208,9860000,4326
1,986,9860000,9860000,725,1208,9870000,4330
1,987,9870000,9870000,725,1208,9880000,4335
1,988,9880000,9880000,725,1208,9890000,4339
1,989,9890000,9890000,725,1208,9900000,4341
1,99,990000,990000,725,1208,1000000,434
1,990,9900000,9900000,725,1208,9910000,4350
1,991,9910000,9910000,725,1208,9920000,4352
1,992,9920000,9920000,725,1208,9930000,4357
1,993,9930000,9930000,725,1208,9940000,4360
1,994,9940000,9940000,725,1208,9950000,4366
1,995,9950000,9950000,725,1208,9960000,4370
1,996,9960000,9960000,725,1208,9970000,4375
1,997,9970000,9970000,725,1208,9980000,4379
1,998,9980000,9980000,725,1208,9990000,4383
1,999,9990000,9990000,725,1208,10000000,4386
2,0,0,0,7587,12644,20000,4
2,1,20000,20000,7587,12644,40000,13
2,10,200000,200000,7587,12644,220000,91
2,100,2000000,2000000,7587,12644,2020000,882
2,101,2020000,2020000,7587,12644,2040000,892
2,102,2040000,2040000,7587,12644,2060000,899
2,103,2060000,2060000,7587,12644,2080000,908
2,104,2080000,2080000,7587,12644,2100000,917
2,105,2100000,2100000,7587,12644,2120000,926
2,106,2120000,2120000,7587,12644,2140000,935
2,107,2140000,2140000,7587,12644,2160000,943
2,108,2160000,2160000,7587,12644,2180000,953
2,109,2180000,2180000,7587,12644,2200000,960
2,11,220000,220000,7587,12644,240000,99
2,110,2200000,2200000,7587,12644,2220000,970
2,111,2220000,2220000,7587,12644,2240000,977
2,112,2240000,2240000,7587,12644,2260000,989
2,113,2260000,2260000,7587,12644,2280000,997
2,114,2280000,2280000,7587,12644,2300000,1004
2,115,2300000,2300000,7587,12644,2320000,1015
2,116,2320000,2320000,7587,12644,2340000,1022
2,117,2340000,2340000,7587,12644,2360000,1031
2,118,2360000,2360000,7587,12644,2380000,1040
2,119,2380000,2380000,7587,12644,2400000,1048
2,12,240000,240000,7587,12644,260000,109
2,120,2400000,2400000,7587,12644,2420000,1058
2,121,2420000,2420000,7587,12644,2440000,1067
2,122,2440000,2440000,7587,12644,2460000,1075
2,123,2460000,2460000,7587,12644,2480000,1084
2,124,2480000,2480000,7587,12644,2500000,1094
2,125,2500000,2500000,7587,12644,2520000,1100
2,126,2520000,2520000,7587,12644,2540000,1111
2,127,2540000,2540000,7587,12644,2560000,1120
2,128,2560000,2560000,7587,12644,2580000,1127
2,129,2580000,2580000,7587,12644,2600000,1138
2,13,260000,260000,7587,12644,280000,118
2,130,2600000,2600000,7587,12644,2620000,1145
2,131,2620000,2620000,7587,12644,2640000,1153
2,132,2640000,2640000,7587,12644,2660000,1163
2,133,2660000,2660000,7587,12644,2680000,1172
2,134,2680000,2680000,7587,12644,2700000,1182
2,135,2700000,2700000,7587,12644,2720000,1189
2,136,2720000,2720000,7587,12644,2740000,1199
2,137,2740000,2740000,7587,12644,2760000,1207
2,138,2760000,2760000,7587,12644,2780000,1216
2,139,2780000,2780000,7587,12644,2800000,1223
2,14,280000,280000,7587,12644,300000,126
2,140,2800000,2800000,7587,12644,2820000,1234
2,141,2820000,2820000,7587,12644,2840000,1243
2,142,2840000,2840000,7587,12644,2860000,1250
2,143,2860000,2860000,7587,12644,2880000,1260
2,144,2880000,2880000,7587,12644,2900000,1268
2,145,2900000,2900000,7587,12644,2920000,1279
2,146,2920000,2920000,7587,12644,2940000,1285
2,147,2940000,2940000,7587,12644,2960000,1294
2,148,2960000,2960000,7587,12644,2980000,1306
2,149,2980000,2980000,7587,12644,3000000,1312
2,15,300000,300000,7587,12644,320000,135
2,150,3000000,3000000,7587,12644,3020000,1321
2,151,3020000,3020000,7587,12644,3040000,1330
2,152,3040000,3040000,7587,12644,3060000,1339
2,153,3060000,3060000,7587,12644,3080000,1346
2,154,3080000,3080000,7587,12644,3100000,1357
2,155,3100000,3100000,7587,12644,3120000,1365
2,156,3120000,3120000,7587,12644,3140000,1375
2,157,3140000,3140000,7587,12644,3160000,1384
2,158,3160000,3160000,7587,12644,3180000,1390
2,159,3180000,3180000,7587,12644,3200000,1401
2,16,320000,320000,7587,12644,340000,145
2,160,3200000,3200000,7587,12644,3220000,1409
2,161,3220000,3220000,7587,12644,3240000,1417
2,162,3240000,3240000,7587,12644,3260000,1428
2,163,3260000,3260000,7587,12644,3280000,1435
2,164,3280000,3280000,7587,12644,3300000,1444
2,165,3300000,3300000,7587,12644,3320000,1453
2,166,3320000,3320000,7587,12644,3340000,1462
2,167,3340000,3340000,7587,12644,3360000,1470
2,168,3360000,3360000,7587,12644,3380000,1480
2,169,3380000,3380000,7587,12644,3400000,1489
2,17,340000,340000,7587,12644,360000,153
2,170,3400000,3400000,7587,12644,3420000,1497
2,171,3420000,3420000,7587,12644,3440000,1506
2,172,3440000,3440000,7587,12644,3460000,1514
2,173,3460000,3460000,7587,12644,3480000,1524
2,174,3480000,3480000,7587,12644,3500000,1531
2,175,3500000,3500000,7587,12644,3520000,1540
2,176,3520000,3520000,7587,12644,3540000,1551
2,177,3540000,3540000,7587,12644,3560000,1558
2,178,3560000,3560000,7587,12644,3580000,1569
2,179,3580000,3580000,7587,12644,3600000,1575
2,18,360000,360000,7587,12644,380000,160
2,180,3600000,3600000,7587,12644,3620000,1585
2,181,3620000,3620000,7587,12644,3640000,1594
2,182,3640000,3640000,7587,12644,3660000,1602
2,183,3660000,3660000,7587,12644,3680000,1611
2,184,3680000,3680000,7587,12644,3700000,1621
2,185,3700000,3700000,7587,12644,3720000,1629
2,186,3720000,3720000,7587,12644,3740000,1636
2,187,3740000,3740000,7587,12644,3760000,1647
2,188,3760000,3760000,7587,12644,3780000,1654
2,189,3780000,3780000,7587,12644,3800000,1665
2,19,380000,380000,7587,12644,400000,171
2,190,3800000,3800000,7587,12644,3820000,1674
2,191,3820000,3820000,7587,12644,3840000,1680
2,192,3840000,3840000,7587,12644,3860000,1692
2,193,3860000,3860000,7587,12644,3880000,1699
2,194,3880000,3880000,7587,12644,3900000,1707
2,195,3900000,3900000,7587,12644,3920000,1716
2,196,3920000,3920000,7587,12644,3940000,1726
2,197,3940000,3940000,7587,12644,3960000,1734
2,198,3960000,3960000,7587,12644,3980000,1743
2,199,3980000,3980000,7587,12644,4000000,1752
2,2,40000,40000,7587,12644,60000,21
2,20,400000,400000,7587,12644,420000,178
2,200,4000000,4000000,7587,12644,4020000,1761
2,201,4020000,4020000,7587,12644,4040000,1770
2,202,4040000,4040000,7587,12644,4060000,1777
2,203,4060000,4060000,7587,12644,4080000,1787
2,204,4080000,4080000,7587,12644,4100000,1797
2,205,4100000,4100000,7587,12644,4120000,1804
2,206,4120000,4120000,7587,12644,4140000,1814
2,207,4140000,4140000,7587,12644,4160000,1821
2,208,4160000,4160000,7587,12644,4180000,1831
2,209,4180000,4180000,7587,12644,4200000,1839
2,21,420000,420000,7587,12644,440000,187
2,210,4200000,4200000,7587,12644,4220000,1848
2,211,4220000,4220000,7587,12644,4240000,1859
2,212,4240000,4240000,7587,12644,4260000,1866
2,213,4260000,4260000,7587,12644,4280000,1875
2,214,4280000,4280000,7587,12644,4300000,1884
2,215,4300000,4300000,7587,12644,4320000,1892
2,216,4320000,4320000,7587,12644,4340000,1900
2,217,4340000,4340000,7587,12644,4360000,1911
2,218,4360000,4360000,7587,12644,4380000,1919
2,219,4380000,4380000,7587,12644,4400000,1926
2,22,440000,440000,7587,12644,460000,198
2,220,4400000,4400000,7587,12644,4420000,1938
2,221,4420000,4420000,7587,12644,4440000,1944
2,222,4440000,4440000,7587,12644,4460000,1955
2,223,4460000,4460000,7587,12644,4480000,1962
2,224,4480000,4480000,7587,12644,4500000,1971
2,225,4500000,4500000,7587,12644,4520000,1982
2,226,4520000,4520000,7587,12644,4540000,1989
2,227,4540000,4540000,7587,12644,4560000,1997
2,228,4560000,4560000,7587,12644,4580000,2007
2,229,4580000,4580000,7587,12644,4600000,2016
2,23,460000,460000,7587,12644,480000,204
2,230,4600000,4600000,7587,12644,4620000,2022
2,231,4620000,4620000,7587,12644,4640000,2033
2,232,4640000,4640000,7587,12644,4660000,2043
2,233,4660000,4660000,7587,12644,4680000,2051
2,234,4680000,4680000,7587,12644,4700000,2060
2,235,4700000,4700000,7587,12644,4720000,2067
2,236,4720000,4720000,7587,12644,4740000,2078
2,237,4740000,4740000,7587,12644,4760000,2085
2,238,4760000,4760000,7587,12644,4780000,2094
2,239,4780000,4780000,7587,12644,4800000,2104
2,24,480000,480000,7587,12644,500000,216
2,240,4800000,4800000,7587,12644,4820000,2112
2,241,4820000,4820000,7587,12644,4840000,2121
2,242,4840000,4840000,7587,12644,4860000,2129
2,243,4860000,4860000,7587,12644,4880000,2138
2,244,4880000,4880000,7587,12644,4900000,2148
2,245,4900000,4900000,7587,12644,4920000,2156
2,246,4920000,4920000,7587,12644,4940000,2165
2,247,4940000,4940000,7587,12644,4960000,2174
2,248,4960000,4960000,7587,12644,4980000,2183
2,249,4980000,4980000,7587,12644,5000000,2190
2,25,500000,500000,7587,12644,520000,223
2,250,5000000,5000000,7587,12644,5020000,2201
2,251,5020000,5020000,7587,12644,5040000,2207
2,252,5040000,5040000,7587,12644,5060000,2217
2,253,5060000,5060000,7587,12644,5080000,2228
2,254,5080000,5080000,7587,12644,5100000,2234
2,255,5100000,5100000,7587,12644,5120000,2245
2,256,5120000,5120000,7587,12644,5140000,2253
2,257,5140000,5140000,7587,12644,5160000,2261
2,258,5160000,5160000,7587,12644,5180000,2270
2,259,5180000,5180000,7587,12644,5200000,2279
2,26,520000,520000,7587,12644,540000,231
2,260,5200000,5200000,7587,12644,5220000,2288
2,261,5220000,5220000,7587,12644,5240000,2297
2,262,5240000,5240000,7587,12644,5260000,2306
2,263,5260000,5260000,7587,12644,5280000,2312
2,264,5280000,5280000,7587,12644,5300000,2324
2,265,5300000,5300000,7587,12644,5320000,2331
2,266,5320000,5320000,7587,12644,5340000,2341
2,267,5340000,5340000,7587,12644,5360000,2350
2,268,5360000,5360000,7587,12644,5380000,2358
2,269,5380000,5380000,7587,12644,5400000,2368
2,27,540000,540000,7587,12644,560000,240
2,270,5400000,5400000,7587,12644,5420000,2375
2,271,5420000,5420000,7587,12644,5440000,2384
2,272,5440000,5440000,7587,12644,5460000,2393
2,273,5460000,5460000,7587,12644,5480000,2402
2,274,5480000,5480000,7587,12644,5500000,2411
2,275,5500000,5500000,7587,12644,5520000,2419
2,276,5520000,5520000,7587,12644,5540000,2429
2,277,5540000,5540000,7587,12644,5560000,2438
2,278,5560000,5560000,7587,12644,5580000,2446
2,279,5580000,5580000,7587,12644,5600000,2453
2,28,560000,560000,7587,12644,580000,250
2,280,5600000,5600000,7587,12644,5620000,2465
2,281,5620000,5620000,7587,12644,5640000,2473
2,282,5640000,5640000,7587,12644,5660000,2480
2,283,5660000,5660000,7587,12644,5680000,2491
2,284,5680000,5680000,7587,12644,5700000,2498
2,285,5700000,5700000,7587,12644,5720000,2507
2,286,5720000,5720000,7587,12644,5740000,2516
2,287,5740000,5740000,7587,12644,5760000,2524
2,288,5760000,5760000,7587,12644,5780000,2536
2,289,5780000,5780000,7587,12644,5800000,2543
2,29,580000,580000,7587,12644,600000,258
2,290,5800000,5800000,7587,12644,5820000,2551
2,291,5820000,5820000,7587,12644,5840000,2560
2,292,5840000,5840000,7587,12644,5860000,2570
2,293,5860000,5860000,7587,12644,5880000,2576
2,294,5880000,5880000,7587,12644,5900000,2587
2,295,5900000,5900000,7587,12644,5920000,2596
2,296,5920000,5920000,7587,12644,5940000,2603
2,297,5940000,5940000,7587,12644,5960000,2614
2,298,5960000,5960000,7587,12644,5980000,2621
2,299,5980000,5980000,7587,12644,6000000,2631
2,3,60000,60000,7587,12644,80000,30
2,30,600000,600000,7587,12644,620000,267
2,300,6000000,6000000,7587,12644,6020000,2639
2,301,6020000,6020000,7587,12644,6040000,2648
2,302,6040000,6040000,7587,12644,6060000,2658
2,303,6060000,6060000,7587,12644,6080000,2665
2,304,6080000,6080000,7587,12644,6100000,2675
2,305,6100000,6100000,7587,12644,6120000,2683
2,306,6120000,6120000,7587,12644,6140000,2692
2,307,6140000,6140000,7587,12644,6160000,2699
2,308,6160000,6160000,7587,12644,6180000,2710
2,309,6180000,6180000,7587,12644,6200000,2719
2,31,620000,620000,7587,12644,640000,276
2,310,6200000,6200000,7587,12644,6220000,2728
2,311,6220000,6220000,7587,12644,6240000,2736
2,312,6240000,6240000,7587,12644,6260000,2744
2,313,6260000,6260000,7587,12644,6280000,2755
2,314,6280000,6280000,7587,12644,6300000,2761
2,315,6300000,6300000,7587,12644,6320000,2770
2,316,6320000,6320000,7587,12644,6340000,2782
2,317,6340000,6340000,7587,12644,6360000,2788
2,318,6360000,6360000,7587,12644,6380000,2797
2,319,6380000,6380000,7587,12644,6400000,2806
2,32,640000,640000,7587,12644,660000,283
2,320,6400000,6400000,7587,12644,6420000,2815
2,321,6420000,6420000,7587,12644,6440000,2824
2,322,6440000,6440000,7587,12644,6460000,2833
2,323,6460000,6460000,7587,12644,6480000,2841
2,324,6480000,6480000,7587,12644,6500000,2851
2,325,6500000,6500000,7587,12644,6520000,2860
2,326,6520000,6520000,7587,12644,6540000,2866
2,327,6540000,6540000,7587,12644,6560000,2877
2,328,6560000,6560000,7587,12644,6580000,2885
2,329,6580000,6580000,7587,12644,6600000,2893
2,33,660000,660000,7587,12644,680000,294
2,330,6600000,6600000,7587,12644,6620000,2904
2,331,6620000,6620000,7587,12644,6640000,2911
2,332,6640000,6640000,7587,12644,6660000,2922
2,333,6660000,6660000,7587,12644,6680000,2929
2,334,6680000,6680000,7587,12644,6700000,2938
2,335,6700000,6700000,7587,12644,6720000,2946
2,336,6720000,6720000,7587,12644,6740000,2956
2,337,6740000,6740000,7587,12644,6760000,2965
2,338,6760000,6760000,7587,12644,6780000,2973
2,339,6780000,6780000,7587,12644,6800000,2982
2,34,680000,680000,7587,12644,700000,301
2,340,6800000,6800000,7587,12644,6820000,2990
2,341,6820000,6820000,7587,12644,6840000,3000
2,342,6840000,6840000,7587,12644,6860000,3007
2,343,6860000,6860000,7587,12644,6880000,3018
2,344,6880000,6880000,7587,12644,6900000,3027
2,345,6900000,6900000,7587,12644,6920000,3034
2,346,6920000,6920000,7587,12644,6940000,3045
2,347,6940000,6940000,7587,12644,6960000,3051
2,348,6960000,6960000,7587,12644,6980000,3061
2,349,6980000,6980000,7587,12644,7000000,3070
2,35,700000,700000,7587,12644,720000,311
2,350,7000000,7000000,7587,12644,7020000,3078
2,351,7020000,7020000,7587,12644,7040000,3087
2,352,7040000,7040000,7587,12644,7060000,3097
2,353,7060000,7060000,7587,12644,7080000,3105
2,354,7080000,7080000,7587,12644,7100000,3114
2,355,7100000,7100000,7587,12644,7120000,3123
2,356,7120000,7120000,7587,12644,7140000,3130
2,357,7140000,7140000,7587,12644,7160000,3141
2,358,7160000,7160000,7587,12644,7180000,3150
2,359,7180000,7180000,7587,12644,7200000,3156
2,36,720000,720000,7587,12644,740000,321
2,360,7200000,7200000,7587,12644,7220000,3168
2,361,7220000,7220000,7587,12644,7240000,3175
2,362,7240000,7240000,7587,12644,7260000,3183
2,363,7260000,7260000,7587,12644,7280000,3192
2,364,7280000,7280000,7587,12644,7300000,3202
2,365,7300000,7300000,7587,12644,7320000,3212
2,366,7320000,7320000,7587,12644,7340000,3219
2,367,7340000,7340000,7587,12644,7360000,3228
2,368,7360000,7360000,7587,12644,7380000,3237
2,369,7380000,7380000,7587,12644,7400000,3246
2,37,740000,740000,7587,12644,760000,328
2,370,7400000,7400000,7587,12644,7420000,3253
2,371,7420000,7420000,7587,12644,7440000,3263
2,372,7440000,7440000,7587,12644,7460000,3273
2,373,7460000,7460000,7587,12644,7480000,3280
2,374,7480000,7480000,7587,12644,7500000,3290
2,375,7500000,7500000,7587,12644,7520000,3297
2,376,7520000,7520000,7587,12644,7540000,3309
2,377,7540000,7540000,7587,12644,7560000,3315
2,378,7560000,7560000,7587,12644,7580000,3324
2,379,7580000,7580000,7587,12644,7600000,3335
2,38,760000,760000,7587,12644,780000,338
2,380,7600000,7600000,7587,12644,7620000,3342
2,381,7620000,7620000,7587,12644,7640000,3351
2,382,7640000,7640000,7587,12644,7660000,3360
2,383,7660000,7660000,7587,12644,7680000,3368
2,384,7680000,7680000,7587,12644,7700000,3376
2,385,7700000,7700000,7587,12644,7720000,3387
2,386,7720000,7720000,7587,12644,7740000,3395
2,387,7740000,7740000,7587,12644,7760000,3404
2,388,7760000,7760000,7587,12644,7780000,3414
2,389,7780000,7780000,7587,12644,7800000,3420
2,39,780000,780000,7587,12644,800000,345
2,390,7800000,7800000,7587,12644,7820000,3431
2,391,7820000,7820000,7587,12644,7840000,3438
2,392,7840000,7840000,7587,12644,7860000,3447
2,393,7860000,7860000,7587,12644,7880000,3458
2,394,7880000,7880000,7587,12644,7900000,3465
2,395,7900000,7900000,7587,12644,7920000,3473
2,396,7920000,7920000,7587,12644,7940000,3483
2,397,7940000,7940000,7587,12644,7960000,3492
2,398,7960000,7960000,7587,12644,7980000,3500
2,399,7980000,7980000,7587,12644,8000000,3509
2,4,80000,80000,7587,12644,100000,38
2,40,800000,800000,7587,12644,820000,355
2,400,8000000,8000000,7587,12644,8020000,3519
2,401,8020000,8020000,7587,12644,8040000,3527
2,402,8040000,8040000,7587,12644,8060000,3536
2,403,8060000,8060000,7587,12644,8080000,3543
2,404,8080000,8080000,7587,12644,8100000,3554
2,405,8100000,8100000,7587,12644,8120000,3561
2,406,8120000,8120000,7587,12644,8140000,3570
2,407,8140000,8140000,7587,12644,8160000,3580
2,408,8160000,8160000,7587,12644,8180000,3588
2,409,8180000,8180000,7587,12644,8200000,3599
2,41,820000,820000,7587,12644,840000,363
2,410,8200000,8200000,7587,12644,8220000,3605
2,411,8220000,8220000,7587,12644,8240000,3614
2,412,8240000,8240000,7587,12644,8260000,3624
2,413,8260000,8260000,7587,12644,8280000,3632
2,414,8280000,8280000,7587,12644,8300000,3641
2,415,8300000,8300000,7587,12644,8320000,3650
2,416,8320000,8320000,7587,12644,8340000,3659
2,417,8340000,8340000,7587,12644,8360000,3666
2,418,8360000,8360000,7587,12644,8380000,3677
2,419,8380000,8380000,7587,12644,8400000,3683
2,42,840000,840000,7587,12644,860000,372
2,420,8400000,8400000,7587,12644,8420000,3695
2,421,8420000,8420000,7587,12644,8440000,3704
2,422,8440000,8440000,7587,12644,8460000,3710
2,423,8460000,8460000,7587,12644,8480000,3721
2,424,8480000,8480000,7587,12644,8500000,3729
2,425,8500000,8500000,7587,12644,8520000,3737
2,426,8520000,8520000,7587,12644,8540000,3746
2,427,8540000,8540000,7587,12644,8560000,3755
2,428,8560000,8560000,7587,12644,8580000,3764
2,429,8580000,8580000,7587,12644,8600000,3773
2,43,860000,860000,7587,12644,880000,381
2,430,8600000,8600000,7587,12644,8620000,3782
2,431,8620000,8620000,7587,12644,8640000,3790
2,432,8640000,8640000,7587,12644,8660000,3800
2,433,8660000,8660000,7587,12644,8680000,3807
2,434,8680000,8680000,7587,12644,8700000,3817
2,435,8700000,8700000,7587,12644,8720000,3826
2,436,8720000,8720000,7587,12644,8740000,3834
2,437,8740000,8740000,7587,12644,8760000,3844
2,438,8760000,8760000,7587,12644,8780000,3851
2,439,8780000,8780000,7587,12644,8800000,3860
2,44,880000,880000,7587,12644,900000,390
2,440,8800000,8800000,7587,12644,8820000,3869
2,441,8820000,8820000,7587,12644,8840000,3878
2,442,8840000,8840000,7587,12644,8860000,3889
2,443,8860000,8860000,7587,12644,8880000,3895
2,444,8880000,8880000,7587,12644,8900000,3905
2,445,8900000,8900000,7587,12644,8920000,3914
2,446,8920000,8920000,7587,12644,8940000,3922
2,447,8940000,8940000,7587,12644,8960000,3929
2,448,8960000,8960000,7587,12644,8980000,3941
2,449,8980000,8980000,7587,12644,9000000,3949
2,45,900000,900000,7587,12644,920000,399
2,450,9000000,9000000,7587,12644,9020000,3956
2,451,9020000,9020000,7587,12644,9040000,3967
2,452,9040000,9040000,7587,12644,9060000,3974
2,453,9060000,9060000,7587,12644,9080000,3985
2,454,9080000,9080000,7587,12644,9100000,3992
2,455,9100000,9100000,7587,12644,9120000,4000
2,456,9120000,9120000,7587,12644,9140000,4012
2,457,9140000,9140000,7587,12644,9160000,4019
2,458,9160000,9160000,7587,12644,9180000,4027
2,459,9180000,9180000,7587,12644,9200000,4036
2,46,920000,920000,7587,12644,940000,408
2,460,9200000,9200000,7587,12644,9220000,4046
2,461,9220000,9220000,7587,12644,9240000,4052
2,462,9240000,9240000,7587,12644,9260000,4063
2,463,9260000,9260000,7587,12644,9280000,4072
2,464,9280000,9280000,7587,12644,9300000,4081
2,465,9300000,9300000,7587,12644,9320000,4090
2,466,9320000,9320000,7587,12644,9340000,4097
2,467,9340000,9340000,7587,12644,9360000,4107
2,468,9360000,9360000,7587,12644,9380000,4115
2,469,9380000,9380000,7587,12644,9400000,4124
2,47,940000,940000,7587,12644,960000,416
2,470,9400000,9400000,7587,12644,9420000,4134
2,471,9420000,9420000,7587,12644,9440000,4141
2,472,9440000,9440000,7587,12644,9460000,4151
2,473,9460000,9460000,7587,12644,9480000,4159
2,474,9480000,9480000,7587,12644,9500000,4168
2,475,9500000,9500000,7587,12644,9520000,4177
2,476,9520000,9520000,7587,12644,9540000,4186
2,477,9540000,9540000,7587,12644,9560000,4195
2,478,9560000,9560000,7587,12644,9580000,4204
2,479,9580000,9580000,7587,12644,9600000,4212
2,48,960000,960000,7587,12644,980000,424
2,480,9600000,9600000,7587,12644,9620000,4220
2,481,9620000,9620000,7587,12644,9640000,4231
2,482,9640000,9640000,7587,12644,9660000,4237
2,483,9660000,9660000,7587,12644,9680000,4246
2,484,9680000,9680000,7587,12644,9700000,4258
2,485,9700000,9700000,7587,12644,9720000,4264
2,486,9720000,9720000,7587,12644,9740000,4275
2,487,9740000,9740000,7587,12644,9760000,4282
2,488,9760000,9760000,7587,12644,9780000,4291
2,489,9780000,9780000,7587,12644,9800000,4300
2,49,980000,980000,7587,12644,1000000,435
2,490,9800000,9800000,7587,12644,9820000,4309
2,491,9820000,9820000,7587,12644,9840000,4317
2,492,9840000,9840000,7587,12644,9860000,4327
2,493,9860000,9860000,7587,12644,9880000,4336
2,494,9880000,9880000,7587,12644,9900000,4342
2,495,9900000,9900000,7587,12644,9920000,4353
2,496,9920000,9920000,7587,12644,9940000,4361
2,497,9940000,9940000,7587,12644,9960000,4371
2,498,9960000,9960000,7587,12644,9980000,4380
2,499,9980000,9980000,7587,12644,10000000,4387
2,5,100000,100000,7587,12644,120000,48
2,50,1000000,1000000,7587,12644,1020000,443
2,500,10000000,10000000,7587,12644,10020000,4398
2,501,10020000,10020000,7587,12644,10040000,4405
2,502,10040000,10040000,7587,12644,10060000,4414
2,503,10060000,10060000,7587,12644,10080000,4422
2,504,10080000,10080000,7587,12644,10100000,4432
2,505,10100000,10100000,7587,12644,10120000,4441
2,506,10120000,10120000,7587,12644,10140000,4449
2,507,10140000,10140000,7587,12644,10160000,4458
2,508,10160000,10160000,7587,12644,10180000,4468
2,509,10180000,10180000,7587,12644,10200000,4476
2,51,1020000,1020000,7587,12644,1040000,450
2,510,10200000,10200000,7587,12644,10220000,4483
2,511,10220000,10220000,7587,12644,10240000,4494
2,512,10240000,10240000,7587,12644,10260000,4503
2,513,10260000,10260000,7587,12644,10280000,4510
2,514,10280000,10280000,7587,12644,10300000,4521
2,515,10300000,10300000,7587,12644,10320000,4527
2,516,10320000,10320000,7587,12644,10340000,4537
2,517,10340000,10340000,7587,12644,10360000,4546
2,518,10360000,10360000,7587,12644,10380000,4554
2,519,10380000,10380000,7587,12644,10400000,4565
2,52,1040000,1040000,7587,12644,1060000,462
2,520,10400000,10400000,7587,12644,10420000,4573
2,521,10420000,10420000,7587,12644,10440000,4581
2,522,10440000,10440000,7587,12644,10460000,4590
2,523,10460000,10460000,7587,12644,10480000,4599
2,524,10480000,10480000,7587,12644,10500000,4606
2,525,10500000,10500000,7587,12644,10520000,4617
2,526,10520000,10520000,7587,12644,10540000,4626
2,527,10540000,10540000,7587,12644,10560000,4632
2,528,10560000,10560000,7587,12644,10580000,4644
2,529,10580000,10580000,7587,12644,10600000,4651
2,53,1060000,1060000,7587,12644,1080000,468
2,530,10600000,10600000,7587,12644,10620000,4661
2,531,10620000,10620000,7587,12644,10640000,4668
2,532,10640000,10640000,7587,12644,10660000,4678
2,533,10660000,10660000,7587,12644,10680000,4688
2,534,10680000,10680000,7587,12644,10700000,4695
2,535,10700000,10700000,7587,12644,10720000,4704
2,536,10720000,10720000,7587,12644,10740000,4713
2,537,10740000,10740000,7587,12644,10760000,4722
2,538,10760000,10760000,7587,12644,10780000,4729
2,539,10780000,10780000,7587,12644,10800000,4739
2,54,1080000,1080000,7587,12644,1100000,477
2,540,10800000,10800000,7587,12644,10820000,4749
2,541,10820000,10820000,7587,12644,10840000,4758
2,542,10840000,10840000,7587,12644,10860000,4766
2,543,10860000,10860000,7587,12644,10880000,4773
2,544,10880000,10880000,7587,12644,10900000,4785
2,545,10900000,10900000,7587,12644,10920000,4791
2,546,10920000,10920000,7587,12644,10940000,4800
2,547,10940000,10940000,7587,12644,10960000,4811
2,548,10960000,10960000,7587,12644,10980000,4818
2,549,10980000,10980000,7587,12644,11000000,4827
2,55,1100000,1100000,7587,12644,1120000,486
2,550,11000000,11000000,7587,12644,11020000,4836
2,551,11020000,11020000,7587,12644,11040000,4844
2,552,11040000,11040000,7587,12644,11060000,4854
2,553,11060000,11060000,7587,12644,11080000,4863
2,554,11080000,11080000,7587,12644,11100000,4871
2,555,11100000,11100000,7587,12644,11120000,4880
2,556,11120000,11120000,7587,12644,11140000,4890
2,557,11140000,11140000,7587,12644,11160000,4896
2,558,11160000,11160000,7587,12644,11180000,4907
2,559,11180000,11180000,7587,12644,11200000,4914
2,56,1120000,1120000,7587,12644,1140000,495
2,560,11200000,11200000,7587,12644,11220000,4923
2,561,11220000,11220000,7587,12644,11240000,4934
2,562,11240000,11240000,7587,12644,11260000,4941
2,563,11260000,11260000,7587,12644,11280000,4951
2,564,11280000,11280000,7587,12644,11300000,4959
2,565,11300000,11300000,7587,12644,11320000,4968
2,566,11320000,11320000,7587,12644,11340000,4976
2,567,11340000,11340000,7587,12644,11360000,4985
2,568,11360000,11360000,7587,12644,11380000,4995
2,569,11380000,11380000,7587,12644,11400000,5003
2,57,1140000,1140000,7587,12644,1160000,506
2,570,11400000,11400000,7587,12644,11420000,5012
2,571,11420000,11420000,7587,12644,11440000,5019
2,572,11440000,11440000,7587,12644,11460000,5030
2,573,11460000,11460000,7587,12644,11480000,5037
2,574,11480000,11480000,7587,12644,11500000,5048
2,575,11500000,11500000,7587,12644,11520000,5056
2,576,11520000,11520000,7587,12644,11540000,5064
2,577,11540000,11540000,7587,12644,11560000,5075
2,578,11560000,11560000,7587,12644,11580000,5081
2,579,11580000,11580000,7587,12644,11600000,5090
2,58,1160000,1160000,7587,12644,1180000,513
2,580,11600000,11600000,7587,12644,11620000,5100
2,581,11620000,11620000,7587,12644,11640000,5108
2,582,11640000,11640000,7587,12644,11660000,5117
2,583,11660000,11660000,7587,12644,11680000,5126
2,584,11680000,11680000,7587,12644,11700000,5135
2,585,11700000,11700000,7587,12644,11720000,5144
2,586,11720000,11720000,7587,12644,11740000,5153
2,587,11740000,11740000,7587,12644,11760000,5159
2,588,11760000,11760000,7587,12644,11780000,5171
2,589,11780000,11780000,7587,12644,11800000,5180
2,59,1180000,1180000,7587,12644,1200000,521
2,590,11800000,11800000,7587,12644,11820000,5186
2,591,11820000,11820000,7587,12644,11840000,5197
2,592,11840000,11840000,7587,12644,11860000,5205
2,593,11860000,11860000,7587,12644,11880000,5213
2,594,11880000,11880000,7587,12644,11900000,5222
2,595,11900000,11900000,7587,12644,11920000,5231
2,596,11920000,11920000,7587,12644,11940000,5242
2,597,11940000,11940000,7587,12644,11960000,5249
2,598,11960000,11960000,7587,12644,11980000,5258
2,599,11980000,11980000,7587,12644,12000000,5266
2,6,120000,120000,7587,12644,140000,55
2,60,1200000,1200000,7587,12644,1220000,531
2,600,12000000,12000000,7587,12644,12020000,5276
2,601,12020000,12020000,7587,12644,12040000,5283
2,602,12040000,12040000,7587,12644,12060000,5293
2,603,12060000,12060000,7587,12644,12080000,5302
2,604,12080000,12080000,7587,12644,12100000,5310
2,605,12100000,12100000,7587,12644,12120000,5320
2,606,12120000,12120000,7587,12644,12140000,5327
2,607,12140000,12140000,7587,12644,12160000,5338
2,608,12160000,12160000,7587,12644,12180000,5345
2,609,12180000,12180000,7587,12644,12200000,5354
2,61,1220000,1220000,7587,12644,1240000,540
2,610,12200000,12200000,7587,12644,12220000,5365
2,611,12220000,12220000,7587,12644,12240000,5371
2,612,12240000,12240000,7587,12644,12260000,5381
2,613,12260000,12260000,7587,12644,12280000,5390
2,614,12280000,12280000,7587,12644,12300000,5398
2,615,12300000,12300000,7587,12644,12320000,5405
2,616,12320000,12320000,7587,12644,12340000,5417
2,617,12340000,12340000,7587,12644,12360000,5425
2,618,12360000,12360000,7587,12644,12380000,5434
2,619,12380000,12380000,7587,12644,12400000,5443
2,62,1240000,1240000,7587,12644,1260000,546
2,620,12400000,12400000,7587,12644,12420000,5450
2,621,12420000,12420000,7587,12644,12440000,5461
2,622,12440000,12440000,7587,12644,12460000,5468
2,623,12460000,12460000,7587,12644,12480000,5476
2,624,12480000,12480000,7587,12644,12500000,5488
2,625,12500000,12500000,7587,12644,12520000,5495
2,626,12520000,12520000,7587,12644,12540000,5503
2,627,12540000,12540000,7587,12644,12560000,5512
2,628,12560000,12560000,7587,12644,12580000,5522
2,629,12580000,12580000,7587,12644,12600000,5530
2,63,1260000,1260000,7587,12644,1280000,557
2,630,12600000,12600000,7587,12644,12620000,5539
2,631,12620000,12620000,7587,12644,12640000,5548
2,632,12640000,12640000,7587,12644,12660000,5557
2,633,12660000,12660000,7587,12644,12680000,5566
2,634,12680000,12680000,7587,12644,12700000,5573
2,635,12700000,12700000,7587,12644,12720000,5583
2,636,12720000,12720000,7587,12644,12740000,5591
2,637,12740000,12740000,7587,12644,12760000,5600
2,638,12760000,12760000,7587,12644,12780000,5610
2,639,12780000,12780000,7587,12644,12800000,5617
2,64,1280000,1280000,7587,12644,1300000,567
2,640,12800000,12800000,7587,12644,12820000,5629
2,641,12820000,12820000,7587,12644,12840000,5635
2,642,12840000,12840000,7587,12644,12860000,5644
2,643,12860000,12860000,7587,12644,12880000,5653
2,644,12880000,12880000,7587,12644,12900000,5662
2,645,12900000,12900000,7587,12644,12920000,5671
2,646,12920000,12920000,7587,12644,12940000,5680
2,647,12940000,12940000,7587,12644,12960000,5688
2,648,12960000,12960000,7587,12644,12980000,5696
2,649,12980000,12980000,7587,12644,13000000,5707
2,65,1300000,1300000,7587,12644,1320000,573
2,650,13000000,13000000,7587,12644,13020000,5713
2,651,13020000,13020000,7587,12644,13040000,5724
2,652,13040000,13040000,7587,12644,13060000,5734
2,653,13060000,13060000,7587,12644,13080000,5740
2,654,13080000,13080000,7587,12644,13100000,5751
2,655,13100000,13100000,7587,12644,13120000,5758
2,656,13120000,13120000,7587,12644,13140000,5767
2,657,13140000,13140000,7587,12644,13160000,5776
2,658,13160000,13160000,7587,12644,13180000,5785
2,659,13180000,13180000,7587,12644,13200000,5793
2,66,1320000,1320000,7587,12644,1340000,584
2,660,13200000,13200000,7587,12644,13220000,5803
2,661,13220000,13220000,7587,12644,13240000,5812
2,662,13240000,13240000,7587,12644,13260000,5820
2,663,13260000,13260000,7587,12644,13280000,5829
2,664,13280000,13280000,7587,12644,13300000,5837
2,665,13300000,13300000,7587,12644,13320000,5847
2,666,13320000,13320000,7587,12644,13340000,5856
2,667,13340000,13340000,7587,12644,13360000,5863
2,668,13360000,13360000,7587,12644,13380000,5874
2,669,13380000,13380000,7587,12644,13400000,5881
2,67,1340000,1340000,7587,12644,1360000,591
2,670,13400000,13400000,7587,12644,13420000,5890
2,671,13420000,13420000,7587,12644,13440000,5898
2,672,13440000,13440000,7587,12644,13460000,5908
2,673,13460000,13460000,7587,12644,13480000,5919
2,674,13480000,13480000,7587,12644,13500000,5925
2,675,13500000,13500000,7587,12644,13520000,5934
2,676,13520000,13520000,7587,12644,13540000,5944
2,677,13540000,13540000,7587,12644,13560000,5952
2,678,13560000,13560000,7587,12644,13580000,5959
2,679,13580000,13580000,7587,12644,13600000,5970
2,68,1360000,1360000,7587,12644,1380000,602
2,680,13600000,13600000,7587,12644,13620000,5979
2,681,13620000,13620000,7587,12644,13640000,5986
2,682,13640000,13640000,7587,12644,13660000,5997
2,683,13660000,13660000,7587,12644,13680000,6003
2,684,13680000,13680000,7587,12644,13700000,6015
2,685,13700000,13700000,7587,12644,13720000,6022
2,686,13720000,13720000,7587,12644,13740000,6030
2,687,13740000,13740000,7587,12644,13760000,6041
2,688,13760000,13760000,7587,12644,13780000,6049
2,689,13780000,13780000,7587,12644,13800000,6057
2,69,1380000,1380000,7587,12644,1400000,609
2,690,13800000,13800000,7587,12644,13820000,6066
2,691,13820000,13820000,7587,12644,13840000,6075
2,692,13840000,13840000,7587,12644,13860000,6082
2,693,13860000,13860000,7587,12644,13880000,6093
2,694,13880000,13880000,7587,12644,13900000,6102
2,695,13900000,13900000,7587,12644,13920000,6110
2,696,13920000,13920000,7587,12644,13940000,6120
2,697,13940000,13940000,7587,12644,13960000,6127
2,698,13960000,13960000,7587,12644,13980000,6137
2,699,13980000,13980000,7587,12644,14000000,6144
2,7,140000,140000,7587,12644,160000,64
2,70,1400000,1400000,7587,12644,1420000,618
2,700,14000000,14000000,7587,12644,14020000,6154
2,701,14020000,14020000,7587,12644,14040000,6164
2,702,14040000,14040000,7587,12644,14060000,6171
2,703,14060000,14060000,7587,12644,14080000,6180
2,704,14080000,14080000,7587,12644,14100000,6189
2,705,14100000,14100000,7587,12644,14120000,6198
2,706,14120000,14120000,7587,12644,14140000,6207
2,707,14140000,14140000,7587,12644,14160000,6215
2,708,14160000,14160000,7587,12644,14180000,6225
2,709,14180000,14180000,7587,12644,14200000,6234
2,71,1420000,1420000,7587,12644,1440000,628
2,710,14200000,14200000,7587,12644,14220000,6242
2,711,14220000,14220000,7587,12644,14240000,6249
2,712,14240000,14240000,7587,12644,14260000,6261
2,713,14260000,14260000,7587,12644,14280000,6267
2,714,14280000,14280000,7587,12644,14300000,6276
2,715,14300000,14300000,7587,12644,14320000,6287
2,716,14320000,14320000,7587,12644,14340000,6294
2,717,14340000,14340000,7587,12644,14360000,6305
2,718,14360000,14360000,7587,12644,14380000,6312
2,719,14380000,14380000,7587,12644,14400000,6320
2,72,1440000,1440000,7587,12644,1460000,636
2,720,14400000,14400000,7587,12644,14420000,6330
2,721,14420000,14420000,7587,12644,14440000,6339
2,722,14440000,14440000,7587,12644,14460000,6347
2,723,14460000,14460000,7587,12644,14480000,6356
2,724,14480000,14480000,7587,12644,14500000,6366
2,725,14500000,14500000,7587,12644,14520000,6372
2,726,14520000,14520000,7587,12644,14540000,6383
2,727,14540000,14540000,7587,12644,14560000,6390
2,728,14560000,14560000,7587,12644,14580000,6401
2,729,14580000,14580000,7587,12644,14600000,6410
2,73,1460000,1460000,7587,12644,1480000,645
2,730,14600000,14600000,7587,12644,14620000,6417
2,731,14620000,14620000,7587,12644,14640000,6427
2,732,14640000,14640000,7587,12644,14660000,6435
2,733,14660000,14660000,7587,12644,14680000,6444
2,734,14680000,14680000,7587,12644,14700000,6452
2,735,14700000,14700000,7587,12644,14720000,6461
2,736,14720000,14720000,7587,12644,14740000,6471
2,737,14740000,14740000,7587,12644,14760000,6479
2,738,14760000,14760000,7587,12644,14780000,6488
2,739,14780000,14780000,7587,12644,14800000,6497
2,74,1480000,1480000,7587,12644,1500000,653
2,740,14800000,14800000,7587,12644,14820000,6506
2,741,14820000,14820000,7587,12644,14840000,6513
2,742,14840000,14840000,7587,12644,14860000,6524
2,743,14860000,14860000,7587,12644,14880000,6532
2,744,14880000,14880000,7587,12644,14900000,6540
2,745,14900000,14900000,7587,12644,14920000,6551
2,746,14920000,14920000,7587,12644,14940000,6557
2,747,14940000,14940000,7587,12644,14960000,6566
2,748,14960000,14960000,7587,12644,14980000,6576
2,749,14980000,14980000,7587,12644,15000000,6584
2,75,1500000,1500000,7587,12644,1520000,662
2,750,15000000,15000000,7587,12644,15020000,6595
2,751,15020000,15020000,7587,12644,15040000,6602
2,752,15040000,15040000,7587,12644,15060000,6611
2,753,15060000,15060000,7587,12644,15080000,6620
2,754,15080000,15080000,7587,12644,15100000,6629
2,755,15100000,15100000,7587,12644,15120000,6635
2,756,15120000,15120000,7587,12644,15140000,6647
2,757,15140000,15140000,7587,12644,15160000,6656
2,758,15160000,15160000,7587,12644,15180000,6662
2,759,15180000,15180000,7587,12644,15200000,6673
2,76,1520000,1520000,7587,12644,1540000,670
2,760,15200000,15200000,7587,12644,15220000,6681
2,761,15220000,15220000,7587,12644,15240000,6691
2,762,15240000,15240000,7587,12644,15260000,6698
2,763,15260000,15260000,7587,12644,15280000,6707
2,764,15280000,15280000,7587,12644,15300000,6718
2,765,15300000,15300000,7587,12644,15320000,6725
2,766,15320000,15320000,7587,12644,15340000,6734
2,767,15340000,15340000,7587,12644,15360000,6742
2,768,15360000,15360000,7587,12644,15380000,6752
2,769,15380000,15380000,7587,12644,15400000,6759
2,77,1540000,1540000,7587,12644,1560000,680
2,770,15400000,15400000,7587,12644,15420000,6769
2,771,15420000,15420000,7587,12644,15440000,6778
2,772,15440000,15440000,7587,12644,15460000,6788
2,773,15460000,15460000,7587,12644,15480000,6796
2,774,15480000,15480000,7587,12644,15500000,6803
2,775,15500000,15500000,7587,12644,15520000,6814
2,776,15520000,15520000,7587,12644,15540000,6821
2,777,15540000,15540000,7587,12644,15560000,6830
2,778,15560000,15560000,7587,12644,15580000,6841
2,779,15580000,15580000,7587,12644,15600000,6847
2,78,1560000,1560000,7587,12644,1580000,689
2,780,15600000,15600000,7587,12644,15620000,6857
2,781,15620000,15620000,7587,12644,15640000,6866
2,782,15640000,15640000,7587,12644,15660000,6874
2,783,15660000,15660000,7587,12644,15680000,6883
2,784,15680000,15680000,7587,12644,15700000,6893
2,785,15700000,15700000,7587,12644,15720000,6901
2,786,15720000,15720000,7587,12644,15740000,6910
2,787,15740000,15740000,7587,12644,15760000,6919
2,788,15760000,15760000,7587,12644,15780000,6926
2,789,15780000,15780000,7587,12644,15800000,6937
2,79,1580000,1580000,7587,12644,1600000,698
2,790,15800000,15800000,7587,12644,15820000,6944
2,791,15820000,15820000,7587,12644,15840000,6952
2,792,15840000,15840000,7587,12644,15860000,6964
2,793,15860000,15860000,7587,12644,15880000,6971
2,794,15880000,15880000,7587,12644,15900000,6981
2,795,15900000,15900000,7587,12644,15920000,6988
2,796,15920000,15920000,7587,12644,15940000,6998
2,797,15940000,15940000,7587,12644,15960000,7006
2,798,15960000,15960000,7587,12644,15980000,7015
2,799,15980000,15980000,7587,12644,16000000,7024
2,8,160000,160000,7587,12644,180000,75
2,80,1600000,1600000,7587,12644,1620000,707
2,800,16000000,16000000,7587,12644,16020000,7033
2,801,16020000,16020000,7587,12644,16040000,7042
2,802,16040000,16040000,7587,12644,16060000,7049
2,803,16060000,16060000,7587,12644,16080000,7059
2,804,16080000,16080000,7587,12644,16100000,7067
2,805,16100000,16100000,7587,12644,16120000,7078
2,806,16120000,16120000,7587,12644,16140000,7086
2,807,16140000,16140000,7587,12644,16160000,7093
2,808,16160000,16160000,7587,12644,16180000,7105
2,809,16180000,16180000,7587,12644,16200000,7111
2,81,1620000,1620000,7587,12644,1640000,714
2,810,16200000,16200000,7587,12644,16220000,7120
2,811,16220000,16220000,7587,12644,16240000,7129
2,812,16240000,16240000,7587,12644,16260000,7138
2,813,16260000,16260000,7587,12644,16280000,7147
2,814,16280000,16280000,7587,12644,16300000,7156
2,815,16300000,16300000,7587,12644,16320000,7164
2,816,16320000,16320000,7587,12644,16340000,7174
2,817,16340000,16340000,7587,12644,16360000,7183
2,818,16360000,16360000,7587,12644,16380000,7189
2,819,16380000,16380000,7587,12644,16400000,7200
2,82,1640000,1640000,7587,12644,1660000,725
2,820,16400000,16400000,7587,12644,16420000,7210
2,821,16420000,16420000,7587,12644,16440000,7216
2,822,16440000,16440000,7587,12644,16460000,7227
2,823,16460000,16460000,7587,12644,16480000,7234
2,824,16480000,16480000,7587,12644,16500000,7243
2,825,16500000,16500000,7587,12644,16520000,7252
2,826,16520000,16520000,7587,12644,16540000,7261
2,827,16540000,16540000,7587,12644,16560000,7271
2,828,16560000,16560000,7587,12644,16580000,7279
2,829,16580000,16580000,7587,12644,16600000,7288
2,83,1660000,1660000,7587,12644,1680000,731
2,830,16600000,16600000,7587,12644,16620000,7296
2,831,16620000,16620000,7587,12644,16640000,7305
2,832,16640000,16640000,7587,12644,16660000,7313
2,833,16660000,16660000,7587,12644,16680000,7323
2,834,16680000,16680000,7587,12644,16700000,7332
2,835,16700000,16700000,7587,12644,16720000,7339
2,836,16720000,16720000,7587,12644,16740000,7350
2,837,16740000,16740000,7587,12644,16760000,7357
2,838,16760000,16760000,7587,12644,16780000,7368
2,839,16780000,16780000,7587,12644,16800000,7374
2,84,1680000,1680000,7587,12644,1700000,741
2,840,16800000,16800000,7587,12644,16820000,7384
2,841,16820000,16820000,7587,12644,16840000,7395
2,842,16840000,16840000,7587,12644,16860000,7401
2,843,16860000,16860000,7587,12644,16880000,7410
2,844,16880000,16880000,7587,12644,16900000,7420
2,845,16900000,16900000,7587,12644,16920000,7428
2,846,16920000,16920000,7587,12644,16940000,7435
2,847,16940000,16940000,7587,12644,16960000,7446
2,848,16960000,16960000,7587,12644,16980000,7455
2,849,16980000,16980000,7587,12644,17000000,7464
2,85,1700000,1700000,7587,12644,1720000,752
2,850,17000000,17000000,7587,12644,17020000,7473
2,851,17020000,17020000,7587,12644,17040000,7479
2,852,17040000,17040000,7587,12644,17060000,7491
2,853,17060000,17060000,7587,12644,17080000,7498
2,854,17080000,17080000,7587,12644,17100000,7506
2,855,17100000,17100000,7587,12644,17120000,7517
2,856,17120000,17120000,7587,12644,17140000,7525
2,857,17140000,17140000,7587,12644,17160000,7533
2,858,17160000,17160000,7587,12644,17180000,7542
2,859,17180000,17180000,7587,12644,17200000,7551
2,86,1720000,1720000,7587,12644,1740000,758
2,860,17200000,17200000,7587,12644,17220000,7560
2,861,17220000,17220000,7587,12644,17240000,7569
2,862,17240000,17240000,7587,12644,17260000,7578
2,863,17260000,17260000,7587,12644,17280000,7586
2,864,17280000,17280000,7587,12644,17300000,7596
2,865,17300000,17300000,7587,12644,17320000,7603
2,866,17320000,17320000,7587,12644,17340000,7613
2,867,17340000,17340000,7587,12644,17360000,7620
2,868,17360000,17360000,7587,12644,17380000,7630
2,869,17380000,17380000,7587,12644,17400000,7640
2,87,1740000,1740000,7587,12644,1760000,767
2,870,17400000,17400000,7587,12644,17420000,7647
2,871,17420000,17420000,7587,12644,17440000,7658
2,872,17440000,17440000,7587,12644,17460000,7665
2,873,17460000,17460000,7587,12644,17480000,7674
2,874,17480000,17480000,7587,12644,17500000,7683
2,875,17500000,17500000,7587,12644,17520000,7691
2,876,17520000,17520000,7587,12644,17540000,7701
2,877,17540000,17540000,7587,12644,17560000,7710
2,878,17560000,17560000,7587,12644,17580000,7718
2,879,17580000,17580000,7587,12644,17600000,7725
2,88,1760000,1760000,7587,12644,1780000,777
2,880,17600000,17600000,7587,12644,17620000,7737
2,881,17620000,17620000,7587,12644,17640000,7743
2,882,17640000,17640000,7587,12644,17660000,7754
2,883,17660000,17660000,7587,12644,17680000,7763
2,884,17680000,17680000,7587,12644,17700000,7770
2,885,17700000,17700000,7587,12644,17720000,7781
2,886,17720000,17720000,7587,12644,17740000,7788
2,887,17740000,17740000,7587,12644,17760000,7796
2,888,17760000,17760000,7587,12644,17780000,7806
2,889,17780000,17780000,7587,12644,17800000,7815
2,89,1780000,1780000,7587,12644,1800000,785
2,890,17800000,17800000,7587,12644,17820000,7823
2,891,17820000,17820000,7587,12644,17840000,7832
2,892,17840000,17840000,7587,12644,17860000,7842
2,893,17860000,17860000,7587,12644,17880000,7850
2,894,17880000,17880000,7587,12644,17900000,7859
2,895,17900000,17900000,7587,12644,17920000,7866
2,896,17920000,17920000,7587,12644,17940000,7877
2,897,17940000,17940000,7587,12644,17960000,7886
2,898,17960000,17960000,7587,12644,17980000,7893
2,899,17980000,17980000,7587,12644,18000000,7903
2,9,180000,180000,7587,12644,200000,82
2,90,1800000,1800000,7587,12644,1820000,794
2,900,18000000,18000000,7587,12644,18020000,7911
2,901,18020000,18020000,7587,12644,18040000,7920
2,902,18040000,18040000,7587,12644,18060000,7928
2,903,18060000,18060000,7587,12644,18080000,7937
2,904,18080000,18080000,7587,12644,18100000,7949
2,905,18100000,18100000,7587,12644,18120000,7955
2,906,18120000,18120000,7587,12644,18140000,7964
2,907,18140000,18140000,7587,12644,18160000,7973
2,908,18160000,18160000,7587,12644,18180000,7982
2,909,18180000,18180000,7587,12644,18200000,7989
2,91,1820000,1820000,7587,12644,1840000,803
2,910,18200000,18200000,7587,12644,18220000,8000
2,911,18220000,18220000,7587,12644,18240000,8008
2,912,18240000,18240000,7587,12644,18260000,8016
2,913,18260000,18260000,7587,12644,18280000,8027
2,914,18280000,18280000,7587,12644,18300000,8033
2,915,18300000,18300000,7587,12644,18320000,8044
2,916,18320000,18320000,7587,12644,18340000,8052
2,917,18340000,18340000,7587,12644,18360000,8060
2,918,18360000,18360000,7587,12644,18380000,8071
2,919,18380000,18380000,7587,12644,18400000,8078
2,92,1840000,1840000,7587,12644,1860000,812
2,920,18400000,18400000,7587,12644,18420000,8087
2,921,18420000,18420000,7587,12644,18440000,8096
2,922,18440000,18440000,7587,12644,18460000,8105
2,923,18460000,18460000,7587,12644,18480000,8111
2,93,1860000,1860000,7587,12644,1880000,821
2,94,1880000,1880000,7587,12644,1900000,830
2,95,1900000,1900000,7587,12644,1920000,836
2,96,1920000,1920000,7587,12644,1940000,848
2,97,1940000,1940000,7587,12644,1960000,855
2,98,1960000,1960000,7587,12644,1980000,863
2,99,1980000,1980000,7587,12644,2000000,874
3,0,0,0,6686,11143,20000,5
3,1,20000,20000,6686,11143,40000,14
3,10,200000,200000,6686,11143,220000,92
3,100,2000000,2000000,6686,11143,2020000,883
3,101,2020000,2020000,6686,11143,2040000,893
3,102,2040000,2040000,6686,11143,2060000,900
3,103,2060000,2060000,6686,11143,2080000,909
3,104,2080000,2080000,6686,11143,2100000,918
3,105,2100000,2100000,6686,11143,2120000,927
3,106,2120000,2120000,6686,11143,2140000,936
3,107,2140000,2140000,6686,11143,2160000,944
3,108,2160000,2160000,6686,11143,2180000,954
3,109,2180000,2180000,6686,11143,2200000,961
3,11,220000,220000,6686,11143,240000,100
3,110,2200000,2200000,6686,11143,2220000,971
3,111,2220000,2220000,6686,11143,2240000,978
3,112,2240000,2240000,6686,11143,2260000,990
3,113,2260000,2260000,6686,11143,2280000,998
3,114,2280000,2280000,6686,11143,2300000,1005
3,115,2300000,2300000,6686,11143,2320000,1016
3,116,2320000,2320000,6686,11143,2340000,1023
3,117,2340000,2340000,6686,11143,2360000,1032
3,118,2360000,2360000,6686,11143,2380000,1041
3,119,2380000,2380000,6686,11143,2400000,1049
3,12,240000,240000,6686,11143,260000,110
3,120,2400000,2400000,6686,11143,2420000,1059
3,121,2420000,2420000,6686,11143,2440000,1068
3,122,2440000,2440000,6686,11143,2460000,1076
3,123,2460000,2460000,6686,11143,2480000,1085
3,124,2480000,2480000,6686,11143,2500000,1095
3,125,2500000,2500000,6686,11143,2520000,1101
3,126,2520000,2520000,6686,11143,2540000,1112
3,127,2540000,2540000,6686,11143,2560000,1121
3,128,2560000,2560000,6686,11143,2580000,1128
3,129,2580000,2580000,6686,11143,2600000,1139
3,13,260000,260000,6686,11143,280000,119
3,130,2600000,2600000,6686,11143,2620000,1146
3,131,2620000,2620000,6686,11143,2640000,1154
3,132,2640000,2640000,6686,11143,2660000,1164
3,133,2660000,2660000,6686,11143,2680000,1173
3,134,2680000,2680000,6686,11143,2700000,1183
3,135,2700000,2700000,6686,11143,2720000,1190
3,136,2720000,2720000,6686,11143,2740000,1200
3,137,2740000,2740000,6686,11143,2760000,1208
3,138,2760000,2760000,6686,11143,2780000,1217
3,139,2780000,2780000,6686,11143,2800000,1224
3,14,280000,280000,6686,11143,300000,127
3,140,2800000,2800000,6686,11143,2820000,1235
3,141,2820000,2820000,6686,11143,2840000,1244
3,142,2840000,2840000,6686,11143,2860000,1251
3,143,2860000,2860000,6686,11143,2880000,1261
3,144,2880000,2880000,6686,11143,2900000,1269
3,145,2900000,2900000,6686,11143,2920000,1280
3,146,2920000,2920000,6686,11143,2940000,1286
3,147,2940000,2940000,6686,11143,2960000,1295
3,148,2960000,2960000,6686,11143,2980000,1307
3,149,2980000,2980000,6686,11143,3000000,1313
3,15,300000,300000,6686,11143,320000,136
3,150,3000000,3000000,6686,11143,3020000,1322
3,151,3020000,3020000,6686,11143,3040000,1331
3,152,3040000,3040000,6686,11143,3060000,1340
3,153,3060000,3060000,6686,11143,3080000,1347
3,154,3080000,3080000,6686,11143,3100000,1358
3,155,3100000,3100000,6686,11143,3120000,1366
3,156,3120000,3120000,6686,11143,3140000,1376
3,157,3140000,3140000,6686,11143,3160000,1385
3,158,3160000,3160000,6686,11143,3180000,1391
3,159,3180000,3180000,6686,11143,3200000,1402
3,16,320000,320000,6686,11143,340000,146
3,160,3200000,3200000,6686,11143,3220000,1410
3,161,3220000,3220000,6686,11143,3240000,1418
3,162,3240000,3240000,6686,11143,3260000,1429
3,163,3260000,3260000,6686,11143,3280000,1436
3,164,3280000,3280000,6686,11143,3300000,1445
3,165,3300000,3300000,6686,11143,3320000,1454
3,166,3320000,3320000,6686,11143,3340000,1463
3,167,3340000,3340000,6686,11143,3360000,1471
3,168,3360000,3360000,6686,11143,3380000,1481
3,169,3380000,3380000,6686,11143,3400000,1490
3,17,340000,340000,6686,11143,360000,154
3,170,3400000,3400000,6686,11143,3420000,1498
3,171,3420000,3420000,6686,11143,3440000,1507
3,172,3440000,3440000,6686,11143,3460000,1515
3,173,3460000,3460000,6686,11143,3480000,1525
3,174,3480000,3480000,6686,11143,3500000,1532
3,175,3500000,3500000,6686,11143,3520000,1541
3,176,3520000,3520000,6686,11143,3540000,1552
3,177,3540000,3540000,6686,11143,3560000,1559
3,178,3560000,3560000,6686,11143,3580000,1570
3,179,3580000,3580000,6686,11143,3600000,1576
3,18,360000,360000,6686,11143,380000,161
3,180,3600000,3600000,6686,11143,3620000,1586
3,181,3620000,3620000,6686,11143,3640000,1595
3,182,3640000,3640000,6686,11143,3660000,1603
3,183,3660000,3660000,6686,11143,3680000,1612
3,184,3680000,3680000,6686,11143,3700000,1622
3,185,3700000,3700000,6686,11143,3720000,1630
3,186,3720000,3720000,6686,11143,3740000,1637
3,187,3740000,3740000,6686,11143,3760000,1648
3,188,3760000,3760000,6686,11143,3780000,1655
3,189,3780000,3780000,6686,11143,3800000,1666
3,19,380000,380000,6686,11143,400000,172
3,190,3800000,3800000,6686,11143,3820000,1675
3,191,3820000,3820000,6686,11143,3840000,1681
3,192,3840000,3840000,6686,11143,3860000,1693
3,193,3860000,3860000,6686,11143,3880000,1700
3,194,3880000,3880000,6686,11143,3900000,1708
3,195,3900000,3900000,6686,11143,3920000,1717
3,196,3920000,3920000,6686,11143,3940000,1727
3,197,3940000,3940000,6686,11143,3960000,1735
3,198,3960000,3960000,6686,11143,3980000,1744
3,199,3980000,3980000,6686,11143,4000000,1753
3,2,40000,40000,6686,11143,60000,22
3,20,400000,400000,6686,11143,420000,179
3,200,4000000,4000000,6686,11143,4020000,1762
3,201,4020000,4020000,6686,11143,4040000,1771
3,202,4040000,4040000,6686,11143,4060000,1778
3,203,4060000,4060000,6686,11143,4080000,1788
3,204,4080000,4080000,6686,11143,4100000,1798
3,205,4100000,4100000,6686,11143,4120000,1805
3,206,4120000,4120000,6686,11143,4140000,1815
3,207,4140000,4140000,6686,11143,4160000,1822
3,208,4160000,4160000,6686,11143,4180000,1832
3,209,4180000,4180000,6686,11143,4200000,1840
3,21,420000,420000,6686,11143,440000,188
3,210,4200000,4200000,6686,11143,4220000,1849
3,211,4220000,4220000,6686,11143,4240000,1860
3,212,4240000,4240000,6686,11143,4260000,1867
3,213,4260000,4260000,6686,11143,4280000,1876
3,214,4280000,4280000,6686,11143,4300000,1885
3,215,4300000,4300000,6686,11143,4320000,1893
3,216,4320000,4320000,6686,11143,4340000,1901
3,217,4340000,4340000,6686,11143,4360000,1912
3,218,4360000,4360000,6686,11143,4380000,1920
3,219,4380000,4380000,6686,11143,4400000,1927
3,22,440000,440000,6686,11143,460000,199
3,220,4400000,4400000,6686,11143,4420000,1939
3,221,4420000,4420000,6686,11143,4440000,1945
3,222,4440000,4440000,6686,11143,4460000,1956
3,223,4460000,4460000,6686,11143,4480000,1963
3,224,4480000,4480000,6686,11143,4500000,1972
3,225,4500000,4500000,6686,11143,4520000,1983
3,226,4520000,4520000,6686,11143,4540000,1990
3,227,4540000,4540000,6686,11143,4560000,1998
3,228,4560000,4560000,6686,11143,4580000,2008
3,229,4580000,4580000,6686,11143,4600000,2017
3,23,460000,460000,6686,11143,480000,205
3,230,4600000,4600000,6686,11143,4620000,2023
3,231,4620000,4620000,6686,11143,4640000,2034
3,232,4640000,4640000,6686,11143,4660000,2044
3,233,4660000,4660000,6686,11143,4680000,2052
3,234,4680000,4680000,6686,11143,4700000,2061
3,235,4700000,4700000,6686,11143,4720000,2068
3,236,4720000,4720000,6686,11143,4740000,2079
3,237,4740000,4740000,6686,11143,4760000,2086
3,238,4760000,4760000,6686,11143,4780000,2095
3,239,4780000,4780000,6686,11143,4800000,2105
3,24,480000,480000,6686,11143,500000,217
3,240,4800000,4800000,6686,11143,4820000,2113
3,241,4820000,4820000,6686,11143,4840000,2122
3,242,4840000,4840000,6686,11143,4860000,2130
3,243,4860000,4860000,6686,11143,4880000,2139
3,244,4880000,4880000,6686,11143,4900000,2149
3,245,4900000,4900000,6686,11143,4920000,2157
3,246,4920000,4920000,6686,11143,4940000,2166
3,247,4940000,4940000,6686,11143,4960000,2175
3,248,4960000,4960000,6686,11143,4980000,2184
3,249,4980000,4980000,6686,11143,5000000,2191
3,25,500000,500000,6686,11143,520000,224
3,250,5000000,5000000,6686,11143,5020000,2202
3,251,5020000,5020000,6686,11143,5040000,2208
3,252,5040000,5040000,6686,11143,5060000,2218
3,253,5060000,5060000,6686,11143,5080000,2229
3,254,5080000,5080000,6686,11143,5100000,2235
3,255,5100000,5100000,6686,11143,5120000,2246
3,256,5120000,5120000,6686,11143,5140000,2254
3,257,5140000,5140000,6686,11143,5160000,2262
3,258,5160000,5160000,6686,11143,5180000,2271
3,259,5180000,5180000,6686,11143,5200000,2280
3,26,520000,520000,6686,11143,540000,232
3,260,5200000,5200000,6686,11143,5220000,2289
3,261,5220000,5220000,6686,11143,5240000,2298
3,262,5240000,5240000,6686,11143,5260000,2307
3,263,5260000,5260000,6686,11143,5280000,2313
3,264,5280000,5280000,6686,11143,5300000,2325
3,265,5300000,5300000,6686,11143,5320000,2332
3,266,5320000,5320000,6686,11143,5340000,2342
3,267,5340000,5340000,6686,11143,5360000,2351
3,268,5360000,5360000,6686,11143,5380000,2359
3,269,5380000,5380000,6686,11143,5400000,2369
3,27,540000,540000,6686,11143,560000,241
3,270,5400000,5400000,6686,11143,5420000,2376
3,271,5420000,5420000,6686,11143,5440000,2385
3,272,5440000,5440000,6686,11143,5460000,2394
3,273,5460000,5460000,6686,11143,5480000,2403
3,274,5480000,5480000,6686,11143,5500000,2412
3,275,5500000,5500000,6686,11143,5520000,2420
3,276,5520000,5520000,6686,11143,5540000,2430
3,277,5540000,5540000,6686,11143,5560000,2439
3,278,5560000,5560000,6686,11143,5580000,2447
3,279,5580000,5580000,6686,11143,5600000,2454
3,28,560000,560000,6686,11143,580000,251
3,280,5600000,5600000,6686,11143,5620000,2466
3,281,5620000,5620000,6686,11143,5640000,2474
3,282,5640000,5640000,6686,11143,5660000,2481
3,283,5660000,5660000,6686,11143,5680000,2492
3,284,5680000,5680000,6686,11143,5700000,2499
3,285,5700000,5700000,6686,11143,5720000,2508
3,286,5720000,5720000,6686,11143,5740000,2517
3,287,5740000,5740000,6686,11143,5760000,2525
3,288,5760000,5760000,6686,11143,5780000,2537
3,289,5780000,5780000,6686,11143,5800000,2544
3,29,580000,580000,6686,11143,600000,259
3,290,5800000,5800000,6686,11143,5820000,2552
3,291,5820000,5820000,6686,11143,5840000,2561
3,292,5840000,5840000,6686,11143,5860000,2571
3,293,5860000,5860000,6686,11143,5880000,2577
3,294,5880000,5880000,6686,11143,5900000,2588
3,295,5900000,5900000,6686,11143,5920000,2597
3,296,5920000,5920000,6686,11143,5940000,2604
3,297,5940000,5940000,6686,11143,5960000,2615
3,298,5960000,5960000,6686,11143,5980000,2622
3,299,5980000,5980000,6686,11143,6000000,2632
3,3,60000,60000,6686,11143,80000,31
3,30,600000,600000,6686,11143,620000,268
3,300,6000000,6000000,6686,11143,6020000,2640
3,301,6020000,6020000,6686,11143,6040000,2649
3,302,6040000,6040000,6686,11143,6060000,2659
3,303,6060000,6060000,6686,11143,6080000,2666
3,304,6080000,6080000,6686,11143,6100000,2676
3,305,6100000,6100000,6686,11143,6120000,2684
3,306,6120000,6120000,6686,11143,6140000,2693
3,307,6140000,6140000,6686,11143,6160000,2700
3,308,6160000,6160000,6686,11143,6180000,2711
3,309,6180000,6180000,6686,11143,6200000,2720
3,31,620000,620000,6686,11143,640000,277
3,310,6200000,6200000,6686,11143,6220000,2729
3,311,6220000,6220000,6686,11143,6240000,2737
3,312,6240000,6240000,6686,11143,6260000,2745
3,313,6260000,6260000,6686,11143,6280000,2756
3,314,6280000,6280000,6686,11143,6300000,2762
3,315,6300000,6300000,6686,11143,6320000,2771
3,316,6320000,6320000,6686,11143,6340000,2783
3,317,6340000,6340000,6686,11143,6360000,2789
3,318,6360000,6360000,6686,11143,6380000,2798
3,319,6380000,6380000,6686,11143,6400000,2807
3,32,640000,640000,6686,11143,660000,284
3,320,6400000,6400000,6686,11143,6420000,2816
3,321,6420000,6420000,6686,11143,6440000,2825
3,322,6440000,6440000,6686,11143,6460000,2834
3,323,6460000,6460000,6686,11143,6480000,2842
3,324,6480000,6480000,6686,11143,6500000,2852
3,325,6500000,6500000,6686,11143,6520000,2861
3,326,6520000,6520000,6686,11143,6540000,2867
3,327,6540000,6540000,6686,11143,6560000,2878
3,328,6560000,6560000,6686,11143,6580000,2886
3,329,6580000,6580000,6686,11143,6600000,2894
3,33,660000,660000,6686,11143,680000,295
3,330,6600000,6600000,6686,11143,6620000,2905
3,331,6620000,6620000,6686,11143,6640000,2912
3,332,6640000,6640000,6686,11143,6660000,2923
3,333,6660000,6660000,6686,11143,6680000,2930
3,334,6680000,6680000,6686,11143,6700000,2939
3,335,6700000,6700000,6686,11143,6720000,2947
3,336,6720000,6720000,6686,11143,6740000,2957
3,337,6740000,6740000,6686,11143,6760000,2966
3,338,6760000,6760000,6686,11143,6780000,2974
3,339,6780000,6780000,6686,11143,6800000,2983
3,34,680000,680000,6686,11143,700000,302
3,340,6800000,6800000,6686,11143,6820000,2991
3,341,6820000,6820000,6686,11143,6840000,3001
3,342,6840000,6840000,6686,11143,6860000,3008
3,343,6860000,6860000,6686,11143,6880000,3019
3,344,6880000,6880000,6686,11143,6900000,3028
3,345,6900000,6900000,6686,11143,6920000,3035
3,346,6920000,6920000,6686,11143,6940000,3046
3,347,6940000,6940000,6686,11143,6960000,3052
3,348,6960000,6960000,6686,11143,6980000,3062
3,349,6980000,6980000,6686,11143,7000000,3071
3,35,700000,700000,6686,11143,720000,312
3,350,7000000,7000000,6686,11143,7020000,3079
3,351,7020000,7020000,6686,11143,7040000,3088
3,352,7040000,7040000,6686,11143,7060000,3098
3,353,7060000,7060000,6686,11143,7080000,3106
3,354,7080000,7080000,6686,11143,7100000,3115
3,355,7100000,7100000,6686,11143,7120000,3124
3,356,7120000,7120000,6686,11143,7140000,3131
3,357,7140000,7140000,6686,11143,7160000,3142
3,358,7160000,7160000,6686,11143,7180000,3151
3,359,7180000,7180000,6686,11143,7200000,3157
3,36,720000,720000,6686,11143,740000,322
3,360,7200000,7200000,6686,11143,7220000,3169
3,361,7220000,7220000,6686,11143,7240000,3176
3,362,7240000,7240000,6686,11143,7260000,3184
3,363,7260000,7260000,6686,11143,7280000,3193
3,364,7280000,7280000,6686,11143,7300000,3203
3,365,7300000,7300000,6686,11143,7320000,3213
3,366,7320000,7320000,6686,11143,7340000,3220
3,367,7340000,7340000,6686,11143,7360000,3229
3,368,7360000,7360000,6686,11143,7380000,3238
3,369,7380000,7380000,6686,11143,7400000,3247
3,37,740000,740000,6686,11143,760000,329
3,370,7400000,7400000,6686,11143,7420000,3254
3,371,7420000,7420000,6686,11143,7440000,3264
3,372,7440000,7440000,6686,11143,7460000,3274
3,373,7460000,7460000,6686,11143,7480000,3281
3,374,7480000,7480000,6686,11143,7500000,3291
3,375,7500000,7500000,6686,11143,7520000,3298
3,376,7520000,7520000,6686,11143,7540000,3310
3,377,7540000,7540000,6686,11143,7560000,3316
3,378,7560000,7560000,6686,11143,7580000,3325
3,379,7580000,7580000,6686,11143,7600000,3336
3,38,760000,760000,6686,11143,780000,339
3,380,7600000,7600000,6686,11143,7620000,3343
3,381,7620000,7620000,6686,11143,7640000,3352
3,382,7640000,7640000,6686,11143,7660000,3361
3,383,7660000,7660000,6686,11143,7680000,3369
3,384,7680000,7680000,6686,11143,7700000,3377
3,385,7700000,7700000,6686,11143,7720000,3388
3,386,7720000,7720000,6686,11143,7740000,3396
3,387,7740000,7740000,6686,11143,7760000,3405
3,388,7760000,7760000,6686,11143,7780000,3415
3,389,7780000,7780000,6686,11143,7800000,3421
3,39,780000,780000,6686,11143,800000,346
3,390,7800000,7800000,6686,11143,7820000,3432
3,391,7820000,7820000,6686,11143,7840000,3439
3,392,7840000,7840000,6686,11143,7860000,3448
3,393,7860000,7860000,6686,11143,7880000,3459
3,394,7880000,7880000,6686,11143,7900000,3466
3,395,7900000,7900000,6686,11143,7920000,3474
3,396,7920000,7920000,6686,11143,7940000,3484
3,397,7940000,7940000,6686,11143,7960000,3493
3,398,7960000,7960000,6686,11143,7980000,3501
3,399,7980000,7980000,6686,11143,8000000,3510
3,4,80000,80000,6686,11143,100000,39
3,40,800000,800000,6686,11143,820000,356
3,400,8000000,8000000,6686,11143,8020000,3520
3,401,8020000,8020000,6686,11143,8040000,3528
3,402,8040000,8040000,6686,11143,8060000,3537
3,403,8060000,8060000,6686,11143,8080000,3544
3,404,8080000,8080000,6686,11143,8100000,3555
3,405,8100000,8100000,6686,11143,8120000,3562
3,406,8120000,8120000,6686,11143,8140000,3571
3,407,8140000,8140000,6686,11143,8160000,3581
3,408,8160000,8160000,6686,11143,8180000,3589
3,409,8180000,8180000,6686,11143,8200000,3600
3,41,820000,820000,6686,11143,840000,364
3,410,8200000,8200000,6686,11143,8220000,3606
3,411,8220000,8220000,6686,11143,8240000,3615
3,412,8240000,8240000,6686,11143,8260000,3625
3,413,8260000,8260000,6686,11143,8280000,3633
3,414,8280000,8280000,6686,11143,8300000,3642
3,415,8300000,8300000,6686,11143,8320000,3651
3,416,8320000,8320000,6686,11143,8340000,3660
3,417,8340000,8340000,6686,11143,8360000,3667
3,418,8360000,8360000,6686,11143,8380000,3678
3,419,8380000,8380000,6686,11143,8400000,3684
3,42,840000,840000,6686,11143,860000,373
3,420,8400000,8400000,6686,11143,8420000,3696
3,421,8420000,8420000,6686,11143,8440000,3705
3,422,8440000,8440000,6686,11143,8460000,3711
3,423,8460000,8460000,6686,11143,8480000,3722
3,424,8480000,8480000,6686,11143,8500000,3730
3,425,8500000,8500000,6686,11143,8520000,3738
3,426,8520000,8520000,6686,11143,8540000,3747
3,427,8540000,8540000,6686,11143,8560000,3756
3,428,8560000,8560000,6686,11143,8580000,3765
3,429,8580000,8580000,6686,11143,8600000,3774
3,43,860000,860000,6686,11143,880000,382
3,430,8600000,8600000,6686,11143,8620000,3783
3,431,8620000,8620000,6686,11143,8640000,3791
3,432,8640000,8640000,6686,11143,8660000,3801
3,433,8660000,8660000,6686,11143,8680000,3808
3,434,8680000,8680000,6686,11143,8700000,3818
3,435,8700000,8700000,6686,11143,8720000,3827
3,436,8720000,8720000,6686,11143,8740000,3835
3,437,8740000,8740000,6686,11143,8760000,3845
3,438,8760000,8760000,6686,11143,8780000,3852
3,439,8780000,8780000,6686,11143,8800000,3861
3,44,880000,880000,6686,11143,900000,391
3,440,8800000,8800000,6686,11143,8820000,3870
3,441,8820000,8820000,6686,11143,8840000,3879
3,442,8840000,8840000,6686,11143,8860000,3890
3,443,8860000,8860000,6686,11143,8880000,3896
3,444,8880000,8880000,6686,11143,8900000,3906
3,445,8900000,8900000,6686,11143,8920000,3915
3,446,8920000,8920000,6686,11143,8940000,3923
3,447,8940000,8940000,6686,11143,8960000,3930
3,448,8960000,8960000,6686,11143,8980000,3942
3,449,8980000,8980000,6686,11143,9000000,3950
3,45,900000,900000,6686,11143,920000,400
3,450,9000000,9000000,6686,11143,9020000,3957
3,451,9020000,9020000,6686,11143,9040000,3968
3,452,9040000,9040000,6686,11143,9060000,3975
3,453,9060000,9060000,6686,11143,9080000,3986
3,454,9080000,9080000,6686,11143,9100000,3993
3,455,9100000,9100000,6686,11143,9120000,4001
3,456,9120000,9120000,6686,11143,9140000,4013
3,457,9140000,9140000,6686,11143,9160000,4020
3,458,9160000,9160000,6686,11143,9180000,4028
3,459,9180000,9180000,6686,11143,9200000,4037
3,46,920000,920000,6686,11143,940000,409
3,460,9200000,9200000,6686,11143,9220000,4047
3,461,9220000,9220000,6686,11143,9240000,4053
3,462,9240000,9240000,6686,11143,9260000,4064
3,463,9260000,9260000,6686,11143,9280000,4073
3,464,9280000,9280000,6686,11143,9300000,4082
3,465,9300000,9300000,6686,11143,9320000,4091
3,466,9320000,9320000,6686,11143,9340000,4098
3,467,9340000,9340000,6686,11143,9360000,4108
3,468,9360000,9360000,6686,11143,9380000,4116
3,469,9380000,9380000,6686,11143,9400000,4125
3,47,940000,940000,6686,11143,960000,417
3,470,9400000,9400000,6686,11143,9420000,4135
3,471,9420000,9420000,6686,11143,9440000,4142
3,472,9440000,9440000,6686,11143,9460000,4152
3,473,9460000,9460000,6686,11143,9480000,4160
3,474,9480000,9480000,6686,11143,9500000,4169
3,475,9500000,9500000,6686,11143,9520000,4178
3,476,9520000,9520000,6686,11143,9540000,4187
3,477,9540000,9540000,6686,11143,9560000,4196
3,478,9560000,9560000,6686,11143,9580000,4205
3,479,9580000,9580000,6686,11143,9600000,4213
3,48,960000,960000,6686,11143,980000,425
3,480,9600000,9600000,6686,11143,9620000,4221
3,481,9620000,9620000,6686,11143,9640000,4232
3,482,9640000,9640000,6686,11143,9660000,4238
3,483,9660000,9660000,6686,11143,9680000,4247
3,484,9680000,9680000,6686,11143,9700000,4259
3,485,9700000,9700000,6686,11143,9720000,4265
3,486,9720000,9720000,6686,11143,9740000,4276
3,487,9740000,9740000,6686,11143,9760000,4283
3,488,9760000,9760000,6686,11143,9780000,4292
3,489,9780000,9780000,6686,11143,9800000,4301
3,49,980000,980000,6686,11143,1000000,436
3,490,9800000,9800000,6686,11143,9820000,4310
3,491,9820000,9820000,6686,11143,9840000,4318
3,492,9840000,9840000,6686,11143,9860000,4328
3,493,9860000,9860000,6686,11143,9880000,4337
3,494,9880000,9880000,6686,11143,9900000,4343
3,495,9900000,9900000,6686,11143,9920000,4354
3,496,9920000,9920000,6686,11143,9940000,4362
3,497,9940000,9940000,6686,11143,9960000,4372
3,498,9960000,9960000,6686,11143,9980000,4381
3,499,9980000,9980000,6686,11143,10000000,4388
3,5,100000,100000,6686,11143,120000,49
3,50,1000000,1000000,6686,11143,1020000,444
3,500,10000000,10000000,6686,11143,10020000,4399
3,501,10020000,10020000,6686,11143,10040000,4406
3,502,10040000,10040000,6686,11143,10060000,4415
3,503,10060000,10060000,6686,11143,10080000,4423
3,504,10080000,10080000,6686,11143,10100000,4433
3,505,10100000,10100000,6686,11143,10120000,4442
3,506,10120000,10120000,6686,11143,10140000,4450
3,507,10140000,10140000,6686,11143,10160000,4459
3,508,10160000,10160000,6686,11143,10180000,4469
3,509,10180000,10180000,6686,11143,10200000,4477
3,51,1020000,1020000,6686,11143,1040000,451
3,510,10200000,10200000,6686,11143,10220000,4484
3,511,10220000,10220000,6686,11143,10240000,4495
3,512,10240000,10240000,6686,11143,10260000,4504
3,513,10260000,10260000,6686,11143,10280000,4511
3,514,10280000,10280000,6686,11143,10300000,4522
3,515,10300000,10300000,6686,11143,10320000,4528
3,516,10320000,10320000,6686,11143,10340000,4538
3,517,10340000,10340000,6686,11143,10360000,4547
3,518,10360000,10360000,6686,11143,10380000,4555
3,519,10380000,10380000,6686,11143,10400000,4566
3,52,1040000,1040000,6686,11143,1060000,463
3,520,10400000,10400000,6686,11143,10420000,4574
3,521,10420000,10420000,6686,11143,10440000,4582
3,522,10440000,10440000,6686,11143,10460000,4591
3,523,10460000,10460000,6686,11143,10480000,4600
3,524,10480000,10480000,6686,11143,10500000,4607
3,525,10500000,10500000,6686,11143,10520000,4618
3,526,10520000,10520000,6686,11143,10540000,4627
3,527,10540000,10540000,6686,11143,10560000,4633
3,528,10560000,10560000,6686,11143,10580000,4645
3,529,10580000,10580000,6686,11143,10600000,4652
3,53,1060000,1060000,6686,11143,1080000,469
3,530,10600000,10600000,6686,11143,10620000,4662
3,531,10620000,10620000,6686,11143,10640000,4669
3,532,10640000,10640000,6686,11143,10660000,4679
3,533,10660000,10660000,6686,11143,10680000,4689
3,534,10680000,10680000,6686,11143,10700000,4696
3,535,10700000,10700000,6686,11143,10720000,4705
3,536,10720000,10720000,6686,11143,10740000,4714
3,537,10740000,10740000,6686,11143,10760000,4723
3,538,10760000,10760000,6686,11143,10780000,4730
3,539,10780000,10780000,6686,11143,10800000,4740
3,54,1080000,1080000,6686,11143,1100000,478
3,540,10800000,10800000,6686,11143,10820000,4750
3,541,10820000,10820000,6686,11143,10840000,4759
3,542,10840000,10840000,6686,11143,10860000,4767
3,543,10860000,10860000,6686,11143,10880000,4774
3,544,10880000,10880000,6686,11143,10900000,4786
3,545,10900000,10900000,6686,11143,10920000,4792
3,546,10920000,10920000,6686,11143,10940000,4801
3,547,10940000,10940000,6686,11143,10960000,4812
3,548,10960000,10960000,6686,11143,10980000,4819
3,549,10980000,10980000,6686,11143,11000000,4828
3,55,1100000,1100000,6686,11143,1120000,487
3,550,11000000,11000000,6686,11143,11020000,4837
3,551,11020000,11020000,6686,11143,11040000,4845
3,552,11040000,11040000,6686,11143,11060000,4855
3,553,11060000,11060000,6686,11143,11080000,4864
3,554,11080000,11080000,6686,11143,11100000,4872
3,555,11100000,11100000,6686,11143,11120000,4881
3,556,11120000,11120000,6686,11143,11140000,4891
3,557,11140000,11140000,6686,11143,11160000,4897
3,558,11160000,11160000,6686,11143,11180000,4908
3,559,11180000,11180000,6686,11143,11200000,4915
3,56,1120000,1120000,6686,11143,1140000,496
3,560,11200000,11200000,6686,11143,11220000,4924
3,561,11220000,11220000,6686,11143,11240000,4935
3,562,11240000,11240000,6686,11143,11260000,4942
3,563,11260000,11260000,6686,11143,11280000,4952
3,564,11280000,11280000,6686,11143,11300000,4960
3,565,11300000,11300000,6686,11143,11320000,4969
3,566,11320000,11320000,6686,11143,11340000,4977
3,567,11340000,11340000,6686,11143,11360000,4986
3,568,11360000,11360000,6686,11143,11380000,4996
3,569,11380000,11380000,6686,11143,11400000,5004
3,57,1140000,1140000,6686,11143,1160000,507
3,570,11400000,11400000,6686,11143,11420000,5013
3,571,11420000,11420000,6686,11143,11440000,5020
3,572,11440000,11440000,6686,11143,11460000,5031
3,573,11460000,11460000,6686,11143,11480000,5038
3,574,11480000,11480000,6686,11143,11500000,5049
3,575,11500000,11500000,6686,11143,11520000,5057
3,576,11520000,11520000,6686,11143,11540000,5065
3,577,11540000,11540000,6686,11143,11560000,5076
3,578,11560000,11560000,6686,11143,11580000,5082
3,579,11580000,11580000,6686,11143,11600000,5091
3,58,1160000,1160000,6686,11143,1180000,514
3,580,11600000,11600000,6686,11143,11620000,5101
3,581,11620000,11620000,6686,11143,11640000,5109
3,582,11640000,11640000,6686,11143,11660000,5118
3,583,11660000,11660000,6686,11143,11680000,5127
3,584,11680000,11680000,6686,11143,11700000,5136
3,585,11700000,11700000,6686,11143,11720000,5145
3,586,11720000,11720000,6686,11143,11740000,5154
3,587,11740000,11740000,6686,11143,11760000,5160
3,588,11760000,11760000,6686,11143,11780000,5172
3,589,11780000,11780000,6686,11143,11800000,5181
3,59,1180000,1180000,6686,11143,1200000,522
3,590,11800000,11800000,6686,11143,11820000,5187
3,591,11820000,11820000,6686,11143,11840000,5198
3,592,11840000,11840000,6686,11143,11860000,5206
3,593,11860000,11860000,6686,11143,11880000,5214
3,594,11880000,11880000,6686,11143,11900000,5223
3,595,11900000,11900000,6686,11143,11920000,5232
3,596,11920000,11920000,6686,11143,11940000,5243
3,597,11940000,11940000,6686,11143,11960000,5250
3,598,11960000,11960000,6686,11143,11980000,5259
3,599,11980000,11980000,6686,11143,12000000,5267
3,6,120000,120000,6686,11143,140000,56
3,60,1200000,1200000,6686,11143,1220000,532
3,600,12000000,12000000,6686,11143,12020000,5277
3,601,12020000,12020000,6686,11143,12040000,5284
3,602,12040000,12040000,6686,11143,12060000,5294
3,603,12060000,12060000,6686,11143,12080000,5303
3,604,12080000,12080000,6686,11143,12100000,5311
3,605,12100000,12100000,6686,11143,12120000,5321
3,606,12120000,12120000,6686,11143,12140000,5328
3,607,12140000,12140000,6686,11143,12160000,5339
3,608,12160000,12160000,6686,11143,12180000,5346
3,609,12180000,12180000,6686,11143,12200000,5355
3,61,1220000,1220000,6686,11143,1240000,541
3,610,12200000,12200000,6686,11143,12220000,5366
3,611,12220000,12220000,6686,11143,12240000,5372
3,612,12240000,12240000,6686,11143,12260000,5382
3,613,12260000,12260000,6686,11143,12280000,5391
3,614,12280000,12280000,6686,11143,12300000,5399
3,615,12300000,12300000,6686,11143,12320000,5406
3,616,12320000,12320000,6686,11143,12340000,5418
3,617,12340000,12340000,6686,11143,12360000,5426
3,618,12360000,12360000,6686,11143,12380000,5435
3,619,12380000,12380000,6686,11143,12400000,5444
3,62,1240000,1240000,6686,11143,1260000,547
3,620,12400000,12400000,6686,11143,12420000,5451
3,621,12420000,12420000,6686,11143,12440000,5462
3,622,12440000,12440000,6686,11143,12460000,5469
3,623,12460000,12460000,6686,11143,12480000,5477
3,624,12480000,12480000,6686,11143,12500000,5489
3,625,12500000,12500000,6686,11143,12520000,5496
3,626,12520000,12520000,6686,11143,12540000,5504
3,627,12540000,12540000,6686,11143,12560000,5513
3,628,12560000,12560000,6686,11143,12580000,5523
3,629,12580000,12580000,6686,11143,12600000,5531
3,63,1260000,1260000,6686,11143,1280000,558
3,630,12600000,12600000,6686,11143,12620000,5540
3,631,12620000,12620000,6686,11143,12640000,5549
3,632,12640000,12640000,6686,11143,12660000,5558
3,633,12660000,12660000,6686,11143,12680000,5567
3,634,12680000,12680000,6686,11143,12700000,5574
3,635,12700000,12700000,6686,11143,12720000,5584
3,636,12720000,12720000,6686,11143,12740000,5592
3,637,12740000,12740000,6686,11143,12760000,5601
3,638,12760000,12760000,6686,11143,12780000,5611
3,639,12780000,12780000,6686,11143,12800000,5618
3,64,1280000,1280000,6686,11143,1300000,568
3,640,12800000,12800000,6686,11143,12820000,5630
3,641,12820000,12820000,6686,11143,12840000,5636
3,642,12840000,12840000,6686,11143,12860000,5645
3,643,12860000,12860000,6686,11143,12880000,5654
3,644,12880000,12880000,6686,11143,12900000,5663
3,645,12900000,12900000,6686,11143,12920000,5672
3,646,12920000,12920000,6686,11143,12940000,5681
3,647,12940000,12940000,6686,11143,12960000,5689
3,648,12960000,12960000,6686,11143,12980000,5697
3,649,12980000,12980000,6686,11143,13000000,5708
3,65,1300000,1300000,6686,11143,1320000,574
3,650,13000000,13000000,6686,11143,13020000,5714
3,651,13020000,13020000,6686,11143,13040000,5725
3,652,13040000,13040000,6686,11143,13060000,5735
3,653,13060000,13060000,6686,11143,13080000,5741
3,654,13080000,13080000,6686,11143,13100000,5752
3,655,13100000,13100000,6686,11143,13120000,5759
3,656,13120000,13120000,6686,11143,13140000,5768
3,657,13140000,13140000,6686,11143,13160000,5777
3,658,13160000,13160000,6686,11143,13180000,5786
3,659,13180000,13180000,6686,11143,13200000,5794
3,66,1320000,1320000,6686,11143,1340000,585
3,660,13200000,13200000,6686,11143,13220000,5804
3,661,13220000,13220000,6686,11143,13240000,5813
3,662,13240000,13240000,6686,11143,13260000,5821
3,663,13260000,13260000,6686,11143,13280000,5830
3,664,13280000,13280000,6686,11143,13300000,5838
3,665,13300000,13300000,6686,11143,13320000,5848
3,666,13320000,13320000,6686,11143,13340000,5857
3,667,13340000,13340000,6686,11143,13360000,5864
3,668,13360000,13360000,6686,11143,13380000,5875
3,669,13380000,13380000,6686,11143,13400000,5882
3,67,1340000,1340000,6686,11143,1360000,592
3,670,13400000,13400000,6686,11143,13420000,5891
3,671,13420000,13420000,6686,11143,13440000,5899
3,672,13440000,13440000,6686,11143,13460000,5909
3,673,13460000,13460000,6686,11143,13480000,5920
3,674,13480000,13480000,6686,11143,13500000,5926
3,675,13500000,13500000,6686,11143,13520000,5935
3,676,13520000,13520000,6686,11143,13540000,5945
3,677,13540000,13540000,6686,11143,13560000,5953
3,678,13560000,13560000,6686,11143,13580000,5960
3,679,13580000,13580000,6686,11143,13600000,5971
3,68,1360000,1360000,6686,11143,1380000,603
3,680,13600000,13600000,6686,11143,13620000,5980
3,681,13620000,13620000,6686,11143,13640000,5987
3,682,13640000,13640000,6686,11143,13660000,5998
3,683,13660000,13660000,6686,11143,13680000,6004
3,684,13680000,13680000,6686,11143,13700000,6016
3,685,13700000,13700000,6686,11143,13720000,6023
3,686,13720000,13720000,6686,11143,13740000,6031
3,687,13740000,13740000,6686,11143,13760000,6042
3,688,13760000,13760000,6686,11143,13780000,6050
3,689,13780000,13780000,6686,11143,13800000,6058
3,69,1380000,1380000,6686,11143,1400000,610
3,690,13800000,13800000,6686,11143,13820000,6067
3,691,13820000,13820000,6686,11143,13840000,6076
3,692,13840000,13840000,6686,11143,13860000,6083
3,693,13860000,13860000,6686,11143,13880000,6094
3,694,13880000,13880000,6686,11143,13900000,6103
3,695,13900000,13900000,6686,11143,13920000,6111
3,696,13920000,13920000,6686,11143,13940000,6121
3,697,13940000,13940000,6686,11143,13960000,6128
3,698,13960000,13960000,6686,11143,13980000,6138
3,699,13980000,13980000,6686,11143,14000000,6145
3,7,140000,140000,6686,11143,160000,65
3,70,1400000,1400000,6686,11143,1420000,619
3,700,14000000,14000000,6686,11143,14020000,6155
3,701,14020000,14020000,6686,11143,14040000,6165
3,702,14040000,14040000,6686,11143,14060000,6172
3,703,14060000,14060000,6686,11143,14080000,6181
3,704,14080000,14080000,6686,11143,14100000,6190
3,705,14100000,14100000,6686,11143,14120000,6199
3,706,14120000,14120000,6686,11143,14140000,6208
3,707,14140000,14140000,6686,11143,14160000,6216
3,708,14160000,14160000,6686,11143,14180000,6226
3,709,14180000,14180000,6686,11143,14200000,6235
3,71,1420000,1420000,6686,11143,1440000,629
3,710,14200000,14200000,6686,11143,14220000,6243
3,711,14220000,14220000,6686,11143,14240000,6250
3,712,14240000,14240000,6686,11143,14260000,6262
3,713,14260000,14260000,6686,11143,14280000,6268
3,714,14280000,14280000,6686,11143,14300000,6277
3,715,14300000,14300000,6686,11143,14320000,6288
3,716,14320000,14320000,6686,11143,14340000,6295
3,717,14340000,14340000,6686,11143,14360000,6306
3,718,14360000,14360000,6686,11143,14380000,6313
3,719,14380000,14380000,6686,11143,14400000,6321
3,72,1440000,1440000,6686,11143,1460000,637
3,720,14400000,14400000,6686,11143,14420000,6331
3,721,14420000,14420000,6686,11143,14440000,6340
3,722,14440000,14440000,6686,11143,14460000,6348
3,723,14460000,14460000,6686,11143,14480000,6357
3,724,14480000,14480000,6686,11143,14500000,6367
3,725,14500000,14500000,6686,11143,14520000,6373
3,726,14520000,14520000,6686,11143,14540000,6384
3,727,14540000,14540000,6686,11143,14560000,6391
3,728,14560000,14560000,6686,11143,14580000,6402
3,729,14580000,14580000,6686,11143,14600000,6411
3,73,1460000,1460000,6686,11143,1480000,646
3,730,14600000,14600000,6686,11143,14620000,6418
3,731,14620000,14620000,6686,11143,14640000,6428
3,732,14640000,14640000,6686,11143,14660000,6436
3,733,14660000,14660000,6686,11143,14680000,6445
3,734,14680000,14680000,6686,11143,14700000,6453
3,735,14700000,14700000,6686,11143,14720000,6462
3,736,14720000,14720000,6686,11143,14740000,6472
3,737,14740000,14740000,6686,11143,14760000,6480
3,738,14760000,14760000,6686,11143,14780000,6489
3,739,14780000,14780000,6686,11143,14800000,6498
3,74,1480000,1480000,6686,11143,1500000,654
3,740,14800000,14800000,6686,11143,14820000,6507
3,741,14820000,14820000,6686,11143,14840000,6514
3,742,14840000,14840000,6686,11143,14860000,6525
3,743,14860000,14860000,6686,11143,14880000,6533
3,744,14880000,14880000,6686,11143,14900000,6541
3,745,14900000,14900000,6686,11143,14920000,6552
3,746,14920000,14920000,6686,11143,14940000,6558
3,747,14940000,14940000,6686,11143,14960000,6567
3,748,14960000,14960000,6686,11143,14980000,6577
3,749,14980000,14980000,6686,11143,15000000,6585
3,75,1500000,1500000,6686,11143,1520000,663
3,750,15000000,15000000,6686,11143,15020000,6596
3,751,15020000,15020000,6686,11143,15040000,6603
3,752,15040000,15040000,6686,11143,15060000,6612
3,753,15060000,15060000,6686,11143,15080000,6621
3,754,15080000,15080000,6686,11143,15100000,6630
3,755,15100000,15100000,6686,11143,15120000,6636
3,756,15120000,15120000,6686,11143,15140000,6648
3,757,15140000,15140000,6686,11143,15160000,6657
3,758,15160000,15160000,6686,11143,15180000,6663
3,759,15180000,15180000,6686,11143,15200000,6674
3,76,1520000,1520000,6686,11143,1540000,671
3,760,15200000,15200000,6686,11143,15220000,6682
3,761,15220000,15220000,6686,11143,15240000,6692
3,762,15240000,15240000,6686,11143,15260000,6699
3,763,15260000,15260000,6686,11143,15280000,6708
3,764,15280000,15280000,6686,11143,15300000,6719
3,765,15300000,15300000,6686,11143,15320000,6726
3,766,15320000,15320000,6686,11143,15340000,6735
3,767,15340000,15340000,6686,11143,15360000,6743
3,768,15360000,15360000,6686,11143,15380000,6753
3,769,15380000,15380000,6686,11143,15400000,6760
3,77,1540000,1540000,6686,11143,1560000,681
3,770,15400000,15400000,6686,11143,15420000,6770
3,771,15420000,15420000,6686,11143,15440000,6779
3,772,15440000,15440000,6686,11143,15460000,6789
3,773,15460000,15460000,6686,11143,15480000,6797
3,774,15480000,15480000,6686,11143,15500000,6804
3,775,15500000,15500000,6686,11143,15520000,6815
3,776,15520000,15520000,6686,11143,15540000,6822
3,777,15540000,15540000,6686,11143,15560000,6831
3,778,15560000,15560000,6686,11143,15580000,6842
3,779,15580000,15580000,6686,11143,15600000,6848
3,78,1560000,1560000,6686,11143,1580000,690
3,780,15600000,15600000,6686,11143,15620000,6858
3,781,15620000,15620000,6686,11143,15640000,6867
3,782,15640000,15640000,6686,11143,15660000,6875
3,783,15660000,15660000,6686,11143,15680000,6884
3,784,15680000,15680000,6686,11143,15700000,6894
3,785,15700000,15700000,6686,11143,15720000,6902
3,786,15720000,15720000,6686,11143,15740000,6911
3,787,15740000,15740000,6686,11143,15760000,6920
3,788,15760000,15760000,6686,11143,15780000,6927
3,789,15780000,15780000,6686,11143,15800000,6938
3,79,1580000,1580000,6686,11143,1600000,699
3,790,15800000,15800000,6686,11143,15820000,6945
3,791,15820000,15820000,6686,11143,15840000,6953
3,792,15840000,15840000,6686,11143,15860000,6965
3,793,15860000,15860000,6686,11143,15880000,6972
3,794,15880000,15880000,6686,11143,15900000,6982
3,795,15900000,15900000,6686,11143,15920000,6989
3,796,15920000,15920000,6686,11143,15940000,6999
3,797,15940000,15940000,6686,11143,15960000,7007
3,798,15960000,15960000,6686,11143,15980000,7016
3,799,15980000,15980000,6686,11143,16000000,7025
3,8,160000,160000,6686,11143,180000,76
3,80,1600000,1600000,6686,11143,1620000,708
3,800,16000000,16000000,6686,11143,16020000,7034
3,801,16020000,16020000,6686,11143,16040000,7043
3,802,16040000,16040000,6686,11143,16060000,7050
3,803,16060000,16060000,6686,11143,16080000,7060
3,804,16080000,16080000,6686,11143,16100000,7068
3,805,16100000,16100000,6686,11143,16120000,7079
3,806,16120000,16120000,6686,11143,16140000,7087
3,807,16140000,16140000,6686,11143,16160000,7094
3,808,16160000,16160000,6686,11143,16180000,7106
3,809,16180000,16180000,6686,11143,16200000,7112
3,81,1620000,1620000,6686,11143,1640000,715
3,810,16200000,16200000,6686,11143,16220000,7121
3,811,16220000,16220000,6686,11143,16240000,7130
3,812,16240000,16240000,6686,11143,16260000,7139
3,813,16260000,16260000,6686,11143,16280000,7148
3,814,16280000,16280000,6686,11143,16300000,7157
3,815,16300000,16300000,6686,11143,16320000,7165
3,816,16320000,16320000,6686,11143,16340000,7175
3,817,16340000,16340000,6686,11143,16360000,7184
3,818,16360000,16360000,6686,11143,16380000,7190
3,819,16380000,16380000,6686,11143,16400000,7201
3,82,1640000,1640000,6686,11143,1660000,726
3,820,16400000,16400000,6686,11143,16420000,7211
3,821,16420000,16420000,6686,11143,16440000,7217
3,822,16440000,16440000,6686,11143,16460000,7228
3,823,16460000,16460000,6686,11143,16480000,7235
3,824,16480000,16480000,6686,11143,16500000,7244
3,825,16500000,16500000,6686,11143,16520000,7253
3,826,16520000,16520000,6686,11143,16540000,7262
3,827,16540000,16540000,6686,11143,16560000,7272
3,828,16560000,16560000,6686,11143,16580000,7280
3,829,16580000,16580000,6686,11143,16600000,7289
3,83,1660000,1660000,6686,11143,1680000,732
3,830,16600000,16600000,6686,11143,16620000,7297
3,831,16620000,16620000,6686,11143,16640000,7306
3,832,16640000,16640000,6686,11143,16660000,7314
3,833,16660000,16660000,6686,11143,16680000,7324
3,834,16680000,16680000,6686,11143,16700000,7333
3,835,16700000,16700000,6686,11143,16720000,7340
3,836,16720000,16720000,6686,11143,16740000,7351
3,837,16740000,16740000,6686,11143,16760000,7358
3,838,16760000,16760000,6686,11143,16780000,7369
3,839,16780000,16780000,6686,11143,16800000,7375
3,84,1680000,1680000,6686,11143,1700000,742
3,840,16800000,16800000,6686,11143,16820000,7385
3,841,16820000,16820000,6686,11143,16840000,7396
3,842,16840000,16840000,6686,11143,16860000,7402
3,843,16860000,16860000,6686,11143,16880000,7411
3,844,16880000,16880000,6686,11143,16900000,7421
3,845,16900000,16900000,6686,11143,16920000,7429
3,846,16920000,16920000,6686,11143,16940000,7436
3,847,16940000,16940000,6686,11143,16960000,7447
3,848,16960000,16960000,6686,11143,16980000,7456
3,849,16980000,16980000,6686,11143,17000000,7465
3,85,1700000,1700000,6686,11143,1720000,753
3,850,17000000,17000000,6686,11143,17020000,7474
3,851,17020000,17020000,6686,11143,17040000,7480
3,852,17040000,17040000,6686,11143,17060000,7492
3,853,17060000,17060000,6686,11143,17080000,7499
3,854,17080000,17080000,6686,11143,17100000,7507
3,855,17100000,17100000,6686,11143,17120000,7518
3,856,17120000,17120000,6686,11143,17140000,7526
3,857,17140000,17140000,6686,11143,17160000,7534
3,858,17160000,17160000,6686,11143,17180000,7543
3,859,17180000,17180000,6686,11143,17200000,7552
3,86,1720000,1720000,6686,11143,1740000,759
3,860,17200000,17200000,6686,11143,17220000,7561
3,861,17220000,17220000,6686,11143,17240000,7570
3,862,17240000,17240000,6686,11143,17260000,7579
3,863,17260000,17260000,6686,11143,17280000,7587
3,864,17280000,17280000,6686,11143,17300000,7597
3,865,17300000,17300000,6686,11143,17320000,7604
3,866,17320000,17320000,6686,11143,17340000,7614
3,867,17340000,17340000,6686,11143,17360000,7621
3,868,17360000,17360000,6686,11143,17380000,7631
3,869,17380000,17380000,6686,11143,17400000,7641
3,87,1740000,1740000,6686,11143,1760000,768
3,870,17400000,17400000,6686,11143,17420000,7648
3,871,17420000,17420000,6686,11143,17440000,7659
3,872,17440000,17440000,6686,11143,17460000,7666
3,873,17460000,17460000,6686,11143,17480000,7675
3,874,17480000,17480000,6686,11143,17500000,7684
3,875,17500000,17500000,6686,11143,17520000,7692
3,876,17520000,17520000,6686,11143,17540000,7702
3,877,17540000,17540000,6686,11143,17560000,7711
3,878,17560000,17560000,6686,11143,17580000,7719
3,879,17580000,17580000,6686,11143,17600000,7726
3,88,1760000,1760000,6686,11143,1780000,778
3,880,17600000,17600000,6686,11143,17620000,7738
3,881,17620000,17620000,6686,11143,17640000,7744
3,882,17640000,17640000,6686,11143,17660000,7755
3,883,17660000,17660000,6686,11143,17680000,7764
3,884,17680000,17680000,6686,11143,17700000,7771
3,885,17700000,17700000,6686,11143,17720000,7782
3,886,17720000,17720000,6686,11143,17740000,7789
3,887,17740000,17740000,6686,11143,17760000,7797
3,888,17760000,17760000,6686,11143,17780000,7807
3,889,17780000,17780000,6686,11143,17800000,7816
3,89,1780000,1780000,6686,11143,1800000,786
3,890,17800000,17800000,6686,11143,17820000,7824
3,891,17820000,17820000,6686,11143,17840000,7833
3,892,17840000,17840000,6686,11143,17860000,7843
3,893,17860000,17860000,6686,11143,17880000,7851
3,894,17880000,17880000,6686,11143,17900000,7860
3,895,17900000,17900000,6686,11143,17920000,7867
3,896,17920000,17920000,6686,11143,17940000,7878
3,897,17940000,17940000,6686,11143,17960000,7887
3,898,17960000,17960000,6686,11143,17980000,7894
3,899,17980000,17980000,6686,11143,18000000,7904
3,9,180000,180000,6686,11143,200000,83
3,90,1800000,1800000,6686,11143,1820000,795
3,900,18000000,18000000,6686,11143,18020000,7912
3,901,18020000,18020000,6686,11143,18040000,7921
3,902,18040000,18040000,6686,11143,18060000,7929
3,903,18060000,18060000,6686,11143,18080000,7938
3,904,18080000,18080000,6686,11143,18100000,7950
3,905,18100000,18100000,6686,11143,18120000,7956
3,906,18120000,18120000,6686,11143,18140000,7965
3,907,18140000,18140000,6686,11143,18160000,7974
3,908,18160000,18160000,6686,11143,18180000,7983
3,909,18180000,18180000,6686,11143,18200000,7990
3,91,1820000,1820000,6686,11143,1840000,804
3,910,18200000,18200000,6686,11143,18220000,8001
3,911,18220000,18220000,6686,11143,18240000,8009
3,912,18240000,18240000,6686,11143,18260000,8017
3,913,18260000,18260000,6686,11143,18280000,8028
3,914,18280000,18280000,6686,11143,18300000,8034
3,915,18300000,18300000,6686,11143,18320000,8045
3,916,18320000,18320000,6686,11143,18340000,8053
3,917,18340000,18340000,6686,11143,18360000,8061
3,918,18360000,18360000,6686,11143,18380000,8072
3,919,18380000,18380000,6686,11143,18400000,8079
3,92,1840000,1840000,6686,11143,1860000,813
3,920,18400000,18400000,6686,11143,18420000,8088
3,921,18420000,18420000,6686,11143,18440000,8097
3,922,18440000,18440000,6686,11143,18460000,8106
3,923,18460000,18460000,6686,11143,18480000,8112
3,93,1860000,1860000,6686,11143,1880000,822
3,94,1880000,1880000,6686,11143,1900000,831
3,95,1900000,1900000,6686,11143,1920000,837
3,96,1920000,1920000,6686,11143,1940000,849
3,97,1940000,1940000,6686,11143,1960000,856
3,98,1960000,1960000,6686,11143,1980000,864
3,99,1980000,1980000,6686,11143,2000000,875
4,0,0,0,14799,24664,30000,8
4,1,30000,30000,14799,24664,60000,23
4,10,300000,300000,14799,24664,330000,140
4,100,3000000,3000000,14799,24664,3030000,1327
4,101,3030000,3030000,14799,24664,3060000,1341
4,102,3060000,3060000,14799,24664,3090000,1354
4,103,3090000,3090000,14799,24664,3120000,1367
4,104,3120000,3120000,14799,24664,3150000,1379
4,105,3150000,3150000,14799,24664,3180000,1392
4,106,3180000,3180000,14799,24664,3210000,1406
4,107,3210000,3210000,14799,24664,3240000,1419
4,108,3240000,3240000,14799,24664,3270000,1432
4,109,3270000,3270000,14799,24664,3300000,1446
4,11,330000,330000,14799,24664,360000,155
4,110,3300000,3300000,14799,24664,3330000,1459
4,111,3330000,3330000,14799,24664,3360000,1472
4,112,3360000,3360000,14799,24664,3390000,1484
4,113,3390000,3390000,14799,24664,3420000,1499
4,114,3420000,3420000,14799,24664,3450000,1511
4,115,3450000,3450000,14799,24664,3480000,1526
4,116,3480000,3480000,14799,24664,3510000,1537
4,117,3510000,3510000,14799,24664,3540000,1553
4,118,3540000,3540000,14799,24664,3570000,1562
4,119,3570000,3570000,14799,24664,3600000,1577
4,12,360000,360000,14799,24664,390000,168
4,120,3600000,3600000,14799,24664,3630000,1589
4,121,3630000,3630000,14799,24664,3660000,1604
4,122,3660000,3660000,14799,24664,3690000,1618
4,123,3690000,3690000,14799,24664,3720000,1631
4,124,3720000,3720000,14799,24664,3750000,1644
4,125,3750000,3750000,14799,24664,3780000,1656
4,126,3780000,3780000,14799,24664,3810000,1669
4,127,3810000,3810000,14799,24664,3840000,1682
4,128,3840000,3840000,14799,24664,3870000,1696
4,129,3870000,3870000,14799,24664,3900000,1709
4,13,390000,390000,14799,24664,420000,180
4,130,3900000,3900000,14799,24664,3930000,1723
4,131,3930000,3930000,14799,24664,3960000,1736
4,132,3960000,3960000,14799,24664,3990000,1747
4,133,3990000,3990000,14799,24664,4020000,1763
4,134,4020000,4020000,14799,24664,4050000,1774
4,135,4050000,4050000,14799,24664,4080000,1789
4,136,4080000,4080000,14799,24664,4110000,1801
4,137,4110000,4110000,14799,24664,4140000,1816
4,138,4140000,4140000,14799,24664,4170000,1828
4,139,4170000,4170000,14799,24664,4200000,1841
4,14,420000,420000,14799,24664,450000,193
4,140,4200000,4200000,14799,24664,4230000,1852
4,141,4230000,4230000,14799,24664,4260000,1868
4,142,4260000,4260000,14799,24664,4290000,1879
4,143,4290000,4290000,14799,24664,4320000,1894
4,144,4320000,4320000,14799,24664,4350000,1908
4,145,4350000,4350000,14799,24664,4380000,1921
4,146,4380000,4380000,14799,24664,4410000,1933
4,147,4410000,4410000,14799,24664,4440000,1946
4,148,4440000,4440000,14799,24664,4470000,1959
4,149,4470000,4470000,14799,24664,4500000,1973
4,15,450000,450000,14799,24664,480000,206
4,150,4500000,4500000,14799,24664,4530000,1986
4,151,4530000,4530000,14799,24664,4560000,1999
4,152,4560000,4560000,14799,24664,4590000,2013
4,153,4590000,4590000,14799,24664,4620000,2024
4,154,4620000,4620000,14799,24664,4650000,2038
4,155,4650000,4650000,14799,24664,4680000,2053
4,156,4680000,4680000,14799,24664,4710000,2064
4,157,4710000,4710000,14799,24664,4740000,2080
4,158,4740000,4740000,14799,24664,4770000,2091
4,159,4770000,4770000,14799,24664,4800000,2106
4,16,480000,480000,14799,24664,510000,220
4,160,4800000,4800000,14799,24664,4830000,2116
4,161,4830000,4830000,14799,24664,4860000,2131
4,162,4860000,4860000,14799,24664,4890000,2143
4,163,4890000,4890000,14799,24664,4920000,2158
4,164,4920000,4920000,14799,24664,4950000,2169
4,165,4950000,4950000,14799,24664,4980000,2185
4,166,4980000,4980000,14799,24664,5010000,2198
4,167,5010000,5010000,14799,24664,5040000,2209
4,168,5040000,5040000,14799,24664,5070000,2223
4,169,5070000,5070000,14799,24664,5100000,2236
4,17,510000,510000,14799,24664,540000,233
4,170,5100000,5100000,14799,24664,5130000,2250
4,171,5130000,5130000,14799,24664,5160000,2263
4,172,5160000,5160000,14799,24664,5190000,2276
4,173,5190000,5190000,14799,24664,5220000,2290
4,174,5220000,5220000,14799,24664,5250000,2301
4,175,5250000,5250000,14799,24664,5280000,2314
4,176,5280000,5280000,14799,24664,5310000,2328
4,177,5310000,5310000,14799,24664,5340000,2343
4,178,5340000,5340000,14799,24664,5370000,2355
4,179,5370000,5370000,14799,24664,5400000,2370
4,18,540000,540000,14799,24664,570000,247
4,180,5400000,5400000,14799,24664,5430000,2381
4,181,5430000,5430000,14799,24664,5460000,2395
4,182,5460000,5460000,14799,24664,5490000,2406
4,183,5490000,5490000,14799,24664,5520000,2421
4,184,5520000,5520000,14799,24664,5550000,2433
4,185,5550000,5550000,14799,24664,5580000,2448
4,186,5580000,5580000,14799,24664,5610000,2460
4,187,5610000,5610000,14799,24664,5640000,2475
4,188,5640000,5640000,14799,24664,5670000,2486
4,189,5670000,5670000,14799,24664,5700000,2500
4,19,570000,570000,14799,24664,600000,260
4,190,5700000,5700000,14799,24664,5730000,2513
4,191,5730000,5730000,14799,24664,5760000,2526
4,192,5760000,5760000,14799,24664,5790000,2540
4,193,5790000,5790000,14799,24664,5820000,2553
4,194,5820000,5820000,14799,24664,5850000,2567
4,195,5850000,5850000,14799,24664,5880000,2578
4,196,5880000,5880000,14799,24664,5910000,2591
4,197,5910000,5910000,14799,24664,5940000,2605
4,198,5940000,5940000,14799,24664,5970000,2618
4,199,5970000,5970000,14799,24664,6000000,2633
4,2,60000,60000,14799,24664,90000,35
4,20,600000,600000,14799,24664,630000,271
4,200,6000000,6000000,14799,24664,6030000,2645
4,201,6030000,6030000,14799,24664,6060000,2660
4,202,6060000,6060000,14799,24664,6090000,2670
4,203,6090000,6090000,14799,24664,6120000,2685
4,204,6120000,6120000,14799,24664,6150000,2696
4,205,6150000,6150000,14799,24664,6180000,2712
4,206,6180000,6180000,14799,24664,6210000,2723
4,207,6210000,6210000,14799,24664,6240000,2738
4,208,6240000,6240000,14799,24664,6270000,2750
4,209,6270000,6270000,14799,24664,6300000,2763
4,21,630000,630000,14799,24664,660000,285
4,210,6300000,6300000,14799,24664,6330000,2777
4,211,6330000,6330000,14799,24664,6360000,2790
4,212,6360000,6360000,14799,24664,6390000,2803
4,213,6390000,6390000,14799,24664,6420000,2817
4,214,6420000,6420000,14799,24664,6450000,2830
4,215,6450000,6450000,14799,24664,6480000,2843
4,216,6480000,6480000,14799,24664,6510000,2855
4,217,6510000,6510000,14799,24664,6540000,2868
4,218,6540000,6540000,14799,24664,6570000,2882
4,219,6570000,6570000,14799,24664,6600000,2895
4,22,660000,660000,14799,24664,690000,298
4,220,6600000,6600000,14799,24664,6630000,2908
4,221,6630000,6630000,14799,24664,6660000,2924
4,222,6660000,6660000,14799,24664,6690000,2935
4,223,6690000,6690000,14799,24664,6720000,2948
4,224,6720000,6720000,14799,24664,6750000,2960
4,225,6750000,6750000,14799,24664,6780000,2975
4,226,6780000,6780000,14799,24664,6810000,2987
4,227,6810000,6810000,14799,24664,6840000,3002
4,228,6840000,6840000,14799,24664,6870000,3013
4,229,6870000,6870000,14799,24664,6900000,3029
4,23,690000,690000,14799,24664,720000,313
4,230,6900000,6900000,14799,24664,6930000,3038
4,231,6930000,6930000,14799,24664,6960000,3053
4,232,6960000,6960000,14799,24664,6990000,3067
4,233,6990000,6990000,14799,24664,7020000,3080
4,234,7020000,7020000,14799,24664,7050000,3094
4,235,7050000,7050000,14799,24664,7080000,3107
4,236,7080000,7080000,14799,24664,7110000,3120
4,237,7110000,7110000,14799,24664,7140000,3132
4,238,7140000,7140000,14799,24664,7170000,3145
4,239,7170000,7170000,14799,24664,7200000,3158
4,24,720000,720000,14799,24664,750000,325
4,240,7200000,7200000,14799,24664,7230000,3172
4,241,7230000,7230000,14799,24664,7260000,3185
4,242,7260000,7260000,14799,24664,7290000,3199
4,243,7290000,7290000,14799,24664,7320000,3214
4,244,7320000,7320000,14799,24664,7350000,3223
4,245,7350000,7350000,14799,24664,7380000,3239
4,246,7380000,7380000,14799,24664,7410000,3250
4,247,7410000,7410000,14799,24664,7440000,3265
4,248,7440000,7440000,14799,24664,7470000,3277
4,249,7470000,7470000,14799,24664,7500000,3292
4,25,750000,750000,14799,24664,780000,340
4,250,7500000,7500000,14799,24664,7530000,3304
4,251,7530000,7530000,14799,24664,7560000,3317
4,252,7560000,7560000,14799,24664,7590000,3328
4,253,7590000,7590000,14799,24664,7620000,3344
4,254,7620000,7620000,14799,24664,7650000,3357
4,255,7650000,7650000,14799,24664,7680000,3370
4,256,7680000,7680000,14799,24664,7710000,3384
4,257,7710000,7710000,14799,24664,7740000,3397
4,258,7740000,7740000,14799,24664,7770000,3409
4,259,7770000,7770000,14799,24664,7800000,3422
4,26,780000,780000,14799,24664,810000,352
4,260,7800000,7800000,14799,24664,7830000,3435
4,261,7830000,7830000,14799,24664,7860000,3449
4,262,7860000,7860000,14799,24664,7890000,3462
4,263,7890000,7890000,14799,24664,7920000,3475
4,264,7920000,7920000,14799,24664,7950000,3489
4,265,7950000,7950000,14799,24664,7980000,3502
4,266,7980000,7980000,14799,24664,8010000,3514
4,267,8010000,8010000,14799,24664,8040000,3529
4,268,8040000,8040000,14799,24664,8070000,3540
4,269,8070000,8070000,14799,24664,8100000,3556
4,27,810000,810000,14799,24664,840000,365
4,270,8100000,8100000,14799,24664,8130000,3567
4,271,8130000,8130000,14799,24664,8160000,3582
4,272,8160000,8160000,14799,24664,8190000,3592
4,273,8190000,8190000,14799,24664,8220000,3607
4,274,8220000,8220000,14799,24664,8250000,3619
4,275,8250000,8250000,14799,24664,8280000,3634
4,276,8280000,8280000,14799,24664,8310000,3647
4,277,8310000,8310000,14799,24664,8340000,3661
4,278,8340000,8340000,14799,24664,8370000,3674
4,279,8370000,8370000,14799,24664,8400000,3685
4,28,840000,840000,14799,24664,870000,376
4,280,8400000,8400000,14799,24664,8430000,3699
4,281,8430000,8430000,14799,24664,8460000,3712
4,282,8460000,8460000,14799,24664,8490000,3726
4,283,8490000,8490000,14799,24664,8520000,3739
4,284,8520000,8520000,14799,24664,8550000,3752
4,285,8550000,8550000,14799,24664,8580000,3766
4,286,8580000,8580000,14799,24664,8610000,3777
4,287,8610000,8610000,14799,24664,8640000,3792
4,288,8640000,8640000,14799,24664,8670000,3804
4,289,8670000,8670000,14799,24664,8700000,3819
4,29,870000,870000,14799,24664,900000,392
4,290,8700000,8700000,14799,24664,8730000,3831
4,291,8730000,8730000,14799,24664,8760000,3846
4,292,8760000,8760000,14799,24664,8790000,3857
4,293,8790000,8790000,14799,24664,8820000,3871
4,294,8820000,8820000,14799,24664,8850000,3882
4,295,8850000,8850000,14799,24664,8880000,3897
4,296,8880000,8880000,14799,24664,8910000,3909
4,297,8910000,8910000,14799,24664,8940000,3924
4,298,8940000,8940000,14799,24664,8970000,3938
4,299,8970000,8970000,14799,24664,9000000,3951
4,3,90000,90000,14799,24664,120000,50
4,30,900000,900000,14799,24664,930000,403
4,300,9000000,9000000,14799,24664,9030000,3962
4,301,9030000,9030000,14799,24664,9060000,3976
4,302,9060000,9060000,14799,24664,9090000,3989
4,303,9090000,9090000,14799,24664,9120000,4002
4,304,9120000,9120000,14799,24664,9150000,4016
4,305,9150000,9150000,14799,24664,9180000,4029
4,306,9180000,9180000,14799,24664,9210000,4043
4,307,9210000,9210000,14799,24664,9240000,4054
4,308,9240000,9240000,14799,24664,9270000,4067
4,309,9270000,9270000,14799,24664,9300000,4083
4,31,930000,930000,14799,24664,960000,418
4,310,9300000,9300000,14799,24664,9330000,4094
4,311,9330000,9330000,14799,24664,9360000,4109
4,312,9360000,9360000,14799,24664,9390000,4121
4,313,9390000,9390000,14799,24664,9420000,4136
4,314,9420000,9420000,14799,24664,9450000,4146
4,315,9450000,9450000,14799,24664,9480000,4161
4,316,9480000,9480000,14799,24664,9510000,4172
4,317,9510000,9510000,14799,24664,9540000,4188
4,318,9540000,9540000,14799,24664,9570000,4199
4,319,9570000,9570000,14799,24664,9600000,4214
4,32,960000,960000,14799,24664,990000,430
4,320,9600000,9600000,14799,24664,9630000,4228
4,321,9630000,9630000,14799,24664,9660000,4239
4,322,9660000,9660000,14799,24664,9690000,4253
4,323,9690000,9690000,14799,24664,9720000,4266
4,324,9720000,9720000,14799,24664,9750000,4279
4,325,9750000,9750000,14799,24664,9780000,4293
4,326,9780000,9780000,14799,24664,9810000,4306
4,327,9810000,9810000,14799,24664,9840000,4319
4,328,9840000,9840000,14799,24664,9870000,4331
4,329,9870000,9870000,14799,24664,9900000,4344
4,33,990000,990000,14799,24664,1020000,445
4,330,9900000,9900000,14799,24664,9930000,4358
4,331,9930000,9930000,14799,24664,9960000,4373
4,332,9960000,9960000,14799,24664,9990000,4384
4,333,9990000,9990000,14799,24664,10020000,4400
4,334,10020000,10020000,14799,24664,10050000,4411
4,335,10050000,10050000,14799,24664,10080000,4424
4,336,10080000,10080000,14799,24664,10110000,4436
4,337,10110000,10110000,14799,24664,10140000,4451
4,338,10140000,10140000,14799,24664,10170000,4463
4,339,10170000,10170000,14799,24664,10200000,4478
4,34,1020000,1020000,14799,24664,1050000,457
4,340,10200000,10200000,14799,24664,10230000,4489
4,341,10230000,10230000,14799,24664,10260000,4505
4,342,10260000,10260000,14799,24664,10290000,4516
4,343,10290000,10290000,14799,24664,10320000,4529
4,344,10320000,10320000,14799,24664,10350000,4543
4,345,10350000,10350000,14799,24664,10380000,4556
4,346,10380000,10380000,14799,24664,10410000,4570
4,347,10410000,10410000,14799,24664,10440000,4583
4,348,10440000,10440000,14799,24664,10470000,4596
4,349,10470000,10470000,14799,24664,10500000,4608
4,35,1050000,1050000,14799,24664,1080000,470
4,350,10500000,10500000,14799,24664,10530000,4621
4,351,10530000,10530000,14799,24664,10560000,4634
4,352,10560000,10560000,14799,24664,10590000,4648
4,353,10590000,10590000,14799,24664,10620000,4663
4,354,10620000,10620000,14799,24664,10650000,4675
4,355,10650000,10650000,14799,24664,10680000,4690
4,356,10680000,10680000,14799,24664,10710000,4699
4,357,10710000,10710000,14799,24664,10740000,4715
4,358,10740000,10740000,14799,24664,10770000,4726
4,359,10770000,10770000,14799,24664,10800000,4741
4,36,1080000,1080000,14799,24664,1110000,483
4,360,10800000,10800000,14799,24664,10830000,4753
4,361,10830000,10830000,14799,24664,10860000,4768
4,362,10860000,10860000,14799,24664,10890000,4780
4,363,10890000,10890000,14799,24664,10920000,4793
4,364,10920000,10920000,14799,24664,10950000,4806
4,365,10950000,10950000,14799,24664,10980000,4820
4,366,10980000,10980000,14799,24664,11010000,4833
4,367,11010000,11010000,14799,24664,11040000,4846
4,368,11040000,11040000,14799,24664,11070000,4860
4,369,11070000,11070000,14799,24664,11100000,4873
4,37,1110000,1110000,14799,24664,1140000,497
4,370,11100000,11100000,14799,24664,11130000,4885
4,371,11130000,11130000,14799,24664,11160000,4898
4,372,11160000,11160000,14799,24664,11190000,4911
4,373,11190000,11190000,14799,24664,11220000,4925
4,374,11220000,11220000,14799,24664,11250000,4938
4,375,11250000,11250000,14799,24664,11280000,4953
4,376,11280000,11280000,14799,24664,11310000,4965
4,377,11310000,11310000,14799,24664,11340000,4978
4,378,11340000,11340000,14799,24664,11370000,4990
4,379,11370000,11370000,14799,24664,11400000,5005
4,38,1140000,1140000,14799,24664,1170000,510
4,380,11400000,11400000,14799,24664,11430000,5016
4,381,11430000,11430000,14799,24664,11460000,5032
4,382,11460000,11460000,14799,24664,11490000,5043
4,383,11490000,11490000,14799,24664,11520000,5058
4,384,11520000,11520000,14799,24664,11550000,5068
4,385,11550000,11550000,14799,24664,11580000,5083
4,386,11580000,11580000,14799,24664,11610000,5097
4,387,11610000,11610000,14799,24664,11640000,5110
4,388,11640000,11640000,14799,24664,11670000,5123
4,389,11670000,11670000,14799,24664,11700000,5137
4,39,1170000,1170000,14799,24664,1200000,523
4,390,11700000,11700000,14799,24664,11730000,5150
4,391,11730000,11730000,14799,24664,11760000,5161
4,392,11760000,11760000,14799,24664,11790000,5175
4,393,11790000,11790000,14799,24664,11820000,5188
4,394,11820000,11820000,14799,24664,11850000,5202
4,395,11850000,11850000,14799,24664,11880000,5215
4,396,11880000,11880000,14799,24664,11910000,5228
4,397,11910000,11910000,14799,24664,11940000,5244
4,398,11940000,11940000,14799,24664,11970000,5253
4,399,11970000,11970000,14799,24664,12000000,5268
4,4,120000,120000,14799,24664,150000,61
4,40,1200000,1200000,14799,24664,1230000,537
4,400,12000000,12000000,14799,24664,12030000,5280
4,401,12030000,12030000,14799,24664,12060000,5295
4,402,12060000,12060000,14799,24664,12090000,5307
4,403,12090000,12090000,14799,24664,12120000,5322
4,404,12120000,12120000,14799,24664,12150000,5333
4,405,12150000,12150000,14799,24664,12180000,5347
4,406,12180000,12180000,14799,24664,12210000,5358
4,407,12210000,12210000,14799,24664,12240000,5373
4,408,12240000,12240000,14799,24664,12270000,5387
4,409,12270000,12270000,14799,24664,12300000,5400
4,41,1230000,1230000,14799,24664,1260000,548
4,410,12300000,12300000,14799,24664,12330000,5414
4,411,12330000,12330000,14799,24664,12360000,5427
4,412,12360000,12360000,14799,24664,12390000,5438
4,413,12390000,12390000,14799,24664,12420000,5452
4,414,12420000,12420000,14799,24664,12450000,5465
4,415,12450000,12450000,14799,24664,12480000,5478
4,416,12480000,12480000,14799,24664,12510000,5492
4,417,12510000,12510000,14799,24664,12540000,5505
4,418,12540000,12540000,14799,24664,12570000,5519
4,419,12570000,12570000,14799,24664,12600000,5532
4,42,1260000,1260000,14799,24664,1290000,562
4,420,12600000,12600000,14799,24664,12630000,5543
4,421,12630000,12630000,14799,24664,12660000,5559
4,422,12660000,12660000,14799,24664,12690000,5570
4,423,12690000,12690000,14799,24664,12720000,5585
4,424,12720000,12720000,14799,24664,12750000,5597
4,425,12750000,12750000,14799,24664,12780000,5612
4,426,12780000,12780000,14799,24664,12810000,5622
4,427,12810000,12810000,14799,24664,12840000,5637
4,428,12840000,12840000,14799,24664,12870000,5648
4,429,12870000,12870000,14799,24664,12900000,5664
4,43,1290000,1290000,14799,24664,1320000,575
4,430,12900000,12900000,14799,24664,12930000,5677
4,431,12930000,12930000,14799,24664,12960000,5690
4,432,12960000,12960000,14799,24664,12990000,5704
4,433,12990000,12990000,14799,24664,13020000,5715
4,434,13020000,13020000,14799,24664,13050000,5729
4,435,13050000,13050000,14799,24664,13080000,5742
4,436,13080000,13080000,14799,24664,13110000,5755
4,437,13110000,13110000,14799,24664,13140000,5769
4,438,13140000,13140000,14799,24664,13170000,5782
4,439,13170000,13170000,14799,24664,13200000,5795
4,44,1320000,1320000,14799,24664,1350000,588
4,440,13200000,13200000,14799,24664,13230000,5807
4,441,13230000,13230000,14799,24664,13260000,5822
4,442,13260000,13260000,14799,24664,13290000,5834
4,443,13290000,13290000,14799,24664,13320000,5849
4,444,13320000,13320000,14799,24664,13350000,5860
4,445,13350000,13350000,14799,24664,13380000,5876
4,446,13380000,13380000,14799,24664,13410000,5887
4,447,13410000,13410000,14799,24664,13440000,5900
4,448,13440000,13440000,14799,24664,13470000,5912
4,449,13470000,13470000,14799,24664,13500000,5927
4,45,1350000,1350000,14799,24664,1380000,604
4,450,13500000,13500000,14799,24664,13530000,5939
4,451,13530000,13530000,14799,24664,13560000,5954
4,452,13560000,13560000,14799,24664,13590000,5967
4,453,13590000,13590000,14799,24664,13620000,5981
4,454,13620000,13620000,14799,24664,13650000,5992
4,455,13650000,13650000,14799,24664,13680000,6005
4,456,13680000,13680000,14799,24664,13710000,6019
4,457,13710000,13710000,14799,24664,13740000,6032
4,458,13740000,13740000,14799,24664,13770000,6046
4,459,13770000,13770000,14799,24664,13800000,6059
4,46,1380000,1380000,14799,24664,1410000,615
4,460,13800000,13800000,14799,24664,13830000,6072
4,461,13830000,13830000,14799,24664,13860000,6084
4,462,13860000,13860000,14799,24664,13890000,6097
4,463,13890000,13890000,14799,24664,13920000,6112
4,464,13920000,13920000,14799,24664,13950000,6124
4,465,13950000,13950000,14799,24664,13980000,6139
4,466,13980000,13980000,14799,24664,14010000,6151
4,467,14010000,14010000,14799,24664,14040000,6166
4,468,14040000,14040000,14799,24664,14070000,6175
4,469,14070000,14070000,14799,24664,14100000,6191
4,47,1410000,1410000,14799,24664,1440000,630
4,470,14100000,14100000,14799,24664,14130000,6202
4,471,14130000,14130000,14799,24664,14160000,6217
4,472,14160000,14160000,14799,24664,14190000,6229
4,473,14190000,14190000,14799,24664,14220000,6244
4,474,14220000,14220000,14799,24664,14250000,6258
4,475,14250000,14250000,14799,24664,14280000,6269
4,476,14280000,14280000,14799,24664,14310000,6282
4,477,14310000,14310000,14799,24664,14340000,6296
4,478,14340000,14340000,14799,24664,14370000,6309
4,479,14370000,14370000,14799,24664,14400000,6322
4,48,1440000,1440000,14799,24664,1470000,640
4,480,14400000,14400000,14799,24664,14430000,6336
4,481,14430000,14430000,14799,24664,14460000,6349
4,482,14460000,14460000,14799,24664,14490000,6361
4,483,14490000,14490000,14799,24664,14520000,6374
4,484,14520000,14520000,14799,24664,14550000,6387
4,485,14550000,14550000,14799,24664,14580000,6403
4,486,14580000,14580000,14799,24664,14610000,6414
4,487,14610000,14610000,14799,24664,14640000,6429
4,488,14640000,14640000,14799,24664,14670000,6441
4,489,14670000,14670000,14799,24664,14700000,6454
4,49,1470000,1470000,14799,24664,1500000,655
4,490,14700000,14700000,14799,24664,14730000,6466
4,491,14730000,14730000,14799,24664,14760000,6481
4,492,14760000,14760000,14799,24664,14790000,6492
4,493,14790000,14790000,14799,24664,14820000,6508
4,494,14820000,14820000,14799,24664,14850000,6519
4,495,14850000,14850000,14799,24664,14880000,6534
4,496,14880000,14880000,14799,24664,14910000,6546
4,497,14910000,14910000,14799,24664,14940000,6559
4,498,14940000,14940000,14799,24664,14970000,6573
4,499,14970000,14970000,14799,24664,15000000,6586
4,5,150000,150000,14799,24664,180000,77
4,50,1500000,1500000,14799,24664,1530000,667
4,500,15000000,15000000,14799,24664,15030000,6599
4,501,15030000,15030000,14799,24664,15060000,6613
4,502,15060000,15060000,14799,24664,15090000,6626
4,503,15090000,15090000,14799,24664,15120000,6637
4,504,15120000,15120000,14799,24664,15150000,6651
4,505,15150000,15150000,14799,24664,15180000,6664
4,506,15180000,15180000,14799,24664,15210000,6678
4,507,15210000,15210000,14799,24664,15240000,6693
4,508,15240000,15240000,14799,24664,15270000,6704
4,509,15270000,15270000,14799,24664,15300000,6720
4,51,1530000,1530000,14799,24664,1560000,682
4,510,15300000,15300000,14799,24664,15330000,6729
4,511,15330000,15330000,14799,24664,15360000,6744
4,512,15360000,15360000,14799,24664,15390000,6756
4,513,15390000,15390000,14799,24664,15420000,6771
4,514,15420000,15420000,14799,24664,15450000,6783
4,515,15450000,15450000,14799,24664,15480000,6798
4,516,15480000,15480000,14799,24664,15510000,6809
4,517,15510000,15510000,14799,24664,15540000,6823
4,518,15540000,15540000,14799,24664,15570000,6836
4,519,15570000,15570000,14799,24664,15600000,6849
4,52,1560000,1560000,14799,24664,1590000,693
4,520,15600000,15600000,14799,24664,15630000,6863
4,521,15630000,15630000,14799,24664,15660000,6876
4,522,15660000,15660000,14799,24664,15690000,6890
4,523,15690000,15690000,14799,24664,15720000,6903
4,524,15720000,15720000,14799,24664,15750000,6914
4,525,15750000,15750000,14799,24664,15780000,6928
4,526,15780000,15780000,14799,24664,15810000,6941
4,527,15810000,15810000,14799,24664,15840000,6954
4,528,15840000,15840000,14799,24664,15870000,6968
4,529,15870000,15870000,14799,24664,15900000,6983
4,53,1590000,1590000,14799,24664,1620000,709
4,530,15900000,15900000,14799,24664,15930000,6995
4,531,15930000,15930000,14799,24664,15960000,7008
4,532,15960000,15960000,14799,24664,15990000,7019
4,533,15990000,15990000,14799,24664,16020000,7035
4,534,16020000,16020000,14799,24664,16050000,7046
4,535,16050000,16050000,14799,24664,16080000,7061
4,536,16080000,16080000,14799,24664,16110000,7073
4,537,16110000,16110000,14799,24664,16140000,7088
4,538,16140000,16140000,14799,24664,16170000,7098
4,539,16170000,16170000,14799,24664,16200000,7113
4,54,1620000,1620000,14799,24664,1650000,720
4,540,16200000,16200000,14799,24664,16230000,7126
4,541,16230000,16230000,14799,24664,16260000,7140
4,542,16260000,16260000,14799,24664,16290000,7153
4,543,16290000,16290000,14799,24664,16320000,7166
4,544,16320000,16320000,14799,24664,16350000,7180
4,545,16350000,16350000,14799,24664,16380000,7191
4,546,16380000,16380000,14799,24664,16410000,7205
4,547,16410000,16410000,14799,24664,16440000,7218
4,548,16440000,16440000,14799,24664,16470000,7231
4,549,16470000,16470000,14799,24664,16500000,7245
4,55,1650000,1650000,14799,24664,1680000,733
4,550,16500000,16500000,14799,24664,16530000,7258
4,551,16530000,16530000,14799,24664,16560000,7273
4,552,16560000,16560000,14799,24664,16590000,7283
4,553,16590000,16590000,14799,24664,16620000,7298
4,554,16620000,16620000,14799,24664,16650000,7310
4,555,16650000,16650000,14799,24664,16680000,7325
4,556,16680000,16680000,14799,24664,16710000,7336
4,557,16710000,16710000,14799,24664,16740000,7352
4,558,16740000,16740000,14799,24664,16770000,7363
4,559,16770000,16770000,14799,24664,16800000,7376
4,56,1680000,1680000,14799,24664,1710000,747
4,560,16800000,16800000,14799,24664,16830000,7388
4,561,16830000,16830000,14799,24664,16860000,7403
4,562,16860000,16860000,14799,24664,16890000,7417
4,563,16890000,16890000,14799,24664,16920000,7430
4,564,16920000,16920000,14799,24664,16950000,7443
4,565,16950000,16950000,14799,24664,16980000,7457
4,566,16980000,16980000,14799,24664,17010000,7468
4,567,17010000,17010000,14799,24664,17040000,7481
4,568,17040000,17040000,14799,24664,17070000,7495
4,569,17070000,17070000,14799,24664,17100000,7508
4,57,1710000,1710000,14799,24664,1740000,760
4,570,17100000,17100000,14799,24664,17130000,7522
4,571,17130000,17130000,14799,24664,17160000,7535
4,572,17160000,17160000,14799,24664,17190000,7548
4,573,17190000,17190000,14799,24664,17220000,7562
4,574,17220000,17220000,14799,24664,17250000,7573
4,575,17250000,17250000,14799,24664,17280000,7588
4,576,17280000,17280000,14799,24664,17310000,7600
4,577,17310000,17310000,14799,24664,17340000,7615
4,578,17340000,17340000,14799,24664,17370000,7627
4,579,17370000,17370000,14799,24664,17400000,7642
4,58,1740000,1740000,14799,24664,1770000,774
4,580,17400000,17400000,14799,24664,17430000,7651
4,581,17430000,17430000,14799,24664,17460000,7667
4,582,17460000,17460000,14799,24664,17490000,7678
4,583,17490000,17490000,14799,24664,17520000,7693
4,584,17520000,17520000,14799,24664,17550000,7707
4,585,17550000,17550000,14799,24664,17580000,7720
4,586,17580000,17580000,14799,24664,17610000,7734
4,587,17610000,17610000,14799,24664,17640000,7745
4,588,17640000,17640000,14799,24664,17670000,7758
4,589,17670000,17670000,14799,24664,17700000,7772
4,59,1770000,1770000,14799,24664,1800000,787
4,590,17700000,17700000,14799,24664,17730000,7785
4,591,17730000,17730000,14799,24664,17760000,7798
4,592,17760000,17760000,14799,24664,17790000,7812
4,593,17790000,17790000,14799,24664,17820000,7825
4,594,17820000,17820000,14799,24664,17850000,7837
4,595,17850000,17850000,14799,24664,17880000,7852
4,596,17880000,17880000,14799,24664,17910000,7863
4,597,17910000,17910000,14799,24664,17940000,7879
4,598,17940000,17940000,14799,24664,17970000,7890
4,599,17970000,17970000,14799,24664,18000000,7905
4,6,180000,180000,14799,24664,210000,86
4,60,1800000,1800000,14799,24664,1830000,800
4,600,18000000,18000000,14799,24664,18030000,7917
4,601,18030000,18030000,14799,24664,18060000,7930
4,602,18060000,18060000,14799,24664,18090000,7942
4,603,18090000,18090000,14799,24664,18120000,7957
4,604,18120000,18120000,14799,24664,18150000,7968
4,605,18150000,18150000,14799,24664,18180000,7984
4,606,18180000,18180000,14799,24664,18210000,7997
4,607,18210000,18210000,14799,24664,18240000,8010
4,608,18240000,18240000,14799,24664,18270000,8022
4,609,18270000,18270000,14799,24664,18300000,8035
4,61,1830000,1830000,14799,24664,1860000,814
4,610,18300000,18300000,14799,24664,18330000,8049
4,611,18330000,18330000,14799,24664,18360000,8062
4,612,18360000,18360000,14799,24664,18390000,8075
4,613,18390000,18390000,14799,24664,18420000,8089
4,614,18420000,18420000,14799,24664,18450000,8102
4,615,18450000,18450000,14799,24664,18480000,8113
4,62,1860000,1860000,14799,24664,1890000,825
4,63,1890000,1890000,14799,24664,1920000,838
4,64,1920000,1920000,14799,24664,1950000,852
4,65,1950000,1950000,14799,24664,1980000,865
4,66,1980000,1980000,14799,24664,2010000,879
4,67,2010000,2010000,14799,24664,2040000,894
4,68,2040000,2040000,14799,24664,2070000,905
4,69,2070000,2070000,14799,24664,2100000,919
4,7,210000,210000,14799,24664,240000,101
4,70,2100000,2100000,14799,24664,2130000,930
4,71,2130000,2130000,14799,24664,2160000,945
4,72,2160000,2160000,14799,24664,2190000,957
4,73,2190000,2190000,14799,24664,2220000,972
4,74,2220000,2220000,14799,24664,2250000,984
4,75,2250000,2250000,14799,24664,2280000,999
4,76,2280000,2280000,14799,24664,2310000,1008
4,77,2310000,2310000,14799,24664,2340000,1024
4,78,2340000,2340000,14799,24664,2370000,1037
4,79,2370000,2370000,14799,24664,2400000,1050
4,8,240000,240000,14799,24664,270000,113
4,80,2400000,2400000,14799,24664,2430000,1064
4,81,2430000,2430000,14799,24664,2460000,1077
4,82,2460000,2460000,14799,24664,2490000,1091
4,83,2490000,2490000,14799,24664,2520000,1102
4,84,2520000,2520000,14799,24664,2550000,1115
4,85,2550000,2550000,14799,24664,2580000,1129
4,86,2580000,2580000,14799,24664,2610000,1142
4,87,2610000,2610000,14799,24664,2640000,1155
4,88,2640000,2640000,14799,24664,2670000,1169
4,89,2670000,2670000,14799,24664,2700000,1184
4,9,270000,270000,14799,24664,300000,128
4,90,2700000,2700000,14799,24664,2730000,1194
4,91,2730000,2730000,14799,24664,2760000,1209
4,92,2760000,2760000,14799,24664,2790000,1220
4,93,2790000,2790000,14799,24664,2820000,1236
4,94,2820000,2820000,14799,24664,2850000,1247
4,95,2850000,2850000,14799,24664,2880000,1262
4,96,2880000,2880000,14799,24664,2910000,1274
4,97,2910000,2910000,14799,24664,2940000,1287
4,98,2940000,2940000,14799,24664,2970000,1299
4,99,2970000,2970000,14799,24664,3000000,1314
5,0,0,0,1781,2968,35000,9
5,1,35000,35000,1781,2968,70000,26
5,10,350000,350000,1781,2968,385000,162
5,100,3500000,3500000,1781,2968,3535000,1547
5,101,3535000,3535000,1781,2968,3570000,1563
5,102,3570000,3570000,1781,2968,3605000,1579
5,103,3605000,3605000,1781,2968,3640000,1596
5,104,3640000,3640000,1781,2968,3675000,1607
5,105,3675000,3675000,1781,2968,3710000,1625
5,106,3710000,3710000,1781,2968,3745000,1640
5,107,3745000,3745000,1781,2968,3780000,1657
5,108,3780000,3780000,1781,2968,3815000,1670
5,109,3815000,3815000,1781,2968,3850000,1686
5,11,385000,385000,1781,2968,420000,181
5,110,3850000,3850000,1781,2968,3885000,1701
5,111,3885000,3885000,1781,2968,3920000,1718
5,112,3920000,3920000,1781,2968,3955000,1730
5,113,3955000,3955000,1781,2968,3990000,1748
5,114,3990000,3990000,1781,2968,4025000,1764
5,115,4025000,4025000,1781,2968,4060000,1779
5,116,4060000,4060000,1781,2968,4095000,1793
5,117,4095000,4095000,1781,2968,4130000,1810
5,118,4130000,4130000,1781,2968,4165000,1824
5,119,4165000,4165000,1781,2968,4200000,1842
5,12,420000,420000,1781,2968,455000,194
5,120,4200000,4200000,1781,2968,4235000,1853
5,121,4235000,4235000,1781,2968,4270000,1871
5,122,4270000,4270000,1781,2968,4305000,1886
5,123,4305000,4305000,1781,2968,4340000,1902
5,124,4340000,4340000,1781,2968,4375000,1915
5,125,4375000,4375000,1781,2968,4410000,1934
5,126,4410000,4410000,1781,2968,4445000,1947
5,127,4445000,4445000,1781,2968,4480000,1964
5,128,4480000,4480000,1781,2968,4515000,1978
5,129,4515000,4515000,1781,2968,4550000,1993
5,13,455000,455000,1781,2968,490000,210
5,130,4550000,4550000,1781,2968,4585000,2009
5,131,4585000,4585000,1781,2968,4620000,2025
5,132,4620000,4620000,1781,2968,4655000,2039
5,133,4655000,4655000,1781,2968,4690000,2056
5,134,4690000,4690000,1781,2968,4725000,2070
5,135,4725000,4725000,1781,2968,4760000,2087
5,136,4760000,4760000,1781,2968,4795000,2100
5,137,4795000,4795000,1781,2968,4830000,2117
5,138,4830000,4830000,1781,2968,4865000,2132
5,139,4865000,4865000,1781,2968,4900000,2150
5,14,490000,490000,1781,2968,525000,225
5,140,4900000,4900000,1781,2968,4935000,2161
5,141,4935000,4935000,1781,2968,4970000,2179
5,142,4970000,4970000,1781,2968,5005000,2192
5,143,5005000,5005000,1781,2968,5040000,2210
5,144,5040000,5040000,1781,2968,5075000,2224
5,145,5075000,5075000,1781,2968,5110000,2239
5,146,5110000,5110000,1781,2968,5145000,2255
5,147,5145000,5145000,1781,2968,5180000,2272
5,148,5180000,5180000,1781,2968,5215000,2284
5,149,5215000,5215000,1781,2968,5250000,2302
5,15,525000,525000,1781,2968,560000,242
5,150,5250000,5250000,1781,2968,5285000,2318
5,151,5285000,5285000,1781,2968,5320000,2333
5,152,5320000,5320000,1781,2968,5355000,2346
5,153,5355000,5355000,1781,2968,5390000,2362
5,154,5390000,5390000,1781,2968,5425000,2377
5,155,5425000,5425000,1781,2968,5460000,2396
5,156,5460000,5460000,1781,2968,5495000,2407
5,157,5495000,5495000,1781,2968,5530000,2425
5,158,5530000,5530000,1781,2968,5565000,2440
5,159,5565000,5565000,1781,2968,5600000,2455
5,16,560000,560000,1781,2968,595000,254
5,160,5600000,5600000,1781,2968,5635000,2469
5,161,5635000,5635000,1781,2968,5670000,2487
5,162,5670000,5670000,1781,2968,5705000,2501
5,163,5705000,5705000,1781,2968,5740000,2518
5,164,5740000,5740000,1781,2968,5775000,2530
5,165,5775000,5775000,1781,2968,5810000,2547
5,166,5810000,5810000,1781,2968,5845000,2563
5,167,5845000,5845000,1781,2968,5880000,2579
5,168,5880000,5880000,1781,2968,5915000,2592
5,169,5915000,5915000,1781,2968,5950000,2610
5,17,595000,595000,1781,2968,630000,272
5,170,5950000,5950000,1781,2968,5985000,2623
5,171,5985000,5985000,1781,2968,6020000,2641
5,172,6020000,6020000,1781,2968,6055000,2654
5,173,6055000,6055000,1781,2968,6090000,2671
5,174,6090000,6090000,1781,2968,6125000,2686
5,175,6125000,6125000,1781,2968,6160000,2701
5,176,6160000,6160000,1781,2968,6195000,2715
5,177,6195000,6195000,1781,2968,6230000,2732
5,178,6230000,6230000,1781,2968,6265000,2746
5,179,6265000,6265000,1781,2968,6300000,2764
5,18,630000,630000,1781,2968,665000,288
5,180,6300000,6300000,1781,2968,6335000,2778
5,181,6335000,6335000,1781,2968,6370000,2793
5,182,6370000,6370000,1781,2968,6405000,2809
5,183,6405000,6405000,1781,2968,6440000,2826
5,184,6440000,6440000,1781,2968,6475000,2837
5,185,6475000,6475000,1781,2968,6510000,2856
5,186,6510000,6510000,1781,2968,6545000,2869
5,187,6545000,6545000,1781,2968,6580000,2887
5,188,6580000,6580000,1781,2968,6615000,2900
5,189,6615000,6615000,1781,2968,6650000,2916
5,19,665000,665000,1781,2968,700000,303
5,190,6650000,6650000,1781,2968,6685000,2931
5,191,6685000,6685000,1781,2968,6720000,2949
5,192,6720000,6720000,1781,2968,6755000,2961
5,193,6755000,6755000,1781,2968,6790000,2978
5,194,6790000,6790000,1781,2968,6825000,2994
5,195,6825000,6825000,1781,2968,6860000,3009
5,196,6860000,6860000,1781,2968,6895000,3023
5,197,6895000,6895000,1781,2968,6930000,3039
5,198,6930000,6930000,1781,2968,6965000,3055
5,199,6965000,6965000,1781,2968,7000000,3072
5,2,70000,70000,1781,2968,105000,40
5,20,700000,700000,1781,2968,735000,317
5,200,7000000,7000000,1781,2968,7035000,3083
5,201,7035000,7035000,1781,2968,7070000,3101
5,202,7070000,7070000,1781,2968,7105000,3116
5,203,7105000,7105000,1781,2968,7140000,3133
5,204,7140000,7140000,1781,2968,7175000,3146
5,205,7175000,7175000,1781,2968,7210000,3164
5,206,7210000,7210000,1781,2968,7245000,3177
5,207,7245000,7245000,1781,2968,7280000,3194
5,208,7280000,7280000,1781,2968,7315000,3206
5,209,7315000,7315000,1781,2968,7350000,3224
5,21,735000,735000,1781,2968,770000,332
5,210,7350000,7350000,1781,2968,7385000,3240
5,211,7385000,7385000,1781,2968,7420000,3255
5,212,7420000,7420000,1781,2968,7455000,3269
5,213,7455000,7455000,1781,2968,7490000,3286
5,214,7490000,7490000,1781,2968,7525000,3300
5,215,7525000,7525000,1781,2968,7560000,3318
5,216,7560000,7560000,1781,2968,7595000,3331
5,217,7595000,7595000,1781,2968,7630000,3347
5,218,7630000,7630000,1781,2968,7665000,3362
5,219,7665000,7665000,1781,2968,7700000,3378
5,22,770000,770000,1781,2968,805000,348
5,220,7700000,7700000,1781,2968,7735000,3391
5,221,7735000,7735000,1781,2968,7770000,3410
5,222,7770000,7770000,1781,2968,7805000,3423
5,223,7805000,7805000,1781,2968,7840000,3440
5,224,7840000,7840000,1781,2968,7875000,3454
5,225,7875000,7875000,1781,2968,7910000,3469
5,226,7910000,7910000,1781,2968,7945000,3485
5,227,7945000,7945000,1781,2968,7980000,3503
5,228,7980000,7980000,1781,2968,8015000,3515
5,229,8015000,8015000,1781,2968,8050000,3532
5,23,805000,805000,1781,2968,840000,366
5,230,8050000,8050000,1781,2968,8085000,3546
5,231,8085000,8085000,1781,2968,8120000,3563
5,232,8120000,8120000,1781,2968,8155000,3576
5,233,8155000,8155000,1781,2968,8190000,3593
5,234,8190000,8190000,1781,2968,8225000,3608
5,235,8225000,8225000,1781,2968,8260000,3626
5,236,8260000,8260000,1781,2968,8295000,3637
5,237,8295000,8295000,1781,2968,8330000,3655
5,238,8330000,8330000,1781,2968,8365000,3670
5,239,8365000,8365000,1781,2968,8400000,3686
5,24,840000,840000,1781,2968,875000,377
5,240,8400000,8400000,1781,2968,8435000,3700
5,241,8435000,8435000,1781,2968,8470000,3715
5,242,8470000,8470000,1781,2968,8505000,3731
5,243,8505000,8505000,1781,2968,8540000,3748
5,244,8540000,8540000,1781,2968,8575000,3760
5,245,8575000,8575000,1781,2968,8610000,3778
5,246,8610000,8610000,1781,2968,8645000,3794
5,247,8645000,8645000,1781,2968,8680000,3809
5,248,8680000,8680000,1781,2968,8715000,3822
5,249,8715000,8715000,1781,2968,8750000,3840
5,25,875000,875000,1781,2968,910000,395
5,250,8750000,8750000,1781,2968,8785000,3853
5,251,8785000,8785000,1781,2968,8820000,3872
5,252,8820000,8820000,1781,2968,8855000,3883
5,253,8855000,8855000,1781,2968,8890000,3901
5,254,8890000,8890000,1781,2968,8925000,3916
5,255,8925000,8925000,1781,2968,8960000,3931
5,256,8960000,8960000,1781,2968,8995000,3945
5,257,8995000,8995000,1781,2968,9030000,3963
5,258,9030000,9030000,1781,2968,9065000,3977
5,259,9065000,9065000,1781,2968,9100000,3994
5,26,910000,910000,1781,2968,945000,410
5,260,9100000,9100000,1781,2968,9135000,4008
5,261,9135000,9135000,1781,2968,9170000,4023
5,262,9170000,9170000,1781,2968,9205000,4039
5,263,9205000,9205000,1781,2968,9240000,4055
5,264,9240000,9240000,1781,2968,9275000,4068
5,265,9275000,9275000,1781,2968,9310000,4086
5,266,9310000,9310000,1781,2968,9345000,4099
5,267,9345000,9345000,1781,2968,9380000,4117
5,268,9380000,9380000,1781,2968,9415000,4130
5,269,9415000,9415000,1781,2968,9450000,4147
5,27,945000,945000,1781,2968,980000,426
5,270,9450000,9450000,1781,2968,9485000,4162
5,271,9485000,9485000,1781,2968,9520000,4179
5,272,9520000,9520000,1781,2968,9555000,4191
5,273,9555000,9555000,1781,2968,9590000,4208
5,274,9590000,9590000,1781,2968,9625000,4222
5,275,9625000,9625000,1781,2968,9660000,4240
5,276,9660000,9660000,1781,2968,9695000,4254
5,277,9695000,9695000,1781,2968,9730000,4269
5,278,9730000,9730000,1781,2968,9765000,4285
5,279,9765000,9765000,1781,2968,9800000,4302
5,28,980000,980000,1781,2968,1015000,439
5,280,9800000,9800000,1781,2968,9835000,4313
5,281,9835000,9835000,1781,2968,9870000,4332
5,282,9870000,9870000,1781,2968,9905000,4347
5,283,9905000,9905000,1781,2968,9940000,4363
5,284,9940000,9940000,1781,2968,9975000,4376
5,285,9975000,9975000,1781,2968,10010000,4392
5,286,10010000,10010000,1781,2968,10045000,4407
5,287,10045000,10045000,1781,2968,10080000,4425
5,288,10080000,10080000,1781,2968,10115000,4437
5,289,10115000,10115000,1781,2968,10150000,4454
5,29,1015000,1015000,1781,2968,1050000,458
5,290,10150000,10150000,1781,2968,10185000,4470
5,291,10185000,10185000,1781,2968,10220000,4485
5,292,10220000,10220000,1781,2968,10255000,4499
5,293,10255000,10255000,1781,2968,10290000,4517
5,294,10290000,10290000,1781,2968,10325000,4531
5,295,10325000,10325000,1781,2968,10360000,4548
5,296,10360000,10360000,1781,2968,10395000,4559
5,297,10395000,10395000,1781,2968,10430000,4577
5,298,10430000,10430000,1781,2968,10465000,4592
5,299,10465000,10465000,1781,2968,10500000,4609
5,3,105000,105000,1781,2968,140000,57
5,30,1050000,1050000,1781,2968,1085000,471
5,300,10500000,10500000,1781,2968,10535000,4622
5,301,10535000,10535000,1781,2968,10570000,4640
5,302,10570000,10570000,1781,2968,10605000,4653
5,303,10605000,10605000,1781,2968,10640000,4670
5,304,10640000,10640000,1781,2968,10675000,4684
5,305,10675000,10675000,1781,2968,10710000,4700
5,306,10710000,10710000,1781,2968,10745000,4716
5,307,10745000,10745000,1781,2968,10780000,4731
5,308,10780000,10780000,1781,2968,10815000,4745
5,309,10815000,10815000,1781,2968,10850000,4762
5,31,1085000,1085000,1781,2968,1120000,488
5,310,10850000,10850000,1781,2968,10885000,4776
5,311,10885000,10885000,1781,2968,10920000,4794
5,312,10920000,10920000,1781,2968,10955000,4807
5,313,10955000,10955000,1781,2968,10990000,4823
5,314,10990000,10990000,1781,2968,11025000,4838
5,315,11025000,11025000,1781,2968,11060000,4856
5,316,11060000,11060000,1781,2968,11095000,4867
5,317,11095000,11095000,1781,2968,11130000,4886
5,318,11130000,11130000,1781,2968,11165000,4899
5,319,11165000,11165000,1781,2968,11200000,4916
5,32,1120000,1120000,1781,2968,1155000,500
5,320,11200000,11200000,1781,2968,11235000,4930
5,321,11235000,11235000,1781,2968,11270000,4945
5,322,11270000,11270000,1781,2968,11305000,4961
5,323,11305000,11305000,1781,2968,11340000,4979
5,324,11340000,11340000,1781,2968,11375000,4991
5,325,11375000,11375000,1781,2968,11410000,5008
5,326,11410000,11410000,1781,2968,11445000,5024
5,327,11445000,11445000,1781,2968,11480000,5039
5,328,11480000,11480000,1781,2968,11515000,5052
5,329,11515000,11515000,1781,2968,11550000,5069
5,33,1155000,1155000,1781,2968,1190000,517
5,330,11550000,11550000,1781,2968,11585000,5084
5,331,11585000,11585000,1781,2968,11620000,5102
5,332,11620000,11620000,1781,2968,11655000,5113
5,333,11655000,11655000,1781,2968,11690000,5131
5,334,11690000,11690000,1781,2968,11725000,5146
5,335,11725000,11725000,1781,2968,11760000,5162
5,336,11760000,11760000,1781,2968,11795000,5176
5,337,11795000,11795000,1781,2968,11830000,5193
5,338,11830000,11830000,1781,2968,11865000,5207
5,339,11865000,11865000,1781,2968,11900000,5224
5,34,1190000,1190000,1781,2968,1225000,533
5,340,11900000,11900000,1781,2968,11935000,5236
5,341,11935000,11935000,1781,2968,11970000,5254
5,342,11970000,11970000,1781,2968,12005000,5270
5,343,12005000,12005000,1781,2968,12040000,5285
5,344,12040000,12040000,1781,2968,12075000,5298
5,345,12075000,12075000,1781,2968,12110000,5316
5,346,12110000,12110000,1781,2968,12145000,5329
5,347,12145000,12145000,1781,2968,12180000,5348
5,348,12180000,12180000,1781,2968,12215000,5361
5,349,12215000,12215000,1781,2968,12250000,5377
5,35,1225000,1225000,1781,2968,1260000,549
5,350,12250000,12250000,1781,2968,12285000,5392
5,351,12285000,12285000,1781,2968,12320000,5407
5,352,12320000,12320000,1781,2968,12355000,5421
5,353,12355000,12355000,1781,2968,12390000,5439
5,354,12390000,12390000,1781,2968,12425000,5453
5,355,12425000,12425000,1781,2968,12460000,5470
5,356,12460000,12460000,1781,2968,12495000,5484
5,357,12495000,12495000,1781,2968,12530000,5499
5,358,12530000,12530000,1781,2968,12565000,5515
5,359,12565000,12565000,1781,2968,12600000,5533
5,36,1260000,1260000,1781,2968,1295000,563
5,360,12600000,12600000,1781,2968,12635000,5544
5,361,12635000,12635000,1781,2968,12670000,5562
5,362,12670000,12670000,1781,2968,12705000,5575
5,363,12705000,12705000,1781,2968,12740000,5593
5,364,12740000,12740000,1781,2968,12775000,5606
5,365,12775000,12775000,1781,2968,12810000,5623
5,366,12810000,12810000,1781,2968,12845000,5638
5,367,12845000,12845000,1781,2968,12880000,5655
5,368,12880000,12880000,1781,2968,12915000,5667
5,369,12915000,12915000,1781,2968,12950000,5684
5,37,1295000,1295000,1781,2968,1330000,580
5,370,12950000,12950000,1781,2968,12985000,5700
5,371,12985000,12985000,1781,2968,13020000,5716
5,372,13020000,13020000,1781,2968,13055000,5730
5,373,13055000,13055000,1781,2968,13090000,5745
5,374,13090000,13090000,1781,2968,13125000,5761
5,375,13125000,13125000,1781,2968,13160000,5778
5,376,13160000,13160000,1781,2968,13195000,5789
5,377,13195000,13195000,1781,2968,13230000,5808
5,378,13230000,13230000,1781,2968,13265000,5823
5,379,13265000,13265000,1781,2968,13300000,5839
5,38,1330000,1330000,1781,2968,1365000,594
5,380,13300000,13300000,1781,2968,13335000,5852
5,381,13335000,13335000,1781,2968,13370000,5870
5,382,13370000,13370000,1781,2968,13405000,5883
5,383,13405000,13405000,1781,2968,13440000,5901
5,384,13440000,13440000,1781,2968,13475000,5913
5,385,13475000,13475000,1781,2968,13510000,5930
5,386,13510000,13510000,1781,2968,13545000,5946
5,387,13545000,13545000,1781,2968,13580000,5961
5,388,13580000,13580000,1781,2968,13615000,5975
5,389,13615000,13615000,1781,2968,13650000,5993
5,39,1365000,1365000,1781,2968,1400000,611
5,390,13650000,13650000,1781,2968,13685000,6007
5,391,13685000,13685000,1781,2968,13720000,6024
5,392,13720000,13720000,1781,2968,13755000,6037
5,393,13755000,13755000,1781,2968,13790000,6053
5,394,13790000,13790000,1781,2968,13825000,6068
5,395,13825000,13825000,1781,2968,13860000,6085
5,396,13860000,13860000,1781,2968,13895000,6098
5,397,13895000,13895000,1781,2968,13930000,6116
5,398,13930000,13930000,1781,2968,13965000,6129
5,399,13965000,13965000,1781,2968,14000000,6146
5,4,140000,140000,1781,2968,175000,71
5,40,1400000,1400000,1781,2968,1435000,624
5,400,14000000,14000000,1781,2968,14035000,6160
5,401,14035000,14035000,1781,2968,14070000,6176
5,402,14070000,14070000,1781,2968,14105000,6192
5,403,14105000,14105000,1781,2968,14140000,6209
5,404,14140000,14140000,1781,2968,14175000,6221
5,405,14175000,14175000,1781,2968,14210000,6238
5,406,14210000,14210000,1781,2968,14245000,6252
5,407,14245000,14245000,1781,2968,14280000,6270
5,408,14280000,14280000,1781,2968,14315000,6283
5,409,14315000,14315000,1781,2968,14350000,6299
5,41,1435000,1435000,1781,2968,1470000,641
5,410,14350000,14350000,1781,2968,14385000,6314
5,411,14385000,14385000,1781,2968,14420000,6332
5,412,14420000,14420000,1781,2968,14455000,6343
5,413,14455000,14455000,1781,2968,14490000,6362
5,414,14490000,14490000,1781,2968,14525000,6377
5,415,14525000,14525000,1781,2968,14560000,6392
5,416,14560000,14560000,1781,2968,14595000,6406
5,417,14595000,14595000,1781,2968,14630000,6421
5,418,14630000,14630000,1781,2968,14665000,6437
5,419,14665000,14665000,1781,2968,14700000,6455
5,42,1470000,1470000,1781,2968,1505000,656
5,420,14700000,14700000,1781,2968,14735000,6467
5,421,14735000,14735000,1781,2968,14770000,6484
5,422,14770000,14770000,1781,2968,14805000,6500
5,423,14805000,14805000,1781,2968,14840000,6515
5,424,14840000,14840000,1781,2968,14875000,6528
5,425,14875000,14875000,1781,2968,14910000,6547
5,426,14910000,14910000,1781,2968,14945000,6560
5,427,14945000,14945000,1781,2968,14980000,6578
5,428,14980000,14980000,1781,2968,15015000,6589
5,429,15015000,15015000,1781,2968,15050000,6607
5,43,1505000,1505000,1781,2968,1540000,672
5,430,15050000,15050000,1781,2968,15085000,6622
5,431,15085000,15085000,1781,2968,15120000,6638
5,432,15120000,15120000,1781,2968,15155000,6652
5,433,15155000,15155000,1781,2968,15190000,6669
5,434,15190000,15190000,1781,2968,15225000,6683
5,435,15225000,15225000,1781,2968,15260000,6700
5,436,15260000,15260000,1781,2968,15295000,6714
5,437,15295000,15295000,1781,2968,15330000,6730
5,438,15330000,15330000,1781,2968,15365000,6746
5,439,15365000,15365000,1781,2968,15400000,6761
5,44,1540000,1540000,1781,2968,1575000,685
5,440,15400000,15400000,1781,2968,15435000,6774
5,441,15435000,15435000,1781,2968,15470000,6792
5,442,15470000,15470000,1781,2968,15505000,6805
5,443,15505000,15505000,1781,2968,15540000,6824
5,444,15540000,15540000,1781,2968,15575000,6837
5,445,15575000,15575000,1781,2968,15610000,6853
5,446,15610000,15610000,1781,2968,15645000,6868
5,447,15645000,15645000,1781,2968,15680000,6885
5,448,15680000,15680000,1781,2968,15715000,6897
5,449,15715000,15715000,1781,2968,15750000,6915
5,45,1575000,1575000,1781,2968,1610000,703
5,450,15750000,15750000,1781,2968,15785000,6929
5,451,15785000,15785000,1781,2968,15820000,6946
5,452,15820000,15820000,1781,2968,15855000,6960
5,453,15855000,15855000,1781,2968,15890000,6975
5,454,15890000,15890000,1781,2968,15925000,6991
5,455,15925000,15925000,1781,2968,15960000,7009
5,456,15960000,15960000,1781,2968,15995000,7020
5,457,15995000,15995000,1781,2968,16030000,7038
5,458,16030000,16030000,1781,2968,16065000,7053
5,459,16065000,16065000,1781,2968,16100000,7069
5,46,1610000,1610000,1781,2968,1645000,716
5,460,16100000,16100000,1781,2968,16135000,7082
5,461,16135000,16135000,1781,2968,16170000,7099
5,462,16170000,16170000,1781,2968,16205000,7114
5,463,16205000,16205000,1781,2968,16240000,7131
5,464,16240000,16240000,1781,2968,16275000,7143
5,465,16275000,16275000,1781,2968,16310000,7160
5,466,16310000,16310000,1781,2968,16345000,7176
5,467,16345000,16345000,1781,2968,16380000,7192
5,468,16380000,16380000,1781,2968,16415000,7206
5,469,16415000,16415000,1781,2968,16450000,7223
5,47,1645000,1645000,1781,2968,1680000,734
5,470,16450000,16450000,1781,2968,16485000,7237
5,471,16485000,16485000,1781,2968,16520000,7254
5,472,16520000,16520000,1781,2968,16555000,7265
5,473,16555000,16555000,1781,2968,16590000,7284
5,474,16590000,16590000,1781,2968,16625000,7299
5,475,16625000,16625000,1781,2968,16660000,7315
5,476,16660000,16660000,1781,2968,16695000,7328
5,477,16695000,16695000,1781,2968,16730000,7346
5,478,16730000,16730000,1781,2968,16765000,7359
5,479,16765000,16765000,1781,2968,16800000,7377
5,48,1680000,1680000,1781,2968,1715000,748
5,480,16800000,16800000,1781,2968,16835000,7391
5,481,16835000,16835000,1781,2968,16870000,7406
5,482,16870000,16870000,1781,2968,16905000,7422
5,483,16905000,16905000,1781,2968,16940000,7437
5,484,16940000,16940000,1781,2968,16975000,7451
5,485,16975000,16975000,1781,2968,17010000,7469
5,486,17010000,17010000,1781,2968,17045000,7483
5,487,17045000,17045000,1781,2968,17080000,7500
5,488,17080000,17080000,1781,2968,17115000,7513
5,489,17115000,17115000,1781,2968,17150000,7529
5,49,1715000,1715000,1781,2968,1750000,763
5,490,17150000,17150000,1781,2968,17185000,7544
5,491,17185000,17185000,1781,2968,17220000,7563
5,492,17220000,17220000,1781,2968,17255000,7574
5,493,17255000,17255000,1781,2968,17290000,7592
5,494,17290000,17290000,1781,2968,17325000,7605
5,495,17325000,17325000,1781,2968,17360000,7622
5,496,17360000,17360000,1781,2968,17395000,7636
5,497,17395000,17395000,1781,2968,17430000,7652
5,498,17430000,17430000,1781,2968,17465000,7668
5,499,17465000,17465000,1781,2968,17500000,7685
5,5,175000,175000,1781,2968,210000,87
5,50,1750000,1750000,1781,2968,1785000,779
5,500,17500000,17500000,1781,2968,17535000,7697
5,501,17535000,17535000,1781,2968,17570000,7714
5,502,17570000,17570000,1781,2968,17605000,7730
5,503,17605000,17605000,1781,2968,17640000,7746
5,504,17640000,17640000,1781,2968,17675000,7759
5,505,17675000,17675000,1781,2968,17710000,7775
5,506,17710000,17710000,1781,2968,17745000,7790
5,507,17745000,17745000,1781,2968,17780000,7808
5,508,17780000,17780000,1781,2968,17815000,7819
5,509,17815000,17815000,1781,2968,17850000,7838
5,51,1785000,1785000,1781,2968,1820000,796
5,510,17850000,17850000,1781,2968,17885000,7853
5,511,17885000,17885000,1781,2968,17920000,7868
5,512,17920000,17920000,1781,2968,17955000,7882
5,513,17955000,17955000,1781,2968,17990000,7899
5,514,17990000,17990000,1781,2968,18025000,7913
5,515,18025000,18025000,1781,2968,18060000,7931
5,516,18060000,18060000,1781,2968,18095000,7943
5,517,18095000,18095000,1781,2968,18130000,7960
5,518,18130000,18130000,1781,2968,18165000,7976
5,519,18165000,18165000,1781,2968,18200000,7991
5,52,1820000,1820000,1781,2968,1855000,808
5,520,18200000,18200000,1781,2968,18235000,8004
5,521,18235000,18235000,1781,2968,18270000,8023
5,522,18270000,18270000,1781,2968,18305000,8036
5,523,18305000,18305000,1781,2968,18340000,8054
5,524,18340000,18340000,1781,2968,18375000,8067
5,525,18375000,18375000,1781,2968,18410000,8083
5,526,18410000,18410000,1781,2968,18445000,8098
5,527,18445000,18445000,1781,2968,18480000,8114
5,53,1855000,1855000,1781,2968,1890000,826
5,54,1890000,1890000,1781,2968,1925000,840
5,55,1925000,1925000,1781,2968,1960000,857
5,56,1960000,1960000,1781,2968,1995000,870
5,57,1995000,1995000,1781,2968,2030000,886
5,58,2030000,2030000,1781,2968,2065000,901
5,59,2065000,2065000,1781,2968,2100000,920
5,6,210000,210000,1781,2968,245000,103
5,60,2100000,2100000,1781,2968,2135000,931
5,61,2135000,2135000,1781,2968,2170000,949
5,62,2170000,2170000,1781,2968,2205000,964
5,63,2205000,2205000,1781,2968,2240000,979
5,64,2240000,2240000,1781,2968,2275000,993
5,65,2275000,2275000,1781,2968,2310000,1009
5,66,2310000,2310000,1781,2968,2345000,1025
5,67,2345000,2345000,1781,2968,2380000,1042
5,68,2380000,2380000,1781,2968,2415000,1054
5,69,2415000,2415000,1781,2968,2450000,1071
5,7,245000,245000,1781,2968,280000,120
5,70,2450000,2450000,1781,2968,2485000,1087
5,71,2485000,2485000,1781,2968,2520000,1103
5,72,2520000,2520000,1781,2968,2555000,1116
5,73,2555000,2555000,1781,2968,2590000,1134
5,74,2590000,2590000,1781,2968,2625000,1147
5,75,2625000,2625000,1781,2968,2660000,1165
5,76,2660000,2660000,1781,2968,2695000,1176
5,77,2695000,2695000,1781,2968,2730000,1195
5,78,2730000,2730000,1781,2968,2765000,1210
5,79,2765000,2765000,1781,2968,2800000,1225
5,8,280000,280000,1781,2968,315000,131
5,80,2800000,2800000,1781,2968,2835000,1239
5,81,2835000,2835000,1781,2968,2870000,1256
5,82,2870000,2870000,1781,2968,2905000,1270
5,83,2905000,2905000,1781,2968,2940000,1288
5,84,2940000,2940000,1781,2968,2975000,1302
5,85,2975000,2975000,1781,2968,3010000,1317
5,86,3010000,3010000,1781,2968,3045000,1333
5,87,3045000,3045000,1781,2968,3080000,1348
5,88,3080000,3080000,1781,2968,3115000,1361
5,89,3115000,3115000,1781,2968,3150000,1380
5,9,315000,315000,1781,2968,350000,149
5,90,3150000,3150000,1781,2968,3185000,1393
5,91,3185000,3185000,1781,2968,3220000,1411
5,92,3220000,3220000,1781,2968,3255000,1424
5,93,3255000,3255000,1781,2968,3290000,1440
5,94,3290000,3290000,1781,2968,3325000,1455
5,95,3325000,3325000,1781,2968,3360000,1473
5,96,3360000,3360000,1781,2968,3395000,1485
5,97,3395000,3395000,1781,2968,3430000,1502
5,98,3430000,3430000,1781,2968,3465000,1516
5,99,3465000,3465000,1781,2968,3500000,1533
6,0,0,0,1818,3030,35000,10
6,1,35000,35000,1818,3030,70000,27
6,10,350000,350000,1818,3030,385000,163
6,100,3500000,3500000,1818,3030,3535000,1548
6,101,3535000,3535000,1818,3030,3570000,1564
6,102,3570000,3570000,1818,3030,3605000,1580
6,103,3605000,3605000,1818,3030,3640000,1597
6,104,3640000,3640000,1818,3030,3675000,1608
6,105,3675000,3675000,1818,3030,3710000,1626
6,106,3710000,3710000,1818,3030,3745000,1641
6,107,3745000,3745000,1818,3030,3780000,1658
6,108,3780000,3780000,1818,3030,3815000,1671
6,109,3815000,3815000,1818,3030,3850000,1687
6,11,385000,385000,1818,3030,420000,182
6,110,3850000,3850000,1818,3030,3885000,1702
6,111,3885000,3885000,1818,3030,3920000,1719
6,112,3920000,3920000,1818,3030,3955000,1731
6,113,3955000,3955000,1818,3030,3990000,1749
6,114,3990000,3990000,1818,3030,4025000,1765
6,115,4025000,4025000,1818,3030,4060000,1780
6,116,4060000,4060000,1818,3030,4095000,1794
6,117,4095000,4095000,1818,3030,4130000,1811
6,118,4130000,4130000,1818,3030,4165000,1825
6,119,4165000,4165000,1818,3030,4200000,1843
6,12,420000,420000,1818,3030,455000,195
6,120,4200000,4200000,1818,3030,4235000,1854
6,121,4235000,4235000,1818,3030,4270000,1872
6,122,4270000,4270000,1818,3030,4305000,1887
6,123,4305000,4305000,1818,3030,4340000,1903
6,124,4340000,4340000,1818,3030,4375000,1916
6,125,4375000,4375000,1818,3030,4410000,1935
6,126,4410000,4410000,1818,3030,4445000,1948
6,127,4445000,4445000,1818,3030,4480000,1965
6,128,4480000,4480000,1818,3030,4515000,1979
6,129,4515000,4515000,1818,3030,4550000,1994
6,13,455000,455000,1818,3030,490000,211
6,130,4550000,4550000,1818,3030,4585000,2010
6,131,4585000,4585000,1818,3030,4620000,2026
6,132,4620000,4620000,1818,3030,4655000,2040
6,133,4655000,4655000,1818,3030,4690000,2057
6,134,4690000,4690000,1818,3030,4725000,2071
6,135,4725000,4725000,1818,3030,4760000,2088
6,136,4760000,4760000,1818,3030,4795000,2101
6,137,4795000,4795000,1818,3030,4830000,2118
6,138,4830000,4830000,1818,3030,4865000,2133
6,139,4865000,4865000,1818,3030,4900000,2151
6,14,490000,490000,1818,3030,525000,226
6,140,4900000,4900000,1818,3030,4935000,2162
6,141,4935000,4935000,1818,3030,4970000,2180
6,142,4970000,4970000,1818,3030,5005000,2193
6,143,5005000,5005000,1818,3030,5040000,2211
6,144,5040000,5040000,1818,3030,5075000,2225
6,145,5075000,5075000,1818,3030,5110000,2240
6,146,5110000,5110000,1818,3030,5145000,2256
6,147,5145000,5145000,1818,3030,5180000,2273
6,148,5180000,5180000,1818,3030,5215000,2285
6,149,5215000,5215000,1818,3030,5250000,2303
6,15,525000,525000,1818,3030,560000,243
6,150,5250000,5250000,1818,3030,5285000,2319
6,151,5285000,5285000,1818,3030,5320000,2334
6,152,5320000,5320000,1818,3030,5355000,2347
6,153,5355000,5355000,1818,3030,5390000,2363
6,154,5390000,5390000,1818,3030,5425000,2378
6,155,5425000,5425000,1818,3030,5460000,2397
6,156,5460000,5460000,1818,3030,5495000,2408
6,157,5495000,5495000,1818,3030,5530000,2426
6,158,5530000,5530000,1818,3030,5565000,2441
6,159,5565000,5565000,1818,3030,5600000,2456
6,16,560000,560000,1818,3030,595000,255
6,160,5600000,5600000,1818,3030,5635000,2470
6,161,5635000,5635000,1818,3030,5670000,2488
6,162,5670000,5670000,1818,3030,5705000,2502
6,163,5705000,5705000,1818,3030,5740000,2519
6,164,5740000,5740000,1818,3030,5775000,2531
6,165,5775000,5775000,1818,3030,5810000,2548
6,166,5810000,5810000,1818,3030,5845000,2564
6,167,5845000,5845000,1818,3030,5880000,2580
6,168,5880000,5880000,1818,3030,5915000,2593
6,169,5915000,5915000,1818,3030,5950000,2611
6,17,595000,595000,1818,3030,630000,273
6,170,5950000,5950000,1818,3030,5985000,2624
6,171,5985000,5985000,1818,3030,6020000,2642
6,172,6020000,6020000,1818,3030,6055000,2655
6,173,6055000,6055000,1818,3030,6090000,2672
6,174,6090000,6090000,1818,3030,6125000,2687
6,175,6125000,6125000,1818,3030,6160000,2702
6,176,6160000,6160000,1818,3030,6195000,2716
6,177,6195000,6195000,1818,3030,6230000,2733
6,178,6230000,6230000,1818,3030,6265000,2747
6,179,6265000,6265000,1818,3030,6300000,2765
6,18,630000,630000,1818,3030,665000,289
6,180,6300000,6300000,1818,3030,6335000,2779
6,181,6335000,6335000,1818,3030,6370000,2794
6,182,6370000,6370000,1818,3030,6405000,2810
6,183,6405000,6405000,1818,3030,6440000,2827
6,184,6440000,6440000,1818,3030,6475000,2838
6,185,6475000,6475000,1818,3030,6510000,2857
6,186,6510000,6510000,1818,3030,6545000,2870
6,187,6545000,6545000,1818,3030,6580000,2888
6,188,6580000,6580000,1818,3030,6615000,2901
6,189,6615000,6615000,1818,3030,6650000,2917
6,19,665000,665000,1818,3030,700000,304
6,190,6650000,6650000,1818,3030,6685000,2932
6,191,6685000,6685000,1818,3030,6720000,2950
6,192,6720000,6720000,1818,3030,6755000,2962
6,193,6755000,6755000,1818,3030,6790000,2979
6,194,6790000,6790000,1818,3030,6825000,2995
6,195,6825000,6825000,1818,3030,6860000,3010
6,196,6860000,6860000,1818,3030,6895000,3024
6,197,6895000,6895000,1818,3030,6930000,3040
6,198,6930000,6930000,1818,3030,6965000,3056
6,199,6965000,6965000,1818,3030,7000000,3073
6,2,70000,70000,1818,3030,105000,41
6,20,700000,700000,1818,3030,735000,318
6,200,7000000,7000000,1818,3030,7035000,3084
6,201,7035000,7035000,1818,3030,7070000,3102
6,202,7070000,7070000,1818,3030,7105000,3117
6,203,7105000,7105000,1818,3030,7140000,3134
6,204,7140000,7140000,1818,3030,7175000,3147
6,205,7175000,7175000,1818,3030,7210000,3165
6,206,7210000,7210000,1818,3030,7245000,3178
6,207,7245000,7245000,1818,3030,7280000,3195
6,208,7280000,7280000,1818,3030,7315000,3207
6,209,7315000,7315000,1818,3030,7350000,3225
6,21,735000,735000,1818,3030,770000,333
6,210,7350000,7350000,1818,3030,7385000,3241
6,211,7385000,7385000,1818,3030,7420000,3256
6,212,7420000,7420000,1818,3030,7455000,3270
6,213,7455000,7455000,1818,3030,7490000,3287
6,214,7490000,7490000,1818,3030,7525000,3301
6,215,7525000,7525000,1818,3030,7560000,3319
6,216,7560000,7560000,1818,3030,7595000,3332
6,217,7595000,7595000,1818,3030,7630000,3348
6,218,7630000,7630000,1818,3030,7665000,3363
6,219,7665000,7665000,1818,3030,7700000,3379
6,22,770000,770000,1818,3030,805000,349
6,220,7700000,7700000,1818,3030,7735000,3392
6,221,7735000,7735000,1818,3030,7770000,3411
6,222,7770000,7770000,1818,3030,7805000,3424
6,223,7805000,7805000,1818,3030,7840000,3441
6,224,7840000,7840000,1818,3030,7875000,3455
6,225,7875000,7875000,1818,3030,7910000,3470
6,226,7910000,7910000,1818,3030,7945000,3486
6,227,7945000,7945000,1818,3030,7980000,3504
6,228,7980000,7980000,1818,3030,8015000,3516
6,229,8015000,8015000,1818,3030,8050000,3533
6,23,805000,805000,1818,3030,840000,367
6,230,8050000,8050000,1818,3030,8085000,3547
6,231,8085000,8085000,1818,3030,8120000,3564
6,232,8120000,8120000,1818,3030,8155000,3577
6,233,8155000,8155000,1818,3030,8190000,3594
6,234,8190000,8190000,1818,3030,8225000,3609
6,235,8225000,8225000,1818,3030,8260000,3627
6,236,8260000,8260000,1818,3030,8295000,3638
6,237,8295000,8295000,1818,3030,8330000,3656
6,238,8330000,8330000,1818,3030,8365000,3671
6,239,8365000,8365000,1818,3030,8400000,3687
6,24,840000,840000,1818,3030,875000,378
6,240,8400000,8400000,1818,3030,8435000,3701
6,241,8435000,8435000,1818,3030,8470000,3716
6,242,8470000,8470000,1818,3030,8505000,3732
6,243,8505000,8505000,1818,3030,8540000,3749
6,244,8540000,8540000,1818,3030,8575000,3761
6,245,8575000,8575000,1818,3030,8610000,3779
6,246,8610000,8610000,1818,3030,8645000,3795
6,247,8645000,8645000,1818,3030,8680000,3810
6,248,8680000,8680000,1818,3030,8715000,3823
6,249,8715000,8715000,1818,3030,8750000,3841
6,25,875000,875000,1818,3030,910000,396
6,250,8750000,8750000,1818,3030,8785000,3854
6,251,8785000,8785000,1818,3030,8820000,3873
6,252,8820000,8820000,1818,3030,8855000,3884
6,253,8855000,8855000,1818,3030,8890000,3902
6,254,8890000,8890000,1818,3030,8925000,3917
6,255,8925000,8925000,1818,3030,8960000,3932
6,256,8960000,8960000,1818,3030,8995000,3946
6,257,8995000,8995000,1818,3030,9030000,3964
6,258,9030000,9030000,1818,3030,9065000,3978
6,259,9065000,9065000,1818,3030,9100000,3995
6,26,910000,910000,1818,3030,945000,411
6,260,9100000,9100000,1818,3030,9135000,4009
6,261,9135000,9135000,1818,3030,9170000,4024
6,262,9170000,9170000,1818,3030,9205000,4040
6,263,9205000,9205000,1818,3030,9240000,4056
6,264,9240000,9240000,1818,3030,9275000,4069
6,265,9275000,9275000,1818,3030,9310000,4087
6,266,9310000,9310000,1818,3030,9345000,4100
6,267,9345000,9345000,1818,3030,9380000,4118
6,268,9380000,9380000,1818,3030,9415000,4131
6,269,9415000,9415000,1818,3030,9450000,4148
6,27,945000,945000,1818,3030,980000,427
6,270,9450000,9450000,1818,3030,9485000,4163
6,271,9485000,9485000,1818,3030,9520000,4180
6,272,9520000,9520000,1818,3030,9555000,4192
6,273,9555000,9555000,1818,3030,9590000,4209
6,274,9590000,9590000,1818,3030,9625000,4223
6,275,9625000,9625000,1818,3030,9660000,4241
6,276,9660000,9660000,1818,3030,9695000,4255
6,277,9695000,9695000,1818,3030,9730000,4270
6,278,9730000,9730000,1818,3030,9765000,4286
6,279,9765000,9765000,1818,3030,9800000,4303
6,28,980000,980000,1818,3030,1015000,440
6,280,9800000,9800000,1818,3030,9835000,4314
6,281,9835000,9835000,1818,3030,9870000,4333
6,282,9870000,9870000,1818,3030,9905000,4348
6,283,9905000,9905000,1818,3030,9940000,4364
6,284,9940000,9940000,1818,3030,9975000,4377
6,285,9975000,9975000,1818,3030,10010000,4393
6,286,10010000,10010000,1818,3030,10045000,4408
6,287,10045000,10045000,1818,3030,10080000,4426
6,288,10080000,10080000,1818,3030,10115000,4438
6,289,10115000,10115000,1818,3030,10150000,4455
6,29,1015000,1015000,1818,3030,1050000,459
6,290,10150000,10150000,1818,3030,10185000,4471
6,291,10185000,10185000,1818,3030,10220000,4486
6,292,10220000,10220000,1818,3030,10255000,4500
6,293,10255000,10255000,1818,3030,10290000,4518
6,294,10290000,10290000,1818,3030,10325000,4532
6,295,10325000,10325000,1818,3030,10360000,4549
6,296,10360000,10360000,1818,3030,10395000,4560
6,297,10395000,10395000,1818,3030,10430000,4578
6,298,10430000,10430000,1818,3030,10465000,4593
6,299,10465000,10465000,1818,3030,10500000,4610
6,3,105000,105000,1818,3030,140000,58
6,30,1050000,1050000,1818,3030,1085000,472
6,300,10500000,10500000,1818,3030,10535000,4623
6,301,10535000,10535000,1818,3030,10570000,4641
6,302,10570000,10570000,1818,3030,10605000,4654
6,303,10605000,10605000,1818,3030,10640000,4671
6,304,10640000,10640000,1818,3030,10675000,4685
6,305,10675000,10675000,1818,3030,10710000,4701
6,306,10710000,10710000,1818,3030,10745000,4717
6,307,10745000,10745000,1818,3030,10780000,4732
6,308,10780000,10780000,1818,3030,10815000,4746
6,309,10815000,10815000,1818,3030,10850000,4763
6,31,1085000,1085000,1818,3030,1120000,489
6,310,10850000,10850000,1818,3030,10885000,4777
6,311,10885000,10885000,1818,3030,10920000,4795
6,312,10920000,10920000,1818,3030,10955000,4808
6,313,10955000,10955000,1818,3030,10990000,4824
6,314,10990000,10990000,1818,3030,11025000,4839
6,315,11025000,11025000,1818,3030,11060000,4857
6,316,11060000,11060000,1818,3030,11095000,4868
6,317,11095000,11095000,1818,3030,11130000,4887
6,318,11130000,11130000,1818,3030,11165000,4900
6,319,11165000,11165000,1818,3030,11200000,4917
6,32,1120000,1120000,1818,3030,1155000,501
6,320,11200000,11200000,1818,3030,11235000,4931
6,321,11235000,11235000,1818,3030,11270000,4946
6,322,11270000,11270000,1818,3030,11305000,4962
6,323,11305000,11305000,1818,3030,11340000,4980
6,324,11340000,11340000,1818,3030,11375000,4992
6,325,11375000,11375000,1818,3030,11410000,5009
6,326,11410000,11410000,1818,3030,11445000,5025
6,327,11445000,11445000,1818,3030,11480000,5040
6,328,11480000,11480000,1818,3030,11515000,5053
6,329,11515000,11515000,1818,3030,11550000,5070
6,33,1155000,1155000,1818,3030,1190000,518
6,330,11550000,11550000,1818,3030,11585000,5085
6,331,11585000,11585000,1818,3030,11620000,5103
6,332,11620000,11620000,1818,3030,11655000,5114
6,333,11655000,11655000,1818,3030,11690000,5132
6,334,11690000,11690000,1818,3030,11725000,5147
6,335,11725000,11725000,1818,3030,11760000,5163
6,336,11760000,11760000,1818,3030,11795000,5177
6,337,11795000,11795000,1818,3030,11830000,5194
6,338,11830000,11830000,1818,3030,11865000,5208
6,339,11865000,11865000,1818,3030,11900000,5225
6,34,1190000,1190000,1818,3030,1225000,534
6,340,11900000,11900000,1818,3030,11935000,5237
6,341,11935000,11935000,1818,3030,11970000,5255
6,342,11970000,11970000,1818,3030,12005000,5271
6,343,12005000,12005000,1818,3030,12040000,5286
6,344,12040000,12040000,1818,3030,12075000,5299
6,345,12075000,12075000,1818,3030,12110000,5317
6,346,12110000,12110000,1818,3030,12145000,5330
6,347,12145000,12145000,1818,3030,12180000,5349
6,348,12180000,12180000,1818,3030,12215000,5362
6,349,12215000,12215000,1818,3030,12250000,5378
6,35,1225000,1225000,1818,3030,1260000,550
6,350,12250000,12250000,1818,3030,12285000,5393
6,351,12285000,12285000,1818,3030,12320000,5408
6,352,12320000,12320000,1818,3030,12355000,5422
6,353,12355000,12355000,1818,3030,12390000,5440
6,354,12390000,12390000,1818,3030,12425000,5454
6,355,12425000,12425000,1818,3030,12460000,5471
6,356,12460000,12460000,1818,3030,12495000,5485
6,357,12495000,12495000,1818,3030,12530000,5500
6,358,12530000,12530000,1818,3030,12565000,5516
6,359,12565000,12565000,1818,3030,12600000,5534
6,36,1260000,1260000,1818,3030,1295000,564
6,360,12600000,12600000,1818,3030,12635000,5545
6,361,12635000,12635000,1818,3030,12670000,5563
6,362,12670000,12670000,1818,3030,12705000,5576
6,363,12705000,12705000,1818,3030,12740000,5594
6,364,12740000,12740000,1818,3030,12775000,5607
6,365,12775000,12775000,1818,3030,12810000,5624
6,366,12810000,12810000,1818,3030,12845000,5639
6,367,12845000,12845000,1818,3030,12880000,5656
6,368,12880000,12880000,1818,3030,12915000,5668
6,369,12915000,12915000,1818,3030,12950000,5685
6,37,1295000,1295000,1818,3030,1330000,581
6,370,12950000,12950000,1818,3030,12985000,5701
6,371,12985000,12985000,1818,3030,13020000,5717
6,372,13020000,13020000,1818,3030,13055000,5731
6,373,13055000,13055000,1818,3030,13090000,5746
6,374,13090000,13090000,1818,3030,13125000,5762
6,375,13125000,13125000,1818,3030,13160000,5779
6,376,13160000,13160000,1818,3030,13195000,5790
6,377,13195000,13195000,1818,3030,13230000,5809
6,378,13230000,13230000,1818,3030,13265000,5824
6,379,13265000,13265000,1818,3030,13300000,5840
6,38,1330000,1330000,1818,3030,1365000,595
6,380,13300000,13300000,1818,3030,13335000,5853
6,381,13335000,13335000,1818,3030,13370000,5871
6,382,13370000,13370000,1818,3030,13405000,5884
6,383,13405000,13405000,1818,3030,13440000,5902
6,384,13440000,13440000,1818,3030,13475000,5914
6,385,13475000,13475000,1818,3030,13510000,5931
6,386,13510000,13510000,1818,3030,13545000,5947
6,387,13545000,13545000,1818,3030,13580000,5962
6,388,13580000,13580000,1818,3030,13615000,5976
6,389,13615000,13615000,1818,3030,13650000,5994
6,39,1365000,1365000,1818,3030,1400000,612
6,390,13650000,13650000,1818,3030,13685000,6008
6,391,13685000,13685000,1818,3030,13720000,6025
6,392,13720000,13720000,1818,3030,13755000,6038
6,393,13755000,13755000,1818,3030,13790000,6054
6,394,13790000,13790000,1818,3030,13825000,6069
6,395,13825000,13825000,1818,3030,13860000,6086
6,396,13860000,13860000,1818,3030,13895000,6099
6,397,13895000,13895000,1818,3030,13930000,6117
6,398,13930000,13930000,1818,3030,13965000,6130
6,399,13965000,13965000,1818,3030,14000000,6147
6,4,140000,140000,1818,3030,175000,72
6,40,1400000,1400000,1818,3030,1435000,625
6,400,14000000,14000000,1818,3030,14035000,6161
6,401,14035000,14035000,1818,3030,14070000,6177
6,402,14070000,14070000,1818,3030,14105000,6193
6,403,14105000,14105000,1818,3030,14140000,6210
6,404,14140000,14140000,1818,3030,14175000,6222
6,405,14175000,14175000,1818,3030,14210000,6239
6,406,14210000,14210000,1818,3030,14245000,6253
6,407,14245000,14245000,1818,3030,14280000,6271
6,408,14280000,14280000,1818,3030,14315000,6284
6,409,14315000,14315000,1818,3030,14350000,6300
6,41,1435000,1435000,1818,3030,1470000,642
6,410,14350000,14350000,1818,3030,14385000,6315
6,411,14385000,14385000,1818,3030,14420000,6333
6,412,14420000,14420000,1818,3030,14455000,6344
6,413,14455000,14455000,1818,3030,14490000,6363
6,414,14490000,14490000,1818,3030,14525000,6378
6,415,14525000,14525000,1818,3030,14560000,6393
6,416,14560000,14560000,1818,3030,14595000,6407
6,417,14595000,14595000,1818,3030,14630000,6422
6,418,14630000,14630000,1818,3030,14665000,6438
6,419,14665000,14665000,1818,3030,14700000,6456
6,42,1470000,1470000,1818,3030,1505000,657
6,420,14700000,14700000,1818,3030,14735000,6468
6,421,14735000,14735000,1818,3030,14770000,6485
6,422,14770000,14770000,1818,3030,14805000,6501
6,423,14805000,14805000,1818,3030,14840000,6516
6,424,14840000,14840000,1818,3030,14875000,6529
6,425,14875000,14875000,1818,3030,14910000,6548
6,426,14910000,14910000,1818,3030,14945000,6561
6,427,14945000,14945000,1818,3030,14980000,6579
6,428,14980000,14980000,1818,3030,15015000,6590
6,429,15015000,15015000,1818,3030,15050000,6608
6,43,1505000,1505000,1818,3030,1540000,673
6,430,15050000,15050000,1818,3030,15085000,6623
6,431,15085000,15085000,1818,3030,15120000,6639
6,432,15120000,15120000,1818,3030,15155000,6653
6,433,15155000,15155000,1818,3030,15190000,6670
6,434,15190000,15190000,1818,3030,15225000,6684
6,435,15225000,15225000,1818,3030,15260000,6701
6,436,15260000,15260000,1818,3030,15295000,6715
6,437,15295000,15295000,1818,3030,15330000,6731
6,438,15330000,15330000,1818,3030,15365000,6747
6,439,15365000,15365000,1818,3030,15400000,6762
6,44,1540000,1540000,1818,3030,1575000,686
6,440,15400000,15400000,1818,3030,15435000,6775
6,441,15435000,15435000,1818,3030,15470000,6793
6,442,15470000,15470000,1818,3030,15505000,6806
6,443,15505000,15505000,1818,3030,15540000,6825
6,444,15540000,15540000,1818,3030,15575000,6838
6,445,15575000,15575000,1818,3030,15610000,6854
6,446,15610000,15610000,1818,3030,15645000,6869
6,447,15645000,15645000,1818,3030,15680000,6886
6,448,15680000,15680000,1818,3030,15715000,6898
6,449,15715000,15715000,1818,3030,15750000,6916
6,45,1575000,1575000,1818,3030,1610000,704
6,450,15750000,15750000,1818,3030,15785000,6930
6,451,15785000,15785000,1818,3030,15820000,6947
6,452,15820000,15820000,1818,3030,15855000,6961
6,453,15855000,15855000,1818,3030,15890000,6976
6,454,15890000,15890000,1818,3030,15925000,6992
6,455,15925000,15925000,1818,3030,15960000,7010
6,456,15960000,15960000,1818,3030,15995000,7021
6,457,15995000,15995000,1818,3030,16030000,7039
6,458,16030000,16030000,1818,3030,16065000,7054
6,459,16065000,16065000,1818,3030,16100000,7070
6,46,1610000,1610000,1818,3030,1645000,717
6,460,16100000,16100000,1818,3030,16135000,7083
6,461,16135000,16135000,1818,3030,16170000,7100
6,462,16170000,16170000,1818,3030,16205000,7115
6,463,16205000,16205000,1818,3030,16240000,7132
6,464,16240000,16240000,1818,3030,16275000,7144
6,465,16275000,16275000,1818,3030,16310000,7161
6,466,16310000,16310000,1818,3030,16345000,7177
6,467,16345000,16345000,1818,3030,16380000,7193
6,468,16380000,16380000,1818,3030,16415000,7207
6,469,16415000,16415000,1818,3030,16450000,7224
6,47,1645000,1645000,1818,3030,1680000,735
6,470,16450000,16450000,1818,3030,16485000,7238
6,471,16485000,16485000,1818,3030,16520000,7255
6,472,16520000,16520000,1818,3030,16555000,7266
6,473,16555000,16555000,1818,3030,16590000,7285
6,474,16590000,16590000,1818,3030,16625000,7300
6,475,16625000,16625000,1818,3030,16660000,7316
6,476,16660000,16660000,1818,3030,16695000,7329
6,477,16695000,16695000,1818,3030,16730000,7347
6,478,16730000,16730000,1818,3030,16765000,7360
6,479,16765000,16765000,1818,3030,16800000,7378
6,48,1680000,1680000,1818,3030,1715000,749
6,480,16800000,16800000,1818,3030,16835000,7392
6,481,16835000,16835000,1818,3030,16870000,7407
6,482,16870000,16870000,1818,3030,16905000,7423
6,483,16905000,16905000,1818,3030,16940000,7438
6,484,16940000,16940000,1818,3030,16975000,7452
6,485,16975000,16975000,1818,3030,17010000,7470
6,486,17010000,17010000,1818,3030,17045000,7484
6,487,17045000,17045000,1818,3030,17080000,7501
6,488,17080000,17080000,1818,3030,17115000,7514
6,489,17115000,17115000,1818,3030,17150000,7530
6,49,1715000,1715000,1818,3030,1750000,764
6,490,17150000,17150000,1818,3030,17185000,7545
6,491,17185000,17185000,1818,3030,17220000,7564
6,492,17220000,17220000,1818,3030,17255000,7575
6,493,17255000,17255000,1818,3030,17290000,7593
6,494,17290000,17290000,1818,3030,17325000,7606
6,495,17325000,17325000,1818,3030,17360000,7623
6,496,17360000,17360000,1818,3030,17395000,7637
6,497,17395000,17395000,1818,3030,17430000,7653
6,498,17430000,17430000,1818,3030,17465000,7669
6,499,17465000,17465000,1818,3030,17500000,7686
6,5,175000,175000,1818,3030,210000,88
6,50,1750000,1750000,1818,3030,1785000,780
6,500,17500000,17500000,1818,3030,17535000,7698
6,501,17535000,17535000,1818,3030,17570000,7715
6,502,17570000,17570000,1818,3030,17605000,7731
6,503,17605000,17605000,1818,3030,17640000,7747
6,504,17640000,17640000,1818,3030,17675000,7760
6,505,17675000,17675000,1818,3030,17710000,7776
6,506,17710000,17710000,1818,3030,17745000,7791
6,507,17745000,17745000,1818,3030,17780000,7809
6,508,17780000,17780000,1818,3030,17815000,7820
6,509,17815000,17815000,1818,3030,17850000,7839
6,51,1785000,1785000,1818,3030,1820000,797
6,510,17850000,17850000,1818,3030,17885000,7854
6,511,17885000,17885000,1818,3030,17920000,7869
6,512,17920000,17920000,1818,3030,17955000,7883
6,513,17955000,17955000,1818,3030,17990000,7900
6,514,17990000,17990000,1818,3030,18025000,7914
6,515,18025000,18025000,1818,3030,18060000,7932
6,516,18060000,18060000,1818,3030,18095000,7944
6,517,18095000,18095000,1818,3030,18130000,7961
6,518,18130000,18130000,1818,3030,18165000,7977
6,519,18165000,18165000,1818,3030,18200000,7992
6,52,1820000,1820000,1818,3030,1855000,809
6,520,18200000,18200000,1818,3030,18235000,8005
6,521,18235000,18235000,1818,3030,18270000,8024
6,522,18270000,18270000,1818,3030,18305000,8037
6,523,18305000,18305000,1818,3030,18340000,8055
6,524,18340000,18340000,1818,3030,18375000,8068
6,525,18375000,18375000,1818,3030,18410000,8084
6,526,18410000,18410000,1818,3030,18445000,8099
6,527,18445000,18445000,1818,3030,18480000,8115
6,53,1855000,1855000,1818,3030,1890000,827
6,54,1890000,1890000,1818,3030,1925000,841
6,55,1925000,1925000,1818,3030,1960000,858
6,56,1960000,1960000,1818,3030,1995000,871
6,57,1995000,1995000,1818,3030,2030000,887
6,58,2030000,2030000,1818,3030,2065000,902
6,59,2065000,2065000,1818,3030,2100000,921
6,6,210000,210000,1818,3030,245000,104
6,60,2100000,2100000,1818,3030,2135000,932
6,61,2135000,2135000,1818,3030,2170000,950
6,62,2170000,2170000,1818,3030,2205000,965
6,63,2205000,2205000,1818,3030,2240000,980
6,64,2240000,2240000,1818,3030,2275000,994
6,65,2275000,2275000,1818,3030,2310000,1010
6,66,2310000,2310000,1818,3030,2345000,1026
6,67,2345000,2345000,1818,3030,2380000,1043
6,68,2380000,2380000,1818,3030,2415000,1055
6,69,2415000,2415000,1818,3030,2450000,1072
6,7,245000,245000,1818,3030,280000,121
6,70,2450000,2450000,1818,3030,2485000,1088
6,71,2485000,2485000,1818,3030,2520000,1104
6,72,2520000,2520000,1818,3030,2555000,1117
6,73,2555000,2555000,1818,3030,2590000,1135
6,74,2590000,2590000,1818,3030,2625000,1148
6,75,2625000,2625000,1818,3030,2660000,1166
6,76,2660000,2660000,1818,3030,2695000,1177
6,77,2695000,2695000,1818,3030,2730000,1196
6,78,2730000,2730000,1818,3030,2765000,1211
6,79,2765000,2765000,1818,3030,2800000,1226
6,8,280000,280000,1818,3030,315000,132
6,80,2800000,2800000,1818,3030,2835000,1240
6,81,2835000,2835000,1818,3030,2870000,1257
6,82,2870000,2870000,1818,3030,2905000,1271
6,83,2905000,2905000,1818,3030,2940000,1289
6,84,2940000,2940000,1818,3030,2975000,1303
6,85,2975000,2975000,1818,3030,3010000,1318
6,86,3010000,3010000,1818,3030,3045000,1334
6,87,3045000,3045000,1818,3030,3080000,1349
6,88,3080000,3080000,1818,3030,3115000,1362
6,89,3115000,3115000,1818,3030,3150000,1381
6,9,315000,315000,1818,3030,350000,150
6,90,3150000,3150000,1818,3030,3185000,1394
6,91,3185000,3185000,1818,3030,3220000,1412
6,92,3220000,3220000,1818,3030,3255000,1425
6,93,3255000,3255000,1818,3030,3290000,1441
6,94,3290000,3290000,1818,3030,3325000,1456
6,95,3325000,3325000,1818,3030,3360000,1474
6,96,3360000,3360000,1818,3030,3395000,1486
6,97,3395000,3395000,1818,3030,3430000,1503
6,98,3430000,3430000,1818,3030,3465000,1517
6,99,3465000,3465000,1818,3030,3500000,1534
7,0,0,0,8875,14791,55000,17
7,1,55000,55000,8875,14791,110000,44
7,10,550000,550000,8875,14791,605000,261
7,100,5500000,5500000,8875,14791,5555000,2434
7,101,5555000,5555000,8875,14791,5610000,2461
7,102,5610000,5610000,8875,14791,5665000,2482
7,103,5665000,5665000,8875,14791,5720000,2509
7,104,5720000,5720000,8875,14791,5775000,2532
7,105,5775000,5775000,8875,14791,5830000,2556
7,106,5830000,5830000,8875,14791,5885000,2581
7,107,5885000,5885000,8875,14791,5940000,2606
7,108,5940000,5940000,8875,14791,5995000,2627
7,109,5995000,5995000,8875,14791,6050000,2652
7,11,605000,605000,8875,14791,660000,286
7,110,6050000,6050000,8875,14791,6105000,2677
7,111,6105000,6105000,8875,14791,6160000,2703
7,112,6160000,6160000,8875,14791,6215000,2724
7,113,6215000,6215000,8875,14791,6270000,2751
7,114,6270000,6270000,8875,14791,6325000,2773
7,115,6325000,6325000,8875,14791,6380000,2799
7,116,6380000,6380000,8875,14791,6435000,2820
7,117,6435000,6435000,8875,14791,6490000,2847
7,118,6490000,6490000,8875,14791,6545000,2871
7,119,6545000,6545000,8875,14791,6600000,2896
7,12,660000,660000,8875,14791,715000,307
7,120,6600000,6600000,8875,14791,6655000,2918
7,121,6655000,6655000,8875,14791,6710000,2942
7,122,6710000,6710000,8875,14791,6765000,2967
7,123,6765000,6765000,8875,14791,6820000,2992
7,124,6820000,6820000,8875,14791,6875000,3014
7,125,6875000,6875000,8875,14791,6930000,3041
7,126,6930000,6930000,8875,14791,6985000,3063
7,127,6985000,6985000,8875,14791,7040000,3089
7,128,7040000,7040000,8875,14791,7095000,3110
7,129,7095000,7095000,8875,14791,7150000,3137
7,13,715000,715000,8875,14791,770000,334
7,130,7150000,7150000,8875,14791,7205000,3160
7,131,7205000,7205000,8875,14791,7260000,3186
7,132,7260000,7260000,8875,14791,7315000,3208
7,133,7315000,7315000,8875,14791,7370000,3233
7,134,7370000,7370000,8875,14791,7425000,3257
7,135,7425000,7425000,8875,14791,7480000,3282
7,136,7480000,7480000,8875,14791,7535000,3305
7,137,7535000,7535000,8875,14791,7590000,3329
7,138,7590000,7590000,8875,14791,7645000,3353
7,139,7645000,7645000,8875,14791,7700000,3380
7,14,770000,770000,8875,14791,825000,357
7,140,7700000,7700000,8875,14791,7755000,3400
7,141,7755000,7755000,8875,14791,7810000,3427
7,142,7810000,7810000,8875,14791,7865000,3450
7,143,7865000,7865000,8875,14791,7920000,3476
7,144,7920000,7920000,8875,14791,7975000,3496
7,145,7975000,7975000,8875,14791,8030000,3523
7,146,8030000,8030000,8875,14791,8085000,3548
7,147,8085000,8085000,8875,14791,8140000,3572
7,148,8140000,8140000,8875,14791,8195000,3595
7,149,8195000,8195000,8875,14791,8250000,3620
7,15,825000,825000,8875,14791,880000,383
7,150,8250000,8250000,8875,14791,8305000,3643
7,151,8305000,8305000,8875,14791,8360000,3668
7,152,8360000,8360000,8875,14791,8415000,3691
7,153,8415000,8415000,8875,14791,8470000,3717
7,154,8470000,8470000,8875,14791,8525000,3740
7,155,8525000,8525000,8875,14791,8580000,3767
7,156,8580000,8580000,8875,14791,8635000,3786
7,157,8635000,8635000,8875,14791,8690000,3813
7,158,8690000,8690000,8875,14791,8745000,3836
7,159,8745000,8745000,8875,14791,8800000,3862
7,16,880000,880000,8875,14791,935000,404
7,160,8800000,8800000,8875,14791,8855000,3885
7,161,8855000,8855000,8875,14791,8910000,3910
7,162,8910000,8910000,8875,14791,8965000,3934
7,163,8965000,8965000,8875,14791,9020000,3958
7,164,9020000,9020000,8875,14791,9075000,3981
7,165,9075000,9075000,8875,14791,9130000,4006
7,166,9130000,9130000,8875,14791,9185000,4030
7,167,9185000,9185000,8875,14791,9240000,4057
7,168,9240000,9240000,8875,14791,9295000,4077
7,169,9295000,9295000,8875,14791,9350000,4103
7,17,935000,935000,8875,14791,990000,431
7,170,9350000,9350000,8875,14791,9405000,4126
7,171,9405000,9405000,8875,14791,9460000,4153
7,172,9460000,9460000,8875,14791,9515000,4173
7,173,9515000,9515000,8875,14791,9570000,4200
7,174,9570000,9570000,8875,14791,9625000,4224
7,175,9625000,9625000,8875,14791,9680000,4248
7,176,9680000,9680000,8875,14791,9735000,4271
7,177,9735000,9735000,8875,14791,9790000,4296
7,178,9790000,9790000,8875,14791,9845000,4321
7,179,9845000,9845000,8875,14791,9900000,4345
7,18,990000,990000,8875,14791,1045000,453
7,180,9900000,9900000,8875,14791,9955000,4367
7,181,9955000,9955000,8875,14791,10010000,4394
7,182,10010000,10010000,8875,14791,10065000,4416
7,183,10065000,10065000,8875,14791,10120000,4443
7,184,10120000,10120000,8875,14791,10175000,4464
7,185,10175000,10175000,8875,14791,10230000,4490
7,186,10230000,10230000,8875,14791,10285000,4512
7,187,10285000,10285000,8875,14791,10340000,4539
7,188,10340000,10340000,8875,14791,10395000,4561
7,189,10395000,10395000,8875,14791,10450000,4586
7,19,1045000,1045000,8875,14791,1100000,479
7,190,10450000,10450000,8875,14791,10505000,4611
7,191,10505000,10505000,8875,14791,10560000,4635
7,192,10560000,10560000,8875,14791,10615000,4657
7,193,10615000,10615000,8875,14791,10670000,4682
7,194,10670000,10670000,8875,14791,10725000,4707
7,195,10725000,10725000,8875,14791,10780000,4733
7,196,10780000,10780000,8875,14791,10835000,4754
7,197,10835000,10835000,8875,14791,10890000,4781
7,198,10890000,10890000,8875,14791,10945000,4802
7,199,10945000,10945000,8875,14791,11000000,4829
7,2,110000,110000,8875,14791,165000,67
7,20,1100000,1100000,8875,14791,1155000,502
7,200,11000000,11000000,8875,14791,11055000,4850
7,201,11055000,11055000,8875,14791,11110000,4876
7,202,11110000,11110000,8875,14791,11165000,4901
7,203,11165000,11165000,8875,14791,11220000,4926
7,204,11220000,11220000,8875,14791,11275000,4947
7,205,11275000,11275000,8875,14791,11330000,4972
7,206,11330000,11330000,8875,14791,11385000,4997
7,207,11385000,11385000,8875,14791,11440000,5021
7,208,11440000,11440000,8875,14791,11495000,5044
7,209,11495000,11495000,8875,14791,11550000,5071
7,21,1155000,1155000,8875,14791,1210000,527
7,210,11550000,11550000,8875,14791,11605000,5093
7,211,11605000,11605000,8875,14791,11660000,5119
7,212,11660000,11660000,8875,14791,11715000,5140
7,213,11715000,11715000,8875,14791,11770000,5167
7,214,11770000,11770000,8875,14791,11825000,5189
7,215,11825000,11825000,8875,14791,11880000,5216
7,216,11880000,11880000,8875,14791,11935000,5238
7,217,11935000,11935000,8875,14791,11990000,5262
7,218,11990000,11990000,8875,14791,12045000,5287
7,219,12045000,12045000,8875,14791,12100000,5312
7,22,1210000,1210000,8875,14791,1265000,551
7,220,12100000,12100000,8875,14791,12155000,5334
7,221,12155000,12155000,8875,14791,12210000,5359
7,222,12210000,12210000,8875,14791,12265000,5383
7,223,12265000,12265000,8875,14791,12320000,5409
7,224,12320000,12320000,8875,14791,12375000,5430
7,225,12375000,12375000,8875,14791,12430000,5457
7,226,12430000,12430000,8875,14791,12485000,5480
7,227,12485000,12485000,8875,14791,12540000,5506
7,228,12540000,12540000,8875,14791,12595000,5526
7,229,12595000,12595000,8875,14791,12650000,5553
7,23,1265000,1265000,8875,14791,1320000,576
7,230,12650000,12650000,8875,14791,12705000,5577
7,231,12705000,12705000,8875,14791,12760000,5602
7,232,12760000,12760000,8875,14791,12815000,5625
7,233,12815000,12815000,8875,14791,12870000,5649
7,234,12870000,12870000,8875,14791,12925000,5673
7,235,12925000,12925000,8875,14791,12980000,5698
7,236,12980000,12980000,8875,14791,13035000,5720
7,237,13035000,13035000,8875,14791,13090000,5747
7,238,13090000,13090000,8875,14791,13145000,5770
7,239,13145000,13145000,8875,14791,13200000,5796
7,24,1320000,1320000,8875,14791,1375000,598
7,240,13200000,13200000,8875,14791,13255000,5816
7,241,13255000,13255000,8875,14791,13310000,5843
7,242,13310000,13310000,8875,14791,13365000,5866
7,243,13365000,13365000,8875,14791,13420000,5892
7,244,13420000,13420000,8875,14791,13475000,5915
7,245,13475000,13475000,8875,14791,13530000,5940
7,246,13530000,13530000,8875,14791,13585000,5963
7,247,13585000,13585000,8875,14791,13640000,5988
7,248,13640000,13640000,8875,14791,13695000,6011
7,249,13695000,13695000,8875,14791,13750000,6035
7,25,1375000,1375000,8875,14791,1430000,622
7,250,13750000,13750000,8875,14791,13805000,6060
7,251,13805000,13805000,8875,14791,13860000,6087
7,252,13860000,13860000,8875,14791,13915000,6106
7,253,13915000,13915000,8875,14791,13970000,6133
7,254,13970000,13970000,8875,14791,14025000,6156
7,255,14025000,14025000,8875,14791,14080000,6182
7,256,14080000,14080000,8875,14791,14135000,6203
7,257,14135000,14135000,8875,14791,14190000,6230
7,258,14190000,14190000,8875,14791,14245000,6254
7,259,14245000,14245000,8875,14791,14300000,6278
7,26,1430000,1430000,8875,14791,1485000,647
7,260,14300000,14300000,8875,14791,14355000,6301
7,261,14355000,14355000,8875,14791,14410000,6326
7,262,14410000,14410000,8875,14791,14465000,6350
7,263,14465000,14465000,8875,14791,14520000,6375
7,264,14520000,14520000,8875,14791,14575000,6397
7,265,14575000,14575000,8875,14791,14630000,6423
7,266,14630000,14630000,8875,14791,14685000,6446
7,267,14685000,14685000,8875,14791,14740000,6473
7,268,14740000,14740000,8875,14791,14795000,6493
7,269,14795000,14795000,8875,14791,14850000,6520
7,27,1485000,1485000,8875,14791,1540000,674
7,270,14850000,14850000,8875,14791,14905000,6542
7,271,14905000,14905000,8875,14791,14960000,6568
7,272,14960000,14960000,8875,14791,15015000,6591
7,273,15015000,15015000,8875,14791,15070000,6616
7,274,15070000,15070000,8875,14791,15125000,6641
7,275,15125000,15125000,8875,14791,15180000,6665
7,276,15180000,15180000,8875,14791,15235000,6687
7,277,15235000,15235000,8875,14791,15290000,6712
7,278,15290000,15290000,8875,14791,15345000,6736
7,279,15345000,15345000,8875,14791,15400000,6763
7,28,1540000,1540000,8875,14791,1595000,694
7,280,15400000,15400000,8875,14791,15455000,6784
7,281,15455000,15455000,8875,14791,15510000,6810
7,282,15510000,15510000,8875,14791,15565000,6832
7,283,15565000,15565000,8875,14791,15620000,6859
7,284,15620000,15620000,8875,14791,15675000,6879
7,285,15675000,15675000,8875,14791,15730000,6906
7,286,15730000,15730000,8875,14791,15785000,6931
7,287,15785000,15785000,8875,14791,15840000,6955
7,288,15840000,15840000,8875,14791,15895000,6977
7,289,15895000,15895000,8875,14791,15950000,7002
7,29,1595000,1595000,8875,14791,1650000,721
7,290,15950000,15950000,8875,14791,16005000,7027
7,291,16005000,16005000,8875,14791,16060000,7051
7,292,16060000,16060000,8875,14791,16115000,7074
7,293,16115000,16115000,8875,14791,16170000,7101
7,294,16170000,16170000,8875,14791,16225000,7122
7,295,16225000,16225000,8875,14791,16280000,7149
7,296,16280000,16280000,8875,14791,16335000,7170
7,297,16335000,16335000,8875,14791,16390000,7196
7,298,16390000,16390000,8875,14791,16445000,7219
7,299,16445000,16445000,8875,14791,16500000,7246
7,3,165000,165000,8875,14791,220000,93
7,30,1650000,1650000,8875,14791,1705000,743
7,300,16500000,16500000,8875,14791,16555000,7267
7,301,16555000,16555000,8875,14791,16610000,7292
7,302,16610000,16610000,8875,14791,16665000,7317
7,303,16665000,16665000,8875,14791,16720000,7341
7,304,16720000,16720000,8875,14791,16775000,7364
7,305,16775000,16775000,8875,14791,16830000,7389
7,306,16830000,16830000,8875,14791,16885000,7413
7,307,16885000,16885000,8875,14791,16940000,7439
7,308,16940000,16940000,8875,14791,16995000,7460
7,309,16995000,16995000,8875,14791,17050000,7487
7,31,1705000,1705000,8875,14791,1760000,769
7,310,17050000,17050000,8875,14791,17105000,7509
7,311,17105000,17105000,8875,14791,17160000,7536
7,312,17160000,17160000,8875,14791,17215000,7556
7,313,17215000,17215000,8875,14791,17270000,7582
7,314,17270000,17270000,8875,14791,17325000,7607
7,315,17325000,17325000,8875,14791,17380000,7632
7,316,17380000,17380000,8875,14791,17435000,7654
7,317,17435000,17435000,8875,14791,17490000,7679
7,318,17490000,17490000,8875,14791,17545000,7703
7,319,17545000,17545000,8875,14791,17600000,7727
7,32,1760000,1760000,8875,14791,1815000,790
7,320,17600000,17600000,8875,14791,17655000,7750
7,321,17655000,17655000,8875,14791,17710000,7777
7,322,17710000,17710000,8875,14791,17765000,7800
7,323,17765000,17765000,8875,14791,17820000,7826
7,324,17820000,17820000,8875,14791,17875000,7846
7,325,17875000,17875000,8875,14791,17930000,7873
7,326,17930000,17930000,8875,14791,17985000,7895
7,327,17985000,17985000,8875,14791,18040000,7922
7,328,18040000,18040000,8875,14791,18095000,7945
7,329,18095000,18095000,8875,14791,18150000,7969
7,33,1815000,1815000,8875,14791,1870000,817
7,330,18150000,18150000,8875,14791,18205000,7993
7,331,18205000,18205000,8875,14791,18260000,8018
7,332,18260000,18260000,8875,14791,18315000,8040
7,333,18315000,18315000,8875,14791,18370000,8065
7,334,18370000,18370000,8875,14791,18425000,8090
7,335,18425000,18425000,8875,14791,18480000,8116
7,34,1870000,1870000,8875,14791,1925000,842
7,35,1925000,1925000,8875,14791,1980000,866
7,36,1980000,1980000,8875,14791,2035000,888
7,37,2035000,2035000,8875,14791,2090000,913
7,38,2090000,2090000,8875,14791,2145000,937
7,39,2145000,2145000,8875,14791,2200000,962
7,4,220000,220000,8875,14791,275000,114
7,40,2200000,2200000,8875,14791,2255000,985
7,41,2255000,2255000,8875,14791,2310000,1011
7,42,2310000,2310000,8875,14791,2365000,1033
7,43,2365000,2365000,8875,14791,2420000,1060
7,44,2420000,2420000,8875,14791,2475000,1080
7,45,2475000,2475000,8875,14791,2530000,1107
7,46,2530000,2530000,8875,14791,2585000,1130
7,47,2585000,2585000,8875,14791,2640000,1156
7,48,2640000,2640000,8875,14791,2695000,1178
7,49,2695000,2695000,8875,14791,2750000,1203
7,5,275000,275000,8875,14791,330000,141
7,50,2750000,2750000,8875,14791,2805000,1228
7,51,2805000,2805000,8875,14791,2860000,1252
7,52,2860000,2860000,8875,14791,2915000,1275
7,53,2915000,2915000,8875,14791,2970000,1300
7,54,2970000,2970000,8875,14791,3025000,1323
7,55,3025000,3025000,8875,14791,3080000,1350
7,56,3080000,3080000,8875,14791,3135000,1371
7,57,3135000,3135000,8875,14791,3190000,1397
7,58,3190000,3190000,8875,14791,3245000,1420
7,59,3245000,3245000,8875,14791,3300000,1447
7,6,330000,330000,8875,14791,385000,164
7,60,3300000,3300000,8875,14791,3355000,1466
7,61,3355000,3355000,8875,14791,3410000,1493
7,62,3410000,3410000,8875,14791,3465000,1518
7,63,3465000,3465000,8875,14791,3520000,1542
7,64,3520000,3520000,8875,14791,3575000,1565
7,65,3575000,3575000,8875,14791,3630000,1590
7,66,3630000,3630000,8875,14791,3685000,1614
7,67,3685000,3685000,8875,14791,3740000,1638
7,68,3740000,3740000,8875,14791,3795000,1661
7,69,3795000,3795000,8875,14791,3850000,1688
7,7,385000,385000,8875,14791,440000,189
7,70,3850000,3850000,8875,14791,3905000,1710
7,71,3905000,3905000,8875,14791,3960000,1737
7,72,3960000,3960000,8875,14791,4015000,1757
7,73,4015000,4015000,8875,14791,4070000,1783
7,74,4070000,4070000,8875,14791,4125000,1806
7,75,4125000,4125000,8875,14791,4180000,1833
7,76,4180000,4180000,8875,14791,4235000,1855
7,77,4235000,4235000,8875,14791,4290000,1880
7,78,4290000,4290000,8875,14791,4345000,1904
7,79,4345000,4345000,8875,14791,4400000,1928
7,8,440000,440000,8875,14791,495000,212
7,80,4400000,4400000,8875,14791,4455000,1951
7,81,4455000,4455000,8875,14791,4510000,1976
7,82,4510000,4510000,8875,14791,4565000,2001
7,83,4565000,4565000,8875,14791,4620000,2027
7,84,4620000,4620000,8875,14791,4675000,2047
7,85,4675000,4675000,8875,14791,4730000,2074
7,86,4730000,4730000,8875,14791,4785000,2096
7,87,4785000,4785000,8875,14791,4840000,2123
7,88,4840000,4840000,8875,14791,4895000,2144
7,89,4895000,4895000,8875,14791,4950000,2170
7,9,495000,495000,8875,14791,550000,236
7,90,4950000,4950000,8875,14791,5005000,2194
7,91,5005000,5005000,8875,14791,5060000,2219
7,92,5060000,5060000,8875,14791,5115000,2241
7,93,5115000,5115000,8875,14791,5170000,2266
7,94,5170000,5170000,8875,14791,5225000,2291
7,95,5225000,5225000,8875,14791,5280000,2315
7,96,5280000,5280000,8875,14791,5335000,2337
7,97,5335000,5335000,8875,14791,5390000,2364
7,98,5390000,5390000,8875,14791,5445000,2387
7,99,5445000,5445000,8875,14791,5500000,2413
8,0,0,0,9498,15829,55000,18
8,1,55000,55000,9498,15829,110000,45
8,10,550000,550000,9498,15829,605000,262
8,100,5500000,5500000,9498,15829,5555000,2435
8,101,5555000,5555000,9498,15829,5610000,2462
8,102,5610000,5610000,9498,15829,5665000,2483
8,103,5665000,5665000,9498,15829,5720000,2510
8,104,5720000,5720000,9498,15829,5775000,2533
8,105,5775000,5775000,9498,15829,5830000,2557
8,106,5830000,5830000,9498,15829,5885000,2582
8,107,5885000,5885000,9498,15829,5940000,2607
8,108,5940000,5940000,9498,15829,5995000,2628
8,109,5995000,5995000,9498,15829,6050000,2653
8,11,605000,605000,9498,15829,660000,287
8,110,6050000,6050000,9498,15829,6105000,2678
8,111,6105000,6105000,9498,15829,6160000,2704
8,112,6160000,6160000,9498,15829,6215000,2725
8,113,6215000,6215000,9498,15829,6270000,2752
8,114,6270000,6270000,9498,15829,6325000,2774
8,115,6325000,6325000,9498,15829,6380000,2800
8,116,6380000,6380000,9498,15829,6435000,2821
8,117,6435000,6435000,9498,15829,6490000,2848
8,118,6490000,6490000,9498,15829,6545000,2872
8,119,6545000,6545000,9498,15829,6600000,2897
8,12,660000,660000,9498,15829,715000,308
8,120,6600000,6600000,9498,15829,6655000,2919
8,121,6655000,6655000,9498,15829,6710000,2943
8,122,6710000,6710000,9498,15829,6765000,2968
8,123,6765000,6765000,9498,15829,6820000,2993
8,124,6820000,6820000,9498,15829,6875000,3015
8,125,6875000,6875000,9498,15829,6930000,3042
8,126,6930000,6930000,9498,15829,6985000,3064
8,127,6985000,6985000,9498,15829,7040000,3090
8,128,7040000,7040000,9498,15829,7095000,3111
8,129,7095000,7095000,9498,15829,7150000,3138
8,13,715000,715000,9498,15829,770000,335
8,130,7150000,7150000,9498,15829,7205000,3161
8,131,7205000,7205000,9498,15829,7260000,3187
8,132,7260000,7260000,9498,15829,7315000,3209
8,133,7315000,7315000,9498,15829,7370000,3234
8,134,7370000,7370000,9498,15829,7425000,3258
8,135,7425000,7425000,9498,15829,7480000,3283
8,136,7480000,7480000,9498,15829,7535000,3306
8,137,7535000,7535000,9498,15829,7590000,3330
8,138,7590000,7590000,9498,15829,7645000,3354
8,139,7645000,7645000,9498,15829,7700000,3381
8,14,770000,770000,9498,15829,825000,358
8,140,7700000,7700000,9498,15829,7755000,3401
8,141,7755000,7755000,9498,15829,7810000,3428
8,142,7810000,7810000,9498,15829,7865000,3451
8,143,7865000,7865000,9498,15829,7920000,3477
8,144,7920000,7920000,9498,15829,7975000,3497
8,145,7975000,7975000,9498,15829,8030000,3524
8,146,8030000,8030000,9498,15829,8085000,3549
8,147,8085000,8085000,9498,15829,8140000,3573
8,148,8140000,8140000,9498,15829,8195000,3596
8,149,8195000,8195000,9498,15829,8250000,3621
8,15,825000,825000,9498,15829,880000,384
8,150,8250000,8250000,9498,15829,8305000,3644
8,151,8305000,8305000,9498,15829,8360000,3669
8,152,8360000,8360000,9498,15829,8415000,3692
8,153,8415000,8415000,9498,15829,8470000,3718
8,154,8470000,8470000,9498,15829,8525000,3741
8,155,8525000,8525000,9498,15829,8580000,3768
8,156,8580000,8580000,9498,15829,8635000,3787
8,157,8635000,8635000,9498,15829,8690000,3814
8,158,8690000,8690000,9498,15829,8745000,3837
8,159,8745000,8745000,9498,15829,8800000,3863
8,16,880000,880000,9498,15829,935000,405
8,160,8800000,8800000,9498,15829,8855000,3886
8,161,8855000,8855000,9498,15829,8910000,3911
8,162,8910000,8910000,9498,15829,8965000,3935
8,163,8965000,8965000,9498,15829,9020000,3959
8,164,9020000,9020000,9498,15829,9075000,3982
8,165,9075000,9075000,9498,15829,9130000,4007
8,166,9130000,9130000,9498,15829,9185000,4031
8,167,9185000,9185000,9498,15829,9240000,4058
8,168,9240000,9240000,9498,15829,9295000,4078
8,169,9295000,9295000,9498,15829,9350000,4104
8,17,935000,935000,9498,15829,990000,432
8,170,9350000,9350000,9498,15829,9405000,4127
8,171,9405000,9405000,9498,15829,9460000,4154
8,172,9460000,9460000,9498,15829,9515000,4174
8,173,9515000,9515000,9498,15829,9570000,4201
8,174,9570000,9570000,9498,15829,9625000,4225
8,175,9625000,9625000,9498,15829,9680000,4249
8,176,9680000,9680000,9498,15829,9735000,4272
8,177,9735000,9735000,9498,15829,9790000,4297
8,178,9790000,9790000,9498,15829,9845000,4322
8,179,9845000,9845000,9498,15829,9900000,4346
8,18,990000,990000,9498,15829,1045000,454
8,180,9900000,9900000,9498,15829,9955000,4368
8,181,9955000,9955000,9498,15829,10010000,4395
8,182,10010000,10010000,9498,15829,10065000,4417
8,183,10065000,10065000,9498,15829,10120000,4444
8,184,10120000,10120000,9498,15829,10175000,4465
8,185,10175000,10175000,9498,15829,10230000,4491
8,186,10230000,10230000,9498,15829,10285000,4513
8,187,10285000,10285000,9498,15829,10340000,4540
8,188,10340000,10340000,9498,15829,10395000,4562
8,189,10395000,10395000,9498,15829,10450000,4587
8,19,1045000,1045000,9498,15829,1100000,480
8,190,10450000,10450000,9498,15829,10505000,4612
8,191,10505000,10505000,9498,15829,10560000,4636
8,192,10560000,10560000,9498,15829,10615000,4658
8,193,10615000,10615000,9498,15829,10670000,4683
8,194,10670000,10670000,9498,15829,10725000,4708
8,195,10725000,10725000,9498,15829,10780000,4734
8,196,10780000,10780000,9498,15829,10835000,4755
8,197,10835000,10835000,9498,15829,10890000,4782
8,198,10890000,10890000,9498,15829,10945000,4803
8,199,10945000,10945000,9498,15829,11000000,4830
8,2,110000,110000,9498,15829,165000,68
8,20,1100000,1100000,9498,15829,1155000,503
8,200,11000000,11000000,9498,15829,11055000,4851
8,201,11055000,11055000,9498,15829,11110000,4877
8,202,11110000,11110000,9498,15829,11165000,4902
8,203,11165000,11165000,9498,15829,11220000,4927
8,204,11220000,11220000,9498,15829,11275000,4948
8,205,11275000,11275000,9498,15829,11330000,4973
8,206,11330000,11330000,9498,15829,11385000,4998
8,207,11385000,11385000,9498,15829,11440000,5022
8,208,11440000,11440000,9498,15829,11495000,5045
8,209,11495000,11495000,9498,15829,11550000,5072
8,21,1155000,1155000,9498,15829,1210000,528
8,210,11550000,11550000,9498,15829,11605000,5094
8,211,11605000,11605000,9498,15829,11660000,5120
8,212,11660000,11660000,9498,15829,11715000,5141
8,213,11715000,11715000,9498,15829,11770000,5168
8,214,11770000,11770000,9498,15829,11825000,5190
8,215,11825000,11825000,9498,15829,11880000,5217
8,216,11880000,11880000,9498,15829,11935000,5239
8,217,11935000,11935000,9498,15829,11990000,5263
8,218,11990000,11990000,9498,15829,12045000,5288
8,219,12045000,12045000,9498,15829,12100000,5313
8,22,1210000,1210000,9498,15829,1265000,552
8,220,12100000,12100000,9498,15829,12155000,5335
8,221,12155000,12155000,9498,15829,12210000,5360
8,222,12210000,12210000,9498,15829,12265000,5384
8,223,12265000,12265000,9498,15829,12320000,5410
8,224,12320000,12320000,9498,15829,12375000,5431
8,225,12375000,12375000,9498,15829,12430000,5458
8,226,12430000,12430000,9498,15829,12485000,5481
8,227,12485000,12485000,9498,15829,12540000,5507
8,228,12540000,12540000,9498,15829,12595000,5527
8,229,12595000,12595000,9498,15829,12650000,5554
8,23,1265000,1265000,9498,15829,1320000,577
8,230,12650000,12650000,9498,15829,12705000,5578
8,231,12705000,12705000,9498,15829,12760000,5603
8,232,12760000,12760000,9498,15829,12815000,5626
8,233,12815000,12815000,9498,15829,12870000,5650
8,234,12870000,12870000,9498,15829,12925000,5674
8,235,12925000,12925000,9498,15829,12980000,5699
8,236,12980000,12980000,9498,15829,13035000,5721
8,237,13035000,13035000,9498,15829,13090000,5748
8,238,13090000,13090000,9498,15829,13145000,5771
8,239,13145000,13145000,9498,15829,13200000,5797
8,24,1320000,1320000,9498,15829,1375000,599
8,240,13200000,13200000,9498,15829,13255000,5817
8,241,13255000,13255000,9498,15829,13310000,5844
8,242,13310000,13310000,9498,15829,13365000,5867
8,243,13365000,13365000,9498,15829,13420000,5893
8,244,13420000,13420000,9498,15829,13475000,5916
8,245,13475000,13475000,9498,15829,13530000,5941
8,246,13530000,13530000,9498,15829,13585000,5964
8,247,13585000,13585000,9498,15829,13640000,5989
8,248,13640000,13640000,9498,15829,13695000,6012
8,249,13695000,13695000,9498,15829,13750000,6036
8,25,1375000,1375000,9498,15829,1430000,623
8,250,13750000,13750000,9498,15829,13805000,6061
8,251,13805000,13805000,9498,15829,13860000,6088
8,252,13860000,13860000,9498,15829,13915000,6107
8,253,13915000,13915000,9498,15829,13970000,6134
8,254,13970000,13970000,9498,15829,14025000,6157
8,255,14025000,14025000,9498,15829,14080000,6183
8,256,14080000,14080000,9498,15829,14135000,6204
8,257,14135000,14135000,9498,15829,14190000,6231
8,258,14190000,14190000,9498,15829,14245000,6255
8,259,14245000,14245000,9498,15829,14300000,6279
8,26,1430000,1430000,9498,15829,1485000,648
8,260,14300000,14300000,9498,15829,14355000,6302
8,261,14355000,14355000,9498,15829,14410000,6327
8,262,14410000,14410000,9498,15829,14465000,6351
8,263,14465000,14465000,9498,15829,14520000,6376
8,264,14520000,14520000,9498,15829,14575000,6398
8,265,14575000,14575000,9498,15829,14630000,6424
8,266,14630000,14630000,9498,15829,14685000,6447
8,267,14685000,14685000,9498,15829,14740000,6474
8,268,14740000,14740000,9498,15829,14795000,6494
8,269,14795000,14795000,9498,15829,14850000,6521
8,27,1485000,1485000,9498,15829,1540000,675
8,270,14850000,14850000,9498,15829,14905000,6543
8,271,14905000,14905000,9498,15829,14960000,6569
8,272,14960000,14960000,9498,15829,15015000,6592
8,273,15015000,15015000,9498,15829,15070000,6617
8,274,15070000,15070000,9498,15829,15125000,6642
8,275,15125000,15125000,9498,15829,15180000,6666
8,276,15180000,15180000,9498,15829,15235000,6688
8,277,15235000,15235000,9498,15829,15290000,6713
8,278,15290000,15290000,9498,15829,15345000,6737
8,279,15345000,15345000,9498,15829,15400000,6764
8,28,1540000,1540000,9498,15829,1595000,695
8,280,15400000,15400000,9498,15829,15455000,6785
8,281,15455000,15455000,9498,15829,15510000,6811
8,282,15510000,15510000,9498,15829,15565000,6833
8,283,15565000,15565000,9498,15829,15620000,6860
8,284,15620000,15620000,9498,15829,15675000,6880
8,285,15675000,15675000,9498,15829,15730000,6907
8,286,15730000,15730000,9498,15829,15785000,6932
8,287,15785000,15785000,9498,15829,15840000,6956
8,288,15840000,15840000,9498,15829,15895000,6978
8,289,15895000,15895000,9498,15829,15950000,7003
8,29,1595000,1595000,9498,15829,1650000,722
8,290,15950000,15950000,9498,15829,16005000,7028
8,291,16005000,16005000,9498,15829,16060000,7052
8,292,16060000,16060000,9498,15829,16115000,7075
8,293,16115000,16115000,9498,15829,16170000,7102
8,294,16170000,16170000,9498,15829,16225000,7123
8,295,16225000,16225000,9498,15829,16280000,7150
8,296,16280000,16280000,9498,15829,16335000,7171
8,297,16335000,16335000,9498,15829,16390000,7197
8,298,16390000,16390000,9498,15829,16445000,7220
8,299,16445000,16445000,9498,15829,16500000,7247
8,3,165000,165000,9498,15829,220000,94
8,30,1650000,1650000,9498,15829,1705000,744
8,300,16500000,16500000,9498,15829,16555000,7268
8,301,16555000,16555000,9498,15829,16610000,7293
8,302,16610000,16610000,9498,15829,16665000,7318
8,303,16665000,16665000,9498,15829,16720000,7342
8,304,16720000,16720000,9498,15829,16775000,7365
8,305,16775000,16775000,9498,15829,16830000,7390
8,306,16830000,16830000,9498,15829,16885000,7414
8,307,16885000,16885000,9498,15829,16940000,7440
8,308,16940000,16940000,9498,15829,16995000,7461
8,309,16995000,16995000,9498,15829,17050000,7488
8,31,1705000,1705000,9498,15829,1760000,770
8,310,17050000,17050000,9498,15829,17105000,7510
8,311,17105000,17105000,9498,15829,17160000,7537
8,312,17160000,17160000,9498,15829,17215000,7557
8,313,17215000,17215000,9498,15829,17270000,7583
8,314,17270000,17270000,9498,15829,17325000,7608
8,315,17325000,17325000,9498,15829,17380000,7633
8,316,17380000,17380000,9498,15829,17435000,7655
8,317,17435000,17435000,9498,15829,17490000,7680
8,318,17490000,17490000,9498,15829,17545000,7704
8,319,17545000,17545000,9498,15829,17600000,7728
8,32,1760000,1760000,9498,15829,1815000,791
8,320,17600000,17600000,9498,15829,17655000,7751
8,321,17655000,17655000,9498,15829,17710000,7778
8,322,17710000,17710000,9498,15829,17765000,7801
8,323,17765000,17765000,9498,15829,17820000,7827
8,324,17820000,17820000,9498,15829,17875000,7847
8,325,17875000,17875000,9498,15829,17930000,7874
8,326,17930000,17930000,9498,15829,17985000,7896
8,327,17985000,17985000,9498,15829,18040000,7923
8,328,18040000,18040000,9498,15829,18095000,7946
8,329,18095000,18095000,9498,15829,18150000,7970
8,33,1815000,1815000,9498,15829,1870000,818
8,330,18150000,18150000,9498,15829,18205000,7994
8,331,18205000,18205000,9498,15829,18260000,8019
8,332,18260000,18260000,9498,15829,18315000,8041
8,333,18315000,18315000,9498,15829,18370000,8066
8,334,18370000,18370000,9498,15829,18425000,8091
8,335,18425000,18425000,9498,15829,18480000,8117
8,34,1870000,1870000,9498,15829,1925000,843
8,35,1925000,1925000,9498,15829,1980000,867
8,36,1980000,1980000,9498,15829,2035000,889
8,37,2035000,2035000,9498,15829,2090000,914
8,38,2090000,2090000,9498,15829,2145000,938
8,39,2145000,2145000,9498,15829,2200000,963
8,4,220000,220000,9498,15829,275000,115
8,40,2200000,2200000,9498,15829,2255000,986
8,41,2255000,2255000,9498,15829,2310000,1012
8,42,2310000,2310000,9498,15829,2365000,1034
8,43,2365000,2365000,9498,15829,2420000,1061
8,44,2420000,2420000,9498,15829,2475000,1081
8,45,2475000,2475000,9498,15829,2530000,1108
8,46,2530000,2530000,9498,15829,2585000,1131
8,47,2585000,2585000,9498,15829,2640000,1157
8,48,2640000,2640000,9498,15829,2695000,1179
8,49,2695000,2695000,9498,15829,2750000,1204
8,5,275000,275000,9498,15829,330000,142
8,50,2750000,2750000,9498,15829,2805000,1229
8,51,2805000,2805000,9498,15829,2860000,1253
8,52,2860000,2860000,9498,15829,2915000,1276
8,53,2915000,2915000,9498,15829,2970000,1301
8,54,2970000,2970000,9498,15829,3025000,1324
8,55,3025000,3025000,9498,15829,3080000,1351
8,56,3080000,3080000,9498,15829,3135000,1372
8,57,3135000,3135000,9498,15829,3190000,1398
8,58,3190000,3190000,9498,15829,3245000,1421
8,59,3245000,3245000,9498,15829,3300000,1448
8,6,330000,330000,9498,15829,385000,165
8,60,3300000,3300000,9498,15829,3355000,1467
8,61,3355000,3355000,9498,15829,3410000,1494
8,62,3410000,3410000,9498,15829,3465000,1519
8,63,3465000,3465000,9498,15829,3520000,1543
8,64,3520000,3520000,9498,15829,3575000,1566
8,65,3575000,3575000,9498,15829,3630000,1591
8,66,3630000,3630000,9498,15829,3685000,1615
8,67,3685000,3685000,9498,15829,3740000,1639
8,68,3740000,3740000,9498,15829,3795000,1662
8,69,3795000,3795000,9498,15829,3850000,1689
8,7,385000,385000,9498,15829,440000,190
8,70,3850000,3850000,9498,15829,3905000,1711
8,71,3905000,3905000,9498,15829,3960000,1738
8,72,3960000,3960000,9498,15829,4015000,1758
8,73,4015000,4015000,9498,15829,4070000,1784
8,74,4070000,4070000,9498,15829,4125000,1807
8,75,4125000,4125000,9498,15829,4180000,1834
8,76,4180000,4180000,9498,15829,4235000,1856
8,77,4235000,4235000,9498,15829,4290000,1881
8,78,4290000,4290000,9498,15829,4345000,1905
8,79,4345000,4345000,9498,15829,4400000,1929
8,8,440000,440000,9498,15829,495000,213
8,80,4400000,4400000,9498,15829,4455000,1952
8,81,4455000,4455000,9498,15829,4510000,1977
8,82,4510000,4510000,9498,15829,4565000,2002
8,83,4565000,4565000,9498,15829,4620000,2028
8,84,4620000,4620000,9498,15829,4675000,2048
8,85,4675000,4675000,9498,15829,4730000,2075
8,86,4730000,4730000,9498,15829,4785000,2097
8,87,4785000,4785000,9498,15829,4840000,2124
8,88,4840000,4840000,9498,15829,4895000,2145
8,89,4895000,4895000,9498,15829,4950000,2171
8,9,495000,495000,9498,15829,550000,237
8,90,4950000,4950000,9498,15829,5005000,2195
8,91,5005000,5005000,9498,15829,5060000,2220
8,92,5060000,5060000,9498,15829,5115000,2242
8,93,5115000,5115000,9498,15829,5170000,2267
8,94,5170000,5170000,9498,15829,5225000,2292
8,95,5225000,5225000,9498,15829,5280000,2316
8,96,5280000,5280000,9498,15829,5335000,2338
8,97,5335000,5335000,9498,15829,5390000,2365
8,98,5390000,5390000,9498,15829,5445000,2388
8,99,5445000,5445000,9498,15829,5500000,2414
9,0,0,0,9134,15222,80000,32
9,1,80000,80000,9134,15222,160000,66
9,10,800000,800000,9134,15222,880000,385
9,100,8000000,8000000,9134,15222,8080000,3545
9,101,8080000,8080000,9134,15222,8160000,3583
9,102,8160000,8160000,9134,15222,8240000,3616
9,103,8240000,8240000,9134,15222,8320000,3652
9,104,8320000,8320000,9134,15222,8400000,3688
9,105,8400000,8400000,9134,15222,8480000,3723
9,106,8480000,8480000,9134,15222,8560000,3757
9,107,8560000,8560000,9134,15222,8640000,3793
9,108,8640000,8640000,9134,15222,8720000,3828
9,109,8720000,8720000,9134,15222,8800000,3864
9,11,880000,880000,9134,15222,960000,419
9,110,8800000,8800000,9134,15222,8880000,3898
9,111,8880000,8880000,9134,15222,8960000,3933
9,112,8960000,8960000,9134,15222,9040000,3969
9,113,9040000,9040000,9134,15222,9120000,4003
9,114,9120000,9120000,9134,15222,9200000,4038
9,115,9200000,9200000,9134,15222,9280000,4074
9,116,9280000,9280000,9134,15222,9360000,4110
9,117,9360000,9360000,9134,15222,9440000,4143
9,118,9440000,9440000,9134,15222,9520000,4181
9,119,9520000,9520000,9134,15222,9600000,4215
9,12,960000,960000,9134,15222,1040000,452
9,120,9600000,9600000,9134,15222,9680000,4250
9,121,9680000,9680000,9134,15222,9760000,4284
9,122,9760000,9760000,9134,15222,9840000,4320
9,123,9840000,9840000,9134,15222,9920000,4355
9,124,9920000,9920000,9134,15222,10000000,4389
9,125,10000000,10000000,9134,15222,10080000,4427
9,126,10080000,10080000,9134,15222,10160000,4460
9,127,10160000,10160000,9134,15222,10240000,4496
9,128,10240000,10240000,9134,15222,10320000,4530
9,129,10320000,10320000,9134,15222,10400000,4567
9,13,1040000,1040000,9134,15222,1120000,490
9,130,10400000,10400000,9134,15222,10480000,4601
9,131,10480000,10480000,9134,15222,10560000,4637
9,132,10560000,10560000,9134,15222,10640000,4672
9,133,10640000,10640000,9134,15222,10720000,4706
9,134,10720000,10720000,9134,15222,10800000,4742
9,135,10800000,10800000,9134,15222,10880000,4775
9,136,10880000,10880000,9134,15222,10960000,4813
9,137,10960000,10960000,9134,15222,11040000,4847
9,138,11040000,11040000,9134,15222,11120000,4882
9,139,11120000,11120000,9134,15222,11200000,4918
9,14,1120000,1120000,9134,15222,1200000,524
9,140,11200000,11200000,9134,15222,11280000,4954
9,141,11280000,11280000,9134,15222,11360000,4987
9,142,11360000,11360000,9134,15222,11440000,5023
9,143,11440000,11440000,9134,15222,11520000,5059
9,144,11520000,11520000,9134,15222,11600000,5092
9,145,11600000,11600000,9134,15222,11680000,5128
9,146,11680000,11680000,9134,15222,11760000,5164
9,147,11760000,11760000,9134,15222,11840000,5199
9,148,11840000,11840000,9134,15222,11920000,5233
9,149,11920000,11920000,9134,15222,12000000,5269
9,15,1200000,1200000,9134,15222,1280000,559
9,150,12000000,12000000,9134,15222,12080000,5304
9,151,12080000,12080000,9134,15222,12160000,5340
9,152,12160000,12160000,9134,15222,12240000,5374
9,153,12240000,12240000,9134,15222,12320000,5411
9,154,12320000,12320000,9134,15222,12400000,5445
9,155,12400000,12400000,9134,15222,12480000,5479
9,156,12480000,12480000,9134,15222,12560000,5514
9,157,12560000,12560000,9134,15222,12640000,5550
9,158,12640000,12640000,9134,15222,12720000,5586
9,159,12720000,12720000,9134,15222,12800000,5619
9,16,1280000,1280000,9134,15222,1360000,593
9,160,12800000,12800000,9134,15222,12880000,5657
9,161,12880000,12880000,9134,15222,12960000,5691
9,162,12960000,12960000,9134,15222,13040000,5726
9,163,13040000,13040000,9134,15222,13120000,5760
9,164,13120000,13120000,9134,15222,13200000,5798
9,165,13200000,13200000,9134,15222,13280000,5831
9,166,13280000,13280000,9134,15222,13360000,5865
9,167,13360000,13360000,9134,15222,13440000,5903
9,168,13440000,13440000,9134,15222,13520000,5936
9,169,13520000,13520000,9134,15222,13600000,5972
9,17,1360000,1360000,9134,15222,1440000,631
9,170,13600000,13600000,9134,15222,13680000,6006
9,171,13680000,13680000,9134,15222,13760000,6043
9,172,13760000,13760000,9134,15222,13840000,6077
9,173,13840000,13840000,9134,15222,13920000,6113
9,174,13920000,13920000,9134,15222,14000000,6148
9,175,14000000,14000000,9134,15222,14080000,6184
9,176,14080000,14080000,9134,15222,14160000,6218
9,177,14160000,14160000,9134,15222,14240000,6251
9,178,14240000,14240000,9134,15222,14320000,6289
9,179,14320000,14320000,9134,15222,14400000,6323
9,18,1440000,1440000,9134,15222,1520000,664
9,180,14400000,14400000,9134,15222,14480000,6358
9,181,14480000,14480000,9134,15222,14560000,6394
9,182,14560000,14560000,9134,15222,14640000,6430
9,183,14640000,14640000,9134,15222,14720000,6463
9,184,14720000,14720000,9134,15222,14800000,6499
9,185,14800000,14800000,9134,15222,14880000,6535
9,186,14880000,14880000,9134,15222,14960000,6570
9,187,14960000,14960000,9134,15222,15040000,6604
9,188,15040000,15040000,9134,15222,15120000,6640
9,189,15120000,15120000,9134,15222,15200000,6675
9,19,1520000,1520000,9134,15222,1600000,700
9,190,15200000,15200000,9134,15222,15280000,6709
9,191,15280000,15280000,9134,15222,15360000,6745
9,192,15360000,15360000,9134,15222,15440000,6780
9,193,15440000,15440000,9134,15222,15520000,6816
9,194,15520000,15520000,9134,15222,15600000,6850
9,195,15600000,15600000,9134,15222,15680000,6887
9,196,15680000,15680000,9134,15222,15760000,6921
9,197,15760000,15760000,9134,15222,15840000,6957
9,198,15840000,15840000,9134,15222,15920000,6990
9,199,15920000,15920000,9134,15222,16000000,7026
9,2,160000,160000,9134,15222,240000,102
9,20,1600000,1600000,9134,15222,1680000,736
9,200,16000000,16000000,9134,15222,16080000,7062
9,201,16080000,16080000,9134,15222,16160000,7095
9,202,16160000,16160000,9134,15222,16240000,7133
9,203,16240000,16240000,9134,15222,16320000,7167
9,204,16320000,16320000,9134,15222,16400000,7202
9,205,16400000,16400000,9134,15222,16480000,7236
9,206,16480000,16480000,9134,15222,16560000,7274
9,207,16560000,16560000,9134,15222,16640000,7307
9,208,16640000,16640000,9134,15222,16720000,7343
9,209,16720000,16720000,9134,15222,16800000,7379
9,21,1680000,1680000,9134,15222,1760000,771
9,210,16800000,16800000,9134,15222,16880000,7412
9,211,16880000,16880000,9134,15222,16960000,7448
9,212,16960000,16960000,9134,15222,17040000,7482
9,213,17040000,17040000,9134,15222,17120000,7519
9,214,17120000,17120000,9134,15222,17200000,7553
9,215,17200000,17200000,9134,15222,17280000,7589
9,216,17280000,17280000,9134,15222,17360000,7624
9,217,17360000,17360000,9134,15222,17440000,7660
9,218,17440000,17440000,9134,15222,17520000,7694
9,219,17520000,17520000,9134,15222,17600000,7729
9,22,1760000,1760000,9134,15222,1840000,805
9,220,17600000,17600000,9134,15222,17680000,7765
9,221,17680000,17680000,9134,15222,17760000,7799
9,222,17760000,17760000,9134,15222,17840000,7834
9,223,17840000,17840000,9134,15222,17920000,7870
9,224,17920000,17920000,9134,15222,18000000,7906
9,225,18000000,18000000,9134,15222,18080000,7939
9,226,18080000,18080000,9134,15222,18160000,7975
9,227,18160000,18160000,9134,15222,18240000,8011
9,228,18240000,18240000,9134,15222,18320000,8046
9,229,18320000,18320000,9134,15222,18400000,8080
9,23,1840000,1840000,9134,15222,1920000,839
9,230,18400000,18400000,9134,15222,18480000,8118
9,24,1920000,1920000,9134,15222,2000000,876
9,25,2000000,2000000,9134,15222,2080000,910
9,26,2080000,2080000,9134,15222,2160000,946
9,27,2160000,2160000,9134,15222,2240000,981
9,28,2240000,2240000,9134,15222,2320000,1017
9,29,2320000,2320000,9134,15222,2400000,1051
9,3,240000,240000,9134,15222,320000,137
9,30,2400000,2400000,9134,15222,2480000,1086
9,31,2480000,2480000,9134,15222,2560000,1122
9,32,2560000,2560000,9134,15222,2640000,1158
9,33,2640000,2640000,9134,15222,2720000,1191
9,34,2720000,2720000,9134,15222,2800000,1227
9,35,2800000,2800000,9134,15222,2880000,1263
9,36,2880000,2880000,9134,15222,2960000,1296
9,37,2960000,2960000,9134,15222,3040000,1332
9,38,3040000,3040000,9134,15222,3120000,1368
9,39,3120000,3120000,9134,15222,3200000,1403
9,4,320000,320000,9134,15222,400000,173
9,40,3200000,3200000,9134,15222,3280000,1437
9,41,3280000,3280000,9134,15222,3360000,1475
9,42,3360000,3360000,9134,15222,3440000,1508
9,43,3440000,3440000,9134,15222,3520000,1544
9,44,3520000,3520000,9134,15222,3600000,1578
9,45,3600000,3600000,9134,15222,3680000,1613
9,46,3680000,3680000,9134,15222,3760000,1649
9,47,3760000,3760000,9134,15222,3840000,1683
9,48,3840000,3840000,9134,15222,3920000,1720
9,49,3920000,3920000,9134,15222,4000000,1754
9,5,400000,400000,9134,15222,480000,207
9,50,4000000,4000000,9134,15222,4080000,1790
9,51,4080000,4080000,9134,15222,4160000,1823
9,52,4160000,4160000,9134,15222,4240000,1861
9,53,4240000,4240000,9134,15222,4320000,1895
9,54,4320000,4320000,9134,15222,4400000,1930
9,55,4400000,4400000,9134,15222,4480000,1966
9,56,4480000,4480000,9134,15222,4560000,2000
9,57,4560000,4560000,9134,15222,4640000,2035
9,58,4640000,4640000,9134,15222,4720000,2069
9,59,4720000,4720000,9134,15222,4800000,2107
9,6,480000,480000,9134,15222,560000,244
9,60,4800000,4800000,9134,15222,4880000,2140
9,61,4880000,4880000,9134,15222,4960000,2176
9,62,4960000,4960000,9134,15222,5040000,2212
9,63,5040000,5040000,9134,15222,5120000,2247
9,64,5120000,5120000,9134,15222,5200000,2281
9,65,5200000,5200000,9134,15222,5280000,2317
9,66,5280000,5280000,9134,15222,5360000,2352
9,67,5360000,5360000,9134,15222,5440000,2386
9,68,5440000,5440000,9134,15222,5520000,2422
9,69,5520000,5520000,9134,15222,5600000,2457
9,7,560000,560000,9134,15222,640000,278
9,70,5600000,5600000,9134,15222,5680000,2493
9,71,5680000,5680000,9134,15222,5760000,2527
9,72,5760000,5760000,9134,15222,5840000,2562
9,73,5840000,5840000,9134,15222,5920000,2598
9,74,5920000,5920000,9134,15222,6000000,2634
9,75,6000000,6000000,9134,15222,6080000,2667
9,76,6080000,6080000,9134,15222,6160000,2705
9,77,6160000,6160000,9134,15222,6240000,2739
9,78,6240000,6240000,9134,15222,6320000,2772
9,79,6320000,6320000,9134,15222,6400000,2808
9,8,640000,640000,9134,15222,720000,314
9,80,6400000,6400000,9134,15222,6480000,2844
9,81,6480000,6480000,9134,15222,6560000,2879
9,82,6560000,6560000,9134,15222,6640000,2913
9,83,6640000,6640000,9134,15222,6720000,2951
9,84,6720000,6720000,9134,15222,6800000,2984
9,85,6800000,6800000,9134,15222,6880000,3020
9,86,6880000,6880000,9134,15222,6960000,3054
9,87,6960000,6960000,9134,15222,7040000,3091
9,88,7040000,7040000,9134,15222,7120000,3125
9,89,7120000,7120000,9134,15222,7200000,3159
9,9,720000,720000,9134,15222,800000,347
9,90,7200000,7200000,9134,15222,7280000,3196
9,91,7280000,7280000,9134,15222,7360000,3230
9,92,7360000,7360000,9134,15222,7440000,3266
9,93,7440000,7440000,9134,15222,7520000,3299
9,94,7520000,7520000,9134,15222,7600000,3337
9,95,7600000,7600000,9134,15222,7680000,3371
9,96,7680000,7680000,9134,15222,7760000,3406
9,97,7760000,7760000,9134,15222,7840000,3442
9,98,7840000,7840000,9134,15222,7920000,3478
9,99,7920000,7920000,9134,15222,8000000,3511
